ARMA_MAT_TXT_FN008
50 50
  -9.475248498446e+00  -1.192690951886e+01  -9.254491809397e-06  -1.028411865981e-05   5.954604848067e-07  -4.399731682062e+00  -1.546803433871e-05  -1.680948531206e-05   6.760490745316e-07  -1.980349212062e+00  -9.329049890532e-06  -1.023024250581e-05   4.452255468988e-07  -8.347573377416e-01  -3.448109803260e-06  -3.807479411512e-06   1.772297580538e-07   9.104186729621e-06   3.636106983045e-08   1.380117278632e-05   8.535667783802e-08  -2.131416303791e-05  -1.312643166646e-01  -9.534757439149e-01  -1.015493325575e+00  -6.220520706072e-01  -4.169249526046e-01   1.038684369708e+00   1.858623300869e-02  -1.312509803609e-01  -9.534425988299e-01  -1.015481315669e+00  -6.220493782219e-01   6.378441888441e-01  -1.628590967516e-01   9.052751234891e-01  -1.308757702922e-01  -9.524720601656e-01  -1.015137103799e+00  -6.219738689940e-01  -8.411874335185e-01  -7.354360328571e-01  -5.555057668746e-03  -1.312441580385e-01  -9.534242200664e-01  -1.015474958471e+00  -6.220480191358e-01   6.253141887374e-01  -1.350274379033e-01  -9.184524729891e-01
  -1.192690951886e+01  -8.697696474330e+00  -1.043596088797e-05  -1.098083011515e-05   3.466243364280e-07  -3.920675636881e+00  -1.587011267810e-05  -1.683128371854e-05   4.540465754082e-07  -1.858096493280e+00  -9.362094066021e-06  -1.010286553271e-05   3.439976534555e-07  -7.969984861871e-01  -3.075452514635e-06  -3.362615845886e-06   1.339042221873e-07   6.689036398366e-06   8.823751007537e-08   2.556449333723e-05  -1.603311375938e-07  -3.522027044453e-05  -1.525061422324e-01  -9.094043146721e-01  -9.643665895979e-01  -5.952264994064e-01  -4.082730825358e-01   1.017135553082e+00   1.820060183057e-02  -1.524931107265e-01  -9.093748574117e-01  -9.643556353390e-01  -5.952240047930e-01   6.246120270938e-01  -1.594807861568e-01   8.864992234346e-01  -1.520893734395e-01  -9.084859147724e-01  -9.640341631019e-01  -5.951524494617e-01  -8.238581232733e-01  -7.202883099672e-01  -5.440693349079e-03  -1.524849847444e-01  -9.093574893680e-01  -9.643495399814e-01  -5.952226814117e-01   6.123435639265e-01  -1.322267379603e-01  -8.994057018911e-01
  -9.254491809397e-06  -1.043596088797e-05   1.047103765357e+00   7.595061842994e-05  -9.548949013620e-07  -1.511926356921e-04  -4.129069990599e-01   9.046599092151e-05  -1.403513997725e-06  -1.289853667180e-04  -4.577986503067e-01   3.937139084695e-05  -7.831982734722e-07  -6.537019936983e-05  -1.780023346274e-01   7.859535943288e-06  -2.252355138591e-07   4.482575994480e-02   2.721671194047e-03  -8.828090036611e-02  -8.185286974229e-04  -3.466872401655e-02   1.543767562322e-01   1.415785198503e-01   6.751788940423e-02   1.890483358181e-02  -1.283542891875e-01  -1.228050482672e-01  -2.195536049252e-03  -2.360718978940e-01  -2.166122034919e-01  -1.034462347417e-01  -2.904245202067e-02  -6.222240708881e-02  -2.940279400104e-02   1.638150542913e-01   3.117537011378e-01   2.860864234995e-01   1.365340417604e-01   3.826839046037e-02   2.402534199011e-02   1.761466770885e-01   1.332431339102e-03  -2.314371587069e-01  -2.123628930717e-01  -1.014186508944e-01  -2.847390494612e-02  -6.670300544962e-02  -2.388872472974e-02  -1.629475692375e-01
  -1.028411865981e-05  -1.098083011515e-05   7.595061842994e-05   1.047478158884e+00   7.615185540666e-07  -1.573147100536e-04   9.042272082402e-05  -4.122361244212e-01   9.808616569914e-07  -1.364474541499e-04   3.926554650996e-05  -4.573816935470e-01   4.731194648665e-07  -7.019716680829e-05   7.784208191751e-06  -1.778784466204e-01   1.125629650705e-07   8.562872429911e-02  -2.368252646505e-03   2.104897178503e-02   2.728881893808e-03   5.735156702132e-02  -3.848356733588e-01  -3.528941119006e-01  -1.683939424207e-01  -4.724916521181e-02  -1.227925421186e-01   1.282175766421e-01   5.472581121285e-03   6.040159476171e-02   5.533499816090e-02   2.633374846574e-02   7.350507542435e-03  -2.938573178251e-02  -1.700395470724e-01  -4.180885752138e-02   2.728578089021e-01   2.502479316664e-01   1.193455865231e-01   3.343692868668e-02   1.761019361125e-01  -2.356007398644e-02   1.159797008131e-03   5.008886341750e-02   4.587992690656e-02   2.182372005098e-02   6.085953978261e-03  -2.387348258881e-02  -1.723928247614e-01   3.517557180566e-02
   5.954604848067e-07   3.466243364280e-07  -9.548949013620e-07   7.615185540666e-07   1.047498122188e+00   2.621673077994e-06  -1.402274474920e-06   9.813200923178e-07  -4.121679421191e-01   3.350929180441e-06  -7.803896997147e-07   4.741566856459e-07  -4.573275825126e-01   2.233060173439e-06  -2.233273311310e-07   1.132499969759e-07  -1.778597880796e-01   2.730338250906e-03   2.406460285040e-02   2.778024080832e-03  -1.024986371578e-01   7.741792757219e-04  -6.891179285515e-03  -6.316037641280e-03  -3.010319259809e-03  -8.428063607567e-04  -2.194944998724e-03   5.471701777812e-03  -1.775092154847e-01  -3.355388420589e-01  -3.076160265137e-01  -1.467158548490e-01  -4.113490748159e-02   1.637558942888e-01  -4.181753459546e-02   5.465583077491e-02   2.058495356743e-03   1.889708261825e-03   9.036709733238e-04   2.546407331605e-04   1.332417252111e-03   1.160063974885e-03  -1.773454481971e-01   3.404231921741e-01   3.121009371006e-01   1.488600355861e-01   4.173867102724e-02  -1.628889598848e-01   3.518486292423e-02   6.149383655770e-02
  -4.399731682062e+00  -3.920675636881e+00  -1.511926356921e-04  -1.573147100536e-04   2.621673077994e-06  -2.144258667797e+00  -3.513075112697e-04  -3.743067654044e-04   1.055290873884e-05  -1.500662830734e+00  -2.351808937873e-04  -2.549521156189e-04   9.233169931915e-06  -8.380315256213e-01  -7.683959375183e-05  -8.432784030770e-05   3.518504520477e-06   1.224185966386e-04   1.925043812774e-06   8.215442669040e-04  -4.025903369873e-06  -1.083679183149e-03  -4.162426861072e-01  -8.400885170745e-01  -9.262810687525e-01  -6.504355711733e-01  -2.235462153408e-01   5.570324081428e-01   9.969220616154e-03  -4.162449096518e-01  -8.400660127182e-01  -9.262598260854e-01  -6.504284665264e-01   3.419577345261e-01  -8.736342904046e-02   4.855451728753e-01  -4.159381739617e-01  -8.394561293043e-01  -9.259122441046e-01  -6.503255086443e-01  -4.512879840876e-01  -3.946830261777e-01  -2.980583468422e-03  -4.162316855962e-01  -8.400560796081e-01  -9.262591006945e-01  -6.504287001851e-01   3.352445874892e-01  -7.243791482788e-02  -4.926184798520e-01
  -1.546803433871e-05  -1.587011267810e-05  -4.129069990599e-01   9.042272082402e-05  -1.402274474920e-06  -3.513075112697e-04  -1.538491697164e-01   1.581984997162e-04  -2.507596769240e-06  -3.806890233581e-04  -3.965430277818e-01   7.446356528720e-05  -1.448420794143e-06  -2.190705380858e-04  -2.312865839788e-01   1.430855911267e-05  -4.065912240631e-07   1.072913188885e-01   6.514315641879e-03  -2.113035350920e-01  -1.958296708190e-03  -8.297952443554e-02   1.632530614222e-01   1.355898106077e-01   7.836840428920e-02   2.587910717249e-02  -6.361476534743e-02   3.144199202233e-02   5.659791879762e-04  -2.496352461714e-01  -2.075910078008e-01  -1.204091372057e-01  -4.000831373551e-02  -8.046571478315e-02   7.632496460627e-03  -4.179754947206e-02   3.299039520962e-01   2.740867070493e-01   1.586106221916e-01   5.248710125625e-02  -1.025152157573e-01  -4.507252390255e-02  -3.371770798625e-04  -2.447364887322e-01  -2.035208294921e-01  -1.180518964569e-01  -3.922704658974e-02  -7.932440861087e-02   6.224572102780e-03   4.157533051231e-02
  -1.680948531206e-05  -1.683128371854e-05   9.046599092151e-05  -4.122361244212e-01   9.813200923178e-07  -3.743067654044e-04   1.581984997162e-04  -1.519024154561e-01   1.737313684309e-06  -4.123417344088e-04   7.436268513787e-05  -3.950028441697e-01   8.932831925934e-07  -2.400561640036e-04   1.422387998387e-05  -2.307482762021e-01   2.071238824752e-07   2.046936055907e-01  -5.660734718378e-03   5.031783658127e-02   6.523204150209e-03   1.370966048704e-01  -4.070214227274e-01  -3.379988671428e-01  -1.956816739396e-01  -6.495302128478e-02   3.150235300914e-02  -1.294807546299e-01  -1.405993689766e-03   6.389495731254e-02   5.292927598193e-02   3.042977525607e-02   9.976985279636e-03   7.701001873156e-03  -5.272418158992e-02   1.074553777809e-02   2.888050313782e-01   2.396206497334e-01   1.384303725046e-01   4.577611919210e-02  -4.526213997324e-02  -9.055425463319e-02  -3.045042044808e-04   5.298768399681e-02   4.387512159794e-02   2.519293199414e-02   8.241574741669e-03   6.285554778143e-03  -5.213068706608e-02  -9.035360267729e-03
   6.760490745316e-07   4.540465754082e-07  -1.403513997725e-06   9.808616569914e-07  -4.121679421191e-01   1.055290873884e-05  -2.507596769240e-06   1.737313684309e-06  -1.516277658156e-01   1.491682765241e-05  -1.445850732609e-06   8.942550197622e-07  -3.947493529878e-01   1.001433516788e-05  -4.045452318127e-07   2.078887789526e-07  -2.306514594554e-01   6.524998370497e-03   5.751111352588e-02   6.639978422670e-03  -2.449543335448e-01   1.850376786199e-03  -7.289415822558e-03  -6.045111523030e-03  -3.487684001831e-03  -1.150904690914e-03   5.687377327986e-04  -1.410133332434e-03  -5.087514074990e-02  -3.549150244706e-01  -2.945472277273e-01  -1.703092903155e-01  -5.643112826355e-02  -4.204299207969e-02   1.071152916712e-02  -1.107480529154e-01   2.178315820925e-03   1.812357673746e-03   1.055895588385e-03   3.547733928647e-04  -3.368860707036e-04  -3.030171980500e-04  -5.070115938654e-02   3.600839214227e-01   2.988484682407e-01   1.728124193082e-01   5.727032663380e-02   4.181775355848e-02  -8.998698175232e-03  -1.124971164640e-01
  -1.980349212062e+00  -1.858096493280e+00  -1.289853667180e-04  -1.364474541499e-04   3.350929180441e-06  -1.500662830734e+00  -3.806890233581e-04  -4.123417344088e-04   1.491682765241e-05  -1.100010771085e+00  -3.019911144366e-04  -3.345239122848e-04   1.560887947330e-05  -6.587175037556e-01  -1.088754960611e-04  -1.225475686521e-04   6.612251919673e-06   1.133120282410e-04   1.798678603846e-06   9.855727520312e-04  -3.773937891513e-06  -1.281489100174e-03  -3.994646382535e-01  -6.395870451173e-01  -7.026844244478e-01  -5.218370049949e-01  -1.644781216771e-01   4.099041000833e-01   7.337163536356e-03  -3.994699846662e-01  -6.395665819163e-01  -7.026580154615e-01  -5.218271634996e-01   2.515827617744e-01  -6.429709702750e-02   3.573190162646e-01  -3.992935670040e-01  -6.391508550537e-01  -7.023609154374e-01  -5.217279442947e-01  -3.320373673648e-01  -2.904505064207e-01  -2.192812956720e-03  -3.994600752395e-01  -6.395632621980e-01  -7.026624830889e-01  -5.218292028924e-01   2.466447226907e-01  -5.331391745224e-02  -3.625245739930e-01
  -9.329049890532e-06  -9.362094066021e-06  -4.577986503067e-01   3.926554650996e-05  -7.803896997147e-07  -2.351808937873e-04  -3.965430277818e-01   7.436268513787e-05  -1.445850732609e-06  -3.019911144366e-04  -1.940728683592e-01   1.928083769820e-05  -7.671099991178e-07  -1.924058034105e-04  -1.185657543284e-01  -6.872300779751e-06  -1.714378429628e-07   8.778074747093e-02   5.326666574667e-03  -1.728092736784e-01  -1.600242295540e-03  -6.783092808560e-02   1.472364167737e-01   9.554087092282e-02   3.870835831306e-02   1.493710556035e-02  -1.010917662052e-02  -6.072295490302e-02  -1.083665481694e-03  -2.251597024065e-01  -1.462855131000e-01  -5.965970621983e-02  -2.322791753776e-02   2.262003349091e-02  -1.449730377758e-02   8.106998034758e-02   2.975564426565e-01   1.931917974105e-01   7.845284917644e-02   3.036074970624e-02   6.509246239772e-02   8.694743776826e-02   6.595443263958e-04  -2.207419436339e-01  -1.434184424886e-01  -5.849396825992e-02  -2.277555897505e-02   2.040079216309e-02  -1.176867325706e-02  -8.063821087017e-02
  -1.023024250581e-05  -1.010286553271e-05   3.937139084695e-05  -4.573816935470e-01   4.741566856459e-07  -2.549521156189e-04   7.446356528720e-05  -3.950028441697e-01   8.942550197622e-07  -3.345239122848e-04   1.928083769820e-05  -1.925218124702e-01   3.456300191240e-07  -2.162490073191e-04  -6.903023482267e-06  -1.179374416004e-01   4.964610075188e-09   1.674121034494e-01  -4.628454932708e-03   4.111572491430e-02   5.333671451746e-03   1.120841338687e-01  -3.670946338428e-01  -2.381812840537e-01  -9.674664084934e-02  -3.761759817013e-02  -6.067775381299e-02   1.166721978214e-01   2.703659051904e-03   5.761913183201e-02   3.729319522801e-02   1.494780129548e-02   5.706151655117e-03  -1.444404577062e-02  -3.060497494924e-02  -2.064586963087e-02   2.604739174474e-01   1.688990161740e-01   6.832899715554e-02   2.641457722262e-02   8.680188079410e-02   4.152034533745e-02   5.686161765722e-04   4.778213146868e-02   3.091320351721e-02   1.236105708828e-02   4.702787077056e-03  -1.172121128885e-02  -3.177250505915e-02   1.737120826752e-02
   4.452255468988e-07   3.439976534555e-07  -7.831982734722e-07   4.731194648665e-07  -4.573275825126e-01   9.233169931915e-06  -1.448420794143e-06   8.932831925934e-07  -3.947493529878e-01   1.560887947330e-05  -7.671099991178e-07   3.456300191240e-07  -1.922264472162e-01   1.156855630738e-05  -1.707708306491e-07   5.232062870625e-09  -1.178074120981e-01   5.335085388491e-03   4.703982475395e-02   5.429648814146e-03  -2.002691339702e-01   1.513442406104e-03  -6.574009281187e-03  -4.259253208008e-03  -1.717000445677e-03  -6.606853589305e-04  -1.081507768505e-03   2.700327510664e-03  -3.431975246591e-02  -3.200899974833e-01  -2.075592574128e-01  -8.409430889900e-02  -3.261172252095e-02   8.088118143558e-02  -2.067279335498e-02   8.025369701337e-02   1.964827928556e-03   1.278037667203e-03   5.268531108535e-04   2.096345585047e-04   6.598840625981e-04   5.698597397820e-04  -3.414201807798e-02   3.247528893739e-01   2.105928504757e-01   8.534195506492e-02   3.310606540636e-02  -8.045189127299e-02   1.740021858094e-02   8.363188411771e-02
  -8.347573377416e-01  -7.969984861871e-01  -6.537019936983e-05  -7.019716680829e-05   2.233060173439e-06  -8.380315256213e-01  -2.190705380858e-04  -2.400561640036e-04   1.001433516788e-05  -6.587175037556e-01  -1.924058034105e-04  -2.162490073191e-04   1.156855630738e-05  -3.703159519322e-01  -7.772394922637e-05  -8.877499972706e-05   5.403746867419e-06   5.563277078941e-05   9.766217175360e-07   6.158477004162e-04  -2.184872620805e-06  -7.930300314062e-04  -2.711910991950e-01  -3.956958459953e-01  -4.094952186252e-01  -2.900812191053e-01  -9.488669033374e-02   2.364823232336e-01   4.233099139821e-03  -2.711956464849e-01  -3.956841521681e-01  -4.094772684657e-01  -2.900739645357e-01   1.451411969025e-01  -3.709309556124e-02   2.061458298257e-01  -2.711360066770e-01  -3.954732253445e-01  -4.092986613336e-01  -2.900115379768e-01  -1.915966623127e-01  -1.676036722219e-01  -1.265237624054e-03  -2.711907220163e-01  -3.956833753694e-01  -4.094812407760e-01  -2.900758945376e-01   1.422933173373e-01  -3.075687027755e-02  -2.091501004057e-01
  -3.448109803260e-06  -3.075452514635e-06  -1.780023346274e-01   7.784208191751e-06  -2.233273311310e-07  -7.683959375183e-05  -2.312865839788e-01   1.422387998387e-05  -4.045452318127e-07  -1.088754960611e-04  -1.185657543284e-01  -6.903023482267e-06  -1.707708306491e-07  -7.772394922637e-05   8.802144926245e-03  -1.039094729698e-05  -5.207273657908e-08   3.486515102250e-02   2.114945711703e-03  -6.862110215950e-02  -6.351664789218e-04  -2.692676992186e-02   7.548460458162e-02   5.662763699887e-02   1.283133308937e-02  -1.426057903652e-03  -2.754226274163e-02  -3.854339406562e-02  -6.883310092641e-04  -1.154381623065e-01  -8.666928048764e-02  -1.979922672722e-02   2.024754508561e-03  -6.778612809161e-03  -9.216782807236e-03   5.143105325810e-02   1.525851382973e-01   1.145097317112e-01   2.602659046838e-02  -2.812569929325e-03   2.023068230574e-02   5.522620619276e-02   4.184323844795e-04  -1.131740301132e-01  -8.497060425020e-02  -1.941276928913e-02   1.983731010117e-03  -8.185921949074e-03  -7.485676799443e-03  -5.115788746493e-02
  -3.807479411512e-06  -3.362615845886e-06   7.859535943288e-06  -1.778784466204e-01   1.132499969759e-07  -8.432784030770e-05   1.430855911267e-05  -2.307482762021e-01   2.078887789526e-07  -1.225475686521e-04  -6.872300779751e-06  -1.179374416004e-01   5.232062870625e-09  -8.877499972706e-05  -1.039094729698e-05   9.106507998272e-03  -5.223587792800e-08   6.650362241768e-02  -1.838413106084e-03   1.632424339853e-02   2.118414498393e-03   4.451355980671e-02  -1.882184926600e-01  -1.411814830429e-01  -3.208451252399e-02   3.392269057900e-03  -3.853431249089e-02   5.295588021587e-02   1.716966682358e-03   2.954102989679e-02   2.212322010550e-02   4.944758861674e-03  -6.136709725891e-04  -9.199653087084e-03  -4.059867299697e-02  -1.311489963375e-02   1.335780385184e-01   1.001564950975e-01   2.265177473014e-02  -2.521348644523e-03   5.518483153230e-02   5.279412624894e-03   3.624288021532e-04   2.449756001033e-02   1.834111890152e-02   4.087239407175e-03  -5.208756567998e-04  -7.470280799320e-03  -4.133861739634e-02   1.103447094511e-02
   1.772297580538e-07   1.339042221873e-07  -2.252355138591e-07   1.125629650705e-07  -1.778597880796e-01   3.518504520477e-06  -4.065912240631e-07   2.071238824752e-07  -2.306514594554e-01   6.612251919673e-06  -1.714378429628e-07   4.964610075188e-09  -1.178074120981e-01   5.403746867419e-06  -5.207273657908e-08  -5.223587792800e-08   9.174390814788e-03   2.119115015428e-03   1.868970588281e-02   2.156800440163e-03  -7.954376077716e-02   6.012948270885e-04  -3.370688930289e-03  -2.525811125083e-03  -5.682105466115e-04   6.645048137298e-05  -6.877287771862e-04   1.715884037128e-03  -4.295029674980e-02  -1.641193137295e-01  -1.230556176047e-01  -2.787516948819e-02   3.033701742762e-03   5.137552300242e-02  -1.312480007524e-02   2.985330226068e-02   1.007628771197e-03   7.571691109881e-04   1.756637339350e-04  -1.433005596541e-05   4.186185688002e-04   3.628578534987e-04  -4.286832301811e-02   1.665112589744e-01   1.248531832975e-01   2.829099663909e-02  -3.069253679507e-03  -5.110313869096e-02   1.104502375104e-02   3.199887880345e-02
   9.104186729621e-06   6.689036398366e-06   4.482575994480e-02   8.562872429911e-02   2.730338250906e-03   1.224185966386e-04   1.072913188885e-01   2.046936055907e-01   6.524998370497e-03   1.133120282410e-04   8.778074747093e-02   1.674121034494e-01   5.335085388491e-03   5.563277078941e-05   3.486515102250e-02   6.650362241768e-02   2.119115015428e-03   1.366585515499e+00   2.524769324894e-04   3.505884942508e-02   1.356347880905e-03  -5.514702198629e-02   9.449453201022e-03   3.867230198389e-02   5.185143867021e-02   1.523633086073e-02   1.389374703250e-01   3.876385832495e-01   9.574303625439e-03   2.309933765144e-03   9.467605569141e-03   1.264131432740e-02   3.739865318121e-03   3.199105482241e-02   2.029451120160e-01   1.052143521953e-01  -1.386296200538e-02  -5.541629524153e-02  -7.429117632270e-02  -2.178214850602e-02   3.587733126241e-01   2.611117487635e-01   4.456336976491e-03   1.886347693917e-03   7.732443949411e-03   1.031599207133e-02   3.057707732202e-03   2.584948614829e-02   2.051061899279e-01  -8.563200439452e-02
   3.636106983045e-08   8.823751007537e-08   2.721671194047e-03  -2.368252646505e-03   2.406460285040e-02   1.925043812774e-06   6.514315641879e-03  -5.660734718378e-03   5.751111352588e-02   1.798678603846e-06   5.326666574667e-03  -4.628454932708e-03   4.703982475395e-02   9.766217175360e-07   2.114945711703e-03  -1.838413106084e-03   1.868970588281e-02   2.524769324894e-04   1.510767097464e+00   3.642131947147e-03   4.068968741610e-02   3.457230107647e-03  -4.238787928806e-04  -1.728496144437e-03  -2.314695297140e-03  -6.790368617445e-04   9.571198181857e-03  -1.695361369845e-02   3.349890843062e-01   3.228028020915e-03   1.312753486592e-02   1.761879742613e-02   5.170467301739e-03   1.053875312825e-01   2.603523813035e-01   1.023528332565e-01  -9.361834437838e-05  -3.758215260844e-04  -4.995868642356e-04  -1.465942865993e-04   4.446721950053e-03   1.063691953553e-03  -2.283675418737e-01  -2.713501853903e-03  -1.102306534003e-02  -1.480253394752e-02  -4.342662341522e-03  -8.581673985039e-02  -2.736898582893e-01   8.942531453501e-02
   1.380117278632e-05   2.556449333723e-05  -8.828090036611e-02   2.104897178503e-02   2.778024080832e-03   8.215442669040e-04  -2.113035350920e-01   5.031783658127e-02   6.639978422670e-03   9.855727520312e-04  -1.728092736784e-01   4.111572491430e-02   5.429648814146e-03   6.158477004162e-04  -6.862110215950e-02   1.632424339853e-02   2.156800440163e-03   3.505884942508e-02   3.642131947147e-03   1.385666639576e+00   2.546970118044e-03  -6.941326840526e-02   7.897875334524e-03   3.256383781670e-02   4.385431089619e-02   1.316718244802e-02  -1.110471143484e-01   2.320987867107e-01   1.491987857698e-02  -7.722705762546e-03  -3.116587366914e-02  -4.143120962968e-02  -1.187614458489e-02  -3.839203719469e-01   9.770836456214e-02  -1.813660290135e-02   8.094894383290e-03   3.267740572406e-02   4.399136773574e-02   1.321511522755e-02  -2.045097450888e-01  -1.568520830526e-01  -3.658070316316e-03  -8.179445489085e-03  -3.302050736411e-02  -4.392073624167e-02  -1.260637366708e-02  -3.913080320216e-01   8.495534936052e-02   4.101109941817e-02
   8.535667783802e-08  -1.603311375938e-07  -8.185286974229e-04   2.728881893808e-03  -1.024986371578e-01  -4.025903369873e-06  -1.958296708190e-03   6.523204150209e-03  -2.449543335448e-01  -3.773937891513e-06  -1.600242295540e-03   5.333671451746e-03  -2.002691339702e-01  -2.184872620805e-06  -6.351664789218e-04   2.118414498393e-03  -7.954376077716e-02   1.356347880905e-03   4.068968741610e-02   2.546970118044e-03   1.347710987241e+00  -1.724871893719e-03   1.709456157637e-04   6.973493576225e-04   9.312972873667e-04   2.725193239079e-04   2.126430034459e-03   9.569306638523e-03  -1.552260662920e-01  -1.260032125840e-02  -5.151972140129e-02  -6.905809468129e-02  -2.025988069249e-02  -1.227960930263e-01   1.053518475490e-01  -4.025808792641e-01  -1.028867632923e-04  -4.134888692804e-04  -5.576510314634e-04  -1.644105309187e-04   2.456223090986e-03   4.458948687612e-03  -2.901451217666e-01   1.253795472636e-02   5.124644822200e-02   6.868983476802e-02   2.015000902016e-02   1.080599968252e-01  -8.577121832467e-02  -4.119142310494e-01
  -2.131416303791e-05  -3.522027044453e-05  -3.466872401655e-02   5.735156702132e-02   7.741792757219e-04  -1.083679183149e-03  -8.297952443554e-02   1.370966048704e-01   1.850376786199e-03  -1.281489100174e-03  -6.783092808560e-02   1.120841338687e-01   1.513442406104e-03  -7.930300314062e-04  -2.692676992186e-02   4.451355980671e-02   6.012948270885e-04  -5.514702198629e-02   3.457230107647e-03  -6.941326840526e-02  -1.724871893719e-03   1.446538041288e+00   9.950558043412e-03   4.030537377538e-02   5.364352644212e-02   1.536722721975e-02  -3.502633998364e-01   2.063010772843e-01   9.540118835931e-03  -4.126246840439e-03  -1.729895963523e-02  -2.346357436937e-02  -7.263401700050e-03   5.984842263197e-02   9.904737029080e-02  -1.913787119473e-01  -1.773841691377e-03  -7.552960063955e-03  -1.049335568705e-02  -3.448227164454e-03  -1.965413362199e-01   3.151343183542e-01   6.909365287800e-04  -4.045561841693e-03  -1.695843234626e-02  -2.301020430739e-02  -7.130375349075e-03   6.112811075839e-02   8.375387108938e-02   1.906827279966e-01
  -1.312643166646e-01  -1.525061422324e-01   1.543767562322e-01  -3.848356733588e-01  -6.891179285515e-03  -4.162426861072e-01   1.632530614222e-01  -4.070214227274e-01  -7.289415822558e-03  -3.994646382535e-01   1.472364167737e-01  -3.670946338428e-01  -6.574009281187e-03  -2.711910991950e-01   7.548460458162e-02  -1.882184926600e-01  -3.370688930289e-03   9.449453201022e-03  -4.238787928806e-04   7.897875334524e-03   1.709456157637e-04   9.950558043412e-03   5.448048006514e-01  -4.953083609377e-01  -4.798121352033e-01  -2.791663297818e-01  -9.842564198854e-02   2.451021748260e-01   4.383577521331e-03  -1.075990979760e-02  -1.155457010892e-01  -2.138726195730e-01  -1.953893377138e-01   6.650566545968e-02  -8.764433875573e-02   4.814992584362e-02  -1.097125163204e-02  -1.160487487253e-01  -2.142180474663e-01  -1.955184287990e-01  -1.489844491991e-02  -1.198024065152e-01  -1.724688467951e-03  -1.077324122023e-02  -1.155759182967e-01  -2.138930920127e-01  -1.953969478315e-01   6.584661480733e-02  -8.614630799056e-02  -5.172070748778e-02
  -9.534757439149e-01  -9.094043146721e-01   1.415785198503e-01  -3.528941119006e-01  -6.316037641280e-03  -8.400885170745e-01   1.355898106077e-01  -3.379988671428e-01  -6.045111523030e-03  -6.395870451173e-01   9.554087092282e-02  -2.381812840537e-01  -4.259253208008e-03  -3.956958459953e-01   5.662763699887e-02  -1.411814830429e-01  -2.525811125083e-03   3.867230198389e-02  -1.728496144437e-03   3.256383781670e-02   6.973493576225e-04   4.030537377538e-02  -4.953083609377e-01  -5.249937843422e-01  -5.341023194238e-01  -3.627441188211e-01  -1.736772352402e-01   4.326768191197e-01   7.741680255448e-03  -1.155452181349e-01  -2.933171974605e-01  -3.750038333732e-01  -2.988367252775e-01   1.467244710396e-01  -1.177990910156e-01   1.556820459787e-01  -1.160290853846e-01  -2.937710636583e-01  -3.752485557181e-01  -2.989335520624e-01  -1.107958711081e-01  -2.178150463144e-01  -2.572862206905e-03  -1.155749560827e-01  -2.933496667971e-01  -3.750225774430e-01  -2.988438287294e-01   1.445675333724e-01  -1.129725221318e-01  -1.612045553130e-01
  -1.015493325575e+00  -9.643665895979e-01   6.751788940423e-02  -1.683939424207e-01  -3.010319259809e-03  -9.262810687525e-01   7.836840428920e-02  -1.956816739396e-01  -3.487684001831e-03  -7.026844244478e-01   3.870835831306e-02  -9.674664084934e-02  -1.717000445677e-03  -4.094952186252e-01   1.283133308937e-02  -3.208451252399e-02  -5.682105466115e-04   5.185143867021e-02  -2.314695297140e-03   4.385431089619e-02   9.312972873667e-04   5.364352644212e-02  -4.798121352033e-01  -5.341023194238e-01  -4.721765741719e-01  -3.352209790230e-01  -1.380791736476e-01   3.440561799812e-01   6.157509379092e-03  -2.138739090155e-01  -3.749975064919e-01  -4.300711834540e-01  -3.209720760115e-01   1.528478851789e-01  -6.886210540618e-02   1.975118623628e-01  -2.141781017682e-01  -3.751215242344e-01  -4.300656885965e-01  -3.209666889256e-01  -1.710661677838e-01  -1.944773763363e-01  -1.812460590145e-03  -2.138920415460e-01  -3.750155848811e-01  -4.300820937492e-01  -3.209758351692e-01   1.501191244229e-01  -6.277544030253e-02  -2.016016987517e-01
  -6.220520706072e-01  -5.952264994064e-01   1.890483358181e-02  -4.724916521181e-02  -8.428063607567e-04  -6.504355711733e-01   2.587910717249e-02  -6.495302128478e-02  -1.150904690914e-03  -5.218370049949e-01   1.493710556035e-02  -3.761759817013e-02  -6.606853589305e-04  -2.900812191053e-01  -1.426057903652e-03   3.392269057900e-03   6.645048137298e-05   1.523633086073e-02  -6.790368617445e-04   1.316718244802e-02   2.725193239079e-04   1.536722721975e-02  -2.791663297818e-01  -3.627441188211e-01  -3.352209790230e-01  -2.224709561152e-01  -8.031481772731e-02   2.001466892670e-01   3.582433527104e-03  -1.953918732171e-01  -2.988295112008e-01  -3.209641828609e-01  -2.261774837591e-01   1.107202561746e-01  -3.960148096928e-02   1.498346226826e-01  -1.954948029267e-01  -2.988041378315e-01  -3.208793877157e-01  -2.261310025780e-01  -1.345027845928e-01  -1.346840754124e-01  -1.147309975081e-03  -1.953970120690e-01  -2.988364662621e-01  -3.209696926053e-01  -2.261788989985e-01   1.086503872405e-01  -3.499049012440e-02  -1.524773305951e-01
  -4.169249526046e-01  -4.082730825358e-01  -1.283542891875e-01  -1.227925421186e-01  -2.194944998724e-03  -2.235462153408e-01  -6.361476534743e-02   3.150235300914e-02   5.687377327986e-04  -1.644781216771e-01  -1.010917662052e-02  -6.067775381299e-02  -1.081507768505e-03  -9.488669033374e-02  -2.754226274163e-02  -3.853431249089e-02  -6.877287771862e-04   1.389374703250e-01   9.571198181857e-03  -1.110471143484e-01   2.126430034459e-03  -3.502633998364e-01  -9.842564198854e-02  -1.736772352402e-01  -1.380791736476e-01  -8.031481772731e-02   1.413370356944e+00   1.374335534251e-01   2.460905923289e-03  -7.108139034629e-02  -1.273237041357e-01  -1.115843421989e-01  -7.680996989313e-02   5.176800763642e-02  -8.612806860531e-02   9.979487034291e-02   4.107732494357e-02   6.495926281271e-05  -6.432367437352e-02  -5.886664692305e-02  -3.557633888367e-02   1.490021850947e-02   1.524447762229e-04  -7.016058389951e-02  -1.262616393432e-01  -1.111916939833e-01  -7.666095969433e-02   4.946622976083e-02  -8.228361977277e-02  -1.027256588104e-01
   1.038684369708e+00   1.017135553082e+00  -1.228050482672e-01   1.282175766421e-01   5.471701777812e-03   5.570324081428e-01   3.144199202233e-02  -1.294807546299e-01  -1.410133332434e-03   4.099041000833e-01  -6.072295490302e-02   1.166721978214e-01   2.700327510664e-03   2.364823232336e-01  -3.854339406562e-02   5.295588021587e-02   1.715884037128e-03   3.876385832495e-01  -1.695361369845e-02   2.320987867107e-01   9.569306638523e-03   2.063010772843e-01   2.451021748260e-01   4.326768191197e-01   3.440561799812e-01   2.001466892670e-01   1.374335534251e-01   1.126085376411e+00  -6.128370916674e-03   6.923090019183e-02   1.945054610345e-01   2.324842954491e-01   1.741228343224e-01  -1.396744739402e-01   7.892753620541e-02  -1.393401268920e-01   1.135111301128e-01   2.444351067060e-01   2.510821237846e-01   1.811767192797e-01   1.218657721565e-01   2.329841894805e-01   3.439932821376e-03   6.715386362877e-02   1.921338017526e-01   2.316088389931e-01   1.737902366734e-01  -1.357190292175e-01   7.292665797293e-02   1.428064881376e-01
   1.858623300869e-02   1.820060183057e-02  -2.195536049252e-03   5.472581121285e-03  -1.775092154847e-01   9.969220616154e-03   5.659791879762e-04  -1.405993689766e-03  -5.087514074990e-02   7.337163536356e-03  -1.083665481694e-03   2.703659051904e-03  -3.431975246591e-02   4.233099139821e-03  -6.883310092641e-04   1.716966682358e-03  -4.295029674980e-02   9.574303625439e-03   3.349890843062e-01   1.491987857698e-02  -1.552260662920e-01   9.540118835931e-03   4.383577521331e-03   7.741680255448e-03   6.157509379092e-03   3.582433527104e-03   2.460905923289e-03  -6.128370916674e-03   1.468469950157e+00  -6.765147411896e-02  -7.482141536516e-02  -2.489629815598e-02  -7.904290481478e-03   6.477115323664e-02  -5.443024182339e-02   2.038375620907e-02   1.449155684968e-03   3.715284436573e-03   4.249411790052e-03   3.150258496140e-03   1.778817561290e-03   4.154346496968e-03  -4.675266855912e-02   7.070655391931e-02   8.242312660741e-02   3.345583613135e-02   1.422828671143e-02  -6.930940393582e-02   5.713429170767e-02   2.866304761544e-02
  -1.312509803609e-01  -1.524931107265e-01  -2.360718978940e-01   6.040159476171e-02  -3.355388420589e-01  -4.162449096518e-01  -2.496352461714e-01   6.389495731254e-02  -3.549150244706e-01  -3.994699846662e-01  -2.251597024065e-01   5.761913183201e-02  -3.200899974833e-01  -2.711956464849e-01  -1.154381623065e-01   2.954102989679e-02  -1.641193137295e-01   2.309933765144e-03   3.228028020915e-03  -7.722705762546e-03  -1.260032125840e-02  -4.126246840439e-03  -1.075990979760e-02  -1.155452181349e-01  -2.138739090155e-01  -1.953918732171e-01  -7.108139034629e-02   6.923090019183e-02  -6.765147411896e-02   5.448067571582e-01  -4.953023157545e-01  -4.798117853404e-01  -2.791686119144e-01   1.506303651422e-01  -3.840648640236e-02   2.135764088265e-01  -1.046114548712e-02  -1.148145443934e-01  -2.133688954154e-01  -1.952037734284e-01  -9.353039704667e-02  -2.759176899501e-02  -6.847937281595e-02  -1.121212449744e-02  -1.166368247226e-01  -2.146254378253e-01  -1.956719761265e-01  -1.384766196590e-02   4.965295914651e-03  -1.205973801559e-01
  -9.534425988299e-01  -9.093748574117e-01  -2.166122034919e-01   5.533499816090e-02  -3.076160265137e-01  -8.400660127182e-01  -2.075910078008e-01   5.292927598193e-02  -2.945472277273e-01  -6.395665819163e-01  -1.462855131000e-01   3.729319522801e-02  -2.075592574128e-01  -3.956841521681e-01  -8.666928048764e-02   2.212322010550e-02  -1.230556176047e-01   9.467605569141e-03   1.312753486592e-02  -3.116587366914e-02  -5.151972140129e-02  -1.729895963523e-02  -1.155457010892e-01  -2.933171974605e-01  -3.749975064919e-01  -2.988295112008e-01  -1.273237041357e-01   1.945054610345e-01  -7.482141536516e-02  -4.953023157545e-01  -5.249762115654e-01  -5.340839005408e-01  -3.627331629534e-01   2.657208452538e-01  -6.783590566348e-02   3.771032397684e-01  -1.147956356010e-01  -2.923952354860e-01  -3.744738044572e-01  -2.986384585807e-01  -2.005911338139e-01  -1.134699994554e-01  -7.883388715768e-02  -1.166363380128e-01  -2.945222469519e-01  -3.756676626052e-01  -2.990808800428e-01   5.420431591260e-02  -9.496867989542e-03  -2.386632655136e-01
  -1.015481315669e+00  -9.643556353390e-01  -1.034462347417e-01   2.633374846574e-02  -1.467158548490e-01  -9.262598260854e-01  -1.204091372057e-01   3.042977525607e-02  -1.703092903155e-01  -7.026580154615e-01  -5.965970621983e-02   1.494780129548e-02  -8.409430889900e-02  -4.094772684657e-01  -1.979922672722e-02   4.944758861674e-03  -2.787516948819e-02   1.264131432740e-02   1.761879742613e-02  -4.143120962968e-02  -6.905809468129e-02  -2.346357436937e-02  -2.138726195730e-01  -3.750038333732e-01  -4.300711834540e-01  -3.209641828609e-01  -1.115843421989e-01   2.324842954491e-01  -2.489629815598e-02  -4.798117853404e-01  -5.340839005408e-01  -4.721484191880e-01  -3.352027342877e-01   2.112256480459e-01  -5.395754069258e-02   2.998959007270e-01  -2.133278807431e-01  -3.743532449767e-01  -4.297063602510e-01  -3.208462380656e-01  -2.042400041963e-01  -1.556339437516e-01  -3.011872316047e-02  -2.146230911118e-01  -3.756669949174e-01  -4.303653400618e-01  -3.210550240645e-01   1.166887520407e-01  -2.440046136894e-02  -2.304725228678e-01
  -6.220493782219e-01  -5.952240047930e-01  -2.904245202067e-02   7.350507542435e-03  -4.113490748159e-02  -6.504284665264e-01  -4.000831373551e-02   9.976985279636e-03  -5.643112826355e-02  -5.218271634996e-01  -2.322791753776e-02   5.706151655117e-03  -3.261172252095e-02  -2.900739645357e-01   2.024754508561e-03  -6.136709725891e-04   3.033701742762e-03   3.739865318121e-03   5.170467301739e-03  -1.187614458489e-02  -2.025988069249e-02  -7.263401700050e-03  -1.953893377138e-01  -2.988367252775e-01  -3.209720760115e-01  -2.261774837591e-01  -7.680996989313e-02   1.741228343224e-01  -7.904290481478e-03  -2.791686119144e-01  -3.627331629534e-01  -3.352027342877e-01  -2.224603564570e-01   1.228553958370e-01  -3.139165214436e-02   1.744654577139e-01  -1.951776757417e-01  -2.985163095905e-01  -3.207668414687e-01  -2.261236163051e-01  -1.471126155503e-01  -1.199598584180e-01  -1.187871200866e-02  -1.956695028746e-01  -2.990807312367e-01  -3.210567748951e-01  -2.261753014673e-01   9.594291329790e-02  -2.042880555265e-02  -1.634199991824e-01
   6.378441888441e-01   6.246120270938e-01  -6.222240708881e-02  -2.938573178251e-02   1.637558942888e-01   3.419577345261e-01  -8.046571478315e-02   7.701001873156e-03  -4.204299207969e-02   2.515827617744e-01   2.262003349091e-02  -1.444404577062e-02   8.088118143558e-02   1.451411969025e-01  -6.778612809161e-03  -9.199653087084e-03   5.137552300242e-02   3.199105482241e-02   1.053875312825e-01  -3.839203719469e-01  -1.227960930263e-01   5.984842263197e-02   6.650566545968e-02   1.467244710396e-01   1.528478851789e-01   1.107202561746e-01   5.176800763642e-02  -1.396744739402e-01   6.477115323664e-02   1.506303651422e-01   2.657208452538e-01   2.112256480459e-01   1.228553958370e-01   1.339417305996e+00   3.301574404304e-02  -1.832575179895e-01   9.786781912196e-02   1.828326677960e-01   1.661963024731e-01   1.157921407802e-01   1.468764424387e-01   1.015744625237e-01   8.563186911430e-02  -1.219339122414e-02   5.746856964847e-02   1.198325438663e-01   9.817001268634e-02  -5.201661957894e-02   4.596797126798e-04   5.453556760802e-02
  -1.628590967516e-01  -1.594807861568e-01  -2.940279400104e-02  -1.700395470724e-01  -4.181753459546e-02  -8.736342904046e-02   7.632496460627e-03  -5.272418158992e-02   1.071152916712e-02  -6.429709702750e-02  -1.449730377758e-02  -3.060497494924e-02  -2.067279335498e-02  -3.709309556124e-02  -9.216782807236e-03  -4.059867299697e-02  -1.312480007524e-02   2.029451120160e-01   2.603523813035e-01   9.770836456214e-02   1.053518475490e-01   9.904737029080e-02  -8.764433875573e-02  -1.177990910156e-01  -6.886210540618e-02  -3.960148096928e-02  -8.612806860531e-02   7.892753620541e-02  -5.443024182339e-02  -3.840648640236e-02  -6.783590566348e-02  -5.395754069258e-02  -3.139165214436e-02   3.301574404304e-02   1.460185140238e+00   4.678813604463e-02   4.671287271119e-02   3.524429859728e-02  -1.202789895575e-02  -1.805092860817e-02   4.735514618048e-02  -1.976863750494e-02   1.870213448737e-02   1.281640937911e-03  -1.676158203445e-02  -3.139550236760e-02  -2.538445667752e-02   1.890674796400e-03  -4.721368430398e-02  -1.689799516067e-02
   9.052751234891e-01   8.864992234346e-01   1.638150542913e-01  -4.180885752138e-02   5.465583077491e-02   4.855451728753e-01  -4.179754947206e-02   1.074553777809e-02  -1.107480529154e-01   3.573190162646e-01   8.106998034758e-02  -2.064586963087e-02   8.025369701337e-02   2.061458298257e-01   5.143105325810e-02  -1.311489963375e-02   2.985330226068e-02   1.052143521953e-01   1.023528332565e-01  -1.813660290135e-02  -4.025808792641e-01  -1.913787119473e-01   4.814992584362e-02   1.556820459787e-01   1.975118623628e-01   1.498346226826e-01   9.979487034291e-02  -1.393401268920e-01   2.038375620907e-02   2.135764088265e-01   3.771032397684e-01   2.998959007270e-01   1.744654577139e-01  -1.832575179895e-01   4.678813604463e-02   1.208340027156e+00   4.935538399164e-02   1.571405309552e-01   1.979441000188e-01   1.500153584668e-01   1.534412658296e-01   7.834195917881e-02   2.434210749715e-02   1.208724007307e-01   2.374995171462e-01   2.280023410415e-01   1.613915259514e-01  -5.036265562245e-02   7.822534656618e-03   2.495824724156e-01
  -1.308757702922e-01  -1.520893734395e-01   3.117537011378e-01   2.728578089021e-01   2.058495356743e-03  -4.159381739617e-01   3.299039520962e-01   2.888050313782e-01   2.178315820925e-03  -3.992935670040e-01   2.975564426565e-01   2.604739174474e-01   1.964827928556e-03  -2.711360066770e-01   1.525851382973e-01   1.335780385184e-01   1.007628771197e-03  -1.386296200538e-02  -9.361834437838e-05   8.094894383290e-03  -1.028867632923e-04  -1.773841691377e-03  -1.097125163204e-02  -1.160290853846e-01  -2.141781017682e-01  -1.954948029267e-01   4.107732494357e-02   1.135111301128e-01   1.449155684968e-03  -1.046114548712e-02  -1.147956356010e-01  -2.133278807431e-01  -1.951776757417e-01   9.786781912196e-02   4.671287271119e-02   4.935538399164e-02   5.451096513413e-01  -4.950148502987e-01  -4.796823873158e-01  -2.791242316218e-01  -1.987305553001e-01  -1.736184072106e-01  -1.312668846551e-03  -1.047238641366e-02  -1.148209391975e-01  -2.133450072892e-01  -1.951840461967e-01   9.722039959709e-02   4.822700943870e-02  -4.925415684593e-02
  -9.524720601656e-01  -9.084859147724e-01   2.860864234995e-01   2.502479316664e-01   1.889708261825e-03  -8.394561293043e-01   2.740867070493e-01   2.396206497334e-01   1.812357673746e-03  -6.391508550537e-01   1.931917974105e-01   1.688990161740e-01   1.278037667203e-03  -3.954732253445e-01   1.145097317112e-01   1.001564950975e-01   7.571691109881e-04  -5.541629524153e-02  -3.758215260844e-04   3.267740572406e-02  -4.134888692804e-04  -7.552960063955e-03  -1.160487487253e-01  -2.937710636583e-01  -3.751215242344e-01  -2.988041378315e-01   6.495926281271e-05   2.444351067060e-01   3.715284436573e-03  -1.148145443934e-01  -2.923952354860e-01  -3.743532449767e-01  -2.985163095905e-01   1.828326677960e-01   3.524429859728e-02   1.571405309552e-01  -4.950148502987e-01  -5.245434721013e-01  -5.337691461834e-01  -3.625617081970e-01  -3.506584639420e-01  -3.065579793943e-01  -2.316073940874e-03  -1.148393799718e-01  -2.924223113162e-01  -3.743689935090e-01  -2.985222938240e-01   1.806831116902e-01   4.006033745773e-02  -1.584872664960e-01
