ARMA_MAT_TXT_FN008
50 50
  -1.875099091197e+01  -1.935022289567e+01  -1.102721870025e-04  -1.195252597726e-04   4.390966279600e-06  -6.747484968863e+00  -5.088397705236e-05  -5.515553742530e-05   2.027098370025e-06  -3.044614972437e+00  -1.618818743024e-05  -1.754855933808e-05   6.456247814607e-07  -1.283005005801e+00  -4.070119489263e-06  -4.412371068409e-06   1.624384880036e-07   6.646450621283e-06   6.260194335286e-08   3.023885063953e-05  -6.713625712909e-08  -4.075068273610e-05  -2.019737711540e-01  -1.466324650080e+00  -1.561103739996e+00  -9.559554447155e-01  -6.444074227929e-01   1.605414363095e+00   2.872765667808e-02  -2.019539460898e-01  -1.466273581778e+00  -1.561085573056e+00  -9.559514676143e-01   9.858510421302e-01  -2.517243056337e-01   1.399219974698e+00  -2.013743365467e-01  -1.464779293807e+00  -1.560557432068e+00  -9.558362107906e-01  -1.300147162766e+00  -1.136712155166e+00  -8.585863710817e-03  -2.019429733552e-01  -1.466245314797e+00  -1.561075659009e+00  -9.559493119549e-01   9.664854792208e-01  -2.087071757530e-01  -1.419588197803e+00
  -1.935022289567e+01  -1.699363792259e+01  -1.531831722269e-04  -1.660368567755e-04   6.099601970124e-06  -7.089440647199e+00  -4.760030871913e-05  -5.159435760787e-05   1.895336180337e-06  -3.236535322169e+00  -1.243330057161e-05  -1.347645092360e-05   4.950129371793e-07  -1.364688653402e+00  -2.909341521231e-06  -3.153416713872e-06   1.158219636297e-07   3.333394243143e-06   3.139604116675e-08   1.510300099196e-05  -3.367221024461e-08  -2.036019240863e-05  -2.158926446574e-01  -1.563361484979e+00  -1.660575284081e+00  -1.016760701388e+00  -7.026772763757e-01   1.750582127158e+00   3.132519107468e-02  -2.158709142171e-01  -1.563307843807e+00  -1.660556317509e+00  -1.016756563877e+00   1.075000984119e+00  -2.744846356610e-01   1.525742509799e+00  -2.152258536672e-01  -1.561725486910e+00  -1.659997361073e+00  -1.016634646189e+00  -1.417765931446e+00  -1.239541328759e+00  -9.362644668238e-03  -2.158584933799e-01  -1.563277637745e+00  -1.660545665065e+00  -1.016754241211e+00   1.053884793587e+00  -2.275778288478e-01  -1.547953484833e+00
  -1.102721870025e-04  -1.531831722269e-04  -6.378842291846e+00   4.767232411890e-05  -4.815553036434e-07  -4.079167327922e-04  -4.291655824643e+00   5.141196981072e-05  -5.192553406697e-07  -2.589790816532e-04  -1.616749519509e+00   2.122856948649e-05  -2.143588853764e-07  -1.225815417743e-04  -4.346396447440e-01   5.800731331803e-06  -5.856740915595e-08   1.647312852478e-02   1.012680792116e-03  -3.273908595552e-02  -2.972503841537e-04  -1.307822893391e-02   3.266044524696e-01   4.829187345698e-01   1.856915087866e-01   4.314294520114e-02  -3.103353301048e-01  -9.699332685716e-01  -1.735663148462e-02  -4.996934174765e-01  -7.391007050826e-01  -2.844497984341e-01  -6.623944761512e-02   2.117861380102e-01  -2.327283880474e-01   1.293619718819e+00   6.589346779610e-01   9.756532338588e-01   3.754825962684e-01   8.731849992940e-02   8.907203033738e-01   1.389437742470e+00   1.049399038655e-02  -4.898796862601e-01  -7.246029838117e-01  -2.788747250160e-01  -6.494257224152e-02   1.763986057534e-01  -1.891779525487e-01  -1.286740051395e+00
  -1.195252597726e-04  -1.660368567755e-04   4.767232411890e-05  -6.378259316138e+00   4.490112565985e-07  -4.422016910224e-04   5.141196981072e-05  -4.291017264411e+00   4.842807123607e-07  -2.808253421646e-04   2.122856948649e-05  -1.616478609714e+00   2.000005147342e-07  -1.329441139933e-04   5.800731331803e-06  -4.345645640264e-01   5.465564103244e-08   3.158993309009e-02  -8.713701573974e-04   7.930078713914e-03   1.012680792116e-03   2.147465785391e-02  -8.136926570508e-01  -1.203350365595e+00  -4.630370867488e-01  -1.077919058222e-01  -9.700128130817e-01   1.716919831175e+00   4.324398843410e-02   1.275637427473e-01   1.885503623132e-01   7.243232410294e-02   1.678718963671e-02  -2.326050571404e-01  -6.401642344879e-01  -3.301701517712e-01   5.760755674723e-01   8.528860143721e-01   3.282002260714e-01   7.630923719254e-02   1.389279796330e+00   5.162424203374e-01   9.173136462581e-03   1.057618276404e-01   1.563126084969e-01   6.003066274277e-02   1.390191980424e-02  -1.890637332905e-01  -6.587134059186e-01   2.777323395699e-01
   4.390966279600e-06   6.099601970124e-06  -4.815553036434e-07   4.490112565985e-07  -6.378176259018e+00   1.627165111789e-05  -5.192553406697e-07   4.842807123607e-07  -4.290925715763e+00   1.037105886833e-05  -2.143588853764e-07   2.000005147342e-07  -1.616439355923e+00   4.920196975463e-06  -5.856740915595e-08   5.465564103244e-08  -4.345536264224e-01   1.012680792116e-03   8.733769911388e-03   1.039088892976e-03  -3.819405611213e-02   2.870598866218e-04  -1.455922905342e-02  -2.152557173219e-02  -8.276935601334e-03  -1.923257738187e-03  -1.735449269220e-02   4.323511395375e-02  -6.988372276088e-01  -7.091568685592e-01  -1.048700340390e+00  -4.034392347449e-01  -9.385973372601e-02   1.293358214153e+00  -3.302784238127e-01   1.136141694671e+00   4.352073871993e-03   6.447616262440e-03   2.485820416267e-03   5.808569101108e-04   1.049796938619e-02   9.177658324254e-03  -6.983145772143e-01   7.194839320497e-01   1.064003185845e+00   4.093380572471e-01   9.523723536075e-02  -1.286484670791e+00   2.778449586047e-01   1.190103866826e+00
  -6.747484968863e+00  -7.089440647199e+00  -4.079167327922e-04  -4.422016910224e-04   1.627165111789e-05  -7.873499356963e+00  -6.059534672300e-04  -6.589256796282e-04   2.521232632931e-05  -5.378003787325e+00  -3.380640363030e-04  -3.694553224946e-04   1.500210831696e-05  -2.738152781326e+00  -1.059738657515e-04  -1.161002246446e-04   4.848390542480e-06   1.340411377724e-04   1.263946165900e-06   7.248739030665e-04  -1.352305686736e-06  -9.640379292115e-04  -1.205604242159e+00  -2.915627193373e+00  -3.135666985932e+00  -2.090461407502e+00  -1.044516197871e+00   2.602143643052e+00   4.656971798478e-02  -1.205531482502e+00  -2.915514139019e+00  -3.135610711904e+00  -2.090446313172e+00   1.597781374494e+00  -4.081141693898e-01   2.268080105026e+00  -1.203822190952e+00  -2.913116377086e+00  -3.134515418072e+00  -2.090160491329e+00  -2.109002649699e+00  -1.844064384891e+00  -1.392425630800e-02  -1.205508095636e+00  -2.915488094436e+00  -3.135601549998e+00  -2.090444153810e+00   1.566430845157e+00  -3.383944280169e-01  -2.301142526578e+00
  -5.088397705236e-05  -4.760030871913e-05  -4.291655824643e+00   5.141196981072e-05  -5.192553406697e-07  -6.059534672300e-04  -5.146998473879e+00   1.216572999903e-04  -1.226772650867e-06  -6.160544999979e-04  -3.166281630179e+00   6.759622225611e-05  -6.801921004218e-07  -3.520790623526e-04  -1.095738902525e+00   2.019533853579e-05  -2.029813522229e-07   6.714075921977e-02   4.100547544174e-03  -1.327991680662e-01  -1.216978815747e-03  -5.258235095908e-02   7.603956582253e-01   9.114615531362e-01   4.208747330895e-01   1.122093319413e-01  -8.221900059405e-01  -1.173155805756e+00  -2.099470019837e-02  -1.163400850310e+00  -1.395015843755e+00  -6.448249456856e-01  -1.723539972384e-01  -1.907163418143e-01  -2.815257755933e-01   1.564775200936e+00   1.535422477506e+00   1.841745958792e+00   8.510848527874e-01   2.271305649992e-01   6.314895482778e-01   1.681409082613e+00   1.269663605912e-02  -1.140574918779e+00  -1.367661658744e+00  -6.321888494146e-01  -1.689802071961e-01  -2.335092082134e-01  -2.288499353615e-01  -1.556470798077e+00
  -5.515553742530e-05  -5.159435760787e-05   5.141196981072e-05  -4.291017264411e+00   4.842807123607e-07  -6.589256796282e-04   1.216572999903e-04  -5.145125994815e+00   1.147807070362e-06  -6.732588785840e-04   6.759622225611e-05  -3.164907176316e+00   6.395128391290e-07  -3.857220640382e-04   2.019533853579e-05  -1.095268355772e+00   1.913823931454e-07   1.283122814745e-01  -3.542217647684e-03   3.185772299247e-02   4.100547544174e-03   8.655981430437e-02  -1.894410710024e+00  -2.271051466204e+00  -1.049440380283e+00  -2.803950105436e-01  -1.173240233464e+00   1.629756490998e+00   5.230804973397e-02   2.969970278640e-01   3.558251682920e-01   1.641012002625e-01   4.362760928720e-02  -2.812730600635e-01  -1.221007644531e+00  -3.993420378891e-01   1.342338746353e+00   1.609844824708e+00   7.437500193344e-01   1.984377400144e-01   1.681008662625e+00   1.784145830018e-01   1.109582341826e-02   2.462423618803e-01   2.949862359813e-01   1.359954972824e-01   3.612322867409e-02  -2.286176865877e-01  -1.243452674914e+00   3.359222068250e-01
   2.027098370025e-06   1.895336180337e-06  -5.192553406697e-07   4.842807123607e-07  -4.290925715763e+00   2.521232632931e-05  -1.226772650867e-06   1.147807070362e-06  -5.144836866049e+00   2.733836003139e-05  -6.801921004218e-07   6.395128391290e-07  -3.164679523984e+00   1.610790343459e-05  -2.029813522229e-07   1.913823931454e-07  -1.095188324664e+00   4.100547544174e-03   3.576013975182e-02   4.191182181460e-03  -1.542849757782e-01   1.162619415969e-03  -3.389622084151e-02  -4.062196104299e-02  -1.875359537062e-02  -4.999279491428e-03  -2.098879684254e-02   5.228957883384e-02  -1.292005008164e+00  -1.651068087385e+00  -1.979128489118e+00  -9.142764408171e-01  -2.441087926496e-01   1.564166000771e+00  -3.995451669601e-01   9.273977310036e-01   1.014097301424e-02   1.217155573332e-02   5.637188527453e-03   1.513439495392e-03   1.270406027647e-02   1.110495867721e-02  -1.291201282776e+00   1.675145116203e+00   2.008025148336e+00   9.276538688042e-01   2.476970684158e-01  -1.555874933837e+00   3.361346645870e-01   9.926875052245e-01
  -3.044614972437e+00  -3.236535322169e+00  -2.589790816532e-04  -2.808253421646e-04   1.037105886833e-05  -5.378003787325e+00  -6.160544999979e-04  -6.732588785840e-04   2.733836003139e-05  -5.155651689508e+00  -5.299062682116e-04  -5.853869500887e-04   2.670988872713e-05  -3.401200194122e+00  -2.198796329291e-04  -2.441226742387e-04   1.170476162390e-05   1.301960782158e-04   1.229886957583e-06   8.743960616315e-04  -1.311575800916e-06  -1.146920839142e-03  -1.425491279616e+00  -2.951717331573e+00  -3.528560121142e+00  -2.709051968473e+00  -6.451451926449e-01   1.607185608074e+00   2.876832106683e-02  -1.425431431340e+00  -2.951608886814e+00  -3.528483682699e+00  -2.709025960131e+00   9.867256329304e-01  -2.521443076291e-01   1.400955701212e+00  -1.424288760974e+00  -2.949802166312e+00  -3.527344839054e+00  -2.708643852364e+00  -1.302989021757e+00  -1.139448927923e+00  -8.600320878488e-03  -1.425422800974e+00  -2.951603731556e+00  -3.528485106403e+00  -2.709026597590e+00   9.673728056694e-01  -2.090826574364e-01  -1.421384823606e+00
  -1.618818743024e-05  -1.243330057161e-05  -1.616749519509e+00   2.122856948649e-05  -2.143588853764e-07  -3.380640363030e-04  -3.166281630179e+00   6.759622225611e-05  -6.801921004218e-07  -5.299062682116e-04  -3.555095338529e+00   4.110945891809e-05  -4.108481284834e-07  -4.008724989931e-04  -1.990712100087e+00   1.257555722741e-05  -1.248408688717e-07   5.154076906410e-02   3.142891280837e-03  -1.018269973996e-01  -9.338293770749e-04  -4.024672439338e-02   6.609643969628e-01   9.092153204059e-01   6.018342976713e-01   2.188080114931e-01  -8.955028056786e-01  -5.742137215173e-01  -1.027740011009e-02  -1.011280768508e+00  -1.391466484761e+00  -9.216840978782e-01  -3.355734303624e-01  -5.864744648266e-01  -1.378239793469e-01   7.659517993814e-01   1.335497579038e+00   1.837643524336e+00   1.216959311420e+00   4.427126667484e-01  -1.835611574879e-01   8.233622533934e-01   6.215241155679e-03  -9.914519570696e-01  -1.364190397868e+00  -9.036224672493e-01  -3.290011544648e-01  -6.074184189818e-01  -1.120403566595e-01  -7.618904177815e-01
  -1.754855933808e-05  -1.347645092360e-05   2.122856948649e-05  -1.616478609714e+00   2.000005147342e-07  -3.694553224946e-04   6.759622225611e-05  -3.164907176316e+00   6.395128391290e-07  -5.853869500887e-04   4.110945891809e-05  -3.553497195960e+00   3.930109463805e-07  -4.450710835710e-04   1.257555722741e-05  -1.989982270834e+00   1.215223732103e-07   9.841660377337e-02  -2.716349868219e-03   2.437118738549e-02   3.142891280837e-03   6.629101460401e-02  -1.646686708867e+00  -2.265319705046e+00  -1.500161204441e+00  -5.460833487108e-01  -5.742585585250e-01   3.046078302333e-01   2.560617840534e-02   2.581703904977e-01   3.549876233651e-01   2.347712806983e-01   8.522000088089e-02  -1.376407678424e-01  -1.090639835729e+00  -1.954747558636e-01   1.167562331718e+00   1.606291992092e+00   1.063549535682e+00   3.868564219886e-01   8.230559151490e-01  -4.053183906183e-01   5.430396243799e-03   2.140544276972e-01   2.943025805397e-01   1.945907443070e-01   7.059908622451e-02  -1.118723468427e-01  -1.101633296186e+00   1.644335727036e-01
   6.456247814607e-07   4.950129371793e-07  -2.143588853764e-07   2.000005147342e-07  -1.616439355923e+00   1.500210831696e-05  -6.801921004218e-07   6.395128391290e-07  -3.164679523984e+00   2.670988872713e-05  -4.108481284834e-07   3.930109463805e-07  -3.553205850573e+00   2.133948005910e-05  -1.248408688717e-07   1.215223732103e-07  -1.989844815674e+00   3.142891280837e-03   2.746188925254e-02   3.210565744221e-03  -1.181996536983e-01   8.912602455720e-04  -2.946405824040e-02  -4.052213254910e-02  -2.681624292410e-02  -9.747575718099e-03  -1.027274922913e-02   2.559259275906e-02  -1.125414830213e+00  -1.435198945794e+00  -1.974196015919e+00  -1.307104291380e+00  -4.756192908176e-01   7.654951545616e-01  -1.956181906799e-01  -3.907544974293e-02   8.820377976901e-03   1.214267582808e-02   8.054797768783e-03   2.941666473978e-03   6.220583142266e-03   5.437089721598e-03  -1.124908452924e+00   1.456146160094e+00   2.003031135722e+00   1.326223422803e+00   4.825969148741e-01  -7.614437686866e-01   1.645838974009e-01  -7.116279287080e-03
  -1.283005005801e+00  -1.364688653402e+00  -1.225815417743e-04  -1.329441139933e-04   4.920196975463e-06  -2.738152781326e+00  -3.520790623526e-04  -3.857220640382e-04   1.610790343459e-05  -3.401200194122e+00  -4.008724989931e-04  -4.450710835710e-04   2.133948005910e-05  -3.126501061653e+00  -2.355253236969e-04  -2.630978195573e-04   1.335389895102e-05   7.009371429635e-05   6.628023425925e-07   5.218781780632e-04  -7.055830889594e-07  -6.806717662638e-04  -9.115597528810e-01  -1.962557577125e+00  -2.780311554687e+00  -2.685302569492e+00  -2.573711650071e-01   6.411472934969e-01   1.147882817238e-02  -9.115299413186e-01  -1.962493697750e+00  -2.780251928468e+00  -2.685275333516e+00   3.935676027882e-01  -1.006229330065e-01   5.589203430773e-01  -9.110573826382e-01  -1.961615458799e+00  -2.779517932450e+00  -2.684934990013e+00  -5.198127890843e-01  -4.546380369475e-01  -3.429834042524e-03  -9.115295284395e-01  -1.962498118398e+00  -2.780259164478e+00  -2.685278358944e+00   3.858493086947e-01  -8.344402321322e-02  -5.670695957799e-01
  -4.070119489263e-06  -2.909341521231e-06  -4.346396447440e-01   5.800731331803e-06  -5.856740915595e-08  -1.059738657515e-04  -1.095738902525e+00   2.019533853579e-05  -2.029813522229e-07  -2.198796329291e-04  -1.990712100087e+00   1.257555722741e-05  -1.248408688717e-07  -2.355253236969e-04  -2.107120080880e+00   3.858766129836e-06  -3.745709970318e-08   1.753993097547e-02   1.069192946578e-03  -3.464412197234e-02  -3.176483640164e-04  -1.368843778948e-02   2.592469377068e-01   4.394411571059e-01   4.420907777197e-01   2.629629591725e-01  -4.137360694034e-01  -1.379111131391e-01  -2.468804570617e-03  -3.966515744351e-01  -6.724852957134e-01  -6.768204502625e-01  -4.028327916060e-01  -3.395305914289e-01  -3.311175953670e-02   1.839827814398e-01   5.239713352255e-01   8.883177572722e-01   8.939278720907e-01   5.318818211333e-01  -2.426943705948e-01   1.977979352154e-01   1.492393015009e-03  -3.888762418674e-01  -6.593051079268e-01  -6.635568924494e-01  -3.949400402104e-01  -3.445614338021e-01  -2.691859561906e-02  -1.830069011626e-01
  -4.412371068409e-06  -3.153416713872e-06   5.800731331803e-06  -4.345645640264e-01   5.465564103244e-08  -1.161002246446e-04   2.019533853579e-05  -1.095268355772e+00   1.913823931454e-07  -2.441226742387e-04   1.257555722741e-05  -1.989982270834e+00   1.215223732103e-07  -2.630978195573e-04   3.858766129836e-06  -2.106646939514e+00   3.863457611209e-08   3.348596514070e-02  -9.240926114022e-04   8.287428687327e-03   1.069192946578e-03   2.254916609494e-02  -6.458713567601e-01  -1.094849031074e+00  -1.101761313207e+00  -6.557219896042e-01  -1.379259495397e-01  -1.255017754063e-01   6.151169404894e-03   1.012629814123e-01   1.715900871960e-01   1.725357378218e-01   1.025611069956e-01  -3.304619196508e-02  -4.605813111669e-01  -4.694969683041e-02   4.580852751912e-01   7.765104854667e-01   7.813323973891e-01   4.648823981608e-01   1.976871084462e-01  -2.959344429405e-01   1.303550669516e-03   8.395985622551e-02   1.422603595105e-01   1.430236363791e-01   8.499942705444e-02  -2.685849387008e-02  -4.632240755585e-01   3.949415564496e-02
   1.624384880036e-07   1.158219636297e-07  -5.856740915595e-08   5.465564103244e-08  -4.345536264224e-01   4.848390542480e-06  -2.029813522229e-07   1.913823931454e-07  -1.095188324664e+00   1.170476162390e-05  -1.248408688717e-07   1.215223732103e-07  -1.989844815674e+00   1.335389895102e-05  -3.745709970318e-08   3.863457611209e-08  -2.106554776120e+00   1.069192946578e-03   9.345012431085e-03   1.092184589537e-03  -4.020785208849e-02   3.032221236929e-04  -1.155660431378e-02  -1.958588926907e-02  -1.970096148699e-02  -1.171762357838e-02  -2.467105561850e-03   6.146275230497e-03  -4.689408965578e-01  -5.629275849890e-01  -9.541741004190e-01  -9.600837876946e-01  -5.713103730400e-01   1.838182921028e-01  -4.700075705472e-02  -2.080214722469e-01   3.460567977292e-03   5.869150130840e-03   5.912566801358e-03   3.524458924614e-03   1.494316617629e-03   1.305964346846e-03  -4.687824043806e-01   5.711466697125e-01   9.681128870601e-01   9.741205203136e-01   5.796740407433e-01  -1.828460348039e-01   3.954769607606e-02  -2.003470895671e-01
   6.646450621283e-06   3.333394243143e-06   1.647312852478e-02   3.158993309009e-02   1.012680792116e-03   1.340411377724e-04   6.714075921977e-02   1.283122814745e-01   4.100547544174e-03   1.301960782158e-04   5.154076906410e-02   9.841660377337e-02   3.142891280837e-03   7.009371429635e-05   1.753993097547e-02   3.348596514070e-02   1.069192946578e-03  -3.801679678393e+00   1.970899772858e-04   2.736760050037e-02   1.060414545571e-03  -4.310392084353e-02   1.127065236828e+00   7.204852250577e-01   1.517329494653e-01   1.959260024803e-02  -9.129829978664e-01  -8.342209379647e-01  -2.558704694283e-02   2.703675843706e-01   1.729290133184e-01   3.653014099696e-02   4.764808004304e-03   2.445769104605e-02  -8.579853995880e-01  -3.004968243419e-01  -1.614631802418e+00  -1.032788487212e+00  -2.174704540293e-01  -2.798572190931e-02  -6.121044391219e-01  -2.478318644407e-01  -1.089808311990e-02   2.197705639392e-01   1.405821315817e-01   2.971883664962e-02   3.886808237590e-03   2.748376586756e-02  -8.576427324947e-01   2.480879621348e-01
   6.260194335286e-08   3.139604116675e-08   1.012680792116e-03  -8.713701573974e-04   8.733769911388e-03   1.263946165900e-06   4.100547544174e-03  -3.542217647684e-03   3.576013975182e-02   1.229886957583e-06   3.142891280837e-03  -2.716349868219e-03   2.746188925254e-02   6.628023425925e-07   1.069192946578e-03  -9.240926114022e-04   9.345012431085e-03   1.970899772858e-04  -3.688360023155e+00   2.846179980965e-03   3.182443529607e-02   2.701552858547e-03  -5.024158685640e-02  -3.211636147020e-02  -6.763630143604e-03  -8.718775261860e-04  -2.558169937452e-02   3.725910094803e-02  -1.489818874720e+00   3.836829362701e-01   2.451547803653e-01   5.156975830916e-02   6.636384267781e-03  -3.002800610527e-01  -1.223859867800e+00  -1.913329540074e-01  -1.066475280319e-02  -6.831196342972e-03  -1.444771914291e-03  -1.873237075152e-04  -1.090959776675e-02  -1.789476240053e-03   1.058526805997e+00  -3.227567351409e-01  -2.062000218138e-01  -4.335914290712e-02  -5.575524787298e-03   2.478848387822e-01   1.265807484533e+00  -1.688108404275e-01
   3.023885063953e-05   1.510300099196e-05  -3.273908595552e-02   7.930078713914e-03   1.039088892976e-03   7.248739030665e-04  -1.327991680662e-01   3.185772299247e-02   4.191182181460e-03   8.743960616315e-04  -1.018269973996e-01   2.437118738549e-02   3.210565744221e-03   5.218781780632e-04  -3.464412197234e-02   8.287428687327e-03   1.092184589537e-03   2.736760050037e-02   2.846179980965e-03  -3.786266890882e+00   1.990453300768e-03  -5.392928336767e-02   9.406699869296e-01   6.016494070072e-01   1.271884243213e-01   1.673665773849e-02   1.313021883226e-01  -3.373337699025e-01  -5.215931320110e-02  -9.058412693532e-01  -5.789591051745e-01  -1.216135798743e-01  -1.538452207214e-02   1.234069816373e+00  -3.151779098125e-01  -4.945665720372e-01   9.406154125893e-01   6.020109838000e-01   1.273210891157e-01   1.675599034296e-02   2.711711807525e-01   2.422814166130e-01   1.579854249428e-02  -9.601407995039e-01  -6.136809354068e-01  -1.289253902938e-01  -1.632702331162e-02   1.251486920649e+00  -2.701559400077e-01   4.407987756547e-01
  -6.713625712909e-08  -3.367221024461e-08  -2.972503841537e-04   1.012680792116e-03  -3.819405611213e-02  -1.352305686736e-06  -1.216978815747e-03   4.100547544174e-03  -1.542849757782e-01  -1.311575800916e-06  -9.338293770749e-04   3.142891280837e-03  -1.181996536983e-01  -7.055830889594e-07  -3.176483640164e-04   1.069192946578e-03  -4.020785208849e-02   1.060414545571e-03   3.182443529607e-02   1.990453300768e-03  -3.816345765322e+00  -1.348527765775e-03   2.016653350409e-02   1.289181830282e-02   2.715339048266e-03   3.499139071756e-04  -1.641709245389e-02  -2.558133201338e-02   5.932251373128e-01  -1.502980466001e+00  -9.609147837392e-01  -2.023521229492e-01  -2.608628026444e-02  -1.233452638505e-01  -3.005474388383e-01   7.494012628034e-01  -1.219790406943e-02  -7.803772425991e-03  -1.643337191574e-03  -2.119947957994e-04  -4.683934189065e-03  -1.090507355363e-02   1.204250593283e+00   1.495002144423e+00   9.558304536354e-01   2.012847159184e-01   2.594865654087e-02   1.714311499914e-01   2.481411067080e-01   7.827875343472e-01
  -4.075068273610e-05  -2.036019240863e-05  -1.307822893391e-02   2.147465785391e-02   2.870598866218e-04  -9.640379292115e-04  -5.258235095908e-02   8.655981430437e-02   1.162619415969e-03  -1.146920839142e-03  -4.024672439338e-02   6.629101460401e-02   8.912602455720e-04  -6.806717662638e-04  -1.368843778948e-02   2.254916609494e-02   3.032221236929e-04  -4.310392084353e-02   2.701552858547e-03  -5.392928336767e-02  -1.348527765775e-03  -3.739192572561e+00   1.177758742261e+00   7.528270955350e-01   1.580950969727e-01   1.998841287663e-02   1.200262142296e+00  -7.046103625572e-03  -2.684536478942e-02  -4.950376793681e-01  -3.169029326442e-01  -6.735351033617e-02  -9.118286652972e-03  -5.304286324724e-01  -3.300222441358e-01   5.506876896092e-01  -2.176528765496e-01  -1.394838117893e-01  -2.985716491779e-02  -4.249753791354e-03   9.823927887083e-01  -1.251725276979e+00  -1.451075413492e-03  -4.852567680063e-01  -3.106440971768e-01  -6.603201868255e-02  -8.947118247291e-03  -5.275704976506e-01  -2.714966547241e-01  -5.476067932064e-01
  -2.019737711540e-01  -2.158926446574e-01   3.266044524696e-01  -8.136926570508e-01  -1.455922905342e-02  -1.205604242159e+00   7.603956582253e-01  -1.894410710024e+00  -3.389622084151e-02  -1.425491279616e+00   6.609643969628e-01  -1.646686708867e+00  -2.946405824040e-02  -9.115597528810e-01   2.592469377068e-01  -6.458713567601e-01  -1.155660431378e-02   1.127065236828e+00  -5.024158685640e-02   9.406699869296e-01   2.016653350409e-02   1.177758742261e+00  -3.627535247568e+00  -3.209772179507e+00  -1.835216193039e+00  -9.281850057369e-01  -2.379011734293e-01   5.926312827407e-01   1.061233384001e-02  -1.394281023921e-02  -2.653033702839e-01  -7.001393452950e-01  -6.455145851223e-01   9.455318028941e-02  -1.008322501588e-01   8.399244262484e-02  -1.410820254038e-02  -2.666909371969e-01  -7.015645387496e-01  -6.460120895838e-01  -4.572577216181e-02  -1.564852400594e-01  -2.073724681728e-03  -1.395254387490e-02  -2.653854614419e-01  -7.002235183106e-01  -6.455439365699e-01   9.342187115857e-02  -9.825707333139e-02  -8.834531012852e-02
  -1.466324650080e+00  -1.563361484979e+00   4.829187345698e-01  -1.203350365595e+00  -2.152557173219e-02  -2.915627193373e+00   9.114615531362e-01  -2.271051466204e+00  -4.062196104299e-02  -2.951717331573e+00   9.092153204059e-01  -2.265319705046e+00  -4.052213254910e-02  -1.962557577125e+00   4.394411571059e-01  -1.094849031074e+00  -1.958588926907e-02   7.204852250577e-01  -3.211636147020e-02   6.016494070072e-01   1.289181830282e-02   7.528270955350e-01  -3.209772179507e+00  -4.186701859563e+00  -3.278234786941e+00  -1.927522990124e+00  -4.235845226031e-01   1.055181179716e+00   1.889562009705e-02  -2.652983845937e-01  -9.792921815080e-01  -1.639607724581e+00  -1.438910452815e+00   4.836372064100e-01  -4.411992679744e-01   4.785092890040e-01  -2.666046965818e-01  -9.819986881188e-01  -1.641861928431e+00  -1.439766079457e+00  -3.103049007373e-01  -7.515466366871e-01  -9.351162666125e-03  -2.653803402753e-01  -9.794661118909e-01  -1.639750378431e+00  -1.438963944002e+00   4.770564237763e-01  -4.264080411622e-01  -4.983674529772e-01
  -1.561103739996e+00  -1.660575284081e+00   1.856915087866e-01  -4.630370867488e-01  -8.276935601334e-03  -3.135666985932e+00   4.208747330895e-01  -1.049440380283e+00  -1.875359537062e-02  -3.528560121142e+00   6.018342976713e-01  -1.500161204441e+00  -2.681624292410e-02  -2.780311554687e+00   4.420907777197e-01  -1.101761313207e+00  -1.970096148699e-02   1.517329494653e-01  -6.763630143604e-03   1.271884243213e-01   2.715339048266e-03   1.580950969727e-01  -1.835216193039e+00  -3.278234786941e+00  -3.598302433281e+00  -2.686525968985e+00  -3.079050021835e-01   7.670118011697e-01   1.373559012082e-02  -7.001210714223e-01  -1.639577604098e+00  -2.362765941663e+00  -2.166096416574e+00   5.655074949634e-01  -4.274175292074e-01   6.176261790682e-01  -7.012836725099e-01  -1.641446209914e+00  -2.364518612524e+00  -2.166967249738e+00  -4.540101918621e-01  -8.236099023205e-01  -9.482632759800e-03  -7.002061124667e-01  -1.639723578927e+00  -2.362897302939e+00  -2.166158126659e+00   5.569546190007e-01  -4.083057782398e-01  -6.380580028347e-01
  -9.559554447155e-01  -1.016760701388e+00   4.314294520114e-02  -1.077919058222e-01  -1.923257738187e-03  -2.090461407502e+00   1.122093319413e-01  -2.803950105436e-01  -4.999279491428e-03  -2.709051968473e+00   2.188080114931e-01  -5.460833487108e-01  -9.747575718099e-03  -2.685302569492e+00   2.629629591725e-01  -6.557219896042e-01  -1.171762357838e-02   1.959260024803e-02  -8.718775261860e-04   1.673665773849e-02   3.499139071756e-04   1.998841287663e-02  -9.281850057369e-01  -1.927522990124e+00  -2.686525968985e+00  -2.610757351129e+00  -1.689432530143e-01   4.208479420246e-01   7.536612355102e-03  -6.454968647317e-01  -1.438873752260e+00  -2.166070537663e+00  -2.271790779022e+00   3.144595942727e-01  -1.803332187867e-01   3.811064387083e-01  -6.457504255185e-01  -1.439289952127e+00  -2.166678324396e+00  -2.272295743533e+00  -3.118042210742e-01  -4.232398962255e-01  -4.345908076658e-03  -6.455274678592e-01  -1.438932440233e+00  -2.166137641187e+00  -2.271834794726e+00   3.091809520422e-01  -1.685658975654e-01  -3.906912136418e-01
  -6.444074227929e-01  -7.026772763757e-01  -3.103353301048e-01  -9.700128130817e-01  -1.735449269220e-02  -1.044516197871e+00  -8.221900059405e-01  -1.173240233464e+00  -2.098879684254e-02  -6.451451926449e-01  -8.955028056786e-01  -5.742585585250e-01  -1.027274922913e-02  -2.573711650071e-01  -4.137360694034e-01  -1.379259495397e-01  -2.467105561850e-03  -9.129829978664e-01  -2.558169937452e-02   1.313021883226e-01  -1.641709245389e-02   1.200262142296e+00  -2.379011734293e-01  -4.235845226031e-01  -3.079050021835e-01  -1.689432530143e-01  -2.721710474565e+00   2.474858428164e-01   4.431899132341e-03  -9.185942013139e-02  -4.406672949601e-01  -4.806251699097e-01  -2.448048214481e-01   1.968237656915e-01  -3.029472241842e-01   2.782895367247e-01   3.026587829152e-02   6.447107070902e-02  -3.106751254944e-02  -8.603929159246e-02  -7.980378787784e-02   1.259185521321e-01   1.750668993508e-03  -9.087959322004e-02  -4.365146201702e-01  -4.768778753881e-01  -2.434731553431e-01   1.898832143078e-01  -2.911700789370e-01  -2.885732916099e-01
   1.605414363095e+00   1.750582127158e+00  -9.699332685716e-01   1.716919831175e+00   4.323511395375e-02   2.602143643052e+00  -1.173155805756e+00   1.629756490998e+00   5.228957883384e-02   1.607185608074e+00  -5.742137215173e-01   3.046078302333e-01   2.559259275906e-02   6.411472934969e-01  -1.379111131391e-01  -1.255017754063e-01   6.146275230497e-03  -8.342209379647e-01   3.725910094803e-02  -3.373337699025e-01  -2.558133201338e-02  -7.046103625572e-03   5.926312827407e-01   1.055181179716e+00   7.670118011697e-01   4.208479420246e-01   2.474858428164e-01  -3.238888585703e+00  -1.103914386464e-02   1.115136262588e-01   6.117326320018e-01   7.644263196771e-01   4.569167264666e-01  -3.892989182924e-01   2.752014765494e-01  -3.696344336750e-01   1.601613231137e-01   8.106208732530e-01   9.401921540901e-01   5.187830443037e-01   2.984259428378e-01   7.535014469516e-01   1.104797400983e-02   1.092820134129e-01   6.023912732892e-01   7.560513324804e-01   4.539488079125e-01  -3.773454781014e-01   2.566355521701e-01   3.797644591551e-01
   2.872765667808e-02   3.132519107468e-02  -1.735663148462e-02   4.324398843410e-02  -6.988372276088e-01   4.656971798478e-02  -2.099470019837e-02   5.230804973397e-02  -1.292005008164e+00   2.876832106683e-02  -1.027740011009e-02   2.560617840534e-02  -1.125414830213e+00   1.147882817238e-02  -2.468804570617e-03   6.151169404894e-03  -4.689408965578e-01  -2.558704694283e-02  -1.489818874720e+00  -5.215931320110e-02   5.932251373128e-01  -2.684536478942e-02   1.061233384001e-02   1.889562009705e-02   1.373559012082e-02   7.536612355102e-03   4.431899132341e-03  -1.103914386464e-02  -2.622383185189e+00  -7.272017137705e-02  -2.985611710379e-01  -2.619702407494e-01  -8.919850127165e-02   2.217181300755e-01  -2.325985770419e-01   9.588079006433e-02   2.233235409749e-03   1.189802484119e-02   1.451086201108e-02   8.469662903039e-03   4.374517453205e-03   1.220402095218e-02  -1.041834199778e-01   7.736123774885e-02   3.230606708056e-01   2.916120128451e-01   1.063562987759e-01  -2.345977795502e-01   2.415020608329e-01   1.214941266735e-01
  -2.019539460898e-01  -2.158709142171e-01  -4.996934174765e-01   1.275637427473e-01  -7.091568685592e-01  -1.205531482502e+00  -1.163400850310e+00   2.969970278640e-01  -1.651068087385e+00  -1.425431431340e+00  -1.011280768508e+00   2.581703904977e-01  -1.435198945794e+00  -9.115299413186e-01  -3.966515744351e-01   1.012629814123e-01  -5.629275849890e-01   2.703675843706e-01   3.836829362701e-01  -9.058412693532e-01  -1.502980466001e+00  -4.950376793681e-01  -1.394281023921e-02  -2.652983845937e-01  -7.001210714223e-01  -6.454968647317e-01  -9.185942013139e-02   1.115136262588e-01  -7.272017137705e-02  -3.627391865159e+00  -3.209671035688e+00  -1.835162796445e+00  -9.281587725466e-01   3.637274331537e-01  -9.303943530139e-02   5.166591533159e-01  -1.370786608226e-02  -2.633120797478e-01  -6.980898909037e-01  -6.447892347889e-01  -1.303977096408e-01  -5.551129001903e-02  -7.401241307453e-02  -1.430133549476e-02  -2.682940030704e-01  -7.031776124436e-01  -6.465609335021e-01   6.687274448211e-03   6.629487132013e-04  -1.644200696084e-01
  -1.466273581778e+00  -1.563307843807e+00  -7.391007050826e-01   1.885503623132e-01  -1.048700340390e+00  -2.915514139019e+00  -1.395015843755e+00   3.558251682920e-01  -1.979128489118e+00  -2.951608886814e+00  -1.391466484761e+00   3.549876233651e-01  -1.974196015919e+00  -1.962493697750e+00  -6.724852957134e-01   1.715900871960e-01  -9.541741004190e-01   1.729290133184e-01   2.451547803653e-01  -5.789591051745e-01  -9.609147837392e-01  -3.169029326442e-01  -2.653033702839e-01  -9.792921815080e-01  -1.639577604098e+00  -1.438873752260e+00  -4.406672949601e-01   6.117326320018e-01  -2.985611710379e-01  -3.209671035688e+00  -4.186563948702e+00  -3.278132517294e+00  -1.927465304080e+00   6.476099597489e-01  -1.656623530171e-01   9.199205369063e-01  -2.632317130438e-01  -9.748560036610e-01  -1.636019809476e+00  -1.437553085856e+00  -6.645686185311e-01  -3.371461032006e-01  -3.094102829910e-01  -2.682938712021e-01  -9.855904863329e-01  -1.644695000466e+00  -1.440788892373e+00   1.182213034992e-01  -1.691895398702e-02  -8.076236577862e-01
  -1.561085573056e+00  -1.660556317509e+00  -2.844497984341e-01   7.243232410294e-02  -4.034392347449e-01  -3.135610711904e+00  -6.448249456856e-01   1.641012002625e-01  -9.142764408171e-01  -3.528483682699e+00  -9.216840978782e-01   2.347712806983e-01  -1.307104291380e+00  -2.780251928468e+00  -6.768204502625e-01   1.725357378218e-01  -9.600837876946e-01   3.653014099696e-02   5.156975830916e-02  -1.216135798743e-01  -2.023521229492e-01  -6.735351033617e-02  -7.001393452950e-01  -1.639607724581e+00  -2.362765941663e+00  -2.166070537663e+00  -4.806251699097e-01   7.644263196771e-01  -2.619702407494e-01  -1.835162796445e+00  -3.278132517294e+00  -3.598203521152e+00  -2.686463610513e+00   4.707398488719e-01  -1.204256048003e-01   6.686981032590e-01  -6.978284358479e-01  -1.635635209802e+00  -2.359360157584e+00  -2.164510801100e+00  -7.715491364623e-01  -4.566517625970e-01  -2.777407104005e-01  -7.031784891829e-01  -1.644698335358e+00  -2.367264398457e+00  -2.168194423485e+00   2.374066402329e-01  -4.370579670988e-02  -9.103853042274e-01
  -9.559514676143e-01  -1.016756563877e+00  -6.623944761512e-02   1.678718963671e-02  -9.385973372601e-02  -2.090446313172e+00  -1.723539972384e-01   4.362760928720e-02  -2.441087926496e-01  -2.709025960131e+00  -3.355734303624e-01   8.522000088089e-02  -4.756192908176e-01  -2.685275333516e+00  -4.028327916060e-01   1.025611069956e-01  -5.713103730400e-01   4.764808004304e-03   6.636384267781e-03  -1.538452207214e-02  -2.608628026444e-02  -9.118286652972e-03  -6.455145851223e-01  -1.438910452815e+00  -2.166096416574e+00  -2.271790779022e+00  -2.448048214481e-01   4.569167264666e-01  -8.919850127165e-02  -9.281587725466e-01  -1.927465304080e+00  -2.686463610513e+00  -2.610716352613e+00   2.582856475013e-01  -6.607727530307e-02   3.669066434336e-01  -6.445456899062e-01  -1.437114142499e+00  -2.164247950421e+00  -2.270644240748e+00  -4.243191732538e-01  -2.939503566268e-01  -9.927377393007e-02  -6.465621887392e-01  -1.440794096846e+00  -2.168199821063e+00  -2.273218480951e+00   1.962878135758e-01  -3.977716545231e-02  -4.863949144135e-01
   9.858510421302e-01   1.075000984119e+00   2.117861380102e-01  -2.326050571404e-01   1.293358214153e+00   1.597781374494e+00  -1.907163418143e-01  -2.812730600635e-01   1.564166000771e+00   9.867256329304e-01  -5.864744648266e-01  -1.376407678424e-01   7.654951545616e-01   3.935676027882e-01  -3.395305914289e-01  -3.304619196508e-02   1.838182921028e-01   2.445769104605e-02  -3.002800610527e-01   1.234069816373e+00  -1.233452638505e-01  -5.304286324724e-01   9.455318028941e-02   4.836372064100e-01   5.655074949634e-01   3.144595942727e-01   1.968237656915e-01  -3.892989182924e-01   2.217181300755e-01   3.637274331537e-01   6.476099597489e-01   4.707398488719e-01   2.582856475013e-01  -2.854585565557e+00   5.943885807023e-02  -3.299407642373e-01   1.279035268653e-01   6.249843858701e-01   6.931178592787e-01   3.598159708500e-01   4.845478260487e-01   2.687613225455e-01   3.096407566769e-01   8.940601609386e-03   1.292782227690e-01   2.498545890638e-01   2.029275253287e-01  -1.303966136526e-01   4.699104716916e-03   9.108590416208e-02
  -2.517243056337e-01  -2.744846356610e-01  -2.327283880474e-01  -6.401642344879e-01  -3.302784238127e-01  -4.081141693898e-01  -2.815257755933e-01  -1.221007644531e+00  -3.995451669601e-01  -2.521443076291e-01  -1.378239793469e-01  -1.090639835729e+00  -1.956181906799e-01  -1.006229330065e-01  -3.311175953670e-02  -4.605813111669e-01  -4.700075705472e-02  -8.579853995880e-01  -1.223859867800e+00  -3.151779098125e-01  -3.005474388383e-01  -3.300222441358e-01  -1.008322501588e-01  -4.411992679744e-01  -4.274175292074e-01  -1.803332187867e-01  -3.029472241842e-01   2.752014765494e-01  -2.325985770419e-01  -9.303943530139e-02  -1.656623530171e-01  -1.204256048003e-01  -6.607727530307e-02   5.943885807023e-02  -2.637233372712e+00   8.433113943269e-02   4.464204103517e-02   1.628136016182e-01   1.111632908296e-01   1.002517420173e-02   1.812321639984e-01  -2.676734936504e-02   1.046361680642e-01  -4.351791449968e-03  -4.152405048258e-02  -7.140797205119e-02  -5.455518643340e-02   7.005481634969e-03  -1.064202614639e-01  -3.397773445522e-02
   1.399219974698e+00   1.525742509799e+00   1.293619718819e+00  -3.301701517712e-01   1.136141694671e+00   2.268080105026e+00   1.564775200936e+00  -3.993420378891e-01   9.273977310036e-01   1.400955701212e+00   7.659517993814e-01  -1.954747558636e-01  -3.907544974293e-02   5.589203430773e-01   1.839827814398e-01  -4.694969683041e-02  -2.080214722469e-01  -3.004968243419e-01  -1.913329540074e-01  -4.945665720372e-01   7.494012628034e-01   5.506876896092e-01   8.399244262484e-02   4.785092890040e-01   6.176261790682e-01   3.811064387083e-01   2.782895367247e-01  -3.696344336750e-01   9.588079006433e-02   5.166591533159e-01   9.199205369063e-01   6.686981032590e-01   3.669066434336e-01  -3.299407642373e-01   8.433113943269e-02  -3.090736225143e+00   8.486122226242e-02   4.838733075402e-01   6.234964593196e-01   3.833630099613e-01   4.190981452225e-01   2.009140704110e-01   1.072362271979e-01   1.642564602710e-01   8.050358491618e-01   9.052904173190e-01   4.822209707963e-01  -7.802718756471e-02   5.965868021810e-03   8.086654106770e-01
  -2.013743365467e-01  -2.152258536672e-01   6.589346779610e-01   5.760755674723e-01   4.352073871993e-03  -1.203822190952e+00   1.535422477506e+00   1.342338746353e+00   1.014097301424e-02  -1.424288760974e+00   1.335497579038e+00   1.167562331718e+00   8.820377976901e-03  -9.110573826382e-01   5.239713352255e-01   4.580852751912e-01   3.460567977292e-03  -1.614631802418e+00  -1.066475280319e-02   9.406154125893e-01  -1.219790406943e-02  -2.176528765496e-01  -1.410820254038e-02  -2.666046965818e-01  -7.012836725099e-01  -6.457504255185e-01   3.026587829152e-02   1.601613231137e-01   2.233235409749e-03  -1.370786608226e-02  -2.632317130438e-01  -6.978284358479e-01  -6.445456899062e-01   1.279035268653e-01   4.464204103517e-02   8.486122226242e-02  -3.625452205753e+00  -3.208305114774e+00  -1.834443505484e+00  -9.278058501982e-01  -4.803160267931e-01  -4.201530046846e-01  -3.168202866256e-03  -1.371590491178e-02  -2.633001685463e-01  -6.978989746452e-01  -6.445703340243e-01   1.267949765947e-01   4.725855672886e-02  -8.522724301431e-02
  -1.464779293807e+00  -1.561725486910e+00   9.756532338588e-01   8.528860143721e-01   6.447616262440e-03  -2.913116377086e+00   1.841745958792e+00   1.609844824708e+00   1.217155573332e-02  -2.949802166312e+00   1.837643524336e+00   1.606291992092e+00   1.214267582808e-02  -1.961615458799e+00   8.883177572722e-01   7.765104854667e-01   5.869150130840e-03  -1.032788487212e+00  -6.831196342972e-03   6.020109838000e-01  -7.803772425991e-03  -1.394838117893e-01  -2.666909371969e-01  -9.819986881188e-01  -1.641446209914e+00  -1.439289952127e+00   6.447107070902e-02   8.106208732530e-01   1.189802484119e-02  -2.633120797478e-01  -9.748560036610e-01  -1.635635209802e+00  -1.437114142499e+00   6.249843858701e-01   1.628136016182e-01   4.838733075402e-01  -3.208305114774e+00  -4.184786752225e+00  -3.276895309084e+00  -1.926788246458e+00  -8.552667699703e-01  -7.481478798782e-01  -5.641243961620e-03  -2.633804173301e-01  -9.750015718611e-01  -1.635755068220e+00  -1.437159156041e+00   6.184563118169e-01   1.776707561796e-01  -4.872316716987e-01
