ARMA_MAT_TXT_FN008
50 50
   3.279190084049e-01   2.802373116207e-01  -8.762819570933e-07  -5.684187405623e-07  -1.849989992537e-07  -4.069251460045e-02   6.033652301525e-06   6.897687270550e-06  -4.268205708147e-07  -2.980324675182e-02   9.574501839177e-06   1.059130458203e-05  -5.071535831738e-07  -7.601540548064e-03  -1.000426278759e-05  -1.096906540671e-05   4.779451540572e-07  -1.767714831404e-06   2.606493886242e-08   6.868092423431e-06  -1.355668792311e-07  -7.939989497986e-06  -8.352839897267e-03  -1.192363247085e-02   1.459556264748e-03   8.411774671208e-04  -7.401006514916e-04   1.844542672200e-03   3.298743389107e-05  -8.354745030127e-03  -1.192689427557e-02   1.457209485607e-03   8.377693137613e-04   1.132708118388e-03  -2.890478380573e-04   1.607669794190e-03  -8.361349248223e-03  -1.194275774024e-02   1.440221998714e-03   8.148850827130e-04  -1.495728068167e-03  -1.307806784585e-03  -9.896744612094e-06  -8.353868769158e-03  -1.192555575080e-02   1.457912795159e-03   8.388985772925e-04   1.110452123370e-03  -2.396211429499e-04  -1.631094268495e-03
   2.802373116207e-01   2.463399068299e-01  -6.241046018637e-07  -7.651108909883e-08  -3.180245951972e-07  -6.907749583686e-02   1.014533418165e-05   1.163621650043e-05  -7.310035596002e-07  -4.834061950609e-02   1.717362933653e-05   1.896585071524e-05  -8.856541915078e-07  -1.203374996247e-02  -1.580002708906e-05  -1.733216292370e-05   7.566344650050e-07  -2.528340725387e-06   4.678683405038e-08   1.193778441593e-05  -2.276684931336e-07  -1.405650465143e-05  -1.392554485840e-02  -1.961668410907e-02   2.133837152739e-03   1.345269151765e-03  -1.218222893486e-03   3.035375319817e-03   5.427442656677e-05  -1.392884085789e-02  -1.962232913880e-02   2.129986592042e-03   1.339796056905e-03   1.864695807949e-03  -4.755403612415e-04   2.645288883794e-03  -1.394093642185e-02  -1.965135862004e-02   2.102476975907e-03   1.302972368897e-03  -2.462366501806e-03  -2.152185648739e-03  -1.628990335550e-05  -1.392734934934e-02  -1.962007086202e-02   2.131151870006e-03   1.341602114722e-03   1.828064282389e-03  -3.942077489035e-04  -2.683847107006e-03
  -8.762819570933e-07  -6.241046018637e-07   3.593827254723e-02  -6.689639444810e-06   1.724223828675e-07  -4.966430105712e-06   5.627747237154e-02  -1.059661051763e-05  -1.841325535316e-08  -2.993916855657e-05   3.780738295932e-02   7.934908669490e-06   1.885222611567e-07   2.416139927272e-05  -2.024279322209e-03   9.650648705079e-06   3.245014869734e-07  -2.637102540502e-03  -1.602109933990e-04   5.197081798468e-03   4.802632294416e-05   2.041771962728e-03  -1.219316748101e-02  -1.927513250842e-02  -7.556423607961e-03  -2.324654025252e-03   1.333185535494e-03   1.947822046797e-03   3.481110324078e-05   1.862344867933e-02   2.942641145015e-02   1.149902713119e-02   3.524056361665e-03   2.868765425906e-04   4.655182231538e-04  -2.598869425144e-03  -2.463440575740e-02  -3.895536655361e-02  -1.524464383226e-02  -4.672318325968e-03  -1.080769466587e-03  -2.797116593805e-03  -2.118839959168e-05   1.825765498015e-02   2.884854255582e-02   1.127414928361e-02   3.455103758134e-03   3.579692111844e-04   3.780301278548e-04   2.584782595381e-03
  -5.684187405623e-07  -7.651108909883e-08  -6.689639444810e-06   3.595206585232e-02  -9.090038019890e-08  -7.059875230312e-06  -1.057937321306e-05   5.630953388026e-02  -6.315555971286e-08  -3.082560260818e-05   8.015368553006e-06   3.793403145812e-02   1.048494737891e-09   2.916113004246e-05   9.782466823631e-06  -1.980013120866e-03  -2.922244728030e-08  -5.045254060186e-03   1.395776469238e-04  -1.242000795612e-03  -1.607875751035e-04  -3.380358657093e-03   3.045874704413e-02   4.820035760897e-02   1.894700000203e-02   5.764965485088e-03   1.949659373745e-03  -2.745109853284e-03  -8.706507862442e-05  -4.792714210300e-03  -7.592215262221e-03  -3.002063103298e-03  -9.198678267608e-04   4.663447612611e-04   1.997177938272e-03   6.662826860510e-04  -2.163151242656e-02  -3.425925218282e-02  -1.348239644579e-02  -4.100909981006e-03  -2.800521580273e-03  -3.326319018301e-04  -1.843755975019e-05  -3.976176060304e-03  -6.299905324227e-03  -2.494021601356e-03  -7.651836387413e-04   3.787391344980e-04   2.034662211183e-03  -5.606891811192e-04
  -1.849989992537e-07  -3.180245951972e-07   1.724223828675e-07  -9.090038019890e-08   3.596007591371e-02   1.118939638396e-06  -1.943660818998e-08  -6.333553718250e-08   5.632322623189e-02   6.074363586597e-07   1.891783126859e-07  -1.869613794293e-10   3.795480610650e-02  -1.989239187676e-06   3.322997139268e-07  -2.999030833901e-08  -1.976756904240e-03  -1.609020358674e-04  -1.418543998513e-03  -1.639535413781e-04   6.042166008020e-03  -4.572056795737e-05   5.464531642313e-04   8.655658538346e-04   3.418635696647e-04   1.041773448086e-04   3.486173560838e-05  -8.711140393334e-05   2.117522217123e-03   2.658479481981e-02   4.208960648351e-02   1.657381377978e-02   5.039105522155e-03  -2.602915267580e-03   6.661131591871e-04  -1.578735795811e-03  -1.627172093544e-04  -2.572981869345e-04  -1.002754784242e-04  -3.019132988837e-05  -2.120398339069e-05  -1.842762723489e-05   2.116414098678e-03  -2.697079676519e-02  -4.270018954273e-02  -1.681408009367e-02  -5.111831260166e-03   2.588790630333e-03  -5.604831971208e-04  -1.687241247601e-03
  -4.069251460045e-02  -6.907749583686e-02  -4.966430105712e-06  -7.059875230312e-06   1.118939638396e-06   1.767934637284e-01  -3.269712784114e-05  -3.756121228106e-05   2.349178581220e-06   1.182092812758e-01  -5.089022020676e-05  -5.631824926979e-05   2.638867677445e-06   2.866870230745e-02   3.779254977545e-05   4.148455647629e-05  -1.818881851618e-06   6.353140409497e-06  -1.374953156487e-07  -3.170499594266e-05   6.430485300091e-07   3.761469650419e-05   3.501637441422e-02   4.867368898341e-02  -4.621461161496e-03  -3.241207744501e-03   3.024087204931e-03  -7.533913053852e-03  -1.346640583454e-04   3.502634149661e-02   4.869059374637e-02  -4.611056553429e-03  -3.227703753426e-03  -4.630258335597e-03   1.179703850011e-03  -6.564887191222e-03   3.506698207735e-02   4.878192321272e-02  -4.539241577050e-03  -3.136987974872e-03   6.114856212557e-03   5.342456550049e-03   4.046523245573e-05   3.502200451550e-02   4.868404080834e-02  -4.614286964389e-03  -3.232151285706e-03  -4.539271623073e-03   9.778345838675e-04   6.660579646286e-03
   6.033652301525e-06   1.014533418165e-05   5.627747237154e-02  -1.057937321306e-05  -1.943660818998e-08  -3.269712784114e-05   8.812760877732e-02  -1.675248759513e-05  -4.822617801292e-07  -6.355892471847e-05   5.920440880632e-02   1.232307901663e-05  -1.048618336083e-08   3.378916791460e-05  -3.169921839100e-03   1.511232869568e-05   5.243114800649e-07  -4.129550769133e-03  -2.508710854939e-04   8.138370068150e-03   7.515850296236e-05   3.197313958834e-03  -1.909889854737e-02  -3.019087018964e-02  -1.183237207168e-02  -3.639847954120e-03   2.087266980615e-03   3.051259565562e-03   5.451459403987e-05   2.915821655386e-02   4.607305133401e-02   1.800740778793e-02   5.518907166106e-03   4.499063843826e-04   7.287998499317e-04  -4.068758165479e-03  -3.858108237019e-02  -6.100886241016e-02  -2.387163993033e-02  -7.316153421259e-03  -1.693283009762e-03  -4.380891914941e-03  -3.320261410836e-05   2.858583164959e-02   4.516881786124e-02   1.765552830403e-02   5.411012800656e-03   5.611794758617e-04   5.918362566678e-04   4.046711390534e-03
   6.897687270550e-06   1.163621650043e-05  -1.059661051763e-05   5.630953388026e-02  -6.333553718250e-08  -3.756121228106e-05  -1.675248759513e-05   8.819420174703e-02   2.478691924857e-08  -6.601511351594e-05   1.243560353517e-05   5.941377332728e-02   8.484413249011e-08   4.137007167491e-05   1.532275685467e-05  -3.101180312514e-03  -4.985135318280e-08  -7.902066915600e-03   2.186094041918e-04  -1.945283192203e-03  -2.518187420164e-04  -5.294462586655e-03   4.770047271757e-02   7.548605226606e-02   2.967625390019e-02   9.029808983599e-03   3.053174874797e-03  -4.298375164790e-03  -1.363399876316e-04  -7.511792590954e-03  -1.189853329395e-02  -4.701257201478e-03  -1.440249262434e-03   7.310952244422e-04   3.127881231633e-03   1.044547886137e-03  -3.388529830696e-02  -5.366536939152e-02  -2.111592388160e-02  -6.422519460060e-03  -4.387200133779e-03  -5.217731455066e-04  -2.887896503036e-05  -6.233014669311e-03  -9.874650731195e-03  -3.905615020088e-03  -1.197998293267e-03   5.938814136357e-04   3.186618435714e-03  -8.791847050459e-04
  -4.268205708147e-07  -7.310035596002e-07  -1.841325535316e-08  -6.315555971286e-08   5.632322623189e-02   2.349178581220e-06  -4.822617801292e-07   2.478691924857e-08   8.821743927746e-02   1.350478877791e-06  -7.293059641199e-09   8.300818570418e-08   5.944751441116e-02  -3.019075393669e-06   5.368674459636e-07  -5.127166191500e-08  -3.096137141159e-03  -2.520061282410e-04  -2.221822819794e-03  -2.568402417318e-04   9.463669022420e-03  -7.163450854968e-05   8.561768921270e-04   1.356135867630e-03   5.355378023071e-04   1.631903787610e-04   5.460672656247e-05  -1.364871739528e-04   3.316612842622e-03   4.163895293762e-02   6.592364398039e-02   2.595897041818e-02   7.892563946939e-03  -4.076887756115e-03   1.043318407810e-03  -2.472728015840e-03  -2.545908519358e-04  -4.025968927851e-04  -1.569812400028e-04  -4.726992459845e-05  -3.318804519157e-05  -2.882291403190e-05   3.314878420359e-03  -4.224361555923e-02  -6.688015228155e-02  -2.633551860704e-02  -8.006553690985e-03   4.054730488834e-03  -8.778638642004e-04  -2.642676642289e-03
  -2.980324675182e-02  -4.834061950609e-02  -2.993916855657e-05  -3.082560260818e-05   6.074363586597e-07   1.182092812758e-01  -6.355892471847e-05  -6.601511351594e-05   1.350478877791e-06   7.905936205803e-02  -6.204037509612e-05  -6.521096431376e-05   1.615630732709e-06   1.917686218003e-02   2.677325448813e-05   2.918116981826e-05  -1.209160265459e-06   9.872415641836e-06  -6.904119279581e-08  -2.414454536655e-05   4.875764337106e-07   2.608778081806e-05   2.340225887880e-02   3.252977381835e-02  -3.101438163483e-03  -2.170408148550e-03   2.019946551378e-03  -5.037742660824e-03  -9.002732598627e-05   2.341159412554e-02   3.254535738009e-02  -3.092718715201e-03  -2.160873037425e-03  -3.097012860571e-03   7.871280254884e-04  -4.388814088884e-03   2.348315243012e-02   3.267661500755e-02  -3.017191771949e-03  -2.091794254731e-03   4.092127013121e-03   3.575074184219e-03   2.708184639921e-05   2.340858162406e-02   3.254079671246e-02  -3.094950809396e-03  -2.163869412790e-03  -3.036175040098e-03   6.521705938008e-04   4.452754678809e-03
   9.574501839177e-06   1.717362933653e-05   3.780738295932e-02   8.015368553006e-06   1.891783126859e-07  -5.089022020676e-05   5.920440880632e-02   1.243560353517e-05  -7.293059641199e-09  -6.204037509612e-05   3.977372186453e-02   2.424298407501e-05   2.062116230374e-07   1.802565430888e-05  -2.129565636078e-03   9.312934182001e-06   3.413899022038e-07  -2.776369323726e-03  -1.684852507567e-04   5.466864777790e-03   5.045800652506e-05   2.146537493513e-03  -1.282361395058e-02  -2.027000449702e-02  -7.940299546910e-03  -2.442306216407e-03   1.402558275045e-03   2.049922857613e-03   3.662040210425e-05   1.958098765304e-02   3.094110350348e-02   1.209701737425e-02   3.707788537045e-03   3.031872447545e-04   4.902608995431e-04  -2.732059737473e-03  -2.593372849426e-02  -4.100833631497e-02  -1.604197375382e-02  -4.916227314368e-03  -1.139730932904e-03  -2.944110813860e-03  -2.230807861517e-05   1.919650027881e-02   3.033370382747e-02   1.186064985298e-02   3.635313396198e-03   3.779183645775e-04   3.982901947722e-04   2.717259019870e-03
   1.059130458203e-05   1.896585071524e-05   7.934908669490e-06   3.793403145812e-02  -1.869613794293e-10  -5.631824926979e-05   1.232307901663e-05   5.941377332728e-02   8.300818570418e-08  -6.521096431376e-05   2.424298407501e-05   4.002527863313e-02   1.017405400976e-07   2.285472118205e-05   9.466864250509e-06  -2.089174777622e-03  -3.547042405946e-08  -5.324491236048e-03   1.472017062868e-04  -1.308293514910e-03  -1.696154960435e-04  -3.565869935576e-03   3.212311388595e-02   5.083605606571e-02   1.998963674652e-02   6.082703063112e-03   2.056860616813e-03  -2.893547610638e-03  -9.180741023708e-05  -5.058768716453e-03  -8.011829643657e-03  -3.161445308696e-03  -9.682026410372e-04   4.934459827651e-04   2.107148313069e-03   7.037397514488e-04  -2.284398464923e-02  -3.617763198738e-02  -1.423075944684e-02  -4.328067162526e-03  -2.957049896433e-03  -3.536128160634e-04  -1.946836196909e-05  -4.197510741555e-03  -6.648742728064e-03  -2.625578496011e-03  -8.050456423126e-04   4.010291928081e-04   2.146715048038e-03  -5.923661267922e-04
  -5.071535831738e-07  -8.856541915078e-07   1.885222611567e-07   1.048494737891e-09   3.795480610650e-02   2.638867677445e-06  -1.048618336083e-08   8.484413249011e-08   5.944751441116e-02   1.615630732709e-06   2.062116230374e-07   1.017405400976e-07   4.006018537004e-02  -1.863166290340e-06   3.506991102187e-07  -3.665508046242e-08  -2.086408986517e-03  -1.698414335911e-04  -1.497231265094e-03  -1.730508178013e-04   6.377328699002e-03  -4.826515956980e-05   5.771340134303e-04   9.141072864246e-04   3.608386570325e-04   1.099445488773e-04   3.682598179218e-05  -9.201270455797e-05   2.234981294301e-03   2.805975099592e-02   4.442473231591e-02   1.749313065954e-02   5.318599731084e-03  -2.747337636303e-03   7.030781185235e-04  -1.666362164681e-03  -1.715170097588e-04  -2.712681101426e-04  -1.059144229767e-04  -3.190385275099e-05  -2.233752318911e-05  -1.940718228204e-05   2.233813326709e-03  -2.846660404735e-02  -4.506840877901e-02  -1.774681138441e-02  -5.395416139274e-03   2.732356291083e-03  -5.915599619766e-04  -1.780779803798e-03
  -7.601540548064e-03  -1.203374996247e-02   2.416139927272e-05   2.916113004246e-05  -1.989239187676e-06   2.866870230745e-02   3.378916791460e-05   4.137007167491e-05  -3.019075393669e-06   1.917686218003e-02   1.802565430888e-05   2.285472118205e-05  -1.863166290340e-06   4.652096630921e-03   4.734499266104e-06   5.069350419268e-06  -1.756202408472e-07  -5.043682470263e-06   6.969423824531e-08  -2.566512154919e-06  -3.626225982907e-07   4.669202142366e-06   5.696325002223e-03   7.922346551807e-03  -7.399590299322e-04  -5.226536318011e-04   4.930900619311e-04  -1.222997580593e-03  -2.202031993319e-05   5.688063305440e-03   7.909403115070e-03  -7.445147176392e-04  -5.223322894375e-04  -7.503009797983e-04   1.933217336601e-04  -1.066010522694e-03   5.652015158780e-03   7.856771085156e-03  -7.592737902643e-04  -5.156848255265e-04   9.887489032082e-04   8.643528273590e-04   6.405646356724e-06   5.691027087917e-03   7.914146660244e-03  -7.427511822266e-04  -5.223586530669e-04  -7.358803175630e-04   1.606222732777e-04   1.081808700185e-03
  -1.000426278759e-05  -1.580002708906e-05  -2.024279322209e-03   9.782466823631e-06   3.322997139268e-07   3.779254977545e-05  -3.169921839100e-03   1.532275685467e-05   5.368674459636e-07   2.677325448813e-05  -2.129565636078e-03   9.466864250509e-06   3.506991102187e-07   4.734499266104e-06   1.140311245869e-04  -1.052864891345e-06  -3.746084950978e-08   1.472184017890e-04   9.047131241583e-06  -2.930666077984e-04  -2.689658471782e-06  -1.158827901255e-04   7.022048219650e-04   1.108652194929e-03   4.296052466028e-04   1.317608369774e-04  -7.394128626465e-05  -1.120322242853e-04  -1.992025292143e-06  -1.042561037924e-03  -1.648737701593e-03  -6.493079525195e-04  -1.993758225478e-04  -1.704427931636e-05  -2.544169040063e-05   1.451510442958e-04   1.389350170528e-03   2.195606617022e-03   8.541834880100e-04   2.614358732856e-04   6.144089651937e-05   1.585985208841e-04   1.217349202441e-06  -1.022253473529e-03  -1.616657546776e-03  -6.368264760508e-04  -1.955489187049e-04  -2.100294249332e-05  -2.055849306245e-05  -1.443406845483e-04
  -1.096906540671e-05  -1.733216292370e-05   9.650648705079e-06  -1.980013120866e-03  -2.999030833901e-08   4.148455647629e-05   1.511232869568e-05  -3.101180312514e-03  -5.127166191500e-08   2.918116981826e-05   9.312934182001e-06  -2.089174777622e-03  -3.665508046242e-08   5.069350419268e-06  -1.052864891345e-06   1.090585975975e-04   3.210625365900e-09   2.771807484920e-04  -7.727067955331e-06   6.973673107313e-05   8.861774817738e-06   1.867047311897e-04  -1.672481866811e-03  -2.648229133832e-03  -1.046508013131e-03  -3.188519122629e-04  -1.063272316303e-04   1.499344716068e-04   4.770587634222e-06   2.768802047294e-04   4.370125791047e-04   1.672147306788e-04   5.081503820592e-05  -2.668328999024e-05  -1.095978704364e-04  -3.889088978956e-05   1.193115041319e-03   1.888061136649e-03   7.375292279458e-04   2.239153200065e-04   1.553775264859e-04   1.883899359348e-05   1.017281224961e-06   2.318675841327e-04   3.657728570922e-04   1.392089911262e-04   4.228714183149e-05  -2.182410791811e-05  -1.117306001051e-04   3.309729363526e-05
   4.779451540572e-07   7.566344650050e-07   3.245014869734e-07  -2.922244728030e-08  -1.976756904240e-03  -1.818881851618e-06   5.243114800649e-07  -4.985135318280e-08  -3.096137141159e-03  -1.209160265459e-06   3.413899022038e-07  -3.547042405946e-08  -2.086408986517e-03  -1.756202408472e-07  -3.746084950978e-08   3.210625365900e-09   1.086640809440e-04   8.825162976277e-06   7.797698693180e-05   9.062456604500e-06  -3.321425689717e-04   2.535115447314e-06  -3.052942302507e-05  -4.828985952403e-05  -1.883477310875e-05  -5.721571445028e-06  -1.935917119113e-06   4.884211333958e-06  -1.164003071509e-04  -1.461560091636e-03  -2.313906045924e-03  -9.109214565310e-04  -2.769383255087e-04   1.431327937357e-04  -3.662612997012e-05   8.682498300757e-05   8.387783223759e-06   1.332952812011e-05   5.428617923313e-06   1.651334864503e-06   1.097426176282e-06   9.341900458805e-07  -1.163417198715e-04   1.482433590411e-03   2.347056832058e-03   9.244377957788e-04   2.810668238000e-04  -1.422599911176e-04   3.080210553028e-05   9.270745507513e-05
  -1.767714831404e-06  -2.528340725387e-06  -2.637102540502e-03  -5.045254060186e-03  -1.609020358674e-04   6.353140409497e-06  -4.129550769133e-03  -7.902066915600e-03  -2.520061282410e-04   9.872415641836e-06  -2.776369323726e-03  -5.324491236048e-03  -1.698414335911e-04  -5.043682470263e-06   1.472184017890e-04   2.771807484920e-04   8.825162976277e-06   9.023795956901e-04  -1.481754441534e-06  -2.064474465134e-04  -7.994846812105e-06   3.247512292315e-04  -3.381194362866e-03  -5.352357061353e-03  -2.106128325658e-03  -6.390099190553e-04  -3.715602815701e-04   2.424633640546e-04   1.853766621447e-07  -8.123703431021e-04  -1.281447313017e-03  -4.970448648237e-04  -1.522212092137e-04  -7.499246913223e-05  -3.174151955747e-04   1.041369860893e-04   4.845910147274e-03   7.670207863240e-03   3.011555476155e-03   9.185647514082e-04   4.726450526873e-04   2.522392184555e-04  -5.325702478309e-06  -6.604849865643e-04  -1.041011164186e-03  -4.024466537883e-04  -1.234492341035e-04  -9.114340812575e-05  -3.107712921995e-04  -1.033064034574e-04
   2.606493886242e-08   4.678683405038e-08  -1.602109933990e-04   1.395776469238e-04  -1.418543998513e-03  -1.374953156487e-07  -2.508710854939e-04   2.186094041918e-04  -2.221822819794e-03  -6.904119279581e-08  -1.684852507567e-04   1.472017062868e-04  -1.497231265094e-03   6.969423824531e-08   9.047131241583e-06  -7.727067955331e-06   7.797698693180e-05  -1.481754441534e-06   5.721414410621e-05  -2.151667815286e-05  -2.391877870324e-04  -2.041721504131e-05   1.509941214662e-04   2.388258723663e-04   9.373665460240e-05   2.862924576668e-05   2.486219536824e-07  -1.589627847837e-05  -8.402443736104e-05  -1.150334732258e-03  -1.820986135213e-03  -7.167006064159e-04  -2.180568219759e-04   1.032128193639e-04  -2.060022229102e-05   7.645015817338e-05   3.223733540314e-05   5.077729764190e-05   1.957331237283e-05   6.099979377137e-06  -5.219503256394e-06   1.190004379369e-05  -8.346484931984e-05   9.671107237839e-04   1.531369247256e-03   6.033497639427e-04   1.832821707888e-04  -1.022450628013e-04   2.832173254145e-05   5.285776620853e-05
   6.868092423431e-06   1.193778441593e-05   5.197081798468e-03  -1.242000795612e-03  -1.639535413781e-04  -3.170499594266e-05   8.138370068150e-03  -1.945283192203e-03  -2.568402417318e-04  -2.414454536655e-05   5.466864777790e-03  -1.308293514910e-03  -1.730508178013e-04  -2.566512154919e-06  -2.930666077984e-04   6.973673107313e-05   9.062456604500e-06  -2.064474465134e-04  -2.151667815286e-05   7.951496306905e-04  -1.505787911423e-05   4.121392442347e-04  -2.823278588294e-03  -4.463658082620e-03  -1.747473448649e-03  -5.350608153785e-04   1.247915149014e-04   3.781513329483e-04  -1.593052470962e-06   2.731067231128e-03   4.316748605659e-03   1.691680472155e-03   5.189401384736e-04   3.807322869627e-05  -4.870570899493e-06  -3.904501869738e-04  -2.821005838582e-03  -4.457978930530e-03  -1.737790676323e-03  -5.333885486613e-04  -6.059618359608e-05  -3.938541343944e-04  -1.208569665769e-05   2.894204883469e-03   4.575227276754e-03   1.793877451766e-03   5.499197212990e-04   2.768690156696e-05  -1.318665488774e-05   3.996444330913e-04
  -1.355668792311e-07  -2.276684931336e-07   4.802632294416e-05  -1.607875751035e-04   6.042166008020e-03   6.430485300091e-07   7.515850296236e-05  -2.518187420164e-04   9.463669022420e-03   4.875764337106e-07   5.045800652506e-05  -1.696154960435e-04   6.377328699002e-03  -3.626225982907e-07  -2.689658471782e-06   8.861774817738e-06  -3.321425689717e-04  -7.994846812105e-06  -2.391877870324e-04  -1.505787911423e-05   1.016013591199e-03   1.015873689048e-05  -6.057126813774e-05  -9.570521685316e-05  -3.737902570954e-05  -1.138495765825e-05  -1.073700341698e-06   2.196729295787e-07   3.562305725311e-04   4.513264021434e-03   7.145419038183e-03   2.813563661877e-03   8.555010575217e-04  -4.390666030002e-04   1.036167942500e-04  -2.717300052862e-04   3.659242797701e-05   5.808569808091e-05   2.308085877353e-05   7.020904386031e-06   7.532391982802e-06  -5.329253307594e-06   3.556631893174e-04  -4.489514432841e-03  -7.107874226706e-03  -2.798984622992e-03  -8.508863761186e-04   4.337528185232e-04  -1.027660363275e-04  -2.775241322493e-04
  -7.939989497986e-06  -1.405650465143e-05   2.041771962728e-03  -3.380358657093e-03  -4.572056795737e-05   3.761469650419e-05   3.197313958834e-03  -5.294462586655e-03  -7.163450854968e-05   2.608778081806e-05   2.146537493513e-03  -3.565869935576e-03  -4.826515956980e-05   4.669202142366e-06  -1.158827901255e-04   1.867047311897e-04   2.535115447314e-06   3.247512292315e-04  -2.041721504131e-05   4.121392442347e-04   1.015873689048e-05   4.338293688557e-04  -3.549373550592e-03  -5.617079873942e-03  -2.211853414140e-03  -6.748298543351e-04  -1.069823176225e-04   3.672297033509e-04   7.440689412438e-06   1.481875919078e-03   2.341785728224e-03   9.132798694975e-04   2.795426210168e-04  -2.521356977904e-05  -1.619209024237e-04  -2.096188739739e-04   6.421129943339e-04   1.018927228014e-03   4.008664379455e-04   1.195503160777e-04   2.032181024275e-04  -1.264442528847e-04  -2.153469953095e-06   1.452453509927e-03   2.295317028531e-03   8.952118099057e-04   2.739944772982e-04  -1.952408618410e-05  -1.688962375685e-04   2.030658776328e-04
  -8.352839897267e-03  -1.392554485840e-02  -1.219316748101e-02   3.045874704413e-02   5.464531642313e-04   3.501637441422e-02  -1.909889854737e-02   4.770047271757e-02   8.561768921270e-04   2.340225887880e-02  -1.282361395058e-02   3.212311388595e-02   5.771340134303e-04   5.696325002223e-03   7.022048219650e-04  -1.672481866811e-03  -3.052942302507e-05  -3.381194362866e-03   1.509941214662e-04  -2.823278588294e-03  -6.057126813774e-05  -3.549373550592e-03   3.688359194044e-02   5.702598702617e-02   1.770325015333e-02   5.031696404876e-03   1.799240244115e-03  -4.479903196147e-03  -8.006823690685e-05  -3.032941288099e-03  -6.125172647945e-03  -7.104500997923e-03  -2.537180240558e-03  -6.590083220530e-04   1.777936079641e-03   1.212269799054e-04  -3.028221939776e-03  -6.154296611678e-03  -7.153677423832e-03  -2.511788861339e-03  -7.950237426233e-04   1.724759499552e-03   3.173736143058e-05  -3.031714493572e-03  -6.123970047379e-03  -7.105769100253e-03  -2.537864837748e-03  -6.604274398223e-04   1.780731729618e-03  -5.765898504919e-05
  -1.192363247085e-02  -1.961668410907e-02  -1.927513250842e-02   4.820035760897e-02   8.655658538346e-04   4.867368898341e-02  -3.019087018964e-02   7.548605226606e-02   1.356135867630e-03   3.252977381835e-02  -2.027000449702e-02   5.083605606571e-02   9.141072864246e-04   7.922346551807e-03   1.108652194929e-03  -2.648229133832e-03  -4.828985952403e-05  -5.352357061353e-03   2.388258723663e-04  -4.463658082620e-03  -9.570521685316e-05  -5.617079873942e-03   5.702598702617e-02   8.837658916376e-02   2.818651822133e-02   8.084688903917e-03   2.732757606514e-03  -6.801159318957e-03  -1.215042402778e-04  -6.123372854932e-03  -1.153083920004e-02  -1.106042990237e-02  -3.889979700525e-03  -8.663299543413e-04   2.768856033533e-03   4.405045067634e-04  -6.142186340640e-03  -1.161950761374e-02  -1.115627974272e-02  -3.857940591881e-03  -1.491709158740e-03   2.524252421227e-03   4.872048240468e-05  -6.122753657504e-03  -1.153104065623e-02  -1.106323910341e-02  -3.891175361525e-03  -8.718786370229e-04   2.780894068114e-03  -3.436424395231e-04
   1.459556264748e-03   2.133837152739e-03  -7.556423607961e-03   1.894700000203e-02   3.418635696647e-04  -4.621461161496e-03  -1.183237207168e-02   2.967625390019e-02   5.355378023071e-04  -3.101438163483e-03  -7.940299546910e-03   1.998963674652e-02   3.608386570325e-04  -7.399590299322e-04   4.296052466028e-04  -1.046508013131e-03  -1.883477310875e-05  -2.106128325658e-03   9.373665460240e-05  -1.747473448649e-03  -3.737902570954e-05  -2.211853414140e-03   1.770325015333e-02   2.818651822133e-02   1.169696015718e-02   3.612276007586e-03   6.684787262551e-04  -1.659803582882e-03  -2.953816002047e-05  -7.102233854027e-03  -1.105795654293e-02  -3.720115107169e-03  -1.093011191713e-03   2.817517239261e-04   9.300953862382e-04   1.053918961257e-03  -7.139724794701e-03  -1.114402540841e-02  -3.782681693650e-03  -1.097279304892e-03  -1.408694337702e-03   2.727297607994e-04   1.380618013537e-05  -7.104266060110e-03  -1.106167985464e-02  -3.722565438588e-03  -1.093424892094e-03   2.676394033896e-04   9.618480833314e-04  -1.028875364130e-03
   8.411774671208e-04   1.345269151765e-03  -2.324654025252e-03   5.764965485088e-03   1.041773448086e-04  -3.241207744501e-03  -3.639847954120e-03   9.029808983599e-03   1.631903787610e-04  -2.170408148550e-03  -2.442306216407e-03   6.082703063112e-03   1.099445488773e-04  -5.226536318011e-04   1.317608369774e-04  -3.188519122629e-04  -5.721571445028e-06  -6.390099190553e-04   2.862924576668e-05  -5.350608153785e-04  -1.138495765825e-05  -6.748298543351e-04   5.031696404876e-03   8.084688903917e-03   3.612276007586e-03   1.134374103547e-03   1.710602263847e-04  -4.282127561511e-04  -7.604384636940e-06  -2.537611136821e-03  -3.890600570070e-03  -1.092165115047e-03  -3.015507914149e-04   1.335658604086e-04   2.704229144434e-04   3.906442428880e-04  -2.518803722869e-03  -3.869306726808e-03  -1.093007178693e-03  -2.979859387303e-04  -4.913097565108e-04   2.952398706356e-05   3.805963109547e-06  -2.538180982757e-03  -3.891660834644e-03  -1.092877227114e-03  -3.016301251816e-04   1.283020019671e-04   2.822355669381e-04  -3.840231674568e-04
  -7.401006514916e-04  -1.218222893486e-03   1.333185535494e-03   1.949659373745e-03   3.486173560838e-05   3.024087204931e-03   2.087266980615e-03   3.053174874797e-03   5.460672656247e-05   2.019946551378e-03   1.402558275045e-03   2.056860616813e-03   3.682598179218e-05   4.930900619311e-04  -7.394128626465e-05  -1.063272316303e-04  -1.935917119113e-06  -3.715602815701e-04   2.486219536824e-07   1.247915149014e-04  -1.073700341698e-06  -1.069823176225e-04   1.799240244115e-03   2.732757606514e-03   6.684787262551e-04   1.710602263847e-04   2.069991813803e-04  -2.056049568398e-04  -3.683104232021e-06   1.056184631529e-03   1.554082274470e-03   2.010021395488e-04   3.052923804255e-05  -4.580736978672e-05   1.464318254253e-04  -1.741600916628e-04  -1.487621715107e-03  -2.469374982987e-03  -1.374804782952e-03  -4.495278852417e-04  -8.739861132596e-05  -3.044622166266e-05   9.566077190430e-07   1.034935831509e-03   1.520469064508e-03   1.878089032919e-04   2.644931335995e-05  -4.133391556010e-05   1.405758680419e-04   1.778376857662e-04
   1.844542672200e-03   3.035375319817e-03   1.947822046797e-03  -2.745109853284e-03  -8.711140393334e-05  -7.533913053852e-03   3.051259565562e-03  -4.298375164790e-03  -1.364871739528e-04  -5.037742660824e-03   2.049922857613e-03  -2.893547610638e-03  -9.201270455797e-05  -1.222997580593e-03  -1.120322242853e-04   1.499344716068e-04   4.884211333958e-06   2.424633640546e-04  -1.589627847837e-05   3.781513329483e-04   2.196729295787e-07   3.672297033509e-04  -4.479903196147e-03  -6.801159318957e-03  -1.659803582882e-03  -4.282127561511e-04  -2.056049568398e-04   6.364407973301e-04   9.145467503471e-06  -1.822127688291e-04  -3.174439718262e-06   1.008728584635e-03   3.865458262007e-04   1.835840201930e-04  -1.791622218820e-04   9.194699665734e-05  -1.177148622964e-03  -1.573268891594e-03   3.973041818396e-04   1.937653486953e-04  -1.052950761332e-04  -3.538026987728e-04  -6.589916868729e-06  -1.345025741165e-04   7.244951981176e-05   1.038743380157e-03   3.957702685296e-04   1.776746781894e-04  -1.751901526854e-04  -9.694226587721e-05
   3.298743389107e-05   5.427442656677e-05   3.481110324078e-05  -8.706507862442e-05   2.117522217123e-03  -1.346640583454e-04   5.451459403987e-05  -1.363399876316e-04   3.316612842622e-03  -9.002732598627e-05   3.662040210425e-05  -9.180741023708e-05   2.234981294301e-03  -2.202031993319e-05  -1.992025292143e-06   4.770587634222e-06  -1.164003071509e-04   1.853766621447e-07  -8.402443736104e-05  -1.593052470962e-06   3.562305725311e-04   7.440689412438e-06  -8.006823690685e-05  -1.215042402778e-04  -2.953816002047e-05  -7.604384636940e-06  -3.683104232021e-06   9.145467503471e-06   1.250382631209e-04   1.568388116292e-03   2.488212148528e-03   9.978703432075e-04   3.048282562834e-04  -1.505959303058e-04   3.393943385626e-05  -9.208905401687e-05  -7.769590916766e-06  -7.075923724448e-06   1.545141392743e-05   6.022163127235e-06  -1.740102790590e-07  -7.058899034513e-06   1.246191421658e-04  -1.587581139574e-03  -2.508350707073e-03  -9.696338329016e-04  -2.933514112578e-04   1.553312255486e-04  -3.831072448259e-05  -1.005715106195e-04
  -8.354745030127e-03  -1.392884085789e-02   1.862344867933e-02  -4.792714210300e-03   2.658479481981e-02   3.502634149661e-02   2.915821655386e-02  -7.511792590954e-03   4.163895293762e-02   2.341159412554e-02   1.958098765304e-02  -5.058768716453e-03   2.805975099592e-02   5.688063305440e-03  -1.042561037924e-03   2.768802047294e-04  -1.461560091636e-03  -8.123703431021e-04  -1.150334732258e-03   2.731067231128e-03   4.513264021434e-03   1.481875919078e-03  -3.032941288099e-03  -6.123372854932e-03  -7.102233854027e-03  -2.537611136821e-03   1.056184631529e-03  -1.822127688291e-04   1.568388116292e-03   3.688241574848e-02   5.702335833351e-02   1.769736749354e-02   5.034407742180e-03  -2.755149001058e-03   7.014542397250e-04  -3.903356755147e-03  -3.057381910289e-03  -6.149194720170e-03  -7.078220406075e-03  -2.519017371600e-03   1.008797590760e-03  -3.602633538964e-04   1.564110233823e-03  -3.009178156827e-03  -6.132673984564e-03  -7.170377662947e-03  -2.527162879672e-03   1.149496971324e-03  -2.956673817442e-04   1.486492129810e-03
  -1.192689427557e-02  -1.962232913880e-02   2.942641145015e-02  -7.592215262221e-03   4.208960648351e-02   4.869059374637e-02   4.607305133401e-02  -1.189853329395e-02   6.592364398039e-02   3.254535738009e-02   3.094110350348e-02  -8.011829643657e-03   4.442473231591e-02   7.909403115070e-03  -1.648737701593e-03   4.370125791047e-04  -2.313906045924e-03  -1.281447313017e-03  -1.820986135213e-03   4.316748605659e-03   7.145419038183e-03   2.341785728224e-03  -6.125172647945e-03  -1.153083920004e-02  -1.105795654293e-02  -3.890600570070e-03   1.554082274470e-03  -3.174439718262e-06   2.488212148528e-03   5.702335833351e-02   8.837118637881e-02   2.817652048219e-02   8.088346635561e-03  -4.185448852763e-03   1.064422425850e-03  -5.924624732286e-03  -6.138821263714e-03  -1.153317243948e-02  -1.100637703948e-02  -3.860051263610e-03   1.365400174175e-03  -7.700880669852e-04   2.474824119760e-03  -6.133255829254e-03  -1.161784221835e-02  -1.119422985035e-02  -3.883039992259e-03   1.992889860051e-03  -5.063837234234e-04   2.094539590600e-03
   1.457209485607e-03   2.129986592042e-03   1.149902713119e-02  -3.002063103298e-03   1.657381377978e-02  -4.611056553429e-03   1.800740778793e-02  -4.701257201478e-03   2.595897041818e-02  -3.092718715201e-03   1.209701737425e-02  -3.161445308696e-03   1.749313065954e-02  -7.445147176392e-04  -6.493079525195e-04   1.672147306788e-04  -9.109214565310e-04  -4.970448648237e-04  -7.167006064159e-04   1.691680472155e-03   2.813563661877e-03   9.132798694975e-04  -7.104500997923e-03  -1.106042990237e-02  -3.720115107169e-03  -1.092165115047e-03   2.010021395488e-04   1.008728584635e-03   9.978703432075e-04   1.769736749354e-02   2.817652048219e-02   1.168907781838e-02   3.611048769059e-03  -1.025962661289e-03   2.585036430454e-04  -1.443398137397e-03  -7.066445580037e-03  -1.099641573658e-02  -3.679735876711e-03  -1.084668996560e-03  -2.814448360470e-04  -1.015081550976e-03   9.691457903440e-04  -7.171136517434e-03  -1.119513420459e-02  -3.813457669018e-03  -1.102308921201e-03   1.394544605657e-03  -3.326782233378e-04  -7.768647584527e-05
   8.377693137613e-04   1.339796056905e-03   3.524056361665e-03  -9.198678267608e-04   5.039105522155e-03  -3.227703753426e-03   5.518907166106e-03  -1.440249262434e-03   7.892563946939e-03  -2.160873037425e-03   3.707788537045e-03  -9.682026410372e-04   5.318599731084e-03  -5.223322894375e-04  -1.993758225478e-04   5.081503820592e-05  -2.769383255087e-04  -1.522212092137e-04  -2.180568219759e-04   5.189401384736e-04   8.555010575217e-04   2.795426210168e-04  -2.537180240558e-03  -3.889979700525e-03  -1.093011191713e-03  -3.015507914149e-04   3.052923804255e-05   3.865458262007e-04   3.048282562834e-04   5.034407742180e-03   8.088346635561e-03   3.611048769059e-03   1.134144199610e-03  -2.639941944877e-04   6.637553882827e-05  -3.732096226234e-04  -2.525355343233e-03  -3.870393220272e-03  -1.081055036906e-03  -3.001937889500e-04  -1.489891372627e-04  -3.658912436515e-04   2.942293778633e-04  -2.527035771441e-03  -3.882884005256e-03  -1.102598084036e-03  -2.989476117531e-04   4.710720097428e-04  -1.113586828529e-04  -9.028240265292e-05
   1.132708118388e-03   1.864695807949e-03   2.868765425906e-04   4.663447612611e-04  -2.602915267580e-03  -4.630258335597e-03   4.499063843826e-04   7.310952244422e-04  -4.076887756115e-03  -3.097012860571e-03   3.031872447545e-04   4.934459827651e-04  -2.747337636303e-03  -7.503009797983e-04  -1.704427931636e-05  -2.668328999024e-05   1.431327937357e-04  -7.499246913223e-05   1.032128193639e-04   3.807322869627e-05  -4.390666030002e-04  -2.521356977904e-05  -6.590083220530e-04  -8.663299543413e-04   2.817517239261e-04   1.335658604086e-04  -4.580736978672e-05   1.835840201930e-04  -1.505959303058e-04  -2.755149001058e-03  -4.185448852763e-03  -1.025962661289e-03  -2.639941944877e-04   3.180189780542e-04  -4.950007913115e-05   2.741181172862e-04  -1.383781394191e-03  -2.014259894007e-03  -1.702900217735e-04  -6.111663011483e-06  -2.035677827015e-04  -1.652352077573e-04  -1.546597690675e-04   1.129129869137e-03   1.964179886878e-03   1.395619831158e-03   4.723296816650e-04  -6.072225336378e-05   4.435939356226e-05  -3.896753169974e-05
  -2.890478380573e-04  -4.755403612415e-04   4.655182231538e-04   1.997177938272e-03   6.661131591871e-04   1.179703850011e-03   7.287998499317e-04   3.127881231633e-03   1.043318407810e-03   7.871280254884e-04   4.902608995431e-04   2.107148313069e-03   7.030781185235e-04   1.933217336601e-04  -2.544169040063e-05  -1.095978704364e-04  -3.662612997012e-05  -3.174151955747e-04  -2.060022229102e-05  -4.870570899493e-06   1.036167942500e-04  -1.619209024237e-04   1.777936079641e-03   2.768856033533e-03   9.300953862382e-04   2.704229144434e-04   1.464318254253e-04  -1.791622218820e-04   3.393943385626e-05   7.014542397250e-04   1.064422425850e-03   2.585036430454e-04   6.637553882827e-05  -4.950007913115e-05   1.372027541911e-04  -6.974893245447e-05  -1.290025423632e-03  -2.087399738031e-03  -9.788310584544e-04  -3.099041215718e-04  -1.291640616446e-04  -1.941726968995e-05   3.817467131979e-05  -2.499943645553e-04  -4.419275115227e-04  -3.346716893017e-04  -1.139860771505e-04   4.333096540589e-05   1.140823390126e-04   1.557387657695e-05
   1.607669794190e-03   2.645288883794e-03  -2.598869425144e-03   6.662826860510e-04  -1.578735795811e-03  -6.564887191222e-03  -4.068758165479e-03   1.044547886137e-03  -2.472728015840e-03  -4.388814088884e-03  -2.732059737473e-03   7.037397514488e-04  -1.666362164681e-03  -1.066010522694e-03   1.451510442958e-04  -3.889088978956e-05   8.682498300757e-05   1.041369860893e-04   7.645015817338e-05  -3.904501869738e-04  -2.717300052862e-04  -2.096188739739e-04   1.212269799054e-04   4.405045067634e-04   1.053918961257e-03   3.906442428880e-04  -1.741600916628e-04   9.194699665734e-05  -9.208905401687e-05  -3.903356755147e-03  -5.924624732286e-03  -1.443398137397e-03  -3.732096226234e-04   2.741181172862e-04  -6.974893245447e-05   5.133929743647e-04   8.590720244900e-05   3.825163849121e-04   1.025936534643e-03   3.798126614681e-04  -1.998507344623e-04  -1.482552338026e-06  -9.322436936255e-05  -1.510488112584e-03  -2.136319941200e-03   4.814782067171e-05   8.044080379681e-05   3.605550279632e-05  -1.382392641179e-06  -3.705940610593e-04
  -8.361349248223e-03  -1.394093642185e-02  -2.463440575740e-02  -2.163151242656e-02  -1.627172093544e-04   3.506698207735e-02  -3.858108237019e-02  -3.388529830696e-02  -2.545908519358e-04   2.348315243012e-02  -2.593372849426e-02  -2.284398464923e-02  -1.715170097588e-04   5.652015158780e-03   1.389350170528e-03   1.193115041319e-03   8.387783223759e-06   4.845910147274e-03   3.223733540314e-05  -2.821005838582e-03   3.659242797701e-05   6.421129943339e-04  -3.028221939776e-03  -6.142186340640e-03  -7.139724794701e-03  -2.518803722869e-03  -1.487621715107e-03  -1.177148622964e-03  -7.769590916766e-06  -3.057381910289e-03  -6.138821263714e-03  -7.066445580037e-03  -2.525355343233e-03  -1.383781394191e-03  -1.290025423632e-03   8.590720244900e-05   3.686020549318e-02   5.699744378066e-02   1.766411588996e-02   5.048853636737e-03   3.638971084748e-03   3.177327189434e-03   2.405986513236e-05  -3.056264889176e-03  -6.137588147089e-03  -7.067417809470e-03  -2.526073503673e-03  -1.385271423190e-03  -1.287083855668e-03  -1.060220082077e-04
  -1.194275774024e-02  -1.965135862004e-02  -3.895536655361e-02  -3.425925218282e-02  -2.572981869345e-04   4.878192321272e-02  -6.100886241016e-02  -5.366536939152e-02  -4.025968927851e-04   3.267661500755e-02  -4.100833631497e-02  -3.617763198738e-02  -2.712681101426e-04   7.856771085156e-03   2.195606617022e-03   1.888061136649e-03   1.332952812011e-05   7.670207863240e-03   5.077729764190e-05  -4.457978930530e-03   5.808569808091e-05   1.018927228014e-03  -6.154296611678e-03  -1.161950761374e-02  -1.114402540841e-02  -3.869306726808e-03  -2.469374982987e-03  -1.573268891594e-03  -7.075923724448e-06  -6.149194720170e-03  -1.153317243948e-02  -1.099641573658e-02  -3.870393220272e-03  -2.014259894007e-03  -2.087399738031e-03   3.825163849121e-04   5.699744378066e-02   8.834270580589e-02   2.812379531651e-02   8.108288407751e-03   5.527905369725e-03   4.823414738202e-03   3.655084211742e-05  -6.148542731889e-03  -1.153299799907e-02  -1.099862660263e-02  -3.871603284169e-03  -2.019912153581e-03  -2.075189814217e-03  -4.180942000128e-04
