ARMA_MAT_TXT_FN008
50 50
   1.000000000000e+00   8.784438346368e-01  -3.809656956674e-20  -7.683526872575e-20  -9.124881956329e-22   3.291794955376e-01  -4.555908770802e-22  -2.147011237025e-20   2.303201157262e-22   1.537612665257e-01   9.545870304727e-23   1.095064273038e-20  -3.856424146454e-22   6.556249676812e-02  -1.285058177467e-21  -1.285014646953e-21   7.898274656507e-23   5.295763778151e-39  -3.309852361345e-40   0.000000000000e+00  -3.309852361345e-40   0.000000000000e+00   1.208690651819e-02   7.487914372986e-02   7.949619906796e-02   4.891628696164e-02   3.329251913519e-02  -8.294228738614e-02  -1.484168691859e-03   1.208585501254e-02   7.487673994553e-02   7.949533974457e-02   4.891609771855e-02  -5.093384176290e-02   1.300484801222e-02  -7.228957999519e-02   1.205378141667e-02   7.480335090166e-02   7.946909518558e-02   4.891031742034e-02   6.718027455502e-02   5.873498086186e-02   4.436540287064e-04   1.208521972870e-02   7.487528759305e-02   7.949482053746e-02   4.891598337638e-02  -4.993338243308e-02   1.078241113785e-02   7.334199278223e-02
   8.784438346368e-01   1.000000000000e+00   0.000000000000e+00  -1.913469257523e-19   1.195918285952e-20   4.187995882560e-01   6.071408388119e-20   6.108149266016e-20  -3.817593291260e-21   1.871454501484e-01  -1.091587410739e-22  -1.091587410739e-22   3.992604729773e-23   7.831571041382e-02  -2.683419726651e-23  -2.683419726651e-23  -2.148457305026e-22   0.000000000000e+00  -8.640458641703e-40   0.000000000000e+00   0.000000000000e+00   0.000000000000e+00   1.098181774860e-02   8.975527390976e-02   9.551068784709e-02   5.829748589739e-02   4.006281027518e-02  -9.980924272647e-02  -1.785985868983e-03   1.098069153970e-02   8.975228618359e-02   9.550964188713e-02   5.829725925470e-02  -6.129134073972e-02   1.564940996393e-02  -8.698981121515e-02   1.094634579333e-02   8.966107049859e-02   9.547769733642e-02   5.829033661344e-02   8.082977104695e-02   7.066858667901e-02   5.337943883368e-04   1.098001112925e-02   8.975048101834e-02   9.550900991341e-02   5.829712231539e-02  -6.008726332756e-02   1.297499880394e-02   8.825598063939e-02
  -3.809656956674e-20   0.000000000000e+00   1.000000000000e+00   0.000000000000e+00   0.000000000000e+00   4.942298890760e-20   6.291202128136e-01   7.451569430061e-39  -4.657230893788e-40   9.303555173355e-20   2.202302509580e-01   7.697461434977e-39   0.000000000000e+00   4.169656581846e-20   5.734990148843e-02   1.892246068115e-39   0.000000000000e+00   1.329290505990e-20   0.000000000000e+00  -2.600864318147e-22  -8.308065662435e-22   4.504829142624e-22  -4.045063847840e-02  -6.575864922694e-02  -2.480625779539e-02  -5.681037318292e-03   3.882481906372e-02   1.392329664316e-01   2.491433696427e-03   6.188450764764e-02   1.006071179176e-01   3.795292462922e-02   8.691896074234e-03  -3.611062629020e-02   3.340139826273e-02  -1.856671488506e-01  -8.160541977354e-02  -1.328477558370e-01  -5.014415896429e-02  -1.148623859539e-02  -1.335704993912e-01  -1.994414751020e-01  -1.506478977634e-03   6.066868014196e-02   9.863316178046e-02   3.720869444223e-02   8.521488332639e-03  -3.103098754424e-02   2.715063928306e-02   1.846787295414e-01
  -7.683526872575e-20  -1.913469257523e-19   0.000000000000e+00   1.000000000000e+00  -2.832613952546e-39  -1.224152394880e-19   7.451569430061e-39   6.291202128136e-01  -2.084990405473e-39   9.303555173355e-20   7.697461434977e-39   2.202302509580e-01   0.000000000000e+00   4.169656581846e-20   1.892246068115e-39   5.734990148843e-02   0.000000000000e+00   4.504829142624e-22  -8.308065662435e-22  -7.674662314643e-21   0.000000000000e+00  -1.329290505990e-20   1.007754465201e-01   1.638257759996e-01   6.180030278529e-02   1.415327653614e-02   1.392329664316e-01  -2.521616754353e-01  -6.206956247841e-03  -1.580086222467e-02  -2.568783803029e-02  -9.690453328063e-03  -2.219286499331e-03   3.340139826273e-02   8.617854042981e-02   4.740606575301e-02  -7.134672789552e-02  -1.161473430752e-01  -4.384049092699e-02  -1.004229304723e-02  -1.994414751020e-01  -7.982155001254e-02  -1.317098128971e-03  -1.310054758173e-02  -2.129844305196e-02  -8.034693862696e-03  -1.840095467837e-03   2.715063928306e-02   8.884091635237e-02  -3.987877234232e-02
  -9.124881956329e-22   1.195918285952e-20   0.000000000000e+00  -2.832613952546e-39   1.000000000000e+00   7.650952468001e-21  -4.657230893788e-40  -2.084990405473e-39   6.291202128136e-01   1.681809045352e-22   0.000000000000e+00   0.000000000000e+00   2.202302509580e-01  -5.810422455859e-22   0.000000000000e+00   0.000000000000e+00   5.734990148843e-02   0.000000000000e+00   1.329290505990e-20  -9.593327893304e-22   4.504829142624e-22   0.000000000000e+00   1.803275112693e-03   2.931497253340e-03   1.105854172002e-03   2.532586281877e-04   2.491433696427e-03  -6.206956247841e-03   9.460100000629e-02   8.783168343912e-02   1.427900595569e-01   5.386597370383e-02   1.233626788832e-02  -1.856671488506e-01   4.740606575301e-02  -1.688075287925e-01  -5.389167205197e-04  -8.773176720710e-04  -3.311486636212e-04  -7.585434952864e-05  -1.506478977634e-03  -1.317098128971e-03   9.453800634976e-02  -8.910996380110e-02  -1.448720732886e-01  -5.465201166525e-02  -1.251633487124e-02   1.846787295414e-01  -3.987877234232e-02  -1.765518138799e-01
   3.291794955376e-01   4.187995882560e-01   4.942298890760e-20  -1.224152394880e-19   7.650952468001e-21   1.000000000000e+00   0.000000000000e+00   0.000000000000e+00   0.000000000000e+00   7.746967835845e-01   0.000000000000e+00   6.409591284546e-20   0.000000000000e+00   4.100964372946e-01   0.000000000000e+00  -1.861072622617e-20   0.000000000000e+00   2.906920839572e-38   0.000000000000e+00   0.000000000000e+00   0.000000000000e+00   0.000000000000e+00   1.894527401372e-01   4.282610770937e-01   4.642109493862e-01   3.144056961005e-01   1.452547238685e-01  -3.618758617325e-01  -6.475404058036e-03   1.894455684531e-01   4.282520106940e-01   4.642066713207e-01   3.144045503839e-01  -2.222311450687e-01   5.674188643878e-02  -3.154090793633e-01   1.892266324493e-01   4.279751593818e-01   4.640760118073e-01   3.143695551441e-01   2.934234628155e-01   2.565369312204e-01   1.937748874314e-03   1.894412353836e-01   4.282465327794e-01   4.642040864907e-01   3.144038581328e-01  -2.178705184810e-01   4.704607199857e-02   3.200075223286e-01
  -4.555908770802e-22   6.071408388119e-20   6.291202128136e-01   7.451569430061e-39  -4.657230893788e-40   0.000000000000e+00   1.000000000000e+00   0.000000000000e+00   0.000000000000e+00   0.000000000000e+00   6.534608721805e-01   0.000000000000e+00   0.000000000000e+00   0.000000000000e+00   2.263653730943e-01   0.000000000000e+00   0.000000000000e+00   1.680317406247e-19   0.000000000000e+00  -9.701317068206e-20   0.000000000000e+00   1.680317406247e-19  -1.449096705891e-01  -1.831923849689e-01  -8.644052293867e-02  -2.314973095116e-02   1.796016969043e-01   2.337755165853e-01   4.183177406524e-03   2.217018840496e-01   2.802765524146e-01   1.322519022432e-01   3.541872387048e-02   5.377815040904e-02   5.608306297245e-02  -3.117469011027e-01  -2.926702149199e-01  -3.701859875702e-01  -1.747405616537e-01  -4.680568703572e-02  -1.101361737278e-01  -3.351134870108e-01  -2.531276019922e-03   2.173508430310e-01   2.747787503250e-01   1.296586339558e-01   3.472433088502e-02   6.230421089502e-02   4.558828511664e-02   3.100916516011e-01
  -2.147011237025e-20   6.108149266016e-20   7.451569430061e-39   6.291202128136e-01  -2.084990405473e-39   0.000000000000e+00   0.000000000000e+00   1.000000000000e+00   0.000000000000e+00   1.168020590765e-19   0.000000000000e+00   6.534608721805e-01   0.000000000000e+00  -6.183078245701e-20   0.000000000000e+00   2.263653730943e-01   0.000000000000e+00   1.680317406247e-19   0.000000000000e+00  -9.701317068206e-20   0.000000000000e+00  -1.680317406247e-19   3.610162239218e-01   4.563906798204e-01   2.153509221178e-01   5.767336588937e-02   2.337755165853e-01  -3.089716619363e-01  -1.042162959283e-02  -5.660675115594e-02  -7.156251795239e-02  -3.376764501696e-02  -9.043400316564e-03   5.608306297245e-02   2.591094058271e-01   7.959778659530e-02  -2.558783748060e-01  -3.236495688546e-01  -1.527737659976e-01  -4.092170135473e-02  -3.351134870108e-01  -1.982397642666e-02  -2.213066998772e-03  -4.693385539943e-02  -5.933460369761e-02  -2.799795709328e-02  -7.498230519248e-03   4.558828511664e-02   2.635795648688e-01  -6.695992770887e-02
   2.303201157262e-22  -3.817593291260e-21  -4.657230893788e-40  -2.084990405473e-39   6.291202128136e-01   0.000000000000e+00   0.000000000000e+00   0.000000000000e+00   1.000000000000e+00   0.000000000000e+00   0.000000000000e+00   0.000000000000e+00   6.534608721805e-01   0.000000000000e+00   0.000000000000e+00   0.000000000000e+00   2.263653730943e-01   0.000000000000e+00   1.680317406247e-19   0.000000000000e+00   1.680317406247e-19   0.000000000000e+00   6.460021705256e-03   8.166651530748e-03   3.853487846100e-03   1.032006792972e-03   4.183177406524e-03  -1.042162959283e-02   2.732512530919e-01   3.146579077364e-01   3.977919896730e-01   1.877029914851e-01   5.026922344640e-02  -3.117469011027e-01   7.959778659530e-02  -1.690283525029e-01  -1.932774475717e-03  -2.444683440847e-03  -1.153974952761e-03  -3.091016188503e-04  -2.531276019922e-03  -2.213066998772e-03   2.731453715805e-01  -3.192442246859e-01  -4.035941516690e-01  -1.904421878186e-01  -5.100298639993e-02   3.100916516011e-01  -6.695992770887e-02  -1.820379149841e-01
   1.537612665257e-01   1.871454501484e-01   9.303555173355e-20   9.303555173355e-20   1.681809045352e-22   7.746967835845e-01   0.000000000000e+00   1.168020590765e-19   0.000000000000e+00   1.000000000000e+00   0.000000000000e+00   0.000000000000e+00   0.000000000000e+00   7.744077347687e-01   0.000000000000e+00   0.000000000000e+00   2.196478838351e-21   0.000000000000e+00   0.000000000000e+00   0.000000000000e+00   0.000000000000e+00   0.000000000000e+00   2.675796734745e-01   5.816170573106e-01   7.587319471966e-01   6.305890406446e-01   8.163785274595e-02  -2.033859383409e-01  -3.639386512752e-03   2.675758821457e-01   5.816106919930e-01   7.587269766737e-01   6.305870611159e-01  -1.249034282561e-01   3.189137211046e-02  -1.772734208942e-01   2.674600974752e-01   5.814162894941e-01   7.585751619360e-01   6.305265970944e-01   1.650108519629e-01   1.442671870014e-01   1.089720602342e-03   2.675735914137e-01   5.816068460395e-01   7.587239734509e-01   6.305858650683e-01  -1.224539536716e-01   2.644220778978e-02   1.798599764070e-01
   9.545870304727e-23  -1.091587410739e-22   2.202302509580e-01   7.697461434977e-39   0.000000000000e+00   0.000000000000e+00   6.534608721805e-01   0.000000000000e+00   0.000000000000e+00   0.000000000000e+00   1.000000000000e+00   0.000000000000e+00   0.000000000000e+00   0.000000000000e+00   6.530545656898e-01   0.000000000000e+00   0.000000000000e+00   0.000000000000e+00   0.000000000000e+00   0.000000000000e+00   5.808135058080e-21   0.000000000000e+00  -1.395991077585e-01  -2.343746134817e-01  -1.830170762456e-01  -7.288708736986e-02   2.401936850720e-01   9.930177753013e-02   1.776905290423e-03   2.135821870542e-01   3.585868507276e-01   2.800124311055e-01   1.115161523973e-01   1.867453592715e-01   2.382307666190e-02  -1.324244777381e-01  -2.821571113566e-01  -4.737652806595e-01  -3.700023327574e-01  -1.473703752991e-01   1.170243793479e-01  -1.424315709494e-01  -1.075855296783e-03   2.093935218503e-01   3.515551147217e-01   2.745222348132e-01   1.093298835480e-01   1.903660625151e-01   1.936530268863e-02   1.317228467601e-01
   1.095064273038e-20  -1.091587410739e-22   7.697461434977e-39   2.202302509580e-01   0.000000000000e+00   6.409591284546e-20   0.000000000000e+00   6.534608721805e-01   0.000000000000e+00   0.000000000000e+00   0.000000000000e+00   1.000000000000e+00   0.000000000000e+00   0.000000000000e+00   0.000000000000e+00   6.530545656898e-01   0.000000000000e+00   0.000000000000e+00   5.808135058080e-21   0.000000000000e+00   0.000000000000e+00   0.000000000000e+00   3.477859175371e-01   5.839019411080e-01   4.559539298571e-01   1.815849897937e-01   9.930177753013e-02   3.266039118650e-02  -4.426838013000e-03  -5.453356323852e-02  -9.155734834616e-02  -7.149508032423e-02  -2.847322256951e-02   2.382307666190e-02   2.739663842949e-01   3.381170841380e-02  -2.466868830968e-01  -4.142078143750e-01  -3.234890014560e-01  -1.288443107762e-01  -1.424315709494e-01   1.554093105311e-01  -9.406085444760e-04  -4.521558388756e-02  -7.591337898295e-02  -5.927921278323e-02  -2.360824956426e-02   1.936530268863e-02   2.758651801830e-01  -2.844369479513e-02
  -3.856424146454e-22   3.992604729773e-23   0.000000000000e+00   0.000000000000e+00   2.202302509580e-01   0.000000000000e+00   0.000000000000e+00   0.000000000000e+00   6.534608721805e-01   0.000000000000e+00   0.000000000000e+00   0.000000000000e+00   1.000000000000e+00   4.004499867429e-21   0.000000000000e+00   0.000000000000e+00   6.530545656898e-01   0.000000000000e+00   0.000000000000e+00   6.706656678545e-21   0.000000000000e+00   0.000000000000e+00   6.223278698295e-03   1.044833711993e-02   8.158836330057e-03   3.249280496795e-03   1.776905290423e-03  -4.426838013000e-03   2.799735881610e-01   3.031337527704e-01   5.089365328374e-01   3.974171265595e-01   1.582730762193e-01  -1.324244777381e-01   3.381170841380e-02   9.210116335363e-02  -1.863346644691e-03  -3.128714147389e-03  -2.443470596776e-03  -9.732240772527e-04  -1.075855296783e-03  -9.406085444760e-04   2.799285736885e-01  -3.075565367271e-01  -5.163630307045e-01  -4.032173825038e-01  -1.605833840879e-01   1.317228467601e-01  -2.844369479513e-02   8.657274773860e-02
   6.556249676812e-02   7.831571041382e-02   4.169656581846e-20   4.169656581846e-20  -5.810422455859e-22   4.100964372946e-01   0.000000000000e+00  -6.183078245701e-20   0.000000000000e+00   7.744077347687e-01   0.000000000000e+00   0.000000000000e+00   4.004499867429e-21   1.000000000000e+00   0.000000000000e+00   0.000000000000e+00   0.000000000000e+00   0.000000000000e+00   0.000000000000e+00   0.000000000000e+00   0.000000000000e+00   0.000000000000e+00   1.765452731147e-01   4.417544105097e-01   7.698462906216e-01   9.136197373355e-01   1.893104534167e-02  -4.716327403382e-02  -8.439392851645e-04   1.765444609964e-01   4.417525554562e-01   7.698437194034e-01   9.136177739046e-01  -2.896417649205e-02   7.395372114904e-03  -4.110838847114e-02   1.765196556947e-01   4.416958944350e-01   7.697651826760e-01   9.135578006469e-01   3.827502941176e-02   3.346344049466e-02   2.527657278846e-04   1.765439703084e-01   4.417514346185e-01   7.698421658522e-01   9.136165875824e-01  -2.839631182945e-02   6.131783869320e-03   4.170841220357e-02
  -1.285058177467e-21  -2.683419726651e-23   5.734990148843e-02   1.892246068115e-39   0.000000000000e+00   0.000000000000e+00   2.263653730943e-01   0.000000000000e+00   0.000000000000e+00   0.000000000000e+00   6.530545656898e-01   0.000000000000e+00   0.000000000000e+00   0.000000000000e+00   1.000000000000e+00   0.000000000000e+00   0.000000000000e+00   0.000000000000e+00   0.000000000000e+00   1.702705323581e-20   0.000000000000e+00  -2.949172130760e-20  -5.451671351243e-02  -1.245279149092e-01  -1.726032805498e-01  -1.318030527577e-01   1.126780992228e-01   1.424998808625e-02   2.549891839674e-04   8.340963356562e-02   1.905256433772e-01   2.640803819829e-01   2.016568970024e-01   1.050080486843e-01   3.418685351190e-03  -1.900332306390e-02  -1.102222424357e-01  -2.517745254756e-01  -3.489842998699e-01  -2.665008679648e-01   9.499661381606e-02  -2.044484146190e-02  -1.544298839931e-04   8.177431948359e-02   1.867902775800e-01   2.589030672869e-01   1.977035414269e-01   1.055275627122e-01   2.778995674707e-03   1.890273688422e-02
  -1.285014646953e-21  -2.683419726651e-23   1.892246068115e-39   5.734990148843e-02   0.000000000000e+00  -1.861072622617e-20   0.000000000000e+00   2.263653730943e-01   0.000000000000e+00   0.000000000000e+00   0.000000000000e+00   6.530545656898e-01   0.000000000000e+00   0.000000000000e+00   0.000000000000e+00   1.000000000000e+00   0.000000000000e+00  -2.949172130760e-20   0.000000000000e+00   0.000000000000e+00   0.000000000000e+00   0.000000000000e+00   1.358185273134e-01   3.102387675757e-01   4.300098421816e-01   3.283634571420e-01   1.424998808625e-02   8.289668907163e-02  -6.352594134166e-04  -2.129683467282e-02  -4.864657659412e-02  -6.742717831270e-02  -5.148869995593e-02   3.418685351190e-03   1.175245361555e-01   4.852084971789e-03  -9.636610363522e-02  -2.201237198458e-01  -3.051131646858e-01  -2.329988003661e-01  -2.044484146190e-02   1.005064444480e-01  -1.350163621824e-04  -1.765801334151e-02  -4.033473142180e-02  -5.590647339140e-02  -4.269129714837e-02   2.778995674707e-03   1.177970160748e-01  -4.081779979343e-03
   7.898274656507e-23  -2.148457305026e-22   0.000000000000e+00   0.000000000000e+00   5.734990148843e-02   0.000000000000e+00   0.000000000000e+00   0.000000000000e+00   2.263653730943e-01   2.196478838351e-21   0.000000000000e+00   0.000000000000e+00   6.530545656898e-01   0.000000000000e+00   0.000000000000e+00   0.000000000000e+00   1.000000000000e+00   0.000000000000e+00   0.000000000000e+00   0.000000000000e+00  -2.949172130760e-20   0.000000000000e+00   2.430335747489e-03   5.551410267880e-03   7.694593012441e-03   5.875733332166e-03   2.549891839674e-04  -6.352594134166e-04   1.183865886295e-01   1.183819474306e-01   2.704099722571e-01   3.748050262414e-01   2.862083809680e-01  -1.900332306390e-02   4.852084971789e-03   9.142631317835e-02  -7.279002986152e-04  -1.662702084693e-03  -2.304668916852e-03  -1.759953863087e-03  -1.544298839931e-04  -1.350163621824e-04   1.183801263658e-01  -1.201098595188e-01  -2.743569636690e-01  -3.802759990814e-01  -2.903863307835e-01   1.890273688422e-02  -4.081779979343e-03   9.063282145954e-02
   5.295763778151e-39   0.000000000000e+00   1.329290505990e-20   4.504829142624e-22   0.000000000000e+00   2.906920839572e-38   1.680317406247e-19   1.680317406247e-19   0.000000000000e+00   0.000000000000e+00   0.000000000000e+00   0.000000000000e+00   0.000000000000e+00   0.000000000000e+00   0.000000000000e+00  -2.949172130760e-20   0.000000000000e+00   1.000000000000e+00   0.000000000000e+00   0.000000000000e+00   0.000000000000e+00   0.000000000000e+00  -2.474520856985e-01  -1.601093172695e-01  -2.898939009735e-02  -2.850015937852e-03   2.326546552676e-01   2.285071338785e-01   6.866220487339e-03  -5.936325681166e-02  -3.841077483055e-02  -6.954749535782e-03  -6.837420114040e-04  -4.097477281341e-03   2.230255484056e-01   8.023602704298e-02   3.545615359479e-01   2.295769057912e-01   4.158516990631e-02   4.089097567719e-03   1.723079468712e-01   7.678484991961e-02   2.947873759583e-03  -4.825424953906e-02  -3.122316131317e-02  -5.653389347229e-03  -5.558034196623e-04  -5.216987973774e-03   2.230712587248e-01  -6.617348164099e-02
  -3.309852361345e-40  -8.640458641703e-40   0.000000000000e+00  -8.308065662435e-22   1.329290505990e-20   0.000000000000e+00   0.000000000000e+00   0.000000000000e+00   1.680317406247e-19   0.000000000000e+00   0.000000000000e+00   5.808135058080e-21   0.000000000000e+00   0.000000000000e+00   0.000000000000e+00   0.000000000000e+00   0.000000000000e+00   0.000000000000e+00   1.000000000000e+00   0.000000000000e+00   0.000000000000e+00   0.000000000000e+00   1.103132619186e-02   7.137616561888e-03   1.292336725974e-03   1.270526994092e-04   6.866220487339e-03  -1.018676696083e-02   3.863699866620e-01  -8.425331279816e-02  -5.451579310896e-02  -9.870763828376e-03  -9.704240072750e-04   8.023602704298e-02   3.165365632047e-01   5.324746674138e-02   2.341500609956e-03   1.516110492654e-03   2.746256737647e-04   2.700412616215e-05   2.947873759583e-03   5.070820004248e-04  -2.740541254806e-01   7.087568774553e-02   4.586047970489e-02   8.303680233464e-03   8.163622892529e-04  -6.617348164099e-02  -3.276463530033e-01   4.692556116450e-02
   0.000000000000e+00   0.000000000000e+00  -2.600864318147e-22  -7.674662314643e-21  -9.593327893304e-22   0.000000000000e+00  -9.701317068206e-20  -9.701317068206e-20   0.000000000000e+00   0.000000000000e+00   0.000000000000e+00   0.000000000000e+00   6.706656678545e-21   0.000000000000e+00   1.702705323581e-20   0.000000000000e+00   0.000000000000e+00   0.000000000000e+00   0.000000000000e+00   1.000000000000e+00   0.000000000000e+00   0.000000000000e+00  -2.065219552062e-01  -1.336262297240e-01  -2.419436274397e-02  -2.378605386140e-03  -3.893513721139e-02   9.699984933229e-02   1.372008416246e-02   1.989020111300e-01   1.286988075317e-01   2.330252320827e-02   2.290940026990e-03  -3.265157260741e-01   8.336868463527e-02   1.203226062167e-01  -2.065460728705e-01  -1.337375984289e-01  -2.422500091793e-02  -2.382060541166e-03  -7.904612499725e-02  -6.910916440383e-02  -4.107727425635e-03   2.108217200488e-01   1.364132824835e-01   2.469952963051e-02   2.428292514369e-03  -3.312418961412e-01   7.152702533344e-02  -1.057227660467e-01
  -3.309852361345e-40   0.000000000000e+00  -8.308065662435e-22   0.000000000000e+00   4.504829142624e-22   0.000000000000e+00   0.000000000000e+00   0.000000000000e+00   1.680317406247e-19   0.000000000000e+00   5.808135058080e-21   0.000000000000e+00   0.000000000000e+00   0.000000000000e+00   0.000000000000e+00   0.000000000000e+00  -2.949172130760e-20   0.000000000000e+00   0.000000000000e+00   0.000000000000e+00   1.000000000000e+00   0.000000000000e+00  -4.427905835525e-03  -2.864994967645e-03  -5.187359371738e-04  -5.099816462219e-05   4.163120722195e-03   6.866220487339e-03  -1.550865135214e-01   3.299803963897e-01   2.135125898573e-01   3.865911561911e-02   3.800692079062e-03   2.277649930469e-02   8.023602704298e-02  -2.085451550631e-01   2.678176642597e-03   1.734106620240e-03   3.141131212210e-04   3.088695327847e-05   1.301526172067e-03   2.947873759583e-03  -3.134593920448e-01  -3.282255495695e-01  -2.123800365607e-01  -3.845437123466e-02  -3.780576521528e-03  -3.548596778826e-02  -6.617348164099e-02  -2.173124324010e-01
   0.000000000000e+00   0.000000000000e+00   4.504829142624e-22  -1.329290505990e-20   0.000000000000e+00   0.000000000000e+00   1.680317406247e-19  -1.680317406247e-19   0.000000000000e+00   0.000000000000e+00   0.000000000000e+00   0.000000000000e+00   0.000000000000e+00   0.000000000000e+00  -2.949172130760e-20   0.000000000000e+00   0.000000000000e+00   0.000000000000e+00   0.000000000000e+00   0.000000000000e+00   0.000000000000e+00   1.000000000000e+00  -2.585781830958e-01  -1.673082537954e-01  -3.029282941491e-02  -2.978160159465e-03  -3.161560115502e-01   1.429333597565e-02   7.174943841510e-03   1.086703489504e-01   7.031474566049e-02   1.273136110631e-02   1.251657792413e-03   1.339711235618e-01   8.705385352575e-02  -1.468800319500e-01   4.777669749366e-02   3.093518407234e-02   5.603546581905e-03   5.510004828715e-04  -2.533323373278e-01   3.266614883358e-01   3.972220858209e-04   1.065228833665e-01   6.892618168694e-02   1.248004766032e-02   1.226954794924e-03   1.333441025861e-01   7.174589285351e-02   1.460801926075e-01
   1.208690651819e-02   1.098181774860e-02  -4.045063847840e-02   1.007754465201e-01   1.803275112693e-03   1.894527401372e-01  -1.449096705891e-01   3.610162239218e-01   6.460021705256e-03   2.675796734745e-01  -1.395991077585e-01   3.477859175371e-01   6.223278698295e-03   1.765452731147e-01  -5.451671351243e-02   1.358185273134e-01   2.430335747489e-03  -2.474520856985e-01   1.103132619186e-02  -2.065219552062e-01  -4.427905835525e-03  -2.585781830958e-01   1.000000000000e+00   7.063772200372e-01   3.736639626622e-01   1.837659445759e-01   1.389412859252e-16   3.697211553832e-17   1.251666892884e-18   1.093519476698e-03   3.901308608424e-02   1.288536182901e-01   1.240973300602e-01  -1.028651019854e-02   1.171759652352e-02  -8.647656848556e-03   1.108968714431e-03   3.925592099248e-02   1.291488878064e-01   1.242021314151e-01   4.202000851932e-03   1.751026683273e-02   2.381728472804e-04   1.094410889278e-03   3.902714944442e-02   1.288707500001e-01   1.241034148379e-01  -1.017111123430e-02   1.145358829470e-02   9.144940985142e-03
   7.487914372986e-02   8.975527390976e-02  -6.575864922694e-02   1.638257759996e-01   2.931497253340e-03   4.282610770937e-01  -1.831923849689e-01   4.563906798204e-01   8.166651530748e-03   5.816170573106e-01  -2.343746134817e-01   5.839019411080e-01   1.044833711993e-02   4.417544105097e-01  -1.245279149092e-01   3.102387675757e-01   5.551410267880e-03  -1.601093172695e-01   7.137616561888e-03  -1.336262297240e-01  -2.864994967645e-03  -1.673082537954e-01   7.063772200372e-01   1.000000000000e+00   7.889632276872e-01   4.631805400595e-01  -1.694117641212e-16   3.388235282423e-16   0.000000000000e+00   3.901308608424e-02   1.606184872129e-01   3.283050625901e-01   3.218971533578e-01  -6.977102995861e-02   7.947775895865e-02  -5.865506507134e-02   3.925592099248e-02   1.612513002763e-01   3.289245802159e-01   3.221491117032e-01   2.834201089156e-02   1.181047293361e-01   1.606448372944e-03   3.902714944442e-02   1.606551749900e-01   3.283410142131e-01   3.219117825114e-01  -6.896586570169e-02   7.766178286114e-02   6.200785315416e-02
   7.949619906796e-02   9.551068784709e-02  -2.480625779539e-02   6.180030278529e-02   1.105854172002e-03   4.642109493862e-01  -8.644052293867e-02   2.153509221178e-01   3.853487846100e-03   7.587319471966e-01  -1.830170762456e-01   4.559539298571e-01   8.158836330057e-03   7.698462906216e-01  -1.726032805498e-01   4.300098421816e-01   7.694593012441e-03  -2.898939009735e-02   1.292336725974e-03  -2.419436274397e-02  -5.187359371738e-04  -3.029282941491e-02   3.736639626622e-01   7.889632276872e-01   1.000000000000e+00   8.208664008791e-01   0.000000000000e+00   0.000000000000e+00   0.000000000000e+00   1.288536182901e-01   3.283050625901e-01   5.617957369284e-01   6.085770414962e-01  -7.684622354005e-02   8.753727206008e-02  -6.460303430954e-02   1.291488878064e-01   3.289245802159e-01   5.624927049689e-01   6.089687365917e-01   3.111316902214e-02   1.296524943204e-01   1.763519883751e-03   1.288707500001e-01   3.283410142131e-01   5.618361954251e-01   6.085997855053e-01  -7.594484633056e-02   8.552074428614e-02   6.828271973631e-02
   4.891628696164e-02   5.829748589739e-02  -5.681037318292e-03   1.415327653614e-02   2.532586281877e-04   3.144056961005e-01  -2.314973095116e-02   5.767336588937e-02   1.032006792972e-03   6.305890406446e-01  -7.288708736986e-02   1.815849897937e-01   3.249280496795e-03   9.136197373355e-01  -1.318030527577e-01   3.283634571420e-01   5.875733332166e-03  -2.850015937852e-03   1.270526994092e-04  -2.378605386140e-03  -5.099816462219e-05  -2.978160159465e-03   1.837659445759e-01   4.631805400595e-01   8.208664008791e-01   1.000000000000e+00  -5.198820882407e-17   0.000000000000e+00   0.000000000000e+00   1.240973300602e-01   3.218971533578e-01   6.085770414962e-01   8.170589154103e-01  -2.819235115593e-02   3.211454511963e-02  -2.370072783140e-02   1.242021314151e-01   3.221491117032e-01   6.089687365917e-01   8.174139507582e-01   1.139897801012e-02   4.750097717993e-02   6.461034027419e-04   1.241034148379e-01   3.219117825114e-01   6.085997855053e-01   8.170795327786e-01  -2.785947791570e-02   3.137228399151e-02   2.504871646244e-02
   3.329251913519e-02   4.006281027518e-02   3.882481906372e-02   1.392329664316e-01   2.491433696427e-03   1.452547238685e-01   1.796016969043e-01   2.337755165853e-01   4.183177406524e-03   8.163785274595e-02   2.401936850720e-01   9.930177753013e-02   1.776905290423e-03   1.893104534167e-02   1.126780992228e-01   1.424998808625e-02   2.549891839674e-04   2.326546552676e-01   6.866220487339e-03  -3.893513721139e-02   4.163120722195e-03  -3.161560115502e-01   1.389412859252e-16  -1.694117641212e-16   0.000000000000e+00  -5.198820882407e-17   1.000000000000e+00   0.000000000000e+00   0.000000000000e+00   1.028651019854e-02   6.977102995861e-02   7.684622354005e-02   2.819235115593e-02  -2.677485003890e-02   4.742433387690e-02  -3.499944419622e-02  -4.202000851932e-03  -2.834201089156e-02  -3.111316902214e-02  -1.139897801012e-02   8.135937869581e-03  -2.857243004925e-02  -3.886392528199e-04   1.017111123430e-02   6.896586570169e-02   7.594484633056e-02   2.785947791570e-02  -2.580717772185e-02   4.580087326809e-02   3.656900111368e-02
  -8.294228738614e-02  -9.980924272647e-02   1.392329664316e-01  -2.521616754353e-01  -6.206956247841e-03  -3.618758617325e-01   2.337755165853e-01  -3.089716619363e-01  -1.042162959283e-02  -2.033859383409e-01   9.930177753013e-02   3.266039118650e-02  -4.426838013000e-03  -4.716327403382e-02   1.424998808625e-02   8.289668907163e-02  -6.352594134166e-04   2.285071338785e-01  -1.018676696083e-02   9.699984933229e-02   6.866220487339e-03   1.429333597565e-02   3.697211553832e-17   3.388235282423e-16   0.000000000000e+00   0.000000000000e+00   0.000000000000e+00   1.000000000000e+00   0.000000000000e+00  -1.171759652352e-02  -7.947775895865e-02  -8.753727206008e-02  -3.211454511963e-02   4.742433387690e-02  -3.916464767908e-02   3.986865882823e-02  -1.751026683273e-02  -1.181047293361e-01  -1.296524943204e-01  -4.750097717993e-02  -2.857243004925e-02  -1.040723497165e-01  -1.619508719381e-03  -1.145358829470e-02  -7.766178286114e-02  -8.552074428614e-02  -3.137228399151e-02   4.580087326809e-02  -3.671061611301e-02  -4.117999237803e-02
  -1.484168691859e-03  -1.785985868983e-03   2.491433696427e-03  -6.206956247841e-03   9.460100000629e-02  -6.475404058036e-03   4.183177406524e-03  -1.042162959283e-02   2.732512530919e-01  -3.639386512752e-03   1.776905290423e-03  -4.426838013000e-03   2.799735881610e-01  -8.439392851645e-04   2.549891839674e-04  -6.352594134166e-04   1.183865886295e-01   6.866220487339e-03   3.863699866620e-01   1.372008416246e-02  -1.550865135214e-01   7.174943841510e-03   1.251666892884e-18   0.000000000000e+00   0.000000000000e+00   0.000000000000e+00   0.000000000000e+00   0.000000000000e+00   1.000000000000e+00   8.647656848556e-03   5.865506507134e-02   6.460303430954e-02   2.370072783140e-02  -3.499944419622e-02   3.986865882823e-02  -1.456582635065e-02  -2.381728472804e-04  -1.606448372944e-03  -1.763519883751e-03  -6.461034027419e-04  -3.886392528199e-04  -1.619508719381e-03   1.497053688221e-02  -9.144940985142e-03  -6.200785315416e-02  -6.828271973631e-02  -2.504871646244e-02   3.656900111368e-02  -4.117999237803e-02  -1.801423333834e-02
   1.208585501254e-02   1.098069153970e-02   6.188450764764e-02  -1.580086222467e-02   8.783168343912e-02   1.894455684531e-01   2.217018840496e-01  -5.660675115594e-02   3.146579077364e-01   2.675758821457e-01   2.135821870542e-01  -5.453356323852e-02   3.031337527704e-01   1.765444609964e-01   8.340963356562e-02  -2.129683467282e-02   1.183819474306e-01  -5.936325681166e-02  -8.425331279816e-02   1.989020111300e-01   3.299803963897e-01   1.086703489504e-01   1.093519476698e-03   3.901308608424e-02   1.288536182901e-01   1.240973300602e-01   1.028651019854e-02  -1.171759652352e-02   8.647656848556e-03   1.000000000000e+00   7.063772200372e-01   3.736639626622e-01   1.837659445759e-01  -1.540612516978e-18   7.909882497640e-17  -3.163952999056e-16   1.072443596904e-03   3.867869799085e-02   1.284451162619e-01   1.239520882315e-01   1.422184239632e-02   5.514228958115e-03   8.747668371719e-03   1.126336612656e-03   3.952666737589e-02   1.294767354176e-01   1.243183187443e-01   1.248268175421e-04  -2.777934259898e-04   1.820711611507e-02
   7.487673994553e-02   8.975228618359e-02   1.006071179176e-01  -2.568783803029e-02   1.427900595569e-01   4.282520106940e-01   2.802765524146e-01  -7.156251795239e-02   3.977919896730e-01   5.816106919930e-01   3.585868507276e-01  -9.155734834616e-02   5.089365328374e-01   4.417525554562e-01   1.905256433772e-01  -4.864657659412e-02   2.704099722571e-01  -3.841077483055e-02  -5.451579310896e-02   1.286988075317e-01   2.135125898573e-01   7.031474566049e-02   3.901308608424e-02   1.606184872129e-01   3.283050625901e-01   3.218971533578e-01   6.977102995861e-02  -7.947775895865e-02   5.865506507134e-02   7.063772200372e-01   1.000000000000e+00   7.889632276872e-01   4.631805400595e-01   3.388235282423e-16  -8.470588206058e-17   6.776470564846e-16   3.867869799085e-02   1.597447119530e-01   3.274475532614e-01   3.215479442402e-01   9.721588319805e-02   3.769347341791e-02   5.979621226153e-02   3.952666737589e-02   1.619551511027e-01   3.296121582777e-01   3.224284254765e-01   8.367346699335e-04  -1.862094982328e-03   1.220452911719e-01
   7.949533974457e-02   9.550964188713e-02   3.795292462922e-02  -9.690453328063e-03   5.386597370383e-02   4.642066713207e-01   1.322519022432e-01  -3.376764501696e-02   1.877029914851e-01   7.587269766737e-01   2.800124311055e-01  -7.149508032423e-02   3.974171265595e-01   7.698437194034e-01   2.640803819829e-01  -6.742717831270e-02   3.748050262414e-01  -6.954749535782e-03  -9.870763828376e-03   2.330252320827e-02   3.865911561911e-02   1.273136110631e-02   1.288536182901e-01   3.283050625901e-01   5.617957369284e-01   6.085770414962e-01   7.684622354005e-02  -8.753727206008e-02   6.460303430954e-02   3.736639626622e-01   7.889632276872e-01   1.000000000000e+00   8.208664008791e-01   0.000000000000e+00   0.000000000000e+00   0.000000000000e+00   1.284451162619e-01   3.274475532614e-01   5.608302807051e-01   6.080340700192e-01   1.075656750688e-01   4.170639385773e-02   6.616223323677e-02   1.294767354176e-01   3.296121582777e-01   5.632657162252e-01   6.094028949016e-01   9.151940410120e-04  -2.036700871688e-03   1.334892974172e-01
   4.891609771855e-02   5.829725925470e-02   8.691896074234e-03  -2.219286499331e-03   1.233626788832e-02   3.144045503839e-01   3.541872387048e-02  -9.043400316564e-03   5.026922344640e-02   6.305870611159e-01   1.115161523973e-01  -2.847322256951e-02   1.582730762193e-01   9.136177739046e-01   2.016568970024e-01  -5.148869995593e-02   2.862083809680e-01  -6.837420114040e-04  -9.704240072750e-04   2.290940026990e-03   3.800692079062e-03   1.251657792413e-03   1.240973300602e-01   3.218971533578e-01   6.085770414962e-01   8.170589154103e-01   2.819235115593e-02  -3.211454511963e-02   2.370072783140e-02   1.837659445759e-01   4.631805400595e-01   8.208664008791e-01   1.000000000000e+00   0.000000000000e+00   0.000000000000e+00   1.039764176481e-16   1.239520882315e-01   3.215479442402e-01   6.080340700192e-01   8.165666392461e-01   3.953638351447e-02   1.532942531630e-02   2.431830996040e-02   1.243183187443e-01   3.224284254765e-01   6.094028949016e-01   8.178073884212e-01   3.347993042297e-04  -7.450726340080e-04   4.883349529679e-02
  -5.093384176290e-02  -6.129134073972e-02  -3.611062629020e-02   3.340139826273e-02  -1.856671488506e-01  -2.222311450687e-01   5.377815040904e-02   5.608306297245e-02  -3.117469011027e-01  -1.249034282561e-01   1.867453592715e-01   2.382307666190e-02  -1.324244777381e-01  -2.896417649205e-02   1.050080486843e-01   3.418685351190e-03  -1.900332306390e-02  -4.097477281341e-03   8.023602704298e-02  -3.265157260741e-01   2.277649930469e-02   1.339711235618e-01  -1.028651019854e-02  -6.977102995861e-02  -7.684622354005e-02  -2.819235115593e-02  -2.677485003890e-02   4.742433387690e-02  -3.499944419622e-02  -1.540612516978e-18   3.388235282423e-16   0.000000000000e+00   0.000000000000e+00   1.000000000000e+00   0.000000000000e+00   0.000000000000e+00  -1.422184239632e-02  -9.721588319805e-02  -1.075656750688e-01  -3.953638351447e-02  -6.636952161155e-02  -3.142223475304e-02  -4.984763802987e-02  -1.248268175421e-04  -8.367346699335e-04  -9.151940410120e-04  -3.347993042297e-04   1.513765942508e-02   1.327144059453e-05  -8.698357747599e-04
   1.300484801222e-02   1.564940996393e-02   3.340139826273e-02   8.617854042981e-02   4.740606575301e-02   5.674188643878e-02   5.608306297245e-02   2.591094058271e-01   7.959778659530e-02   3.189137211046e-02   2.382307666190e-02   2.739663842949e-01   3.381170841380e-02   7.395372114904e-03   3.418685351190e-03   1.175245361555e-01   4.852084971789e-03   2.230255484056e-01   3.165365632047e-01   8.336868463527e-02   8.023602704298e-02   8.705385352575e-02   1.171759652352e-02   7.947775895865e-02   8.753727206008e-02   3.211454511963e-02   4.742433387690e-02  -3.916464767908e-02   3.986865882823e-02   7.909882497640e-17  -8.470588206058e-17   0.000000000000e+00   0.000000000000e+00   0.000000000000e+00   1.000000000000e+00   0.000000000000e+00  -5.514228958115e-03  -3.769347341791e-02  -4.170639385773e-02  -1.532942531630e-02  -3.142223475304e-02   2.488772646576e-03  -1.932740368358e-02   2.777934259898e-04   1.862094982328e-03   2.036700871688e-03   7.450726340080e-04   1.327144059453e-05   1.511408829253e-02   1.935759195635e-03
  -7.228957999519e-02  -8.698981121515e-02  -1.856671488506e-01   4.740606575301e-02  -1.688075287925e-01  -3.154090793633e-01  -3.117469011027e-01   7.959778659530e-02  -1.690283525029e-01  -1.772734208942e-01  -1.324244777381e-01   3.381170841380e-02   9.210116335363e-02  -4.110838847114e-02  -1.900332306390e-02   4.852084971789e-03   9.142631317835e-02   8.023602704298e-02   5.324746674138e-02   1.203226062167e-01  -2.085451550631e-01  -1.468800319500e-01  -8.647656848556e-03  -5.865506507134e-02  -6.460303430954e-02  -2.370072783140e-02  -3.499944419622e-02   3.986865882823e-02  -1.456582635065e-02  -3.163952999056e-16   6.776470564846e-16   0.000000000000e+00   1.039764176481e-16   0.000000000000e+00   0.000000000000e+00   1.000000000000e+00  -8.747668371719e-03  -5.979621226153e-02  -6.616223323677e-02  -2.431830996040e-02  -4.984763802987e-02  -1.932740368358e-02  -1.598852463123e-02  -1.820711611507e-02  -1.220452911719e-01  -1.334892974172e-01  -4.883349529679e-02  -8.698357747599e-04   1.935759195635e-03  -1.117297626116e-01
   1.205378141667e-02   1.094634579333e-02  -8.160541977354e-02  -7.134672789552e-02  -5.389167205197e-04   1.892266324493e-01  -2.926702149199e-01  -2.558783748060e-01  -1.932774475717e-03   2.674600974752e-01  -2.821571113566e-01  -2.466868830968e-01  -1.863346644691e-03   1.765196556947e-01  -1.102222424357e-01  -9.636610363522e-02  -7.279002986152e-04   3.545615359479e-01   2.341500609956e-03  -2.065460728705e-01   2.678176642597e-03   4.777669749366e-02   1.108968714431e-03   3.925592099248e-02   1.291488878064e-01   1.242021314151e-01  -4.202000851932e-03  -1.751026683273e-02  -2.381728472804e-04   1.072443596904e-03   3.867869799085e-02   1.284451162619e-01   1.239520882315e-01  -1.422184239632e-02  -5.514228958115e-03  -8.747668371719e-03   1.000000000000e+00   7.063772200372e-01   3.736639626622e-01   1.837659445759e-01   0.000000000000e+00   3.179359124226e-16  -3.129167232209e-19   1.073178451558e-03   3.869041860282e-02   1.284594723663e-01   1.239571974485e-01  -1.410939161940e-02  -5.784597006233e-03   8.772408154094e-03
   7.480335090166e-02   8.966107049859e-02  -1.328477558370e-01  -1.161473430752e-01  -8.773176720710e-04   4.279751593818e-01  -3.701859875702e-01  -3.236495688546e-01  -2.444683440847e-03   5.814162894941e-01  -4.737652806595e-01  -4.142078143750e-01  -3.128714147389e-03   4.416958944350e-01  -2.517745254756e-01  -2.201237198458e-01  -1.662702084693e-03   2.295769057912e-01   1.516110492654e-03  -1.337375984289e-01   1.734106620240e-03   3.093518407234e-02   3.925592099248e-02   1.612513002763e-01   3.289245802159e-01   3.221491117032e-01  -2.834201089156e-02  -1.181047293361e-01  -1.606448372944e-03   3.867869799085e-02   1.597447119530e-01   3.274475532614e-01   3.215479442402e-01  -9.721588319805e-02  -3.769347341791e-02  -5.979621226153e-02   7.063772200372e-01   1.000000000000e+00   7.889632276872e-01   4.631805400595e-01  -3.388235282423e-16   0.000000000000e+00  -2.647058814393e-18   3.869041860282e-02   1.597753855282e-01   3.274776971186e-01   3.215602289858e-01  -9.642083610455e-02  -3.953081003875e-02   5.994892988193e-02
