ARMA_MAT_TXT_FN008
145 145
   3.281310484495e-01   2.803970996154e-01   5.168046037193e-03   2.506011254839e-06   7.672489623524e-07  -4.698146330942e-02   2.000914290256e-03   8.889527769055e-07   1.553432852564e-07  -2.135539967550e-02   6.006342737705e-03   3.017801022259e-06   1.026601135383e-06  -6.277092937280e-03   5.839177812160e-03   2.581489679042e-06   9.942334877151e-07   6.450293234450e-07  -1.031930685587e-07  -4.317298780602e-04   1.636890829911e-07   7.475567020409e-04   5.488857125764e-04   8.678807857096e-04   2.141682142325e-03   5.798233095895e-03  -6.360283955375e-03  -1.868692069454e-03   3.411582488873e-03   9.112227985781e-03  -9.995499419695e-03   2.084920267225e-03   1.585791570315e-03   5.867298247674e-03  -6.436363121898e-03   2.577005998392e-03  -2.044303501865e-03  -4.515226413744e-04   4.941690575588e-04  -4.338026250527e-04   7.643852001287e-04  -1.859482184080e-04   4.757331484339e-04   1.806758797144e-04   5.490423762375e-04   8.681398608762e-04   2.140845492406e-03   2.611255165925e-03   8.201798863253e-03  -1.869448350399e-03   3.410246897568e-03   4.103724136281e-03   1.288949832814e-02   2.085197788235e-03   1.584758506602e-03   2.642102872394e-03   8.299351634876e-03   2.577222875508e-03  -2.044441481254e-03  -2.037728861196e-04  -6.378908874389e-04  -1.953576612988e-04  -4.439833893214e-04  -6.672695494133e-04  -6.133707660710e-04  -9.704061762255e-05   5.488817663219e-04   8.678702785933e-04   2.147596204992e-03  -8.406081316119e-03  -1.839826968625e-03  -1.868608464056e-03   3.420943689428e-03  -1.321057000718e-02  -2.891383474592e-03   2.084678701532e-03   1.591485085967e-03  -8.506817893153e-03  -1.861884730212e-03   2.577983347893e-03  -2.044234155530e-03   6.530560763767e-04   1.428010407248e-04   6.297540083663e-04  -3.204698864486e-04   4.793406779020e-04   1.378238163740e-04   5.638838381475e-04  -1.084396550292e-02  -1.844282557863e-02   3.093195147185e-03   5.506998096602e-03  -3.337641407935e-03  -1.747956502371e-06  -6.889420115601e-07  -9.019731880569e-06  -1.142221052974e-05  -1.818325816452e-05   3.558182624257e-08   1.324453352580e-08   3.711850027847e-05  -8.758556790557e-05   9.248776857427e-08   2.747143606330e-08   1.620345101472e-04   7.055835773258e-04   1.713195099083e-07   5.292563239390e-08   2.452984006668e-03   2.677132075949e-04   3.171248527993e-08   4.174129530881e-08   3.113017386313e-08  -5.929323382428e-10  -2.092855825383e-05   1.098812208617e-08   3.626604713895e-05  -2.007933226978e-05  -1.870669823634e-04  -7.993165221708e-04  -1.672676772449e-04   2.946985191764e-05   3.307708270838e-08   1.175752931110e-08  -1.151301755960e-05   2.987353149638e-04  -5.846259409887e-04  -7.333980806163e-04  -1.812077535790e-05   1.275317315968e-05   4.012472588068e-05  -1.150829238672e-05   2.987892951775e-04  -5.847352423237e-04  -7.335520561990e-04  -1.810931123789e-05   2.834289229119e-05  -3.113477222229e-05  -1.145171536401e-05   2.990089211615e-04  -5.851784580015e-04  -7.339062257338e-04  -1.804532958784e-05  -4.111902145908e-05  -8.999954851265e-06
   2.803970996154e-01   2.470170649539e-01   7.467626466984e-03   3.609766047587e-06   1.057194035576e-06  -8.104045491641e-02   3.472517341841e-03   1.573433627212e-06   3.174651891148e-07  -3.524558843066e-02   9.569843850894e-03   4.771600384664e-06   1.674347298266e-06  -1.006372434258e-02   9.538210100646e-03   4.199869508926e-06   1.616923504217e-06   1.003196905243e-06  -1.757747421839e-07  -6.838507099347e-04   2.404574943099e-07   1.184089754108e-03   7.645188459225e-04   1.204438700091e-03   3.767121789401e-03   1.003731988943e-02  -1.101024177694e-02  -2.359796168903e-03   6.049348701727e-03   1.586133031678e-02  -1.739872913248e-02   4.128895239290e-03   2.834787744778e-03   1.019035759306e-02  -1.117865775489e-02   4.292181219600e-03  -3.289718211258e-03  -7.585370519325e-04   8.302877575912e-04  -7.702880300061e-04   1.390797467863e-03  -3.499091979668e-04   8.447615004748e-04   3.487631806899e-04   7.647677496353e-04   1.204851486994e-03   3.765644454129e-03   4.520352354638e-03   1.419806596592e-02  -2.361007724322e-03   6.046975979112e-03   7.143221825433e-03   2.243617228176e-02   4.129475052900e-03   2.832960294846e-03   4.588833397793e-03   1.441426675084e-02   4.292370151218e-03  -3.289924394944e-03  -3.422691600946e-04  -1.071623365298e-03  -3.468801380254e-04  -8.078131742503e-04  -1.225658533610e-03  -1.089143859630e-03  -1.565397888654e-04   7.645029404548e-04   1.204407217747e-03   3.777404333905e-03  -1.455168382112e-02  -3.184905626018e-03  -2.359622126993e-03   6.065702143004e-03  -2.299501626990e-02  -5.032891466266e-03   4.128539742607e-03   2.844756520132e-03  -1.477458565160e-02  -3.233715812892e-03   4.293661943682e-03  -3.289585890090e-03   1.097207282107e-03   2.399391032971e-04   1.118308456332e-03  -5.831048231275e-04   8.605930168599e-04   2.447484186647e-04   1.046055124092e-03  -1.819182836536e-02  -3.071263597461e-02   4.808514161880e-03   9.006047038889e-03  -5.584531978929e-03  -2.925675281657e-06  -1.154305009467e-06  -1.376828924359e-05  -1.828962354753e-05  -3.931261520742e-05   6.634644579934e-08   2.388609598739e-08   6.417179307577e-05  -1.631679364627e-04   1.629947812673e-07   5.108839933026e-08   2.639364044083e-04   1.179914710327e-03   3.019841534558e-07   9.242350934188e-08   4.053896397838e-03   4.481831701354e-04   5.298651245991e-08   6.684771331248e-08   4.958260692485e-08  -1.410968858752e-09  -3.385852530158e-05   1.693483267104e-08   5.866788739170e-05  -4.044583957871e-05  -3.337296610070e-04  -1.333003390164e-03  -2.821524523043e-04   5.024103585934e-05   5.547309737917e-08   1.930948377896e-08  -1.525075238409e-05   4.985605643017e-04  -9.659025284078e-04  -1.210282811472e-03  -3.016809384034e-05   2.118494442141e-05   6.664973842494e-05  -1.524025692497e-05   4.986421124062e-04  -9.660613051817e-04  -1.210547055525e-03  -3.015063309795e-05   4.707972819274e-05  -5.171564997930e-05  -1.513408207002e-05   4.990351387729e-04  -9.668225586077e-04  -1.211103228079e-03  -3.004154577258e-05  -6.830118235375e-05  -1.494913729781e-05
   5.168046037193e-03   7.467626466984e-03   4.017025663733e-02   8.346792729072e-06   3.701198585150e-06  -1.719266267148e-02   6.699374510402e-02   1.125759985032e-05   4.806498306212e-06  -3.696614831353e-02   2.550412912893e-02   6.561377830481e-06   2.100395938126e-06  -4.820752480146e-03   2.721609213777e-04   2.223154387302e-07   2.423868279504e-08  -1.169416651953e-05   1.427220771398e-06   4.746215674624e-03  -4.137572929143e-06  -8.228884425094e-03  -1.593199094594e-03  -2.685136738098e-03  -4.316757572584e-03  -9.034262353227e-03   9.905501945551e-03   7.753196463963e-03  -6.434696439018e-03  -1.418046113554e-02   1.554816747252e-02   6.304268050505e-03  -8.553571649000e-03  -1.052749385689e-02   1.154118682640e-02   2.072137388405e-03  -4.824571052765e-03  -5.236799074124e-04   5.716298215686e-04  -1.439814655904e-04  -1.195617739122e-03   6.388841554892e-04   1.577044030398e-04  -8.849936411463e-04  -1.593044085417e-03  -2.684884922964e-03  -4.313039630507e-03  -4.068933656730e-03  -1.277195990676e-02   7.752532587713e-03  -6.428907399630e-03  -6.386687049222e-03  -2.004747111897e-02   6.304352818977e-03  -8.549452295572e-03  -4.741983016075e-03  -1.488171034111e-02   2.073587082012e-03  -4.824689779033e-03  -2.369126927387e-04  -7.386182700857e-04  -6.508892743626e-05   6.941596681943e-04   1.391357047058e-03  -2.040014022928e-04  -4.505761102152e-04  -1.595121965300e-03  -2.688333320105e-03  -4.335567883333e-03   1.311355887501e-02   2.869631652113e-03   7.762161160925e-03  -6.463979225960e-03   2.058311088903e-02   4.504213182687e-03   6.303409964687e-03  -8.574255377872e-03   1.527465519345e-02   3.342367744983e-03   2.065144124147e-03  -4.825301936315e-03   7.542226201702e-04   1.648600957641e-04   2.054303580449e-04   5.021425638589e-04  -4.025690920681e-04   4.493734861611e-05  -1.487032294776e-03  -3.537029515915e-02  -5.039810512863e-02  -1.270643165163e-02   2.230604143245e-04  -2.902149143842e-03  -1.789103320831e-06  -7.176802079270e-07  -4.717980974787e-05  -7.532974593961e-05  -4.815222705471e-05  -1.073572884187e-07  -4.307993232529e-08   2.098837787684e-04  -6.330475903736e-05  -1.947726001312e-07  -8.610859309170e-08  -1.924039239475e-05   1.258406770130e-04   5.964376768788e-08   1.758323883526e-08   1.872241407602e-04  -1.251781198750e-03  -5.120839257990e-07  -1.582026237445e-07   1.648744734911e-08  -3.949292734793e-09  -1.751956156316e-05   6.814423268808e-09   3.038781243842e-05  -3.451147546241e-05  -1.742809529796e-04   1.175604062311e-04   8.925184168941e-04   1.079503466918e-05  -3.702055202264e-09  -2.315409439758e-09  -6.714940580342e-06   3.716283048522e-04  -1.881751016879e-04   2.764835385902e-05  -1.883813739634e-05   1.600405629737e-05   5.025893566069e-05  -6.745141225680e-06   3.716080661939e-04  -1.883155818036e-04   2.785813711875e-05  -1.883864481502e-05   3.552706054662e-05  -3.898910199612e-05  -6.891992334893e-06   3.715172874113e-04  -1.889842469147e-04   2.912051318325e-05  -1.882630630140e-05  -5.151633057689e-05  -1.126815985001e-05
   2.506011254839e-06   3.609766047587e-06   8.346792729072e-06   2.366641744034e-02   4.245119848039e-07  -8.179915598467e-06   1.151462763998e-05   4.466452194509e-02   6.413671805710e-07  -1.866581738311e-05   6.557012435810e-06   1.164097188464e-02  -1.918584644841e-07  -1.859263028228e-06  -2.095232270282e-06   1.126413992169e-04   3.758694758821e-08   7.350933735409e-03  -5.027940167023e-03   5.774426727001e-03   1.383146534736e-06   3.321236064195e-03  -1.778870070008e-03  -2.953449766678e-03  -8.698367281337e-03  -1.025449727689e-02   1.665133620464e-02   8.255344169578e-03  -1.340252961454e-02  -1.557518033575e-02   2.567167167681e-02  -1.245879616484e-03  -8.916122185222e-03  -1.085116729979e-02   1.653528810879e-02  -6.678094094291e-03   1.657916488122e-04  -3.060453838448e-04  -2.963262455388e-04   5.469601732403e-04  -1.060745850474e-03   7.773328244319e-04  -9.327353159055e-04   1.673621728537e-05  -8.014234807196e-04  -1.330610577996e-03  -3.917684505213e-03   1.848739879865e-03  -9.671091737385e-03   3.719351966423e-03  -6.036380468217e-03   3.084602727907e-03  -1.491010408370e-02  -5.596187720873e-04  -4.016527524952e-03   1.167939766001e-03  -9.603897211691e-03  -3.005623175485e-03   7.352013830927e-05  -5.216373130898e-04   1.717522636964e-04  -1.309600062992e-04  -3.197458546970e-04   8.157643448078e-04   5.415474050112e-04   2.761498697851e-04   2.577862266937e-03   4.279963138188e-03   1.262593958622e-02  -2.697133960287e-02  -6.981555427521e-03  -1.196281793286e-02   1.945417406060e-02  -4.134742576231e-02  -1.076350120277e-02   1.814322412530e-03   1.293707106167e-02  -2.744847232396e-02  -6.932274655464e-03   9.688392646123e-03  -2.458197010754e-04  -7.288194811691e-06   1.245260638531e-04   1.486284125972e-03  -8.295932368323e-04   9.444251412516e-04   3.918296545173e-04   1.168528680828e-03  -1.757950543394e-05  -2.459854377091e-05  -7.165167748284e-06  -1.709018197200e-06  -1.695281460741e-06   6.002408037561e-04  -8.757292338335e-09   2.586489791092e-08   4.711005046273e-08   6.672188922929e-08   8.853840011398e-05   6.423540544436e-08  -1.068535326028e-07   2.081555353807e-07   1.504728675806e-04   1.343493104792e-07  -5.579712341498e-07   2.158979008996e-07   1.748794311502e-05   7.979610254056e-08  -5.608407967764e-07  -2.273124853241e-06  -2.236343869860e-04   2.724118983279e-07   2.795465611266e-06   6.035702905183e-06  -6.990792936817e-06  -1.254439239225e-08  -3.954448291371e-06   8.870991427953e-08  -5.667420987460e-08   9.736368617093e-07   1.890144134468e-06   1.607726471010e-08   1.003541941305e-05   4.728026287436e-09  -2.094101706288e-05  -3.519980709952e-05  -1.101321326471e-04  -1.147562986277e-05   5.303953886538e-07   1.937599265394e-06  -6.270944528405e-06  -4.622467954295e-05  -7.821792312990e-05  -2.443662257717e-04  -2.692757183844e-05   1.239341409588e-06  -5.959321529900e-06   1.085564485022e-05   6.688601983362e-05   1.140667983804e-04   3.535517891505e-04   3.875621515661e-05  -1.831218618849e-06  -1.695436402037e-05  -4.565012103781e-06
   7.672489623524e-07   1.057194035576e-06   3.701198585150e-06   4.245119848039e-07   2.366737899531e-02  -1.914789815660e-06   5.095912799767e-06   6.388528471859e-07   4.466579486178e-02  -8.438394818609e-06   2.422378664214e-06  -1.726739488749e-07   1.164052094432e-02  -9.484555011063e-07  -6.375193473110e-07  -3.760684943698e-08   1.124972507271e-04   1.383109993569e-06   6.668808856289e-03   4.359282729275e-03   7.343082109558e-03   2.511912546861e-03   1.950668477652e-03   3.238655104086e-03   9.537017171380e-03   1.665130538016e-02  -1.333616319778e-02  -9.052322725476e-03   1.469472444970e-02   2.567144405815e-02  -2.032605531407e-02   1.371610990058e-03   9.773183148848e-03   1.653438808603e-02  -1.390997808300e-02   7.329532722580e-03  -1.849499014753e-04  -2.968479404969e-04  -2.505764025307e-04  -9.327964047573e-04   1.270775872852e-03   1.537217927799e-04   7.196696444431e-04   5.623635694657e-04  -2.516039854907e-03  -4.177353872915e-03  -1.229709602146e-02  -9.671120908991e-03  -2.544224354560e-02   1.167627114428e-02  -1.894740352541e-02  -1.491001470102e-02  -3.899000954394e-02  -1.766343442577e-03  -1.260272713469e-02  -9.603225980298e-03  -2.593063500943e-02  -9.448133913319e-03   2.364580130940e-04   1.721778656477e-04  -3.555135861113e-05   5.416002862497e-04   1.109937259736e-03   1.263663297349e-03   1.397440300792e-03   1.182399892503e-04   5.641429622335e-04   9.366271544814e-04   2.762815047775e-03  -6.981500382113e-03   3.399357575945e-03  -2.617906829578e-03   4.256975414705e-03  -1.076337130888e-02   5.475246588599e-03   3.978399723644e-04   2.830526380360e-03  -6.932050639327e-03   2.708051475640e-03   2.120959693901e-03  -5.415976829265e-05   1.246823529440e-04  -5.489825206562e-04   3.918380826065e-04   5.494184999754e-04   4.977438575938e-04  -2.182359162854e-04   4.237532675158e-04  -6.893586715893e-06  -9.597143574195e-06  -2.645205243703e-06  -4.413080838969e-07  -6.943612952633e-07  -9.789930118160e-09   6.003393448919e-04   6.836423262503e-09   1.288641397710e-08   1.796516047552e-08   3.759538147754e-08   8.823562347031e-05  -2.769991186847e-08   5.731899721878e-08   7.602724229325e-08   1.498433199317e-04  -1.416222124441e-07   1.407642345598e-07   5.283720358450e-09   1.725510859981e-05   3.312932830421e-08  -8.979335263551e-07  -1.104591535861e-07  -2.238967358806e-04  -1.195023288496e-09  -7.967180655470e-06  -5.222305869525e-06   2.834126129273e-06  -2.983012589046e-06   2.693049779560e-08  -6.117177957946e-08   3.026993221785e-07   6.949000249430e-07   9.404784922365e-09   5.023313509094e-09   1.000542943272e-05  -6.511009559299e-05  -1.106331168670e-04  -3.452705268180e-04  -3.844265559971e-05   1.809708483302e-06  -6.330909772053e-06  -1.591512065695e-05   5.042356988808e-05   8.597597683268e-05   2.674095592653e-04   2.969272982855e-05  -1.424487567021e-06   1.091025308001e-05  -8.027796062750e-06   1.459537980599e-05   2.499444760119e-05   7.725003518625e-05   8.798633581333e-06  -4.111098666003e-07  -4.582503209424e-06   2.931103940324e-06
  -4.698146330942e-02  -8.104045491641e-02  -1.719266267148e-02  -8.179915598467e-06  -1.914789815660e-06   2.325219473812e-01  -9.335840728855e-03  -4.114090268660e-06  -2.606712306440e-07   9.813015316574e-02  -2.484478278210e-02  -1.222924298336e-05  -4.289472646835e-06   2.646240886010e-02  -2.632157226354e-02  -1.153816681983e-05  -4.461638963271e-06  -2.624244821144e-06   5.787492663250e-07   1.842415432963e-03  -4.965214218040e-07  -3.189884652670e-03  -1.018058474666e-03  -1.491536960059e-03  -1.138525135934e-02  -2.926502855753e-02   3.210135919360e-02   8.925665903917e-04  -1.835643987869e-02  -4.642892021272e-02   5.092861685813e-02  -1.644689032896e-02  -8.892072249807e-03  -2.976448282692e-02   3.265062486952e-02  -1.184849002007e-02   8.806825771426e-03   2.159720383259e-03  -2.364432739665e-03   2.274180815887e-03  -4.197067096209e-03   1.087201321088e-03  -2.494110672676e-03  -1.106545933568e-03  -1.018584161193e-03  -1.492409450285e-03  -1.138111026655e-02  -1.317998343107e-02  -4.139664384854e-02   8.951267604060e-04  -1.834974003913e-02  -2.091000245218e-02  -6.567530119841e-02  -1.644964912704e-02  -8.886881296005e-03  -1.340369123828e-02  -4.210220692562e-02  -1.184872856007e-02   8.807337064696e-03   9.743157149847e-04   3.051218637630e-03   1.024105916265e-03   2.437761145555e-03   3.729983513040e-03   3.215607729060e-03   4.183233859283e-04  -1.017946247026e-03  -1.491338127394e-03  -1.141541366123e-02   4.242671230152e-02   9.285831733987e-03   8.917686557942e-04  -1.840455941171e-02   6.730967157221e-02   1.473192225127e-02  -1.644625581178e-02  -8.921488360050e-03   4.315354516443e-02   9.444950624421e-03  -1.185207084452e-02   8.806429654732e-03  -3.124379812247e-03  -6.833162450717e-04  -3.301882679090e-03   1.759694060683e-03  -2.565812585818e-03  -7.226467295771e-04  -3.210915816620e-03   5.046829904127e-02   8.447392836036e-02  -1.270438658610e-02  -2.469950879264e-02   1.550449643313e-02   8.128087557435e-06   3.218374168839e-06   4.089872971243e-05   6.325287712022e-05   2.205134724132e-04  -3.733346265423e-07  -1.214385834729e-07  -2.209974416581e-04   6.245445625725e-04  -7.493885996794e-07  -2.377647078127e-07  -8.483914043713e-04  -3.123580096431e-03  -1.024502944513e-06  -3.084972076608e-07  -1.156348296936e-02  -1.252316159284e-03  -9.801182069567e-08  -1.718648225308e-07  -9.842951170873e-08  -5.331718964738e-09   7.929238255531e-05  -3.312305434376e-08  -1.373338276945e-04   1.992004108913e-04   1.070838183532e-03   3.771181868322e-03   7.950851391841e-04  -1.459622732770e-04  -1.685116313446e-07  -5.682851579188e-08  -9.709606299445e-06  -1.390258431662e-03   2.716088767888e-03   3.457767651215e-03   8.138349340773e-05  -5.806184697270e-05  -1.826396210516e-04  -9.770037008725e-06  -1.390493560492e-03   2.716444245283e-03   3.458554735604e-03   8.133772333823e-05  -1.290206098443e-04   1.417106555993e-04  -1.036015769737e-05  -1.392042065948e-03   2.718397178562e-03   3.460000550665e-03   8.101260383165e-05   1.871914497355e-04   4.096997024342e-05
   2.000914290256e-03   3.472517341841e-03   6.699374510402e-02   1.151462763998e-05   5.095912799767e-06  -9.335840728855e-03   1.135701561481e-01   1.507995537195e-05   6.228092930213e-06  -5.349150563177e-02   4.192521715435e-02   9.333698729211e-06   2.879781763965e-06  -7.288914840725e-03  -9.769042453734e-04  -7.090521567823e-08  -8.836183933384e-08  -2.037529686006e-05   2.529701413365e-06   7.951445285464e-03  -7.324171320813e-06  -1.378738611588e-02  -2.580401303921e-03  -4.358893541440e-03  -6.254052475806e-03  -1.827926837430e-02   2.004384122932e-02   1.236752402354e-02  -9.366666811811e-03  -2.870674530410e-02   3.147817599455e-02   8.296487748470e-03  -1.254728970861e-02  -2.088603195711e-02   2.289996525007e-02   2.339880932582e-03  -7.438271123408e-03  -6.640516986674e-04   7.240218731634e-04  -1.072497475771e-04  -2.419698012978e-03   1.205348894766e-03   1.173175720859e-04  -1.639480908446e-03  -2.580111829423e-03  -4.358415973248e-03  -6.247555153581e-03  -8.232084220321e-03  -2.584267971777e-02   1.236625924073e-02  -9.356507640394e-03  -1.292807694604e-02  -4.058509134022e-02   8.296534523429e-03  -1.254030561908e-02  -9.406727151650e-03  -2.952587825502e-02   2.342722951524e-03  -7.438513766465e-03  -3.007396822087e-04  -9.360051504529e-04  -4.873372022310e-05   1.404901114342e-03   2.728241415977e-03  -1.524578887938e-04  -7.602863613213e-04  -2.583153949528e-03  -4.363506305340e-03  -6.289821884477e-03   2.653351138937e-02   5.806582280216e-03   1.238038344433e-02  -9.422423338549e-03   4.166874107686e-02   9.118801487032e-03   8.291826097296e-03  -1.258592980106e-02   3.030756119396e-02   6.632255844698e-03   2.326480128595e-03  -7.439474435902e-03   9.548038654754e-04   2.086383998827e-04   1.492452870382e-04   1.016069661112e-03  -9.021640800673e-04   3.262887108793e-05  -2.857360888584e-03  -5.553135695335e-02  -7.750671355108e-02  -2.151621500062e-02  -7.261397683477e-04  -3.584239199827e-03  -2.394208620619e-06  -9.736978586980e-07  -4.200691894706e-06  -9.875621653804e-06   1.162782374776e-04  -1.834613292327e-07  -6.529031005892e-08   5.743876085984e-05   2.641365613501e-04  -3.312546856369e-07  -1.287766207709e-07  -2.946466794265e-04  -5.538076183398e-05  -5.873565552271e-08  -9.233332248347e-09  -5.399708451501e-04  -2.546582645404e-03  -9.442375522580e-07  -2.985613754559e-07   4.273362890489e-08  -1.078568239266e-08  -3.699002855982e-05   1.465082590639e-08   6.415066972935e-05   7.785384047667e-05   4.417009048943e-05   8.394770868567e-04   1.948052859126e-03  -3.359987817906e-06  -2.542734472224e-08  -9.402320088509e-09  -1.132779953996e-04   2.953029398646e-04  -1.631910606669e-04   1.806894394047e-04  -1.934079332796e-05   1.497862881618e-05   4.702483772083e-05  -1.133232594510e-04   2.952566395735e-04  -1.634124224482e-04   1.810695343922e-04  -1.934349229366e-05   3.324289524679e-05  -3.647826347273e-05  -1.136633392989e-04   2.948965137096e-04  -1.643348208158e-04   1.831396138201e-04  -1.936699873206e-05  -4.818870933932e-05  -1.053968298858e-05
   8.889527769055e-07   1.573433627212e-06   1.125759985032e-05   4.466452194509e-02   6.388528471859e-07  -4.114090268660e-06   1.507995537195e-05   8.441558809376e-02   9.202999837315e-07  -2.707058838255e-05   9.081563197782e-06   2.229071574313e-02  -4.054522265284e-07  -2.692897752474e-06  -4.755188778276e-06   1.510621667128e-04   8.213752346320e-08   1.385741973043e-02  -9.255789688035e-03   1.062948749865e-02   2.505899821487e-06   6.114349261843e-03  -2.597439527239e-03  -4.347929885848e-03  -1.634303411441e-02  -1.891553614231e-02   3.222492744285e-02   1.210706493092e-02  -2.517061206070e-02  -2.870992956978e-02   4.964446704158e-02  -5.247443778906e-03  -1.670720250459e-02  -1.986276589993e-02   3.217754275215e-02  -1.239562457574e-02   3.451392149691e-04  -6.401077579247e-04  -4.530038209565e-04   1.017572016894e-03  -1.996323674419e-03   1.502808143101e-03  -1.766363142181e-03   4.705151855706e-05  -1.170244377566e-03  -1.958914032214e-03  -7.360324879064e-03   4.506797214890e-03  -1.871602080846e-02   5.454806871898e-03  -1.133594168300e-02   7.373615320180e-03  -2.883320873656e-02  -2.361255434734e-03  -7.525372057230e-03   3.525309457005e-03  -1.868867231333e-02  -5.579200597679e-03   1.537487253582e-04  -9.698021110573e-04   2.626134930374e-04  -2.662009400661e-04  -6.450332198221e-04   1.565160302722e-03   1.025603771994e-03   5.336346216706e-04   3.763741908898e-03   6.300190484826e-03   2.372476039645e-02  -5.126619615461e-02  -1.351091034791e-02  -1.754290448911e-02   3.653934313784e-02  -7.854719187424e-02  -2.081418816579e-02   7.619944325953e-03   2.424614316714e-02  -5.216076472800e-02  -1.348996787013e-02   1.798148355311e-02  -5.085287092223e-04  -1.837423454023e-04   1.903083604380e-04   2.796093443224e-03  -1.574644137767e-03   1.772584154465e-03   7.419633328701e-04   2.207263025985e-03  -2.751123259998e-05  -3.751172729396e-05  -1.223705325337e-05  -3.841998906851e-06  -2.264134447707e-06   1.132671647956e-03  -2.007994754156e-08   7.743821485512e-08   1.388885029916e-07   2.051010062114e-07   1.067967942296e-04   1.212237418945e-07  -3.516354307202e-07   5.607633483794e-07   1.882414637387e-04   2.572659121359e-07  -1.192733550532e-06   1.272496925352e-07  -1.905425630245e-05   1.637384784481e-07  -1.906590283027e-06  -4.330212106165e-06  -5.039414809086e-04   5.398550563056e-07   1.153469344430e-05   5.799267251402e-06  -6.768734296474e-06  -2.449898152693e-08  -3.768242060630e-06   2.024729612367e-07   4.497186013992e-08   2.230889449745e-06   3.697669833859e-06   1.940872404788e-08   1.612122798071e-05   8.510201540592e-09  -2.383788118965e-05  -4.474181125520e-05  -1.869740183097e-04  -7.318631763444e-05   1.569610465624e-06  -4.306406000199e-07  -8.412881733709e-06  -5.238367046408e-05  -9.923058006703e-05  -4.151627025501e-04  -1.654956944439e-04   3.594280785541e-06  -1.104008065705e-05   1.457874858162e-05   7.560691976900e-05   1.445735247077e-04   6.009088842116e-04   2.398115886974e-04  -5.256982289049e-06  -2.578429363814e-05  -6.124295410602e-06
   1.553432852564e-07   3.174651891148e-07   4.806498306212e-06   6.413671805710e-07   4.466579486178e-02  -2.606712306440e-07   6.228092930213e-06   9.202999837315e-07   8.441700019786e-02  -1.255116507679e-05   3.173213349191e-06  -3.592927898474e-07   2.228977423177e-02  -1.691159544210e-06  -1.332167098937e-06  -6.279789130560e-08   1.507996377821e-04   2.499231455142e-06   1.227640533206e-02   8.024508718583e-03   1.384276437529e-02   4.624383807640e-03   2.848115191970e-03   4.767513567982e-03   1.791966295074e-02   3.222389678900e-02  -2.487880655449e-02  -1.327518757184e-02   2.759873545775e-02   4.964251404299e-02  -3.789633069412e-02   5.763529162271e-03   1.831526975358e-02   3.217503092396e-02  -2.581491309907e-02   1.360368607194e-02  -3.831632058014e-04  -4.537569246434e-04  -5.554416511896e-04  -1.766330760853e-03   2.399297401192e-03   3.185027421208e-04   1.344496103463e-03   1.083472827014e-03  -3.673509853056e-03  -6.149176236682e-03  -2.310438648837e-02  -1.871521171999e-02  -4.830627691245e-02   1.712268340657e-02  -3.558383602106e-02  -2.883166999384e-02  -7.398734312318e-02  -7.429758717101e-03  -2.361567898876e-02  -1.868664252008e-02  -4.920580693814e-02  -1.753627666835e-02   4.910665502713e-04   2.632384348989e-04  -2.267916805128e-04   1.025576594585e-03   2.106095422088e-03   2.377911122489e-03   2.627966614785e-03   2.118006837368e-04   8.236693228021e-04   1.378747125109e-03   5.191762534667e-03  -1.351066999462e-02   7.508081261805e-03  -3.839076951539e-03   7.996010051048e-03  -2.081374704894e-02   1.199732363639e-02   1.668800682470e-03   5.305391615974e-03  -1.348945230964e-02   6.522835701789e-03   3.936275290869e-03  -1.118105019200e-04   1.905464958773e-04  -1.011582660861e-03   7.419604780438e-04   1.084064634288e-03   9.567887306145e-04  -4.315520577024e-04   8.114691659260e-04  -1.058901683423e-05  -1.437855365348e-05  -4.166604162250e-06  -8.667986340775e-07  -9.950248268830e-07  -2.304960944984e-08   1.132831644814e-03   2.549324202802e-08   4.556703322866e-08   7.775822140827e-08   3.194055388876e-08   1.063305200498e-04  -1.136110714983e-07   1.935193939020e-07   8.484221256868e-08   1.871964609770e-04  -3.317661030067e-07   1.822597594951e-07  -2.754182160133e-08  -1.942126807890e-05  -2.341059358244e-07  -1.694598593043e-06  -2.282815096001e-07  -5.045120497604e-04   2.356363752995e-09  -7.626552448434e-06  -5.013040527331e-06   1.159788047987e-05  -2.834620701552e-06   7.790603900428e-08  -3.477078553542e-08   7.205526450273e-07   1.358181585937e-06   1.265926194421e-08   7.295017017377e-09   1.607179540253e-05  -7.361683782911e-05  -1.402709130574e-04  -5.867962552933e-04  -2.350581789051e-04   5.180521683228e-06  -8.519269566739e-06  -2.442648275837e-05   5.694794817927e-05   1.090017029902e-04   4.545280245157e-04   1.821434098408e-04  -4.050525295140e-06   1.467128199600e-05  -1.382603707242e-05   1.644804117290e-05   3.164955210158e-05   1.313096032479e-04   5.313275528676e-05  -1.169849644967e-06  -6.155014653695e-06   9.087116349316e-07
  -2.135539967550e-02  -3.524558843066e-02  -3.696614831353e-02  -1.866581738311e-05  -8.438394818609e-06   9.813015316574e-02  -5.349150563177e-02  -2.707058838255e-05  -1.255116507679e-05   9.129465396600e-02  -2.123809988410e-02  -1.063648046491e-05  -4.170946376811e-06  -9.083014363946e-05  -9.340327464047e-03  -3.613796081201e-06  -1.319059492708e-06   8.587023052330e-06  -3.994175331316e-07  -4.942929310824e-03   2.931463469149e-06   8.561037648864e-03   1.194239321494e-02   2.011693987833e-02   7.785505367159e-03  -9.506711423932e-03   1.043526606629e-02  -6.033401772360e-02   1.168551887884e-02  -1.435332834523e-02   1.575517798241e-02  -6.051247508935e-02   1.550158330095e-02  -8.079293030404e-03   8.874281062913e-03  -6.368199355014e-03   7.513053734553e-03   2.030788685275e-03  -2.223456071763e-03   6.558027928203e-04  -7.508041209236e-04   3.350819519955e-05  -7.188986709783e-04   8.037619965825e-05   1.194271966673e-02   2.011749490376e-02   7.788373038855e-03  -4.277864301929e-03  -1.345043968432e-02  -6.033560445716e-02   1.168996533569e-02  -6.458742040809e-03  -2.030743234277e-02  -6.051389761023e-02   1.550458428695e-02  -3.633221237615e-03  -1.143485805436e-02  -6.367917713054e-03   7.513268298271e-03   9.161321861999e-04   2.869436139350e-03   2.954023644080e-04   4.361243060640e-04   5.062713412997e-04   9.269930450503e-04   3.531702017757e-04   1.194237275823e-02   2.011691266916e-02   7.775572227748e-03   1.379435280745e-02   3.019868659135e-03  -6.033403786138e-02   1.167037153003e-02   2.082677296567e-02   4.559391690439e-03  -6.051200702915e-02   1.549379572595e-02   1.173288756499e-02   2.569187595654e-03  -6.370307041937e-03   7.513668149918e-03  -2.937965095102e-03  -6.425580555948e-04  -9.510598068102e-04   3.145987231088e-04  -6.197784767914e-04  -2.080968555083e-04  -2.954177437386e-04   4.756868103040e-02   7.281427710387e-02   1.062583969710e-02  -4.729703048394e-03   7.493818059730e-03   3.929100219721e-06   1.567083532231e-06   9.964810004724e-05   1.144831084835e-04  -5.329969577177e-04   8.831449894539e-07   2.092818060872e-07  -1.795327662280e-04  -6.564700867254e-04   1.307257619692e-06   3.075704200650e-07  -1.590908991555e-03  -2.194258110572e-03   4.214126758237e-07   6.243365342945e-08  -7.970700985028e-03  -1.362851925730e-03   1.065878538495e-07  -7.819624786537e-09  -1.729060959723e-07   6.275942227028e-08   5.207243782437e-05  -4.819779009341e-08  -9.050471472564e-05  -4.626749177664e-04  -3.789521779002e-04   2.405380827668e-03   1.433997080832e-03   1.458922363892e-05   2.984172999155e-08   3.880335044490e-09   1.768839005512e-04  -2.294766166066e-04   1.828878814106e-03   1.887830192853e-03  -2.983874167269e-05   9.628821536779e-08  -2.011920895056e-08   1.769338099776e-04  -2.294313511828e-04   1.829092981787e-03   1.888001124105e-03  -2.984958088417e-05   8.600681194818e-08   4.768883201267e-08   1.783376118116e-04  -2.271590355658e-04   1.830790431695e-03   1.888132195442e-03  -2.986372922897e-05  -2.292141236825e-07  -3.785231039290e-08
   6.006342737705e-03   9.569843850894e-03   2.550412912893e-02   6.557012435810e-06   2.422378664214e-06  -2.484478278210e-02   4.192521715435e-02   9.081563197782e-06   3.173213349191e-06  -2.123809988410e-02   1.979454233381e-02   5.123986773468e-06   1.852886186629e-06  -1.030228208365e-02   4.027424047911e-03   1.588479665665e-06   7.578532474681e-07  -3.955857169976e-06   3.491899328998e-07   1.670172109932e-03  -1.677083518102e-06  -2.895261305843e-03   1.446346695303e-03   2.389981128317e-03   4.921746931646e-03  -5.580079295203e-03   6.117737844441e-03  -6.838240449712e-03   7.712214142071e-03  -8.535207696564e-03   9.357639019458e-03  -6.092762214469e-03   4.639473234317e-03  -6.428162246350e-03   7.046259154059e-03   1.460019758128e-03  -3.307670672825e-03  -2.023039361039e-04   2.198713674021e-04  -4.234598276885e-04  -5.453133617648e-04   4.019619527201e-04   4.643752651724e-04  -5.950640566739e-04   1.446215363857e-03   2.389752266244e-03   4.922758348518e-03  -2.512646705166e-03  -7.886686591132e-03  -6.837492622224e-03   7.713816841496e-03  -3.843294278822e-03  -1.206338052755e-02  -6.091507366812e-03   4.640087648414e-03  -2.894903264752e-03  -9.084224641942e-03   1.460820784891e-03  -3.307975708337e-03  -9.179529160411e-05  -2.845884804120e-04  -1.908381831787e-04   3.164931069085e-04   7.450017913165e-04  -5.991446284370e-04  -3.968609580412e-04   1.447322933935e-03   2.391668065139e-03   4.904388163459e-03   8.098864411564e-03   1.772369988699e-03  -6.843570238919e-03   7.685639413323e-03   1.238809345368e-02   2.711035239205e-03  -6.101903836718e-03   4.618841515399e-03   9.325738967007e-03   2.040775091251e-03   1.456296029985e-03  -3.308460070834e-03   2.899146053684e-04   6.320800831737e-05   6.119587837748e-04   2.291299445873e-04  -7.304407548989e-05   1.339234252339e-04  -8.701773913326e-04  -2.317782149814e-02  -3.233829036754e-02  -2.791356404997e-03   5.059806073149e-03  -2.711862749125e-03  -1.453784982504e-06  -6.056832166483e-07  -1.212916812196e-04  -2.015447999521e-04   3.738493436850e-04   1.347169308594e-06   3.962780801173e-07   4.863004891625e-04   6.870317351709e-04   2.101174025053e-06   6.255406719882e-07   5.816580375199e-05   1.735857676903e-04   1.252085523727e-06   3.684258502896e-07   7.942052540990e-04  -1.799601531945e-03  -6.395088091513e-07  -1.619789722182e-07  -4.746849533024e-08   5.655256792789e-08  -5.579644449717e-05  -1.260430005241e-08   9.634144684381e-05   4.496949928293e-04   7.024686857287e-04   8.456010225202e-04   1.725775092065e-03  -4.993677377677e-05   5.588349127180e-08   1.700523285658e-08  -4.401903069141e-05   1.041477259331e-04  -4.165103635112e-04  -5.483136403814e-04   5.061323611012e-06   1.309902477760e-05   4.091398599220e-05  -4.388714640543e-05   1.043611243632e-04  -4.165217877440e-04  -5.483747671149e-04   5.076530631015e-06   2.899429579251e-05  -3.171002985278e-05  -4.233822283538e-05   1.069782840282e-04  -4.156035262040e-04  -5.477277354732e-04   5.167217857813e-06  -4.214064664331e-05  -9.217043756613e-06
   3.017801022259e-06   4.771600384664e-06   6.561377830481e-06   1.164097188464e-02  -1.726739488749e-07  -1.222924298336e-05   9.333698729211e-06   2.229071574313e-02  -3.592927898474e-07  -1.063648046491e-05   5.123986773468e-06   8.144535270731e-03  -2.088480812040e-07  -4.044322251520e-06  -1.807030649200e-06   1.140293550792e-03   9.977053546078e-08   2.311982013697e-03  -1.305050512421e-03   1.498962495553e-03   2.594432620648e-07   8.610520422961e-04   6.353882849820e-04   1.119703303482e-03  -8.810767032862e-03   1.260771827315e-03   1.031139882923e-02  -3.649268395513e-03  -1.347614674408e-02   1.981131290302e-03   1.584353725333e-02  -7.515262419182e-03  -1.047385690411e-02   3.207148605107e-03   1.063219313350e-02  -2.978387071777e-03  -4.888266078525e-05  -3.631887340515e-04   8.634840324620e-05   2.661157502885e-04  -3.524509759902e-04   5.211207004431e-04  -6.408928051776e-04   2.574787489334e-04   2.865072509577e-04   5.048407725934e-04  -3.967637532250e-03   8.755330613766e-03  -5.988224543632e-03  -1.645028328681e-03  -6.068504458042e-03   1.349663769875e-02  -9.200885267736e-03  -3.385549828640e-03  -4.717029609924e-03   1.093472609243e-02  -6.174643108023e-03  -1.339750077053e-03  -2.257069693616e-05  -3.007466660086e-04  -5.023910465595e-05  -1.996664057843e-04  -4.682199776231e-04   4.892553604664e-04   3.720220645195e-04   2.628188766323e-04  -9.194533587975e-04  -1.620532313686e-03   1.278304043892e-02  -9.087701569489e-03  -4.322648237211e-03   5.282920926395e-03   1.955195749216e-02  -1.391959568311e-02  -6.641831696705e-03   1.089033335194e-02   1.519178341287e-02  -7.460554972958e-03  -4.456576713502e-03   4.323276374705e-03   6.793661738170e-05  -4.496678903666e-04  -3.613983377884e-05   9.111748685259e-04  -3.877558515105e-04   3.770965717831e-04   2.691872446955e-04   2.787084313210e-04  -1.139941763882e-05  -1.565369261928e-05  -2.816426434824e-06  -3.259194249294e-07  -1.344412052540e-06   1.417450959865e-04  -1.651688051586e-08   1.764483756934e-07   2.484948499502e-07   1.916828920771e-06  -1.556902943065e-04   1.521936195249e-07  -5.759683950662e-07   3.152856370256e-06  -1.988236584494e-04   2.971036658865e-07  -7.510803393120e-07   1.326891098672e-06  -1.881631525734e-04   2.814485246197e-07  -3.447560620377e-06  -1.340699705739e-06  -3.571501521586e-04   2.871438341985e-07   2.343819820572e-05  -1.340347691243e-05   1.514433179499e-05  -3.310915215263e-08   9.164660577564e-06   1.630555462971e-06   2.625196625168e-06   2.581569697315e-06   1.478456533796e-06  -1.489978565843e-07   1.270340081935e-06   5.267392227231e-09   3.887307218932e-05   5.297419010312e-05   5.244874527612e-05  -1.142802659696e-04  -1.786258001354e-06  -2.228821486906e-05   1.677418617565e-05   8.753365395433e-05   1.190221729927e-04   1.161322490246e-04  -2.558773267623e-04  -3.946724988889e-06  -1.284484992983e-06  -2.891199406855e-05  -1.284763733930e-04  -1.748858779759e-04  -1.687873373749e-04   3.723342607608e-04   5.854215178338e-06   2.803421791830e-05   1.218396191165e-05
   1.026601135383e-06   1.674347298266e-06   2.100395938126e-06  -1.918584644841e-07   1.164052094432e-02  -4.289472646835e-06   2.879781763965e-06  -4.054522265284e-07   2.228977423177e-02  -4.170946376811e-06   1.852886186629e-06  -2.088480812040e-07   8.144406880087e-03  -1.882388820304e-06  -2.894900092257e-07   7.961504479467e-09   1.140010289877e-03   2.923091055160e-07   1.730660517726e-03   1.131155768577e-03   2.309790678240e-03   6.515850151446e-04  -6.961972988272e-04  -1.226983033986e-03   9.662098979853e-03   1.031377863854e-02  -6.447311461984e-04   3.999612394425e-03   1.477833750717e-02   1.584721403760e-02  -9.468114136042e-04   8.241599326208e-03   1.148473116903e-02   1.063515598079e-02   1.243944266779e-03   3.270373077546e-03   5.191194264770e-05   8.623884707690e-05  -3.788105599072e-04  -6.410322486781e-04   4.874255155060e-04   3.727416622796e-04   3.848772079908e-04   2.627150136371e-04   8.982154203959e-04   1.582947913533e-03  -1.245640443620e-02  -5.990551909168e-03  -8.142678953190e-03  -5.159500416422e-03  -1.905223035091e-02  -9.204480322004e-03  -1.246726991350e-02  -1.062921162405e-02  -1.480664881909e-02  -6.177460333085e-03  -6.487703387263e-03  -4.214762910523e-03  -6.779720669347e-05  -5.008023849248e-05  -4.418184588206e-04   3.721587640794e-04   5.134820639796e-04   3.186750181104e-04   8.505572946238e-04   1.224095066706e-04  -2.011832397142e-04  -3.545967493071e-04   2.797347642574e-03  -4.322906924149e-03   9.719403704093e-03   1.156043992858e-03   4.278618344081e-03  -6.642230916423e-03   1.497781730559e-02   2.383318674346e-03   3.324366304733e-03  -4.457009740291e-03   1.193031215383e-02   9.464347120429e-04   1.465862995557e-05  -3.613132463359e-05  -2.921392414951e-04   2.691814543384e-04   6.011499749349e-04   3.556629540967e-04  -2.598291861591e-04   2.186909283849e-04  -3.920929100025e-06  -5.175062672298e-06  -5.019902248135e-07   2.792648888379e-07  -4.820506608959e-07  -1.463158196826e-08   1.417296550713e-04   4.361634621850e-08   6.203112603417e-08   6.480474919036e-07   2.594777374927e-07  -1.570416524301e-04  -1.554927548576e-07   1.074388206723e-06   4.352217724120e-07  -2.012376633605e-04  -2.358279444516e-07   4.437509100324e-07   2.877466674534e-07  -1.899459910282e-04  -1.069539588335e-06  -4.824849201022e-07  -1.091201730673e-07  -3.578012221919e-04  -2.493459455183e-08   1.799685939876e-05   1.163608154225e-05   2.362275431341e-05   6.865419262993e-06   5.640077400351e-07   9.106418650900e-07   8.811246074536e-07   5.207444334549e-07  -5.096166472685e-08   1.603402389301e-08   1.196551384292e-06   1.255272378998e-04   1.705300907891e-04   1.645760088759e-04  -3.634225139683e-04  -5.528675894372e-06   1.681829624499e-05   2.516244035399e-05  -9.798546331930e-05  -1.331145504545e-04  -1.278847957492e-04   2.821167941620e-04   4.296646638009e-06  -2.898831709958e-05   4.170682161043e-06  -2.821709367673e-05  -3.833246225236e-05  -3.684764729894e-05   8.195017678791e-05   1.270991737728e-06   1.217470463842e-05  -2.501635038566e-05
