ARMA_MAT_TXT_FN008
72 72
   3.284685314736e-01   2.812031790970e-01   8.997326938208e-04  -1.148023200481e-16  -3.315144503526e-06  -4.411267032488e-02   2.687437316421e-04   4.559334665457e-17   1.191157166858e-06  -2.960341222524e-02  -1.041885627255e-03  -2.842292516525e-16   3.229685193089e-06   2.672183142066e-03  -7.297953785546e-04   9.738544505223e-16   6.974036070033e-06   2.771862751077e-17   4.292994795392e-17  -4.564874873764e-04   1.899147622290e-06  -1.256588103934e-03   2.797856849878e-03   4.609118308791e-03  -9.622691360750e-03   1.858746737659e-16   8.269425482255e-06  -1.155671230914e-02  -1.557895895660e-02  -3.788130991795e-16   1.651041560278e-05  -2.437500457534e-03  -5.242604601194e-03   5.540979649086e-16   6.174248997764e-06  -1.268265622952e-03   2.604571307773e-04  -1.123926794190e-15  -1.080220391741e-05   1.399267263585e-17  -9.760864320588e-17   1.669914964538e-03  -2.533028485428e-07  -1.494103708341e-03  -9.213283767453e-03  -1.297103480712e-02   2.103099566030e-04  -1.078974652968e-03   1.059476119156e-03   3.235155120167e-17  -1.767869374591e-03   1.782199265785e-03   3.071273092214e-03   1.723846265979e-03   4.734313600872e-05  -3.786204567138e-04   2.016634458632e-17   1.354423680279e-04  -9.216559203750e-03  -1.297280256052e-02   2.118281468928e-04  -1.088334485889e-03   1.055776449448e-03   7.473002062272e-17   1.772841428947e-03   1.783333630317e-03   3.075046133120e-03   1.738082816130e-03   6.324927651612e-05  -3.806792929878e-04   6.641377892517e-17  -1.323598667154e-04
   2.812031790970e-01   2.480270975058e-01   1.264482208662e-03  -9.884006959421e-17  -4.871986208756e-06  -7.484069947575e-02   6.857659006592e-04   3.493149821328e-17   2.271905483779e-06  -4.879765019545e-02  -1.769341966662e-03  -2.453615302831e-16   5.716931583520e-06   4.189604652686e-03  -1.170368657644e-03   8.718477199996e-16   1.187083895407e-05   2.937332669182e-17   2.978058791393e-17  -7.300261442098e-04   3.377592845141e-06  -2.332306604020e-03   4.609118308791e-03   7.537489479082e-03  -1.608140449493e-02   1.608758821700e-16   1.374420113727e-05  -1.874034967289e-02  -2.571659581052e-02  -3.253707883745e-16   2.771611103386e-05  -3.595463081735e-03  -8.708665758725e-03   4.711135262664e-16   1.040144297922e-05  -2.266857268781e-03   4.528344426935e-04  -9.949436146371e-16  -1.851337032625e-05   2.408474269085e-17  -7.909864349635e-17   2.794908067914e-03  -7.143902219713e-08  -2.394469706296e-03  -1.544148412876e-02  -2.147041139570e-02   2.732030980978e-04  -1.714018465343e-03   1.772817260110e-03   2.289888349676e-17  -2.940201110487e-03   3.060338890084e-03   5.236575782114e-03   2.878717591262e-03   1.648695676710e-04  -6.267304951928e-04   2.163648328039e-17   2.562564578856e-04  -1.544640594740e-02  -2.147127909030e-02   2.757741448552e-04  -1.729635393443e-03   1.766201268714e-03   1.075447738051e-16   2.948502643211e-03   3.062175511100e-03   5.242261941589e-03   2.902296817629e-03   1.921128937092e-04  -6.303498443968e-04   6.447441183964e-17  -2.511965420375e-04
   8.997326938208e-04   1.264482208662e-03   4.109605057303e-02   1.901094746160e-18   5.339090005329e-06  -3.523098349575e-03   6.234371767630e-02   2.779178948908e-18   1.478199050406e-05   1.033798994819e-02   3.062468603086e-02  -8.698718507513e-17  -1.965906101855e-06  -4.108799385853e-03  -1.311240238118e-03   1.201563552483e-16  -2.170275606236e-05   1.757109538860e-17  -3.416144045015e-18   5.595756638168e-03  -1.001490456387e-05  -2.725584169198e-03   9.622691360748e-03   1.608140449492e-02  -3.102033992394e-02  -2.823278030183e-18   1.757698791771e-05  -4.219108917587e-02  -4.595486272092e-02  -2.646286324731e-17   3.501665420209e-05  -1.978911103541e-02  -2.362717451724e-02   1.406255996933e-16   2.534097778130e-05   1.282035775505e-04   1.747532143034e-03  -1.655075507043e-16   3.763907655099e-06   2.273294387652e-17  -2.526972792046e-17   3.255186882210e-03   1.845828469043e-07  -2.904636392650e-03   1.737039988395e-02   2.715167571636e-02   8.624130396324e-03   1.560024282208e-03   4.922138311716e-04   1.232139124719e-17   2.835924654460e-03   4.882486260653e-03   9.310101398351e-03   6.817901275293e-03   3.053518496575e-04  -1.266461592231e-03  -5.373635483281e-17   6.847526981057e-04   1.731729490516e-02   2.706188789502e-02   8.628244029565e-03   1.588029588743e-03   5.092665024051e-04   3.362028032213e-17  -2.823805815986e-03   4.865426207120e-03   9.282511870438e-03   6.832138631092e-03   3.027364777355e-04  -1.272957017564e-03   7.813591475053e-17  -6.728753769691e-04
  -1.148023200481e-16  -9.884006959421e-17   1.901094746160e-18   2.656044790196e-02   1.516966608928e-17   6.696294152415e-17   2.196677141392e-16   4.465712056086e-02  -1.598858807520e-16  -1.958247528794e-15   1.457598683618e-15   4.193115272341e-02  -6.213282238019e-16   2.574880670285e-14  -7.511246986834e-15   5.038893893081e-03  -4.029223249425e-15  -5.042573872653e-03   2.278031478785e-06   1.050391749460e-16  -8.885574174513e-17  -1.397855432159e-16   2.182431239892e-17   3.694483449718e-17   7.145889844389e-18   2.656044790196e-02   5.791655480928e-19  -8.992464093856e-17   1.944140324893e-16   4.465712056086e-02  -7.991715686614e-17   2.207725324339e-15   1.489232861861e-15   4.193115272341e-02   1.099785303932e-15  -2.787759179896e-14  -7.354752037966e-15   5.038893893081e-03   2.185254773471e-15   5.042573872653e-03   2.278031478865e-06  -7.611521939436e-17  -1.309821877068e-17   1.391660836024e-16  -5.722163874989e-18  -1.437637973483e-17  -1.880317058371e-15  -2.024875654054e-15   2.400859693209e-17   2.095258763301e-03  -1.151370190653e-16   4.697351876356e-17  -2.681630675225e-17   2.178312572009e-15   4.384999873062e-16   7.654065138020e-18   2.095258763301e-03   2.662492022927e-17   1.373669630540e-18   7.834656940296e-17   5.793054088879e-16   3.810392572482e-15  -5.887509625843e-17   2.096756097636e-03  -5.289614772717e-17   1.508917812973e-17  -3.725148469096e-16   2.016767016896e-16  -8.114751136158e-16  -1.522380663522e-17   2.096756097636e-03  -1.408490864082e-17
  -3.315144503526e-06  -4.871986208756e-06   5.339090005329e-06   1.516966608928e-17   3.777934762294e-02   8.769483635516e-06   1.234245739425e-05   7.358575101293e-17   5.769113672528e-02  -1.091710821657e-05  -2.262848649735e-06  -7.609571219026e-17   3.869275417874e-02   6.812702390950e-05  -2.782341636239e-05   1.766859302263e-16   2.599190211223e-03   6.165273763032e-18  -6.027102714789e-19   2.319741146785e-05   5.945762911551e-03  -1.071217709089e-05   8.269425481505e-06   1.374420113658e-05  -1.757698791781e-05   4.243017335412e-17   1.946309524829e-03  -3.887234912187e-05  -2.732034307257e-05   1.718287521926e-17   2.684141462062e-03  -3.421252605657e-05  -1.989361567796e-05   2.023008242603e-16  -6.136662180483e-03  -8.499904170417e-05  -2.521829481196e-05  -1.797397383374e-16  -4.331334870554e-03   2.116440413907e-17  -9.625068669397e-18   2.638702925490e-07   4.786989832476e-03   3.480503211987e-06  -2.810550060381e-02  -4.444419150842e-02  -1.355028492948e-02  -1.474348963954e-03   2.677047671718e-03   2.416222147300e-17  -2.436207703534e-03   1.596748939227e-03   3.482703959147e-03   4.219642184348e-03  -2.600260028069e-03  -2.308955366059e-04   1.176299405231e-17  -6.186874501490e-04   2.815824820830e-02   4.451118505645e-02   1.357814420441e-02   1.485235854780e-03  -2.669150557141e-03  -1.057417172016e-16  -2.449945828535e-03  -1.591867433495e-03  -3.479334309478e-03  -4.210663256022e-03   2.597328792766e-03   2.266782260598e-04   1.137348431884e-16  -6.164724950254e-04
  -4.411267032488e-02  -7.484069947575e-02  -3.523098349575e-03   6.696294152415e-17   8.769483635516e-06   1.945681533269e-01  -3.675270973604e-03   9.695775128368e-17  -9.677150426080e-06   1.231221942428e-01   3.876035888718e-03   1.270919785754e-16  -1.676663200573e-05  -9.982618566629e-03   2.907825265548e-03  -3.177562736958e-16  -3.057448557175e-05  -4.209560903626e-17   2.953451858948e-17   1.684046147579e-03  -8.816695611412e-06   6.602823140159e-03  -1.155671230914e-02  -1.874034967290e-02   4.219108917587e-02   1.432133401155e-17  -3.887234912091e-05   4.616741765092e-02   6.656825594100e-02   1.377926364175e-16  -7.725675380196e-05   7.505092540026e-03   2.297792549014e-02   1.655135532171e-17  -3.033346932542e-05   6.276732124872e-03  -1.233852815692e-03   3.297254791497e-16   4.886181840506e-05  -5.503862569735e-17  -9.176977087860e-18  -7.298238207548e-03  -5.731961935507e-07   5.914567691656e-03   3.927963821277e-02   5.386804697428e-02  -6.995902592578e-04   4.131138714102e-03  -4.555669171265e-03   2.363329756899e-17   7.428893119429e-03  -8.566801217254e-03  -1.447504284552e-02  -7.584636285483e-03  -6.868346678432e-04   1.590795904077e-03  -2.001831168880e-17  -8.218390468301e-04   3.928975847623e-02   5.386362081366e-02  -7.066390799311e-04   4.170360648867e-03  -4.537703889154e-03  -2.286035929544e-16  -7.450067854098e-03  -8.575321543177e-03  -1.449401256305e-02  -7.646717905590e-03  -7.592178595525e-04   1.600440547265e-03  -5.025260758648e-17   8.093773917519e-04
   2.687437316421e-04   6.857659006592e-04   6.234371767630e-02   2.196677141392e-16   1.234245739425e-05  -3.675270973604e-03   9.465399151230e-02   3.686319058007e-16   2.882338243696e-05   1.693930479426e-02   4.636946913331e-02   2.102742151352e-16   6.479480105366e-07  -6.412067964493e-03  -1.949992510636e-03   2.187860920431e-16  -3.384276057286e-05  -1.492775712594e-17  -5.797329789341e-18   8.549600786640e-03  -1.478479404719e-05  -4.116322107609e-03   1.557895895660e-02   2.571659581053e-02  -4.595486272092e-02   2.099184591391e-16   2.732034307328e-05  -6.656825594101e-02  -6.799240561980e-02   3.224019155977e-16   5.417595161869e-05  -3.206838171061e-02  -3.498672581965e-02   5.538802292385e-16   3.890348285779e-05   4.806567063271e-04   2.659968064727e-03  -2.058190040882e-16   6.627518608325e-06   7.397897785941e-17  -3.822427010272e-17   4.742142421798e-03   2.718775307121e-07  -4.406177226671e-03   2.669314258265e-02   4.164831245938e-02   1.305620936616e-02   2.403634455620e-03   7.100935865555e-04   3.553788564822e-17   4.359594978642e-03   6.384037609683e-03   1.263211342960e-02   1.012083183445e-02   3.625271642057e-04  -1.969168536310e-03  -6.475869820320e-17   8.606630972441e-04   2.661881891052e-02   4.152185306902e-02   1.306562285824e-02   2.448039919948e-03   7.355618051355e-04   6.623885392810e-17  -4.341957631194e-03   6.360171575129e-03   1.259363290302e-02   1.014182393716e-02   3.574332084596e-04  -1.978138206190e-03   1.241719935617e-16  -8.429170620644e-04
   4.559334665457e-17   3.493149821328e-17   2.779178948908e-18   4.465712056086e-02   7.358575101293e-17   9.695775128368e-17   3.686319058007e-16   7.508376455655e-02  -1.956237256088e-16  -3.301742884186e-15   2.448041862357e-15   7.050048814451e-02  -1.001821097601e-15   4.329263619385e-14  -1.262906754152e-14   8.472089510963e-03  -6.774704270726e-15  -8.478276804643e-03   3.830143481203e-06   1.768082683077e-16  -1.458386570323e-16  -2.357159296450e-16  -3.454553555348e-17   1.037376670316e-17   1.780939614955e-17   4.465712056086e-02   3.311341413821e-17  -1.884133117289e-16   3.352200453408e-16   7.508376455655e-02  -8.564012546872e-17   3.687635817158e-15   2.510086020318e-15   7.050048814451e-02   1.872016791777e-15  -4.686960022732e-14  -1.236559956732e-14   8.472089510964e-03   3.670870042384e-15   8.478276804643e-03   3.830143481338e-06  -1.289354394724e-16  -2.080944557365e-17   2.328189358924e-16  -4.680600033468e-17  -8.187974116938e-17  -3.175188307565e-15  -3.408808224930e-15   4.424827200655e-17   3.522840561436e-03  -1.978812177371e-16   4.854070221493e-17  -9.037908796977e-17   3.655649209454e-15   7.318292109865e-16   9.674338061105e-18   3.522840561436e-03   4.016988833522e-17   3.194112230828e-17   1.781488660443e-16   9.870669781343e-16   6.410003613263e-15  -1.020560575573e-16   3.525358088255e-03  -9.163091185594e-17   3.530807310389e-17  -6.101399560422e-16   3.432293988475e-16  -1.361076062179e-15  -2.401205438052e-17   3.525358088255e-03  -2.445238113300e-17
   1.191157166858e-06   2.271905483779e-06   1.478199050406e-05  -1.598858807520e-16   5.769113672528e-02  -9.677150426080e-06   2.882338243696e-05  -1.956237256088e-16   8.809973627363e-02  -2.889121494438e-05   3.750170763167e-07  -4.047424231289e-16   5.914809899968e-02   1.050687694738e-04  -4.320547445340e-05   2.346751950181e-16   4.003233183285e-03   4.417900072452e-17  -1.166299347308e-18   3.618129296336e-05   9.118434530745e-03  -1.765491911189e-05   1.651041560954e-05   2.771611104013e-05  -3.501665420085e-05  -1.183762386807e-16   2.684141462062e-03  -7.725675380725e-05  -5.417595161555e-05  -2.816426847291e-16   3.658960494880e-03  -6.031696017487e-05  -3.539396256685e-05   1.909358730891e-17  -9.669162560033e-03  -1.306038577017e-04  -3.828147250783e-05  -3.087499762553e-16  -6.635760872681e-03  -2.379627599283e-18  -1.471814932852e-17   1.313042488089e-06   7.357324779982e-03   4.156389577639e-06  -4.294385137328e-02  -6.791500961874e-02  -2.072825279570e-02  -2.232361365671e-03   4.087902491964e-03   2.222507077956e-17  -3.716903979922e-03   2.653616400844e-03   5.659729057779e-03   6.550471411231e-03  -3.960557403414e-03  -3.327237098496e-04   3.460571770252e-18  -9.265346336935e-04   4.302049679584e-02   6.801295792653e-02   2.077346573402e-02   2.248528409518e-03  -4.074642797298e-03  -1.753083598744e-16  -3.736999703633e-03  -2.646863223728e-03  -5.654324031727e-03  -6.533724002520e-03   3.955877775809e-03   3.253340210102e-04   1.588610605182e-16  -9.227596602323e-04
  -2.960341222524e-02  -4.879765019545e-02   1.033798994819e-02  -1.958247528794e-15  -1.091710821657e-05   1.231221942428e-01   1.693930479426e-02  -3.301742884186e-15  -2.889121494438e-05   8.234673052023e-02   1.140658503286e-02  -3.106669545130e-15  -2.790287333430e-05  -7.908704923182e-03   1.501158657489e-03  -5.490471862965e-16  -2.835370267733e-05   3.582736885402e-16   1.569925843906e-17   2.918603138208e-03  -9.869385516338e-06   3.268968995483e-03  -2.437500457485e-03  -3.595463081661e-03   1.978911103544e-02  -1.999460006641e-15  -3.421252606162e-05   7.505092539853e-03   3.206838171065e-02  -3.291773804858e-15  -6.031696017990e-05  -7.739263766405e-03   9.517227267147e-03  -3.106875500747e-15  -2.117256394353e-05   4.760919815038e-03  -1.963899803395e-04  -2.180732404538e-16   3.621060799841e-05  -4.107712298180e-16  -1.410696924959e-17  -4.080253020820e-03  -1.585635877914e-06   2.734950329850e-03   3.038886621538e-02   4.265963650816e-02   2.120113884091e-03   3.118523495768e-03  -2.752765736962e-03  -1.392916639098e-16   5.586660136933e-03  -6.901969543506e-03  -1.061002422548e-02  -3.250812702965e-03  -6.350559794365e-04   4.417546899560e-04  -1.878506930728e-16  -8.426091205929e-04   3.035461700691e-02   4.259169594387e-02   2.108810242363e-03   3.152364516763e-03  -2.733362002608e-03  -2.945496534941e-16  -5.593805194176e-03  -6.927800266519e-03  -1.065229380962e-02  -3.291273066752e-03  -6.890331698709e-04   4.457463502635e-04  -1.998151839742e-16   8.408432531824e-04
  -1.041885627255e-03  -1.769341966662e-03   3.062468603086e-02   1.457598683618e-15  -2.262848649735e-06   3.876035888718e-03   4.636946913331e-02   2.448041862357e-15   3.750170763167e-07   1.140658503286e-02   2.338821222155e-02   2.236026644497e-15  -9.777604384180e-06  -3.193687500931e-03  -9.194620857192e-04   3.529992820544e-16  -1.669497204416e-05  -2.641067501154e-16  -1.736080484702e-19   4.141879548530e-03  -9.804174387332e-06  -1.732737405653e-03   5.242604601163e-03   8.708665758681e-03  -2.362717451725e-02   1.455650132136e-15   1.989361567687e-05  -2.297792549005e-02  -3.498672581968e-02   2.435177934359e-15   3.539396256658e-05  -9.517227267052e-03  -1.852832234320e-02   2.397944729708e-15   2.627384946028e-05  -2.508678699400e-04   1.222549064749e-03   1.667855681432e-16   3.632938331077e-06   2.931169187771e-16  -1.833580731733e-17   2.516308599324e-03  -1.113414470992e-06  -1.856813836620e-03   1.432978886194e-02   2.217531731903e-02   6.493079423829e-03   1.304128422670e-03   2.106026698338e-04   1.246761793323e-16   2.390651913138e-03   5.645559956170e-03   9.765763097209e-03   5.231921705808e-03   4.331687380821e-04  -7.492529531731e-04   7.425484756960e-17   8.959561505268e-04   1.427901493321e-02   2.208932377028e-02   6.487970989318e-03   1.324277843198e-03   2.247859848290e-04   1.328762930106e-16  -2.381628197039e-03   5.642479363846e-03   9.759523568460e-03   5.247397283889e-03   4.311992336050e-04  -7.542413508678e-04   1.973582826046e-16  -8.884918137772e-04
  -2.842292516525e-16  -2.453615302831e-16  -8.698718507513e-17   4.193115272341e-02  -7.609571219026e-17   1.270919785754e-16   2.102742151352e-16   7.050048814451e-02  -4.047424231289e-16  -3.106669545130e-15   2.236026644497e-15   6.619698490039e-02  -1.070321566886e-15   4.065884387789e-14  -1.185505920108e-14   7.954934727295e-03  -6.360639366735e-15  -7.960744335101e-03   3.596343186615e-06   1.533029059683e-16  -1.478421403334e-16  -2.140487801146e-16   2.092688741072e-16   1.793045511400e-16   7.467187269050e-17   4.193115272341e-02  -6.461934949773e-17  -1.754995465378e-17   4.012321430576e-16   7.050048814451e-02  -2.255212071616e-16   3.548741450736e-15   2.397910897029e-15   6.619698490039e-02   1.689955840480e-15  -4.401228655714e-14  -1.161500505700e-14   7.954934727295e-03   3.456811449928e-15   7.960744335101e-03   3.596343186742e-06  -1.265778676787e-16  -2.343337206080e-17   2.271643823144e-16   2.554793888968e-17   3.076111943248e-17  -2.959102356502e-15  -3.191867614458e-15   2.923949359494e-17   3.307798705930e-03  -1.800938975826e-16   1.128948294292e-16   1.144817221598e-17   3.435959946279e-15   7.014412752506e-16   2.042183309182e-17   3.307798705930e-03   4.759591192762e-17  -1.023633505802e-16  -3.971414821098e-17   8.678127785416e-16   6.004323451729e-15  -8.719836728352e-17   3.310162557433e-03  -7.069636218910e-17  -1.933712062666e-17  -6.588665227868e-16   2.935771810215e-16  -1.289964300556e-15  -2.542239729146e-17   3.310162557433e-03  -1.683316182050e-17
   3.229685193089e-06   5.716931583520e-06  -1.965906101855e-06  -6.213282238019e-16   3.869275417874e-02  -1.676663200573e-05   6.479480105366e-07  -1.001821097601e-15   5.914809899968e-02  -2.790287333430e-05  -9.777604384180e-06  -1.070321566886e-15   4.138247192349e-02   9.155495636674e-05  -3.470561329017e-05   4.696417203775e-17   3.625511160221e-03   1.273829851929e-16  -7.038655405972e-18   2.284773306245e-05   7.188503757522e-03  -1.253881890227e-05   6.174248972741e-06   1.040144295921e-05  -2.534097778754e-05  -5.968350351851e-16  -6.136662180485e-03  -3.033346933067e-05  -3.890348286650e-05  -1.055962635677e-15  -9.669162560037e-03  -2.117256394062e-05  -2.627384946561e-05  -8.231855476775e-16  -1.470200178421e-02  -1.050611782973e-04  -3.217272878345e-05  -2.903015700289e-16  -5.045045301076e-03  -9.798243127335e-17  -9.923126054114e-18  -3.056449570162e-06   6.238861879529e-03   5.428875107668e-06  -2.945075526928e-02  -4.677657392646e-02  -1.493964323480e-02  -9.662256642444e-04   2.722457685175e-03  -3.204248949301e-17  -2.390270818815e-03   7.723510754728e-03   1.320425504702e-02   7.293812274427e-03  -2.373317765202e-03   3.387555659186e-04  -3.976762990836e-17  -1.138763705973e-04   2.948674989193e-02   4.682055916038e-02   1.496525244064e-02   9.763109177043e-04  -2.713700718011e-03  -1.420566547662e-16  -2.401818446419e-03  -7.717703991092e-03  -1.319745120342e-02  -7.287534800155e-03   2.369140128497e-03  -3.410776517010e-04   5.596368171125e-17  -1.105882262869e-04
   2.672183142066e-03   4.189604652686e-03  -4.108799385853e-03   2.574880670285e-14   6.812702390950e-05  -9.982618566629e-03  -6.412067964493e-03   4.329263619385e-14   1.050687694738e-04  -7.908704923182e-03  -3.193687500931e-03   4.065884387789e-14   9.155495636674e-05   1.093232123062e-03  -3.989173484448e-05   4.890430974458e-15   2.040889814856e-05  -4.888680180677e-15   1.739780151391e-18  -7.364038494458e-04   2.449211536968e-05  -1.361684727429e-05  -1.268265623591e-03  -2.266857269830e-03  -1.282035778579e-04   2.575468489974e-14  -8.499904181333e-05   6.276732127480e-03  -4.806567067703e-04   4.329739600341e-14  -1.306038578683e-04   4.760919816648e-03   2.508678695094e-04   4.063945481089e-14  -1.050611783901e-04  -6.893420472176e-04  -1.438715652145e-04   4.885758055296e-15  -1.892116960564e-05   4.890961447665e-15   5.654275822040e-18   2.478236693231e-04   2.396456482442e-05   6.139918890705e-05  -3.955326054287e-03  -5.768526406676e-03  -8.628360096219e-04  -3.804022104374e-04   1.927432425355e-04   2.028949344111e-15  -6.827038445227e-04   1.418820494357e-03   1.932520951392e-03  -2.994484873048e-05   1.425860584658e-04   1.429490855693e-04   2.038548938241e-15   2.294306015490e-04  -3.833150690910e-03  -5.569294448227e-03  -7.907246479959e-04  -3.935612967755e-04   1.806111152584e-04   2.042124912223e-15   6.759607177765e-04   1.280316788140e-03   1.709487167061e-03  -1.089381760315e-04   1.515457385994e-04   1.304534951158e-04   2.043519829816e-15  -2.209945017486e-04
  -7.297953785546e-04  -1.170368657644e-03  -1.311240238118e-03  -7.511246986834e-15  -2.782341636239e-05   2.907825265548e-03  -1.949992510636e-03  -1.262906754152e-14  -4.320547445340e-05   1.501158657489e-03  -9.194620857192e-04  -1.185505920108e-14  -3.470561329017e-05  -3.989173484448e-05   8.582417469660e-05  -1.433592217484e-15  -5.181088198988e-06   1.425020844090e-15  -2.584911727815e-19  -1.370482255238e-04  -7.958663637427e-06   1.697654767193e-04  -2.604571306096e-04  -4.528344424209e-04   1.747532143128e-03  -7.512295633433e-15   2.521829483146e-05   1.233852815021e-03   2.659968064861e-03  -1.262822772794e-14   3.828147253752e-05   1.963899799243e-04   1.222549064874e-03  -1.186353726710e-14   3.217272879926e-05   1.438715652234e-04  -6.682878387222e-05  -1.415298198486e-15   6.078006812398e-06  -1.427936901936e-15  -1.926059825799e-20  -2.383891172816e-04  -8.195320585813e-06   1.621048839775e-04   5.384633943665e-05  -2.588001841677e-05  -2.673669786631e-04   1.093684677598e-05  -8.207777794472e-05  -5.926793855858e-16   1.927986834699e-05  -5.304607519270e-04  -8.688277226811e-04  -3.716057199533e-04  -4.175130981527e-05   4.496496909329e-05  -5.912853945291e-16  -7.654058195816e-05   9.785539158284e-06  -9.704572007716e-05  -2.946756254130e-04   1.246143360226e-05  -7.853824371852e-05  -5.973569985731e-16  -1.709080693182e-05  -4.858355320074e-04  -7.967373190291e-04  -3.463660269536e-04  -4.483232716774e-05   4.904653095222e-05  -5.988897099296e-16   7.336876125772e-05
   9.738544505223e-16   8.718477199996e-16   1.201563552483e-16   5.038893893081e-03   1.766859302263e-16  -3.177562736958e-16   2.187860920431e-16   8.472089510963e-03   2.346751950181e-16  -5.490471862965e-16   3.529992820544e-16   7.954934727295e-03   4.696417203775e-17   4.890430974458e-15  -1.433592217484e-15   9.559496797436e-04  -7.597059724775e-16  -9.566478240920e-04   4.321748996502e-07   3.288681803280e-17   2.218098401677e-18  -4.451300925501e-17  -2.383318447041e-16  -1.506040400847e-16  -1.472629050903e-16   5.038893893081e-03   7.031924260567e-17  -2.406894745828e-16  -1.913750021761e-16   8.472089510963e-03   9.080420801883e-17   3.314389699235e-16   1.851360388979e-16   7.954934727295e-03   2.438365885094e-16  -5.296844864672e-15  -1.388448149279e-15   9.559496797436e-04   3.991654480596e-16   9.566478240920e-04   4.321748996654e-07   5.521862976055e-18   9.486547888519e-18   7.463703996872e-18  -1.431452926789e-16  -2.139897499154e-16  -3.861642992642e-16  -3.978495102432e-16   2.599425669136e-17   3.975003217488e-04  -3.856264637684e-17  -1.085155003418e-17  -2.447068356347e-17   4.401846539295e-16   6.996873349828e-17  -1.065944181989e-17   3.975003217488e-04  -1.088188360234e-19   1.070105326957e-16   1.938773909081e-16   1.893493589772e-16   7.310088967610e-16  -1.460283699534e-17   3.977843873212e-04  -1.732250634283e-17   5.997403365256e-17   2.282607144759e-17   7.127530318086e-17  -1.387878202788e-16  -4.284598549626e-18   3.977843873212e-04  -1.096572963657e-17
   6.974036070033e-06   1.187083895407e-05  -2.170275606236e-05  -4.029223249425e-15   2.599190211223e-03  -3.057448557175e-05  -3.384276057286e-05  -6.774704270726e-15   4.003233183285e-03  -2.835370267733e-05  -1.669497204416e-05  -6.360639366735e-15   3.625511160221e-03   2.040889814856e-05  -5.181088198988e-06  -7.597059724775e-16   7.080135835250e-04   7.656638906078e-16  -3.879480058271e-18  -2.016307373493e-06   1.012664752077e-03  -6.269919795554e-07  -1.080220409867e-05  -1.851337045722e-05  -3.763907714146e-06  -4.029206534595e-15  -4.331334870540e-03   4.886181830516e-05  -6.627518697745e-06  -6.776551118612e-15  -6.635760872661e-03   3.621060795469e-05  -3.632938370946e-06  -6.362462040565e-15  -5.045045301062e-03  -1.892116961021e-05  -6.078006810386e-06  -7.688847284704e-16  -6.324832911763e-04  -7.630083429254e-16  -9.983609857917e-19  -1.085871867123e-06   1.063188217252e-03   2.528500856814e-06  -2.310712556104e-03  -3.765591970451e-03  -1.518890187224e-03   1.961240007385e-04   1.737661946773e-04  -3.198751956448e-16  -1.119127511796e-04   3.462653656753e-03   5.544891729888e-03   1.922146845020e-03  -1.876289065018e-05   3.011211305691e-04  -3.179606002687e-16   2.445471291884e-04   2.281596709653e-03   3.722666111898e-03   1.512197625100e-03  -1.981780894595e-04  -1.724751999157e-04  -3.163532016699e-16  -1.077090828610e-04  -3.443849990172e-03  -5.518457952665e-03  -1.924232309948e-03   1.985939375254e-05  -2.981745101763e-04  -3.158747786525e-16   2.419732277911e-04
   2.771862751077e-17   2.937332669182e-17   1.757109538860e-17  -5.042573872653e-03   6.165273763032e-18  -4.209560903626e-17  -1.492775712594e-17  -8.478276804643e-03   4.417900072452e-17   3.582736885402e-16  -2.641067501154e-16  -7.960744335101e-03   1.273829851929e-16  -4.888680180677e-15   1.425020844090e-15  -9.566478240920e-04   7.656638906078e-16   9.573464783057e-04  -4.324905234431e-07  -1.786739023590e-17   1.838831463378e-17   2.451170940240e-17  -8.254188069861e-17  -6.809576259859e-17  -2.165331213691e-17  -5.042573872653e-03  -3.586673917066e-19  -3.497893620186e-18  -6.782186904614e-17  -8.478276804643e-03   1.472894441685e-17  -4.253125518016e-16  -2.970616289145e-16  -7.960744335101e-03  -2.110056217430e-16   5.291335452808e-15   1.397190125549e-15  -9.566478240920e-04  -4.159747880618e-16  -9.573464783057e-04  -4.324905234583e-07   1.709376203649e-17   3.753057806383e-18  -2.850390107360e-17  -3.967683427190e-18  -4.216174295043e-18   3.574387866399e-16   3.842158313043e-16  -3.057919704734e-18  -3.977906221788e-04   2.143788412047e-17  -3.291442876074e-18   1.491589709475e-17  -4.080824393361e-16  -8.345047792952e-17  -2.134479825312e-18  -3.977906221788e-04  -4.489691356916e-18   8.248017475021e-18  -3.391468036327e-19  -1.028408851890e-16  -7.230100467644e-16   1.140608180863e-17  -3.980748952086e-04   9.321124689918e-18   9.006412616036e-19   7.714352508965e-17  -3.534880443130e-17   1.550640235084e-16   2.210691949197e-18  -3.980748952085e-04   1.913148528191e-18
   4.292994795392e-17   2.978058791393e-17  -3.416144045015e-18   2.278031478785e-06  -6.027102714789e-19   2.953451858948e-17  -5.797329789341e-18   3.830143481203e-06  -1.166299347308e-18   1.569925843906e-17  -1.736080484702e-19   3.596343186615e-06  -7.038655405972e-18   1.739780151391e-18  -2.584911727815e-19   4.321748996502e-07  -3.879480058271e-18  -4.324905234431e-07   1.953817735864e-10  -5.363042831905e-19  -4.091651066833e-18   1.601183961271e-18  -1.843422001729e-16  -1.600800236851e-16   1.549271858017e-18   2.278031478785e-06   2.946885979543e-17   3.611503793988e-17   1.995199002478e-18   3.830143481203e-06   4.500396619984e-17   2.245985161842e-17  -1.019890351454e-18   3.596343186615e-06   3.072891807615e-17  -3.714027665630e-18  -1.118343626360e-18   4.321748996502e-07   2.465636086076e-18   4.324905234431e-07   1.953817735933e-10  -2.538202995128e-20  -4.923547429290e-18   1.368146297158e-18   7.504234612261e-18   1.145997559931e-17   3.434034599745e-18  -1.592893618915e-18  -6.982712979304e-19   1.797057578478e-07   6.305124120174e-19  -1.494951798838e-17  -2.499751338428e-17  -1.082353444483e-17  -1.748316027563e-19  -1.199231033767e-18   1.797057578478e-07  -4.520125378014e-19   1.841421395324e-18   1.005589722725e-18  -4.491063648020e-18   2.804764712380e-18  -7.610528234586e-19   1.798341809362e-07  -1.340747460086e-18   2.927585725937e-17   4.500356573576e-17   1.071349473926e-17   1.742564641218e-18   2.955845671175e-18   1.798341809362e-07  -3.306898875977e-18
  -4.564874873764e-04  -7.300261442098e-04   5.595756638168e-03   1.050391749460e-16   2.319741146785e-05   1.684046147579e-03   8.549600786640e-03   1.768082683077e-16   3.618129296336e-05   2.918603138208e-03   4.141879548530e-03   1.533029059683e-16   2.284773306245e-05  -7.364038494458e-04  -1.370482255238e-04   3.288681803280e-17  -2.016307373493e-06  -1.786739023590e-17  -5.363042831905e-19   8.150394915508e-04   2.393878372423e-06  -3.248677345307e-04   1.669914964542e-03   2.794908067918e-03  -3.255186882210e-03   1.027130871633e-16   2.638702926147e-07  -7.298238207552e-03  -4.742142421798e-03   1.712209169990e-16   1.313042488356e-06  -4.080253020818e-03  -2.516308599321e-03   1.843179701024e-16  -3.056449570951e-06   2.478236692837e-04   2.383891172706e-04   8.061457117150e-20  -1.085871874480e-06   2.168587453457e-17  -3.714338292407e-18   2.712792647790e-04   3.043191474850e-06  -3.663277360490e-04   2.798141987211e-03   4.281564543261e-03   1.148563422095e-03   2.595411470800e-04   1.966815581944e-05   1.013626223653e-17   4.644021002982e-04  -8.148664417913e-05   1.712620596069e-04   7.417730890477e-04  -3.274044815042e-05  -1.977693813623e-04   4.964153447345e-19  -3.401902489281e-05   2.824826813368e-03   4.322946170421e-03   1.166162964249e-03   2.659710545995e-04   1.907251866964e-05   1.006067476351e-17  -4.658053504384e-04  -8.919513146342e-05   1.580943695158e-04   7.361454541224e-04  -3.181383955471e-05  -1.982380353335e-04   1.095022119008e-17   3.518595162827e-05
   1.899147622290e-06   3.377592845141e-06  -1.001490456387e-05  -8.885574174513e-17   5.945762911551e-03  -8.816695611412e-06  -1.478479404719e-05  -1.458386570323e-16   9.118434530745e-03  -9.869385516338e-06  -9.804174387332e-06  -1.478421403334e-16   7.188503757522e-03   2.449211536968e-05  -7.958663637427e-06   2.218098401677e-18   1.012664752077e-03   1.838831463378e-17  -4.091651066833e-18   2.393878372423e-06   1.624246752243e-03  -2.162768257142e-06   2.533028503783e-07   7.143902400043e-08   1.845828471554e-07  -8.671655268283e-17  -4.786989832476e-03   5.731961919983e-07   2.718775311157e-07  -1.524456478244e-16  -7.357324779981e-03   1.585635876842e-06  -1.113414470671e-06  -1.278636663699e-16  -6.238861879529e-03  -2.396456481873e-05  -8.195320585479e-06  -3.641492125626e-17  -1.063188217255e-03  -1.321502015138e-17  -1.526023990292e-18  -3.043191474852e-06   1.590443453886e-03   2.198062905937e-06  -4.841851361440e-03  -7.785275888310e-03  -2.799084246735e-03   1.085097113544e-04   4.090221451951e-04  -7.499757985972e-18  -3.179683946804e-04   4.062234921888e-03   6.580748812685e-03   2.524486194207e-03  -2.279565861513e-04   3.241253562721e-04  -6.326240611194e-18   2.277331436350e-04   4.835866703651e-03   7.775242607762e-03   2.798919178353e-03  -1.076954010289e-04  -4.077527514917e-04  -1.350831995319e-17  -3.180850498454e-04  -4.067297375087e-03  -6.588045006091e-03  -2.528102181483e-03   2.261860991621e-04  -3.233516024354e-04   4.240006437599e-18   2.297625907916e-04
  -1.256588103934e-03  -2.332306604020e-03  -2.725584169198e-03  -1.397855432159e-16  -1.071217709089e-05   6.602823140159e-03  -4.116322107609e-03  -2.357159296450e-16  -1.765491911189e-05   3.268968995483e-03  -1.732737405653e-03  -2.140487801146e-16  -1.253881890227e-05  -1.361684727429e-05   1.697654767193e-04  -4.451300925501e-17  -6.269919795554e-07   2.451170940240e-17   1.601183961271e-18  -3.248677345307e-04  -2.162768257142e-06   4.107175210042e-04  -1.494103708341e-03  -2.394469706295e-03   2.904636392652e-03  -1.401219567348e-16   3.480503211912e-06   5.914567691652e-03   4.406177226673e-03  -2.310140257955e-16   4.156389577616e-06   2.734950329852e-03   1.856813836624e-03  -2.323090044240e-16   5.428875108139e-06   6.139918881454e-05  -1.621048840014e-04  -5.760147827653e-18   2.528500864179e-06  -2.962599530323e-17   1.311666431717e-18  -3.663277360490e-04  -2.198062905980e-06   4.070458692488e-04   1.964695088635e-04   6.715708943730e-05  -5.508970884086e-04   3.603982053303e-05  -1.824844846767e-04  -1.107183747356e-17   6.892572491254e-05  -3.677750243614e-05  -2.678111537890e-04  -5.899729439764e-04   1.423176150280e-05   1.677868152045e-04  -8.352788463258e-18   3.004202496196e-05   1.831936157564e-04   4.547828703619e-05  -5.609778348943e-04   3.490514897869e-05  -1.815156850578e-04  -2.076474275840e-17  -6.916912522922e-05  -2.622736776343e-05  -2.509759934323e-04  -5.860062103121e-04   1.168028702634e-05   1.689126665490e-04  -1.141051581982e-17  -3.171343885680e-05
   2.797856849878e-03   4.609118308791e-03   9.622691360748e-03   2.182431239892e-17   8.269425481505e-06  -1.155671230914e-02   1.557895895660e-02  -3.454553555348e-17   1.651041560954e-05  -2.437500457485e-03   5.242604601163e-03   2.092688741072e-16   6.174248972741e-06  -1.268265623591e-03  -2.604571306096e-04  -2.383318447041e-16  -1.080220409867e-05  -8.254188069861e-17  -1.843422001729e-16   1.669914964542e-03   2.533028503783e-07  -1.494103708341e-03   3.284685314736e-01   2.812031790970e-01  -8.997326938212e-04   1.201059381092e-17  -3.315144502426e-06  -4.411267032487e-02  -2.687437316379e-04  -1.342863067646e-16   1.191157158433e-06  -2.960341222528e-02   1.041885627224e-03  -3.113781404630e-16   3.229685220648e-06   2.672183142650e-03   7.297953787332e-04   2.805119777074e-16   6.974036238221e-06  -1.830032700535e-16   1.785097326192e-16  -4.564874873776e-04  -1.899147620294e-06  -1.256588103933e-03   1.782199265785e-03   3.071273092206e-03   1.723846265957e-03   4.734313588009e-05   3.786204567168e-04  -2.397362635606e-16   1.354423680265e-04  -9.213283767450e-03  -1.297103480713e-02   2.103099566417e-04  -1.078974652839e-03  -1.059476119156e-03   1.053769500088e-16  -1.767869374593e-03   1.783333630319e-03   3.075046133103e-03   1.738082816211e-03   6.324927662979e-05   3.806792929906e-04   3.595566979235e-16  -1.323598667118e-04  -9.216559203750e-03  -1.297280256051e-02   2.118281468283e-04  -1.088334485968e-03  -1.055776449447e-03  -2.116293649820e-16   1.772841428947e-03
   4.609118308791e-03   7.537489479082e-03   1.608140449492e-02   3.694483449718e-17   1.374420113658e-05  -1.874034967290e-02   2.571659581053e-02   1.037376670316e-17   2.771611104013e-05  -3.595463081661e-03   8.708665758681e-03   1.793045511400e-16   1.040144295921e-05  -2.266857269830e-03  -4.528344424209e-04  -1.506040400847e-16  -1.851337045722e-05  -6.809576259859e-17  -1.600800236851e-16   2.794908067918e-03   7.143902400043e-08  -2.394469706295e-03   2.812031790970e-01   2.480270975058e-01  -1.264482208662e-03   1.613815256082e-17  -4.871986207851e-06  -7.484069947574e-02  -6.857659006546e-04  -1.093070928944e-16   2.271905475950e-06  -4.879765019551e-02   1.769341966617e-03  -1.873658732219e-16   5.716931604959e-06   4.189604653662e-03   1.170368657932e-03   1.781320373043e-16   1.187083907385e-05  -1.487360975628e-16   1.409066165716e-16  -7.300261442113e-04  -3.377592843092e-06  -2.332306604020e-03   3.060338890085e-03   5.236575782102e-03   2.878717591266e-03   1.648695675802e-04   6.267304951958e-04  -1.958973985266e-16   2.562564578842e-04  -1.544148412875e-02  -2.147041139571e-02   2.732030981118e-04  -1.714018465241e-03  -1.772817260110e-03   7.785931921602e-17  -2.940201110489e-03   3.062175511103e-03   5.242261941569e-03   2.902296817713e-03   1.921128937822e-04   6.303498444000e-04   3.140599741420e-16  -2.511965420340e-04  -1.544640594740e-02  -2.147127909029e-02   2.757741447892e-04  -1.729635393478e-03  -1.766201268713e-03  -2.597635025339e-16   2.948502643211e-03
  -9.622691360750e-03  -1.608140449493e-02  -3.102033992394e-02   7.145889844389e-18  -1.757698791781e-05   4.219108917587e-02  -4.595486272092e-02   1.780939614955e-17  -3.501665420085e-05   1.978911103544e-02  -2.362717451725e-02   7.467187269050e-17  -2.534097778754e-05  -1.282035778579e-04   1.747532143128e-03  -1.472629050903e-16  -3.763907714146e-06  -2.165331213691e-17   1.549271858017e-18  -3.255186882210e-03   1.845828471554e-07   2.904636392652e-03  -8.997326938212e-04  -1.264482208662e-03   4.109605057303e-02  -1.879932312839e-17  -5.339090005556e-06   3.523098349577e-03   6.234371767630e-02   9.116990432105e-18  -1.478199050588e-05  -1.033798994821e-02   3.062468603084e-02  -9.502478334638e-17   1.965906107026e-06   4.108799386125e-03  -1.311240238016e-03   1.730399421560e-16   2.170275612096e-05  -3.930403214068e-17   1.340182763389e-17  -5.595756638168e-03  -1.001490456346e-05   2.725584169197e-03  -4.882486260652e-03  -9.310101398354e-03  -6.817901275303e-03  -3.053518497024e-04  -1.266461592230e-03  -4.921359840848e-18  -6.847526981059e-04  -1.737039988395e-02  -2.715167571636e-02  -8.624130396310e-03  -1.560024282149e-03   4.922138311722e-04   3.292121998353e-17  -2.835924654460e-03  -4.865426207119e-03  -9.282511870443e-03  -6.832138631067e-03  -3.027364777145e-04  -1.272957017563e-03  -7.463502168596e-17   6.728753769697e-04  -1.731729490516e-02  -2.706188789501e-02  -8.628244029582e-03  -1.588029588752e-03   5.092665024056e-04  -2.043009135929e-16   2.823805815986e-03
   1.858746737659e-16   1.608758821700e-16  -2.823278030183e-18   2.656044790196e-02   4.243017335412e-17   1.432133401155e-17   2.099184591391e-16   4.465712056086e-02  -1.183762386807e-16  -1.999460006641e-15   1.455650132136e-15   4.193115272341e-02  -5.968350351851e-16   2.575468489974e-14  -7.512295633433e-15   5.038893893081e-03  -4.029206534595e-15  -5.042573872653e-03   2.278031478785e-06   1.027130871633e-16  -8.671655268283e-17  -1.401219567348e-16   1.201059381092e-17   1.613815256082e-17  -1.879932312839e-17   2.656044790196e-02   1.794857548080e-17  -2.571195188323e-17   1.532771907158e-16   4.465712056086e-02  -5.359674350356e-17   2.259167843322e-15   1.469675705859e-15   4.193115272341e-02   1.111866548875e-15  -2.788489449383e-14  -7.355127675135e-15   5.038893893081e-03   2.183288113126e-15   5.042573872653e-03   2.278031478865e-06  -7.123459518644e-17  -1.225624957927e-17   1.390281791802e-16  -3.801178369657e-17  -6.269910724603e-17  -1.888360891903e-15  -2.028496268041e-15   2.713079252747e-17   2.095258763301e-03  -1.194017797004e-16   6.104056951277e-17  -7.098664742862e-18   2.180617769821e-15   4.384236155821e-16   7.571803677417e-18   2.095258763301e-03   2.944478396916e-17   7.111922035498e-18   8.933685892668e-17   5.866681328363e-16   3.811001578152e-15  -5.969591330366e-17   2.096756097636e-03  -5.256952504013e-17   5.072432882036e-17  -3.200501360777e-16   2.095787558089e-16  -8.066131064183e-16  -1.273920964438e-17   2.096756097636e-03  -1.983803209519e-17
