ARMA_MAT_TXT_FN008
58 58
  -3.283284656664e+01  -3.487094972039e+01   1.264665494251e-01   2.317149695887e-05   0.000000000000e+00  -1.247641529654e+01   5.760003046320e-02   1.055361229334e-05   0.000000000000e+00  -5.415062497926e+00   1.676690974420e-02   3.072072418675e-06   0.000000000000e+00  -2.444551855788e+00   4.655107785856e-03   8.529197368440e-07   0.000000000000e+00  -3.277302770250e-06   0.000000000000e+00   5.574009244731e-03   0.000000000000e+00  -9.376658611268e-03  -2.973019363382e-03  -1.192862791692e-04  -1.154953799144e-01  -1.768521742901e-05   0.000000000000e+00  -7.831546567594e-01  -2.324829289350e+00  -3.561224226920e-04   0.000000000000e+00  -1.722891932352e+00  -2.943819769314e+00  -4.509655760604e-04   0.000000000000e+00  -1.200024116885e+00  -1.140737911907e+00  -1.747520055076e-04   0.000000000000e+00  -8.194060581061e-04   0.000000000000e+00   1.544184507003e+00   0.000000000000e+00  -2.674594638761e+00  -1.686466730887e-05  -6.926341301879e-02  -6.460265229995e-01  -7.734265972543e-01  -3.571439556583e-03   1.871241913413e-03   0.000000000000e+00  -1.704337887363e-05  -6.952667077210e-02  -6.468276922801e-01  -7.737657773608e-01  -3.597208006581e-03  -1.886997125194e-03   0.000000000000e+00
  -3.487094972039e+01  -3.057787091218e+01   1.499853141802e-01   2.748066004173e-05   0.000000000000e+00  -1.257908979404e+01   4.390524839526e-02   8.044422293905e-06   0.000000000000e+00  -5.468797872280e+00   1.050324660533e-02   1.924429404510e-06   0.000000000000e+00  -2.462604343697e+00   2.742001918986e-03   5.023960024115e-07   0.000000000000e+00  -1.358728796623e-06   0.000000000000e+00   2.310914616472e-03   0.000000000000e+00  -3.887445550925e-03  -1.799553613155e-03   8.703165482140e-05  -1.015573077990e-01  -1.555970093927e-05   0.000000000000e+00  -7.826042612333e-01  -2.342495167894e+00  -3.588925112225e-04   0.000000000000e+00  -1.733658873583e+00  -2.969714398771e+00  -4.549926863016e-04   0.000000000000e+00  -1.207331261646e+00  -1.149185699851e+00  -1.760685032723e-04   0.000000000000e+00  -8.305393931256e-04   0.000000000000e+00   1.564895631530e+00   0.000000000000e+00  -2.710476625845e+00  -5.120030187948e-06  -6.818579206609e-02  -6.490096187766e-01  -7.778410830757e-01  -2.851122532181e-03   1.490224013884e-03   0.000000000000e+00  -5.184495163489e-06  -6.844736446473e-02  -6.498160851956e-01  -7.781825279327e-01  -2.873124030753e-03  -1.503522795465e-03   0.000000000000e+00
   1.264665494251e-01   1.499853141802e-01  -1.103460489379e+01  -1.928308280533e-05   0.000000000000e+00   4.073774567344e-01  -7.485214678294e+00  -2.087427510431e-05   0.000000000000e+00   2.470811536200e-01  -2.633787166514e+00  -8.241891148653e-06   0.000000000000e+00   1.232805217406e-01  -7.801326444847e-01  -2.511337890590e-06   0.000000000000e+00   5.502849663872e-05   0.000000000000e+00  -1.553237111965e-01   0.000000000000e+00   2.684165741327e-01   3.322341380998e-02   1.056695532626e-02   6.024004363770e-01   1.026723470737e-04   0.000000000000e+00   9.887990712387e-01   2.003968353943e+00   3.957307465566e-04   0.000000000000e+00   7.085834324626e-01   4.465368818351e-01   1.751016998274e-04   0.000000000000e+00   1.993337474950e-01  -9.970459812969e-02   2.764212187269e-05   0.000000000000e+00   8.463172553786e-04   0.000000000000e+00  -1.235891465192e+00   0.000000000000e+00   2.140479101183e+00   3.351594661129e-04   1.060146634526e-01   2.882987112768e-01   1.487599956233e-01   2.105568231125e-02  -1.202869855127e-02   0.000000000000e+00   3.381451282223e-04   1.063170922014e-01   2.884736352401e-01   1.487513788131e-01   2.117137556342e-02   1.211058583009e-02   0.000000000000e+00
   2.317149695887e-05   2.748066004173e-05  -1.928308280533e-05  -1.092426361798e+01   0.000000000000e+00   7.464065051946e-05  -2.087427510431e-05  -7.365768316031e+00   0.000000000000e+00   4.527078929360e-05  -8.241891148653e-06  -2.586625604598e+00   0.000000000000e+00   2.258774847216e-05  -2.511337890590e-06  -7.657623336186e-01   0.000000000000e+00   2.308769042545e-01   0.000000000000e+00  -2.831896480502e-05   0.000000000000e+00  -3.637250373157e-05   5.107263558049e-06   1.620753945165e-06   1.033471263890e-04  -6.931733873423e-02   0.000000000000e+00   1.530391107305e-04   4.005638982542e-04  -5.847516213165e-01   0.000000000000e+00   1.113926544461e-04   1.800122483617e-04  -6.996448277152e-01   0.000000000000e+00   3.246301085780e-05   2.947934351455e-05  -2.810352262361e-01   0.000000000000e+00  -1.255447833234e+00   0.000000000000e+00  -1.919652034504e-04   0.000000000000e+00   7.165036867248e-04  -1.709627154083e-04  -5.223597308415e-02  -1.306911356585e-01  -5.557938719884e-02  -1.152014057373e-02   4.363058045976e-03   0.000000000000e+00   1.726936974786e-04   5.244831134325e-02   1.309302351020e-01   5.564784861522e-02   1.159868748071e-02   4.399882057789e-03   0.000000000000e+00
   0.000000000000e+00   0.000000000000e+00   0.000000000000e+00   0.000000000000e+00  -1.092262904020e+01   0.000000000000e+00   0.000000000000e+00   0.000000000000e+00  -7.363998856650e+00   0.000000000000e+00   0.000000000000e+00   0.000000000000e+00  -2.585926957863e+00   0.000000000000e+00   0.000000000000e+00   0.000000000000e+00  -7.655494520881e-01   0.000000000000e+00   4.235111451024e-05   0.000000000000e+00   2.302649189748e-01   0.000000000000e+00   0.000000000000e+00   0.000000000000e+00   0.000000000000e+00   0.000000000000e+00  -6.929113831239e-02   0.000000000000e+00   0.000000000000e+00   0.000000000000e+00  -5.845469577064e-01   0.000000000000e+00   0.000000000000e+00   0.000000000000e+00  -6.994295643660e-01   0.000000000000e+00   0.000000000000e+00   0.000000000000e+00  -2.809536808104e-01   0.000000000000e+00  -1.919702001113e-04   0.000000000000e+00  -1.255017942058e+00   0.000000000000e+00   0.000000000000e+00   0.000000000000e+00   0.000000000000e+00   0.000000000000e+00   0.000000000000e+00   0.000000000000e+00  -1.701000177175e-03   0.000000000000e+00   0.000000000000e+00   0.000000000000e+00   0.000000000000e+00   0.000000000000e+00   0.000000000000e+00  -1.712843609955e-03
  -1.247641529654e+01  -1.257908979404e+01   4.073774567344e-01   7.464065051946e-05   0.000000000000e+00  -1.393592577671e+01   6.654915335845e-01   1.219378998434e-04   0.000000000000e+00  -9.258323558393e+00   4.135063782860e-01   7.584062155511e-05   0.000000000000e+00  -4.967444048110e+00   1.531638810571e-01   2.812877681556e-05   0.000000000000e+00  -7.133846727363e-05   0.000000000000e+00   1.213281989484e-01   0.000000000000e+00  -2.040977246384e-01  -2.363278792126e-01  -2.402547150565e-01  -1.223214051615e+00  -1.841502894112e-04   0.000000000000e+00  -2.299994715109e+00  -4.732976135722e+00  -7.181828040505e-04   0.000000000000e+00  -3.667882495245e+00  -5.440891730054e+00  -8.282831499858e-04   0.000000000000e+00  -2.605942462202e+00  -2.327899809529e+00  -3.547119791142e-04   0.000000000000e+00  -1.294893296355e-03   0.000000000000e+00   2.461354433751e+00   0.000000000000e+00  -4.260393528016e+00  -8.254303094475e-03  -3.183536718964e-01  -1.498277499723e+00  -1.712102296536e+00  -1.079031594577e-01   6.173765626315e-02   0.000000000000e+00  -8.302946504606e-03  -3.192729792748e-01  -1.499957352387e+00  -1.712819308777e+00  -1.083402462591e-01  -6.205951023858e-02   0.000000000000e+00
   5.760003046320e-02   4.390524839526e-02  -7.485214678294e+00  -2.087427510431e-05   0.000000000000e+00   6.654915335845e-01  -9.269530895993e+00  -7.526510910187e-05   0.000000000000e+00   7.783506212118e-01  -5.666076840651e+00  -7.148360939582e-05   0.000000000000e+00   5.014306089917e-01  -2.153842576701e+00  -3.041607493480e-05   0.000000000000e+00   1.650253522738e-04   0.000000000000e+00  -4.303159958275e-01   0.000000000000e+00   7.422883644000e-01   7.819771023711e-01   8.506387134993e-01   2.480025559196e+00   4.464834085130e-04   0.000000000000e+00   3.051884514024e+00   4.066783237310e+00   8.560356499350e-04   0.000000000000e+00   2.083013268917e+00   9.977933567389e-01   4.227655489754e-04   0.000000000000e+00   6.875633519593e-01  -2.545597495645e-01   8.001894536379e-05   0.000000000000e+00   1.262239036850e-03   0.000000000000e+00  -1.631051202970e+00   0.000000000000e+00   2.817750392834e+00   2.810824579154e-02   4.976782244477e-01   9.342825245873e-01   5.160131145814e-01   2.627661679389e-01  -1.720496305347e-01   0.000000000000e+00   2.825517405063e-02   4.987602198958e-01   9.347876760636e-01   5.160061507385e-01   2.635956565118e-01   1.728255032699e-01   0.000000000000e+00
   1.055361229334e-05   8.044422293905e-06  -2.087427510431e-05  -7.365768316031e+00   0.000000000000e+00   1.219378998434e-04  -7.526510910187e-05  -8.838949387691e+00   0.000000000000e+00   1.427561895060e-04  -7.148360939582e-05  -5.258653777767e+00   0.000000000000e+00   9.208848451389e-05  -3.041607493480e-05  -1.981214371990e+00   0.000000000000e+00   5.560759259805e-01   0.000000000000e+00  -7.815420926060e-05   0.000000000000e+00  -7.247217924683e-05   1.203428368041e-04   1.307363655593e-04   4.608220403208e-04  -5.005883353928e-01   0.000000000000e+00   4.773580708769e-04   8.868981169403e-04  -1.619911457284e+00   0.000000000000e+00   3.328202479719e-04   4.465642956011e-04  -1.812259890620e+00   0.000000000000e+00   1.144931560556e-04   8.876866276547e-05  -7.911627802312e-01   0.000000000000e+00  -2.726955912105e+00   0.000000000000e+00  -2.602986203862e-04   0.000000000000e+00   1.272180975018e-03  -1.353630396095e-02  -2.207228357589e-01  -3.736864370685e-01  -1.599425305479e-01  -1.374555048791e-01   4.635854275548e-02   0.000000000000e+00   1.362353536962e-02   2.214873786618e-01   3.743724837170e-01   1.601689662933e-01   1.380891370912e-01   4.666267369773e-02   0.000000000000e+00
   0.000000000000e+00   0.000000000000e+00   0.000000000000e+00   0.000000000000e+00  -7.363998856650e+00   0.000000000000e+00   0.000000000000e+00   0.000000000000e+00  -8.832558912607e+00   0.000000000000e+00   0.000000000000e+00   0.000000000000e+00  -5.252423386378e+00   0.000000000000e+00   0.000000000000e+00   0.000000000000e+00  -1.978486018698e+00   0.000000000000e+00   1.021304702559e-04   0.000000000000e+00   5.530351222976e-01   0.000000000000e+00   0.000000000000e+00   0.000000000000e+00   0.000000000000e+00   0.000000000000e+00  -4.992950611519e-01   0.000000000000e+00   0.000000000000e+00   0.000000000000e+00  -1.616110304960e+00   0.000000000000e+00   0.000000000000e+00   0.000000000000e+00  -1.808956463213e+00   0.000000000000e+00   0.000000000000e+00   0.000000000000e+00  -7.898992100800e-01   0.000000000000e+00  -4.118461915672e-04   0.000000000000e+00  -2.722083338879e+00   0.000000000000e+00   0.000000000000e+00   0.000000000000e+00   0.000000000000e+00   0.000000000000e+00   0.000000000000e+00   0.000000000000e+00  -2.992656718655e-02   0.000000000000e+00   0.000000000000e+00   0.000000000000e+00   0.000000000000e+00   0.000000000000e+00   0.000000000000e+00  -3.006797882225e-02
  -5.415062497926e+00  -5.468797872280e+00   2.470811536200e-01   4.527078929360e-05   0.000000000000e+00  -9.258323558393e+00   7.783506212118e-01   1.427561895060e-04   0.000000000000e+00  -9.162095355691e+00   1.085694657436e+00   2.035147460122e-04   0.000000000000e+00  -6.478482174859e+00   6.225130162131e-01   1.193642065394e-04   0.000000000000e+00  -9.379028620801e-05   0.000000000000e+00   1.594267918075e-01   0.000000000000e+00  -2.681428243115e-01  -1.444100968646e+00  -1.553378224791e+00  -1.665294587005e+00  -2.280867044281e-04   0.000000000000e+00  -4.085851742123e+00  -4.496799563157e+00  -6.375229475835e-04   0.000000000000e+00  -5.226958083929e+00  -5.635477637729e+00  -8.263500759890e-04   0.000000000000e+00  -3.918219617559e+00  -2.980336086348e+00  -4.426033638450e-04   0.000000000000e+00  -7.621087528392e-04   0.000000000000e+00   1.499554636383e+00   0.000000000000e+00  -2.547641687610e+00  -2.453063864313e-01  -1.093657019104e+00  -2.535934659507e+00  -2.690563276980e+00  -6.625518121263e-01   4.407234866294e-01   0.000000000000e+00  -2.459824764366e-01  -1.095630475584e+00  -2.538196785414e+00  -2.691567267990e+00  -6.636611991396e-01  -4.420301483161e-01   0.000000000000e+00
   1.676690974420e-02   1.050324660533e-02  -2.633787166514e+00  -8.241891148653e-06   0.000000000000e+00   4.135063782860e-01  -5.666076840651e+00  -7.148360939582e-05   0.000000000000e+00   1.085694657436e+00  -7.303865551212e+00  -1.813115253850e-04   0.000000000000e+00   1.082704275576e+00  -4.576700472817e+00  -1.257182283870e-04   0.000000000000e+00   1.292477626909e-04   0.000000000000e+00  -3.194152497368e-01   0.000000000000e+00   5.502123384964e-01   3.122306244386e+00   3.374539854019e+00   1.851352468991e+00   4.113239399318e-04   0.000000000000e+00   5.887377308210e+00   2.728022131966e+00   7.495706302294e-04   0.000000000000e+00   4.380809151612e+00   4.172024054915e-01   5.420206284033e-04   0.000000000000e+00   1.783923338425e+00  -8.906318042716e-01   1.433584551924e-04   0.000000000000e+00   4.982074599707e-04   0.000000000000e+00  -2.901205447774e-01   0.000000000000e+00   3.843696366278e-01   6.509162878406e-01   1.973393484829e+00   2.460526097551e+00   1.416568330887e+00   1.247752077763e+00  -1.045382282104e+00   0.000000000000e+00   6.522884158528e-01   1.975730076744e+00   2.461348449498e+00   1.416494562914e+00   1.248608196291e+00   1.047867651865e+00   0.000000000000e+00
   3.072072418675e-06   1.924429404510e-06  -8.241891148653e-06  -2.586625604598e+00   0.000000000000e+00   7.584062155511e-05  -7.148360939582e-05  -5.258653777767e+00   0.000000000000e+00   2.035147460122e-04  -1.813115253850e-04  -6.325115304416e+00   0.000000000000e+00   2.076039109305e-04  -1.257182283870e-04  -3.926947583138e+00   0.000000000000e+00   3.685764297394e-01   0.000000000000e+00  -5.790497142901e-05   0.000000000000e+00  -3.882064943399e-05   4.807839890210e-04   5.190392224696e-04   4.740391072226e-04  -1.219855579995e+00   0.000000000000e+00   9.396500876311e-04   8.688842553479e-04  -2.840935700463e+00   0.000000000000e+00   7.206122329031e-04   6.281473128187e-04  -3.523268099531e+00   0.000000000000e+00   3.074119438944e-04   1.759784021427e-04  -1.952876049248e+00   0.000000000000e+00  -2.534442722728e+00   0.000000000000e+00  -7.749106589863e-05   0.000000000000e+00   7.878619700548e-04  -3.209988256158e-01  -8.444690784569e-01  -9.268009205313e-01  -4.201624816453e-01  -7.216210133335e-01   1.350884720307e-01   0.000000000000e+00   3.220476982046e-01   8.465345965967e-01   9.283600190707e-01   4.207746933687e-01   7.232591688120e-01   1.359345850162e-01   0.000000000000e+00
   0.000000000000e+00   0.000000000000e+00   0.000000000000e+00   0.000000000000e+00  -2.585926957863e+00   0.000000000000e+00   0.000000000000e+00   0.000000000000e+00  -5.252423386378e+00   0.000000000000e+00   0.000000000000e+00   0.000000000000e+00  -6.302717884687e+00   0.000000000000e+00   0.000000000000e+00   0.000000000000e+00  -3.905155412105e+00   0.000000000000e+00   6.777405959899e-05   0.000000000000e+00   3.655453269793e-01   0.000000000000e+00   0.000000000000e+00   0.000000000000e+00   0.000000000000e+00   0.000000000000e+00  -1.209556460548e+00   0.000000000000e+00   0.000000000000e+00   0.000000000000e+00  -2.803700945373e+00   0.000000000000e+00   0.000000000000e+00   0.000000000000e+00  -3.485821036983e+00   0.000000000000e+00   0.000000000000e+00   0.000000000000e+00  -1.936754668447e+00   0.000000000000e+00  -3.630336447576e-04   0.000000000000e+00  -2.537637747125e+00   0.000000000000e+00   0.000000000000e+00   0.000000000000e+00   0.000000000000e+00   0.000000000000e+00   0.000000000000e+00   0.000000000000e+00  -3.093537454339e-01   0.000000000000e+00   0.000000000000e+00   0.000000000000e+00   0.000000000000e+00   0.000000000000e+00   0.000000000000e+00  -3.100979869463e-01
  -2.444551855788e+00  -2.462604343697e+00   1.232805217406e-01   2.258774847216e-05   0.000000000000e+00  -4.967444048110e+00   5.014306089917e-01   9.208848451389e-05   0.000000000000e+00  -6.478482174859e+00   1.082704275576e+00   2.076039109305e-04   0.000000000000e+00  -6.235246707499e+00   9.181022884429e-01   1.773484230342e-04   0.000000000000e+00  -6.125999647222e-05   0.000000000000e+00   1.040650267936e-01   0.000000000000e+00  -1.749949513558e-01  -1.518255042363e+00  -1.636032383630e+00  -7.457936290749e-01  -7.871375894588e-05   0.000000000000e+00  -3.973823305443e+00  -2.245269268156e+00  -2.673688077048e-04   0.000000000000e+00  -5.278639118382e+00  -3.585903470112e+00  -4.950143855863e-04   0.000000000000e+00  -4.642463185303e+00  -2.711352532522e+00  -3.937281259391e-04   0.000000000000e+00  -2.703918006277e-04   0.000000000000e+00   5.866257338674e-01   0.000000000000e+00  -9.002565953757e-01  -7.280826842100e-01  -1.879483539237e+00  -3.246548288290e+00  -3.440683683193e+00  -7.977893978075e-01   6.097234354476e-01   0.000000000000e+00  -7.290207219192e-01  -1.881415555166e+00  -3.248572127028e+00  -3.441733615272e+00  -7.981597706642e-01  -6.108785021868e-01   0.000000000000e+00
   4.655107785856e-03   2.742001918986e-03  -7.801326444847e-01  -2.511337890590e-06   0.000000000000e+00   1.531638810571e-01  -2.153842576701e+00  -3.041607493480e-05   0.000000000000e+00   6.225130162131e-01  -4.576700472817e+00  -1.257182283870e-04   0.000000000000e+00   9.181022884429e-01  -4.943262992038e+00  -1.213908826002e-04   0.000000000000e+00   5.058681831414e-05   0.000000000000e+00  -1.227327940238e-01   0.000000000000e+00   2.112921289935e-01   1.967953104668e+00   2.126948521024e+00   6.338296390255e-02   8.487063241847e-05   0.000000000000e+00   4.270334370406e+00  -1.065641934867e-01   2.102488537795e-04   0.000000000000e+00   4.190438752925e+00  -1.253505144847e+00   3.036302869237e-04   0.000000000000e+00   2.350684167958e+00  -1.921936161856e+00   1.556118614782e-04   0.000000000000e+00   4.884118533410e-05   0.000000000000e+00   5.885545239868e-02   0.000000000000e+00  -2.856091419828e-01   1.285686708050e+00   2.708924805421e+00   3.199549687904e+00   2.092570354264e+00   7.646922304179e-01  -9.883689103624e-01   0.000000000000e+00   1.286485363303e+00   2.709991442123e+00   3.199685918133e+00   2.092202850422e+00   7.638145135468e-01   9.896417864509e-01   0.000000000000e+00
   8.529197368440e-07   5.023960024115e-07  -2.511337890590e-06  -7.657623336186e-01   0.000000000000e+00   2.812877681556e-05  -3.041607493480e-05  -1.981214371990e+00   0.000000000000e+00   1.193642065394e-04  -1.257182283870e-04  -3.926947583138e+00   0.000000000000e+00   1.773484230342e-04  -1.213908826002e-04  -4.305008063031e+00   0.000000000000e+00   1.357959585333e-01   0.000000000000e+00  -2.225242277374e-05   0.000000000000e+00  -1.293849786119e-05   3.032473345453e-04   3.271910912655e-04   1.322020454404e-04  -8.047721014008e-01   0.000000000000e+00   6.864350458862e-04   3.122978703123e-04  -2.107091405541e+00   0.000000000000e+00   6.836351393379e-04   3.761239569821e-04  -3.554841174824e+00   0.000000000000e+00   3.904239210722e-04   1.845560506381e-04  -3.013003097683e+00   0.000000000000e+00  -8.494712916189e-01   0.000000000000e+00  -2.039772469141e-05   0.000000000000e+00   1.570546096157e-04  -6.449948196573e-01  -1.228637212740e+00  -1.305607832753e+00  -7.263829171076e-01  -6.087196253525e-01  -1.127533633611e-01   0.000000000000e+00   6.461444084502e-01   1.230582154741e+00   1.307316328661e+00   7.272371795544e-01   6.093409304594e-01  -1.123640561132e-01   0.000000000000e+00
   0.000000000000e+00   0.000000000000e+00   0.000000000000e+00   0.000000000000e+00  -7.655494520881e-01   0.000000000000e+00   0.000000000000e+00   0.000000000000e+00  -1.978486018698e+00   0.000000000000e+00   0.000000000000e+00   0.000000000000e+00  -3.905155412105e+00   0.000000000000e+00   0.000000000000e+00   0.000000000000e+00  -4.265634932975e+00   0.000000000000e+00   2.498298933970e-05   0.000000000000e+00   1.345086525227e-01   0.000000000000e+00   0.000000000000e+00   0.000000000000e+00   0.000000000000e+00   0.000000000000e+00  -7.946993651111e-01   0.000000000000e+00   0.000000000000e+00   0.000000000000e+00  -2.053066374396e+00   0.000000000000e+00   0.000000000000e+00   0.000000000000e+00  -3.480991757268e+00   0.000000000000e+00   0.000000000000e+00   0.000000000000e+00  -2.971999225303e+00   0.000000000000e+00  -1.125921614941e-04   0.000000000000e+00  -8.790355955817e-01   0.000000000000e+00   0.000000000000e+00   0.000000000000e+00   0.000000000000e+00   0.000000000000e+00   0.000000000000e+00   0.000000000000e+00  -5.356463886509e-01   0.000000000000e+00   0.000000000000e+00   0.000000000000e+00   0.000000000000e+00   0.000000000000e+00   0.000000000000e+00  -5.362766246195e-01
  -3.277302770250e-06  -1.358728796623e-06   5.502849663872e-05   2.308769042545e-01   0.000000000000e+00  -7.133846727363e-05   1.650253522738e-04   5.560759259805e-01   0.000000000000e+00  -9.379028620801e-05   1.292477626909e-04   3.685764297394e-01   0.000000000000e+00  -6.125999647222e-05   5.058681831414e-05   1.357959585333e-01   0.000000000000e+00  -6.423873965996e+00   0.000000000000e+00   6.880380131575e-05   0.000000000000e+00  -2.951220976245e-05  -1.677130623431e-04  -1.905585596669e-04  -7.131202297980e-04   7.509343091080e-01   0.000000000000e+00  -4.900114507771e-04  -7.260947903191e-04   1.557953297853e+00   0.000000000000e+00  -1.889665854107e-04  -1.226837222355e-04   7.514905856469e-01   0.000000000000e+00  -5.396180912475e-05  -1.284574348719e-05   1.412705835130e-01   0.000000000000e+00   2.542920429142e+00   0.000000000000e+00   8.828144694679e-05   0.000000000000e+00  -1.146698860019e-03   1.296429106622e-02   2.056354140822e-01   1.607430905502e-01   3.229721863678e-02   1.576487112364e-01  -6.211932574744e-02   0.000000000000e+00  -1.305346498253e-02  -2.062669258394e-01  -1.609952013023e-01  -3.237395429033e-02  -1.583552771635e-01  -6.252002435049e-02   0.000000000000e+00
   0.000000000000e+00   0.000000000000e+00   0.000000000000e+00   0.000000000000e+00   4.235111451024e-05   0.000000000000e+00   0.000000000000e+00   0.000000000000e+00   1.021304702559e-04   0.000000000000e+00   0.000000000000e+00   0.000000000000e+00   6.777405959899e-05   0.000000000000e+00   0.000000000000e+00   0.000000000000e+00   2.498298933970e-05   0.000000000000e+00  -6.170100286746e+00   0.000000000000e+00  -4.383252652379e-05   0.000000000000e+00   0.000000000000e+00   0.000000000000e+00   0.000000000000e+00   0.000000000000e+00   1.158248258616e-04   0.000000000000e+00   0.000000000000e+00   0.000000000000e+00   2.425883480294e-04   0.000000000000e+00   0.000000000000e+00   0.000000000000e+00   1.193670411940e-04   0.000000000000e+00   0.000000000000e+00   0.000000000000e+00   2.335564514588e-05   0.000000000000e+00  -7.458076405642e-01   0.000000000000e+00   5.107173646930e-04   0.000000000000e+00   0.000000000000e+00   0.000000000000e+00   0.000000000000e+00   0.000000000000e+00   0.000000000000e+00   0.000000000000e+00  -1.623156742120e-02   0.000000000000e+00   0.000000000000e+00   0.000000000000e+00   0.000000000000e+00   0.000000000000e+00   0.000000000000e+00   1.632849415599e-02
   5.574009244731e-03   2.310914616472e-03  -1.553237111965e-01  -2.831896480502e-05   0.000000000000e+00   1.213281989484e-01  -4.303159958275e-01  -7.815420926060e-05   0.000000000000e+00   1.594267918075e-01  -3.194152497368e-01  -5.790497142901e-05   0.000000000000e+00   1.040650267936e-01  -1.227327940238e-01  -2.225242277374e-05   0.000000000000e+00   6.880380131575e-05   0.000000000000e+00  -6.283417139906e+00   0.000000000000e+00   1.980840082601e-01   3.146094011011e-01   3.580271316248e-01   1.114525752271e+00   1.663980631386e-04   0.000000000000e+00   9.028382529345e-01   8.882616720036e-01   1.288113377319e-04   0.000000000000e+00   3.380639196789e-01   4.626860215733e-04  -4.470133685481e-06   0.000000000000e+00   9.313480048960e-02  -1.925359652958e-02  -4.497256813737e-06   0.000000000000e+00   6.616132935816e-05   0.000000000000e+00  -8.915404106497e-01   0.000000000000e+00   2.511636254434e-01   9.665484183174e-03   1.690728774302e-01   1.735051705819e-01   7.223374610765e-02   1.128377437772e-01  -6.578935986739e-02   0.000000000000e+00   9.724661123679e-03   1.694478792659e-01   1.735937857593e-01   7.224138210342e-02   1.132502906648e-01   6.610925956132e-02   0.000000000000e+00
   0.000000000000e+00   0.000000000000e+00   0.000000000000e+00   0.000000000000e+00   2.302649189748e-01   0.000000000000e+00   0.000000000000e+00   0.000000000000e+00   5.530351222976e-01   0.000000000000e+00   0.000000000000e+00   0.000000000000e+00   3.655453269793e-01   0.000000000000e+00   0.000000000000e+00   0.000000000000e+00   1.345086525227e-01   0.000000000000e+00  -4.383252652379e-05   0.000000000000e+00  -6.418056451379e+00   0.000000000000e+00   0.000000000000e+00   0.000000000000e+00   0.000000000000e+00   0.000000000000e+00   7.493881195941e-01   0.000000000000e+00   0.000000000000e+00   0.000000000000e+00   1.554249465213e+00   0.000000000000e+00   0.000000000000e+00   0.000000000000e+00   7.492548635781e-01   0.000000000000e+00   0.000000000000e+00   0.000000000000e+00   1.405988867848e-01   0.000000000000e+00   4.975294458435e-04   0.000000000000e+00   2.537645053257e+00   0.000000000000e+00   0.000000000000e+00   0.000000000000e+00   0.000000000000e+00   0.000000000000e+00   0.000000000000e+00   0.000000000000e+00   3.321297663202e-02   0.000000000000e+00   0.000000000000e+00   0.000000000000e+00   0.000000000000e+00   0.000000000000e+00   0.000000000000e+00   3.337069017246e-02
  -9.376658611268e-03  -3.887445550925e-03   2.684165741327e-01  -3.637250373157e-05   0.000000000000e+00  -2.040977246384e-01   7.422883644000e-01  -7.247217924683e-05   0.000000000000e+00  -2.681428243115e-01   5.502123384964e-01  -3.882064943399e-05   0.000000000000e+00  -1.749949513558e-01   2.112921289935e-01  -1.293849786119e-05   0.000000000000e+00  -2.951220976245e-05   0.000000000000e+00   1.980840082601e-01   0.000000000000e+00  -6.516779665603e+00  -5.448471410965e-01  -6.200940603953e-01  -1.929569827409e+00  -5.205621232910e-04   0.000000000000e+00  -1.561057510697e+00  -1.533611183224e+00  -7.100114981733e-04   0.000000000000e+00  -5.810469764949e-01   4.817293318540e-03  -2.319746696996e-04   0.000000000000e+00  -1.581987833232e-01   3.566118524956e-02  -3.920013163473e-05   0.000000000000e+00  -1.138770547515e-03   0.000000000000e+00   2.507833790680e-01   0.000000000000e+00  -1.178381265492e+00  -1.028058844225e-02  -1.957013935188e-01  -2.304944553672e-01  -1.121993413694e-01  -1.100480367628e-01   1.004329656349e-01   0.000000000000e+00  -1.033096603394e-02  -1.959411008783e-01  -2.304749488993e-01  -1.121871884238e-01  -1.102657103030e-01  -1.008570132247e-01   0.000000000000e+00
  -2.973019363382e-03  -1.799553613155e-03   3.322341380998e-02   5.107263558049e-06   0.000000000000e+00  -2.363278792126e-01   7.819771023711e-01   1.203428368041e-04   0.000000000000e+00  -1.444100968646e+00   3.122306244386e+00   4.807839890210e-04   0.000000000000e+00  -1.518255042363e+00   1.967953104668e+00   3.032473345453e-04   0.000000000000e+00  -1.677130623431e-04   0.000000000000e+00   3.146094011011e-01   0.000000000000e+00  -5.448471410965e-01  -2.125829966639e+01  -2.155275281084e+01  -1.566977928077e-01   9.750055482395e-06   0.000000000000e+00  -7.572841151511e+00  -7.233957717882e-02   4.483631202821e-06   0.000000000000e+00  -3.430144925603e+00  -2.304165252168e-02   1.413489633588e-06   0.000000000000e+00  -1.447392344967e+00  -5.797671818813e-03   3.533230866074e-07   0.000000000000e+00  -7.281988505099e-06   0.000000000000e+00   1.484781302625e-02   0.000000000000e+00  -1.641962299563e-02  -2.058019826525e-01  -1.586982250850e+00  -1.736211764084e+00  -1.073269364167e+00  -9.632232569770e-01   1.545465122770e+00   0.000000000000e+00  -2.065478949180e-01  -1.589035934261e+00  -1.736957728667e+00  -1.073433693992e+00  -9.638497101811e-01  -1.549881147396e+00   0.000000000000e+00
  -1.192862791692e-04   8.703165482140e-05   1.056695532626e-02   1.620753945165e-06   0.000000000000e+00  -2.402547150565e-01   8.506387134993e-01   1.307363655593e-04   0.000000000000e+00  -1.553378224791e+00   3.374539854019e+00   5.190392224696e-04   0.000000000000e+00  -1.636032383630e+00   2.126948521024e+00   3.271910912655e-04   0.000000000000e+00  -1.905585596669e-04   0.000000000000e+00   3.580271316248e-01   0.000000000000e+00  -6.200940603953e-01  -2.155275281084e+01  -1.950094667524e+01  -2.176730752009e-01   1.354489991539e-05   0.000000000000e+00  -8.139500422832e+00  -6.763768926038e-02   4.210026489361e-06   0.000000000000e+00  -3.705766574214e+00  -1.766496397790e-02   1.100664302521e-06   0.000000000000e+00  -1.561050214031e+00  -4.133148991304e-03   2.577268178607e-07   0.000000000000e+00  -3.646308945940e-06   0.000000000000e+00   7.413479820291e-03   0.000000000000e+00  -8.195806438986e-03  -2.165073406524e-01  -1.718596487596e+00  -1.875111283857e+00  -1.157475805030e+00  -1.064166188687e+00   1.709850956002e+00   0.000000000000e+00  -2.173385257363e-01  -1.720816933000e+00  -1.875915262629e+00  -1.157652475389e+00  -1.064834856244e+00  -1.714702900492e+00   0.000000000000e+00
  -1.154953799144e-01  -1.015573077990e-01   6.024004363770e-01   1.033471263890e-04   0.000000000000e+00  -1.223214051615e+00   2.480025559196e+00   4.608220403208e-04   0.000000000000e+00  -1.665294587005e+00   1.851352468991e+00   4.740391072226e-04   0.000000000000e+00  -7.457936290749e-01   6.338296390255e-02   1.322020454404e-04   0.000000000000e+00  -7.131202297980e-04   0.000000000000e+00   1.114525752271e+00   0.000000000000e+00  -1.929569827409e+00  -1.566977928077e-01  -2.176730752009e-01  -9.064393483822e+00  -5.217089145770e-05   0.000000000000e+00  -5.807277969310e-01  -6.065253002803e+00  -5.662855629732e-05   0.000000000000e+00  -3.703486222126e-01  -2.252978092720e+00  -2.365320942595e-05   0.000000000000e+00  -1.757774762450e-01  -6.018457632901e-01  -6.503211031744e-06   0.000000000000e+00  -4.103943088648e-05   0.000000000000e+00   2.301060650061e-01   0.000000000000e+00  -4.352279111017e-01   5.240888734272e-01   7.451334354970e-01   1.617814709218e-01  -4.682524343501e-02   9.093248340984e-02  -1.493972060240e+00   0.000000000000e+00   5.244133979109e-01   7.441383344527e-01   1.611089795902e-01  -4.700667504450e-02   8.708347534856e-02   1.493984975936e+00   0.000000000000e+00
  -1.768521742901e-05  -1.555970093927e-05   1.026723470737e-04  -6.931733873423e-02   0.000000000000e+00  -1.841502894112e-04   4.464834085130e-04  -5.005883353928e-01   0.000000000000e+00  -2.280867044281e-04   4.113239399318e-04  -1.219855579995e+00   0.000000000000e+00  -7.871375894588e-05   8.487063241847e-05  -8.047721014008e-01   0.000000000000e+00   7.509343091080e-01   0.000000000000e+00   1.663980631386e-04   0.000000000000e+00  -5.205621232910e-04   9.750055482395e-06   1.354489991539e-05  -5.217089145770e-05  -8.829661925740e+00   0.000000000000e+00   3.556413444604e-05  -5.662855629732e-05  -5.806909835278e+00   0.000000000000e+00   2.180982800733e-05  -2.365320942595e-05  -2.142274218050e+00   0.000000000000e+00   1.010076913430e-05  -6.503211031744e-06  -5.709929611471e-01   0.000000000000e+00  -2.547664904072e-01   0.000000000000e+00  -2.222965917758e-05   0.000000000000e+00  -8.713807407656e-05  -8.678889132811e-01  -1.406949825207e+00  -5.562538102853e-01  -1.303977734759e-01  -1.616591038974e+00   1.709012841480e+00   0.000000000000e+00   8.704213440404e-01   1.408791013840e+00   5.565876036090e-01   1.304509593307e-01   1.616971581036e+00   1.713352451385e+00   0.000000000000e+00
   0.000000000000e+00   0.000000000000e+00   0.000000000000e+00   0.000000000000e+00  -6.929113831239e-02   0.000000000000e+00   0.000000000000e+00   0.000000000000e+00  -4.992950611519e-01   0.000000000000e+00   0.000000000000e+00   0.000000000000e+00  -1.209556460548e+00   0.000000000000e+00   0.000000000000e+00   0.000000000000e+00  -7.946993651111e-01   0.000000000000e+00   1.158248258616e-04   0.000000000000e+00   7.493881195941e-01   0.000000000000e+00   0.000000000000e+00   0.000000000000e+00   0.000000000000e+00   0.000000000000e+00  -8.763163217502e+00   0.000000000000e+00   0.000000000000e+00   0.000000000000e+00  -5.734030727078e+00   0.000000000000e+00   0.000000000000e+00   0.000000000000e+00  -2.111324852272e+00   0.000000000000e+00   0.000000000000e+00   0.000000000000e+00  -5.624111798627e-01   0.000000000000e+00   7.595744059579e-06   0.000000000000e+00  -2.914390057886e-01   0.000000000000e+00   0.000000000000e+00   0.000000000000e+00   0.000000000000e+00   0.000000000000e+00   0.000000000000e+00   0.000000000000e+00  -8.387535229182e-01   0.000000000000e+00   0.000000000000e+00   0.000000000000e+00   0.000000000000e+00   0.000000000000e+00   0.000000000000e+00  -8.405228468981e-01
  -7.831546567594e-01  -7.826042612333e-01   9.887990712387e-01   1.530391107305e-04   0.000000000000e+00  -2.299994715109e+00   3.051884514024e+00   4.773580708769e-04   0.000000000000e+00  -4.085851742123e+00   5.887377308210e+00   9.396500876311e-04   0.000000000000e+00  -3.973823305443e+00   4.270334370406e+00   6.864350458862e-04   0.000000000000e+00  -4.900114507771e-04   0.000000000000e+00   9.028382529345e-01   0.000000000000e+00  -1.561057510697e+00  -7.572841151511e+00  -8.139500422832e+00  -5.807277969310e-01   3.556413444604e-05   0.000000000000e+00  -1.038047188994e+01  -9.107435876265e-01   3.106764305598e-05   0.000000000000e+00  -7.310287313216e+00  -5.576676893840e-01  -4.252417502527e-06   0.000000000000e+00  -3.754696308923e+00  -1.830600019439e-01  -4.846513260018e-06   0.000000000000e+00  -1.578390784760e-04   0.000000000000e+00   3.668064235594e-01   0.000000000000e+00  -4.141321445888e-01  -1.460202933954e+00  -3.680088531144e+00  -4.145417979576e+00  -2.831170507343e+00  -1.906464585256e+00   2.925490082418e+00   0.000000000000e+00  -1.462699465046e+00  -3.683670466705e+00  -4.147124737527e+00  -2.831626794191e+00  -1.905806263399e+00  -2.930568780587e+00   0.000000000000e+00
  -2.324829289350e+00  -2.342495167894e+00   2.003968353943e+00   4.005638982542e-04   0.000000000000e+00  -4.732976135722e+00   4.066783237310e+00   8.868981169403e-04   0.000000000000e+00  -4.496799563157e+00   2.728022131966e+00   8.688842553479e-04   0.000000000000e+00  -2.245269268156e+00  -1.065641934867e-01   3.122978703123e-04   0.000000000000e+00  -7.260947903191e-04   0.000000000000e+00   8.882616720036e-01   0.000000000000e+00  -1.533611183224e+00  -7.233957717882e-02  -6.763768926038e-02  -6.065253002803e+00  -5.662855629732e-05   0.000000000000e+00  -9.107435876265e-01  -8.271703691021e+00  -1.482491845704e-04   0.000000000000e+00  -1.016238501159e+00  -5.272300030274e+00  -9.677318865716e-05   0.000000000000e+00  -6.081838515715e-01  -1.819905724514e+00  -3.161470348160e-05   0.000000000000e+00  -2.597311126248e-04   0.000000000000e+00   6.816918272288e-01   0.000000000000e+00  -1.332048230851e+00   1.342649491248e+00   1.511652696954e+00   3.371915078885e-01  -2.043916813210e-01  -4.609646492163e-01  -1.941214006077e+00   0.000000000000e+00   1.341967624962e+00   1.509212968233e+00   3.354049376213e-01  -2.049519942468e-01  -4.669122759880e-01   1.939929015188e+00   0.000000000000e+00
  -3.561224226920e-04  -3.588925112225e-04   3.957307465566e-04  -5.847516213165e-01   0.000000000000e+00  -7.181828040505e-04   8.560356499350e-04  -1.619911457284e+00   0.000000000000e+00  -6.375229475835e-04   7.495706302294e-04  -2.840935700463e+00   0.000000000000e+00  -2.673688077048e-04   2.102488537795e-04  -2.107091405541e+00   0.000000000000e+00   1.557953297853e+00   0.000000000000e+00   1.288113377319e-04   0.000000000000e+00  -7.100114981733e-04   4.483631202821e-06   4.210026489361e-06  -5.662855629732e-05  -5.806909835278e+00   0.000000000000e+00   3.106764305598e-05  -1.482491845704e-04  -7.443675411567e+00   0.000000000000e+00  -7.749185529908e-06  -9.677318865716e-05  -4.593896665928e+00   0.000000000000e+00  -1.610166650208e-05  -3.161470348160e-05  -1.576660268994e+00   0.000000000000e+00  -5.240391068896e-01   0.000000000000e+00  -3.053700442334e-05   0.000000000000e+00  -3.043869961183e-04  -2.218090799328e+00  -2.837508960893e+00  -1.364417633016e+00  -3.695452743403e-01  -2.173377782590e+00   1.605057861294e+00   0.000000000000e+00   2.222042269395e+00   2.840508698240e+00   1.365130323281e+00   3.696300668610e-01   2.172654512946e+00   1.608398355999e+00   0.000000000000e+00
   0.000000000000e+00   0.000000000000e+00   0.000000000000e+00   0.000000000000e+00  -5.845469577064e-01   0.000000000000e+00   0.000000000000e+00   0.000000000000e+00  -1.616110304960e+00   0.000000000000e+00   0.000000000000e+00   0.000000000000e+00  -2.803700945373e+00   0.000000000000e+00   0.000000000000e+00   0.000000000000e+00  -2.053066374396e+00   0.000000000000e+00   2.425883480294e-04   0.000000000000e+00   1.554249465213e+00   0.000000000000e+00   0.000000000000e+00   0.000000000000e+00   0.000000000000e+00   0.000000000000e+00  -5.734030727078e+00   0.000000000000e+00   0.000000000000e+00   0.000000000000e+00  -7.228380583091e+00   0.000000000000e+00   0.000000000000e+00   0.000000000000e+00  -4.434611358682e+00   0.000000000000e+00   0.000000000000e+00   0.000000000000e+00  -1.521954386487e+00   0.000000000000e+00  -8.235759678760e-06   0.000000000000e+00  -6.753624578760e-01   0.000000000000e+00   0.000000000000e+00   0.000000000000e+00   0.000000000000e+00   0.000000000000e+00   0.000000000000e+00   0.000000000000e+00  -1.692702711678e+00   0.000000000000e+00   0.000000000000e+00   0.000000000000e+00   0.000000000000e+00   0.000000000000e+00   0.000000000000e+00  -1.695071123364e+00
  -1.722891932352e+00  -1.733658873583e+00   7.085834324626e-01   1.113926544461e-04   0.000000000000e+00  -3.667882495245e+00   2.083013268917e+00   3.328202479719e-04   0.000000000000e+00  -5.226958083929e+00   4.380809151612e+00   7.206122329031e-04   0.000000000000e+00  -5.278639118382e+00   4.190438752925e+00   6.836351393379e-04   0.000000000000e+00  -1.889665854107e-04   0.000000000000e+00   3.380639196789e-01   0.000000000000e+00  -5.810469764949e-01  -3.430144925603e+00  -3.705766574214e+00  -3.703486222126e-01   2.180982800733e-05   0.000000000000e+00  -7.310287313216e+00  -1.016238501159e+00  -7.749185529908e-06   0.000000000000e+00  -7.501633930410e+00  -1.064580390013e+00  -8.634534295283e-05   0.000000000000e+00  -5.075369130069e+00  -4.818108113385e-01  -5.213141801158e-05   0.000000000000e+00  -1.708968497507e-04   0.000000000000e+00   4.624883021530e-01   0.000000000000e+00  -5.362335950236e-01  -1.803355506847e+00  -3.892906658675e+00  -4.957467838491e+00  -3.965230783807e+00  -1.243196119336e+00   1.801313276904e+00   0.000000000000e+00  -1.804958813440e+00  -3.895498029652e+00  -4.959233867120e+00  -3.965857987967e+00  -1.242354807541e+00  -1.803595330218e+00   0.000000000000e+00
