ARMA_MAT_TXT_FN008
36 36
  -3.078934268312e+01  -3.302775284395e+01  -1.645626756125e-05  -3.716857418639e-02  -8.602242018472e-28  -1.175611923023e+01  -7.497207528904e-06  -1.692865854696e-02  -3.917948299914e-28  -5.092301190009e+00  -2.186028970005e-06  -4.927765040799e-03  -1.140483524623e-28  -2.297537797383e+00  -6.076990072136e-07  -1.368120376120e-03  -3.166399678247e-29   9.050692245141e-05   0.000000000000e+00   3.475987319132e-03   0.000000000000e+00  -1.489433298514e-03  -4.326605765544e-01  -2.171924569671e+00  -1.903240546283e+00  -1.088724813712e+00  -2.484135614917e+00   1.965876973755e+00  -1.077965314317e-17  -4.131797915392e-01  -2.140486111346e+00  -1.894253942115e+00  -1.086904194119e+00   2.459416607828e+00   1.870907181791e+00   6.578308742320e-18
  -3.302775284395e+01  -2.853436702866e+01  -1.951659951854e-05  -4.408074949573e-02  -1.020198604026e-27  -1.175865084665e+01  -5.712643897644e-06  -1.290377595306e-02  -2.986430595294e-28  -5.120794327515e+00  -1.365751924818e-06  -3.086919656270e-03  -7.144297748553e-29  -2.307058175596e+00  -3.563483566449e-07  -8.058809378645e-04  -1.865106911378e-29   3.752459952862e-05   0.000000000000e+00   1.441109046669e-03   0.000000000000e+00  -6.175038957666e-04  -4.295401370043e-01  -2.181802571155e+00  -1.910825297867e+00  -1.092367243580e+00  -2.510499472363e+00   1.987312963564e+00  -8.414790023124e-18  -4.098317975637e-01  -2.150181905604e+00  -1.901798027909e+00  -1.090540467999e+00   2.485595466709e+00   1.891377164270e+00   4.833820903951e-18
  -1.645626756125e-05  -1.951659951854e-05  -8.937566952402e+00   5.325397224052e-04   0.000000000000e+00  -5.321237900296e-05  -6.176647297121e+00   5.759675730971e-04   0.000000000000e+00  -3.295930446500e-05  -2.207918823654e+00   2.264774313997e-04   0.000000000000e+00  -1.669671015818e-05  -6.575496030708e-01   6.881792562007e-05   0.000000000000e+00  -8.857911877794e-02   0.000000000000e+00  -3.922319430118e-05  -1.671727656216e-27  -5.182556616071e-04   7.476451391481e-01   8.931094425509e-01   2.718019766533e-01   5.710375955590e-02   1.103962555582e+00  -1.548460088563e+00   1.114570327818e-16  -7.360143715879e-01  -9.006473101409e-01  -2.765362991851e-01  -5.828083018127e-02   1.160364397044e+00   1.514206081386e+00   7.601122317342e-17
  -3.716857418639e-02  -4.408074949573e-02   5.325397224052e-04  -8.920039763281e+00   0.000000000000e+00  -1.197265321805e-01   5.759675730971e-04  -6.157676619136e+00   0.000000000000e+00  -7.260815799459e-02   2.264774313997e-04  -2.200434797885e+00   0.000000000000e+00  -3.622438236958e-02   6.881792562007e-05  -6.552706040526e-01   0.000000000000e+00   4.871903728874e-04  -1.671727656216e-27   4.838775872577e-02   0.000000000000e+00   5.974059286091e-02  -5.971955936903e-01  -7.363822132979e-01  -2.443790237573e-01  -6.276822546398e-02  -1.580935234822e+00   3.909105441121e-01  -8.827459408009e-17  -5.651838065657e-01  -7.142700273881e-01  -2.394792880192e-01  -6.186873017319e-02   1.546353167923e+00   3.387223795395e-01   5.786966360099e-17
  -8.602242018472e-28  -1.020198604026e-27   0.000000000000e+00   0.000000000000e+00  -8.893379158798e+00  -2.770977410966e-27   0.000000000000e+00   0.000000000000e+00  -6.128820357250e+00  -1.680644090541e-27   0.000000000000e+00   0.000000000000e+00  -2.189050918179e+00  -8.385535442293e-28   0.000000000000e+00   0.000000000000e+00  -6.518040519629e-01   0.000000000000e+00  -6.450965506143e-02  -1.930344824656e-27  -9.900185408449e-05   0.000000000000e+00  -1.310590184972e-17   2.384447421491e-17   3.398979080158e-18   2.769390772917e-19   1.114570327889e-16  -8.827459408416e-17  -8.540138452259e-01   9.603689748809e-18  -1.629407767927e-17  -2.359970375877e-18  -1.931343569431e-19   7.601122317990e-17   5.786966360484e-17  -8.316109919425e-01
  -1.175611923023e+01  -1.175865084665e+01  -5.321237900296e-05  -1.197265321805e-01  -2.770977410966e-27  -1.189184888930e+01  -1.611476227448e-04  -1.941463808743e-01  -4.527797479527e-27  -7.713122453247e+00  -2.565968056690e-04  -1.157033139368e-01  -2.830144454036e-27  -4.110394679645e+00  -1.245130551297e-04  -4.160770351769e-02  -1.056757674053e-27   1.876933741112e-03   0.000000000000e+00   7.471281963001e-02   0.000000000000e+00  -3.201516643791e-02  -1.577809863250e+00  -3.795879236320e+00  -3.435452600570e+00  -2.068236194126e+00  -3.654843140923e+00   2.864967305800e+00  -1.115104835281e-16  -1.536379494267e+00  -3.750867038113e+00  -3.420312878990e+00  -2.064850992792e+00   3.653436965520e+00   2.752643130623e+00   7.520593004020e-17
  -7.497207528904e-06  -5.712643897644e-06  -6.176647297121e+00   5.759675730971e-04   0.000000000000e+00  -1.611476227448e-04  -7.011461473259e+00   1.848356168802e-03   0.000000000000e+00  -4.829968619138e-04  -4.168953893080e+00   1.236403265432e-03   0.000000000000e+00  -4.076330309090e-04  -1.580651037210e+00   4.343354803289e-04   0.000000000000e+00  -2.613211321780e-01   0.000000000000e+00  -1.115069790003e-04  -4.285769788186e-27  -2.451171027103e-03   1.874998097695e+00   1.851550254454e+00   6.528089651755e-01   1.497742957459e-01   1.143111152557e+00  -2.237985333499e+00   2.540393056449e-16  -1.868928639488e+00  -1.871227285001e+00  -6.648148286386e-01  -1.532598956909e-01   1.245006276380e+00   2.203215670889e+00   1.764980647790e-16
  -1.692865854696e-02  -1.290377595306e-02   5.759675730971e-04  -6.157676619136e+00   0.000000000000e+00  -1.941463808743e-01   1.848356168802e-03  -6.945379281485e+00   0.000000000000e+00  -2.177904646895e-01   1.236403265432e-03  -4.113925156993e+00   0.000000000000e+00  -1.362160319367e-01   4.343354803289e-04  -1.558950269617e+00   0.000000000000e+00   2.233753317253e-03  -4.285769788186e-27   1.377801615866e-01   0.000000000000e+00   1.241929102360e-01  -1.498908668985e+00  -1.547696027166e+00  -6.213372812706e-01  -1.887516113972e-01  -2.318104411637e+00   1.007832272953e-01  -2.012005525904e-16  -1.436270126696e+00  -1.504453566812e+00  -6.094611275421e-01  -1.863304502913e-01   2.282742812590e+00   3.639722285339e-02   1.343733623585e-16
  -3.917948299914e-28  -2.986430595294e-28   0.000000000000e+00   0.000000000000e+00  -6.128820357250e+00  -4.527797479527e-27   0.000000000000e+00   0.000000000000e+00  -6.844873990893e+00  -5.327232685138e-27   0.000000000000e+00   0.000000000000e+00  -4.030254608947e+00  -3.459631868816e-27   0.000000000000e+00   0.000000000000e+00  -1.525958620715e+00   0.000000000000e+00  -1.468718022710e-01  -4.948780681787e-27  -4.105534628772e-04   0.000000000000e+00   6.897822409811e-17   7.479288993303e-17   1.306330830115e-17   1.217100728395e-18   2.540393057052e-16  -2.012005526396e-16  -1.700027193903e+00  -4.547028888893e-17  -5.136415059108e-17  -9.074640372148e-18  -8.488471254618e-19   1.764980648265e-16   1.343733623956e-16  -1.667539962990e+00
  -5.092301190009e+00  -5.120794327515e+00  -3.295930446500e-05  -7.260815799459e-02  -1.680644090541e-27  -7.713122453247e+00  -4.829968619138e-04  -2.177904646895e-01  -5.327232685138e-27  -7.099542153684e+00  -1.645691782610e-03  -2.436758623140e-01  -8.522756034670e-27  -4.842798139686e+00  -1.072046532775e-03  -1.217158843490e-01  -5.917641627568e-27   2.101525472869e-03   0.000000000000e+00   9.301622700086e-02   0.000000000000e+00  -3.986285502717e-02  -2.109814533501e+00  -4.102647010572e+00  -4.105018089571e+00  -2.744219022161e+00  -2.595118736175e+00   2.002903305749e+00  -6.547009678279e-17  -2.079514593213e+00  -4.067976574789e+00  -4.089899540898e+00  -2.740125275371e+00   2.609751794943e+00   1.935786882878e+00   4.514520966508e-17
  -2.186028970005e-06  -1.365751924818e-06  -2.207918823654e+00   2.264774313997e-04   0.000000000000e+00  -2.565968056690e-04  -4.168953893080e+00   1.236403265432e-03   0.000000000000e+00  -1.645691782610e-03  -4.694321986385e+00   8.997480085566e-04   0.000000000000e+00  -1.864554369823e-03  -2.834380564583e+00   2.790888485654e-04   0.000000000000e+00  -1.902612611916e-01   0.000000000000e+00   9.379420121814e-05  -3.008446597729e-27  -2.191495987976e-03   2.100197923749e+00   2.346937585192e+00   1.154918650879e+00   3.344198911042e-01   2.950754701275e-03  -1.430914459005e+00   1.073121835529e-16  -2.118925538825e+00  -2.382499869455e+00  -1.179340617554e+00  -3.437454634769e-01   8.161782137218e-02   1.417967249113e+00   7.576478426513e-17
  -4.927765040799e-03  -3.086919656270e-03   2.264774313997e-04  -2.200434797885e+00   0.000000000000e+00  -1.157033139368e-01   1.236403265432e-03  -4.113925156993e+00   0.000000000000e+00  -2.436758623140e-01   8.997480085566e-04  -4.607678361442e+00   0.000000000000e+00  -2.116940609401e-01   2.790888485654e-04  -2.787435517799e+00   0.000000000000e+00   1.663682146274e-03  -3.008446597729e-27   9.862734793792e-02   0.000000000000e+00   7.277353777472e-02  -1.676613350107e+00  -1.948587295666e+00  -1.071002908100e+00  -3.886588038288e-01  -1.506103518888e+00  -6.907718502760e-01  -8.499185027644e-17  -1.626076194242e+00  -1.901766463651e+00  -1.051421506904e+00  -3.834919293255e-01   1.492848421201e+00  -7.246608820641e-01   5.768204213700e-17
  -1.140483524623e-28  -7.144297748553e-29   0.000000000000e+00   0.000000000000e+00  -2.189050918179e+00  -2.830144454036e-27   0.000000000000e+00   0.000000000000e+00  -4.030254608947e+00  -8.522756034670e-27   0.000000000000e+00   0.000000000000e+00  -4.476018638260e+00  -1.029224405695e-26   0.000000000000e+00   0.000000000000e+00  -2.716116055430e+00   0.000000000000e+00  -9.220722132207e-02  -3.473854906083e-27  -3.653575197371e-04   0.000000000000e+00   9.659019822335e-17   9.742115102665e-17   3.102038860082e-17   4.337167435057e-18   1.073121837015e-16  -8.499185040825e-17  -1.835958822891e+00  -6.648394184915e-17  -6.742421115184e-17  -2.157757242169e-17  -3.025509787140e-18   7.576478437819e-17   5.768204223261e-17  -1.815119101542e+00
  -2.297537797383e+00  -2.307058175596e+00  -1.669671015818e-05  -3.622438236958e-02  -8.385535442293e-28  -4.110394679645e+00  -4.076330309090e-04  -1.362160319367e-01  -3.459631868816e-27  -4.842798139686e+00  -1.864554369823e-03  -2.116940609401e-01  -1.029224405695e-26  -4.365113622600e+00  -1.633908555780e-03  -1.448551586089e-01  -1.482318306301e-26   1.252783659681e-03   0.000000000000e+00   5.871355905293e-02   0.000000000000e+00  -2.516358081351e-02  -1.580555692506e+00  -3.159873193185e+00  -3.744890068570e+00  -3.007338478099e+00  -1.248385723506e+00   9.467907776848e-01  -1.046361567289e-17  -1.566960537829e+00  -3.142037295648e+00  -3.734609852082e+00  -3.003575825267e+00   1.258143781735e+00   9.169086000184e-01   7.277072244845e-18
  -6.076990072136e-07  -3.563483566449e-07  -6.575496030708e-01   6.881792562007e-05   0.000000000000e+00  -1.245130551297e-04  -1.580651037210e+00   4.343354803289e-04   0.000000000000e+00  -1.072046532775e-03  -2.834380564583e+00   2.790888485654e-04   0.000000000000e+00  -1.633908555780e-03  -2.907026410248e+00   3.518324286834e-05   0.000000000000e+00  -7.128958448443e-02   0.000000000000e+00   6.896164985014e-05  -1.136418621251e-27  -8.693109898692e-04   1.072743593461e+00   1.532339354713e+00   1.152010304221e+00   4.957336566227e-01  -4.011574066173e-01  -4.624711616919e-01   1.119467499286e-17  -1.088623061403e+00  -1.560273919001e+00  -1.177293294388e+00  -5.087234953564e-01  -3.734871565782e-01   4.595804900053e-01   7.962100206400e-18
  -1.368120376120e-03  -8.058809378645e-04   6.881792562007e-05  -6.552706040526e-01   0.000000000000e+00  -4.160770351769e-02   4.343354803289e-04  -1.558950269617e+00   0.000000000000e+00  -1.217158843490e-01   2.790888485654e-04  -2.787435517799e+00   0.000000000000e+00  -1.448551586089e-01   3.518324286834e-05  -2.872395636768e+00   0.000000000000e+00   6.027464767171e-04  -1.136418621251e-27   3.679933068824e-02   0.000000000000e+00   2.564079582639e-02  -8.555360463098e-01  -1.260056999100e+00  -1.017171711111e+00  -4.959713681956e-01  -4.970405443917e-01  -6.359894018875e-01  -8.866245278931e-18  -8.345761744920e-01  -1.233300570782e+00  -9.989191371520e-01  -4.885850209740e-01   4.940885718873e-01  -6.459405422791e-01   6.061789840977e-18
  -3.166399678247e-29  -1.865106911378e-29   0.000000000000e+00   0.000000000000e+00  -6.518040519629e-01  -1.056757674053e-27   0.000000000000e+00   0.000000000000e+00  -1.525958620715e+00  -5.917641627568e-27   0.000000000000e+00   0.000000000000e+00  -2.716116055430e+00  -1.482318306301e-26   0.000000000000e+00   0.000000000000e+00  -2.819797347651e+00   0.000000000000e+00  -3.319206987427e-02  -1.312223193783e-27  -1.471194318378e-04   0.000000000000e+00   2.341719468116e-17   3.937557467871e-17   2.828420414610e-17   8.158860775763e-18   1.119467509753e-17  -8.866245373651e-18  -1.004499044708e+00  -1.628221084202e-17  -2.740113781081e-17  -1.971072228026e-17  -5.693838007844e-18   7.962100285498e-18   6.061789909244e-18  -9.977541614257e-01
   9.050692245141e-05   3.752459952862e-05  -8.857911877794e-02   4.871903728874e-04   0.000000000000e+00   1.876933741112e-03  -2.613211321780e-01   2.233753317253e-03   0.000000000000e+00   2.101525472869e-03  -1.902612611916e-01   1.663682146274e-03   0.000000000000e+00   1.252783659681e-03  -7.128958448443e-02   6.027464767171e-04   0.000000000000e+00  -4.427318266397e+00   0.000000000000e+00  -2.065159383254e-03   0.000000000000e+00  -1.235394583494e-03   1.506918659977e+00   6.887729947809e-01   1.088274766368e-01   1.390154221325e-02   7.911230391270e-01  -1.679634686565e-01   3.255586803260e-16  -1.470500489978e+00  -6.816409897706e-01  -1.068512107993e-01  -1.267575996129e-02   8.394831156341e-01   1.183271844246e-01   2.218891545061e-16
   0.000000000000e+00   0.000000000000e+00   0.000000000000e+00  -1.671727656216e-27  -6.450965506143e-02   0.000000000000e+00   0.000000000000e+00  -4.285769788186e-27  -1.468718022710e-01   0.000000000000e+00   0.000000000000e+00  -3.008446597729e-27  -9.220722132207e-02   0.000000000000e+00   0.000000000000e+00  -1.136418621251e-27  -3.319206987427e-02   0.000000000000e+00  -4.252584296234e+00   0.000000000000e+00   8.394067058859e-04   0.000000000000e+00   1.327584895334e-16   4.749096118148e-17   2.522970294144e-18   7.967001093320e-20   3.255586803599e-16  -1.154863016471e-16  -1.016551354858e+00  -8.637948600504e-17  -3.207841705804e-17  -1.722866318563e-18  -5.460718030398e-20   2.218891545330e-16   7.270542726024e-17  -9.789424444599e-01
   3.475987319132e-03   1.441109046669e-03  -3.922319430118e-05   4.838775872577e-02  -1.930344824656e-27   7.471281963001e-02  -1.115069790003e-04   1.377801615866e-01  -4.948780681787e-27   9.301622700086e-02   9.379420121814e-05   9.862734793792e-02  -3.473854906083e-27   5.871355905293e-02   6.896164985014e-05   3.679933068824e-02  -1.312223193783e-27  -2.065159383254e-03   0.000000000000e+00  -4.278344968410e+00   0.000000000000e+00   3.316723752876e-02   8.944748117359e-01   4.343094744229e-01   1.060245648009e-01   3.742151841197e-02   3.620333748021e-01  -2.615339389963e-01   3.574757480471e-16   8.810923170319e-01   4.336250682460e-01   1.060355667578e-01   3.738124957028e-02  -3.766472692101e-01  -2.622162166305e-01  -2.440120082450e-16
   0.000000000000e+00   0.000000000000e+00  -1.671727656216e-27   0.000000000000e+00  -9.900185408449e-05   0.000000000000e+00  -4.285769788186e-27   0.000000000000e+00  -4.105534628772e-04   0.000000000000e+00  -3.008446597729e-27   0.000000000000e+00  -3.653575197371e-04   0.000000000000e+00  -1.136418621251e-27   0.000000000000e+00  -1.471194318378e-04   0.000000000000e+00   8.394067058859e-04   0.000000000000e+00  -4.286547193800e+00   0.000000000000e+00  -1.676231703408e-16  -5.996291087200e-17  -3.185546029067e-18  -1.005927364982e-19  -2.686980373923e-16   3.255586803591e-16   1.255570566446e+00  -1.134585891795e-16  -4.213467931641e-17  -2.262967641808e-18  -7.172598374570e-20   1.952236239328e-16   2.218891545324e-16  -1.257676646386e+00
  -1.489433298514e-03  -6.175038957666e-04  -5.182556616071e-04   5.974059286091e-02   0.000000000000e+00  -3.201516643791e-02  -2.451171027103e-03   1.241929102360e-01   0.000000000000e+00  -3.986285502717e-02  -2.191495987976e-03   7.277353777472e-02   0.000000000000e+00  -2.516358081351e-02  -8.693109898692e-04   2.564079582639e-02   0.000000000000e+00  -1.235394583494e-03   0.000000000000e+00   3.316723752876e-02   0.000000000000e+00  -4.344033492474e+00  -3.399628400692e-01  -1.417446916961e-01  -3.079367176234e-02  -1.285672195485e-02   8.779006315963e-01   1.325471227170e+00  -7.660586786946e-17  -3.914759500313e-01  -1.676140715644e-01  -3.479564735511e-02  -1.330949866123e-02  -8.041493558751e-01   1.333462219905e+00   6.125909833217e-17
  -4.326605765544e-01  -4.295401370043e-01   7.476451391481e-01  -5.971955936903e-01  -1.310590184972e-17  -1.577809863250e+00   1.874998097695e+00  -1.498908668985e+00   6.897822409811e-17  -2.109814533501e+00   2.100197923749e+00  -1.676613350107e+00   9.659019822335e-17  -1.580555692506e+00   1.072743593461e+00  -8.555360463098e-01   2.341719468116e-17   1.506918659977e+00   1.327584895334e-16   8.944748117359e-01  -1.676231703408e-16  -3.399628400692e-01  -4.578347130349e+00  -3.877185863075e+00  -2.185538502370e+00  -1.099822897585e+00  -7.884116337263e-01   5.872941840725e-01   1.079743128205e-25  -7.778122646479e-02  -6.488016014487e-01  -1.100025010193e+00  -8.495673918223e-01   5.650417661416e-01   3.916433903429e-02  -2.109093709512e-17
  -2.171924569671e+00  -2.181802571155e+00   8.931094425509e-01  -7.363822132979e-01   2.384447421491e-17  -3.795879236320e+00   1.851550254454e+00  -1.547696027166e+00   7.479288993303e-17  -4.102647010572e+00   2.346937585192e+00  -1.948587295666e+00   9.742115102665e-17  -3.159873193185e+00   1.532339354713e+00  -1.260056999100e+00   3.937557467871e-17   6.887729947809e-01   4.749096118148e-17   4.343094744229e-01  -5.996291087200e-17  -1.417446916961e-01  -3.877185863075e+00  -5.021468379220e+00  -3.832479935630e+00  -2.223391286475e+00  -1.349693424305e+00   1.001266351069e+00   1.969558297038e-25  -6.458408352276e-01  -1.813873761477e+00  -2.362358338639e+00  -1.812847972300e+00   1.600768211809e+00   3.183953227952e-01   1.664167984565e-17
  -1.903240546283e+00  -1.910825297867e+00   2.718019766533e-01  -2.443790237573e-01   3.398979080158e-18  -3.435452600570e+00   6.528089651755e-01  -6.213372812706e-01   1.306330830115e-17  -4.105018089571e+00   1.154918650879e+00  -1.071002908100e+00   3.102038860082e-17  -3.744890068570e+00   1.152010304221e+00  -1.017171711111e+00   2.828420414610e-17   1.088274766368e-01   2.522970294144e-18   1.060245648009e-01  -3.185546029067e-18  -3.079367176234e-02  -2.185538502370e+00  -3.832479935630e+00  -4.017004159590e+00  -2.921883109137e+00  -9.504453831983e-01   7.019503777270e-01   1.481664041004e-25  -1.094413221126e+00  -2.356879132541e+00  -2.985550330640e+00  -2.507802466654e+00   1.331042656800e+00   4.387702620058e-01   1.342916574176e-17
  -1.088724813712e+00  -1.092367243580e+00   5.710375955590e-02  -6.276822546398e-02   2.769390772917e-19  -2.068236194126e+00   1.497742957459e-01  -1.887516113972e-01   1.217100728395e-18  -2.744219022161e+00   3.344198911042e-01  -3.886588038288e-01   4.337167435057e-18  -3.007338478099e+00   4.957336566227e-01  -4.959713681956e-01   8.158860775763e-18   1.390154221325e-02   7.967001093320e-20   3.742151841197e-02  -1.005927364982e-19  -1.285672195485e-02  -1.099822897585e+00  -2.223391286475e+00  -2.921883109137e+00  -2.745838072634e+00  -5.148056062872e-01   3.794153749257e-01   8.272852310971e-26  -8.453127354446e-01  -1.807708554322e+00  -2.505802259384e+00  -2.484150147708e+00   6.523713076774e-01   3.105327884664e-01   1.997659173905e-18
  -2.484135614917e+00  -2.510499472363e+00   1.103962555582e+00  -1.580935234822e+00   1.114570327889e-16  -3.654843140923e+00   1.143111152557e+00  -2.318104411637e+00   2.540393057052e-16  -2.595118736175e+00   2.950754701275e-03  -1.506103518888e+00   1.073121837015e-16  -1.248385723506e+00  -4.011574066173e-01  -4.970405443917e-01   1.119467509753e-17   7.911230391270e-01   3.255586803599e-16   3.620333748021e-01  -2.686980373923e-16   8.779006315963e-01  -7.884116337263e-01  -1.349693424305e+00  -9.504453831983e-01  -5.148056062872e-01  -4.161120037049e+00   6.052756167999e-01   0.000000000000e+00  -5.625751604884e-01  -1.598127744496e+00  -1.328561176235e+00  -6.500507676691e-01   1.876814935116e+00   2.830554128259e-01   2.500027041305e-17
   1.965876973755e+00   1.987312963564e+00  -1.548460088563e+00   3.909105441121e-01  -8.827459408416e-17   2.864967305800e+00  -2.237985333499e+00   1.007832272953e-01  -2.012005526396e-16   2.002903305749e+00  -1.430914459005e+00  -6.907718502760e-01  -8.499185040825e-17   9.467907776848e-01  -4.624711616919e-01  -6.359894018875e-01  -8.866245373651e-18  -1.679634686565e-01  -1.154863016471e-16  -2.615339389963e-01   3.255586803591e-16   1.325471227170e+00   5.872941840725e-01   1.001266351069e+00   7.019503777270e-01   3.794153749257e-01   6.052756167999e-01  -3.833992313592e+00   0.000000000000e+00   4.650408220047e-02   3.433467795182e-01   4.630695732361e-01   3.240242622711e-01  -3.161144033306e-01  -4.315128734772e-01  -1.703984765899e-19
  -1.077965314317e-17  -8.414790023124e-18   1.114570327818e-16  -8.827459408009e-17  -8.540138452259e-01  -1.115104835281e-16   2.540393056449e-16  -2.012005525904e-16  -1.700027193903e+00  -6.547009678279e-17   1.073121835529e-16  -8.499185027644e-17  -1.835958822891e+00  -1.046361567289e-17   1.119467499286e-17  -8.866245278931e-18  -1.004499044708e+00   3.255586803260e-16  -1.016551354858e+00   3.574757480471e-16   1.255570566446e+00  -7.660586786946e-17   1.079743128205e-25   1.969558297038e-25   1.481664041004e-25   8.272852310971e-26   0.000000000000e+00   0.000000000000e+00  -3.354837634837e+00   2.109093709573e-17  -1.664167983810e-17  -1.342916572427e-17  -1.997659158424e-18   2.500027040862e-17  -1.703984633222e-19  -3.228697314991e-01
  -4.131797915392e-01  -4.098317975637e-01  -7.360143715879e-01  -5.651838065657e-01   9.603689748809e-18  -1.536379494267e+00  -1.868928639488e+00  -1.436270126696e+00  -4.547028888893e-17  -2.079514593213e+00  -2.118925538825e+00  -1.626076194242e+00  -6.648394184915e-17  -1.566960537829e+00  -1.088623061403e+00  -8.345761744920e-01  -1.628221084202e-17  -1.470500489978e+00  -8.637948600504e-17   8.810923170319e-01  -1.134585891795e-16  -3.914759500313e-01  -7.778122646479e-02  -6.458408352276e-01  -1.094413221126e+00  -8.453127354446e-01  -5.625751604884e-01   4.650408220047e-02   2.109093709573e-17  -4.547152751804e+00  -3.855536392468e+00  -2.174299250343e+00  -1.094342999627e+00   7.892569338013e-01   5.645591361565e-01  -8.117046954470e-26
  -2.140486111346e+00  -2.150181905604e+00  -9.006473101409e-01  -7.142700273881e-01  -1.629407767927e-17  -3.750867038113e+00  -1.871227285001e+00  -1.504453566812e+00  -5.136415059108e-17  -4.067976574789e+00  -2.382499869455e+00  -1.901766463651e+00  -6.742421115184e-17  -3.142037295648e+00  -1.560273919001e+00  -1.233300570782e+00  -2.740113781081e-17  -6.816409897706e-01  -3.207841705804e-17   4.336250682460e-01  -4.213467931641e-17  -1.676140715644e-01  -6.488016014487e-01  -1.813873761477e+00  -2.356879132541e+00  -1.807708554322e+00  -1.598127744496e+00   3.433467795182e-01  -1.664167983810e-17  -3.855536392468e+00  -4.997465299653e+00  -3.818178356037e+00  -2.216109188778e+00   1.354756113552e+00   9.651882331800e-01  -1.480629675617e-25
  -1.894253942115e+00  -1.901798027909e+00  -2.765362991851e-01  -2.394792880192e-01  -2.359970375877e-18  -3.420312878990e+00  -6.648148286386e-01  -6.094611275421e-01  -9.074640372148e-18  -4.089899540898e+00  -1.179340617554e+00  -1.051421506904e+00  -2.157757242169e-17  -3.734609852082e+00  -1.177293294388e+00  -9.989191371520e-01  -1.971072228026e-17  -1.068512107993e-01  -1.722866318563e-18   1.060355667578e-01  -2.262967641808e-18  -3.479564735511e-02  -1.100025010193e+00  -2.362358338639e+00  -2.985550330640e+00  -2.505802259384e+00  -1.328561176235e+00   4.630695732361e-01  -1.342916572427e-17  -2.174299250343e+00  -3.818178356037e+00  -4.008146114368e+00  -2.917320005889e+00   9.556973459836e-01   6.778966970876e-01  -1.113851644657e-25
  -1.086904194119e+00  -1.090540467999e+00  -5.828083018127e-02  -6.186873017319e-02  -1.931343569431e-19  -2.064850992792e+00  -1.532598956909e-01  -1.863304502913e-01  -8.488471254618e-19  -2.740125275371e+00  -3.437454634769e-01  -3.834919293255e-01  -3.025509787140e-18  -3.003575825267e+00  -5.087234953564e-01  -4.885850209740e-01  -5.693838007844e-18  -1.267575996129e-02  -5.460718030398e-20   3.738124957028e-02  -7.172598374570e-20  -1.330949866123e-02  -8.495673918223e-01  -1.812847972300e+00  -2.507802466654e+00  -2.484150147708e+00  -6.500507676691e-01   3.240242622711e-01  -1.997659158424e-18  -1.094342999627e+00  -2.216109188778e+00  -2.917320005889e+00  -2.743479385771e+00   5.179930011085e-01   3.666649046154e-01  -6.219176478318e-26
   2.459416607828e+00   2.485595466709e+00   1.160364397044e+00   1.546353167923e+00   7.601122317990e-17   3.653436965520e+00   1.245006276380e+00   2.282742812590e+00   1.764980648265e-16   2.609751794943e+00   8.161782137218e-02   1.492848421201e+00   7.576478437819e-17   1.258143781735e+00  -3.734871565782e-01   4.940885718873e-01   7.962100285498e-18   8.394831156341e-01   2.218891545330e-16  -3.766472692101e-01   1.952236239328e-16  -8.041493558751e-01   5.650417661416e-01   1.600768211809e+00   1.331042656800e+00   6.523713076774e-01   1.876814935116e+00  -3.161144033306e-01   2.500027040862e-17   7.892569338013e-01   1.354756113552e+00   9.556973459836e-01   5.179930011085e-01  -4.149189742944e+00  -5.888442381779e-01   0.000000000000e+00
   1.870907181791e+00   1.891377164270e+00   1.514206081386e+00   3.387223795395e-01   5.786966360484e-17   2.752643130623e+00   2.203215670889e+00   3.639722285339e-02   1.343733623956e-16   1.935786882878e+00   1.417967249113e+00  -7.246608820641e-01   5.768204223261e-17   9.169086000184e-01   4.595804900053e-01  -6.459405422791e-01   6.061789909244e-18   1.183271844246e-01   7.270542726024e-17  -2.622162166305e-01   2.218891545324e-16   1.333462219905e+00   3.916433903429e-02   3.183953227952e-01   4.387702620058e-01   3.105327884664e-01   2.830554128259e-01  -4.315128734772e-01  -1.703984633222e-19   5.645591361565e-01   9.651882331800e-01   6.778966970876e-01   3.666649046154e-01  -5.888442381779e-01  -3.781480224750e+00   0.000000000000e+00
   6.578308742320e-18   4.833820903951e-18   7.601122317342e-17   5.786966360099e-17  -8.316109919425e-01   7.520593004020e-17   1.764980647790e-16   1.343733623585e-16  -1.667539962990e+00   4.514520966508e-17   7.576478426513e-17   5.768204213700e-17  -1.815119101542e+00   7.277072244845e-18   7.962100206400e-18   6.061789840977e-18  -9.977541614257e-01   2.218891545061e-16  -9.789424444599e-01  -2.440120082450e-16  -1.257676646386e+00   6.125909833217e-17  -2.109093709512e-17   1.664167984565e-17   1.342916574176e-17   1.997659173905e-18   2.500027041305e-17  -1.703984765899e-19  -3.228697314991e-01  -8.117046954470e-26  -1.480629675617e-25  -1.113851644657e-25  -6.219176478318e-26   0.000000000000e+00   0.000000000000e+00  -3.332953065829e+00
