ARMA_MAT_TXT_FN008
130 130
   1.000000000000e+00   8.784438346368e-01   2.753975080891e-16   9.590563174155e-31  -1.677345873092e-16   3.291794955376e-01  -8.735313461701e-19   1.531122208153e-31   3.586695748697e-21   1.537612665257e-01   9.973598653354e-18   7.095540288205e-32  -4.563743069621e-17   6.556249676812e-02   8.915049285229e-23  -2.148282833507e-32   1.650857031198e-17   1.520610959247e-46  -1.839273410701e-46   0.000000000000e+00  -4.442408639551e-32   0.000000000000e+00   1.510981363440e-04   3.376570049537e-05  -3.825208858494e-03  -1.486717502099e-17  -1.094423722294e-18   2.270214520511e-02  -6.827093194542e-02  -2.653439149669e-16   1.652841880873e-22   6.345534004574e-02  -1.166191160970e-01  -4.532554623672e-16  -1.893506921908e-17   4.980922685424e-02  -5.184273722806e-02  -2.014935854353e-16   1.253190083079e-17   5.669417646569e-16   7.021863974270e-32  -4.210896111086e-02   1.806671155723e-17   7.293486009796e-02   1.230753457575e-02   7.538043577996e-02   7.967500357945e-02   4.895563533102e-02   4.714446697324e-02  -7.711271037374e-02  -1.274050676958e-04   1.230753457575e-02   7.538043577996e-02   7.967500357945e-02   4.895563533102e-02   4.714446697324e-02   7.711271037374e-02  -1.274050676959e-04   2.249365663573e-06   2.419832185746e-03   2.479070022228e-02   3.223155560217e-02  -1.916090793087e-04   9.315258538268e-05  -1.539060342868e-07   2.249365663573e-06   2.419832185746e-03   2.479070022228e-02   3.223155560217e-02  -1.916090793087e-04  -9.315258538269e-05  -1.539060342868e-07   0.000000000000e+00   0.000000000000e+00   0.000000000000e+00   0.000000000000e+00   0.000000000000e+00   0.000000000000e+00   0.000000000000e+00   0.000000000000e+00   0.000000000000e+00   4.791977914645e-07  -4.350522532130e-07  -1.434144181583e-21   3.274835376331e-06   1.248956638535e-03  -6.497199693844e-04  -2.141793558979e-18   4.890736514372e-03   0.000000000000e+00   0.000000000000e+00   0.000000000000e+00   0.000000000000e+00   0.000000000000e+00   0.000000000000e+00   0.000000000000e+00   0.000000000000e+00   0.000000000000e+00   0.000000000000e+00   0.000000000000e+00   0.000000000000e+00   0.000000000000e+00   0.000000000000e+00   9.106140758693e-05  -8.309010984725e-05  -2.856858536046e-19   4.751948795432e-04   6.472303295206e-03  -3.367542220933e-03  -1.157850405668e-17   1.925907695843e-02   0.000000000000e+00   0.000000000000e+00   0.000000000000e+00   0.000000000000e+00   0.000000000000e+00   0.000000000000e+00   6.245726672008e-05   7.024226255200e-03   2.051521491710e-02  -7.278153478998e-08  -2.593527004476e-22   3.000332310815e-07   0.000000000000e+00   0.000000000000e+00   2.083842444208e-07   4.843312418014e-04   0.000000000000e+00   0.000000000000e+00   0.000000000000e+00
   8.784438346368e-01   1.000000000000e+00  -3.824948196013e-16  -1.048799592663e-30   6.784028537020e-16   4.187995882560e-01   1.250948969680e-16   4.417531009035e-31  -3.009812717321e-18   1.871454501484e-01   0.000000000000e+00  -7.942343732714e-34   6.169932420753e-17   7.831571041382e-02   7.040064897109e-18  -1.952444819218e-34   0.000000000000e+00   0.000000000000e+00   0.000000000000e+00   0.000000000000e+00   0.000000000000e+00   0.000000000000e+00   3.376570049537e-05  -3.246593990738e-06  -2.153016946807e-03  -8.367982234554e-18   5.087190130316e-19   2.525498431720e-02  -8.086236620454e-02  -3.142821726727e-16  -2.982252623564e-19   7.602796027670e-02  -1.422777780026e-01  -5.529812110693e-16   2.510775052763e-17   5.940150541284e-02  -6.219316468926e-02  -2.417218768307e-16   0.000000000000e+00   6.925836921982e-16  -1.321227440357e-31  -5.144087378788e-02  -3.399415761100e-17   8.909820698634e-02   1.121841622574e-02   9.037840937752e-02   9.572833001746e-02   5.834461067329e-02   5.678764631862e-02  -9.288575318625e-02  -1.534651760432e-04   1.121841622574e-02   9.037840937752e-02   9.572833001746e-02   5.834461067329e-02   5.678764631862e-02   9.288575318625e-02  -1.534651760433e-04   1.050562627010e-07   2.477523991216e-03   2.932197674890e-02   3.833416726707e-02  -8.778849327848e-05   4.267921512511e-05  -7.051429350452e-08   1.050562627010e-07   2.477523991216e-03   2.932197674890e-02   3.833416726707e-02  -8.778849327848e-05  -4.267921512511e-05  -7.051429350452e-08   0.000000000000e+00   0.000000000000e+00   0.000000000000e+00   0.000000000000e+00   0.000000000000e+00   0.000000000000e+00   0.000000000000e+00   0.000000000000e+00   0.000000000000e+00   4.285422427581e-07  -4.011213371400e-07  -1.322291351256e-21   3.019422001302e-06   1.456217772702e-03  -7.623316022603e-04  -2.513016364687e-18   5.738415284922e-03   0.000000000000e+00   0.000000000000e+00   0.000000000000e+00   0.000000000000e+00   0.000000000000e+00   0.000000000000e+00   0.000000000000e+00   0.000000000000e+00   0.000000000000e+00   0.000000000000e+00   0.000000000000e+00   0.000000000000e+00   0.000000000000e+00   0.000000000000e+00   9.449046785292e-05  -8.842542663878e-05  -3.040300889732e-19   5.057077194556e-04   7.624206567690e-03  -3.991270159551e-03  -1.372304627583e-17   2.282619611623e-02   0.000000000000e+00   0.000000000000e+00   0.000000000000e+00   0.000000000000e+00   0.000000000000e+00  -2.234100998130e-11   5.067649338303e-05   8.161265501945e-03   2.434495816874e-02  -5.674626840524e-09  -2.022119757943e-23   2.339297503216e-08   0.000000000000e+00   0.000000000000e+00   2.018738843362e-07   5.638549912543e-04   0.000000000000e+00   0.000000000000e+00   0.000000000000e+00
   2.753975080891e-16  -3.824948196013e-16   1.000000000000e+00   5.591198166575e-46  -3.147564747443e-31  -2.507064104715e-16   6.291202128136e-01   1.110370372245e-46  -4.346687603818e-31   0.000000000000e+00   2.202302509580e-01   0.000000000000e+00   0.000000000000e+00   1.903959230336e-17   5.734990148843e-02   0.000000000000e+00   0.000000000000e+00   3.277694590087e-33   0.000000000000e+00   0.000000000000e+00   5.157096220392e-16   0.000000000000e+00   3.825208858494e-03   2.153016946807e-03  -5.577355906308e-02  -2.424356314877e-16   1.486446851793e-18   1.051875799578e-01  -2.209443704564e-01  -1.091768114581e-15   1.217828203753e-16   9.090604409968e-02  -6.548065468924e-02  -6.215082654288e-16  -2.656202788527e-17   2.309262774285e-02   2.002288619598e-02  -9.215095477354e-17   0.000000000000e+00   2.201529915495e-15  -6.588319168602e-31  -1.285725200365e-01  -1.395439599046e-16   2.226941371604e-01  -5.736917882028e-02  -9.240611188603e-02  -3.472248571769e-02  -7.941033677161e-03  -1.448336192971e-02   1.803878195255e-01   2.980354632430e-04  -5.736917882028e-02  -9.240611188602e-02  -3.472248571769e-02  -7.941033677161e-03  -1.448336192971e-02  -1.803878195255e-01   2.980354632430e-04   8.967685974818e-05   1.321801141293e-02   3.767900771149e-02   1.767253940687e-02  -3.172099295222e-03   1.672669994634e-03  -2.763573383251e-06   8.967685974818e-05   1.321801141293e-02   3.767900771149e-02   1.767253940687e-02  -3.172099295222e-03  -1.672669994634e-03  -2.763573383251e-06   0.000000000000e+00   0.000000000000e+00   0.000000000000e+00   0.000000000000e+00   0.000000000000e+00   0.000000000000e+00   0.000000000000e+00   0.000000000000e+00   0.000000000000e+00   5.383286696269e-07   6.460648326179e-07  -1.556971723917e-21   3.555309254751e-06   3.041855764573e-04   9.959855245159e-04  -5.147212116643e-19   1.175354092394e-03   0.000000000000e+00   0.000000000000e+00   0.000000000000e+00   0.000000000000e+00   0.000000000000e+00   0.000000000000e+00   0.000000000000e+00   0.000000000000e+00   0.000000000000e+00   0.000000000000e+00   0.000000000000e+00   0.000000000000e+00   0.000000000000e+00   0.000000000000e+00   8.487940442438e-05   1.017999577574e-04  -2.562776859446e-19   4.262788743841e-04   1.542161704327e-03   5.049420023965e-03  -2.721882640125e-18   4.527436962613e-03   0.000000000000e+00   0.000000000000e+00   0.000000000000e+00   0.000000000000e+00   0.000000000000e+00   8.605103599912e-09   1.546357752326e-04   3.897436642960e-03   3.972529574096e-03  -2.842126737742e-07  -2.766142774459e-21   3.200023569530e-06   0.000000000000e+00   0.000000000000e+00   1.545962257602e-07   9.774153277020e-05   0.000000000000e+00   0.000000000000e+00   0.000000000000e+00
   9.590563174155e-31  -1.048799592663e-30   5.591198166575e-46   1.000000000000e+00  -9.418579167783e-46   3.595995724580e-31   1.110370372245e-46   6.291202128136e-01   0.000000000000e+00   6.769227310255e-31   0.000000000000e+00   2.202302509580e-01  -2.294022272521e-46   3.033824455521e-31   0.000000000000e+00   5.734990148843e-02   0.000000000000e+00   0.000000000000e+00   5.157096220392e-16  -1.892377853908e-33   0.000000000000e+00  -3.277694590087e-33   1.486717502099e-17   8.367982234554e-18  -2.424356314877e-16   6.603249165245e-03   5.777270293606e-33   4.088253005569e-16  -1.091768114581e-15   5.995910027151e-02   4.733248750716e-31   3.533182417203e-16  -6.215082654288e-16   9.442860306744e-02  -1.032367988498e-31   8.975252098592e-17  -9.215095477354e-17   4.373261235584e-02   0.000000000000e+00  -1.210483031124e-01   2.996838397200e-17  -4.997139317055e-16  -6.588319168602e-31   1.806470074098e-15   9.383694746742e-02   1.511457483797e-01   5.679446935150e-02   1.298889709290e-02   1.803878195255e-01  -1.992541377194e-01  -4.874871609261e-04  -9.383694746742e-02  -1.511457483797e-01  -5.679446935150e-02  -1.298889709290e-02  -1.803878195255e-01  -1.992541377194e-01   4.874871609262e-04  -4.359726253413e-05  -6.426062591473e-03  -1.831800975008e-02  -8.591673953900e-03   1.672669994634e-03  -5.447055676974e-04   1.343537615615e-06   4.359726253413e-05   6.426062591473e-03   1.831800975008e-02   8.591673953901e-03  -1.672669994634e-03  -5.447055676975e-04  -1.343537615615e-06   0.000000000000e+00   0.000000000000e+00   0.000000000000e+00   0.000000000000e+00   0.000000000000e+00   0.000000000000e+00   0.000000000000e+00   0.000000000000e+00   0.000000000000e+00   1.774593565768e-21  -1.556971723917e-21   1.118377216113e-06   1.172003143019e-20   1.002743857493e-18  -5.147212116643e-19   1.152127860682e-03   3.874539714384e-18   0.000000000000e+00   0.000000000000e+00   0.000000000000e+00   0.000000000000e+00   0.000000000000e+00   0.000000000000e+00   0.000000000000e+00   0.000000000000e+00   0.000000000000e+00   0.000000000000e+00   0.000000000000e+00   0.000000000000e+00   0.000000000000e+00   0.000000000000e+00   2.918379233222e-19  -2.562776859446e-19   1.763368688709e-04   1.465659924219e-18   5.302361300365e-18  -2.721882640125e-18   5.841064148817e-03   1.556653006817e-17   0.000000000000e+00   0.000000000000e+00   0.000000000000e+00   0.000000000000e+00   0.000000000000e+00   3.066377842551e-23   5.510354516170e-19   1.388828527857e-17   1.415587450337e-17  -2.766142774459e-21   4.920434293082e-07   1.140309498348e-20   0.000000000000e+00   0.000000000000e+00   4.903175189154e-22   3.099971270788e-19   0.000000000000e+00   0.000000000000e+00   0.000000000000e+00
  -1.677345873092e-16   6.784028537020e-16  -3.147564747443e-31  -9.418579167783e-46   1.000000000000e+00   1.407698767017e-15  -4.346687603818e-31   0.000000000000e+00   6.291202128136e-01  -2.902117888148e-16   0.000000000000e+00  -2.294022272521e-46   2.202302509580e-01   0.000000000000e+00   0.000000000000e+00   0.000000000000e+00   5.734990148843e-02   0.000000000000e+00   3.277694590087e-33   5.954901782160e-16   0.000000000000e+00   0.000000000000e+00  -1.094423722294e-18   5.087190130316e-19  -1.486446851793e-18  -5.777270293606e-33   6.603249165245e-03   1.394808825468e-16  -3.676059936339e-16  -1.428748820861e-30   5.995910027151e-02  -1.271083132892e-16   2.181713168420e-16   8.479513856733e-31   9.442860306744e-02   0.000000000000e+00   0.000000000000e+00   0.000000000000e+00   4.373261235584e-02   1.770484631241e-30  -4.704700775670e-16  -9.689624305496e-17  -1.210483031124e-01   2.277659839777e-16   1.550367324207e-04   2.497219227664e-04   9.383541542521e-05   2.146016273312e-05   2.980354632429e-04  -4.874871609259e-04   9.579969582361e-02   1.550367324209e-04   2.497219227664e-04   9.383541542521e-05   2.146016273312e-05   2.980354632430e-04   4.874871609262e-04   9.579969582361e-02   7.203108485743e-08   1.061709458165e-05   3.026488449119e-05   1.419510216163e-05  -2.763573383253e-06   1.343537615616e-06   2.684767184643e-04   7.203108485743e-08   1.061709458165e-05   3.026488449119e-05   1.419510216163e-05  -2.763573383253e-06  -1.343537615616e-06   2.684767184643e-04   0.000000000000e+00   0.000000000000e+00   0.000000000000e+00   0.000000000000e+00   0.000000000000e+00   0.000000000000e+00   0.000000000000e+00   0.000000000000e+00   0.000000000000e+00  -4.052243743981e-06   3.555309254751e-06   1.172003143019e-20  -2.564404599919e-05  -2.289742621478e-03   1.175354092394e-03   3.874539714384e-18  -7.695294795009e-03   0.000000000000e+00   0.000000000000e+00   0.000000000000e+00   0.000000000000e+00   0.000000000000e+00   0.000000000000e+00   0.000000000000e+00   0.000000000000e+00   0.000000000000e+00   0.000000000000e+00   0.000000000000e+00   0.000000000000e+00   0.000000000000e+00   0.000000000000e+00  -4.854279099557e-04   4.262788743841e-04   1.465659924219e-18  -2.261565051552e-03  -8.819669954356e-03   4.527436962613e-03   1.556653006817e-17  -2.005148631288e-02   0.000000000000e+00   0.000000000000e+00   0.000000000000e+00   0.000000000000e+00   0.000000000000e+00  -3.547351734643e-08  -6.374676134227e-04  -1.606671956420e-02  -1.637628125213e-02   3.200023569530e-06   1.140309498348e-20  -1.269967358894e-05   0.000000000000e+00   0.000000000000e+00  -1.409981642607e-06  -8.914432823224e-04   0.000000000000e+00   0.000000000000e+00   0.000000000000e+00
   3.291794955376e-01   4.187995882560e-01  -2.507064104715e-16   3.595995724580e-31   1.407698767017e-15   1.000000000000e+00  -3.087796697463e-16  -1.097005756443e-30   6.175593394926e-16   7.746967835845e-01   0.000000000000e+00   0.000000000000e+00  -2.625368590150e-16   4.100964372946e-01  -3.811476731120e-17  -1.354108551908e-31   7.622953462239e-17   0.000000000000e+00   0.000000000000e+00   0.000000000000e+00   0.000000000000e+00   0.000000000000e+00   2.270214520511e-02   2.525498431720e-02  -1.051875799578e-01  -4.088253005569e-16   1.394808825468e-16   2.146335402546e-01  -3.765363818821e-01  -1.463457943945e-15   1.325489473526e-16   3.800042571855e-01  -5.623227489529e-01  -2.185540982528e-15  -1.287795770007e-16   3.175792319566e-01  -3.075285551168e-01  -1.195249990787e-15   5.903225401686e-17   2.046326354005e-15   0.000000000000e+00  -1.519885854821e-01   0.000000000000e+00   2.632519522256e-01   1.909492500695e-01   4.301496186266e-01   4.651009630742e-01   3.146439136363e-01   2.042303564122e-01  -3.340531208567e-01  -5.519201733472e-04   1.909492500695e-01   4.301496186266e-01   4.651009630742e-01   3.146439136363e-01   2.042303564122e-01   3.340531208567e-01  -5.519201733470e-04   3.302700990817e-03   4.367969620396e-02   1.718430223620e-01   2.122441207442e-01  -2.172068689051e-02   1.055971954689e-02  -1.744669299265e-05   3.302700990817e-03   4.367969620396e-02   1.718430223620e-01   2.122441207442e-01  -2.172068689051e-02  -1.055971954689e-02  -1.744669299265e-05   0.000000000000e+00   0.000000000000e+00   0.000000000000e+00   0.000000000000e+00   0.000000000000e+00   0.000000000000e+00   0.000000000000e+00   0.000000000000e+00   0.000000000000e+00   2.689992972530e-05  -1.990299074779e-05  -6.560995412906e-20   1.498188268519e-04   1.028635620089e-02  -4.980407944793e-03  -1.641785101257e-17   3.748978658475e-02   0.000000000000e+00   0.000000000000e+00   0.000000000000e+00   0.000000000000e+00   0.000000000000e+00   0.000000000000e+00   0.000000000000e+00   0.000000000000e+00   0.000000000000e+00   0.000000000000e+00   2.335235724032e-06  -2.048377922029e-06  -7.042867029970e-21   1.171473598611e-05   1.915795454104e-03  -1.417478022697e-03  -4.873665706116e-18   8.106600165638e-03   4.755787398277e-02  -2.302638648668e-02  -7.917082900684e-17   1.316886085837e-01   1.134007376074e-21  -6.485422867598e-21   6.132962568314e-06  -1.886248449741e-06   1.649098060977e-07   4.267793003394e-05   3.685971989246e-03   5.857639679714e-02   1.386803317693e-01  -1.824291839394e-04  -6.500756219510e-19   7.520426390959e-04   0.000000000000e+00   0.000000000000e+00   7.787195273240e-06   4.066772358429e-03   0.000000000000e+00   0.000000000000e+00   0.000000000000e+00
  -8.735313461701e-19   1.250948969680e-16   6.291202128136e-01   1.110370372245e-46  -4.346687603818e-31  -3.087796697463e-16   1.000000000000e+00   3.387330751843e-46  -1.906897688973e-31   0.000000000000e+00   6.534608721805e-01   0.000000000000e+00   0.000000000000e+00  -1.266294424720e-16   2.263653730943e-01   4.181211914587e-47  -2.353813052562e-32   0.000000000000e+00   0.000000000000e+00   0.000000000000e+00   0.000000000000e+00   0.000000000000e+00   6.827093194542e-02   8.086236620454e-02  -2.209443704564e-01  -1.091768114581e-15   3.676059936339e-16   3.765363818821e-01  -4.459325889382e-01  -2.567376741754e-15   2.325335592901e-16   3.085783777518e-01  -1.360925324791e-01  -1.774745093367e-15  -1.045740730716e-16   9.256440754226e-02   8.566269924184e-02  -3.483779672257e-16   1.720605464435e-17   2.884703209805e-15   0.000000000000e+00  -1.276214390820e-01   0.000000000000e+00   2.210468166251e-01  -2.040032500030e-01  -2.569936815878e-01  -1.209632192357e-01  -3.235779875733e-02   9.098692710537e-02   3.014109567367e-01   4.979890236146e-04  -2.040032500030e-01  -2.569936815878e-01  -1.209632192357e-01  -3.235779875733e-02   9.098692710538e-02  -3.014109567366e-01   4.979890236144e-04   1.171009588141e-02   8.780089082595e-02   1.503676489097e-01   7.343645646242e-02  -5.723640837939e-02   3.205621892679e-02  -5.296305528164e-05   1.171009588141e-02   8.780089082595e-02   1.503676489097e-01   7.343645646242e-02  -5.723640837939e-02  -3.205621892679e-02  -5.296305528164e-05   0.000000000000e+00   0.000000000000e+00   0.000000000000e+00   0.000000000000e+00   0.000000000000e+00   0.000000000000e+00   0.000000000000e+00   0.000000000000e+00   0.000000000000e+00   1.092189958311e-05   1.460922932111e-05  -2.663892946814e-20   6.082938502986e-05   1.499075461638e-03   4.952054937393e-03  -2.392644888542e-18   5.463549777363e-03   0.000000000000e+00   0.000000000000e+00   0.000000000000e+00   0.000000000000e+00   0.000000000000e+00   0.000000000000e+00   0.000000000000e+00   0.000000000000e+00   0.000000000000e+00   0.000000000000e+00   2.048377922029e-06   5.384783053789e-07  -6.177728947668e-21   1.027571063144e-05   7.778505663466e-04   1.040459785849e-03  -1.978803959246e-18   3.291438820610e-03   6.930815976322e-03   2.289529937219e-02  -1.153790951080e-17   1.919155411788e-02  -1.703073013486e-22  -6.419658185455e-21   6.287860304730e-06   2.832802413160e-07  -2.127704696974e-07   5.292592721696e-05   2.603504843077e-03   1.801076694370e-02   1.686079165219e-02   1.337753059408e-05  -6.934431106003e-19   8.022124955149e-04   0.000000000000e+00   0.000000000000e+00   2.394366449291e-06   4.944392658826e-04   0.000000000000e+00   0.000000000000e+00   0.000000000000e+00
   1.531122208153e-31   4.417531009035e-31   1.110370372245e-46   6.291202128136e-01   0.000000000000e+00  -1.097005756443e-30   3.387330751843e-46   1.000000000000e+00  -6.774661503686e-46   0.000000000000e+00   0.000000000000e+00   6.534608721805e-01   0.000000000000e+00  -4.498781524090e-31   4.181211914587e-47   2.263653730943e-01  -8.362423829175e-47   0.000000000000e+00   0.000000000000e+00   0.000000000000e+00   0.000000000000e+00   0.000000000000e+00   2.653439149669e-16   3.142821726727e-16  -1.091768114581e-15   5.995910027151e-02   1.428748820861e-30   1.463457943945e-15  -2.567376741754e-15   2.146335402546e-01   9.037721212381e-31   1.199330263900e-15  -1.774745093367e-15   3.205356193475e-01  -4.064408257241e-31   3.597636883511e-16  -3.483779672257e-16   1.752976490191e-01   6.687358397445e-32  -3.001181357438e-01   0.000000000000e+00  -4.960174310612e-16   0.000000000000e+00   3.192024243497e-15   3.336816501014e-01   4.203564195012e-01   1.978557037477e-01   5.292662583971e-02   3.014109567366e-01  -2.177475343135e-01  -8.145448620533e-04  -3.336816501014e-01  -4.203564195012e-01  -1.978557037477e-01  -5.292662583971e-02  -3.014109567366e-01  -2.177475343135e-01   8.145448620530e-04  -5.692975042561e-03  -4.268524231132e-02  -7.310266979202e-02  -3.570183524444e-02   3.205621892679e-02  -6.883195368692e-03   2.574849556739e-05   5.692975042561e-03   4.268524231132e-02   7.310266979202e-02   3.570183524444e-02  -3.205621892679e-02  -6.883195368692e-03  -2.574849556739e-05   0.000000000000e+00   0.000000000000e+00   0.000000000000e+00   0.000000000000e+00   0.000000000000e+00   0.000000000000e+00   0.000000000000e+00   0.000000000000e+00   0.000000000000e+00   3.600390211353e-20  -2.663892946814e-20   2.269023431149e-05   2.005232887902e-19   4.941683062631e-18  -2.392644888542e-18   5.677871464954e-03   1.801052187669e-17   0.000000000000e+00   0.000000000000e+00   0.000000000000e+00   0.000000000000e+00   0.000000000000e+00   0.000000000000e+00   0.000000000000e+00   0.000000000000e+00   0.000000000000e+00   0.000000000000e+00   7.042867029970e-21  -6.177728947668e-21   2.335235724032e-06   3.533062079872e-20   2.674456724538e-18  -1.978803959246e-18   1.615983691795e-03   1.131684036502e-17   2.382998508501e-17  -1.153790951080e-17   2.625103489974e-02   6.598565738142e-17  -3.760080269377e-07   2.150401406333e-06   2.161933281597e-20  -6.419658185455e-21   1.854069459068e-21   1.885984156149e-19   9.277435734614e-18   6.418030421399e-17   6.008243518496e-17  -6.934431106003e-19   2.079768302810e-04   2.858636845801e-18   0.000000000000e+00   0.000000000000e+00   7.593974633068e-21   1.568163989191e-18   0.000000000000e+00   0.000000000000e+00   0.000000000000e+00
   3.586695748697e-21  -3.009812717321e-18  -4.346687603818e-31   0.000000000000e+00   6.291202128136e-01   6.175593394926e-16  -1.906897688973e-31  -6.774661503686e-46   1.000000000000e+00  -4.784212339775e-16   0.000000000000e+00   0.000000000000e+00   6.534608721805e-01   2.532588849439e-16  -2.353813052562e-32  -8.362423829175e-47   2.263653730943e-01   0.000000000000e+00   0.000000000000e+00   0.000000000000e+00   0.000000000000e+00   0.000000000000e+00   1.652841880873e-22  -2.982252623564e-19  -1.217828203753e-16  -4.733248750716e-31   5.995910027151e-02   1.325489473526e-16  -2.325335592901e-16  -9.037721212381e-31   2.146335402546e-01  -2.346751780719e-16   3.472676654250e-16   1.349701245604e-30   3.205356193475e-01   1.961240207237e-16  -1.899171313730e-16  -7.381377948391e-31   1.752976490191e-01   0.000000000000e+00  -1.166448425730e-15   0.000000000000e+00  -3.001181357438e-01   0.000000000000e+00   5.513064320261e-04   6.945098651488e-04   3.268957764271e-04   8.744499208162e-05   4.979890236147e-04  -8.145448620535e-04   2.752594685480e-01   5.513064320263e-04   6.945098651493e-04   3.268957764271e-04   8.744499208162e-05   4.979890236151e-04   8.145448620541e-04   2.752594685480e-01   9.405892584677e-06   7.052425157841e-05   1.207797073722e-04   5.898631644692e-05  -5.296305528167e-05   2.574849556740e-05   8.701199327341e-03   9.405892584677e-06   7.052425157841e-05   1.207797073722e-04   5.898631644692e-05  -5.296305528167e-05  -2.574849556740e-05   8.701199327341e-03   0.000000000000e+00   0.000000000000e+00   0.000000000000e+00   0.000000000000e+00   0.000000000000e+00   0.000000000000e+00   0.000000000000e+00   0.000000000000e+00   0.000000000000e+00  -8.221408547446e-05   6.082938502986e-05   2.005232887902e-19  -4.352001008036e-04  -1.128422003864e-02   5.463549777363e-03   1.801052187669e-17  -3.544874254317e-02   0.000000000000e+00   0.000000000000e+00   0.000000000000e+00   0.000000000000e+00   0.000000000000e+00   0.000000000000e+00   0.000000000000e+00   0.000000000000e+00   0.000000000000e+00   0.000000000000e+00  -1.171473598611e-05   1.027571063144e-05   3.533062079872e-20  -5.643186766175e-05  -4.448551179644e-03   3.291438820610e-03   1.131684036502e-17  -1.720785559256e-02  -3.963754854891e-02   1.919155411788e-02   6.598565738142e-17  -8.350605007773e-02  -6.419658185455e-21   3.542140610259e-20  -3.223586090572e-05   1.030211502205e-05  -9.335605825087e-07  -2.181808476107e-04  -1.073263943195e-02  -7.424724713443e-02  -6.950661060662e-02   8.022124955149e-04   2.858636845801e-18  -3.099048883560e-03   0.000000000000e+00   0.000000000000e+00  -2.183761422749e-05  -4.509490997279e-03   0.000000000000e+00   0.000000000000e+00   0.000000000000e+00
   1.537612665257e-01   1.871454501484e-01   0.000000000000e+00   6.769227310255e-31  -2.902117888148e-16   7.746967835845e-01   0.000000000000e+00   0.000000000000e+00  -4.784212339775e-16   1.000000000000e+00   1.694449135314e-16   0.000000000000e+00  -3.388898270627e-16   7.744077347687e-01   0.000000000000e+00   0.000000000000e+00  -1.439484371501e-16   0.000000000000e+00   0.000000000000e+00   0.000000000000e+00   0.000000000000e+00   0.000000000000e+00   6.345534004574e-02   7.602796027670e-02  -9.090604409968e-02  -3.533182417203e-16  -1.271083132892e-16   3.800042571855e-01  -3.085783777518e-01  -1.199330263900e-15  -2.346751780719e-16   6.291460522381e-01  -6.056764254900e-01  -2.354040722209e-15  -2.132111968402e-16   6.250031568391e-01  -5.074008532989e-01  -1.972079844750e-15  -1.161768195249e-16   7.198134571577e-16   0.000000000000e+00  -5.346333391556e-02   0.000000000000e+00   9.260121068377e-02   2.683688348603e-01   5.829415444370e-01   7.597657327406e-01   6.310006027914e-01   1.143385238259e-01  -1.870198994370e-01  -3.089929381649e-04   2.683688348603e-01   5.829415444370e-01   7.597657327406e-01   6.310006027914e-01   1.143385238259e-01   1.870198994370e-01  -3.089929381649e-04   5.810490390735e-02   1.786943940329e-01   3.743648465041e-01   4.495069782193e-01  -9.181855645282e-02   4.463846885829e-02  -7.375135848766e-05   5.810490390735e-02   1.786943940329e-01   3.743648465041e-01   4.495069782193e-01  -9.181855645281e-02  -4.463846885829e-02  -7.375135848766e-05   4.791977914645e-07   4.285422427581e-07  -5.383286696269e-07  -1.774593565768e-21   4.052243743981e-06   2.689992972530e-05  -1.092189958311e-05  -3.600390211353e-20   8.221408547446e-05   1.255666525679e-03  -6.044126083086e-04  -1.992438423383e-18   4.549687484598e-03   3.524150798532e-02  -1.430518472397e-02  -4.715685825514e-17   1.076816052624e-01   6.349299010028e-21  -4.779404970181e-20   6.245404390712e-05  -1.449847880008e-05   9.630401448155e-07   9.106140758693e-05   9.449046785292e-05  -8.487940442438e-05  -2.918379233222e-19   4.854279099557e-04   1.915795454104e-03  -7.778505663466e-04  -2.674456724538e-18   4.448551179644e-03   2.014249944244e-02  -9.695552423265e-03  -3.333588287825e-17   5.544916084897e-02   1.272147887724e-01  -5.163885307542e-02  -1.775480842080e-16   2.953241801225e-01   5.979647101328e-19  -3.419778466114e-18   3.233925335753e-03  -9.946231667316e-04   8.695732186738e-05   1.113148662017e-02   4.977828032255e-02   1.741946527370e-01   3.115466961568e-01  -6.857852978770e-03  -2.443755403687e-17   2.827068422560e-02   0.000000000000e+00   1.240786876503e-06   3.058564812744e-04   1.489798748012e-02  -1.814406064366e-08  -5.754571791196e-23   1.654813518514e-07
   9.973598653354e-18   0.000000000000e+00   2.202302509580e-01   0.000000000000e+00   0.000000000000e+00   0.000000000000e+00   6.534608721805e-01   0.000000000000e+00   0.000000000000e+00   1.694449135314e-16   1.000000000000e+00   0.000000000000e+00  -5.742315744330e-32   0.000000000000e+00   6.530545656898e-01   0.000000000000e+00   0.000000000000e+00  -6.761559120007e-31   0.000000000000e+00   0.000000000000e+00   0.000000000000e+00   0.000000000000e+00   1.166191160970e-01   1.422777780026e-01  -6.548065468924e-02  -6.215082654288e-16  -2.181713168420e-16   5.623227489529e-01  -1.360925324791e-01  -1.774745093367e-15  -3.472676654250e-16   6.056764254900e-01   4.606374394212e-02  -2.266225727736e-15  -2.052575790903e-16   2.783107188733e-01   3.011193431822e-01  -8.781570993076e-16  -5.173294535327e-17   3.767171386030e-16   0.000000000000e+00   2.755476732582e-02   0.000000000000e+00  -4.772625699906e-02  -1.955539099401e-01  -3.280972069432e-01  -2.559688021583e-01  -1.018680618341e-01   2.028547517380e-01   1.275345958356e-01   2.107117456674e-04  -1.955539099401e-01  -3.280972069432e-01  -2.559688021583e-01  -1.018680618341e-01   2.028547517380e-01  -1.275345958356e-01   2.107117456674e-04   1.423208180480e-01   3.383801382476e-01   4.243447217283e-01   2.441524668607e-01  -1.436341002370e-01   1.024155472328e-01  -1.692102335019e-04   1.423208180480e-01   3.383801382476e-01   4.243447217283e-01   2.441524668607e-01  -1.436341002370e-01  -1.024155472328e-01  -1.692102335019e-04   4.350522532130e-07   4.011213371400e-07   6.460648326179e-07  -1.556971723917e-21   3.555309254751e-06   1.990299074779e-05   1.460922932111e-05  -2.663892946814e-20   6.082938502986e-05   6.044126083086e-04   9.647337074412e-04  -9.590563097319e-19   2.189983107233e-03   7.846431905381e-03   2.653399254393e-02  -1.049935426500e-17   2.397503487948e-02  -8.231531239723e-21  -3.732962113395e-20   5.109006022029e-05   1.879651296668e-05  -3.249245583561e-06   8.309010984725e-05   8.842542663878e-05   1.017999577574e-04  -2.562776859446e-19   4.262788743841e-04   1.417478022697e-03   1.040459785849e-03  -1.978803959246e-18   3.291438820610e-03   9.695552423265e-03   1.547556438500e-02  -1.604616154741e-17   2.669034433257e-02   2.832404838852e-02   9.578240120065e-02  -3.953062829348e-17   6.575317578092e-02  -7.752297039304e-19  -2.671023596003e-18   2.734463673743e-03   1.289476469099e-03  -2.933893208471e-04   9.572400241049e-03   3.312232930783e-02   6.938180739914e-02   5.946136500996e-02   8.718370054947e-03  -1.970159475172e-17   2.279187037811e-02   0.000000000000e+00   8.256161373607e-07   1.218227720663e-04   2.843408973349e-03   2.306649551696e-08  -4.639344888148e-23   1.334113278368e-07
   7.095540288205e-32  -7.942343732714e-34   0.000000000000e+00   2.202302509580e-01  -2.294022272521e-46   0.000000000000e+00   0.000000000000e+00   6.534608721805e-01   0.000000000000e+00   0.000000000000e+00   0.000000000000e+00   1.000000000000e+00   0.000000000000e+00   0.000000000000e+00   0.000000000000e+00   6.530545656898e-01   0.000000000000e+00   0.000000000000e+00   0.000000000000e+00   3.903787978078e-31   0.000000000000e+00   6.761559120007e-31   4.532554623672e-16   5.529812110693e-16  -6.215082654288e-16   9.442860306744e-02  -8.479513856733e-31   2.185540982528e-15  -1.774745093367e-15   3.205356193475e-01  -1.349701245604e-30   2.354040722209e-15  -2.266225727736e-15   6.291460522381e-01  -7.977604532479e-31   1.081691045057e-15  -8.781570993076e-16   5.270623559387e-01  -2.010668649401e-31  -1.923789128396e-01   0.000000000000e+00   1.070952106539e-16   0.000000000000e+00   1.309917315506e-15   3.198613323642e-01   5.366582022829e-01   4.186800567021e-01   1.666223600111e-01   1.275345958356e-01   7.222139592415e-02  -3.446545238324e-04  -3.198613323642e-01  -5.366582022829e-01  -4.186800567021e-01  -1.666223600111e-01  -1.275345958356e-01   7.222139592415e-02   3.446545238324e-04  -6.919062605376e-02  -1.645067385828e-01  -2.062992425260e-01  -1.186970554720e-01   1.024155472328e-01   1.723801874863e-02   8.226317239650e-05   6.919062605376e-02   1.645067385828e-01   2.062992425260e-01   1.186970554720e-01  -1.024155472328e-01   1.723801874863e-02  -8.226317239650e-05   1.434144181583e-21   1.322291351256e-21  -1.556971723917e-21   1.118377216113e-06   1.172003143019e-20   6.560995412906e-20  -2.663892946814e-20   2.269023431149e-05   2.005232887902e-19   1.992438423383e-18  -9.590563097319e-19   1.255666525679e-03   7.219251268803e-18   2.586566229731e-17  -1.049935426500e-17   2.971900545193e-02   7.903339546392e-17  -4.001429672732e-06   3.012057368141e-05   1.684177292740e-19  -3.732962113395e-20   1.567022689293e-20   2.856858536046e-19   3.040300889732e-19  -2.562776859446e-19   1.763368688709e-04   1.465659924219e-18   4.873665706116e-18  -1.978803959246e-18   1.615983691795e-03   1.131684036502e-17   3.333588287825e-17  -1.604616154741e-17   2.014249944244e-02   9.176848866451e-17   9.738559686932e-17  -3.953062829348e-17   1.072796601856e-01   2.260768722622e-16  -3.613074801239e-04   2.066328529487e-03   9.401811963184e-18  -2.671023596003e-18   1.475791684553e-18   3.411068287369e-17   1.180294641476e-16   2.472379726922e-16   2.118870621805e-16  -1.970159475172e-17   1.424718198313e-02   8.121748391090e-17   0.000000000000e+00   2.618524831746e-21   3.863732057705e-19   9.018158277922e-18  -4.639344888148e-23   3.769426593182e-08   4.231274789439e-22
  -4.563743069621e-17   6.169932420753e-17   0.000000000000e+00  -2.294022272521e-46   2.202302509580e-01  -2.625368590150e-16   0.000000000000e+00   0.000000000000e+00   6.534608721805e-01  -3.388898270627e-16  -5.742315744330e-32   0.000000000000e+00   1.000000000000e+00  -2.624389033118e-16   0.000000000000e+00   0.000000000000e+00   6.530545656898e-01   0.000000000000e+00  -6.761559120007e-31   0.000000000000e+00   0.000000000000e+00   0.000000000000e+00  -1.893506921908e-17   2.510775052763e-17   2.656202788527e-17   1.032367988498e-31   9.442860306744e-02  -1.287795770007e-16   1.045740730716e-16   4.064408257241e-31   3.205356193475e-01  -2.132111968402e-16   2.052575790903e-16   7.977604532479e-31   6.291460522381e-01  -2.118072117349e-16   1.719529874259e-16   6.683177975412e-31   5.270623559387e-01   0.000000000000e+00  -7.477058308028e-16   0.000000000000e+00  -1.923789128396e-01   0.000000000000e+00   5.284726020604e-04   8.866628375530e-04   6.917401905404e-04   2.752922696393e-04   2.107117456674e-04  -3.446545238324e-04   2.808251226592e-01   5.284726020606e-04   8.866628375534e-04   6.917401905406e-04   2.752922696398e-04   2.107117456674e-04   3.446545238325e-04   2.808251226592e-01   1.143162567309e-04   2.717968550709e-04   3.408461307125e-04   1.961104247848e-04  -1.692102335020e-04   8.226317239655e-05   6.702818005029e-02   1.143162567309e-04   2.717968550709e-04   3.408461307125e-04   1.961104247848e-04  -1.692102335020e-04  -8.226317239655e-05   6.702818005029e-02  -3.274835376331e-06  -3.019422001302e-06   3.555309254751e-06   1.172003143019e-20  -2.564404599919e-05  -1.498188268519e-04   6.082938502986e-05   2.005232887902e-19  -4.352001008036e-04  -4.549687484598e-03   2.189983107233e-03   7.219251268803e-18  -1.522932832303e-02  -5.906364716409e-02   2.397503487948e-02   7.903339546392e-17  -1.507519421003e-01  -3.732962113395e-20   2.678063058653e-19  -3.324076616647e-04   8.123990480701e-05  -5.662030357361e-06  -4.751948795432e-04  -5.057077194556e-04   4.262788743841e-04   1.465659924219e-18  -2.261565051552e-03  -8.106600165638e-03   3.291438820610e-03   1.131684036502e-17  -1.720785559256e-02  -5.544916084897e-02   2.669034433257e-02   9.176848866451e-17  -1.325003961248e-01  -1.619860990303e-01   6.575317578092e-02   2.260768722622e-16  -2.687647631789e-01  -2.671023596003e-18   1.403339461496e-17  -1.205949538603e-02   4.081533213403e-03  -3.884260301940e-04  -3.946108283941e-02  -1.365428678009e-01  -2.860182587837e-01  -2.451224135343e-01   2.279187037811e-02   8.121748391090e-17  -7.970959608796e-02   0.000000000000e+00  -7.529961302710e-06  -1.111074163813e-03  -2.593306812721e-02   1.334113278368e-07   4.231274789439e-22  -1.179072328730e-06
   6.556249676812e-02   7.831571041382e-02   1.903959230336e-17   3.033824455521e-31   0.000000000000e+00   4.100964372946e-01  -1.266294424720e-16  -4.498781524090e-31   2.532588849439e-16   7.744077347687e-01   0.000000000000e+00   0.000000000000e+00  -2.624389033118e-16   1.000000000000e+00   0.000000000000e+00   0.000000000000e+00   0.000000000000e+00   0.000000000000e+00   0.000000000000e+00   0.000000000000e+00   0.000000000000e+00   0.000000000000e+00   4.980922685424e-02   5.940150541284e-02  -2.309262774285e-02  -8.975252098592e-17   0.000000000000e+00   3.175792319566e-01  -9.256440754226e-02  -3.597636883511e-16   1.961240207237e-16   6.250031568391e-01  -2.783107188733e-01  -1.081691045057e-15  -2.118072117349e-16   8.698679725268e-01  -4.593262600355e-01  -1.785231644155e-15   0.000000000000e+00   7.097676891824e-17   0.000000000000e+00  -5.271719581220e-03   0.000000000000e+00   9.130886157928e-03   1.767141457142e-01   4.421401358188e-01   7.703808816605e-01   9.140279104052e-01   2.646579593200e-02  -4.328926356667e-02  -7.152221116985e-05   1.767141457142e-01   4.421401358188e-01   7.703808816605e-01   9.140279104052e-01   2.646579593200e-02   4.328926356667e-02  -7.152221116965e-05   1.075065014772e-01   2.808826363387e-01   5.370235616572e-01   7.246411323815e-01  -5.475374957028e-02   2.661905871199e-02  -4.397981812289e-05   1.075065014772e-01   2.808826363387e-01   5.370235616572e-01   7.246411323815e-01  -5.475374957028e-02  -2.661905871199e-02  -4.397981812289e-05   1.248956638535e-03   1.456217772702e-03  -3.041855764573e-04  -1.002743857493e-18   2.289742621478e-03   1.028635620089e-02  -1.499075461638e-03  -4.941683062631e-18   1.128422003864e-02   3.524150798532e-02  -7.846431905381e-03  -2.586566229731e-17   5.906364716409e-02   1.340236180671e-01  -3.538500622361e-02  -1.166462198876e-16   2.663589702546e-01   4.562717331005e-19  -3.434564013270e-18   4.488056840232e-03  -1.041886047418e-03   6.920574936324e-05   6.472303295206e-03   7.624206567690e-03  -1.542161704327e-03  -5.302361300365e-18   8.819669954356e-03   4.755787398277e-02  -6.930815976322e-03  -2.382998508501e-17   3.963754854891e-02   1.272147887724e-01  -2.832404838852e-02  -9.738559686932e-17   1.619860990303e-01   3.088756951529e-01  -8.154956979180e-02  -2.803890679636e-16   4.663844838484e-01   2.266174264313e-18  -1.296031992898e-17   1.225597137157e-02  -3.769435528455e-03   3.295519644725e-04   6.282580779831e-02   1.720063437050e-01   3.635791744954e-01   5.638014017029e-01  -1.137424861237e-02  -4.053146312032e-17   4.688898869941e-02   7.304883232622e-04   2.946080445368e-03   1.431427768847e-02   7.033770977540e-02  -1.454637093003e-04  -4.613528220734e-19   1.326689308038e-03
