ARMA_MAT_TXT_FN008
150 150
  -9.841643536083e+00  -1.224471567573e+01  -1.100125226880e-02  -1.583578081439e-05  -2.683778871971e-06  -4.507003274244e+00  -6.307581109401e-03  -1.411756106332e-05  -2.423808798692e-06  -2.028572786175e+00  -2.599909116108e-03  -5.790058249842e-06  -9.614648475551e-07  -8.548893722115e-01  -6.207721625971e-04  -1.685507677572e-06  -2.750768148146e-07  -7.970830111983e-06   5.776269367850e-07  -9.445805751677e-04  -1.872880124873e-06   1.666517609000e-03  -2.771858215041e-06   2.677628709542e-06   4.923406395854e-06  -5.312774373589e-06  -9.822845259962e-06   1.174393683390e-05   3.758568044095e-05  -8.653229090964e-05  -4.887662324687e-02  -3.154565644240e-01   1.750941377160e-06   2.241750970760e-09   2.974258767045e-10  -6.338699136181e-06  -6.541971782521e-09  -9.528624640377e-10  -5.268526493226e-06  -6.203190006780e-09  -8.580447885670e-10   1.259158713420e-05   8.748699951278e-09   1.504433256272e-09   2.045083726965e-05   2.046371393507e-08   3.275717092212e-09  -1.907036486559e-04  -5.703134811910e-08  -1.209408504037e-08  -1.918735489509e-02  -4.542535399148e-06  -8.938707958085e-07  -3.350086794511e-01  -7.782856373455e-05  -1.523062900230e-05  -8.243317357702e-01  -1.914989176391e-04  -3.745067122254e-05   1.940757140965e-10  -1.785889593612e-11  -4.641974330100e-06  -1.498483235911e-10   8.040575409032e-06   2.213019252282e-09  -2.308882326653e-11   1.332570790151e-07   1.100961203974e-09  -2.285167557831e-07  -3.462312874797e-09   6.100024379027e-11   1.476926411089e-05   3.861368393065e-10  -2.557848481118e-05  -3.491856510057e-07  -1.069104330955e-10   4.114549310610e-04  -7.629095888795e-08  -7.126956180453e-04  -1.338273808084e-04  -1.085582325444e-08   1.665384042185e-01  -2.621366538160e-05  -2.884529714200e-01  -5.593493870089e-04  -4.289689031194e-04   2.249855830898e-03  -2.522632802960e-03  -4.940325359901e-03  -3.018037396178e-02   3.546074303295e-02  -4.238645395942e-02  -8.301545226840e-02  -5.226680278223e-01   4.889180061219e-01  -5.864809747001e-01  -1.148653162909e+00  -8.443581782476e-01   4.806187708525e-01  -5.768473928447e-01  -1.129784231446e+00   1.314120474908e-02  -3.092346129158e-02  -2.725969207692e-02   2.573738271539e-02   2.439380863750e-03  -5.635780101635e-04  -4.321223730782e-04   2.262425852279e-03   5.570552119890e-03   2.886941127088e-04  -3.035399501223e-02   3.567093056019e-02   9.361249699535e-02   4.851911637954e-03  -5.238938351931e-01   4.898857103334e-01   1.290172714601e+00   6.686994628725e-02  -8.450532278355e-01   4.808337890241e-01   1.267038499276e+00   6.567082996353e-02  -2.904107046184e-02  -3.970528081586e-03   2.516594075826e-02  -1.505174709068e-03   3.281249382427e-02  -5.599956903167e-04  -4.294539809047e-04   2.252267492180e-03  -3.023531511189e-03   4.656068796944e-03  -3.020711364987e-02   3.550170515464e-02  -5.080409462676e-02   7.824111762865e-02  -5.228571961411e-01   4.891864722309e-01  -7.025237146706e-01   1.081933518364e+00  -8.444654994067e-01   4.807690988427e-01  -6.908206063039e-01   1.063908940044e+00   1.575632652412e-02   3.490443303975e-02  -2.133846521470e-02  -2.426545444871e-02   5.868841438439e-03
  -1.224471567573e+01  -9.054690407929e+00  -1.059325230156e-02  -2.465158704086e-05  -4.468715414960e-06  -4.056996867508e+00  -2.829352270952e-03  -1.397062667766e-05  -2.538256203691e-06  -1.913359690102e+00   1.238862836661e-03  -2.764321679816e-06  -5.361431939023e-07  -8.166400040824e-01   9.534523247498e-04  -5.603170919590e-07  -1.559934348144e-07  -8.391649122263e-06   6.234469472494e-07  -3.941086503965e-04  -1.968540622492e-06   7.138924255389e-04  -4.655989774653e-06   5.064271763597e-06   8.421501950162e-06  -1.155226798851e-05  -1.980768440671e-05   2.761026045809e-05   9.796876592000e-05  -1.341991225259e-04  -5.041054065516e-02  -3.043508909151e-01   6.821155240401e-05   1.162285897172e-08   2.895120812836e-09  -1.798219243474e-04  -3.159519344664e-08  -7.839454726404e-09  -1.780590612063e-04  -3.108853345844e-08  -7.720733051721e-09   1.956633359547e-04   3.585200793876e-08   8.860910437969e-09   5.447873573642e-04   1.003867904401e-07   2.478048393373e-08  -5.158217945486e-04  -1.007612889013e-07  -2.440126037109e-08  -2.330288555329e-02  -5.279034166949e-06  -1.071434926297e-06  -3.308377287228e-01  -7.651886436452e-05  -1.503994583135e-05  -7.878137888828e-01  -1.825968793910e-04  -3.580974784241e-05  -3.873527565809e-08   1.311264940242e-10   4.349646774245e-05  -9.196362216854e-09  -7.534161477554e-05   4.257896036517e-08  -1.338940320682e-10  -4.845907649393e-05   1.017244123151e-08   8.393771011546e-05   1.260993414598e-07  -4.239233026338e-10  -1.411859870336e-04   3.001547693076e-08   2.445524945176e-04  -4.193043415116e-07  -2.916121966371e-11   5.328232182328e-04  -9.694495733946e-08  -9.229218093493e-04  -1.330638837083e-04  -5.838538646425e-09   1.657394079555e-01  -2.612233328164e-05  -2.870691769513e-01  -3.222106269086e-04  -2.982985617181e-04   2.565602082757e-03  -3.102773668715e-03  -6.076599637197e-03  -3.219665874399e-02   4.271724279121e-02  -5.116781017071e-02  -1.002143990972e-01  -5.068186997399e-01   4.643159227316e-01  -5.561781143154e-01  -1.089304019519e+00  -8.043837390123e-01   4.557866265829e-01  -5.452727749665e-01  -1.067944915506e+00   1.633470287386e-02  -3.827228520363e-02  -3.369265926444e-02   3.199207622224e-02   2.940520228349e-03  -3.231132485229e-04  -2.991182630045e-04   2.573170396567e-03   6.832665888775e-03   3.541064057371e-04  -3.239413857902e-02   4.296812181796e-02   1.130005679337e-01   5.856802410673e-03  -5.079752576392e-01   4.652014981441e-01   1.223426452850e+00   6.341048057677e-02  -8.050382199538e-01   4.559867424905e-01   1.197678374298e+00   6.207590595283e-02  -3.613814205070e-02  -4.919606359297e-03   3.122678189377e-02  -1.873018901866e-03   4.057680959709e-02  -3.223526047661e-04  -2.984252517916e-04   2.567445728540e-03  -3.717301313570e-03   5.724547758247e-03  -3.222709733131e-02   4.276635682063e-02  -6.132887975591e-02   9.445017361571e-02  -5.069971818852e-01   4.645655687159e-01  -6.662179165724e-01   1.026020649602e+00  -8.044847780481e-01   4.559282375805e-01  -6.530068511608e-01   1.005674277064e+00   1.958864051650e-02   4.320678295536e-02  -2.636880235346e-02  -3.016752957416e-02   7.186171603068e-03
  -1.100125226880e-02  -1.059325230156e-02   7.742504507544e-01  -9.213637892465e-05  -1.972914499369e-05  -2.299165308893e-02  -5.386413770333e-01  -1.117221192625e-04  -2.555323602704e-05  -1.759383589298e-03  -4.713222898098e-01  -4.168153811021e-05  -9.106705051482e-06   1.127922460021e-02  -1.570294180529e-01  -1.004928611004e-05  -1.550336694725e-06  -1.011842171931e-04   9.866647259698e-06  -3.085364495494e-02  -2.809123780424e-05   5.366228953451e-02   1.886431966496e-04  -1.662674859011e-04  -3.351507447292e-04   2.928582935994e-04   6.214608956647e-04  -5.756328792823e-04  -2.149019656906e-03   3.640930275350e-03   8.632967869967e-02   1.200360797266e-01  -1.368890714736e-03  -3.018486161073e-07  -6.771521335814e-08   3.545474766117e-03   7.905481865845e-07   1.779206299717e-07   3.517430849106e-03   7.828972057099e-07   1.762115984757e-07  -3.789197530370e-03  -8.579369983493e-07  -1.928544061298e-07  -1.024781611689e-02  -2.333908679342e-06  -5.289097903132e-07   1.270398444134e-02   2.961490674195e-06   6.257015241510e-07   1.279800814455e-01   3.185633719186e-05   6.680132968795e-06   2.445555068085e-01   6.739364136976e-05   1.395924793999e-05   1.477210985267e-01   5.299786969466e-05   1.097307330770e-05   6.390954511728e-07  -2.773539718910e-09  -5.742418034920e-04   1.533411483262e-07   9.946389766079e-04  -7.075694843460e-07   2.293250120925e-09   6.832682413698e-04  -1.650696068450e-07  -1.183478155275e-03  -1.867785106699e-06   7.463005423858e-09   1.647889695833e-03  -4.507774148104e-07  -2.854286908193e-03   1.133181791221e-05  -5.790297107499e-09  -1.303044652004e-02   2.331324144719e-06   2.256952542409e-02   1.108864173589e-04  -2.082529454262e-08  -1.116989520336e-01   2.257035878665e-05   1.934687061974e-01  -8.742211392250e-03  -8.100257711849e-03   1.936256964815e-03  -3.550012568073e-02  -6.953419099366e-02  -8.883276689859e-02  -1.900698795565e-02  -7.921911775167e-02  -1.551606816371e-01  -1.077168393950e-01  -1.270150619923e-01  -8.204949051171e-02  -1.606906227612e-01  -5.603634933879e-02  -1.800421778181e-01  -3.760400337286e-02  -7.362724342817e-02  -4.875288747131e-03  -7.246303133362e-02  -8.142290059890e-02  -9.548601350551e-03   3.610489858534e-02  -8.809655630362e-03  -8.164782046969e-03   1.913051465941e-03   7.825641480312e-02   4.056666702152e-03  -8.913861426814e-02  -1.914923095664e-02   1.743949120814e-01   9.039700517123e-03  -1.079143361497e-01  -1.272686518345e-01   1.803393235848e-01   9.346410790840e-03  -5.608275065602e-02  -1.801918938893e-01   8.254226770670e-02   4.276266286173e-03   1.081765596485e-02  -9.268121089900e-03   4.113245389023e-02   5.605892581612e-04   1.070922514721e-01  -8.754715631005e-03  -8.112118511714e-03   1.946070500962e-03  -4.254740696473e-02   6.553146943561e-02  -8.890057410124e-02  -1.899769369316e-02  -9.492642283259e-02   1.461994367434e-01  -1.077738373968e-01  -1.270203904078e-01  -9.829481466749e-02   1.513731731173e-01  -5.605859427396e-02  -1.800493969806e-01  -4.504115882133e-02   6.934439906858e-02  -5.829693266114e-03   8.176247554377e-02  -6.754407442429e-02   8.978029992957e-03   4.416073407992e-02
  -1.583578081439e-05  -2.465158704086e-05  -9.213637892465e-05   7.740303034621e-01   5.841901029038e-06  -1.864916818186e-04  -1.125684987287e-04  -5.556219506168e-01   7.922716040071e-06  -1.142252170447e-04  -4.488229332386e-05  -4.508379868537e-01   2.959766849789e-06  -5.022359489179e-05  -1.164266936391e-05  -1.432826802520e-01   5.914614505979e-07  -9.806013686954e-02  -1.705333793669e-02   9.409653053339e-02   9.842043178776e-06   5.444060174714e-02   2.510086319716e-08  -2.412430998986e-08  -4.538243104383e-08   4.704518530955e-08   9.221051610751e-08  -1.024204665738e-07  -3.739726651134e-07   7.255225727999e-07   1.867846473793e-05   1.525066459027e-05  -3.137240424336e-07   1.184001551353e-04   5.966357088369e-10   8.161678766301e-07  -3.018708530335e-04  -1.662825827026e-09   8.099849546829e-07  -3.009106005924e-04  -1.641064778965e-09  -8.733272622841e-07   3.166841349696e-04   1.826463619189e-09  -2.396870054029e-06   8.648582949234e-04   5.600603267163e-09   2.919211521331e-06  -9.732431123750e-04  -2.845971479410e-09   3.186400457900e-05  -1.263252333804e-02  -5.118809323352e-08   5.866723973309e-05  -4.709825513679e-02  -1.104007567252e-07   1.407738760475e-05  -8.672773985728e-02   2.253340245182e-07  -1.324992005994e-04  -7.991592400466e-07   4.197276023971e-06  -4.320522328381e-09   2.909343310922e-06   1.672373152711e-04   5.994565856897e-07  -3.072790105525e-06   4.064740421836e-09  -2.303098362550e-06   4.152201703346e-04   2.915199308310e-06  -1.546387028485e-05   1.367253551857e-08  -1.035288317798e-05  -3.251116689656e-03   4.078021850820e-06  -2.636991170672e-05  -9.931538715270e-09  -6.782643218958e-06  -7.627186650227e-02  -1.350744608865e-04   7.036519401218e-04  -2.313569972013e-07   4.953658047938e-04   1.054426177496e-02   9.660347837282e-03  -3.604615558850e-02   1.263538827354e-02   8.403310003818e-02   1.044729580639e-01  -8.034554340684e-02   9.324413365115e-03   1.876643443452e-01   1.287349172460e-01  -7.993590631483e-02  -9.509969935764e-02   1.879672747146e-01   6.973471249006e-02  -3.559461619726e-02  -1.566966612270e-01   8.405879141946e-02  -8.260264867491e-03   1.830354818696e-02   9.696556644670e-02  -7.243590535027e-02   2.845206213003e-02  -2.332726621521e-02  -2.137889661134e-02   7.945367829439e-02   1.772141121189e-01   1.076123829278e-02  -2.301740255235e-01   1.768632108420e-01   3.762607480920e-01   2.400055654218e-02  -2.831828764156e-01   1.757220591117e-01   2.718310418651e-01   2.400867681949e-02  -1.533406820492e-01   7.819751530634e-02   7.345045921350e-03   1.073493156482e-02  -1.499074910470e-01  -2.044749085648e-02   1.105778963492e-01  -9.263906286729e-03   1.242989298367e-01   1.264158936413e-02   1.158244616559e-02  -4.320149055415e-02   3.127089392959e-02  -9.481238086526e-02   1.251732151360e-01  -9.627525105598e-02   5.091525662595e-02  -2.116940165479e-01   1.542046419858e-01  -9.576447341958e-02  -5.346997521480e-02  -2.119916300517e-01   8.352466758108e-02  -4.263849081202e-02  -1.380842805149e-01  -9.479546880502e-02  -2.432208800990e-02  -5.284502560637e-02   9.611137622818e-02   8.173106173109e-02   2.253858448785e-02
  -2.683778871971e-06  -4.468715414960e-06  -1.972914499369e-05   5.841901029038e-06   7.743298665021e-01  -3.475601160076e-05  -2.552828765559e-05   7.922824987304e-06  -5.552165651523e-01  -2.142053186163e-05  -9.131914432850e-06   2.959793322508e-06  -4.506899323564e-01  -9.894411698642e-06  -1.812880411572e-06   5.913369292819e-07  -1.432571389403e-01   9.842904770572e-06   1.084548772753e-01   1.473100337218e-02  -9.787120234950e-02   8.513560393543e-03   1.753606605531e-10  -2.494224382036e-10  -1.965539726472e-10   1.059760800872e-09   1.431664158494e-09  -3.394596729056e-09  -1.188034401728e-08   6.864829552245e-08   2.787993040032e-06   2.579797104628e-06  -1.219222430056e-08   6.065086984188e-10   1.185841452905e-04   3.288922809443e-08  -1.688754806260e-09  -3.023389664004e-04   3.248642997751e-08  -1.666798463587e-09  -3.013775274102e-04  -3.735216597390e-08   1.854423623845e-09   3.171605703693e-04  -1.028092154602e-07   5.678321199395e-09   8.661714803241e-04   2.562913415014e-07  -2.911012627739e-09  -9.742203131691e-04   4.034541222152e-06  -5.169527380713e-08  -1.263929041907e-02   9.141608266243e-06  -1.110189770837e-07  -4.710333254190e-02   2.075168982698e-06   2.251099042881e-07  -8.671872302148e-02  -4.344249975129e-09   5.026497644617e-06   6.594257625875e-07  -1.325827454856e-04   4.334373627891e-07   4.089841562810e-09  -3.736314747716e-06  -4.827905949320e-07   1.673509893079e-04  -3.333480731375e-07   1.374580127058e-08  -1.837526220876e-05  -2.431047621972e-06   4.154914537181e-04  -1.549957198982e-06  -1.009679819958e-08  -2.767786447945e-05  -4.327879194562e-06  -3.252235867155e-03  -1.260818086471e-06  -2.319285125196e-07   8.215367298847e-04   1.039026591161e-04  -7.626889615258e-02   7.654384701408e-05   2.065192824531e-02   1.892092754235e-02  -7.061465318437e-02   8.404387210217e-02   1.343240241249e-01   2.046265657194e-01  -1.573815345734e-01   1.876796330936e-01   2.810697546662e-01   2.521535601599e-01  -1.565736720139e-01   1.879974450104e-01   1.771275676879e-01   1.366382563885e-01  -6.972802681457e-02   8.410817947232e-02  -3.485911486543e-02  -7.243877564777e-02   1.354859520971e-01   7.073088012302e-02  -1.131476946555e-01  -1.308489615208e-02  -1.209100786375e-03  -1.108126018664e-03   4.119524133851e-03   1.076331432420e-02  -2.986861557502e-02  -1.193082410099e-02   9.168760667455e-03   2.400356515014e-02  -8.558278213945e-02  -1.467898801058e-02   9.108867429736e-03   2.401380132415e-02  -1.901453226701e-01  -7.952268249617e-03   4.054030277911e-03   1.074300892487e-02  -1.991757107003e-01  -9.264562442567e-03   7.615847790761e-02   1.268234265466e-02   2.835335573392e-02   1.045553784931e-02  -1.946934530643e-02  -1.783837290543e-02   6.654949200227e-02  -9.482523054304e-02   1.157337391343e-01  -1.927857912141e-01   1.482910610138e-01  -2.117123147349e-01   2.394906631801e-01  -2.375046835561e-01   1.474984126422e-01  -2.120269240153e-01   1.354118869240e-01  -1.286914442953e-01   6.567984212477e-02  -9.485293033387e-02  -5.352952122340e-02   8.173458762283e-02   1.391357589359e-01  -3.572787249297e-02  -9.712554546905e-02   3.011995667227e-02
  -4.507003274244e+00  -4.056996867508e+00  -2.299165308893e-02  -1.864916818186e-04  -3.475601160076e-05  -2.416758541600e+00  -9.255675701619e-02  -3.693202236154e-04  -6.510257894313e-05  -1.723659610988e+00  -5.377342376691e-02  -1.806338844251e-04  -2.953855726588e-05  -9.392872382344e-01  -1.187663739576e-02  -5.164830399814e-05  -8.423830713830e-06  -2.658257271451e-04   2.271204507698e-05  -5.326675438312e-02  -6.944349481040e-05   9.341235515414e-02  -5.748790839279e-03  -7.153486403593e-03  -8.702710063517e-03  -1.032173453129e-02  -1.205327844909e-02  -1.236547883905e-02  -1.610728423901e-02  -3.152786879048e-02  -1.546192626330e-01  -3.854669736658e-01  -6.996541643439e-04  -2.113930151367e-07  -3.322698501439e-08  -6.120101778998e-03  -1.297381984093e-06  -2.760696307506e-07  -8.183186185342e-03  -1.773665946080e-06  -3.690576713246e-07  -6.031273719684e-03  -1.507125825305e-06  -2.705373070983e-07  -1.054035157076e-02  -2.749580796059e-06  -4.697759345256e-07  -5.035821881783e-02  -1.148170340149e-05  -2.310097435459e-06  -1.780820873938e-01  -4.018236938260e-05  -8.321708794717e-06  -4.593272218988e-01  -1.074736458498e-04  -2.112908707774e-05  -8.334894154786e-01  -2.060712052275e-04  -3.902939635680e-05  -5.689760721690e-07   2.724606241403e-09   6.676133734190e-04  -1.364561920786e-07  -1.156394886713e-03  -1.083403907935e-06  -2.588564628339e-09   1.380904723843e-03  -1.867102197592e-07  -2.391735732196e-03  -4.523417586908e-06  -8.062821610008e-09   5.752199487998e-03  -8.087889455602e-07  -9.962924317068e-03  -2.438093039221e-05   7.996812955659e-09   3.035306803026e-02  -4.938162946545e-06  -5.257348358993e-02  -1.568301660439e-04  -7.175383346899e-08   1.900283068226e-01  -3.053844809194e-05  -3.291376993128e-01  -3.290242703551e-01  -3.141132936342e-01   9.551002408038e-02  -1.161805822523e-01  -2.275427872981e-01  -4.752661664941e-01   1.513538491502e-01  -1.817973531369e-01  -3.560529958242e-01  -7.180120665404e-01   3.669983451490e-01  -4.426912748911e-01  -8.670250785017e-01  -8.937248233887e-01   3.974477813906e-01  -4.905361334712e-01  -9.606899436480e-01   3.380940988363e-02  -7.781709624852e-02  -6.813542865572e-02   6.621564087335e-02   5.341678274065e-03  -3.301985090689e-01  -3.152292151288e-01   9.572129201995e-02   2.556403656580e-01   1.324959364025e-02  -4.765297341009e-01   1.516670907876e-01   3.999658289185e-01   2.072961419833e-02  -7.193651051619e-01   3.675102849295e-01   9.732522655705e-01   5.044348777536e-02  -8.944596050366e-01   3.975744830454e-01   1.077201263748e+00   5.582918028046e-02  -7.440732419331e-02  -9.950132603652e-03   6.352868051505e-02  -3.856346915649e-03   8.143347572337e-02  -3.292054414269e-01  -3.142854763405e-01   9.556703747460e-02  -1.391738408156e-01   2.143340775265e-01  -4.754615650097e-01   1.514399820300e-01  -2.177720739916e-01   3.353768585567e-01  -7.182203928848e-01   3.671655967427e-01  -5.302324748522e-01   8.165856032452e-01  -8.938369711798e-01   3.975646601171e-01  -5.874356449881e-01   9.046437692415e-01   4.051145134409e-02   8.777898526130e-02  -5.320053583477e-02  -6.238844850030e-02   1.396233063542e-02
  -6.307581109401e-03  -2.829352270952e-03  -5.386413770333e-01  -1.125684987287e-04  -2.552828765559e-05  -9.255675701619e-02  -3.626855620207e-01  -2.716862784265e-04  -7.007218481095e-05  -1.203873322811e-01  -5.878397294353e-01  -1.629547972952e-04  -4.779135740494e-05  -6.010804912839e-02  -2.935885606091e-01  -5.095448055741e-05  -1.549054905679e-05  -2.824014233585e-04   3.574806768952e-05  -8.850897446507e-02  -8.286056603040e-05   1.540701420021e-01   3.152336089087e-02   4.066195400411e-02   4.975025883398e-02   5.613967437965e-02   6.349256988300e-02   6.765075440241e-02   8.433963965815e-02   1.237752565455e-01   2.462203597296e-01   2.200513868234e-01   7.653509829198e-03   1.906776115868e-06   3.700704779969e-07   2.150766252294e-02   5.294846324059e-06   1.047958922615e-06   3.170458399923e-02   7.824828773440e-06   1.542880292142e-06   3.935884578179e-02   9.792897072968e-06   1.902972488595e-06   6.924041444170e-02   1.740223060722e-05   3.363201822391e-06   1.612871729560e-01   4.113434291303e-05   8.094295256741e-06   3.156134385812e-01   8.478404561346e-05   1.700504933471e-05   3.368636012934e-01   1.002050391390e-04   2.017482980167e-05   1.355181419798e-01   5.709145533343e-05   1.053602397933e-05   1.645875275529e-06  -4.730432083857e-09  -1.711790730857e-03   3.708992333187e-07   2.964957545411e-03   6.759323311226e-06   4.956387140166e-09  -7.994179935333e-03   1.280823052937e-06   1.384626610949e-02   2.262749165738e-05   1.486316327818e-08  -2.645432667992e-02   4.287671733428e-06   4.582008115639e-02   6.646325822106e-05  -1.759829275185e-08  -7.244597351365e-02   1.317206537510e-05   1.254803967002e-01   1.031583302802e-04   1.543025713198e-08  -8.739144475458e-02   2.108121962365e-05   1.513669934719e-01  -3.836459799941e-01  -3.650945815684e-01  -6.918621195148e-02  -1.028027529861e-01  -2.013477348757e-01  -3.800100359122e-01  -1.108672640564e-01  -1.002662295396e-01  -1.963776970987e-01  -2.723654299517e-01  -1.617268173030e-01  -7.777959997831e-02  -1.523291022191e-01  -1.730314835853e-01  -2.457614030690e-01  -6.977073619155e-02  -1.366034417575e-01  -1.887827375740e-02  -2.088334307738e-02  -3.205338826428e-02  -3.697282244835e-02   2.528342013213e-02  -3.848800445436e-01  -3.662597786739e-01  -6.944409996334e-02   2.261595868747e-01   1.172240263035e-02  -3.809054177074e-01  -1.111598246265e-01   2.204706018156e-01   1.142747767298e-02  -2.728911569029e-01  -1.619750033917e-01   1.708954709215e-01   8.855658341829e-03  -1.732248194618e-01  -2.459464608660e-01   1.530755184248e-01   7.924819741123e-03   4.148557785141e-02  -2.667262907917e-03   3.245470262622e-03   2.150017579914e-03   4.570480970064e-02  -3.839297818522e-01  -3.653631988911e-01  -6.918570198659e-02  -1.231735487720e-01   1.896991388180e-01  -3.802396655782e-01  -1.108729448759e-01  -1.201254591557e-01   1.850029816240e-01  -2.725129322537e-01  -1.617320492211e-01  -9.317375027013e-02   1.434851194322e-01  -1.730976007459e-01  -2.457624923328e-01  -8.355730239791e-02   1.286285854818e-01  -2.260473569772e-02   2.355844229746e-02  -2.805212189324e-02   3.481141665640e-02   2.760682102354e-02
  -1.411756106332e-05  -1.397062667766e-05  -1.117221192625e-04  -5.556219506168e-01   7.922824987304e-06  -3.693202236154e-04  -2.716862784265e-04  -5.296368765027e-01   2.299889665239e-05  -3.403345897069e-04  -1.645749971862e-04  -7.101672514560e-01   1.656645061677e-05  -1.706766029841e-04  -5.170616503997e-05  -3.256562932984e-01   5.526909707238e-06  -3.273887846003e-01  -5.922045158868e-02   3.268007612126e-01   3.582389684166e-05   1.890184887984e-01   7.255315446658e-06   9.447228995482e-06   1.159099255290e-05   1.294310624055e-05   1.457343614155e-05   1.574833211516e-05   1.986687549864e-05   2.828697204574e-05   5.231248493674e-05   2.228444062921e-05   1.982589027775e-06  -2.901106778460e-04  -1.738359436438e-09   5.086804194909e-06  -2.036379660281e-03   4.617254740864e-09   7.622301167590e-06  -2.781017970333e-03   4.757383458598e-09   1.003657158270e-05  -2.351344685700e-03  -3.868544936606e-09   1.803207877006e-05  -4.388259113504e-03  -9.660989843768e-09   4.036414904062e-05  -1.745235603254e-02   1.371365731882e-08   7.920595892916e-05  -5.180928671353e-02   4.906855707932e-09   7.735642792289e-05  -9.198521575303e-02  -3.769224406082e-07  -3.026116776669e-05  -1.612027898591e-01   1.934712657976e-07  -4.030255062573e-05  -1.010917650549e-06   5.149988334749e-06  -8.156743967595e-09   3.988114691041e-06  -2.421101997985e-03  -4.084828357795e-07  -1.892005841886e-07   6.290432478066e-09   5.245659037767e-06  -9.501505680074e-03   2.292126529422e-06  -2.107666171285e-05   2.539830848713e-08   6.114677067441e-06  -3.389842571381e-02   2.165715659562e-05  -1.446231744949e-04   5.445627754732e-09  -2.979061077524e-05  -1.055058661780e-01  -3.580000326735e-04   1.937351117749e-03  -8.096545216257e-07   1.201128873935e-03   4.597434472052e-01   4.373696918089e-01  -1.036039774685e-01  -3.431452538308e-02   2.427062404248e-01   4.535162426683e-01  -1.020046156085e-01  -7.468282432142e-02   2.383338479494e-01   3.192865790495e-01  -6.785847668407e-02  -1.499221925899e-01   1.614835289103e-01   1.607066060803e-01  -3.743401834272e-02  -2.873122641217e-01   9.048789906901e-02   1.130675456564e-02  -2.718572512058e-02   3.750541834865e-02  -2.077258808354e-02   2.480904884866e-02  -1.012619856441e+00  -9.633167793786e-01   2.279209981744e-01   4.398587545561e-01   3.102214624228e-02  -9.980655331745e-01   2.242916136053e-01   3.906595788799e-01   3.044713679566e-02  -7.024179075862e-01   1.491571381404e-01   1.652198769408e-01   2.062163107454e-02  -3.535844150196e-01   8.224931080036e-02  -1.106025663200e-01   1.156496851502e-02  -2.925083555369e-02  -3.998736785218e-03   1.085642459924e-02  -2.652519207970e-03  -6.853675812950e-04   5.508147247782e-01   5.240069634912e-01  -1.241334785292e-01   1.945367362448e-02  -2.737589069999e-01   5.432828799764e-01  -1.222075329312e-01  -2.189521948235e-02  -2.688055109810e-01   3.824633042917e-01  -8.129378900320e-02  -1.141619730840e-01  -1.821153990510e-01   1.925040123721e-01  -4.484261196123e-02  -2.672715851999e-01  -1.020451764365e-01   6.705612970418e-03   1.533695747891e-02   3.913892528838e-02   2.343273758575e-02   2.638265933718e-02
  -2.423808798692e-06  -2.538256203691e-06  -2.555323602704e-05   7.922716040071e-06  -5.552165651523e-01  -6.510257894313e-05  -7.007218481095e-05   2.299889665239e-05  -5.284530338415e-01  -5.569335567400e-05  -4.740558684338e-05   1.656649672353e-05  -7.093105578602e-01  -2.649001876433e-05  -1.551637105853e-05   5.526787041448e-06  -3.253745248692e-01   3.582510626834e-05   3.767544027430e-01   5.117818772402e-02  -3.266562462691e-01   2.956996304295e-02   1.412638509239e-06   1.856867822688e-06   2.283661995692e-06   2.521554252480e-06   2.826989069398e-06   3.108807224945e-06   3.984155201654e-06   5.430117875946e-06   9.360636587563e-06   7.508630233634e-06   4.562907643673e-07  -1.726876379466e-09  -2.899070769464e-04   8.202348726617e-07   4.586607372765e-09  -2.036902810526e-03   1.317882003046e-06   4.727062895761e-09  -2.781539094874e-03   2.150638015694e-06  -3.834838606652e-09  -2.350805961050e-03   4.038344690613e-06  -9.567867959852e-09  -4.386780202854e-03   7.463558614252e-06   1.362919767580e-08  -1.745355819088e-02   1.261424404643e-05   4.305912804620e-09  -5.181742924157e-02   1.470348693484e-05  -3.769626195881e-07  -9.198313397420e-02   2.279035022609e-06   1.956832149189e-07  -1.611217945196e-01  -8.191258460182e-09   6.427041268468e-06   8.158535663589e-07  -4.048306148855e-05   6.064904481860e-07   6.325784964380e-09   1.346153393639e-06  -3.214427743208e-07  -2.420899736271e-03   9.336404403402e-07   2.550351862940e-08  -1.957986727645e-05  -4.374054916812e-06  -9.500949951824e-03   1.249610338060e-06   5.226288246800e-09  -1.559756894200e-04  -2.578919326758e-05  -3.390017973127e-02  -4.924031217877e-06  -8.094400147135e-07   2.228285803085e-03   2.948475337558e-04  -1.054967154275e-01   1.872591917375e-04   9.004333936695e-01   8.566133874234e-01  -2.029304040697e-01   2.427201506768e-01   3.171395686528e-01   8.882555267161e-01  -1.998036788506e-01   2.383570377791e-01   2.704423252654e-01   6.253581927204e-01  -1.329211573066e-01   1.615136394351e-01   8.396924911159e-02   3.148646681529e-01  -7.334043120228e-02   9.057667384356e-02  -1.559402818817e-01  -2.077775237821e-02   2.248867809287e-02  -1.713405184659e-02  -1.877457008856e-02  -3.713777410250e-03  -5.248447593265e-02  -4.992909381519e-02   1.181474478062e-02   3.102483270399e-02  -1.570752562870e-01  -5.173165524061e-02   1.162726962340e-02   3.045168254156e-02  -1.952338922957e-01  -3.640746766206e-02   7.730258909720e-03   2.062532259541e-02  -2.315596271254e-01  -1.833149744945e-02   4.257431460586e-03   1.157417657616e-02  -3.328750004047e-01  -2.653629029466e-03   5.832819964480e-02   5.831811904431e-03   2.179910003238e-02   3.006583304767e-03  -8.482936469522e-01  -8.070080392712e-01   1.911906339629e-01  -2.737755039554e-01   2.633235370040e-01  -8.367123105878e-01   1.882304831816e-01  -2.688332502807e-01   2.175626869816e-01  -5.890367506558e-01   1.252108561959e-01  -1.821491990352e-01   4.811878582250e-02  -2.965724190391e-01   6.907044091744e-02  -1.021431469731e-01  -1.760405607808e-01   2.343901294277e-02   2.025683901227e-02   2.504007094459e-02  -1.416935737328e-02   8.627495430951e-03
  -2.028572786175e+00  -1.913359690102e+00  -1.759383589298e-03  -1.142252170447e-04  -2.142053186163e-05  -1.723659610988e+00  -1.203873322811e-01  -3.403345897069e-04  -5.569335567400e-05  -1.574010446595e+00  -2.762196277394e-02  -5.512468344357e-05   4.640932556144e-06  -1.063379219962e+00   7.206192596873e-02   4.996075488834e-05   1.658620011444e-05  -3.011611181561e-04   2.854963191198e-05  -7.581770691457e-02  -8.482737381446e-05   1.327764958642e-01  -5.473584690292e-01  -7.171596390280e-01  -8.651195122611e-01  -9.260633692237e-01  -9.586618389422e-01  -9.479829482609e-01  -8.857410287737e-01  -8.102144981448e-01  -6.528872413256e-01  -6.619583894045e-01  -5.143049795190e-02  -1.187007588396e-05  -2.324687954667e-06  -9.335516264206e-02  -2.171537852541e-05  -4.253837060056e-06  -1.370634874923e-01  -3.183185988361e-05  -6.235617472491e-06  -1.863501039531e-01  -4.302671279113e-05  -8.426411013734e-06  -2.496174201366e-01  -5.749245923212e-05  -1.125952029502e-05  -3.025639832792e-01  -7.052112200802e-05  -1.386208522824e-05  -3.553894932383e-01  -8.557854348262e-05  -1.702078326456e-05  -4.875840511504e-01  -1.180511142495e-04  -2.223184356485e-05  -7.832591482212e-01  -1.742132452635e-04  -2.864492059819e-05  -3.024695836906e-06   3.538919485150e-09   3.696954851386e-03  -6.282992975945e-07  -6.403385549522e-03  -9.234889494613e-06  -4.112613603645e-09   1.158884275217e-02  -1.783235273441e-06  -2.007239716863e-02  -2.138238078553e-05  -1.077407583410e-08   2.682557286722e-02  -4.104965273859e-06  -4.646303318969e-02  -3.839192065982e-05   2.746404653252e-08   4.673765053189e-02  -7.699611395329e-06  -8.095227461763e-02  -1.164094404241e-04  -2.270309642267e-07   1.390227500117e-01  -2.194412214101e-05  -2.407929354034e-01  -1.031555917554e+00  -9.756149619089e-01   7.245457587574e-02  -9.138318349423e-02  -1.789636717426e-01  -9.661773966416e-01   1.076343051762e-01  -1.321382452034e-01  -2.587755951577e-01  -8.995003120383e-01   2.493164191494e-01  -3.017696944080e-01  -5.910536529659e-01  -9.484195136581e-01   3.493374276538e-01  -4.158324544221e-01  -8.145401653697e-01   2.374407528101e-02  -5.364961286485e-02  -4.671715402186e-02   4.650340126766e-02   3.237428247217e-03  -1.032723153098e+00  -9.767165692706e-01   7.250467269125e-02   2.007610092177e-01   1.040426725432e-02  -9.672661521917e-01   1.077802281521e-01   2.904772611293e-01   1.505343276526e-02  -9.005183890611e-01   2.496069645928e-01   6.633015594574e-01   3.438155654162e-02  -9.489746480475e-01   3.494040410892e-01   9.132304214857e-01   4.734691178173e-02  -5.226831628700e-02  -6.861369365619e-03   4.406610136042e-02  -2.708985086701e-03   5.570970259485e-02  -1.031736255910e+00  -9.757851853683e-01   7.248187560548e-02  -1.094429011339e-01   1.685346283246e-01  -9.663462229361e-01   1.076845859590e-01  -1.582674314358e-01   2.437186324620e-01  -8.996562775898e-01   2.494179479256e-01  -3.614308109624e-01   5.566507059807e-01  -9.484992631884e-01   3.494178214520e-01  -4.979722216752e-01   7.670287629101e-01   2.845172677475e-02   6.051970947977e-02  -3.642169062336e-02  -4.381689603311e-02   9.181102261648e-03
  -2.599909116108e-03   1.238862836661e-03  -4.713222898098e-01  -4.488229332386e-05  -9.131914432850e-06  -5.377342376691e-02  -5.878397294353e-01  -1.645749971862e-04  -4.740558684338e-05  -2.762196277394e-02  -8.834677379919e-01  -1.105900550246e-04  -4.636561012269e-05   1.254175178865e-01  -6.647181040509e-01  -6.294820874447e-05  -2.395795881606e-05  -1.610324149826e-04   3.190609547498e-05  -9.829153524968e-02  -5.799116518730e-05   1.708603310558e-01   1.683611643437e+00   2.206417644193e+00   2.658885189550e+00   2.839409963692e+00   2.924563014948e+00   2.876316137073e+00   2.637764284276e+00   2.329282746389e+00   1.528861640971e+00   9.687205901830e-01   1.261287197903e-01   3.685692453884e-05   7.235558709772e-06   2.215564671864e-01   6.553046260207e-05   1.279012494922e-05   3.247934583944e-01   9.600191754392e-05   1.875978220178e-05   4.444961349680e-01   1.307311660655e-04   2.565446972154e-05   5.792955274237e-01   1.711399756872e-04   3.365874292687e-05   6.291413923942e-01   1.915869163991e-04   3.751206207165e-05   5.518204352554e-01   1.816491529441e-04   3.533011988848e-05   4.036577118603e-01   1.483681200620e-04   2.867370525433e-05   1.050669254318e-01   8.236338270413e-05   1.427925316379e-05   6.849237179095e-06  -4.078368075139e-09  -6.491815503523e-03   1.385964428730e-06   1.124421184526e-02   2.241176414949e-05   4.949199703415e-09  -2.016093836567e-02   4.376831651434e-06   3.491973263462e-02   4.951344464549e-05   1.207307048033e-08  -4.336447978325e-02   9.641251262922e-06   7.510934209495e-02   6.913202207770e-05  -3.551625327953e-08  -5.681141861657e-02   1.366393391792e-05   9.840023881997e-02   7.242160810439e-05  -8.426218694935e-09  -5.177984805980e-02   1.468463309374e-05   8.968455766646e-02  -6.900955847107e-01  -6.517437067110e-01  -1.810533964521e-01  -5.857300100224e-02  -1.147116902862e-01  -5.702370450554e-01  -1.861397297710e-01  -6.311477248988e-02  -1.236022482034e-01  -3.633983981793e-01  -1.492776854777e-01  -4.631669066878e-02  -9.072805916422e-02  -1.712559952698e-01  -3.379809304533e-01  -2.582713970381e-02  -5.061427889916e-02  -1.060607399027e-02  -2.224677289325e-02  -2.924170971859e-02  -2.076896435919e-02   1.843744093776e-02  -6.906186307644e-01  -6.522364615667e-01  -1.812657795039e-01   1.286408849069e-01   6.666808843957e-03  -5.706525608006e-01  -1.863566228429e-01   1.386608681214e-01   7.185791897307e-03  -3.636302666394e-01  -1.494635049902e-01   1.017278848137e-01   5.272034717050e-03  -1.713021098653e-01  -3.381399309594e-01   5.664652739234e-02   2.929642116040e-03   2.332007694448e-02  -2.844906434737e-03   8.379784527462e-03   1.208344323698e-03   4.022675982804e-02  -6.903443137665e-01  -6.519783918215e-01  -1.810636173120e-01  -7.016137073028e-02   1.080464963598e-01  -5.704389646486e-01  -1.861486224426e-01  -7.560581779029e-02   1.164267031285e-01  -3.635247379759e-01  -1.492819746802e-01  -5.548100903461e-02   8.545551958948e-02  -1.713178717503e-01  -3.379653697740e-01  -3.093638650009e-02   4.765790434844e-02  -1.269830429948e-02   2.510102361534e-02  -2.498154309416e-02   1.955262688397e-02   2.091239731281e-02
  -5.790058249842e-06  -2.764321679816e-06  -4.168153811021e-05  -4.508379868537e-01   2.959793322508e-06  -1.806338844251e-04  -1.629547972952e-04  -7.101672514560e-01   1.656649672353e-05  -5.512468344357e-05  -1.105900550246e-04  -7.858848190672e-01   1.421146524670e-05   9.357608287302e-05  -6.215792577915e-05  -4.170412670029e-01   4.719401718590e-06  -3.061595720540e-01  -5.645084700486e-02   3.115924983367e-01   3.185611070870e-05   1.801161869292e-01   3.897143552465e-04   5.108006830098e-04   6.155728949146e-04   6.572582129186e-04   6.769152101606e-04   6.659431746010e-04   6.109681355345e-04   5.387431103473e-04   3.477919099203e-04   2.269955627290e-04   3.700800312633e-05  -3.296922703619e-02  -3.069498826060e-09   6.511048861292e-05  -6.167334619954e-02   1.489795549491e-08   9.558560726841e-05  -9.006756798377e-02   1.629975390762e-08   1.311706775154e-04  -1.200501181052e-01  -6.289099649981e-09   1.723138535991e-04  -1.595077102321e-01  -2.444538804003e-08   1.899635335507e-04  -1.970246741352e-01   4.023297290698e-08   1.699325383639e-04  -2.197180717530e-01   1.440554835082e-07   1.292220339846e-04  -2.055784736852e-01  -5.290105289076e-07   1.033634535800e-04  -2.287686129344e-01  -1.712713865835e-06  -6.061706918817e-03   1.061416789087e-06  -8.840241869765e-06  -2.167856268242e-09   1.103760863790e-06  -2.777598001510e-02  -4.423784482033e-06   1.275940096852e-05   6.989345136471e-10   3.107659296815e-05  -6.635774234926e-02  -8.527185714451e-06   2.028772974965e-05   8.496138276177e-09   6.579673096852e-05  -9.622714112717e-02   3.447274893175e-05  -2.273367699826e-04   3.572206798326e-08  -5.723852124835e-05  -8.279639580447e-02  -3.097983052887e-04   1.682389678468e-03  -9.624088081147e-07   1.032221737543e-03   8.267704948275e-01   7.806792148921e-01  -5.841955579118e-02  -1.669637900923e-01   1.366022663903e-01   6.802532613483e-01  -6.380396103375e-02  -1.695084033684e-01   1.482989796121e-01   4.339604553413e-01  -4.197437454304e-02  -1.428146036157e-01   9.587329387911e-02   2.068307666765e-01  -2.229655360969e-02  -2.953251707754e-01   3.873863389541e-02   4.681050148278e-03  -1.057202719180e-02   3.388086882049e-02  -2.188000564396e-02   1.673438482835e-02  -1.816563541109e+00  -1.715289691890e+00   1.283184551589e-01   9.940222189534e-02   1.743300726069e-02  -1.494614506370e+00   1.401964824785e-01   1.197939867811e-01   1.893160479436e-02  -9.533823566829e-01   9.220416310409e-02   4.404617047925e-02   1.223012123075e-02  -4.541193597875e-01   4.884054438694e-02  -2.201932178172e-01   4.924453184879e-03  -3.809748815693e-02  -5.207410927832e-03   2.278453671890e-02  -2.797766683883e-03   1.936214085208e-02   9.901714537660e-01   9.349705619879e-01  -6.997900845607e-02  -1.367243959910e-01  -1.540426209531e-01   8.146944550153e-01  -7.643277309012e-02  -1.366732888626e-01  -1.672411550931e-01   5.197184032906e-01  -5.027864310069e-02  -1.215923975354e-01  -1.081076313774e-01   2.476850112556e-01  -2.669569670229e-02  -2.867605160767e-01  -4.365578381488e-02  -1.686858268234e-04  -7.430312430022e-04   3.456097953464e-02   2.468692244909e-02   1.657406598542e-02
