ARMA_MAT_TXT_FN008
150 150
  -4.067740555425e+01  -3.861134665125e+01   2.128541940621e-01   1.876961675834e-05   1.374362189598e-05  -1.396521422623e+01   9.826388116526e-02   8.667082754028e-06   6.345127359919e-06  -6.416055214342e+00   3.130002467922e-02   2.764758560250e-06   2.021875541892e-06  -2.720560216844e+00   7.875919006603e-03   6.966100468078e-07   5.089311303184e-07  -2.283431871205e-05   1.655707895739e-06   4.715336316450e-03  -6.311091767650e-06  -8.079925427251e-03   0.000000000000e+00   0.000000000000e+00   0.000000000000e+00   0.000000000000e+00   0.000000000000e+00   0.000000000000e+00  -2.188353054934e-07  -7.558437183885e-05  -1.628936781378e-01  -1.013979778296e+00   0.000000000000e+00   0.000000000000e+00   0.000000000000e+00   0.000000000000e+00   0.000000000000e+00   0.000000000000e+00   0.000000000000e+00   0.000000000000e+00   0.000000000000e+00   0.000000000000e+00   0.000000000000e+00   0.000000000000e+00   0.000000000000e+00   0.000000000000e+00   0.000000000000e+00  -2.063471427867e-04  -4.765634314721e-08  -9.310231686335e-09  -6.784886566956e-02  -1.567901336837e-05  -3.060459625259e-06  -1.092707907270e+00  -2.528582080664e-04  -4.939058186088e-05  -2.630488550588e+00  -6.091994086211e-04  -1.190325631307e-04   0.000000000000e+00   0.000000000000e+00   0.000000000000e+00   0.000000000000e+00   0.000000000000e+00   0.000000000000e+00   0.000000000000e+00   0.000000000000e+00   0.000000000000e+00   0.000000000000e+00  -3.998063653729e-10  -1.872366963083e-14   4.991192912419e-07  -7.821777627240e-11  -8.644998731483e-07  -6.842039369205e-07  -3.506876027302e-11   8.554612235216e-04  -1.335949380523e-07  -1.481702000147e-03  -4.398630804860e-04  -1.892475685292e-08   5.488535094778e-01  -8.591077229779e-05  -9.506417841679e-01  -6.878332422064e-04  -3.142814677154e-04   3.498557619102e-03  -4.154607331753e-03  -8.137066703448e-03  -9.962191522768e-02   1.266688950396e-01  -1.502146886343e-01  -2.942051662752e-01  -1.667728083737e+00   1.556267253494e+00  -1.850892333276e+00  -3.625080553551e+00  -2.680091356522e+00   1.533728062982e+00  -1.823645186148e+00  -3.571712037222e+00   5.230110336476e-02  -1.213553126118e-01  -1.065754460719e-01   1.024352132769e-01   8.872933187761e-03  -6.950322470283e-04  -3.181520186751e-04   3.529652067926e-03   9.202572798299e-03   4.769764845888e-04  -1.002227234585e-01   1.274112362212e-01   3.317342781744e-01   1.719406091605e-02  -1.671574230869e+00   1.559290023262e+00   4.071558488795e+00   2.110312277643e-01  -2.682277585771e+00   1.534409533575e+00   4.005614762361e+00   2.076131053783e-01  -1.156010600722e-01  -1.558476157002e-02   9.918360619759e-02  -5.991712463205e-03   1.280859502749e-01  -6.889370027566e-04  -3.148751250558e-04   3.504163148431e-03  -4.981903870333e-03   7.672519969148e-03  -9.971400752779e-02   1.268131268696e-01  -1.800434720399e-01   2.772809986161e-01  -1.668319245394e+00   1.557107290306e+00  -2.217100091111e+00   3.414495664877e+00  -2.680427510401e+00   1.534202714092e+00  -2.183958388476e+00   3.363451792439e+00   6.270999071822e-02   1.369810326890e-01  -8.333968669729e-02  -9.657841096890e-02   2.233099636022e-02
  -3.861134665125e+01  -3.892005256212e+01   2.956814877828e-01   2.607336438160e-05   1.909163202211e-05  -1.627221383899e+01   9.187723089088e-02   8.101486639450e-06   5.932293982707e-06  -7.339963542691e+00   2.399537864051e-02   2.115233596293e-06   1.549209689309e-06  -3.081871042403e+00   5.614237466025e-03   4.947522393029e-07   3.624427945236e-07  -1.139878012635e-05   8.265061807687e-07   2.353603180007e-03  -3.150392712512e-06  -4.032993095391e-03   1.176144963596e-13   0.000000000000e+00   0.000000000000e+00   0.000000000000e+00   0.000000000000e+00   7.877412564715e-10   5.551031616353e-08  -3.023038797821e-06  -1.723598859345e-01  -1.139950869809e+00   1.374705118168e-12   3.182362039559e-16   6.231097864528e-17   8.030298366825e-12   1.858967159661e-15   3.639876970251e-16   5.062191985375e-11   1.171867871758e-14   2.294529441481e-15   1.589266137146e-09   3.676657254697e-13   7.195962885542e-14   8.265147889967e-08   1.910633918136e-11   3.737290833178e-12  -5.186430389207e-06  -1.204501319955e-09  -2.362432701037e-10  -6.083549172667e-02  -1.408111252759e-05  -2.753423058663e-06  -1.214919017347e+00  -2.813180934556e-04  -5.501072682032e-05  -2.984223428760e+00  -6.911788551838e-04  -1.351693381182e-04   6.210828042057e-15   2.815169365296e-19  -7.744954449273e-12   1.216086569307e-15   1.341465322580e-11   4.276211078810e-13   1.965566940891e-17  -5.335667716925e-10   8.369722058940e-14   9.241646598539e-10   5.358654071594e-11   2.546690863626e-15  -6.691885351277e-08   1.048158543803e-11   1.159068407141e-07  -1.061810359090e-07  -4.648133761134e-12   1.324082224916e-04  -2.077646059412e-08  -2.293377396412e-04  -4.867760996230e-04  -2.056739392653e-08   6.069139079467e-01  -9.518480793470e-05  -1.051205505441e+00   2.773257326625e-05   2.226082082163e-05   7.873806992562e-05  -9.534064443081e-05  -1.867286296932e-04  -7.427499299639e-02   1.135730519583e-01  -1.354960754655e-01  -2.653768111891e-01  -1.874297950554e+00   1.781102086308e+00  -2.123538601105e+00  -4.159068968115e+00  -3.042751454966e+00   1.749312091537e+00  -2.085489715628e+00  -4.084546771216e+00   3.700384757041e-02  -8.650793360634e-02  -7.611977016995e-02   7.247416230734e-02   6.581783393428e-03   2.793342605816e-05   2.248786009164e-05   8.077677742320e-05   2.146916829202e-04   1.112741691450e-05  -7.481178869810e-02   1.143508907797e-01   2.995208001888e-01   1.552430622652e-02  -1.878703958467e+00   1.784625785433e+00   4.671480751350e+00   2.421249426396e-01  -3.045250367802e+00   1.750098081923e+00   4.580776147007e+00   2.374235914682e-01  -8.197628948850e-02  -1.113478112125e-02   7.071453545002e-02  -4.248870679665e-03   9.177251223562e-02   2.776338095067e-05   2.229564970765e-05   7.907036071219e-05  -1.146195288141e-04   1.765207809553e-04  -7.435747629935e-02   1.137200905195e-01  -1.624268938042e-01   2.501490677156e-01  -1.874976046138e+00   1.782075432573e+00  -2.543705312636e+00   3.917486055844e+00  -3.043136265028e+00   1.749856372305e+00  -2.497540267234e+00   3.846387344873e+00   4.438420393046e-02   9.768128788088e-02  -5.957741863751e-02  -6.835486781679e-02   1.618137733419e-02
   2.128541940621e-01   2.956814877828e-01  -2.838206218698e+01  -1.632287106852e-04  -4.511340603461e-05   7.888736610797e-01  -1.817094067090e+01  -1.795339971574e-04  -4.963222770539e-05   5.032870709903e-01  -6.482436677300e+00  -7.676363714693e-05  -2.124373517694e-05   2.389664524240e-01  -1.702455571942e+00  -2.135908366837e-05  -5.915678002620e-06   9.203994100282e-05   1.175577501731e-05  -3.384836816245e-01   2.754646034917e-05   5.865093140205e-01   2.943029278069e-10   0.000000000000e+00   0.000000000000e+00   0.000000000000e+00   0.000000000000e+00   1.696892087334e-06   9.162078727113e-05   3.560442186095e-03   6.328824159338e-01   1.325897909977e+00   3.309015997321e-09   7.836018518095e-13   1.534300549326e-13   1.887770380133e-08   4.472794431978e-12   8.757777866606e-13   1.133266839188e-07   2.688197490827e-11   5.263518555181e-12   3.400878750078e-06   8.070597350175e-10   1.579578848014e-10   1.415593501811e-04   3.377657662060e-08   6.606920633197e-09   9.835956993653e-03   2.375773002193e-06   4.640209417231e-07   5.462561545078e-01   1.370700043247e-04   2.670448772667e-05   2.450533435387e+00   6.688931672613e-04   1.301297990559e-04   1.765670585910e+00   6.295752274319e-04   1.220266191274e-04   1.433561497454e-11   6.653425724792e-16  -1.744868815096e-08   2.806928273533e-12   3.022201113511e-08   9.503617589879e-10   4.476905849186e-14  -1.156374553929e-06   1.860114732021e-10   2.002899256892e-06   9.389742542154e-08   4.598852130843e-12  -1.135733314600e-04   1.836649702757e-08   1.967147560484e-04   2.242293286318e-05   1.265580174561e-09  -2.663359417048e-02   4.376512938491e-06   4.613072773151e-02   1.399402796159e-03   1.005418588063e-07  -1.516893971826e+00   2.723266324120e-04   2.627335718706e+00  -1.520663334562e-02  -1.112988099429e-02   1.701826163974e-02  -5.155529878625e-02  -1.009745713827e-01  -4.017646116203e-01   9.902144445949e-03  -4.982115559097e-01  -9.757832743559e-01  -1.148838914771e+00  -1.526980114672e+00  -1.132896114711e+00  -2.218836068631e+00  -5.070244509493e-01  -2.203615146531e+00  -3.278670068961e-01  -6.421117396149e-01   5.314955278738e-02  -6.054326734721e-01  -6.335232819837e-01   1.040972955380e-01   2.206297656091e-01  -1.534057696392e-02  -1.123794866063e-02   1.712276372407e-02   1.140117123788e-01   5.909333048152e-03  -4.036625473662e-01   9.659545191515e-03   1.098586473607e+00   5.694093935261e-02  -1.150813007500e+00  -1.530853199652e+00   2.490539644741e+00   1.290843390851e-01  -5.071901589024e-01  -2.205574520205e+00   7.197058940498e-01   3.729780177808e-02  -1.169709489480e-01  -7.762272851275e-02   3.915910855044e-01  -6.062762087485e-03   8.153290664152e-01  -1.523088528401e-02  -1.114917359457e-02   1.705535094071e-02  -6.182098674016e-02   9.520932535226e-02  -4.021553395273e-01   1.007196729970e-02  -5.971523395642e-01   9.196649069140e-01  -1.149454301033e+00  -1.527076736238e+00  -1.357281441014e+00   2.090303196512e+00  -5.072297079755e-01  -2.203747418269e+00  -3.927499999669e-01   6.048253502585e-01   6.382245724092e-02   6.833818440566e-01  -5.177112866780e-01  -9.829206702861e-02   2.879661444470e-01
   1.876961675834e-05   2.607336438160e-05  -1.632287106852e-04  -2.826655483293e+01   1.183549386487e-05   6.970414898281e-05  -1.795339971574e-04  -1.804372535905e+01   1.302011394638e-05   4.497066983843e-05  -7.676363714693e-05  -6.427698506033e+00   5.570781979547e-06   2.156087227473e-05  -2.135908366837e-05  -1.687147081169e+00   1.550760213163e-06   3.658026714553e-01  -1.942557588686e-02   1.073694450539e-01   1.175577501731e-05   6.201470800433e-02   6.812940849685e-14   0.000000000000e+00   0.000000000000e+00   0.000000000000e+00   0.000000000000e+00   3.928762846816e-10   2.122947797996e-08   8.272393617681e-07   1.484078021947e-04   3.058089672236e-04   7.836018518095e-13  -7.595844986554e-11   3.551816139274e-17   4.472794431978e-12  -4.437090115732e-10   2.027374413992e-16   2.688197490827e-11  -2.797082180355e-09   1.218473796536e-15   8.076895314888e-10  -8.771224544729e-08   3.644820902380e-14   3.384738671958e-08  -4.553385270793e-06   1.491995705502e-12   2.390619979133e-06  -4.567718634858e-04   8.799577355116e-11   1.391240854442e-04  -4.841836896340e-02   2.050774794464e-09   6.781059678471e-04  -4.550750251920e-01   8.041975240226e-08   6.219038972922e-04  -9.899993299327e-01   5.090128649261e-07  -1.482436347114e-09  -6.719409009774e-14  -4.039269373328e-12   6.653425724792e-16   7.682571305050e-12  -1.020208893743e-07  -4.626838607747e-12  -2.676881534192e-10   4.403394435499e-14   5.109444630658e-10  -1.277020810359e-05  -5.870965045475e-10  -2.625879031743e-08   4.283390988454e-12   5.150853684740e-08  -4.934732781299e-03  -2.779146359420e-07  -5.891095868259e-06   7.685630068546e-10   1.319091490669e-05  -8.206339994182e-01  -1.220717908546e-04   1.150098810389e-04   1.009497319737e-07   1.266319406833e-03   1.825790064069e-02   1.334243266389e-02  -5.243409444416e-02   3.555742210028e-02   1.215529003238e-01   4.921235988872e-01  -5.190394397374e-01   1.993592897991e-01   1.196689039105e+00   1.523303016598e+00  -1.281796329359e+00  -9.707040952348e-01   2.947123607797e+00   8.693486445574e-01  -4.812820524111e-01  -1.900128936877e+00   1.105323183887e+00  -1.421353948946e-01   3.275303865801e-01   7.660466103405e-01  -6.248993556246e-01   1.565531178344e-01  -4.043851785033e-02  -2.957794436820e-02   1.159548862026e-01   2.746117104241e-01   1.561809264095e-02  -1.085562250235e+00   1.144500519256e+00   2.544276068764e+00   1.533161331425e-01  -3.350167881711e+00   2.817878004113e+00   4.782296810578e+00   3.764420608773e-01  -1.909425336406e+00   1.056593436302e+00   2.539563900210e-01   1.410004676353e-01  -1.367809700170e+00  -1.833552387051e-01   1.055040291689e+00  -8.011812424277e-02   1.238652519481e+00   2.189330946847e-02   1.600132678588e-02  -6.287442130890e-02   6.255881115371e-02  -1.372148165143e-01   5.897419300772e-01  -6.221079891178e-01   4.647977954633e-01  -1.350278020013e+00   1.824631571900e+00  -1.535620667433e+00  -3.179927567348e-01  -3.323839643881e+00   1.041108656796e+00  -5.764680439958e-01  -1.655490478519e+00  -1.246358933751e+00  -2.808719279391e-01  -6.097126048259e-01   7.485048210024e-01   7.053474652615e-01   8.996502194138e-02
   1.374362189598e-05   1.909163202211e-05  -4.511340603461e-05   1.183549386487e-05  -2.826593095430e+01   5.096274920548e-05  -4.963222770539e-05   1.302011394638e-05  -1.804303901869e+01   3.260681414141e-05  -2.124373517694e-05   5.570781979547e-06  -6.427404811383e+00   1.552072789851e-05  -5.915678002620e-06   1.550760213163e-06  -1.687065315789e+00   1.175577501731e-05   1.240466659504e-01   1.688395321173e-02   3.660410513692e-01   9.726561173603e-03   1.333980881242e-14   0.000000000000e+00   0.000000000000e+00   0.000000000000e+00   0.000000000000e+00   7.693255941298e-11   4.159619937599e-09   1.625131360245e-07   3.000635044685e-05   6.490648594194e-05   1.534300549326e-13   3.551816139274e-17  -7.595862431030e-11   8.757777866605e-13   2.027374413992e-16  -4.437100073027e-10   5.263518555181e-12   1.218473796536e-15  -2.797088164796e-09   1.581591076816e-10   3.646624428877e-14  -8.771242389345e-08   6.630622244388e-09   1.494272895109e-12  -4.553392265363e-06   4.694892731378e-07   8.858869443101e-11  -4.567719152918e-04   2.769282465438e-05   2.186464103312e-09  -4.841798463037e-02   1.383793030000e-04   8.191187763835e-08  -4.550649952591e-01   1.336823189781e-04   5.120588081673e-07  -9.899632000043e-01   6.653425724792e-16  -3.431761105729e-13  -9.072769755410e-13  -1.482439614893e-09   1.437061181815e-12   4.405303272061e-14  -2.355975358156e-11  -6.042108508418e-11  -1.020211052539e-07   9.542621595292e-11   4.289897226248e-12  -2.890759765460e-09  -6.146647560817e-09  -1.277022826796e-05   9.510616563793e-09   7.767920059579e-10  -7.831225504567e-07  -1.556743040011e-06  -4.934729168333e-03   2.363445040362e-06   1.036398064905e-07   3.541650759317e-04  -6.251191688361e-05  -8.206192941769e-01   2.051510209535e-04   3.575904586447e-02   2.613187062060e-02  -1.026947298122e-01   1.215516895052e-01   2.115625869474e-01   9.638394990608e-01  -1.016553938767e+00   1.196662827200e+00   1.932111487056e+00   2.983379877845e+00  -2.510372063455e+00   2.947011978723e+00   3.296539037392e+00   1.702583549281e+00  -9.425347934671e-01   1.105264886805e+00  -2.996608177339e-01  -6.248877707433e-01   1.233251521344e+00   7.924608413701e-01  -1.046965972255e+00  -1.020694509902e-01  -2.095936049654e-03  -1.533032895448e-03   6.009945538868e-03   1.561782224830e-02  -2.590638939576e-02  -5.626377841176e-02   5.931828128127e-02   1.533098282803e-01  -4.057643858148e-01  -1.736272090466e-01   1.460372073425e-01   3.764073975457e-01  -2.460976036008e+00  -9.894861280976e-02   5.474854866507e-02   1.409735413765e-01  -2.458998770787e+00  -8.011528374793e-02   4.500256780950e-01   9.604677752899e-02   1.737864471379e-01   8.808011912057e-02  -3.371716514316e-02  -2.464314096623e-02   9.683065506733e-02  -1.372133357099e-01   1.847826265197e-01  -9.082316419680e-01   9.580756685435e-01  -1.350245510507e+00   1.667536835359e+00  -2.809958282497e+00   2.364855965657e+00  -3.323693369571e+00   2.642598516082e+00  -1.603277971959e+00   8.877044347928e-01  -1.246273707458e+00  -5.453201845958e-01   7.053330404760e-01   1.282080982957e+00  -4.856033400621e-01  -9.091533304487e-01   2.466149884733e-01
  -1.396521422623e+01  -1.627221383899e+01   7.888736610797e-01   6.970414898281e-05   5.096274920548e-05  -2.980332519774e+01   1.261125712233e+00   1.541479738955e-04   8.917835331261e-05  -2.235678441875e+01   8.525339921089e-01   2.037522495829e-04   7.707849344368e-05  -1.171488135435e+01   3.039965204030e-01   9.295537533390e-05   3.063608758015e-05  -5.621127356010e-04   4.098154413402e-05   1.263458727381e-01  -1.572255434990e-04  -2.166735005628e-01  -6.081470702564e-03  -8.923579375559e-03  -1.315219430838e-02  -1.675501098155e-02  -2.421659589831e-02  -3.373953961720e-02  -7.126185641955e-02  -1.730763995845e-01  -1.811850674828e+00  -5.084359474133e+00  -2.846140809789e-03  -6.585791690439e-07  -1.289180025559e-07  -6.834813114119e-03  -1.581049397513e-06  -3.094376490899e-07  -1.395601919262e-02  -3.227051070789e-06  -6.314361436224e-07  -2.936015253155e-02  -6.784741576457e-06  -1.327061765338e-06  -8.652300996202e-02  -1.996599837730e-05  -3.901605119290e-06  -3.161723152213e-01  -7.275509462319e-05  -1.418718069857e-05  -1.827308592140e+00  -4.180778734548e-04  -8.104014428177e-05  -6.250322999249e+00  -1.426306038198e-03  -2.745459563133e-04  -1.089905164600e+01  -2.493373088086e-03  -4.785899378765e-04  -1.073460405111e-06  -5.188764955321e-11   1.340175086434e-03  -2.100372805597e-07  -2.321251074584e-03  -4.813742721377e-06  -2.443265434984e-10   6.014789117392e-03  -9.413843399765e-07  -1.041791904842e-02  -2.836500522753e-05  -1.634274373803e-09   3.550906747653e-02  -5.540038654399e-06  -6.150349926237e-02  -2.210114194841e-04  -1.817607827488e-08   2.778780160917e-01  -4.301300687620e-05  -4.812986834238e-01  -2.459156589703e-03  -4.187742539595e-07   3.111619121238e+00  -4.735309923561e-04  -5.389470825385e+00  -6.524645740161e-01  -6.357918284137e-01   3.964888129185e-01  -4.579401221883e-01  -8.969199885004e-01  -2.963941067078e+00   1.658617647524e+00  -1.892945734998e+00  -3.707545480660e+00  -8.025743122082e+00   5.207619434994e+00  -5.887304199712e+00  -1.153096590345e+01  -1.100158865246e+01   5.669050122861e+00  -6.362940200601e+00  -1.246248041265e+01   6.342434151841e-01  -1.418873769639e+00  -1.231830813194e+00   1.242237979396e+00   7.899433675944e-02  -6.548154969054e-01  -6.381141160691e-01   3.976941288559e-01   1.008484960010e+00   5.227200003240e-02  -2.972120617482e+00   1.662602563763e+00   4.166074815381e+00   2.159399050207e-01  -8.038317643210e+00   5.213826689416e+00   1.294135002516e+01   6.707940392842e-01  -1.100921813179e+01   5.670912892741e+00   1.397467486261e+01   7.243524430674e-01  -1.395847573000e+00  -1.814395144846e-01   1.168976106847e+00  -7.235137915043e-02   1.466329114594e+00  -6.528239011275e-01  -6.361468237950e-01   3.967625692909e-01  -5.486345721345e-01   8.449548823033e-01  -2.965176877667e+00   1.659592308947e+00  -2.267618752509e+00   3.492400363813e+00  -8.027627573781e+00   5.209712380395e+00  -7.051285181966e+00   1.085984130884e+01  -1.100272454279e+01   5.670592717924e+00  -7.619960679239e+00   1.173560539736e+01   7.599493149434e-01   1.600498329411e+00  -9.595053665637e-01  -1.170413720819e+00   2.361556054176e-01
   9.826388116526e-02   9.187723089088e-02  -1.817094067090e+01  -1.795339971574e-04  -4.963222770539e-05   1.261125712233e+00  -2.738583464947e+01  -5.518421190509e-04  -1.557612455219e-04   1.553573719297e+00  -1.782057237358e+01  -4.168152332328e-04  -1.230520467363e-04   1.009973629847e+00  -6.191867859048e+00  -1.465012454762e-04  -4.398231833160e-05   4.184635232338e-04   5.602988007237e-05  -1.093198213926e+00   8.018801432765e-05   1.894556119523e+00   3.408761069272e-02   4.995661126007e-02   7.333985220189e-02   9.288841716472e-02   1.319205424982e-01   1.790293402650e-01   3.455146942017e-01   7.226245951576e-01   3.849263721833e+00   5.242196765319e+00   1.485678849686e-02   3.672458142404e-06   7.188899082491e-07   3.538317307234e-02   8.748081686915e-06   1.712145210932e-06   7.113142983833e-02   1.759642371775e-05   3.443094950479e-06   1.450973106839e-01   3.594302096256e-05   7.030354718643e-06   3.936216223561e-01   9.792021528100e-05   1.913599589031e-05   1.212849441177e+00   3.048310930293e-04   5.945925543011e-05   4.663323541818e+00   1.212162700169e-03   2.353513967269e-04   8.810090676171e+00   2.482100401524e-03   4.796865421450e-04   5.604988297274e+00   2.071349422329e-03   3.969817645765e-04   5.522870912530e-06   2.854033545006e-10  -6.418169546223e-03   1.080619077381e-06   1.111659428176e-02   2.403436801489e-05   1.305628226277e-09  -2.789366094784e-02   4.700178245818e-06   4.831323102936e-02   1.293899711708e-04   7.974654256307e-09  -1.493979638104e-01   2.527232538850e-05   2.587648166194e-01   7.983269315180e-04   6.845964776746e-08  -9.060525999797e-01   1.554327028106e-04   1.569328564671e+00   4.394263527280e-03   7.689661566648e-07  -4.530707851221e+00   8.488920601489e-04   7.847403806474e+00  -7.621974297752e-01  -7.539844945906e-01  -1.640087213055e-01  -4.922301626703e-01  -9.640804226792e-01  -2.526808318662e+00  -1.004248401309e+00  -1.559722843759e+00  -3.054890423483e+00  -3.445227768858e+00  -5.016219166324e+00  -2.391617746291e+00  -4.684235362613e+00  -1.557360269456e+00  -7.140420301265e+00  -8.451667571512e-01  -1.655215347792e+00  -3.164900830938e-01  -1.297439522403e+00  -1.581167347009e+00  -6.198801929988e-01   8.599039617524e-01  -7.646622922853e-01  -7.564557945915e-01  -1.648602561486e-01   1.083588525987e+00   5.616476413752e-02  -2.532824908479e+00  -1.007915352931e+00   3.431276897775e+00   1.778525304443e-01  -3.449351827941e+00  -5.025356601513e+00   5.254849394962e+00   2.723669496114e-01  -1.557755846368e+00  -7.145877271484e+00   1.854877556119e+00   9.611759544948e-02   6.975661547701e-01  -1.658401007361e-01   6.125126769251e-01   3.615643469891e-02   2.130011306325e+00  -7.627598242357e-01  -7.545456569145e-01  -1.639357677606e-01  -5.898256972661e-01   9.083935705889e-01  -2.528347502733e+00  -1.004147705048e+00  -1.868790519121e+00   2.878155972283e+00  -3.446795036704e+00  -5.016504306839e+00  -2.865069769175e+00   4.412519504237e+00  -1.558011507676e+00  -7.140751170545e+00  -1.012423629497e+00   1.559088551566e+00  -3.788877571173e-01   1.463787314649e+00  -1.332591165773e+00   5.835301792412e-01   1.004143172273e+00
   8.667082754028e-06   8.101486639450e-06  -1.795339971574e-04  -1.804372535905e+01   1.302011394638e-05   1.541479738955e-04  -5.518421190509e-04  -2.692625672207e+01   4.030811748712e-05   3.712979694999e-04  -4.168152332328e-04  -1.725568282145e+01   2.965518830034e-05   3.088274751148e-04  -1.465012454762e-04  -5.930185079777e+00   9.900210090313e-06   7.847352121684e-01  -9.565401374530e-02   5.284262094532e-01   5.602988007237e-05   3.052137762269e-01   7.891082923019e-06   1.156466666421e-05   1.697778214964e-05   2.150327445045e-05   3.053983463811e-05   4.144826784750e-05   8.002752752448e-05   1.676344570078e-04   9.113202093934e-04   1.279942293539e-03   3.674061021139e-06  -1.014249494874e-03   1.663977530665e-10   8.754642967222e-06  -2.434434439004e-03   3.961258138232e-10   1.761709526065e-05  -4.967559168653e-03   7.953995783965e-10   3.601010940839e-05  -1.043945872012e-02   1.615527138176e-09   9.827675557148e-05  -3.068403257469e-02   4.259716445815e-09   3.072816633267e-04  -1.114273065033e-01   1.072968507741e-08   1.239830945845e-03  -6.293497827190e-01  -4.487257985127e-08   2.597673184903e-03  -2.080044537299e+00  -5.793471662895e-07   2.237882452581e-03  -3.586851081571e+00   5.608029740352e-07  -1.652331880534e-03  -7.483044170664e-08  -1.485704717579e-06   2.670906689347e-10   3.338292033669e-06  -7.404999832718e-03  -3.360078853422e-07  -6.452431917716e-06   1.157558647388e-09   1.461510444202e-05  -4.355893563923e-02  -2.019005474959e-06  -3.432161501788e-05   6.001700629507e-09   8.025484961499e-05  -3.371146255453e-01  -1.924062017071e-05  -1.881200528001e-04   2.236553033248e-08   5.336977765126e-04  -3.581977896347e+00  -9.479921363656e-04   3.274366098796e-03  -9.648850411085e-07   6.041895973003e-03   9.144684310250e-01   9.039655874722e-01  -5.134085318571e-01   3.196949333927e-03   1.160837140535e+00   3.087751890313e+00  -1.676548871488e+00  -4.465421889257e-01   3.744003278328e+00   4.558179740660e+00  -2.828000249233e+00  -3.840533935454e+00   6.235249235197e+00   2.774339731194e+00  -1.377350504143e+00  -6.147321601914e+00   3.008336937800e+00   7.561153169678e-02  -1.723389971164e-01   1.885981362349e+00  -1.383530282310e+00   8.072652839662e-01  -2.014220588012e+00  -1.991174653294e+00   1.130192390152e+00   2.273086688868e+00   1.484764906998e-01  -6.795286730369e+00   3.688167575922e+00   6.868248865336e+00   4.785572831376e-01  -1.001918555242e+01   6.213372238235e+00   8.322348765270e+00   7.960006455464e-01  -6.092474669655e+00   3.023051872998e+00  -2.860740268343e-01   3.836912099306e-01  -2.627645435792e+00  -3.410059033771e-01   1.719513409748e+00  -1.768396404268e-01   1.609708102530e+00   1.095614323739e+00   1.083038239146e+00  -6.151936621453e-01   2.604642892790e-01  -1.309483891785e+00   3.698899127121e+00  -2.008712680821e+00   3.829345575616e-01  -4.222990605656e+00   5.459368560297e+00  -3.387647353509e+00  -2.459966617465e+00  -7.031634400183e+00   3.322395326307e+00  -1.649678399685e+00  -5.481534915535e+00  -3.392090623174e+00  -2.309964153649e-01  -4.828238001414e-01   1.895793175295e+00   1.560878041120e+00   7.577559601119e-01
   6.345127359919e-06   5.932293982707e-06  -4.963222770539e-05   1.302011394638e-05  -1.804303901869e+01   8.917835331261e-05  -1.557612455219e-04   4.030811748712e-05  -2.692412500864e+01   1.404602313170e-04  -1.230520467363e-04   2.965518830034e-05  -1.725409753045e+01   1.017828774375e-04  -4.398231833160e-05   9.900210090313e-06  -5.929651747674e+00   5.602988007237e-05   6.104657301204e-01   8.303321018457e-02   7.858164824279e-01   4.786710087981e-02   1.545082237797e-06   2.264374062170e-06   3.324271304072e-06   4.210380380987e-06   5.979846676302e-06   8.116085828608e-06   1.567479337688e-05   3.287058432200e-05   1.826295712572e-04   2.710102805470e-04   7.193859215100e-07   1.664399238811e-10  -1.014250312269e-03   1.714178419725e-06   3.962990879661e-10  -2.434436384660e-03   3.449519292519e-06   7.959498012371e-10  -4.967563072068e-03   7.051329340852e-06   1.617341736378e-09  -1.043946661675e-02   1.924931687360e-05   4.269788762374e-09  -3.068405269644e-02   6.026628416714e-05   1.080543101515e-08  -1.114273364802e-01   2.453673708843e-04  -4.380805327745e-08  -6.293478586227e-01   5.288223083075e-04  -5.732110674617e-07  -2.080006187693e+00   4.835140623254e-04   5.732862867470e-07  -3.586666769096e+00   2.672820123536e-10  -3.817167105496e-07  -4.204520946820e-07  -1.652333192003e-03   5.788253445657e-07   1.159053611415e-09  -1.702654407080e-06  -1.843661935785e-06  -7.405005495242e-03   2.526610773708e-06   6.019693522098e-09  -9.692503672677e-06  -1.013822289044e-05  -4.355896369976e-02   1.374514340601e-05   2.270472268012e-08  -5.097308123306e-05  -6.404915324524e-05  -3.371145840277e-01   8.907091299485e-05  -9.545318290561e-07   4.226243523233e-03   1.887172414176e-04  -3.581928374047e+00   9.406281919365e-04   1.791034666183e+00   1.770465031639e+00  -1.005535401871e+00   1.160808377022e+00   1.684064327979e+00   6.047460392584e+00  -3.283566165055e+00   3.743842275927e+00   4.974629619655e+00   8.927001583603e+00  -5.538466984162e+00   6.234713414703e+00   5.187505232081e+00   5.433026020735e+00  -2.697134145644e+00   3.007867279189e+00  -1.791625872151e+00  -1.383474155149e+00   2.197804293567e+00   6.610513893716e-01  -1.927699380811e+00  -1.698323191642e-01  -1.043975167683e-01  -1.032031140500e-01   5.857787737057e-02   1.484702326571e-01  -5.837780293712e-01  -3.521947128657e-01   1.911536290864e-01   4.785214498172e-01  -2.339638914090e+00  -5.192485162109e-01   3.219979346765e-01   7.958703266836e-01  -6.993149615666e+00  -3.156883692102e-01   1.566138099759e-01   3.835580758217e-01  -7.668034919059e+00  -1.768260154616e-01   1.944998173579e+00   2.657955176927e-01   7.748891379719e-01   1.854285354069e-01  -1.687320359128e+00  -1.667953087247e+00   9.474375783080e-01  -1.309448875101e+00   1.426897122726e+00  -5.696489546331e+00   3.093508566433e+00  -4.222793793749e+00   4.144541814365e+00  -8.407347182091e+00   5.216860751748e+00  -7.030968313967e+00   3.803083795602e+00  -5.116001402238e+00   2.540084742512e+00  -3.391487843323e+00  -2.460301443229e+00   1.560808283871e+00   2.212790513744e+00  -6.280123350961e-02  -1.621353286640e+00   4.823551848581e-01
  -6.416055214342e+00  -7.339963542691e+00   5.032870709903e-01   4.497066983843e-05   3.260681414141e-05  -2.235678441875e+01   1.553573719297e+00   3.712979694999e-04   1.404602313170e-04  -2.669398071815e+01   2.774955359391e+00   1.293010047576e-03   3.310384509669e-04  -1.954933851972e+01   1.842915430029e+00   8.927839574367e-04   2.118049928213e-04  -6.856758668134e-04   4.991629626573e-05   2.050635330880e-01  -1.977640654874e-04  -3.525290449159e-01  -6.001006393595e-01  -8.739894379962e-01  -1.257802859122e+00  -1.547737733103e+00  -2.020664457233e+00  -2.434077138408e+00  -3.269318219942e+00  -4.198537184457e+00  -7.709934349248e+00  -1.128396663260e+01  -8.242817437355e-02  -1.905419040470e-05  -3.727715613632e-06  -1.901208910963e-01  -4.390480994118e-05  -8.584445411294e-06  -3.602290393516e-01  -8.308543286406e-05  -1.623342973499e-05  -6.568296210821e-01  -1.512355038317e-04  -2.951861272083e-05  -1.360350916655e+00  -3.122136897926e-04  -6.081857199347e-05  -2.711124523018e+00  -6.190823415210e-04  -1.201973725953e-04  -6.014268843632e+00  -1.358582254647e-03  -2.616395296417e-04  -1.099351562277e+01  -2.445308198803e-03  -4.642745791790e-04  -1.592775144512e+01  -3.463519886963e-03  -6.488540495907e-04  -8.870784308687e-06  -6.914869144884e-10   1.111362740259e-02  -1.731824004244e-06  -1.924936297202e-02  -3.524197606955e-05  -3.531568660495e-09   4.428727490498e-02  -6.866770833643e-06  -7.670778639391e-02  -1.487006150610e-04  -2.164160492355e-08   1.879266238730e-01  -2.886472930387e-05  -3.254982994140e-01  -5.933410629052e-04  -1.464137123494e-07   7.573921841733e-01  -1.143295933003e-04  -1.311840469306e+00  -2.661008296060e-03  -1.736648042225e-06   3.475233327126e+00  -5.012828657377e-04  -6.019257235942e+00  -2.039881216009e+00  -2.029973076254e+00   4.180947355418e-01  -4.508682832243e-01  -8.831060593793e-01  -6.258047671305e+00   1.544855304391e+00  -1.623917526058e+00  -3.180788039553e+00  -1.193281169924e+01   4.795515619867e+00  -4.905195543626e+00  -9.608050460001e+00  -1.645941623095e+01   7.304232506097e+00  -7.124841343981e+00  -1.395595160807e+01   2.665541208578e-01  -5.517500822845e-01  -4.607134210671e-01   5.221076136629e-01  -1.069709298998e-03  -2.042231731915e+00  -2.032322386719e+00   4.184701235390e-01   9.908283854812e-01   5.136043784203e-02  -6.264803963034e+00   1.546167870999e+00   3.568632114033e+00   1.849887268837e-01  -1.194271293600e+01   4.798133179497e+00   1.077625556142e+01   5.586338069365e-01  -1.646723397869e+01   7.305464083439e+00   1.564683561402e+01   8.111433601074e-01  -5.857550292054e-01  -7.045976269010e-02   4.722670337680e-01  -3.036538639906e-02   5.375687656431e-01  -2.040233907400e+00  -2.030325417101e+00   4.182351871461e-01  -5.399846567283e-01   8.316705886496e-01  -6.259030210573e+00   1.545348258058e+00  -1.944879601629e+00   2.995510611027e+00  -1.193421746014e+01   4.796789569416e+00  -5.874423562650e+00   9.047997121708e+00  -1.646048804946e+01   7.305714133093e+00  -8.532185301402e+00   1.314175942555e+01   3.192994598999e-01   6.222389140274e-01  -3.547332372572e-01  -4.917925392460e-01   6.001862846610e-02
   3.130002467922e-02   2.399537864051e-02  -6.482436677300e+00  -7.676363714693e-05  -2.124373517694e-05   8.525339921089e-01  -1.782057237358e+01  -4.168152332328e-04  -1.230520467363e-04   2.774955359391e+00  -2.615551750403e+01  -7.081879870846e-04  -2.036603627820e-04   3.359902434013e+00  -1.626647608879e+01  -5.183611787457e-04  -1.348725235363e-04   5.156891465316e-04   5.053038962107e-05  -9.855382253401e-01   8.787605543375e-05   1.707876379732e+00   1.846567800916e+00   2.688356209951e+00   3.864378437504e+00   4.746938812785e+00   6.165646263907e+00   7.371143368479e+00   9.649879100437e+00   1.185635958296e+01   1.675443221971e+01   1.605063365289e+01   1.998037837669e-01   5.854048272988e-05   1.145272119347e-05   4.596693518473e-01   1.345714808225e-04   2.631200530532e-05   8.665328453783e-01   2.535374862285e-04   4.953715779650e-05   1.563606702846e+00   4.574598455542e-04   8.929105283863e-05   3.145032455040e+00   9.219937050968e-04   1.796258920007e-04   5.871326218496e+00   1.734839206273e-03   3.370019537276e-04   1.080649239268e+01   3.293277807674e-03   6.359485122145e-04   1.380390318739e+01   4.568546711213e-03   8.761565685901e-04   8.624032963342e+00   3.964549629709e-03   7.537611147006e-04   2.141590226755e-05   2.112915525026e-09  -1.967528334622e-02   4.179985855670e-06   3.407857713557e-02   8.424809879924e-05   1.065438097486e-08  -7.752991682342e-02   1.640935596221e-05   1.342856831197e-01   3.442150504871e-04   6.242015829520e-08  -3.160709569030e-01   6.678339074894e-05   5.474504930327e-01   1.249064725208e-03   3.662671698727e-07  -1.124187017452e+00   2.406643412988e-04   1.947145889054e+00   3.813768050610e-03   2.364629716951e-06  -2.941859921106e+00   7.240049893831e-04   5.095423810522e+00  -1.362292714141e+00  -1.362363266251e+00  -7.065880183938e-01  -2.907521250961e-01  -5.694897636415e-01  -3.678887469603e+00  -2.484456521373e+00  -9.242469446717e-01  -1.810331842637e+00  -4.840225720057e+00  -8.029484896251e+00  -1.834568717501e+00  -3.593435656434e+00  -2.661561013762e+00  -1.403615169392e+01  -9.800222066895e-01  -1.919415459643e+00  -3.721154637465e-01  -3.238833987096e-01  -5.628492153039e-01  -7.288653707515e-01   5.058309735039e-01  -1.363351306011e+00  -1.363429743084e+00  -7.075719861320e-01   6.387102910250e-01   3.310803474475e-02  -3.681408879621e+00  -2.487672213251e+00   2.030193739211e+00   1.052391401231e-01  -4.842147765618e+00  -8.037203202521e+00   4.028364539720e+00   2.088159170653e-01  -2.661261126552e+00  -1.404359202465e+01   2.150223245034e+00   1.114232061839e-01   8.179218827232e-01  -4.134051292532e-02  -1.556400677411e-02   4.239814777936e-02   8.223022314369e-01  -1.362781563438e+00  -1.362852847410e+00  -7.066113779297e-01  -3.482853956699e-01   5.364199991453e-01  -3.680160937080e+00  -2.484524817569e+00  -1.107126321437e+00   1.705196271827e+00  -4.841816139869e+00  -8.029688422665e+00  -2.197525168807e+00   3.384664053405e+00  -2.662634858350e+00  -1.403642388149e+01  -1.174013186684e+00   1.808009065081e+00  -4.455934388536e-01   3.653249677157e-01  -5.007662937070e-01   6.863014906430e-01   5.418570608579e-01
   2.764758560250e-06   2.115233596293e-06  -7.676363714693e-05  -6.427698506033e+00   5.570781979547e-06   2.037522495829e-04  -4.168152332328e-04  -1.725568282145e+01   2.965518830034e-05   1.293010047576e-03  -7.081879870846e-04  -2.347461516362e+01   2.725421319694e-05   1.627674793299e-03  -5.183611787457e-04  -1.387101072467e+01   9.649705116743e-06   5.558737922838e-01  -9.186434143233e-02   5.074896768008e-01   5.053038962107e-05   2.930383354576e-01   4.274696684272e-04   6.223389184903e-04   8.945828530090e-04   1.098896016911e-03   1.427354440453e-03   1.706519489380e-03   2.234742311773e-03   2.748059811681e-03   3.933021908180e-03   3.958029107752e-03   5.862496489344e-05  -5.344148996016e-02   2.650121044578e-09   1.349009890249e-04  -1.230639426240e-01   6.079686779981e-09   2.544776560381e-04  -2.327044133891e-01   1.139253461555e-08   4.599733935562e-04  -4.231052317784e-01   2.023157164105e-08   9.303020675262e-04  -8.715055708910e-01   3.784537864855e-08   1.761082583649e-03  -1.720999030296e+00   4.888911759329e-08   3.396950275611e-03  -3.730311778351e+00  -1.925681260560e-07   4.875159727047e-03  -6.557592646692e+00  -2.034337371737e-06   4.652896329219e-03  -9.152436690384e+00  -3.933272923186e-06  -2.481575253620e-02  -1.121574737404e-06  -4.550398834340e-06   1.218619424670e-09   1.936822915568e-05  -9.835523389439e-02  -4.470370207110e-06  -1.773668955915e-05   4.677779536147e-09   7.666892193009e-05  -4.130108190487e-01  -1.968970530230e-05  -6.683191448323e-05   1.638012723626e-08   3.212053890149e-04  -1.630159579865e+00  -1.028760962789e-04  -9.452050643661e-05  -2.885175586736e-09   1.301261559361e-03  -6.991611252783e+00  -2.000037760539e-03   8.636614067735e-03  -2.622984537032e-06   9.864423994793e-03   1.634288224854e+00   1.633353410801e+00  -3.248268628644e-01  -6.246736995089e-01   6.858143901620e-01   4.487523629764e+00  -1.078791675117e+00  -2.211392360156e+00   2.217743021668e+00   6.363487722277e+00  -2.406786489362e+00  -7.141434942466e+00   4.791779611869e+00   5.079605086675e+00  -2.087624993753e+00  -1.190068721310e+01   4.018722725735e+00   3.090955492304e-01  -6.381070186402e-01   6.333062943113e-01  -3.741232857134e-01   5.291187651679e-01  -3.590890901686e+00  -3.588858322702e+00   7.135260244499e-01   7.127933417288e-01   8.753662119248e-02  -9.859112497489e+00   2.369478344682e+00   2.113168843467e+00   2.830503135696e-01  -1.397622859459e+01   5.284249081321e+00   2.197920081654e+00   6.113456696220e-01  -1.115051360604e+01   4.580461221697e+00  -4.073848153191e+00   5.124204767852e-01  -4.205503189310e-01  -5.052880104143e-02   7.368504993133e-02  -4.774841083768e-02  -3.173424147134e-01   1.957280857493e+00   1.956162764950e+00  -3.890867866173e-01  -4.728403153663e-01  -7.733812463543e-01   5.374313877357e+00  -1.292176635121e+00  -1.720417168984e+00  -2.500877569825e+00   7.620642330148e+00  -2.882669537843e+00  -6.080775501795e+00  -5.403238444348e+00   6.082691437856e+00  -2.500181051659e+00  -1.101135300808e+01  -4.531179230472e+00   2.262942689161e-01   4.396768932922e-01   6.676318532395e-01   4.219672635843e-01   5.813795016780e-01
