ARMA_MAT_TXT_FN008
150 150
   3.281541954406e-01   2.804455051515e-01   2.441098722067e-03  -3.421193732834e-06  -7.762547448364e-07  -4.759260986295e-02   3.599080368960e-03  -2.107293291155e-06  -5.300283470766e-07  -3.249631165601e-02   6.384858376468e-03   9.440082690510e-07  -1.555001543278e-07  -6.413059768282e-04   8.982438951859e-04  -1.107875482450e-06  -3.190677932638e-07  -1.324886000859e-06   1.532725953068e-07  -1.780131853180e-05  -4.019819611840e-07   3.747093338706e-05  -3.241664383039e-05  -7.644443976201e-05   1.718612577840e-04   3.606836425169e-04  -6.280087499989e-04  -4.738627497725e-04  -7.453394083641e-05   2.418822888734e-03  -2.140249131283e-03   4.683843621676e-03   1.651952886925e-03   2.303597383375e-07   6.292182030279e-08   1.759780371433e-04   2.466328489004e-08   6.482042228123e-09  -3.819743450784e-03  -5.334383187220e-07  -1.446037527827e-07  -2.457908581196e-03  -3.416675304595e-07  -9.586596542327e-08   7.195281689530e-03   9.871777256715e-07   2.773998369045e-07   8.585436101544e-03   1.206341874957e-06   3.123949226692e-07  -8.694886580594e-03  -1.077284598881e-06  -2.554447348292e-07  -1.549216529679e-02  -2.233355110655e-06  -6.834111605087e-07  -3.276268437498e-03   1.035641257052e-06   2.977314049911e-07  -3.471606415404e-07   1.705294226101e-09   3.999634820885e-04  -8.066295413675e-08  -6.927794364135e-04  -1.182141921821e-07   6.162897305852e-10   1.298231164352e-04  -2.678735888409e-08  -2.248622479566e-04   8.236977503775e-07  -4.199283914211e-09  -9.778871023348e-04   1.907587540974e-07   1.693812735082e-03   5.890151170475e-07  -2.644329986349e-09  -7.239045653376e-04   1.444968914531e-07   1.253925834294e-03  -1.665817063018e-06   7.595711874894e-09   2.198406681790e-03  -4.151084292320e-07  -3.808027454420e-03   5.414104892297e-04   8.574573766214e-04   2.887554363827e-03  -4.002844794762e-03  -7.840179031738e-03  -1.823066437716e-03   4.669091742085e-03  -6.388876607195e-03  -1.251340797663e-02   2.655078795658e-03   2.259330427922e-03  -3.858817078367e-03  -7.557203221525e-03   5.421572933235e-03  -2.495450530962e-03   7.613116073653e-04   1.490548846822e-03   3.359325606040e-04  -6.885109045452e-04  -5.700264208476e-04   6.578729698620e-04  -9.418917102677e-06   5.446305675731e-04   8.628038995057e-04   2.892026589251e-03   8.803505777826e-03   4.563126912223e-04  -1.838742688395e-03   4.676130586788e-03   1.405049041466e-02   7.282620247897e-04   2.660707343759e-03   2.259082209648e-03   8.478414692665e-03   4.394165478850e-04   5.426914235214e-03  -2.497466948365e-03  -1.670681953996e-03  -8.642724481499e-05  -7.389314502564e-04  -8.798627618097e-05   5.946213229523e-04  -3.828849484426e-05   6.635157311511e-04   5.419236891431e-04   8.583108346021e-04   2.889228565818e-03  -4.794712064609e-03   7.384558333217e-03  -1.825581282860e-03   4.671738011426e-03  -7.652709010244e-03   1.178611179608e-02   2.655925632217e-03   2.260338157649e-03  -4.621524962256e-03   7.117009735079e-03   5.422183413717e-03  -2.495792998126e-03   9.115830688472e-04  -1.403163649793e-03   4.024866720550e-04   7.765926708283e-04  -4.378367797011e-04  -6.197801649724e-04   6.684140791035e-05
   2.804455051515e-01   2.472917849696e-01   3.301548568933e-03  -6.010068845314e-06  -1.327271529700e-06  -8.264573792182e-02   5.944146691519e-03  -2.428429918527e-06  -6.543969734262e-07  -5.490063999840e-02   1.042885774985e-02   1.154524847983e-06  -3.672738020063e-07  -9.889237775345e-04   1.480305410118e-03  -2.026065567876e-06  -5.726946125310e-07  -2.269627062174e-06   2.612758178441e-07  -4.392238636456e-05  -6.882083423267e-07   8.747627769474e-05  -4.615543454563e-05  -1.089126834680e-04   2.445407814025e-04   5.365450189285e-04  -9.663945550952e-04  -5.674016186881e-04  -4.360715547671e-04   3.796697186685e-03  -3.081901205004e-03   7.930482902561e-03   2.794967350995e-03   4.120302866430e-07   1.127411727376e-07   2.986141361025e-04   4.514797038598e-08   1.181975615433e-08  -6.455789375478e-03  -9.437218446807e-07  -2.569034283571e-07  -4.152510344321e-03  -6.038526891670e-07  -1.703072728790e-07   1.212122903198e-02   1.704810633416e-06   4.845309693557e-07   1.448320396935e-02   2.101399576777e-06   5.483211239103e-07  -1.460011344584e-02  -1.889604333991e-06  -4.533635121585e-07  -2.616957867341e-02  -3.803512206336e-06  -1.180096487556e-06  -5.482922261415e-03   1.717553364742e-06   4.844273583835e-07  -5.504516781827e-07   2.413829116860e-09   7.098026791850e-04  -1.289180193872e-07  -1.229496391024e-03  -1.633231184745e-07   7.771761682610e-10   2.292083988616e-04  -3.817001946686e-08  -3.970362094398e-04   1.466090361931e-06  -6.356277738678e-09  -1.735778481982e-03   3.347746212387e-07   3.006555824068e-03   1.045267120187e-06  -4.151344742574e-09  -1.309257236934e-03   2.530322800032e-07   2.267851553849e-03  -2.732525554723e-06   1.340336715429e-08   3.739166491911e-03  -6.869610543277e-07  -6.476917473144e-03   7.761499311816e-04   1.226381508388e-03   5.050742264812e-03  -6.982023057353e-03  -1.367510512342e-02  -2.386459260322e-03   8.200744609161e-03  -1.119436393292e-02  -2.192515016180e-02   5.098275155377e-03   4.005715760260e-03  -6.745193560752e-03  -1.320958260302e-02   9.217867876691e-03  -4.158282304914e-03   1.297254046593e-03   2.539696310201e-03   5.993488535936e-04  -1.252253004492e-03  -1.045097161291e-03   1.173712588047e-03  -2.675264403814e-06   7.811979141648e-04   1.234796206889e-03   5.058272444801e-03   1.535427954080e-02   7.958365218443e-04  -2.411214842548e-03   8.212615578652e-03   2.461651939559e-02   1.275880441410e-03   5.110281593777e-03   4.004943879928e-03   1.481816987971e-02   7.679584936265e-04   9.226992234924e-03  -4.161665304851e-03  -2.846619559606e-03  -1.472484523126e-04  -1.318247644826e-03  -1.600164548581e-04   1.073046485563e-03  -6.830507968370e-05   1.221172086622e-03   7.769557770813e-04   1.227726919294e-03   5.053623404566e-03  -8.363140569852e-03   1.288021213320e-02  -2.390438165392e-03   8.205313577739e-03  -1.340863003745e-02   2.065053179752e-02   5.100108277413e-03   4.007425713146e-03  -8.078235718978e-03   1.243986912965e-02   9.218943787040e-03  -4.158862923092e-03   1.553311902515e-03  -2.390797571598e-03   7.180864629970e-04   1.412439598307e-03  -8.046682969722e-04  -1.105745082565e-03   1.360289719240e-04
   2.441098722067e-03   3.301548568933e-03   3.191124260817e-02   1.146182614415e-05   1.985535330994e-06  -4.105949177254e-03   5.829097590814e-02   1.182451616055e-05   2.053272822337e-06  -5.806411707364e-02   2.797460214798e-02  -6.441936365676e-07  -3.751034048765e-07  -2.122302519474e-03   8.245091642053e-04  -2.867269955933e-07  -2.388344938315e-07   4.218355678502e-06  -5.672591078452e-07   3.491393277018e-03   1.479664335515e-06  -6.057107065232e-03  -1.711460388095e-04  -4.091882948935e-04   9.688538343093e-04   1.806807063703e-03  -2.839288552005e-03  -4.171308556938e-03   3.537310715194e-03   9.961913181563e-03  -1.413517990206e-02   1.583595398997e-02   6.135076550718e-03   1.340142568737e-06   3.070772719288e-07   6.396819751556e-04   1.373124290533e-07   3.136983042295e-08  -1.409436327800e-02  -3.069930780476e-06  -7.026180469204e-07  -9.260803368449e-03  -2.047100312448e-06  -4.703036421379e-07   2.703644457589e-02   5.950185159317e-06   1.363972122777e-06   3.131033097485e-02   6.653476229088e-06   1.512448819960e-06  -3.410219307872e-02  -6.456287315424e-06  -1.402194436723e-06  -5.534898841237e-02  -1.364153231724e-05  -3.294443660932e-06  -1.546002116924e-02  -5.377642523923e-07   1.760781309833e-07  -1.540578022362e-06   3.729190568001e-09   1.418673197597e-03  -3.554875375619e-07  -2.457236820588e-03  -5.321582349352e-07  -7.388811144803e-13   5.040712912839e-04  -1.197753610329e-07  -8.730736854071e-04   3.561474267387e-06  -1.831348673590e-08  -3.367660166889e-03   8.377939411862e-07   5.833138287465e-03   2.660689671559e-06  -1.025260612509e-08  -2.177331948163e-03   6.296717125988e-07   3.771276254727e-03  -6.868848438512e-06   1.813645990580e-08   5.379062870793e-03  -1.658984324984e-06  -9.316820143825e-03  -1.555417211507e-03  -2.614951346436e-03  -1.844572461766e-03   5.895971924126e-03   1.155041304332e-02   7.429648537533e-03  -2.702861180300e-03   9.226133989443e-03   1.807394619884e-02   7.741894513131e-03  -5.502426265768e-03   7.221875600840e-03   1.414798459547e-02   4.793446317917e-03  -5.885339626186e-03   9.048780262759e-04   1.771158129171e-03   9.501207826290e-05   9.534012585631e-04   1.130047815977e-03   1.861526944818e-04  -5.769970662560e-04  -1.559225332745e-03  -2.621389117306e-03  -1.832889723414e-03  -1.297237379011e-02  -6.726488155951e-04   7.448871016090e-03  -2.684765440934e-03  -2.029824434153e-02  -1.052472257741e-03   7.741830746005e-03  -5.487425988203e-03  -1.587191119195e-02  -8.230137446272e-04   4.798660526709e-03  -5.891344147034e-03  -1.986245927326e-03  -1.025983801097e-04  -2.093704429805e-04   1.219959546942e-04  -4.827023274924e-04  -1.084640235747e-05  -1.511209107551e-03  -1.556156210992e-03  -2.616191934940e-03  -1.844602845750e-03   7.064022166278e-03  -1.088197297337e-02   7.433246559963e-03  -2.702914508828e-03   1.105382041762e-02  -1.702778748132e-02   7.741103394418e-03  -5.501947420794e-03   8.650556682968e-03  -1.332609358207e-02   4.792268308936e-03  -5.885983760775e-03   1.083285559344e-03  -1.666779606911e-03   1.136277465557e-04  -1.075775750614e-03   9.474684159266e-04  -1.750402239084e-04  -6.829749447208e-04
  -3.421193732834e-06  -6.010068845314e-06   1.146182614415e-05   2.510415130552e-02  -5.208196864198e-07   2.613244870936e-05   1.561098123532e-05   4.730888727620e-02  -7.608335801987e-07  -4.734905921764e-05   9.927654680153e-07   1.415487203095e-02   2.653026117309e-07  -2.329992348680e-06   9.454398598513e-07  -2.727849985736e-04   2.212809547147e-08   7.251595890919e-03   1.356331557235e-03  -7.486591028985e-03  -6.698150370504e-07  -4.327760882213e-03  -1.903572722466e-08  -4.577669321729e-08   1.102733031750e-07   1.988119344740e-07  -2.969970209227e-07  -4.653225107012e-07   2.977744563418e-07   8.193235983814e-07  -1.053994279542e-06   7.351782191431e-06   1.586713023434e-06  -4.386197982388e-04  -5.387530129725e-09   1.668856686445e-07  -4.581719930326e-05  -6.005313155562e-10  -3.626059378363e-06   1.012719815276e-03   1.263108836033e-08  -2.384353379875e-06   6.600958263283e-04   7.687427601640e-09   6.856757059047e-06  -1.946970127350e-03  -2.260938550084e-08   7.987312810362e-06  -2.239343448650e-03  -3.224571798592e-08  -8.947694210138e-06   2.396046927106e-03   4.558497164127e-08  -1.140880019608e-05   4.080500694516e-03   3.804284454540e-08  -2.347109557069e-06   1.483214469193e-03  -3.445718441478e-10   3.705387541906e-04   4.249607528758e-06  -2.286078196602e-05   1.272660956589e-08  -1.455026001738e-05   1.347590191166e-04   3.258567067150e-06  -1.777675047627e-05   5.485236817845e-09  -1.074427597723e-05  -8.131578565590e-04   9.261863958328e-07  -6.518775886846e-06  -2.957689351361e-08  -5.979510044080e-07  -6.319361029066e-04   8.445748692633e-07  -5.615348060993e-06  -1.129091135028e-08  -1.114039840996e-06   1.229446023511e-03   8.222674498068e-06  -4.383739651618e-05   3.219955972040e-09  -2.871994678701e-05   1.170452628170e-03   1.941210894365e-03   6.077012811572e-03  -2.143710705455e-03  -1.371209413071e-02  -5.403232982272e-03   9.359491922684e-03  -3.022897916152e-03  -2.115888374773e-02   1.493520395533e-03   6.129886898540e-03  -3.027701900037e-03  -1.322261694437e-02   5.372538287505e-03  -3.564835171261e-04  -2.604482491296e-04   6.446550631734e-04   8.853819028551e-05  -2.111746300094e-04  -1.021897141035e-03   8.096208871936e-04  -3.091343818936e-04  -2.580443875203e-03  -4.279884639542e-03  -1.337065401858e-02  -2.893169205549e-02  -1.752435335409e-03   1.191472197688e-02  -2.059096067551e-02  -4.435418385836e-02  -2.703905366158e-03  -3.278540278834e-03  -1.347858242056e-02  -2.883594104979e-02  -1.688880093482e-03  -1.178318183529e-02   7.755744160567e-04   9.878051029817e-04   8.200860863002e-05   1.672013446637e-03   2.191492113288e-04  -1.207854170341e-03   1.035606851464e-04  -1.314938613256e-03   1.402461357546e-03   2.326014247245e-03   7.281022896552e-03  -5.181295018728e-03   1.546616672211e-02  -6.474464703386e-03   1.121372299282e-02  -7.709893774457e-03   2.386522374199e-02   1.789044112580e-03   7.343434793449e-03  -5.955105601928e-03   1.491248087614e-02   6.432626539090e-03  -4.264476448238e-04  -1.184464077621e-04  -7.267095161730e-04   2.680638663647e-04   5.788307998887e-04  -1.010330411912e-03  -9.135328495067e-04  -2.471212444152e-04
  -7.762547448364e-07  -1.327271529700e-06   1.985535330994e-06  -5.208196864198e-07   2.507777198977e-02   5.392229132992e-06   2.746651555432e-06  -7.597899272086e-07   4.726941770051e-02  -6.804242065211e-06  -5.607986863155e-07   2.615067005848e-07   1.416814169908e-02  -3.531182978756e-07   1.225428969719e-07   2.220661526011e-08  -2.706928248831e-04  -6.698554464018e-07  -8.637593417368e-03  -1.173722554703e-03   7.242011991158e-03  -6.775370583543e-04   2.599839574831e-09   6.090081573657e-09  -1.348453175879e-08  -2.782382982277e-08   4.898845151963e-08   5.203238487119e-08  -5.335718518910e-08  -2.376493573687e-07   3.313195890653e-07   8.683027513713e-07   5.234639013871e-08  -5.427482766580e-09  -4.396462982153e-04   6.185414976546e-09  -6.038112396824e-10  -4.591644930288e-05  -1.157571495156e-07   1.271983934921e-08   1.015060710268e-03  -7.288106691106e-08   7.756304225791e-09   6.617160948359e-04   1.809151602749e-07  -2.280831917754e-08  -1.951778382209e-03   2.558260363924e-07  -3.239785858138e-08  -2.244179769465e-03  -3.717162735306e-07   4.560312176698e-08   2.400945081748e-03   3.580915846763e-07   3.886055391638e-08   4.092092426857e-03   3.288270797250e-07  -7.736927169896e-10   1.487182829731e-03   1.278197571657e-08  -2.689465409113e-05  -3.572589514910e-06   3.706554320017e-04  -2.245179630187e-06   5.503369371966e-09  -2.070239773559e-05  -2.782340853621e-06   1.347541855027e-04  -1.674738986843e-06  -2.971078557178e-08  -6.356820559890e-06  -1.045729396195e-06  -8.136547572179e-04  -1.958263473070e-07  -1.139326513266e-08  -5.706148388447e-06  -8.999799375081e-07  -6.323944461381e-04  -2.428893764101e-07   3.604126337856e-09  -5.184639097536e-05  -6.972448167771e-06   1.230681540188e-03  -4.161224408883e-06   2.293871300283e-03   3.804488643642e-03   1.191052731141e-02  -1.371683976544e-02  -2.200346745971e-02  -1.058991114807e-02   1.834389374895e-02  -2.116672231098e-02  -3.366896700399e-02   2.909149673840e-03   1.201807600308e-02  -1.323007338675e-02  -2.218446404822e-02   1.052115551205e-02  -6.946913837837e-04   6.428913453094e-04   6.699668448931e-04   8.096764480584e-04  -1.453897652482e-03  -7.576132246180e-04   1.260885498964e-03   1.130136988869e-04  -1.338358391265e-04  -2.219815181993e-04  -6.936889325346e-04  -1.753334818618e-03   4.795534813909e-03   6.179898527748e-04  -1.068268662174e-03  -2.705356765857e-03   7.685256949716e-03  -1.690892745647e-04  -6.995136615926e-04  -1.690139852302e-03   3.668725397205e-03  -6.110227422405e-04   4.021720689587e-05   8.179758465443e-05  -5.896757029414e-04   1.035852525031e-04  -7.950012270438e-04  -1.351911518023e-04  -3.208559614466e-04  -1.100678197550e-04  -2.161287130993e-03  -3.584610777084e-03  -1.122152102068e-02   1.547181161846e-02  -1.896183490330e-02   9.978108918141e-03  -1.728251019366e-02   2.387451367964e-02  -2.897480082959e-02  -2.740361053141e-03  -1.132139670303e-02   1.492119671692e-02  -1.924753173788e-02  -9.906203415800e-03   6.538728426576e-04  -7.247390641470e-04   5.262706610878e-04  -9.136130547628e-04  -1.494520661733e-03   3.839532465455e-04   1.081832624021e-03  -2.963842667295e-04
  -4.759260986295e-02  -8.264573792182e-02  -4.105949177254e-03   2.613244870936e-05   5.392229132992e-06   2.385559492003e-01  -1.087250106394e-02   1.940452245005e-05   4.139209253575e-06   1.497875233498e-01  -2.569162292121e-02   2.169317454915e-06   2.146713121610e-06   2.099161210143e-03  -4.310817781050e-03   5.672911867777e-06   1.630255903184e-06   8.724834119244e-06  -8.520447237347e-07   6.760171760318e-04   2.446351260660e-06  -1.209696708635e-03   3.342835561479e-05   7.802465935182e-05  -1.599887443898e-04  -6.024866342857e-04   1.421625234683e-03  -9.125977851932e-04   4.072555910867e-03  -6.759909172731e-03   3.122535259739e-03  -2.230026462119e-02  -7.001268033695e-03  -1.226357002063e-06  -3.487873675870e-07  -7.449583984320e-04  -1.365978830915e-07  -3.674936390926e-08   1.630605766522e-02   2.798486862459e-06   7.954771318651e-07   1.041250982578e-02   1.779468639376e-06   5.250637132610e-07  -3.087691488829e-02  -4.977411237545e-06  -1.499300860400e-06  -3.712691938503e-02  -6.212077787230e-06  -1.704730910872e-06   3.738946314367e-02   5.787707981459e-06   1.495081907090e-06   6.757396478947e-02   1.071970660108e-05   3.546609373578e-06   1.351013707707e-02  -4.186681138444e-06  -1.046652585763e-06   1.357254061942e-06  -3.532156276048e-09  -2.339324591955e-03   2.651764499457e-07   4.052164646421e-03   3.010332744712e-07  -6.367822872398e-09  -8.918918935398e-04   5.357913424629e-08   1.544979803827e-03  -4.291189805063e-06  -2.109467628280e-08   4.832458966887e-03  -8.549547582091e-07  -8.370308841879e-03  -3.035816548987e-06  -2.228239093499e-08   3.798185220078e-03  -6.190369860638e-07  -6.579094270044e-03   7.000229891450e-06  -3.725935460460e-08  -1.000844750761e-02   1.777990827983e-06   1.733660091614e-02  -1.362929144468e-03  -2.068519424222e-03  -1.628041801605e-02   2.085184905992e-02   4.083876476855e-02   2.396423806586e-03  -2.634367183126e-02   3.352038131259e-02   6.564933648504e-02  -1.789798206657e-02  -1.413753068377e-02   2.028911744251e-02   3.973241929841e-02  -2.557117975621e-02   1.090982479637e-02  -3.612752974679e-03  -7.071925859090e-03  -1.789884123834e-03   3.847541826251e-03   3.252273204974e-03  -3.504923475283e-03  -6.362390778313e-05  -1.373187413668e-03  -2.085640770024e-03  -1.630776320397e-02  -4.586826296248e-02  -2.377097342598e-03   2.446499440265e-03  -2.638653703368e-02  -7.373022598499e-02  -3.820936936083e-03  -1.795875223377e-02  -1.413994767787e-02  -4.458404197090e-02  -2.310273003113e-03  -2.560087347202e-02   1.091928868184e-02   7.926442700659e-03   4.099552686980e-04   3.937120511401e-03   4.916731108435e-04  -3.255791365124e-03   2.039827019400e-04  -3.824387117444e-03  -1.364550525609e-03  -2.071231605891e-03  -1.628992629045e-02   2.497774254665e-02  -3.846635552012e-02   2.404409284332e-03  -2.635871770759e-02   4.015253522249e-02  -6.183491537721e-02  -1.790757667352e-02  -1.414356212538e-02   2.429987195231e-02  -3.741839251093e-02  -2.557509331562e-02   1.091151054503e-02  -4.325850603803e-03   6.657293952611e-03  -2.144542916490e-03  -4.339788326354e-03   2.513610942605e-03   3.302045815340e-03  -4.898413665066e-04
   3.599080368960e-03   5.944146691519e-03   5.829097590814e-02   1.561098123532e-05   2.746651555432e-06  -1.087250106394e-02   1.067093866416e-01   1.251041502881e-05   2.272846559287e-06  -1.057882292952e-01   5.161898333554e-02  -2.624169416861e-06  -9.273115246835e-07  -4.096320774746e-03   1.635166598634e-03  -1.457715220502e-07  -3.726596677355e-07   5.420312499216e-06  -1.002951292276e-06   6.303146577897e-03   2.264803622670e-06  -1.093036502680e-02  -3.829462892018e-04  -9.132031737795e-04   2.147335697885e-03   3.948914649771e-03  -6.114985252487e-03  -9.420194666513e-03   8.596590958019e-03   2.108837651170e-02  -2.980204084311e-02   2.718449408463e-02   1.103094649884e-02   2.264320374846e-06   5.231934033995e-07   1.144156079794e-03   2.336059617554e-07   5.360080400054e-08  -2.546448469515e-02  -5.184102916615e-06  -1.197692909172e-06  -1.668894111144e-02  -3.445627086880e-06  -8.000468078713e-07   4.919269634180e-02   9.966102208068e-06   2.316152869137e-06   5.705238250000e-02   1.125103079784e-05   2.582631796356e-06  -6.228802542320e-02  -1.076822381421e-05  -2.356948685318e-06  -1.011728877884e-01  -2.271654732186e-05  -5.598908704405e-06  -2.821519095046e-02   2.274137973669e-07   5.546221517149e-07  -1.754071653158e-06   1.422113145934e-08   1.497365775938e-03  -4.110120172454e-07  -2.593587811389e-03  -5.067933041911e-07   1.204736211100e-08   4.452132569818e-04  -1.278935251722e-07  -7.712399907695e-04   4.806874283979e-06   5.922882835734e-09  -4.362481180714e-03   1.067211438513e-06   7.555831831313e-03   3.160187516300e-06   1.560846727861e-08  -2.208427043211e-03   6.971983876812e-07   3.824687786204e-03  -1.280392628558e-05   3.412344763095e-08   1.011375260064e-02  -3.077589175251e-06  -1.751762881679e-02  -2.077769171924e-03  -3.516769216775e-03  -2.771758105662e-03   1.070857480775e-02   2.097716820266e-02   9.972858782695e-03  -3.982502797794e-03   1.671140814985e-02   3.273570065658e-02   1.111748026076e-02  -9.285567326459e-03   1.308895419117e-02   2.563950457755e-02   8.957516859402e-03  -1.087106793041e-02   1.672905005978e-03   3.274573333950e-03   2.077878011388e-04   1.689980899415e-03   2.024487521160e-03   4.070450172243e-04  -1.059629520933e-03  -2.081906832570e-03  -3.523846493007e-03  -2.752221327854e-03  -2.354800262107e-02  -1.220945183501e-03   9.994444199739e-03  -3.952006052563e-03  -3.674652779333e-02  -1.905216519019e-03   1.111082696818e-02  -9.262350021337e-03  -2.875152310087e-02  -1.490726220483e-03   8.970423447716e-03  -1.088266143498e-02  -3.672354507360e-03  -1.897154110338e-04  -4.580346501444e-04   2.162007776695e-04  -8.339543223716e-04  -2.372857575687e-05  -2.715145152112e-03  -2.078665347842e-03  -3.518283683776e-03  -2.772313615002e-03   1.282918751039e-02  -1.976186053988e-02   9.977256223886e-03  -3.983324274127e-03   2.002061728326e-02  -3.083888742974e-02   1.111482089248e-02  -9.285576260080e-03   1.567732864194e-02  -2.414853927870e-02   8.955804048015e-03  -1.087234501615e-02   2.002757882124e-03  -3.081652683572e-03   2.485839357174e-04  -1.906857596915e-03   1.700827806686e-03  -3.828832345015e-04  -1.247476229619e-03
  -2.107293291155e-06  -2.428429918527e-06   1.182451616055e-05   4.730888727620e-02  -7.597899272086e-07   1.940452245005e-05   1.251041502881e-05   8.928143951078e-02  -1.029053692797e-06  -8.149113541586e-05  -2.619301824594e-06   2.683750988432e-02   5.208646074666e-07  -4.583959921219e-06   2.701689667651e-06  -5.420820275196e-04   2.434491285706e-08   1.373018538591e-02   2.496654906800e-03  -1.378341277406e-02  -1.166970650059e-06  -7.963688651344e-03   5.667349992264e-09   1.393008968539e-08  -3.695855114149e-08  -4.893815926570e-08   5.305688834866e-08   3.577210273198e-07  -7.831841182008e-07  -3.778143979289e-07   1.763231589922e-06   1.085573515498e-05   1.373808347346e-06  -6.570287651380e-04   6.015311093267e-10   1.412489978750e-07  -6.953127253283e-05  -9.299250549338e-12  -3.301997194978e-06   1.525221328303e-03  -1.392752118333e-10  -2.072497960929e-06   9.796316835499e-04  -1.811235520120e-09   6.493898745377e-06  -2.903467411278e-03   3.291628778316e-09   7.943395361264e-06  -3.434013781500e-03  -1.123945225004e-08  -8.937788625013e-06   3.702350082096e-03   2.954546183767e-08  -9.213026093349e-06   5.904456995235e-03  -3.269713539443e-08  -1.540268835228e-07   1.813631458532e-03  -6.412427743318e-08   4.303316636234e-04  -7.177674029609e-06   3.988507189707e-05   3.172221337128e-09   2.247533124782e-05   1.141520863710e-04  -8.240660867781e-06   4.558160437603e-05   5.952563663659e-09   2.611563976775e-05  -1.235709808443e-03  -1.900362744674e-05   1.041772047043e-04   6.065264087158e-09   6.165449650408e-05  -8.754012683060e-04  -1.467542432737e-05   8.079924570391e-05   3.661814862218e-08   4.699199886630e-05   2.283139958669e-03   1.043328443761e-05  -5.512867683073e-05   1.942716211242e-08  -3.725338961223e-05   1.716515526331e-03   2.869411440008e-03   1.139046753873e-02  -3.177965378577e-03  -2.654585995857e-02  -7.949307699893e-03   1.753852554391e-02  -4.379356294343e-03  -4.093072662818e-02   4.659544799365e-03   1.145665380404e-02  -4.560601700625e-03  -2.577846172949e-02   9.923571249458e-03  -6.628439793763e-04  -5.110798256630e-04   1.103290176005e-03   1.499160687763e-04  -3.694290832586e-04  -1.964363057951e-03   1.530146324918e-03  -5.974723862663e-04  -3.778255660233e-03  -6.316087358638e-03  -2.504238305249e-02  -5.501147254431e-02  -3.390420398890e-03   1.750089975187e-02  -3.855528591339e-02  -8.428973572598e-02  -5.227094301781e-03  -1.026698332202e-02  -2.516550071804e-02  -5.484716477507e-02  -3.289955065588e-03  -2.176044408831e-02   1.444312609252e-03   1.623040515606e-03   1.402952536240e-04   3.140685701493e-03   4.157145998970e-04  -2.268678841378e-03   1.956089935530e-04  -2.488079575918e-03   2.056349372672e-03   3.437505137485e-03   1.364599599562e-02  -9.059210257256e-03   2.993870612631e-02  -9.523372830307e-03   2.101122676902e-02  -1.344699628691e-02   4.616139930185e-02   5.583493333664e-03   1.372315594575e-02  -1.026912518717e-02   2.906946658473e-02   1.188130240451e-02  -7.930802098540e-04  -2.682872467558e-04  -1.243703215275e-03   4.891596432885e-04   1.072480812492e-03  -1.945105259204e-03  -1.726399487434e-03  -4.807420089131e-04
  -5.300283470766e-07  -6.543969734262e-07   2.053272822337e-06  -7.608335801987e-07   4.726941770051e-02   4.139209253575e-06   2.272846559287e-06  -1.029053692797e-06   8.922551738211e-02  -1.197722630383e-05  -1.710832308612e-06   5.136744010569e-07   2.686268488078e-02  -7.271810598677e-07   4.188354055037e-07   2.458189625953e-08  -5.392734142552e-04  -1.167401696414e-06  -1.590637246930e-02  -2.161902489411e-03   1.371541514573e-02  -1.247190107767e-03   1.513925879318e-08   3.625981156257e-08  -8.652521628716e-08  -1.583216836780e-07   2.460321523544e-07   4.131783409744e-07  -4.573933394020e-07  -9.136830512422e-07   1.499491353602e-06   1.317120573104e-06  -1.673094046035e-07   4.440832763165e-10  -6.581925735580e-04  -1.709764792128e-08  -2.370068604205e-11  -6.964244454574e-05   3.559785319762e-07   2.116597483016e-10   1.527877295234e-03   2.596079719733e-07  -1.553923009771e-09   9.814811106666e-04  -6.881985939305e-07   2.552171551027e-09  -2.908955366395e-03  -6.467580862808e-07  -1.189682944922e-08  -3.439426578254e-03   5.674061463029e-07   2.999983338143e-08   3.707453389867e-03   2.631568353229e-06  -3.035561158527e-08   5.918008082679e-03   1.340579151897e-06  -6.433264696983e-08   1.816530247863e-03   3.195979370301e-09   4.593209042077e-05   6.226154890086e-06   4.310447307916e-04   3.634849920844e-06   5.951858871036e-09   5.259027243993e-05   7.141191863309e-06   1.146532311360e-04   4.131877746185e-06   5.947888650062e-09   1.206472629352e-04   1.640959995609e-05  -1.235717323834e-03   9.401757131382e-06   3.654773409071e-08   9.331310857407e-05   1.274769920023e-05  -8.755015265245e-04   7.172349932545e-06   2.000573451439e-08  -6.572151923638e-05  -8.836931449138e-06   2.285957215811e-03  -5.270488467360e-06   3.362064134902e-03   5.620306045203e-03   2.231877940268e-02  -2.655308473202e-02  -4.162234090275e-02  -1.557104213746e-02   3.436508073733e-02  -4.094234068518e-02  -6.365676675948e-02   9.107612539295e-03   2.245248748857e-02  -2.579037080158e-02  -4.190383212032e-02   1.943328132419e-02  -1.292505929265e-03   1.099942594389e-03   1.080341447453e-03   1.530098431518e-03  -2.755386327032e-03  -1.416106282697e-03   2.365207006402e-03   2.333911397772e-04  -1.958163470896e-04  -3.273521547825e-04  -1.298713659900e-03  -3.391881963549e-03   1.023830555151e-02   9.070928956414e-04  -1.999443407234e-03  -5.229379772560e-03   1.630816668243e-02  -5.313591488741e-04  -1.305262293868e-03  -3.292048040197e-03   8.469839642009e-03  -1.128322437618e-03   7.491216898339e-05   1.398716677433e-04  -1.076234485425e-03   1.956222810210e-04  -1.553381248977e-03  -2.593163091614e-04  -6.236285173456e-04  -2.107472663374e-04  -3.167043136548e-03  -5.294311202700e-03  -2.102546242708e-02   2.994739446416e-02  -3.573246358935e-02   1.466826225664e-02  -3.237324483786e-02   4.617530252504e-02  -5.457384402124e-02  -8.582201438015e-03  -2.114800717096e-02   2.908347107976e-02  -3.617700092388e-02  -1.829677376580e-02   1.216732292331e-03  -1.239939803844e-03   8.341667059697e-04  -1.726364972630e-03  -2.829089192868e-03   7.050166749049e-04   2.026643377578e-03  -5.819501627495e-04
  -3.249631165601e-02  -5.490063999840e-02  -5.806411707364e-02  -4.734905921764e-05  -6.804242065211e-06   1.497875233498e-01  -1.057882292952e-01  -8.149113541586e-05  -1.197722630383e-05   2.419073753361e-01  -5.723213072504e-02  -1.402747459389e-05  -1.309511172101e-06   2.329562114217e-03   4.238019869799e-04   4.519776450347e-06   1.254056400484e-06  -9.511161326120e-06   3.735432815416e-07  -9.689698202131e-03  -2.524789315063e-06   1.681556637377e-02   2.379672538442e-04   5.450615005160e-04  -1.111965607652e-03  -2.171407889628e-03   3.456945961673e-03   2.366121759394e-03   1.876253118418e-03  -1.284367337728e-02   1.026588051718e-02  -5.110355594205e-02  -1.871570680792e-02  -4.868897821124e-06  -1.120068700395e-06  -2.007612743006e-03  -4.935634049226e-07  -1.163411385207e-07   4.205481469134e-02   1.103447916355e-05   2.497684969505e-06   2.788512946401e-02   7.500638238823e-06   1.706903943894e-06  -7.751139412231e-02  -2.154999094541e-05  -4.718808750006e-06  -8.945118868304e-02  -2.310154633782e-05  -5.063091209342e-06   9.330912926545e-02   2.229271472232e-05   4.539679629365e-06   1.584730220363e-01   5.052148285645e-05   1.132167199019e-05   4.179608541407e-02   8.012567536676e-06   4.529951335052e-07   3.589378630849e-06  -9.148762038164e-09  -2.382017480817e-03   1.349776276752e-06   4.125870688190e-03   9.434886410731e-07   1.868026181151e-08   4.124781048604e-05   3.698387963082e-07  -7.336437949084e-05  -9.924151674394e-06   1.559531956543e-07   1.115455698339e-02  -3.572163697593e-06  -1.933192132299e-02  -7.835367018501e-06   1.197211681621e-07   7.695624512010e-03  -3.033565369110e-06  -1.333954791424e-02   1.753120622171e-05  -9.664673483109e-08  -1.624663715536e-02   4.491777883019e-06   2.814067391592e-02   1.447760795503e-02   2.435966138202e-02   1.622204234574e-02   7.984878434027e-03   1.564271697751e-02  -7.316088940535e-02   2.400562015633e-02   1.245294120274e-02   2.439614522807e-02  -8.280796171962e-02   3.258048223577e-02   4.569813587454e-03   8.950962819367e-03  -2.931228498517e-02   1.850251318307e-02  -4.518755767692e-03  -8.848833134234e-03  -7.840537040447e-04   8.790666253998e-04   3.920456594688e-04  -1.536444803901e-03   5.956466031932e-04   1.448581264692e-02   2.437339733636e-02   1.623086739392e-02  -1.749589466943e-02  -9.087118816249e-04  -7.320044510766e-02   2.402053142509e-02  -2.728817756387e-02  -1.417268426523e-03  -8.284770144483e-02   3.259746324233e-02  -9.992047030554e-03  -5.202174636764e-04  -2.933188554265e-02   1.851501698757e-02   9.926416951728e-03   5.134454292490e-04   1.722247738114e-03   1.119490910458e-04  -1.093176292419e-03   8.930480506392e-05  -2.585446696495e-04   1.447851977331e-02   2.436117759054e-02   1.622112546710e-02   9.558812061596e-03  -1.472799724716e-02  -7.316511811573e-02   2.400436543192e-02   1.490771775458e-02  -2.296964452053e-02  -8.281194476715e-02   3.258084681672e-02   5.469263377833e-03  -8.427974125690e-03  -2.931201225807e-02   1.850409463506e-02  -5.411006943697e-03   8.330244309009e-03  -9.390191864176e-04  -9.907975465148e-04   2.226939795589e-04   1.446924503946e-03   4.986937411720e-04
   6.384858376468e-03   1.042885774985e-02   2.797460214798e-02   9.927654680153e-07  -5.607986863155e-07  -2.569162292121e-02   5.161898333554e-02  -2.619301824594e-06  -1.710832308612e-06  -5.723213072504e-02   2.922589865212e-02   4.141412411356e-07  -1.244310142621e-07  -2.850688589554e-03   1.467484740688e-03   1.758551427794e-06   2.694869675873e-07  -5.085072529681e-06   9.123808835827e-08   2.374455490123e-03  -8.747502548125e-07  -4.114150356459e-03   2.534770065597e-04   6.136197252221e-04  -1.519266726264e-03  -2.556171702647e-03   3.622262005952e-03   8.678833310306e-03  -1.191915814586e-02  -1.036128772033e-02   1.864798643663e-02   3.076500371023e-02   6.918925943859e-03   1.505873223234e-06   1.230813399738e-07   7.456062271389e-04   1.566850408975e-07   1.261498578734e-08  -1.547522135763e-02  -3.392575093613e-06  -2.873612539916e-07  -1.028750837608e-02  -2.286782915883e-06  -1.880501190001e-07   2.830587757231e-02   6.447667548208e-06   5.561605210919e-07   3.257552936575e-02   7.105791509292e-06   6.485823783953e-07  -3.396824348902e-02  -7.060940775826e-06  -5.327581038616e-07  -5.660838388361e-02  -1.428119308150e-05  -1.410009417023e-06  -1.520969684094e-02  -1.829853296815e-06   1.014275093927e-06  -8.040497691063e-07   2.317178241378e-08   7.239218356217e-04  -2.935433015374e-07  -1.254165575500e-03   5.785528007061e-08  -3.111111858691e-08  -1.549638950448e-04  -5.529906935578e-08   2.681786970041e-04   3.913815520352e-06  -2.808017269858e-07  -4.274974106723e-03   9.474059483301e-07   7.404358299353e-03   2.958659994788e-06  -2.497880932537e-07  -2.981743861483e-03   7.458845974954e-07   5.164475307967e-03  -5.269449586430e-06  -2.101340448506e-08   5.603349852235e-03  -1.297513004708e-06  -9.706757762354e-03   1.340218415073e-03   2.197560781529e-03   2.001386829360e-03   4.087258504226e-03   8.008795165172e-03  -6.288091309897e-03   3.359217770466e-03   6.210917392230e-03   1.216986606201e-02  -2.982046454213e-03  -5.118150433421e-04   5.165429185037e-03   1.012036508798e-02   5.509862280723e-03  -5.941640522970e-03   9.279685254723e-04   1.819060261032e-03   2.975276295214e-04   4.975819456454e-04   7.231194878607e-04   5.828070483058e-04  -5.315624881170e-04   1.342184475132e-03   2.200742173804e-03   1.959840653156e-03  -8.953304017073e-03  -4.636117701754e-04  -6.296800835334e-03   3.296735015703e-03  -1.360469398869e-02  -7.044493389277e-04  -2.991619052642e-03  -5.736558485050e-04  -1.130386547941e-02  -5.851732567707e-04   5.520563579899e-03  -5.952589794695e-03  -2.038653479884e-03  -1.055337994433e-04  -6.534673472356e-04   6.355349221455e-05  -1.182618058791e-04  -3.387949994842e-05  -1.017446540868e-03   1.340954862197e-03   2.198772430340e-03   1.993584606307e-03   4.893870225725e-03  -7.539162826461e-03  -6.291599201591e-03   3.347470058675e-03   7.436612586381e-03  -1.145619046934e-02  -2.986215818630e-03  -5.228313841329e-04   6.183494101012e-03  -9.524708456277e-03   5.509778277305e-03  -5.942998707374e-03   1.110991834440e-03  -1.712087814405e-03   3.561755457637e-04  -5.612937780963e-04   6.277020248307e-04  -5.486227177947e-04  -5.867888980948e-04
   9.440082690510e-07   1.154524847983e-06  -6.441936365676e-07   1.415487203095e-02   2.615067005848e-07   2.169317454915e-06  -2.624169416861e-06   2.683750988432e-02   5.136744010569e-07  -1.402747459389e-05   4.141412411356e-07   2.019100817819e-02  -7.968858475366e-07   2.162028092337e-07   1.499911306998e-06   2.062794963406e-03  -1.280208268512e-07   1.293116490957e-03   2.457123247441e-04  -1.359893363053e-03   5.190447350273e-08  -7.833989078343e-04   8.037450682856e-08   2.002486784869e-07  -5.334960808297e-07  -9.833938665015e-07   1.568036771069e-06   3.056231095095e-06  -3.801224845547e-06  -5.428454861853e-06   7.979351284856e-06   1.296706445796e-05   2.238553648500e-06  -5.704938017441e-03   2.770909583426e-07   2.820515410715e-07  -5.797611325294e-04   3.050349358223e-08  -4.365641097173e-06   1.280095001340e-02  -5.895110030563e-07  -3.050229998616e-06   8.779522332813e-03  -4.099679754995e-07   5.694498324633e-06  -2.503455891120e-02   1.028635299891e-06   6.684589953652e-06  -2.619807659503e-02   1.089653342399e-06  -6.250673838772e-06   2.780489744282e-02  -1.087889200155e-06  -4.965437924453e-06   5.672290006511e-02  -2.140900465342e-06  -2.773943399018e-06   2.988380420948e-02  -1.145033853288e-06  -1.150072508279e-03  -1.909859145216e-05   1.046452744015e-04   1.361668008725e-07   6.214099029571e-05  -1.186562451422e-03   5.966796352843e-05  -3.304480548903e-04   1.540775467383e-07  -1.886797990103e-04  -2.189028333914e-03   4.262304761333e-04  -2.355915209128e-03   3.344167825934e-07  -1.354940741757e-03  -1.642168074208e-03   3.879493781183e-04  -2.144034717567e-03   2.747989504607e-07  -1.233724883821e-03   1.665865234775e-03   3.598615511744e-06  -1.997503315324e-05   1.079116308166e-09  -1.110188371515e-05  -9.115841277837e-04  -1.561209985378e-03   4.888742670660e-03   8.003693305305e-03  -9.911314680795e-03   4.852317308787e-03   7.495390875425e-03   1.247838106432e-02  -1.530109942194e-02   8.744780809759e-03   5.007061609910e-03   9.767573773549e-03  -9.389526277072e-03   6.226777181171e-03  -1.061562588766e-03  -5.630235274969e-04   1.419360073205e-03  -1.550702304599e-04   2.240355045637e-04  -7.345752061281e-04   5.857305600012e-04  -4.092749752451e-04   1.996864461279e-03   3.420169704041e-03  -1.072056561902e-02  -1.134602466904e-02  -1.263597129304e-03  -1.063219531465e-02  -1.643641172921e-02  -1.739129359399e-02  -1.950717555584e-03  -1.920168712087e-02  -1.096784704228e-02  -8.556123982125e-03  -1.195487078809e-03  -1.367829901844e-02   2.333175225436e-03   2.204556366677e-03   1.814203061569e-04   9.886230448268e-04   1.177356346851e-04  -5.712174215341e-04   7.478772436492e-05  -3.622968820812e-04  -1.091580299117e-03  -1.869473027803e-03   5.854124892861e-03   5.802811264035e-03   1.117332359177e-02   5.810394646997e-03   8.975543057636e-03   9.080969836425e-03   1.724939874652e-02   1.047359366430e-02   5.994501466483e-03   7.680560229002e-03   1.058244682591e-02   7.458076053488e-03  -1.271695102897e-03  -2.491933822470e-04  -1.601321926160e-03  -2.523528194075e-05   2.952423416591e-05  -7.443032132253e-04  -6.606479376577e-04  -4.121222299488e-04
