ARMA_MAT_TXT_FN008
50 50
  -9.475319730926e+00  -1.192696912236e+01  -1.015663318967e-08  -4.640734674194e-08   2.800738491763e-05  -4.399743609792e+00  -1.618954133898e-08  -5.349277091627e-08   3.990671930500e-05  -1.980352823921e+00  -9.836113478749e-09  -3.498140919080e-08   2.488973414355e-05  -8.347585168936e-01  -3.662110135592e-09  -1.385864069017e-08   9.476231762878e-06  -5.898656582156e-09   2.923420640632e-08   8.996493358810e-06   5.328244096137e-09  -1.425636399878e-08  -1.309712828960e-01  -9.527208683769e-01  -1.015226450014e+00  -6.219939823568e-01   9.650439855452e-01   4.258174250129e-01   3.701155167626e-01  -1.309719835784e-01  -9.527227081046e-01  -1.015227096882e+00  -6.219941229966e-01  -1.135998674581e-01  -1.049393595135e+00   3.680929946494e-01  -1.312506643089e-01  -9.534304767639e-01  -1.015480806789e+00  -6.220503815459e-01   4.112342166066e-04   1.247112508404e-03  -1.119277983210e+00  -1.309710037434e-01  -9.527201378028e-01  -1.015226192591e+00  -6.219939262675e-01  -8.518502432342e-01   6.223409732123e-01   3.696693206258e-01
  -1.192696912236e+01  -8.697760624747e+00  -1.072573652803e-08  -2.836403608935e-08   2.449699141325e-05  -3.920691653861e+00  -1.605960205950e-08  -3.712564707661e-08   3.573647131457e-05  -1.858102027740e+00  -9.627155685291e-09  -2.746442346463e-08   2.275230878834e-05  -7.970007452600e-01  -3.205072124145e-09  -1.055841795216e-08   7.930270088797e-06  -8.394321125813e-09   1.959655122959e-08   2.795170567207e-05   3.263162733024e-10  -2.267090376477e-08  -1.521924621832e-01  -9.087152743373e-01  -9.641189912339e-01  -5.951724275030e-01   9.451312880278e-01   4.170311222687e-01   3.624782614840e-01  -1.521932441958e-01  -9.087169784666e-01  -9.641196010230e-01  -5.951725620554e-01  -1.112558192727e-01  -1.027740149225e+00   3.604973668918e-01  -1.524796038322e-01  -9.093560441641e-01  -9.643538277785e-01  -5.952252642393e-01   4.027042589268e-04   1.221246701956e-03  -1.096065584343e+00  -1.521921532729e-01  -9.087145993852e-01  -9.641187491080e-01  -5.951723739688e-01  -8.342732734886e-01   6.094996750932e-01   3.620413102902e-01
  -1.015663318967e-08  -1.072573652803e-08   1.047309259505e+00  -7.947886196234e-08   1.759328421442e-08  -1.492933699365e-07  -4.125258558946e-01  -9.952534950177e-08   1.667622200361e-08  -1.297167483100e-07  -4.575736519257e-01  -4.639225620830e-08   4.547155365451e-09  -6.685677671650e-08  -1.779389862014e-01  -1.047542040462e-08  -1.556403612058e-10  -8.155027696375e-02   5.245201649306e-07  -7.669162648658e-05  -6.027069397531e-02  -2.731874381927e-02  -3.576838172221e-01  -3.281665050126e-01  -1.566255386822e-01  -4.392816446254e-02   8.740856653616e-02   1.168438555521e-01   1.015761729012e-01   4.210462360072e-02   3.862991593458e-02   1.843700141969e-02   5.170917819316e-03  -1.737297369038e-01   3.389602387926e-02  -1.189150992765e-02  -1.522482509548e-04  -1.396897520653e-04  -6.671449094960e-05  -1.873999094560e-05  -1.776841908159e-01   1.438192713808e-07  -1.305927645915e-04   3.157300200837e-01   2.896749073186e-01   1.382543984959e-01   3.877562718647e-02   2.893196820890e-02  -1.507399829346e-01  -8.955397857310e-02
  -4.640734674194e-08  -2.836403608935e-08  -7.947886196234e-08   1.047309388441e+00   2.295514097001e-07  -2.272986032946e-07  -9.952533922516e-08  -4.125254829833e-01   2.712855140433e-07  -2.757266756714e-07  -4.639222645625e-08  -4.575733689136e-01   1.167905269554e-07  -1.790119605989e-07  -1.047539617347e-08  -1.779388912194e-01   2.283436350063e-08   2.736285631839e-02  -6.006972174675e-02  -2.322613089634e-04   5.245219482522e-07  -8.168391874856e-02  -1.578249330215e-01  -1.448006985509e-01  -6.910979193332e-02  -1.938303638795e-02   1.168438504398e-01  -1.258423598950e-01   4.481982622958e-02   3.889471342144e-01   3.568491273777e-01   1.703145835945e-01   4.776731879544e-02   3.389602451359e-02   1.357196659050e-01  -1.098498575519e-01  -4.616609372703e-04  -4.235754766724e-04  -2.022844486456e-04  -5.682179972067e-05   1.438166588104e-07  -1.776835535163e-01  -3.960277423102e-04  -2.306646625247e-01  -2.116294729703e-01  -1.010054595555e-01  -2.832868758579e-02  -1.507399784539e-01  -6.727174953856e-02   6.542624701474e-02
   2.800738491763e-05   2.449699141325e-05   1.759328421442e-08   2.295514097001e-07   1.047508256275e+00   3.034014844107e-04   1.667882465320e-08   2.711267844616e-07  -4.121094420970e-01   2.831391590877e-04   4.550801613054e-09   1.164112783386e-07  -4.572921976691e-01   1.551189532056e-04  -1.543316836099e-10   2.256999280740e-08  -1.778499050618e-01   5.255757531590e-07  -2.694161957811e-04   1.054177739505e-01  -8.897715518662e-05  -1.007745697407e-04  -1.374195578205e-01  -1.259211264476e-01  -5.993245758112e-02  -1.672975763626e-02   1.015311687801e-01   4.479997120161e-02  -1.386106800587e-01  -1.366690874816e-01  -1.252327487687e-01  -5.960402943620e-02  -1.663765389273e-02  -1.188622935394e-02  -1.098010774540e-01  -1.390354283801e-01   4.147142956812e-01   3.803334575383e-01   1.815385243792e-01   5.097565705307e-02  -1.305660315534e-04  -3.959540648899e-04   1.776285605584e-01  -1.372541477207e-01  -1.257694770750e-01  -5.986012676282e-02  -1.670947712773e-02  -8.951428144754e-02   6.539724825691e-02  -1.387042501271e-01
  -4.399743609792e+00  -3.920691653861e+00  -1.492933699365e-07  -2.272986032946e-07   3.034014844107e-04  -2.144196795765e+00  -3.565800773417e-07  -8.569954337343e-07   8.024421615488e-04  -1.500615842157e+00  -2.433608726655e-07  -7.334532557213e-07   5.846677322369e-04  -8.380138899454e-01  -8.056973809829e-08  -2.765740557253e-07   2.019997234139e-04  -1.738013264024e-07   3.497027174078e-07   9.166763228343e-04  -1.170655482693e-08  -8.398989191094e-07  -4.160187658568e-01  -8.396100420405e-01  -9.259873467467e-01  -6.503416831357e-01   5.177162323688e-01   2.284379011616e-01   1.986483379236e-01  -4.160196104243e-01  -8.396111349159e-01  -9.259877939745e-01  -6.503417998630e-01  -6.094275818096e-02  -5.629667471151e-01   1.975628060938e-01  -4.161161446922e-01  -8.400832763270e-01  -9.263413288325e-01  -6.504541990569e-01   2.205085397510e-04   6.687195896353e-04  -6.003231322409e-01  -4.160184543269e-01  -8.396096002692e-01  -9.259871486891e-01  -6.503416293673e-01  -4.569915497258e-01   3.338669037766e-01   1.984090053408e-01
  -1.618954133898e-08  -1.605960205950e-08  -4.125258558946e-01  -9.952533922516e-08   1.667882465320e-08  -3.565800773417e-07  -1.528088365037e-01  -1.752663355412e-07   2.833894375910e-08  -3.939177918632e-07  -3.957684476968e-01  -8.738541800933e-08   9.180790931572e-09  -2.297336721103e-07  -2.310272445987e-01  -1.910550105704e-08  -2.043524288173e-10  -1.950778013882e-01   1.258547556236e-06  -1.834624003372e-04  -1.441662146719e-01  -6.534961238873e-02  -3.784703627633e-01  -3.143811383855e-01  -1.819956333563e-01  -6.032747763934e-02  -1.187814417567e-01  -3.001915951172e-02  -2.603706869881e-02   4.455146048488e-02   3.700710030036e-02   2.142325417156e-02   7.101212361233e-03  -5.169122636313e-02  -8.708407233310e-03   3.048298994544e-03  -1.610008050344e-04  -1.338697069672e-04  -7.766596583204e-05  -2.584252064352e-05  -5.104608073599e-02  -3.540763683740e-08   3.335114837249e-05   3.340786231996e-01   2.775063956236e-01   1.606484832089e-01   5.325118923051e-02  -1.037578414659e-01   3.872753759472e-02   2.295562261783e-02
  -5.349277091627e-08  -3.712564707661e-08  -9.952534950177e-08  -4.125254829833e-01   2.711267844616e-07  -8.569954337343e-07  -1.752663355412e-07  -1.528073643763e-01   4.745004342687e-07  -1.185373311746e-06  -8.738538936322e-08  -3.957671089017e-01   2.217825350116e-07  -7.874956371929e-07  -1.910547436061e-08  -2.310267380201e-01   4.185054185163e-08   6.545504891721e-02  -1.436852522371e-01  -5.555797563056e-04   1.258549765346e-06  -1.953971231229e-01  -1.669968201486e-01  -1.387181315170e-01  -8.030451047484e-02  -2.661947138635e-02  -3.001915100503e-02  -6.399403899648e-02  -1.148827437418e-02   4.115501794033e-01   3.418583014469e-01   1.979010431815e-01   6.559924072039e-02  -8.708412983339e-03  -1.311939225121e-01   2.815821096515e-02  -4.881855977667e-04  -4.059576420812e-04  -2.355968011587e-04  -7.845748171666e-05  -3.540028015045e-08  -5.104567716611e-02   1.011214779202e-04  -2.440697144070e-01  -2.027395978110e-01  -1.173665367274e-01  -3.890468434331e-02   3.872753483082e-02  -7.904191336504e-02  -1.677029593035e-02
   3.990671930500e-05   3.573647131457e-05   1.667622200361e-08   2.712855140433e-07  -4.121094420970e-01   8.024421615488e-04   2.833894375910e-08   4.745004342687e-07  -1.514922556024e-01   9.455277725715e-04   9.183179720230e-09   2.214228564532e-07  -3.946673578525e-01   5.752828657257e-04  -2.038787970973e-10   4.155415521506e-08  -2.306280384650e-01   1.259848787299e-06  -6.439191677538e-04   2.519506845807e-01  -2.126450477914e-04  -2.408367769161e-04  -1.454509349161e-01  -1.204384252885e-01  -6.920300806073e-02  -2.267230126514e-02  -2.622932485836e-02  -1.157310811527e-02  -6.102278437098e-02  -1.446565573768e-01  -1.197791665821e-01  -6.882175740623e-02  -2.254594030338e-02   3.070859608650e-03   2.836659663453e-02  -6.091279849320e-02   4.386225362416e-01   3.643381046813e-01   2.111108396150e-01   7.021701890962e-02   3.345860969536e-05   1.014670977469e-04  -1.421264333405e-01  -1.452759537485e-01  -1.202932183415e-01  -6.911904555483e-02  -2.264447744596e-02   2.312521109851e-02  -1.689419298874e-02  -6.099857334418e-02
  -1.980352823921e+00  -1.858102027740e+00  -1.297167483100e-07  -2.757266756714e-07   2.831391590877e-04  -1.500615842157e+00  -3.939177918632e-07  -1.185373311746e-06   9.455277725715e-04  -1.099993187643e+00  -3.206852197289e-07  -1.219006139547e-06   8.327234288519e-04  -6.587241197621e-01  -1.177361213518e-07  -5.121317654162e-07   3.217576713495e-04  -1.618466371478e-07   3.239553013557e-07   1.092791566922e-03  -1.150616397240e-08  -1.072724262793e-06  -3.993377384396e-01  -6.392567936239e-01  -7.024391491515e-01  -5.217609421413e-01   3.809373635812e-01   1.680853730595e-01   1.462139035924e-01  -3.993383054132e-01  -6.392574115034e-01  -7.024393476796e-01  -5.217609893590e-01  -4.484189001782e-02  -4.142329237592e-01   1.454150186072e-01  -3.993544447864e-01  -6.396386163573e-01  -7.028289251283e-01  -5.219004719753e-01   1.622532668389e-04   4.920269532030e-04  -4.417902289531e-01  -3.993375341383e-01  -6.392565298148e-01  -7.024390351217e-01  -5.217609100496e-01  -3.362559678902e-01   2.456604222312e-01   1.460377823390e-01
  -9.836113478749e-09  -9.627155685291e-09  -4.575736519257e-01  -4.639222645625e-08   4.550801613054e-09  -2.433608726655e-07  -3.957684476968e-01  -8.738538936322e-08   9.183179720230e-09  -3.206852197289e-07  -1.933495432158e-01  -2.991126640706e-08  -3.653070117512e-09  -2.078406562088e-07  -1.182875040814e-01   2.455037030611e-09  -5.539447105111e-09  -1.595492250323e-01   1.050100539587e-06  -1.500607868440e-04  -1.179407273411e-01  -5.344776339149e-02  -3.413549254855e-01  -2.215818361756e-01  -9.002116580349e-02  -3.492529764703e-02   9.641051253132e-02   5.763613143899e-02   5.014752683160e-02   4.018242113731e-02   2.608329039724e-02   1.059656122809e-02   4.111023917782e-03  -3.240270311016e-02   1.672013840197e-02  -5.870719123955e-03  -1.452181908539e-04  -9.434116144476e-05  -3.848791310871e-05  -1.501784861660e-05  -3.452208130891e-02   7.995991737460e-08  -6.460809688847e-05   3.013165523202e-01   1.955918503891e-01   7.946202535459e-02   3.082852763941e-02   6.756533778743e-02  -7.435617542442e-02  -4.421209457097e-02
  -3.498140919080e-08  -2.746442346463e-08  -4.639225620830e-08  -4.575733689136e-01   1.164112783386e-07  -7.334532557213e-07  -8.738541800933e-08  -3.957671089017e-01   2.214228564532e-07  -1.219006139547e-06  -2.991126640706e-08  -1.933479963535e-01   5.534219887161e-08  -8.965033966833e-07   2.455046518152e-09  -1.182868281423e-01  -2.218005128101e-08   5.353404561161e-02  -1.175472737101e-01  -4.543320029867e-04   1.050102274679e-06  -1.598102947848e-01  -1.506199530271e-01  -9.777123181577e-02  -3.972160383784e-02  -1.541105905026e-02   5.763614732496e-02  -8.780907201402e-03   2.212745159754e-02   3.711906115458e-01   2.409480744528e-01   9.788774116266e-02   3.797676009289e-02   1.672013386459e-02   1.202414293566e-01  -5.423224637297e-02  -4.403235652516e-04  -2.861158186341e-04  -1.169076270549e-04  -4.575510326750e-05   7.996863594111e-08  -3.452146031133e-02  -1.959656432904e-04  -2.201345496570e-01  -1.428948189531e-01  -5.805370070749e-02  -2.252329961930e-02  -7.435618678167e-02   2.011038507148e-02   3.230069187564e-02
   2.488973414355e-05   2.275230878834e-05   4.547155365451e-09   1.167905269554e-07  -4.572921976691e-01   5.846677322369e-04   9.180790931572e-09   2.217825350116e-07  -3.946673578525e-01   8.327234288519e-04  -3.653070117512e-09   5.534219887161e-08  -1.921787514735e-01   5.660156608294e-04  -5.540130768913e-09  -2.228647020951e-08  -1.177956477159e-01   1.051127853334e-06  -5.266038739839e-04   2.060041860901e-01  -1.738792524411e-04  -1.970069951319e-04  -1.311681412155e-01  -8.487043044944e-02  -3.395027541626e-02  -1.292205896997e-02   4.999620558696e-02   2.206067710477e-02  -1.521436092130e-02  -1.304516722693e-01  -8.440571544342e-02  -3.376191645530e-02  -1.284899625057e-02  -5.852961035214e-03  -5.406822006515e-02  -1.542340848418e-02   3.956076320750e-01   2.567652849140e-01   1.044893106877e-01   4.077050953401e-02  -6.452634872514e-05  -1.956941284351e-04   1.410985825990e-01  -1.310103323843e-01  -8.476810504149e-02  -3.390881451010e-02  -1.290597707207e-02  -4.407861286633e-02   3.220316961069e-02  -1.526046087083e-02
  -8.347585168936e-01  -7.970007452600e-01  -6.685677671650e-08  -1.790119605989e-07   1.551189532056e-04  -8.380138899454e-01  -2.297336721103e-07  -7.874956371929e-07   5.752828657257e-04  -6.587241197621e-01  -2.078406562088e-07  -8.965033966833e-07   5.660156608294e-04  -3.703342324249e-01  -8.557792020467e-08  -4.161389462983e-07   2.446816427064e-04  -8.555987536770e-08   1.565651659710e-07   6.860792441653e-04  -1.094457728875e-08  -6.886195345556e-07  -2.711483955840e-01  -3.955272580673e-01  -4.093543736504e-01  -2.900425561839e-01   2.198039566546e-01   9.698661939012e-02   8.436872010932e-02  -2.711486429683e-01  -3.955275378898e-01  -4.093544463973e-01  -2.900425625865e-01  -2.587412094666e-02  -2.390156594263e-01   8.390770625469e-02  -2.711271500153e-01  -3.957366187746e-01  -4.096108425640e-01  -2.901414780746e-01   9.361032986811e-05   2.838567731836e-04  -2.548874249323e-01  -2.711483093686e-01  -3.955271340239e-01  -4.093543190599e-01  -2.900425430156e-01  -1.940224635715e-01   1.417480819812e-01   8.426711118939e-02
  -3.662110135592e-09  -3.205072124145e-09  -1.779389862014e-01  -1.047539617347e-08  -1.543316836099e-10  -8.056973809829e-08  -2.310272445987e-01  -1.910547436061e-08  -2.038787970973e-10  -1.177361213518e-07  -1.182875040814e-01   2.455046518152e-09  -5.540130768913e-09  -8.557792020467e-08   8.929885064064e-03   7.520673047803e-09  -5.222491784497e-09  -6.336653674281e-02   4.220978323455e-07  -5.960308710177e-05  -4.685193844871e-02  -2.122729346597e-02  -1.750412755986e-01  -1.313407088990e-01  -2.986360764649e-02   3.183129679947e-03   4.011193060855e-02   3.662600441567e-02   3.185269920678e-02   2.060488235873e-02   1.546065584338e-02   3.515286417833e-03  -3.747777886344e-04  -4.174485057773e-02   1.062511478687e-02  -3.728976833251e-03  -7.445888870651e-05  -5.589886302702e-05  -1.277548630437e-05   1.288677825164e-06  -4.303851209131e-02   5.166268555579e-08  -4.099884515341e-05   1.545102740412e-01   1.159354117282e-01   2.636070996790e-02  -2.809895171551e-03   2.178174753078e-02  -4.725109479325e-02  -2.808267951740e-02
  -1.385864069017e-08  -1.055841795216e-08  -1.047542040462e-08  -1.779388912194e-01   2.256999280740e-08  -2.765740557253e-07  -1.910550105704e-08  -2.310267380201e-01   4.155415521506e-08  -5.121317654162e-07   2.455037030611e-09  -1.182868281423e-01  -2.228647020951e-08  -4.161389462983e-07   7.520673047803e-09   8.930233169246e-03  -3.251614818064e-08   2.126158307086e-02  -4.669567072365e-02  -1.804351537327e-04   4.220986801207e-07  -6.347023430052e-02  -7.723547576632e-02  -5.795302939511e-02  -1.317729764929e-02   1.404259624590e-03   3.662601510714e-02  -2.673396933542e-02   1.405484821150e-02   1.903404463170e-01   1.428199692825e-01   3.247312924655e-02  -3.461826588534e-03   1.062511540996e-02   5.525568381196e-02  -3.444722729006e-02  -2.257655948150e-04  -1.695219329668e-04  -3.884571865609e-05   3.787103783924e-06   5.166503102939e-08  -4.303821293796e-02  -1.243503969834e-04  -1.128814590077e-01  -8.469966863308e-02  -1.925878583333e-02   2.052504782754e-03  -4.725110611015e-02  -8.374396608515e-03   2.051669370204e-02
   9.476231762878e-06   7.930270088797e-06  -1.556403612058e-10   2.283436350063e-08  -1.778499050618e-01   2.019997234139e-04  -2.043524288173e-10   4.185054185163e-08  -2.306280384650e-01   3.217576713495e-04  -5.539447105111e-09  -2.218005128101e-08  -1.177956477159e-01   2.446816427064e-04  -5.222491784497e-09  -3.251614818064e-08   9.177801301016e-03   4.226104248448e-07  -2.091955489504e-04   8.182496216882e-02  -6.906908860694e-05  -7.827260223536e-05  -6.726206850405e-02  -5.035954058531e-02  -1.122251736333e-02   1.432211121457e-03   3.180425580249e-02   1.403346929864e-02  -3.078458759377e-02  -6.689462188057e-02  -5.008398096178e-02  -1.116004770836e-02   1.425445601721e-03  -3.723290782350e-03  -3.439470038696e-02  -3.091759561139e-02   2.028516494597e-01   1.521905913240e-01   3.467492416481e-02  -3.551963708194e-03  -4.097538708291e-05  -1.242729006014e-04   6.846636974479e-02  -6.718115575028e-02  -5.029887423176e-02  -1.120877345236e-02   1.430717714216e-03  -2.803994548404e-02   2.048546893379e-02  -3.081390460410e-02
  -5.898656582156e-09  -8.394321125813e-09  -8.155027696375e-02   2.736285631839e-02   5.255757531590e-07  -1.738013264024e-07  -1.950778013882e-01   6.545504891721e-02   1.259848787299e-06  -1.618466371478e-07  -1.595492250323e-01   5.353404561161e-02   1.051127853334e-06  -8.555987536770e-08  -6.336653674281e-02   2.126158307086e-02   4.226104248448e-07   1.398875883480e+00   2.694214154912e-02   7.278445777460e-07  -8.056216279245e-02   1.190460624779e-04  -9.172189361168e-03  -3.692428645666e-02  -4.944553190475e-02  -1.451546769268e-02  -3.261170122160e-01   1.171767740427e-01  -1.699801588780e-01  -2.660700502264e-03  -1.071145087313e-02  -1.434386016258e-02  -4.210871636900e-03  -3.365021954641e-01   1.098250946256e-01  -4.904106823100e-02  -4.959943169273e-09  -5.748363943419e-08  -1.174814404340e-07  -7.151295945192e-08  -1.790484870313e-02   6.271176288297e-03   7.677942616992e-07   1.183317455054e-02   4.763561422547e-02   6.378918340184e-02   1.872617205661e-02  -3.251817453024e-01   1.041779072362e-01   2.190270758793e-01
   2.923420640632e-08   1.959655122959e-08   5.245201649306e-07  -6.006972174675e-02  -2.694161957811e-04   3.497027174078e-07   1.258547556236e-06  -1.436852522371e-01  -6.439191677538e-04   3.239553013557e-07   1.050100539587e-06  -1.175472737101e-01  -5.266038739839e-04   1.565651659710e-07   4.220978323455e-07  -4.669567072365e-02  -2.091955489504e-04   2.694214154912e-02   1.461067787183e+00   2.368966120512e-04   6.358163668555e-07  -8.042602394753e-02  -3.526733933654e-03  -1.413021624157e-02  -1.894342073862e-02  -5.561860603125e-03  -1.700365342485e-01   2.919899211468e-02   7.003531644855e-02   8.643988295098e-03   3.463403643759e-02   4.643109970896e-02   1.363264762477e-02  -4.905713938241e-02  -3.495894887658e-01  -1.745586239384e-01   3.045228941933e-05   1.246577674358e-04   1.671326728597e-04   4.909940185008e-05   7.638310452778e-07  -3.690278812900e-01  -1.404531589593e-03  -5.148334420325e-03  -2.062696065743e-02  -2.765314318224e-02  -8.119110583185e-03   2.190995234453e-01  -5.598422179617e-02   1.026152695813e-01
   8.996493358810e-06   2.795170567207e-05  -7.669162648658e-05  -2.322613089634e-04   1.054177739505e-01   9.166763228343e-04  -1.834624003372e-04  -5.555797563056e-04   2.519506845807e-01   1.092791566922e-03  -1.500607868440e-04  -4.543320029867e-04   2.060041860901e-01   6.860792441653e-04  -5.960308710177e-05  -1.804351537327e-04   8.182496216882e-02   7.278445777460e-07   2.368966120512e-04   1.338396081552e+00   7.792317286820e-05  -1.703320152815e-04   5.304469045052e-03   2.169226733948e-02   2.943034860779e-02   8.956640123996e-03   8.418126303909e-02   3.709996424556e-02   2.595938244410e-01   5.333418789777e-03   2.180897403263e-02   2.958652681119e-02   9.002522511787e-03  -1.009271041228e-02  -9.312631297749e-02   2.588360253489e-01  -1.587191394031e-02  -6.450822331361e-02  -8.613416733166e-02  -2.495004489829e-02  -4.239163623087e-04  -1.285478442502e-03   5.148223099769e-01   5.310975717060e-03   2.171798602289e-02   2.946480144310e-02   8.966764271188e-03  -7.461165015191e-02   5.444507097826e-02   2.594273966831e-01
   5.328244096137e-09   3.263162733024e-10  -6.027069397531e-02   5.245219482522e-07  -8.897715518662e-05  -1.170655482693e-08  -1.441662146719e-01   1.258549765346e-06  -2.126450477914e-04  -1.150616397240e-08  -1.179407273411e-01   1.050102274679e-06  -1.738792524411e-04  -1.094457728875e-08  -4.685193844871e-02   4.220986801207e-07  -6.906908860694e-05  -8.056216279245e-02   6.358163668555e-07   7.792317286820e-05   1.460672172333e+00  -2.698707121741e-02  -7.993039106729e-03  -3.202518078229e-02  -4.293359898589e-02  -1.260567392894e-02  -2.811772153180e-01  -1.700360485478e-01   1.588402877902e-01   9.357722216382e-04   3.749384323852e-03   5.026425503450e-03   1.475803461416e-03   9.822791621237e-02  -4.905699913190e-02  -1.890987654848e-02   1.005105442652e-05   4.109742852881e-05   5.506953361595e-05   1.615080510185e-05  -3.690746648141e-01   7.638326092027e-07  -4.631663883327e-04   7.047212884979e-03   2.823506723524e-02   3.785241544532e-02   1.111380078791e-02  -1.958592900306e-01   2.190988974973e-01  -1.405607443263e-01
  -1.425636399878e-08  -2.267090376477e-08  -2.731874381927e-02  -8.168391874856e-02  -1.007745697407e-04  -8.398989191094e-07  -6.534961238873e-02  -1.953971231229e-01  -2.408367769161e-04  -1.072724262793e-06  -5.344776339149e-02  -1.598102947848e-01  -1.970069951319e-04  -6.886195345556e-07  -2.122729346597e-02  -6.347023430052e-02  -7.827260223536e-05   1.190460624779e-04  -8.042602394753e-02  -1.703320152815e-04  -2.698707121741e-02   1.398557612466e+00  -8.369956102766e-03  -3.369491539301e-02  -4.512145067898e-02  -1.324635510469e-02  -1.039172733838e-01  -3.319933390760e-01  -1.551373731607e-01   1.214541327214e-02   4.889455236364e-02   6.547479356602e-02   1.922069306377e-02  -1.112801335132e-01  -3.229992332862e-01   2.238351750036e-01  -4.184427467526e-08  -5.115541081880e-07  -8.207411962683e-07  -5.896054683020e-07  -6.000057980264e-03  -1.872694670910e-02  -2.392786843221e-05  -3.775916257797e-03  -1.520055452090e-02  -2.035560827536e-02  -5.975993648926e-03  -1.157059955506e-01  -3.336412314071e-01  -6.991500744463e-02
  -1.309712828960e-01  -1.521924621832e-01  -3.576838172221e-01  -1.578249330215e-01  -1.374195578205e-01  -4.160187658568e-01  -3.784703627633e-01  -1.669968201486e-01  -1.454509349161e-01  -3.993377384396e-01  -3.413549254855e-01  -1.506199530271e-01  -1.311681412155e-01  -2.711483955840e-01  -1.750412755986e-01  -7.723547576632e-02  -6.726206850405e-02  -9.172189361168e-03  -3.526733933654e-03   5.304469045052e-03  -7.993039106729e-03  -8.369956102766e-03   5.450254490245e-01  -4.950931324060e-01  -4.797156825142e-01  -2.791335965391e-01   2.279088013101e-01   1.005628258973e-01   8.730243824951e-02  -1.051082176223e-02  -1.149184759607e-01  -2.134186254987e-01  -1.952127778371e-01  -7.893709943033e-02  -8.909115946389e-02  -8.027277096623e-03  -1.100020502894e-02  -1.160762518249e-01  -2.142119355040e-01  -1.955079265676e-01  -7.355600897617e-02  -3.239707362382e-02  -9.013618740456e-02  -1.051022905899e-02  -1.149169244246e-01  -2.134175349686e-01  -1.952123700619e-01  -1.190224512687e-01   1.684767049587e-03  -7.941696568106e-03
  -9.527208683769e-01  -9.087152743373e-01  -3.281665050126e-01  -1.448006985509e-01  -1.259211264476e-01  -8.396100420405e-01  -3.143811383855e-01  -1.387181315170e-01  -1.204384252885e-01  -6.392567936239e-01  -2.215818361756e-01  -9.777123181577e-02  -8.487043044944e-02  -3.955272580673e-01  -1.313407088990e-01  -5.795302939511e-02  -5.035954058531e-02  -3.692428645666e-02  -1.413021624157e-02   2.169226733948e-02  -3.202518078229e-02  -3.369491539301e-02  -4.950931324060e-01  -5.246599948912e-01  -5.338523382049e-01  -3.626062939185e-01   4.022228219432e-01   1.774774108246e-01   1.542382413632e-01  -1.149185161623e-01  -2.924770771197e-01  -3.744265502577e-01  -2.985660517020e-01  -1.027823054059e-01  -2.185770990837e-01   3.186515012506e-02  -1.160882978016e-01  -2.938545115323e-01  -3.752136625496e-01  -2.988570519637e-01  -8.327448069268e-02  -3.655856953664e-02  -2.269505821956e-01  -1.149169089128e-01  -2.924751164903e-01  -3.744254736295e-01  -2.985656605227e-01  -2.307584774170e-01   7.122128355915e-02   3.213829038872e-02
  -1.015226450014e+00  -9.641189912339e-01  -1.566255386822e-01  -6.910979193332e-02  -5.993245758112e-02  -9.259873467467e-01  -1.819956333563e-01  -8.030451047484e-02  -6.920300806073e-02  -7.024391491515e-01  -9.002116580349e-02  -3.972160383784e-02  -3.395027541626e-02  -4.093543736504e-01  -2.986360764649e-02  -1.317729764929e-02  -1.122251736333e-02  -4.944553190475e-02  -1.894342073862e-02   2.943034860779e-02  -4.293359898589e-02  -4.512145067898e-02  -4.797156825142e-01  -5.338523382049e-01  -4.719311595969e-01  -3.350807706632e-01   3.198258480289e-01   1.411204327449e-01   1.227090433747e-01  -2.134187585130e-01  -3.744267181869e-01  -4.296748754671e-01  -3.207822501565e-01  -5.569003705514e-02  -2.430404247580e-01   6.866097975559e-02  -2.142155097449e-01  -3.753297475482e-01  -4.301950851807e-01  -3.209540636465e-01  -3.083914808902e-02  -1.337412910741e-02  -2.570781027550e-01  -2.134174871070e-01  -3.744254003247e-01  -4.296742979224e-01  -3.207820813262e-01  -2.170915800915e-01   1.224467711022e-01   6.900570198053e-02
  -6.219939823568e-01  -5.951724275030e-01  -4.392816446254e-02  -1.938303638795e-02  -1.672975763626e-02  -6.503416831357e-01  -6.032747763934e-02  -2.661947138635e-02  -2.267230126514e-02  -5.217609421413e-01  -3.492529764703e-02  -1.541105905026e-02  -1.292205896997e-02  -2.900425561839e-01   3.183129679947e-03   1.404259624590e-03   1.432211121457e-03  -1.451546769268e-02  -5.561860603125e-03   8.956640123996e-03  -1.260567392894e-02  -1.324635510469e-02  -2.791335965391e-01  -3.626062939185e-01  -3.350807706632e-01  -2.224041769526e-01   1.860458592258e-01   8.209114544780e-02   7.139932840487e-02  -1.952128972548e-01  -2.985662026178e-01  -3.207822827229e-01  -2.261130331770e-01  -3.052827741957e-02  -1.790659284750e-01   5.654987003914e-02  -1.954933416800e-01  -2.989835757401e-01  -3.210678660369e-01  -2.261882019627e-01  -1.167379964489e-02  -4.974306502421e-03  -1.901376250046e-01  -1.952123288984e-01  -2.985655919455e-01  -3.207820568691e-01  -2.261130113366e-01  -1.528687980068e-01   9.796865938660e-02   5.681129814875e-02
   9.650439855452e-01   9.451312880278e-01   8.740856653616e-02   1.168438504398e-01   1.015311687801e-01   5.177162323688e-01  -1.187814417567e-01  -3.001915100503e-02  -2.622932485836e-02   3.809373635812e-01   9.641051253132e-02   5.763614732496e-02   4.999620558696e-02   2.198039566546e-01   4.011193060855e-02   3.662601510714e-02   3.180425580249e-02  -3.261170122160e-01  -1.700365342485e-01   8.418126303909e-02  -2.811772153180e-01  -1.039172733838e-01   2.279088013101e-01   4.022228219432e-01   3.198258480289e-01   1.860458592258e-01   1.172553016059e+00  -1.306861835858e-01  -1.135802002920e-01   6.096858555367e-02   1.770737025136e-01   2.146175200725e-01   1.613018018209e-01   5.440007406167e-02   1.856800562313e-01  -1.947187325288e-02   5.343195896731e-02   1.682599825222e-01   2.115230772397e-01   1.601027950904e-01   3.322560274994e-02   3.518356028371e-02   1.791163199735e-01   1.166336981833e-01   2.406349023258e-01   2.382197425508e-01   1.702541257513e-01   2.457554054986e-01  -7.515035846804e-02  -3.027427936227e-02
   4.258174250129e-01   4.170311222687e-01   1.168438555521e-01  -1.258423598950e-01   4.479997120161e-02   2.284379011616e-01  -3.001915951172e-02  -6.399403899648e-02  -1.157310811527e-02   1.680853730595e-01   5.763613143899e-02  -8.780907201402e-03   2.206067710477e-02   9.698661939012e-02   3.662600441567e-02  -2.673396933542e-02   1.403346929864e-02   1.171767740427e-01   2.919899211468e-02   3.709996424556e-02  -1.700360485478e-01  -3.319933390760e-01   1.005628258973e-01   1.774774108246e-01   1.411204327449e-01   8.209114544780e-02  -1.306861835858e-01   1.411067054700e+00  -5.011615038603e-02   1.022510296439e-01   1.641682627485e-01   1.266461982395e-01   8.329089249127e-02   9.921203954274e-02   1.450571594899e-01  -2.277739957767e-02   2.349535139516e-02   7.415147349312e-02   9.329868847603e-02   7.063105348154e-02   3.527675864257e-02  -3.132892002737e-02   7.891278179533e-02  -2.380502348107e-02   2.023300357918e-02   7.319806359554e-02   6.301810793784e-02   1.122523492605e-02  -4.629080933231e-02   9.471494570897e-04
   3.701155167626e-01   3.624782614840e-01   1.015761729012e-01   4.481982622958e-02  -1.386106800587e-01   1.986483379236e-01  -2.603706869881e-02  -1.148827437418e-02  -6.102278437098e-02   1.462139035924e-01   5.014752683160e-02   2.212745159754e-02  -1.521436092130e-02   8.436872010932e-02   3.185269920678e-02   1.405484821150e-02  -3.078458759377e-02  -1.699801588780e-01   7.003531644855e-02   2.595938244410e-01   1.588402877902e-01  -1.551373731607e-01   8.730243824951e-02   1.542382413632e-01   1.227090433747e-01   7.139932840487e-02  -1.135802002920e-01  -5.011615038603e-02   1.425061408459e+00  -7.764543449012e-03   3.239042059928e-02   6.916823228629e-02   5.690985223644e-02   1.611144528012e-02   2.605037989970e-02  -4.812645219925e-02   1.057626986631e-01   1.610879431328e-01   1.169814718583e-01   7.504276376724e-02   8.122798461794e-02   3.568463250733e-02   1.487206574113e-01  -7.883866673144e-03   3.225395156811e-02   6.911745438510e-02   5.689061849515e-02   2.991849808518e-02  -5.584787155568e-03  -4.813318361298e-02
  -1.309719835784e-01  -1.521932441958e-01   4.210462360072e-02   3.889471342144e-01  -1.366690874816e-01  -4.160196104243e-01   4.455146048488e-02   4.115501794033e-01  -1.446565573768e-01  -3.993383054132e-01   4.018242113731e-02   3.711906115458e-01  -1.304516722693e-01  -2.711486429683e-01   2.060488235873e-02   1.903404463170e-01  -6.689462188057e-02  -2.660700502264e-03   8.643988295098e-03   5.333418789777e-03   9.357722216382e-04   1.214541327214e-02  -1.051082176223e-02  -1.149185161623e-01  -2.134187585130e-01  -1.952128972548e-01   6.096858555367e-02   1.022510296439e-01  -7.764543449012e-03   5.450247098124e-01  -4.950937547294e-01  -4.797160112001e-01  -2.791337582087e-01  -2.682816728465e-02  -2.478285970930e-01   8.682496002079e-02  -1.099916348382e-02  -1.160738633661e-01  -2.142104110393e-01  -1.955074287513e-01   8.683809655917e-03   8.007691541179e-02  -8.997843016838e-02  -1.051101232677e-02  -1.149189531081e-01  -2.134190558282e-01  -1.952130081539e-01  -3.769064466575e-02   1.129230344711e-01  -7.788683950137e-03
  -9.527227081046e-01  -9.087169784666e-01   3.862991593458e-02   3.568491273777e-01  -1.252327487687e-01  -8.396111349159e-01   3.700710030036e-02   3.418583014469e-01  -1.197791665821e-01  -6.392574115034e-01   2.608329039724e-02   2.409480744528e-01  -8.440571544342e-02  -3.955275378898e-01   1.546065584338e-02   1.428199692825e-01  -5.008398096178e-02  -1.071145087313e-02   3.463403643759e-02   2.180897403263e-02   3.749384323852e-03   4.889455236364e-02  -1.149184759607e-01  -2.924770771197e-01  -3.744267181869e-01  -2.985662026178e-01   1.770737025136e-01   1.641682627485e-01   3.239042059928e-02  -4.950937547294e-01  -5.246607298362e-01  -5.338527395615e-01  -3.626064891248e-01  -4.734747226056e-02  -4.373784352109e-01   1.533950955717e-01  -1.160858682540e-01  -2.938519824320e-01  -3.752124085254e-01  -2.988566610948e-01   9.882597779711e-03   9.084747961078e-02  -2.267732377011e-01  -1.149188973941e-01  -2.924774943155e-01  -3.744269534244e-01  -2.985662944863e-01  -1.378900731588e-01   1.982365107122e-01   3.231325451502e-02
  -1.015227096882e+00  -9.641196010230e-01   1.843700141969e-02   1.703145835945e-01  -5.960402943620e-02  -9.259877939745e-01   2.142325417156e-02   1.979010431815e-01  -6.882175740623e-02  -7.024393476796e-01   1.059656122809e-02   9.788774116266e-02  -3.376191645530e-02  -4.093544463973e-01   3.515286417833e-03   3.247312924655e-02  -1.116004770836e-02  -1.434386016258e-02   4.643109970896e-02   2.958652681119e-02   5.026425503450e-03   6.547479356602e-02  -2.134186254987e-01  -3.744265502577e-01  -4.296748754671e-01  -3.207822827229e-01   2.146175200725e-01   1.266461982395e-01   6.916823228629e-02  -4.797160112001e-01  -5.338527395615e-01  -4.719313194721e-01  -3.350808269987e-01  -3.764814889815e-02  -3.477797315109e-01   1.220384057841e-01  -2.142138515210e-01  -3.753283251088e-01  -4.301944948519e-01  -3.209539042741e-01   3.730862202659e-03   3.390547395641e-02  -2.570119180949e-01  -2.134188749517e-01  -3.744267121902e-01  -4.296749448212e-01  -3.207823063006e-01  -1.826066386556e-01   1.696119815975e-01   6.907079475082e-02
  -6.219941229966e-01  -5.951725620554e-01   5.170917819316e-03   4.776731879544e-02  -1.663765389273e-02  -6.503417998630e-01   7.101212361233e-03   6.559924072039e-02  -2.254594030338e-02  -5.217609893590e-01   4.111023917782e-03   3.797676009289e-02  -1.284899625057e-02  -2.900425625865e-01  -3.747777886344e-04  -3.461826588534e-03   1.425445601721e-03  -4.210871636900e-03   1.363264762477e-02   9.002522511787e-03   1.475803461416e-03   1.922069306377e-02  -1.952127778371e-01  -2.985660517020e-01  -3.207822501565e-01  -2.261130331770e-01   1.613018018209e-01   8.329089249127e-02   5.690985223644e-02  -2.791337582087e-01  -3.626064891248e-01  -3.350808269987e-01  -2.224041865982e-01  -2.190029869337e-02  -2.023069232914e-01   7.100914905695e-02  -1.954927242207e-01  -2.989830337771e-01  -3.210676740590e-01  -2.261882063043e-01   1.450368133965e-03   1.297489928720e-02  -1.901125420698e-01  -1.952128475726e-01  -2.985660749933e-01  -3.207822492770e-01  -2.261130228697e-01  -1.397886698302e-01   1.158583379045e-01   5.683595537138e-02
  -1.135998674581e-01  -1.112558192727e-01  -1.737297369038e-01   3.389602451359e-02  -1.188622935394e-02  -6.094275818096e-02  -5.169122636313e-02  -8.708412983339e-03   3.070859608650e-03  -4.484189001782e-02  -3.240270311016e-02   1.672013386459e-02  -5.852961035214e-03  -2.587412094666e-02  -4.174485057773e-02   1.062511540996e-02  -3.723290782350e-03  -3.365021954641e-01  -4.905713938241e-02  -1.009271041228e-02   9.822791621237e-02  -1.112801335132e-01  -7.893709943033e-02  -1.027823054059e-01  -5.569003705514e-02  -3.052827741957e-02   5.440007406167e-02   9.921203954274e-02   1.611144528012e-02  -2.682816728465e-02  -4.734747226056e-02  -3.764814889815e-02  -2.190029869337e-02   1.464626660031e+00  -3.791167946404e-02   1.329699063015e-02  -6.324402158318e-03  -1.984599994790e-02  -2.491390232421e-02  -1.885195870282e-02  -4.571265674211e-02   1.029657518706e-02  -2.111646342497e-02   5.806507008046e-02   5.365104807594e-02   2.398993163810e-03  -8.495170282011e-03  -9.663576468460e-04  -6.723650038646e-02  -1.014205669681e-02
  -1.049393595135e+00  -1.027740149225e+00   3.389602387926e-02   1.357196659050e-01  -1.098010774540e-01  -5.629667471151e-01  -8.708407233310e-03  -1.311939225121e-01   2.836659663453e-02  -4.142329237592e-01   1.672013840197e-02   1.202414293566e-01  -5.406822006515e-02  -2.390156594263e-01   1.062511478687e-02   5.525568381196e-02  -3.439470038696e-02   1.098250946256e-01  -3.495894887658e-01  -9.312631297749e-02  -4.905699913190e-02  -3.229992332862e-01  -8.909115946389e-02  -2.185770990837e-01  -2.430404247580e-01  -1.790659284750e-01   1.856800562313e-01   1.450571594899e-01   2.605037989970e-02  -2.478285970930e-01  -4.373784352109e-01  -3.477797315109e-01  -2.023069232914e-01  -3.791167946404e-02   1.118516432455e+00   1.228323037284e-01  -5.822834682162e-02  -1.831101142651e-01  -2.300638817108e-01  -1.741165079393e-01   1.032284026331e-02   4.815872980795e-02  -1.947771489441e-01  -1.039106311899e-01  -2.354981356596e-01  -2.493238431610e-01  -1.814492182497e-01  -1.537305996156e-01   2.004215345142e-01   2.880550229603e-02
   3.680929946494e-01   3.604973668918e-01  -1.189150992765e-02  -1.098498575519e-01  -1.390354283801e-01   1.975628060938e-01   3.048298994544e-03   2.815821096515e-02  -6.091279849320e-02   1.454150186072e-01  -5.870719123955e-03  -5.423224637297e-02  -1.542340848418e-02   8.390770625469e-02  -3.728976833251e-03  -3.444722729006e-02  -3.091759561139e-02  -4.904106823100e-02  -1.745586239384e-01   2.588360253489e-01  -1.890987654848e-02   2.238351750036e-01  -8.027277096623e-03   3.186515012506e-02   6.866097975559e-02   5.654987003914e-02  -1.947187325288e-02  -2.277739957767e-02  -4.812645219925e-02   8.682496002079e-02   1.533950955717e-01   1.220384057841e-01   7.100914905695e-02   1.329699063015e-02   1.228323037284e-01   1.425536191434e+00   1.056478735520e-01   1.607339173711e-01   1.165373797824e-01   7.470676057572e-02  -9.609221733223e-03  -8.839240379500e-02   1.481731312181e-01  -7.993587650920e-03   3.190364547809e-02   6.867529475958e-02   5.655529355647e-02   1.418201896058e-02  -2.645994714419e-02  -4.812476397883e-02
  -1.312506643089e-01  -1.524796038322e-01  -1.522482509548e-04  -4.616609372703e-04   4.147142956812e-01  -4.161161446922e-01  -1.610008050344e-04  -4.881855977667e-04   4.386225362416e-01  -3.993544447864e-01  -1.452181908539e-04  -4.403235652516e-04   3.956076320750e-01  -2.711271500153e-01  -7.445888870651e-05  -2.257655948150e-04   2.028516494597e-01  -4.959943169273e-09   3.045228941933e-05  -1.587191394031e-02   1.005105442652e-05  -4.184427467526e-08  -1.100020502894e-02  -1.160882978016e-01  -2.142155097449e-01  -1.954933416800e-01   5.343195896731e-02   2.349535139516e-02   1.057626986631e-01  -1.099916348382e-02  -1.160858682540e-01  -2.142138515210e-01  -1.954927242207e-01  -6.324402158318e-03  -5.822834682162e-02   1.056478735520e-01   5.448832878746e-01  -4.952666722278e-01  -4.797703472786e-01  -2.791287017434e-01   9.708839602208e-05   2.944661720579e-04  -2.641116262632e-01  -1.099999106603e-02  -1.160877554666e-01  -2.142151319813e-01  -1.954932007971e-01  -4.722325825351e-02   3.438245470157e-02   1.057373832168e-01
  -9.534304767639e-01  -9.093560441641e-01  -1.396897520653e-04  -4.235754766724e-04   3.803334575383e-01  -8.400832763270e-01  -1.338697069672e-04  -4.059576420812e-04   3.643381046813e-01  -6.396386163573e-01  -9.434116144476e-05  -2.861158186341e-04   2.567652849140e-01  -3.957366187746e-01  -5.589886302702e-05  -1.695219329668e-04   1.521905913240e-01  -5.748363943419e-08   1.246577674358e-04  -6.450822331361e-02   4.109742852881e-05  -5.115541081880e-07  -1.160762518249e-01  -2.938545115323e-01  -3.753297475482e-01  -2.989835757401e-01   1.682599825222e-01   7.415147349312e-02   1.610879431328e-01  -1.160738633661e-01  -2.938519824320e-01  -3.753283251088e-01  -2.989830337771e-01  -1.984599994790e-02  -1.831101142651e-01   1.607339173711e-01  -4.952666722278e-01  -5.250155241038e-01  -5.341732558781e-01  -3.627918890805e-01   1.713241382653e-04   5.195789732429e-04  -4.662899170180e-01  -1.160756938007e-01  -2.938538408066e-01  -3.753293767640e-01  -2.989834404556e-01  -1.485905814681e-01   1.084233156385e-01   1.610098612341e-01
