ARMA_MAT_TXT_FN008
50 50
  -1.875074465954e+01  -1.935000657673e+01  -1.142477576486e-07  -3.487159576378e-07   2.753208956217e-04  -6.747403916403e+00  -5.272049068239e-08  -1.609800373469e-07   1.270643762103e-04  -3.044577125839e+00  -1.677403165173e-08  -5.126750059652e-08   4.044001004092e-05  -1.282988872405e+00  -4.217659237534e-09  -1.289820648099e-08   1.017009093811e-05  -6.672897161150e-09   2.025757545622e-08   3.107161543354e-05   1.803249112314e-09  -3.221158793044e-08  -2.015194812031e-01  -1.465142322176e+00  -1.560672758839e+00  -9.558536185003e-01   1.491565396880e+00   6.581405020150e-01   5.720652092643e-01  -2.015205787549e-01  -1.465145153483e+00  -1.560673757092e+00  -9.558538360888e-01  -1.755791797208e-01  -1.621935569045e+00   5.689391653239e-01  -2.019435712497e-01  -1.466235291578e+00  -1.561060273646e+00  -9.559383145639e-01   6.356067119649e-04   1.927546754550e-03  -1.729982629348e+00  -2.015190452777e-01  -1.465141197712e+00  -1.560672362140e+00  -9.558535320070e-01  -1.316613942598e+00   9.618859705635e-01   5.713755701675e-01
  -1.935000657673e+01  -1.699339167016e+01  -1.587056719459e-07  -4.844104315362e-07   3.824573087045e-04  -7.089337516204e+00  -4.931624396285e-08  -1.505217481934e-07   1.188438772650e-04  -3.236489235958e+00  -1.288139158299e-08  -3.931270117619e-08   3.104111487506e-05  -1.364669367174e+00  -3.014173336663e-09  -9.198344944197e-09   7.263296359910e-06  -3.346620375079e-09   1.015957661063e-08   1.551559761460e-05   9.043578915626e-10  -1.607237269702e-08  -2.153873777791e-01  -1.562106694233e+00  -1.660116334042e+00  -1.016651371119e+00   1.626482578128e+00   7.176715599762e-01   6.238047032653e-01  -2.153886068270e-01  -1.562109702291e+00  -1.660117396297e+00  -1.016651602808e+00  -1.914609020613e-01  -1.768645052891e+00   6.203958675669e-01  -2.158557851190e-01  -1.563259408835e+00  -1.660523729031e+00  -1.016740237956e+00   6.930812432362e-04   2.101845919398e-03  -1.886410978681e+00  -2.153868903616e-01  -1.562105500529e+00  -1.660115912459e+00  -1.016651279166e+00  -1.435706200966e+00   1.048891868032e+00   6.230527015754e-01
  -1.142477576486e-07  -1.587056719459e-07  -6.378308227812e+00  -4.786163326775e-08   1.293371488555e-08  -4.226854450420e-07  -4.291186572695e+00  -5.161817848848e-08   1.395008128631e-08  -2.684434529003e-07  -1.616562633070e+00  -2.131497597001e-08   5.761565840742e-09  -1.270858418691e-07  -4.345888602960e-01  -5.824510859297e-09   1.574568564726e-09  -3.029163046505e-02   1.884251717336e-07  -2.838301660248e-05  -2.193385748276e-02  -1.014746535831e-02  -7.559574051017e-01  -1.119007795662e+00  -4.306909302584e-01  -1.002194102731e-01   1.391481151665e+00   9.222738194776e-01   8.017294076572e-01   8.898727761795e-02   1.317232289391e-01   5.069831994833e-02   1.179714668655e-02  -6.697375961219e-01   2.675489391798e-01  -9.385913276422e-02  -3.221891398934e-04  -4.765652169281e-04  -1.834410491523e-04  -4.274035588398e-05  -6.996312279842e-01   1.147402031505e-06  -1.031301785211e-03   6.672882257868e-01   9.877557710166e-01   3.801737756670e-01   8.846424352294e-02   9.299111171650e-01  -1.189821624713e+00  -7.068397419174e-01
  -3.487159576378e-07  -4.844104315362e-07  -4.786163326775e-08  -6.378307767439e+00   1.452973532219e-07  -1.292075682298e-06  -5.161817848848e-08  -4.291186065692e+00   1.567079120149e-07  -8.232993790832e-07  -2.131497597001e-08  -1.616562415993e+00   6.471558442172e-08  -3.905224717027e-07  -5.824510859297e-09  -4.345887998540e-01   1.768493023335e-08   1.016344786459e-02  -2.185916913935e-02  -8.595664420105e-05   1.884251717336e-07  -3.034001842371e-02  -3.335597897867e-01  -4.937529082985e-01  -1.900390590789e-01  -4.422120579803e-02   9.222740837761e-01  -2.917528338746e-01   3.537563797450e-01   8.220316380493e-01   1.216811032057e+00   4.683331386276e-01   1.089782447673e-01   2.675489914900e-01   1.772818078823e+00  -8.670362006276e-01  -9.770822805580e-04  -1.445268274479e-03  -5.563244852126e-04  -1.296221921399e-04   1.147424594467e-06  -6.996280346993e-01  -3.127576764626e-03  -4.875045190073e-01  -7.216306014941e-01  -2.777461857234e-01  -6.463016863146e-02  -1.189821941344e+00   1.705572317728e-01   5.164000078244e-01
   2.753208956217e-04   3.824573087045e-04   1.293371488555e-08   1.452973532219e-07  -6.377923197476e+00   1.019088306822e-03   1.395008128631e-08   1.567079120149e-07  -4.290763873892e+00   6.478859253282e-04   5.761565840742e-09   6.471558442172e-08  -1.616382610144e+00   3.069084544353e-04   1.574568564726e-09   1.768493023335e-08  -4.345388700953e-01   1.884251717336e-07  -1.004933163426e-04   3.961599774926e-02  -3.317832055328e-05  -3.734417170455e-05  -2.898840596212e-01  -4.288558715535e-01  -1.648118136694e-01  -3.820110527402e-02   8.013720069311e-01   3.535985783573e-01  -3.913133362291e-01  -2.882997429633e-01  -4.265098248785e-01  -1.639087115965e-01  -3.799094655743e-02  -9.381715041532e-02  -8.666482137006e-01  -3.946674894115e-01   8.768973075026e-01   1.296963996925e+00   4.991848057308e-01   1.162860343569e-01  -1.031214593798e-03  -3.127250935703e-03   2.107175472590e+00  -2.895345509988e-01  -4.283389364386e-01  -1.646129283090e-01  -3.815483217465e-02  -7.065244108198e-01   5.161694972210e-01  -3.920526080480e-01
  -6.747403916403e+00  -7.089337516204e+00  -4.226854450420e-07  -1.292075682298e-06   1.019088306822e-03  -7.873263749812e+00  -6.301536407866e-07  -1.996136529169e-06   1.536607514627e-03  -5.377841906559e+00  -3.535976154734e-07  -1.182727079853e-06   8.777608177288e-04  -2.738073797379e+00  -1.111593299539e-07  -3.815025066853e-07   2.783412983453e-04  -1.346177384175e-07   4.088956977031e-07   7.509429525154e-04   3.642549473270e-08  -8.014321428755e-07  -1.204242656308e+00  -2.913671573339e+00  -3.134716663530e+00  -2.090177028220e+00   2.419015194426e+00   1.067369629191e+00   9.280481212870e-01  -1.204245570752e+00  -2.913675419789e+00  -3.134718323453e+00  -2.090177453258e+00  -2.847532372122e-01  -2.630444940648e+00   9.229763218841e-01  -1.205646029254e+00  -2.915755091383e+00  -3.135714919182e+00  -2.090441459030e+00   1.030304287364e-03   3.124450082482e-03  -2.804455248106e+00  -1.204241467404e+00  -2.913669978624e+00  -3.134715964748e+00  -2.090176848386e+00  -2.135281201988e+00   1.559984028876e+00   9.269302313998e-01
  -5.272049068239e-08  -4.931624396285e-08  -4.291186572695e+00  -5.161817848848e-08   1.395008128631e-08  -6.301536407866e-07  -5.145869371772e+00  -1.221957327130e-07   3.308714678629e-08  -6.443613599527e-07  -3.165510567079e+00  -6.793090222279e-08   1.846019920607e-08  -3.693068322471e-07  -1.095480972959e+00  -2.030103066902e-08   5.529193171025e-09  -1.227031962869e-01   7.825624633998e-07  -1.151828607239e-04  -8.975807341183e-02  -4.110460901410e-02  -1.761127544930e+00  -2.112211946006e+00  -9.761887126577e-01  -2.606957597126e-01   1.237121202510e+00   1.115838479537e+00   9.702326823955e-01   2.073101946355e-01   2.486374420670e-01   1.149109398134e-01   3.068729233484e-02  -1.256701738548e+00   3.237012644328e-01  -1.135859186572e-01  -7.501929265264e-04  -8.995285344410e-04  -4.158460201713e-04  -1.112147071521e-04  -1.293167409375e+00   1.388245143516e-06  -1.247504960202e-03   1.554559098393e+00   1.864464071729e+00   8.616882532863e-01   2.301175660738e-01   6.786787065859e-01  -1.439539273795e+00  -8.554000796143e-01
  -1.609800373469e-07  -1.505217481934e-07  -5.161817848848e-08  -4.291186065692e+00   1.567079120149e-07  -1.996136529169e-06  -1.221957327130e-07  -5.145867786169e+00   3.712683564888e-07  -2.155284980252e-06  -6.793090222279e-08  -3.165509329403e+00   2.066910157056e-07  -1.267473295293e-06  -2.030103066902e-08  -1.095480539218e+00   6.182377749759e-08   4.117012838410e-02  -8.945545684666e-02  -3.487445152412e-04   7.825624633998e-07  -1.229013681130e-01  -7.770825815508e-01  -9.319960254421e-01  -4.307359331632e-01  -1.150305864481e-01   1.115838976338e+00  -7.993863726101e-01   4.281071285647e-01   1.915055064170e+00   2.296821606423e+00   1.061506552302e+00   2.834793615287e-01   3.237013393808e-01   1.698489678457e+00  -1.049265184806e+00  -2.275067495745e-03  -2.728048275548e-03  -1.261277094545e-03  -3.373979493746e-04   1.388311888560e-06  -1.293163366196e+00  -3.783280500975e-03  -1.135722993811e+00  -1.362132595501e+00  -6.295297413945e-01  -1.681193843322e-01  -1.439539845610e+00  -2.400473068511e-01   6.249347226435e-01
   1.270643762103e-04   1.188438772650e-04   1.395008128631e-08   1.567079120149e-07  -4.290763873892e+00   1.536607514627e-03   3.308714678629e-08   3.712683564888e-07  -5.144595310972e+00   1.599544593968e-03   1.846019920607e-08   2.066910157056e-07  -3.164549597796e+00   9.247387800799e-04   5.529193171025e-09   6.182377749759e-08  -1.095148485127e+00   7.825624633998e-07  -4.058713930883e-04   1.593775227622e-01  -1.339831969302e-04  -1.513082825848e-04  -6.753303150452e-01  -8.093823116728e-01  -3.733436469300e-01  -9.924506755263e-02   9.694893186844e-01   4.277789351305e-01  -9.197978569523e-01  -6.716382504226e-01  -8.049539337163e-01  -3.712969930142e-01  -9.869848928607e-02  -1.134986122757e-01  -1.048458437860e+00  -9.238565074201e-01   2.041780041171e+00   2.447891733731e+00   1.131456589192e+00   3.025504442001e-01  -1.247288811275e-03  -3.782443340508e-03   2.101958439424e+00  -6.745165322189e-01  -8.084067530526e-01  -3.728929372823e-01  -9.912472083533e-02  -8.547442385354e-01   6.244553330246e-01  -9.206922070747e-01
  -3.044577125839e+00  -3.236489235958e+00  -2.684434529003e-07  -8.232993790832e-07   6.478859253282e-04  -5.377841906559e+00  -6.443613599527e-07  -2.155284980252e-06   1.599544593968e-03  -5.155524681738e+00  -5.611872340268e-07  -2.089723097223e-06   1.445784597485e-03  -3.401135494803e+00  -2.342083075285e-07  -9.130222244643e-07   6.135255191348e-04  -1.308047368822e-07   3.976784874028e-07   9.134419150008e-04   3.547470828901e-08  -1.003228348476e-06  -1.424565455531e+00  -2.950220377908e+00  -3.527576138260e+00  -2.708696684136e+00   1.494412914738e+00   6.593966912957e-01   5.735429628986e-01  -1.424567150967e+00  -2.950222753367e+00  -3.527577469806e+00  -2.708697125677e+00  -1.759140559504e-01  -1.625028761179e+00   5.704090290442e-01  -1.425623197054e+00  -2.952037633265e+00  -3.528801332196e+00  -2.709110474683e+00   6.363240314801e-04   1.929626077083e-03  -1.732210506638e+00  -1.424564736641e+00  -2.950219333350e+00  -3.527575530730e+00  -2.708696482059e+00  -1.319128952338e+00   9.637230516898e-01   5.728524546728e-01
  -1.677403165173e-08  -1.288139158299e-08  -1.616562633070e+00  -2.131497597001e-08   5.761565840742e-09  -3.535976154734e-07  -3.165510567079e+00  -6.793090222279e-08   1.846019920607e-08  -5.611872340268e-07  -3.554267387094e+00  -4.138005973292e-08   1.140673256544e-08  -4.269957534294e-07  -1.990343526136e+00  -1.267796409174e-08   3.546967318815e-09  -9.407672758352e-02   6.122814789213e-07  -8.833505565293e-05  -6.893660964580e-02  -3.151494163495e-02  -1.531575323861e+00  -2.107341652881e+00  -1.395672662027e+00  -5.079200505087e-01   1.128504422006e-01   5.462864147608e-01   4.751786429641e-01   1.802883631389e-01   2.480640535752e-01   1.642901548530e-01   5.978904463296e-02  -1.108062745035e+00   1.584759614549e-01  -5.562957631390e-02  -6.521201326711e-04  -8.972677590723e-04  -5.943655528146e-04  -2.164700657292e-04  -1.126116316355e+00   6.800561149142e-07  -6.106158406335e-04   1.351932467389e+00   1.860165523827e+00   1.231969912212e+00   4.483442034395e-01  -1.605486323518e-01  -7.047624822798e-01  -4.189387752054e-01
  -5.126750059652e-08  -3.931270117619e-08  -2.131497597001e-08  -1.616562415993e+00   6.471558442172e-08  -1.182727079853e-06  -6.793090222279e-08  -3.165509329403e+00   2.066910157056e-07  -2.089723097223e-06  -4.138005973292e-08  -3.554265820486e+00   1.266116784367e-07  -1.664572092835e-06  -1.267796409174e-08  -1.990342789637e+00   3.901742322114e-08   3.156529123807e-02  -6.870454719959e-02  -2.673956885125e-04   6.122814789213e-07  -9.422886436522e-02  -6.757946035525e-01  -9.298469510014e-01  -6.158297555986e-01  -2.241164960307e-01   5.462867749997e-01  -8.841726776809e-01   2.096686766634e-01   1.665437341669e+00   2.291524577083e+00   1.517653259836e+00   5.523107018315e-01   1.584760081842e-01   3.387242564304e-01  -5.138857787945e-01  -1.977646430319e-03  -2.721205011474e-03  -1.802801702390e-03  -6.567762257528e-04   6.801125930882e-07  -1.126114243010e+00  -1.851806514658e-03  -9.876889029306e-01  -1.358992031997e+00  -9.000485659624e-01  -3.275507881871e-01  -7.047628893043e-01  -6.103341653519e-01   3.060666491623e-01
   4.044001004092e-05   3.104111487506e-05   5.761565840742e-09   6.471558442172e-08  -1.616382610144e+00   8.777608177288e-04   1.846019920607e-08   2.066910157056e-07  -3.164549597796e+00   1.445784597485e-03   1.140673256544e-08   1.266116784367e-07  -3.553105515019e+00   1.118546109866e-03   3.546967318815e-09   3.901742322114e-08  -1.989805572076e+00   6.122814789213e-07  -3.110061365302e-04   1.220274507286e-01  -1.026512013679e-04  -1.160312231055e-04  -5.873185252194e-01  -8.076380438871e-01  -5.341513612541e-01  -1.938610211366e-01   4.746349133138e-01   2.094286224312e-01  -9.430647954682e-01  -5.841069772771e-01  -8.032193757667e-01  -5.312250364078e-01  -1.927960277074e-01  -5.556571864160e-02  -5.132957337959e-01  -9.450522364687e-01   1.774866465060e+00   2.441784939322e+00   1.617291390901e+00   5.890035419773e-01  -6.104523529559e-04  -1.851156999392e-03   5.356817748369e-01  -5.866110914121e-01  -8.066648984252e-01  -5.335069995197e-01  -1.936265401818e-01  -4.184590667474e-01   3.057160092470e-01  -9.435026830297e-01
  -1.282988872405e+00  -1.364669367174e+00  -1.270858418691e-07  -3.905224717027e-07   3.069084544353e-04  -2.738073797379e+00  -3.693068322471e-07  -1.267473295293e-06   9.247387800799e-04  -3.401135494803e+00  -4.269957534294e-07  -1.664572092835e-06   1.118546109866e-03  -3.126467666074e+00  -2.526443269696e-07  -1.038272658559e-06   6.750524082833e-04  -7.043442616825e-08   2.142508057880e-07   5.470188318034e-04   1.912749630847e-08  -6.075922669910e-07  -9.111696610850e-01  -1.961817330318e+00  -2.779676195237e+00  -2.685000089485e+00   5.961731028342e-01   2.630561233130e-01   2.289090713454e-01  -9.111702481273e-01  -1.961818234756e+00  -2.779676825899e+00  -2.685000394433e+00  -7.017823254556e-02  -6.482804000804e-01   2.276586610113e-01  -9.116610325186e-01  -1.962819107309e+00  -2.780573908173e+00  -2.685410698707e+00   2.538194405725e-04   7.696684785915e-04  -6.910241970923e-01  -9.111693980492e-01  -1.961816897796e+00  -2.779675872380e+00  -2.684999936234e+00  -5.262463516555e-01   3.844625075121e-01   2.286335925904e-01
  -4.217659237534e-09  -3.014173336663e-09  -4.345888602960e-01  -5.824510859297e-09   1.574568564726e-09  -1.111593299539e-07  -1.095480972959e+00  -2.030103066902e-08   5.529193171025e-09  -2.342083075285e-07  -1.990343526136e+00  -1.267796409174e-08   3.546967318815e-09  -2.526443269696e-07  -2.106887331225e+00  -3.909939746971e-09   1.148197745215e-09  -3.200817253318e-02   2.098789428102e-07  -3.005543282798e-05  -2.345986097786e-02  -1.072247481662e-02  -6.008575392299e-01  -1.018642275725e+00  -1.025128948579e+00  -6.100528610735e-01  -1.715093506541e-01   1.312080807791e-01   1.141869905351e-01   7.072950534125e-02   1.199086451460e-01   1.206720706918e-01   7.181166407158e-02  -4.647506276301e-01   3.806306766738e-02  -1.336799007495e-02  -2.557801015539e-04  -4.336471655014e-04  -4.364495878000e-04  -2.598021974997e-04  -4.691523089742e-01   1.634191822944e-07  -1.466557953783e-04   5.303813537993e-01   8.991629676469e-01   9.048886497429e-01   5.384978487836e-01  -2.371748194154e-01  -1.692712036622e-01  -1.006724157523e-01
  -1.289820648099e-08  -9.198344944197e-09  -5.824510859297e-09  -4.345887998540e-01   1.768493023335e-08  -3.815025066853e-07  -2.030103066902e-08  -1.095480539218e+00   6.182377749759e-08  -9.130222244643e-07  -1.267796409174e-08  -1.990342789637e+00   3.901742322114e-08  -1.038272658559e-06  -3.909939746971e-09  -2.106886839238e+00   1.226808353603e-08   1.073961229243e-02  -2.338089948068e-02  -9.097113650026e-05   2.098789428102e-07  -3.205993302928e-02  -2.651232839861e-01  -4.494673834009e-01  -4.523299651427e-01  -2.691813630593e-01   1.312082109410e-01  -4.109763044306e-01   5.038408656489e-02   6.533730564519e-01   1.107671943113e+00   1.114724694010e+00   6.633705801187e-01   3.806308370930e-02  -1.172584901126e-01  -1.234886592401e-01  -7.756887416992e-04  -1.315144337949e-03  -1.323769588165e-03  -7.881170294490e-04   1.634404935490e-07  -4.691517814583e-01  -4.447628272812e-04  -3.874836847528e-01  -6.569067118663e-01  -6.610902679520e-01  -3.934143409646e-01  -1.692713498872e-01  -3.452052376647e-01   7.354887936131e-02
   1.017009093811e-05   7.263296359910e-06   1.574568564726e-09   1.768493023335e-08  -4.345388700953e-01   2.783412983453e-04   5.529193171025e-09   6.182377749759e-08  -1.095148485127e+00   6.135255191348e-04   3.546967318815e-09   3.901742322114e-08  -1.989805572076e+00   6.750524082833e-04   1.148197745215e-09   1.226808353603e-08  -2.106533483210e+00   2.098789428102e-07  -1.058061343357e-04   4.150808340340e-02  -3.492006089297e-05  -3.948074858751e-05  -2.304160061968e-01  -3.904462395705e-01  -3.926015162630e-01  -2.333610654260e-01   1.139917137608e-01   5.029787243309e-02  -4.251037425302e-01  -2.291559448644e-01  -3.883101642028e-01  -3.904518949020e-01  -2.320817697245e-01  -1.334505610468e-02  -1.232767517160e-01  -4.255811823352e-01   6.961553773358e-01   1.180140335480e+00   1.187697567928e+00   7.070115435080e-01  -1.465969232325e-04  -4.445262865843e-04  -7.003382907303e-02  -2.301385193283e-01  -3.899758857646e-01  -3.921282217929e-01  -2.330794109009e-01  -1.005001318244e-01   7.342294947564e-02  -4.252089369892e-01
  -6.672897161150e-09  -3.346620375079e-09  -3.029163046505e-02   1.016344786459e-02   1.884251717336e-07  -1.346177384175e-07  -1.227031962869e-01   4.117012838410e-02   7.825624633998e-07  -1.308047368822e-07  -9.407672758352e-02   3.156529123807e-02   6.122814789213e-07  -7.043442616825e-08  -3.200817253318e-02   1.073961229243e-02   2.098789428102e-07  -3.776298884389e+00   2.105490139944e-02   6.007932214989e-07  -6.295810000859e-02   9.303919621469e-05  -1.071806056710e+00  -6.856564709456e-01  -1.444973219471e-01  -1.864466736597e-02   6.562195224172e-01  -8.244839114879e-01   4.882186236554e-01  -3.109275862071e-01  -1.989062074915e-01  -4.191791034825e-02  -5.408703085998e-03   1.461026198258e+00  -2.367167269628e-01   1.408561407614e-01  -1.335608780407e-06  -8.705922195524e-07  -2.323237701062e-07  -7.021789698727e-08  -6.009090392894e-03   8.238089196442e-04  -1.811424815486e-06   1.382732690945e+00   8.845626224537e-01   1.864151275869e-01   2.405323363023e-02   5.502910850021e-01   1.673324446951e-01  -6.290906744294e-01
   2.025757545622e-08   1.015957661063e-08   1.884251717336e-07  -2.185916913935e-02  -1.004933163426e-04   4.088956977031e-07   7.825624633998e-07  -8.945545684666e-02  -4.058713930883e-04   3.976784874028e-07   6.122814789213e-07  -6.870454719959e-02  -3.110061365302e-04   2.142508057880e-07   2.098789428102e-07  -2.338089948068e-02  -1.058061343357e-04   2.105490139944e-02  -3.727303645623e+00   1.851928889400e-04   4.696914371136e-07  -6.285185955905e-02  -4.109963447609e-01  -2.627805440399e-01  -5.532279942300e-02  -7.126019452421e-03   4.878417853299e-01  -3.197170588687e-01  -4.250177570641e-01   1.007326768864e+00   6.440574673239e-01   1.355928991488e-01   1.746588045520e-02   1.407472205554e-01   7.681060608185e-01   1.052403228132e+00   3.634280702483e-03   2.323958122378e-03   4.897547637502e-04   6.331478086959e-05  -1.804918218710e-06   1.605385049068e+00   3.190557341563e-03  -5.999567155388e-01  -3.835970375105e-01  -8.075820134297e-02  -1.040235968843e-02  -6.286049218178e-01  -7.508867581042e-02  -6.218245589996e-01
   3.107161543354e-05   1.551559761460e-05  -2.838301660248e-05  -8.595664420105e-05   3.961599774926e-02   7.509429525154e-04  -1.151828607239e-04  -3.487445152412e-04   1.593775227622e-01   9.134419150008e-04  -8.833505565293e-05  -2.673956885125e-04   1.220274507286e-01   5.470188318034e-04  -3.005543282798e-05  -9.097113650026e-05   4.150808340340e-02   6.007932214989e-07   1.851928889400e-04  -3.823047290685e+00   6.090647124111e-05  -1.328164796381e-04   6.315150335621e-01   4.041729043235e-01   8.554452635218e-02   1.135855387698e-02   5.109422760737e-02   2.253491921416e-02  -8.964903178558e-01   6.348896446718e-01   4.063303268257e-01   8.599898283207e-02   1.141716630063e-02  -5.547546888168e-03  -5.122204393542e-02  -8.930869760509e-01  -1.883088900866e+00  -1.203872063876e+00  -2.532275077333e-01  -3.234618547698e-02   1.288370669243e-03   3.907097622394e-03  -7.261403571880e-01   6.322593927802e-01   4.046490767326e-01   8.564486533882e-02   1.137149591138e-02  -4.432788113279e-02   3.237034917707e-02  -8.957424969807e-01
   1.803249112314e-09   9.043578915626e-10  -2.193385748276e-02   1.884251717336e-07  -3.317832055328e-05   3.642549473270e-08  -8.975807341183e-02   7.825624633998e-07  -1.339831969302e-04   3.547470828901e-08  -6.893660964580e-02   6.122814789213e-07  -1.026512013679e-04   1.912749630847e-08  -2.345986097786e-02   2.098789428102e-07  -3.492006089297e-05  -6.295810000859e-02   4.696914371136e-07   6.090647124111e-05  -3.727613288114e+00  -2.109000510363e-02  -9.314544564371e-01  -5.955488621186e-01  -1.253808808880e-01  -1.615045256321e-02   5.706286894705e-01   4.878418905257e-01  -9.632046850776e-01   1.090460147113e-01   6.972114813769e-02   1.467839909739e-02   1.890754567187e-03  -5.168385568523e-01   1.407472750301e-01   1.139225871964e-01   1.198385977569e-03   7.662758526755e-04   1.614395812794e-04   2.083877571624e-05   1.605379854983e+00  -1.804819426951e-06   1.052045285119e-03   8.212110171534e-01   5.250620264439e-01   1.105413400563e-01   1.423897669817e-02   3.260821327688e-01  -6.286050815886e-01   8.511197225956e-01
  -3.221158793044e-08  -1.607237269702e-08  -1.014746535831e-02  -3.034001842371e-02  -3.734417170455e-05  -8.014321428755e-07  -4.110460901410e-02  -1.229013681130e-01  -1.513082825848e-04  -1.003228348476e-06  -3.151494163495e-02  -9.422886436522e-02  -1.160312231055e-04  -6.075922669910e-07  -1.072247481662e-02  -3.205993302928e-02  -3.948074858751e-05   9.303919621469e-05  -6.285185955905e-02  -1.328164796381e-04  -2.109000510363e-02  -3.776547632543e+00  -9.780717935588e-01  -6.256923569384e-01  -1.318603934430e-01  -1.701436671655e-02  -2.275156121137e-01   1.120399158299e+00   4.455163014631e-01   1.419287752439e+00   9.079451281506e-01   1.913418371263e-01   2.468850559927e-02   3.602828517076e-01   3.195825166481e-01  -6.429696717832e-01   1.770977227561e-06   6.610364794839e-07  -5.390360726823e-07  -4.907436530856e-07  -2.003586954697e-03  -2.431176952805e-03  -3.008224778536e-06  -4.412355499660e-01  -2.822671643238e-01  -5.948591259227e-02  -7.675806369525e-03   7.608276374329e-01   1.228373226711e+00   2.007400015517e-01
  -2.015194812031e-01  -2.153873777791e-01  -7.559574051017e-01  -3.335597897867e-01  -2.898840596212e-01  -1.204242656308e+00  -1.761127544930e+00  -7.770825815508e-01  -6.753303150452e-01  -1.424565455531e+00  -1.531575323861e+00  -6.757946035525e-01  -5.873185252194e-01  -9.111696610850e-01  -6.008575392299e-01  -2.651232839861e-01  -2.304160061968e-01  -1.071806056710e+00  -4.109963447609e-01   6.315150335621e-01  -9.314544564371e-01  -9.780717935588e-01  -3.625903862302e+00  -3.208623088162e+00  -1.834610882307e+00  -9.278879571324e-01   5.509190361768e-01   2.430881048367e-01   2.116234849615e-01  -1.374634108372e-02  -2.635773536995e-01  -6.982288789372e-01  -6.447214382336e-01  -8.927117821262e-02  -1.329088333887e-01   4.292016629218e-03  -1.411991317721e-02  -2.667245213046e-01  -7.014464686863e-01  -6.458422483053e-01  -8.026859875392e-02  -3.531621483015e-02  -1.375338706007e-01  -1.374583919587e-02  -2.635731077059e-01  -6.982245336571e-01  -6.447199234959e-01  -1.583579194645e-01   2.354371866774e-02   4.439640839868e-03
  -1.465142322176e+00  -1.562106694233e+00  -1.119007795662e+00  -4.937529082985e-01  -4.288558715535e-01  -2.913671573339e+00  -2.112211946006e+00  -9.319960254421e-01  -8.093823116728e-01  -2.950220377908e+00  -2.107341652881e+00  -9.298469510014e-01  -8.076380438871e-01  -1.961817330318e+00  -1.018642275725e+00  -4.494673834009e-01  -3.904462395705e-01  -6.856564709456e-01  -2.627805440399e-01   4.041729043235e-01  -5.955488621186e-01  -6.256923569384e-01  -3.208623088162e+00  -4.185197308817e+00  -3.277178048632e+00  -1.926942149431e+00   9.809664443538e-01   4.328426735404e-01   3.768312342075e-01  -2.635774558771e-01  -9.754315522543e-01  -1.636219732973e+00  -1.437406247323e+00  -3.881834834882e-01  -7.044280464531e-01   7.083447570398e-02  -2.668079608125e-01  -9.823211261507e-01  -1.641787844411e+00  -1.439480196149e+00  -3.308066464841e-01  -1.453925597013e-01  -7.288912408295e-01  -2.635730622273e-01  -9.754222036459e-01  -1.636212261726e+00  -1.437403470699e+00  -7.820581291349e-01   1.875012810153e-01   7.167583918026e-02
  -1.560672758839e+00  -1.660116334042e+00  -4.306909302584e-01  -1.900390590789e-01  -1.648118136694e-01  -3.134716663530e+00  -9.761887126577e-01  -4.307359331632e-01  -3.733436469300e-01  -3.527576138260e+00  -1.395672662027e+00  -6.158297555986e-01  -5.341513612541e-01  -2.779676195237e+00  -1.025128948579e+00  -4.523299651427e-01  -3.926015162630e-01  -1.444973219471e-01  -5.532279942300e-02   8.554452635218e-02  -1.253808808880e-01  -1.318603934430e-01  -1.834610882307e+00  -3.277178048632e+00  -3.597385511984e+00  -2.685972784395e+00   7.131001084448e-01   3.146490372964e-01   2.739473386732e-01  -6.982291641099e-01  -1.636220078611e+00  -2.359665610826e+00  -2.164473887274e+00  -3.707679763946e-01  -8.508211644960e-01   1.411181456525e-01  -7.017383703224e-01  -1.642251422060e+00  -2.364926606765e+00  -2.166904749884e+00  -2.937443817812e-01  -1.288774910252e-01  -8.846252976092e-01  -6.982243999619e-01  -1.636212087228e+00  -2.359658839279e+00  -2.164470756484e+00  -8.784794646431e-01   2.988742948612e-01   1.422029748453e-01
  -9.558536185003e-01  -1.016651371119e+00  -1.002194102731e-01  -4.422120579803e-02  -3.820110527402e-02  -2.090177028220e+00  -2.606957597126e-01  -1.150305864481e-01  -9.924506755263e-02  -2.708696684136e+00  -5.079200505087e-01  -2.241164960307e-01  -1.938610211366e-01  -2.685000089485e+00  -6.100528610735e-01  -2.691813630593e-01  -2.333610654260e-01  -1.864466736597e-02  -7.126019452421e-03   1.135855387698e-02  -1.615045256321e-02  -1.701436671655e-02  -9.278879571324e-01  -1.926942149431e+00  -2.685972784395e+00  -2.610410430425e+00   3.912752309852e-01   1.726466889994e-01   1.503180224607e-01  -6.447216878277e-01  -1.437406591243e+00  -2.164474011926e+00  -2.270710238860e+00  -1.515911798090e-01  -4.897298797406e-01   1.162451486791e-01  -6.461209800577e-01  -1.440032543418e+00  -2.167274389132e+00  -2.272480300818e+00  -1.035709385265e-01  -4.524874729050e-02  -5.137083984129e-01  -6.447198038132e-01  -1.437403286909e+00  -2.164470671285e+00  -2.270708084854e+00  -4.639828561362e-01   2.176667412384e-01   1.169128126593e-01
   1.491565396880e+00   1.626482578128e+00   1.391481151665e+00   9.222740837761e-01   8.013720069311e-01   2.419015194426e+00   1.237121202510e+00   1.115838976338e+00   9.694893186844e-01   1.494412914738e+00   1.128504422006e-01   5.462867749997e-01   4.746349133138e-01   5.961731028342e-01  -1.715093506541e-01   1.312082109410e-01   1.139917137608e-01   6.562195224172e-01   4.878417853299e-01   5.109422760737e-02   5.706286894705e-01  -2.275156121137e-01   5.509190361768e-01   9.809664443538e-01   7.131001084448e-01   3.912752309852e-01  -3.154070211111e+00  -2.352827130986e-01  -2.046813204662e-01   9.957310217665e-02   5.534471409066e-01   6.981356458909e-01   4.205461055376e-01   1.992860866565e-01   5.065033774081e-01  -3.798817647891e-02   9.214978237218e-02   5.194934891169e-01   6.659826887851e-01   4.088673595894e-01   1.354552609167e-01   1.054637594120e-01   4.829141148015e-01   1.597274239543e-01   8.040284161151e-01   9.220002338141e-01   4.997381900861e-01   7.860060519775e-01  -1.676584974616e-01  -4.972376305118e-02
   6.581405020150e-01   7.176715599762e-01   9.222738194776e-01  -2.917528338746e-01   3.535985783573e-01   1.067369629191e+00   1.115838479537e+00  -7.993863726101e-01   4.277789351305e-01   6.593966912957e-01   5.462864147608e-01  -8.841726776809e-01   2.094286224312e-01   2.630561233130e-01   1.312080807791e-01  -4.109763044306e-01   5.029787243309e-02  -8.244839114879e-01  -3.197170588687e-01   2.253491921416e-02   4.878418905257e-01   1.120399158299e+00   2.430881048367e-01   4.328426735404e-01   3.146490372964e-01   1.726466889994e-01  -2.352827130986e-01  -2.724657602353e+00  -9.031369741447e-02   1.253640477859e-01   5.833933763129e-01   6.110656550877e-01   2.927543524778e-01   3.670367672329e-01   4.772483709717e-01  -3.144973988121e-02   4.057175095322e-02   2.288571262317e-01   2.935349867692e-01   1.802947724063e-01   1.056140589849e-01  -5.796669265265e-02   2.126900639494e-01  -1.086199416727e-02   1.594222530275e-02   1.041254546544e-01   1.134259037719e-01  -2.834108631206e-02  -1.094426999572e-01  -6.868480369035e-03
   5.720652092643e-01   6.238047032653e-01   8.017294076572e-01   3.537563797450e-01  -3.913133362291e-01   9.280481212870e-01   9.702326823955e-01   4.281071285647e-01  -9.197978569523e-01   5.735429628986e-01   4.751786429641e-01   2.096686766634e-01  -9.430647954682e-01   2.289090713454e-01   1.141869905351e-01   5.038408656489e-02  -4.251037425302e-01   4.882186236554e-01  -4.250177570641e-01  -8.964903178558e-01  -9.632046850776e-01   4.455163014631e-01   2.116234849615e-01   3.768312342075e-01   2.739473386732e-01   1.503180224607e-01  -2.046813204662e-01  -9.031369741447e-02  -2.699433054268e+00   4.646382572921e-03   7.260138873792e-02   1.431239198565e-01   1.173187980000e-01   1.951113907375e-02   4.745090926327e-02  -1.111968745920e-01   1.283639313131e-01   5.825995628702e-01   5.960153126613e-01   2.770992380403e-01   3.250166165454e-01   1.429615097580e-01   4.922352598411e-01   4.517649272264e-03   7.206486897698e-02   1.426446756014e-01   1.171492873768e-01   4.754154146941e-02  -1.742335245734e-02  -1.112319498047e-01
  -2.015205787549e-01  -2.153886068270e-01   8.898727761795e-02   8.220316380493e-01  -2.882997429633e-01  -1.204245570752e+00   2.073101946355e-01   1.915055064170e+00  -6.716382504226e-01  -1.424567150967e+00   1.802883631389e-01   1.665437341669e+00  -5.841069772771e-01  -9.111702481273e-01   7.072950534125e-02   6.533730564519e-01  -2.291559448644e-01  -3.109275862071e-01   1.007326768864e+00   6.348896446718e-01   1.090460147113e-01   1.419287752439e+00  -1.374634108372e-02  -2.635774558771e-01  -6.982291641099e-01  -6.447216878277e-01   9.957310217665e-02   1.253640477859e-01   4.646382572921e-03  -3.625905797989e+00  -3.208624447387e+00  -1.834611595041e+00  -9.278883060719e-01  -6.485123484511e-02  -5.990715191746e-01   2.104679864856e-01  -1.411911767312e-02  -2.667179709049e-01  -7.014399538206e-01  -6.458401291085e-01   9.492167976285e-03   8.744181995660e-02  -1.373595857863e-01  -1.374648131257e-02  -2.635786473241e-01  -6.982303938763e-01  -6.447221178385e-01  -7.046622420235e-02   1.437574299030e-01   4.604704324245e-03
  -1.465145153483e+00  -1.562109702291e+00   1.317232289391e-01   1.216811032057e+00  -4.265098248785e-01  -2.913675419789e+00   2.486374420670e-01   2.296821606423e+00  -8.049539337163e-01  -2.950222753367e+00   2.480640535752e-01   2.291524577083e+00  -8.032193757667e-01  -1.961818234756e+00   1.199086451460e-01   1.107671943113e+00  -3.883101642028e-01  -1.989062074915e-01   6.440574673239e-01   4.063303268257e-01   6.972114813769e-02   9.079451281506e-01  -2.635773536995e-01  -9.754315522543e-01  -1.636220078611e+00  -1.437406591243e+00   5.534471409066e-01   5.833933763129e-01   7.260138873792e-02  -3.208624447387e+00  -4.185198935727e+00  -3.277179043337e+00  -1.926942656602e+00  -1.154740963261e-01  -1.066706622194e+00   3.747736768237e-01  -2.668013054645e-01  -9.823073497821e-01  -1.641776897265e+00  -1.439476298624e+00   3.918698059016e-02   3.606226424088e-01  -7.281830731459e-01  -2.635784996669e-01  -9.754339603406e-01  -1.636222083925e+00  -1.437407350306e+00  -4.159358869551e-01   6.882489565079e-01   7.236376665137e-02
  -1.560673757092e+00  -1.660117396297e+00   5.069831994833e-02   4.683331386276e-01  -1.639087115965e-01  -3.134718323453e+00   1.149109398134e-01   1.061506552302e+00  -3.712969930142e-01  -3.527577469806e+00   1.642901548530e-01   1.517653259836e+00  -5.312250364078e-01  -2.779676825899e+00   1.206720706918e-01   1.114724694010e+00  -3.904518949020e-01  -4.191791034825e-02   1.355928991488e-01   8.599898283207e-02   1.467839909739e-02   1.913418371263e-01  -6.982288789372e-01  -1.636219732973e+00  -2.359665610826e+00  -2.164474011926e+00   6.981356458909e-01   6.110656550877e-01   1.431239198565e-01  -1.834611595041e+00  -3.277179043337e+00  -3.597386107745e+00  -2.685973076331e+00  -8.394230352542e-02  -7.754276731492e-01   2.724515661851e-01  -7.017315667534e-01  -1.642240126193e+00  -2.364916732114e+00  -2.166900175049e+00   3.489448792717e-02   3.205829598593e-01  -8.840019152006e-01  -6.982299750072e-01  -1.636221563790e+00  -2.359667311782e+00  -2.164474836262e+00  -5.513944030117e-01   7.462219583688e-01   1.428174821530e-01
  -9.558538360888e-01  -1.016651602808e+00   1.179714668655e-02   1.089782447673e-01  -3.799094655743e-02  -2.090177453258e+00   3.068729233484e-02   2.834793615287e-01  -9.869848928607e-02  -2.708697125677e+00   5.978904463296e-02   5.523107018315e-01  -1.927960277074e-01  -2.685000394433e+00   7.181166407158e-02   6.633705801187e-01  -2.320817697245e-01  -5.408703085998e-03   1.746588045520e-02   1.141716630063e-02   1.890754567187e-03   2.468850559927e-02  -6.447214382336e-01  -1.437406247323e+00  -2.164473887274e+00  -2.270710238860e+00   4.205461055376e-01   2.927543524778e-01   1.173187980000e-01  -9.278883060719e-01  -1.926942656602e+00  -2.685973076331e+00  -2.610410567475e+00  -4.605881095856e-02  -4.254741036597e-01   1.494972834552e-01  -6.461186100313e-01  -1.440028300483e+00  -2.167269689043e+00  -2.272477143916e+00   1.238629196654e-02   1.133397994226e-01  -5.134893787843e-01  -6.447217485613e-01  -1.437406822596e+00  -2.164474626412e+00  -2.270710775663e+00  -3.482767951240e-01   3.759141888552e-01   1.171301688909e-01
  -1.755791797208e-01  -1.914609020613e-01  -6.697375961219e-01   2.675489914900e-01  -9.381715041532e-02  -2.847532372122e-01  -1.256701738548e+00   3.237013393808e-01  -1.134986122757e-01  -1.759140559504e-01  -1.108062745035e+00   1.584760081842e-01  -5.556571864160e-02  -7.017823254556e-02  -4.647506276301e-01   3.806308370930e-02  -1.334505610468e-02   1.461026198258e+00   1.407472205554e-01  -5.547546888168e-03  -5.168385568523e-01   3.602828517076e-01  -8.927117821262e-02  -3.881834834882e-01  -3.707679763946e-01  -1.515911798090e-01   1.992860866565e-01   3.670367672329e-01   1.951113907375e-02  -6.485123484511e-02  -1.154740963261e-01  -8.394230352542e-02  -4.605881095856e-02  -2.628231617616e+00  -6.825495204293e-02   2.396237518757e-02  -1.088507318338e-02  -6.130807146298e-02  -7.853496434797e-02  -4.817880456290e-02  -1.010467291539e-01   3.087544970658e-02  -5.695361308636e-02   5.878483735451e-02   2.285432997949e-01   1.801923789000e-01   4.330912227384e-02   2.951602941822e-02  -2.690162961983e-01  -8.831099920301e-03
  -1.621935569045e+00  -1.768645052891e+00   2.675489391798e-01   1.772818078823e+00  -8.666482137006e-01  -2.630444940648e+00   3.237012644328e-01   1.698489678457e+00  -1.048458437860e+00  -1.625028761179e+00   1.584759614549e-01   3.387242564304e-01  -5.132957337959e-01  -6.482804000804e-01   3.806306766738e-02  -1.172584901126e-01  -1.232767517160e-01  -2.367167269628e-01   7.681060608185e-01  -5.122204393542e-02   1.407472750301e-01   3.195825166481e-01  -1.329088333887e-01  -7.044280464531e-01  -8.508211644960e-01  -4.897298797406e-01   5.065033774081e-01   4.772483709717e-01   4.745090926327e-02  -5.990715191746e-01  -1.066706622194e+00  -7.754276731492e-01  -4.254741036597e-01  -6.825495204293e-02  -3.251356812556e+00   2.213551600377e-01  -1.003402524821e-01  -5.654675315257e-01  -7.247008852802e-01  -4.447840839418e-01   3.091781683304e-02   1.802368452221e-01  -5.251797519540e-01  -1.489244101211e-01  -7.711388778818e-01  -9.104170275309e-01  -5.108115304422e-01  -4.085249953041e-01   6.470106804448e-01   5.028779875943e-02
   5.689391653239e-01   6.203958675669e-01  -9.385913276422e-02  -8.670362006276e-01  -3.946674894115e-01   9.229763218841e-01  -1.135859186572e-01  -1.049265184806e+00  -9.238565074201e-01   5.704090290442e-01  -5.562957631390e-02  -5.138857787945e-01  -9.450522364687e-01   2.276586610113e-01  -1.336799007495e-02  -1.234886592401e-01  -4.255811823352e-01   1.408561407614e-01   1.052403228132e+00  -8.930869760509e-01   1.139225871964e-01  -6.429696717832e-01   4.292016629218e-03   7.083447570398e-02   1.411181456525e-01   1.162451486791e-01  -3.798817647891e-02  -3.144973988121e-02  -1.111968745920e-01   2.104679864856e-01   3.747736768237e-01   2.724515661851e-01   1.494972834552e-01   2.396237518757e-02   2.213551600377e-01  -2.698578064971e+00   1.281649837565e-01   5.814979109714e-01   5.946133482879e-01   2.762407161877e-01  -3.839197744202e-02  -3.535769358261e-01   4.905252817553e-01   4.328346872560e-03   7.098588377154e-02   1.412534089347e-01   1.162929943563e-01   3.047440627075e-02  -3.901562482811e-02  -1.111876826914e-01
  -2.019435712497e-01  -2.158557851190e-01  -3.221891398934e-04  -9.770822805580e-04   8.768973075026e-01  -1.205646029254e+00  -7.501929265264e-04  -2.275067495745e-03   2.041780041171e+00  -1.425623197054e+00  -6.521201326711e-04  -1.977646430319e-03   1.774866465060e+00  -9.116610325186e-01  -2.557801015539e-04  -7.756887416992e-04   6.961553773358e-01  -1.335608780407e-06   3.634280702483e-03  -1.883088900866e+00   1.198385977569e-03   1.770977227561e-06  -1.411991317721e-02  -2.668079608125e-01  -7.017383703224e-01  -6.461209800577e-01   9.214978237218e-02   4.057175095322e-02   1.283639313131e-01  -1.411911767312e-02  -2.668013054645e-01  -7.017315667534e-01  -6.461186100313e-01  -1.088507318338e-02  -1.003402524821e-01   1.281649837565e-01  -3.628144662487e+00  -3.210202919810e+00  -1.835444252251e+00  -9.282972149930e-01   2.345816269896e-04   7.113078298828e-04  -6.387135804485e-01  -1.411973473152e-02  -2.668064718872e-01  -7.017368564640e-01  -6.461204537377e-01  -8.140486697072e-02   5.934380974983e-02   1.283201097218e-01
  -1.466235291578e+00  -1.563259408835e+00  -4.765652169281e-04  -1.445268274479e-03   1.296963996925e+00  -2.915755091383e+00  -8.995285344410e-04  -2.728048275548e-03   2.447891733731e+00  -2.952037633265e+00  -8.972677590723e-04  -2.721205011474e-03   2.441784939322e+00  -1.962819107309e+00  -4.336471655014e-04  -1.315144337949e-03   1.180140335480e+00  -8.705922195524e-07   2.323958122378e-03  -1.203872063876e+00   7.662758526755e-04   6.610364794839e-07  -2.667245213046e-01  -9.823211261507e-01  -1.642251422060e+00  -1.440032543418e+00   5.194934891169e-01   2.288571262317e-01   5.825995628702e-01  -2.667179709049e-01  -9.823073497821e-01  -1.642240126193e+00  -1.440028300483e+00  -6.130807146298e-02  -5.654675315257e-01   5.814979109714e-01  -3.210202919810e+00  -4.187319840858e+00  -3.278721124527e+00  -1.927804298427e+00   4.176723473949e-04   1.266479059553e-03  -1.137239115426e+00  -2.667229869043e-01  -9.823178742556e-01  -1.642248823166e+00  -1.440031578399e+00  -4.588238794861e-01   3.346755548288e-01   5.823568160309e-01
