ARMA_MAT_TXT_FN008
50 50
  -9.477003566465e+00  -1.192837866829e+01  -1.183699720889e-05  -1.207575777036e-06   2.644435403371e-28  -4.400027473663e+00  -1.781544850491e-05  -1.840720644005e-06   1.220798579372e-28  -1.980439307135e+00  -1.108369578403e-05  -1.140580010145e-06   3.888571664981e-29  -8.347869004148e-01  -4.201442238519e-06  -4.310014519521e-07   9.784575612507e-30  -4.070895076341e-07   0.000000000000e+00   2.159787251792e-06   0.000000000000e+00  -2.423002457791e-06  -1.283441477700e-01  -9.458423107749e-01  -1.012820716486e+00  -6.214813399794e-01   3.707148127319e-01   5.193233648704e-01  -9.006999368249e-01  -1.283441477700e-01  -9.458423107749e-01  -1.012820716486e+00  -6.214813399794e-01   3.707148127319e-01   5.193233648704e-01   9.006999368249e-01  -1.283225517072e-01  -9.457860502749e-01  -1.012800575292e+00  -6.214768950960e-01   3.667154688150e-01  -1.040988659939e+00   5.824733092202e-15  -1.281635564170e-01  -9.453726238762e-01  -1.012652338388e+00  -6.214441335398e-01  -1.102861804391e+00   2.894832776551e-03   2.338693805305e-17
  -1.192837866829e+01  -8.699278483390e+00  -1.088019165415e-05  -1.139962045592e-06   3.673456376300e-28  -3.921072579032e+00  -1.653517979588e-05  -1.732084204771e-06   1.141454927578e-28  -1.858234052600e+00  -1.039094808398e-05  -1.078900541679e-06   2.981121112849e-29  -7.970546632588e-01  -3.578067697968e-06  -3.691055934384e-07   6.974998911834e-30  -2.230424512324e-07   0.000000000000e+00   7.123063540047e-06   0.000000000000e+00  -9.118685403810e-06  -1.492996086464e-01  -9.024002496018e-01  -9.618904831616e-01  -5.947050894590e-01   3.634573776084e-01   5.091565829680e-01  -8.830670580992e-01  -1.492996086464e-01  -9.024002496018e-01  -9.618904831616e-01  -5.947050894590e-01   3.634573776084e-01   5.091565829680e-01   8.830670580992e-01  -1.492767745955e-01  -9.023490040858e-01  -9.618717600745e-01  -5.947008969059e-01   3.595394763133e-01  -1.020617991281e+00   1.473673962916e-14  -1.491096524356e-01  -9.019731114838e-01  -9.617341606881e-01  -5.946700395380e-01  -1.081348047155e+00   2.838426347911e-03   5.901018069971e-17
  -1.183699720889e-05  -1.088019165415e-05   1.047685185323e+00  -2.822748364833e-06   0.000000000000e+00  -1.449647097808e-04  -4.113229477176e-01  -3.279312864963e-06   0.000000000000e+00  -1.323107760418e-04  -4.570194370811e-01  -1.374850927143e-06   0.000000000000e+00  -7.107629512222e-05  -1.778348453144e-01  -2.529208376485e-07   0.000000000000e+00  -6.330998565269e-04   0.000000000000e+00  -5.231775320552e-02   5.641783441002e-28   9.020949075709e-02  -1.382448511188e-01  -1.273917989625e-01  -6.101125913422e-02  -1.717084947002e-02  -1.360832655184e-01   5.639926440671e-02  -9.782488388310e-02  -1.382448511188e-01  -1.273917989625e-01  -6.101125913422e-02  -1.717084947002e-02  -1.360832655184e-01   5.639926440658e-02   9.782488388317e-02  -1.367612208426e-01  -1.260283096951e-01  -6.035998264084e-02  -1.698812486454e-02  -1.369260466171e-01  -1.118643752025e-01  -7.248828809683e-14   4.117144041761e-01   3.792803314980e-01   1.814228139020e-01   5.092670552104e-02   1.806680854039e-01  -9.375642224060e-04   8.704188419077e-16
  -1.207575777036e-06  -1.139962045592e-06  -2.822748364833e-06   1.047747667499e+00   0.000000000000e+00  -1.537462039466e-05  -3.278753948948e-06  -4.111739687996e-01   0.000000000000e+00  -1.389041116291e-05  -1.373471328945e-06  -4.569127792757e-01   0.000000000000e+00  -7.397895640408e-06  -2.519376889004e-07  -1.777998449451e-01   0.000000000000e+00  -6.031488387421e-02   5.641783441002e-28  -7.360140482156e-02   0.000000000000e+00  -4.310040270910e-02  -1.938030679105e-01  -1.784954225970e-01  -8.538749266299e-02  -2.398468280614e-02   5.638945185355e-02  -9.740728354717e-02  -1.370254871199e-01  -1.938030679106e-01  -1.784954225969e-01  -8.538749266297e-02  -2.398468280614e-02   5.638945185342e-02  -9.740728354753e-02   1.370254871197e-01   3.885216527593e-01   3.578281324944e-01   1.711588356802e-01   4.806698970437e-02  -1.118434357306e-01   1.411102933835e-01   2.057713226234e-13  -1.075013657782e-03  -9.952282878246e-04  -4.826771402067e-04  -1.391556965526e-04  -9.388814005951e-04  -1.762597130301e-01  -2.284761950129e-18
   2.644435403371e-28   3.673456376300e-28   0.000000000000e+00   0.000000000000e+00   1.047760959171e+00   9.800580124812e-28   0.000000000000e+00   0.000000000000e+00  -4.111459859232e-01   6.251946895033e-28   0.000000000000e+00   0.000000000000e+00  -4.568938083338e-01   2.968193728336e-28   0.000000000000e+00   0.000000000000e+00  -1.777938451967e-01   0.000000000000e+00  -8.502663516568e-02   6.514570376744e-28  -6.073131711332e-02   0.000000000000e+00   3.361556663668e-01   3.095867047330e-01   1.480819075542e-01   4.158835405740e-02  -9.780587118043e-02  -1.370226794452e-01   6.122679971550e-02  -3.361556663668e-01  -3.095867047330e-01  -1.480819075542e-01  -4.158835405740e-02   9.780587118051e-02   1.370226794450e-01   6.122679971586e-02  -2.566647535936e-14   5.180521656275e-14   1.081734954661e-14   1.018433296932e-15  -7.248828809821e-14   2.057713226283e-13  -1.764008221393e-01  -1.026156277294e-16   2.067768946311e-16   4.319653531868e-17   4.067402617129e-18   8.704188419247e-16  -2.284761950184e-18  -1.762659505384e-01
  -4.400027473663e+00  -3.921072579032e+00  -1.449647097808e-04  -1.537462039466e-05   9.800580124812e-28  -2.142746580609e+00  -3.717515517981e-04  -3.886894612836e-05   1.557823119524e-27  -1.499510128573e+00  -2.659106797467e-04  -2.755439267784e-05   1.017976454387e-27  -8.375981160305e-01  -9.077664852304e-05  -9.351473099553e-06   3.526372116660e-28  -3.719904603957e-06   0.000000000000e+00   2.416130128367e-04   0.000000000000e+00  -3.122630874516e-04  -4.132281058021e-01  -8.353786292830e-01  -9.237174986094e-01  -6.495654233599e-01   1.997932613414e-01   2.799387312423e-01  -4.855297082558e-01  -4.132281058021e-01  -8.353786292830e-01  -9.237174986094e-01  -6.495654233599e-01   1.997932613414e-01   2.799387312421e-01   4.855297082559e-01  -4.132145247214e-01  -8.353424950541e-01  -9.236940917838e-01  -6.495582244349e-01   1.976443998426e-01  -5.611652682892e-01  -1.153845836711e-13  -4.131243300269e-01  -8.350750693160e-01  -9.235145171770e-01  -6.495024736596e-01  -5.946239641283e-01   1.558832899743e-03  -4.605103120742e-16
  -1.781544850491e-05  -1.653517979588e-05  -4.113229477176e-01  -3.278753948948e-06   0.000000000000e+00  -3.717515517981e-04  -1.506128199662e-01  -5.746815993832e-06   0.000000000000e+00  -4.297116738009e-04  -3.949928632288e-01  -2.637994968973e-06   0.000000000000e+00  -2.581754302118e-04  -2.309778024638e-01  -4.714492340389e-07   0.000000000000e+00  -1.516338402844e-03   0.000000000000e+00  -1.252767088944e-01   1.513099863122e-27   2.160095029010e-01  -1.469221773688e-01  -1.222994097711e-01  -7.110926017868e-02  -2.371873796391e-02  -6.121641751949e-02  -1.428728256176e-02   2.476510161245e-02  -1.469221773688e-01  -1.222994097711e-01  -7.110926017868e-02  -2.371873796391e-02  -6.121641751949e-02  -1.428728256197e-02  -2.476510161233e-02  -1.453513054258e-01  -1.209921064054e-01  -7.035180576789e-02  -2.346762192158e-02  -6.099442899908e-02   2.832530160987e-02  -1.198536075339e-13   4.377468068533e-01   3.638829891820e-01   2.107988347811e-01   6.985570124293e-02  -1.416609915332e-01   2.375361306045e-04   1.440112320701e-15
  -1.840720644005e-06  -1.732084204771e-06  -3.279312864963e-06  -4.111739687996e-01   0.000000000000e+00  -3.886894612836e-05  -5.746815993832e-06  -1.501042126263e-01   0.000000000000e+00  -4.453515395583e-05  -2.636670173742e-06  -3.945503946894e-01   0.000000000000e+00  -2.660341764223e-05  -4.703343902220e-07  -2.308137101232e-01   0.000000000000e+00  -1.443741949275e-01   1.513099863122e-27  -1.761743901039e-01   0.000000000000e+00  -1.031659612375e-01  -2.059933732825e-01  -1.712484343615e-01  -9.926692145299e-02  -3.295685421124e-02  -1.433026231948e-02  -7.116403622218e-02   3.476675948671e-02  -2.059933732824e-01  -1.712484343612e-01  -9.926692145293e-02  -3.295685421124e-02  -1.433026231969e-02  -7.116403622277e-02  -3.476675948705e-02   4.129797266814e-01   3.432827541874e-01   1.989294739910e-01   6.600973403644e-02   2.841695318279e-02  -1.317034412535e-01   3.402264833515e-13  -1.142077512669e-03  -9.615687804044e-04  -5.777575909405e-04  -2.037976982777e-04   2.318386187625e-04  -5.098968418418e-02  -3.780150056299e-18
   1.220798579372e-28   1.141454927578e-28   0.000000000000e+00   0.000000000000e+00  -4.111459859232e-01   1.557823119524e-27   0.000000000000e+00   0.000000000000e+00  -1.500141793391e-01   1.855059717311e-27   0.000000000000e+00   0.000000000000e+00  -3.944745699030e-01   1.171573556872e-27   0.000000000000e+00   0.000000000000e+00  -2.307861420371e-01   0.000000000000e+00  -2.035088610676e-01   1.747177226569e-27  -1.453613089731e-01   0.000000000000e+00   3.573055299045e-01   2.969979388491e-01   1.721110993179e-01   5.711972048528e-02   2.484832018754e-02   3.477893090309e-02  -1.114458242134e-01  -3.573055299046e-01  -2.969979388493e-01  -1.721110993180e-01  -5.711972048528e-02  -2.484832018742e-02  -3.477893090343e-02  -1.114458242128e-01   1.099074691373e-13   1.289855423181e-13   3.395349078475e-14   3.965294456058e-15  -1.198536075413e-13   3.402264833780e-13  -5.110915876365e-02   4.385458903519e-16   5.149509206322e-16   1.355887149475e-16   1.583658369976e-17   1.440112320792e-15  -3.780150056594e-18  -5.099268858060e-02
  -1.980439307135e+00  -1.858234052600e+00  -1.323107760418e-04  -1.389041116291e-05   6.251946895033e-28  -1.499510128573e+00  -4.297116738009e-04  -4.453515395583e-05   1.855059717311e-27  -1.099576149723e+00  -3.702323669943e-04  -3.797061295227e-05   2.838822944549e-27  -6.588784019909e-01  -1.410353673579e-04  -1.436698375344e-05   1.853906285123e-27  -3.456998031807e-06   0.000000000000e+00   2.925115232679e-04   0.000000000000e+00  -3.786424435663e-04  -3.974749599707e-01  -6.367124894782e-01  -7.012895087877e-01  -5.215863354414e-01   1.470347313302e-01   2.060434472348e-01  -3.573703287535e-01  -3.974749599707e-01  -6.367124894782e-01  -7.012895087877e-01  -5.215863354414e-01   1.470347313302e-01   2.060434472348e-01   3.573703287535e-01  -3.974684105541e-01  -6.366859542941e-01  -7.012666474753e-01  -5.215783725198e-01   1.454529228751e-01  -4.130371045545e-01  -4.270369095898e-14  -3.974288355994e-01  -6.364853605000e-01  -7.010856200615e-01  -5.215147540385e-01  -4.376364325733e-01   1.146289127605e-03  -1.705172508401e-16
  -1.108369578403e-05  -1.039094808398e-05  -4.570194370811e-01  -1.373471328945e-06   0.000000000000e+00  -2.659106797467e-04  -3.949928632288e-01  -2.636670173742e-06   0.000000000000e+00  -3.702323669943e-04  -1.937426857713e-01  -5.793353564644e-07   0.000000000000e+00  -2.482232453983e-04  -1.187414634591e-01   3.296391093359e-07   0.000000000000e+00  -1.242264681975e-03   0.000000000000e+00  -1.028109558384e-01   1.203259396966e-27   1.772740458858e-01  -1.325662147403e-01  -8.639326387176e-02  -3.544474811557e-02  -1.386379706385e-02  -1.415966876639e-02   2.755235898249e-02  -4.779782292831e-02  -1.325662147403e-01  -8.639326387176e-02  -3.544474811557e-02  -1.386379706385e-02  -1.415966876639e-02   2.755235898244e-02   4.779782292833e-02  -1.311491195781e-01  -8.547122300179e-02  -3.506905935844e-02  -1.371811272193e-02  -1.456955830113e-02  -5.464861242433e-02  -2.806528928474e-14   3.949516115806e-01   2.570550935573e-01   1.046966377210e-01   4.052902743712e-02   1.402981231332e-01  -4.569757692934e-04   3.373456203695e-16
  -1.140580010145e-06  -1.078900541679e-06  -1.374850927143e-06  -4.569127792757e-01   0.000000000000e+00  -2.755439267784e-05  -2.637994968973e-06  -3.945503946894e-01   0.000000000000e+00  -3.797061295227e-05  -5.793353564644e-07  -1.932536404110e-01   0.000000000000e+00  -2.529895701905e-05   3.300492424612e-07  -1.185315637463e-01   0.000000000000e+00  -1.184480377584e-01   1.203259396966e-27  -1.445565613771e-01   0.000000000000e+00  -8.465282672581e-02  -1.858539131531e-01  -1.209621695255e-01  -4.932226967603e-02  -1.915142863692e-02   2.751839663577e-02   4.666324993879e-03  -6.690407614443e-02  -1.858539131530e-01  -1.209621695253e-01  -4.932226967594e-02  -1.915142863690e-02   2.751839663572e-02   4.666324993742e-03   6.690407614435e-02   3.726022038602e-01   2.424812346554e-01   9.881297353331e-02   3.833579882125e-02  -5.457611778617e-02   1.210958284203e-01   7.966847952242e-14  -1.031134702999e-03  -6.799988057765e-04  -2.971878183545e-04  -1.262617283663e-04  -4.615523581395e-04  -3.375691973964e-02  -8.854983375182e-19
   3.888571664981e-29   2.981121112849e-29   0.000000000000e+00   0.000000000000e+00  -4.568938083338e-01   1.017976454387e-27   0.000000000000e+00   0.000000000000e+00  -3.944745699030e-01   2.838822944549e-27   0.000000000000e+00   0.000000000000e+00  -1.931722640446e-01   3.379940358803e-27   0.000000000000e+00   0.000000000000e+00  -1.184972621216e-01   0.000000000000e+00  -1.669809567345e-01   1.389404273487e-27  -1.192564565948e-01   0.000000000000e+00   3.223706137139e-01   2.097848285236e-01   8.549032077169e-02   3.317576538199e-02  -4.773212344954e-02  -6.689454101954e-02   8.210534463254e-02  -3.223706137140e-01  -2.097848285237e-01  -8.549032077174e-02  -3.317576538200e-02   4.773212344957e-02   6.689454101946e-02   8.210534463268e-02   7.663830065461e-14   1.058461573214e-13   5.361359189561e-14   1.084596299692e-14  -2.806528929533e-14   7.966847956003e-14  -3.389600624972e-02   3.060132156699e-16   4.226676273364e-16   2.141099469620e-16   4.331699189202e-17   3.373456204981e-16  -8.854983379366e-19  -3.376116561763e-02
  -8.347869004148e-01  -7.970546632588e-01  -7.107629512222e-05  -7.397895640408e-06   2.968193728336e-28  -8.375981160305e-01  -2.581754302118e-04  -2.660341764223e-05   1.171573556872e-27  -6.588784019909e-01  -2.482232453983e-04  -2.529895701905e-05   3.379940358803e-27  -3.707648193449e-01  -1.058325970463e-04  -1.072044245176e-05   5.175586446185e-27  -1.594498601295e-06   0.000000000000e+00   1.850820512239e-04   0.000000000000e+00  -2.400456670202e-04  -2.703175699082e-01  -3.943267080311e-01  -4.089853884506e-01  -2.902339025883e-01   8.498462994406e-02   1.190917217876e-01  -2.065578217377e-01  -2.703175699082e-01  -3.943267080311e-01  -4.089853884506e-01  -2.902339025883e-01   8.498462994406e-02   1.190917217876e-01   2.065578217377e-01  -2.703162186642e-01  -3.943127305616e-01  -4.089709104625e-01  -2.902285248405e-01   8.407137666779e-02  -2.387354055436e-01  -3.947642964858e-15  -2.703112250597e-01  -3.942060431521e-01  -4.088550378311e-01  -2.901849668614e-01  -2.529734323205e-01   6.626556207513e-04  -1.576583199648e-17
  -4.201442238519e-06  -3.578067697968e-06  -1.778348453144e-01  -2.519376889004e-07   0.000000000000e+00  -9.077664852304e-05  -2.309778024638e-01  -4.703343902220e-07   0.000000000000e+00  -1.410353673579e-04  -1.187414634591e-01   3.300492424612e-07   0.000000000000e+00  -1.058325970463e-04   8.579257354163e-03   4.457193117267e-07   0.000000000000e+00  -4.936492233322e-04   0.000000000000e+00  -4.090672205124e-02   4.398872021035e-28   7.053451500089e-02  -6.809271910679e-02  -5.122835174241e-02  -1.181973901053e-02   1.117964342013e-03  -3.010872399937e-02   1.758247999119e-02  -3.049930214937e-02  -6.809271910679e-02  -5.122835174241e-02  -1.181973901053e-02   1.117964342013e-03  -3.010872399937e-02   1.758247999119e-02   3.049930214937e-02  -6.736557908201e-02  -5.068189139154e-02  -1.169486919525e-02   1.104960858105e-03  -3.037093840275e-02  -3.487337669390e-02  -1.526586817269e-15   2.028798311685e-01   1.525013929045e-01   3.486280651147e-02  -3.658520185892e-03   6.854587190603e-02  -2.918702390445e-04   1.835244096660e-17
  -4.310014519521e-07  -3.691055934384e-07  -2.529208376485e-07  -1.777998449451e-01   0.000000000000e+00  -9.351473099553e-06  -4.714492340389e-07  -2.308137101232e-01   0.000000000000e+00  -1.436698375344e-05   3.296391093359e-07  -1.185315637463e-01   0.000000000000e+00  -1.072044245176e-05   4.457193117267e-07   8.686986810664e-03   0.000000000000e+00  -4.712392285377e-02   4.398872021035e-28  -5.751742659064e-02   0.000000000000e+00  -3.368288250722e-02  -9.546430368312e-02  -7.175744197566e-02  -1.642588497914e-02   1.685812077623e-03   1.757158708769e-02  -1.807378154429e-02  -4.270892784431e-02  -9.546430368310e-02  -7.175744197562e-02  -1.642588497910e-02   1.685812077647e-03   1.757158708769e-02  -1.807378154430e-02   4.270892784430e-02   1.913896850597e-01   1.438515856215e-01   3.290432584696e-02  -3.404676353264e-03  -3.484998277547e-02   5.625930675207e-02   4.333497130679e-15  -5.298294110523e-04  -4.017485399453e-04  -1.004047967603e-04   9.363864344890e-07  -2.934822799423e-04  -4.262621835218e-02  -4.817331242376e-20
   9.784575612507e-30   6.974998911834e-30   0.000000000000e+00   0.000000000000e+00  -1.777938451967e-01   3.526372116660e-28   0.000000000000e+00   0.000000000000e+00  -2.307861420371e-01   1.853906285123e-27   0.000000000000e+00   0.000000000000e+00  -1.184972621216e-01   5.175586446185e-27   0.000000000000e+00   0.000000000000e+00   8.704277034666e-03   0.000000000000e+00  -6.643992328337e-02   5.079379890951e-28  -4.744622424093e-02   0.000000000000e+00   1.655867578317e-01   1.244547237032e-01   2.846765265711e-02  -2.941631585709e-03  -3.047831153445e-02  -4.270598109519e-02   3.136554918859e-02  -1.655867578317e-01  -1.244547237032e-01  -2.846765265714e-02   2.941631585696e-03   3.047831153446e-02   4.270598109519e-02   3.136554918860e-02   1.159964321932e-14   2.435151186677e-14   2.723546340603e-14   1.364797526930e-14  -1.526586822334e-15   4.333497148657e-15  -4.269314814980e-02   4.632579028872e-17   9.725399244568e-17   1.087735512141e-16   5.450877292017e-17   1.835244102804e-17  -4.817331262375e-20  -4.262894329234e-02
  -4.070895076341e-07  -2.230424512324e-07  -6.330998565269e-04  -6.031488387421e-02   0.000000000000e+00  -3.719904603957e-06  -1.516338402844e-03  -1.443741949275e-01   0.000000000000e+00  -3.456998031807e-06  -1.242264681975e-03  -1.184480377584e-01   0.000000000000e+00  -1.594498601295e-06  -4.936492233322e-04  -4.712392285377e-02   0.000000000000e+00   1.460812712029e+00   0.000000000000e+00  -7.372200232819e-02   0.000000000000e+00  -4.192341580714e-02  -5.053862616665e-03  -1.763737725623e-02  -2.373214871646e-02  -6.979509960410e-03   8.254055328168e-02  -1.119391252374e-02   2.007971709820e-01  -5.053862616425e-03  -1.763737725611e-02  -2.373214871645e-02  -6.979509960409e-03   8.254055328188e-02  -1.119391252429e-02  -2.007971709823e-01   1.003117669403e-02   3.496015509733e-02   4.704869963476e-02   1.383452839414e-02  -1.693877137406e-01  -3.570117926079e-01   3.150359726239e-13   8.360065713793e-05   2.919966867485e-04   3.920527691036e-04   1.144988374887e-04  -3.305726474584e-03  -3.645445658470e-01   1.053594703006e-17
   0.000000000000e+00   0.000000000000e+00   0.000000000000e+00   5.641783441002e-28  -8.502663516568e-02   0.000000000000e+00   0.000000000000e+00   1.513099863122e-27  -2.035088610676e-01   0.000000000000e+00   0.000000000000e+00   1.203259396966e-27  -1.669809567345e-01   0.000000000000e+00   0.000000000000e+00   4.398872021035e-28  -6.643992328337e-02   0.000000000000e+00   1.401631806275e+00   0.000000000000e+00  -8.513483414589e-02   0.000000000000e+00   1.228573219112e-02   4.278162484734e-02   5.760484946201e-02   1.693985988081e-02   2.008361634230e-01  -5.406669742263e-03  -3.415505502309e-01  -1.228573219073e-02  -4.278162484714e-02  -5.760484946199e-02  -1.693985988081e-02  -2.008361634233e-01   5.406669740913e-03  -3.415505502309e-01  -3.860800819921e-13  -1.956948938680e-13  -1.765644674200e-14  -7.197691434329e-16   3.150359726335e-13  -6.602755048613e-13  -3.503416616525e-01   4.288096375098e-18   2.174695616957e-18   1.962605011186e-19   8.001421177701e-21   1.053594703039e-17   9.339629356800e-16  -1.795544827396e-02
   2.159787251792e-06   7.123063540047e-06  -5.231775320552e-02  -7.360140482156e-02   6.514570376744e-28   2.416130128367e-04  -1.252767088944e-01  -1.761743901039e-01   1.747177226569e-27   2.925115232679e-04  -1.028109558384e-01  -1.445565613771e-01   1.389404273487e-27   1.850820512239e-04  -4.090672205124e-02  -5.751742659064e-02   5.079379890951e-28  -7.372200232819e-02   0.000000000000e+00   1.386348584818e+00   0.000000000000e+00   2.558489285271e-02  -9.244017303075e-03  -3.210727805104e-02  -4.313007196365e-02  -1.259786612268e-02  -2.304014767011e-01  -3.228531582353e-01   3.486875980782e-02  -9.244017303656e-03  -3.210727805133e-02  -4.313007196368e-02  -1.259786612268e-02  -2.304014767006e-01  -3.228531582354e-01  -3.486875980664e-02   9.225981466770e-03   3.216800999786e-02   4.341204421768e-02   1.285290213462e-02   7.037414707273e-02  -2.491477783389e-01   5.604093676785e-13   9.313507465329e-03   3.224109724449e-02   4.348811715661e-02   1.287965746438e-02  -2.584088436015e-01  -1.569123721583e-02   2.237185487065e-15
   0.000000000000e+00   0.000000000000e+00   5.641783441002e-28   0.000000000000e+00  -6.073131711332e-02   0.000000000000e+00   1.513099863122e-27   0.000000000000e+00  -1.453613089731e-01   0.000000000000e+00   1.203259396966e-27   0.000000000000e+00  -1.192564565948e-01   0.000000000000e+00   4.398872021035e-28   0.000000000000e+00  -4.744622424093e-02   0.000000000000e+00  -8.513483414589e-02   0.000000000000e+00   1.460000289172e+00   0.000000000000e+00   8.761987230510e-03   3.056650216981e-02   4.113806157935e-02   1.209669611411e-02  -1.433971514315e-01   2.008091096988e-01  -2.437893327218e-01  -8.761987230645e-03  -3.056650216987e-02  -4.113806157935e-02  -1.209669611411e-02   1.433971514314e-01  -2.008091096992e-01  -2.437893327212e-01   1.360067275416e-13   6.893860458793e-14   6.219941544384e-15   2.535573585792e-16   1.230323824396e-13   3.150359726359e-13   1.032224487204e-01  -1.633623091715e-15  -8.284872042433e-16  -7.476876883783e-17  -3.048277197939e-18  -3.079857245953e-15   1.053594703046e-17  -3.646505800237e-01
  -2.423002457791e-06  -9.118685403810e-06   9.020949075709e-02  -4.310040270910e-02   0.000000000000e+00  -3.122630874516e-04   2.160095029010e-01  -1.031659612375e-01   0.000000000000e+00  -3.786424435663e-04   1.772740458858e-01  -8.465282672581e-02   0.000000000000e+00  -2.400456670202e-04   7.053451500089e-02  -3.368288250722e-02   0.000000000000e+00  -4.192341580714e-02   0.000000000000e+00   2.558489285271e-02   0.000000000000e+00   1.355865745097e+00   1.772968893796e-03   6.076625558222e-03   8.046138008798e-03   2.255160894939e-03   1.664500861042e-01  -1.351711137780e-01  -6.894739779965e-02   1.772968893463e-03   6.076625558054e-03   8.046138008784e-03   2.255160894939e-03   1.664500861045e-01  -1.351711137780e-01   6.894739780026e-02   1.251967485567e-02   4.344912136996e-02   5.836773948347e-02   1.705396371863e-02   3.384093447192e-01  -2.504840922653e-01   3.916539436339e-13  -1.613716356361e-02  -5.583227637787e-02  -7.527014078212e-02  -2.225436221320e-02   4.474724264104e-01  -1.253350368488e-02  -2.006910090759e-15
  -1.283441477700e-01  -1.492996086464e-01  -1.382448511188e-01  -1.938030679105e-01   3.361556663668e-01  -4.132281058021e-01  -1.469221773688e-01  -2.059933732825e-01   3.573055299045e-01  -3.974749599707e-01  -1.325662147403e-01  -1.858539131531e-01   3.223706137139e-01  -2.703175699082e-01  -6.809271910679e-02  -9.546430368312e-02   1.655867578317e-01  -5.053862616665e-03   1.228573219112e-02  -9.244017303075e-03   8.761987230510e-03   1.772968893796e-03   5.474195210038e-01  -4.929787818401e-01  -4.785948044055e-01  -2.785768561816e-01   8.801041958468e-02   1.232304430034e-01  -2.137149384520e-01  -1.042553509480e-02  -1.141172255090e-01  -2.124381516802e-01  -1.946041914294e-01  -7.819906727452e-03  -1.101640298303e-02   1.175644819274e-01  -1.038831332812e-02  -1.140268578915e-01  -2.123756628624e-01  -1.945808547390e-01  -8.041766823760e-03  -9.617496799680e-02   6.828229865773e-02  -1.018671534763e-02  -1.135398743405e-01  -2.120392513168e-01  -1.944552693155e-01  -8.769541095401e-02  -3.902002391774e-02   6.795896286153e-02
  -9.458423107749e-01  -9.024002496018e-01  -1.273917989625e-01  -1.784954225970e-01   3.095867047330e-01  -8.353786292830e-01  -1.222994097711e-01  -1.712484343615e-01   2.969979388491e-01  -6.367124894782e-01  -8.639326387176e-02  -1.209621695255e-01   2.097848285236e-01  -3.943267080311e-01  -5.122835174241e-02  -7.175744197566e-02   1.244547237032e-01  -1.763737725623e-02   4.278162484734e-02  -3.210727805104e-02   3.056650216981e-02   6.076625558222e-03  -4.929787818401e-01  -5.219424921457e-01  -5.321682761053e-01  -3.617287290780e-01   1.553503580916e-01   2.176124303679e-01  -3.774186389606e-01  -1.141172255090e-01  -2.904501538430e-01  -3.726338937492e-01  -2.975611456606e-01   3.232302758211e-02   4.523490583591e-02   2.349791471460e-01  -1.140258325842e-01  -2.903429061410e-01  -3.725730176068e-01  -2.975385863745e-01   3.161184365117e-02  -2.261659332104e-01   7.824797258952e-02  -1.135315142340e-01  -2.897506616039e-01  -3.722339517287e-01  -2.974134711425e-01  -2.235999260509e-01  -4.454526194497e-02   7.813875642756e-02
  -1.012820716486e+00  -9.618904831616e-01  -6.101125913422e-02  -8.538749266299e-02   1.480819075542e-01  -9.237174986094e-01  -7.110926017868e-02  -9.926692145299e-02   1.721110993179e-01  -7.012895087877e-01  -3.544474811557e-02  -4.932226967603e-02   8.549032077169e-02  -4.089853884506e-01  -1.181973901053e-02  -1.642588497914e-02   2.846765265711e-02  -2.373214871646e-02   5.760484946201e-02  -4.313007196365e-02   4.113806157935e-02   8.046138008798e-03  -4.785948044055e-01  -5.321682761053e-01  -4.709852863121e-01  -3.347327565355e-01   1.236488422981e-01   1.732438609469e-01  -3.004753422024e-01  -2.124381516802e-01  -3.726338937492e-01  -4.285022345924e-01  -3.203311870084e-01   6.947914974779e-02   9.734169785912e-02   2.269762565070e-01  -2.123741555266e-01  -3.725651671385e-01  -4.284652366958e-01  -3.203192036264e-01   6.859145670416e-02  -2.454502404431e-01   2.906798163832e-02  -2.120287472403e-01  -3.721664804613e-01  -4.282365394641e-01  -3.202439939118e-01  -2.540478279626e-01  -1.610483530768e-02   2.903505225982e-02
  -6.214813399794e-01  -5.947050894590e-01  -1.717084947002e-02  -2.398468280614e-02   4.158835405740e-02  -6.495654233599e-01  -2.371873796391e-02  -3.295685421124e-02   5.711972048528e-02  -5.215863354414e-01  -1.386379706385e-02  -1.915142863692e-02   3.317576538199e-02  -2.902339025883e-01   1.117964342013e-03   1.685812077623e-03  -2.941631585709e-03  -6.979509960410e-03   1.693985988081e-02  -1.259786612268e-02   1.209669611411e-02   2.255160894939e-03  -2.785768561816e-01  -3.617287290780e-01  -3.347327565355e-01  -2.224544520555e-01   7.196121436602e-02   1.008347637209e-01  -1.748906492958e-01  -1.946041914294e-01  -2.975611456606e-01  -3.203311870084e-01  -2.261363934022e-01   5.727423072850e-02   8.025581015767e-02   1.612929264925e-01  -1.945804363632e-01  -2.975303301705e-01  -3.203127824807e-01  -2.261322036498e-01   5.660620395215e-02  -1.800050751757e-01   1.104444492851e-02  -1.944543636503e-01  -2.973418911812e-01  -3.201862196778e-01  -2.260987982399e-01  -1.884557515230e-01  -5.876272679352e-03   1.102797430729e-02
   3.707148127319e-01   3.634573776084e-01  -1.360832655184e-01   5.638945185355e-02  -9.780587118043e-02   1.997932613414e-01  -6.121641751949e-02  -1.433026231948e-02   2.484832018754e-02   1.470347313302e-01  -1.415966876639e-02   2.751839663577e-02  -4.773212344954e-02   8.498462994406e-02  -3.010872399937e-02   1.757158708769e-02  -3.047831153445e-02   8.254055328168e-02   2.008361634230e-01  -2.304014767011e-01  -1.433971514315e-01   1.664500861042e-01   8.801041958468e-02   1.553503580916e-01   1.236488422981e-01   7.196121436602e-02   1.425531271331e+00  -6.220834637891e-02   1.078870288519e-01  -7.819906727452e-03   3.232302758211e-02   6.947914974779e-02   5.727423072850e-02  -4.758378030834e-02  -2.247317245693e-03  -3.024750555741e-02  -7.528114620366e-03   3.264302235696e-02   6.959171106427e-02   5.731811463249e-02  -4.753083737850e-02   2.775833163985e-02  -1.333868676700e-02   1.033281655203e-01   1.600717048987e-01   1.169230281060e-01   7.530349497448e-02   1.481950673896e-01   4.372167292315e-02  -7.657320528827e-02
   5.193233648704e-01   5.091565829680e-01   5.639926440671e-02  -9.740728354717e-02  -1.370226794452e-01   2.799387312423e-01  -1.428728256176e-02  -7.116403622218e-02   3.477893090309e-02   2.060434472348e-01   2.755235898249e-02   4.666324993879e-03  -6.689454101954e-02   1.190917217876e-01   1.758247999119e-02  -1.807378154429e-02  -4.270598109519e-02  -1.119391252374e-02  -5.406669742263e-03  -3.228531582353e-01   2.008091096988e-01  -1.351711137780e-01   1.232304430034e-01   2.176124303679e-01   1.732438609469e-01   1.008347637209e-01  -6.220834637891e-02   1.382751628408e+00   1.511296203170e-01  -1.101640298307e-02   4.523490583591e-02   9.734169785915e-02   8.025581015767e-02  -2.247317245693e-03  -4.915466506222e-02  -4.235377631388e-02   1.072591548215e-01   1.807588779330e-01   1.476802113538e-01   9.938393390255e-02  -2.440875323662e-02   1.728352466579e-01  -8.571401806372e-02   2.787906269569e-02   8.983100380322e-02   1.138588219219e-01   8.653919931216e-02   9.540974404152e-02  -2.260887397195e-02  -4.059807670143e-02
  -9.006999368249e-01  -8.830670580992e-01  -9.782488388310e-02  -1.370254871199e-01   6.122679971550e-02  -4.855297082558e-01   2.476510161245e-02   3.476675948671e-02  -1.114458242134e-01  -3.573703287535e-01  -4.779782292831e-02  -6.690407614443e-02   8.210534463254e-02  -2.065578217377e-01  -3.049930214937e-02  -4.270892784431e-02   3.136554918859e-02   2.007971709820e-01  -3.415505502309e-01   3.486875980782e-02  -2.437893327218e-01  -6.894739779965e-02  -2.137149384520e-01  -3.774186389606e-01  -3.004753422024e-01  -1.748906492958e-01   1.078870288519e-01   1.511296203170e-01   1.207767975353e+00  -1.175644819274e-01  -2.349791471460e-01  -2.269762565070e-01  -1.612929264925e-01   3.024750555741e-02   4.235377631393e-02   2.468181170313e-01  -4.914498288053e-02  -1.566382560782e-01  -1.978621630685e-01  -1.502320108584e-01   1.655765717810e-02  -1.705371403878e-01   2.482694770474e-02  -4.872626744118e-02  -1.562327775546e-01  -1.976395621089e-01  -1.501578250690e-01  -1.660475127589e-01  -4.036169713722e-02   2.481430413344e-02
  -1.283441477700e-01  -1.492996086464e-01  -1.382448511188e-01  -1.938030679106e-01  -3.361556663668e-01  -4.132281058021e-01  -1.469221773688e-01  -2.059933732824e-01  -3.573055299046e-01  -3.974749599707e-01  -1.325662147403e-01  -1.858539131530e-01  -3.223706137140e-01  -2.703175699082e-01  -6.809271910679e-02  -9.546430368310e-02  -1.655867578317e-01  -5.053862616425e-03  -1.228573219073e-02  -9.244017303656e-03  -8.761987230645e-03   1.772968893463e-03  -1.042553509480e-02  -1.141172255090e-01  -2.124381516802e-01  -1.946041914294e-01  -7.819906727452e-03  -1.101640298307e-02  -1.175644819274e-01   5.474195210038e-01  -4.929787818401e-01  -4.785948044055e-01  -2.785768561816e-01   8.801041958468e-02   1.232304430034e-01   2.137149384520e-01  -1.038831332812e-02  -1.140268578915e-01  -2.123756628624e-01  -1.945808547390e-01  -8.041766823761e-03  -9.617496799682e-02  -6.828229865770e-02  -1.018671534763e-02  -1.135398743405e-01  -2.120392513168e-01  -1.944552693155e-01  -8.769541095401e-02  -3.902002391776e-02  -6.795896286152e-02
  -9.458423107749e-01  -9.024002496018e-01  -1.273917989625e-01  -1.784954225969e-01  -3.095867047330e-01  -8.353786292830e-01  -1.222994097711e-01  -1.712484343612e-01  -2.969979388493e-01  -6.367124894782e-01  -8.639326387176e-02  -1.209621695253e-01  -2.097848285237e-01  -3.943267080311e-01  -5.122835174241e-02  -7.175744197562e-02  -1.244547237032e-01  -1.763737725611e-02  -4.278162484714e-02  -3.210727805133e-02  -3.056650216987e-02   6.076625558054e-03  -1.141172255090e-01  -2.904501538430e-01  -3.726338937492e-01  -2.975611456606e-01   3.232302758211e-02   4.523490583591e-02  -2.349791471460e-01  -4.929787818401e-01  -5.219424921457e-01  -5.321682761053e-01  -3.617287290780e-01   1.553503580916e-01   2.176124303679e-01   3.774186389606e-01  -1.140258325842e-01  -2.903429061410e-01  -3.725730176068e-01  -2.975385863745e-01   3.161184365117e-02  -2.261659332104e-01  -7.824797258952e-02  -1.135315142340e-01  -2.897506616039e-01  -3.722339517287e-01  -2.974134711425e-01  -2.235999260509e-01  -4.454526194497e-02  -7.813875642755e-02
  -1.012820716486e+00  -9.618904831616e-01  -6.101125913422e-02  -8.538749266297e-02  -1.480819075542e-01  -9.237174986094e-01  -7.110926017868e-02  -9.926692145293e-02  -1.721110993180e-01  -7.012895087877e-01  -3.544474811557e-02  -4.932226967594e-02  -8.549032077174e-02  -4.089853884506e-01  -1.181973901053e-02  -1.642588497910e-02  -2.846765265714e-02  -2.373214871645e-02  -5.760484946199e-02  -4.313007196368e-02  -4.113806157935e-02   8.046138008784e-03  -2.124381516802e-01  -3.726338937492e-01  -4.285022345924e-01  -3.203311870084e-01   6.947914974779e-02   9.734169785915e-02  -2.269762565070e-01  -4.785948044055e-01  -5.321682761053e-01  -4.709852863121e-01  -3.347327565355e-01   1.236488422981e-01   1.732438609469e-01   3.004753422024e-01  -2.123741555266e-01  -3.725651671385e-01  -4.284652366958e-01  -3.203192036264e-01   6.859145670416e-02  -2.454502404431e-01  -2.906798163835e-02  -2.120287472403e-01  -3.721664804613e-01  -4.282365394641e-01  -3.202439939118e-01  -2.540478279626e-01  -1.610483530766e-02  -2.903505225983e-02
  -6.214813399794e-01  -5.947050894590e-01  -1.717084947002e-02  -2.398468280614e-02  -4.158835405740e-02  -6.495654233599e-01  -2.371873796391e-02  -3.295685421124e-02  -5.711972048528e-02  -5.215863354414e-01  -1.386379706385e-02  -1.915142863690e-02  -3.317576538200e-02  -2.902339025883e-01   1.117964342013e-03   1.685812077647e-03   2.941631585696e-03  -6.979509960409e-03  -1.693985988081e-02  -1.259786612268e-02  -1.209669611411e-02   2.255160894939e-03  -1.946041914294e-01  -2.975611456606e-01  -3.203311870084e-01  -2.261363934022e-01   5.727423072850e-02   8.025581015767e-02  -1.612929264925e-01  -2.785768561816e-01  -3.617287290780e-01  -3.347327565355e-01  -2.224544520555e-01   7.196121436602e-02   1.008347637209e-01   1.748906492958e-01  -1.945804363632e-01  -2.975303301705e-01  -3.203127824807e-01  -2.261322036498e-01   5.660620395215e-02  -1.800050751757e-01  -1.104444492852e-02  -1.944543636503e-01  -2.973418911812e-01  -3.201862196778e-01  -2.260987982399e-01  -1.884557515230e-01  -5.876272679349e-03  -1.102797430729e-02
   3.707148127319e-01   3.634573776084e-01  -1.360832655184e-01   5.638945185342e-02   9.780587118051e-02   1.997932613414e-01  -6.121641751949e-02  -1.433026231969e-02  -2.484832018742e-02   1.470347313302e-01  -1.415966876639e-02   2.751839663572e-02   4.773212344957e-02   8.498462994406e-02  -3.010872399937e-02   1.757158708769e-02   3.047831153446e-02   8.254055328188e-02  -2.008361634233e-01  -2.304014767006e-01   1.433971514314e-01   1.664500861045e-01  -7.819906727452e-03   3.232302758211e-02   6.947914974779e-02   5.727423072850e-02  -4.758378030834e-02  -2.247317245693e-03   3.024750555741e-02   8.801041958468e-02   1.553503580916e-01   1.236488422981e-01   7.196121436602e-02   1.425531271331e+00  -6.220834637891e-02  -1.078870288519e-01  -7.528114620366e-03   3.264302235696e-02   6.959171106427e-02   5.731811463249e-02  -4.753083737850e-02   2.775833163985e-02   1.333868676700e-02   1.033281655203e-01   1.600717048987e-01   1.169230281060e-01   7.530349497448e-02   1.481950673896e-01   4.372167292317e-02   7.657320528825e-02
   5.193233648704e-01   5.091565829680e-01   5.639926440658e-02  -9.740728354753e-02   1.370226794450e-01   2.799387312421e-01  -1.428728256197e-02  -7.116403622277e-02  -3.477893090343e-02   2.060434472348e-01   2.755235898244e-02   4.666324993742e-03   6.689454101946e-02   1.190917217876e-01   1.758247999119e-02  -1.807378154430e-02   4.270598109519e-02  -1.119391252429e-02   5.406669740913e-03  -3.228531582354e-01  -2.008091096992e-01  -1.351711137780e-01  -1.101640298303e-02   4.523490583591e-02   9.734169785912e-02   8.025581015767e-02  -2.247317245693e-03  -4.915466506222e-02   4.235377631393e-02   1.232304430034e-01   2.176124303679e-01   1.732438609469e-01   1.008347637209e-01  -6.220834637891e-02   1.382751628408e+00  -1.511296203170e-01   1.072591548215e-01   1.807588779330e-01   1.476802113538e-01   9.938393390254e-02  -2.440875323662e-02   1.728352466580e-01   8.571401806369e-02   2.787906269571e-02   8.983100380322e-02   1.138588219219e-01   8.653919931215e-02   9.540974404154e-02  -2.260887397193e-02   4.059807670144e-02
   9.006999368249e-01   8.830670580992e-01   9.782488388317e-02   1.370254871197e-01   6.122679971586e-02   4.855297082559e-01  -2.476510161233e-02  -3.476675948705e-02  -1.114458242128e-01   3.573703287535e-01   4.779782292833e-02   6.690407614435e-02   8.210534463268e-02   2.065578217377e-01   3.049930214937e-02   4.270892784430e-02   3.136554918860e-02  -2.007971709823e-01  -3.415505502309e-01  -3.486875980664e-02  -2.437893327212e-01   6.894739780026e-02   1.175644819274e-01   2.349791471460e-01   2.269762565070e-01   1.612929264925e-01  -3.024750555741e-02  -4.235377631388e-02   2.468181170313e-01   2.137149384520e-01   3.774186389606e-01   3.004753422024e-01   1.748906492958e-01  -1.078870288519e-01  -1.511296203170e-01   1.207767975353e+00   4.914498288050e-02   1.566382560782e-01   1.978621630685e-01   1.502320108584e-01  -1.655765717810e-02   1.705371403878e-01   2.482694770469e-02   4.872626744117e-02   1.562327775546e-01   1.976395621089e-01   1.501578250690e-01   1.660475127589e-01   4.036169713722e-02   2.481430413342e-02
  -1.283225517072e-01  -1.492767745955e-01  -1.367612208426e-01   3.885216527593e-01  -2.566647535936e-14  -4.132145247214e-01  -1.453513054258e-01   4.129797266814e-01   1.099074691373e-13  -3.974684105541e-01  -1.311491195781e-01   3.726022038602e-01   7.663830065461e-14  -2.703162186642e-01  -6.736557908201e-02   1.913896850597e-01   1.159964321932e-14   1.003117669403e-02  -3.860800819921e-13   9.225981466770e-03   1.360067275416e-13   1.251967485567e-02  -1.038831332812e-02  -1.140258325842e-01  -2.123741555266e-01  -1.945804363632e-01  -7.528114620366e-03   1.072591548215e-01  -4.914498288053e-02  -1.038831332812e-02  -1.140258325842e-01  -2.123741555266e-01  -1.945804363632e-01  -7.528114620366e-03   1.072591548215e-01   4.914498288050e-02   5.474343020796e-01  -4.929634107503e-01  -4.785886338219e-01  -2.785755022247e-01   8.706459522434e-02  -2.470185209895e-01   1.933680061858e-23  -1.017494369127e-02  -1.135106088313e-01  -2.120182694542e-01  -1.944475961737e-01  -8.735980784647e-02   7.868318389999e-02  -1.053291523675e-14
  -9.457860502749e-01  -9.023490040858e-01  -1.260283096951e-01   3.578281324944e-01   5.180521656275e-14  -8.353424950541e-01  -1.209921064054e-01   3.432827541874e-01   1.289855423181e-13  -6.366859542941e-01  -8.547122300179e-02   2.424812346554e-01   1.058461573214e-13  -3.943127305616e-01  -5.068189139154e-02   1.438515856215e-01   2.435151186677e-14   3.496015509733e-02  -1.956948938680e-13   3.216800999786e-02   6.893860458793e-14   4.344912136996e-02  -1.140268578915e-01  -2.903429061410e-01  -3.725651671385e-01  -2.975303301705e-01   3.264302235696e-02   1.807588779330e-01  -1.566382560782e-01  -1.140268578915e-01  -2.903429061410e-01  -3.725651671385e-01  -2.975303301705e-01   3.264302235696e-02   1.807588779330e-01   1.566382560782e-01  -4.929634107503e-01  -5.219162869476e-01  -5.321471867016e-01  -3.617168802625e-01   1.536804567667e-01  -4.362209197676e-01   3.527223753656e-23  -1.135032708170e-01  -2.897126477380e-01  -3.722039262167e-01  -2.973971887530e-01  -2.232234171707e-01   9.081166142259e-02  -9.059954211056e-16
