ARMA_MAT_TXT_FN008
72 72
   4.269684578289e-01  -5.710348891262e-01  -4.997448494990e-01  -2.828415067410e-01   1.706584208566e-01  -3.592073394764e-01  -1.494352257861e-08  -2.954688270563e-01  -2.956198949456e-01  -1.989859453325e-01   4.671715774559e-01  -1.057551746980e-07  -5.975088962859e-01  -2.160121883386e-01   5.122966951764e-01  -1.303318200506e-07  -5.309491273803e-01  -1.699518566657e-01   4.000354339117e-01  -1.043781732462e-07  -3.956468288636e-01  -1.140984095448e-01   2.658517864418e-01  -6.696798197225e-08   3.109977130423e-02   6.130245105132e-08   2.824934467255e-02  -1.857127266263e-08   4.567402863924e-02  -3.900479713080e-04   2.859527017910e-04  -7.417788853322e-04   3.003193618788e-03   2.780215399947e-08  -3.658318503849e-02  -1.083750427621e-01   4.457058531623e-02   1.365350875313e-08  -1.630410999736e-01  -3.169994127457e-01   1.089592721644e-01  -2.985334329324e-08  -1.978582954204e-01  -2.473974141627e-01   8.739828377554e-02  -3.221295339193e-08   9.028582189076e-02   3.501987724344e-07   6.757420101361e-02  -5.359219856842e-08  -9.220000149874e-02  -6.374914320220e-03  -5.611038463471e-03  -5.845317308490e-02  -1.191148013267e-01   6.033508523475e-03  -1.558490657747e-04   2.145040573014e-08   3.487923498719e-03  -1.603146479726e-02  -1.088207662060e-01  -1.523825038838e-01  -4.636297924560e-03   2.109838353548e-05  -1.545565601082e-03   3.487594160690e-03  -1.603046596829e-02  -1.088181956572e-01  -1.523810273927e-01  -4.635514587162e-03   2.116963779031e-05   1.545386662818e-03
  -5.710348891262e-01  -6.363809754238e-01  -5.842999900089e-01  -3.801821569760e-01   2.993559272010e-01  -6.273165156775e-01   2.876804333871e-08  -1.494111827659e+00  -1.414405758032e+00  -1.780482907874e-01   4.345785213678e-01  -1.063596432846e-07  -1.283291601136e+00  -1.492583199389e-01   4.406763028439e-01  -1.275660107642e-07  -9.227351776893e-01  -5.422048994428e-02   2.767055227975e-01  -5.791732125580e-08  -5.942800610091e-01  -3.268082858251e-02   1.710724247595e-01   8.817842613184e-09   5.515599403364e-02   6.970071292206e-08   6.741792454040e-02  -2.332324156720e-08   6.756860029106e-02  -6.089861445092e-02  -6.130268866567e-02  -7.865563220865e-02   3.270678799045e-02   9.692527170234e-08  -1.815469234692e-01  -2.725194498651e-01   5.812221617086e-02   1.723190061462e-07  -3.434518972767e-01  -5.134240925814e-01   7.091911729701e-02   1.314406193683e-07  -3.212517588306e-01  -3.286358730283e-01   5.743319341507e-02   4.555678696958e-08   4.456069922631e-02  -1.360369640954e-07   1.133363989208e-01  -5.280927923327e-08  -1.918612039597e-01  -5.018164313342e-03  -3.554293094033e-02  -1.574069303201e-01  -2.140601229023e-01  -9.632981832263e-03   1.264123093457e-02  -2.061626800116e-07  -1.898406311602e-02  -7.495001840968e-02  -2.031748143233e-01  -2.400044797187e-01  -4.400979418932e-02  -3.032009381747e-03  -2.758906637499e-02  -1.898281360401e-02  -7.494767222785e-02  -2.031724375045e-01  -2.400032324011e-01  -4.400790065545e-02  -3.030100322375e-03   2.758878763951e-02
  -4.997448494990e-01  -5.842999900089e-01  -4.922577307075e-01  -3.470498949669e-01   2.262212744877e-01  -4.700732467350e-01   3.854933618993e-08  -1.318665214643e+00  -1.249610266787e+00  -6.650971243265e-02   1.679335861408e-01  -6.688176576679e-08  -1.189989782945e+00  -4.376405687982e-02   2.479517138819e-01  -9.465844264279e-08  -8.879390216535e-01   1.078236879671e-01   2.114844590223e-01  -1.487500114113e-08  -5.756673484494e-01   1.477536564568e-01   9.498011332943e-02   9.441871664719e-08   4.711446958314e-02   3.584688471994e-08   6.793235573559e-02  -1.452330375083e-08   3.193340383472e-02  -4.060540591549e-01  -3.877856436658e-01  -9.567376133311e-02   4.928898182381e-02   1.429956826900e-07  -4.500329492325e-01  -2.436516457652e-01   5.511069686648e-02   3.396518049125e-07  -5.087346203825e-01  -4.247278277000e-01   3.960048298482e-02   3.260921921963e-07  -3.803356614988e-01  -2.361987356263e-01   2.298564819929e-02   1.446927988859e-07  -1.161767590224e-02  -1.292187261578e-06   8.924165271241e-02  -1.429360802896e-08  -1.722084178256e-01  -5.408341750058e-02  -1.436588233910e-01  -2.732823697789e-01  -2.740735731028e-01  -4.800785767104e-02   8.319225417322e-02  -2.275373468379e-06  -1.102745986365e-01  -1.988946833262e-01  -3.044621581589e-01  -2.873099136595e-01  -6.137906857196e-02  -4.223635925139e-02  -9.467078638301e-02  -1.102716751159e-01  -1.988918690619e-01  -3.044603468242e-01  -2.873091730824e-01  -6.137872755801e-02  -4.222976324961e-02   9.467258121538e-02
  -2.828415067410e-01  -3.801821569760e-01  -3.470498949669e-01  -2.458168653155e-01   1.254112442677e-01  -2.639334983612e-01   3.020253862063e-08  -7.565153238851e-01  -7.185178921175e-01  -2.288548591763e-02   4.560813214183e-02  -3.220377118016e-08  -7.376301699517e-01  -2.120151968096e-03   9.731356118438e-02  -4.838511608531e-08  -6.005857425396e-01   1.442009807297e-01   1.283657872880e-01  -1.440765177946e-10  -4.229319116472e-01   2.020224562978e-01   7.828495494267e-02   6.203581598406e-08   2.160531431365e-02   1.402254592498e-08   3.741053779181e-02  -6.096376864843e-09   3.713442266955e-03  -4.499496030795e-01  -4.300438532325e-01  -2.806245338117e-02   2.468129215510e-02   7.303693799384e-08  -4.863727168636e-01  -1.100944936093e-01   3.033121765913e-02   1.842724815012e-07  -4.829661287314e-01  -2.331445118678e-01   2.495358976748e-02   1.774739941531e-07  -3.237899036905e-01  -1.178872401431e-01   1.212547757456e-02   8.500863420955e-08  -1.373646787652e-02  -8.110929137824e-07   4.512858685916e-02   5.565717855711e-08  -8.865211268489e-02  -1.139516491301e-01  -2.004608525186e-01  -2.791121673720e-01  -2.408564928676e-01  -5.177914293278e-02   1.163291468677e-01  -3.520355020356e-06  -1.516116494442e-01  -2.333859543295e-01  -2.956758001311e-01  -2.466323922506e-01  -5.380871896792e-02  -5.869924803614e-02  -1.135223083311e-01  -1.516099115933e-01  -2.333842703315e-01  -2.956747286597e-01  -2.466320262550e-01  -5.380880040599e-02  -5.869189444453e-02   1.135253958080e-01
   1.706584208566e-01   2.993559272010e-01   2.262212744877e-01   1.254112442677e-01   1.242410211707e+00   2.668807874415e-01  -1.390261860451e-08   8.562545606082e-01   8.127694583369e-01  -1.863701704959e-01  -3.044381523102e-01   5.671108849358e-08   5.284532312477e-01  -1.716614306934e-01  -5.463462300973e-02   2.782318409098e-08   3.498061142236e-01  -1.310530150607e-02  -8.716805272750e-02   1.256387971080e-08   2.225716182735e-01  -2.999423343655e-02  -8.607625159712e-02  -8.205786403037e-09  -6.129865118369e-03   4.354256386027e-08   8.195322922982e-02  -2.852478349385e-09   2.910784602806e-01   8.179669427495e-03   9.454763396290e-03   9.057879492123e-02  -2.991946285741e-02  -4.883296891100e-08   1.375785709303e-01   2.358928570343e-01  -6.148311870267e-02  -7.978554107492e-08   1.680104444572e-01   2.068625413886e-01  -2.676494071439e-02  -6.876426672955e-08   1.249206971748e-01   1.084112070696e-01  -2.660173413616e-02  -2.587028118765e-08  -5.930828544031e-02   1.528458195341e-07  -9.394603155283e-02   3.087715077681e-08   1.463407411181e-01  -4.943649886325e-03   1.277916277405e-02   7.103083785753e-02   8.080735513158e-02   8.359326831196e-03  -1.783493612846e-03  -5.488624256450e-08   5.474733560615e-03   5.025814339675e-02   9.460704342965e-02   9.217586680671e-02   4.118451636506e-02  -1.790643216894e-03   1.833968096026e-02   5.473832282023e-03   5.025594763579e-02   9.460602070257e-02   9.217535893926e-02   4.118176579822e-02  -1.791754433955e-03  -1.833874192958e-02
  -3.592073394764e-01  -6.273165156775e-01  -4.700732467350e-01  -2.639334983612e-01   2.668807874415e-01   7.641391431973e-01   1.022106674771e-07  -1.976887120055e+00  -1.879184312649e+00  -2.855583324448e-01   3.560749654971e-01  -4.681848727361e-08  -1.221984683415e+00  -1.084791990984e-02  -1.144329390761e-01   5.438824407211e-08  -7.668989541442e-01  -4.292989127773e-02   9.650457946850e-02   1.875990441704e-08  -4.776355250576e-01  -6.436498760019e-02   9.289119358561e-02  -1.703762312151e-08  -3.709907161701e-01  -1.162776802230e-07  -2.345258699621e-01   7.112900285383e-08  -1.981798078516e-01  -3.646931131171e-03  -3.053684320826e-03  -2.888176019481e-02   3.924639474160e-03  -5.937933061514e-08  -7.547221796668e-02  -1.992027925185e-01  -3.484004790634e-03  -8.609036639780e-08  -2.255846625138e-01  -4.328783204803e-01  -1.435116628799e-04  -6.564953724399e-08  -2.237383855793e-01  -2.650129011296e-01   2.655951977869e-03  -2.711132834643e-08  -6.205995967050e-03   6.424573388191e-08   9.854215590359e-02   6.360625471701e-10  -1.907777406388e-01   3.948941806368e-04  -1.401925998453e-02  -1.097247632399e-01  -1.529071112366e-01  -1.449057596164e-03   7.136755227131e-04  -2.164465321757e-08   1.218347200674e-03  -1.476023722883e-02  -1.146591225404e-01  -1.561612922696e-01  -5.011903194038e-03  -2.560942935716e-03  -1.616963441586e-03   1.218190320036e-03  -1.476060399996e-02  -1.146586197056e-01  -1.561610212808e-01  -5.012218051928e-03  -2.560546317640e-03   1.617158711140e-03
  -1.494352257861e-08   2.876804333871e-08   3.854933618993e-08   3.020253862063e-08  -1.390261860451e-08   1.022106674771e-07   1.358431778988e+00   2.944026243040e-07   2.814912293897e-07   4.304862768272e-08  -8.698690450375e-08  -3.472733528897e-01   1.904306017750e-07   7.655060221211e-10   2.549113485068e-08  -2.086203242572e-01   1.076061918457e-07  -1.239208887244e-09   4.226232313744e-09  -4.561043865607e-02   6.445888496231e-08  -5.954925681045e-09  -2.167239688502e-08  -6.804629798198e-02   9.479861124755e-08  -2.152305254366e-01   1.187722647206e-07   1.045266862014e-01   8.913651921722e-08   1.766426429011e-09   2.117431774848e-09   1.947167674839e-09  -8.377335185384e-08  -1.102905465773e-02   3.251127826171e-08   2.711841557918e-08  -1.148401435324e-07  -4.892209129022e-02   5.292411768699e-08   4.748318662070e-08  -7.142896846155e-08  -5.850362405813e-02   3.977723498602e-08   2.353963687652e-08  -2.138551211860e-08  -3.905648698433e-02   1.511700485713e-08   1.060999783535e-02   1.885110732298e-07  -8.084847478315e-02   1.452170002683e-07  -1.272389586330e-07   1.759949859238e-07   5.754903849518e-07   3.257962164790e-07   2.069342903660e-07  -9.728532501212e-08  -1.588091911408e-03  -1.298128223989e-03   1.432714434039e-02   1.618099434845e-02   8.645106828644e-03   1.645522253973e-02   7.596074165097e-04   3.229261862713e-03   1.298438398139e-03  -1.432697098193e-02  -1.618146429467e-02  -8.645319276269e-03  -1.645467895277e-02  -7.592875311896e-04   3.229512898945e-03
  -2.954688270563e-01  -1.494111827659e+00  -1.318665214643e+00  -7.565153238851e-01   8.562545606082e-01  -1.976887120055e+00   2.944026243040e-07  -1.758729809876e+01  -2.200822758262e+01   1.602543337568e-02   2.802578160367e-02  -2.906454657132e-08  -8.146016130389e+00   6.972467089616e-03   1.276399769200e-02  -1.003237161808e-08  -3.530340715849e+00   2.646601395245e-03   5.285648055128e-03  -2.409494811728e-09  -1.596156592534e+00   6.989587768169e-04   2.003355802089e-03  -6.656095966025e-11  -1.753971365426e-04  -3.757897556215e-09  -1.154289375229e-03  -2.017609328164e-09   1.005292185742e-03  -3.441735726967e-04  -2.366317743597e-04  -1.360129177765e-02  -1.274455582324e-03  -9.239532730021e-11  -2.154673369110e-01  -7.371540313412e-01  -7.361773881868e-02  -7.113553813289e-09  -8.543665076107e-01  -1.697916924832e+00  -1.697096084937e-01  -1.739775153529e-08  -7.209655682270e-01  -7.978775855868e-01  -7.961617723491e-02  -8.052904997873e-09  -1.545314873904e-01   4.063409123094e-09   4.510071433162e-01  -1.810791829667e-08  -7.658183371879e-01  -1.163037700782e-04  -4.502093704031e-02  -4.198009004899e-01  -5.044498887207e-01  -2.945873457895e-03   1.378505197084e-03  -5.054656303420e-08   8.373615929846e-05  -3.311488594143e-02  -3.795610958530e-01  -4.868063603399e-01  -1.829894284463e-03  -6.263770352789e-04  -8.362256140606e-04   8.373371748712e-05  -3.311496036211e-02  -3.795613748878e-01  -4.868064858300e-01  -1.829902035820e-03  -6.263281235435e-04   8.362568758106e-04
  -2.956198949456e-01  -1.414405758032e+00  -1.249610266787e+00  -7.185178921175e-01   8.127694583369e-01  -1.879184312649e+00   2.814912293897e-07  -2.200822758262e+01  -1.651852024487e+01   1.523930206222e-02   2.649799576553e-02  -2.837877143842e-08  -7.392315850224e+00   3.568270447456e-03   6.786946999759e-03  -4.538024542109e-09  -3.319007679183e+00   5.974567572960e-04   2.184507451904e-03  -4.971709730962e-11  -1.512612330330e+00  -4.888632531682e-04   7.375984640244e-04   3.674967389933e-10  -8.883475839194e-04  -6.842206379904e-09  -3.033772964538e-03  -2.073683995424e-09   1.372789604820e-03  -2.682235050244e-04  -2.557115738268e-04  -1.297660103707e-02  -1.193474991604e-03  -1.721995877884e-09  -2.087119765892e-01  -7.091626678941e-01  -7.106452120194e-02  -8.854457543145e-09  -8.100600519865e-01  -1.604676179224e+00  -1.609655961010e-01  -1.750281819123e-08  -6.843907632015e-01  -7.571776068959e-01  -7.590907147554e-02  -7.939656871438e-09  -1.500719826235e-01  -2.681253428105e-09   4.357524330523e-01  -1.639650465146e-08  -7.399579787447e-01   2.420642957639e-04  -4.341536821379e-02  -3.988661197393e-01  -4.791549493864e-01  -3.045253880165e-03   1.166937428742e-03  -4.450934947143e-08   2.521901654296e-04  -3.193423445805e-02  -3.604978718139e-01  -4.622787861764e-01  -1.834421797001e-03  -5.228892657216e-04  -6.632293187727e-04   2.521926376120e-04  -3.193430658513e-02  -3.604981442334e-01  -4.622789097449e-01  -1.834432513078e-03  -5.228516406960e-04   6.632546271901e-04
  -1.989859453325e-01  -1.780482907874e-01  -6.650971243265e-02  -2.288548591763e-02  -1.863701704959e-01  -2.855583324448e-01   4.304862768272e-08   1.602543337568e-02   1.523930206222e-02   1.691698527920e+00  -1.848979655910e-02  -2.901861891227e-08   3.361950297580e-03  -8.215952561316e-01  -1.299699733581e-02  -2.465634843799e-08   3.280240021103e-03  -7.535880356675e-01  -5.811313391626e-03   2.174095629602e-11  -5.734905767387e-03  -2.897976538972e-01  -1.157433499468e-03   1.338267072286e-08   5.437622896061e-02  -1.857295947679e-09  -2.222889492121e-02  -3.740651777219e-08   6.810798004653e-02   5.097206647991e-03   6.255253644089e-03   1.747873177163e-01   1.604459070124e-02   4.357414312813e-08   2.290163634160e-01   4.481765221049e-01   4.915110333401e-02   6.156617095278e-08   1.994640597160e-01   1.697552272610e-01   3.103117669336e-02   4.515503057839e-08   4.800400518302e-02  -4.098701031076e-02   5.300048386233e-03   1.924245555803e-08   8.042764220604e-02  -7.345480534360e-08  -2.019673810233e-01   2.720910865918e-08   3.398383081245e-01  -2.768308850344e-03   4.724305350882e-02   9.199668762881e-02   3.489144144271e-02   3.693067472611e-02  -9.558820849536e-03   4.005818221970e-07  -5.672535272622e-03   3.506794043616e-02   8.205529488170e-02   3.240902217266e-02   2.919428421408e-02   5.556014828667e-03   6.093249494897e-03  -5.672473591834e-03   3.506812414750e-02   8.205557400115e-02   3.240914552488e-02   2.919436394652e-02   5.555654590001e-03  -6.093456849049e-03
   4.671715774559e-01   4.345785213678e-01   1.679335861408e-01   4.560813214183e-02  -3.044381523102e-01   3.560749654971e-01  -8.698690450375e-08   2.802578160367e-02   2.649799576553e-02  -1.848979655910e-02   1.651881311192e+00  -9.464683329542e-08   1.250331125976e-02  -1.313021895224e-02  -8.580285335998e-01  -9.467482379851e-08   1.661547463354e-02  -5.910317855318e-03  -7.779846033044e-01  -4.920636587354e-08   1.442422917316e-02  -7.218190430535e-04  -3.148343551707e-01  -1.051718954422e-08  -1.252960228317e-02  -8.351417838484e-08  -4.769470655489e-02   5.491646803204e-09  -5.901510282115e-02   5.521419679897e-04   7.848171772230e-04   2.100787272997e-02  -1.198838641476e-02   2.989436717182e-08   2.505637050021e-02   6.111916592195e-02  -1.025015706618e-01   3.634166853056e-08   2.780367944145e-02   5.164527041370e-02  -1.955108309064e-01   2.267707206321e-08   1.362189836057e-02   1.688712219427e-02  -1.124463461883e-01   1.084914079414e-08  -2.043888572103e-01  -4.478713283295e-07  -2.742830576099e-02   1.333777217792e-08   7.359258088014e-02   6.031235113447e-03  -1.729756041531e-02  -4.266126706143e-02  -1.742770132909e-02  -1.228558417105e-02   2.958466832703e-03  -1.793090276882e-07  -4.282002017268e-03   1.141120151761e-02   3.654068648676e-02   2.186593120273e-02   9.658061603977e-03   4.561440268568e-04   2.714509876213e-03  -4.281616829936e-03   1.141030744358e-02   3.653791073336e-02   2.186452835153e-02   9.657391772264e-03   4.558443303140e-04  -2.714354743851e-03
  -1.057551746980e-07  -1.063596432846e-07  -6.688176576679e-08  -3.220377118016e-08   5.671108849358e-08  -4.681848727361e-08  -3.472733528897e-01  -2.906454657132e-08  -2.837877143842e-08  -2.901861891227e-08  -9.464683329542e-08   1.578322996101e+00   8.641094378989e-09  -2.351560858666e-08  -9.435112474590e-08  -9.121145550052e-01  -8.302515687623e-09   3.589882296909e-09  -5.704068880800e-08  -7.992847231599e-01  -2.531482696073e-08   1.050203251451e-08  -2.402721235413e-08  -3.214901767602e-01   3.087860314430e-08   3.483130688674e-02   5.036883513831e-08   1.909906305298e-02   4.209972446758e-08   1.214704509382e-10  -1.071822591300e-09  -4.232435619342e-09  -2.290728330317e-08  -1.648658028445e-02  -1.248731119549e-08   4.873635366481e-09  -3.615283047946e-08  -1.171490511161e-01  -1.673023284430e-08  -8.703849915825e-09  -3.185625972487e-08  -2.082434356194e-01  -1.974541983812e-08  -1.591812641679e-08  -1.085742622345e-08  -1.159185148688e-01   2.184660848185e-08  -2.949736674645e-02   5.338333230370e-07  -2.349657859086e-01   3.613486201600e-07  -3.098810964786e-07   6.852126605687e-07   1.789461122403e-06   8.453365712391e-07   6.671519857102e-07  -2.327147649535e-07  -3.196947891681e-03  -8.969291770140e-03   1.356574055730e-02   4.541678833788e-02   2.295659187492e-02   1.318294138586e-02   3.744459433697e-03   2.704805626577e-03   8.969612494018e-03  -1.356621743896e-02  -4.541836872186e-02  -2.295740666589e-02  -1.318343979890e-02  -3.744323659394e-03   2.705127267676e-03
  -5.975088962859e-01  -1.283291601136e+00  -1.189989782945e+00  -7.376301699517e-01   5.284532312477e-01  -1.221984683415e+00   1.904306017750e-07  -8.146016130389e+00  -7.392315850224e+00   3.361950297580e-03   1.250331125976e-02   8.641094378989e-09  -3.886839617060e+00   2.902656494736e-02   6.450080994369e-02   4.207447815876e-09  -2.487758373394e+00   2.546765237809e-02   5.518217232533e-02  -8.194208603870e-11  -1.415817245970e+00  -1.437064821963e-04   2.089850431590e-02  -3.622788963663e-09   3.833774897220e-02  -4.956202529330e-09   6.257945208860e-02   1.844366576077e-09  -4.570598364841e-03  -3.569628199388e-02  -3.923825479008e-02  -2.105974001236e-01  -1.992496461019e-02  -4.220380759209e-08  -3.710299026573e-01  -7.858442936031e-01  -7.652270789417e-02  -5.416736636178e-08  -8.033379505640e-01  -1.366313247432e+00  -1.269769635619e-01  -4.049355116240e-08  -6.954664315336e-01  -7.361412028132e-01  -6.666404345556e-02  -1.504116346124e-08  -1.238350680229e-01  -9.704048335616e-08   3.553594398146e-01  -9.385616063241e-09  -6.039033233265e-01   1.591001173090e-04  -9.761908998108e-02  -4.215497421126e-01  -4.948483888572e-01  -5.749567553466e-02   2.242938302950e-02  -8.710200023424e-07  -1.078915291127e-04  -8.024093370834e-02  -3.890148950888e-01  -4.803604960853e-01  -4.118052463924e-02  -1.269364401354e-02  -1.634210241731e-02  -1.078185166817e-04  -8.024096640483e-02  -3.890149592011e-01  -4.803605234020e-01  -4.118073726250e-02  -1.269269676029e-02   1.634269632922e-02
  -2.160121883386e-01  -1.492583199389e-01  -4.376405687982e-02  -2.120151968096e-03  -1.716614306934e-01  -1.084791990984e-02   7.655060221211e-10   6.972467089616e-03   3.568270447456e-03  -8.215952561316e-01  -1.313021895224e-02  -2.351560858666e-08   2.902656494736e-02  -1.111247180001e-03   1.603244896317e-02  -2.087598353883e-08   6.639340437308e-02  -5.104661309675e-01   2.183488853009e-02  -3.421840998617e-09   4.436977454834e-02  -3.376324176296e-01   1.081888823767e-02   8.885259792538e-09   1.199583906869e-01   4.994327379330e-09  -4.901341286924e-02  -6.060292898631e-08   1.603049380221e-01   1.269746171080e-01   1.463139666441e-01   3.808561793713e-01   4.070761905068e-02   4.687257852739e-08   3.865235034910e-01   3.801663925115e-01   4.281930146714e-02   5.563757998873e-08   2.802978106845e-01   1.504648546009e-01   3.281084202268e-02   3.821513354641e-08   9.602202620666e-02  -3.804958146078e-02   1.257513140321e-02   1.653476875637e-08   5.621456771139e-03  -1.539269248243e-07  -1.573288363867e-02   3.630411837722e-08   2.316672843199e-02   1.695021645494e-02   1.145353284212e-01   1.481312431249e-01   7.270703981272e-02   1.125121924978e-01  -5.598081614626e-02   2.098991704085e-06   6.474057619011e-03   9.385574110176e-02   1.344115514459e-01   6.757397066306e-02   8.679836936337e-02   3.127730799222e-02   4.157229197434e-02   6.474206359276e-03   9.385607041448e-02   1.344119722745e-01   6.757419202517e-02   8.679882490539e-02   3.127486156640e-02  -4.157383013546e-02
   5.122966951764e-01   4.406763028439e-01   2.479517138819e-01   9.731356118438e-02  -5.463462300973e-02  -1.144329390761e-01   2.549113485068e-08   1.276399769200e-02   6.786946999759e-03  -1.299699733581e-02  -8.580285335998e-01  -9.435112474590e-08   6.450080994369e-02   1.603244896317e-02  -2.011109614342e-02  -7.824207110511e-08   1.156455834047e-01   2.194055354357e-02  -4.970016431312e-01  -2.356756025674e-08   8.712494905928e-02   1.143935790135e-02  -3.443135367588e-01   1.008465607916e-08  -3.246407638362e-02  -1.322887586725e-07  -1.071982337880e-01   1.066567434846e-08  -1.331283879136e-01   1.286066241964e-02   1.488181409901e-02   4.733766138915e-02  -6.186463984600e-02   5.718870527254e-08   4.417949043245e-02   6.834291594046e-02  -1.397944735429e-01   7.748725499977e-08   6.103469009559e-02   1.041071787844e-01  -2.086727408907e-01   5.904153568007e-08   5.069373614667e-02   6.003535069231e-02  -1.388275716663e-01   2.874001661871e-08  -1.678401196478e-01  -3.565257435935e-07  -1.409875797121e-02   9.867294515569e-09   3.809540126465e-02  -3.622603002758e-03  -3.640967464390e-02  -3.523175840370e-02   1.417054026135e-03  -4.412577143567e-02   1.053738495854e-02  -8.627922466583e-07   8.221860491410e-04   3.026609001174e-02   6.204255950413e-02   5.174702759861e-02   3.146841543632e-02  -5.898226879110e-05   1.541389442209e-02   8.221481909459e-04   3.026381984119e-02   6.203894824707e-02   5.174517928194e-02   3.146614851826e-02  -6.074809789501e-05  -1.541315864912e-02
  -1.303318200506e-07  -1.275660107642e-07  -9.465844264279e-08  -4.838511608531e-08   2.782318409098e-08   5.438824407211e-08  -2.086203242572e-01  -1.003237161808e-08  -4.538024542109e-09  -2.465634843799e-08  -9.467482379851e-08  -9.121145550052e-01   4.207447815876e-09  -2.087598353883e-08  -7.824207110511e-08   1.724873207725e-02  -3.303592493207e-08   7.921598892416e-10  -3.523426385049e-08  -4.246207448058e-01  -4.507923055612e-08   7.218764575598e-09  -1.021318186696e-08  -3.090604423687e-01   3.818851863869e-08   6.994763643639e-02   5.335579442252e-08   4.403459897804e-02   5.556573812400e-08   1.513704744015e-09   2.042781847817e-10  -5.648417182769e-09  -1.184562721932e-08  -6.913089849508e-02  -1.514889894251e-08  -6.720288621789e-09  -2.000510924453e-08  -1.511822644035e-01  -2.515656392189e-08  -2.880626223093e-08  -1.817080307668e-08  -2.062237992288e-01  -2.960654011331e-08  -2.926753785225e-08  -3.532931427219e-09  -1.312716754591e-01   1.770447191471e-08  -2.276272561799e-02   4.968859036596e-07  -1.867589070602e-01   3.235396787975e-07   2.882342779563e-08   1.492450641059e-06   2.024491268181e-06   9.840702965103e-07   1.960922233824e-06  -9.837170114492e-07  -1.509396545102e-02  -2.189888825545e-03   3.430835763361e-02   5.286270532365e-02   2.699705289258e-02   4.063704099502e-02   1.553880425645e-02   9.937695763804e-03   2.189967636972e-03  -3.430953026224e-02  -5.286451823665e-02  -2.699801581917e-02  -4.063859907724e-02  -1.553806128184e-02   9.939171787544e-03
  -5.309491273803e-01  -9.227351776893e-01  -8.879390216535e-01  -6.005857425396e-01   3.498061142236e-01  -7.668989541442e-01   1.076061918457e-07  -3.530340715849e+00  -3.319007679183e+00   3.280240021103e-03   1.661547463354e-02  -8.302515687623e-09  -2.487758373394e+00   6.639340437308e-02   1.156455834047e-01  -3.303592493207e-08  -1.646103364569e+00   1.900411348919e-01   1.586300028392e-01  -9.642367427409e-09  -1.047921259882e+00   1.442880529119e-01   8.400122627589e-02   2.012012705807e-08   4.789820316071e-02   1.013017264120e-08   8.875560239103e-02  -4.916315041360e-09  -1.336456348710e-02  -5.212198752910e-01  -5.004759312785e-01  -2.380360830924e-01  -2.440956362713e-02   2.071106320011e-08  -6.188110533548e-01  -5.422553062864e-01  -5.061540550841e-02   6.950453898993e-08  -7.798731406676e-01  -8.766094839078e-01  -5.903009052894e-02   5.649803593479e-08  -6.134866150693e-01  -5.017151252960e-01  -2.604836637912e-02   2.173220373935e-08  -6.285872972109e-02   9.150829748763e-08   2.111533657435e-01  -1.698654958583e-08  -3.521445874260e-01  -7.933996959831e-02  -2.187128995508e-01  -4.350441959172e-01  -4.459229956271e-01  -1.082761061782e-01   1.090860583976e-01  -3.716372390593e-06  -6.908720216187e-02  -2.015889753924e-01  -4.211723362238e-01  -4.421349845183e-01  -9.212792983316e-02  -5.922454249869e-02  -9.192814242530e-02  -6.908720498695e-02  -2.015888551095e-01  -4.211718845264e-01  -4.421347260289e-01  -9.212836905908e-02  -5.921894686438e-02   9.193129416211e-02
  -1.699518566657e-01  -5.422048994428e-02   1.078236879671e-01   1.442009807297e-01  -1.310530150607e-02  -4.292989127773e-02  -1.239208887244e-09   2.646601395245e-03   5.974567572960e-04  -7.535880356675e-01  -5.910317855318e-03   3.589882296909e-09   2.546765237809e-02  -5.104661309675e-01   2.194055354357e-02   7.921598892416e-10   1.900411348919e-01  -4.266245593240e-01   2.340327534463e-02  -5.932523678300e-08   2.532666007895e-01  -4.156371280135e-01   4.272425545614e-03  -7.874636475614e-08   9.468716423983e-02   1.127745719084e-09  -4.736424973779e-02  -3.356803559707e-08   1.503825464187e-01   1.317810533659e+00   1.240914099975e+00   2.550049427269e-01   4.197263685148e-02  -7.878357769711e-08   9.468190341457e-01   1.485337966692e-01   2.983638439796e-02  -2.016416659985e-07   6.210273972471e-01   2.894416055582e-03   2.036648023758e-02  -1.650091983610e-07   3.163106634427e-01  -3.187675969692e-02   1.767167365982e-02  -6.287658703377e-08  -7.326090038828e-03  -6.150817022341e-07  -2.488424793589e-02   3.664391985528e-08   2.644790569522e-02   1.907576403334e-01   3.635254986754e-01   3.806301853942e-01   2.492399836653e-01   1.400132912151e-01  -2.368238578252e-01   7.883020572916e-06   1.585023502979e-01   3.366136242481e-01   3.660627726333e-01   2.417394122150e-01   1.235605059944e-01   1.234301972152e-01   1.973688906731e-01   1.585028994486e-01   3.366140516523e-01   3.660631754668e-01   2.417396742532e-01   1.235615045243e-01   1.234182314595e-01  -1.973758474087e-01
   4.000354339117e-01   2.767055227975e-01   2.114844590223e-01   1.283657872880e-01  -8.716805272750e-02   9.650457946850e-02   4.226232313744e-09   5.285648055128e-03   2.184507451904e-03  -5.811313391626e-03  -7.779846033044e-01  -5.704068880800e-08   5.518217232533e-02   2.183488853009e-02  -4.970016431312e-01  -3.523426385049e-08   1.586300028392e-01   2.340327534463e-02  -1.671043138095e-01   5.695204485435e-08   1.492322516050e-01   4.396351834304e-03  -1.697484294408e-01   8.329555403787e-08  -3.174796388123e-02  -9.399321423692e-08  -8.777152046241e-02  -4.035170138749e-09  -1.045439746469e-01   1.326781810706e-01   1.248640168396e-01   4.345813240202e-02  -1.656989381267e-01   1.108799998052e-07   9.854519519700e-02   4.775447843309e-02  -1.785706071976e-01   1.931069856262e-07   1.039338927783e-01   1.060555246746e-01  -1.590918315129e-01   1.684378446970e-07   9.355146635602e-02   8.668162521654e-02  -1.129273176006e-01   7.713735468238e-08  -8.677378343997e-03   2.229224716216e-06   8.866161760000e-03  -1.626095821135e-07   2.204791379350e-02  -8.173583801277e-02  -6.920980156098e-02  -3.670392859258e-03   3.749234125358e-02  -3.304093893904e-02   7.424195031989e-03  -1.662300134009e-06   5.786495601290e-02   8.448630457793e-02   9.391336323431e-02   8.341050438681e-02   4.159801675199e-02  -1.177425345006e-02   5.087966358318e-02   5.786032737900e-02   8.448072151222e-02   9.390947319543e-02   8.340874959981e-02   4.159542936147e-02  -1.177938110029e-02  -5.087786676960e-02
  -1.043781732462e-07  -5.791732125580e-08  -1.487500114113e-08  -1.440765177946e-10   1.256387971080e-08   1.875990441704e-08  -4.561043865607e-02  -2.409494811728e-09  -4.971709730962e-11   2.174095629602e-11  -4.920636587354e-08  -7.992847231599e-01  -8.194208603870e-11  -3.421840998617e-09  -2.356756025674e-08  -4.246207448058e-01  -9.642367427409e-09  -5.932523678300e-08   5.695204485435e-08  -1.930865164335e-02   1.319495442820e-08  -7.324787505303e-08   6.960406230792e-08  -8.499814797264e-02   9.032096904398e-09   4.715952670589e-02   3.980243802953e-08   3.593428033741e-02   3.846041428102e-08   1.721678806940e-08   1.583410145694e-08   5.331188715058e-10   7.060412166279e-08  -1.697623093102e-01   6.148401133668e-08  -4.501679371594e-10   1.403821021668e-07  -1.777000839574e-01   6.995468500303e-08  -1.611251166111e-08   1.229001484944e-07  -1.320029907320e-01   3.578374888433e-08  -1.827780274432e-08   5.592578706915e-08  -8.869756200434e-02  -1.519195362000e-07   2.178051410237e-02  -1.658224470603e-06  -1.552887793017e-02  -1.046930908939e-06   3.026616705638e-06   3.279995686273e-06   1.857260223272e-06   8.162985415231e-07   1.732260670507e-06  -2.360861098452e-06  -4.457794127565e-02   7.405775199139e-02   8.616167136106e-02   5.037410189032e-02   2.154901974565e-02   4.522008100823e-02   3.479190115768e-02   1.399256762859e-02  -7.406030529128e-02  -8.616450291836e-02  -5.037566402160e-02  -2.154969187608e-02  -4.522179514693e-02  -3.478957929228e-02   1.399643972354e-02
  -3.956468288636e-01  -5.942800610091e-01  -5.756673484494e-01  -4.229319116472e-01   2.225716182735e-01  -4.776355250576e-01   6.445888496231e-08  -1.596156592534e+00  -1.512612330330e+00  -5.734905767387e-03   1.442422917316e-02  -2.531482696073e-08  -1.415817245970e+00   4.436977454834e-02   8.712494905928e-02  -4.507923055612e-08  -1.047921259882e+00   2.532666007895e-01   1.492322516050e-01   1.319495442820e-08  -7.017943052820e-01   2.784150654797e-01   1.018774539135e-01   6.646399532490e-08   3.185546614307e-02   1.216246954387e-08   6.138049126507e-02  -8.474536338815e-09  -1.108274736103e-02  -7.475272461120e-01  -7.106668208626e-01  -1.053505339474e-01  -1.292176849474e-02   7.612926250387e-08  -7.431574786934e-01  -2.674987850364e-01  -2.648856161538e-02   1.915205465589e-07  -7.367708461235e-01  -4.498142784017e-01  -1.816730154380e-02   1.650420981181e-07  -5.104309846838e-01  -2.392506396346e-01   3.998548928138e-03   6.834361666694e-08  -3.256500731593e-02   1.624075375649e-07   1.183425961439e-01   1.901136345815e-08  -1.923199090412e-01  -1.759858157357e-01  -3.100455143615e-01  -4.329569690354e-01  -3.815463266129e-01  -9.393901564108e-02   1.772438425752e-01  -5.782149980424e-06  -1.663850218752e-01  -3.003646298893e-01  -4.320815007943e-01  -3.853763700720e-01  -8.001087796043e-02  -9.019348147134e-02  -1.511259988963e-01  -1.663849748485e-01  -3.003643465785e-01  -4.320808462244e-01  -3.853759778273e-01  -8.001149182445e-02  -9.018423039808e-02   1.511311277707e-01
  -1.140984095448e-01  -3.268082858251e-02   1.477536564568e-01   2.020224562978e-01  -2.999423343655e-02  -6.436498760019e-02  -5.954925681045e-09   6.989587768169e-04  -4.888632531682e-04  -2.897976538972e-01  -7.218190430535e-04   1.050203251451e-08  -1.437064821963e-04  -3.376324176296e-01   1.143935790135e-02   7.218764575598e-09   1.442880529119e-01  -4.156371280135e-01   4.396351834304e-03  -7.324787505303e-08   2.784150654797e-01  -3.562115035794e-01  -1.143463753931e-02  -1.071235639497e-07   3.917330774557e-02  -3.248041790553e-09  -2.216176328102e-02  -1.011574100948e-08   6.845859753616e-02   1.132429354456e+00   1.070614175476e+00  -3.755979065731e-03   1.859281239429e-02  -8.464145590357e-08   9.371651841682e-01  -4.007708505413e-02   1.882158427795e-02  -2.311504731837e-07   6.543062909679e-01  -1.072182527058e-01   4.990944141404e-03  -1.987658647614e-07   3.646454354126e-01  -4.506859343751e-02   5.690395780073e-03  -7.998990170396e-08  -1.010285302377e-04  -6.242382345328e-07  -6.563926956209e-03  -5.811254128177e-08  -5.417403215937e-03   2.878047210510e-01   4.178365651381e-01   4.167880724424e-01   2.934706376519e-01   9.853371032676e-02  -2.764451351398e-01   8.964923943534e-06   2.625197514955e-01   4.007298842572e-01   4.116461566221e-01   2.902736989874e-01   7.950022465890e-02   1.367233234027e-01   2.309506037379e-01   2.625203736453e-01   4.007302052345e-01   4.116462882212e-01   2.902738036526e-01   7.950134839580e-02   1.367093218462e-01  -2.309587348905e-01
   2.658517864418e-01   1.710724247595e-01   9.498011332943e-02   7.828495494267e-02  -8.607625159712e-02   9.289119358561e-02  -2.167239688502e-08   2.003355802089e-03   7.375984640244e-04  -1.157433499468e-03  -3.148343551707e-01  -2.402721235413e-08   2.089850431590e-02   1.081888823767e-02  -3.443135367588e-01  -1.021318186696e-08   8.400122627589e-02   4.272425545614e-03  -1.697484294408e-01   6.960406230792e-08   1.018774539135e-01  -1.143463753931e-02  -2.573475260893e-02   8.757893977038e-08  -1.198323377790e-02  -3.854227732427e-08  -3.777149549648e-02  -1.354483929794e-08  -4.501183739365e-02   1.139705999771e-01   1.076510169913e-01   1.688016712957e-02  -1.794823095338e-01   7.786805882079e-08   9.429928333275e-02   2.263457654793e-02  -2.208122574686e-01   1.339897087147e-07   8.758597356878e-02   4.934266254114e-02  -1.375970908365e-01   1.202552472134e-07   7.674630221365e-02   5.002234940940e-02  -4.262609820575e-02   5.672852134747e-08  -6.827775681066e-03   4.750632125545e-06   3.863189919947e-02  -3.091050259606e-07   3.259593224397e-02  -1.254376234731e-01  -8.346203258754e-02   7.700418738622e-03   4.529340969577e-02  -2.215110652007e-02   2.452582147875e-02  -1.996763430938e-06   9.574524042311e-02   1.008910389729e-01   8.152777345607e-02   6.603979715107e-02   2.728324464131e-02  -4.879076512941e-03   5.955722564957e-02   9.573752407815e-02   1.008842845917e-01   8.152473981179e-02   6.603892450782e-02   2.728173271155e-02  -4.884913215317e-03  -5.955513597053e-02
  -6.696798197225e-08   8.817842613184e-09   9.441871664719e-08   6.203581598406e-08  -8.205786403037e-09  -1.703762312151e-08  -6.804629798198e-02  -6.656095966025e-11   3.674967389933e-10   1.338267072286e-08  -1.051718954422e-08  -3.214901767602e-01  -3.622788963663e-09   8.885259792538e-09   1.008465607916e-08  -3.090604423687e-01   2.012012705807e-08  -7.874636475614e-08   8.329555403787e-08  -8.499814797264e-02   6.646399532490e-08  -1.071235639497e-07   8.757893977038e-08   3.391748606213e-02  -1.093455851767e-08   1.881532314232e-02   1.588452241820e-08   1.761043955101e-02   1.517845899494e-08   1.559187287388e-08   1.458853075374e-08   1.526666437955e-08   6.717374855355e-08  -1.803480276708e-01   8.363864631297e-08   3.611306713808e-08   1.277661946085e-07  -2.182754053862e-01   1.149317377471e-07   3.645295230529e-08   1.159515542894e-07  -1.170395526225e-01   8.084965500642e-08   1.591908887560e-08   5.441451594835e-08  -2.282735256313e-02  -2.940707202676e-07   4.775295635240e-02  -3.829432854942e-06  -1.271971033459e-02  -2.380284616778e-06   4.734512446909e-06   3.896294950544e-06   1.402136331571e-06   3.398892444520e-07   1.167440224174e-06  -2.823528935307e-06  -3.849937044925e-02   1.247085244238e-01   1.059229653061e-01   3.959799641710e-02   8.579107341939e-03   2.763065195924e-02   3.780572983468e-02   2.720886825449e-02  -1.247127503138e-01  -1.059264052788e-01  -3.959909490160e-02  -8.579248743161e-03  -2.763179687794e-02  -3.780293936159e-02   2.721342544206e-02
   3.109977130423e-02   5.515599403364e-02   4.711446958314e-02   2.160531431365e-02  -6.129865118369e-03  -3.709907161701e-01   9.479861124755e-08  -1.753971365426e-04  -8.883475839194e-04   5.437622896061e-02  -1.252960228317e-02   3.087860314430e-08   3.833774897220e-02   1.199583906869e-01  -3.246407638362e-02   3.818851863869e-08   4.789820316071e-02   9.468716423983e-02  -3.174796388123e-02   9.032096904398e-09   3.185546614307e-02   3.917330774557e-02  -1.198323377790e-02  -1.093455851767e-08   3.075121223451e+00  -1.929356101048e-08  -3.388802048530e-02   2.213574416620e-08  -3.664065120546e-02  -1.376504755596e-02  -1.713438735191e-02  -5.333535669107e-02   8.228303381798e-02  -5.256533905532e-08  -2.917284446724e-02  -1.250595133325e-02   5.138315930581e-02  -7.101764068596e-08  -1.196870750233e-02   1.042731084871e-02   2.526077436194e-02  -4.851560473675e-08   8.214910170422e-03   2.326672034319e-02   8.589043018760e-03  -1.816060034686e-08  -7.649759134175e-02  -3.974586712422e-07  -2.716841184815e-02   2.691838458367e-08   5.419355141937e-02   1.814156479754e-02   2.915985043613e-02   8.400408177418e-03   8.155359936647e-03   4.210461773738e-02  -1.388180990776e-02   1.061443486589e-06  -8.632765217902e-03  -2.475143103111e-02  -1.113600212975e-02   4.477774321426e-03  -2.805962521158e-02  -3.040957473049e-04  -1.781615061958e-02  -8.631980260485e-03  -2.474968788813e-02  -1.113541443738e-02   4.477864429636e-03  -2.805779180324e-02  -3.020161342570e-04   1.781536700244e-02
   6.130245105132e-08   6.970071292206e-08   3.584688471994e-08   1.402254592498e-08   4.354256386027e-08  -1.162776802230e-07  -2.152305254366e-01  -3.757897556215e-09  -6.842206379904e-09  -1.857295947679e-09  -8.351417838484e-08   3.483130688674e-02  -4.956202529330e-09   4.994327379330e-09  -1.322887586725e-07   6.994763643639e-02   1.013017264120e-08   1.127745719084e-09  -9.399321423692e-08   4.715952670589e-02   1.216246954387e-08  -3.248041790553e-09  -3.854227732427e-08   1.881532314232e-02  -1.929356101048e-08   3.158206327268e+00  -1.265830394267e-08   1.241590265477e-02  -2.399480930303e-08   1.955051311498e-10   7.545130075951e-10  -5.058516304251e-09   9.025119442124e-08   9.939211195809e-03   1.013253737945e-08  -4.795170284110e-09   9.832873511439e-08   9.687343456718e-03   1.220441051960e-08   4.427257035281e-09   3.239444825950e-08   1.375273037807e-02   9.780877159085e-09   5.652439397053e-09  -2.613373883489e-09   7.718909922272e-03  -2.736998187772e-08  -1.797090002151e-02   6.318898197128e-09  -5.140589282857e-05   5.557552426433e-09   1.284986408262e-07   2.867893629110e-07   2.166670066863e-09  -2.090678643417e-08   7.482997882575e-07  -1.666720297730e-07  -4.518219435610e-03  -2.299081857314e-03  -8.223475209896e-03  -5.220314941354e-03  -1.972790386767e-03  -1.292681933399e-02  -1.449001255756e-03  -3.692172753050e-03   2.299005168518e-03   8.223204644394e-03   5.220312554536e-03   1.972828428650e-03   1.292633489764e-02   1.448267066359e-03  -3.692373322498e-03
