ARMA_MAT_TXT_FN008
72 72
   3.844289259588e-02   5.410725851776e-02   7.909945665671e-03   2.869887104520e-03  -4.628869225031e-03   7.628446680657e-03   7.055628938721e-09  -7.105912270193e-03  -1.183036727997e-02   1.615864358221e-02  -3.916787557902e-02   9.471942405291e-09   3.232349294851e-02   2.503751470470e-02  -6.067049316296e-02   1.510230563213e-08   8.126026902567e-03   1.282293500526e-02  -4.133465862482e-02   9.319503691042e-09  -2.612259980299e-03  -2.308384172974e-03  -4.593787758591e-03  -4.888141396585e-10  -1.398091292431e-03  -7.035510093182e-09  -1.890904535733e-03   1.996593242029e-09  -4.041957323307e-03   1.458187069460e-03   2.565442108715e-03  -5.147681793645e-03   2.179319159143e-03  -9.152277250026e-09  -7.574429716154e-03  -9.037124724940e-03   1.842096671233e-03  -1.651791736663e-08  -7.787483331914e-03  -5.936981609567e-03   2.839710659978e-03   3.534328282859e-08   3.801094615497e-04  -6.866798993129e-04  -4.949313583260e-04   4.053135320213e-08  -4.522097368731e-03  -4.411369758250e-08  -2.306294239371e-05   5.054219320046e-09  -6.187439210739e-04   4.634319647091e-03   1.120703698023e-02   8.047458130343e-03   9.249341069776e-04   3.227928922915e-04  -4.503636457476e-04   2.290418997307e-08  -1.885859822670e-03  -3.944204199264e-03  -3.189469325170e-03  -1.469055764118e-03  -4.441655104284e-04   1.409641227886e-04  -3.131241540933e-04  -1.885631586346e-03  -3.943704651242e-03  -3.189170676919e-03  -1.469029636244e-03  -4.441505387735e-04   1.410025707757e-04   3.130975806450e-04
   5.410725851776e-02   7.982292367087e-02   1.328037382218e-02   4.216839178003e-03  -6.693827204337e-03   1.023801374838e-02   2.995006430670e-08  -3.496593280089e-03  -5.692645744814e-03   2.274843787705e-02  -6.105478302380e-02   1.762708152839e-07   1.377238955580e-02   3.551863445952e-02  -9.411996714006e-02   2.725219936950e-07  -1.775297220766e-02   1.769237553503e-02  -6.624177708685e-02   2.609248998716e-07  -3.313756667595e-03  -4.109567108888e-03  -7.913869851827e-03   5.658214185906e-08  -1.947183210564e-03  -1.928786329338e-08  -2.670678766542e-03   7.572975758070e-10  -6.117376409584e-03   2.265100534168e-03   3.917094807168e-03  -1.025627540559e-02   6.835298247896e-03  -7.374745086479e-08  -1.106526022277e-02  -1.786754516679e-02   8.272791337473e-03  -1.142502386064e-07  -7.565751915345e-03  -9.031570257399e-03   8.007981463376e-03  -1.455596757839e-08  -3.133082018509e-03  -1.475774363724e-03  -9.451949427057e-04   5.991628276631e-08  -7.716437618547e-03  -1.053987995670e-07   2.002150923960e-04   3.567557807678e-08  -2.317339341890e-03   1.105044917510e-02   2.302616469988e-02   1.507642995338e-02   2.558979372310e-03   6.071991529095e-04  -9.959855024000e-04   4.791435135238e-08  -3.685146213120e-03  -8.153148443833e-03  -5.658682049188e-03  -1.877599974110e-03  -8.590055211782e-04   3.026036071582e-04  -7.222065295030e-04  -3.684731419537e-03  -8.152290132465e-03  -5.658206281158e-03  -1.877545326951e-03  -8.589807909133e-04   3.026824013497e-04   7.221545709324e-04
   7.909945665671e-03   1.328037382218e-02   3.602249138661e-03   4.583928677802e-04  -1.680630481424e-03   1.069032884231e-03  -2.464698834931e-08   2.305427962624e-03   4.034638569571e-03  -2.153978067555e-03  -1.435463825657e-02  -2.548432609472e-07  -1.262799267192e-02  -3.337269758149e-03  -2.197584570204e-02  -3.990334632315e-07  -1.818107785185e-02  -3.868862551049e-03  -1.707291625183e-02  -3.441765819722e-07  -3.221726940003e-03  -1.195401950224e-03  -1.880476979152e-03  -3.355112616954e-08   1.607400057849e-04   1.058416775834e-08  -7.019064332407e-04   1.735130376658e-08  -8.152915435873e-04  -1.067303967753e-03  -1.790891532458e-03   6.193795177478e-05   2.168322621086e-03  -2.203707054861e-07   4.697173698854e-03   6.916758711501e-04   2.836567764609e-03  -3.608021877570e-07   4.033840932105e-03   8.434005113462e-04   1.841760362959e-03  -1.783330345639e-07  -8.578881697214e-06  -3.580875724404e-04  -2.993939290735e-04   3.683109685753e-08  -1.841731598705e-03  -1.992164930483e-09  -4.003271237756e-04  -6.179343735544e-09   8.536631461123e-05   3.490183267336e-03   6.807366001370e-03   3.537066615510e-03   4.719324581375e-04   3.456229815802e-04  -4.986633636029e-04   9.946589103886e-09  -5.389817076674e-04  -1.787217347997e-03  -2.318877582408e-03  -4.108231143331e-04  -5.484750702888e-05   2.184658903949e-04  -2.882341963667e-05  -5.391228314869e-04  -1.787346769542e-03  -2.318846804086e-03  -4.108816577584e-04  -5.484926005923e-05   2.184570466840e-04   2.881840378813e-05
   2.869887104520e-03   4.216839178003e-03   4.583928677802e-04   4.723308050487e-04  -1.971622790041e-04   5.760682762915e-04  -1.171598683493e-08   2.153876546582e-04   3.320959896270e-04   3.035604765674e-03  -2.805344752119e-03  -1.074435575988e-07  -9.138096031888e-04   4.819569874437e-03  -4.325331391892e-03  -1.668036148811e-07  -1.450119852719e-03   2.874377912410e-03  -2.727200820477e-03  -1.575486959694e-07   1.284818634953e-03  -4.015674886993e-04  -1.136926895800e-04  -2.956034180228e-08  -1.497731720329e-04   5.045234106934e-09  -2.450549364672e-05   3.767593420810e-09  -4.912633889432e-04   1.392267375197e-03   2.232521674970e-03  -1.011513781002e-03  -1.547432145066e-03  -7.074030012114e-09  -5.575711371321e-03  -2.131275574912e-03  -2.583744513225e-03  -1.516534975578e-08  -3.271371387958e-03  -7.009004835679e-04  -1.347382240171e-03   3.866651218182e-09  -1.794099094540e-03  -2.262905999427e-04  -4.807835336799e-05   8.748598258396e-09  -2.091859741849e-04   1.828708316452e-08   4.413682886590e-04  -1.358821597380e-08  -3.338602076876e-04  -1.720936843789e-03  -2.444652807916e-03   6.628711396188e-05   2.016773347886e-04  -1.437616097875e-04   3.172246231109e-04  -1.291218711817e-08  -1.378371627819e-04  -2.642515112908e-04   5.762412159398e-04   1.455281229421e-04  -9.330469022758e-05  -1.491493927091e-04  -1.139901825332e-04  -1.378889514487e-04  -2.643121207788e-04   5.762386653333e-04   1.455193082765e-04  -9.330681595217e-05  -1.491468528262e-04   1.140030718150e-04
  -4.628869225031e-03  -6.693827204337e-03  -1.680630481424e-03  -1.971622790041e-04   1.155258191104e-03  -6.941903325649e-04  -2.821679039798e-09   3.916760684639e-04   6.553080271962e-04   3.195985159311e-03   7.690305264590e-03  -1.669637092461e-08  -1.547445286276e-03   5.054651186537e-03   1.189333648662e-02  -2.564728506920e-08   2.984159152790e-03   4.536659292191e-03   9.040753886210e-03  -2.687581289779e-08   2.696181255314e-03   6.463939291337e-04   7.338284818519e-04  -6.208054538364e-09  -2.368680502938e-04   1.799484183221e-09   5.012895541296e-04  -4.519004518425e-10   2.863780184265e-04   5.230240657581e-04   8.789644244615e-04  -2.446385747257e-03  -3.353611202796e-05   2.218892377411e-08  -2.249417929190e-03  -4.595115076273e-03   2.480780049478e-04   3.601197834479e-08  -6.868682664196e-04  -1.950818193691e-03   4.149273308806e-04   1.007656483781e-08  -1.303724405346e-03   6.648789679236e-05   1.165458590317e-04  -1.176290981091e-08   7.165925430700e-04  -4.721871823709e-09   5.288136136547e-04  -5.019088386047e-09  -9.231892811607e-04   9.329159977254e-06  -9.692209441025e-04  -8.592578305960e-04   1.937359634805e-04  -1.931072579770e-04   1.075102987767e-04  -3.256589988885e-09   5.634183199703e-04   1.111622985076e-03   1.350223455572e-03   3.416633213050e-04  -6.983606996075e-05  -6.865680087274e-05  -4.906635657825e-06   5.634352615788e-04   1.111616830133e-03   1.350200382521e-03   3.416783716609e-04  -6.983680480331e-05  -6.865667442986e-05   4.910501968296e-06
   7.628446680657e-03   1.023801374838e-02   1.069032884231e-03   5.760682762915e-04  -6.941903325649e-04   1.652549133191e-03   2.217177494879e-09  -2.372054793252e-03  -3.990326346573e-03   4.886487034870e-03  -6.009371267959e-03   1.156042918077e-08   1.128772024429e-02   7.567711910629e-03  -9.368094311282e-03   1.803784151507e-08   6.656239695824e-03   4.587250385861e-03  -5.829323396430e-03   1.647498405032e-08   1.679676758043e-04  -2.051081731083e-04  -7.224182767301e-04   3.717999753144e-09  -4.279755402426e-04  -1.516785731011e-09  -2.855994603434e-04   2.175466129115e-10  -8.064307290856e-04   4.735335355597e-04   8.095199164405e-04  -1.692378834559e-03   3.732093628603e-04  -3.971921110168e-09  -2.304114345215e-03  -3.071389318593e-03   3.460509365352e-04  -5.822021891432e-09  -2.401450769216e-03  -2.026188653344e-03   6.596163617041e-04   9.960321031209e-10   2.085565392879e-04  -6.458330017203e-05  -4.689676047469e-05   3.619725487424e-09  -7.018380549742e-04  -8.118499166872e-09   9.720649408629e-05   2.117566288437e-09  -2.897140639076e-04   8.590898951771e-04   1.937265696230e-03   1.308496114975e-03   1.497113396946e-04   9.760413650406e-06  -6.244302274560e-05   3.111784185236e-09  -2.324909586453e-04  -4.016201717218e-04  -2.593061437563e-04  -2.841354303015e-04  -1.041509104308e-04   1.090329629761e-05  -5.198523284090e-05  -2.324569178718e-04  -4.015516157232e-04  -2.592675373339e-04  -2.841258102835e-04  -1.041489955162e-04   1.090901954975e-05   5.198202761986e-05
   7.055628938721e-09   2.995006430670e-08  -2.464698834931e-08  -1.171598683493e-08  -2.821679039798e-09   2.217177494879e-09   9.943065811001e-04   1.407186670781e-09   2.343205991624e-09   1.166273069503e-10  -6.401998694487e-09   9.138942425105e-03  -6.301091416787e-09  -2.170111641475e-10  -8.948967871620e-09   1.417662849580e-02  -2.325082818150e-08  -1.858858544713e-09   4.580901101829e-10   1.344253592442e-02  -1.089184771434e-09   1.083235697603e-08  -7.044251648694e-09   2.564708630737e-03  -6.970897429086e-10  -4.262629726900e-04  -9.283940729183e-10  -2.704649725012e-04  -6.802242462266e-10   4.302895366622e-10   6.873247120691e-10   2.325776478259e-10   1.468911564941e-08  -1.851959512138e-04  -3.033360649449e-09   1.442225779349e-09   2.426762943617e-08   5.707349197361e-05   1.596021154983e-08   2.746350151664e-09  -1.026738890147e-10  -6.888477781006e-04   5.103902901769e-08   9.336195689399e-09  -5.231316638354e-08  -4.225994163745e-04  -3.102935243849e-09   1.718026988258e-04  -9.821406750611e-09   1.111668716840e-03  -5.745293925116e-09   3.825509413830e-08   8.416606947380e-08   1.009637549057e-07   4.153376812702e-08   3.999548948448e-09  -4.781872462668e-09  -3.782294271650e-05   7.622212389795e-04   1.953134584108e-03   1.578127924672e-03  -2.512498063846e-04   7.596677792619e-05   4.345501401453e-05   3.891716081458e-05  -7.622604023089e-04  -1.953224120441e-03  -1.578251201981e-03   2.511909536450e-04  -7.597187574224e-05  -4.344979845789e-05   3.892619413354e-05
  -7.105912270193e-03  -3.496593280089e-03   2.305427962624e-03   2.153876546582e-04   3.916760684639e-04  -2.372054793252e-03   1.407186670781e-09   3.184738179101e-01   2.841320467751e-01  -3.205423785351e-03  -5.536914418385e-03   5.941946767512e-09  -6.573433371418e-02  -3.443795695335e-03  -6.125045783946e-03   6.155400624022e-09  -5.917761356173e-02  -2.883612868124e-03  -8.117214060253e-03   8.020970697832e-09   2.887294480659e-03  -1.717039626948e-03  -8.178329404741e-04  -4.662418029371e-10   6.182626323462e-04  -1.258559010673e-09   4.513736122474e-04   3.901455458493e-10  -2.387368150515e-04   6.769443469625e-04   1.006725960400e-03  -4.243201528145e-03  -9.421481979535e-05  -6.966229715222e-09  -1.738135036750e-03  -7.274038800535e-03  -4.668729851232e-04  -1.064138680420e-08   6.619569810784e-03   6.918578822095e-04   3.048011144225e-05   6.141341093510e-09  -9.187740643294e-03  -1.195602812714e-03  -5.020242175326e-04   2.004465768648e-08  -1.099889433106e-03  -2.004184788826e-09   1.294990457005e-03   4.774246809279e-10  -2.209866221674e-03   1.597320107829e-03   2.080319979756e-03   2.697189228113e-03   1.900757841423e-03  -6.799318944713e-05   3.480561054432e-05  -6.386112172498e-10   7.304573730910e-04  -5.713992008093e-04   2.561731939836e-04   1.116412566965e-03  -2.594930809387e-04  -5.593272463436e-05  -1.740526325589e-04   7.304831173235e-04  -5.713256456865e-04   2.562207185797e-04   1.116409235263e-03  -2.594919623035e-04  -5.591992993302e-05   1.740530050276e-04
  -1.183036727997e-02  -5.692645744814e-03   4.034638569571e-03   3.320959896270e-04   6.553080271962e-04  -3.990326346573e-03   2.343205991624e-09   2.841320467751e-01   2.626808975591e-01  -5.048458054423e-03  -8.836535877599e-03   9.186313315456e-09  -1.125889365532e-01  -6.051840075307e-03  -1.093625213910e-02   1.071075016228e-08  -9.878490346997e-02  -4.921415539867e-03  -1.378392533224e-02   1.326099655340e-08   4.108576483837e-03  -2.811537755675e-03  -1.402108189091e-03  -5.408848836324e-10   1.021237469309e-03  -2.272460302238e-09   6.696352594369e-04   6.243167693389e-10  -3.812068458851e-04   1.076806050195e-03   1.610261193650e-03  -7.080808522946e-03  -1.492615538688e-04  -1.182592552057e-08  -2.754865218064e-03  -1.224531928364e-02  -7.658911503615e-04  -1.889993882192e-08   1.130063345905e-02   1.215026243840e-03   1.665397192288e-05   1.052550386609e-08  -1.484294724012e-02  -1.916624775041e-03  -7.693201771715e-04   3.280064543212e-08  -1.871500125951e-03  -3.493561572238e-09   2.181273816144e-03   1.009080737353e-09  -3.740527666483e-03   2.722353481579e-03   3.601499561760e-03   4.537665895711e-03   3.029957025665e-03  -1.105064568413e-04   6.258937336514e-05  -1.138395086406e-09   1.238313415333e-03  -9.472637304282e-04   3.607961061733e-04   1.835707309364e-03  -4.270791504364e-04  -8.796145314523e-05  -2.973534039512e-04   1.238357707789e-03  -9.471368431272e-04   3.608780081801e-04   1.835699696979e-03  -4.270772322859e-04  -8.793939274490e-05   2.973533302053e-04
   1.615864358221e-02   2.274843787705e-02  -2.153978067555e-03   3.035604765674e-03   3.195985159311e-03   4.886487034870e-03   1.166273069503e-10  -3.205423785351e-03  -5.048458054423e-03   5.305481268695e-02   5.982902333142e-03   7.053082450842e-09   1.429302934357e-02   8.334003185410e-02   9.280142773207e-03   1.050771708956e-08   2.088586758691e-02   5.975052617249e-02   1.400749802642e-02   9.763710876061e-09   2.139146434196e-02   1.392072254336e-03   2.033139444864e-05   1.444606619131e-08  -3.883062664809e-03   1.019301255862e-09   1.675632769026e-03   3.234942209685e-09  -3.885440440893e-03   7.627351249546e-03   1.292137831342e-02  -3.067348832386e-02  -2.290835147635e-03  -1.977905182307e-08  -3.436463258572e-02  -5.671944071307e-02  -3.566767727833e-03  -2.102752609585e-08  -1.722357083446e-02  -2.571487231096e-02   2.571218231396e-03  -4.414296078181e-08  -1.478944839718e-02  -9.851226595076e-04   1.308748927415e-04  -3.409119488527e-08  -4.516024664133e-04  -5.317540168014e-09   5.761028741689e-03  -4.839078551678e-09  -9.596988915585e-03   2.925519098925e-03   1.828984543622e-03   3.290215227713e-03   3.282250638081e-03  -1.483520413045e-03   7.956831274584e-04  -3.291574520154e-08   4.123458420343e-03   6.451454721564e-03   8.627163947191e-03   1.446665483352e-03  -1.303568129167e-03  -5.912259460338e-04  -3.637081747876e-04   4.123416855575e-03   6.451270772927e-03   8.627027065420e-03   1.446779848462e-03  -1.303579345876e-03  -5.912166543225e-04   3.637498652368e-04
  -3.916787557902e-02  -6.105478302380e-02  -1.435463825657e-02  -2.805344752119e-03   7.690305264590e-03  -6.009371267959e-03  -6.401998694487e-09  -5.536914418385e-03  -8.836535877599e-03   5.982902333142e-03   6.241647234742e-02   2.048040809626e-08   2.634331968327e-02   9.279311492326e-03   9.597237912160e-02   3.159449965033e-08   5.379055704360e-02   1.408509390481e-02   7.231926466549e-02   3.964974745266e-08   1.198781519781e-02   5.546240332371e-03   6.808154652578e-03   2.400218670226e-08  -6.184026510741e-04   9.561277373896e-09   3.128798541532e-03  -1.559565388027e-09   3.976613077393e-03   1.015355714836e-03   1.726105311078e-03  -4.080156611722e-03  -1.563304177176e-03  -1.373705071738e-08  -4.428308928326e-03  -8.550266216783e-03   1.084749367352e-04  -1.216404131990e-08  -3.825294373080e-03  -5.302173850545e-03  -7.052058253937e-05  -1.070170157245e-07   5.791515701586e-04   1.567518091965e-03   1.148628674629e-03  -9.520580770816e-08   6.903548043968e-03   3.081803468784e-08   1.318214410881e-03  -1.440716517830e-09  -1.875368981750e-03  -4.407584260585e-03  -1.341322219341e-02  -1.103534296093e-02  -1.070723955833e-03  -1.011896880752e-03   7.626236925684e-04  -3.715758075765e-08   2.988667326885e-03   7.680785436515e-03   7.836883854661e-03   1.602944757903e-03   1.670360483311e-04  -3.692295920034e-04   2.987674227248e-04   2.988377514848e-03   7.680040575567e-03   7.836395236142e-03   1.602981195001e-03   1.670119625133e-04  -3.692780100863e-04  -2.987192026540e-04
   9.471942405291e-09   1.762708152839e-07  -2.548432609472e-07  -1.074435575988e-07  -1.669637092461e-08   1.156042918077e-08   9.138942425105e-03   5.941946767512e-09   9.186313315456e-09   7.053082450842e-09   2.048040809626e-08   8.401527865344e-02  -1.840764581524e-08   7.099644608129e-09   3.776341674484e-08   1.303398673483e-01  -1.301819536878e-07   1.241363159101e-09   1.049619514680e-07   1.234653777223e-01   1.670813962146e-08   1.040373956794e-07  -3.643480206992e-08   2.343384194311e-02  -1.644134495484e-09  -3.924510326364e-03  -4.230859601080e-09  -2.519719224013e-03  -1.530303167968e-09  -2.468465419648e-09  -3.983618879526e-09   1.333184807824e-09   1.075676573783e-08  -9.061444051118e-04  -3.382620607442e-09   9.958904924081e-09   2.913524386387e-08   1.785551686024e-03   1.646791462995e-07   2.709226464116e-08  -1.310134914871e-07  -5.565047243292e-03   4.625155457458e-07   8.546043184574e-08  -4.816398291417e-07  -3.896305654229e-03  -6.215380137761e-09   1.457188947326e-03  -6.484127572814e-08   1.014149113556e-02  -4.246776954376e-08   2.296720530744e-07   5.719146145858e-07   8.461490746787e-07   3.674156620102e-07   2.993427825107e-08  -3.119287045829e-08  -3.006054252320e-04   6.423988638197e-03   1.700030229373e-02   1.411072273347e-02  -2.385658933999e-03   6.704396961743e-04   3.535622855812e-04   3.187155072158e-04  -6.424207226846e-03  -1.700089847952e-02  -1.411176184399e-02   2.385136252548e-03  -6.704793378132e-04  -3.535235397513e-04   3.187755065389e-04
   3.232349294851e-02   1.377238955580e-02  -1.262799267192e-02  -9.138096031888e-04  -1.547445286276e-03   1.128772024429e-02  -6.301091416787e-09  -6.573433371418e-02  -1.125889365532e-01   1.429302934357e-02   2.634331968327e-02  -1.840764581524e-08   3.303903867597e-01   1.944819199490e-02   3.697454330819e-02  -2.325358151602e-08   2.836460169590e-01   1.547787896162e-02   4.279861632124e-02  -2.851900750163e-08  -8.757637000867e-03   8.022065248769e-03   4.323586644484e-03   3.853537743077e-09  -2.951850119783e-03   7.114397412885e-09  -1.513574157557e-03  -1.774072094304e-09   1.128076233986e-03  -2.552695692660e-03  -3.740769289509e-03   1.986240023465e-02   4.806867011510e-04   3.148214406582e-08   5.659748371042e-03   3.450793238947e-02   2.364700987941e-03   5.341105362936e-08  -3.408887057774e-02  -3.985203577065e-03   2.633294266121e-04  -3.844565212333e-08   4.046304881906e-02   5.258170432313e-03   2.031257851843e-03  -9.595301995966e-08   5.678446281637e-03   9.870347020202e-09  -6.191292627128e-03  -2.687011016748e-09   1.065294266631e-02  -8.212095857204e-03  -1.133454378156e-02  -1.333987500541e-02  -8.166270169309e-03   2.442194477670e-04  -1.058519355674e-04   3.054850525266e-10  -3.777697144257e-03   2.524856215362e-03  -4.719416973955e-04  -5.063957421070e-03   1.175152601159e-03   1.871130180557e-04   8.120978878131e-04  -3.777835451499e-03   2.524457171042e-03  -4.722014409429e-04  -5.063925567979e-03   1.175145928200e-03   1.870503949262e-04  -8.120919269668e-04
   2.503751470470e-02   3.551863445952e-02  -3.337269758149e-03   4.819569874437e-03   5.054651186537e-03   7.567711910629e-03  -2.170111641475e-10  -3.443795695335e-03  -6.051840075307e-03   8.334003185410e-02   9.279311492326e-03   7.099644608129e-09   1.944819199490e-02   1.309629268373e-01   1.443228061117e-02   1.028752542919e-08   3.041382630364e-02   9.378726206952e-02   2.176413628948e-02   9.352324246089e-09   3.395673338236e-02   2.050830985533e-03   2.264176793129e-06   2.148853570630e-08  -6.082543487538e-03   1.765979021343e-09   2.666115487057e-03   5.166531418482e-09  -6.132498040069e-03   1.222033824051e-02   2.087176804475e-02  -4.812889916141e-02  -3.657218025036e-03  -2.998794682086e-08  -5.588595901220e-02  -8.911524831623e-02  -5.705908210963e-03  -3.154192449460e-08  -2.798002774998e-02  -4.018139083733e-02   4.009974892694e-03  -6.838037120342e-08  -2.394396492724e-02  -1.617834479693e-03   1.917658279173e-04  -5.300249622888e-08  -7.362331403629e-04  -7.721274105663e-09   9.107072677172e-03  -8.238745971091e-09  -1.514810076331e-02   4.193884085242e-03   2.266140797831e-03   5.242101430554e-03   5.265736989829e-03  -2.359863327993e-03   1.348761841353e-03  -5.490106417353e-08   6.125762775286e-03   9.567278874668e-03   1.361623248736e-02   2.349135964019e-03  -2.076441627712e-03  -9.791576525173e-04  -6.545996932893e-04   6.125697744478e-03   9.566992230402e-03   1.361601937155e-02   2.349316239276e-03  -2.076459454603e-03  -9.791379884506e-04   6.546682033443e-04
  -6.067049316296e-02  -9.411996714006e-02  -2.197584570204e-02  -4.325331391892e-03   1.189333648662e-02  -9.368094311282e-03  -8.948967871620e-09  -6.125045783946e-03  -1.093625213910e-02   9.280142773207e-03   9.597237912160e-02   3.776341674484e-08   3.697454330819e-02   1.443228061117e-02   1.476255911349e-01   5.810548693927e-08   7.978275494304e-02   2.178727370133e-02   1.110523702461e-01   7.136984248803e-08   1.862647262836e-02   8.487231662977e-03   1.035471074925e-02   4.045090039946e-08  -9.606061341920e-04   1.429375773181e-08   4.847031986768e-03  -2.236285042907e-09   6.107189403026e-03   1.616629104252e-03   2.743683948051e-03  -6.686762272214e-03  -1.871041028495e-03  -2.884414247904e-08  -6.999084445742e-03  -1.387494472653e-02   1.005717981340e-03  -3.069798134067e-08  -5.575753428664e-03  -8.302007931782e-03   4.773516705944e-04  -1.732400415933e-07   4.412903545097e-04   2.366954972491e-03   1.749032246873e-03  -1.466149994771e-07   1.052121327505e-02   4.102885293727e-08   2.059487172190e-03  -3.127554163492e-10  -3.086804689989e-03  -6.219068224542e-03  -1.980350856433e-02  -1.659691702507e-02  -1.494058137576e-03  -1.546575875246e-03   1.134266018826e-03  -5.535268195230e-08   4.447948847483e-03   1.149655478642e-02   1.197663682227e-02   2.502431418448e-03   2.272175874330e-04  -5.592738014530e-04   4.196266049812e-04   4.447517070176e-03   1.149543134095e-02   1.197589372977e-02   2.502489800765e-03   2.271811083650e-04  -5.593448756877e-04  -4.195540391402e-04
   1.510230563213e-08   2.725219936950e-07  -3.990334632315e-07  -1.668036148811e-07  -2.564728506920e-08   1.803784151507e-08   1.417662849580e-02   6.155400624022e-09   1.071075016228e-08   1.050771708956e-08   3.159449965033e-08   1.303398673483e-01  -2.325358151602e-08   1.028752542919e-08   5.810548693927e-08   2.022165066431e-01  -1.964577573637e-07   1.136874089545e-09   1.624176398275e-07   1.914569755406e-01   2.948455735643e-08   1.616138886389e-07  -5.737429895733e-08   3.624684980884e-02  -2.446011594967e-09  -6.092796618757e-03  -6.522744482783e-09  -3.934066186265e-03  -2.304491906375e-09  -4.087649328398e-09  -6.705032665985e-09   2.344285700454e-09   1.479521300661e-08  -8.075921515400e-04  -3.605161588281e-09   1.585971141241e-08   4.215579026594e-08   3.717148470383e-03   2.562286785899e-07   4.114988819134e-08  -2.067619092340e-07  -8.056950000951e-03   7.185906600981e-07   1.327157570606e-07  -7.486901439919e-07  -6.053152644310e-03  -8.869790982497e-09   2.168861380711e-03  -9.379841605353e-08   1.567459877182e-02  -6.149892420638e-08   3.392039506027e-07   8.601300755797e-07   1.303027778954e-06   5.688993557134e-07   4.563468921090e-08  -4.565601616152e-08  -4.309722689968e-04   9.527968707901e-03   2.565652351422e-02   2.159277209907e-02  -3.758081997929e-03   1.019126574866e-03   5.140174852537e-04   4.651087363495e-04  -9.528291170713e-03  -2.565742255412e-02  -2.159437623881e-02   3.757271876598e-03  -1.019187281121e-03  -5.139601909546e-04   4.651973082089e-04
   8.126026902567e-03  -1.775297220766e-02  -1.818107785185e-02  -1.450119852719e-03   2.984159152790e-03   6.656239695824e-03  -2.325082818150e-08  -5.917761356173e-02  -9.878490346997e-02   2.088586758691e-02   5.379055704360e-02  -1.301819536878e-07   2.836460169590e-01   3.041382630364e-02   7.978275494304e-02  -1.964577573637e-07   2.613246266653e-01   2.622418616569e-02   7.332536734497e-02  -1.995297254640e-07   2.893053484904e-03   8.958329786019e-03   7.482214246193e-03  -3.423783169840e-08  -3.037686983845e-03   1.703827989829e-08   6.208470290507e-04  -1.507688458175e-09   2.359735121003e-03   1.893513403172e-03   3.510107132870e-03   1.259617630953e-02  -3.981380064730e-03   9.766512816546e-08  -1.215284536946e-02   2.008500696093e-02  -3.692968362323e-03   1.585673770501e-07  -3.872415214815e-02  -7.159169304919e-03  -2.883184544222e-03  -3.068070363096e-09   2.934744993409e-02   4.755768345392e-03   2.264780266853e-03  -1.240165925005e-07   8.471891635557e-03   5.570715449555e-08  -3.419359162817e-03  -2.923912554177e-08   7.087131510653e-03  -1.395089949108e-02  -2.393627248150e-02  -1.768667485292e-02  -6.918266260869e-03  -7.406914957302e-04   1.200082868871e-03  -4.952279326981e-08  -2.210720158570e-03   5.258434803106e-03   5.569890180527e-03  -2.823082301896e-03   8.642340292523e-04  -4.570572221230e-04   4.960466392046e-04  -2.211003989373e-03   5.257701666316e-03   5.569430873040e-03  -2.823030211399e-03   8.642138208799e-04  -4.571163161178e-04  -4.959888765688e-04
   1.282293500526e-02   1.769237553503e-02  -3.868862551049e-03   2.874377912410e-03   4.536659292191e-03   4.587250385861e-03  -1.858858544713e-09  -2.883612868124e-03  -4.921415539867e-03   5.975052617249e-02   1.408509390481e-02   1.241363159101e-09   1.547787896162e-02   9.378726206952e-02   2.178727370133e-02   1.136874089545e-09   2.622418616569e-02   6.866719514341e-02   2.415401417377e-02   4.611837114838e-09   2.451991551598e-02   2.491135038464e-03   9.384251243798e-04   1.823003354279e-08  -4.342896621478e-03   2.866812508033e-09   2.227125926507e-03   4.480170078276e-09  -3.776845152674e-03   6.557948385521e-03   1.122418992493e-02  -3.647260167502e-02  -3.187519504989e-03  -4.218267639737e-08  -3.023820461415e-02  -6.686980169475e-02  -4.680410781729e-03  -5.410300916603e-08  -1.337072134178e-02  -3.043008728839e-02   2.327415437703e-03  -7.391112366634e-08  -1.548384565793e-02  -8.746948049786e-04   2.486794089639e-04  -4.596389417222e-08   2.832300737715e-04   4.621406201319e-09   6.818602197485e-03  -5.454109849584e-09  -1.127380447256e-02   4.613414983025e-03   3.055949373880e-03   2.340492261181e-03   3.426218249963e-03  -1.700958444798e-03   5.680666357014e-04  -2.974620279889e-08   7.268433582469e-03   1.137011434350e-02   1.064828965824e-02   1.794565046966e-03  -1.358268740917e-03  -4.932904425789e-04   3.281266759075e-05   7.268313142551e-03   1.136975608467e-02   1.064805455943e-02   1.794686295930e-03  -1.358284936316e-03  -4.933134404826e-04  -3.277058422454e-05
  -4.133465862482e-02  -6.624177708685e-02  -1.707291625183e-02  -2.727200820477e-03   9.040753886210e-03  -5.829323396430e-03   4.580901101829e-10  -8.117214060253e-03  -1.378392533224e-02   1.400749802642e-02   7.231926466549e-02   1.049619514680e-07   4.279861632124e-02   2.176413628948e-02   1.110523702461e-01   1.624176398275e-07   7.332536734497e-02   2.415401417377e-02   8.534005473656e-02   1.682781276658e-07   1.614327473158e-02   6.668882177631e-03   8.370370457230e-03   5.427783538571e-08  -1.162160435210e-03   8.385701404700e-09   3.710268061778e-03  -2.753786642212e-09   4.035815577082e-03   1.777183664285e-03   3.064602748043e-03  -7.820672903654e-03  -4.997523865297e-03  -4.599584021576e-08  -8.227534592679e-03  -1.566113925002e-02  -4.935790284150e-03  -5.711670618645e-08  -6.944513113958e-03  -9.222460023314e-03  -2.832579983771e-03  -1.538001211015e-07  -3.567612567790e-05   1.767058147261e-03   1.379916916068e-03  -1.154598749452e-07   8.256188175977e-03   8.032125337321e-08   2.385504247330e-03   7.681236393113e-09  -2.827325245249e-03  -7.127141831931e-03  -1.889150655289e-02  -1.387868559577e-02  -1.359043276048e-03  -1.433747830613e-03   1.147047989122e-03  -5.973065848153e-08   5.229218656135e-03   1.183711404082e-02   1.074129469242e-02   1.988538558443e-03   1.357074028835e-04  -5.351709598456e-04   5.329602098469e-04   5.228693745293e-03   1.183591585323e-02   1.074056894749e-02   1.988577682726e-03   1.356688295098e-04  -5.352535373982e-04  -5.328845035802e-04
   9.319503691042e-09   2.609248998716e-07  -3.441765819722e-07  -1.575486959694e-07  -2.687581289779e-08   1.647498405032e-08   1.344253592442e-02   8.020970697832e-09   1.326099655340e-08   9.763710876061e-09   3.964974745266e-08   1.234653777223e-01  -2.851900750163e-08   9.352324246089e-09   7.136984248803e-08   1.914569755406e-01  -1.995297254640e-07   4.611837114838e-09   1.682781276658e-07   1.822048376062e-01  -1.084390000033e-08   1.524421473083e-07  -4.403963387324e-08   3.540864406457e-02  -3.124783938881e-09  -5.727927874637e-03  -6.786239892194e-09  -3.477924792911e-03  -1.861578044742e-09  -2.933361699614e-09  -4.489355867346e-09   5.370112823774e-09   2.908561484748e-08  -6.710482167735e-03  -9.788193928830e-09   2.174820870520e-08   6.467618345065e-08  -5.892073422719e-03   2.359607195000e-07   4.990659167191e-08  -1.654852217874e-07  -1.336264643654e-02   6.783051316828e-07   1.253445684426e-07  -6.941182069415e-07  -5.649502098076e-03  -1.428232053375e-08   2.966855770429e-03  -1.573667992684e-07   1.543167835743e-02  -9.912421528545e-08   4.873376715663e-07   1.078013434271e-06   1.325472798108e-06   5.477285130903e-07   5.127267150589e-08  -7.043814047132e-08  -7.599092462213e-04   1.337978201328e-02   3.143426644905e-02   2.341939182129e-02  -2.993221490488e-03   1.173921088797e-03   8.297400795489e-04   7.322051545961e-04  -1.338024898279e-02  -3.143536645699e-02  -2.342098914975e-02   2.992445370180e-03  -1.173985512023e-03  -8.296576167288e-04   7.323326109709e-04
  -2.612259980299e-03  -3.313756667595e-03  -3.221726940003e-03   1.284818634953e-03   2.696181255314e-03   1.679676758043e-04  -1.089184771434e-09   2.887294480659e-03   4.108576483837e-03   2.139146434196e-02   1.198781519781e-02   1.670813962146e-08  -8.757637000867e-03   3.395673338236e-02   1.862647262836e-02   2.948455735643e-08   2.893053484904e-03   2.451991551598e-02   1.614327473158e-02  -1.084390000033e-08   1.343422812954e-02   2.277318454889e-04   1.406472957725e-03  -3.467853181409e-08  -1.374373025083e-03   3.454850266440e-10   1.423603335311e-03  -1.007202777710e-08  -1.094618369660e-03   7.997336576211e-03   1.304576712948e-02  -1.063243527582e-02  -4.337005644174e-03   2.460802880306e-07  -3.295089649319e-02  -2.119729198161e-02  -6.484835765891e-03   3.950355000731e-07  -1.783234521621e-02  -8.157594690270e-03  -2.096527418877e-03   2.121200643267e-07  -1.151074677385e-02  -7.023438095534e-04   1.671827109341e-04  -2.911561671422e-08   1.149401296923e-03   9.302864314405e-09   3.042586539981e-03  -2.860185382205e-08  -4.071671632859e-03  -6.268196824528e-03  -1.162561672731e-02  -1.495116430940e-03   1.627448296104e-03  -1.117214820686e-03   1.645164322369e-03  -4.868539741963e-08  -6.515855582528e-04  -3.939771724460e-04   5.836110527986e-03   1.544505346370e-03  -6.548539130412e-04  -8.578414061182e-04  -7.623185854069e-04  -6.514204233416e-04  -3.937877952516e-04   5.836135012222e-03   1.544596236109e-03  -6.548539102103e-04  -8.577863559694e-04   7.623620182608e-04
  -2.308384172974e-03  -4.109567108888e-03  -1.195401950224e-03  -4.015674886993e-04   6.463939291337e-04  -2.051081731083e-04   1.083235697603e-08  -1.717039626948e-03  -2.811537755675e-03   1.392072254336e-03   5.546240332371e-03   1.040373956794e-07   8.022065248769e-03   2.050830985533e-03   8.487231662977e-03   1.616138886389e-07   8.958329786019e-03   2.491135038464e-03   6.668882177631e-03   1.524421473083e-07   2.277318454889e-04   9.233317682997e-04   4.466123920820e-04   2.940593189816e-08  -1.949934664613e-04  -4.336188280536e-09   2.049085100358e-04  -3.524024445579e-09   3.617755207151e-04  -1.588712078508e-03  -2.515180093363e-03  -1.675618139232e-03   1.095578733031e-03   7.001309411964e-09   6.105355498134e-03  -2.659274475499e-03   1.974716598676e-03   1.617110564683e-08   3.477767790748e-03  -1.877811368234e-03   1.267243358012e-03  -7.498924151208e-09   1.832840979665e-03   3.128213464528e-04   1.186307176516e-04  -1.469515024021e-08   4.795107362999e-04  -1.524105562273e-08   5.094984267356e-06   1.221893476950e-08  -3.557130705099e-04   2.271388861800e-03   2.825102639515e-03  -4.384683573635e-04  -1.929319276365e-04   3.136142988196e-05  -3.807791299164e-04   1.364364504135e-08   1.337779076649e-03   2.263800814895e-03   3.458581609378e-04  -9.050222467829e-05   5.209870952360e-05   1.723410105015e-04   2.628794880110e-04   1.337810389528e-03   2.263808307611e-03   3.458281580293e-04  -9.048595053478e-05   5.209926293625e-05   1.723268428839e-04  -2.628918503305e-04
  -4.593787758591e-03  -7.913869851827e-03  -1.880476979152e-03  -1.136926895800e-04   7.338284818519e-04  -7.224182767301e-04  -7.044251648694e-09  -8.178329404741e-04  -1.402108189091e-03   2.033139444864e-05   6.808154652578e-03  -3.643480206992e-08   4.323586644484e-03   2.264176793129e-06   1.035471074925e-02  -5.737429895733e-08   7.482214246193e-03   9.384251243798e-04   8.370370457230e-03  -4.403963387324e-08   1.406472957725e-03   4.466123920820e-04   1.910215022262e-03  -1.605752738153e-09   2.651101764636e-04   5.155214838735e-09   3.265157563865e-04   3.686586210363e-09   4.543498613752e-04  -2.849515612595e-04  -4.677300276500e-04   3.281252355864e-04  -6.795413045198e-03  -7.037846003950e-08   1.124038758999e-03   4.334093859325e-04  -1.049547809804e-02  -1.113564992383e-07   5.619427135918e-04   3.146600873284e-04  -6.998363541369e-03  -6.106713975316e-08  -1.052211059331e-04   6.257649856473e-05   1.221299802728e-04  -3.365751689556e-10   1.476592411755e-03   1.040176807898e-07   8.539424674588e-04  -3.693518170682e-09   3.634059790560e-04  -5.856112134634e-03  -9.932132329040e-03  -4.366022713040e-03  -8.340905529422e-04  -3.432110596244e-04   5.458296415931e-04  -3.535063054937e-08   3.261820097675e-03   5.434695798081e-03   2.512345942683e-03   5.025167757889e-04   1.958680433214e-04  -1.673603067317e-04   4.757118849466e-04   3.261391323625e-03   5.433972472316e-03   2.512031464240e-03   5.024659611626e-04   1.958467303067e-04  -1.674225232944e-04  -4.756713445517e-04
  -4.888141396585e-10   5.658214185906e-08  -3.355112616954e-08  -2.956034180228e-08  -6.208054538364e-09   3.717999753144e-09   2.564708630737e-03  -4.662418029371e-10  -5.408848836324e-10   1.444606619131e-08   2.400218670226e-08   2.343384194311e-02   3.853537743077e-09   2.148853570630e-08   4.045090039946e-08   3.624684980884e-02  -3.423783169840e-08   1.823003354279e-08   5.427783538571e-08   3.540864406457e-02  -3.467853181409e-08   2.940593189816e-08  -1.605752738153e-09   7.768965968272e-03  -3.411592980172e-09  -1.044669145454e-03  -1.309393101384e-09  -4.172979835618e-04  -5.637168417058e-10   6.236449798568e-09   1.040804260133e-08  -1.250171675079e-09   4.224232357284e-08  -7.079680396595e-03  -3.146683309557e-08  -7.467925170031e-11   7.162144565919e-08  -1.031069048675e-02   2.186818571773e-08   1.352104452409e-08   2.256943774769e-08  -8.132464565190e-03   1.243974164943e-07   2.385634699325e-08  -1.167750488339e-07  -9.898698540947e-04  -1.014023597656e-08   1.454096818007e-03  -9.850690862346e-08   3.499054611456e-03  -6.166238927478e-08   2.697679633061e-07   4.850328015676e-07   3.503610274213e-07   1.153433157845e-07   1.791696647072e-08  -4.069374362881e-08  -4.876502587644e-04   6.791690482818e-03   1.292990813257e-02   7.340941898924e-03  -1.475986111890e-05   4.264647783195e-04   4.922770967336e-04   4.237581897746e-04  -6.791960837100e-03  -1.293039503161e-02  -7.341327928206e-03   1.460233610781e-05  -4.264855094794e-04  -4.922339059775e-04   4.238289727919e-04
  -1.398091292431e-03  -1.947183210564e-03   1.607400057849e-04  -1.497731720329e-04  -2.368680502938e-04  -4.279755402426e-04  -6.970897429086e-10   6.182626323462e-04   1.021237469309e-03  -3.883062664809e-03  -6.184026510741e-04  -1.644134495484e-09  -2.951850119783e-03  -6.082543487538e-03  -9.606061341920e-04  -2.446011594967e-09  -3.037686983845e-03  -4.342896621478e-03  -1.162160435210e-03  -3.124783938881e-09  -1.374373025083e-03  -1.949934664613e-04   2.651101764636e-04  -3.411592980172e-09   3.712588207436e-04   3.779676825999e-10  -1.084654268703e-04  -3.374923880220e-10   2.605816835701e-04  -5.682026919712e-04  -9.917007079035e-04   2.152896111270e-03  -1.547619487438e-03   3.942054986544e-09   2.705749554689e-03   3.979685351565e-03  -2.471456119424e-03   5.591171257975e-09   1.660496905390e-03   2.014360785278e-03  -1.971964231351e-03   9.908689970390e-09   6.763739918915e-04   1.362019287915e-06  -2.453081182056e-05   4.924956434815e-09   1.737740170173e-04   2.311759920530e-08  -1.672461618920e-04  -1.536736983926e-09   7.257446221374e-04  -1.522678876565e-03  -2.217987116482e-03  -9.376612368235e-04  -3.495153080567e-04   3.989060283028e-05   6.560270133403e-05  -4.612333272505e-09   4.954799078401e-04   7.155925281751e-04  -1.621668716677e-04   2.087674765877e-05   1.259997618952e-04   6.192400379905e-06   1.321875046872e-04   4.954106887755e-04   7.154892073246e-04  -1.622049409022e-04   2.085906421728e-05   1.259970901622e-04   6.179943079795e-06  -1.321832847721e-04
  -7.035510093182e-09  -1.928786329338e-08   1.058416775834e-08   5.045234106934e-09   1.799484183221e-09  -1.516785731011e-09  -4.262629726900e-04  -1.258559010673e-09  -2.272460302238e-09   1.019301255862e-09   9.561277373896e-09  -3.924510326364e-03   7.114397412885e-09   1.765979021343e-09   1.429375773181e-08  -6.092796618757e-03   1.703827989829e-08   2.866812508033e-09   8.385701404700e-09  -5.727927874637e-03   3.454850266440e-10  -4.336188280536e-09   5.155214838735e-09  -1.044669145454e-03   3.779676825999e-10   1.853467500518e-04   7.039922449048e-10   1.292742557318e-04   6.226491050017e-10   4.623636473683e-10   7.794443744323e-10   2.629657877888e-10  -1.093917190123e-08  -2.344088108211e-04  -1.561438215962e-09  -2.705354417839e-10  -1.746291236035e-08  -5.215486108576e-04  -9.075442853431e-09  -5.159534064540e-10  -3.810169180721e-09  -6.782802599041e-06  -2.275205067798e-08  -3.998018553833e-09   2.338339226833e-08   1.859317056826e-04   2.291593516928e-09  -2.560039478063e-05   1.345854800540e-09  -4.465545206393e-04   5.024946464935e-10  -1.299199228554e-08  -3.123073360745e-08  -4.212218688141e-08  -1.795140501424e-08  -1.633562679697e-09   1.214519131623e-09  -2.326763337795e-06  -9.739580682794e-05  -4.621934330142e-04  -5.211035983159e-04   1.378144801881e-04  -2.161031445116e-05  -5.584955586710e-07  -1.313144152873e-06   9.740813672807e-05   4.622258991445e-04   5.211569371652e-04  -1.377887435869e-04   2.161236008418e-05   5.573083214028e-07  -1.315228620250e-06
