ARMA_MAT_TXT_FN008
72 72
   1.000000000000e+00   7.063772200372e-01   3.736639626622e-01   1.837659445759e-01  -3.081225033956e-18  -4.005334057228e-17   0.000000000000e+00   1.407765392917e-02   1.283035627083e-02   3.001561522143e-02  -6.946590918826e-02   1.041444573670e-08   1.665273863642e-01   1.319799694204e-01  -3.054446328283e-01   4.579277218607e-08   3.126045163458e-01   1.890795790502e-01  -4.375917258653e-01   6.560448624521e-08   2.536878565648e-01   9.950825064480e-02  -2.302945001053e-01   3.452613811341e-08  -1.756639510940e-01  -6.094969811767e-08  -1.392702965071e-01   2.633583448256e-08  -1.653203640015e-01   1.360564393063e-05   1.591950082478e-06   4.336746303505e-04  -1.794971435942e-04   3.582381358018e-11   7.875303738974e-03   2.636121315204e-02  -1.091085835167e-02   2.177575351693e-09   8.075496019306e-02   1.864316270023e-01  -7.716371256369e-02   1.540023645326e-08   1.196418161563e-01   1.635991962987e-01  -6.771341087255e-02   1.351415715818e-08  -1.759851153478e-02  -1.453729944961e-09  -1.437686763462e-02   3.512288741127e-09   1.761747316474e-02   5.441804599999e-08   4.892620231623e-04   2.548563474584e-02   6.825554802606e-02   9.106133256875e-06  -7.166634580101e-06   1.333323336462e-10   8.678502362699e-06   4.591657811980e-03   5.843747163219e-02   9.270403526569e-02   4.787673941602e-04  -4.847701938987e-05   1.968804286905e-04   8.676762690547e-06   4.591250930325e-03   5.843555481952e-02   9.270291354305e-02   4.786928874796e-04  -4.848144516474e-05  -1.968560370684e-04
   7.063772200372e-01   1.000000000000e+00   7.889632276872e-01   4.631805400595e-01   0.000000000000e+00   0.000000000000e+00   1.615636483394e-22   6.724143258853e-02   7.129559555536e-02   3.946175125153e-02  -9.132734440477e-02   1.369194880906e-08   3.755321013637e-01   1.363260166657e-01  -3.155028015863e-01   4.730070973364e-08   6.162332239939e-01   2.517128406096e-01  -5.825454916820e-01   8.733619818951e-08   5.827431937899e-01   1.939301456259e-01  -4.488175166670e-01   6.728747564997e-08  -7.667793465970e-02  -2.660475835076e-08  -6.079197598087e-02   1.149568470415e-08  -7.216292238608e-02   5.047508591064e-03   5.372919995203e-03   2.455244175884e-02  -1.016221114990e-02   2.028161287175e-09   7.145783052690e-02   1.353576873168e-01  -5.602430148437e-02   1.118125944596e-08   2.304734743117e-01   4.112715517061e-01  -1.702245499423e-01   3.397320103148e-08   3.096902424670e-01   3.865873431226e-01  -1.600078007425e-01   3.193415510907e-08  -7.264392109551e-02  -6.000771327009e-09  -5.934547566627e-02   1.449818217131e-08   7.272219175766e-02   4.892620231623e-04   9.918281051865e-03   8.638804064530e-02   1.849589108471e-01   3.109206306331e-03  -2.446982138637e-03   4.552511158318e-08   4.591657811980e-03   4.128432839658e-02   1.711586039559e-01   2.456490728698e-01   2.211746441528e-02  -2.239477383783e-03   9.095222291121e-03   4.591250930325e-03   4.128200152729e-02   1.711539787323e-01   2.456463178316e-01   2.211577379166e-02  -2.239859213288e-03  -9.094815693315e-03
   3.736639626622e-01   7.889632276872e-01   1.000000000000e+00   8.208664008791e-01   0.000000000000e+00   2.020337470076e-16   0.000000000000e+00   5.940748997043e-02   6.281935328113e-02   1.184458991590e-02  -2.741223864313e-02   4.109688841711e-09   3.469514935175e-01   4.849990645470e-02  -1.122445791155e-01   1.682789575630e-08   6.752308767994e-01   1.411091693038e-01  -3.265725745807e-01   4.896030868678e-08   8.518949358076e-01   1.959009057230e-01  -4.533784973740e-01   6.797126553532e-08  -9.300115130585e-03  -3.226838552467e-09  -7.373338603172e-03   1.394288874994e-09  -8.752498216448e-03   3.186954304663e-02   3.782468166458e-02   4.529636165214e-02  -1.874808200147e-02   3.741718565310e-09   2.129066324569e-01   1.755599640596e-01  -7.266395097342e-02   1.450217970909e-08   4.359586586280e-01   4.656749073009e-01  -1.927420002329e-01   3.846720536691e-08   5.803878911790e-01   5.762323739330e-01  -2.385015353190e-01   4.759983567854e-08  -4.193471247220e-02  -3.464028598879e-09  -3.425800013354e-02   8.369277037291e-09   4.197989529910e-02   2.548563474584e-02   8.638804064530e-02   2.334823033250e-01   3.858568785303e-01   3.548090563449e-02  -2.792389240093e-02   5.195127080482e-07   5.843747163219e-02   1.711586039559e-01   3.660509884342e-01   4.872717779103e-01   7.621931963594e-02  -7.717495971828e-03   3.134317939663e-02   5.843555481952e-02   1.711539787323e-01   3.660444830025e-01   4.872672838870e-01   7.621710035304e-02  -7.719177092513e-03  -3.134326146215e-02
   1.837659445759e-01   4.631805400595e-01   8.208664008791e-01   1.000000000000e+00   0.000000000000e+00   0.000000000000e+00   0.000000000000e+00   3.414754789282e-02   3.590949288806e-02   2.464022671065e-03  -5.702550950340e-03   8.549360128883e-10   2.118310424395e-01   1.111116430446e-02  -2.571485291425e-02   3.855213923376e-09   4.808247159920e-01   4.326675937626e-02  -1.001333724306e-01   1.501216331575e-08   8.057909482441e-01   1.008893697716e-01  -2.334908595713e-01   3.500534169113e-08  -7.530727866615e-04  -2.612918514117e-10  -5.970528935312e-04   1.129019365631e-10  -7.087297446925e-04   3.526507798081e-02   4.196066109129e-02   1.820289529046e-02  -7.534145373322e-03   1.503655233367e-09   2.310106223995e-01   7.532198895934e-02  -3.117563473129e-02   6.221993868506e-09   4.835423064787e-01   2.474987112180e-01  -1.024392680544e-01   2.044469994669e-08   7.617690841450e-01   4.866510066847e-01  -2.014239697548e-01   4.019994189650e-08  -6.788523441433e-03  -5.607678688837e-10  -5.545793049549e-03   1.354844948398e-09   6.795837779877e-03   6.825554802606e-02   1.849589108471e-01   3.858568785303e-01   6.006741404911e-01   3.390600347491e-02  -2.668442577346e-02   4.964529334680e-07   9.270403526569e-02   2.456490728698e-01   4.872717779103e-01   7.031805787221e-01   4.460845373455e-02  -4.516775584592e-03   1.834404682024e-02   9.270291354305e-02   2.456463178316e-01   4.872672838870e-01   7.031761998464e-01   4.460801925559e-02  -4.517847028884e-03  -1.834445031837e-02
  -3.081225033956e-18   0.000000000000e+00   0.000000000000e+00   0.000000000000e+00   1.000000000000e+00   0.000000000000e+00   0.000000000000e+00  -3.860322237693e-02  -4.123772729580e-02   2.751446458032e-02   1.057210523901e-01  -1.584987767682e-08  -1.749989874444e-01   1.463313364028e-01   2.517166276571e-01  -3.773777944308e-08  -1.373997086979e-01   3.023106931021e-01   1.728663733976e-01  -2.591641693727e-08  -4.610517815900e-02   2.026593544034e-01   4.018987658571e-02  -6.025333775337e-09  -1.344204289564e-01   4.538247557327e-08   3.753575131394e-02   2.015253639705e-08   2.376940647385e-01  -7.253524060722e-04  -4.348524327514e-04  -9.823440471952e-03   4.456903547659e-03  -8.895031900737e-10  -4.304549259147e-02  -1.048418755626e-01   5.096768452648e-02  -1.017206620969e-08  -1.177712366932e-01  -1.633967483638e-01   1.053909080545e-01  -2.103378453601e-08  -5.728961954124e-02   4.260166133847e-03   3.172592588660e-02  -6.331820283388e-09   8.396043649574e-02   7.953876917837e-09   6.146550106384e-02  -1.675671804524e-08  -6.660804291074e-02  -9.106133256875e-06  -3.109206306331e-03  -3.548090563449e-02  -3.390600347491e-02  -2.962238629454e-04   2.523755540265e-04  -4.695344962478e-09  -4.787673941602e-04  -2.211746441528e-02  -7.621931963594e-02  -4.460845373455e-02  -7.453545853048e-03   8.206634729104e-04  -3.332972579395e-03  -4.786928874796e-04  -2.211577379166e-02  -7.621710035304e-02  -4.460801925559e-02  -7.452613686053e-03   8.207631731349e-04   3.332660259734e-03
  -4.005334057228e-17   0.000000000000e+00   2.020337470076e-16   0.000000000000e+00   0.000000000000e+00   1.000000000000e+00   0.000000000000e+00   8.934042898095e-02   9.543753137584e-02   1.057210523901e-01  -1.714773348743e-01   3.668177897472e-08   4.050046510847e-01   2.517166276571e-01  -3.274583540868e-01   8.733751217225e-08   3.179876746317e-01   1.728663733976e-01  -2.306433798122e-02   5.997902932084e-08   1.067023979177e-01   4.018987658571e-02   1.270125869824e-01   1.394458470295e-08  -1.881095550616e-01  -6.526791935769e-08  -8.686995328437e-02   4.538247557327e-08  -1.966572474844e-02   3.002220463852e-04   1.799846338735e-04   4.456903547659e-03  -9.000291375854e-04   3.681637584083e-10   1.781645137630e-02   5.096768452648e-02  -2.796675587685e-03   4.210199770307e-09   4.874530144153e-02   1.053909080545e-01   4.761217597485e-02   8.705845301901e-09   2.371206970751e-02   3.172592588660e-02   6.778038451471e-02   2.620728940730e-09  -1.006986857748e-02  -8.318242974117e-10  -2.544045950216e-02   7.953876917837e-09   5.222358788696e-02   7.166634580101e-06   2.446982138637e-03   2.792389240093e-02   2.668442577346e-02   2.523755540265e-04  -1.741707278710e-04   3.695292021802e-09   4.847701938987e-05   2.239477383783e-03   7.717495971828e-03   4.516775584592e-03   8.206634729104e-04   5.683726755717e-04   3.374761488105e-04   4.848144516474e-05   2.239859213288e-03   7.719177092513e-03   4.517847028884e-03   8.207631731349e-04   5.682575446500e-04  -3.375278594293e-04
   0.000000000000e+00   1.615636483394e-22   0.000000000000e+00   0.000000000000e+00   0.000000000000e+00   0.000000000000e+00   1.000000000000e+00  -1.339406711275e-08  -1.430815494064e-08  -1.584987767682e-08   3.668177897472e-08   7.319561187150e-02  -6.071897728138e-08  -3.773777944308e-08   8.733751217225e-08   2.550959020564e-01  -4.767324607263e-08  -2.591641693727e-08   5.997902932084e-08   3.770047496438e-01  -1.599700264597e-08  -6.025333775337e-09   1.394458470295e-08   2.200250505483e-01   4.538247557327e-08  -2.652178769477e-01   8.189333654373e-08   1.145983380529e-01   4.271022787737e-08  -5.991793745017e-11  -3.592110627542e-11  -8.895031900737e-10   3.681637584083e-10   9.446751639624e-04  -3.555784899886e-09  -1.017206620969e-08   4.210199770307e-09   1.829875667387e-02  -9.728525795924e-09  -2.103378453601e-08   8.705845301901e-09   9.123328182855e-02  -4.732424972302e-09  -6.331820283388e-09   2.620728940730e-09   8.091168774526e-02   7.953876917837e-09  -1.232731981686e-02   9.338689104897e-09   2.978345926703e-02  -7.962446873913e-09  -1.333323336462e-10  -4.552511158318e-08  -5.195127080482e-07  -4.964529334680e-07  -4.695344962478e-09   3.695292021802e-09   2.445181816594e-05  -1.968804286905e-04  -9.095222291121e-03  -3.134317939663e-02  -1.834404682024e-02  -3.332972579395e-03   3.374761488105e-04  -7.191288516310e-04   1.968560370684e-04   9.094815693315e-03   3.134326146215e-02   1.834445031837e-02   3.332660259734e-03  -3.375278594293e-04  -7.191284244619e-04
   1.407765392917e-02   6.724143258853e-02   5.940748997043e-02   3.414754789282e-02  -3.860322237693e-02   8.934042898095e-02  -1.339406711275e-08   1.000000000000e+00   9.019786511306e-01  -6.408032458043e-17  -5.972607089233e-17  -1.611430591988e-23   3.524808859889e-01   5.384656277689e-17   6.730525722353e-18   1.761938313010e-23   1.579450275960e-01   2.158567919126e-17   1.465938325871e-18   3.998015785684e-24   7.194213528220e-02  -4.760592344781e-19   2.446096427480e-19   7.142223235144e-27   1.990325410611e-32   2.360779887904e-39   0.000000000000e+00   1.202251758644e-38   0.000000000000e+00   8.847882396096e-06  -3.520748142832e-07   5.432222956679e-04   5.468211821829e-05   5.989789972653e-12   9.927737076696e-03   3.373571764582e-02   3.395921918520e-03   3.719837438313e-10   3.854424627116e-02   7.632759007269e-02   7.683326580954e-03   8.416190522741e-10   3.254658799220e-02   3.598568795889e-02   3.622409571233e-03   3.967928316164e-10   7.172894094216e-03   7.909124765878e-11  -2.077851883683e-02   7.857071108498e-10   3.526740882842e-02   4.700920597751e-07   2.075602660234e-03   1.898531825544e-02   2.278830586619e-02   1.163304764970e-04  -5.454538751237e-05   2.049696354978e-09   1.915415835662e-07   1.523250172320e-03   1.714938149452e-02   2.198117921986e-02   5.906873990607e-05   2.213145672227e-05   2.951417698876e-05   1.915428988835e-07   1.523253778970e-03   1.714939484405e-02   2.198118528681e-02   5.906918544481e-05   2.212975572760e-05  -2.951533148821e-05
   1.283035627083e-02   7.129559555536e-02   6.281935328113e-02   3.590949288806e-02  -4.123772729580e-02   9.543753137584e-02  -1.430815494064e-08   9.019786511306e-01   1.000000000000e+00   7.038193994222e-17   6.763269816248e-17   1.240666767978e-23   4.014863665549e-01  -1.622728121144e-16   1.199226265195e-18  -1.859222886698e-23   1.702974760105e-01  -1.259031270383e-18   2.322246245975e-19   2.214666601158e-25   7.611738684957e-02  -9.514804322512e-18   0.000000000000e+00  -1.087401356753e-24   0.000000000000e+00   0.000000000000e+00   0.000000000000e+00   0.000000000000e+00   0.000000000000e+00   1.916506079738e-06  -1.796014926211e-07   2.622488017858e-04   2.639862188319e-05   2.891661950925e-12   9.767655452895e-03   3.451882818963e-02   3.474751789231e-03   3.806186391959e-10   4.059850346020e-02   8.131499911964e-02   8.185371679771e-03   8.966122529163e-10   3.423218534027e-02   3.798342375750e-02   3.823506665332e-03   4.188206790556e-10   7.359628208615e-03   8.115025395308e-11  -2.131945228191e-02   8.061616609372e-10   3.618553591468e-02   9.167888199012e-08   2.007892135223e-03   1.988942397033e-02   2.393584548468e-02   7.336252120025e-05  -3.439844199258e-05   1.292618209984e-09   3.109266797303e-08   1.460503004104e-03   1.795098128601e-02   2.308564009081e-02   3.509509282666e-05   1.314918058676e-05   1.753554896838e-05   3.109292646479e-08   1.460506562312e-03   1.795099537497e-02   2.308564648123e-02   3.509537378304e-05   1.314817604372e-05  -1.753624301924e-05
   3.001561522143e-02   3.946175125153e-02   1.184458991590e-02   2.464022671065e-03   2.751446458032e-02   1.057210523901e-01  -1.584987767682e-08  -6.408032458043e-17   7.038193994222e-17   1.000000000000e+00   5.316529229330e-32   5.629738629768e-39  -6.235712572784e-16   6.119923480445e-01   5.138914544212e-32   6.911626893437e-39  -2.568090992793e-16   1.971949078096e-01   6.847455728190e-33   6.530242660704e-39  -2.615808446487e-17   5.657041005734e-02   0.000000000000e+00   4.025451635735e-40   0.000000000000e+00   0.000000000000e+00   7.165371439991e-19   0.000000000000e+00  -1.241078738917e-18  -2.121264299183e-04  -3.972977885434e-06  -7.508042085140e-03  -8.150150616041e-04  -8.927541950862e-11  -3.467531769370e-02  -9.176407656423e-02  -1.112278563779e-02  -1.218371783171e-09  -3.996612694113e-02  -3.808881661618e-02  -7.794502303139e-03  -8.537970594115e-10  -1.052221911137e-02   7.328338450867e-03  -1.163276041441e-03  -1.274233587777e-10  -2.512563360741e-02  -3.207516150507e-10   6.153227969820e-02  -2.752220893080e-09  -1.036488222658e-01  -1.207543216088e-05  -6.833350833434e-03  -1.849573142974e-02  -7.912077290632e-03  -1.126001479592e-03   5.677254181038e-04  -2.133387942018e-08  -5.090572876597e-06  -4.922562162483e-03  -1.620733681500e-02  -7.393428062191e-03  -5.761504055551e-04  -2.332910038474e-04  -3.111133651907e-04  -5.090618546427e-06  -4.922586141096e-03  -1.620739146261e-02  -7.393449353871e-03  -5.761563006656e-04  -2.332736025626e-04   3.111262406977e-04
  -6.946590918826e-02  -9.132734440477e-02  -2.741223864313e-02  -5.702550950340e-03   1.057210523901e-01  -1.714773348743e-01   3.668177897472e-08  -5.972607089233e-17   6.763269816248e-17   5.316529229330e-32   1.000000000000e+00   8.687158488711e-40  -1.195722372144e-16   5.138914544212e-32   6.119923480445e-01   1.019449795993e-40  -3.049785127369e-17   6.847455728190e-33   1.971949078096e-01   8.591925669211e-40   0.000000000000e+00   0.000000000000e+00   5.657041005734e-02   0.000000000000e+00  -1.241078738917e-18   0.000000000000e+00   0.000000000000e+00   0.000000000000e+00   0.000000000000e+00  -2.135317826702e-05  -3.999299147743e-07  -8.150150616041e-04   5.064271099622e-04  -8.986687554044e-12  -3.490504415053e-03  -1.112278563779e-02   1.761208966553e-02  -1.226443583272e-10  -4.023090538718e-03  -7.794502303139e-03   3.855859953919e-02  -8.594535259229e-11  -1.059192956466e-03  -1.163276041441e-03   1.876743993346e-02  -1.282675476323e-11   3.644863086777e-02   4.018974284189e-10   6.193993544689e-03  -3.207516150507e-10  -1.836109386076e-02   5.661965345868e-06   3.204042314975e-03   8.672334787398e-03   3.709838855997e-03   5.677254181038e-04  -1.813943909415e-04   1.000309424629e-08  -1.907299757691e-06  -1.844350694376e-03  -6.072450061992e-03  -2.770117213399e-03  -2.332910038474e-04  -4.090578053741e-05  -1.165657501478e-04  -1.907155889936e-06  -1.844204013145e-03  -6.071958015812e-03  -2.769891390129e-03  -2.332736025626e-04  -4.089167019918e-05   1.165607356058e-04
   1.041444573670e-08   1.369194880906e-08   4.109688841711e-09   8.549360128883e-10  -1.584987767682e-08   3.668177897472e-08   7.319561187150e-02  -1.611430591988e-23   1.240666767978e-23   5.629738629768e-39   8.687158488711e-40   1.000000000000e+00  -1.442436426465e-23   6.911626893437e-39   1.019449795993e-40   6.119923480445e-01  -2.908501746530e-23   6.530242660704e-39   8.591925669211e-40   1.971949078096e-01  -2.782954678490e-24   4.025451635735e-40   0.000000000000e+00   5.657041005734e-02   0.000000000000e+00   0.000000000000e+00   0.000000000000e+00  -1.241078738917e-18   0.000000000000e+00  -2.338992292828e-12  -4.380767006348e-14  -8.927541950862e-11  -8.986687554044e-12   5.884685694231e-04  -3.823441561156e-10  -1.218371783171e-09  -1.226443583272e-10   1.873173715426e-02  -4.406827707679e-10  -8.537970594115e-10  -8.594535259229e-11   3.934321368297e-02  -1.160222675431e-10  -1.274233587776e-10  -1.282675476323e-11   1.888453821629e-02  -3.207516150507e-10   3.963771774496e-03   1.430510578549e-09   3.937684334483e-02  -1.577059160750e-09  -2.127642732175e-10  -1.204009019591e-07  -3.258873722154e-07  -1.394076296363e-07  -2.133387942018e-08   1.000309424629e-08   8.480242884164e-05  -2.543546198768e-06  -2.459598277071e-03  -8.098127842833e-03  -3.694186548218e-03  -3.111133651907e-04  -1.165657501478e-04  -1.089482878747e-04   2.543649328265e-06   2.459687917475e-03   8.098410837662e-03   3.694313826702e-03   3.111262406977e-04   1.165607356058e-04  -1.089594157790e-04
   1.665273863642e-01   3.755321013637e-01   3.469514935175e-01   2.118310424395e-01  -1.749989874444e-01   4.050046510847e-01  -6.071897728138e-08   3.524808859889e-01   4.014863665549e-01  -6.235712572784e-16  -1.195722372144e-16  -1.442436426465e-23   1.000000000000e+00   0.000000000000e+00   0.000000000000e+00   0.000000000000e+00   7.543153851937e-01   0.000000000000e+00  -2.117010293141e-17   0.000000000000e+00   4.176890115920e-01   0.000000000000e+00   0.000000000000e+00   6.427790678631e-24   0.000000000000e+00   0.000000000000e+00   0.000000000000e+00   0.000000000000e+00   0.000000000000e+00   3.213714409902e-03   2.459012507126e-03   3.643403581377e-02   3.667541390378e-03   4.017364974174e-10   9.734631248306e-02   2.349734180238e-01   2.365301337040e-02   2.590912476058e-09   2.339088099584e-01   4.094115749480e-01   4.121239558792e-02   4.514338542192e-09   2.014864835664e-01   2.141733455478e-01   2.155922592619e-02   2.361562417084e-09   4.301414398634e-02   4.742914464048e-10  -1.246038473914e-01   4.711699120783e-09   2.114902829242e-01   5.027456166348e-04   2.499817694385e-02   1.222196872596e-01   1.432064007470e-01   8.122838444071e-03  -3.808661186422e-03   1.431211566585e-07   3.009251145624e-04   1.963304988518e-02   1.113625925342e-01   1.382937137689e-01   5.202440401071e-03   1.949213488718e-03   2.599441718494e-03   3.009262964411e-04   1.963308618859e-02   1.113626718280e-01   1.382937507177e-01   5.202470424921e-03   1.949060221782e-03  -2.599538794938e-03
   1.319799694204e-01   1.363260166657e-01   4.849990645470e-02   1.111116430446e-02   1.463313364028e-01   2.517166276571e-01  -3.773777944308e-08   5.384656277689e-17  -1.622728121144e-16   6.119923480445e-01   5.138914544212e-32   6.911626893437e-39   0.000000000000e+00   1.000000000000e+00   0.000000000000e+00   0.000000000000e+00   0.000000000000e+00   6.250598589784e-01   0.000000000000e+00   0.000000000000e+00   0.000000000000e+00   2.333933173537e-01   0.000000000000e+00   0.000000000000e+00   0.000000000000e+00   0.000000000000e+00   0.000000000000e+00   0.000000000000e+00   0.000000000000e+00  -1.167793804351e-02  -1.057846359096e-02  -1.009112552543e-01  -1.160551228934e-02  -1.271248872633e-09  -1.716778945255e-01  -3.216530974768e-01  -4.171395331817e-02  -4.569278357277e-09  -1.641480013473e-01  -1.257193522520e-01  -2.892123801447e-02  -3.167985204309e-09  -4.709986288277e-02   3.446595078307e-02  -5.039725578653e-03  -5.520433136009e-10  -7.210685970863e-02  -9.822764153512e-10   1.606870497845e-01  -7.898467713305e-09  -2.693507155687e-01  -1.861732172449e-03  -4.356777053323e-02  -8.202356266877e-02  -3.606265664868e-02  -2.177101844730e-02   1.136447964782e-02  -4.270522875114e-07  -1.078946411200e-03  -3.314170789408e-02  -7.238805535254e-02  -3.373089331979e-02  -1.340451020860e-02  -5.633350060749e-03  -7.512550701884e-03  -1.078953462382e-03  -3.314185552137e-02  -7.238829548970e-02  -3.373099021182e-02  -1.340463098872e-02  -5.632921785177e-03   7.512850832299e-03
  -3.054446328283e-01  -3.155028015863e-01  -1.122445791155e-01  -2.571485291425e-02   2.517166276571e-01  -3.274583540868e-01   8.733751217225e-08   6.730525722353e-18   1.199226265195e-18   5.138914544212e-32   6.119923480445e-01   1.019449795993e-40   0.000000000000e+00   0.000000000000e+00   1.000000000000e+00   0.000000000000e+00  -3.984887206839e-17   0.000000000000e+00   6.250598589784e-01   0.000000000000e+00   0.000000000000e+00   0.000000000000e+00   2.333933173537e-01   0.000000000000e+00   0.000000000000e+00   0.000000000000e+00   0.000000000000e+00   0.000000000000e+00   0.000000000000e+00  -1.175530521728e-03  -1.064854666794e-03  -1.160551228934e-02   1.321181451231e-02  -1.279670987229e-10  -1.728152728409e-02  -4.171395331817e-02   8.854201378461e-02  -4.599550152810e-10  -1.652354935824e-02  -2.892123801447e-02   1.586783013264e-01  -3.188973332599e-10  -4.741190283905e-03  -5.039725578653e-03   8.402420719417e-02  -5.557006399899e-11   1.596866379676e-01   1.760769818347e-09   1.617516129683e-02  -9.822764153512e-10  -6.106779871371e-02   8.729346414484e-04   2.042818871154e-02   3.845945744946e-02   1.690916809473e-02   1.136447964782e-02  -2.862286000544e-03   2.002375749828e-07  -4.042519925615e-04  -1.241730016801e-02  -2.712184341145e-02  -1.263805198651e-02  -5.633350060749e-03  -4.797926192671e-04  -2.814749239564e-03  -4.042205150480e-04  -1.241630744566e-02  -2.711964427241e-02  -1.263702162501e-02  -5.632921785177e-03  -4.794488649543e-04   2.814624113820e-03
   4.579277218607e-08   4.730070973364e-08   1.682789575630e-08   3.855213923376e-09  -3.773777944308e-08   8.733751217225e-08   2.550959020564e-01   1.761938313010e-23  -1.859222886698e-23   6.911626893437e-39   1.019449795993e-40   6.119923480445e-01   0.000000000000e+00   0.000000000000e+00   0.000000000000e+00   1.000000000000e+00   0.000000000000e+00   0.000000000000e+00   0.000000000000e+00   6.250598589784e-01   2.104341423194e-23   0.000000000000e+00   0.000000000000e+00   2.333933173537e-01   0.000000000000e+00   0.000000000000e+00   0.000000000000e+00   0.000000000000e+00   0.000000000000e+00  -1.287656945455e-10  -1.166424420509e-10  -1.271248872633e-09  -1.279670987229e-10   1.438005447604e-02  -1.892990290266e-09  -4.569278357277e-09  -4.599550152810e-10   9.274104490849e-02  -1.809962625507e-09  -3.167985204309e-09  -3.188973332599e-10   1.615895856546e-01  -5.193422447098e-10  -5.520433136009e-10  -5.557006399899e-11   8.453151860623e-02  -9.822764153512e-10   1.697714019181e-02   4.992805975877e-09   1.686540567440e-01  -4.829618765826e-09  -3.280297444592e-08  -7.676466489738e-07  -1.445222288149e-06  -6.354095513872e-07  -4.270522875114e-07   2.002375749828e-07   2.466325761887e-03  -5.391043620060e-04  -1.655952427716e-02  -3.616928143286e-02  -1.685391557383e-02  -7.512550701884e-03  -2.814749239564e-03  -2.122836099388e-03   5.391249068826e-04   1.656012089013e-02   3.617054342558e-02   1.685449613077e-02   7.512850832299e-03   2.814624113820e-03  -2.123099422636e-03
   3.126045163458e-01   6.162332239939e-01   6.752308767994e-01   4.808247159920e-01  -1.373997086979e-01   3.179876746317e-01  -4.767324607263e-08   1.579450275960e-01   1.702974760105e-01  -2.568090992793e-16  -3.049785127369e-17  -2.908501746530e-23   7.543153851937e-01   0.000000000000e+00  -3.984887206839e-17   0.000000000000e+00   1.000000000000e+00   0.000000000000e+00   0.000000000000e+00   0.000000000000e+00   8.034172688426e-01   0.000000000000e+00  -1.296432025987e-17   0.000000000000e+00   0.000000000000e+00   2.430003449403e-39   0.000000000000e+00   0.000000000000e+00   0.000000000000e+00   4.111051813037e-02   4.845916760869e-02   1.064105568928e-01   1.071155344338e-02   1.173326079846e-09   2.802486070721e-01   3.588488677866e-01   3.612262671708e-02   3.956813568051e-09   4.854103005656e-01   6.283247403765e-01   6.324874366672e-02   6.928164141072e-09   4.546332756935e-01   4.325177893221e-01   4.353832505742e-02   4.769117059694e-09   3.540015460047e-02   3.903365026569e-10  -1.025475588418e-01   3.877675151680e-09   1.740541137908e-01   2.854392673311e-02   1.219898575198e-01   2.948301198478e-01   3.365314155580e-01   7.640809364638e-02  -3.582645926091e-02   1.346279975410e-06   2.306821638963e-02   1.055857121461e-01   2.738319574779e-01   3.259934990145e-01   6.106584667228e-02   2.287971852769e-02   3.051204765025e-02   2.306825398996e-02   1.055858288539e-01   2.738321123316e-01   3.259935783945e-01   6.106609560136e-02   2.287788072105e-02  -3.051313541557e-02
   1.890795790502e-01   2.517128406096e-01   1.411091693038e-01   4.326675937626e-02   3.023106931021e-01   1.728663733976e-01  -2.591641693727e-08   2.158567919126e-17  -1.259031270383e-18   1.971949078096e-01   6.847455728190e-33   6.530242660704e-39   0.000000000000e+00   6.250598589784e-01   0.000000000000e+00   0.000000000000e+00   0.000000000000e+00   1.000000000000e+00   0.000000000000e+00   0.000000000000e+00   0.000000000000e+00   6.943342744408e-01   0.000000000000e+00   0.000000000000e+00  -2.999055664700e-17   0.000000000000e+00   0.000000000000e+00  -2.860122360897e-23   0.000000000000e+00  -1.020785660922e-01  -1.241635034354e-01  -1.666786065997e-01  -2.473619184058e-02  -2.709562077622e-09  -4.935149211591e-01  -3.653305554263e-01  -6.361157496048e-02  -6.967908088746e-09  -4.741903440344e-01  -1.470018065996e-01  -6.178678838112e-02  -6.768023945421e-09  -1.790404909729e-01   1.509981456841e-01  -1.714595809672e-02  -1.878140262770e-09  -4.136870031444e-02  -7.461397568645e-10   4.518040347777e-02  -4.531459906801e-09  -7.144307936664e-02  -8.256687976893e-02  -2.392265110662e-01  -2.958013228795e-01  -1.453846375136e-01  -1.557490770161e-01   9.350383941212e-02  -3.513669763113e-06  -6.461184364220e-02  -2.005491622495e-01  -2.660985513110e-01  -1.364055249826e-01  -1.183335612156e-01  -5.783707867673e-02  -7.713065606118e-02  -6.461211743138e-02  -2.005499064203e-01  -2.660993950649e-01  -1.364059135784e-01  -1.183345396470e-01  -5.783258360271e-02   7.713360675396e-02
  -4.375917258653e-01  -5.825454916820e-01  -3.265725745807e-01  -1.001333724306e-01   1.728663733976e-01  -2.306433798122e-02   5.997902932084e-08   1.465938325871e-18   2.322246245975e-19   6.847455728190e-33   1.971949078096e-01   8.591925669211e-40  -2.117010293141e-17   0.000000000000e+00   6.250598589784e-01   0.000000000000e+00   0.000000000000e+00   0.000000000000e+00   1.000000000000e+00   0.000000000000e+00  -2.254816302587e-17   0.000000000000e+00   6.943342744408e-01   0.000000000000e+00   0.000000000000e+00  -2.860122360897e-23   1.731505595329e-17   0.000000000000e+00   2.999055664700e-17  -1.027548438848e-02  -1.249860955155e-02  -2.473619184058e-02   7.656529998565e-02  -2.727513119949e-10  -4.967844927670e-02  -6.361157496048e-02   2.601953176407e-01  -7.014070977600e-10  -4.773318889383e-02  -6.178678838112e-02   4.605799860242e-01  -6.812862587547e-10  -1.802266470157e-02  -1.714595809672e-02   3.196033156503e-01  -1.890583076179e-10   2.544548264066e-01   2.805722408410e-09   4.547972687836e-03  -7.461397568645e-10  -5.979112160823e-02   3.871420962330e-02   1.121692538556e-01   1.386962236293e-01   6.816839086643e-02   9.350383941212e-02  -1.731829162786e-04   1.647500161528e-06  -2.420830753436e-02  -7.514033839337e-02  -9.969991879906e-02  -5.110745510455e-02  -5.783707867673e-02   1.436330655001e-02  -2.889876742407e-02  -2.420636690742e-02  -7.513427528843e-02  -9.969182015469e-02  -5.110328718024e-02  -5.783258360271e-02   1.436687256149e-02   2.889743379733e-02
   6.560448624521e-08   8.733619818951e-08   4.896030868678e-08   1.501216331575e-08  -2.591641693727e-08   5.997902932084e-08   3.770047496438e-01   3.998015785684e-24   2.214666601158e-25   6.530242660704e-39   8.591925669211e-40   1.971949078096e-01   0.000000000000e+00   0.000000000000e+00   0.000000000000e+00   6.250598589784e-01   0.000000000000e+00   0.000000000000e+00   0.000000000000e+00   1.000000000000e+00   0.000000000000e+00   0.000000000000e+00   0.000000000000e+00   6.943342744408e-01   0.000000000000e+00  -2.999055664700e-17  -3.302584829958e-23   0.000000000000e+00   0.000000000000e+00  -1.125559787362e-09  -1.369077288944e-09  -2.709562077622e-09  -2.727513119949e-10   7.905530707351e-02  -5.441696244222e-09  -6.967908088746e-09  -7.014070977600e-10   2.665986182596e-01  -5.228615597108e-09  -6.768023945421e-09  -6.812862587547e-10   4.667995990510e-01  -1.974173273227e-09  -1.878140262770e-09  -1.890583076179e-10   3.213292707796e-01  -7.461397568645e-10   2.629974106056e-02   5.487922657179e-09   2.612665013699e-01  -3.668591157605e-09  -1.454795317619e-06  -4.215075210828e-06  -5.211900712187e-06  -2.561619023276e-06  -3.513669763113e-06   1.647500161528e-06   4.366918153546e-02  -3.228383391721e-02  -1.002060223223e-01  -1.329583084443e-01  -6.815613153395e-02  -7.713065606118e-02  -2.889876742407e-02  -2.505667329525e-03   3.228499004653e-02   1.002095580522e-01   1.329629280480e-01   6.815847765464e-02   7.713360675396e-02   2.889743379733e-02  -2.508305528305e-03
   2.536878565648e-01   5.827431937899e-01   8.518949358076e-01   8.057909482441e-01  -4.610517815900e-02   1.067023979177e-01  -1.599700264597e-08   7.194213528220e-02   7.611738684957e-02  -2.615808446487e-17   0.000000000000e+00  -2.782954678490e-24   4.176890115920e-01   0.000000000000e+00   0.000000000000e+00   2.104341423194e-23   8.034172688426e-01   0.000000000000e+00  -2.254816302587e-17   0.000000000000e+00   1.000000000000e+00   1.290917759689e-16   0.000000000000e+00   1.538893890010e-23   0.000000000000e+00   0.000000000000e+00   0.000000000000e+00   0.000000000000e+00   0.000000000000e+00   5.840695854473e-02   6.986705958864e-02   5.336510021784e-02   5.371864781903e-03   5.884252997780e-10   3.587752856845e-01   1.976227440605e-01   1.989320088575e-02   2.179068753587e-09   6.455608092779e-01   4.816790828681e-01   4.848702412018e-02   5.311189477326e-09   7.511948956878e-01   5.513325687066e-01   5.549851863599e-02   6.079217141808e-09   7.724738112283e-03   8.517610424925e-11  -2.237710668349e-02   8.461552038204e-10   3.798069419679e-02   1.037432360700e-01   2.728803183641e-01   5.043080000195e-01   6.056926376190e-01   9.378583364105e-02  -4.397458682508e-02   1.652468786781e-06   9.579395382991e-02   2.550309188459e-01   4.812763371005e-01   5.904713818095e-01   8.414250183726e-02   3.152591609159e-02   4.204248635490e-02   9.579401227952e-02   2.550310508946e-01   4.812765092946e-01   5.904714968352e-01   8.414277036547e-02   3.152335588191e-02  -4.204394797341e-02
   9.950825064480e-02   1.939301456259e-01   1.959009057230e-01   1.008893697716e-01   2.026593544034e-01   4.018987658571e-02  -6.025333775337e-09  -4.760592344781e-19  -9.514804322512e-18   5.657041005734e-02   0.000000000000e+00   4.025451635735e-40   0.000000000000e+00   2.333933173537e-01   0.000000000000e+00   0.000000000000e+00   0.000000000000e+00   6.943342744408e-01   0.000000000000e+00   0.000000000000e+00   1.290917759689e-16   1.000000000000e+00   0.000000000000e+00   1.986585452890e-39   0.000000000000e+00   0.000000000000e+00   0.000000000000e+00   0.000000000000e+00   0.000000000000e+00  -8.794280263897e-02  -1.063609494955e-01  -9.335662964126e-03  -7.880923162468e-03  -8.632634592787e-10  -4.727015736470e-01  -5.021132336065e-03  -2.621013135180e-02  -2.871015005787e-09  -6.322484134554e-01   1.506480058171e-01  -4.748715168668e-02  -5.201665083040e-09  -3.969377000537e-01   4.210670784125e-01  -2.932588396196e-02  -3.212309460898e-09  -5.531563433199e-04  -1.161583114208e-10  -2.673174828844e-02  -6.059184293668e-11   4.736118114185e-02  -1.953270990408e-01  -4.359790773130e-01  -5.567645637481e-01  -3.640832006992e-01  -7.636646147260e-02   7.951875683953e-02  -2.988140949762e-06  -1.746882841606e-01  -3.946538889535e-01  -5.146362265139e-01  -3.437773944515e-01  -6.101745837144e-02  -5.521608949497e-02  -7.363534440741e-02  -1.746888458903e-01  -3.946551214976e-01  -5.146377514384e-01  -3.437783570723e-01  -6.101826203149e-02  -5.521174925794e-02   7.363809621088e-02
  -2.302945001053e-01  -4.488175166670e-01  -4.533784973740e-01  -2.334908595713e-01   4.018987658571e-02   1.270125869824e-01   1.394458470295e-08   2.446096427480e-19   0.000000000000e+00   0.000000000000e+00   5.657041005734e-02   0.000000000000e+00   0.000000000000e+00   0.000000000000e+00   2.333933173537e-01   0.000000000000e+00  -1.296432025987e-17   0.000000000000e+00   6.943342744408e-01   0.000000000000e+00   0.000000000000e+00   0.000000000000e+00   1.000000000000e+00   0.000000000000e+00   0.000000000000e+00   0.000000000000e+00   0.000000000000e+00   0.000000000000e+00   0.000000000000e+00  -8.852542998883e-03  -1.070655983840e-02  -7.880923162468e-03   6.816157468233e-02  -8.689826413654e-11  -4.758332553408e-02  -2.621013135180e-02   2.527167920468e-01  -2.890035685297e-10  -6.364371043605e-02  -4.748715168668e-02   6.176139948959e-01  -5.236126485807e-10  -3.995674406726e-02  -2.932588396196e-02   7.094438271437e-01  -3.233591240554e-10   9.809665004283e-02   1.081653561467e-09  -2.690884803049e-03  -1.161583114208e-10  -1.519530631406e-02   9.158556407286e-02   2.044231953261e-01   2.610574614432e-01   1.707124381064e-01   7.951875683953e-02   5.594042315157e-02   1.401088613701e-06  -6.545096792205e-02  -1.478661213620e-01  -1.928202530292e-01  -1.288040770719e-01  -5.521608949497e-02   6.566601689885e-02  -2.758916883234e-02  -6.544565425740e-02  -1.478541031101e-01  -1.928045501520e-01  -1.287935665467e-01  -5.521174925794e-02   6.566943961714e-02   2.758787122458e-02
   3.452613811341e-08   6.728747564997e-08   6.797126553532e-08   3.500534169113e-08  -6.025333775337e-09   1.394458470295e-08   2.200250505483e-01   7.142223235144e-27  -1.087401356753e-24   4.025451635735e-40   0.000000000000e+00   5.657041005734e-02   6.427790678631e-24   0.000000000000e+00   0.000000000000e+00   2.333933173537e-01   0.000000000000e+00   0.000000000000e+00   0.000000000000e+00   6.943342744408e-01   1.538893890010e-23   1.986585452890e-39   0.000000000000e+00   1.000000000000e+00   0.000000000000e+00   0.000000000000e+00   0.000000000000e+00   0.000000000000e+00   0.000000000000e+00  -9.696931101959e-10  -1.172779088507e-09  -8.632634592787e-10  -8.689826413654e-11   6.895488816647e-02  -5.212199809301e-09  -2.871015005787e-09  -2.890035685297e-10   2.553551695812e-01  -6.971428156285e-09  -5.201665083040e-09  -5.236126485807e-10   6.223941706418e-01  -4.376796524205e-09  -3.212309460898e-09  -3.233591240554e-10   7.123958441475e-01  -1.161583114208e-10   9.981400774541e-03   1.598976296534e-09   9.915708497396e-02  -5.711227022018e-10  -3.441585171728e-06  -7.681776543209e-06  -9.809968387128e-06  -6.415000022810e-06  -2.988140949762e-06   1.401088613701e-06   9.322541957553e-02  -8.728442395721e-02  -1.971920299367e-01  -2.571421821138e-01  -1.717711750871e-01  -7.363534440741e-02  -2.758916883234e-02   4.956149030914e-02   8.728746054169e-02   1.971988719127e-01   2.571510630402e-01   1.717770795560e-01   7.363809621088e-02   2.758787122458e-02   4.955900423045e-02
  -1.756639510940e-01  -7.667793465970e-02  -9.300115130585e-03  -7.530727866615e-04  -1.344204289564e-01  -1.881095550616e-01   4.538247557327e-08   1.990325410611e-32   0.000000000000e+00   0.000000000000e+00  -1.241078738917e-18   0.000000000000e+00   0.000000000000e+00   0.000000000000e+00   0.000000000000e+00   0.000000000000e+00   0.000000000000e+00  -2.999055664700e-17   0.000000000000e+00   0.000000000000e+00   0.000000000000e+00   0.000000000000e+00   0.000000000000e+00   0.000000000000e+00   1.000000000000e+00   0.000000000000e+00   0.000000000000e+00   3.796846753156e-39   0.000000000000e+00   1.415914469997e-03   1.059058516897e-03   1.755916956701e-02  -1.779061454524e-02   2.155452696338e-10   1.849907166716e-02   3.984637497491e-02  -9.425799429632e-02   5.495521760426e-10   6.945627454271e-03   5.844771700945e-03  -6.664711095859e-02   1.398384822270e-10   6.222119836341e-04  -4.460607891733e-04  -1.102601885175e-02   7.394765749694e-12  -1.824001444287e-01  -2.415250499368e-09  -1.381147001985e-02   1.288279579318e-09   6.944260213384e-02  -7.344588706009e-04  -1.888522780266e-02  -1.480514332880e-02  -2.366651339309e-03  -1.250021573253e-02   3.854931465543e-03  -2.414939027476e-07   2.972957658248e-04   1.089018746007e-02   1.008298730795e-02   1.712564683728e-03   5.589187614717e-03   7.671499627244e-04   3.081670472751e-03   2.972736247702e-04   1.088934692551e-02   1.008219623508e-02   1.712429527601e-03   5.588783042662e-03   7.667767540594e-04  -3.081543038258e-03
  -6.094969811767e-08  -2.660475835076e-08  -3.226838552467e-09  -2.612918514117e-10   4.538247557327e-08  -6.526791935769e-08  -2.652178769477e-01   2.360779887904e-39   0.000000000000e+00   0.000000000000e+00   0.000000000000e+00   0.000000000000e+00   0.000000000000e+00   0.000000000000e+00   0.000000000000e+00   0.000000000000e+00   2.430003449403e-39   0.000000000000e+00  -2.860122360897e-23  -2.999055664700e-17   0.000000000000e+00   0.000000000000e+00   0.000000000000e+00   0.000000000000e+00   0.000000000000e+00   1.000000000000e+00   2.192110495006e-39   0.000000000000e+00  -3.796846753156e-39   1.561244883017e-11   1.167760995001e-11   2.155452696338e-10  -1.961665518154e-10  -1.988927565846e-03   2.039782881870e-10   5.495521760426e-10  -1.039326981939e-09  -9.993268154828e-03   7.658531325234e-11   1.398384822270e-10  -7.348781522954e-10  -6.837372695587e-03   6.860762399037e-12   7.394765749694e-12  -1.215773683871e-10  -1.116702271565e-03  -2.415250499368e-09   3.664224718601e-02  -6.005484970434e-10  -2.347107802154e-02   1.024504027459e-09  -1.294087083010e-08  -3.327501421437e-07  -2.608606895609e-07  -4.169944772649e-08  -2.414939027476e-07   6.792234684791e-08   1.205765985593e-03   1.485462507668e-04   5.441370861278e-03   5.038046730903e-03   8.556968924784e-04   3.081670472751e-03   3.833127270495e-04   9.614115949372e-04  -1.485398776320e-04  -5.441122672952e-03  -5.037810522808e-03  -8.556563761076e-04  -3.081543038258e-03  -3.831383470602e-04   9.614417265136e-04
