ARMA_MAT_TXT_FN008
146 146
  -9.570937951870e+00  -1.201012969625e+01   9.426288213304e-03  -8.461845133031e-04  -2.998409797423e-06  -4.427671983154e+00   3.176142703582e-03  -2.848742752049e-04  -9.721446097412e-07  -1.992660933600e+00   1.198788627232e-03  -1.070127772263e-04  -3.991405422259e-07  -8.397825383320e-01   3.723114274320e-04  -3.281562878692e-05  -1.582587774038e-07  -3.786663662288e-04   3.611877180948e-07  -1.222089055602e-03  -1.440720200599e-06   2.082291859409e-03  -3.512008679751e-05   3.560722868842e-05   1.195108839295e-04  -1.917663200692e-04  -2.053173701185e-02  -3.216366545477e-01   1.301253385229e-04  -1.176462054892e-05  -4.191716474313e-08  -6.473459656425e-04   5.858033254956e-05   2.061826961658e-07  -7.339155032831e-03   6.640934585866e-04   2.329579339477e-06  -2.752137678181e-01   2.489729425607e-02   8.741602023123e-05  -1.052611035708e+00   9.522393656730e-02   3.343369185010e-04  -5.259938359413e-01  -7.647492240609e-01   6.918263759770e-02   2.428897565281e-04   9.724147506347e-03  -3.125699931362e-06   3.128184264112e-02   3.410977689129e-05  -5.330204307708e-02  -1.339122336502e-01  -9.641392354119e-01  -1.023327581439e+00  -6.261182275544e-01   2.700843802708e-01  -1.022834250303e+00  -4.152956352350e-01  -1.339223204742e-01  -9.641654596896e-01  -1.023336494278e+00  -6.261200641958e-01   3.723314394322e-01   1.046500556070e-01   1.068713193396e+00  -1.339286425191e-01  -9.641818795437e-01  -1.023342018452e+00  -6.261211666116e-01   4.363959442083e-01   8.209323406743e-01  -6.537865823556e-01  -1.014023563457e-07   5.339526322277e-08   4.336999332229e-06   4.021316900408e-07  -2.219088277801e-08   2.770713636155e-06   7.587713178736e-06   6.481489940572e-07  -3.346223347303e-08   1.257794323872e-06  -1.655481168187e-05   1.201449694520e-06  -7.947472774667e-09  -1.373411397589e-02  -5.536752222636e-02   6.820975376645e-04   5.540971930681e-05   1.879664075708e-07   1.551063335931e-07   7.387183119825e-07  -2.392473673904e-08  -1.343266929700e-06  -4.428866407066e-09  -1.123864197518e-09   1.161425070943e-08  -1.406785418365e-08  -2.310172446835e-07   1.482214211423e-07   6.944504933187e-07   3.288921399852e-08   4.693397853136e-10  -2.001043010855e-06  -9.982452053884e-08  -9.861030891854e-10  -4.130429382332e-06  -2.048235301735e-07  -2.094399803578e-09  -5.820223835895e-06  -2.417136532870e-07  -6.593511338520e-09  -1.659418190438e-06  -7.521080045732e-08  -6.905398534521e-09  -2.475025369893e-04  -1.417236143200e-03   1.593910907477e-05  -2.030791272056e-07   8.309976324541e-08   4.335173950348e-09   4.605823237222e-07  -1.008210757655e-08  -7.970906401038e-07   3.250840243132e-06   5.186968918896e-06  -2.684290243480e-04  -3.305097896357e-02   1.612903846762e-06  -1.567175674916e-06  -7.795630355400e-07   2.422388876504e-06   4.065187517125e-06  -2.771035448636e-04  -3.338513550399e-02   1.613285871785e-06   1.289671512448e-06  -8.237321510286e-07   2.823850788871e-06   4.610918662481e-06  -2.807140895803e-04  -3.355414933727e-02   1.605731314526e-06   3.551437332390e-07   1.606309920961e-06
  -1.201012969625e+01  -8.791535454639e+00   8.343074493061e-03  -7.496010621229e-04  -2.565058185619e-06  -3.957128913195e+00  -3.353381942838e-04   3.029279975514e-05   2.019442447115e-07  -1.873375902260e+00  -1.635088066920e-03   1.482801488519e-04   5.007954655640e-07  -8.026692965439e-01  -1.285684730874e-03   1.173222337923e-04   3.470351069588e-07  -6.768463805270e-04   9.786617953738e-07  -2.182745528654e-03  -2.477390006989e-06   3.718809189914e-03  -2.623190048597e-05   4.185036524851e-05   1.265492273956e-04  -2.135504003298e-04  -2.210633369785e-02  -3.102969196719e-01   5.114114704356e-04  -4.632027355036e-05  -1.499414721626e-07  -1.683168348120e-03   1.525013131366e-04   4.960432883764e-07  -8.948525028393e-03   8.100803000073e-04   2.761581660683e-06  -2.780997630337e-01   2.515885305374e-02   8.823130561707e-05  -9.974196294663e-01   9.023187426413e-02   3.167547135911e-04  -5.027995191106e-01  -7.290790850057e-01   6.595721330761e-02   2.315417560955e-04   1.096575602745e-02  -3.503388344428e-06   3.527487688641e-02   3.843581011052e-05  -6.010584516683e-02  -1.559972563679e-01  -9.218363803451e-01  -9.737309624123e-01  -5.998139399412e-01   2.644238550872e-01  -1.003310951389e+00  -4.073874499561e-01  -1.560092476108e-01  -9.218613134370e-01  -9.737394120803e-01  -5.998155198843e-01   3.647228024410e-01   1.027035800149e-01   1.048359746584e+00  -1.560167791605e-01  -9.218769048035e-01  -9.737445921774e-01  -5.998164371314e-01   4.275663531032e-01   8.053427205345e-01  -6.413338214418e-01   4.197968540966e-07  -8.457123283348e-07  -1.389061801462e-05  -1.922609146766e-06   1.076547603366e-07  -1.514616004767e-05  -1.189153823114e-05  -2.641277797194e-06   1.510171465066e-07   3.389435881066e-05   1.158480871879e-04   3.773816136464e-06  -4.867748387072e-08  -1.314960974083e-02  -5.317077808302e-02   6.835277482972e-04   5.308251489386e-05  -4.992635573508e-07  -6.731621597072e-07  -9.055228992698e-06   9.141320303085e-08   1.598306211020e-05   7.983504676225e-08  -6.695135744386e-08  -2.556256018173e-07   2.297382279540e-07   2.049708852148e-06  -3.089917711630e-08  -1.820397052944e-06  -7.961504974171e-08  -1.110941299119e-09   5.305337371893e-06   2.365680236220e-07   2.786935105884e-09   1.093632304505e-05   4.570050426048e-07   7.348160064247e-09   1.402511392266e-05   4.998489758926e-07   1.864231491168e-08   6.980128793930e-06   1.228592030064e-07   1.780834007227e-08  -2.265879126406e-04  -1.313161511372e-03   1.781727924755e-05  -1.519506021906e-07  -1.930474233488e-07  -1.119002207282e-08  -1.143238805202e-06   2.565585833450e-08   1.975705551642e-06  -1.290430364393e-05   3.108375460006e-07  -1.585104949234e-04  -3.170876499233e-02   9.013456834619e-06   6.841475997348e-06   3.251298048777e-06  -9.715530510228e-06   6.751469236303e-07  -1.826670740793e-04  -3.205200394719e-02   6.553304690973e-06  -5.394124072595e-06   3.610592453868e-06  -1.122273564966e-05   5.484965943733e-07  -1.790240510757e-04  -3.220511677559e-02   7.780912011575e-06  -1.239564313670e-06  -6.859619988074e-06
   9.426288213304e-03   8.343074493061e-03   1.028291217275e+00  -7.361995827496e-03  -2.683513401785e-05  -2.067176325216e-02  -3.834030975132e-01  -8.507574987341e-03  -3.117980218176e-05  -1.949128240196e-02  -4.169428059507e-01  -5.657172090718e-03  -2.044570351497e-05  -1.789864590256e-02  -1.451331699275e-01  -3.236912956161e-03  -1.163463639161e-05  -1.857430601031e-02   7.464495498626e-03  -4.730166850413e-02   6.032497023842e-04   7.367407780927e-02   1.411796414239e-03  -1.254386370164e-03  -4.533046578103e-03   7.102579782849e-03   1.015207351382e-01   1.574364606013e-01  -1.139041678630e-02   1.031972000911e-03   3.422380199338e-06   4.209169610340e-02  -3.874057093508e-03  -1.299249775401e-05   1.454302774475e-01  -1.401180872155e-02  -4.787703854500e-05   2.869700655609e-01  -3.088285358386e-02  -1.066666078647e-04   1.305516672253e-01  -2.390103536047e-02  -8.256779088220e-05   5.743054772133e-02  -7.115829883159e-03  -9.764395823542e-03  -3.382975859620e-05  -3.458537468593e-02   9.105637863308e-05  -9.511164988037e-02  -1.129829052704e-04   1.610851589416e-01  -9.591319810843e-02  -9.080805611382e-02  -5.012571801705e-02  -2.402955617750e-02  -1.493072700450e-01  -7.866585554963e-02  -3.129604774444e-02  -1.346228130498e-01  -1.267908640398e-01  -6.698944602869e-02  -2.866221917978e-02  -1.300071112763e-01   9.546706020981e-03   1.138296990548e-01  -1.588768727657e-01  -1.493355275679e-01  -7.755543392476e-02  -3.156481022322e-02  -1.146664472650e-01   1.018744770693e-01  -8.241230143144e-02  -2.184446074009e-05   3.171959728859e-05   4.307520498028e-04   7.328394608527e-05  -4.149017127657e-06   5.917492155200e-04   2.730931267214e-04   9.744509846147e-05  -5.640370767293e-06  -1.122535859124e-03  -4.243344992768e-03  -1.053963596818e-04   1.587511509432e-06   1.884768100826e-03   1.269052502988e-02  -7.930074205073e-04  -1.641542401855e-05   9.041557260035e-06   2.408182696385e-05   3.948114755730e-04  -3.034044507550e-06  -6.940329817370e-04  -5.472770847555e-06   3.780518583879e-06   1.615788352083e-05  -1.181029022231e-05  -9.397327469622e-05   1.127136401373e-05   7.326543341904e-05   2.893925833816e-06   5.009628870678e-08  -2.140976918228e-04  -8.475773648373e-06  -1.404346226248e-07  -4.327599919047e-04  -1.615523811941e-05  -3.381890000013e-07  -5.309818913014e-04  -1.721602632027e-05  -7.203014913969e-07  -2.337509863002e-04  -4.047298879676e-06  -4.411776164733e-07  -2.812750746455e-04  -1.120507671112e-03  -7.446683361199e-05  -1.070050988071e-06   8.550832235070e-06   3.199116277817e-07   2.423696987140e-05  -8.436953510564e-07  -4.172008934850e-05   4.553520374519e-04  -4.313677595434e-05  -2.860549073328e-03   5.602322442312e-03  -4.627490127281e-04  -2.410800111924e-04  -1.137353329841e-04   3.473187364431e-04  -4.806775816715e-05  -2.391825906754e-03   6.125937228943e-03  -3.530584633484e-04   1.887842106142e-04  -1.267802117467e-04   3.982810123362e-04  -4.690386274106e-05  -2.596838709826e-03   5.978590585425e-03  -4.069259361025e-04   4.230830961691e-05   2.401441467161e-04
  -8.461845133031e-04  -7.496010621229e-04  -7.361995827496e-03   9.474254035279e-01   1.138075113531e-05   1.851990323258e-03  -8.507036527603e-03  -4.768668185916e-01   1.251356204188e-05   1.752711215261e-03  -5.652816416076e-03  -4.790426891496e-01   6.944067566905e-06   1.618126727664e-03  -3.226699368443e-03  -1.805393171946e-01   2.389191714220e-06  -5.122586044934e-02   8.269589877878e-02  -2.504161778691e-02   7.458516863856e-03  -3.347996709604e-02  -1.274910855292e-04   1.132867030096e-04   4.094006157071e-04  -6.417945294848e-04  -9.178751406090e-03  -1.424199983439e-02   1.029848248984e-03  -8.130817092805e-05  -2.136242861650e-07  -3.866630825010e-03  -3.575776819451e-04   9.088143089539e-07  -1.399340630776e-02  -8.110067658631e-03   3.920828955279e-06  -3.086080755921e-02  -5.147822205780e-02   1.054628891112e-05  -2.387147800872e-02  -1.310211891414e-01   1.010515320464e-05  -5.191608594686e-03  -9.719505490736e-03  -1.134531754221e-01   4.226466472507e-06  -5.261522445420e-02   8.664324883098e-04   8.302234686593e-03   9.069991055032e-05  -2.491684777636e-02   3.866623074571e-01   3.595872788682e-01   1.691987442872e-01   4.737299684679e-02  -8.548210113925e-02   1.311577731894e-01   1.293301230412e-01  -4.018846064404e-02  -3.721094783421e-02  -1.675470391324e-02  -3.668130040960e-03   1.048124400978e-02  -1.839288710703e-01   3.480202136381e-02  -3.113575591905e-01  -2.892828964579e-01  -1.348820860116e-01  -3.609173536528e-02   1.077435348648e-01   1.877798057987e-02  -1.641324135109e-01   1.133091230383e-06  -1.897596178602e-06  -3.502568150565e-05  -7.280777465744e-05  -1.602755845662e-06  -3.803143585248e-05  -3.512862972696e-05  -8.131586011244e-05  -2.325642671711e-06   6.651601323041e-05   2.627667550231e-04   1.711911253396e-04  -2.973089352152e-06   3.253846755631e-04   5.722537577507e-04  -2.930880730707e-03  -4.100344252443e-05   2.674867562109e-05  -2.017503550392e-05  -1.458337371633e-05  -3.022849720624e-07   3.478057934534e-05   1.946917026346e-07  -1.497899248223e-07  -6.332070896887e-07   5.169589972282e-07   4.322724936242e-06  -2.922362810866e-08  -4.421635908455e-06  -2.266857360288e-06  -5.973741164244e-08   1.288442538817e-05   6.657664606262e-06   1.757257827892e-07   2.624698608219e-05   1.234579135528e-05   3.239609717646e-07   3.410206180956e-05   1.068699048518e-05   3.284947761574e-07   1.541921275958e-05   3.240716435881e-06  -2.448023849512e-07   3.794006591045e-05   1.581157576374e-04   8.343846309314e-06  -1.972955287410e-06  -1.059453938426e-05  -7.547552103051e-07  -2.192426019361e-06  -2.278092862614e-07   3.775645068206e-06  -6.141496663057e-05   3.692210356087e-05   3.791796956705e-04  -1.832065510355e-03   1.042546982700e-04   4.530383345268e-05   1.591788888137e-05   6.036871701371e-06  -3.386230367937e-05   7.205483666242e-05   2.405683417590e-03  -5.817201058300e-05   1.237527174512e-06  -4.223478481471e-06  -2.286023154279e-05  -1.090604202607e-05   1.863604365693e-04   7.016699560896e-04   2.437170265420e-06  -2.449991038955e-07  -1.397041908600e-05
  -2.998409797423e-06  -2.565058185619e-06  -2.683513401785e-05   1.138075113531e-05   9.467523755912e-01   8.088892520423e-06  -3.115787034187e-05   1.250282803957e-05  -4.776439206406e-01   7.286058929694e-06  -2.068410944431e-05   6.923727624046e-06  -4.795583778547e-01   6.169518779803e-06  -1.175685863405e-05   2.371867942685e-06  -1.808328384476e-01   7.458556918263e-03  -2.847631263561e-02  -7.213492599091e-02  -5.947525607944e-02  -4.104722300205e-02  -4.707834171985e-07   4.151403402896e-07   1.503876504377e-06  -2.314686214049e-06  -3.265534098272e-05  -4.990715732968e-05   3.719460631901e-06  -2.453347764602e-07   1.187331035458e-05  -1.390700457843e-05   1.006330611508e-06  -7.075229149729e-04  -4.980485906533e-05   4.117158136554e-06  -9.376744885132e-03  -1.086695821532e-04   1.077597547257e-05  -5.427270080424e-02  -8.275405895261e-05   1.015297462530e-05  -1.331875055787e-01  -1.773357988360e-05  -3.343979355947e-05   4.240783387934e-06  -1.143387328021e-01   9.086151027916e-05   4.742075963066e-03  -6.812203553509e-04  -5.626929597964e-02  -4.903271362627e-04   1.572233241595e-01   1.461550499855e-01   6.849628546355e-02   1.880465497160e-02  -3.412740866623e-02   1.295815515236e-01  -1.348670233107e-01  -4.045977013478e-01  -3.761067523058e-01  -1.762524363944e-01  -4.837480363501e-02   1.211281644852e-01   3.414668163332e-02   1.609317933576e-01   2.475075512636e-01   2.300779348197e-01   1.078234917333e-01   2.959901337527e-02  -8.687964349187e-02  -1.637286563854e-01  -5.710425328132e-02   1.675248351530e-08  -1.255253444632e-08   7.641866295253e-08  -1.849574028343e-06  -6.735829594851e-05  -2.360506962920e-07   3.793020586182e-07  -2.669950194066e-06  -7.357228933390e-05   8.868664597385e-07   3.472172268064e-06  -2.818706071757e-06   1.667166926457e-04  -1.692633104518e-06  -1.384118861926e-05  -3.980805509580e-05  -2.930037595694e-03  -5.455962735809e-07   8.132359552290e-06   1.561563962058e-05   2.827294013279e-05   9.993316868095e-06   6.088166416023e-09  -3.973619775994e-09  -1.746196826574e-08   1.188332533404e-08   9.365069321954e-08  -9.617662947353e-09  -5.748145061704e-08  -5.747275789574e-08  -2.036644242677e-06   1.683173727717e-07   1.695959075511e-07   5.981238671978e-06   3.428762690846e-07   3.045075912467e-07   1.104898158962e-05   4.380681503654e-07   2.942588127115e-07   9.242091752404e-06   3.000734458590e-08  -2.791990131429e-07   2.834875182501e-06   8.201916881572e-08   1.332876718927e-06  -2.049496453782e-06   5.816623232457e-06  -2.604328267710e-07   5.232477324521e-07   5.458851288206e-07  -1.012966044793e-05   4.229373852393e-07  -1.378206418413e-05   1.986707612422e-05   7.253278452304e-05  -1.013837233322e-03   4.008127467727e-05   9.675280719960e-06   1.059364716587e-05  -2.145131950976e-05   2.112891227148e-05   8.918368323812e-05  -1.458657727185e-03   5.064261236574e-05  -1.096892545205e-05   9.057849388831e-06   3.420710675013e-05  -4.162300016352e-05  -1.552370944535e-04   2.466787325065e-03  -9.020615987380e-05  -9.984763598064e-07   2.754006734789e-05
  -4.427671983154e+00  -3.957128913195e+00  -2.067176325216e-02   1.851990323258e-03   8.088892520423e-06  -2.209868595836e+00  -2.359789476563e-02   2.113523293770e-03   1.007062371755e-05  -1.550913312207e+00  -1.828955423480e-03   1.681797464773e-04   1.478044160717e-06  -8.607427339935e-01  -5.378490889537e-03   5.021578663998e-04   1.363442528935e-06  -4.642506500368e-03   5.529796041042e-06  -1.501507885484e-02  -1.829820996166e-05   2.558411710996e-02  -3.426304781269e-02  -4.187584407039e-02  -5.411741819970e-02  -8.038042432565e-02  -1.898397357130e-01  -4.125423263685e-01  -2.704984217529e-02   2.447070835159e-03   8.710595143795e-06  -3.624894647933e-02   3.280819751638e-03   1.112516611802e-05  -1.998984929688e-01   1.808959210933e-02   6.264053212146e-05  -4.360994399556e-01   3.946209362262e-02   1.375538265882e-04  -9.034254888516e-01   8.174439396072e-02   2.868994132255e-04  -5.583170865454e-01  -7.345483094559e-01   6.647846920230e-02   2.333833046098e-04   2.777086565237e-02  -9.099011185212e-06   8.928060252792e-02   9.659261260796e-05  -1.521251093853e-01  -4.333563788063e-01  -8.723585455725e-01  -9.567935661310e-01  -6.677965229168e-01   1.483237770837e-01  -5.710454198158e-01  -2.319516176660e-01  -4.333683608933e-01  -8.723718776574e-01  -9.567948032954e-01  -6.677931127231e-01   2.054262217535e-01   5.868023994296e-02   5.968936304483e-01  -4.333765728224e-01  -8.723810188010e-01  -9.567952735824e-01  -6.677904550830e-01   2.412044878905e-01   4.587320237151e-01  -3.651466845130e-01   9.507189380582e-06  -1.536132218067e-05  -2.372136699744e-04  -3.994185093792e-05   2.017797178226e-06  -2.880014145927e-04  -1.726130520433e-04  -5.464676967223e-05   2.769493106654e-06   5.249199275505e-04   1.832992033609e-03   6.765861950298e-05  -5.834560624438e-07  -1.907925409544e-02  -7.304617914478e-02   1.168114528305e-03   7.369250369942e-05  -8.494574499659e-06  -1.332160983390e-05  -1.783575209795e-04   1.617520655181e-06   3.148720909186e-04   2.000874173010e-06  -1.474805783461e-06  -6.031152477531e-06   4.683797064161e-06   4.126860666104e-05  -3.892493080798e-06  -3.315141700799e-05  -1.660160214994e-06  -8.703112860537e-09   9.672601399022e-05   4.843759834575e-06   2.445166482876e-08   1.981551589402e-04   9.392859744973e-06   7.436555368540e-08   2.461949902323e-04   1.012296132413e-05   2.451768975201e-07   1.079830180822e-04   2.813683632732e-06   1.999550451378e-07  -3.604229979895e-04  -2.039456954099e-03   6.745141887316e-05   2.177729395192e-07  -3.996220633198e-06  -1.818278868230e-07  -1.647524184557e-05   4.295003305025e-07   2.834861410965e-05  -2.382470974663e-04   1.307228259552e-05   3.316819929549e-04  -4.248402260395e-02   1.956472407883e-04   1.227451972453e-04   5.892249595176e-05  -1.746430083548e-04   1.942065558244e-05   5.569021728525e-05  -4.306779386564e-02   1.438197927880e-04  -9.475848333366e-05   6.201471428316e-05  -2.042246194223e-04   1.700234837714e-05   1.510614087693e-04  -4.320222187934e-02   1.690330488134e-04  -2.356687257043e-05  -1.208184364866e-04
   3.176142703582e-03  -3.353381942838e-04  -3.834030975132e-01  -8.507036527603e-03  -3.115787034187e-05  -2.359789476563e-02  -1.447957681381e-01  -8.643587786337e-03  -3.298313935283e-05   1.928177208796e-02  -4.446565208808e-01  -3.249491031820e-04  -2.888285600315e-06   2.153213823540e-02  -2.425210807209e-01  -3.618272613694e-04  -2.090713283211e-06  -4.838147093156e-02   1.749926595656e-02  -1.289026857850e-01   1.397954641691e-03   2.035458682658e-01   1.564244561708e-01   1.937659620302e-01   2.402277540014e-01   3.049160391624e-01   4.254599335806e-01   3.585382523377e-01   1.172592178822e-01  -1.177170854976e-02  -4.150854175382e-05   4.977066056859e-02  -5.534726261987e-03  -1.879381923701e-05   4.108059013344e-01  -4.379270430461e-02  -1.521849534769e-04   3.833793982022e-01  -4.477377662994e-02  -1.550784934406e-04   1.358468481677e-01  -2.804540269860e-02  -9.666934186214e-05   1.480398264281e-01  -1.070989159130e-02  -1.369915608079e-02  -4.758901967019e-05  -2.542788162911e-02   1.090265681227e-04  -5.620253860287e-02  -7.799006777840e-05   9.423499788706e-02  -1.047516533386e-01  -8.731987985807e-02  -3.574119851248e-02  -4.738979341369e-04  -5.248655442748e-02   1.295474754044e-02   5.957308243185e-03  -1.465058334226e-01  -1.230832646769e-01  -5.609426863549e-02  -7.092258741646e-03  -5.486651330050e-02  -3.574559227913e-03  -1.861619571782e-02  -1.726667002297e-01  -1.454890480270e-01  -6.884478937818e-02  -1.123822382146e-02  -5.667584801136e-02  -1.762961272987e-02   1.262863479728e-02  -3.441900916021e-05   4.684190963451e-05   5.771771187576e-04   1.177337898959e-04  -5.702189885473e-06   8.592649977689e-04   2.593795105913e-04   1.527149532722e-04  -7.564344152032e-06  -1.335000040487e-03  -4.528282574963e-03  -2.003060624402e-04   1.126063254793e-06   1.415616311889e-02   4.833701252711e-02  -9.212141163876e-04  -6.310182603785e-05   7.162471776559e-06   3.724311978070e-05   6.101448358420e-04  -4.051708659233e-06  -1.072955895470e-03  -8.978770553675e-06   6.065672926649e-06   2.619946064708e-05  -1.845536040016e-05  -1.452530909819e-04   1.716983122869e-05   1.044102870842e-04   4.360622375767e-06   1.001470089332e-07  -3.054083031110e-04  -1.276266986245e-05  -2.869446167361e-07  -6.149713442116e-04  -2.424070483925e-05  -6.424393030416e-07  -7.388159472120e-04  -2.527185548841e-05  -1.198772319554e-06  -3.093522289102e-04  -6.596540292548e-06  -5.631234072975e-07   3.349992796727e-04   1.589227831669e-03  -1.238594422488e-04  -8.656369557653e-07   1.308789524144e-05   4.178108697725e-07   2.692066914616e-05  -1.085153082428e-06  -4.609459724919e-05   6.460796943344e-04  -1.527761350822e-04  -1.264725293389e-03   2.431306972158e-02  -7.748514864879e-04  -3.403996298693e-04  -1.600451855154e-04   4.822435979324e-04  -1.321059301826e-04  -6.153514017776e-04   2.460755323338e-02  -5.822034319989e-04   2.596011132363e-04  -1.729090491806e-04   5.582031283855e-04  -1.418920429113e-04  -8.472696720596e-04   2.468175493812e-02  -6.736698742152e-04   5.929680924093e-05   3.325462717686e-04
  -2.848742752049e-04   3.029279975514e-05  -8.507574987341e-03  -4.768668185916e-01   1.250282803957e-05   2.113523293770e-03  -8.643587786337e-03  -2.399115540951e-01   1.246304509772e-05  -1.746175261248e-03  -3.175949944704e-04  -4.483841813405e-01   4.045385979122e-06  -1.937971607521e-03  -3.405523605951e-04  -2.463781945375e-01   1.063912765745e-06  -1.109955797181e-01   1.939356519334e-01  -5.710012125425e-02   1.749071363377e-02  -7.972150624869e-02  -1.415097730296e-02  -1.752896832602e-02  -2.173190673706e-02  -2.758325828895e-02  -3.848154841861e-02  -3.243003494571e-02  -1.177300923395e-02  -1.178106289154e-02   3.807772137213e-06  -5.526224970636e-03  -1.092264287939e-02   1.544442639234e-06  -4.376245514418e-02  -6.923024277478e-02   1.358778711486e-05  -4.472699302115e-02  -1.072709525635e-01   1.611261726467e-05  -2.797844581802e-02  -1.708893614786e-01   1.438298373428e-05  -1.338726165980e-02  -1.360337679167e-02  -1.598223789199e-01   6.906768414250e-06  -8.589477415294e-02   1.081893187506e-03   4.704003692647e-03   1.077128771221e-04  -2.483225261777e-02   4.172448692306e-01   3.571825686918e-01   2.020416905418e-01   6.465095843969e-02   4.707899018187e-03  -9.929233050061e-02  -1.284825357206e-02  -4.323475417366e-02  -3.724875087775e-02  -2.245893121837e-02  -8.297252810097e-03  -2.449383222675e-03  -6.807698848240e-02  -2.704876078066e-03  -3.357484990072e-01  -2.878042094568e-01  -1.650687226171e-01  -5.463634896619e-02  -1.053874420095e-02  -8.746164941556e-02   1.556334188135e-02   2.553218620197e-06  -3.814921395311e-06  -5.738082086665e-05  -3.518350445321e-05  -5.917004623904e-07  -7.244620960085e-05  -4.063559380188e-05  -3.112075530752e-05  -7.810090318102e-07   1.351342104918e-04   4.926400967423e-04   4.014317330735e-06  -9.402722222445e-07  -1.922084882395e-04  -1.236174598213e-03  -6.717626368450e-03  -7.539830564546e-05   2.977509893564e-05  -6.455790763230e-06  -4.499468614011e-05   5.042784419526e-07   7.835191750581e-05   5.525047467451e-07  -3.928622120989e-07  -1.687871372794e-06   1.269473791655e-06   1.009358236361e-05  -4.700571195306e-07  -8.328358718187e-06  -6.302529536131e-07  -2.444060840066e-08   2.434362460264e-05   1.906526805181e-06   7.550647812000e-08   4.924976045779e-05   3.318116378243e-06   1.327541014592e-07   6.146998247863e-05   6.112358976676e-07   1.241646761614e-07   2.750066007418e-05   1.682678386244e-06  -1.182320465655e-07   2.810478256257e-05   1.039529214232e-04  -2.097179071991e-04  -2.657386364293e-06  -6.753478691455e-06  -7.210639600072e-07  -3.183040683342e-06  -1.009587916226e-07   5.423696953557e-06  -5.242654903361e-05   4.729206979153e-05  -1.230530274697e-04  -4.740541106253e-03   1.076568944944e-04   4.772766269966e-05   1.557482669924e-05  -4.424523787245e-05  -2.852963635322e-05   6.111601112170e-04   3.286150196455e-03  -9.004803965289e-06  -1.374069519810e-05   1.225172510518e-05  -5.000607609450e-05  -2.065323101221e-06   3.167943090075e-04   7.801272704441e-05   3.562426874054e-05   3.834119750044e-06  -2.895446839975e-05
  -9.721446097412e-07   2.019442447115e-07  -3.117980218176e-05   1.251356204188e-05  -4.776439206406e-01   1.007062371755e-05  -3.298313935283e-05   1.246304509772e-05  -2.407001902917e-01  -3.683075749713e-06  -3.165857063549e-06   4.029444879717e-06  -4.484156341034e-01  -5.635383109092e-06  -2.126288652334e-06   1.034759500285e-06  -2.464104536109e-01   1.749079348488e-02  -6.757247421269e-02  -1.691687769943e-01  -1.307082960820e-01  -9.627012128343e-02  -4.970403692330e-05  -6.152581409308e-05  -7.623379721680e-05  -9.691437930316e-05  -1.356636990634e-04  -1.135650119076e-04  -4.116132913361e-05   3.740454239442e-06  -1.284625140535e-02  -1.994818277668e-05   1.755889785599e-06  -1.142249295892e-02  -1.548111057880e-04   1.401914956070e-05  -7.319021923565e-02  -1.576730612151e-04   1.663098623207e-05  -1.113214326649e-01  -9.599539117430e-05   1.448855041246e-05  -1.734322354616e-01  -4.588756491456e-05  -4.638242112061e-05   6.929870167478e-06  -1.610643321901e-01   1.080097895023e-04   7.624350342771e-03  -8.546776109660e-04  -8.900395727614e-02  -5.813348638122e-04   1.696106829981e-01   1.452826577824e-01   8.268778041378e-02   2.686525060337e-02   2.533388099854e-03  -1.254653013237e-02  -7.307986360379e-02  -4.364563598665e-01  -3.738522798071e-01  -2.127911964468e-01  -6.914690553323e-02  -9.791430629928e-03  -3.491878806535e-03  -1.018655831242e-01   2.669907791573e-01   2.286932840168e-01   1.301628077649e-01   4.229172938833e-02   7.227271503753e-03   1.604833133319e-02  -8.063615348924e-02   1.410523494828e-08  -1.736201188436e-08  -6.426838471590e-08  -1.013805253264e-06  -2.511890301822e-05  -2.927277504438e-07   8.030948500694e-08  -1.352313606394e-06  -1.763113189376e-05   3.315956931664e-07   1.027557263765e-06  -6.423388472376e-07  -1.167246049448e-05  -7.782839901173e-06  -3.309192885205e-05  -7.631780303591e-05  -6.691318501562e-03   8.641966446454e-08   2.680222534039e-06   2.634236459250e-06   3.113131663336e-05   2.250512472481e-06   6.804896976155e-09  -4.393232637325e-09  -1.949731258594e-08   1.122800787051e-08   1.017157230691e-07  -9.283672794923e-09  -5.981557170702e-08  -2.100216285999e-08  -2.565606782680e-07   1.737679692144e-07   6.686028570189e-08   8.073598098580e-07   3.523893989625e-07   1.045161544707e-07   1.226023354155e-06   4.353102364901e-07   8.108557070774e-08  -1.617546514243e-06   6.307162194180e-08  -1.499268077246e-07   9.682146377052e-07   3.647590512813e-07   2.276735636910e-06  -2.716786846089e-06  -2.155413594920e-04  -1.533256158401e-07   5.719724428156e-07   5.549564852904e-07  -5.878830718780e-06   3.939316302825e-07   1.938036734100e-06   1.987387838459e-05  -1.867683492186e-04  -1.926834167829e-03   2.622792863109e-05   2.551064401684e-06   1.298929422699e-05   8.926394177230e-07   2.281913648619e-05  -2.697630979943e-04  -2.728896118488e-03   3.313669688100e-05  -1.694040314203e-06   9.595120905252e-06  -3.748951397605e-06  -4.283418822705e-05   4.628630978567e-04   4.630088759297e-03  -5.857615636510e-05  -1.980781394716e-06   1.471441965160e-05
  -1.992660933600e+00  -1.873375902260e+00  -1.949128240196e-02   1.752711215261e-03   7.286058929694e-06  -1.550913312207e+00   1.928177208796e-02  -1.746175261248e-03  -3.683075749713e-06  -1.225665956717e+00   1.768104993759e-01  -1.594283626622e-02  -5.536462937593e-05  -7.835761562424e-01   1.228377157063e-01  -1.105249982504e-02  -3.987403839136e-05   1.103664932452e-03   1.602827449863e-07   3.458135782284e-03   1.107816309068e-06  -5.889263052943e-03  -6.033638864806e-01  -7.391550635632e-01  -8.062443712800e-01  -8.013845672114e-01  -7.233358578664e-01  -6.899717859499e-01  -1.395799333678e-01   1.262951967320e-02   4.430683126012e-05   1.948474391000e-02  -1.761205801347e-03  -6.365480103957e-06  -2.857006983193e-01   2.586623198908e-02   9.002749007687e-05  -3.982876364358e-01   3.608333329723e-02   1.255431873239e-04  -6.769782662725e-01   6.131477413148e-02   2.147097634168e-04  -6.171264310807e-01  -5.670529526368e-01   5.136118874079e-02   1.797405895399e-04   1.899319174087e-02  -7.325304052428e-06   6.104408932045e-02   6.559908794956e-05  -1.040091178119e-01  -4.147767777460e-01  -6.728050886695e-01  -7.790004937338e-01  -6.126651809719e-01   1.090939333547e-01  -4.162640309079e-01  -1.690488113576e-01  -4.147716518943e-01  -6.727917357511e-01  -7.789861506997e-01  -6.126556942138e-01   1.507060664852e-01   4.268504843709e-02   4.350183445460e-01  -4.147689568641e-01  -6.727846482887e-01  -7.789789157286e-01  -6.126501490553e-01   1.767788343590e-01   3.342435003331e-01  -2.661201146948e-01   5.707164516759e-07  -8.102162156047e-06  -8.255893570820e-05  -1.001899176985e-05   4.897366236316e-07  -1.489626924232e-04  -1.911678491154e-04  -9.154615406169e-06   7.217980164866e-07  -2.186010909394e-03  -8.249223231029e-03  -1.837801219793e-05   9.765194333769e-06  -4.755304979960e-02  -1.386863578217e-01  -5.842892090786e-04   1.617581324700e-04   4.436885835241e-06  -1.696460013874e-06  -2.636567858934e-06   7.231647006716e-07   4.772539860846e-06   7.652276758516e-07  -5.452480131784e-07  -2.138967741659e-06   1.639259225835e-06   1.541293949210e-05  -4.307725917787e-06  -1.010531099866e-05   2.661865544883e-08  -1.986932382265e-08   2.957395888756e-05  -5.811595332449e-08   5.849815871100e-08   6.154115596577e-05  -8.147585231117e-08   1.114586657381e-07   7.192339506589e-05  -1.002363197535e-06   1.949658995541e-07  -2.144507691665e-04   1.201626597257e-06   3.400205541336e-08  -2.868875037733e-03  -1.189714308454e-02  -1.750654816976e-05  -2.361422330474e-06  -6.975756368535e-08   1.151260608683e-07  -4.613682052981e-06   7.807612651572e-08   7.642278832525e-06  -9.046695717419e-05  -3.291001477767e-04  -1.109463472377e-02  -7.908327359977e-02  -4.069326136075e-05   6.091297283750e-05   2.703264049283e-05  -8.174458604969e-05  -3.470966797480e-04  -1.042735807188e-02  -7.778160917567e-02  -6.908918055740e-05  -4.568508323943e-05   3.283739801814e-05  -8.691311673796e-05  -3.488582345384e-04  -1.086179719031e-02  -7.886017291983e-02  -6.047698620667e-05  -7.234505639931e-06  -6.026177547877e-05
   1.198788627232e-03  -1.635088066920e-03  -4.169428059507e-01  -5.652816416076e-03  -2.068410944431e-05  -1.828955423480e-03  -4.446565208808e-01  -3.175949944704e-04  -3.165857063549e-06   1.768104993759e-01  -6.153567188662e-01   3.125864042781e-02   1.082798354242e-04   2.287617967700e-01  -4.259174217063e-01   2.370178949175e-02   8.280049308242e-05  -4.869235379134e-02   1.397389995737e-02  -1.392022014292e-01   1.080653652728e-03   2.245619215192e-01   1.538080023239e+00   1.880119250307e+00   2.019402817672e+00   1.943455959927e+00   1.523314808642e+00   1.016290206251e+00   2.394342744887e-01  -3.121419285821e-02  -1.093970296269e-04  -6.452573007058e-02   6.586432039112e-03   2.322226599221e-05   3.656583394234e-01  -5.309544673413e-02  -1.852412083585e-04   2.859810926341e-01  -4.454864901099e-02  -1.542907576332e-04   5.238114714356e-02  -1.929139530787e-02  -6.503962242101e-05   4.614402144142e-01  -2.803197446795e-02  -9.503397581620e-03  -3.187443770498e-05  -1.499936588412e-02   5.218679526668e-05  -3.066798941640e-02  -4.714702698103e-05   5.121311620080e-02  -9.642351814795e-02  -5.741979445577e-02   7.574419691573e-02   1.529140615514e-01  -2.412501706351e-02  -4.073854975284e-02  -1.607180876278e-02  -1.331552890276e-01  -8.287493932221e-02   6.398837653003e-02   1.482218578322e-01  -1.396736795985e-02   4.509392622032e-03   5.823252904318e-02  -1.561694951872e-01  -9.882024728105e-02   5.663026624368e-02   1.452857528632e-01  -5.957774913759e-03   5.165268604401e-02  -4.210436607337e-02   9.936556629934e-06   4.338209819140e-05   3.147949934890e-04   5.185361885871e-05  -1.590054710396e-06   6.810582935263e-04   9.342150178520e-04   4.944713679636e-05  -2.740615615126e-06   6.780152104898e-03   2.326390054397e-02   4.109882508566e-05  -2.939468537015e-05   8.044213949635e-02   2.026172951287e-01   2.960375386089e-03  -2.736361003439e-04  -2.780607666276e-05   1.285032140315e-05  -5.335682768791e-05  -2.821723707583e-06   8.820477195035e-05  -4.075989851778e-06   2.675995190813e-06   1.158613961565e-05  -8.245355612790e-06  -6.215211816773e-05   2.723469607563e-05   4.774661653786e-05   1.262524051430e-06   7.912718646890e-08  -1.396909948341e-04  -3.780948642338e-06  -2.272579886026e-07  -2.813716136528e-04  -6.934428650044e-06  -4.562813355229e-07  -3.383725266302e-04  -5.455109827148e-06  -7.086243743966e-07   7.327503710061e-04  -6.163705478451e-06   1.095679304661e-07   6.512290878786e-03   2.503935874766e-02   7.872689340628e-05   5.862223380031e-06   5.785421068357e-06  -8.230965676485e-08   8.941799938509e-06  -2.866396228206e-07  -1.480877120239e-05   3.972369836875e-04   1.445739443602e-03   2.731945964678e-02   1.121017029363e-01   2.633618826923e-04  -2.882423793783e-04  -1.249151786693e-04   3.524932166572e-04   1.494912424200e-03   2.563260003818e-02   1.082913969381e-01   4.018997280510e-04   2.184964627267e-04  -1.613140914029e-04   3.785424936005e-04   1.511037216337e-03   2.670016541851e-02   1.105008420822e-01   3.592941422079e-04   2.832986961425e-05   2.884476104685e-04
  -1.070127772263e-04   1.482801488519e-04  -5.657172090718e-03  -4.790426891496e-01   6.923727624046e-06   1.681797464773e-04  -3.249491031820e-04  -4.483841813405e-01   4.029444879717e-06  -1.594283626622e-02   3.125864042781e-02  -2.724827208554e-01  -1.078344981799e-05  -2.061076934385e-02   2.372657040014e-02  -1.655298288290e-01  -7.767550731094e-06  -7.426289190737e-02   1.548389821833e-01  -4.231473943538e-02   1.396908327700e-02  -6.681432096731e-02  -1.391427612937e-01  -1.700833894697e-01  -1.826808921688e-01  -1.758122497095e-01  -1.377897244649e-01  -9.188458790864e-02  -3.121119627634e-02  -1.027104535213e-01   1.005135222960e-05   6.598720843852e-03   7.689547286376e-03  -2.633180367411e-06  -5.302447966619e-02  -2.159827367830e-01   1.553805930375e-05  -4.439467512617e-02  -2.011577730448e-01   1.350661983343e-05  -1.905861431960e-02  -1.571739036323e-01   9.845729264778e-06  -4.167854786982e-02  -9.272869790843e-03  -1.306019251392e-01   5.918303518799e-06  -5.945304695331e-02   4.711305537008e-04   2.591301010367e-03   4.773316558217e-05  -1.584149461077e-02   3.674843905955e-01   2.538846692730e-01   1.081646142224e-01   3.207491092021e-02  -4.671110673846e-02   1.143299804994e-01   6.561911637575e-02  -3.764927571039e-02  -2.693220853386e-02  -2.166234722219e-02  -1.968859688271e-02   5.318787264860e-03  -4.581646922082e-02   1.760589053312e-02  -2.949956928588e-01  -2.052929301872e-01  -1.041153229051e-01  -5.256675564647e-02   5.677190282932e-02   5.679643615701e-02  -8.322633131479e-02   3.129646622027e-06  -4.110257675706e-06  -4.890315622538e-05   1.573447686657e-04   6.318012704991e-06  -7.125399839642e-05  -1.826585597644e-05   1.402640959470e-04   9.674355375735e-06  -9.568904000846e-05  -4.974014396714e-04  -1.828063767056e-03   1.139927513816e-05  -4.981737974122e-03  -1.372345364547e-02  -1.489784548738e-02  -5.056226854880e-05  -1.054986775956e-04   4.924014417037e-05  -7.446960077282e-05   3.538986615688e-06   9.609511251833e-05   9.514897361769e-07  -6.349677644903e-07  -2.848784492375e-06   1.716738143040e-06   1.470632005450e-05   7.527847774837e-07  -1.008320181041e-05   5.257691914244e-06   2.431503784014e-07   2.942926363510e-05  -1.541572531962e-05  -7.047808805693e-07   5.917349178987e-05  -2.854861721051e-05  -1.350332084470e-06   7.246277565956e-05  -2.731528510175e-05  -1.453770873413e-06   9.707686995986e-06  -3.854304873225e-05   7.887283060813e-07  -3.207680514522e-04  -1.311659880763e-03  -1.281463075501e-03  -6.107651396186e-07   1.998910988955e-05   4.524976841123e-07  -2.971839539948e-06   6.948509143663e-07   5.451172932907e-06   1.973285641967e-05  -3.600079378425e-04  -4.683860419654e-03  -1.439090639548e-02  -2.527899098131e-04  -3.883206572934e-05   6.127414798716e-06  -1.093625930079e-04   2.883071953535e-04   1.981065507463e-03  -9.933964955108e-04   3.155246210517e-04  -6.637772758236e-05   3.117414918013e-05  -6.154359792054e-05   3.816675365610e-05  -6.338721572245e-04  -6.347124425109e-03   1.020744648795e-04  -3.987294388062e-05  -3.083306041008e-05
  -3.991405422259e-07   5.007954655640e-07  -2.044570351497e-05   6.944067566905e-06  -4.795583778547e-01   1.478044160717e-06  -2.888285600315e-06   4.045385979122e-06  -4.484156341034e-01  -5.536462937593e-05   1.082798354242e-04  -1.078344981799e-05  -2.696533518484e-01  -7.282508817671e-05   8.287843030820e-05  -7.812710373226e-06  -1.633841269681e-01   1.396926778125e-02  -5.517132025633e-02  -1.350652373494e-01  -9.080188805144e-02  -7.687997314618e-02  -4.884892412878e-04  -5.971685747383e-04  -6.414757007362e-04  -6.173093769418e-04  -4.840313419795e-04  -3.228922132416e-04  -1.093647344855e-04   9.988094450472e-06  -1.055348900002e-01   2.248775370694e-05  -2.381102429344e-06   8.287487183184e-03  -1.877203020054e-04   1.610983210732e-05  -2.207811363838e-01  -1.573631904546e-04   1.428966536523e-05  -2.051808330157e-01  -6.632492683441e-05   1.026526986592e-05  -1.589135149275e-01  -1.465106462200e-04  -3.274022790866e-05   6.169996736300e-06  -1.314553786552e-01   4.793128075463e-05   5.393408437393e-03  -3.522133990364e-04  -6.134855018247e-02  -2.610956044297e-04   1.492259998939e-01   1.034327925232e-01   4.778600550321e-02   1.901348612740e-02  -1.854981069034e-02   6.583361361000e-02  -2.093733275066e-02  -3.839884651466e-01  -2.661471466418e-01  -1.230697151431e-01  -4.911125709827e-02   6.461370334850e-02   1.704530619889e-02   1.291111506728e-01   2.348934372613e-01   1.627965508576e-01   7.522438520372e-02   2.995627209327e-02  -4.600699357719e-02  -8.288065463009e-02   1.852780303047e-02  -5.126429833354e-08  -3.589502348287e-08  -5.567473791581e-07   5.931834470599e-06   1.652028647154e-04  -4.053776485536e-07  -2.117140486672e-06   9.154031838927e-06   1.484188593315e-04  -7.265331942420e-06  -2.512254816589e-05   1.016028432624e-05  -1.842642716097e-03  -3.987554195248e-05  -1.045645761602e-04  -6.963468332973e-05  -1.460524943969e-02   3.195928319784e-06  -1.832238168934e-05  -4.373392550965e-05  -1.085826603741e-04  -2.777200932675e-05  -9.994330308854e-09   6.081263302287e-09   3.143543513943e-08  -1.188002614291e-08  -1.247079705581e-07  -7.918407291714e-08   5.655756525675e-08   2.874625096518e-07   5.342150138690e-06  -1.640098409370e-07  -8.307153107110e-07  -1.569256697831e-05  -3.311878327310e-07  -1.616869578583e-06  -2.901245282220e-05  -4.787527860647e-07  -1.823508873819e-06  -2.735410603081e-05   7.976109874776e-08   4.913275444110e-07  -3.864019600040e-05   1.875794138936e-07  -7.354394282880e-07  -4.566611150016e-07  -1.275096715453e-03   6.172100321522e-07  -3.015438202674e-07  -1.742201382361e-07   2.076749904408e-05  -2.917107126465e-07   3.498446495609e-05  -1.619075113829e-04  -1.616329662031e-03  -3.186006400826e-03  -1.477715091509e-04  -1.046832514679e-05  -4.666167509455e-05   4.608351250435e-05  -2.188973109064e-04  -2.209615773282e-03  -4.450468909014e-03  -1.939031141403e-04   1.310933131413e-05  -3.891110821724e-05  -7.956550728813e-05   3.833132097848e-04   3.795517682888e-03   7.496523681815e-03   3.427496462947e-04   3.967975765121e-06  -6.428701069558e-05
