ARMA_MAT_TXT_FN008
36 36
  -1.759495986994e+01  -2.201519912850e+01   2.710464466149e-28   0.000000000000e+00   3.262867335913e-02  -8.148965525443e+00   1.234499055516e-28   0.000000000000e+00   1.510913957053e-02  -3.531802274084e+00   3.593528362817e-29   0.000000000000e+00   6.361822648186e-03  -1.597065539408e+00   9.976949956865e-30   0.000000000000e+00   2.517063916194e-03   0.000000000000e+00   0.000000000000e+00  -1.605693302923e-04   0.000000000000e+00   6.895133393752e-04  -3.010652836705e-01  -1.503588864807e+00  -1.321904533405e+00  -7.575914776115e-01  -1.723271129609e+00  -2.419684177990e-17  -1.330363262284e+00  -3.010652836705e-01  -1.503588864807e+00  -1.321904533405e+00  -7.575914776115e-01   1.723271129609e+00  -2.419684177990e-17  -1.330363262284e+00
  -2.201519912850e+01  -1.652630930967e+01   3.214524839791e-28   0.000000000000e+00   3.088716808102e-02  -7.395663273784e+00   9.409888714803e-29   0.000000000000e+00   8.144338861813e-03  -3.320687364987e+00   2.251083513049e-29   0.000000000000e+00   2.699613283775e-03  -1.513823597923e+00   5.876730738339e-30   0.000000000000e+00   9.537323509133e-04   0.000000000000e+00   0.000000000000e+00   1.903740103058e-04   0.000000000000e+00   2.608661888832e-03  -3.011028075894e-01  -1.423350299478e+00  -1.252839582109e+00  -7.197658475385e-01  -1.636601619124e+00  -1.860983027985e-17  -1.264851034938e+00  -3.011028075894e-01  -1.423350299478e+00  -1.252839582109e+00  -7.197658475385e-01   1.636601619124e+00  -1.860983027985e-17  -1.264851034938e+00
   2.710464466149e-28   3.214524839791e-28   1.679103352634e+00   0.000000000000e+00   0.000000000000e+00   8.731021276541e-28  -8.359770111585e-01   0.000000000000e+00   0.000000000000e+00   5.295510261012e-28  -7.685538056851e-01   0.000000000000e+00   0.000000000000e+00   2.642182793411e-28  -3.143778899107e-01   0.000000000000e+00   0.000000000000e+00   0.000000000000e+00   0.000000000000e+00  -3.041143834020e-28   1.126798045774e-01   5.267415633648e-28   4.050423994076e-01   3.673219637066e-01   1.340957252839e-01   3.219345424939e-02   1.884874857442e-01   2.588632853860e-16   3.808359734556e-01  -4.050423994076e-01  -3.673219637066e-01  -1.340957252839e-01  -3.219345424939e-02   1.884874857442e-01  -2.588632853860e-16  -3.808359734556e-01
   0.000000000000e+00   0.000000000000e+00   0.000000000000e+00   1.578036263278e+00   0.000000000000e+00   0.000000000000e+00   0.000000000000e+00  -9.094289801961e-01   0.000000000000e+00   0.000000000000e+00   0.000000000000e+00  -8.016795513396e-01   0.000000000000e+00   0.000000000000e+00   0.000000000000e+00  -3.304861036781e-01   0.000000000000e+00   5.267415633648e-28   4.262831089232e-02   0.000000000000e+00   0.000000000000e+00   0.000000000000e+00  -3.090396093502e-17   5.513118505366e-17   7.892755413142e-18   6.438484763534e-19   2.588632853813e-16  -3.494516971043e-01   2.002037081114e-16  -3.090396093502e-17   5.513118505366e-17   7.892755413142e-18   6.438484763534e-19  -2.588632853813e-16  -3.494516971043e-01   2.002037081114e-16
   3.262867335913e-02   3.088716808102e-02   0.000000000000e+00   0.000000000000e+00   1.636467650980e+00   1.791809489354e-02   0.000000000000e+00   0.000000000000e+00  -8.680517516735e-01   2.235827834955e-02   0.000000000000e+00   0.000000000000e+00  -7.855559621179e-01   2.046033577981e-02   0.000000000000e+00   0.000000000000e+00  -3.238361456774e-01   0.000000000000e+00   0.000000000000e+00   5.015926250855e-02   5.267415633648e-28   3.603558051848e-02   3.121557521910e-01   2.954292318424e-01   1.220480297723e-01   3.892088028244e-02   3.984342355044e-01   2.002037081186e-16  -2.334891124631e-02   3.121557521910e-01   2.954292318424e-01   1.220480297723e-01   3.892088028244e-02  -3.984342355044e-01   2.002037081186e-16  -2.334891124631e-02
  -8.148965525443e+00  -7.395663273784e+00   8.731021276541e-28   0.000000000000e+00   1.791809489354e-02  -3.898159198023e+00   1.426655301237e-27   0.000000000000e+00   8.182700676886e-02  -2.495610352227e+00   8.917449614019e-28   0.000000000000e+00   6.749408240980e-02  -1.424715045544e+00   3.329718134759e-28   0.000000000000e+00   2.466404416983e-02   0.000000000000e+00   0.000000000000e+00  -6.092431192117e-03   0.000000000000e+00  -8.079150311253e-02  -6.029368206869e-01  -1.292223539924e+00  -1.197235880498e+00  -7.447415973858e-01  -1.063424951838e+00  -2.569140574332e-16  -8.217778157304e-01  -6.029368206869e-01  -1.292223539924e+00  -1.197235880498e+00  -7.447415973858e-01   1.063424951838e+00  -2.569140574332e-16  -8.217778157304e-01
   1.234499055516e-28   9.409888714803e-29  -8.359770111585e-01   0.000000000000e+00   0.000000000000e+00   1.426655301237e-27  -3.893798803508e-02   0.000000000000e+00   0.000000000000e+00   1.678547855892e-27  -5.249014178559e-01   0.000000000000e+00   0.000000000000e+00   1.090088982180e-27  -3.586756131377e-01   0.000000000000e+00   0.000000000000e+00   0.000000000000e+00   0.000000000000e+00  -7.796510584069e-28   2.619823265774e-01   1.350395245336e-27   4.406810095817e-01   3.452487446958e-01   1.569566257282e-01   4.281136394402e-02  -1.329891354388e-01   5.929785280270e-16   2.305668730313e-02  -4.406810095817e-01  -3.452487446958e-01  -1.569566257282e-01  -4.281136394402e-02  -1.329891354388e-01  -5.929785280270e-16  -2.305668730313e-02
   0.000000000000e+00   0.000000000000e+00   0.000000000000e+00  -9.094289801961e-01   0.000000000000e+00   0.000000000000e+00   0.000000000000e+00   2.247127500650e-02   0.000000000000e+00   0.000000000000e+00   0.000000000000e+00  -4.216296694534e-01   0.000000000000e+00   0.000000000000e+00   0.000000000000e+00  -3.157123040301e-01   0.000000000000e+00   1.350395245336e-27   8.484844656417e-02   0.000000000000e+00   0.000000000000e+00   0.000000000000e+00   1.579538254342e-16   1.731621262978e-16   3.033838191388e-17   2.829654728236e-18   5.929785279899e-16  -2.092623250421e-01   4.586069436252e-16   1.579538254342e-16   1.731621262978e-16   3.033838191388e-17   2.829654728236e-18  -5.929785279899e-16  -2.092623250421e-01   4.586069436252e-16
   1.510913957053e-02   8.144338861813e-03   0.000000000000e+00   0.000000000000e+00  -8.680517516735e-01   8.182700676886e-02   0.000000000000e+00   0.000000000000e+00  -1.675038865623e-02   1.415940202104e-01   0.000000000000e+00   0.000000000000e+00  -4.876547452797e-01   1.077172190566e-01   0.000000000000e+00   0.000000000000e+00  -3.453511447040e-01   0.000000000000e+00   0.000000000000e+00   1.048484846323e-01   1.350395245336e-27   8.869211244199e-02   3.425041324234e-01   3.153341203898e-01   2.026994308778e-01   9.423552703247e-02   6.571509742073e-02   4.586069437305e-16  -1.564621451679e-01   3.425041324234e-01   3.153341203898e-01   2.026994308778e-01   9.423552703247e-02  -6.571509742073e-02   4.586069437305e-16  -1.564621451679e-01
  -3.531802274084e+00  -3.320687364987e+00   5.295510261012e-28   0.000000000000e+00   2.235827834955e-02  -2.495610352227e+00   1.678547855892e-27   0.000000000000e+00   1.415940202104e-01  -1.606196898113e+00   2.685419375091e-27   0.000000000000e+00   1.803755779204e-01  -9.797233191876e-01   1.864578713373e-27   0.000000000000e+00   8.988840531819e-02   0.000000000000e+00   0.000000000000e+00  -1.028868272761e-02   0.000000000000e+00  -1.059702091020e-01  -5.350665558806e-01  -9.222716296110e-01  -8.526743236104e-01  -5.567455338832e-01  -6.832241013794e-01  -1.517448556742e-16  -5.086176838912e-01  -5.350665558806e-01  -9.222716296110e-01  -8.526743236104e-01  -5.567455338832e-01   6.832241013794e-01  -1.517448556742e-16  -5.086176838912e-01
   3.593528362817e-29   2.251083513049e-29  -7.685538056851e-01   0.000000000000e+00   0.000000000000e+00   8.917449614019e-28  -5.249014178559e-01   0.000000000000e+00   0.000000000000e+00   2.685419375091e-27  -1.953288618894e-01   0.000000000000e+00   0.000000000000e+00   3.242964070692e-27  -1.659232158437e-01   0.000000000000e+00   0.000000000000e+00   0.000000000000e+00   0.000000000000e+00  -5.472852462924e-28   2.184748435819e-01   9.479258528113e-28   3.467964108013e-01   1.931381975845e-01   8.308110835235e-02   3.015606100572e-02   6.486854209155e-02   2.515793879627e-16   6.265324420076e-02  -3.467964108013e-01  -1.931381975845e-01  -8.308110835235e-02  -3.015606100572e-02   6.486854209155e-02  -2.515793879627e-16  -6.265324420076e-02
   0.000000000000e+00   0.000000000000e+00   0.000000000000e+00  -8.016795513396e-01   0.000000000000e+00   0.000000000000e+00   0.000000000000e+00  -4.216296694534e-01   0.000000000000e+00   0.000000000000e+00   0.000000000000e+00   1.022247153188e-02   0.000000000000e+00   0.000000000000e+00   0.000000000000e+00  -5.540321792832e-02   0.000000000000e+00   9.479258528113e-28   5.680762306604e-02   0.000000000000e+00   0.000000000000e+00   0.000000000000e+00   2.237647552386e-16   2.260245438482e-16   7.206813853036e-17   1.008410435103e-17   2.515793878729e-16  -4.827783216083e-02   1.945703741637e-16   2.237647552386e-16   2.260245438482e-16   7.206813853036e-17   1.008410435103e-17  -2.515793878729e-16  -4.827783216083e-02   1.945703741637e-16
   6.361822648186e-03   2.699613283775e-03   0.000000000000e+00   0.000000000000e+00  -7.855559621179e-01   6.749408240980e-02   0.000000000000e+00   0.000000000000e+00  -4.876547452797e-01   1.803755779204e-01   0.000000000000e+00   0.000000000000e+00  -1.169694806894e-01   1.626081735397e-01   0.000000000000e+00   0.000000000000e+00  -1.250415436308e-01   0.000000000000e+00   0.000000000000e+00   7.308373454821e-02   9.479258528113e-28   7.998580862524e-02   2.697349193968e-01   2.061417624849e-01   1.804867343603e-01   1.188394036351e-01   1.029593147340e-01   1.945703744552e-16   1.767794586136e-02   2.697349193968e-01   2.061417624849e-01   1.804867343603e-01   1.188394036351e-01  -1.029593147340e-01   1.945703744552e-16   1.767794586136e-02
  -1.597065539408e+00  -1.513823597923e+00   2.642182793411e-28   0.000000000000e+00   2.046033577981e-02  -1.424715045544e+00   1.090088982180e-27   0.000000000000e+00   1.077172190566e-01  -9.797233191876e-01   3.242964070692e-27   0.000000000000e+00   1.626081735397e-01  -5.564195029324e-01   4.670609229689e-27   0.000000000000e+00   9.955163071840e-02   0.000000000000e+00   0.000000000000e+00  -7.653083378283e-03   0.000000000000e+00  -7.040086981351e-02  -3.975004140019e-01  -5.872500088774e-01  -5.002725316289e-01  -3.179920636343e-01  -4.312956605880e-01  -2.430838311546e-17  -3.127917746292e-01  -3.975004140019e-01  -5.872500088774e-01  -5.002725316289e-01  -3.179920636343e-01   4.312956605880e-01  -2.430838311546e-17  -3.127917746292e-01
   9.976949956865e-30   5.876730738339e-30  -3.143778899107e-01   0.000000000000e+00   0.000000000000e+00   3.329718134759e-28  -3.586756131377e-01   0.000000000000e+00   0.000000000000e+00   1.864578713373e-27  -1.659232158437e-01   0.000000000000e+00   0.000000000000e+00   4.670609229689e-27   1.021409336436e-02   0.000000000000e+00   0.000000000000e+00   0.000000000000e+00   0.000000000000e+00  -2.067329848874e-28   9.622652518204e-02   3.580720334254e-28   2.335485980530e-01   1.237168846871e-01   1.004086323031e-02  -1.807854444658e-05   5.551498453912e-02   2.629683981835e-17   8.526545609847e-02  -2.335485980530e-01  -1.237168846871e-01  -1.004086323031e-02   1.807854444658e-05   5.551498453912e-02  -2.629683981835e-17  -8.526545609847e-02
   0.000000000000e+00   0.000000000000e+00   0.000000000000e+00  -3.304861036781e-01   0.000000000000e+00   0.000000000000e+00   0.000000000000e+00  -3.157123040301e-01   0.000000000000e+00   0.000000000000e+00   0.000000000000e+00  -5.540321792832e-02   0.000000000000e+00   0.000000000000e+00   0.000000000000e+00   8.462370434201e-02   0.000000000000e+00   3.580720334254e-28   2.267618063300e-02   0.000000000000e+00   0.000000000000e+00   0.000000000000e+00   5.439801392473e-17   9.148996180685e-17   6.574422244574e-17   1.897187647068e-17   2.629683975532e-17  -7.295146318889e-02   2.033785820611e-17   5.439801392473e-17   9.148996180685e-17   6.574422244574e-17   1.897187647068e-17  -2.629683975532e-17  -7.295146318889e-02   2.033785820611e-17
   2.517063916194e-03   9.537323509133e-04   0.000000000000e+00   0.000000000000e+00  -3.238361456774e-01   2.466404416983e-02   0.000000000000e+00   0.000000000000e+00  -3.453511447040e-01   8.988840531819e-02   0.000000000000e+00   0.000000000000e+00  -1.250415436308e-01   9.955163071840e-02   0.000000000000e+00   0.000000000000e+00   3.795619142444e-02   0.000000000000e+00   0.000000000000e+00   2.966600125683e-02   3.580720334254e-28   3.627665570809e-02   1.810448584168e-01   1.244697156207e-01   7.750746785935e-02   6.603880500528e-02   1.044723569978e-01   2.033785841730e-17   1.215802963358e-04   1.810448584168e-01   1.244697156207e-01   7.750746785935e-02   6.603880500528e-02  -1.044723569978e-01   2.033785841730e-17   1.215802963356e-04
   0.000000000000e+00   0.000000000000e+00   0.000000000000e+00   5.267415633648e-28   0.000000000000e+00   0.000000000000e+00   0.000000000000e+00   1.350395245336e-27   0.000000000000e+00   0.000000000000e+00   0.000000000000e+00   9.479258528113e-28   0.000000000000e+00   0.000000000000e+00   0.000000000000e+00   3.580720334254e-28   0.000000000000e+00   3.137917405949e+00   0.000000000000e+00   0.000000000000e+00   0.000000000000e+00   0.000000000000e+00  -3.885208173122e-16  -1.403947023011e-16  -7.480569075569e-18  -2.364585292428e-19  -6.414530972637e-16  -1.970912550133e-01  -7.499093347989e-16   3.885208173122e-16   1.403947023011e-16   7.480569075569e-18   2.364585292428e-19  -6.414530972637e-16   1.970912550133e-01   7.499093347989e-16
   0.000000000000e+00   0.000000000000e+00   0.000000000000e+00   4.262831089232e-02   0.000000000000e+00   0.000000000000e+00   0.000000000000e+00   8.484844656417e-02   0.000000000000e+00   0.000000000000e+00   0.000000000000e+00   5.680762306604e-02   0.000000000000e+00   0.000000000000e+00   0.000000000000e+00   2.267618063300e-02   0.000000000000e+00   0.000000000000e+00   3.161866045339e+00   0.000000000000e+00   0.000000000000e+00   0.000000000000e+00  -3.004802639163e-16  -1.085806353723e-16  -5.785438691232e-18  -1.828759687833e-19  -7.499093348481e-16  -1.389585632096e-01  -2.517972647549e-16  -3.004802639163e-16  -1.085806353723e-16  -5.785438691232e-18  -1.828759687833e-19   7.499093348481e-16  -1.389585632096e-01  -2.517972647549e-16
  -1.605693302923e-04   1.903740103058e-04  -3.041143834020e-28   0.000000000000e+00   5.015926250855e-02  -6.092431192117e-03  -7.796510584069e-28   0.000000000000e+00   1.048484846323e-01  -1.028868272761e-02  -5.472852462924e-28   0.000000000000e+00   7.308373454821e-02  -7.653083378283e-03  -2.067329848874e-28   0.000000000000e+00   2.966600125683e-02   0.000000000000e+00   0.000000000000e+00   3.130735847692e+00   0.000000000000e+00   2.736452113696e-02  -1.230461132953e-02  -2.501137324218e-02  -1.590216252976e-02  -6.730511839236e-03   1.272233861622e-01  -2.444152387420e-16  -1.436686248883e-01  -1.230461132953e-02  -2.501137324218e-02  -1.590216252976e-02  -6.730511839236e-03  -1.272233861622e-01  -2.444152387420e-16  -1.436686248883e-01
   0.000000000000e+00   0.000000000000e+00   1.126798045774e-01   0.000000000000e+00   5.267415633648e-28   0.000000000000e+00   2.619823265774e-01   0.000000000000e+00   1.350395245336e-27   0.000000000000e+00   2.184748435819e-01   0.000000000000e+00   9.479258528113e-28   0.000000000000e+00   9.622652518204e-02   0.000000000000e+00   3.580720334254e-28   0.000000000000e+00   0.000000000000e+00   0.000000000000e+00   2.993086553973e+00   0.000000000000e+00  -5.263392046985e-02  -8.268890066315e-02  -4.740416946340e-02  -1.107076361342e-02   3.932176653356e-01  -7.499093348689e-16   2.013173918146e-01   5.263392046985e-02   8.268890066315e-02   4.740416946340e-02   1.107076361342e-02   3.932176653356e-01   7.499093348689e-16  -2.013173918146e-01
   6.895133393752e-04   2.608661888832e-03   5.267415633648e-28   0.000000000000e+00   3.603558051848e-02  -8.079150311253e-02   1.350395245336e-27   0.000000000000e+00   8.869211244199e-02  -1.059702091020e-01   9.479258528113e-28   0.000000000000e+00   7.998580862524e-02  -7.040086981351e-02   3.580720334254e-28   0.000000000000e+00   3.627665570809e-02   0.000000000000e+00   0.000000000000e+00   2.736452113696e-02   0.000000000000e+00   3.094573981838e+00  -2.513437411344e-02  -6.812019713776e-02  -7.356220915102e-02  -4.152314426149e-02   1.357432635341e-01  -8.129954440317e-16   2.721569373020e-01  -2.513437411344e-02  -6.812019713776e-02  -7.356220915102e-02  -4.152314426149e-02  -1.357432635341e-01  -8.129954440317e-16   2.721569373020e-01
  -3.010652836705e-01  -3.011028075894e-01   4.050423994076e-01  -3.090396093502e-17   3.121557521910e-01  -6.029368206869e-01   4.406810095817e-01   1.579538254342e-16   3.425041324234e-01  -5.350665558806e-01   3.467964108013e-01   2.237647552386e-16   2.697349193968e-01  -3.975004140019e-01   2.335485980530e-01   5.439801392473e-17   1.810448584168e-01  -3.885208173122e-16  -3.004802639163e-16  -1.230461132953e-02  -5.263392046985e-02  -2.513437411344e-02   4.202786931210e-01  -5.760488141773e-01  -5.035624099571e-01  -2.845951460875e-01  -3.251808798974e-01  -1.726543327742e-25  -2.354991703782e-01  -4.759585135331e-02  -2.198804261397e-01  -2.891529542539e-01  -2.233584584416e-01   2.716116204322e-01  -3.959957240004e-27  -3.283972472209e-03
  -1.503588864807e+00  -1.423350299478e+00   3.673219637066e-01   5.513118505366e-17   2.954292318424e-01  -1.292223539924e+00   3.452487446958e-01   1.731621262978e-16   3.153341203898e-01  -9.222716296110e-01   1.931381975845e-01   2.260245438482e-16   2.061417624849e-01  -5.872500088774e-01   1.237168846871e-01   9.148996180685e-17   1.244697156207e-01  -1.403947023011e-16  -1.085806353723e-16  -2.501137324218e-02  -8.268890066315e-02  -6.812019713776e-02  -5.760488141773e-01  -6.406590247384e-01  -5.815854470921e-01  -3.751577296841e-01  -5.679815115263e-01  -3.149383886733e-25  -4.101417869616e-01  -2.198804261397e-01  -4.725115886690e-01  -4.806671505131e-01  -3.354359573383e-01   4.204225592411e-01  -4.868263103572e-26  -1.711693350823e-01
  -1.321904533405e+00  -1.252839582109e+00   1.340957252839e-01   7.892755413142e-18   1.220480297723e-01  -1.197235880498e+00   1.569566257282e-01   3.033838191388e-17   2.026994308778e-01  -8.526743236104e-01   8.308110835235e-02   7.206813853036e-17   1.804867343603e-01  -5.002725316289e-01   1.004086323031e-02   6.574422244574e-17   7.750746785935e-02  -7.480569075569e-18  -5.785438691232e-18  -1.590216252976e-02  -4.740416946340e-02  -7.356220915102e-02  -5.035624099571e-01  -5.815854470921e-01  -4.494940637626e-01  -2.907979361288e-01  -4.279902947881e-01  -2.369227181985e-25  -3.056292815579e-01  -2.891529542539e-01  -4.806671505131e-01  -4.404337805581e-01  -2.876870858859e-01   3.715401235155e-01  -1.127317493327e-25  -2.203492426060e-01
  -7.575914776115e-01  -7.197658475385e-01   3.219345424939e-02   6.438484763534e-19   3.892088028244e-02  -7.447415973858e-01   4.281136394402e-02   2.829654728236e-18   9.423552703247e-02  -5.567455338832e-01   3.015606100572e-02   1.008410435103e-17   1.188394036351e-01  -3.179920636343e-01  -1.807854444658e-05   1.897187647068e-17   6.603880500528e-02  -2.364585292428e-19  -1.828759687833e-19  -6.730511839236e-03  -1.107076361342e-02  -4.152314426149e-02  -2.845951460875e-01  -3.751577296841e-01  -2.907979361288e-01  -1.650572407792e-01  -2.413021874655e-01  -1.322855182391e-25  -1.708657356532e-01  -2.233584584416e-01  -3.354359573383e-01  -2.876870858859e-01  -1.703379463788e-01   2.346914828016e-01  -9.974507642506e-26  -1.502587561734e-01
  -1.723271129609e+00  -1.636601619124e+00   1.884874857442e-01   2.588632853813e-16   3.984342355044e-01  -1.063424951838e+00  -1.329891354388e-01   5.929785279899e-16   6.571509742073e-02  -6.832241013794e-01   6.486854209155e-02   2.515793878729e-16   1.029593147340e-01  -4.312956605880e-01   5.551498453912e-02   2.629683975532e-17   1.044723569978e-01  -6.414530972637e-16  -7.499093348481e-16   1.272233861622e-01   3.932176653356e-01   1.357432635341e-01  -3.251808798974e-01  -5.679815115263e-01  -4.279902947881e-01  -2.413021874655e-01   8.960904081637e-01  -3.755563391555e-33  -3.491949008218e-01  -2.716116204322e-01  -4.204225592411e-01  -3.715401235155e-01  -2.346914828016e-01   4.070951162806e-01  -2.919098115180e-26  -1.845998714670e-01
  -2.419684177990e-17  -1.860983027985e-17   2.588632853860e-16  -3.494516971043e-01   2.002037081186e-16  -2.569140574332e-16   5.929785280270e-16  -2.092623250421e-01   4.586069437305e-16  -1.517448556742e-16   2.515793879627e-16  -4.827783216083e-02   1.945703744552e-16  -2.430838311546e-17   2.629683981835e-17  -7.295146318889e-02   2.033785841730e-17  -1.970912550133e-01  -1.389585632096e-01  -2.444152387420e-16  -7.499093348689e-16  -8.129954440317e-16  -1.726543327742e-25  -3.149383886733e-25  -2.369227181985e-25  -1.322855182391e-25  -3.755563391555e-33   1.352355029951e+00  -9.966687462204e-33  -3.959981097462e-27  -4.868282502502e-26  -1.127317982513e-25  -9.974507696672e-26   2.919097922587e-26  -1.106297401365e-01   7.222237314061e-34
  -1.330363262284e+00  -1.264851034938e+00   3.808359734556e-01   2.002037081114e-16  -2.334891124631e-02  -8.217778157304e-01   2.305668730313e-02   4.586069436252e-16  -1.564621451679e-01  -5.086176838912e-01   6.265324420076e-02   1.945703741637e-16   1.767794586136e-02  -3.127917746292e-01   8.526545609847e-02   2.033785820611e-17   1.215802963358e-04  -7.499093347989e-16  -2.517972647549e-16  -1.436686248883e-01   2.013173918146e-01   2.721569373020e-01  -2.354991703782e-01  -4.101417869616e-01  -3.056292815579e-01  -1.708657356532e-01  -3.491949008218e-01  -9.966687462204e-33   1.092632671717e+00  -3.283972472209e-03  -1.711693350823e-01  -2.203492426060e-01  -1.502587561734e-01   1.845998714670e-01  -1.925929966996e-34  -1.538876743743e-01
  -3.010652836705e-01  -3.011028075894e-01  -4.050423994076e-01  -3.090396093502e-17   3.121557521910e-01  -6.029368206869e-01  -4.406810095817e-01   1.579538254342e-16   3.425041324234e-01  -5.350665558806e-01  -3.467964108013e-01   2.237647552386e-16   2.697349193968e-01  -3.975004140019e-01  -2.335485980530e-01   5.439801392473e-17   1.810448584168e-01   3.885208173122e-16  -3.004802639163e-16  -1.230461132953e-02   5.263392046985e-02  -2.513437411344e-02  -4.759585135331e-02  -2.198804261397e-01  -2.891529542539e-01  -2.233584584416e-01  -2.716116204322e-01  -3.959981097462e-27  -3.283972472209e-03   4.202786931210e-01  -5.760488141773e-01  -5.035624099571e-01  -2.845951460875e-01   3.251808798974e-01  -1.726543329187e-25  -2.354991703782e-01
  -1.503588864807e+00  -1.423350299478e+00  -3.673219637066e-01   5.513118505366e-17   2.954292318424e-01  -1.292223539924e+00  -3.452487446958e-01   1.731621262978e-16   3.153341203898e-01  -9.222716296110e-01  -1.931381975845e-01   2.260245438482e-16   2.061417624849e-01  -5.872500088774e-01  -1.237168846871e-01   9.148996180685e-17   1.244697156207e-01   1.403947023011e-16  -1.085806353723e-16  -2.501137324218e-02   8.268890066315e-02  -6.812019713776e-02  -2.198804261397e-01  -4.725115886690e-01  -4.806671505131e-01  -3.354359573383e-01  -4.204225592411e-01  -4.868282502502e-26  -1.711693350823e-01  -5.760488141773e-01  -6.406590247384e-01  -5.815854470921e-01  -3.751577296841e-01   5.679815115263e-01  -3.149387831038e-25  -4.101417869616e-01
  -1.321904533405e+00  -1.252839582109e+00  -1.340957252839e-01   7.892755413142e-18   1.220480297723e-01  -1.197235880498e+00  -1.569566257282e-01   3.033838191388e-17   2.026994308778e-01  -8.526743236104e-01  -8.308110835235e-02   7.206813853036e-17   1.804867343603e-01  -5.002725316289e-01  -1.004086323031e-02   6.574422244574e-17   7.750746785935e-02   7.480569075569e-18  -5.785438691232e-18  -1.590216252976e-02   4.740416946340e-02  -7.356220915102e-02  -2.891529542539e-01  -4.806671505131e-01  -4.404337805581e-01  -2.876870858859e-01  -3.715401235155e-01  -1.127317982513e-25  -2.203492426060e-01  -5.035624099571e-01  -5.815854470921e-01  -4.494940637626e-01  -2.907979361288e-01   4.279902947881e-01  -2.369227549838e-25  -3.056292815579e-01
  -7.575914776115e-01  -7.197658475385e-01  -3.219345424939e-02   6.438484763534e-19   3.892088028244e-02  -7.447415973858e-01  -4.281136394402e-02   2.829654728236e-18   9.423552703247e-02  -5.567455338832e-01  -3.015606100572e-02   1.008410435103e-17   1.188394036351e-01  -3.179920636343e-01   1.807854444658e-05   1.897187647068e-17   6.603880500528e-02   2.364585292428e-19  -1.828759687833e-19  -6.730511839236e-03   1.107076361342e-02  -4.152314426149e-02  -2.233584584416e-01  -3.354359573383e-01  -2.876870858859e-01  -1.703379463788e-01  -2.346914828016e-01  -9.974507696672e-26  -1.502587561734e-01  -2.845951460875e-01  -3.751577296841e-01  -2.907979361288e-01  -1.650572407792e-01   2.413021874655e-01  -1.322855186363e-25  -1.708657356532e-01
   1.723271129609e+00   1.636601619124e+00   1.884874857442e-01  -2.588632853813e-16  -3.984342355044e-01   1.063424951838e+00  -1.329891354388e-01  -5.929785279899e-16  -6.571509742073e-02   6.832241013794e-01   6.486854209155e-02  -2.515793878729e-16  -1.029593147340e-01   4.312956605880e-01   5.551498453912e-02  -2.629683975532e-17  -1.044723569978e-01  -6.414530972637e-16   7.499093348481e-16  -1.272233861622e-01   3.932176653356e-01  -1.357432635341e-01   2.716116204322e-01   4.204225592411e-01   3.715401235155e-01   2.346914828016e-01   4.070951162806e-01   2.919097922587e-26   1.845998714670e-01   3.251808798974e-01   5.679815115263e-01   4.279902947881e-01   2.413021874655e-01   8.960904081637e-01   0.000000000000e+00   3.491949008218e-01
  -2.419684177990e-17  -1.860983027985e-17  -2.588632853860e-16  -3.494516971043e-01   2.002037081186e-16  -2.569140574332e-16  -5.929785280270e-16  -2.092623250421e-01   4.586069437305e-16  -1.517448556742e-16  -2.515793879627e-16  -4.827783216083e-02   1.945703744552e-16  -2.430838311546e-17  -2.629683981835e-17  -7.295146318889e-02   2.033785841730e-17   1.970912550133e-01  -1.389585632096e-01  -2.444152387420e-16   7.499093348689e-16  -8.129954440317e-16  -3.959957240004e-27  -4.868263103572e-26  -1.127317493327e-25  -9.974507642506e-26  -2.919098115180e-26  -1.106297401365e-01  -1.925929966996e-34  -1.726543329187e-25  -3.149387831038e-25  -2.369227549838e-25  -1.322855186363e-25   0.000000000000e+00   1.352355029951e+00   0.000000000000e+00
  -1.330363262284e+00  -1.264851034938e+00  -3.808359734556e-01   2.002037081114e-16  -2.334891124631e-02  -8.217778157304e-01  -2.305668730313e-02   4.586069436252e-16  -1.564621451679e-01  -5.086176838912e-01  -6.265324420076e-02   1.945703741637e-16   1.767794586136e-02  -3.127917746292e-01  -8.526545609847e-02   2.033785820611e-17   1.215802963356e-04   7.499093347989e-16  -2.517972647549e-16  -1.436686248883e-01  -2.013173918146e-01   2.721569373020e-01  -3.283972472209e-03  -1.711693350823e-01  -2.203492426060e-01  -1.502587561734e-01  -1.845998714670e-01   7.222237314061e-34  -1.538876743743e-01  -2.354991703782e-01  -4.101417869616e-01  -3.056292815579e-01  -1.708657356532e-01   3.491949008218e-01   0.000000000000e+00   1.092632671717e+00
