ARMA_MAT_TXT_FN008
36 36
   1.000000000000e+00   9.019786511306e-01   1.462211344750e-33   0.000000000000e+00  -3.704133815865e-17   3.524808859889e-01  -4.373092697076e-34   0.000000000000e+00   1.732821917574e-17   1.579450275960e-01  -2.194704569465e-34   0.000000000000e+00   3.979683563501e-18   7.194213528220e-02  -1.766303287510e-35   0.000000000000e+00   3.111453826721e-19   0.000000000000e+00   0.000000000000e+00   0.000000000000e+00  -5.067997230130e-50   0.000000000000e+00   1.433382861083e-02   6.763484689177e-02   5.952103284891e-02   3.417067092978e-02   7.773766274648e-02  -6.020774078853e-17   6.012196097602e-02   1.433382861083e-02   6.763484689177e-02   5.952103284891e-02   3.417067092978e-02  -7.773766274648e-02  -6.020774078853e-17   6.012196097602e-02
   9.019786511306e-01   1.000000000000e+00  -2.853630820152e-33   0.000000000000e+00  -2.965239200479e-18   4.014863665549e-01   1.177373085764e-33   0.000000000000e+00  -7.887365378790e-19   1.702974760105e-01  -2.077385924382e-36   0.000000000000e+00   0.000000000000e+00   7.611738684957e-02   6.658909948825e-35   0.000000000000e+00  -1.021203425488e-20   0.000000000000e+00   0.000000000000e+00   0.000000000000e+00  -4.987084018923e-51   0.000000000000e+00   1.308549516069e-02   7.172282324474e-02   6.294038977577e-02   3.593387998949e-02   8.309482292674e-02  -6.435685590340e-17   6.426516471949e-02   1.308549516069e-02   7.172282324474e-02   6.294038977577e-02   3.593387998949e-02  -8.309482292674e-02  -6.435685590340e-17   6.426516471949e-02
   1.462211344750e-33  -2.853630820152e-33   1.000000000000e+00   0.000000000000e+00  -3.820940117579e-50   4.439221475940e-33   6.119923480445e-01   0.000000000000e+00  -1.842258928220e-49   1.737470963870e-33   1.971949078096e-01   0.000000000000e+00   0.000000000000e+00  -6.431126233615e-34   5.657041005734e-02   0.000000000000e+00  -1.330647038517e-50   0.000000000000e+00   0.000000000000e+00  -4.971975220418e-36   4.256312293100e-17   8.611713695738e-36  -6.066062504932e-02  -7.891015320198e-02  -2.359807590754e-02  -4.903173022521e-03  -1.086775684832e-01   1.415085466889e-16  -1.413069351279e-01   6.066062504932e-02   7.891015320198e-02   2.359807590754e-02   4.903173022521e-03  -1.086775684832e-01  -1.415085466889e-16   1.413069351279e-01
   0.000000000000e+00   0.000000000000e+00   0.000000000000e+00   1.000000000000e+00   0.000000000000e+00   0.000000000000e+00   0.000000000000e+00   6.119923480445e-01   0.000000000000e+00   0.000000000000e+00   0.000000000000e+00   1.971949078096e-01   0.000000000000e+00   0.000000000000e+00   0.000000000000e+00   5.657041005734e-02   0.000000000000e+00   8.611713695738e-36   4.256312293100e-17   0.000000000000e+00   0.000000000000e+00   0.000000000000e+00   4.698159244832e-17   6.111583345465e-17   1.827668580650e-17   3.797502522606e-18   1.415085466889e-16   7.403222155668e-02   1.094420776394e-16   4.698159244832e-17   6.111583345465e-17   1.827668580650e-17   3.797502522606e-18  -1.415085466889e-16   7.403222155668e-02   1.094420776394e-16
  -3.704133815865e-17  -2.965239200479e-18  -3.820940117579e-50   0.000000000000e+00   1.000000000000e+00  -6.282136497664e-17  -1.842258928220e-49   0.000000000000e+00   6.119923480445e-01   0.000000000000e+00   0.000000000000e+00   0.000000000000e+00   1.971949078096e-01   1.485504764182e-17  -1.330647038517e-50   0.000000000000e+00   5.657041005734e-02   0.000000000000e+00   0.000000000000e+00   4.914766096353e-17   8.611713695738e-36   0.000000000000e+00  -4.691465633447e-02  -6.102875985470e-02  -1.825064645240e-02  -3.792092104441e-03  -1.413069351279e-01   1.094420776394e-16  -3.525393060239e-02  -4.691465633447e-02  -6.102875985470e-02  -1.825064645240e-02  -3.792092104441e-03   1.413069351279e-01   1.094420776394e-16  -3.525393060239e-02
   3.524808859889e-01   4.014863665549e-01   4.439221475940e-33   0.000000000000e+00  -6.282136497664e-17   1.000000000000e+00   0.000000000000e+00   0.000000000000e+00   0.000000000000e+00   7.543153851937e-01   1.175176785407e-33   0.000000000000e+00   2.117010293141e-17   4.176890115920e-01   0.000000000000e+00   0.000000000000e+00   6.740027038636e-18   0.000000000000e+00   0.000000000000e+00   0.000000000000e+00  -2.158630419204e-49   0.000000000000e+00   1.681844237709e-01   3.772389980175e-01   3.475578995452e-01   2.119698922263e-01   3.507095811179e-01  -2.716242141324e-16   2.712372227944e-01   1.681844237709e-01   3.772389980175e-01   3.475578995452e-01   2.119698922263e-01  -3.507095811179e-01  -2.716242141324e-16   2.712372227944e-01
  -4.373092697076e-34   1.177373085764e-33   6.119923480445e-01   0.000000000000e+00  -1.842258928220e-49   0.000000000000e+00   1.000000000000e+00   0.000000000000e+00   0.000000000000e+00   2.212056763783e-33   6.250598589784e-01   0.000000000000e+00   6.208208171094e-50   0.000000000000e+00   2.333933173537e-01   0.000000000000e+00   0.000000000000e+00   0.000000000000e+00   0.000000000000e+00   1.944417669305e-33   6.066943523367e-17  -3.367830194371e-33  -2.650980590263e-01  -2.723255675217e-01  -9.661386595030e-02  -2.210977394374e-02  -1.763664532341e-01   3.357071057266e-16  -3.352288135301e-01   2.650980590263e-01   2.723255675217e-01   9.661386595030e-02   2.210977394374e-02  -1.763664532341e-01  -3.357071057266e-16   3.352288135301e-01
   0.000000000000e+00   0.000000000000e+00   0.000000000000e+00   6.119923480445e-01   0.000000000000e+00   0.000000000000e+00   0.000000000000e+00   1.000000000000e+00   0.000000000000e+00   0.000000000000e+00   0.000000000000e+00   6.250598589784e-01   0.000000000000e+00   0.000000000000e+00   0.000000000000e+00   2.333933173537e-01   0.000000000000e+00  -3.367830194371e-33   6.066943523367e-17   0.000000000000e+00   0.000000000000e+00   0.000000000000e+00   2.053181772837e-16   2.109158752677e-16   7.482734098507e-17   1.712399744817e-17   3.357071057266e-16   2.570842197987e-01   2.596343753695e-16   2.053181772837e-16   2.109158752677e-16   7.482734098507e-17   1.712399744817e-17  -3.357071057266e-16   2.570842197987e-01   2.596343753695e-16
   1.732821917574e-17  -7.887365378790e-19  -1.842258928220e-49   0.000000000000e+00   6.119923480445e-01   0.000000000000e+00   0.000000000000e+00   0.000000000000e+00   1.000000000000e+00   3.984887206839e-17   6.208208171094e-50   0.000000000000e+00   6.250598589784e-01   2.206561912167e-17   0.000000000000e+00   0.000000000000e+00   2.333933173537e-01   0.000000000000e+00   0.000000000000e+00   7.005502952749e-17  -3.367830194371e-33   0.000000000000e+00  -2.050256541874e-01  -2.106153769596e-01  -7.472073218035e-02  -1.709960036449e-02  -3.352288135301e-01   2.596343753695e-16  -2.180246523425e-03  -2.050256541874e-01  -2.106153769596e-01  -7.472073218035e-02  -1.709960036449e-02   3.352288135301e-01   2.596343753695e-16  -2.180246523425e-03
   1.579450275960e-01   1.702974760105e-01   1.737470963870e-33   0.000000000000e+00   0.000000000000e+00   7.543153851937e-01   2.212056763783e-33   0.000000000000e+00   3.984887206839e-17   1.000000000000e+00   1.557938242377e-33   0.000000000000e+00   0.000000000000e+00   8.034172688426e-01   1.439328685112e-33   0.000000000000e+00   0.000000000000e+00   0.000000000000e+00   0.000000000000e+00   0.000000000000e+00   0.000000000000e+00   0.000000000000e+00   3.138619021096e-01   6.179060256616e-01   6.761680216555e-01   4.811119489978e-01   2.742160342331e-01  -2.123800398143e-16   2.120774554662e-01   3.138619021096e-01   6.179060256616e-01   6.761680216555e-01   4.811119489978e-01  -2.742160342331e-01  -2.123800398143e-16   2.120774554662e-01
  -2.194704569465e-34  -2.077385924382e-36   1.971949078096e-01   0.000000000000e+00   0.000000000000e+00   1.175176785407e-33   6.250598589784e-01   0.000000000000e+00   6.208208171094e-50   1.557938242377e-33   1.000000000000e+00   0.000000000000e+00   0.000000000000e+00   2.503348975432e-33   6.943342744408e-01   0.000000000000e+00   0.000000000000e+00   0.000000000000e+00   0.000000000000e+00  -9.611786896009e-34   0.000000000000e+00   1.664810325541e-33  -3.775125971117e-01  -5.019065329914e-01  -2.809944398468e-01  -8.609023331739e-02   8.192982458779e-02   2.295905925719e-16  -2.292634878221e-01   3.775125971117e-01   5.019065329914e-01   2.809944398468e-01   8.609023331739e-02   8.192982458779e-02  -2.295905925719e-16   2.292634878221e-01
   0.000000000000e+00   0.000000000000e+00   0.000000000000e+00   1.971949078096e-01   0.000000000000e+00   0.000000000000e+00   0.000000000000e+00   6.250598589784e-01   0.000000000000e+00   0.000000000000e+00   0.000000000000e+00   1.000000000000e+00   0.000000000000e+00   0.000000000000e+00   0.000000000000e+00   6.943342744408e-01   0.000000000000e+00   1.664810325541e-33   0.000000000000e+00   0.000000000000e+00   0.000000000000e+00   0.000000000000e+00   2.923831227784e-16   3.887260996895e-16   2.176299080728e-16   6.667679820658e-17   2.295905925719e-16   3.783673892825e-01   1.775643383065e-16   2.923831227784e-16   3.887260996895e-16   2.176299080728e-16   6.667679820658e-17  -2.295905925719e-16   3.783673892825e-01   1.775643383065e-16
   3.979683563501e-18   0.000000000000e+00   0.000000000000e+00   0.000000000000e+00   1.971949078096e-01   2.117010293141e-17   6.208208171094e-50   0.000000000000e+00   6.250598589784e-01   0.000000000000e+00   0.000000000000e+00   0.000000000000e+00   1.000000000000e+00   0.000000000000e+00   0.000000000000e+00   0.000000000000e+00   6.943342744408e-01   0.000000000000e+00   0.000000000000e+00   0.000000000000e+00   1.664810325541e-33   0.000000000000e+00  -2.919665555874e-01  -3.881722697083e-01  -2.173198440766e-01  -6.658180172981e-02  -2.292634878221e-01   1.775643383065e-16   2.010560323277e-01  -2.919665555874e-01  -3.881722697083e-01  -2.173198440766e-01  -6.658180172981e-02   2.292634878221e-01   1.775643383065e-16   2.010560323277e-01
   7.194213528220e-02   7.611738684957e-02  -6.431126233615e-34   0.000000000000e+00   1.485504764182e-17   4.176890115920e-01   0.000000000000e+00   0.000000000000e+00   2.206561912167e-17   8.034172688426e-01   2.503348975432e-33   0.000000000000e+00   0.000000000000e+00   1.000000000000e+00  -8.957541373149e-34   0.000000000000e+00   1.613647199611e-17   0.000000000000e+00   0.000000000000e+00   0.000000000000e+00   0.000000000000e+00   0.000000000000e+00   2.540678473717e-01   5.834836680619e-01   8.526427881779e-01   8.061760167779e-01   9.181508696631e-02  -7.111069153921e-17   7.100937795880e-02   2.540678473717e-01   5.834836680619e-01   8.526427881779e-01   8.061760167779e-01  -9.181508696631e-02  -7.111069153921e-17   7.100937795880e-02
  -1.766303287510e-35   6.658909948825e-35   5.657041005734e-02   0.000000000000e+00  -1.330647038517e-50   0.000000000000e+00   2.333933173537e-01   0.000000000000e+00   0.000000000000e+00   1.439328685112e-33   6.943342744408e-01   0.000000000000e+00   0.000000000000e+00  -8.957541373149e-34   1.000000000000e+00   0.000000000000e+00  -1.445431155218e-50   0.000000000000e+00   0.000000000000e+00   0.000000000000e+00   0.000000000000e+00   0.000000000000e+00  -1.981752512703e-01  -3.861330497694e-01  -3.899039971267e-01  -2.007211126141e-01   1.515718762666e-01   5.326201005340e-17  -5.318612603622e-02   1.981752512703e-01   3.861330497694e-01   3.899039971267e-01   2.007211126141e-01   1.515718762666e-01  -5.326201005340e-17   5.318612603622e-02
   0.000000000000e+00   0.000000000000e+00   0.000000000000e+00   5.657041005734e-02   0.000000000000e+00   0.000000000000e+00   0.000000000000e+00   2.333933173537e-01   0.000000000000e+00   0.000000000000e+00   0.000000000000e+00   6.943342744408e-01   0.000000000000e+00   0.000000000000e+00   0.000000000000e+00   1.000000000000e+00   0.000000000000e+00   0.000000000000e+00   0.000000000000e+00   0.000000000000e+00   0.000000000000e+00   0.000000000000e+00   1.534865306935e-16   2.990596546003e-16   3.019802494960e-16   1.554582977169e-16   5.326201005340e-17   2.203415082193e-01   4.119260055937e-17   1.534865306935e-16   2.990596546003e-16   3.019802494960e-16   1.554582977169e-16  -5.326201005340e-17   2.203415082193e-01   4.119260055937e-17
   3.111453826721e-19  -1.021203425488e-20  -1.330647038517e-50   0.000000000000e+00   5.657041005734e-02   6.740027038636e-18   0.000000000000e+00   0.000000000000e+00   2.333933173537e-01   0.000000000000e+00   0.000000000000e+00   0.000000000000e+00   6.943342744408e-01   1.613647199611e-17  -1.445431155218e-50   0.000000000000e+00   1.000000000000e+00   0.000000000000e+00   0.000000000000e+00   0.000000000000e+00   0.000000000000e+00   0.000000000000e+00  -1.532678537319e-01  -2.986335751500e-01  -3.015500089847e-01  -1.552368115183e-01  -5.318612603622e-02   4.119260055937e-17   1.792075960197e-01  -1.532678537319e-01  -2.986335751500e-01  -3.015500089847e-01  -1.552368115183e-01   5.318612603622e-02   4.119260055937e-17   1.792075960197e-01
   0.000000000000e+00   0.000000000000e+00   0.000000000000e+00   8.611713695738e-36   0.000000000000e+00   0.000000000000e+00   0.000000000000e+00  -3.367830194371e-33   0.000000000000e+00   0.000000000000e+00   0.000000000000e+00   1.664810325541e-33   0.000000000000e+00   0.000000000000e+00   0.000000000000e+00   0.000000000000e+00   0.000000000000e+00   1.000000000000e+00   0.000000000000e+00   0.000000000000e+00   0.000000000000e+00   0.000000000000e+00  -2.353705192268e-16  -1.019731476330e-16  -1.232955068817e-17  -9.972441830583e-19  -1.692192453014e-16  -2.299422216650e-01  -2.686074314000e-16   2.353705192268e-16   1.019731476330e-16   1.232955068817e-17   9.972441830583e-19  -1.692192453014e-16   2.299422216650e-01   2.686074314000e-16
   0.000000000000e+00   0.000000000000e+00   0.000000000000e+00   4.256312293100e-17   0.000000000000e+00   0.000000000000e+00   0.000000000000e+00   6.066943523367e-17   0.000000000000e+00   0.000000000000e+00   0.000000000000e+00   0.000000000000e+00   0.000000000000e+00   0.000000000000e+00   0.000000000000e+00   0.000000000000e+00   0.000000000000e+00   0.000000000000e+00   1.000000000000e+00   0.000000000000e+00   0.000000000000e+00   0.000000000000e+00  -1.820345077521e-16  -7.886557668436e-17  -9.535619404246e-18  -7.712641947176e-19  -2.686074314000e-16  -1.778362866757e-01  -2.964977012067e-17  -1.820345077521e-16  -7.886557668436e-17  -9.535619404246e-18  -7.712641947176e-19   2.686074314000e-16  -1.778362866757e-01  -2.964977012067e-17
   0.000000000000e+00   0.000000000000e+00  -4.971975220418e-36   0.000000000000e+00   4.914766096353e-17   0.000000000000e+00   1.944417669305e-33   0.000000000000e+00   7.005502952749e-17   0.000000000000e+00  -9.611786896009e-34   0.000000000000e+00   0.000000000000e+00   0.000000000000e+00   0.000000000000e+00   0.000000000000e+00   0.000000000000e+00   0.000000000000e+00   0.000000000000e+00   1.000000000000e+00   0.000000000000e+00   0.000000000000e+00   1.721945912346e-02   7.460248008653e-03   9.020169339092e-04   7.295733341073e-05   1.581659831664e-01  -1.224993932105e-16  -1.856966193790e-01   1.721945912346e-02   7.460248008653e-03   9.020169339092e-04   7.295733341073e-05  -1.581659831664e-01  -1.224993932105e-16  -1.856966193790e-01
  -5.067997230130e-50  -4.987084018923e-51   4.256312293100e-17   0.000000000000e+00   8.611713695738e-36  -2.158630419204e-49   6.066943523367e-17   0.000000000000e+00  -3.367830194371e-33   0.000000000000e+00   0.000000000000e+00   0.000000000000e+00   1.664810325541e-33   0.000000000000e+00   0.000000000000e+00   0.000000000000e+00   0.000000000000e+00   0.000000000000e+00   0.000000000000e+00   0.000000000000e+00   1.000000000000e+00   0.000000000000e+00   2.350351796385e-01   1.018278633661e-01   1.231198439964e-02   9.958233787243e-04   1.689781534593e-01  -2.686074314000e-16   3.828251649977e-02  -2.350351796385e-01  -1.018278633661e-01  -1.231198439964e-02  -9.958233787243e-04   1.689781534593e-01   2.686074314000e-16  -3.828251649977e-02
   0.000000000000e+00   0.000000000000e+00   8.611713695738e-36   0.000000000000e+00   0.000000000000e+00   0.000000000000e+00  -3.367830194371e-33   0.000000000000e+00   0.000000000000e+00   0.000000000000e+00   1.664810325541e-33   0.000000000000e+00   0.000000000000e+00   0.000000000000e+00   0.000000000000e+00   0.000000000000e+00   0.000000000000e+00   0.000000000000e+00   0.000000000000e+00   0.000000000000e+00   0.000000000000e+00   1.000000000000e+00   1.519501795324e-01   6.583168589349e-02   7.959694556379e-03   6.437995427429e-04  -5.726780708427e-03  -3.517446481176e-16   1.734072200675e-01   1.519501795324e-01   6.583168589349e-02   7.959694556379e-03   6.437995427429e-04   5.726780708427e-03  -3.517446481176e-16   1.734072200675e-01
   1.433382861083e-02   1.308549516069e-02  -6.066062504932e-02   4.698159244832e-17  -4.691465633447e-02   1.681844237709e-01  -2.650980590263e-01   2.053181772837e-16  -2.050256541874e-01   3.138619021096e-01  -3.775125971117e-01   2.923831227784e-16  -2.919665555874e-01   2.540678473717e-01  -1.981752512703e-01   1.534865306935e-16  -1.532678537319e-01  -2.353705192268e-16  -1.820345077521e-16   1.721945912346e-02   2.350351796385e-01   1.519501795324e-01   1.000000000000e+00   7.063772200372e-01   3.736639626622e-01   1.837659445759e-01   0.000000000000e+00  -2.810154774707e-31  -2.002667028614e-17   6.301848271728e-03   8.453839659272e-02   1.713485685471e-01   1.378518499868e-01  -6.090881383909e-02  -6.659476173299e-33  -3.938416058736e-18
   6.763484689177e-02   7.172282324474e-02  -7.891015320198e-02   6.111583345465e-17  -6.102875985470e-02   3.772389980175e-01  -2.723255675217e-01   2.109158752677e-16  -2.106153769596e-01   6.179060256616e-01  -5.019065329914e-01   3.887260996895e-16  -3.881722697083e-01   5.834836680619e-01  -3.861330497694e-01   2.990596546003e-16  -2.986335751500e-01  -1.019731476330e-16  -7.886557668436e-17   7.460248008653e-03   1.018278633661e-01   6.583168589349e-02   7.063772200372e-01   1.000000000000e+00   7.889632276872e-01   4.631805400595e-01  -3.388235282423e-16   0.000000000000e+00  -1.694117641212e-16   8.453839659272e-02   2.620813242860e-01   4.151714802989e-01   3.548370697777e-01  -2.048134466518e-01   0.000000000000e+00  -2.618741392974e-17
   5.952103284891e-02   6.294038977577e-02  -2.359807590754e-02   1.827668580650e-17  -1.825064645240e-02   3.475578995452e-01  -9.661386595030e-02   7.482734098507e-17  -7.472073218035e-02   6.761680216555e-01  -2.809944398468e-01   2.176299080728e-16  -2.173198440766e-01   8.526427881779e-01  -3.899039971267e-01   3.019802494960e-16  -3.015500089847e-01  -1.232955068817e-17  -9.535619404246e-18   9.020169339092e-04   1.231198439964e-02   7.959694556379e-03   3.736639626622e-01   7.889632276872e-01   1.000000000000e+00   8.208664008791e-01   0.000000000000e+00   0.000000000000e+00  -1.010168735038e-16   1.713485685471e-01   4.151714802989e-01   6.555810376096e-01   6.593412819744e-01  -1.495441306988e-01   0.000000000000e+00   0.000000000000e+00
   3.417067092978e-02   3.593387998949e-02  -4.903173022521e-03   3.797502522606e-18  -3.792092104441e-03   2.119698922263e-01  -2.210977394374e-02   1.712399744817e-17  -1.709960036449e-02   4.811119489978e-01  -8.609023331739e-02   6.667679820658e-17  -6.658180172981e-02   8.061760167779e-01  -2.007211126141e-01   1.554582977169e-16  -1.552368115183e-01  -9.972441830583e-19  -7.712641947176e-19   7.295733341073e-05   9.958233787243e-04   6.437995427429e-04   1.837659445759e-01   4.631805400595e-01   8.208664008791e-01   1.000000000000e+00   0.000000000000e+00   0.000000000000e+00   0.000000000000e+00   1.378518499868e-01   3.548370697777e-01   6.593412819744e-01   8.624753299297e-01  -4.636316931465e-02   0.000000000000e+00   0.000000000000e+00
   7.773766274648e-02   8.309482292674e-02  -1.086775684832e-01   1.415085466889e-16  -1.413069351279e-01   3.507095811179e-01  -1.763664532341e-01   3.357071057266e-16  -3.352288135301e-01   2.742160342331e-01   8.192982458779e-02   2.295905925719e-16  -2.292634878221e-01   9.181508696631e-02   1.515718762666e-01   5.326201005340e-17  -5.318612603622e-02  -1.692192453014e-16  -2.686074314000e-16   1.581659831664e-01   1.689781534593e-01  -5.726780708427e-03   0.000000000000e+00  -3.388235282423e-16   0.000000000000e+00   0.000000000000e+00   1.000000000000e+00   0.000000000000e+00   0.000000000000e+00   6.090881383909e-02   2.048134466518e-01   1.495441306988e-01   4.636316931465e-02  -2.368209116446e-01   0.000000000000e+00  -2.189324106386e-17
  -6.020774078853e-17  -6.435685590340e-17   1.415085466889e-16   7.403222155668e-02   1.094420776394e-16  -2.716242141324e-16   3.357071057266e-16   2.570842197987e-01   2.596343753695e-16  -2.123800398143e-16   2.295905925719e-16   3.783673892825e-01   1.775643383065e-16  -7.111069153921e-17   5.326201005340e-17   2.203415082193e-01   4.119260055937e-17  -2.299422216650e-01  -1.778362866757e-01  -1.224993932105e-16  -2.686074314000e-16  -3.517446481176e-16  -2.810154774707e-31   0.000000000000e+00   0.000000000000e+00   0.000000000000e+00   0.000000000000e+00   1.000000000000e+00   0.000000000000e+00  -6.659476173299e-33   0.000000000000e+00   0.000000000000e+00   0.000000000000e+00   0.000000000000e+00   4.585526387038e-02   0.000000000000e+00
   6.012196097602e-02   6.426516471949e-02  -1.413069351279e-01   1.094420776394e-16  -3.525393060239e-02   2.712372227944e-01  -3.352288135301e-01   2.596343753695e-16  -2.180246523425e-03   2.120774554662e-01  -2.292634878221e-01   1.775643383065e-16   2.010560323277e-01   7.100937795880e-02  -5.318612603622e-02   4.119260055937e-17   1.792075960197e-01  -2.686074314000e-16  -2.964977012067e-17  -1.856966193790e-01   3.828251649977e-02   1.734072200675e-01  -2.002667028614e-17  -1.694117641212e-16  -1.010168735038e-16   0.000000000000e+00   0.000000000000e+00   0.000000000000e+00   1.000000000000e+00   3.845535111360e-18   0.000000000000e+00  -4.806551335055e-17   0.000000000000e+00  -2.189324106386e-17   0.000000000000e+00   4.585526387038e-02
   1.433382861083e-02   1.308549516069e-02   6.066062504932e-02   4.698159244832e-17  -4.691465633447e-02   1.681844237709e-01   2.650980590263e-01   2.053181772837e-16  -2.050256541874e-01   3.138619021096e-01   3.775125971117e-01   2.923831227784e-16  -2.919665555874e-01   2.540678473717e-01   1.981752512703e-01   1.534865306935e-16  -1.532678537319e-01   2.353705192268e-16  -1.820345077521e-16   1.721945912346e-02  -2.350351796385e-01   1.519501795324e-01   6.301848271728e-03   8.453839659272e-02   1.713485685471e-01   1.378518499868e-01   6.090881383909e-02  -6.659476173299e-33   3.845535111360e-18   1.000000000000e+00   7.063772200372e-01   3.736639626622e-01   1.837659445759e-01   0.000000000000e+00  -2.810154774707e-31   2.002667028614e-17
   6.763484689177e-02   7.172282324474e-02   7.891015320198e-02   6.111583345465e-17  -6.102875985470e-02   3.772389980175e-01   2.723255675217e-01   2.109158752677e-16  -2.106153769596e-01   6.179060256616e-01   5.019065329914e-01   3.887260996895e-16  -3.881722697083e-01   5.834836680619e-01   3.861330497694e-01   2.990596546003e-16  -2.986335751500e-01   1.019731476330e-16  -7.886557668436e-17   7.460248008653e-03  -1.018278633661e-01   6.583168589349e-02   8.453839659272e-02   2.620813242860e-01   4.151714802989e-01   3.548370697777e-01   2.048134466518e-01   0.000000000000e+00   0.000000000000e+00   7.063772200372e-01   1.000000000000e+00   7.889632276872e-01   4.631805400595e-01   3.388235282423e-16   0.000000000000e+00  -1.694117641212e-16
   5.952103284891e-02   6.294038977577e-02   2.359807590754e-02   1.827668580650e-17  -1.825064645240e-02   3.475578995452e-01   9.661386595030e-02   7.482734098507e-17  -7.472073218035e-02   6.761680216555e-01   2.809944398468e-01   2.176299080728e-16  -2.173198440766e-01   8.526427881779e-01   3.899039971267e-01   3.019802494960e-16  -3.015500089847e-01   1.232955068817e-17  -9.535619404246e-18   9.020169339092e-04  -1.231198439964e-02   7.959694556379e-03   1.713485685471e-01   4.151714802989e-01   6.555810376096e-01   6.593412819744e-01   1.495441306988e-01   0.000000000000e+00  -4.806551335055e-17   3.736639626622e-01   7.889632276872e-01   1.000000000000e+00   8.208664008791e-01   0.000000000000e+00   0.000000000000e+00   0.000000000000e+00
   3.417067092978e-02   3.593387998949e-02   4.903173022521e-03   3.797502522606e-18  -3.792092104441e-03   2.119698922263e-01   2.210977394374e-02   1.712399744817e-17  -1.709960036449e-02   4.811119489978e-01   8.609023331739e-02   6.667679820658e-17  -6.658180172981e-02   8.061760167779e-01   2.007211126141e-01   1.554582977169e-16  -1.552368115183e-01   9.972441830583e-19  -7.712641947176e-19   7.295733341073e-05  -9.958233787243e-04   6.437995427429e-04   1.378518499868e-01   3.548370697777e-01   6.593412819744e-01   8.624753299297e-01   4.636316931465e-02   0.000000000000e+00   0.000000000000e+00   1.837659445759e-01   4.631805400595e-01   8.208664008791e-01   1.000000000000e+00   0.000000000000e+00   0.000000000000e+00   0.000000000000e+00
  -7.773766274648e-02  -8.309482292674e-02  -1.086775684832e-01  -1.415085466889e-16   1.413069351279e-01  -3.507095811179e-01  -1.763664532341e-01  -3.357071057266e-16   3.352288135301e-01  -2.742160342331e-01   8.192982458779e-02  -2.295905925719e-16   2.292634878221e-01  -9.181508696631e-02   1.515718762666e-01  -5.326201005340e-17   5.318612603622e-02  -1.692192453014e-16   2.686074314000e-16  -1.581659831664e-01   1.689781534593e-01   5.726780708427e-03  -6.090881383909e-02  -2.048134466518e-01  -1.495441306988e-01  -4.636316931465e-02  -2.368209116446e-01   0.000000000000e+00  -2.189324106386e-17   0.000000000000e+00   3.388235282423e-16   0.000000000000e+00   0.000000000000e+00   1.000000000000e+00   0.000000000000e+00   0.000000000000e+00
  -6.020774078853e-17  -6.435685590340e-17  -1.415085466889e-16   7.403222155668e-02   1.094420776394e-16  -2.716242141324e-16  -3.357071057266e-16   2.570842197987e-01   2.596343753695e-16  -2.123800398143e-16  -2.295905925719e-16   3.783673892825e-01   1.775643383065e-16  -7.111069153921e-17  -5.326201005340e-17   2.203415082193e-01   4.119260055937e-17   2.299422216650e-01  -1.778362866757e-01  -1.224993932105e-16   2.686074314000e-16  -3.517446481176e-16  -6.659476173299e-33   0.000000000000e+00   0.000000000000e+00   0.000000000000e+00   0.000000000000e+00   4.585526387038e-02   0.000000000000e+00  -2.810154774707e-31   0.000000000000e+00   0.000000000000e+00   0.000000000000e+00   0.000000000000e+00   1.000000000000e+00   0.000000000000e+00
   6.012196097602e-02   6.426516471949e-02   1.413069351279e-01   1.094420776394e-16  -3.525393060239e-02   2.712372227944e-01   3.352288135301e-01   2.596343753695e-16  -2.180246523425e-03   2.120774554662e-01   2.292634878221e-01   1.775643383065e-16   2.010560323277e-01   7.100937795880e-02   5.318612603622e-02   4.119260055937e-17   1.792075960197e-01   2.686074314000e-16  -2.964977012067e-17  -1.856966193790e-01  -3.828251649977e-02   1.734072200675e-01  -3.938416058736e-18  -2.618741392974e-17   0.000000000000e+00   0.000000000000e+00  -2.189324106386e-17   0.000000000000e+00   4.585526387038e-02   2.002667028614e-17  -1.694117641212e-16   0.000000000000e+00   0.000000000000e+00   0.000000000000e+00   0.000000000000e+00   1.000000000000e+00
