ARMA_MAT_TXT_FN008
96 96
   1.716019139881e-01   3.211802123294e-01  -1.031292599445e-01  -8.968345554173e-02   3.377331477958e-02   3.999654416275e-02  -1.152904031968e-02  -7.126009151368e-03  -2.366887305282e-16   4.182230567527e-17  -3.134130807001e-05   8.569098055323e-16   4.639703463181e-16  -2.235391766192e-04  -1.924253858611e-15  -1.832107644590e-15   5.860923898458e-04   4.210999444269e-15   5.724119700584e-15   1.684902540927e-04  -4.712133935444e-15  -6.410565917478e-15  -4.663876421246e-04   2.488729141740e-15   3.943390870060e-15  -9.716553252285e-04  -1.261307950429e-15  -2.414258290097e-15  -4.050245566660e-04   1.555755649583e-16   3.719619511647e-17  -8.300799691269e-05   4.410110973095e-17  -1.356989129940e-14   2.788480515968e-16  -1.314626098384e-16   3.825651395413e-05  -5.876381551605e-16  -1.739399457616e-14   1.330688464809e-04   6.993098133544e-16   1.151294142638e-15  -3.525020675584e-05   1.449137748869e-16   3.140296463777e-16  -1.818549293675e-05   3.507580178848e-16   1.066010336448e-13  -9.851170562407e-06  -3.193377321809e-05   8.468050557259e-05   1.184840957174e-04  -2.499554193339e-04  -2.513571029246e-04   5.236672617914e-04   7.414377667588e-04   1.082608271611e-17   5.552738884059e-17  -8.808658565369e-06  -1.129269943596e-16  -2.452347207143e-16  -7.265909806211e-05  -2.496638486063e-16   9.878781463939e-16   1.782349179161e-04   5.342360028553e-16  -3.435855675944e-15   8.015427560988e-05  -5.991033587132e-16   4.447065001043e-15  -9.036094806084e-05   5.700900866268e-16  -3.104469175714e-15  -3.067528721183e-04  -2.668696818316e-16   2.520341084654e-15   4.405313223496e-04  -4.270644207964e-17   1.518616556039e-16   1.369366370006e-04  -1.718098288125e-16   1.254765648121e-15  -2.354644906559e-16  -1.450115714025e-16   2.233721827812e-05   2.743544787362e-16   2.778035845725e-16  -7.642411549501e-05   3.821132133233e-17  -1.481718771907e-15  -1.043553550596e-04  -2.621826721521e-16   1.279101797807e-16  -2.168436851682e-04  -8.410322108388e-16  -4.902129760024e-15
   3.211802123294e-01   6.283970786782e-01  -3.133773382636e-01  -2.708406550134e-01   1.106009579298e-01   1.287706273228e-01  -3.751871950005e-02  -2.326307320520e-02  -3.562239058789e-16   5.702282918345e-17  -9.779383274661e-05   2.144552347517e-15   9.850884768039e-16  -7.262108589668e-04  -3.364678489858e-15  -3.669137574986e-15   1.900991412159e-03   7.417115125233e-15   1.139145056081e-14   5.539440501068e-04  -8.347566121819e-15  -1.280005330328e-14  -1.519174593998e-03   4.439881114454e-15   7.689168473309e-15  -3.153933389683e-03  -2.431131080336e-15  -4.700336680856e-15  -1.308245400505e-03   2.581867322059e-16   4.771089277894e-18  -2.611818003983e-04   6.936892198505e-17  -4.468130585999e-14   4.306862679577e-16  -2.694296235943e-16   1.256396461976e-04  -1.042024003475e-15  -5.634141022473e-14   4.728875614280e-04   1.347812061133e-15   2.110585758094e-15  -1.302602504908e-04   3.134023579535e-16   5.646657600145e-16  -6.132807666515e-05   5.912762312793e-16   3.474341846846e-13  -3.193377321799e-05  -1.034646806138e-04   2.738998514868e-04   3.844544636725e-04  -8.111225774580e-04  -8.106264880183e-04   1.692230629119e-03   2.422608845331e-03   9.564102753794e-17   1.583995871040e-16  -2.908199191256e-05  -1.888006169703e-16   9.638792295275e-17  -2.399503697295e-04  -3.937540380052e-16   1.951955108311e-15   5.868501467731e-04   6.454126125482e-16  -6.688103551805e-15   2.606295831955e-04  -8.335121094659e-16   8.143888853809e-15  -2.943200269072e-04   1.522668325616e-15  -5.258052452453e-15  -1.012208225593e-03  -9.852846432725e-16   4.579373541630e-15   1.439072023315e-03   2.804066085052e-17   1.236740848861e-16   4.474325501280e-04  -4.557837824827e-16   3.943160964040e-15  -4.822255307112e-16  -3.574810589565e-16   7.325747184061e-05   6.883257665952e-16   9.474582778086e-16  -2.783917155162e-04   3.116629023165e-16  -2.713791360947e-15  -3.530832665678e-04  -4.826765522310e-16   2.219499134164e-16  -7.075129173592e-04  -2.715339838890e-15  -1.591017104509e-14
  -1.031292599445e-01  -3.133773382636e-01   6.038833225015e-01   5.306579461497e-01  -2.999180109006e-01  -3.294223980667e-01   1.010652197805e-01   6.323865516318e-02  -4.103565152107e-16   7.294927525041e-17   2.516417506587e-04  -4.014781551093e-15  -9.300096088318e-16   1.987560393778e-03   9.722824727380e-16   2.387735794646e-15  -5.077129743347e-03  -5.211923224675e-16  -6.648454276054e-15  -1.552098522294e-03   8.050927828199e-16   7.609893249290e-15   4.102957347073e-03  -7.875522410911e-16  -4.232020569284e-15   8.417786743846e-03   6.873515353928e-16   2.182938321941e-15   3.435245835878e-03  -1.801802508413e-16   1.892692364528e-16   6.102072648448e-04  -2.526043599868e-16   1.249213359764e-13   1.023063256548e-16   1.640195833535e-16  -3.424816374503e-04   1.783391116492e-16   1.500831348638e-13  -1.624968665804e-03  -3.670731229431e-16  -6.109430118966e-16   4.883673851328e-04  -2.684708026694e-16  -7.613924339505e-17   1.806495399595e-04  -2.120209380167e-17  -9.379210177095e-13   8.468050557246e-05   2.738998514865e-04  -7.214019315914e-04  -1.024597551547e-03   2.163791467862e-03   2.117222168129e-03  -4.450163204650e-03  -6.607076022679e-03  -4.454941733479e-16  -3.240920207495e-16   8.164918725805e-05  -8.779712047278e-16  -2.559870213193e-15   6.746603034914e-04   3.027062093596e-16  -2.129928751048e-15  -1.639015053912e-03   1.186923526400e-15   3.980973807046e-15  -6.977875021142e-04  -4.746704512685e-16  -2.717844849555e-15   7.921866189851e-04  -2.757298596390e-15   5.323103722649e-16   2.844993150999e-03   3.977772857636e-15  -1.363926607436e-15  -3.922344497687e-03  -6.019460365393e-16  -3.591770818165e-16  -1.220847239026e-03   1.052717680903e-15  -1.026640672006e-14   2.785774447197e-16   1.449255892862e-16  -2.024585852292e-04  -1.123466557243e-15  -2.694813456043e-15   1.012890533606e-03  -1.872631376197e-15   1.005149130524e-15   1.070072435556e-03   1.980493187153e-16   3.712566433645e-18   1.919448392384e-03   6.918670633054e-15   4.246451875673e-14
  -8.968345554173e-02  -2.708406550134e-01   5.306579461497e-01   4.824042189315e-01  -3.453486743144e-01  -3.682527465259e-01   1.238174823583e-01   7.723422937459e-02   7.769361840855e-16   3.611598454426e-16   3.049726226751e-04   5.039065841949e-15   1.274446613601e-15   2.462476482939e-03   1.191499010951e-15   6.887466145261e-16  -6.605136704372e-03  -9.103457728697e-16  -6.518158323097e-15  -2.165630157816e-03   6.397537457321e-16   7.057633413675e-15   5.386250192178e-03  -1.582739760024e-15  -3.637556170078e-15   1.122185691638e-02  -1.164869983850e-16   2.295370644417e-15   4.493338411075e-03   1.228161852756e-15  -5.616219357384e-16   1.368443917755e-03  -2.637420498583e-16   1.298984510892e-13   5.492515371023e-16  -1.118345550745e-16  -1.432099633689e-04   3.733027132981e-16   1.700092817238e-13  -2.008994423887e-03  -8.574602006667e-17  -6.576212210579e-16   6.110285230908e-04  -1.527875998900e-16  -2.586861541154e-18   6.592695824544e-05  -8.345180146582e-17  -1.145079033373e-12   1.184840957174e-04   3.844544636727e-04  -1.024597551549e-03  -1.430835806050e-03   2.991311270130e-03   3.072571538589e-03  -6.169067116370e-03  -8.465817968029e-03  -3.050332360273e-17   7.198846542454e-16   7.451466384535e-05   1.883035396895e-15   5.091853753855e-15   6.195411517561e-04  -1.711733599364e-15   7.511201121900e-16  -1.570914064611e-03   2.621479304848e-16   5.541965535991e-15  -6.636470143237e-04  -3.139827187802e-16  -4.061882323210e-15   6.531265057742e-04  -3.745964240563e-15   2.852640487672e-16   2.575152789167e-03   5.138606010847e-15  -2.928529001199e-15  -5.121316794829e-03   1.000296466893e-15   5.855785925154e-16  -1.412748032781e-03  -4.359695554747e-15  -1.217510844512e-14   8.197762971660e-16   5.349475180054e-16  -2.301937299650e-04  -3.403442143429e-15  -3.714903846859e-15   1.364177827834e-03  -2.563519515646e-15   1.356908679823e-15   1.361043451739e-03   3.609058345361e-16   9.163152131690e-17   2.186342872474e-03   7.641700891373e-15   5.645365630900e-14
   3.377331477958e-02   1.106009579298e-01  -2.999180109006e-01  -3.453486743144e-01   5.660154248578e-01   5.674482168717e-01  -2.395073722068e-01  -1.475743887156e-01  -3.892350383487e-16  -5.681047637222e-16  -6.587744696620e-04  -3.526714585772e-15  -2.744691795455e-15  -5.444379113753e-03  -4.679006361186e-15   1.221844079650e-15   1.393937093940e-02   9.473859709743e-16   4.725203032060e-15   5.004571108258e-03  -9.972695611633e-16  -4.917848366613e-15  -1.099489326493e-02   1.156609098925e-15   1.939646456603e-15  -2.287472959791e-02   1.585580772323e-15  -2.363164912376e-15  -9.097050802545e-03  -3.802804665134e-15   6.747495656735e-16  -3.797854881501e-03   3.672099329772e-16  -1.998298098840e-13  -1.226465185339e-15   1.329465118511e-16  -3.687638527721e-04  -1.097302270272e-15  -2.883390682931e-13   3.835734410693e-03  -1.185612474124e-15   9.336953901461e-16  -1.173774625461e-03  -1.718578193222e-16  -3.395310855967e-16   1.500549423615e-04   5.089138957013e-16   2.187964120766e-12  -2.499554193329e-04  -8.111225774572e-04   2.163791467868e-03   2.991311270132e-03  -6.190661010425e-03  -6.540800668500e-03   1.285045880080e-02   1.676281168573e-02  -1.169220570602e-16  -3.972425730692e-16  -1.108691171486e-04  -1.744803590725e-15  -3.058342310963e-15  -9.253752128930e-04   2.928474495676e-15  -3.081244233223e-15   2.361449771460e-03   1.145153465127e-15  -1.013398217633e-14   9.673088241735e-04  -1.138466632677e-15   9.233453005488e-15  -7.465875467119e-04   5.661817156589e-15  -1.065920072341e-15  -3.527513558294e-03  -1.197787702193e-14   8.505156659458e-15   1.032026072513e-02  -2.586943868959e-15   6.724359381776e-17   2.626778062014e-03   3.325378673564e-15   2.341575179793e-14  -1.229617627602e-15  -4.762516115849e-16   4.283609589538e-04   4.253165372406e-15   7.988362531297e-15  -2.786245191346e-03   6.056687427142e-15  -3.069484947909e-15  -2.684483391281e-03  -8.734945159995e-16  -3.138668540414e-16  -3.929383784049e-03  -1.313243068528e-14  -1.143486619150e-13
   3.999654416275e-02   1.287706273228e-01  -3.294223980667e-01  -3.682527465259e-01   5.674482168717e-01   5.921793249758e-01  -3.453516888867e-01  -2.041678831547e-01   5.225722574105e-16   1.533809173370e-16  -5.900919588649e-04   2.898190533255e-15   2.754377313033e-15  -4.893974829064e-03   6.583203477893e-16  -3.236166044850e-15   1.323756906150e-02   2.283884047084e-15   2.886085276224e-15   5.278496895438e-03  -6.849869673837e-16  -3.721077813385e-15  -1.353683567608e-02   2.415818365786e-15   3.130085898793e-15  -2.553040271212e-02   2.054006204448e-15  -9.838130095611e-16  -1.116363778858e-02   3.544865094862e-15  -1.430050970354e-16   1.607754843214e-03   7.692088249205e-16  -5.929189002695e-13   1.474312392987e-15  -1.492082763534e-16   1.681033097946e-03  -8.060693064842e-16  -4.963883045698e-13   3.838664881899e-03  -1.455690807479e-15   1.607398199479e-15  -1.015956151348e-03   1.155750066719e-16   2.397448359903e-16  -4.170738462685e-04   3.747848556133e-16   3.046990789395e-12  -2.513571029267e-04  -8.106264880215e-04   2.117222168126e-03   3.072571538581e-03  -6.540800668483e-03  -6.199782835060e-03   1.358930007273e-02   2.067149378885e-02   1.650639796543e-16  -2.950967854543e-16  -3.106634506703e-04   3.320523483685e-16  -2.975517172253e-15  -2.571611379200e-03  -2.349483066403e-15   9.596716726288e-15   6.190957051707e-03  -1.792204958134e-15  -6.416396347997e-15   2.604082775866e-03   1.683566866554e-15   5.681834111947e-15  -3.190082800416e-03   9.085982771853e-15  -1.312662252016e-14  -1.090428782278e-02  -1.305674453854e-14   4.503292878942e-15   1.202937816998e-02   4.142343713121e-15  -1.216150066661e-16   4.214674891909e-03   5.263414285707e-15   3.603463389067e-14   1.200619838552e-15  -7.977750680898e-16   7.000741721709e-04   5.881918566223e-15   9.098103339850e-15  -2.074359835857e-03   8.430318325960e-15  -4.868947197137e-15  -2.988029657687e-03  -9.665115442479e-16  -6.332227336379e-16  -6.538654824134e-03  -1.782613449645e-14  -1.326635897022e-13
  -1.152904031968e-02  -3.751871950005e-02   1.010652197805e-01   1.238174823583e-01  -2.395073722068e-01  -3.453516888867e-01   6.424805175105e-01   3.539215021770e-01  -2.121971256486e-16   7.079485669293e-17   1.355276682401e-03  -4.670046247096e-16   3.398676608668e-16   1.130992357934e-02  -8.089295072471e-16  -1.271146494632e-15  -2.947313314481e-02  -1.343621292286e-15   1.429310926300e-15  -1.330278398872e-02   9.783192969924e-16  -1.786266209145e-15   2.836650871386e-02  -2.360894626232e-15   2.701871526764e-15   5.475807624969e-02  -1.841381882971e-15   2.244734846461e-15   2.478445192889e-02  -3.873769401526e-15  -2.946269996864e-16   1.116857385522e-03   1.496300353395e-15   8.867024999990e-13  -1.359742867204e-15  -1.465730424458e-17  -5.568516070071e-04   4.550001737538e-16   7.322160431056e-13   1.172852162173e-04   5.076285365195e-16  -2.460102815939e-15  -9.014851319044e-04   6.041678603037e-17  -9.129908736064e-17  -1.338727843008e-03  -5.535156210792e-16  -5.420302865772e-12   5.236672617951e-04   1.692230629126e-03  -4.450163204651e-03  -6.169067116367e-03   1.285045880079e-02   1.358930007272e-02  -2.857581569522e-02  -3.660982001222e-02   4.611723313373e-16   7.377483723846e-16   3.234601378482e-04   4.533433934409e-15   6.056878857808e-15   2.674387108853e-03  -4.656626713776e-15  -1.586677030549e-15  -6.439035317459e-03   3.671327149053e-15   6.690896138541e-15  -3.020772024051e-03  -5.406604526481e-15  -7.903167291007e-15   2.827520102010e-03  -1.610404250049e-15   8.154291355884e-15   9.453188654553e-03   1.958130308435e-14  -1.547064628031e-14  -2.368833854667e-02  -2.329853225554e-15  -1.122826142812e-15  -5.811378718889e-03  -1.895440906349e-14  -6.846162617888e-14  -5.811823669630e-16   9.897580941704e-16  -6.942291094551e-04  -1.274208947552e-14  -2.063613724096e-14  -4.952092653738e-04  -1.058917665675e-14   8.210810295528e-15   3.485351982715e-03   2.123729287592e-15   8.160805224101e-16   1.013802405065e-02   2.793972954333e-14   2.493710107216e-13
  -7.126009151368e-03  -2.326307320520e-02   6.323865516318e-02   7.723422937459e-02  -1.475743887156e-01  -2.041678831547e-01   3.539215021770e-01   1.965531071485e-01  -2.247633665882e-16  -2.446812168700e-16   9.199491973479e-04  -1.515011543273e-15  -1.999179973493e-15   7.667349270222e-03   9.090656439762e-15   1.062148878777e-15  -1.978958777330e-02   2.205789409212e-15   1.545991793937e-15  -8.818473961269e-03  -1.272212986613e-15  -3.097738910334e-15   1.853223460202e-02  -6.415466244675e-15  -3.452003739905e-15   3.868727376539e-02  -2.869067066337e-15  -3.178302583731e-15   1.575271398109e-02   4.521524440030e-15  -5.367777426023e-16   2.222971359016e-03  -3.301548695923e-15   5.930459425649e-13   1.740735816314e-15  -2.339561989060e-16   1.105066036237e-04  -1.209177185144e-15   4.433498239419e-13   4.342387344063e-04  -9.412918043650e-17  -1.579045199623e-15  -5.205314541214e-04   3.151561742355e-16  -1.113695100793e-15  -2.300538855689e-03   6.388358869031e-16  -3.002538456404e-12   7.414377667539e-04   2.422608845325e-03  -6.607076022691e-03  -8.465817968045e-03   1.676281168576e-02   2.067149378888e-02  -3.660982001225e-02  -3.140987386774e-02  -1.325539271058e-15  -3.673569891832e-16   3.310756457037e-05  -9.806341985502e-15  -1.587760678580e-15   2.624134988958e-04   1.246583132788e-14  -1.629635555522e-14  -4.757633756708e-04   7.602259382675e-15  -1.542303402756e-15  -4.637784805044e-04  -1.030408681252e-14   4.667613058256e-15  -3.524915077755e-04  -1.917730267978e-14   2.697557291587e-14  -1.234436708207e-03  -6.012696762674e-16   5.614396527811e-15  -1.522382653025e-02  -4.438173291953e-15   4.180989062258e-15  -7.323018166942e-03   2.237163408876e-14  -4.849547974783e-14  -1.488835107124e-15   2.258300103636e-15  -2.019303039375e-03   5.383775169493e-15  -3.012820513723e-14   3.119450172928e-04  -4.280678854365e-15   4.225059132488e-15   2.133246721846e-03   1.017824032386e-15   8.711969896128e-16   4.136721237087e-03   1.561014200658e-14   2.990502555453e-13
  -2.366887305282e-16  -3.562239058789e-16  -4.103565152107e-16   7.769361840855e-16  -3.892350383487e-16   5.225722574105e-16  -2.121971256486e-16  -2.247633665882e-16   1.879700803456e-02  -4.953956399003e-17   4.449112647889e-17   1.402670098176e-01  -2.621350779827e-16   2.075190247312e-16  -4.600051325910e-02  -6.195719107387e-17   6.229512735612e-16  -1.626801896174e-02   5.898902880801e-16  -1.726684371030e-15   3.374882062770e-03  -5.558586615465e-16   2.132236445859e-15   7.546401949301e-03   4.407025338989e-16  -1.893495276142e-15   5.119784154177e-03  -2.210993690955e-16   1.002930681838e-15  -4.804262961881e-17   1.068198609913e-16  -1.337194628492e-17  -1.040775462178e-05   5.071706165858e-17   1.287070958670e-16  -3.445990839478e-17   2.435140407661e-17   3.172707202913e-05  -6.612834082044e-17   1.236454263905e-15   3.126216919502e-05   1.864526477496e-16  -1.061201704563e-15   3.493785183890e-17  -1.764897453080e-17   1.471806703316e-16  -1.716876982896e-04   8.251480997168e-17  -1.552108236121e-16  -2.779719084510e-16   1.435397585641e-16  -2.510072696635e-16   6.024674234836e-17   1.693723705242e-16  -8.081871264156e-17  -5.828698001938e-17  -1.236000047689e-05  -6.661118382406e-18   3.328904716980e-17  -1.029300996644e-04  -4.600617101364e-17   2.738157324068e-16   2.698702197971e-04   1.297950407330e-16  -4.765598201728e-16   1.508976574388e-04   1.164911839214e-16   9.456940394163e-16  -3.385506075416e-04  -2.288435795740e-16  -6.414110638842e-16  -5.316468566000e-04   1.404918227771e-16   3.924641933516e-17  -8.894006483501e-04  -1.400405924443e-16   2.058347932057e-17   3.851511578065e-17   1.992368415763e-16   1.486982057326e-16  -1.807539799852e-04   5.456019283626e-17  -4.817813130072e-17  -1.757567294888e-16   9.715359273415e-17  -3.904497643641e-05  -8.924902645423e-17  -1.396467171947e-15  -1.126896310166e-04   1.021180439668e-17  -2.101236700951e-16   3.870432842256e-17   4.974275511724e-17  -3.017401950516e-16   4.175359200788e-04   3.973551957999e-17
   4.182230567527e-17   5.702282918345e-17   7.294927525041e-17   3.611598454426e-16  -5.681047637222e-16   1.533809173370e-16   7.079485669293e-17  -2.446812168700e-16  -4.953956399003e-17   1.879700803454e-02  -4.061146785898e-17  -8.355815250286e-17   1.402670098175e-01  -2.423256237325e-16  -1.146873610857e-16  -4.600051325888e-02  -1.070731688330e-17   2.288149392724e-16  -1.626801896169e-02  -1.446717418209e-16  -9.819940154628e-17   3.374882062609e-03   1.045415360544e-16   3.730240455479e-17   7.546401948743e-03   3.513764601222e-17  -8.465617851774e-18   5.119784154335e-03  -4.394119080111e-17  -9.661886822332e-19  -1.040775462852e-05   1.019195063638e-16  -4.531444288076e-17   1.009349918374e-16  -7.338660821594e-17   3.172707203002e-05   1.655576370774e-17   1.958743093728e-17  -1.802436900608e-16   1.829302661298e-15  -1.925513486627e-16   3.126216967612e-05  -8.118032196273e-16   3.701134077994e-17  -1.716876982791e-04  -1.279897054035e-17  -2.222579050265e-17   8.311050575236e-17   1.149776721834e-16   1.956716209524e-16  -3.964768218925e-17   1.400338262441e-16  -2.780768130678e-16   2.524251279109e-16  -1.178588839028e-16   4.339353771076e-16  -4.952265310959e-17  -1.236000047638e-05  -1.817459845122e-17  -1.814625880601e-16  -1.029300996605e-04  -8.183313099325e-17   3.129247153647e-16   2.698702197864e-04  -6.415942572704e-17  -8.775591808753e-16   1.508976574324e-04   6.983321412299e-16   1.056429285634e-15  -3.385506075242e-04  -8.826601782593e-16  -7.277902429782e-16  -5.316468565694e-04   8.243078837250e-16   3.465350488862e-16  -8.894006484217e-04  -4.446277386843e-16  -4.235877052671e-17  -1.807539799803e-04  -2.429094972326e-16  -1.559063095038e-16   1.167341332040e-16   6.565363262661e-17  -3.904497643155e-05  -7.331781423016e-17  -6.272364070624e-17  -1.700968328970e-16  -2.005028706900e-15   2.715031068694e-16  -1.126896312115e-04  -6.321329531521e-16  -1.331933432403e-16   4.175359200426e-04   2.639321179915e-17  -2.985063964595e-17   7.754156190658e-17
  -3.134130807001e-05  -9.779383274661e-05   2.516417506587e-04   3.049726226751e-04  -6.587744696620e-04  -5.900919588649e-04   1.355276682401e-03   9.199491973479e-04   4.449112647889e-17  -4.061146785898e-17   1.868615943850e-02  -2.909363258226e-17  -6.246909735763e-17   1.393716947963e-01   2.593031520831e-16  -2.042664629717e-17  -4.369631244224e-02  -5.976909556283e-16   7.934696745847e-18  -1.554006197790e-02   4.289262869699e-16  -3.785825323639e-17   1.448543571106e-03  -2.168890932644e-16   4.174494916362e-17   3.535982100837e-03   4.120683215964e-17   7.038535257783e-17   1.695837345796e-03  -1.008870710099e-16   3.543236159500e-19   2.640250647425e-04   4.725160439096e-18   4.941134586865e-15  -1.724420390960e-16   3.570977212287e-17   4.531586482763e-05  -9.173645983679e-17   1.879351671827e-15   2.209967970907e-04  -1.143734888301e-16  -1.110887723721e-16  -1.591883105157e-04  -6.164880112624e-17   5.211067274146e-17  -6.388149464318e-04   9.522875019850e-17  -1.865019540064e-14   8.808658565140e-06   2.908199191222e-05  -8.164918725858e-05  -7.451466384500e-05   1.108691171484e-04   3.106634506701e-04  -3.234601378489e-04  -3.310756456703e-05   8.953887528019e-17  -2.722215720166e-18  -8.520101686032e-05   5.234765693113e-16  -2.842730084337e-16  -7.114236161624e-04  -2.731354299984e-16   4.402759706127e-16   1.835434668406e-03   4.801326770007e-17  -5.051423908069e-16   7.568050708643e-04   8.312406638034e-17   4.889477557513e-16  -1.364905512444e-03   1.392621517854e-17  -5.730776625236e-16  -4.018946937683e-03   4.839118757298e-19   4.924062333072e-17  -1.468868597936e-03  -3.190329611989e-17   7.491633180780e-17   2.096143984922e-04  -1.696168649895e-17   1.057181820569e-15   4.530605847306e-17   3.036772401127e-17   3.045160475469e-05  -2.611514096352e-17  -1.796688655075e-17   2.394401464167e-04   3.365239173814e-16  -1.101387968838e-16   1.166262631543e-04   1.396813232992e-16  -2.124159490367e-17  -6.366139822761e-04   8.356520185941e-17  -4.760071374635e-15
   8.569098055323e-16   2.144552347517e-15  -4.014781551093e-15   5.039065841949e-15  -3.526714585772e-15   2.898190533255e-15  -4.670046247096e-16  -1.515011543273e-15   1.402670098176e-01  -8.355815250286e-17  -2.909363258226e-17   1.048536178149e+00   1.411495173909e-16  -1.125903384936e-15  -3.804367937061e-01  -1.510570923683e-15   4.948879406138e-15  -1.322867015105e-01   4.042368867229e-15  -1.252683843604e-14   2.753382657091e-02  -4.297461044927e-15   1.600255301458e-14   6.335701255736e-02   2.814953699214e-15  -1.302228843179e-14   4.265515920662e-02  -1.928579883208e-15   7.936800461297e-15  -3.479595464490e-16   5.305605071819e-16   4.891920546667e-16  -9.231781533191e-05   3.000820773595e-16   9.854971424231e-16  -3.489982091163e-16   3.783037951441e-16   2.513231771290e-04  -5.045306357959e-16   1.086707797822e-14   3.047739990836e-04   1.411806240141e-15  -8.655350233523e-15   2.459902486640e-16  -1.516824978215e-16   1.033467499304e-15  -1.431232657230e-03   6.180356350333e-16  -5.055878374357e-16  -9.191790019465e-16   1.031958951300e-15  -1.747548790461e-15  -3.542019530783e-16   3.887731816837e-16   1.118524591189e-15   9.144232546752e-16  -1.029300996648e-04  -1.173461313327e-16  -9.068194176528e-18  -8.575579066621e-04  -7.832099675908e-16   1.256548524479e-16   2.252695079950e-03   3.525022901205e-16  -3.330666560933e-15   1.255013343818e-03   8.137225825101e-16   6.969700540643e-15  -2.818479161892e-03  -1.697659114150e-15  -4.984374275845e-15  -4.445186245604e-03   1.369917608781e-15  -1.044666294168e-15  -7.413521856288e-03  -7.468486431101e-16  -1.859100068748e-16   7.862693746292e-16   6.538916608233e-16   1.104009594601e-15  -1.509380881444e-03   3.976332043083e-16  -2.007376314506e-16  -1.753480240562e-15   6.869514038995e-16  -3.252366545824e-04  -6.599332216305e-16  -1.197701625659e-14  -9.550907644017e-04   3.752739768141e-18  -2.022366248493e-15   3.427248416118e-16   3.589453057908e-16  -2.354661284156e-15   3.487585099055e-03   2.948152394749e-16
   4.639703463181e-16   9.850884768039e-16  -9.300096088318e-16   1.274446613601e-15  -2.744691795455e-15   2.754377313033e-15   3.398676608668e-16  -1.999179973493e-15  -2.621350779827e-16   1.402670098175e-01  -6.246909735763e-17   1.411495173909e-16   1.048536178148e+00  -3.856177607981e-17  -8.508542305167e-16  -3.804367937042e-01  -7.036241016522e-17   1.794888279160e-15  -1.322867015101e-01  -1.150724137862e-15  -8.429272726798e-16   2.753382656956e-02   9.856068147727e-16   3.556655346621e-16   6.335701255268e-02   7.987712140011e-16  -9.710110421615e-17   4.265515920793e-02  -2.299497457377e-16   1.274999746548e-16  -9.231781538716e-05   3.291013052223e-16  -3.248473195197e-16   7.392215151681e-16  -4.693697563345e-16   2.513231771369e-04  -8.022581477783e-17   1.438202511511e-16  -1.318979822531e-15   1.400754672405e-14  -1.484230415868e-15   3.047740031028e-04  -6.197035457755e-15   2.981079272400e-16  -1.431232657142e-03  -1.405079049993e-16  -1.443698638645e-16   6.147792564170e-16  -2.449335050343e-16  -5.083563303698e-16  -3.045249699716e-17   1.251266667226e-15  -2.146709471819e-15   1.694657471732e-15  -9.872301156145e-16   3.061606954950e-15  -3.034398786494e-16  -1.029300996605e-04  -8.688348971187e-17  -8.185368530845e-16  -8.575579066298e-04  -2.097513640113e-16   2.627293973267e-15   2.252695079861e-03  -1.517310314219e-15  -6.102145471880e-15   1.255013343764e-03   5.065947614372e-15   7.356823242335e-15  -2.818479161746e-03  -6.892997695657e-15  -5.509376304100e-15  -4.445186245350e-03   5.892577017878e-15   2.047559001419e-15  -7.413521856886e-03  -3.769585357414e-15   1.980474020226e-16  -1.509380881404e-03  -3.873321983700e-16   3.040168007307e-17   8.719737334474e-16   7.412355462133e-16  -3.252366545423e-04  -4.455367379890e-18  -3.111269474912e-18  -1.240175048820e-15  -1.531800135499e-14   2.448458888026e-15  -9.550907660298e-04  -4.709448029334e-15  -1.033610338934e-15   3.487585098752e-03   1.594528995648e-16  -2.053491156961e-16   5.686893890722e-16
  -2.235391766192e-04  -7.262108589668e-04   1.987560393778e-03   2.462476482939e-03  -5.444379113753e-03  -4.893974829064e-03   1.130992357934e-02   7.667349270222e-03   2.075190247312e-16  -2.423256237325e-16   1.393716947963e-01  -1.125903384936e-15  -3.856177607981e-17   1.041265950577e+00   2.378195383854e-15  -4.465197882044e-16  -3.612963993664e-01  -4.527389083507e-15   6.424125360213e-18  -1.261596982658e-01   3.378494791006e-15  -1.219932979567e-16   1.139593864430e-02  -1.842588316279e-15   6.512590785102e-16   2.987669316809e-02   2.850158123094e-16   8.637203198177e-16   1.403718916692e-02  -5.632023701343e-16  -2.169136986409e-16   2.187075765391e-03   1.557690564621e-17   4.118448852746e-14  -1.217287330989e-15   1.707425666032e-16   3.667282965169e-04  -6.726110477596e-16   1.579567046080e-14   1.863337227784e-03  -9.895623696118e-16  -8.677765405411e-16  -1.294085006843e-03  -4.119656435947e-16   4.154603771398e-16  -5.342767799358e-03   6.918867447114e-16  -1.557642468297e-13   7.265909806255e-05   2.399503697305e-04  -6.746603034948e-04  -6.195411517532e-04   9.253752128926e-04   2.571611379199e-03  -2.674387108857e-03  -2.624134988713e-04   4.032300028714e-16  -7.050887199868e-18  -7.114236161625e-04   1.999280360805e-15  -2.009310289418e-15  -5.940793810938e-03  -2.327917802961e-15   3.563919938304e-15   1.533160053092e-02   2.181437700325e-16  -3.555238266800e-15   6.321067594261e-03   1.004325599875e-15   3.275471875752e-15  -1.141137446661e-02   5.715513133974e-16  -4.992559252970e-15  -3.354869527539e-02   1.579266111636e-16  -2.638571081446e-18  -1.227830320484e-02  -8.353211937655e-17   2.544985070054e-16   1.743441146942e-03   4.009506009905e-16   8.918788203945e-15   3.593366047284e-16   1.505762945578e-16   2.468132241242e-04  -4.031397437388e-17  -1.316997683305e-16   1.993289193170e-03   2.817742270144e-15  -9.185466163568e-16   9.641589889158e-04   1.052043932970e-15  -1.938157035567e-16  -5.297828899685e-03   5.986426607361e-16  -3.999187241550e-14
  -1.924253858611e-15  -3.364678489858e-15   9.722824727380e-16   1.191499010951e-15  -4.679006361186e-15   6.583203477893e-16  -8.089295072471e-16   9.090656439762e-15  -4.600051325910e-02  -1.146873610857e-16   2.593031520831e-16  -3.804367937061e-01  -8.508542305167e-16   2.378195383854e-15   8.654963974199e-01   8.691078964092e-16  -2.240074549063e-15   2.610927062249e-01  -1.481623678590e-16  -1.572026110102e-15  -6.001853459856e-02   4.806928916327e-16   3.060809912930e-16  -1.708445730650e-01  -1.900394650130e-16   2.874979907289e-15  -1.085601841945e-01   7.829434698497e-16  -2.708092242655e-15   8.564426781970e-16  -8.800800700403e-17  -6.932045350758e-16   2.520779229013e-04   3.276960198339e-16  -4.515627742718e-16  -2.141420720773e-17  -4.524631137348e-17  -4.046991306754e-04  -3.781594906158e-17  -3.379745377471e-14  -1.650240340699e-03  -1.135817607434e-15   1.620749987329e-14   2.299248318480e-16   8.095077995042e-17  -1.019921633359e-15   3.631720047333e-03  -3.026293095259e-16   7.022899204845e-16   1.247699597501e-15  -1.242568661582e-17   5.713284886467e-17   2.630826630283e-15  -1.327182562300e-15   2.234173739038e-15  -6.598596601970e-15   2.698702197971e-04   4.090962803306e-16   4.458045086227e-16   2.252695079948e-03   2.649478507309e-15   3.733600888864e-15  -5.934066255128e-03  -3.375286534372e-16  -2.489959599455e-15  -3.202219767219e-03  -3.118449204106e-15   1.686062010133e-15   7.228216167056e-03   2.709403864866e-15  -2.810873863305e-15   1.184808653237e-02  -8.443266769878e-16   5.236031511666e-15   1.907274896201e-02  -1.563260714046e-15  -2.255315028090e-15  -1.060665477563e-15  -1.401150347289e-15  -8.051930675860e-16   3.928023184223e-03  -2.592899578329e-17   3.120020354458e-16   2.651323662706e-15   5.499895491637e-17   8.341120840328e-04   6.350594585420e-17   3.453520641950e-14   2.751828169765e-03   1.777328465600e-15   9.304270987946e-15  -8.280058142909e-16  -8.972042174976e-16   4.994561013020e-17  -9.045779890505e-03  -7.046850089172e-17
  -1.832107644590e-15  -3.669137574986e-15   2.387735794646e-15   6.887466145261e-16   1.221844079650e-15  -3.236166044850e-15  -1.271146494632e-15   1.062148878777e-15  -6.195719107387e-17  -4.600051325888e-02  -2.042664629717e-17  -1.510570923683e-15  -3.804367937042e-01  -4.465197882044e-16   8.691078964092e-16   8.654963974149e-01   1.400572296979e-15  -2.508845521197e-15   2.610927062236e-01   9.161292264275e-16   2.608427373158e-15  -6.001853459494e-02  -8.975124617795e-16  -1.708195251102e-15  -1.708445730526e-01  -1.553440967377e-15   1.019955993986e-15  -1.085601841977e-01   1.460778898913e-15  -2.108810989753e-16   2.520779230492e-04   1.748934331097e-17   2.868647408908e-16   1.744867498064e-16  -4.603880136469e-16  -4.046991306938e-04   7.930228207864e-16   1.808320266248e-16  -3.362344766728e-17  -1.167487672482e-14   1.668839479864e-15  -1.650240351147e-03   4.865210483174e-15  -4.425302959660e-16   3.631720047098e-03  -1.150955312219e-15  -1.931984214503e-17  -8.988906249010e-17   6.328793205063e-16   1.501221272428e-15  -1.837525865712e-15  -9.953205833129e-16  -1.184393895109e-16   2.625746543825e-15  -3.487013849998e-15  -6.793392254925e-17  -2.391586938661e-17   2.698702197867e-04  -9.967456106325e-18  -1.349257098769e-15   2.252695079863e-03  -1.097275771101e-16   1.125739397669e-15  -5.934066254898e-03   2.296722877282e-15  -4.532467583285e-15  -3.202219767053e-03  -3.740289893675e-15   5.685097947690e-15   7.228216166650e-03   4.686196869513e-15  -2.746300196532e-15   1.184808653170e-02  -6.728063559414e-15   6.770305548283e-15   1.907274896355e-02   7.514361772442e-15  -2.278102572448e-16   3.928023184111e-03   1.058233003333e-15  -6.071407757955e-17  -9.392748783302e-17  -1.473603149472e-15   8.341120839297e-04   8.492232382645e-17  -3.080852306709e-16  -9.490087197152e-17   1.354685673946e-14  -9.861435319332e-15   2.751828174000e-03   1.713893223764e-15   1.554277246047e-15  -9.045779889709e-03   2.741874738050e-16   5.553048740526e-16   2.070816048917e-17
   5.860923898458e-04   1.900991412159e-03  -5.077129743347e-03  -6.605136704372e-03   1.393937093940e-02   1.323756906150e-02  -2.947313314481e-02  -1.978958777330e-02   6.229512735612e-16  -1.070731688330e-17  -4.369631244224e-02   4.948879406138e-15  -7.036241016522e-17  -3.612963993664e-01  -2.240074549063e-15   1.400572296979e-15   8.158165447510e-01   5.260929829999e-15  -8.000254782457e-16   2.433998496572e-01  -5.401762191530e-15  -5.169988273212e-16  -1.708914337985e-02   3.308535659508e-15  -7.528223856403e-16  -8.384948845813e-02  -1.316450676660e-15  -2.742799640852e-15  -3.372514709027e-02  -6.547101094956e-16  -6.800611147834e-16  -5.661362413756e-03   9.790402986280e-16  -1.073309116614e-13   1.071942801200e-16  -4.438419867877e-17  -8.578374959877e-04   1.644893501918e-16  -4.454009139901e-14  -5.128744686930e-03   3.062531458937e-15   1.174731341749e-15   2.636295173157e-03  -7.026076447893e-16  -6.414695351081e-16   1.388675861306e-02  -1.986832822898e-16   4.059662010930e-13  -1.782349179164e-04  -5.868501467749e-04   1.639015053916e-03   1.570914064614e-03  -2.361449771472e-03  -6.190957051692e-03   6.439035317442e-03   4.757633756687e-04  -2.998842468671e-16   3.631355482932e-16   1.835434668406e-03  -2.470808967714e-15   2.911534841695e-15   1.533160053092e-02   2.171999917865e-15  -4.529799153505e-15  -3.958085438072e-02   1.809744396818e-15  -2.234596098221e-15  -1.629984438623e-02  -4.994615009461e-15   3.237462450982e-15   2.962726334986e-02  -1.586147534654e-15   8.661370722255e-15   8.612897809754e-02   1.956841353297e-15   2.376536612440e-15   3.186841785274e-02   5.242076995809e-16  -9.744166377400e-16  -4.493531728861e-03  -1.890931834701e-15  -2.387426946220e-14   8.132090719292e-16  -1.107703717957e-15  -5.465450970216e-04   2.056349139314e-16   3.298423122286e-16  -5.024696873904e-03  -7.387348819296e-15   2.249554333020e-15  -2.300067567069e-03  -3.864119355260e-16   6.793914817384e-16   1.327524481337e-02   8.697207215350e-16   1.070018391283e-13
   4.210999444269e-15   7.417115125233e-15  -5.211923224675e-16  -9.103457728697e-16   9.473859709743e-16   2.283884047084e-15  -1.343621292286e-15   2.205789409212e-15  -1.626801896174e-02   2.288149392724e-16  -5.976909556283e-16  -1.322867015105e-01   1.794888279160e-15  -4.527389083507e-15   2.610927062249e-01  -2.508845521197e-15   5.260929829999e-15   8.068692627522e-02  -9.508671163682e-16   1.593820879171e-15  -2.788153262999e-02   2.911684226516e-16  -1.037530707006e-16  -7.398768656056e-02   2.525852248712e-16   1.411880221817e-15  -4.648002887794e-02   4.694749990375e-16  -9.562446174437e-16  -1.177612874631e-15  -1.343964539129e-15   8.312312417636e-16  -6.384493432815e-04  -5.189523683685e-16  -6.563719950415e-16  -4.793118681051e-16   3.865607956416e-16  -4.081770849747e-04  -2.252357139930e-16  -6.390803358116e-15  -7.960579845675e-04  -4.617275129238e-16   3.126428517864e-15  -4.516714177399e-17  -7.538785136465e-17  -3.190539012529e-16   1.429908062844e-03  -1.446712631364e-16  -2.518190064029e-15  -4.082858242812e-15  -9.317935559302e-16  -2.798522382437e-16  -8.007604189228e-16  -1.421285237774e-15  -1.596270203447e-16  -1.514134656559e-15   1.508976574393e-04  -1.002102445282e-15  -6.938908562721e-16   1.255013343821e-03  -7.554363819371e-15  -4.949194723664e-15  -3.202219767213e-03   2.056536280111e-15  -9.184755862361e-16  -1.647330301450e-03  -1.035108142863e-16   2.972054979365e-16   3.632568060300e-03   9.732948547456e-16  -5.405684553773e-16   6.373946457073e-03   2.439992754014e-16   1.524061477999e-15   8.935706468102e-03  -3.308108351325e-16  -4.226726689616e-16   7.213480035110e-16   1.336913062635e-16  -4.850767970961e-16   1.735078814485e-03   2.111460792605e-16   4.627737588152e-16   1.024654602377e-15  -8.415695259452e-17   3.762691629179e-04   1.156288361880e-16   6.262038744877e-15   1.216444164576e-03   8.526474786754e-16   1.007648883506e-16  -2.406847676338e-16  -1.722888440470e-16  -6.299398914946e-17  -3.852464411385e-03  -2.786100069319e-17
   5.724119700584e-15   1.139145056081e-14  -6.648454276054e-15  -6.518158323097e-15   4.725203032060e-15   2.886085276224e-15   1.429310926300e-15   1.545991793937e-15   5.898902880801e-16  -1.626801896169e-02   7.934696745847e-18   4.042368867229e-15  -1.322867015101e-01   6.424125360213e-18  -1.481623678590e-16   2.610927062236e-01  -8.000254782457e-16  -9.508671163682e-16   8.068692627490e-02  -3.936450633677e-17   7.102889011616e-16  -2.788153262881e-02  -5.481044396802e-16  -6.213482182384e-16  -7.398768655614e-02  -1.346751056456e-15   1.195318072089e-16  -4.648002887986e-02   1.651663506962e-16   7.854190783907e-16  -6.384493432431e-04   1.448328790199e-15   4.335526957039e-16   9.182656380493e-17   1.989946499575e-16  -4.081770849913e-04   7.797231448503e-16   1.784802156585e-16   3.893008801727e-17  -5.691200336281e-15   9.001439512202e-16  -7.960579890851e-04   2.560409441002e-15  -1.203550802638e-16   1.429908062773e-03  -1.679526301562e-16  -1.971958875657e-18  -4.030545385080e-17  -1.407107969361e-15  -3.330279233645e-15   4.050441221457e-15   3.795492281317e-15  -2.635177403286e-15  -2.115816944718e-15  -3.136614345138e-16  -4.193842872656e-16   4.493013212119e-16   1.508976574318e-04  -1.785940835048e-16   3.007584238013e-15   1.255013343759e-03  -1.252535979054e-15  -8.629514491903e-16  -3.202219767051e-03  -5.992749673216e-16  -1.557078167625e-15  -1.647330301358e-03  -1.542650266018e-15   1.594372340078e-15   3.632568060081e-03   1.674228089452e-15  -6.457626723936e-16   6.373946456624e-03  -1.926092784224e-15   3.078962857445e-15   8.935706468799e-03   2.706271830887e-15   1.728939571699e-15   1.735078814452e-03  -2.411962655414e-15  -6.670918487431e-17   2.214642836839e-16   2.234049429255e-16   3.762691628754e-04  -9.786594385219e-16  -6.795450528651e-17   9.684323572866e-17   6.721046415801e-15  -4.510015585355e-15   1.216444166481e-03   1.192811701638e-15   5.811806951930e-16  -3.852464411094e-03   1.219394251635e-16   1.983605181635e-16   5.574636924637e-18
