ARMA_MAT_TXT_FN008
72 72
  -9.502478589605e+00  -1.195059078076e+01  -1.200196115630e-03  -5.420985721630e-28  -2.673473438461e-06  -4.406328790265e+00   1.589722005608e-03  -2.502579422503e-28  -7.637785000328e-06  -1.982821506976e+00   1.405532961674e-03  -7.971441410958e-29  -4.614848277411e-06  -8.357484325108e-01   6.812132178714e-04  -2.005802661841e-29  -1.839757200245e-06   0.000000000000e+00   0.000000000000e+00  -9.319762310601e-04   9.561489806952e-07  -5.706767113402e-03  -2.057696167151e-03  -1.321171325053e-03  -3.859465834920e-02  -1.828626544851e-18   1.927788114208e-07  -2.778352120666e-01  -8.586724766310e-01  -9.589938926548e-19  -3.971109091751e-07  -8.115506789948e-01  -1.505461274690e+00   4.609168757592e-18  -2.598254728376e-06  -6.348102550993e-01  -6.618383723764e-01   8.764743606212e-19  -1.683731896351e-06   1.398598798077e-18  -1.609743144461e-32   5.360568439656e-01   1.279221918707e-06  -9.269755230172e-01  -1.333462419679e-01  -9.601122800473e-01  -1.018461222562e+00  -6.231374784628e-01   5.924971675705e-01   1.869288040336e-18  -9.656154640493e-01  -3.004779856431e-04  -2.912696918634e-02  -3.144033396567e-01  -4.100128110259e-01  -2.476829689794e-03  -4.341384779057e-20  -1.392624152651e-03  -1.337082056624e-01  -9.610441560816e-01  -1.018789932892e+00  -6.232095581992e-01   5.908165978715e-01  -5.833285745827e-19   9.688772918158e-01  -3.032365307251e-04  -2.937831942258e-02  -3.153348744999e-01  -4.104457537276e-01  -2.506835935893e-03  -2.016827117292e-19   1.411976348213e-03
  -1.195059078076e+01  -8.724630299200e+00  -6.397383529739e-04  -7.530438521778e-28  -7.225149787667e-06  -3.930967824935e+00   2.130213076062e-03  -2.339925407676e-28  -1.009814663717e-05  -1.861551092348e+00   2.410617169923e-04  -6.111144309249e-29  -4.248364940073e-06  -7.975865893714e-01  -6.536062299172e-04  -1.429836189961e-29  -8.107483515366e-07   0.000000000000e+00  -2.668646812398e-33  -2.209775364360e-03   1.369106841445e-06  -8.473240462810e-03  -1.321171325053e-03  -7.695737848881e-04  -4.770647676478e-02  -2.032404417490e-18   4.802767757997e-06  -2.814771649774e-01  -8.390710216877e-01  -1.927830991316e-18   5.398034366301e-06  -7.714145063138e-01  -1.412133814205e+00   5.669439554525e-18   5.287787626420e-07  -6.059939742883e-01  -6.302971074898e-01   1.056837747607e-18  -3.855992097247e-07  -7.451771541594e-19  -8.908764821549e-33   5.189021739554e-01   1.670336174906e-06  -8.964379693681e-01  -1.555076020968e-01  -9.167478455367e-01  -9.677603155678e-01  -5.960692040751e-01   5.802335325927e-01   5.262855695184e-18  -9.456448852266e-01   4.775447917342e-04  -2.962943350655e-02  -3.014188107385e-01  -3.921124905406e-01  -3.257284280145e-03  -3.026138453702e-20  -9.562280952431e-04  -1.559044801269e-01  -9.176069072831e-01  -9.680672410011e-01  -5.961365182673e-01   5.785081868840e-01  -1.656820959937e-18   9.487078566653e-01   4.758272360045e-04  -2.988504113655e-02  -3.023040290631e-01  -3.925255033281e-01  -3.292826229770e-03  -1.410010958315e-19   9.783676124643e-04
  -1.200196115630e-03  -6.397383529739e-04   9.663654003908e-01   0.000000000000e+00  -1.307475432002e-05   2.864838759886e-02  -4.985301560856e-01  -6.162975822039e-33   1.215170397987e-07   1.291505893792e-02  -4.769117896712e-01   0.000000000000e+00   2.902321737171e-06  -6.354251863838e-03  -1.654241365298e-01   3.081487911020e-33  -3.895331937143e-08  -1.156538288541e-27   0.000000000000e+00  -1.055377419390e-01   1.897759940140e-04   7.294891748732e-02   3.859465834920e-02   4.770647676478e-02   3.344364091802e-01   1.086996471967e-17  -5.551871913498e-05   3.238439383622e-01   3.983972083866e-01  -2.090948587235e-17  -7.766151397495e-05   2.316785526943e-01   1.209458711079e-01  -9.934218790358e-18  -6.110187879733e-05   6.030405328061e-02  -5.923395640533e-02  -5.735781959992e-19  -1.717509925093e-05  -8.246697285838e-17   1.358415636942e-31  -7.287815480763e-02  -5.163094023701e-05   1.087554726076e-01  -2.206501803113e-01  -2.003905550361e-01  -9.305475864453e-02  -3.141557405502e-02  -7.974308018640e-02  -4.631475267880e-17  -1.639741835011e-01  -5.150293300966e-03   5.352436447749e-02   1.026474170450e-01   4.549155936196e-02   4.627180796147e-02   5.032414290301e-19   1.310300729256e-02  -2.198996212861e-01  -1.995520833930e-01  -9.262165902279e-02  -3.129927117951e-02  -8.088347832679e-02   1.465011486982e-17   1.634062217433e-01  -5.071355073689e-03   5.382495313815e-02   1.027443221838e-01   4.545851026209e-02   4.655283943340e-02   2.328704714272e-18  -1.335469307067e-02
  -5.420985721630e-28  -7.530438521778e-28   0.000000000000e+00   1.108228594421e+00  -3.851859888774e-33  -2.009046820405e-27   4.930380657631e-32  -3.028926090273e-01  -2.965932114356e-32  -1.281643494180e-27  -2.465190328816e-32  -3.881496553316e-01  -2.443523616941e-32  -6.084653426574e-28  -1.848892746612e-32  -1.578557948443e-01  -1.263891526004e-32   5.155391468049e-02  -3.018510935197e-05   6.677276922174e-28  -1.334323406199e-33   1.156538288541e-27   1.828626544851e-18   2.032404417490e-18   1.086996471967e-17  -1.119481077173e-01   6.062857526403e-33  -1.041397702851e-18  -2.090948587253e-17  -2.212847591796e-01   5.527820867556e-32  -3.519353786227e-18  -9.934218790796e-18  -2.476065592533e-01   3.086617426338e-32  -3.857344020875e-19  -5.735781962306e-19  -1.345034498986e-01   1.774927851460e-32  -2.070418313203e-01  -2.521374479049e-06   2.202283122100e-17   1.358415636942e-31  -5.049995791330e-17  -9.702560701302e-18   2.073439007892e-17   4.264270008632e-18   3.997462428509e-19  -4.631475267891e-17  -1.677063330991e-01   7.547449186192e-17   2.984858497758e-20   4.187876824686e-19  -2.322395154438e-19  -8.010423260453e-20   5.032414290274e-19  -2.621587217880e-02   2.443121807999e-19   3.067595850562e-18  -6.582112329639e-18  -1.352292905290e-18  -1.267310402876e-19   1.465011487045e-17  -1.678525613611e-01   2.402258616635e-17   1.390478575392e-19   1.925321283895e-18  -1.070148773391e-18  -3.675612433365e-19   2.328704714275e-18  -2.629285473466e-02  -1.133667233186e-18
  -2.673473438461e-06  -7.225149787667e-06  -1.307475432002e-05  -3.851859888774e-33   1.009127982801e+00  -1.208042890357e-04   7.949082107207e-06  -1.925929944387e-33  -4.446712613520e-01  -9.728090263602e-05   2.979958992291e-05   2.912969040886e-33  -4.700067761297e-01  -5.183680074529e-05   2.358326780495e-05  -1.420373333986e-33  -1.789912347767e-01   0.000000000000e+00  -1.156538288541e-27  -3.996941350962e-04  -9.406116816535e-02   1.412152861915e-04   1.927788114193e-07   4.802767757996e-06   5.551871913497e-05  -6.687437389316e-34  -5.063503072576e-02   4.891356804444e-05   2.892004448312e-05  -1.726675461108e-31  -1.423505689405e-01  -2.451516049684e-05  -8.614499518679e-05  -3.278971593772e-31  -2.108346559251e-01  -4.539584789057e-05  -4.048987274127e-05  -1.625630396666e-31  -1.310037886627e-01  -3.259000350941e-31   6.177647656199e-18  -5.667845264908e-06  -2.023037539368e-01  -2.347148621509e-05   3.574468447541e-01   3.293498014104e-01   1.564435363570e-01   4.332615038259e-02  -1.624469573951e-01   7.547449186443e-17   8.739115702177e-02   8.410306225266e-04   2.519935112801e-02   4.848055583946e-02   2.658014124880e-02   1.956740908998e-02   2.443121808001e-19   5.189899710765e-03  -3.583263870782e-01  -3.300350791198e-01  -1.567825501103e-01  -4.345852962138e-02   1.619188237782e-01   2.402258616617e-17   8.804200329562e-02  -8.774782853098e-04  -2.539056286934e-02  -4.871603518148e-02  -2.671067337462e-02  -1.971922700315e-02  -1.133667233179e-18   5.251770285677e-03
  -4.406328790265e+00  -3.930967824935e+00   2.864838759886e-02  -2.009046820405e-27  -1.208042890357e-04  -2.170778103622e+00   7.928005222754e-02  -3.193461967028e-27  -2.238704510595e-04  -1.516928244785e+00   5.694027703795e-02  -2.086802442249e-27  -1.218164274705e-04  -8.394546741697e-01   1.186099693770e-02  -7.228892096287e-28  -3.111686829605e-05   0.000000000000e+00   0.000000000000e+00  -3.392473969663e-02   1.335543909736e-04  -2.087235214435e-01  -2.778352120666e-01  -2.814771649774e-01  -3.238439383622e-01   1.041397702850e-18   4.891356804444e-05  -5.705963100610e-01  -7.425262133725e-01   1.541896514353e-17   3.091446976807e-05  -8.121558782808e-01  -1.076364553151e+00   1.980309474691e-17  -4.781685419677e-05  -6.605666385273e-01  -6.097040183816e-01   4.878307956010e-18  -2.799014126116e-05   4.461684685980e-17  -3.277569431476e-31   2.656038120612e-01  -1.700836043391e-05  -4.482408695871e-01  -4.285501602814e-01  -8.498257328069e-01  -9.289297027584e-01  -6.495835152074e-01   3.198402131614e-01  -4.631077362007e-17  -5.206716353166e-01  -1.520139331933e-02  -1.277050634669e-01  -3.778697195079e-01  -4.467190809907e-01  -9.039592328829e-02  -9.253925241475e-19  -4.745284632333e-02  -4.289125190221e-01  -8.504227903018e-01  -9.292432808264e-01  -6.496690245956e-01   3.187948307804e-01   1.470409826963e-17   5.221206578787e-01  -1.537623371595e-02  -1.282756900362e-01  -3.787514080705e-01  -4.471563038379e-01  -9.074088528234e-02  -4.259544444097e-18   4.785475322119e-02
   1.589722005608e-03   2.130213076062e-03  -4.985301560856e-01   4.930380657631e-32   7.949082107207e-06   7.928005222754e-02  -3.796548962990e-01   0.000000000000e+00   1.095072874953e-04   1.136918011336e-01  -5.911970881321e-01   0.000000000000e+00   1.361432936041e-04   6.742961993679e-02  -2.909482796478e-01   0.000000000000e+00   6.185609138324e-05  -3.101781456852e-27   0.000000000000e+00  -2.944401989712e-01   4.415258437397e-04   2.506687154325e-01   8.586724766310e-01   8.390710216877e-01   3.983972083866e-01  -2.090948587253e-17  -2.892004448310e-05   7.425262133725e-01   2.628904958833e-01  -5.515412448906e-17  -1.727006815957e-05   4.707059573881e-01   5.976961710420e-02  -2.506766813771e-17  -9.963044967422e-06   1.795933293212e-01  -8.737701840811e-02  -2.054835762013e-18   2.170415401187e-05  -1.129155673659e-16   6.504662041810e-31   4.403659816771e-02  -6.011573285739e-05  -7.651993168602e-02  -2.334150057257e-01  -1.856879200729e-01  -6.797903380854e-02   6.972359116103e-03  -7.429114484640e-02  -7.494160367023e-17   3.496345085429e-02   5.710916870307e-02   2.140052830808e-01   2.534056872726e-01   1.389614370163e-01   1.700243818521e-01   1.526813234690e-18   1.262152268276e-01  -2.324990676884e-01  -1.847629657566e-01  -6.729466268903e-02   7.210313210165e-03  -7.418674814559e-02   2.367062492031e-17  -3.494365531396e-02   5.754319709326e-02   2.145502350785e-01   2.535517852169e-01   1.389363023856e-01   1.702085527174e-01   6.994073293106e-18  -1.269876016595e-01
  -2.502579422503e-28  -2.339925407676e-28  -6.162975822039e-33  -3.028926090273e-01  -1.925929944387e-33  -3.193461967028e-27   0.000000000000e+00   8.730585569293e-02  -6.162975822039e-33  -3.802782600637e-27   4.930380657631e-32  -2.208053097085e-01   3.697785493223e-32  -2.401669065349e-27   0.000000000000e+00  -1.749870768602e-01   0.000000000000e+00   9.655852702205e-02  -6.507424976558e-05   1.790814359081e-27   0.000000000000e+00   3.101781456852e-27   9.589938926547e-19   1.927830991316e-18  -2.090948587235e-17  -2.212847591796e-01   1.740491060673e-31  -1.541896514353e-17  -5.515412448906e-17  -2.668045671728e-01   4.242358502781e-31  -1.086708098433e-17  -2.506766813867e-17  -2.503084272421e-01   3.267646231611e-31  -1.468343926975e-18  -2.054835762832e-18  -1.609982877412e-01   5.556003226887e-32  -4.131450125592e-02  -1.148129108799e-05   2.525225038549e-17   6.504662041810e-31  -9.461659270852e-17   4.445996328776e-17   5.124842410413e-17   1.337340386843e-17   1.556245430151e-18  -7.494160367002e-17  -3.524421551075e-02   1.221247902429e-16   7.994229847086e-19   6.852446048883e-19  -9.718745614623e-19  -3.214422260230e-19   1.526813234623e-18  -5.887889650224e-02   7.412328348409e-19  -1.412392937468e-17  -1.626068693683e-17  -4.240754177616e-18  -4.933706958689e-19   2.367062492196e-17  -3.522249889887e-02   3.881400465471e-17   3.687576192961e-18   3.127375104681e-18  -4.473372832579e-18  -1.474829076211e-18   6.994073293296e-18  -5.906452252675e-02  -3.404876398019e-18
  -7.637785000328e-06  -1.009814663717e-05   1.215170397987e-07  -2.965932114356e-32  -4.446712613520e-01  -2.238704510595e-04   1.095072874953e-04  -6.162975822039e-33  -2.124544695275e-01  -2.305448026633e-04   1.646976209744e-04   6.162975822039e-33  -4.395159449087e-01  -1.371473069008e-04   8.882374802308e-05  -6.162975822039e-33  -2.458560048157e-01   0.000000000000e+00  -3.101781456852e-27  -9.170598194354e-04  -2.067990037276e-01   2.950523901261e-04  -3.971109091759e-07   5.398034366299e-06   7.766151397496e-05  -3.694831718944e-32  -1.423505689405e-01   3.091446976808e-05   1.727006815962e-05  -4.026187480764e-31  -1.697542256572e-01  -1.188836883925e-04  -2.128488365800e-04  -9.441867957788e-31  -2.301798761556e-01  -1.333332532103e-04  -9.185678531261e-05  -6.123865548481e-31  -1.832311801713e-01  -4.936815277650e-31   2.543920601812e-17  -5.806009758657e-05  -3.045434513125e-02  -3.987049426445e-05   3.785777382903e-01   3.195119231650e-01   1.874673246599e-01   6.208595808580e-02   3.431821642472e-02   1.221247902545e-16  -1.064329333997e-01   3.374967951142e-02   6.815798713395e-02   6.890436313711e-02   3.913629307673e-02   6.771524536995e-02   7.412328347983e-19   1.826488349096e-02  -3.792792985243e-01  -3.201621840269e-01  -1.879722997525e-01  -6.236048959589e-02  -3.419424202309e-02   3.881400465558e-17  -1.066062193708e-01  -3.400505135256e-02  -6.848822316674e-02  -6.929616774872e-02  -3.942321649884e-02  -6.793709634593e-02  -3.404876397579e-18   1.843792808418e-02
  -1.982821506976e+00  -1.861551092348e+00   1.291505893792e-02  -1.281643494180e-27  -9.728090263602e-05  -1.516928244785e+00   1.136918011336e-01  -3.802782600637e-27  -2.305448026633e-04  -1.164573448855e+00   1.958512936592e-01  -5.819449583795e-27  -1.818887694821e-04  -7.248829524225e-01   1.055222432760e-01  -3.800418120499e-27  -7.021121696238e-05   0.000000000000e+00   0.000000000000e+00  -2.178667825029e-02   2.280250608337e-04  -2.766538649114e-01  -8.115506789948e-01  -7.714145063138e-01  -2.316785526943e-01   3.519353786226e-18  -2.451516049684e-05  -8.121558782808e-01  -4.707059573881e-01   1.086708098432e-17  -1.188836883925e-04  -8.367915234872e-01  -6.808265103776e-01   1.580500357815e-17  -1.852063691317e-04  -6.312741131383e-01  -4.212491756969e-01   6.871952900136e-18  -8.399379180469e-05   1.058049606481e-17  -3.811913219259e-31   1.553029644632e-01  -4.436854175985e-05  -3.345445372549e-01  -4.118551720733e-01  -6.466963634887e-01  -7.244195853474e-01  -5.622258246698e-01   2.311574869446e-01  -1.686636769541e-17  -3.808625445554e-01  -1.230712376847e-01  -2.766980502421e-01  -4.508137729475e-01  -4.513790231719e-01  -1.299235880613e-01   4.127092188044e-19  -1.417123576903e-01  -4.120605469738e-01  -6.470866380540e-01  -7.247712330839e-01  -5.623702373421e-01   2.304032750584e-01   5.349390243642e-18   3.818952260027e-01  -1.234216982933e-01  -2.772706100482e-01  -4.515216039473e-01  -4.517306518077e-01  -1.298520937142e-01   1.909902408802e-18   1.422964480623e-01
   1.405532961674e-03   2.410617169923e-04  -4.769117896712e-01  -2.465190328816e-32   2.979958992291e-05   5.694027703795e-02  -5.911970881321e-01   4.930380657631e-32   1.646976209744e-04   1.958512936592e-01  -5.849957003100e-01   0.000000000000e+00   2.747187085747e-04   1.936582491650e-01  -3.460787207093e-01   0.000000000000e+00   1.454200515554e-04  -2.466623503349e-27   0.000000000000e+00  -2.640357338726e-01   3.427739854128e-04   2.485177488681e-01   1.505461274690e+00   1.412133814205e+00   1.209458711079e-01  -9.934218790796e-18   8.614499518680e-05   1.076364553151e+00   5.976961710420e-02  -2.506766813867e-17   2.128488365800e-04   6.808265103776e-01  -1.177409488967e-01  -2.267952488716e-17   1.760255892091e-04   3.309220067654e-01  -1.164279032393e-01  -4.397627638702e-18   1.023617404042e-04  -1.154198338289e-17   5.955161633778e-31   2.026500675098e-02   4.467121513552e-05   1.396400347056e-01  -2.053904981752e-01  -1.252197122676e-01   2.912957880064e-02   1.057234248400e-01   1.932477732184e-02  -1.733553253295e-17  -7.870953572923e-02   2.516398361756e-01   4.311344834049e-01   4.308277535364e-01   2.693085541382e-01   1.611895305313e-01  -2.653680790111e-18   2.643214896827e-01  -2.045809128852e-01  -1.245103861471e-01   2.978793667877e-02   1.060365397092e-01   1.879415901171e-02   5.470954544682e-18   7.854904934228e-02   2.520303689733e-01   4.314907371283e-01   4.309105979078e-01   2.693004327795e-01   1.606148469790e-01  -1.221173500024e-17  -2.651421253613e-01
  -7.971441410958e-29  -6.111144309249e-29   0.000000000000e+00  -3.881496553316e-01   2.912969040886e-33  -2.086802442249e-27   0.000000000000e+00  -2.208053097085e-01   6.162975822039e-33  -5.819449583795e-27   0.000000000000e+00  -5.197281645287e-02   2.465190328816e-32  -6.928714082736e-27   0.000000000000e+00  -7.381576285802e-02  -2.465190328816e-32   9.043807025257e-02  -4.417330105885e-05   1.424105743648e-27   0.000000000000e+00   2.466623503349e-27  -4.609168757592e-18  -5.669439554525e-18  -9.934218790358e-18  -2.476065592533e-01   3.291762099024e-31  -1.980309474691e-17  -2.506766813771e-17  -2.503084272421e-01   9.767751279159e-31  -1.580500357816e-17  -2.267952488716e-17  -1.502884062012e-01   1.255034533642e-30  -3.769284464640e-18  -4.397627640290e-18  -8.960276411607e-02   4.646139483877e-31  -6.491630744198e-02  -2.772903711831e-05   1.583708616652e-19   5.955161633778e-31  -2.226104761609e-17   3.028910234999e-17   4.173848610293e-17   2.108028488037e-17   4.255342061548e-18  -1.733553253228e-17  -2.755257186376e-02   2.824997290945e-17  -5.186142598557e-19  -2.023572859450e-18  -2.613933542713e-18  -9.553637963726e-19  -2.653680790496e-18  -6.501769234699e-02  -1.288301207579e-18  -9.607015040851e-18  -1.323646888566e-17  -6.683841522692e-18  -1.349026420429e-18   5.470954546224e-18  -2.763493181341e-02   8.971020234749e-18  -2.406888486529e-18  -9.329172291245e-18  -1.201047640456e-17  -4.382386974679e-18  -1.221173499818e-17  -6.510187402449e-02   5.944954607342e-18
  -4.614848277411e-06  -4.248364940073e-06   2.902321737171e-06  -2.443523616941e-32  -4.700067761297e-01  -1.218164274705e-04   1.361432936041e-04   3.697785493223e-32  -4.395159449087e-01  -1.818887694821e-04   2.747187085747e-04   2.465190328816e-32  -2.614314620808e-01  -1.390691718031e-04   1.543521180384e-04  -2.465190328816e-32  -1.601040470526e-01   0.000000000000e+00  -2.466623503349e-27  -6.920719717089e-04  -1.498029408827e-01   2.320085561968e-04  -2.598254728372e-06   5.287787626465e-07   6.110187879734e-05  -6.089819546812e-33  -2.108346559251e-01  -4.781685419675e-05   9.963044967442e-06  -2.818514343283e-31  -2.301798761556e-01  -1.852063691317e-04  -1.760255892090e-04  -1.197964482452e-30  -1.899754722535e-01  -1.638647161435e-04  -6.312005083867e-05  -1.543638692698e-30  -1.383050418794e-01  -1.375139027194e-31   1.099337061736e-17  -2.428867965789e-04  -8.264272375619e-03   1.530141597196e-05   3.352163039366e-01   2.225535379751e-01   1.021876388746e-01   4.242551025329e-02  -8.100610150329e-02   2.824997292493e-17   9.757702566123e-02   1.157534210083e-01   1.128641083206e-01   6.780776512516e-02   3.332753044581e-02   4.823430867933e-02  -1.288301208227e-18   2.953178079278e-02  -3.358231763134e-01  -2.229604602135e-01  -1.025070719353e-01  -4.266979983614e-02   8.090737974348e-02   8.971020236797e-18   9.808036853204e-02  -1.161844979671e-01  -1.132189463853e-01  -6.820900539409e-02  -3.364315977849e-02  -4.812221179576e-02   5.944954612191e-18   2.981081227414e-02
  -8.357484325108e-01  -7.975865893714e-01  -6.354251863838e-03  -6.084653426574e-28  -5.183680074529e-05  -8.394546741697e-01   6.742961993679e-02  -2.401669065349e-27  -1.371473069008e-04  -7.248829524225e-01   1.936582491650e-01  -6.928714082736e-27  -1.390691718031e-04  -4.601475316368e-01   1.361229262608e-01  -1.060970161876e-26  -6.230091254380e-05   0.000000000000e+00   0.000000000000e+00  -1.033979185073e-02   1.739377753587e-04  -1.784639633864e-01  -6.348102550993e-01  -6.059939742883e-01  -6.030405328061e-02   3.857344020872e-19  -4.539584789058e-05  -6.605666385273e-01  -1.795933293212e-01   1.468343926973e-18  -1.333332532103e-04  -6.312741131383e-01  -3.309220067654e-01   3.769284464637e-18  -1.638647161435e-04  -4.395015115290e-01  -2.046205865847e-01   4.178619091693e-18  -7.321548180277e-05   4.260666721722e-19  -1.247948173786e-31   3.912877945276e-02  -9.529713915079e-05  -1.882877767080e-01  -2.796380008483e-01  -4.005978356920e-01  -4.370672586499e-01  -3.474958167916e-01   1.296967037524e-01  -1.550148918989e-18  -2.189252720424e-01  -1.794772608106e-01  -2.869199423604e-01  -3.656183257446e-01  -3.246600904110e-01  -1.034704115634e-01   2.770633970296e-19  -1.504031813838e-01  -2.797008195942e-01  -4.007899985143e-01  -4.373465939815e-01  -3.476365753028e-01   1.292306433702e-01   4.914558875622e-19   2.194567654681e-01  -1.796677248049e-01  -2.872272228063e-01  -3.660065568104e-01  -3.248485114288e-01  -1.032354541631e-01   1.271712875164e-18   1.508485641774e-01
   6.812132178714e-04  -6.536062299172e-04  -1.654241365298e-01  -1.848892746612e-32   2.358326780495e-05   1.186099693770e-02  -2.909482796478e-01   0.000000000000e+00   8.882374802308e-05   1.055222432760e-01  -3.460787207093e-01   0.000000000000e+00   1.543521180384e-04   1.361229262608e-01  -1.679160620776e-01   0.000000000000e+00   7.781459838020e-05  -9.017474654817e-28   0.000000000000e+00  -1.027045720907e-01   1.259722580914e-04   9.755932046758e-02   6.618383723764e-01   6.302971074898e-01  -5.923395640533e-02  -5.735781962304e-19   4.048987274127e-05   6.097040183816e-01  -8.737701840811e-02  -2.054835762831e-18   9.185678531261e-05   4.212491756969e-01  -1.164279032393e-01  -4.397627640287e-18   6.312005083868e-05   2.046205865847e-01  -5.832498679093e-02  -3.140348563141e-18   3.895591508752e-05   2.568863411250e-19   1.231475798549e-31   6.233510531721e-02   1.453454470148e-04   6.582612648640e-02  -1.020880273842e-01  -7.342605089320e-02   3.166146939717e-02   9.173444299375e-02  -6.528510851253e-03  -9.381607177492e-19  -4.789734940952e-02   2.361974416923e-01   3.108485373189e-01   2.723071390590e-01   1.666017478911e-01   9.330638523369e-02  -6.076131286995e-19   1.812220672411e-01  -1.016622566181e-01  -7.302356370117e-02   3.199356265864e-02   9.187714464474e-02  -6.850353729852e-03   2.959732954235e-19   4.778953032499e-02   2.361670227920e-01   3.108469067864e-01   2.722725188135e-01   1.665881111779e-01   9.284446788491e-02  -2.784212421052e-18  -1.816097459079e-01
  -2.005802661841e-29  -1.429836189961e-29   3.081487911020e-33  -1.578557948443e-01  -1.420373333986e-33  -7.228892096287e-28   0.000000000000e+00  -1.749870768602e-01  -6.162975822039e-33  -3.800418120499e-27   0.000000000000e+00  -7.381576285802e-02  -2.465190328816e-32  -1.060970161876e-26   0.000000000000e+00   2.141825589843e-02   2.465190328816e-32   4.342846087683e-02  -1.608456978126e-05   5.206241419369e-28  -6.671617030994e-34   9.017474654817e-28  -8.764743606212e-19  -1.056837747607e-18  -5.735781959992e-19  -1.345034498986e-01   1.618332799675e-31  -4.878307956010e-18  -2.054835762013e-18  -1.609982877412e-01   5.909617368302e-31  -6.871952900138e-18  -4.397627638703e-18  -8.960276411607e-02   1.580927195310e-30  -4.178619091699e-18  -3.140348563144e-18   4.243395647132e-03   1.663426799330e-30  -5.017057562130e-02  -1.502173880293e-05  -3.071444256921e-19   1.231475798549e-31  -1.082196560744e-18   4.555199591350e-18   9.560470342855e-18   1.068698573663e-17   5.351423165229e-18  -9.381607173782e-19  -4.339002304880e-02   1.528826109243e-18  -8.003719914911e-19  -1.798896319201e-18  -2.321457705928e-18  -1.409834990380e-18  -6.076131290520e-19  -3.942049923985e-02  -2.949822482494e-19  -1.444176876993e-18  -3.030991935634e-18  -3.388011628395e-18  -1.696434924426e-18   2.959732960462e-19  -4.344463277581e-02   4.853234285810e-19  -3.673857357868e-18  -8.255715842953e-18  -1.064978615259e-17  -6.464391835844e-18  -2.784212418504e-18  -3.947432746634e-02   1.355418898425e-18
  -1.839757200245e-06  -8.107483515366e-07  -3.895331937143e-08  -1.263891526004e-32  -1.789912347767e-01  -3.111686829605e-05   6.185609138324e-05   0.000000000000e+00  -2.458560048157e-01  -7.021121696238e-05   1.454200515554e-04  -2.465190328816e-32  -1.601040470526e-01  -6.230091254380e-05   7.781459838020e-05   2.465190328816e-32  -2.643315740216e-02   0.000000000000e+00  -9.017474654817e-28  -2.589773251792e-04  -5.038484687108e-02   8.699363540942e-05  -1.683731896350e-06  -3.855992097238e-07   1.717509925093e-05  -5.391619683874e-32  -1.310037886627e-01  -2.799014126115e-05  -2.170415401187e-05  -5.541471342720e-32  -1.832311801713e-01  -8.399379180469e-05  -1.023617404042e-04  -4.643029699221e-31  -1.383050418794e-01  -7.321548180277e-05  -3.895591508751e-05  -1.657041820622e-30  -3.415703684590e-02  -8.595563991497e-33   8.070931542560e-19  -1.826954346838e-04   6.894551831698e-03   4.204308587542e-05   1.674924622449e-01   1.278040520892e-01   3.804711374457e-02   3.844803455983e-03  -4.969966326482e-02   1.528826116500e-18   3.858281289125e-02   1.079146556417e-01   9.150199706093e-02   3.755586428802e-02   7.675691266862e-03   3.701516286920e-02  -2.949822491180e-19   2.438896666661e-02  -1.677608801642e-01  -1.280176899628e-01  -3.818395148516e-02  -3.937649741866e-03   4.960290789617e-02   4.853234296737e-19   3.883604121646e-02  -1.081713006807e-01  -9.171659508998e-02  -3.773008875549e-02  -7.794467501547e-03  -3.697050467873e-02   1.355418904439e-18   2.458214402819e-02
   0.000000000000e+00   0.000000000000e+00  -1.156538288541e-27   5.155391468049e-02   0.000000000000e+00   0.000000000000e+00  -3.101781456852e-27   9.655852702205e-02   0.000000000000e+00   0.000000000000e+00  -2.466623503349e-27   9.043807025257e-02   0.000000000000e+00   0.000000000000e+00  -9.017474654817e-28   4.342846087683e-02   0.000000000000e+00   1.459163421071e+00   3.762394777362e-05   2.032758314131e-33  -1.083335593718e-34  -1.209724746318e-33   1.398598798077e-18  -7.451771541594e-19   8.246697285838e-17   2.070418313203e-01  -3.321680109586e-31   4.461684685981e-17   1.129155673659e-16   4.131450125592e-02  -5.034637949589e-31   1.058049606481e-17   1.154198338289e-17   6.491630744198e-02  -1.391071091470e-31   4.260666721724e-19  -2.568863411252e-19   5.017057562130e-02  -8.634495494817e-33  -3.941692678319e-01   9.303048213752e-06  -3.406531668867e-17  -7.878713478925e-31   2.092553491872e-16   8.604179260814e-17   4.285017890319e-17   3.833665455420e-18   1.557528937219e-19  -1.494033198794e-17   2.004380999220e-01   1.772585356280e-16  -1.401633516335e-18   1.339830315135e-19   1.120101960810e-18   1.134583677299e-19  -1.914264764350e-18   4.938718857008e-02  -1.213253549195e-18  -2.719823819564e-17  -1.352894246130e-17  -1.209695710200e-18  -4.913580452568e-20   4.400706013131e-18   1.998940910134e-01   5.606646481953e-17  -6.465078387735e-18   6.645194069589e-19   5.143863432434e-18   5.197304194025e-19  -8.715667999059e-18   4.956957879408e-02   5.553713120484e-18
   0.000000000000e+00  -2.668646812398e-33   0.000000000000e+00  -3.018510935197e-05  -1.156538288541e-27   0.000000000000e+00   0.000000000000e+00  -6.507424976558e-05  -3.101781456852e-27   0.000000000000e+00   0.000000000000e+00  -4.417330105885e-05  -2.466623503349e-27   0.000000000000e+00   0.000000000000e+00  -1.608456978126e-05  -9.017474654817e-28   3.762394777362e-05   1.540246781616e+00  -8.013758738401e-33   2.306602034958e-33  -7.511126783110e-33   1.466431310767e-32   1.062934701834e-32   1.295748393065e-31  -2.521374479044e-06  -6.177647656199e-18   3.246014692847e-31   6.406812260406e-31  -1.148129108797e-05  -2.543920601812e-17   3.804441366635e-31   5.939247366349e-31  -2.772903711830e-05  -1.099337061736e-17   1.247645715296e-31   1.231085214791e-31  -1.502173880293e-05  -8.070931542565e-19  -9.303048213691e-06   4.644161813486e-02   1.575948519950e-31  -7.512624495419e-17   7.690783174777e-31  -1.402136511712e-16  -6.982862461982e-17  -6.247338819116e-18  -2.538148181696e-19   1.772585356363e-16  -3.034232303114e-01  -1.950264273819e-16  -6.804609503569e-19   6.504569131279e-20   5.437838321609e-19   5.508143735011e-20  -1.213253549094e-18   1.550798735064e-02  -4.176147024726e-21  -4.459842304490e-17  -2.218413909493e-17  -1.983603521174e-18  -8.057063787772e-20   5.606646482217e-17   3.043568087599e-01   6.214392733943e-17   3.147349461337e-18  -3.235033937483e-19  -2.504151509594e-18  -2.530167705869e-19   5.553713120016e-18  -1.561360448169e-02  -1.127135642974e-20
  -9.319762310601e-04  -2.209775364360e-03  -1.055377419390e-01   6.677276922174e-28  -3.996941350962e-04  -3.392473969663e-02  -2.944401989712e-01   1.790814359081e-27  -9.170598194354e-04  -2.178667825029e-02  -2.640357338726e-01   1.424105743648e-27  -6.920719717089e-04  -1.033979185073e-02  -1.027045720907e-01   5.206241419369e-28  -2.589773251792e-04   2.032758314131e-33  -8.013758738401e-33   1.328687029510e+00  -2.570344176960e-04   1.311904693362e-01   5.360568439656e-01   5.189021739554e-01   7.287815480763e-02  -2.202283122100e-17  -5.667845264881e-06   2.656038120612e-01  -4.403659816771e-02  -2.525225038549e-17  -5.806009758651e-05   1.553029644632e-01  -2.026500675098e-02  -1.583708616647e-19  -2.428867965789e-04   3.912877945276e-02  -6.233510531721e-02   3.071444256923e-19  -1.826954346838e-04  -3.406531668867e-17  -1.430221893165e-31   1.200143204773e-01  -1.191813818888e-04  -1.240017071746e-01  -1.062016989144e-02  -4.988240509476e-02  -6.674431628696e-02  -2.409665404568e-02  -3.972963546937e-01  -1.895482605460e-16   9.877116175631e-02   1.874958087549e-02   7.855223568471e-02   8.296815032669e-02   3.226252601097e-02   5.152212260746e-02   4.371134219846e-20   7.039858873319e-02  -1.052379811166e-02  -5.017279943698e-02  -6.702064745170e-02  -2.416294959901e-02  -3.975513175110e-01   6.040845199378e-17  -1.015339883410e-01   1.884433041469e-02   7.865222272743e-02   8.286368092332e-02   3.215266998222e-02   5.137725852862e-02   1.777984646561e-19  -7.074816041532e-02
   9.561489806952e-07   1.369106841445e-06   1.897759940140e-04  -1.334323406199e-33  -9.406116816535e-02   1.335543909736e-04   4.415258437397e-04   0.000000000000e+00  -2.067990037276e-01   2.280250608337e-04   3.427739854128e-04   0.000000000000e+00  -1.498029408827e-01   1.739377753587e-04   1.259722580914e-04  -6.671617030994e-34  -5.038484687108e-02  -1.083335593718e-34   2.306602034958e-33  -2.570344176960e-04   1.245094833791e+00   3.058913902702e-04  -1.279221918708e-06  -1.670336174905e-06  -5.163094023708e-05   1.295748393064e-31   2.023037539368e-01   1.700836043387e-05  -6.011573285748e-05   6.406812260406e-31   3.045434513125e-02   4.436854175984e-05   4.467121513551e-05   5.939247366349e-31   8.264272375619e-03   9.529713915079e-05   1.453454470148e-04   1.222745693503e-31  -6.894551831698e-03   7.646067886943e-31  -7.512624495419e-17   1.191813818890e-04  -4.519325340916e-01  -4.400029836689e-05   2.167188840663e-02   5.518251359385e-02   6.069840822749e-02   1.514054071277e-02   6.311989370944e-02   1.772585356364e-16  -4.198385871465e-01  -7.071662157517e-02  -8.310063446181e-02  -2.195792373598e-02  -8.994829127143e-04  -9.013825691971e-02  -1.213253549148e-18  -3.310694709307e-02  -2.141476609154e-02  -5.498264052505e-02  -6.025571799484e-02  -1.482931488750e-02  -5.964516689333e-02   5.606646481998e-17  -4.199517830108e-01   7.113064783939e-02   8.328326837207e-02   2.199959228681e-02   1.013500237280e-03   9.020601230252e-02   5.553713119890e-18  -3.340098392179e-02
  -5.706767113402e-03  -8.473240462810e-03   7.294891748732e-02   1.156538288541e-27   1.412152861915e-04  -2.087235214435e-01   2.506687154325e-01   3.101781456852e-27   2.950523901261e-04  -2.766538649114e-01   2.485177488681e-01   2.466623503349e-27   2.320085561968e-04  -1.784639633864e-01   9.755932046758e-02   9.017474654817e-28   8.699363540942e-05  -1.209724746318e-33  -7.511126783110e-33   1.311904693362e-01   3.058913902702e-04   1.298962169164e+00  -9.269755230172e-01  -8.964379693681e-01  -1.087554726076e-01   5.049995791330e-17  -2.347148621513e-05  -4.482408695871e-01   7.651993168602e-02   9.461659270852e-17  -3.987049426451e-05  -3.345445372549e-01  -1.396400347056e-01   2.226104761609e-17   1.530141597195e-05  -1.882877767080e-01  -6.582612648640e-02   1.082196560745e-18   4.204308587542e-05   2.092553491872e-16  -7.879046601438e-31  -1.240017071746e-01   4.400029836678e-05   2.438026641751e-01   7.127673587518e-04  -4.605196058683e-02  -1.392734664586e-01  -1.261699950304e-01   8.597970374165e-02  -1.482211223407e-16   1.758140929176e-01  -5.126052297554e-02  -1.493236536175e-01  -1.785140078234e-01  -1.357882546797e-01  -1.199949649279e-01  -1.834378351927e-18  -1.146401292822e-01   8.255741501737e-04  -4.603564826187e-02  -1.392859030408e-01  -1.261941252392e-01   8.692032381065e-02   4.688728673032e-17  -1.744506427116e-01  -5.159576496100e-02  -1.495949063182e-01  -1.786702784940e-01  -1.358293271456e-01  -1.199198799392e-01  -8.396440668477e-18   1.152007943569e-01
  -2.057696167151e-03  -1.321171325053e-03   3.859465834920e-02   1.828626544851e-18   1.927788114193e-07  -2.778352120666e-01   8.586724766310e-01   9.589938926547e-19  -3.971109091759e-07  -8.115506789948e-01   1.505461274690e+00  -4.609168757592e-18  -2.598254728372e-06  -6.348102550993e-01   6.618383723764e-01  -8.764743606212e-19  -1.683731896350e-06   1.398598798077e-18   1.466431310767e-32   5.360568439656e-01  -1.279221918708e-06  -9.269755230172e-01  -9.502478589605e+00  -1.195059078076e+01   1.200196115630e-03   5.417543480301e-28  -2.673473438461e-06  -4.406328790265e+00  -1.589722005608e-03   2.500998654008e-28  -7.637785000328e-06  -1.982821506976e+00  -1.405532961674e-03   7.966353061395e-29  -4.614848277411e-06  -8.357484325108e-01  -6.812132178714e-04   2.004529627550e-29  -1.839757200245e-06   0.000000000000e+00   0.000000000000e+00  -9.319762310600e-04  -9.561489806952e-07  -5.706767113402e-03  -3.004779856431e-04  -2.912696918634e-02  -3.144033396567e-01  -4.100128110259e-01   2.476829689794e-03   1.987901553569e-19  -1.392624152651e-03  -1.333462419679e-01  -9.601122800473e-01  -1.018461222562e+00  -6.231374784628e-01  -5.924971675705e-01   5.909102644953e-19  -9.656154640493e-01  -3.032365307251e-04  -2.937831942258e-02  -3.153348744999e-01  -4.104457537276e-01   2.506835935893e-03   4.391966251582e-20   1.411976348213e-03  -1.337082056624e-01  -9.610441560816e-01  -1.018789932892e+00  -6.232095581992e-01  -5.908165978715e-01  -1.841870085303e-18   9.688772918158e-01
  -1.321171325053e-03  -7.695737848881e-04   4.770647676478e-02   2.032404417490e-18   4.802767757996e-06  -2.814771649774e-01   8.390710216877e-01   1.927830991316e-18   5.398034366299e-06  -7.714145063138e-01   1.412133814205e+00  -5.669439554525e-18   5.287787626465e-07  -6.059939742883e-01   6.302971074898e-01  -1.056837747607e-18  -3.855992097238e-07  -7.451771541594e-19   1.062934701834e-32   5.189021739554e-01  -1.670336174905e-06  -8.964379693681e-01  -1.195059078076e+01  -8.724630299200e+00   6.397383529739e-04   7.525655425817e-28  -7.225149787667e-06  -3.930967824935e+00  -2.130213076062e-03   2.338450654941e-28  -1.009814663717e-05  -1.861551092348e+00  -2.410617169923e-04   6.107297318861e-29  -4.248364940073e-06  -7.975865893714e-01   6.536062299172e-04   1.428938662361e-29  -8.107483515366e-07   0.000000000000e+00   2.668646812398e-33  -2.209775364360e-03  -1.369106841445e-06  -8.473240462810e-03   4.775447917342e-04  -2.962943350655e-02  -3.014188107385e-01  -3.921124905406e-01   3.257284280145e-03   1.385655877004e-19  -9.562280952431e-04  -1.555076020968e-01  -9.167478455367e-01  -9.677603155678e-01  -5.960692040751e-01  -5.802335325927e-01   1.663668403992e-18  -9.456448852266e-01   4.758272360045e-04  -2.988504113655e-02  -3.023040290631e-01  -3.925255033281e-01   3.292826229770e-03   3.070526219218e-20   9.783676124643e-04  -1.559044801269e-01  -9.176069072831e-01  -9.680672410011e-01  -5.961365182673e-01  -5.785081868840e-01  -5.231440899616e-18   9.487078566653e-01
  -3.859465834920e-02  -4.770647676478e-02   3.344364091802e-01   1.086996471967e-17   5.551871913497e-05  -3.238439383622e-01   3.983972083866e-01  -2.090948587235e-17   7.766151397496e-05  -2.316785526943e-01   1.209458711079e-01  -9.934218790358e-18   6.110187879734e-05  -6.030405328061e-02  -5.923395640533e-02  -5.735781959992e-19   1.717509925093e-05   8.246697285838e-17   1.295748393065e-31   7.287815480763e-02  -5.163094023708e-05  -1.087554726076e-01   1.200196115630e-03   6.397383529739e-04   9.663654003908e-01  -3.081487911020e-33   1.307475432002e-05  -2.864838759886e-02  -4.985301560856e-01  -7.703719777549e-34  -1.215170397987e-07  -1.291505893792e-02  -4.769117896712e-01  -5.777789833162e-34  -2.902321737171e-06   6.354251863838e-03  -1.654241365298e-01   4.814824860968e-35   3.895331937143e-08   1.155808421681e-27   0.000000000000e+00   1.055377419390e-01   1.897759940140e-04  -7.294891748732e-02   5.150293300966e-03  -5.352436447749e-02  -1.026474170450e-01  -4.549155936196e-02   4.627180796147e-02   2.304321016221e-18  -1.310300729256e-02   2.206501803113e-01   2.003905550361e-01   9.305475864453e-02   3.141557405502e-02  -7.974308018640e-02   1.464079487083e-17   1.639741835011e-01   5.071355073689e-03  -5.382495313815e-02  -1.027443221838e-01  -4.545851026209e-02   4.655283943340e-02   5.071130007774e-19   1.335469307067e-02   2.198996212861e-01   1.995520833930e-01   9.262165902279e-02   3.129927117951e-02  -8.088347832679e-02  -4.625799164166e-17  -1.634062217433e-01
  -1.828626544851e-18  -2.032404417490e-18   1.086996471967e-17  -1.119481077173e-01  -6.687437389316e-34   1.041397702850e-18  -2.090948587253e-17  -2.212847591796e-01  -3.694831718944e-32   3.519353786226e-18  -9.934218790796e-18  -2.476065592533e-01  -6.089819546812e-33   3.857344020872e-19  -5.735781962304e-19  -1.345034498986e-01  -5.391619683874e-32   2.070418313203e-01  -2.521374479044e-06  -2.202283122100e-17   1.295748393064e-31   5.049995791330e-17   5.417543480301e-28   7.525655425817e-28  -3.081487911020e-33   1.108228594421e+00   6.162975822039e-33   2.007754285976e-27   2.388153131040e-32  -3.028926090273e-01   0.000000000000e+00   1.280834691627e-27  -5.777789833162e-34  -3.881496553316e-01   0.000000000000e+00   6.080813530449e-28  -4.925565832770e-32  -1.578557948443e-01   0.000000000000e+00  -5.155391468049e-02  -3.018510935197e-05  -6.673063033892e-28   0.000000000000e+00  -1.155808421681e-27  -1.366753961436e-19  -1.917610916800e-18   1.063414824290e-18   3.667938597353e-19   2.304321016224e-18  -2.621587217880e-02  -1.118695044295e-18  -3.067126406363e-18   6.554454777345e-18   1.348000343365e-18   1.263658430953e-19   1.464079487146e-17  -1.677063330991e-01   2.385863012244e-17  -3.027991305897e-20  -4.192697544283e-19   2.330421512178e-19   8.004238772226e-20   5.071130007747e-19  -2.629285473466e-02   2.468743198641e-19   9.685987071120e-18  -2.078313377024e-17  -4.269888285665e-18  -4.001554545082e-19  -4.625799164178e-17  -1.678525613611e-01   7.585173221665e-17
