ARMA_MAT_TXT_FN008
72 72
  -2.065838024622e+01  -2.102575729540e+01   9.845783986533e-02  -5.420964536400e-28  -7.472745285040e-05  -7.375359938586e+00   4.545557002831e-02  -2.502577978055e-28  -3.447636090222e-05  -3.337901015207e+00   1.448129854293e-02  -7.971383633060e-29  -1.096408138602e-05  -1.408060581114e+00   3.644250779193e-03  -2.005790624778e-29  -2.756027819106e-06   0.000000000000e+00   0.000000000000e+00   1.857563817588e-03   6.692328204156e-06  -1.338142991001e-02  -3.038695149415e-03  -1.129095176898e-03  -6.899266706675e-02  -1.828626544851e-18  -2.303790166806e-07  -4.761960983583e-01  -1.468479334030e+00  -9.589938926548e-19  -3.029235879179e-06  -1.371871097842e+00  -2.539226334883e+00   4.609168757592e-18  -4.912895196294e-06  -1.070452792343e+00  -1.114480592624e+00   8.764743606212e-19  -2.155816237395e-06   1.398598798077e-18  -1.476310803841e-32   9.159622904813e-01  -6.317663516496e-06  -1.586738095273e+00  -2.258717677359e-01  -1.612969476986e+00  -1.713932916176e+00  -1.049501054134e+00   1.002002513827e+00   1.869288040336e-18  -1.625627640909e+00  -5.312327519537e-05  -4.903421179142e-02  -5.313495950033e-01  -6.914099198453e-01  -3.564027611368e-03  -4.341384779057e-20  -1.755560584518e-03  -2.264999017259e-01  -1.614560907616e+00  -1.714495485722e+00  -1.049623947935e+00   9.992080512273e-01  -5.833285745827e-19   1.631144598604e+00  -5.418048865667e-05  -4.946363176668e-02  -5.329222499671e-01  -6.921388745322e-01  -3.615699291201e-03  -2.016827117292e-19   1.785885596425e-03
  -2.102575729540e+01  -1.890102725559e+01   1.367703258531e-01  -7.530407706899e-28  -1.038070330398e-04  -7.888254399657e+00   4.249851004127e-02  -2.339927333606e-28  -3.225747142298e-05  -3.593494284377e+00   1.109907199021e-02  -6.111153938898e-29  -8.425998658103e-06  -1.514067013536e+00   2.596839949734e-03  -1.429841004786e-29  -1.971693956618e-06   0.000000000000e+00   0.000000000000e+00   9.246889790623e-04   3.332272144995e-06  -6.680398050651e-03  -1.129095176898e-03   7.985795637179e-05  -5.592608283363e-02  -2.032404417490e-18  -5.275072871769e-08  -5.081372027372e-01  -1.589476886701e+00  -1.927830991316e-18  -2.090267466789e-06  -1.473595778825e+00  -2.734149658812e+00   5.669439554525e-18  -3.540432633079e-06  -1.150267823739e+00  -1.199537416694e+00   1.056837747607e-18  -1.512910537811e-06  -7.451771541594e-19  -1.057666907930e-32   1.004720829635e+00  -4.625594426758e-06  -1.740331566713e+00  -2.393983083114e-01  -1.740345261569e+00  -1.844783268952e+00  -1.128400221717e+00   1.102906581090e+00   5.262855695184e-18  -1.791342591916e+00  -5.265507886014e-06  -5.073342029255e-02  -5.698124689243e-01  -7.426420242459e-01  -2.260063724418e-03  -3.026138453702e-20  -1.098248959796e-03  -2.400941634519e-01  -1.742052406554e+00  -1.845384270648e+00  -1.128531116382e+00   1.099795396680e+00  -1.656820959937e-18   1.797380331667e+00  -5.422586641822e-06  -5.118741809041e-02  -5.715029809136e-01  -7.434258516304e-01  -2.299290834533e-03  -1.410010958315e-19   1.120413412712e-03
   9.845783986533e-02   1.367703258531e-01  -8.389130589338e+00   0.000000000000e+00   4.775216475958e-05   3.649906724648e-01  -5.605123909679e+00   0.000000000000e+00   5.304002697519e-05   2.329898646321e-01  -2.085722641747e+00   0.000000000000e+00   2.304791545238e-05   1.106603613976e-01  -5.577071164450e-01   0.000000000000e+00   6.466473370486e-06  -1.156538288541e-27   0.000000000000e+00  -1.692374099627e-01  -6.504870494798e-05   2.554359986966e-01   6.899266706675e-02   5.592608283363e-02   7.031991977892e-01   1.086996471967e-17   4.992996923666e-06   1.138584537817e+00   2.235876707370e+00  -2.090948587235e-17   2.172273325748e-05   9.933827963525e-01   7.711258765383e-01  -9.934218790358e-18   1.579406565672e-05   3.109083232995e-01  -1.143409357273e-01  -5.735781959992e-19   5.455108574738e-06  -8.246697285838e-17   1.358415636942e-31  -1.230894559596e+00   4.353137667453e-05   2.133856178325e+00  -5.424705657005e-01  -7.541978862006e-01  -2.054288111675e-01   5.924871484325e-03   6.082174069613e-02  -4.631475267880e-17  -1.491503656134e+00   1.776210194638e-03   1.510921058694e-01   4.165839001258e-01   2.293252021217e-01   4.488580148837e-02   5.032414290301e-19   2.470307506206e-02  -5.409304159114e-01  -7.506955784334e-01  -2.038664412746e-01   6.306124830798e-03   5.166769009753e-02   1.465011486982e-17   1.488257784708e+00   1.805065351355e-03   1.520267311040e-01   4.172022420921e-01   2.293090304615e-01   4.535564851803e-02   2.328704714272e-18  -2.503592325223e-02
  -5.420964536400e-28  -7.530407706899e-28   0.000000000000e+00  -8.197809510434e+00   0.000000000000e+00  -2.009071472309e-27   0.000000000000e+00  -5.394666828360e+00   0.000000000000e+00  -1.281618842277e-27   0.000000000000e+00  -1.995550405786e+00   0.000000000000e+00  -6.084653426574e-28   0.000000000000e+00  -5.325699972764e-01   0.000000000000e+00   1.926012798739e-01  -1.290816592782e-04   6.677276922174e-28   0.000000000000e+00   1.156538288541e-27   1.828626544851e-18   2.032404417490e-18   1.086996471967e-17  -8.791231142316e-02   1.222583334844e-32  -1.041397702851e-18  -2.090948587253e-17  -5.955367565811e-01   5.537450517278e-32  -3.519353786227e-18  -9.934218790796e-18  -8.829926047407e-01   3.144395324670e-32  -3.857344020875e-19  -5.735781962306e-19  -4.089671705143e-01   4.652954892771e-33  -1.167903659932e+00  -8.460215801621e-06   2.202283122100e-17   1.358415636942e-31  -5.049995791330e-17  -9.702560701302e-18   2.073439007892e-17   4.264270008632e-18   3.997462428509e-19  -4.631475267891e-17  -8.576923276371e-01   7.547449186192e-17   2.984858497758e-20   4.187876824686e-19  -2.322395154438e-19  -8.010423260453e-20   5.032414290274e-19  -3.838569363019e-03   2.443121807999e-19   3.067595850562e-18  -6.582112329639e-18  -1.352292905290e-18  -1.267310402876e-19   1.465011487045e-17  -8.591273313977e-01   2.402258616635e-17   1.390478575392e-19   1.925321283895e-18  -1.070148773391e-18  -3.675612433365e-19   2.328704714275e-18  -3.891452951647e-03  -1.133667233186e-18
  -7.472745285040e-05  -1.038070330398e-04   4.775216475958e-05   0.000000000000e+00  -8.270518063359e+00  -2.762611868030e-04   5.304002697519e-05   0.000000000000e+00  -5.474276342851e+00  -1.751821465815e-04   2.304791545238e-05   0.000000000000e+00  -2.029306343516e+00  -8.286369550537e-05   6.466473370486e-06   0.000000000000e+00  -5.419230202725e-01   0.000000000000e+00  -1.156538288541e-27  -2.891878503840e-04   1.549094859738e-01   3.201647716513e-05  -2.303790166821e-07  -5.275072871933e-08  -4.992996923674e-06  -1.299469538301e-32  -8.810896374597e-02  -2.766640993818e-05  -7.532337537719e-05  -1.733416215914e-31  -5.993292694080e-01  -8.073213951763e-05  -1.396061503870e-04  -3.284749383605e-31  -8.941491956679e-01  -6.542353545917e-05  -6.361941617404e-05  -1.619852606832e-31  -4.155389365960e-01  -3.259000350941e-31   6.177647656199e-18   2.880125163651e-05  -1.174953188047e+00  -7.207650537919e-05   9.016529147747e-01   1.371415175905e+00   5.283807370773e-01   1.227493498033e-01  -1.582910337626e+00   7.547449186443e-17   1.671752004498e+00   8.201529290176e-04   6.777938630633e-02   1.754971801548e-01   8.179483372244e-02   2.239274066086e-02   2.443121808001e-19   7.287394028968e-03  -9.048387824486e-01  -1.374633226057e+00  -5.294379718705e-01  -1.230489890269e-01   1.580182317962e+00   2.402258616617e-17   1.681360231548e+00  -8.358952089817e-04  -6.839535900727e-02  -1.762891111905e-01  -8.207317765927e-02  -2.269842994950e-02  -1.133667233179e-18   7.417310985795e-03
  -7.375359938586e+00  -7.888254399657e+00   3.649906724648e-01  -2.009071472309e-27  -2.762611868030e-04  -9.783924232179e+00   5.835653215358e-01  -3.193461967028e-27  -4.064823356163e-04  -6.862898689213e+00   3.766165907177e-01  -2.086802442249e-27  -2.263771858816e-04  -3.524820535646e+00   1.276601218806e-01  -7.228892096287e-28  -7.140727506673e-05   0.000000000000e+00   0.000000000000e+00   5.765532424350e-02   1.810772212736e-04  -3.398375739388e-01  -4.761960983583e-01  -5.081372027372e-01  -1.138584537817e+00   1.041397702850e-18  -2.766640993818e-05  -2.180597196038e+00  -3.642327642579e+00   1.541896514353e-17  -9.175268613260e-05  -3.511773415780e+00  -5.057690551082e+00   1.980309474691e-17  -1.317157305590e-04  -2.780173404407e+00  -2.599593544018e+00   4.878307956010e-18  -6.154764052356e-05   4.461684685980e-17  -3.277569431476e-31   1.539562268568e+00  -1.259073820080e-04  -2.682475869344e+00  -1.485157427838e+00  -3.617738803921e+00  -3.965767710113e+00  -2.677273238511e+00   1.861131218055e+00  -4.631077362007e-17  -2.907700283255e+00  -3.691698847972e-02  -4.257597494652e-01  -1.563659763013e+00  -1.857244618956e+00  -2.192270473200e-01  -9.253925241475e-19  -1.273289898851e-01  -1.487311188577e+00  -3.620821894153e+00  -3.967259249008e+00  -2.677675943974e+00   1.855141090707e+00   1.470409826963e-17   2.915430236410e+00  -3.726418145033e-02  -4.280680021169e-01  -1.567506634787e+00  -1.859051308796e+00  -2.205981513176e-01  -4.259544444097e-18   1.284627706231e-01
   4.545557002831e-02   4.249851004127e-02  -5.605123909679e+00   0.000000000000e+00   5.304002697519e-05   5.835653215358e-01  -7.442865680418e+00   0.000000000000e+00   1.851578214768e-04   6.863088662809e-01  -4.761028429511e+00   0.000000000000e+00   1.646740272247e-04   4.241277384080e-01  -1.656317094917e+00   0.000000000000e+00   6.152745907961e-05  -3.101781456852e-27   0.000000000000e+00  -5.425211801698e-01   1.766306884739e-06   7.890336536602e-01   1.468479334030e+00   1.589476886701e+00   2.235876707370e+00  -2.090948587253e-17   7.532337537721e-05   3.642327642579e+00   3.766063395113e+00  -5.515412448906e-17   1.609215139556e-04   2.803292217390e+00   1.324697265718e+00  -2.506766813771e-17   1.152275199073e-04   1.025907809311e+00  -3.683843881867e-01  -2.054835762013e-18   4.924184855114e-05  -1.129155673659e-16   6.504662041810e-31  -1.084594320739e+00   1.683312998386e-04   1.913145623106e+00  -1.332601784383e+00  -1.499232203563e+00  -4.333938839934e-01   9.290738679218e-02  -5.062415591923e-01  -7.494160367023e-17  -1.883979571194e+00   1.227252390925e-01   8.276182433257e-01   1.361747650377e+00   7.780176241579e-01   5.470279635577e-01   1.526813234690e-18   3.711988624537e-01  -1.327776365984e+00  -1.491872809281e+00  -4.293200363786e-01   9.408277483978e-02  -5.187457265219e-01   2.367062492031e-17   1.879006841930e+00   1.237068940791e-01   8.308345122536e-01   1.363248765790e+00   7.779654671833e-01   5.493682118811e-01   6.994073293106e-18  -3.739885429824e-01
  -2.502577978055e-28  -2.339927333606e-28   0.000000000000e+00  -5.394666828360e+00   0.000000000000e+00  -3.193461967028e-27   0.000000000000e+00  -6.757591090239e+00   0.000000000000e+00  -3.802782600637e-27   0.000000000000e+00  -4.168750896603e+00   0.000000000000e+00  -2.401669065349e-27   0.000000000000e+00  -1.436978748702e+00   0.000000000000e+00   4.721779182020e-01  -2.756996287989e-04   1.790814359081e-27   0.000000000000e+00   3.101781456852e-27   9.589938926547e-19   1.927830991316e-18  -2.090948587235e-17  -5.955367565811e-01   1.748194780450e-31  -1.541896514353e-17  -5.515412448906e-17  -1.646824214635e+00   4.111395266563e-31  -1.086708098433e-17  -2.506766813867e-17  -2.169049254536e+00   2.836237924068e-31  -1.468343926975e-18  -2.054835762832e-18  -1.133986367439e+00   5.556003226887e-32  -2.226111327232e+00  -5.643606042361e-05   2.525225038549e-17   6.504662041810e-31  -9.461659270852e-17   4.445996328776e-17   5.124842410413e-17   1.337340386843e-17   1.556245430151e-18  -7.494160367002e-17  -1.686389920249e+00   1.221247902429e-16   7.994229847086e-19   6.852446048883e-19  -9.718745614623e-19  -3.214422260230e-19   1.526813234623e-18  -7.638270351811e-02   7.412328348409e-19  -1.412392937468e-17  -1.626068693683e-17  -4.240754177616e-18  -4.933706958689e-19   2.367062492196e-17  -1.688463211889e+00   3.881400465471e-17   3.687576192961e-18   3.127375104681e-18  -4.473372832579e-18  -1.474829076211e-18   6.994073293296e-18  -7.699636525935e-02  -3.404876398019e-18
  -3.447636090222e-05  -3.225747142298e-05   5.304002697519e-05   0.000000000000e+00  -5.474276342851e+00  -4.064823356163e-04   1.851578214768e-04   0.000000000000e+00  -6.990695983068e+00  -4.125274181315e-04   1.646740272247e-04   0.000000000000e+00  -4.341146145066e+00  -2.372377970018e-04   6.152745907961e-05   0.000000000000e+00  -1.496482395136e+00   0.000000000000e+00  -3.101781456852e-27  -8.507658235973e-04   3.215373236259e-01   1.387329678418e-04  -3.029235879180e-06  -2.090267466790e-06  -2.172273325746e-05  -5.389650070005e-32  -5.993292694080e-01  -9.175268613258e-05  -1.609215139555e-04  -4.072409799429e-31  -1.666158038682e+00  -2.400257342324e-04  -3.467948069955e-04  -9.380238199567e-31  -2.224564003806e+00  -2.044809388790e-04  -1.666502394279e-04  -6.123865548481e-31  -1.174740986620e+00  -4.936815277650e-31   2.543920601812e-17  -3.406158744246e-05  -2.247226081267e+00  -1.084404437708e-04   2.214708916772e+00   2.743576691601e+00   1.294330824056e+00   3.480303817883e-01  -2.070325078965e+00   1.221247902545e-16   1.505829533821e+00   5.503171729348e-02   3.291433550608e-01   5.063945166628e-01   2.394890149178e-01   2.667833324463e-01   7.412328347983e-19   6.871745454795e-02  -2.220807063290e+00  -2.749694906506e+00  -1.296941495237e+00  -3.488852293743e-01   2.066436437441e+00   3.881400465558e-17   1.516336912187e+00  -5.562904905634e-02  -3.314203809083e-01  -5.085366836817e-01  -2.403185657140e-01  -2.688709313764e-01  -3.404876397579e-18   6.963925068443e-02
  -3.337901015207e+00  -3.593494284377e+00   2.329898646321e-01  -1.281618842277e-27  -1.751821465815e-04  -6.862898689213e+00   6.863088662809e-01  -3.802782600637e-27  -4.125274181315e-04  -7.046102623731e+00   8.474474500922e-01  -5.819449583795e-27  -3.812221720651e-04  -4.805518978003e+00   4.241431670788e-01  -3.800418120499e-27  -1.694412907702e-04   0.000000000000e+00   0.000000000000e+00   9.696494019171e-02   2.497318510865e-04  -4.541484107288e-01  -1.371871097842e+00  -1.473595778825e+00  -9.933827963525e-01   3.519353786226e-18  -8.073213951763e-05  -3.511773415780e+00  -2.803292217390e+00   1.086708098432e-17  -2.400257342324e-04  -4.723919273949e+00  -4.458328826389e+00   1.580500357815e-17  -3.211531739571e-04  -4.028605116761e+00  -3.046966095993e+00   6.871952900136e-18  -1.644740879059e-04   1.058049606481e-17  -3.811913219259e-31   6.658981124104e-01  -1.612248836063e-04  -1.243057534342e+00  -1.787351116227e+00  -3.795897617476e+00  -4.751285756979e+00  -3.781536485494e+00   1.189711534920e+00  -1.686636769541e-17  -1.761119950058e+00  -4.253964402352e-01  -1.318025635148e+00  -2.605235965538e+00  -2.861345709820e+00  -7.267438039078e-01   4.127092188044e-19  -4.943908336896e-01  -1.788897968672e+00  -3.798519544992e+00  -4.753236757248e+00  -3.782258154482e+00   1.185978122717e+00   5.349390243642e-18   1.765202246674e+00  -4.271078181284e-01  -1.321933425200e+00  -2.609835105161e+00  -2.863696630365e+00  -7.280426294481e-01   1.909902408802e-18   4.967896426613e-01
   1.448129854293e-02   1.109907199021e-02  -2.085722641747e+00   0.000000000000e+00   2.304791545238e-05   3.766165907177e-01  -4.761028429511e+00   0.000000000000e+00   1.646740272247e-04   8.474474500922e-01  -5.944713922382e+00   0.000000000000e+00   2.801899286039e-04   7.732745823371e-01  -3.385202693121e+00   0.000000000000e+00   1.486390387417e-04  -2.466623503349e-27   0.000000000000e+00  -4.438265171777e-01   3.718759963060e-05   6.560434549019e-01   2.539226334883e+00   2.734149658812e+00   7.711258765383e-01  -9.934218790796e-18   1.396061503870e-04   5.057690551082e+00   1.324697265718e+00  -2.506766813867e-17   3.467948069955e-04   4.458328826389e+00   7.863522961729e-02  -2.267952488716e-17   3.090917255150e-04   2.118522921127e+00  -1.190316760273e+00  -4.397627638702e-18   1.424055296234e-04  -1.154198338289e-17   5.955161633778e-31   8.926972170477e-02   1.550164485517e-04   2.388071771845e-02  -1.165607660403e+00  -1.561543477813e+00  -7.078553477557e-01   1.172842411038e-01  -9.094231488806e-01  -1.733553253295e-17  -8.936427243469e-01   9.921049212173e-01   2.354242341974e+00   2.848357435788e+00   1.742471018998e+00   1.150185133849e+00  -2.653680790111e-18   1.056912918092e+00  -1.160711553798e+00  -1.553644344229e+00  -7.015085984266e-01   1.198165401033e-01  -9.158986730595e-01   5.470954544682e-18   8.909558297413e-01   9.947075572493e-01   2.358053594362e+00   2.849676277293e+00   1.742056989584e+00   1.149356561537e+00  -1.221173500024e-17  -1.060755067177e+00
  -7.971383633060e-29  -6.111153938898e-29   0.000000000000e+00  -1.995550405786e+00   0.000000000000e+00  -2.086802442249e-27   0.000000000000e+00  -4.168750896603e+00   0.000000000000e+00  -5.819449583795e-27   0.000000000000e+00  -4.971791662611e+00   0.000000000000e+00  -6.928714082736e-27   0.000000000000e+00  -2.855477016670e+00   0.000000000000e+00   3.426033195982e-01  -1.793021277529e-04   1.424105743648e-27   0.000000000000e+00   2.466623503349e-27  -4.609168757592e-18  -5.669439554525e-18  -9.934218790358e-18  -8.829926047407e-01   3.291762099024e-31  -1.980309474691e-17  -2.506766813771e-17  -2.169049254536e+00   9.397972729837e-31  -1.580500357816e-17  -2.267952488716e-17  -3.318471548695e+00   1.199567751243e-30  -3.769284464640e-18  -4.397627640290e-18  -2.373935787443e+00   4.646139483877e-31  -1.398521607819e+00  -1.001420537576e-04   1.583708616652e-19   5.955161633778e-31  -2.226104761609e-17   3.028910234999e-17   4.173848610293e-17   2.108028488037e-17   4.255342061548e-18  -1.733553253228e-17  -1.491230757932e+00   2.824997290945e-17  -5.186142598557e-19  -2.023572859450e-18  -2.613933542713e-18  -9.553637963726e-19  -2.653680790496e-18  -4.007970142743e-01  -1.288301207579e-18  -9.607015040851e-18  -1.323646888566e-17  -6.683841522692e-18  -1.349026420429e-18   5.470954546224e-18  -1.492437483288e+00   8.971020234749e-18  -2.406888486529e-18  -9.329172291245e-18  -1.201047640456e-17  -4.382386974679e-18  -1.221173499818e-17  -4.022818189245e-01   5.944954607342e-18
  -1.096408138602e-05  -8.425998658103e-06   2.304791545238e-05   0.000000000000e+00  -2.029306343516e+00  -2.263771858816e-04   1.646740272247e-04   0.000000000000e+00  -4.341146145066e+00  -3.812221720651e-04   2.801899286039e-04   0.000000000000e+00  -5.187179088356e+00  -3.089160772137e-04   1.486390387417e-04   0.000000000000e+00  -2.962418885561e+00   0.000000000000e+00  -2.466623503349e-27  -5.931810573498e-04   2.299166970020e-01   1.082448636918e-04  -4.912895196291e-06  -3.540432633075e-06  -1.579406565671e-05  -3.074172283497e-32  -8.941491956679e-01  -1.317157305590e-04  -1.152275199073e-04  -2.818514343283e-31  -2.224564003806e+00  -3.211531739571e-04  -3.090917255150e-04  -1.197964482452e-30  -3.427413320489e+00  -2.998601451170e-04  -1.741884433205e-04  -1.543638692698e-30  -2.456807030776e+00  -1.375139027194e-31   1.099337061736e-17  -2.240972999383e-04  -1.392660757807e+00  -2.759056035855e-05   1.933072992113e+00   2.814857433446e+00   1.967922115129e+00   7.352185050668e-01  -1.038728765597e+00   2.824997292493e-17   1.266159288592e-02   4.574264413774e-01   9.583857125861e-01   1.051633749166e+00   5.465782350752e-01   6.687669005672e-01  -1.288301208227e-18   1.059188264688e-02  -1.937238866765e+00  -2.820506470984e+00  -1.971655512216e+00  -7.367589636560e-01   1.036858178734e+00   8.971020236797e-18   1.680508958400e-02  -4.598758770275e-01  -9.626373976206e-01  -1.055256019990e+00  -5.481890205136e-01  -6.710162546992e-01   5.944954612191e-18   1.170762452666e-02
  -1.408060581114e+00  -1.514067013536e+00   1.106603613976e-01  -6.084653426574e-28  -8.286369550537e-05  -3.524820535646e+00   4.241277384080e-01  -2.401669065349e-27  -2.372377970018e-04  -4.805518978003e+00   7.732745823371e-01  -6.928714082736e-27  -3.089160772137e-04  -4.672551110350e+00   5.851260431710e-01  -1.060970161876e-26  -1.948334741017e-04   0.000000000000e+00   0.000000000000e+00   6.645923962277e-02   1.582607607805e-04  -2.855144696988e-01  -1.070452792343e+00  -1.150267823739e+00  -3.109083232995e-01   3.857344020872e-19  -6.542353545917e-05  -2.780173404407e+00  -1.025907809311e+00   1.468343926973e-18  -2.044809388790e-04  -4.028605116761e+00  -2.118522921127e+00   3.769284464637e-18  -2.998601451170e-04  -4.207972912186e+00  -2.201285668942e+00   4.178619091693e-18  -1.938383096736e-04   4.260666721722e-19  -1.247948173786e-31   1.561426112212e-01  -1.233325150383e-04  -3.867258966414e-01  -1.142359796102e+00  -2.557143767464e+00  -3.869379104378e+00  -3.950526410729e+00   4.844033310319e-01  -1.550148918989e-18  -6.685381913347e-01  -7.094407995875e-01  -1.705496838681e+00  -2.890376349495e+00  -3.318331045421e+00  -5.255873238508e-01   2.770633970296e-19  -4.375121567935e-01  -1.143043741908e+00  -2.558559904556e+00  -3.870904974256e+00  -3.951334095212e+00   4.830754128359e-01   4.914558875622e-19   6.700207343060e-01  -7.106171312539e-01  -1.707966304645e+00  -2.893446827562e+00  -3.320327500022e+00  -5.253410271154e-01   1.271712875164e-18   4.388533003225e-01
   3.644250779193e-03   2.596839949734e-03  -5.577071164450e-01   0.000000000000e+00   6.466473370486e-06   1.276601218806e-01  -1.656317094917e+00   0.000000000000e+00   6.152745907961e-05   4.241431670788e-01  -3.385202693121e+00   0.000000000000e+00   1.486390387417e-04   5.851260431710e-01  -3.634299762553e+00   0.000000000000e+00   1.003783128201e-04  -9.017474654817e-28   0.000000000000e+00  -1.592088487920e-01   1.310906008650e-05   2.380529967632e-01   1.114480592624e+00   1.199537416694e+00  -1.143409357273e-01  -5.735781962303e-19   6.361941617404e-05   2.599593544018e+00  -3.683843881867e-01  -2.054835762831e-18   1.666502394279e-04   3.046966095993e+00  -1.190316760273e+00  -4.397627640287e-18   1.741884433205e-04   2.201285668942e+00  -2.003466527313e+00  -3.140348563141e-18   1.023277710753e-04   2.568863411250e-19   1.231475798549e-31   1.229120288485e-01   1.069147222040e-04  -7.042253298054e-02  -4.540396345059e-01  -7.672663382134e-01  -6.169618671189e-01  -1.077251920631e-01  -4.775701408869e-01  -9.381607177492e-19  -2.021809246819e-01   9.984815010040e-01   2.106024401295e+00   2.736107950058e+00   2.109620333433e+00   3.018054175716e-01  -6.076131286995e-19   5.706568788349e-01  -4.520128535318e-01  -7.633358912382e-01  -6.122597114318e-01  -1.047097898687e-01  -4.791781840418e-01   2.959732954235e-19   2.015394156752e-01   9.987169950540e-01   2.106196087189e+00   2.735384575509e+00   2.108431222915e+00   2.999250620810e-01  -2.784212421052e-18  -5.717132005916e-01
  -2.005790624778e-29  -1.429841004786e-29   0.000000000000e+00  -5.325699972764e-01   0.000000000000e+00  -7.228892096287e-28   0.000000000000e+00  -1.436978748702e+00   0.000000000000e+00  -3.800418120499e-27   0.000000000000e+00  -2.855477016670e+00   0.000000000000e+00  -1.060970161876e-26   0.000000000000e+00  -3.194812363775e+00   0.000000000000e+00   1.193429490327e-01  -5.971249962874e-05   5.206241419369e-28   0.000000000000e+00   9.017474654817e-28  -8.764743606212e-19  -1.056837747607e-18  -5.735781959992e-19  -4.089671705143e-01   1.620258729619e-31  -4.878307956010e-18  -2.054835762013e-18  -1.133986367439e+00   6.125321522073e-31  -6.871952900138e-18  -4.397627638703e-18  -2.373935787443e+00   1.543949340378e-30  -4.178619091699e-18  -3.140348563144e-18  -2.847227785068e+00   1.657263823508e-30  -3.115066145467e-01  -4.998589076360e-05  -3.071444256921e-19   1.231475798549e-31  -1.082196560744e-18   4.555199591350e-18   9.560470342855e-18   1.068698573663e-17   5.351423165229e-18  -9.381607173782e-19  -6.169382739338e-01   1.528826109243e-18  -8.003719914911e-19  -1.798896319201e-18  -2.321457705928e-18  -1.409834990380e-18  -6.076131290520e-19  -3.901442695797e-01  -2.949822482494e-19  -1.444176876993e-18  -3.030991935634e-18  -3.388011628395e-18  -1.696434924426e-18   2.959732960462e-19  -6.172907182645e-01   4.853234285810e-19  -3.673857357868e-18  -8.255715842953e-18  -1.064978615259e-17  -6.464391835844e-18  -2.784212418504e-18  -3.907651996029e-01   1.355418898425e-18
  -2.756027819106e-06  -1.971693956618e-06   6.466473370486e-06   0.000000000000e+00  -5.419230202725e-01  -7.140727506673e-05   6.152745907961e-05   0.000000000000e+00  -1.496482395136e+00  -1.694412907702e-04   1.486390387417e-04   0.000000000000e+00  -2.962418885561e+00  -1.948334741017e-04   1.003783128201e-04   0.000000000000e+00  -3.277426368841e+00   0.000000000000e+00  -9.017474654817e-28  -1.975663315847e-04   8.163813067358e-02   3.641077985762e-05  -2.155816237395e-06  -1.512910537810e-06  -5.455108574738e-06  -4.612390262426e-33  -4.155389365960e-01  -6.154764052356e-05  -4.924184855114e-05  -5.541471342720e-32  -1.174740986620e+00  -1.644740879059e-04  -1.424055296234e-04  -4.643029699221e-31  -2.456807030776e+00  -1.938383096736e-04  -1.023277710753e-04  -1.657041820622e-30  -2.921193951012e+00  -8.595563991497e-33   8.070931542560e-19  -1.462807543137e-04  -2.918072282392e-01   1.334273622985e-05   7.520195315516e-01   1.364727272712e+00   1.481795495134e+00   9.223271166899e-01  -2.563198323789e-01   1.528826116500e-18  -2.779218097106e-01   4.659348997633e-01   9.006333673960e-01   1.086707752918e+00   7.613100404623e-01   2.964352083501e-01  -2.949822491180e-19  -1.717856987816e-01  -7.534332474929e-01  -1.367238053278e+00  -1.484434960526e+00  -9.239900090371e-01   2.559749151025e-01   4.853234296737e-19  -2.771160457414e-01  -4.673097411934e-01  -9.031433849562e-01  -1.089465389021e+00  -7.630636564201e-01  -2.967593064528e-01   1.355418904439e-18  -1.714561659896e-01
   0.000000000000e+00   0.000000000000e+00  -1.156538288541e-27   1.926012798739e-01   0.000000000000e+00   0.000000000000e+00  -3.101781456852e-27   4.721779182020e-01   0.000000000000e+00   0.000000000000e+00  -2.466623503349e-27   3.426033195982e-01   0.000000000000e+00   0.000000000000e+00  -9.017474654817e-28   1.193429490327e-01   0.000000000000e+00  -5.627320522566e+00   1.028414083351e-04   0.000000000000e+00   0.000000000000e+00   0.000000000000e+00   1.398598798077e-18  -7.451771541594e-19   8.246697285838e-17   1.167903659932e+00  -3.321680109586e-31   4.461684685981e-17   1.129155673659e-16   2.226111327232e+00  -5.034637949589e-31   1.058049606481e-17   1.154198338289e-17   1.398521607819e+00  -1.391071091470e-31   4.260666721724e-19  -2.568863411252e-19   3.115066145467e-01  -8.634495494817e-33   2.742178690330e+00   8.150508394816e-05  -3.406531668867e-17  -7.877269031467e-31   2.092553491872e-16   8.604179260814e-17   4.285017890319e-17   3.833665455420e-18   1.557528937219e-19  -1.494033198794e-17  -1.104206236668e+00   1.772585356280e-16  -1.401633516335e-18   1.339830315135e-19   1.120101960810e-18   1.134583677299e-19  -1.914264764350e-18   1.225782978209e-01  -1.213253549195e-18  -2.719823819564e-17  -1.352894246130e-17  -1.209695710200e-18  -4.913580452568e-20   4.400706013131e-18  -1.099882846440e+00   5.606646481953e-17  -6.465078387735e-18   6.645194069589e-19   5.143863432434e-18   5.197304194025e-19  -8.715667999059e-18   1.235309174296e-01   5.553713120484e-18
   0.000000000000e+00   0.000000000000e+00   0.000000000000e+00  -1.290816592782e-04  -1.156538288541e-27   0.000000000000e+00   0.000000000000e+00  -2.756996287989e-04  -3.101781456852e-27   0.000000000000e+00   0.000000000000e+00  -1.793021277529e-04  -2.466623503349e-27   0.000000000000e+00   0.000000000000e+00  -5.971249962874e-05  -9.017474654817e-28   1.028414083351e-04  -5.367704086919e+00   0.000000000000e+00   0.000000000000e+00   0.000000000000e+00   1.466431310767e-32   1.062934701834e-32   1.295748393065e-31  -8.460215801616e-06  -6.177647656199e-18   3.246014692847e-31   6.406812260406e-31  -5.643606042359e-05  -2.543920601812e-17   3.804441366635e-31   5.939247366349e-31  -1.001420537576e-04  -1.099337061736e-17   1.247645715296e-31   1.231085214791e-31  -4.998589076360e-05  -8.070931542565e-19  -8.150508394809e-05  -9.181947118070e-01   1.571961186334e-31  -7.512624495419e-17   7.677512313754e-31  -1.402136511712e-16  -6.982862461982e-17  -6.247338819116e-18  -2.538148181696e-19   1.772585356363e-16   1.884718606638e+00  -1.950264273819e-16  -6.804609503569e-19   6.504569131279e-20   5.437838321609e-19   5.508143735011e-20  -1.213253549094e-18   5.477736491317e-02  -4.176147024726e-21  -4.459842304490e-17  -2.218413909493e-17  -1.983603521174e-18  -8.057063787773e-20   5.606646482217e-17  -1.889737528899e+00   6.214392733943e-17   3.147349461337e-18  -3.235033937483e-19  -2.504151509594e-18  -2.530167705869e-19   5.553713120016e-18  -5.535928719076e-02  -1.127135642974e-20
   1.857563817588e-03   9.246889790623e-04  -1.692374099627e-01   6.677276922174e-28  -2.891878503840e-04   5.765532424350e-02  -5.425211801698e-01   1.790814359081e-27  -8.507658235973e-04   9.696494019171e-02  -4.438265171777e-01   1.424105743648e-27  -5.931810573498e-04   6.645923962277e-02  -1.592088487920e-01   5.206241419369e-28  -1.975663315847e-04   0.000000000000e+00   0.000000000000e+00  -5.683218755973e+00  -1.578168273464e-04   3.208831882907e-01   9.159622904813e-01   1.004720829635e+00   1.230894559596e+00  -2.202283122100e-17   2.880125163654e-05   1.539562268568e+00   1.084594320739e+00  -2.525225038549e-17  -3.406158744240e-05   6.658981124104e-01  -8.926972170477e-02  -1.583708616647e-19  -2.240972999383e-04   1.561426112212e-01  -1.229120288485e-01   3.071444256923e-19  -1.462807543137e-04  -3.406531668867e-17  -1.455891982132e-31  -9.403338280919e-01  -7.235813346758e-05   4.474477173593e-02  -1.472755883533e+00  -9.888036619370e-01  -1.820664039479e-01   1.261908182334e-02   1.841508960475e+00  -1.895482605460e-16   3.347361114237e-01   3.312418059396e-02   2.307312176839e-01   2.508775353476e-01   1.090966217515e-01   1.361051903772e-01   4.371134219846e-20   1.952528938297e-01  -1.483162372754e+00  -9.948666367979e-01  -1.830917733948e-01   1.253625177403e-02   1.841624425101e+00   6.040845199378e-17  -3.256311918761e-01   3.326612155769e-02   2.307983551643e-01   2.504366633469e-01   1.089235202526e-01   1.357296112500e-01   1.777984646561e-19  -1.965024980748e-01
   6.692328204156e-06   3.332272144995e-06  -6.504870494798e-05   0.000000000000e+00   1.549094859738e-01   1.810772212736e-04   1.766306884739e-06   0.000000000000e+00   3.215373236259e-01   2.497318510865e-04   3.718759963060e-05   0.000000000000e+00   2.299166970020e-01   1.582607607805e-04   1.310906008650e-05   0.000000000000e+00   8.163813067358e-02   0.000000000000e+00   0.000000000000e+00  -1.578168273464e-04  -5.875446209568e+00   3.275666896299e-04   6.317663516495e-06   4.625594426759e-06   4.353137667446e-05   1.295748393064e-31   1.174953188047e+00   1.259073820080e-04   1.683312998385e-04   6.406812260406e-31   2.247226081267e+00   1.612248836063e-04   1.550164485517e-04   5.939247366349e-31   1.392660757807e+00   1.233325150383e-04   1.069147222040e-04   1.231085214791e-31   2.918072282392e-01   7.634512307276e-31  -7.512624495419e-17   7.235813346771e-05   2.762901062175e+00   1.034742409824e-04   1.869733555898e+00   1.114949191787e+00   1.666751662337e-01   4.915588827572e-03   4.660153790887e-01   1.772585356364e-16   1.147328630376e+00  -8.580160541077e-02  -4.364866244954e-01  -3.259169139588e-01  -6.757482213871e-02  -4.302981220034e-01  -1.213253549148e-18  -1.392148075310e-01  -1.865738916078e+00  -1.111060871003e+00  -1.654547971041e-01  -4.554901478670e-03  -4.815984764850e-01   5.606646481998e-17   1.148779923526e+00   8.675115071425e-02   4.390865240693e-01   3.268835035783e-01   6.781917521561e-02   4.333695125349e-01   5.553713119890e-18  -1.409660833256e-01
  -1.338142991001e-02  -6.680398050651e-03   2.554359986966e-01   1.156538288541e-27   3.201647716513e-05  -3.398375739388e-01   7.890336536602e-01   3.101781456852e-27   1.387329678418e-04  -4.541484107288e-01   6.560434549019e-01   2.466623503349e-27   1.082448636918e-04  -2.855144696988e-01   2.380529967632e-01   9.017474654817e-28   3.641077985762e-05   0.000000000000e+00   0.000000000000e+00   3.208831882907e-01   3.275666896299e-04  -5.873814832597e+00  -1.586738095273e+00  -1.740331566713e+00  -2.133856178325e+00   5.049995791330e-17  -7.207650537923e-05  -2.682475869344e+00  -1.913145623106e+00   9.461659270852e-17  -1.084404437708e-04  -1.243057534342e+00  -2.388071771845e-02   2.226104761609e-17  -2.759056035855e-05  -3.867258966414e-01   7.042253298054e-02   1.082196560745e-18   1.334273622985e-05   2.092553491872e-16  -7.878550072624e-31   4.474477173593e-02  -1.034742409826e-04  -1.012375333858e+00  -5.657338332675e-01  -3.836956050243e-01  -2.463356467371e-01  -1.953071268239e-01  -6.788023361235e-01  -1.482211223407e-16  -6.843566631020e-01  -9.683931125384e-02  -5.912237167777e-01  -6.106143293407e-01  -2.900936445404e-01  -4.539807924877e-01  -1.834378351927e-18  -3.420156895433e-01  -5.609899162944e-01  -3.807566798654e-01  -2.461133312380e-01  -1.953931558141e-01  -6.802096026373e-01   4.688728673032e-17   6.793253847702e-01  -9.763366491684e-02  -5.930482910843e-01  -6.108695583737e-01  -2.900745716640e-01  -4.556104357058e-01  -8.396440668477e-18   3.445152859657e-01
  -3.038695149415e-03  -1.129095176898e-03   6.899266706675e-02   1.828626544851e-18  -2.303790166821e-07  -4.761960983583e-01   1.468479334030e+00   9.589938926547e-19  -3.029235879180e-06  -1.371871097842e+00   2.539226334883e+00  -4.609168757592e-18  -4.912895196291e-06  -1.070452792343e+00   1.114480592624e+00  -8.764743606212e-19  -2.155816237395e-06   1.398598798077e-18   1.466431310767e-32   9.159622904813e-01   6.317663516495e-06  -1.586738095273e+00  -2.065838024622e+01  -2.102575729540e+01  -9.845783986533e-02   5.417543480301e-28  -7.472745285040e-05  -7.375359938586e+00  -4.545557002831e-02   2.500998654008e-28  -3.447636090222e-05  -3.337901015207e+00  -1.448129854293e-02   7.966353061395e-29  -1.096408138602e-05  -1.408060581114e+00  -3.644250779193e-03   2.004524812725e-29  -2.756027819106e-06   0.000000000000e+00   0.000000000000e+00   1.857563817588e-03  -6.692328204156e-06  -1.338142991001e-02  -5.312327519537e-05  -4.903421179142e-02  -5.313495950033e-01  -6.914099198453e-01   3.564027611368e-03   1.987901553569e-19  -1.755560584518e-03  -2.258717677359e-01  -1.612969476986e+00  -1.713932916176e+00  -1.049501054134e+00  -1.002002513827e+00   5.909102644953e-19  -1.625627640909e+00  -5.418048865667e-05  -4.946363176668e-02  -5.329222499671e-01  -6.921388745322e-01   3.615699291201e-03   4.391966251582e-20   1.785885596425e-03  -2.264999017259e-01  -1.614560907616e+00  -1.714495485722e+00  -1.049623947935e+00  -9.992080512273e-01  -1.841870085303e-18   1.631144598604e+00
  -1.129095176898e-03   7.985795637179e-05   5.592608283363e-02   2.032404417490e-18  -5.275072871933e-08  -5.081372027372e-01   1.589476886701e+00   1.927830991316e-18  -2.090267466790e-06  -1.473595778825e+00   2.734149658812e+00  -5.669439554525e-18  -3.540432633075e-06  -1.150267823739e+00   1.199537416694e+00  -1.056837747607e-18  -1.512910537810e-06  -7.451771541594e-19   1.062934701834e-32   1.004720829635e+00   4.625594426759e-06  -1.740331566713e+00  -2.102575729540e+01  -1.890102725559e+01  -1.367703258531e-01   7.525655425817e-28  -1.038070330398e-04  -7.888254399657e+00  -4.249851004127e-02   2.338450654941e-28  -3.225747142298e-05  -3.593494284377e+00  -1.109907199021e-02   6.107297318861e-29  -8.425998658103e-06  -1.514067013536e+00  -2.596839949734e-03   1.428938662361e-29  -1.971693956618e-06   0.000000000000e+00   0.000000000000e+00   9.246889790623e-04  -3.332272144995e-06  -6.680398050651e-03  -5.265507886014e-06  -5.073342029255e-02  -5.698124689243e-01  -7.426420242459e-01   2.260063724418e-03   1.385655877004e-19  -1.098248959796e-03  -2.393983083114e-01  -1.740345261569e+00  -1.844783268952e+00  -1.128400221717e+00  -1.102906581090e+00   1.663668403992e-18  -1.791342591916e+00  -5.422586641822e-06  -5.118741809041e-02  -5.715029809136e-01  -7.434258516304e-01   2.299290834533e-03   3.070526219218e-20   1.120413412712e-03  -2.400941634519e-01  -1.742052406554e+00  -1.845384270648e+00  -1.128531116382e+00  -1.099795396680e+00  -5.231440899616e-18   1.797380331667e+00
  -6.899266706675e-02  -5.592608283363e-02   7.031991977892e-01   1.086996471967e-17  -4.992996923674e-06  -1.138584537817e+00   2.235876707370e+00  -2.090948587235e-17  -2.172273325746e-05  -9.933827963525e-01   7.711258765383e-01  -9.934218790358e-18  -1.579406565671e-05  -3.109083232995e-01  -1.143409357273e-01  -5.735781959992e-19  -5.455108574738e-06   8.246697285838e-17   1.295748393065e-31   1.230894559596e+00   4.353137667446e-05  -2.133856178325e+00  -9.845783986533e-02  -1.367703258531e-01  -8.389130589338e+00   0.000000000000e+00  -4.775216475958e-05  -3.649906724648e-01  -5.605123909679e+00   0.000000000000e+00  -5.304002697519e-05  -2.329898646321e-01  -2.085722641747e+00   0.000000000000e+00  -2.304791545238e-05  -1.106603613976e-01  -5.577071164450e-01   0.000000000000e+00  -6.466473370486e-06   1.155808421681e-27   0.000000000000e+00   1.692374099627e-01  -6.504870494798e-05  -2.554359986966e-01  -1.776210194638e-03  -1.510921058694e-01  -4.165839001258e-01  -2.293252021217e-01   4.488580148837e-02   2.304321016221e-18  -2.470307506206e-02   5.424705657005e-01   7.541978862006e-01   2.054288111675e-01  -5.924871484325e-03   6.082174069613e-02   1.464079487083e-17   1.491503656134e+00  -1.805065351355e-03  -1.520267311040e-01  -4.172022420921e-01  -2.293090304615e-01   4.535564851803e-02   5.071130007774e-19   2.503592325223e-02   5.409304159114e-01   7.506955784334e-01   2.038664412746e-01  -6.306124830798e-03   5.166769009753e-02  -4.625799164166e-17  -1.488257784708e+00
  -1.828626544851e-18  -2.032404417490e-18   1.086996471967e-17  -8.791231142316e-02  -1.299469538301e-32   1.041397702850e-18  -2.090948587253e-17  -5.955367565811e-01  -5.389650070005e-32   3.519353786226e-18  -9.934218790796e-18  -8.829926047407e-01  -3.074172283497e-32   3.857344020872e-19  -5.735781962303e-19  -4.089671705143e-01  -4.612390262426e-33   1.167903659932e+00  -8.460215801616e-06  -2.202283122100e-17   1.295748393064e-31   5.049995791330e-17   5.417543480301e-28   7.525655425817e-28   0.000000000000e+00  -8.197809510434e+00   0.000000000000e+00   2.007803589782e-27   0.000000000000e+00  -5.394666828360e+00   0.000000000000e+00   1.280810039724e-27   0.000000000000e+00  -1.995550405786e+00   0.000000000000e+00   6.080813530449e-28   0.000000000000e+00  -5.325699972764e-01   0.000000000000e+00  -1.926012798739e-01  -1.290816592782e-04  -6.673063033892e-28   0.000000000000e+00  -1.155808421681e-27  -1.366753961436e-19  -1.917610916800e-18   1.063414824290e-18   3.667938597353e-19   2.304321016224e-18  -3.838569363019e-03  -1.118695044295e-18  -3.067126406363e-18   6.554454777345e-18   1.348000343365e-18   1.263658430953e-19   1.464079487146e-17  -8.576923276371e-01   2.385863012244e-17  -3.027991305897e-20  -4.192697544283e-19   2.330421512178e-19   8.004238772226e-20   5.071130007747e-19  -3.891452951647e-03   2.468743198641e-19   9.685987071120e-18  -2.078313377024e-17  -4.269888285665e-18  -4.001554545082e-19  -4.625799164178e-17  -8.591273313977e-01   7.585173221665e-17
