ARMA_MAT_TXT_FN008
149 149
  -9.551999437413e+00  -1.199351943050e+01   7.491265826362e-03  -2.390894465037e-03   1.172522186481e-06  -4.421345718452e+00   2.194621662399e-03  -6.899483078733e-04   4.402652829818e-07  -1.989670631443e+00   7.964609034456e-04  -2.497428106717e-04   1.785693648665e-07  -8.385229943717e-01   2.647903385091e-04  -8.316627717704e-05   5.944908460550e-08  -1.356343519131e-03  -2.265409898802e-07  -1.303306048220e-03   6.325752385256e-07   1.814745855198e-03   1.198845146300e-05  -8.731178225200e-06  -2.184707084297e-05   3.521291879653e-05   7.685637852820e-05  -1.414456288496e-04  -3.382488837628e-02  -3.189287551954e-01  -4.499323733853e-05   1.505566416373e-05  -6.305077149043e-09   7.309011304656e-06  -2.454156480659e-06   1.032484119911e-09   6.956165734708e-05  -2.333696947831e-05   9.596846142792e-09  -6.525412497703e-04   2.181948522702e-04  -9.512268382989e-08  -5.363558043095e-03   1.791497082714e-03  -7.910471116012e-07  -2.371143545575e-01   7.915145353996e-02  -3.511038363069e-05  -8.759898050355e-01   2.924091441045e-01  -1.297190654052e-04   1.948851694110e-05   2.893541291948e-09   1.913058919849e-05  -9.153689331730e-09  -2.677851928319e-05   5.946422649009e-04   8.773041760080e-08   5.707202226468e-04  -2.621436002481e-07  -7.898358940806e-04  -4.602880568619e-01  -6.232085640934e-01   2.080299011625e-01  -9.228451148906e-05   1.413988309213e-01   2.094037029450e-05   1.359054697057e-01  -6.272787668496e-05  -1.881945511826e-01  -1.338122979445e-01  -9.630854222739e-01  -1.021936035820e+00  -6.252151222681e-01   1.685961993871e-01  -6.251321471096e-01  -9.328677778623e-01  -1.338187177355e-01  -9.631069788850e-01  -1.021942193691e+00  -6.252161454195e-01   6.779499081489e-01   9.110232481632e-01  -1.884811099645e-03  -1.338059022286e-01  -9.630689751197e-01  -1.021930249578e+00  -6.252138594425e-01   1.693999422451e-01  -6.218728066075e-01   9.348575801277e-01  -7.562825047916e-08  -1.045923700503e-08   9.145781700091e-06  -1.349722712841e-07  -1.526381177899e-09   1.782836632175e-06   1.276854082942e-05   1.472410716457e-09  -1.730581895848e-09   2.513879175124e-06   1.244067705219e-05  -6.783019548164e-07  -5.967768105967e-10  -6.731540581013e-04  -3.593040379787e-03   7.013772522747e-04  -3.564887968095e-08  -7.890381206293e-07  -4.144239639526e-10   1.217412730781e-07  -1.905190564231e-10  -2.777513761008e-07  -3.240110677912e-08  -9.634463571404e-09   1.152071291470e-06  -2.003831315210e-06   2.324747216604e-09   6.656784951706e-07   2.839347822034e-06  -2.744554978649e-06   3.307961962511e-09  -2.344184071935e-07  -1.132719477130e-05  -1.404795043652e-06   2.658094705160e-09  -1.127875537001e-02  -4.649435076251e-02  -1.794335248129e-03  -1.971042255433e-06   5.119638970653e-06  -1.750401807046e-09  -3.883511114565e-07  -5.579108294560e-11   2.669161780018e-06   1.831639154539e-06   1.699023031845e-06  -5.345127012615e-08  -4.308751998165e-03   1.352102971391e-08  -1.401976772550e-06   1.081005745998e-09   1.332416631247e-07   1.346844558644e-06  -7.925304424205e-04  -4.835464963659e-02  -3.904801232345e-07   1.411612513013e-06   2.340805376726e-09
  -1.199351943050e+01  -8.772660552454e+00   6.503041283542e-03  -2.067275524858e-03   1.074808563915e-06  -3.949188672147e+00  -7.362486124324e-04   2.561267327276e-04   3.426177777173e-08  -1.869925704551e+00  -1.454844878272e-03   4.838390272915e-04  -1.439052436935e-07  -8.013347093928e-01  -1.101122633907e-03   3.673859041991e-04  -1.422003597659e-07  -2.327957536081e-03  -2.958671424506e-07  -2.228832096440e-03   1.067006642189e-06   3.108621804570e-03   7.215363856541e-06  -7.880701389076e-06  -1.383026848060e-05   3.912827062162e-05   8.542569861137e-05  -1.519086202077e-04  -3.539892159099e-02  -3.066874172087e-01  -1.805577064127e-04   6.030306682524e-05  -2.561345952910e-08   2.020946750559e-05  -6.773220881944e-06   2.869074224925e-09   3.441528816113e-04  -1.149754987225e-04   4.886292183279e-08  -1.253217751666e-03   4.189455322575e-04  -1.802220904246e-07  -6.836546310707e-03   2.283372849847e-03  -1.000502595760e-06  -2.379006226876e-01   7.941277259461e-02  -3.521385029110e-05  -8.318825967337e-01   2.776835987965e-01  -1.231788092463e-04  -7.753997918688e-05  -1.133550307003e-08  -7.369148663635e-05   3.251076708456e-08   1.018872666141e-04   6.471133046684e-04   9.533015334421e-08   6.199879153264e-04  -2.826719233790e-07  -8.578557495323e-04  -4.404744468978e-01  -5.952063562862e-01   1.986828337845e-01  -8.813874283967e-05   1.433309460474e-01   2.122773357301e-05   1.377619164001e-01  -6.357475366556e-05  -1.907658480411e-01  -1.558744159336e-01  -9.204491777991e-01  -9.721076674642e-01  -5.988431216888e-01   1.649218026277e-01  -6.128147060788e-01  -9.146745789419e-01  -1.559005623022e-01  -9.204862313318e-01  -9.721194328757e-01  -5.988449447596e-01   6.643511417329e-01   8.933945490676e-01  -1.848132599060e-03  -1.558674626252e-01  -9.204340563941e-01  -9.721022537342e-01  -5.988419246701e-01   1.657102955307e-01  -6.096204541030e-01   9.166277509112e-01  -1.442301096860e-07  -7.028087561361e-07  -3.693852248817e-05  -3.915647014771e-07   6.759258575130e-09  -1.601459286637e-05  -4.577760213105e-05  -8.938539882495e-07   7.352987157112e-09   1.409337650404e-05   4.734809722058e-05  -6.197997445657e-06  -3.755678664936e-09  -5.214957064832e-04  -3.238217108723e-03   6.764431061963e-04  -7.573961542397e-08   3.027592293157e-06   1.510855394844e-09  -5.999910816135e-07   9.031876621491e-10   1.731801662881e-06   4.958620893577e-08  -2.984758399421e-07  -8.460861538802e-06   8.626578983949e-06  -5.178682296026e-09  -4.930973751589e-06  -9.385216577058e-06   9.783542430559e-06  -7.723897138810e-09   2.854262706783e-05   8.286148050423e-05   2.847290937367e-05  -1.210356940357e-08  -1.081338003927e-02  -4.473497547976e-02  -1.610980781900e-03  -1.932894990653e-06  -1.673696079118e-05   3.136100104100e-09   4.720406465023e-07  -1.682638895887e-09   2.101671026660e-07  -3.197338366132e-06  -3.080965582297e-06   4.645510849840e-06  -4.125560860164e-03  -8.454714796802e-07   5.257946584227e-06  -2.529940890820e-09  -6.586692444407e-07   1.799354741673e-05  -6.938184336245e-04  -4.650555723634e-02   2.013031467206e-05  -2.471610967586e-07  -9.095994407275e-09
   7.491265826362e-03   6.503041283542e-03   1.039171449222e+00  -2.409336784039e-02   1.113703947898e-05  -2.252636309086e-02  -3.776449963570e-01  -2.901210453019e-02   1.331681956939e-05  -1.897347023835e-02  -4.217863685351e-01  -1.779853970319e-02   7.955773678594e-06  -1.534455581105e-02  -1.508451990806e-01  -9.634820546458e-03   4.229832302388e-06  -6.049439774085e-02   1.241042782334e-04  -1.182339409872e-02   6.419808964262e-05   5.092391096142e-02  -4.349313716202e-04   3.079864131080e-04   8.056090939051e-04  -1.206049211481e-03  -2.741155350756e-03   4.990093778572e-03   8.802911907912e-02   1.243560355893e-01   4.192776831752e-03  -1.375545884554e-03   5.849638353292e-07  -3.636436089674e-04   1.272324224868e-04  -5.385726704676e-08  -7.208758963184e-03   2.386605812911e-03  -1.012323899442e-06   3.307349687638e-02  -1.128080725173e-02   4.873363164630e-06   1.001567253950e-01  -3.538696998708e-02   1.540413435193e-05   2.229698256774e-01  -8.906106838792e-02   3.910381297418e-05   1.277822628096e-01  -7.921268744211e-02   3.496520275940e-05   8.406407132869e-04   2.965195736489e-08   4.723014142606e-04  -3.698012650940e-07  -4.782133583305e-04  -1.860319176814e-02  -2.825900165107e-06  -1.646100010106e-02   8.196272082402e-06   2.179310056021e-02   4.255799373945e-02  -1.630432163446e-02  -2.590484377895e-02   1.150531456180e-05  -1.255007470959e-01  -1.992152787908e-05  -9.846073080064e-02   5.610168960200e-05   1.205062302418e-01  -5.768811706285e-02  -5.529564149785e-02  -3.284889336996e-02  -1.772416813581e-02  -1.645499614378e-01  -3.251562336985e-02  -4.178276614760e-02  -2.495823646609e-01  -2.330641889248e-01  -1.163563939364e-01  -4.068383091950e-02  -3.841335647116e-02   1.752639255901e-01  -3.697033800794e-04  -5.799159929067e-02  -5.557718093256e-02  -3.298133064570e-02  -1.776058397781e-02  -1.644700442337e-01  -3.252075462217e-02   4.210367429880e-02  -1.972239391586e-06   2.148130900013e-05   1.222662296467e-03   2.583387495705e-05  -2.251472757398e-07   5.733147856182e-04   1.461768957609e-03   5.157527547696e-05  -2.410414197757e-07  -5.191507395804e-04  -1.587567033974e-03   2.187812641229e-04   1.385216063642e-07  -3.403026242780e-03  -4.586455403340e-03  -3.506402733403e-04   1.191204068785e-06  -9.926444152680e-05  -4.343805937559e-08   6.116626398808e-05  -1.212835878662e-08  -1.415057331290e-04  -4.364288966698e-06   1.182701751348e-05   3.461867571524e-04  -3.318968818922e-04   1.424597252098e-07   1.878087064968e-04   3.373664924727e-04  -3.952932681221e-04   2.232082116963e-07  -9.610586606607e-04  -2.847394193539e-03  -9.875903031996e-04   3.841908822037e-07   1.705564524925e-03   1.229994007338e-02  -1.945660324336e-03   1.349931194738e-06   5.660160785641e-04  -9.103451030960e-08   3.598662183887e-07   6.269209778934e-08  -1.161463142373e-04   8.192567804137e-05   8.163169917520e-05  -1.921821972782e-04   3.406599403910e-04   3.892135855635e-05  -2.285689784904e-04   8.646016417602e-08   3.587459173439e-05  -5.845761007394e-04  -1.703908938864e-03   1.048874857439e-02  -7.883274906025e-04  -1.136156175394e-05   3.413841612527e-07
  -2.390894465037e-03  -2.067275524858e-03  -2.409336784039e-02   9.748964246079e-01  -3.317128192787e-06   7.436619833630e-03  -2.901360584361e-02  -4.551122748211e-01  -3.867407862235e-06   6.293239244929e-03  -1.779605960369e-02  -4.693164139826e-01  -2.146162759988e-06   5.136524338433e-03  -9.616534436402e-03  -1.765567816215e-01  -1.209195678863e-06  -5.656190230306e-02   4.384437488512e-04   8.593474954993e-02   1.241945881401e-04  -1.511683731657e-02   1.441828839761e-04  -1.021818362123e-04  -2.670965472859e-04   4.003370867323e-04   9.097797776696e-04  -1.659551010111e-03  -2.934303512947e-02  -4.149871697972e-02  -1.370427324230e-03   5.304966362759e-04  -1.949808631314e-07   1.261935653315e-04  -2.655097565787e-05   1.777254861928e-08   2.376004328619e-03  -8.577078580863e-04   3.363986852805e-07  -1.124311797959e-02   3.054250361836e-03  -1.622228759561e-06  -3.529979476689e-02   5.987467704201e-03  -5.123854875069e-06  -8.894144056424e-02  -1.402998161426e-02  -1.296453247046e-05  -7.915422273203e-02  -8.284928730004e-02  -1.149506368734e-05   7.151726619708e-04  -3.664005870253e-07  -2.462291265204e-04   1.161488868535e-08   8.416718233140e-04   1.526111761731e-03   7.748082264352e-07   5.592772736043e-03  -2.792658319897e-06  -1.070067205608e-02  -1.418666085073e-02  -2.582205589887e-02  -8.488028622942e-02  -3.716429869042e-06  -3.277155374889e-02   4.171023405816e-06   3.452958585222e-02  -1.966060664690e-05  -9.509844182267e-02   2.335362311660e-01   2.169509244976e-01   1.042180271304e-01   3.156586173222e-02  -3.569644076639e-02  -6.835153418265e-02   1.727075201331e-01  -3.449726586690e-01  -3.189406680549e-01  -1.475335687392e-01  -3.762494849572e-02   1.814666060774e-01   6.603746474254e-02  -5.177198076118e-04   2.323119084898e-01   2.158191581037e-01   1.036871021880e-01   3.142004202982e-02  -3.568211080608e-02  -6.955007960822e-02  -1.721772339458e-01   4.412742088365e-07  -6.518269530775e-06  -3.794652090478e-04  -2.992733566453e-05   1.401034157490e-07  -1.772124032535e-04  -4.592944634189e-04  -4.004915315141e-05   1.682860405886e-07   1.329852694701e-04   4.250395335927e-04   3.507229286555e-05   1.391662720399e-08   1.086995279292e-03   1.808092970033e-03   3.004027007259e-04  -4.150441110728e-07   3.720566710813e-05   2.523027473150e-08  -1.689807862497e-05   7.297488177230e-09   1.894721558229e-05  -1.853645015660e-06   1.790224879669e-06  -2.466256101603e-05   4.806055186741e-05  -1.098279684066e-07   1.449792283225e-05  -5.145526748741e-05   4.609903588974e-05  -1.596082155455e-07   1.668945794456e-04   4.864033577417e-04   2.980210521144e-04  -2.090126943878e-07   1.287747541448e-03   3.113134620781e-03  -1.625145547127e-03  -1.002139550929e-06  -1.967633698490e-04   1.073093668445e-07   2.696478029216e-05  -2.181651616292e-08  -5.776172761980e-05  -7.143735871363e-05  -5.871475459376e-05   8.242211983689e-06   6.611421661539e-04   1.413930869912e-05   4.388704156603e-05  -4.092578079429e-08   2.217026405707e-05   1.752277373695e-05   6.198102252153e-04   5.327211038231e-03  -1.796797380596e-05   3.255632429200e-07  -1.148334463423e-07
   1.172522186481e-06   1.074808563915e-06   1.113703947898e-05  -3.317128192787e-06   9.671670933888e-01  -1.773525635229e-06   1.335798790991e-05  -3.882477936662e-06  -4.644602394185e-01  -1.651415172146e-06   8.080062567202e-06  -2.190252323835e-06  -4.750674036551e-01  -1.733663824280e-06   4.276404663099e-06  -1.227624931693e-06  -1.797040595422e-01   1.241877937451e-04   1.035249176427e-01  -4.346490918907e-04  -2.607525105507e-02  -1.870978794271e-04  -6.362802097863e-08   4.501021031073e-08   1.177958354959e-07  -1.761525723042e-07  -4.004717400061e-07   7.308322199196e-07   1.296782874564e-05   1.854040557383e-05   5.953370504108e-07  -1.985822286796e-07   7.151870111229e-05  -5.502473535811e-08   1.827086704397e-08   1.577565369691e-05  -1.031850702576e-06   3.432768649661e-07  -6.169916821913e-05   4.918278358228e-06  -1.639054732002e-06  -7.076017606376e-04   1.550434961824e-05  -5.162465177305e-06  -5.812974267149e-03   3.936111169729e-05  -1.306121169380e-05  -4.372059543013e-02   3.563705245185e-05  -1.173622791784e-05  -1.092308759459e-01   2.234769494744e-08  -4.495718963708e-04   7.910507048430e-07   1.050004313701e-03  -1.419218022367e-08  -2.807004019266e-06   1.843387800646e-03  -4.272117113295e-06  -5.179212532936e-03   3.723928914636e-06   6.595354133287e-06   1.191575057708e-05  -3.870069837110e-06  -9.347222393365e-02  -1.981390536632e-05   2.952885274341e-02  -4.445180510413e-05  -8.271272212249e-02   2.615794335533e-05   3.512761037893e-01   3.253764379051e-01   1.528578133622e-01   4.201111772969e-02  -4.700046024295e-02   1.743003737854e-01   7.482561038118e-02   7.101175873983e-04   6.580541942053e-04   3.086523567148e-04   8.379090951071e-05  -3.806850130968e-04  -5.153208073435e-04  -1.853696885591e-01  -3.520294293814e-01  -3.260773187249e-01  -1.531892170852e-01  -4.210444982364e-02   4.733241854405e-02  -1.737725087121e-01   7.595563204492e-02   3.721540921714e-10   1.868319281907e-09   1.364529758566e-07   6.815116760444e-09  -5.094997204769e-05   5.163536906226e-08   1.732429114365e-07   9.811100846515e-09  -5.883704143521e-05  -3.559092056671e-08  -1.057041721241e-07   1.618601370320e-08   9.419926322441e-05  -4.205335950529e-07  -8.619668774693e-07  -2.597651172169e-08   2.914704203582e-04  -9.516025682588e-09   1.050066262201e-05   2.687405062198e-09   1.945016767857e-05  -5.113249305375e-09  -8.432850848732e-10   1.253328081163e-09   2.195703550983e-08  -3.349975912301e-08  -4.246659929187e-05   3.216074936399e-08   1.619502800451e-08  -4.127860920010e-08  -4.470263505176e-05  -8.650072223519e-08  -2.948512408948e-07  -1.199361551147e-07   1.514696489811e-04   9.218459981830e-09   7.640639261243e-07  -1.108796964130e-06  -2.553883897013e-03   6.292301970391e-08  -2.497692663828e-05  -2.129017561284e-09   2.671775918329e-05  -1.159816081345e-08   3.722226801251e-09   5.130548413514e-09   2.672057348467e-09  -2.000719411812e-07   2.205976653149e-09  -2.805855304853e-08  -1.558727977091e-05  -2.953565409562e-08  -1.561845610492e-07   8.197349172947e-08   4.392263914131e-06  -1.645186607191e-07  -1.400923196514e-08   3.271677635617e-05
  -4.421345718452e+00  -3.949188672147e+00  -2.252636309086e-02   7.436619833630e-03  -1.773525635229e-06  -2.187429537259e+00  -3.351541028205e-02   1.111825515656e-02  -1.993092583619e-06  -1.532400798587e+00  -9.069299240912e-03   3.076596030898e-03   3.265559229574e-07  -8.518946274623e-01  -6.562753996617e-03   2.246387251211e-03  -4.948205889762e-07  -2.428484967985e-02  -3.213174227729e-06  -2.350975574514e-02   1.126801981976e-05   3.270211447570e-02  -1.788656458092e-02  -2.397345739973e-02  -3.006580007325e-02  -3.186277851206e-02  -3.743989090227e-02  -5.572519551313e-02  -1.665726377012e-01  -3.819179977931e-01  -5.784293454867e-03   1.928337823050e-03  -8.438493240087e-07  -1.056401366930e-02   3.525852978358e-03  -1.565822759737e-06  -2.661646019346e-02   8.887805834066e-03  -3.964915604364e-06  -8.498579964964e-02   2.836553532022e-02  -1.252266632081e-05  -1.538571646179e-01   5.135723717799e-02  -2.264128595196e-05  -3.759980747160e-01   1.255276048759e-01  -5.542330898429e-05  -7.753480943481e-01   2.588503978128e-01  -1.144142491069e-04   8.074140738971e-03   1.195929562635e-06   7.775153587790e-03  -3.611765006595e-06  -1.077242961424e-02   3.544563736851e-02   5.242063414829e-06   3.404063009846e-02  -1.565464699796e-05  -4.712884035034e-02  -4.924509402055e-01  -6.175294240713e-01   2.062089960254e-01  -9.122917503833e-05   1.597665239576e-01   2.366245969106e-05   1.534850224371e-01  -7.055154228474e-05  -2.124736622244e-01  -4.307601952751e-01  -8.652028379547e-01  -9.472504821559e-01  -6.613115363869e-01   9.148861865013e-02  -3.449815012680e-01  -5.158448740511e-01  -4.307150521963e-01  -8.651262145285e-01  -9.471969077806e-01  -6.612846140249e-01   3.730723701397e-01   5.043534964989e-01  -1.042096058768e-03  -4.307534087511e-01  -8.651924924364e-01  -9.472454245713e-01  -6.613101078589e-01   9.193400989613e-02  -3.431826537118e-01   5.169501397660e-01  -7.103349969343e-07  -1.199179895273e-05  -6.805100618938e-04  -1.308210943976e-05   1.403809947420e-07  -3.083501936367e-04  -8.316855043117e-04  -2.777716092593e-05   1.582899880949e-07   2.629822506862e-04   8.473519721628e-04  -1.076867426552e-04  -6.268186732831e-08  -1.281156407765e-05  -5.559978728463e-03   1.783030728243e-03  -7.315616367583e-07   5.635204916056e-05   2.184107162849e-08  -1.527257459443e-05   1.504743578145e-08   4.871705230833e-05   1.395401801085e-06  -4.910606276858e-06  -1.569193035032e-04   1.583286342119e-04  -9.066290142120e-08  -8.325774482207e-05  -1.658576052944e-04   1.807450465525e-04  -1.352121843089e-07   4.598269835381e-04   1.270225242148e-03   5.131731894694e-04  -2.361117732785e-07  -1.554897972014e-02  -6.161663531145e-02  -1.094000754546e-03  -2.936833769757e-06  -3.169520491458e-04   7.071215202382e-08   9.322402569938e-06  -3.038614416965e-08   1.498646784859e-05  -6.017965417750e-05  -5.786060706034e-05   7.950204234821e-05  -5.953486293419e-03  -1.396982267402e-05   1.037866430551e-04  -4.950677695744e-08  -2.452131923071e-06   3.000818338477e-04  -1.629568194448e-03  -6.065539504412e-02   3.548355651451e-04  -3.268220677481e-06  -1.720916750218e-07
   2.194621662399e-03  -7.362486124324e-04  -3.776449963570e-01  -2.901360584361e-02   1.335798790991e-05  -3.351541028205e-02  -1.122878441254e-01  -3.647834699930e-02   1.679207660244e-05   2.692755985645e-03  -4.148943620447e-01  -7.410196922708e-03   3.304149689230e-06   1.284937137295e-02  -2.358046027018e-01  -2.387426162053e-03   9.497996821819e-07  -1.525788477632e-01   2.909852585022e-04  -3.942462452351e-02   1.552697231251e-04   1.371803903905e-01   8.677763738668e-02   1.143928801343e-01   1.411289341702e-01   1.506558844513e-01   1.692389077580e-01   2.119645418376e-01   3.146302120015e-01   2.659096662806e-01   1.778122518030e-02  -6.542506537536e-03   2.872889949197e-06   4.556810798700e-02  -1.669574203273e-02   7.410480638386e-06   1.105012248503e-01  -4.094648160417e-02   1.821864680688e-05   2.310528074788e-01  -8.771660645883e-02   3.874892452594e-05   3.159256450433e-01  -1.233378779464e-01   5.433682571325e-05   3.152485153020e-01  -1.359237876633e-01   5.974089974264e-05   1.387990001862e-01  -9.527572900365e-02   4.201821812028e-05  -3.200082536794e-02  -5.469119312550e-06  -2.815215799855e-02   1.420477007025e-05   3.683290745314e-02  -8.351266199719e-02  -1.425623102488e-05  -6.982710262340e-02   3.689871959171e-05   8.858495414445e-02   1.060679366876e-01  -2.240635978241e-02  -3.765706357076e-02   1.672305575055e-05  -7.575016126357e-02  -1.170987218056e-05  -4.635532716148e-02   3.421268463589e-05   4.574043915320e-02  -6.265633584020e-02  -5.294292700641e-02  -2.277446123221e-02   2.833254478984e-05  -5.136120448202e-02   2.260147891263e-03   1.051132184673e-02  -2.681565392540e-01  -2.278030262781e-01  -1.226452671220e-01  -3.254629857780e-02  -6.948309815640e-02  -3.326526971139e-02   6.102119938957e-05  -6.298221590368e-02  -5.322027861448e-02  -2.293323908438e-02  -2.350390993910e-05  -5.137368971268e-02   2.243323643948e-03  -1.055915487997e-02  -4.419168364091e-06   3.154199102891e-05   1.725544161480e-03   4.882385355416e-05  -3.733009653886e-07   8.505145054051e-04   2.016549136209e-03   9.208310886634e-05  -4.111059143827e-07  -8.215751689167e-04  -2.454794684128e-03   2.765765968421e-04   2.137856637732e-07  -1.313055160615e-03   6.224738440052e-03  -3.082718223063e-03   1.669859423455e-06  -1.408865841545e-04  -5.350360286318e-08   9.821958236019e-05  -1.217236857119e-08  -2.295023894619e-04  -6.314739805845e-06   1.561218789803e-05   4.733470178667e-04  -4.543571347978e-04   1.980084538127e-07   2.363358975196e-04   4.246476493740e-04  -5.342303922030e-04   3.168468533518e-07  -1.169837832384e-03  -2.922892242577e-03  -1.406557817097e-03   6.503915231882e-07   1.070781136473e-02   3.938543551948e-02   9.971960646697e-05   2.313290873087e-06   8.145522036221e-04  -1.664871939534e-07   1.524538663889e-06   1.030676190781e-07  -2.031426876335e-04   1.206007249261e-04   1.173817016367e-04  -2.322152578759e-04   3.849477729188e-03   5.198267206748e-05  -3.288339573579e-04   1.226261616309e-07   5.529710334091e-06  -7.847532333759e-04   2.176348394323e-03   2.992688435839e-02  -1.076198761783e-03  -4.440459453870e-05   4.921395083120e-07
  -6.899483078733e-04   2.561267327276e-04  -2.901210453019e-02  -4.551122748211e-01  -3.882477936662e-06   1.111825515656e-02  -3.647834699930e-02  -2.100822790883e-01  -4.626950099136e-06  -7.348144523373e-04  -7.416034587422e-03  -4.351264523824e-01  -5.146127729950e-10  -4.068419062392e-03  -2.362910484964e-03  -2.423586911528e-01   1.465773961442e-07  -1.236550526156e-01   1.032355830043e-03   2.060574889244e-01   2.910687193645e-04  -3.694539281604e-02  -2.896568996771e-02  -3.818455093723e-02  -4.710999991796e-02  -5.028883214051e-02  -5.649078592127e-02  -7.075006121190e-02  -1.049665336531e-01  -8.868306652610e-02  -6.538467494755e-03   3.450885190701e-04  -9.567070207514e-07  -1.669701881839e-02   1.121986295107e-03  -2.473956091737e-06  -4.095496539884e-02   1.533832936650e-03  -6.087096644153e-06  -8.766995589921e-02  -2.486499887246e-03  -1.292203550908e-05  -1.232043832079e-01  -1.242948687258e-02  -1.809479510383e-05  -1.356360037114e-01  -4.641968611303e-02  -1.976471371887e-05  -9.498440543717e-02  -1.144125532328e-01  -1.363658383744e-05   1.413219448697e-03  -4.746573301380e-07   9.274882765112e-03  -5.502332072912e-06  -1.934261734115e-02  -8.037036379869e-03  -9.319597092494e-07   2.333967532463e-02  -1.419149203639e-05  -5.650764338158e-02  -3.528854791146e-02  -3.732955218958e-02  -1.221335980448e-01  -5.279284521737e-06  -6.291843164764e-02   4.846937133605e-06   1.802240139618e-02  -1.123631421345e-05  -7.966994943457e-02   2.506322943782e-01   2.132350634887e-01   1.194477869157e-01   3.659253645994e-02  -1.529838650199e-03  -7.803733728386e-02  -2.412515964956e-02  -3.691485885465e-01  -3.141930918542e-01  -1.819544831225e-01  -6.170419234707e-02  -2.604965272123e-02  -9.339335723910e-02   6.398193811780e-05   2.493219636567e-01   2.121212061297e-01   1.188123939463e-01   3.638549079185e-02  -1.523649740825e-03  -7.787523015973e-02   2.405770353079e-02   1.157980199173e-06  -9.983078785061e-06  -5.565800770264e-04  -3.174927115029e-05   1.482344052529e-07  -2.747136810811e-04  -6.568881551537e-04  -4.526082062685e-05   1.694775626575e-07   2.552956440556e-04   7.854477822653e-04  -3.767214669616e-05  -5.215194173376e-08   8.443684607107e-04  -6.476406113890e-04  -3.250434860141e-04  -6.384145754201e-07   5.172370021842e-05   2.976801469440e-08  -2.814057008575e-05   2.976842966798e-09   6.017395502407e-05  -3.113468940751e-07  -1.792079678739e-06  -1.292579744545e-04   1.213281079057e-04  -1.069629660038e-07  -4.717350194881e-05  -1.471696497161e-04   1.441345286315e-04  -1.583858151088e-07   3.911608275653e-04   1.143975280726e-03   4.337855665377e-04  -2.546020198330e-07   6.358061655117e-04   1.283021350844e-04  -4.761408800058e-03  -1.990882354104e-06  -2.533320592441e-04   8.414309012389e-08   2.434332194498e-05  -3.523566138394e-08   2.356574531807e-06  -5.607228864131e-05  -4.810775379993e-05   6.486357786514e-05   6.052359531668e-04   3.889146949464e-06   9.184087368850e-05  -4.727533083144e-08  -3.468751287758e-05   1.585777599681e-04   1.631473552144e-03   5.332027581062e-03   1.975194021063e-04  -7.157931996823e-07  -1.929615052325e-07
   4.402652829818e-07   3.426177777173e-08   1.331681956939e-05  -3.867407862235e-06  -4.644602394185e-01  -1.993092583619e-06   1.679207660244e-05  -4.626950099136e-06  -2.219136982384e-01   3.085874588995e-06   3.454696139110e-06  -4.964520704866e-08  -4.374059895665e-01   3.287089665417e-06   9.959608291286e-07   1.292271890946e-07  -2.430857962718e-01   2.910554199919e-04   2.413376378007e-01  -1.022947562640e-03  -5.470537500752e-02  -4.385064064024e-04   1.285481916324e-05   1.693955970576e-05   2.089518858641e-05   2.231831482645e-05   2.507998046081e-05   3.137810236652e-05   4.651828642871e-05   3.979728692193e-05   2.888451377860e-06  -9.610422541205e-07  -1.838968533739e-03   7.408991191479e-06  -2.473326742933e-06  -4.451078969547e-03   1.819213959322e-05  -6.079816200015e-06  -1.213424080587e-02   3.882469034175e-05  -1.294653207376e-05  -3.176332137783e-02   5.451628652358e-05  -1.815788738744e-05  -5.358117775878e-02   6.028050901188e-05  -1.997029875334e-05  -9.169650282022e-02   4.356254185302e-05  -1.420482895160e-05  -1.460542499218e-01  -5.476565807453e-06   3.363144079362e-03  -6.219292471783e-06  -1.052643644494e-02   7.313492360163e-06  -1.424081175532e-05   1.353910210231e-02  -2.090930189805e-05  -4.036280324724e-02   1.896964485166e-05   1.654322785088e-05   1.775880460380e-05  -5.679163169851e-06  -1.345870040096e-01  -1.162529401075e-05   3.551813718245e-02  -4.540493073542e-05  -9.720064888526e-02   1.514103701705e-05   3.764887331689e-01   3.203492222871e-01   1.830367423803e-01   5.969232076518e-02   4.337658388975e-03  -2.240472789211e-02  -9.749299658045e-02   7.603151393132e-04   6.481012641821e-04   3.727636290850e-04   1.232745385111e-04   4.788676801659e-05   6.630168222795e-05  -6.332097458685e-02  -3.772994341473e-01  -3.210387233916e-01  -1.834274128990e-01  -5.981656490341e-02  -4.372723084446e-03   2.233504487472e-02  -9.764059793868e-02   1.656232085688e-10   4.086650381772e-09   2.667066376389e-07  -2.465410840925e-09  -1.536641049907e-05   1.144424881632e-07   3.285035614366e-07  -1.197714280935e-09  -1.138576266229e-05  -9.719036104157e-08  -2.849184183726e-07   3.202869839584e-08   6.984812237400e-05  -5.723616324796e-07  -6.308154298084e-07  -1.958389212090e-07  -1.004970739691e-03  -1.846020024182e-08   3.837907184162e-06   5.479939095153e-09   1.112461396278e-05  -2.139206414106e-08  -8.667382827292e-10   1.847572992920e-09   4.891428899725e-08  -5.850108548355e-08  -1.821908348465e-05   4.160188121185e-08   3.575545881033e-08  -6.963399032956e-08  -1.137928026273e-05  -1.734642396665e-07  -4.893539145493e-07  -1.985674596749e-07   3.474468996518e-05   9.724365105236e-07   4.199793884048e-06  -1.736304572013e-06  -5.868206466391e-03   1.337528878364e-07  -6.047337571381e-06   1.863887841215e-09   2.159123535548e-05  -2.214806387936e-08   2.339472995257e-08   2.516301054292e-08  -2.079307467002e-08  -1.063064833914e-07   1.532387676181e-08  -4.578160953357e-08  -7.168658050097e-06  -4.292935996442e-08  -1.977681340152e-07   1.178362651677e-06   1.002837415309e-05  -2.139258372530e-07  -1.635280929726e-08   2.575771663712e-05
  -1.989670631443e+00  -1.869925704551e+00  -1.897347023835e-02   6.293239244929e-03  -1.651415172146e-06  -1.532400798587e+00   2.692755985645e-03  -7.348144523373e-04   3.085874588995e-06  -1.206592552401e+00   1.693544369014e-01  -5.576526489335e-02   2.668502312355e-05  -7.822641997677e-01   1.353447276357e-01  -4.446682507117e-02   2.054127162598e-05  -9.806983136186e-03  -7.035025036258e-07  -9.653583971486e-03   4.706753980186e-06   1.348491795687e-02  -6.663691295811e-01  -8.551904698165e-01  -1.002048492347e+00  -1.032511158453e+00  -9.950888184290e-01  -9.108986239755e-01  -7.172072929385e-01  -6.647761248090e-01  -3.165697786781e-02   1.056618595028e-02  -4.683058076363e-06  -1.054527878095e-01   3.520128713204e-02  -1.561429706625e-05  -2.104672295101e-01   7.026921350141e-02  -3.115749283795e-05  -2.638742767085e-01   8.814831885016e-02  -3.901343381197e-05  -2.931670186188e-01   9.803753908649e-02  -4.328896432025e-05  -3.825732246904e-01   1.282035131618e-01  -5.637170012674e-05  -6.055340028822e-01   2.028729082114e-01  -8.911237772735e-05   1.708881733910e-02   2.527260544596e-06   1.643220949589e-02  -7.597464437280e-06  -2.275982493789e-02   3.594114799260e-02   5.316184537629e-06   3.453955856250e-02  -1.587224905904e-05  -4.777305976339e-02  -5.662009941554e-01  -4.894644549861e-01   1.639928426274e-01  -7.212659453889e-05   1.100263775055e-01   1.631058643482e-05   1.057261370434e-01  -4.848287194930e-05  -1.460598780377e-01  -4.115990733851e-01  -6.647251556110e-01  -7.688498354816e-01  -6.113201451667e-01   6.859283700154e-02  -2.522535218098e-01  -3.765607162744e-01  -4.112880197933e-01  -6.642041705965e-01  -7.684611712565e-01  -6.111403595163e-01   2.740692581535e-01   3.676736489770e-01  -7.603378944076e-04  -4.115939085562e-01  -6.647171197155e-01  -7.688444779663e-01  -6.113180893322e-01   6.891765872842e-02  -2.509404944309e-01   3.773682151001e-01  -3.952724624532e-06  -8.635232757586e-06  -1.896803625996e-04  -1.609156498295e-05   3.075061137568e-08  -1.408660773221e-04  -2.390638447534e-04  -1.928687727924e-05   2.778863072651e-08  -3.573584778209e-04  -1.298822410083e-03   2.906498700014e-04  -6.666590050154e-08  -1.660838431316e-02  -5.596142918931e-02   8.651325852073e-03   1.762431918183e-06   3.332706772288e-05  -2.322700930396e-09   1.275867168531e-05   3.824724944118e-09   1.342981090051e-05  -8.684506413544e-07  -2.944670551475e-06  -7.846393936950e-05   5.432859664691e-05  -1.932709824994e-08  -6.348446378029e-05  -1.857643857921e-04   6.488645048144e-05  -3.417476997557e-08  -1.549801515137e-03  -6.072245286989e-03  -5.390335893621e-04  -2.074376436971e-07  -4.260371072869e-02  -1.266017753457e-01  -1.509446241814e-02  -2.223872894381e-06  -7.107706002214e-05  -2.267449971400e-10   6.000777714977e-05  -1.698269794755e-08  -4.335920244552e-05   5.380868560227e-06   3.855599660482e-06  -3.411974209796e-04  -1.719411402669e-02  -9.808568736799e-07   3.983924774823e-05  -2.209926268884e-08  -1.273955155562e-04  -8.800605137339e-04  -1.727293017344e-02  -1.021729821000e-01  -3.008080591421e-04  -9.662754329319e-05  -1.625073541662e-07
   7.964609034456e-04  -1.454844878272e-03  -4.217863685351e-01  -1.779605960369e-02   8.080062567202e-06  -9.069299240912e-03  -4.148943620447e-01  -7.416034587422e-03   3.454696139110e-06   1.693544369014e-01  -5.991192787242e-01   1.132764160072e-01  -5.066776913929e-05   2.502393700087e-01  -4.561309163447e-01   9.809545578898e-02  -4.403729756042e-05  -1.505868392163e-01   2.294239041671e-04  -6.210482548176e-02   1.366827841640e-04   1.545174223000e-01   1.761274687192e+00   2.257105845157e+00   2.634537741477e+00   2.703811877505e+00   2.570192593987e+00   2.283642825576e+00   1.530895734592e+00   9.811908847956e-01   5.795242159421e-02  -2.772267630817e-02   1.229612067641e-05   1.965006863159e-01  -9.221413547571e-02   4.090170705493e-05   3.769838432698e-01  -1.782877982003e-01   7.903193374018e-05   4.179656023297e-01  -2.070648132643e-01   9.165708241500e-05   4.014278431510e-01  -2.077798586279e-01   9.175110132710e-05   2.938531929266e-01  -1.656637010196e-01   7.255490328061e-05   9.365613519290e-02  -8.530831815089e-02   3.677761884146e-05  -3.101183238324e-02  -6.799809266636e-06  -1.910248335100e-02   1.373633042980e-05   1.803196924922e-02  -5.021600217915e-02  -1.103645201807e-05  -3.060409857064e-02   2.214720648776e-05   2.824786086315e-02   4.453480311976e-01  -1.637930898123e-02  -3.507438073187e-02   1.493515364500e-05  -4.900395882811e-02  -7.104485131984e-06  -3.176653873898e-02   2.235432638063e-05   3.248144452422e-02  -5.953035154078e-02  -3.270128132297e-02   8.757796352051e-02   1.735765788748e-01  -3.260267199368e-02  -1.721022808943e-02  -2.189577205820e-02  -2.406859529099e-01  -1.562697534598e-01   3.105937421113e-02   1.505903345666e-01   3.319055870208e-02   8.856501140178e-02  -1.877204852365e-04  -5.981797242282e-02  -3.289835620017e-02   8.748567856429e-02   1.735385903955e-01  -3.255817870609e-02  -1.721009498594e-02   2.205916270356e-02   2.868791214908e-05   4.252467651046e-05   6.151333403433e-04   5.557488471828e-05  -1.925182971771e-07   4.610220654801e-04   8.869846676673e-04   3.473089913841e-05  -2.063165764907e-07   1.661075237669e-03   5.377062822686e-03  -1.247629120607e-03   8.715513880809e-08   4.054034734127e-02   1.272784593855e-01  -2.059911746585e-02  -4.720354666189e-06  -1.214861167887e-04  -1.810278211972e-08  -3.185460355264e-05   9.596714787463e-09   1.444889565457e-05   1.326881022171e-05   1.420234440700e-05   1.885626459037e-04  -1.480880215800e-04   1.044954155017e-07   2.474971493084e-04   7.395399024660e-04  -1.696979468240e-04   1.808868952925e-07   5.145078984676e-03   1.831003047660e-02   1.780325938226e-03   7.185027308054e-07   7.605338592844e-02   1.969965409219e-01   3.401869186283e-02   1.265029341674e-06   2.771014142035e-04  -8.406404898985e-08  -2.786457208685e-04   5.069122361022e-08   3.471626363802e-04   5.391736592919e-05   5.506922437411e-05   1.179226093309e-03   3.115928529305e-02  -5.160535255397e-06  -1.243794360329e-04   7.041183556199e-08   5.462962955966e-04   3.480179017488e-03   4.089540474679e-02   1.363951063296e-01   1.527950240729e-03   4.346636693902e-04   6.340298878847e-07
  -2.497428106717e-04   4.838390272915e-04  -1.779853970319e-02  -4.693164139826e-01  -2.190252323835e-06   3.076596030898e-03  -7.410196922708e-03  -4.351264523824e-01  -4.964520704866e-08  -5.576526489335e-02   1.132764160072e-01  -2.971500138273e-01   1.834155332221e-05  -8.225452948621e-02   9.813930071138e-02  -1.937505260938e-01   1.532824718719e-05  -7.864889803782e-02   8.287445755564e-04   1.751000777253e-01   2.293807365362e-04  -3.649392305659e-02  -5.879074718048e-01  -7.534246962678e-01  -8.794188957401e-01  -9.025238435985e-01  -8.579057968725e-01  -7.622750031151e-01  -5.108090292140e-01  -3.268395673563e-01  -2.771454706797e-02  -1.585859004546e-02  -4.098052164041e-06  -9.220994083660e-02  -4.896067166467e-02  -1.365333679902e-05  -1.782598149871e-01  -9.747522729128e-02  -2.639337019518e-05  -2.068565950714e-01  -1.327951329271e-01  -3.056834650657e-05  -2.072544877959e-01  -1.505579488657e-01  -3.055283259212e-05  -1.643062162823e-01  -1.440953746496e-01  -2.400130563656e-05  -8.327168274082e-02  -1.295025213482e-01  -1.176924066625e-05  -2.683277115722e-02  -4.446796005889e-06   6.304208860363e-03  -6.831381772546e-06  -3.397789265713e-02  -4.475069138117e-02  -7.214375939635e-06   1.003752340222e-02  -1.096832662779e-05  -5.585505111183e-02  -1.476383801693e-01  -3.330487368304e-02  -1.074417837625e-01  -4.502626808780e-06  -3.570565994848e-02   4.760341782308e-06   1.215305779387e-02  -6.646390109332e-06  -4.929653260025e-02   2.225477407734e-01   1.496501955240e-01   3.514985665386e-02  -3.105089708561e-02  -2.012581441810e-02   1.571050347064e-02   8.743205925913e-02  -3.240389167601e-01  -2.235831474624e-01  -1.362855197943e-01  -1.006842977067e-01   9.392844239996e-02   8.206796351370e-02  -2.600001051933e-04   2.213916245339e-01   1.488609661165e-01   3.478863972013e-02  -3.119719149968e-02  -2.010805898002e-02   1.510221080746e-02  -8.716342525460e-02  -4.926882602383e-06  -1.139717041017e-05  -3.075203857478e-04   5.014546591540e-05  -1.034444302748e-07  -1.798213075620e-04  -3.807241913704e-04   4.978371696154e-05  -1.552131787411e-07  -1.582420240010e-04  -7.652634098647e-04  -4.664438020694e-04  -2.269350849606e-07  -1.043592734469e-02  -3.646101419004e-02  -2.922455326154e-03   1.138757177858e-06   1.494456734936e-05  -1.635876848510e-08  -8.786757229522e-07  -2.367089484312e-08   9.107970760511e-05   8.635280739258e-06  -1.357838892409e-05  -3.260108782511e-04   2.041980078522e-04   1.049015013627e-07  -2.102869169441e-04  -2.275132453208e-04   2.563427444533e-04   1.293189124755e-07   3.023026024223e-04   2.139530206699e-04  -1.044170897669e-03  -3.335347765788e-08  -1.493643174849e-02  -4.330556426707e-02  -2.122817028003e-02  -1.736477425627e-06  -1.143387128740e-04  -1.540690518917e-07  -6.145869746804e-05  -5.601601351201e-08   2.811176706949e-04   1.051845723654e-04   7.967117675616e-05   1.622616463236e-04  -5.174968523277e-03  -5.804518295283e-05   1.331061976881e-04   2.368254531807e-08  -3.696922614611e-05   1.137545548279e-03   4.085424743108e-05  -2.220223662430e-02   1.149317181479e-03  -1.568315364266e-05  -9.381651704975e-08
