ARMA_MAT_TXT_FN008
149 149
   3.281435237134e-01   2.805411485074e-01  -2.706215887323e-03   8.722449228667e-04  -3.691509811428e-07  -4.264883086112e-02  -6.031766544490e-04   1.740261511880e-04  -1.407177632312e-07  -3.266030729153e-02  -1.010617647999e-03   3.753840538784e-04  -2.983825893501e-07  -9.962264495580e-03   2.052799639107e-03  -5.244605962963e-04   1.161821675194e-06   5.479776732973e-05   4.728617198884e-08   5.302713734166e-05  -3.213244938995e-08  -7.053876238493e-05   1.062531949237e-07   1.635623514927e-06  -1.530375294172e-05   9.845684663180e-05  -3.868293673159e-04   2.070249095180e-04   5.558580348363e-04   4.462355362439e-03  -2.722005791275e-04   9.087751298448e-05  -3.913148875498e-08  -2.270513995312e-03   7.578363009951e-04  -3.262852544963e-07   5.824173388091e-03  -1.942306139118e-03   8.355223505985e-07   2.609872956632e-03  -8.840403428942e-04   3.821058987323e-07  -4.595446296423e-03   1.563985975793e-03  -6.720949837499e-07  -1.140406618876e-02   3.756529960247e-03  -1.600274458858e-06  -6.632972906933e-04   3.175274066474e-04  -1.279519917885e-07  -7.217537901990e-04  -1.072121946800e-07  -6.885501230030e-04   3.097677142064e-07   9.529004452287e-04  -3.758710005236e-05  -3.610559898893e-09  -3.387579296628e-05   9.094526255043e-09   4.822955955635e-05   8.368923224943e-03   2.031331225816e-03  -1.198249325971e-03   1.740486776930e-07   1.517522582539e-03   2.159491853507e-07   1.435839527368e-03  -6.176044642363e-07  -1.992736544992e-03  -8.937732351133e-03  -1.281961200536e-02   2.323534750268e-03  -3.625436377410e-04   2.296764718283e-04  -1.231972362245e-03  -1.895355102795e-03  -8.949100519507e-03  -1.287195302336e-02   2.314528125641e-03  -2.771525723978e-04   1.265187599509e-03   1.897839979986e-03  -3.864422491024e-06  -8.937728116434e-03  -1.281955587238e-02   2.323026042155e-03  -3.642740140368e-04   2.312970934436e-04  -1.225378907190e-03   1.899408462340e-03   4.989211173892e-05   8.316855574700e-05  -3.887625993558e-04  -9.407926912059e-06   8.367169200145e-08  -2.241283001395e-04  -5.765755539777e-04   2.782131011213e-05   1.033953942349e-07  -5.641394835303e-04  -6.860437233073e-04  -9.639965190467e-05   1.858437547381e-07   1.171731989810e-03   4.138806154370e-04  -2.083032189926e-04  -3.107510883095e-07   2.359567871933e-05   4.814014367506e-09  -1.161416923552e-05   2.872341858139e-09   1.848985995331e-05   1.426350884149e-05   2.390585368399e-05  -6.368739098838e-05   8.464888679535e-05  -4.739754841568e-08  -5.088427937570e-05  -9.212817357934e-05   1.294265441143e-04  -1.522434670122e-07  -5.615081924416e-04  -1.495230555724e-04   5.431518991976e-05   1.799863240198e-08  -1.026433730655e-04  -1.372970989403e-03  -1.640523388131e-04   5.369390891492e-07  -7.081790785583e-05   1.863881636182e-08  -2.002209775630e-06   1.461308717190e-08  -4.787001100433e-05  -4.907629242953e-05   3.206206554702e-05  -5.174988070312e-04  -9.911767938552e-04   1.336316408088e-05   9.451865708009e-06  -9.998637501959e-09  -8.933439527647e-06  -4.968841212534e-05   6.142662924569e-04   6.714599152684e-06   2.573777947314e-05   1.116712445650e-05  -8.937540803983e-09
   2.805411485074e-01   2.468863376105e-01  -4.043799376583e-03   1.302839583031e-03  -5.556184215200e-07  -7.246961811714e-02  -1.265156984062e-03   3.704693711856e-04  -2.780037245667e-07  -5.327566073491e-02  -1.588446951105e-03   5.949228498917e-04  -4.996057216053e-07  -1.580430345711e-02   3.277088207856e-03  -8.283707110221e-04   1.932378074447e-06   1.729189564641e-05   7.190895454214e-08   1.849045449141e-05  -1.864798936718e-08  -1.945501221508e-05  -4.079215123124e-06  -1.103816189761e-05   1.113191293958e-05   2.285593420896e-04  -7.911124055788e-04   2.339018009840e-04   1.268748658122e-03   7.359641970065e-03  -4.641386914665e-04   1.546206073721e-04  -6.632781491952e-08  -3.863792760123e-03   1.287006329984e-03  -5.519771056353e-07   9.770779810219e-03  -3.255431315088e-03   1.394178685304e-06   4.381312313455e-03  -1.483035918364e-03   6.388641332360e-07  -7.632436742977e-03   2.596520989025e-03  -1.110793550762e-06  -1.919372455264e-02   6.318573116045e-03  -2.678299265041e-06  -1.209217355678e-03   5.610055244582e-04  -2.190598107383e-07  -1.336459522028e-03  -1.965120164650e-07  -1.278137370519e-03   5.740859953062e-07   1.771238639085e-03  -1.262277591054e-04  -1.470183077190e-08  -1.181304523551e-04   4.267060559308e-08   1.666434278872e-04   1.352227862149e-02   3.228488833387e-03  -1.947235336360e-03   2.677859187617e-07   2.588483992714e-03   3.690455528798e-07   2.448946837742e-03  -1.055414106892e-06  -3.398715202174e-03  -1.494215560241e-02  -2.120809161632e-02   3.551131195728e-03  -6.015310306762e-04   3.996799158761e-04  -2.044319794940e-03  -3.135096063326e-03  -1.496179022909e-02  -2.129726182861e-02   3.536671434067e-03  -4.560079707115e-04   2.111874943555e-03   3.132144669216e-03  -6.389551538939e-06  -1.494216209052e-02  -2.120802559712e-02   3.550280288269e-03  -6.044643846353e-04   4.023598316807e-04  -2.033416137315e-03   3.141808140039e-03   8.129951211594e-05   1.359781295269e-04  -6.564470121391e-04  -1.281914179365e-05   1.356952378843e-07  -3.677104712103e-04  -9.759874611096e-04   5.043954235057e-05   1.687344677619e-07  -9.320771441037e-04  -1.152224000674e-03  -1.540333096450e-04   2.989318733771e-07   1.921772629955e-03   6.629397923846e-04  -3.457359250554e-04  -4.987232667286e-07   3.984353316178e-05   8.811586561401e-09  -1.924445677621e-05   5.084759933901e-09   3.114330723157e-05   2.429830556754e-05   4.103081456443e-05  -1.085712772957e-04   1.433023655997e-04  -8.318016416137e-08  -8.845530054995e-05  -1.579207220552e-04   2.202368921764e-04  -2.608330334448e-07  -9.356284479840e-04  -2.472093258607e-04   9.522068633038e-05   2.313291691974e-08  -1.378330526649e-04  -2.254468415818e-03  -2.903965018300e-04   8.644619159300e-07  -1.193555087105e-04   2.992730029264e-08  -2.819338566948e-06   2.480348485292e-08  -8.109479769681e-05  -8.270592405618e-05   5.395790538255e-05  -8.664218697909e-04  -1.625530556047e-03   2.258445378226e-05   1.569782116752e-05  -1.735532572820e-08  -1.704882983997e-05  -8.174455188071e-05   1.014749679830e-03  -4.258968279291e-05   4.312946009692e-05   1.853869759305e-05  -1.560364744086e-08
  -2.706215887323e-03  -4.043799376583e-03   2.565026911403e-02   4.498907691193e-03  -2.057982964608e-06   9.899778761396e-03   4.473616244695e-02   5.826678686259e-03  -2.701998184263e-06  -1.844751294983e-03   3.205025841224e-02   3.281115816278e-03  -1.648049000122e-06   2.309057204302e-02  -5.339023458908e-03   9.653735087447e-04   1.577423135434e-06   4.204134369874e-03  -8.059116830879e-06   1.180037682132e-03  -4.324044068378e-06  -4.013479944079e-03   2.611048215962e-04   8.522131568716e-04  -2.314213898908e-03  -2.564063764941e-03   4.461476348840e-03   8.169315098744e-03  -1.313093589434e-02   2.997292737016e-03  -1.321509138607e-03   4.020670454873e-04  -1.695797963320e-07  -1.102760851804e-02   3.354383793746e-03  -1.414416645796e-06   2.844832083803e-02  -8.633292812403e-03   3.634678255277e-06   1.298066709047e-02  -3.931415732331e-03   1.668878206054e-06  -2.468262460339e-02   7.289237330514e-03  -3.076719293825e-06  -5.712565606435e-02   1.717342334966e-02  -7.148206839249e-06  -2.235358272994e-02   3.667701086484e-03  -1.543597346656e-06  -2.599163741048e-03  -2.929800546523e-07  -1.858318090651e-03   1.153499639587e-06   2.191951929864e-03  -1.528424951191e-04   4.599120708230e-08  -3.733613591281e-05   6.462708016941e-08   1.956616262008e-05  -7.723771997887e-03  -7.433003147340e-03   9.518256627949e-04  -8.271154260027e-07   5.474864482601e-03   2.917402582677e-07   3.983314999479e-03  -2.342373311406e-06  -4.975235000965e-03   3.510080592258e-03   6.066808636922e-03  -6.119389845929e-04  -2.132343764921e-03   1.464334485041e-03   4.005729452064e-04   3.088472606449e-04   1.887637607919e-02   2.963537394501e-02   7.218391536014e-03   1.528669605630e-03  -1.828543256459e-04  -2.240262465614e-03   4.878082955649e-06   3.534337912986e-03   6.104396035150e-03  -6.000541717139e-04  -2.131781237486e-03   1.463514123814e-03   4.017272803377e-04  -3.131360714279e-04   3.272760257173e-04   5.566663498941e-04  -2.005910366454e-03  -6.240594736837e-05   4.213487769211e-07  -1.691294070566e-03  -3.054092388663e-03  -3.572675014494e-05   6.299565422698e-07  -2.594879079782e-03  -3.132786946199e-03   2.043841307193e-04   6.159006286817e-07  -8.697423227714e-04  -1.761106263905e-03  -5.339749256069e-04   5.107448351497e-07   1.277913647239e-04   1.548236968472e-08  -5.815615839855e-05   1.478921834652e-08   1.325084196783e-04   1.079621796118e-04   1.835649331842e-04  -4.422219048013e-04   5.044284615991e-04  -1.983015091752e-07  -4.960670457522e-04  -7.610115710179e-04   8.598506177404e-04  -4.783365016593e-07  -9.698865867371e-04   1.945772129966e-04   1.178148623181e-03  -4.346475812102e-07   1.156174343692e-05  -1.014182468432e-03  -1.086178630804e-03  -3.870690153794e-07  -3.843522185839e-04   9.518428107561e-08  -2.083305035745e-05   3.021096423468e-08  -1.583945390099e-04  -1.666361280799e-04   5.491122734891e-05  -9.774700064090e-04  -5.026427176662e-04   4.279178755132e-05   2.709353766789e-05  -7.405221110671e-08  -1.070661294350e-04  -1.685326055683e-04   1.319622493882e-03  -2.186281769238e-03   1.764209612756e-04   2.258786892097e-06  -8.832452351932e-08
   8.722449228667e-04   1.302839583031e-03   4.498907691193e-03   3.762217701294e-02   5.689533044852e-07  -3.192476424685e-03   5.828210806394e-03   6.021600041006e-02   6.201818814786e-07   1.158144957021e-03   3.067505825192e-03   4.021438307331e-02  -7.797864664158e-07  -6.272847713768e-03   2.865049512407e-04  -4.089268353367e-03  -1.226137249108e-08   3.032075399581e-03  -2.842034539389e-05  -5.703223109293e-03  -8.061674125614e-06   8.107512951135e-04  -8.579091903908e-05  -2.800460044280e-04   7.607753946544e-04   8.404464050654e-04  -1.458016266922e-03  -2.689260918073e-03   4.320524314427e-03  -1.360388237915e-03   3.993806324804e-04  -2.530703404099e-04   5.586703365815e-08   3.332923649983e-03  -2.112721959992e-03   4.663902836699e-07  -8.589699962839e-03   5.486320121308e-03  -1.201962737508e-06  -3.869727785513e-03   2.540935261565e-03  -5.233534497260e-07   7.156367362365e-03  -5.334551777920e-03   9.573243564355e-07   1.726237456903e-02  -1.145558490813e-02   2.460260107504e-06   3.102348043804e-03  -1.244801555714e-02   4.855654035631e-07  -1.091514843987e-03   4.893925102189e-07   7.420378029396e-04  -2.611537883904e-07  -2.108595712756e-03  -2.010328967532e-04   2.287136346938e-07   6.389639874568e-05   4.041229393016e-08  -1.559916801930e-04   3.030012271722e-03   5.219531983215e-04  -1.170008827414e-03   3.630502731026e-07   1.624130373580e-03  -1.917261601262e-06  -1.755374291691e-03   2.785417467122e-07   3.900516635951e-03  -1.830393867195e-02  -2.853438796070e-02  -8.836831475458e-03  -3.495204325663e-03   5.602245395146e-04   4.229033208569e-04  -2.532559389020e-03   2.794431861059e-02   4.291009411164e-02   1.514447787323e-02   7.893255381150e-03  -2.527792157061e-03  -1.931022613780e-03   8.181360893059e-06  -1.820615704245e-02  -2.838247456634e-02  -8.784157043979e-03  -3.472211713752e-03   5.604230641890e-04   4.406823098319e-04   2.524111113822e-03  -9.918302419737e-05  -1.667692805231e-04   6.323944084487e-04   5.805519478197e-05  -2.787435377063e-07   4.767151601831e-04   9.333276425512e-04   7.955945661951e-05  -4.061752184923e-07   8.757997369068e-04   1.114977854075e-03  -3.569233071171e-06  -5.210230737067e-07  -4.991562305122e-04   2.025304110044e-04   5.656810363961e-04  -1.377197547153e-07  -4.335929841924e-05  -3.769736648559e-09   1.829532007317e-05  -2.874425660607e-09  -2.269031638122e-05   3.388932313737e-05   6.769743340119e-05  -3.233744934734e-05  -6.358336618529e-05   1.810977635721e-07  -3.592360726557e-04  -7.572877610863e-05  -6.415176666378e-05   3.753609111607e-07   1.009548021656e-03  -1.588767971062e-04  -1.117565797827e-04   4.421539816431e-07   1.516808817933e-03  -1.237885130292e-03  -4.793659761859e-04   1.548981928792e-07   1.529713365784e-04  -1.084010199733e-07  -4.630403734109e-06  -1.676202033539e-08   1.119312813580e-04   1.353174925031e-04   2.243819242524e-04  -2.938344149219e-04  -1.669176021700e-03  -4.627067701416e-05  -8.308370710437e-06   4.446552308008e-08  -1.041649405388e-04   1.356821217525e-04  -1.261004800729e-03   3.965235343718e-04   2.413810371323e-05  -3.451022882763e-06   6.459569821192e-09
  -3.691509811428e-07  -5.556184215200e-07  -2.057982964608e-06   5.689533044852e-07   3.904878979239e-02   1.423836213555e-06  -2.741034566001e-06   6.151135744777e-07   6.203418301438e-02   9.651874584280e-08  -1.440367152304e-06  -6.850916870953e-07   4.071857894386e-02   6.760284318706e-06  -3.717036339603e-07  -4.957453876523e-07  -4.518969528266e-03  -8.060037892912e-06  -6.481584922173e-03   2.802480136078e-05   1.068354433415e-03   1.204387437419e-05   3.834186185667e-08   1.252503770040e-07  -3.411656978150e-07  -3.715309646124e-07   6.390856998357e-07   1.235083261952e-06  -2.113189576789e-06   1.070278138089e-06  -1.720417644475e-07   5.638500669407e-08  -1.189040695657e-04  -1.435526485439e-06   4.709862591830e-07  -9.934659147260e-04   3.698027391112e-06  -1.217472840041e-06   2.607124707046e-03   1.678905886799e-06  -5.190066119990e-07   1.229843853104e-03  -3.098687726401e-06   9.497666006135e-07  -2.902955050225e-03  -7.402344670931e-06   2.545918323423e-06  -5.740387017462e-03  -1.255424268511e-06   2.274149277990e-07  -1.116764333312e-02  -2.700793863155e-07   8.367437391985e-04  -1.432436467714e-06  -2.108686908853e-03   3.338507137735e-07   4.025698768437e-08   1.327841300157e-04  -3.188606003111e-07  -2.455592561289e-04  -7.755992300905e-08  -3.906533882346e-06   4.776095076813e-07   1.743955161933e-06  -4.165427047068e-04   3.009628708902e-07  -1.607573505965e-03   3.573605587813e-06   3.544163667367e-03  -2.610790818083e-07  -2.806393712660e-02  -4.352273730190e-02  -1.496183491441e-02  -6.985402394274e-03   5.557146191021e-04  -2.601713966675e-03  -1.853693944798e-03  -5.683200915475e-05  -8.735799396989e-05  -3.019974296556e-05  -1.559796368109e-05   5.392293054766e-06   8.072366187190e-06   2.139411223834e-03   2.812410829564e-02   4.361603896810e-02   1.499127184037e-02   6.998481545501e-03  -5.605063242712e-04   2.593380736204e-03  -1.870799517739e-03   2.587767513153e-08   3.954280352880e-08  -2.290556006731e-07  -1.478169034350e-08   9.730275962372e-05  -5.303494598688e-08  -2.658340544470e-07  -3.752640225673e-08   1.784462975237e-04  -5.276967008295e-07  -6.589465196242e-07   5.898252056996e-08   7.070980177398e-05   1.663717510088e-06   1.046992456417e-06  -9.935938448117e-07   2.725060815493e-04   1.390399726740e-08  -1.168130533561e-05  -4.476075842672e-09  -1.917002336204e-05   5.824819425188e-09   1.870517271744e-08   2.226050173728e-08  -1.988824216482e-08   5.519878221498e-08   7.536724854480e-05   9.359860800469e-08   3.509281551183e-08   2.180097639015e-08   1.491423547264e-04  -1.719554742511e-06  -2.561492520249e-08   2.618448514031e-07   8.155379971263e-05  -7.644110089066e-06  -1.681592424011e-06   2.330104728730e-06  -2.220799026090e-04  -4.309110100520e-08   3.288734624262e-05   5.393829830416e-09  -1.820203165236e-05  -2.820944837781e-08   4.285412376379e-09  -2.045042708475e-08   1.226007748546e-06  -7.094884833650e-07   4.075261175266e-08   5.369840344700e-09   9.739759504921e-06   7.114410039612e-08  -3.427366212555e-07   2.437446668114e-06   7.699894480686e-06   3.315403875462e-08   1.717785235164e-09  -1.330167404512e-05
  -4.264883086112e-02  -7.246961811714e-02   9.899778761396e-03  -3.192476424685e-03   1.423836213555e-06   1.896836276159e-01   5.172611890181e-03  -1.570979386250e-03   1.080549456766e-06   1.336062175832e-01   4.740141973008e-03  -1.742257431703e-03   1.468868835594e-06   3.921540206361e-02  -8.186589794401e-03   2.075918025534e-03  -4.914945095179e-06   2.396513726075e-04  -1.638554323541e-07   2.222890682584e-04  -8.147246839322e-08  -3.281899668632e-04   4.562548191007e-05   1.416179125167e-04  -3.234632156302e-04  -9.772107200425e-04   2.783464284562e-03   2.682578161524e-04  -5.029845791293e-03  -1.884729381028e-02   1.147678812438e-03  -3.812554005100e-04   1.607727181015e-07   9.557522324784e-03  -3.174920056481e-03   1.338192947564e-06  -2.425216111157e-02   8.065408963038e-03  -3.387783697418e-06  -1.088294804913e-02   3.679698155968e-03  -1.557975778239e-06   1.873700071630e-02  -6.370878832017e-03   2.666377908217e-06   4.791261354070e-02  -1.574782813674e-02   6.528472682671e-06   2.726203849619e-03  -1.294416712989e-03   4.021026162333e-07   3.117179853300e-03   4.341807218688e-07   3.049658969561e-03  -1.320348972314e-06  -4.263297819154e-03   2.631321858833e-04   1.962961664104e-08   2.703656547430e-04  -7.600123646071e-08  -3.961767249234e-04  -3.381153104852e-02  -8.105403990083e-03   4.894800861228e-03  -6.646718508633e-07  -6.667776038817e-03  -9.547942234290e-07  -6.308234750113e-03   2.730252617179e-06   8.754004765981e-03   3.871535687298e-02   5.444307873013e-02  -8.220755099565e-03   1.502869901721e-03  -1.030761927221e-03   5.227639648387e-03   8.012938397411e-03   3.876976624848e-02   5.467601246798e-02  -8.189988960624e-03   1.123261923029e-03  -5.405383687268e-03  -8.000638637960e-03   1.633185963190e-05   3.871548411704e-02   5.444310514199e-02  -8.218558271286e-03   1.510389422809e-03  -1.037612485301e-03   5.199785256828e-03  -8.030105911925e-03  -1.322307769219e-04  -2.230300260525e-04   1.438901892763e-03  -4.236659363514e-05  -1.121407243568e-07   5.842443354494e-04   2.134707228177e-03  -2.370144542916e-04  -7.102963997157e-08   1.968052250584e-03   2.589164578804e-03   3.423601933775e-04  -4.041940406376e-07  -4.890984506045e-03  -1.709889981157e-03   8.695550997603e-04   1.284294667683e-06  -8.878125531436e-05  -4.027523837925e-08   4.402112791187e-05  -1.471205734239e-08  -8.018606162645e-05  -7.777436377140e-05  -1.358003635281e-04   3.180549402918e-04  -3.409716427374e-04   2.515606169510e-07   3.354053608464e-04   4.741832887449e-04  -5.157101173308e-04   7.326975974031e-07   2.450162081177e-03   6.751172159406e-04  -1.966971891188e-04  -3.292653429441e-09   2.605983966510e-04   5.614614568771e-03   7.604961199080e-04  -2.115019545730e-06   2.547501480975e-04  -9.108836388564e-09   2.270897308444e-06  -5.762460854408e-08   1.789796227395e-04   1.576611641512e-04  -2.468205363997e-04   2.096292742823e-03   4.042029128420e-03  -5.586572676130e-05  -4.061435151951e-05   4.625109485867e-08   1.109825182277e-04   3.225187028404e-04  -2.436160997552e-03   2.143027419877e-04  -1.082673976681e-04  -4.150835518292e-05   4.531768565174e-08
  -6.031766544490e-04  -1.265156984062e-03   4.473616244695e-02   5.828210806394e-03  -2.741034566001e-06   5.172611890181e-03   7.901174791564e-02   6.642192338538e-03  -3.242909464743e-06  -1.192548093551e-02   5.634390977247e-02   3.495447557395e-03  -1.936979789758e-06   3.879189702847e-02  -8.981483578111e-03   1.796289360086e-03   2.994974197656e-06   7.274713868081e-03  -1.270311951189e-05   2.478252145255e-03  -7.151960125702e-06  -7.236421318788e-03   5.651485793614e-04   1.850303765464e-03  -5.076659777146e-03  -5.710697294598e-03   1.011347993602e-02   1.763817714810e-02  -2.778361108109e-02   3.975219525235e-03  -2.453933316324e-03   7.896653174583e-04  -3.307862512295e-07  -2.045366055816e-02   6.578340725414e-03  -2.754930951478e-06   5.231300379472e-02  -1.674851405146e-02   7.003392524675e-06   2.387084620239e-02  -7.621048278191e-03   3.213652690506e-06  -4.521351398839e-02   1.416581883030e-02  -5.940398787632e-06  -1.050633336843e-01   3.337854846878e-02  -1.381025433009e-05  -3.972200346852e-02   8.142116169903e-03  -3.355892899165e-06  -4.157706450868e-03  -2.654941435163e-07  -2.861130494164e-03   1.844761428458e-06   3.380090026183e-03  -5.183910790402e-05   1.797707398948e-07   1.702619105768e-04   1.609290333017e-08  -2.780612431404e-04  -1.175113627606e-02  -1.264756999405e-02   1.470030969251e-03  -1.469762249035e-06   1.009748846015e-02   6.872043198982e-07   7.634116987420e-03  -4.286610660201e-06  -9.668358033261e-03   4.850133559427e-03   8.997804518803e-03   9.144010068521e-05  -3.695831521368e-03   2.639018951392e-03   3.321392637072e-04   1.718541017361e-04   2.923442697529e-02   4.628576078335e-02   1.234324319825e-02   2.191750905946e-03   1.966758763831e-04  -3.320891954327e-03   7.109415639560e-06   4.888561414423e-03   9.057218592762e-03   1.096926119995e-04  -3.696239147047e-03   2.637969060206e-03   3.350734241603e-04  -1.778844452439e-04   4.939927943636e-04   8.439097345270e-04  -3.111951692489e-03  -6.504302133705e-06   4.138022346348e-07  -2.579534787889e-03  -4.731008154117e-03   1.000005762220e-04   5.951203345551e-07  -4.193943522652e-03  -4.964181780893e-03   3.532048086209e-04   6.070519218519e-07  -9.822974356067e-04  -2.896591760658e-03  -1.089887399690e-03   7.605905082888e-07   2.039042019001e-04   4.680906660986e-08  -9.820417930350e-05   2.374507693513e-08   2.432325544657e-04   2.294300408985e-04   3.970811269025e-04  -8.917159330688e-04   8.537547412366e-04  -3.430067620454e-07  -1.101977455971e-03  -1.534528171735e-03   1.441455548778e-03  -8.552713247512e-07  -2.147896401932e-03   2.131573892903e-04   1.995808142151e-03  -7.758813411826e-07  -9.852716846605e-05  -1.986186736511e-03  -1.981196283465e-03  -6.553664542738e-07  -5.904581615148e-04   6.652513564647e-08  -2.578407668320e-05   5.096042375262e-08  -2.240401215409e-04  -1.854896990654e-04   3.730693536944e-04  -1.605146626406e-03  -9.330736082369e-04   7.883847673209e-05   5.434622416360e-05  -1.328455678965e-07  -3.413783518818e-04  -6.161526200058e-04   2.306679427992e-03  -4.037381328848e-03   3.118430884049e-04  -4.753089955879e-06  -1.643282960936e-07
   1.740261511880e-04   3.704693711856e-04   5.826678686259e-03   6.021600041006e-02   6.151135744777e-07  -1.570979386250e-03   6.642192338538e-03   9.658626715504e-02   4.653326760957e-07   4.810284630124e-03   3.101439148444e-03   6.454590848618e-02  -1.585481046832e-06  -1.097383207616e-02   6.238586538268e-04  -6.724369373280e-03  -2.858663137165e-07   4.523491303751e-03  -4.516111746546e-05  -9.257914594493e-03  -1.272512210764e-05   1.504455002829e-03  -1.863208527632e-04  -6.099884839173e-04   1.673352537390e-03   1.878029148236e-03  -3.318833349896e-03  -5.824572185129e-03   9.201951399152e-03  -1.889398925630e-03   7.856681567919e-04  -3.540304711479e-04   1.163518035562e-07   6.544344795532e-03  -2.963299989303e-03   9.703514441175e-07  -1.663721109359e-02   7.848105389566e-03  -2.484927976037e-06  -7.500339557629e-03   3.684447325092e-03  -1.091679183208e-06   1.389786170304e-02  -7.744280107870e-03   2.020556004550e-06   3.339527685993e-02  -1.651430530687e-02   5.067807026703e-06   7.175319961190e-03  -1.811074420857e-02   1.328924477637e-06  -2.166341692432e-03   1.324609172488e-06   1.262758654675e-03  -2.086097958186e-07  -3.561698683667e-03  -5.493492784011e-04   5.606085258066e-07   6.787435072944e-05   1.706348721078e-07  -2.384112580031e-04   4.704090589702e-03   1.284212799259e-03  -1.748402376971e-03   6.618537943824e-07   2.151677782286e-03  -3.049437061727e-06  -3.201578136419e-03   6.471519549552e-07   6.837227137603e-03  -2.880742983999e-02  -4.500004480706e-02  -1.419279679118e-02  -5.499374369809e-03   7.880108222881e-04   7.668400780451e-04  -3.909516740969e-03   4.458307817009e-02   6.818311178815e-02   2.346314008895e-02   1.278607542187e-02  -4.180709497000e-03  -3.135657403461e-03   1.316771297978e-05  -2.865241001567e-02  -4.475967868789e-02  -1.410996478339e-02  -5.461751918206e-03   7.882069963659e-04   7.946546154431e-04   3.895883497934e-03  -1.454661098029e-04  -2.464031369163e-04   9.626499541756e-04   4.578903907705e-05  -3.279069241188e-07   7.076068750642e-04   1.415823860373e-03   5.222069989626e-05  -4.619318770789e-07   1.428684247111e-03   1.742869047056e-03  -4.402145348522e-05  -6.576937448106e-07  -8.764980395387e-04   3.416219441486e-04   9.677434184108e-04  -1.412984758789e-07  -6.807302542795e-05  -1.241437615082e-08   3.041560329149e-05  -4.288576148411e-09  -5.203774575291e-05   2.612182198440e-05   5.619495038007e-05   6.395481578116e-05  -1.309624801988e-04   2.599727562866e-07  -4.073407470709e-04   7.000128943798e-05  -1.481430944232e-04   5.717256627151e-07   1.837373039626e-03  -1.728052717929e-04  -2.980231109767e-04   6.687058055432e-07   2.573452035370e-03  -1.674739021770e-03  -6.897720855783e-04   1.284049447055e-07   2.282134154734e-04  -1.298593196159e-07  -7.325173453507e-06  -2.530995238872e-08   1.555299245404e-04   1.504977789917e-04   1.788850266223e-04  -4.854195958178e-04  -2.465418820191e-03  -7.894739348194e-05  -1.834961035667e-05   7.757146336748e-08  -8.375260004648e-05   3.888632236981e-04  -2.121030943173e-03   6.470064481953e-04   1.413974474146e-05  -4.931548661890e-07   1.890942526821e-08
  -1.407177632312e-07  -2.780037245667e-07  -2.701998184263e-06   6.201818814786e-07   6.203418301438e-02   1.080549456766e-06  -3.242909464743e-06   4.653326760957e-07   9.859206881032e-02  -8.924459024228e-07  -1.530628406985e-06  -1.425768809392e-06   6.478219318913e-02   1.150331595793e-05  -7.944058589178e-07  -8.936748968721e-07  -7.336551614811e-03  -1.273639923727e-05  -1.025736851502e-02   4.457445442136e-05   1.589949261018e-03   1.900998094794e-05   8.078759588227e-08   2.643785151190e-07  -7.244038771642e-07  -8.025012518656e-07   1.405190787570e-06   2.574528492121e-06  -4.288985207079e-06   1.592352662571e-06  -3.367344141469e-07   1.198665501942e-07  -9.018887639312e-05  -2.803162304111e-06   9.998618796345e-07  -7.648119714216e-04   7.096164378776e-06  -2.561627563569e-06   2.240378717740e-03   3.217839370364e-06  -1.105486886470e-06   1.133776743179e-03  -5.943217264117e-06   2.050072854723e-06  -2.996565495149e-03  -1.416707525376e-05   5.310089013077e-06  -5.338325792552e-03  -2.890124613278e-06   9.839847293860e-07  -1.528363816140e-02  -2.893244390304e-07   1.595706160417e-03  -2.940932176553e-06  -3.751215097197e-03   3.060651374704e-07   1.433296051570e-07   3.123064022408e-04  -7.316836483499e-07  -5.418438824052e-04  -2.462860452883e-07  -6.506336850656e-06   5.454710470377e-07   2.889117790989e-06  -5.326319955834e-04   6.898112692889e-07  -2.574916166280e-03   5.809354290504e-06   5.688462363047e-03  -6.900862374230e-07  -4.452615076552e-02  -6.891686066584e-02  -2.349579245057e-02  -1.126822139432e-02   8.908936087163e-04  -4.126329917931e-03  -2.939741193987e-03  -9.028405635521e-05  -1.384734418316e-04  -4.733195684847e-05  -2.498928891357e-05   8.633209215265e-06   1.281130592795e-05   3.388136514384e-03   4.462163197569e-02   6.906478631468e-02   2.354218887990e-02   1.128904714242e-02  -8.984222272937e-04   4.113059303958e-03  -2.966801529343e-03   4.579258339190e-09   5.933822120004e-09  -2.741511179435e-07   2.094635781304e-08   1.656940022798e-04   6.603157465050e-08  -2.846642678197e-07   7.466489683021e-09   3.008725298635e-04  -7.123837276163e-07  -9.368465078345e-07   1.266708005396e-07   1.269336282445e-04   2.679521809875e-06   1.604562107624e-06  -1.626411721607e-06   4.024004416954e-04   1.679817271817e-08  -1.992310024793e-05  -7.806389153612e-09  -2.770555467184e-05   1.661789280021e-08   5.641195143451e-08   7.779731827273e-08  -6.314247542544e-08   8.983005518966e-08   1.245533915088e-04   3.265582205374e-08  -2.078856113023e-10   3.258886935124e-08   2.431020438999e-04  -2.843593206766e-06  -3.954300401708e-08   4.197242397412e-07   1.396039529858e-04  -1.221915581362e-05  -2.677934937396e-06   3.671789743559e-06  -3.415658594643e-04  -5.274234835953e-08   5.398416807743e-05   1.130839427133e-08  -2.403736056049e-05  -3.170331565762e-08   1.980112139186e-08   1.471936102239e-08   1.967308980452e-06  -1.120036496986e-06   6.392323038986e-08   1.007797417959e-08   1.500117262129e-05   5.448637757190e-08  -6.691695752618e-07   3.876689721822e-06   1.222854492608e-05   5.685351351059e-08  -4.550616238150e-09  -1.789810683429e-05
  -3.266030729153e-02  -5.327566073491e-02  -1.844751294983e-03   1.158144957021e-03   9.651874584280e-08   1.336062175832e-01  -1.192548093551e-02   4.810284630124e-03  -8.924459024228e-07   1.012799971188e-01  -1.038864050377e-02   3.675755443026e-03  -6.244173397895e-07   1.885773921858e-02  -3.899556048867e-03   6.265327349800e-04  -4.021216099282e-06  -7.234018293369e-04  -6.334973115374e-07  -8.311801164424e-04   2.771956853037e-07   1.079811040135e-03   7.769514912221e-04   2.541680971496e-03  -6.962181338074e-03  -9.105089232381e-03   1.841265993994e-02   2.163085645574e-02  -3.991327215807e-02  -4.025820642947e-02   1.533382409391e-03  -5.438491323473e-04   2.400277733091e-07   1.276464858921e-02  -4.522312150809e-03   1.998481791448e-06  -3.233163409758e-02   1.136729651434e-02  -5.069727621172e-06  -1.455113137384e-02   5.156121280628e-03  -2.291876721210e-06   2.644516736118e-02  -9.426322212328e-03   4.173379360920e-06   6.394562067085e-02  -2.224718535392e-02   9.954388020256e-06   1.256225382371e-02  -5.206857098239e-03   2.393687665961e-06   9.636021008484e-03   1.689020325637e-06   8.575784077898e-03  -4.391241599159e-06  -1.152970516144e-02   2.643623444201e-03   4.801684159726e-07   2.271202355131e-03  -1.196360577094e-06  -3.015472125375e-03  -2.191714451266e-02  -2.891661976980e-03   2.950742481157e-03  -7.430313905317e-08  -6.765153933210e-03  -1.004972756385e-06  -6.349130983364e-03   2.680812151260e-06   8.841746297702e-03   2.433537276848e-02   3.304520485079e-02  -6.983273696469e-03   1.381688210198e-03  -1.249435276350e-03   3.679369379514e-03   5.289992693952e-03   2.497274837161e-02   3.430409670126e-02  -6.483156092702e-03   1.244879817195e-03  -4.197533210738e-03  -5.166142325556e-03   1.094199491489e-05   2.433722470518e-02   3.304815864067e-02  -6.980054722243e-03   1.389487317522e-03  -1.253959683131e-03   3.661151158968e-03  -5.301736879213e-03  -1.181710554667e-03  -1.961273987186e-03   6.376221893640e-03   7.949761089456e-04  -3.158021297755e-06   5.624475935273e-03   9.671997414185e-03   9.926510521274e-04  -4.802824773109e-06   7.634618487479e-03   9.649292715811e-03   3.386613766740e-04  -4.895436641121e-06  -1.695437383904e-03   5.488820204452e-04   5.979471375492e-04  -9.907175647614e-08  -3.704447991461e-04   1.129683450678e-07   1.213388976968e-04  -3.147249297040e-08  -1.231381189900e-04   6.822897228624e-05   1.647404670220e-04  -8.992606366074e-05  -1.011472978244e-03   3.887278531913e-07  -8.221542213675e-04  -2.823798761220e-04  -1.722172214476e-03   9.739187907637e-07   9.887918761911e-04  -3.003200926761e-04  -1.505413967154e-03   3.395434629841e-07  -1.060319697725e-05   4.530876069773e-03   7.249326583394e-04  -1.579392831393e-06   1.242364668245e-03  -8.957066888027e-07   6.306656589704e-05  -1.200592409260e-07   7.620407537172e-04   1.165328422612e-03   1.871997567947e-03   3.652454561213e-03   3.290808520649e-03  -8.906224594011e-05  -1.993991715774e-05   9.395706434435e-08  -7.590305948260e-04  -1.442039510248e-03  -4.329616819493e-03   8.590526716921e-04  -2.078778937434e-04  -8.578468833720e-05   7.985037866363e-08
  -1.010617647999e-03  -1.588446951105e-03   3.205025841224e-02   3.067505825192e-03  -1.440367152304e-06   4.740141973008e-03   5.634390977247e-02   3.101439148444e-03  -1.530628406985e-06  -1.038864050377e-02   4.202013873643e-02   8.626493961510e-04  -5.496792209005e-07   2.840256758479e-02  -6.549759299448e-03   1.376266400487e-03   2.059259170969e-06   4.925425917206e-03  -8.425135406623e-06   1.773202205949e-03  -4.795934930920e-06  -5.005875107995e-03  -2.317969567722e-04  -7.566162100552e-04   2.058028445603e-03   2.898031631996e-03  -6.189751690329e-03  -5.804434173230e-03   1.149718457014e-02   2.184699325278e-02  -1.849095790446e-03   6.359491159937e-04  -2.676452131086e-07  -1.542526981210e-02   5.298786583881e-03  -2.229112789644e-06   3.971060804578e-02  -1.351315055696e-02   5.665806651006e-06   1.807928883532e-02  -6.122199536511e-03   2.574263041664e-06  -3.445942261563e-02   1.150094132374e-02  -4.795299725865e-06  -7.958407169135e-02   2.681570705573e-02  -1.115370161128e-05  -2.989131440192e-02   7.421849778311e-03  -3.084604791867e-06  -6.871874397374e-03  -1.752202641637e-06  -4.979062548821e-03   2.937913059877e-06   5.475387612833e-03  -1.480882508390e-03  -4.568918499988e-07  -9.461045494859e-04   6.114300599843e-07   8.935519179773e-04  -8.360031821735e-03  -9.243049607554e-03   1.232842977868e-03  -1.080690235642e-06   7.280137763947e-03   5.090781027203e-07   5.574379689820e-03  -3.000850931085e-06  -7.157453167415e-03   4.179096950790e-03   7.797044549092e-03   3.237261509863e-04  -2.518873573652e-03   1.895521836094e-03   2.680287832745e-04   2.860880512053e-04   2.030548853275e-02   3.232461545626e-02   8.258192735701e-03   1.431774995014e-03   1.858722352629e-04  -2.415267578444e-03   5.049076570575e-06   4.204550698430e-03   7.836160794383e-03   3.354033707053e-04  -2.519514355668e-03   1.894659928444e-03   2.693637293245e-04  -2.903716866111e-04   7.542457368235e-04   1.274534446385e-03  -5.085960362273e-03  -3.499080580083e-04   2.032624842414e-06  -3.812605208250e-03  -7.743093994601e-03  -4.198416881988e-04   3.107351355439e-06  -5.430058897148e-03  -7.673924903219e-03   3.371201753351e-04   3.031091805970e-06  -1.814805603820e-03  -2.869635383983e-03  -5.871337116540e-04   1.097206218275e-06   3.078950138938e-04  -4.451347278822e-08  -1.132070397832e-04   2.820927877273e-08   1.897950603721e-04   7.138416303663e-05   9.467867624554e-05  -3.369474298717e-04   1.001038487814e-03  -4.010980164411e-07  -9.071246752624e-05  -5.404549628763e-04   1.701098472625e-03  -9.037735176986e-07  -8.731321300985e-04   6.121438474876e-04   1.980212943575e-03  -7.775138231849e-07   1.882287442474e-04  -1.369448601465e-03  -1.269708888685e-03  -4.268874299258e-07  -9.904211944786e-04   5.560413535248e-07  -5.711157499640e-05   8.068324118322e-08  -5.354562427318e-04  -7.654846926603e-04  -1.056187180921e-03  -2.236850847853e-03  -7.356714485065e-04   7.233614683250e-05   2.660889463542e-05  -1.181658786883e-07   2.898196016942e-04   6.417735542449e-04   2.877839673730e-03  -2.873776559730e-03   2.711943086826e-04   2.857931446649e-05  -1.356331536902e-07
   3.753840538784e-04   5.949228498917e-04   3.281115816278e-03   4.021438307331e-02  -6.850916870953e-07  -1.742257431703e-03   3.495447557395e-03   6.454590848618e-02  -1.425768809392e-06   3.675755443026e-03   8.626493961510e-04   4.339156282101e-02  -2.323501512253e-06  -8.463892121154e-03   5.933003366339e-04  -4.698183601149e-03  -1.816081152713e-07   2.878694944970e-03  -2.984604193876e-05  -6.168558314609e-03  -8.463739374479e-06   9.513216707256e-04   5.918219443015e-05   1.932049978463e-04  -5.259227312865e-04  -7.688665850901e-04   1.683413175421e-03   1.420698242226e-03  -2.900544825886e-03  -6.958997835314e-03   6.049229733353e-04  -1.646482696777e-04   7.881157213894e-08   5.047927551645e-03  -1.377203853174e-03   6.602128776527e-07  -1.301551918474e-02   3.638181128619e-03  -1.748564880824e-06  -5.863342386661e-03   1.766800378673e-03  -7.733102142200e-07   1.102893724027e-02  -3.779159429282e-03   1.463529770533e-06   2.615751474907e-02  -7.700573256054e-03   3.625819338137e-06   6.689413996722e-03  -9.634436611576e-03   1.133088865440e-06  -2.365219792337e-03  -1.509844841228e-06   1.353427596379e-03  -1.506800891961e-06  -5.609951592795e-03  -7.386607743599e-04  -5.207827382948e-07   2.150466868232e-04  -4.034567012248e-07  -1.345844885779e-03   3.411943036738e-03   1.345825493440e-03  -1.126312347578e-03   4.987046103323e-07   1.269434582708e-03  -2.055878844291e-06  -2.243443327130e-03   3.335975046660e-07   4.706572825060e-03  -1.940822763501e-02  -3.031221515419e-02  -9.229970170071e-03  -3.704517652979e-03   4.911309818240e-04   4.781662183237e-04  -2.647258775691e-03   2.925129283900e-02   4.447685396548e-02   1.522849031158e-02   8.697890483834e-03  -2.782336191870e-03  -1.998252130328e-03   8.528922097061e-06  -1.930687677411e-02  -3.015559108422e-02  -9.176636222542e-03  -3.679063887073e-03   4.913033560842e-04   4.966618920795e-04   2.638452249032e-03  -2.440134657347e-04  -4.070337371732e-04   1.954908229835e-03   6.020736373140e-05  -5.156485754760e-07   1.166483442947e-03   2.947308719629e-03   6.220247569694e-05  -7.436384390174e-07   1.829738542374e-03   3.081343105501e-03  -1.849139056214e-04  -9.296969841956e-07  -1.590883496651e-04   5.862015939534e-04   5.786669080342e-04  -2.069662765960e-07  -1.109373332561e-04  -3.391945923068e-08   3.417543730436e-05  -1.998911715156e-08  -5.656520889790e-05  -1.323668032559e-04  -1.867083207556e-04  -1.375569170365e-04  -3.872566863379e-04   5.582474270182e-07   2.284995353260e-04  -2.705585963102e-04  -5.837735208306e-04   1.067758978777e-06   1.510043665557e-03  -3.314230676401e-04  -6.154627305014e-04   8.760834790394e-07   1.767215260845e-03  -8.041867347150e-04  -5.086641719053e-04  -1.241075001021e-07   4.191622715456e-04  -1.880387929669e-07  -8.402337694209e-06  -4.373323047876e-08   2.822207576329e-04   6.017512246129e-04   1.013363525565e-03   2.444477187846e-04  -1.312630408322e-03  -1.493637423283e-05   1.115887215577e-06   5.440529381817e-08  -1.403772572174e-04  -1.497543251265e-05  -2.086574749679e-03   1.916100982052e-04  -5.794750063787e-05   4.489998991092e-06   6.468542821876e-08
