ARMA_MAT_TXT_FN008
48 48
  -3.723437563944e+02  -5.931558347261e+02  -2.533335386704e+02  -1.427025851375e+02  -6.571033284158e+01  -3.475882557133e+01  -1.089180175223e+01  -5.025481203543e+00   0.000000000000e+00   0.000000000000e+00   0.000000000000e+00   0.000000000000e+00   0.000000000000e+00   0.000000000000e+00   0.000000000000e+00   0.000000000000e+00   0.000000000000e+00   0.000000000000e+00   0.000000000000e+00   0.000000000000e+00   0.000000000000e+00   0.000000000000e+00   0.000000000000e+00   0.000000000000e+00   0.000000000000e+00   0.000000000000e+00   0.000000000000e+00   0.000000000000e+00   0.000000000000e+00   0.000000000000e+00   0.000000000000e+00   3.937432512484e-16   0.000000000000e+00   7.577592403328e-17   0.000000000000e+00   0.000000000000e+00   5.815143652846e-18   0.000000000000e+00   1.119124917782e-18  -1.927775580695e+00   0.000000000000e+00   0.000000000000e+00   0.000000000000e+00   0.000000000000e+00   0.000000000000e+00   5.937499780102e-19   0.000000000000e+00   1.142672365452e-19
  -5.931558347261e+02  -5.258680820094e+02  -3.014742602798e+02  -1.875300877865e+02  -9.169643295334e+01  -4.947270335838e+01  -1.568687983143e+01  -7.252952554221e+00   0.000000000000e+00   0.000000000000e+00   0.000000000000e+00   0.000000000000e+00   0.000000000000e+00   0.000000000000e+00   0.000000000000e+00   0.000000000000e+00   0.000000000000e+00   0.000000000000e+00   0.000000000000e+00   0.000000000000e+00   0.000000000000e+00   0.000000000000e+00   0.000000000000e+00   0.000000000000e+00   0.000000000000e+00   0.000000000000e+00   0.000000000000e+00   0.000000000000e+00   0.000000000000e+00   0.000000000000e+00   0.000000000000e+00   1.299983657907e-14   0.000000000000e+00   2.501819716116e-15   0.000000000000e+00   0.000000000000e+00   4.306428885247e-16   0.000000000000e+00   8.287726253811e-17  -2.784543759382e+00   0.000000000000e+00   0.000000000000e+00   0.000000000000e+00   0.000000000000e+00   0.000000000000e+00   4.542934048160e-17   0.000000000000e+00   8.742880652052e-18
  -2.533335386704e+02  -3.014742602798e+02  -2.627734211737e+02  -2.041037139623e+02  -1.201412392157e+02  -6.972564359691e+01  -2.317464861671e+01  -1.080685370295e+01   0.000000000000e+00   0.000000000000e+00   0.000000000000e+00   0.000000000000e+00   0.000000000000e+00   0.000000000000e+00   0.000000000000e+00   0.000000000000e+00   0.000000000000e+00   0.000000000000e+00   0.000000000000e+00   0.000000000000e+00   0.000000000000e+00   0.000000000000e+00   0.000000000000e+00   0.000000000000e+00   0.000000000000e+00   0.000000000000e+00   0.000000000000e+00   0.000000000000e+00   0.000000000000e+00   0.000000000000e+00   0.000000000000e+00   2.468489896651e-13   0.000000000000e+00   4.750611021077e-14   0.000000000000e+00   0.000000000000e+00   2.166305503004e-14   0.000000000000e+00   4.169056884354e-15  -4.163257779657e+00   0.000000000000e+00   0.000000000000e+00   0.000000000000e+00   0.000000000000e+00   0.000000000000e+00   2.486989894230e-15   0.000000000000e+00   4.786214283018e-16
  -1.427025851375e+02  -1.875300877865e+02  -2.041037139623e+02  -1.817519937336e+02  -1.256868207587e+02  -7.940417288497e+01  -2.813794285051e+01  -1.328687902184e+01   0.000000000000e+00   0.000000000000e+00   0.000000000000e+00   0.000000000000e+00   0.000000000000e+00   0.000000000000e+00   0.000000000000e+00   0.000000000000e+00   0.000000000000e+00   0.000000000000e+00   0.000000000000e+00   0.000000000000e+00   0.000000000000e+00   0.000000000000e+00   0.000000000000e+00   0.000000000000e+00   0.000000000000e+00   0.000000000000e+00   0.000000000000e+00   0.000000000000e+00   0.000000000000e+00   0.000000000000e+00   0.000000000000e+00   8.830318799158e-13   0.000000000000e+00   1.695977044910e-13   0.000000000000e+00   0.000000000000e+00   1.826051068027e-13   0.000000000000e+00   3.514236918931e-14  -5.145046288345e+00   0.000000000000e+00   0.000000000000e+00   0.000000000000e+00   0.000000000000e+00   0.000000000000e+00   2.451701266284e-14   0.000000000000e+00   4.718301286873e-15
  -6.571033284158e+01  -9.169643295334e+01  -1.201412392157e+02  -1.256868207587e+02  -1.106976235753e+02  -8.296358531438e+01  -3.469970701334e+01  -1.701512853454e+01   0.000000000000e+00   0.000000000000e+00   0.000000000000e+00   0.000000000000e+00   0.000000000000e+00   0.000000000000e+00   0.000000000000e+00   0.000000000000e+00   0.000000000000e+00   0.000000000000e+00   0.000000000000e+00   0.000000000000e+00   0.000000000000e+00   0.000000000000e+00   0.000000000000e+00   0.000000000000e+00   0.000000000000e+00   0.000000000000e+00   0.000000000000e+00   0.000000000000e+00   0.000000000000e+00   0.000000000000e+00   0.000000000000e+00   2.673716218520e-12   0.000000000000e+00   5.138732061000e-13   0.000000000000e+00   0.000000000000e+00   1.846504555048e-12   0.000000000000e+00   3.553599673056e-13  -6.695463780647e+00   0.000000000000e+00   0.000000000000e+00   0.000000000000e+00   0.000000000000e+00   0.000000000000e+00   3.885233518302e-13   0.000000000000e+00   7.477135392188e-14
  -3.475882557133e+01  -4.947270335838e+01  -6.972564359691e+01  -7.940417288497e+01  -8.296358531438e+01  -7.341980390543e+01  -3.855999201299e+01  -2.021334557692e+01   0.000000000000e+00   0.000000000000e+00   0.000000000000e+00   0.000000000000e+00   0.000000000000e+00   0.000000000000e+00   0.000000000000e+00   0.000000000000e+00   0.000000000000e+00   0.000000000000e+00   0.000000000000e+00   0.000000000000e+00   0.000000000000e+00   0.000000000000e+00   0.000000000000e+00   0.000000000000e+00   0.000000000000e+00   0.000000000000e+00   0.000000000000e+00   0.000000000000e+00   0.000000000000e+00   0.000000000000e+00   0.000000000000e+00   3.925112598151e-12   0.000000000000e+00   7.553028067057e-13   0.000000000000e+00   0.000000000000e+00   6.862947591950e-12   0.000000000000e+00   1.320945809899e-12  -8.202650630560e+00   0.000000000000e+00   0.000000000000e+00   0.000000000000e+00   0.000000000000e+00   0.000000000000e+00   2.821793281809e-12   0.000000000000e+00   5.430543702834e-13
  -1.089180175223e+01  -1.568687983143e+01  -2.317464861671e+01  -2.813794285051e+01  -3.469970701334e+01  -3.855999201299e+01  -3.443251550062e+01  -2.355290942150e+01   0.000000000000e+00   0.000000000000e+00   0.000000000000e+00   0.000000000000e+00   0.000000000000e+00   0.000000000000e+00   0.000000000000e+00   0.000000000000e+00   0.000000000000e+00   0.000000000000e+00   0.000000000000e+00   0.000000000000e+00   0.000000000000e+00   0.000000000000e+00   0.000000000000e+00   0.000000000000e+00   0.000000000000e+00   0.000000000000e+00   0.000000000000e+00   0.000000000000e+00   0.000000000000e+00   0.000000000000e+00   0.000000000000e+00   2.864621281911e-12   0.000000000000e+00   5.509547627127e-13   0.000000000000e+00   0.000000000000e+00   1.551830907171e-11   0.000000000000e+00   2.986499973306e-12  -1.121651127177e+01   0.000000000000e+00   0.000000000000e+00   0.000000000000e+00   0.000000000000e+00   0.000000000000e+00   3.299553809794e-11   0.000000000000e+00   6.349994267633e-12
  -5.025481203543e+00  -7.252952554221e+00  -1.080685370295e+01  -1.328687902184e+01  -1.701512853454e+01  -2.021334557692e+01  -2.355290942150e+01  -2.068787462505e+01   0.000000000000e+00   0.000000000000e+00   0.000000000000e+00   0.000000000000e+00   0.000000000000e+00   0.000000000000e+00   0.000000000000e+00   0.000000000000e+00   0.000000000000e+00   0.000000000000e+00   0.000000000000e+00   0.000000000000e+00   0.000000000000e+00   0.000000000000e+00   0.000000000000e+00   0.000000000000e+00   0.000000000000e+00   0.000000000000e+00   0.000000000000e+00   0.000000000000e+00   0.000000000000e+00   0.000000000000e+00   0.000000000000e+00   1.575575280757e-12   0.000000000000e+00   3.032196041578e-13   0.000000000000e+00   0.000000000000e+00   1.170651910826e-11   0.000000000000e+00   2.253091582826e-12  -1.246592624378e+01   0.000000000000e+00   0.000000000000e+00   0.000000000000e+00   0.000000000000e+00   0.000000000000e+00   5.667326422704e-11   0.000000000000e+00   1.090686025079e-11
   0.000000000000e+00   0.000000000000e+00   0.000000000000e+00   0.000000000000e+00   0.000000000000e+00   0.000000000000e+00   0.000000000000e+00   0.000000000000e+00   4.287100889230e+01   0.000000000000e+00   0.000000000000e+00  -1.058264029773e+02   0.000000000000e+00   0.000000000000e+00  -2.010060275342e+01   0.000000000000e+00   0.000000000000e+00  -4.196801608584e+00   0.000000000000e+00   0.000000000000e+00  -1.929652425978e+00   0.000000000000e+00   0.000000000000e+00  -5.753108709935e-01   0.000000000000e+00   0.000000000000e+00  -1.522212073905e-01   0.000000000000e+00   0.000000000000e+00   0.000000000000e+00   0.000000000000e+00   0.000000000000e+00   0.000000000000e+00   0.000000000000e+00   0.000000000000e+00   0.000000000000e+00   0.000000000000e+00   0.000000000000e+00   0.000000000000e+00   0.000000000000e+00  -4.189609012502e-02   0.000000000000e+00   0.000000000000e+00   0.000000000000e+00   0.000000000000e+00   0.000000000000e+00   0.000000000000e+00   0.000000000000e+00
   0.000000000000e+00   0.000000000000e+00   0.000000000000e+00   0.000000000000e+00   0.000000000000e+00   0.000000000000e+00   0.000000000000e+00   0.000000000000e+00   0.000000000000e+00   4.287100889230e+01   0.000000000000e+00   0.000000000000e+00  -1.058264029773e+02   0.000000000000e+00   0.000000000000e+00  -2.010060275342e+01   0.000000000000e+00   0.000000000000e+00  -4.196801608584e+00   0.000000000000e+00   0.000000000000e+00  -1.929652425978e+00   0.000000000000e+00   0.000000000000e+00  -5.753108709935e-01   0.000000000000e+00   0.000000000000e+00  -1.522212073905e-01   0.000000000000e+00   0.000000000000e+00   0.000000000000e+00   0.000000000000e+00   0.000000000000e+00   0.000000000000e+00   0.000000000000e+00   0.000000000000e+00   0.000000000000e+00   0.000000000000e+00   0.000000000000e+00   0.000000000000e+00   0.000000000000e+00  -4.189609012502e-02   0.000000000000e+00   0.000000000000e+00   0.000000000000e+00   0.000000000000e+00   0.000000000000e+00   0.000000000000e+00
   0.000000000000e+00   0.000000000000e+00   0.000000000000e+00   0.000000000000e+00   0.000000000000e+00   0.000000000000e+00   0.000000000000e+00   0.000000000000e+00   0.000000000000e+00   0.000000000000e+00   4.287100889230e+01   0.000000000000e+00   0.000000000000e+00  -1.058264029773e+02   0.000000000000e+00   0.000000000000e+00  -2.010060275342e+01   0.000000000000e+00   0.000000000000e+00  -4.196801608584e+00   0.000000000000e+00   0.000000000000e+00  -1.929652425978e+00   0.000000000000e+00   0.000000000000e+00  -5.753108709935e-01   0.000000000000e+00   0.000000000000e+00  -1.522212073905e-01   0.000000000000e+00   0.000000000000e+00   0.000000000000e+00   0.000000000000e+00   0.000000000000e+00   0.000000000000e+00   0.000000000000e+00   0.000000000000e+00   0.000000000000e+00   0.000000000000e+00   0.000000000000e+00   0.000000000000e+00   0.000000000000e+00  -4.189609012502e-02   0.000000000000e+00   0.000000000000e+00   0.000000000000e+00   0.000000000000e+00   0.000000000000e+00
   0.000000000000e+00   0.000000000000e+00   0.000000000000e+00   0.000000000000e+00   0.000000000000e+00   0.000000000000e+00   0.000000000000e+00   0.000000000000e+00  -1.058264029773e+02   0.000000000000e+00   0.000000000000e+00  -1.438670607634e+02   0.000000000000e+00   0.000000000000e+00  -6.203923937198e+01   0.000000000000e+00   0.000000000000e+00  -1.871369822501e+01   0.000000000000e+00   0.000000000000e+00  -9.225876544444e+00   0.000000000000e+00   0.000000000000e+00  -2.899229950127e+00   0.000000000000e+00   0.000000000000e+00  -7.839492030907e-01   0.000000000000e+00   0.000000000000e+00   0.000000000000e+00   0.000000000000e+00   0.000000000000e+00   0.000000000000e+00   0.000000000000e+00   0.000000000000e+00   0.000000000000e+00   0.000000000000e+00   0.000000000000e+00   0.000000000000e+00   0.000000000000e+00  -2.173822548809e-01   0.000000000000e+00   0.000000000000e+00   0.000000000000e+00   0.000000000000e+00   0.000000000000e+00   0.000000000000e+00   0.000000000000e+00
   0.000000000000e+00   0.000000000000e+00   0.000000000000e+00   0.000000000000e+00   0.000000000000e+00   0.000000000000e+00   0.000000000000e+00   0.000000000000e+00   0.000000000000e+00  -1.058264029773e+02   0.000000000000e+00   0.000000000000e+00  -1.438670607634e+02   0.000000000000e+00   0.000000000000e+00  -6.203923937198e+01   0.000000000000e+00   0.000000000000e+00  -1.871369822501e+01   0.000000000000e+00   0.000000000000e+00  -9.225876544444e+00   0.000000000000e+00   0.000000000000e+00  -2.899229950127e+00   0.000000000000e+00   0.000000000000e+00  -7.839492030907e-01   0.000000000000e+00   0.000000000000e+00   0.000000000000e+00   0.000000000000e+00   0.000000000000e+00   0.000000000000e+00   0.000000000000e+00   0.000000000000e+00   0.000000000000e+00   0.000000000000e+00   0.000000000000e+00   0.000000000000e+00   0.000000000000e+00  -2.173822548809e-01   0.000000000000e+00   0.000000000000e+00   0.000000000000e+00   0.000000000000e+00   0.000000000000e+00   0.000000000000e+00
   0.000000000000e+00   0.000000000000e+00   0.000000000000e+00   0.000000000000e+00   0.000000000000e+00   0.000000000000e+00   0.000000000000e+00   0.000000000000e+00   0.000000000000e+00   0.000000000000e+00  -1.058264029773e+02   0.000000000000e+00   0.000000000000e+00  -1.438670607634e+02   0.000000000000e+00   0.000000000000e+00  -6.203923937198e+01   0.000000000000e+00   0.000000000000e+00  -1.871369822501e+01   0.000000000000e+00   0.000000000000e+00  -9.225876544443e+00   0.000000000000e+00   0.000000000000e+00  -2.899229950127e+00   0.000000000000e+00   0.000000000000e+00  -7.839492030907e-01   0.000000000000e+00   0.000000000000e+00   0.000000000000e+00   0.000000000000e+00   0.000000000000e+00   0.000000000000e+00   0.000000000000e+00   0.000000000000e+00   0.000000000000e+00   0.000000000000e+00   0.000000000000e+00   0.000000000000e+00   0.000000000000e+00  -2.173822548809e-01   0.000000000000e+00   0.000000000000e+00   0.000000000000e+00   0.000000000000e+00   0.000000000000e+00
   0.000000000000e+00   0.000000000000e+00   0.000000000000e+00   0.000000000000e+00   0.000000000000e+00   0.000000000000e+00   0.000000000000e+00   0.000000000000e+00  -2.010060275342e+01   0.000000000000e+00   0.000000000000e+00  -6.203923937198e+01   0.000000000000e+00   0.000000000000e+00  -7.369572087164e+01   0.000000000000e+00   0.000000000000e+00  -4.296318848386e+01   0.000000000000e+00   0.000000000000e+00  -2.613741300403e+01   0.000000000000e+00   0.000000000000e+00  -9.877061827243e+00   0.000000000000e+00   0.000000000000e+00  -2.905731524824e+00   0.000000000000e+00   0.000000000000e+00   0.000000000000e+00   0.000000000000e+00   0.000000000000e+00   0.000000000000e+00   0.000000000000e+00   0.000000000000e+00   0.000000000000e+00   0.000000000000e+00   0.000000000000e+00   0.000000000000e+00   0.000000000000e+00  -8.304569043676e-01   0.000000000000e+00   0.000000000000e+00   0.000000000000e+00   0.000000000000e+00   0.000000000000e+00   0.000000000000e+00   0.000000000000e+00
   0.000000000000e+00   0.000000000000e+00   0.000000000000e+00   0.000000000000e+00   0.000000000000e+00   0.000000000000e+00   0.000000000000e+00   0.000000000000e+00   0.000000000000e+00  -2.010060275342e+01   0.000000000000e+00   0.000000000000e+00  -6.203923937198e+01   0.000000000000e+00   0.000000000000e+00  -7.369572087164e+01   0.000000000000e+00   0.000000000000e+00  -4.296318848386e+01   0.000000000000e+00   0.000000000000e+00  -2.613741300403e+01   0.000000000000e+00   0.000000000000e+00  -9.877061827243e+00   0.000000000000e+00   0.000000000000e+00  -2.905731524824e+00   0.000000000000e+00   0.000000000000e+00   0.000000000000e+00   0.000000000000e+00   0.000000000000e+00   0.000000000000e+00   0.000000000000e+00   0.000000000000e+00   0.000000000000e+00   0.000000000000e+00   0.000000000000e+00   0.000000000000e+00   0.000000000000e+00  -8.304569043676e-01   0.000000000000e+00   0.000000000000e+00   0.000000000000e+00   0.000000000000e+00   0.000000000000e+00   0.000000000000e+00
   0.000000000000e+00   0.000000000000e+00   0.000000000000e+00   0.000000000000e+00   0.000000000000e+00   0.000000000000e+00   0.000000000000e+00   0.000000000000e+00   0.000000000000e+00   0.000000000000e+00  -2.010060275342e+01   0.000000000000e+00   0.000000000000e+00  -6.203923937198e+01   0.000000000000e+00   0.000000000000e+00  -7.369572087163e+01   0.000000000000e+00   0.000000000000e+00  -4.296318848386e+01   0.000000000000e+00   0.000000000000e+00  -2.613741300403e+01   0.000000000000e+00   0.000000000000e+00  -9.877061827241e+00   0.000000000000e+00   0.000000000000e+00  -2.905731524824e+00   0.000000000000e+00   0.000000000000e+00   0.000000000000e+00   0.000000000000e+00   0.000000000000e+00   0.000000000000e+00   0.000000000000e+00   0.000000000000e+00   0.000000000000e+00   0.000000000000e+00   0.000000000000e+00   0.000000000000e+00   0.000000000000e+00  -8.304569043674e-01   0.000000000000e+00   0.000000000000e+00   0.000000000000e+00   0.000000000000e+00   0.000000000000e+00
   0.000000000000e+00   0.000000000000e+00   0.000000000000e+00   0.000000000000e+00   0.000000000000e+00   0.000000000000e+00   0.000000000000e+00   0.000000000000e+00  -4.196801608584e+00   0.000000000000e+00   0.000000000000e+00  -1.871369822501e+01   0.000000000000e+00   0.000000000000e+00  -4.296318848386e+01   0.000000000000e+00   0.000000000000e+00  -4.303732479589e+01   0.000000000000e+00   0.000000000000e+00  -3.391415184968e+01   0.000000000000e+00   0.000000000000e+00  -1.681450850664e+01   0.000000000000e+00   0.000000000000e+00  -5.707538239432e+00   0.000000000000e+00   0.000000000000e+00   0.000000000000e+00   0.000000000000e+00   0.000000000000e+00   0.000000000000e+00   0.000000000000e+00   0.000000000000e+00   0.000000000000e+00   0.000000000000e+00   0.000000000000e+00   0.000000000000e+00   0.000000000000e+00  -1.723142291466e+00   0.000000000000e+00   0.000000000000e+00   0.000000000000e+00   0.000000000000e+00   0.000000000000e+00   0.000000000000e+00   0.000000000000e+00
   0.000000000000e+00   0.000000000000e+00   0.000000000000e+00   0.000000000000e+00   0.000000000000e+00   0.000000000000e+00   0.000000000000e+00   0.000000000000e+00   0.000000000000e+00  -4.196801608584e+00   0.000000000000e+00   0.000000000000e+00  -1.871369822501e+01   0.000000000000e+00   0.000000000000e+00  -4.296318848386e+01   0.000000000000e+00   0.000000000000e+00  -4.303732479589e+01   0.000000000000e+00   0.000000000000e+00  -3.391415184968e+01   0.000000000000e+00   0.000000000000e+00  -1.681450850664e+01   0.000000000000e+00   0.000000000000e+00  -5.707538239433e+00   0.000000000000e+00   0.000000000000e+00   0.000000000000e+00   0.000000000000e+00   0.000000000000e+00   0.000000000000e+00   0.000000000000e+00   0.000000000000e+00   0.000000000000e+00   0.000000000000e+00   0.000000000000e+00   0.000000000000e+00   0.000000000000e+00  -1.723142291467e+00   0.000000000000e+00   0.000000000000e+00   0.000000000000e+00   0.000000000000e+00   0.000000000000e+00   0.000000000000e+00
   0.000000000000e+00   0.000000000000e+00   0.000000000000e+00   0.000000000000e+00   0.000000000000e+00   0.000000000000e+00   0.000000000000e+00   0.000000000000e+00   0.000000000000e+00   0.000000000000e+00  -4.196801608584e+00   0.000000000000e+00   0.000000000000e+00  -1.871369822501e+01   0.000000000000e+00   0.000000000000e+00  -4.296318848386e+01   0.000000000000e+00   0.000000000000e+00  -4.303732479587e+01   0.000000000000e+00   0.000000000000e+00  -3.391415184966e+01   0.000000000000e+00   0.000000000000e+00  -1.681450850663e+01   0.000000000000e+00   0.000000000000e+00  -5.707538239428e+00   0.000000000000e+00   0.000000000000e+00   0.000000000000e+00   0.000000000000e+00   0.000000000000e+00   0.000000000000e+00   0.000000000000e+00   0.000000000000e+00   0.000000000000e+00   0.000000000000e+00   0.000000000000e+00   0.000000000000e+00   0.000000000000e+00  -1.723142291465e+00   0.000000000000e+00   0.000000000000e+00   0.000000000000e+00   0.000000000000e+00   0.000000000000e+00
   0.000000000000e+00   0.000000000000e+00   0.000000000000e+00   0.000000000000e+00   0.000000000000e+00   0.000000000000e+00   0.000000000000e+00   0.000000000000e+00  -1.929652425978e+00   0.000000000000e+00   0.000000000000e+00  -9.225876544444e+00   0.000000000000e+00   0.000000000000e+00  -2.613741300403e+01   0.000000000000e+00   0.000000000000e+00  -3.391415184968e+01   0.000000000000e+00   0.000000000000e+00  -3.213629633083e+01   0.000000000000e+00   0.000000000000e+00  -2.045714049850e+01   0.000000000000e+00   0.000000000000e+00  -8.186785845523e+00   0.000000000000e+00   0.000000000000e+00   0.000000000000e+00   0.000000000000e+00   0.000000000000e+00   0.000000000000e+00   0.000000000000e+00   0.000000000000e+00   0.000000000000e+00   0.000000000000e+00   0.000000000000e+00   0.000000000000e+00   0.000000000000e+00  -2.653478540902e+00   0.000000000000e+00   0.000000000000e+00   0.000000000000e+00   0.000000000000e+00   0.000000000000e+00   0.000000000000e+00   0.000000000000e+00
   0.000000000000e+00   0.000000000000e+00   0.000000000000e+00   0.000000000000e+00   0.000000000000e+00   0.000000000000e+00   0.000000000000e+00   0.000000000000e+00   0.000000000000e+00  -1.929652425978e+00   0.000000000000e+00   0.000000000000e+00  -9.225876544444e+00   0.000000000000e+00   0.000000000000e+00  -2.613741300403e+01   0.000000000000e+00   0.000000000000e+00  -3.391415184968e+01   0.000000000000e+00   0.000000000000e+00  -3.213629633084e+01   0.000000000000e+00   0.000000000000e+00  -2.045714049851e+01   0.000000000000e+00   0.000000000000e+00  -8.186785845526e+00   0.000000000000e+00   0.000000000000e+00   0.000000000000e+00   0.000000000000e+00   0.000000000000e+00   0.000000000000e+00   0.000000000000e+00   0.000000000000e+00   0.000000000000e+00   0.000000000000e+00   0.000000000000e+00   0.000000000000e+00   0.000000000000e+00  -2.653478540904e+00   0.000000000000e+00   0.000000000000e+00   0.000000000000e+00   0.000000000000e+00   0.000000000000e+00   0.000000000000e+00
   0.000000000000e+00   0.000000000000e+00   0.000000000000e+00   0.000000000000e+00   0.000000000000e+00   0.000000000000e+00   0.000000000000e+00   0.000000000000e+00   0.000000000000e+00   0.000000000000e+00  -1.929652425978e+00   0.000000000000e+00   0.000000000000e+00  -9.225876544443e+00   0.000000000000e+00   0.000000000000e+00  -2.613741300403e+01   0.000000000000e+00   0.000000000000e+00  -3.391415184966e+01   0.000000000000e+00   0.000000000000e+00  -3.213629633081e+01   0.000000000000e+00   0.000000000000e+00  -2.045714049847e+01   0.000000000000e+00   0.000000000000e+00  -8.186785845509e+00   0.000000000000e+00   0.000000000000e+00   0.000000000000e+00   0.000000000000e+00   0.000000000000e+00   0.000000000000e+00   0.000000000000e+00   0.000000000000e+00   0.000000000000e+00   0.000000000000e+00   0.000000000000e+00   0.000000000000e+00   0.000000000000e+00  -2.653478540898e+00   0.000000000000e+00   0.000000000000e+00   0.000000000000e+00   0.000000000000e+00   0.000000000000e+00
   0.000000000000e+00   0.000000000000e+00   0.000000000000e+00   0.000000000000e+00   0.000000000000e+00   0.000000000000e+00   0.000000000000e+00   0.000000000000e+00  -5.753108709935e-01   0.000000000000e+00   0.000000000000e+00  -2.899229950127e+00   0.000000000000e+00   0.000000000000e+00  -9.877061827243e+00   0.000000000000e+00   0.000000000000e+00  -1.681450850664e+01   0.000000000000e+00   0.000000000000e+00  -2.045714049850e+01   0.000000000000e+00   0.000000000000e+00  -2.022045179754e+01   0.000000000000e+00   0.000000000000e+00  -1.197105255219e+01   0.000000000000e+00   0.000000000000e+00   0.000000000000e+00   0.000000000000e+00   0.000000000000e+00   0.000000000000e+00   0.000000000000e+00   0.000000000000e+00   0.000000000000e+00   0.000000000000e+00   0.000000000000e+00   0.000000000000e+00   0.000000000000e+00  -4.778382733888e+00   0.000000000000e+00   0.000000000000e+00   0.000000000000e+00   0.000000000000e+00   0.000000000000e+00   0.000000000000e+00   0.000000000000e+00
   0.000000000000e+00   0.000000000000e+00   0.000000000000e+00   0.000000000000e+00   0.000000000000e+00   0.000000000000e+00   0.000000000000e+00   0.000000000000e+00   0.000000000000e+00  -5.753108709935e-01   0.000000000000e+00   0.000000000000e+00  -2.899229950127e+00   0.000000000000e+00   0.000000000000e+00  -9.877061827243e+00   0.000000000000e+00   0.000000000000e+00  -1.681450850664e+01   0.000000000000e+00   0.000000000000e+00  -2.045714049851e+01   0.000000000000e+00   0.000000000000e+00  -2.022045179756e+01   0.000000000000e+00   0.000000000000e+00  -1.197105255221e+01   0.000000000000e+00   0.000000000000e+00   0.000000000000e+00   0.000000000000e+00   0.000000000000e+00   0.000000000000e+00   0.000000000000e+00   0.000000000000e+00   0.000000000000e+00   0.000000000000e+00   0.000000000000e+00   0.000000000000e+00   0.000000000000e+00  -4.778382733897e+00   0.000000000000e+00   0.000000000000e+00   0.000000000000e+00   0.000000000000e+00   0.000000000000e+00   0.000000000000e+00
   0.000000000000e+00   0.000000000000e+00   0.000000000000e+00   0.000000000000e+00   0.000000000000e+00   0.000000000000e+00   0.000000000000e+00   0.000000000000e+00   0.000000000000e+00   0.000000000000e+00  -5.753108709935e-01   0.000000000000e+00   0.000000000000e+00  -2.899229950127e+00   0.000000000000e+00   0.000000000000e+00  -9.877061827241e+00   0.000000000000e+00   0.000000000000e+00  -1.681450850663e+01   0.000000000000e+00   0.000000000000e+00  -2.045714049847e+01   0.000000000000e+00   0.000000000000e+00  -2.022045179748e+01   0.000000000000e+00   0.000000000000e+00  -1.197105255212e+01   0.000000000000e+00   0.000000000000e+00   0.000000000000e+00   0.000000000000e+00   0.000000000000e+00   0.000000000000e+00   0.000000000000e+00   0.000000000000e+00   0.000000000000e+00   0.000000000000e+00   0.000000000000e+00   0.000000000000e+00   0.000000000000e+00  -4.778382733854e+00   0.000000000000e+00   0.000000000000e+00   0.000000000000e+00   0.000000000000e+00   0.000000000000e+00
   0.000000000000e+00   0.000000000000e+00   0.000000000000e+00   0.000000000000e+00   0.000000000000e+00   0.000000000000e+00   0.000000000000e+00   0.000000000000e+00  -1.522212073905e-01   0.000000000000e+00   0.000000000000e+00  -7.839492030907e-01   0.000000000000e+00   0.000000000000e+00  -2.905731524824e+00   0.000000000000e+00   0.000000000000e+00  -5.707538239432e+00   0.000000000000e+00   0.000000000000e+00  -8.186785845523e+00   0.000000000000e+00   0.000000000000e+00  -1.197105255219e+01   0.000000000000e+00   0.000000000000e+00  -1.205285023398e+01   0.000000000000e+00   0.000000000000e+00   0.000000000000e+00   0.000000000000e+00   0.000000000000e+00   0.000000000000e+00   0.000000000000e+00   0.000000000000e+00   0.000000000000e+00   0.000000000000e+00   0.000000000000e+00   0.000000000000e+00   0.000000000000e+00  -7.267164269115e+00   0.000000000000e+00   0.000000000000e+00   0.000000000000e+00   0.000000000000e+00   0.000000000000e+00   0.000000000000e+00   0.000000000000e+00
   0.000000000000e+00   0.000000000000e+00   0.000000000000e+00   0.000000000000e+00   0.000000000000e+00   0.000000000000e+00   0.000000000000e+00   0.000000000000e+00   0.000000000000e+00  -1.522212073905e-01   0.000000000000e+00   0.000000000000e+00  -7.839492030907e-01   0.000000000000e+00   0.000000000000e+00  -2.905731524824e+00   0.000000000000e+00   0.000000000000e+00  -5.707538239433e+00   0.000000000000e+00   0.000000000000e+00  -8.186785845526e+00   0.000000000000e+00   0.000000000000e+00  -1.197105255221e+01   0.000000000000e+00   0.000000000000e+00  -1.205285023403e+01   0.000000000000e+00   0.000000000000e+00   0.000000000000e+00   0.000000000000e+00   0.000000000000e+00   0.000000000000e+00   0.000000000000e+00   0.000000000000e+00   0.000000000000e+00   0.000000000000e+00   0.000000000000e+00   0.000000000000e+00   0.000000000000e+00  -7.267164269163e+00   0.000000000000e+00   0.000000000000e+00   0.000000000000e+00   0.000000000000e+00   0.000000000000e+00   0.000000000000e+00
   0.000000000000e+00   0.000000000000e+00   0.000000000000e+00   0.000000000000e+00   0.000000000000e+00   0.000000000000e+00   0.000000000000e+00   0.000000000000e+00   0.000000000000e+00   0.000000000000e+00  -1.522212073905e-01   0.000000000000e+00   0.000000000000e+00  -7.839492030907e-01   0.000000000000e+00   0.000000000000e+00  -2.905731524824e+00   0.000000000000e+00   0.000000000000e+00  -5.707538239428e+00   0.000000000000e+00   0.000000000000e+00  -8.186785845509e+00   0.000000000000e+00   0.000000000000e+00  -1.197105255212e+01   0.000000000000e+00   0.000000000000e+00  -1.205285023380e+01   0.000000000000e+00   0.000000000000e+00   0.000000000000e+00   0.000000000000e+00   0.000000000000e+00   0.000000000000e+00   0.000000000000e+00   0.000000000000e+00   0.000000000000e+00   0.000000000000e+00   0.000000000000e+00   0.000000000000e+00   0.000000000000e+00  -7.267164268919e+00   0.000000000000e+00   0.000000000000e+00   0.000000000000e+00   0.000000000000e+00   0.000000000000e+00
   0.000000000000e+00   0.000000000000e+00   0.000000000000e+00   0.000000000000e+00   0.000000000000e+00   0.000000000000e+00   0.000000000000e+00   0.000000000000e+00   0.000000000000e+00   0.000000000000e+00   0.000000000000e+00   0.000000000000e+00   0.000000000000e+00   0.000000000000e+00   0.000000000000e+00   0.000000000000e+00   0.000000000000e+00   0.000000000000e+00   0.000000000000e+00   0.000000000000e+00   0.000000000000e+00   0.000000000000e+00   0.000000000000e+00   0.000000000000e+00   0.000000000000e+00   0.000000000000e+00   0.000000000000e+00   0.000000000000e+00   0.000000000000e+00  -5.966267428955e+01   0.000000000000e+00   0.000000000000e+00   0.000000000000e+00   0.000000000000e+00  -2.301885396698e+01   0.000000000000e+00   0.000000000000e+00   0.000000000000e+00   0.000000000000e+00   0.000000000000e+00   0.000000000000e+00   0.000000000000e+00   0.000000000000e+00  -4.443264502519e+00   0.000000000000e+00   0.000000000000e+00   0.000000000000e+00   0.000000000000e+00
   0.000000000000e+00   0.000000000000e+00   0.000000000000e+00   0.000000000000e+00   0.000000000000e+00   0.000000000000e+00   0.000000000000e+00   0.000000000000e+00   0.000000000000e+00   0.000000000000e+00   0.000000000000e+00   0.000000000000e+00   0.000000000000e+00   0.000000000000e+00   0.000000000000e+00   0.000000000000e+00   0.000000000000e+00   0.000000000000e+00   0.000000000000e+00   0.000000000000e+00   0.000000000000e+00   0.000000000000e+00   0.000000000000e+00   0.000000000000e+00   0.000000000000e+00   0.000000000000e+00   0.000000000000e+00   0.000000000000e+00   0.000000000000e+00   0.000000000000e+00  -5.966267428955e+01   0.000000000000e+00   0.000000000000e+00   0.000000000000e+00   0.000000000000e+00  -2.301885396698e+01   0.000000000000e+00   0.000000000000e+00   0.000000000000e+00   0.000000000000e+00   0.000000000000e+00   0.000000000000e+00   0.000000000000e+00   0.000000000000e+00  -4.443264502518e+00   0.000000000000e+00   0.000000000000e+00   0.000000000000e+00
   3.937432512484e-16   1.299983657907e-14   2.468489896651e-13   8.830318799158e-13   2.673716218520e-12   3.925112598151e-12   2.864621281911e-12   1.575575280757e-12   0.000000000000e+00   0.000000000000e+00   0.000000000000e+00   0.000000000000e+00   0.000000000000e+00   0.000000000000e+00   0.000000000000e+00   0.000000000000e+00   0.000000000000e+00   0.000000000000e+00   0.000000000000e+00   0.000000000000e+00   0.000000000000e+00   0.000000000000e+00   0.000000000000e+00   0.000000000000e+00   0.000000000000e+00   0.000000000000e+00   0.000000000000e+00   0.000000000000e+00   0.000000000000e+00   0.000000000000e+00   0.000000000000e+00  -5.966267428955e+01   0.000000000000e+00  -4.155767671029e-13   0.000000000000e+00   0.000000000000e+00  -2.301885396698e+01   0.000000000000e+00  -4.141039938044e-13   6.505205290634e-13   0.000000000000e+00   0.000000000000e+00   0.000000000000e+00   0.000000000000e+00   0.000000000000e+00  -4.443264502518e+00   0.000000000000e+00  -1.045220203945e-13
   0.000000000000e+00   0.000000000000e+00   0.000000000000e+00   0.000000000000e+00   0.000000000000e+00   0.000000000000e+00   0.000000000000e+00   0.000000000000e+00   0.000000000000e+00   0.000000000000e+00   0.000000000000e+00   0.000000000000e+00   0.000000000000e+00   0.000000000000e+00   0.000000000000e+00   0.000000000000e+00   0.000000000000e+00   0.000000000000e+00   0.000000000000e+00   0.000000000000e+00   0.000000000000e+00   0.000000000000e+00   0.000000000000e+00   0.000000000000e+00   0.000000000000e+00   0.000000000000e+00   0.000000000000e+00   0.000000000000e+00   0.000000000000e+00   0.000000000000e+00   0.000000000000e+00   0.000000000000e+00  -5.966267428955e+01   0.000000000000e+00   0.000000000000e+00   0.000000000000e+00   0.000000000000e+00  -2.301885396698e+01   0.000000000000e+00   0.000000000000e+00   0.000000000000e+00   0.000000000000e+00   0.000000000000e+00   0.000000000000e+00   0.000000000000e+00   0.000000000000e+00  -4.443264502518e+00   0.000000000000e+00
   7.577592403328e-17   2.501819716116e-15   4.750611021077e-14   1.695977044910e-13   5.138732061000e-13   7.553028067057e-13   5.509547627127e-13   3.032196041578e-13   0.000000000000e+00   0.000000000000e+00   0.000000000000e+00   0.000000000000e+00   0.000000000000e+00   0.000000000000e+00   0.000000000000e+00   0.000000000000e+00   0.000000000000e+00   0.000000000000e+00   0.000000000000e+00   0.000000000000e+00   0.000000000000e+00   0.000000000000e+00   0.000000000000e+00   0.000000000000e+00   0.000000000000e+00   0.000000000000e+00   0.000000000000e+00   0.000000000000e+00   0.000000000000e+00   0.000000000000e+00   0.000000000000e+00  -4.155767671029e-13   0.000000000000e+00  -5.966267428955e+01   0.000000000000e+00   0.000000000000e+00  -4.141039938044e-13   0.000000000000e+00  -2.301885396698e+01   1.251893957125e-13   0.000000000000e+00   0.000000000000e+00   0.000000000000e+00   0.000000000000e+00   0.000000000000e+00  -1.045220203945e-13   0.000000000000e+00  -4.443264502519e+00
   0.000000000000e+00   0.000000000000e+00   0.000000000000e+00   0.000000000000e+00   0.000000000000e+00   0.000000000000e+00   0.000000000000e+00   0.000000000000e+00   0.000000000000e+00   0.000000000000e+00   0.000000000000e+00   0.000000000000e+00   0.000000000000e+00   0.000000000000e+00   0.000000000000e+00   0.000000000000e+00   0.000000000000e+00   0.000000000000e+00   0.000000000000e+00   0.000000000000e+00   0.000000000000e+00   0.000000000000e+00   0.000000000000e+00   0.000000000000e+00   0.000000000000e+00   0.000000000000e+00   0.000000000000e+00   0.000000000000e+00   0.000000000000e+00  -2.301885396698e+01   0.000000000000e+00   0.000000000000e+00   0.000000000000e+00   0.000000000000e+00  -3.153299369182e+01   0.000000000000e+00   0.000000000000e+00   0.000000000000e+00   0.000000000000e+00   0.000000000000e+00   0.000000000000e+00   0.000000000000e+00   0.000000000000e+00  -1.346316396494e+01   0.000000000000e+00   0.000000000000e+00   0.000000000000e+00   0.000000000000e+00
   0.000000000000e+00   0.000000000000e+00   0.000000000000e+00   0.000000000000e+00   0.000000000000e+00   0.000000000000e+00   0.000000000000e+00   0.000000000000e+00   0.000000000000e+00   0.000000000000e+00   0.000000000000e+00   0.000000000000e+00   0.000000000000e+00   0.000000000000e+00   0.000000000000e+00   0.000000000000e+00   0.000000000000e+00   0.000000000000e+00   0.000000000000e+00   0.000000000000e+00   0.000000000000e+00   0.000000000000e+00   0.000000000000e+00   0.000000000000e+00   0.000000000000e+00   0.000000000000e+00   0.000000000000e+00   0.000000000000e+00   0.000000000000e+00   0.000000000000e+00  -2.301885396698e+01   0.000000000000e+00   0.000000000000e+00   0.000000000000e+00   0.000000000000e+00  -3.153299369181e+01   0.000000000000e+00   0.000000000000e+00   0.000000000000e+00   0.000000000000e+00   0.000000000000e+00   0.000000000000e+00   0.000000000000e+00   0.000000000000e+00  -1.346316396493e+01   0.000000000000e+00   0.000000000000e+00   0.000000000000e+00
   5.815143652846e-18   4.306428885247e-16   2.166305503004e-14   1.826051068027e-13   1.846504555048e-12   6.862947591950e-12   1.551830907171e-11   1.170651910826e-11   0.000000000000e+00   0.000000000000e+00   0.000000000000e+00   0.000000000000e+00   0.000000000000e+00   0.000000000000e+00   0.000000000000e+00   0.000000000000e+00   0.000000000000e+00   0.000000000000e+00   0.000000000000e+00   0.000000000000e+00   0.000000000000e+00   0.000000000000e+00   0.000000000000e+00   0.000000000000e+00   0.000000000000e+00   0.000000000000e+00   0.000000000000e+00   0.000000000000e+00   0.000000000000e+00   0.000000000000e+00   0.000000000000e+00  -2.301885396698e+01   0.000000000000e+00  -4.141039938044e-13   0.000000000000e+00   0.000000000000e+00  -3.153299369180e+01   0.000000000000e+00  -1.880619769347e-12   5.580825553088e-12   0.000000000000e+00   0.000000000000e+00   0.000000000000e+00   0.000000000000e+00   0.000000000000e+00  -1.346316396492e+01   0.000000000000e+00  -1.469475806580e-12
   0.000000000000e+00   0.000000000000e+00   0.000000000000e+00   0.000000000000e+00   0.000000000000e+00   0.000000000000e+00   0.000000000000e+00   0.000000000000e+00   0.000000000000e+00   0.000000000000e+00   0.000000000000e+00   0.000000000000e+00   0.000000000000e+00   0.000000000000e+00   0.000000000000e+00   0.000000000000e+00   0.000000000000e+00   0.000000000000e+00   0.000000000000e+00   0.000000000000e+00   0.000000000000e+00   0.000000000000e+00   0.000000000000e+00   0.000000000000e+00   0.000000000000e+00   0.000000000000e+00   0.000000000000e+00   0.000000000000e+00   0.000000000000e+00   0.000000000000e+00   0.000000000000e+00   0.000000000000e+00  -2.301885396698e+01   0.000000000000e+00   0.000000000000e+00   0.000000000000e+00   0.000000000000e+00  -3.153299369180e+01   0.000000000000e+00   0.000000000000e+00   0.000000000000e+00   0.000000000000e+00   0.000000000000e+00   0.000000000000e+00   0.000000000000e+00   0.000000000000e+00  -1.346316396493e+01   0.000000000000e+00
   1.119124917782e-18   8.287726253811e-17   4.169056884354e-15   3.514236918931e-14   3.553599673056e-13   1.320945809899e-12   2.986499973306e-12   2.253091582826e-12   0.000000000000e+00   0.000000000000e+00   0.000000000000e+00   0.000000000000e+00   0.000000000000e+00   0.000000000000e+00   0.000000000000e+00   0.000000000000e+00   0.000000000000e+00   0.000000000000e+00   0.000000000000e+00   0.000000000000e+00   0.000000000000e+00   0.000000000000e+00   0.000000000000e+00   0.000000000000e+00   0.000000000000e+00   0.000000000000e+00   0.000000000000e+00   0.000000000000e+00   0.000000000000e+00   0.000000000000e+00   0.000000000000e+00  -4.141039938044e-13   0.000000000000e+00  -2.301885396698e+01   0.000000000000e+00   0.000000000000e+00  -1.880619769347e-12   0.000000000000e+00  -3.153299369182e+01   1.074030378459e-12   0.000000000000e+00   0.000000000000e+00   0.000000000000e+00   0.000000000000e+00   0.000000000000e+00  -1.469475806580e-12   0.000000000000e+00  -1.346316396494e+01
