ARMA_MAT_TXT_FN008
58 58
  -1.760841655522e+01  -2.202711405844e+01   3.251447380669e-02  -2.633166724395e-06  -2.917632099002e-07  -8.150903300164e+00   1.665995260400e-02   8.598836336652e-07  -1.353483530851e-07  -3.531697383518e+00   7.216676431480e-03   8.708177478897e-09  -6.428406480749e-08  -1.596507928589e+00   2.579854105828e-03  -4.423881179866e-07  -2.923849041377e-08  -4.790024374191e-06   1.754928516065e-11   5.499215303506e-03   1.792076793074e-08  -1.175530079765e-03  -2.342312969146e-03  -7.954228283116e-04  -7.755263260091e-02  -2.998562617332e-05   4.390351054455e-07  -5.088887454280e-01  -1.504969667739e+00  -5.557723044362e-04   8.733977249054e-06  -1.122882046148e+00  -1.918755715863e+00  -7.078312489808e-04   1.113886466658e-05  -7.838738780886e-01  -7.457307608633e-01  -2.752299533777e-04   4.326448880042e-06  -1.270583911852e-03   7.405463743525e-09   9.954034903948e-01   2.005984129846e-05  -1.724913557029e+00   2.701023600421e-05  -4.632658405654e-02  -4.235288760450e-01  -5.061250554255e-01  -3.246432225594e-03  -1.661429271003e-03  -1.378517104549e-08   2.875814152004e-05  -4.581934699781e-02  -4.219944922690e-01  -5.054750994228e-01  -3.191514833054e-03   1.625173384443e-03  -1.344528370881e-08
  -2.202711405844e+01  -1.653934007226e+01   3.062513015944e-02  -1.396255147514e-06  -2.686927084201e-07  -7.399319658074e+00   9.495650880834e-03   1.795133008069e-06  -6.773900349946e-08  -3.321329448073e+00   3.174264387788e-03   8.490629705833e-08  -2.543675548017e-08  -1.513437587595e+00   6.148548201601e-04  -8.285965136714e-07  -1.149707155757e-08  -4.562333545787e-06   1.589739060612e-11   6.354831640750e-03  -6.688638032368e-09   8.928524305403e-04  -1.844871002859e-03  -6.433831423538e-04  -7.775501353987e-02  -3.103639827872e-05   4.419122506520e-07  -4.885372075825e-01  -1.431064835509e+00  -5.295305246626e-04   8.308814505985e-06  -1.063589659841e+00  -1.811935319486e+00  -6.689336581092e-04   1.052249583560e-05  -7.442605019946e-01  -7.081277798856e-01  -2.615049622244e-04   4.110186768508e-06  -1.202457685191e-03   7.033733147172e-09   9.428316389429e-01   1.901460551651e-05  -1.633994402362e+00   3.293855054734e-04  -4.452339738921e-02  -4.021718008962e-01  -4.807532569101e-01  -3.103516306201e-03  -1.357612658721e-03  -6.962314189463e-09   3.297497533240e-04  -4.403482026337e-02  -4.007172353624e-01  -4.801358776907e-01  -3.048854672685e-03   1.323108886939e-03  -6.654912767864e-09
   3.251447380669e-02   3.062513015944e-02   1.613298838208e+00  -5.842278056026e-05  -3.288542974636e-07   3.282387229874e-02  -9.004631621544e-01  -6.308373619134e-05  -1.788289953503e-07   2.356944957487e-02  -7.803367684239e-01  -1.534121262895e-05  -1.781337007863e-07   3.500258646262e-03  -2.950711328913e-01   1.219682400449e-05  -1.785584613628e-07   3.536003474986e-05  -1.365455261677e-10  -6.118940224718e-02  -8.847911954525e-07   1.090754939258e-01   2.005874689902e-02   1.958671659924e-02   3.683874098836e-01   2.183301965055e-04  -2.553673514265e-06   3.650278091139e-01   5.503856240500e-01   3.515063953477e-04  -4.569020602845e-06   2.302083974032e-01   1.046844225377e-01   1.729491990647e-04  -2.205186955114e-06   5.039880458599e-02  -5.982401914280e-02   3.620117866875e-05  -4.003357416968e-07   3.967849690574e-04  -3.356440171190e-09  -1.907789598424e-01  -6.422851929772e-06   3.426777354996e-01  -7.362008549442e-03   4.493370280833e-02   9.550398339162e-02   3.866256850216e-02   3.312769748775e-02   7.213466021703e-03  -1.079417058863e-07  -7.400971034714e-03   4.457637813998e-02   9.538856292314e-02   3.870712224634e-02   3.282838600866e-02  -6.968417111857e-03  -1.094415953420e-07
  -2.633166724395e-06  -1.396255147514e-06  -5.842278056026e-05   1.552832355127e+00   1.208602567529e-10   3.677921594340e-05  -5.851300254010e-05  -9.281682367592e-01   2.458065997964e-10   6.289678817696e-06   1.826449084240e-06  -8.003784550039e-01   1.743788811453e-10  -2.148712855578e-05   1.834264488472e-05  -3.161647565830e-01  -5.849008526386e-12   5.486407120175e-02  -4.018478330737e-07  -1.489062248037e-05  -4.367339068859e-10  -4.306860122062e-08   9.834463257458e-06   6.043159416901e-06   1.772900093853e-04  -6.410599842964e-02  -4.947153348227e-10   1.038258771516e-04   3.125464748959e-04  -2.251163475856e-01  -1.221876014255e-09   5.870129137938e-05   1.290729802411e-04  -2.633232533882e-01  -6.168337887457e-10   1.213622146568e-06   5.559675441560e-06  -1.210666881693e-01  -1.233864297968e-10  -4.152520375082e-01   1.917518605005e-06  -8.674236703124e-05  -3.030393787943e-09   5.031279523580e-04  -1.266790790310e-02   1.809878284381e-02   5.075589823641e-02   2.384449516530e-02   2.204848940738e-02   6.602400493446e-03   1.265998494870e-07   1.268824793734e-02  -1.779863395623e-02  -5.048386962827e-02  -2.378851845655e-02  -2.179929483633e-02   6.510838381307e-03  -1.251549551733e-07
  -2.917632099002e-07  -2.686927084201e-07  -3.288542974636e-07   1.208602567529e-10   1.717067999014e+00   6.005745565159e-09  -1.246532415645e-07   2.880319665809e-10  -7.652635702655e-01  -1.783991937881e-07   1.504326750731e-07   4.133986764413e-10  -7.235109112166e-01  -3.201716323999e-07   2.175857381617e-07   4.233770682032e-10  -3.029099190618e-01  -3.095124060065e-10   2.493931379538e-05  -4.445072253614e-07   7.509913633110e-02  -1.587573073532e-07  -5.942123884071e-08  -1.148764526062e-07  -2.260191894919e-06  -3.942869612391e-10  -1.210718458010e-01  -2.585299671329e-06  -4.042559324448e-06  -8.034065779656e-10  -2.867142081960e-01  -1.856184200955e-06  -1.931042761199e-06  -1.425760329695e-11  -2.987619559130e-01  -7.073338357201e-07  -3.499446180984e-07   2.569696964127e-10  -1.360801904794e-01  -2.810558597062e-09  -1.329870525574e-04   4.543185470879e-06  -3.676804585167e-01  -3.753700288508e-06   3.451311116291e-07   6.446986566748e-07   5.228386141667e-07   5.487563221702e-08   4.728800483642e-07   4.898395729125e-07  -2.299905090044e-02   3.445992575885e-07   6.429848989980e-07   5.223046480131e-07   5.511448443407e-08   4.720874145197e-07  -4.867333245950e-07  -2.288714508756e-02
  -8.150903300164e+00  -7.399319658074e+00   3.282387229874e-02   3.677921594340e-05   6.005745565159e-09  -3.909221739026e+00   1.263186884637e-01   7.330579085409e-05  -4.791205958256e-07  -2.496514115528e+00   1.029174044367e-01   4.224896412139e-05  -4.940505577801e-07  -1.417816538258e+00   3.159485386961e-02   4.627486372218e-06  -1.968242529015e-07  -7.005911149671e-05   3.768612144530e-10   6.191805278501e-02   1.122046785905e-06  -9.862015091208e-02  -1.306503647524e-01  -1.428148929562e-01  -4.031483302429e-01  -1.858161968534e-04   2.175789119993e-06  -6.863672266342e-01  -1.248527429139e+00  -5.015268139655e-04   7.064249378176e-06  -1.042949004346e+00  -1.485353332117e+00  -5.717680224631e-04   8.506607261163e-06  -7.606724585375e-01  -6.765402879638e-01  -2.584474819616e-04   3.877742065470e-06  -7.335573590396e-04   4.629627762476e-09   5.684667662144e-01   1.171987347575e-05  -1.001282601922e+00  -3.022980530082e-05  -1.084992559080e-01  -4.407089650933e-01  -5.039597107263e-01  -5.891345217443e-02  -2.737604156864e-02  -2.168309150875e-07   5.709877269544e-05  -1.076658334296e-01  -4.393227723910e-01  -5.033502698580e-01  -5.838016084599e-02   2.694306141002e-02  -2.129885445182e-07
   1.665995260400e-02   9.495650880834e-03  -9.004631621544e-01  -5.851300254010e-05  -1.246532415645e-07   1.263186884637e-01  -1.460224973145e-01  -1.092458832659e-04   8.433053789510e-07   2.039517242113e-01  -6.113412424889e-01  -7.981465585031e-05   1.024568992991e-06   1.367273679749e-01  -3.733199665444e-01  -1.812745951046e-05   3.570011642591e-07   1.252437601850e-04  -5.243069267256e-10  -1.529822108324e-01  -2.378578124417e-06   2.722756653588e-01   4.294756544809e-01   4.665706390684e-01   5.224624108824e-01   3.166563008816e-04  -3.869461377766e-06   6.215780680577e-01   4.009894259596e-01   3.043069275835e-04  -3.714532258955e-06   4.025104701377e-01   1.380057311210e-01   1.827875954096e-04  -2.332151466320e-06   1.525861636447e-01  -3.441565387537e-02   5.219738146481e-05  -6.409112349644e-07   4.380297540233e-05  -2.401490209057e-10   4.512864673873e-02  -5.248895453475e-07  -6.313006652246e-02   1.205690668446e-02   1.365660402618e-01   1.951809645421e-01   1.130731914056e-01   1.207249838138e-01   6.910190954761e-02   6.674791878079e-07   1.178131226433e-02   1.359026555191e-01   1.949469835867e-01   1.130810966028e-01   1.200886110937e-01  -6.823990106863e-02   6.597543308529e-07
   8.598836336652e-07   1.795133008069e-06  -6.308373619134e-05  -9.281682367592e-01   2.880319665809e-10   7.330579085409e-05  -1.092458832659e-04  -1.518194833835e-03   6.566902258172e-10   7.038887921649e-05  -6.440585772612e-05  -4.294044571911e-01   5.778137338640e-10   2.454928354072e-05  -1.312431065060e-05  -3.042699936555e-01   1.441124950293e-10   1.201052648152e-01  -7.776533100709e-07  -4.671305546474e-05  -8.186298452768e-10   6.817733989855e-06   1.603896292859e-04   1.699060449853e-04   2.626778245698e-04  -1.579870632452e-01  -1.069689090268e-09   1.924575194936e-04   2.555541035051e-04  -2.432651370924e-01  -1.064259471320e-09   1.189246243544e-04   1.334458728111e-04  -2.565076561730e-01  -7.899043310810e-10   3.749992116449e-05   1.746604791391e-05  -1.377534434418e-01  -2.643495993131e-10  -2.247067817143e-01   8.047532906797e-07  -4.412499781822e-06  -3.255465724970e-10   2.044252882172e-04  -1.390786738554e-03   4.697221997194e-02   6.042156506797e-02   2.838018701161e-02   6.548103800930e-02   2.123197617082e-02   5.081404785139e-07   1.569281490795e-03  -4.648374584752e-02  -6.007487284179e-02  -2.826429061472e-02  -6.489512159445e-02   2.092620703145e-02  -5.032026721709e-07
  -1.353483530851e-07  -6.773900349946e-08  -1.788289953503e-07   2.458065997964e-10  -7.652635702655e-01  -4.791205958256e-07   8.433053789510e-07   6.566902258172e-10   1.502612724633e-01  -1.270585448134e-06   1.393283779924e-06   8.310183511895e-10  -3.642548141323e-01  -1.214463544672e-06   8.400417886071e-07   6.674668015612e-10  -3.003299174480e-01  -6.980367448412e-10   5.232119404199e-05  -6.115180441115e-07   1.473742082790e-01  -7.069349122208e-07  -2.428433981033e-06  -2.725392595384e-06  -3.701431917139e-06  -1.042836769177e-09  -2.318679345829e-01  -4.327170135459e-06  -3.315496275237e-06  -6.456442466392e-10  -3.292028487233e-01  -3.092966690637e-06  -2.118703405151e-06  -5.076064896824e-11  -3.122385495405e-01  -1.460781425811e-06  -6.178166838746e-07   2.278318664705e-10  -1.622614968224e-01  -4.078107086722e-10  -6.455349026318e-05   1.208824866170e-06  -1.826037101496e-01  -3.281001633475e-07   6.096119190414e-07   8.638708136103e-07   1.436627808119e-07  -3.572205886193e-07   9.005407825739e-07   8.357108765256e-07  -4.357357946795e-02   6.078023211543e-07   8.627561436921e-07   1.444579639030e-07  -3.565743313643e-07   8.986975524187e-07  -8.305103935033e-07  -4.331994031322e-02
  -3.531697383518e+00  -3.321329448073e+00   2.356944957487e-02   6.289678817696e-06  -1.783991937881e-07  -2.496514115528e+00   2.039517242113e-01   7.038887921649e-05  -1.270585448134e-06  -1.650876478437e+00   3.705527756989e-01   1.564932891437e-04  -2.192117346006e-06  -1.043978123613e+00   2.254716258303e-01   1.100148530171e-04  -1.243112053447e-06  -1.020959836538e-04   5.412151791293e-10   8.250662210446e-02   1.639731684652e-06  -1.398359622546e-01  -8.312565717583e-01  -7.913869241364e-01  -3.462320595140e-01  -8.944777067380e-05   2.034431270728e-06  -9.332250975226e-01  -8.055667229281e-01  -2.041066336486e-04   5.023681752194e-06  -9.765915494770e-01  -8.876108615049e-01  -2.611934352455e-04   5.488910745748e-06  -6.628693974688e-01  -4.225967294079e-01  -1.328715078347e-04   2.578299482923e-06  -4.841437106249e-04  -4.422022152539e-10   3.716535633865e-01   6.802105475246e-06  -6.183608229320e-01  -8.734680827520e-02  -2.577200818335e-01  -4.809586803482e-01  -4.633800365043e-01  -1.343690681938e-01  -1.298098540125e-01  -2.034710950882e-06  -8.685003864423e-02  -2.567050764686e-01  -4.798953753496e-01  -4.629367019052e-01  -1.341648335158e-01   1.288707583224e-01  -2.023470883250e-06
   7.216676431480e-03   3.174264387788e-03  -7.803367684239e-01   1.826449084240e-06   1.504326750731e-07   1.029174044367e-01  -6.113412424889e-01  -6.440585772612e-05   1.393283779924e-06   3.705527756989e-01  -5.528168650361e-01  -2.414659593694e-04   3.097809296283e-06   3.898980635151e-01  -4.459478915823e-01  -1.943828808244e-04   1.776702094208e-06   1.249493035098e-04  -5.379102783483e-10  -1.298363149213e-01  -2.187984721298e-06   2.375502295920e-01   1.807998801322e+00   1.687286687005e+00   2.564116877508e-01   8.479139592918e-05  -3.361640426282e-06   1.185912843651e+00   1.307698830742e-01  -8.871763817495e-05  -3.522191694827e-06   7.503948556990e-01  -9.737439709107e-03  -9.587582599494e-05  -2.031417306311e-06   3.925852946699e-01  -1.836874255464e-02  -2.044866887737e-05  -9.133512083293e-07   1.387678220299e-04   6.694934081706e-09  -1.126121056099e-01  -5.234852043637e-07   8.960616457439e-02   2.008304427929e-01   4.168346323192e-01   4.481739563204e-01   3.032683005782e-01   1.881112725824e-01   2.628166519898e-01   4.393587620507e-06   2.000868271423e-01   4.159543917620e-01   4.478138943923e-01   3.031899000271e-01   1.886140718565e-01  -2.613301193386e-01   4.375350913929e-06
   8.708177478897e-09   8.490629705833e-08  -1.534121262895e-05  -8.003784550039e-01   4.133986764413e-10   4.224896412139e-05  -7.981465585031e-05  -4.294044571911e-01   8.310183511895e-10   1.564932891437e-04  -2.414659593694e-04  -2.369705552758e-02   8.452726003497e-10   1.840495248557e-04  -1.902871693095e-04  -8.378074367243e-02   1.706824618980e-10   9.265313816209e-02  -5.989104810123e-07  -4.060879980104e-05  -5.977159537711e-10   1.268232054979e-05   6.686786137026e-04   6.237837259430e-04   1.706685647964e-04  -2.528617888457e-01  -2.263081425341e-09   4.995072868359e-04   1.234114085924e-04  -2.494623240518e-01  -3.750287433740e-09   3.532609929836e-04   5.016927955700e-05  -1.561760557923e-01  -2.618832968809e-09   1.918421234567e-04   2.478542068726e-05  -9.290501344323e-02  -1.030483517984e-09  -3.970086290110e-02   1.273994112966e-06  -1.229735070009e-04  -7.175801379622e-11  -8.396648962640e-05   9.314243346323e-02   1.098368608275e-01   5.994738666391e-02   2.348624830379e-02   7.284660382898e-02   3.181550174292e-02   1.422792617003e-06  -9.244770892657e-02  -1.091291398811e-01  -5.942238865206e-02  -2.315915615523e-02  -7.277123581755e-02   3.130692278366e-02  -1.413045331382e-06
  -6.428406480749e-08  -2.543675548017e-08  -1.781337007863e-07   1.743788811453e-10  -7.235109112166e-01  -4.940505577801e-07   1.024568992991e-06   5.778137338640e-10  -3.642548141323e-01  -2.192117346006e-06   3.097809296283e-06   8.452726003497e-10  -4.991315186648e-03  -2.320086563180e-06   2.025200288192e-06   4.402447826612e-10  -8.429315379574e-02  -5.926814761363e-10   4.130334591344e-05  -4.064710982540e-07   1.158771386874e-01  -7.387632132754e-07  -1.046101018830e-05  -9.812266836029e-06  -2.955603206794e-06  -1.484787349527e-09  -2.800880553570e-01  -7.020596756256e-06  -2.257785452886e-06  -1.820854133205e-09  -2.678356006727e-01  -4.353161220026e-06  -9.722605264869e-07  -9.641266966859e-10  -1.663540521218e-01  -2.302940988221e-06  -5.198197844726e-07  -2.873244517411e-10  -1.005364691784e-01  -7.304209030290e-10  -7.933285469962e-07   7.144430240109e-07  -6.133670155781e-02  -1.085679784323e-06   1.119846579713e-06   2.704024502031e-07  -1.132314217103e-06  -1.215026416458e-06   3.783332477872e-07   4.623766578302e-07  -6.669807296699e-02   1.116154354368e-06   2.722475604899e-07  -1.129945848779e-06  -1.214168885828e-06   3.820569278031e-07  -4.625335768631e-07  -6.647204443021e-02
  -1.596507928589e+00  -1.513437587595e+00   3.500258646262e-03  -2.148712855578e-05  -3.201716323999e-07  -1.417816538258e+00   1.367273679749e-01   2.454928354072e-05  -1.214463544672e-06  -1.043978123613e+00   3.898980635151e-01   1.840495248557e-04  -2.320086563180e-06  -6.778294425919e-01   3.271892733707e-01   1.813205662816e-04  -1.444279770966e-06  -7.350282537727e-05   3.717565254699e-10   5.470535488062e-02   1.129845453018e-06  -9.465629199250e-02  -8.804897997182e-01  -8.370550905960e-01  -1.390235419202e-01   4.668769454976e-05   1.380259616199e-06  -8.944377423185e-01  -3.910227237232e-01   5.521318161604e-05   3.967050401344e-06  -8.140976718725e-01  -4.257021386701e-01  -3.218141945078e-05   4.097789435691e-06  -5.080324041857e-01  -1.690849427508e-01  -2.181959591659e-05   1.674773769615e-06  -2.532724417679e-04  -4.680223264184e-09   2.586240071023e-01   2.721682090927e-06  -3.323722039535e-01  -1.880345148710e-01  -3.360976416653e-01  -4.508370838606e-01  -3.767347506319e-01  -1.247021221217e-01  -1.802946518757e-01  -3.190686871418e-06  -1.875339144158e-01  -3.353302805912e-01  -4.501933019770e-01  -3.764961551866e-01  -1.248804781207e-01   1.793293151425e-01  -3.178785403122e-06
   2.579854105828e-03   6.148548201601e-04  -2.950711328913e-01   1.834264488472e-05   2.175857381617e-07   3.159485386961e-02  -3.733199665444e-01  -1.312431065060e-05   8.400417886071e-07   2.254716258303e-01  -4.459478915823e-01  -1.902871693095e-04   2.025200288192e-06   3.271892733707e-01  -3.100881092769e-01  -1.864038596460e-04   1.252370880007e-06   5.404008463398e-05  -2.103391141432e-10  -5.225690035530e-02  -9.204720483741e-07   1.002179754851e-01   1.146084509593e+00   1.084456001191e+00  -3.815681609108e-02  -4.807189804386e-05  -1.987895696463e-06   9.279417013013e-01  -8.166324516263e-02  -1.575736974376e-04  -3.809300169878e-06   6.228485160271e-01  -1.234278142262e-01  -9.669840536320e-05  -2.675647605238e-06   3.569607400947e-01  -2.782936107420e-02  -1.689958608998e-05  -1.073983173309e-06  -5.205576789312e-05   7.150515406804e-09  -1.259002592077e-01   1.377319170510e-06   2.786019208981e-03   2.949045307605e-01   4.225635304367e-01   4.072633495261e-01   2.873516716848e-01   1.316316750149e-01   2.577916179708e-01   4.658308788843e-06   2.946404147651e-01   4.222329828468e-01   4.071637238131e-01   2.873118508311e-01   1.322592287652e-01  -2.567025046695e-01   4.646556483480e-06
  -4.423881179866e-07  -8.285965136714e-07   1.219682400449e-05  -3.161647565830e-01   4.233770682032e-10   4.627486372218e-06  -1.812745951046e-05  -3.042699936555e-01   6.674668015612e-10   1.100148530171e-04  -1.943828808244e-04  -8.378074367243e-02   4.402447826612e-10   1.813205662816e-04  -1.864038596460e-04   3.600902501032e-02  -7.825515063319e-11   4.198807749778e-02  -2.822749523171e-07  -1.616716219726e-05  -1.815644143640e-10   3.511902026082e-06   4.247047684685e-04   4.029115873412e-04   5.418845917093e-05  -2.168373658214e-01  -2.024318762937e-09   4.219645277836e-04   7.861812597980e-05  -2.652248054159e-01  -4.245410648183e-09   3.129187298137e-04   5.933478136010e-05  -1.297557244915e-01  -2.843151438802e-09   1.796803059793e-04   3.578985624702e-05  -2.033274221321e-02  -1.003327847647e-09  -1.376253607135e-02   2.417283311236e-06  -1.283410515726e-04  -2.224468063358e-10  -2.402099327107e-04   1.421246438773e-01   1.231164892970e-01   4.527437319713e-02   9.173351857158e-03   5.046344237119e-02   4.116435072621e-02   1.535362416440e-06  -1.414667256308e-01  -1.225377731626e-01  -4.489769028538e-02  -8.907280429780e-03  -5.043553709131e-02   4.062148604261e-02  -1.526073748025e-06
  -2.923849041377e-08  -1.149707155757e-08  -1.785584613628e-07  -5.849008526386e-12  -3.029099190618e-01  -1.968242529015e-07   3.570011642591e-07   1.441124950293e-10  -3.003299174480e-01  -1.243112053447e-06   1.776702094208e-06   1.706824618980e-10  -8.429315379574e-02  -1.444279770966e-06   1.252370880007e-06  -7.825515063319e-11   4.934900196874e-02  -2.248022099697e-10   1.829615487032e-05  -2.305446235434e-07   5.356521849046e-02  -3.028446249249e-07  -6.627438287605e-06  -6.276555553586e-06  -1.228765712865e-06  -8.532513536779e-10  -1.961727987431e-01  -4.710463981760e-06  -1.557210649482e-06  -1.732334709110e-09  -2.038868038328e-01  -2.524878049661e-06  -5.197911920044e-07  -1.005217392670e-09  -6.994906416439e-02  -1.263389868585e-06  -1.503205255790e-07  -2.997283734306e-10   3.432218168391e-03  -8.624924569509e-10  -9.723297142582e-06   9.495127117719e-07  -8.658250970614e-02  -1.130322122235e-06   1.194082621705e-06   2.120636185483e-07  -8.996836394108e-07  -9.073365549733e-07   1.524518254086e-07   2.902845940056e-07  -4.282658068488e-02   1.191972673485e-06   2.133159161558e-07  -8.979606734996e-07  -9.067322187646e-07   1.535707290111e-07  -2.898611736873e-07  -4.271181882315e-02
  -4.790024374191e-06  -4.562333545787e-06   3.536003474986e-05   5.486407120175e-02  -3.095124060065e-10  -7.005911149671e-05   1.252437601850e-04   1.201052648152e-01  -6.980367448412e-10  -1.020959836538e-04   1.249493035098e-04   9.265313816209e-02  -5.926814761363e-10  -7.350282537727e-05   5.404008463398e-05   4.198807749778e-02  -2.248022099697e-10   3.096429005028e+00   4.923923926471e-07   6.045208593438e-05   6.280959332341e-10  -4.414547233561e-05  -2.112156916110e-04  -2.514378251247e-04  -1.772677518385e-04   1.656308581904e-01   1.546862374477e-09  -1.557398762160e-04   1.404822713974e-06   4.968299056921e-02   3.584102199643e-10  -1.204507058303e-04  -8.268106876736e-05   6.677644810642e-02   7.290782522245e-10  -5.641856280604e-05  -2.578558130010e-05   2.849404770118e-02   2.124218273887e-10  -2.865313914598e-01   1.555022693403e-06  -1.029906060935e-04  -4.056686899259e-09   4.243326274403e-04  -1.984305260274e-02  -4.436871815472e-02  -2.242115243300e-02  -6.693877358748e-03  -5.839535177407e-02  -2.323053204747e-02  -5.447332626176e-07   1.965080368570e-02   4.412213003253e-02   2.226678381609e-02   6.607779760505e-03   5.794374475971e-02  -2.287700640715e-02   5.396731432014e-07
   1.754928516065e-11   1.589739060612e-11  -1.365455261677e-10  -4.018478330737e-07   2.493931379538e-05   3.768612144530e-10  -5.243069267256e-10  -7.776533100709e-07   5.232119404199e-05   5.412151791293e-10  -5.379102783483e-10  -5.989104810123e-07   4.130334591344e-05   3.717565254699e-10  -2.103391141432e-10  -2.822749523171e-07   1.829615487032e-05   4.923923926471e-07   3.175872173312e+00  -6.153914692549e-11  -3.208663108693e-05   1.454113316848e-10   1.235816942028e-09   1.469534894191e-09   1.450282817594e-09  -9.336102623028e-07   6.235435869417e-05   8.876686658594e-10   1.898114345233e-10  -2.791860675552e-07   1.937656914834e-05   6.585537152829e-10   6.397378414334e-10  -4.048903509797e-07   2.593913426355e-05   2.922336582520e-10   1.985164457401e-10  -1.835046436538e-07   1.127397310737e-05   1.659972526224e-06   6.665652913563e-03   1.686831493164e-09  -1.026027396085e-04  -2.900790466852e-09  -2.745251046613e-08  -3.769787725987e-08   5.263022935825e-08   2.478451282640e-08  -2.474392668738e-07  -7.115054319301e-08   7.411950477229e-03   2.655879820628e-08   3.747472297686e-08  -5.218175058272e-08  -2.444259060458e-08   2.448622657974e-07  -6.978216397605e-08  -7.308149963714e-03
   5.499215303506e-03   6.354831640750e-03  -6.118940224718e-02  -1.489062248037e-05  -4.445072253614e-07   6.191805278501e-02  -1.529822108324e-01  -4.671305546474e-05  -6.115180441115e-07   8.250662210446e-02  -1.298363149213e-01  -4.060879980104e-05  -4.064710982540e-07   5.470535488062e-02  -5.225690035530e-02  -1.616716219726e-05  -2.305446235434e-07   6.045208593438e-05  -6.153914692549e-11   3.122943817377e+00  -1.128029440904e-07   8.853392428480e-02   1.657939513880e-01   1.973977132823e-01   1.000940147205e-01   4.108135109504e-05  -2.268126250035e-06   1.205219680580e-01  -3.492467101466e-03   4.372243931071e-07  -5.571597889932e-07   9.052415695226e-02   4.785867851530e-02   1.781698632701e-05  -1.028243621945e-06   4.074451944767e-02   1.068312816090e-02   4.145418196651e-06  -3.877190300632e-07  -9.202126296127e-05   1.779967900997e-09   8.648282193954e-02   4.392999108713e-06  -1.390738687501e-01   6.156829913284e-03   3.642709330415e-02   4.350867116915e-02   2.892342361550e-02   4.146492800378e-02   2.444371058760e-02   3.888265027156e-07   6.045317971784e-03   3.626455582339e-02   4.343306332156e-02   2.890594319961e-02   4.121052107651e-02  -2.415895933258e-02   3.847616916797e-07
   1.792076793074e-08  -6.688638032368e-09  -8.847911954525e-07  -4.367339068859e-10   7.509913633110e-02   1.122046785905e-06  -2.378578124417e-06  -8.186298452768e-10   1.473742082790e-01   1.639731684652e-06  -2.187984721298e-06  -5.977159537711e-10   1.158771386874e-01   1.129845453018e-06  -9.204720483741e-07  -1.815644143640e-10   5.356521849046e-02   6.280959332341e-10  -3.208663108693e-05  -1.128029440904e-07   3.083086050483e+00   1.274989362492e-06   3.336586398026e-06   3.995396445505e-06   3.037494458622e-06   1.911564183247e-09   1.744595218222e-01   2.666344632593e-06   3.154238284090e-07   7.313151175218e-10   6.156280002997e-02   1.997577909032e-06   1.355030859928e-06   8.964335995412e-10   7.635297649310e-02   9.005065434528e-07   3.507802521840e-07   2.571753262775e-10   3.323574212539e-02  -3.777537961793e-09  -9.740516040845e-05   4.509757669020e-06  -2.678280294908e-01  -4.398671546573e-06  -2.889632228844e-07  -2.359754085671e-07   4.359339909738e-07   4.792089526089e-07  -5.134744371447e-07  -4.497808779329e-07   2.126681139602e-02  -2.872712977396e-07  -2.366814433565e-07   4.346866266551e-07   4.788105869810e-07  -5.120391984096e-07   4.467511395990e-07   2.109783578268e-02
  -1.175530079765e-03   8.928524305403e-04   1.090754939258e-01  -4.306860122062e-08  -1.587573073532e-07  -9.862015091208e-02   2.722756653588e-01   6.817733989855e-06  -7.069349122208e-07  -1.398359622546e-01   2.375502295920e-01   1.268232054979e-05  -7.387632132754e-07  -9.465629199250e-02   1.002179754851e-01   3.511902026082e-06  -3.028446249249e-07  -4.414547233561e-05   1.454113316848e-10   8.853392428480e-02   1.274989362492e-06   3.028041490346e+00  -2.885278556115e-01  -3.434175116221e-01  -1.765809540699e-01  -2.031576864521e-04   1.840862209426e-06  -2.171295526740e-01   3.498775929979e-03  -4.648151655984e-05   1.514743128564e-07  -1.642167987564e-01  -7.974649922100e-02  -8.267396288296e-05   8.152009940495e-07  -7.407347577241e-02  -1.471173974865e-02  -2.755065683970e-05   2.488210282717e-07   3.879528246370e-04  -2.976664764603e-09  -1.413042251127e-01  -4.469838542317e-06   2.531836453547e-01  -7.538966358485e-03  -5.534891320960e-02  -7.727633230205e-02  -5.251103203855e-02  -4.639774519056e-02  -4.081297497625e-02  -4.015319010616e-07  -7.459833682104e-03  -5.519835376212e-02  -7.719048517512e-02  -5.249477584600e-02  -4.632476761805e-02   4.039587808107e-02  -3.986385501497e-07
  -2.342312969146e-03  -1.844871002859e-03   2.005874689902e-02   9.834463257458e-06  -5.942123884071e-08  -1.306503647524e-01   4.294756544809e-01   1.603896292859e-04  -2.428433981033e-06  -8.312565717583e-01   1.807998801322e+00   6.686786137026e-04  -1.046101018830e-05  -8.804897997182e-01   1.146084509593e+00   4.247047684685e-04  -6.627438287605e-06  -2.112156916110e-04   1.235816942028e-09   1.657939513880e-01   3.336586398026e-06  -2.885278556115e-01  -9.616559590002e+00  -1.204997392701e+01  -5.192741108414e-03  -1.363786981932e-05  -1.683973108141e-07  -4.440792132208e+00  -6.184053965742e-03   4.568509782889e-06   6.694599819434e-08  -1.998313574005e+00  -3.542340110416e-03   3.840318911994e-06   7.846792848466e-08  -8.420745828968e-01  -1.295453445880e-03   1.391535993243e-06   3.385405801724e-08  -7.573433538721e-06  -4.036506532471e-10   7.047483714168e-03   3.618441989390e-08  -4.285465836724e-03  -1.209155414112e-01  -9.316420312529e-01  -1.013432789120e+00  -6.249928202740e-01  -5.605195239993e-01  -9.109509918156e-01  -1.678269036151e-05  -1.200170403248e-01  -9.291420218657e-01  -1.012529552941e+00  -6.247939326193e-01  -5.610257343490e-01   9.047606074394e-01  -1.669451747357e-05
  -7.954228283116e-04  -6.433831423538e-04   1.958671659924e-02   6.043159416901e-06  -1.148764526062e-07  -1.428148929562e-01   4.665706390684e-01   1.699060449853e-04  -2.725392595384e-06  -7.913869241364e-01   1.687286687005e+00   6.237837259430e-04  -9.812266836029e-06  -8.370550905960e-01   1.084456001191e+00   4.029115873412e-04  -6.276555553586e-06  -2.514378251247e-04   1.469534894191e-09   1.973977132823e-01   3.995396445505e-06  -3.434175116221e-01  -1.204997392701e+01  -8.836898488635e+00  -5.169309189902e-03  -5.302427614998e-06  -1.926981209274e-07  -3.975342191744e+00  -3.746504291090e-03   1.468940216613e-05   1.170380453379e-07  -1.879846303959e+00   6.083107460543e-04   9.034046915723e-06   1.039149467014e-07  -8.045104098529e-01   1.223021688023e-03   2.916541922419e-06   3.631473160814e-08  -7.480575946479e-06  -5.564801282118e-10   1.052675509045e-02  -6.160436220487e-08  -3.597300092384e-03  -1.422711736434e-01  -8.932478834970e-01  -9.651184937353e-01  -5.986173063242e-01  -5.529695713306e-01  -8.994795777358e-01  -1.658175578019e-05  -1.412727960512e-01  -8.909316463637e-01  -9.642707468825e-01  -5.984292439622e-01  -5.536789145074e-01   8.937048621113e-01  -1.650083892903e-05
  -7.755263260091e-02  -7.775501353987e-02   3.683874098836e-01   1.772900093853e-04  -2.260191894919e-06  -4.031483302429e-01   5.224624108824e-01   2.626778245698e-04  -3.701431917139e-06  -3.462320595140e-01   2.564116877508e-01   1.706685647964e-04  -2.955603206794e-06  -1.390235419202e-01  -3.815681609108e-02   5.418845917093e-05  -1.228765712865e-06  -1.772677518385e-04   1.450282817594e-09   1.000940147205e-01   3.037494458622e-06  -1.765809540699e-01  -5.192741108414e-03  -5.169309189902e-03   8.454672549660e-01  -1.160044453336e-04  -3.646772773024e-07  -4.571298859194e-02  -5.850264716366e-01  -1.154357609445e-04  -6.489155188126e-07  -1.565925847287e-02  -4.905636595201e-01  -1.551415786676e-05  -7.687946385867e-07   9.792507469444e-03  -1.630630821948e-01   1.345443793378e-05  -4.121944663135e-07  -2.197732669931e-04   1.439458821156e-09   4.398420050520e-02   2.866249261477e-06  -1.792653313675e-01   2.178398362873e-01   2.055879361192e-01   9.575239466452e-02   3.421105656691e-02  -6.363227658938e-02   1.825656928661e-01   3.324412522843e-06   2.184122954380e-01   2.065214438433e-01   9.630592270850e-02   3.436904988191e-02  -6.181644316393e-02  -1.833595781545e-01   3.343982095762e-06
  -2.998562617332e-05  -3.103639827872e-05   2.183301965055e-04  -6.410599842964e-02  -3.942869612391e-10  -1.858161968534e-04   3.166563008816e-04  -1.579870632452e-01  -1.042836769177e-09  -8.944777067380e-05   8.479139592918e-05  -2.528617888457e-01  -1.484787349527e-09   4.668769454976e-05  -4.807189804386e-05  -2.168373658214e-01  -8.532513536779e-10   1.656308581904e-01  -9.336102623028e-07   4.108135109504e-05   1.911564183247e-09  -2.031576864521e-04  -1.363786981932e-05  -5.302427614998e-06  -1.160044453336e-04   9.090777331352e-01  -4.976651373419e-09   2.007360778875e-04  -9.994577444891e-05  -5.007019134680e-01  -6.295495760401e-09   1.697677978666e-04   2.848571336199e-05  -4.891948538932e-01  -3.126032127324e-09   9.187321030596e-05   4.549261482441e-05  -1.844435102059e-01  -8.547702948350e-10   8.236466497732e-02   3.171704632048e-06  -1.012434521803e-04   1.083490272221e-09  -5.676154091121e-04   3.546316728613e-01   3.390374523978e-01   1.617961166023e-01   4.503457549780e-02   1.802059308144e-01   1.170320907150e-01   5.511000543485e-06  -3.531045461348e-01  -3.380057512645e-01  -1.613385444523e-01  -4.484867576486e-02  -1.809906123638e-01   1.164085157379e-01  -5.501311450058e-06
   4.390351054455e-07   4.419122506520e-07  -2.553673514265e-06  -4.947153348227e-10  -1.210718458010e-01   2.175789119993e-06  -3.869461377766e-06  -1.069689090268e-09  -2.318679345829e-01   2.034431270728e-06  -3.361640426282e-06  -2.263081425341e-09  -2.800880553570e-01   1.380259616199e-06  -1.987895696463e-06  -2.024318762937e-09  -1.961727987431e-01   1.546862374477e-09   6.235435869417e-05  -2.268126250035e-06   1.744595218222e-01   1.840862209426e-06  -1.683973108141e-07  -1.926981209274e-07  -3.646772773024e-07  -4.976651373419e-09   1.035009478973e+00   1.560949740072e-06  -5.954301337399e-07  -6.593051800100e-09  -3.243162777253e-01   1.635135294873e-06  -6.336763500791e-07  -3.776209793768e-09  -3.697394909035e-01   9.462116661371e-07  -3.247158600936e-07  -1.271533831529e-09  -1.389430969991e-01   1.499188039602e-09   7.446646345830e-06  -3.535277538436e-07  -6.986304428293e-02  -2.154774757792e-07   5.308243816275e-06   5.314623813073e-06   3.253918253866e-06   1.376033704097e-06   2.999633683865e-06   4.784707928173e-06  -1.568355439871e-01   5.289398224139e-06   5.303321465447e-06   3.250463101602e-06   1.375506901687e-06   3.015842286585e-06  -4.775960647453e-06  -1.564755983159e-01
  -5.088887454280e-01  -4.885372075825e-01   3.650278091139e-01   1.038258771516e-04  -2.585299671329e-06  -6.863672266342e-01   6.215780680577e-01   1.924575194936e-04  -4.327170135459e-06  -9.332250975226e-01   1.185912843651e+00   4.995072868359e-04  -7.020596756256e-06  -8.944377423185e-01   9.279417013013e-01   4.219645277836e-04  -4.710463981760e-06  -1.557398762160e-04   8.876686658594e-10   1.205219680580e-01   2.666344632593e-06  -2.171295526740e-01  -4.440792132208e+00  -3.975342191744e+00  -4.571298859194e-02   2.007360778875e-04   1.560949740072e-06  -2.277544828544e+00  -1.370986879365e-01   3.300956166557e-04   4.299172045907e-06  -1.589830842499e+00  -8.238216678846e-02   1.617169640558e-04   3.318491160809e-06  -8.709185615701e-01  -1.664753406532e-02   4.236424886526e-05   1.174494873827e-06  -1.445515225982e-04  -1.134013141652e-08   2.399735174306e-01  -5.372922229421e-07  -1.643379197642e-01  -4.277411889658e-01  -8.602521049420e-01  -9.550377112151e-01  -6.695189827451e-01  -3.192400579341e-01  -5.307711335052e-01  -9.852706228094e-06  -4.267189341667e-01  -8.586621676232e-01  -9.542373810908e-01  -6.692975292298e-01  -3.201138882262e-01   5.281461216976e-01  -9.819599980457e-06
  -1.504969667739e+00  -1.431064835509e+00   5.503856240500e-01   3.125464748959e-04  -4.042559324448e-06  -1.248527429139e+00   4.009894259596e-01   2.555541035051e-04  -3.315496275237e-06  -8.055667229281e-01   1.307698830742e-01   1.234114085924e-04  -2.257785452886e-06  -3.910227237232e-01  -8.166324516263e-02   7.861812597980e-05  -1.557210649482e-06   1.404822713974e-06   1.898114345233e-10  -3.492467101466e-03   3.154238284090e-07   3.498775929979e-03  -6.184053965742e-03  -3.746504291090e-03  -5.850264716366e-01  -9.994577444891e-05  -5.954301337399e-07  -1.370986879365e-01  -5.909628616736e-01  -1.380316516854e-04  -5.342791472994e-07  -1.756228245673e-01  -7.123233192346e-01   4.900823055247e-06  -4.665800001654e-07  -9.784238032498e-02  -3.222743474235e-01   3.598483822238e-05  -3.173630467496e-07  -7.194480125152e-04   1.902780016816e-09   1.841334078062e-01   8.539367412586e-06  -5.682477653524e-01   2.414701624613e-01   1.968952731860e-01   5.364562865553e-02  -2.478533967283e-02  -6.698246931888e-02  -1.255850869299e-02  -2.545011196255e-07   2.424848239807e-01   1.980654162969e-01   5.460629781406e-02  -2.444324369712e-02  -6.696567782131e-02   1.249669194815e-02  -2.536162246771e-07
  -5.557723044362e-04  -5.295305246626e-04   3.515063953477e-04  -2.251163475856e-01  -8.034065779656e-10  -5.015268139655e-04   3.043069275835e-04  -2.432651370924e-01  -6.456442466392e-10  -2.041066336486e-04  -8.871763817495e-05  -2.494623240518e-01  -1.820854133205e-09   5.521318161604e-05  -1.575736974376e-04  -2.652248054159e-01  -1.732334709110e-09   4.968299056921e-02  -2.791860675552e-07   4.372243931071e-07   7.313151175218e-10  -4.648151655984e-05   4.568509782889e-06   1.468940216613e-05  -1.154357609445e-04  -5.007019134680e-01  -6.593051800100e-09   3.300956166557e-04  -1.380316516854e-04  -2.781414879958e-01  -1.177540904077e-08   2.677095444882e-04   4.527408892272e-05  -4.718091113313e-01  -6.300934140525e-09   1.301012653598e-04   6.992962100381e-05  -2.539291245259e-01  -1.714623694060e-09   1.780598208822e-01   7.859441809368e-06  -2.274812368916e-04   1.569462550834e-09  -1.322811007527e-03   3.918758511854e-01   3.400309726747e-01   1.971050371866e-01   6.468852769692e-02  -1.621909081825e-02  -8.302684106706e-02  -2.786705739650e-07  -3.908377450981e-01  -3.391374392861e-01  -1.965303607979e-01  -6.443074364727e-02   1.621585040770e-02  -8.292266628507e-02   2.747645053095e-07
   8.733977249054e-06   8.308814505985e-06  -4.569020602845e-06  -1.221876014255e-09  -2.867142081960e-01   7.064249378176e-06  -3.714532258955e-06  -1.064259471320e-09  -3.292028487233e-01   5.023681752194e-06  -3.522191694827e-06  -3.750287433740e-09  -2.678356006727e-01   3.967050401344e-06  -3.809300169878e-06  -4.245410648183e-09  -2.038868038328e-01   3.584102199643e-10   1.937656914834e-05  -5.571597889932e-07   6.156280002997e-02   1.514743128564e-07   6.694599819434e-08   1.170380453379e-07  -6.489155188126e-07  -6.295495760401e-09  -3.243162777253e-01   4.299172045907e-06  -5.342791472994e-07  -1.177540904077e-08   5.591350158961e-02   5.389676006685e-06  -3.562810922418e-07  -6.916380016864e-09  -2.105087275263e-01   3.403622440451e-06  -2.342665653677e-07  -2.175937686320e-09  -1.521569131637e-01   1.907003109461e-09   2.840331051257e-05  -1.969079695409e-06  -1.265771944738e-01   2.744587713534e-07   5.687566424837e-06   5.511411352504e-06   5.447913875430e-06   3.384948598591e-06  -5.499944386128e-07  -9.257339640991e-07  -3.502532669198e-02   5.678324432276e-06   5.500835499499e-06   5.441583166146e-06   3.383435634679e-06  -5.538718425330e-07   9.220079041254e-07  -3.514583898076e-02
  -1.122882046148e+00  -1.063589659841e+00   2.302083974032e-01   5.870129137938e-05  -1.856184200955e-06  -1.042949004346e+00   4.025104701377e-01   1.189246243544e-04  -3.092966690637e-06  -9.765915494770e-01   7.503948556990e-01   3.532609929836e-04  -4.353161220026e-06  -8.140976718725e-01   6.228485160271e-01   3.129187298137e-04  -2.524878049661e-06  -1.204507058303e-04   6.585537152829e-10   9.052415695226e-02   1.997577909032e-06  -1.642167987564e-01  -1.998313574005e+00  -1.879846303959e+00  -1.565925847287e-02   1.697677978666e-04   1.635135294873e-06  -1.589830842499e+00  -1.756228245673e-01   2.677095444882e-04   5.389676006685e-06  -1.223982365260e+00  -2.004053496543e-01   7.128411955873e-05   5.205036053776e-06  -7.396211832119e-01  -7.822886332227e-02  -5.204768441167e-06   2.105834843093e-06  -9.088474934780e-05  -1.074243698067e-08   3.048763208840e-01  -1.723817946934e-07  -2.289919567775e-01  -4.163537435770e-01  -6.616207167538e-01  -7.492251743419e-01  -5.726094343590e-01  -2.246017869211e-01  -3.870092296169e-01  -7.160454034866e-06  -4.157255155801e-01  -6.606592395348e-01  -7.486087322476e-01  -5.724011769339e-01  -2.252853915753e-01   3.851660432024e-01  -7.138005966532e-06
