ARMA_MAT_TXT_FN008
72 72
  -1.756335871450e+01  -2.198674330058e+01  -1.376728089115e-02   2.796087991320e-02   1.051059144561e-26  -8.138267099742e+00  -6.495676108160e-03   1.302407717874e-02   4.787118729859e-27  -3.527103261981e+00  -2.719727328040e-03   5.507902145238e-03   1.393492109618e-27  -1.594932294261e+00  -1.021874796442e-03   2.178133368241e-03   3.868844110651e-28   5.055937571726e-04   0.000000000000e+00  -3.106794819562e-04   0.000000000000e+00   2.599000336865e-05  -3.043588249219e-01  -1.507529075602e+00  -1.321850263873e+00  -7.569210472287e-01  -8.841314033224e-01  -2.002232029695e+00   1.538892823367e-18  -2.908455100734e-01  -1.485605764080e+00  -1.315506376100e+00  -7.556169905066e-01   2.106462012276e+00  -3.483886649161e-01   2.378416705514e-18   1.315124827695e-06   2.539621849998e-06  -2.701290539938e-05  -5.539765794596e-06   0.000000000000e+00   3.083436843988e-05  -7.847882751939e-06  -7.889538537547e-06   0.000000000000e+00  -2.248453990184e-03   1.159381765469e-02  -9.050652684581e-04  -7.567005465460e-20  -1.283067443197e-01   4.030212568726e-01  -3.237060784369e-02  -3.348945514885e-21  -1.302678624186e-06   0.000000000000e+00   5.607212085852e-06   0.000000000000e+00  -1.061259438163e-05   2.205482869310e-06  -3.646425588683e-05  -3.376861592946e-02  -2.064163126455e-01  -5.345554079067e-06  -6.377819193510e-06  -7.224846875642e-06   2.205482869310e-06  -3.646425588683e-05  -3.376861592946e-02  -2.064163126455e-01  -5.345554079067e-06  -6.377819193510e-06   7.224846875642e-06
  -2.198674330058e+01  -1.649480138495e+01  -1.302139858149e-02   2.646438689086e-02   1.246522789904e-26  -7.383263826023e+00  -3.557727989907e-03   7.047137198228e-03   3.648950099334e-27  -3.315495726895e+00  -1.175072056571e-03   2.356644171005e-03   8.729212063503e-28  -1.511499726684e+00  -3.271053991388e-04   8.249076409975e-04   2.278868311980e-28   1.139992301407e-03   0.000000000000e+00  -2.034265513681e-03   0.000000000000e+00   2.177694637591e-04  -3.043276452795e-01  -1.426720024565e+00  -1.252533671491e+00  -7.189903394748e-01  -8.387057128096e-01  -1.901925545115e+00   1.201287258758e-18  -2.911852616274e-01  -1.406290155634e+00  -1.246553546176e+00  -7.177534512746e-01   2.002077356782e+00  -3.321995399310e-01   1.747689389166e-18   2.033664115328e-06   4.432971940081e-06  -1.293378797188e-04   1.421869458477e-05   0.000000000000e+00   7.776813811715e-05  -1.511486374757e-04   1.621110032959e-05   0.000000000000e+00  -2.180872221218e-03   1.127806851468e-02  -8.980700725604e-04  -7.551953976380e-20  -1.222872527461e-01   3.831924628124e-01  -3.092916779382e-02  -6.861456861018e-21  -5.457960611091e-06   0.000000000000e+00  -1.629886942522e-06   0.000000000000e+00  -8.131185114285e-07  -4.705042910018e-06  -3.500014726805e-05  -3.235441733537e-02  -1.963347522439e-01  -5.128359686095e-05   1.410088018388e-06  -6.075400921881e-06  -4.705042910018e-06  -3.500014726805e-05  -3.235441733537e-02  -1.963347522439e-01  -5.128359686095e-05   1.410088018388e-06   6.075400921881e-06
  -1.376728089115e-02  -1.302139858149e-02   1.690676444072e+00   2.039956802682e-02   0.000000000000e+00  -9.333747030179e-03  -8.345513856373e-01   1.603231723312e-02   0.000000000000e+00  -1.004748137547e-02  -7.706304042285e-01   8.421394440277e-03   0.000000000000e+00  -6.543784443097e-03  -3.128211374757e-01   4.112150736883e-03   0.000000000000e+00   6.388870903939e-02   0.000000000000e+00   2.527865660917e-02   2.042589172112e-26  -7.386155765372e-02   2.076123818596e-01   1.816788974583e-01   6.128244167171e-02   1.263694855102e-02  -1.904936081446e-01   2.900580332592e-01  -8.183984026186e-18  -4.965785877168e-01  -4.579677095512e-01  -1.705877923844e-01  -4.256060582048e-02   4.715870826772e-01  -1.169797780529e-01   3.407261508510e-17   1.423056283693e-05   1.518201296182e-04  -5.681823938415e-03   3.930328254654e-04   0.000000000000e+00   3.431369971889e-03  -6.296943226176e-03   3.768342942683e-04   0.000000000000e+00  -7.815990011986e-03   2.902202538828e-02  -2.017313959461e-03  -2.358803047844e-19  -5.565201391386e-02   1.183241995156e-01  -9.797182776777e-03   2.384903587408e-19  -2.393676996987e-04   0.000000000000e+00   3.500709485307e-04   0.000000000000e+00  -7.683723063454e-04  -3.975002180319e-04  -9.316777775273e-04  -2.390416544880e-02  -4.079025981915e-02  -2.498883546988e-03  -3.327738937210e-05  -2.695600593767e-04  -3.975002180319e-04  -9.316777775273e-04  -2.390416544880e-02  -4.079025981915e-02  -2.498883546988e-03  -3.327738937210e-05   2.695600593767e-04
   2.796087991320e-02   2.646438689086e-02   2.039956802682e-02   1.679020570857e+00   0.000000000000e+00   1.599977727988e-02   1.599508543059e-02  -8.405987145503e-01   0.000000000000e+00   1.939052290034e-02   8.134355864261e-03  -7.752463497795e-01   0.000000000000e+00   1.696499366197e-02   3.492882263954e-03  -3.200280403789e-01   0.000000000000e+00   1.205156606366e-02   2.042589172112e-26  -4.909853799642e-02   0.000000000000e+00  -5.664024207771e-02   4.669189441924e-01   4.318624627724e-01   1.696122500393e-01   4.845108172355e-02   3.065642990060e-01   3.442705208609e-01  -1.857440328619e-17   8.154941509119e-02   8.487000645335e-02   4.246052800818e-02   1.775910249162e-02  -1.353677513888e-01  -2.938068242547e-01  -5.665798437134e-18   3.877903502278e-06  -2.700550283044e-05   8.612124698045e-04   5.363497271551e-04   0.000000000000e+00  -6.781441955311e-04   9.427757505294e-04   6.446991984565e-04   0.000000000000e+00   8.738345947687e-04  -3.562880421211e-03  -2.446073570768e-03   1.909041088074e-20   7.158581198771e-03  -1.840599384146e-02  -3.130283543185e-02  -1.930164951386e-20   1.863041368139e-04   0.000000000000e+00  -3.477462002464e-05   0.000000000000e+00   1.387797189434e-04   2.868302196505e-04   1.547180968176e-04  -4.661372711574e-04   7.351359319264e-04   4.135053576520e-04   1.211133628132e-04  -5.063563691505e-05   2.868302196505e-04   1.547180968176e-04  -4.661372711574e-04   7.351359319264e-04   4.135053576520e-04   1.211133628132e-04   5.063563691505e-05
   1.051059144561e-26   1.246522789904e-26   0.000000000000e+00   0.000000000000e+00   1.613090783260e+00   3.385700077855e-26   0.000000000000e+00   0.000000000000e+00  -8.873232238074e-01   2.053483657309e-26   0.000000000000e+00   0.000000000000e+00  -7.947495855784e-01   1.024580997574e-26   0.000000000000e+00   0.000000000000e+00  -3.291889152348e-01   0.000000000000e+00   3.664771669604e-02   2.358578816725e-26  -1.872312446834e-02   0.000000000000e+00   1.870985833430e-18  -3.404013993368e-18  -4.852349470052e-19  -3.953554899638e-20  -8.183984021206e-18  -1.857440327440e-17  -3.483311378031e-01   3.472256630132e-18  -5.891196051665e-18  -8.532577488127e-19  -6.982857827382e-20   3.407261507282e-17  -5.665798434575e-18  -3.418316767440e-01   0.000000000000e+00   0.000000000000e+00   0.000000000000e+00   0.000000000000e+00   5.844594202080e-04   0.000000000000e+00   0.000000000000e+00   0.000000000000e+00   6.184952321658e-04   5.898216390346e-20  -2.358803048649e-19   1.909041089118e-20  -3.863235906612e-03  -1.083739564011e-21   2.384903560797e-19  -1.930164916836e-20  -3.651668382727e-02   0.000000000000e+00   1.782184503010e-04   0.000000000000e+00   3.699669630629e-04   0.000000000000e+00   4.736252268003e-04  -7.634657953105e-05  -6.027406853598e-03  -1.008526171263e-02   1.603035446471e-04  -1.467529603016e-04  -1.395660635058e-04  -4.736252268003e-04   7.634657953105e-05   6.027406853598e-03   1.008526171263e-02  -1.603035446471e-04   1.467529603016e-04  -1.395660635058e-04
  -8.138267099742e+00  -7.383263826023e+00  -9.333747030179e-03   1.599977727988e-02   3.385700077855e-26  -3.868146401537e+00  -3.900780145881e-02   7.187378445090e-02   5.532258840611e-26  -2.474129714068e+00  -3.125618011908e-02   5.898275409802e-02   3.457992930744e-26  -1.412840653921e+00  -9.892459101213e-03   2.130346576910e-02   1.291192243270e-26  -2.928867367898e-02   0.000000000000e+00   7.276264171230e-02   0.000000000000e+00  -1.806221842209e-02  -6.013955733357e-01  -1.285419972848e+00  -1.188936324942e+00  -7.389916090436e-01  -5.394095030800e-01  -1.222494291217e+00   1.591912844196e-17  -5.889008823538e-01  -1.270144263386e+00  -1.182433364804e+00  -7.372626436133e-01   1.300667064259e+00  -2.157826362828e-01   2.719103761520e-17   2.459624749174e-05   7.809860559048e-05  -2.902525450571e-03   3.808472731838e-04   0.000000000000e+00   1.585527610894e-03  -3.348213355490e-03   4.096822856075e-04  -3.660988623901e-21  -1.044627792162e-02   4.046789287429e-02  -3.327295988970e-03  -6.789373624373e-19  -1.499522206668e-01   4.178039621711e-01  -3.308461462184e-02   1.811299530844e-19  -7.100650910917e-05  -1.742937692604e-22   3.231003985544e-05   2.153566398559e-21  -1.058868897828e-04  -1.272373621316e-04  -6.979217381077e-04  -4.890583409574e-02  -2.153092471921e-01  -1.184599158650e-03   6.123953707517e-05  -7.530742631810e-05  -1.272373621316e-04  -6.979217381077e-04  -4.890583409574e-02  -2.153092471921e-01  -1.184599158650e-03   6.123953707517e-05   7.530742631810e-05
  -6.495676108160e-03  -3.557727989907e-03  -8.345513856373e-01   1.599508543059e-02   0.000000000000e+00  -3.900780145881e-02  -1.345627999368e-02  -7.066263334996e-03   0.000000000000e+00  -6.394443702451e-02  -5.013372171388e-01  -1.475566376274e-02   0.000000000000e+00  -4.491605484805e-02  -3.451886246431e-01  -5.832399497492e-03   0.000000000000e+00   1.431636906942e-01   0.000000000000e+00   5.825616830335e-02   5.236538936805e-26  -1.755131264688e-01   2.214331099129e-01   1.513683489841e-01   4.423734707824e-02  -2.374333189541e-03  -1.757144194897e-01   6.234720639225e-03  -1.865340901573e-17  -5.359696108843e-01  -4.378386753182e-01  -2.223979197509e-01  -7.474209848011e-02  -9.882100238895e-02   7.508051199120e-03   7.911661429752e-17   2.492524032798e-06   1.934897140441e-04  -6.885418920895e-03   4.436249867226e-04   0.000000000000e+00   4.229559504509e-03  -6.496768395968e-03   3.366367672655e-04  -1.739365838380e-20  -2.022645758708e-02   6.611914934489e-02  -4.706110443016e-03  -1.117564213706e-18  -8.510143460355e-02   1.634464776946e-01  -1.280522265400e-02   1.156229447748e-18  -1.929023210335e-04  -9.843220445808e-22   8.493988776622e-04   1.174944221998e-20  -1.624896012881e-03  -4.018435890275e-04  -2.346565910522e-03  -4.019964797542e-02  -6.208909954454e-02  -2.918573052086e-03  -1.555862572838e-04  -4.479363452667e-04  -4.018435890275e-04  -2.346565910522e-03  -4.019964797542e-02  -6.208909954454e-02  -2.918573052086e-03  -1.555862572838e-04   4.479363452667e-04
   1.302407717874e-02   7.047137198228e-03   1.603231723312e-02  -8.405987145503e-01   0.000000000000e+00   7.187378445090e-02  -7.066263334996e-03   7.170965790372e-03   0.000000000000e+00   1.231209305274e-01  -1.507053092854e-02  -4.798609632333e-01   0.000000000000e+00   9.256834117619e-02  -6.584844941794e-03  -3.429453288046e-01   0.000000000000e+00   3.682962518860e-02   5.236538936805e-26  -1.130377490118e-01   0.000000000000e+00  -1.260294132130e-01   5.030369137777e-01   4.328848414347e-01   2.488404897865e-01   1.010229466918e-01   4.689531941324e-02  -1.256671668622e-01  -4.233585263602e-17   8.999186118278e-02   1.102920421000e-01   1.007144243757e-01   6.033103615290e-02  -3.502196078810e-02  -1.796082406629e-01  -1.315598431477e-17   5.621035256721e-06  -3.458554490847e-05   1.039351898370e-03   6.361120277099e-04   0.000000000000e+00  -8.302856352535e-04   1.015971846194e-03   7.123179352737e-04   1.407714330504e-21   2.258041826955e-03  -8.251520226559e-03  -5.605508911189e-03   9.044739892201e-20   1.565136059019e-02  -4.048957497839e-02  -4.021054825487e-02  -9.357667810624e-20   2.780379203794e-04  -3.331353287914e-22  -8.003442679080e-05  -9.843220445829e-22   2.500389130098e-04   3.336461562037e-04   1.301917075574e-04   1.058591380232e-03   1.112704834838e-02   5.300676814319e-04   1.295244348948e-04  -2.657873049967e-05   3.336461562037e-04   1.301917075574e-04   1.058591380232e-03   1.112704834838e-02   5.300676814319e-04   1.295244348948e-04   2.657873049967e-05
   4.787118729859e-27   3.648950099334e-27   0.000000000000e+00   0.000000000000e+00  -8.873232238074e-01   5.532258840611e-26   0.000000000000e+00   0.000000000000e+00   5.332806259467e-02   6.509043359737e-26   0.000000000000e+00   0.000000000000e+00  -4.050833420596e-01   4.227127886806e-26   0.000000000000e+00   0.000000000000e+00  -3.109346489362e-01   0.000000000000e+00   7.304232052358e-02   6.046634329573e-26  -3.766905300993e-02   0.000000000000e+00  -9.847264333196e-18  -1.067736036366e-17  -1.864905183300e-18  -1.737520966850e-19  -1.865340900050e-17  -4.233585260258e-17  -2.022635160482e-01  -1.643998463609e-17  -1.857093645236e-17  -3.280976443550e-18  -3.069044202135e-19   7.911661426324e-17  -1.315598430814e-17  -2.003129310506e-01   0.000000000000e+00   0.000000000000e+00   0.000000000000e+00   0.000000000000e+00   7.280928491101e-04   3.660988623906e-21  -1.739365838382e-20   1.407714330507e-21   7.139655128363e-04   3.606921126080e-19  -1.117564214224e-18   9.044739898898e-20  -7.529336972013e-03  -5.532682732643e-20   1.156229436512e-18  -9.357667664850e-20  -4.506255560348e-02  -9.843220445777e-22   2.274015469577e-04  -4.010592925568e-21   5.199277922152e-04   6.041288774362e-21   5.909701247096e-04  -3.515121065057e-04  -8.364826737395e-03  -1.197355879188e-02   2.614823696374e-04  -1.761453183491e-04  -1.891695250442e-04  -5.909701247096e-04   3.515121065057e-04   8.364826737395e-03   1.197355879188e-02  -2.614823696374e-04   1.761453183491e-04  -1.891695250442e-04
  -3.527103261981e+00  -3.315495726895e+00  -1.004748137547e-02   1.939052290034e-02   2.053483657309e-26  -2.474129714068e+00  -6.394443702451e-02   1.231209305274e-01   6.509043359737e-26  -1.580755372426e+00  -8.107549209323e-02   1.557568868978e-01   1.041347203190e-25  -9.616453563457e-01  -4.119366869244e-02   7.692932824198e-02   7.230430547680e-26  -3.720733054371e-02   0.000000000000e+00   9.611670041384e-02   0.000000000000e+00  -2.209459025938e-02  -5.294713669532e-01  -9.093259114704e-01  -8.377572810853e-01  -5.468853995479e-01  -3.537830884415e-01  -7.675944712416e-01   9.346447528508e-18  -5.167053372698e-01  -8.972322680245e-01  -8.345747739824e-01  -5.464165007436e-01   8.237253338078e-01  -1.227536857775e-01   1.632245085168e-17  -2.168513107021e-03  -2.138003773505e-03   6.104514659291e-03  -4.996880012956e-04  -5.898216390183e-20  -9.011097658222e-03   1.468924731102e-02  -1.235335035161e-03  -3.606921125937e-19  -3.224113670653e-02   7.329817981404e-02  -5.323429269574e-03  -1.246401707013e-18  -1.393302734002e-01   3.305956991861e-01  -2.093870552175e-02   1.274780395070e-18   1.046038796264e-03  -2.676988853473e-20   3.017054041235e-03   3.307676040115e-19  -4.977962392205e-03  -6.991413941466e-04  -7.309919860920e-03  -5.606886345729e-02  -1.742153224816e-01   4.888292629435e-03   4.568737810026e-04   1.356061852768e-03  -6.991413941466e-04  -7.309919860920e-03  -5.606886345729e-02  -1.742153224816e-01   4.888292629435e-03   4.568737810026e-04  -1.356061852768e-03
  -2.719727328040e-03  -1.175072056571e-03  -7.706304042285e-01   8.134355864261e-03   0.000000000000e+00  -3.125618011908e-02  -5.013372171388e-01  -1.507053092854e-02   0.000000000000e+00  -8.107549209323e-02  -1.526247206008e-01  -3.352854820783e-02   0.000000000000e+00  -7.353951358926e-02  -1.452949965507e-01  -1.806124364412e-02   0.000000000000e+00   1.129594568664e-01   0.000000000000e+00   4.752421892143e-02   3.675850203558e-26  -1.501538359358e-01   1.723413172133e-01   6.793353941882e-02  -1.201447707489e-02  -2.900879813992e-02  -1.001034282742e-02   4.109440414645e-02  -7.879639143213e-18  -4.106343000502e-01  -2.469417695601e-01  -1.507768828143e-01  -8.118888428187e-02   1.230362837628e-01  -6.285264691873e-03   3.396214701190e-17  -1.135696728713e-02  -1.112449095798e-02   2.280850992243e-02  -2.398203172944e-03  -2.358803048566e-19  -3.448700293390e-02   4.650882764641e-02  -4.877434086431e-03  -1.117564214161e-18  -6.688262518026e-02   1.022796270555e-01  -8.103636477554e-03  -9.255241305002e-19  -9.319224507068e-02   1.188875164165e-01  -7.105121379593e-03   4.787680237089e-18   3.222760005130e-03  -8.195679388858e-20   8.632906586782e-03   8.933117842175e-19  -1.440423850432e-02  -3.856746435959e-03  -2.199426694686e-02  -5.686658318140e-02  -6.406473087223e-02   1.681509585508e-02   2.250337326777e-03   5.909953822122e-03  -3.856746435959e-03  -2.199426694686e-02  -5.686658318140e-02  -6.406473087223e-02   1.681509585508e-02   2.250337326777e-03  -5.909953822122e-03
   5.507902145238e-03   2.356644171005e-03   8.421394440277e-03  -7.752463497795e-01   0.000000000000e+00   5.898275409802e-02  -1.475566376274e-02  -4.798609632333e-01   0.000000000000e+00   1.557568868978e-01  -3.352854820783e-02  -1.127885733740e-01   0.000000000000e+00   1.388897617538e-01  -1.849379202527e-02  -1.211218879532e-01   0.000000000000e+00   4.178056564552e-02   3.675850203558e-26  -9.261717575295e-02   0.000000000000e+00  -9.792083160734e-02   3.924297621864e-01   2.588971246848e-01   1.888334166930e-01   1.141852178665e-01   7.907150814707e-02   9.646102328381e-02  -1.788366090537e-17   6.871129223899e-02   8.362420093324e-02   1.137201682555e-01   8.647205741771e-02  -4.458041367892e-02  -2.802932477616e-02  -5.647429144077e-18   9.001454846133e-04   8.847984204062e-04  -1.442627946333e-03  -2.543876950358e-03   1.909041089049e-20   2.769119611793e-03  -3.582902167643e-03  -5.504150870277e-03   9.044739898341e-20   6.551199104645e-03  -1.289560289396e-02  -1.506517301594e-02   7.490509200789e-20   2.002442854435e-02  -4.608959286819e-02  -2.857719718086e-02  -3.874795026407e-19   3.280937413219e-03  -1.127098969528e-19  -7.708219306882e-04  -8.195679391668e-20   1.952193304462e-03  -6.442822765506e-04  -1.014299738784e-03   3.299251418820e-03   2.072875440381e-02   9.097664809499e-04  -1.499739324212e-03   5.709890670480e-04  -6.442822765506e-04  -1.014299738784e-03   3.299251418820e-03   2.072875440381e-02   9.097664809499e-04  -1.499739324212e-03  -5.709890670480e-04
   1.393492109618e-27   8.729212063503e-28   0.000000000000e+00   0.000000000000e+00  -7.947495855784e-01   3.457992930744e-26   0.000000000000e+00   0.000000000000e+00  -4.050833420596e-01   1.041347203190e-25   0.000000000000e+00   0.000000000000e+00   3.103738242691e-02   1.257550904855e-25   0.000000000000e+00   0.000000000000e+00  -4.373162184422e-02   0.000000000000e+00   4.883300556710e-02   4.244506209050e-26  -2.521467900634e-02   0.000000000000e+00  -1.378912296312e-17  -1.390774893536e-17  -4.428440478480e-18  -6.191697280980e-19  -7.879639124279e-18  -1.788366086881e-17  -3.981450501648e-02  -2.403756407725e-17  -2.437752256571e-17  -7.801466920288e-18  -1.093886394159e-18   3.396214697586e-17  -5.647429138218e-18  -3.599577884084e-02   7.567005465427e-20   7.551953976344e-20  -2.358803047836e-19   1.909041088090e-20  -1.848019730908e-03   6.789373624401e-19  -1.117564213714e-18   9.044739892449e-20  -4.872312769696e-03   1.246401707185e-18  -9.255241309934e-19   7.490509206397e-20  -1.613039779656e-02  -7.329493313886e-19   4.787680205380e-18  -3.874794985419e-19  -2.916870657115e-02  -8.195679384373e-20  -4.626910411278e-04  -4.320482776673e-19   3.579933005516e-03   5.030108402759e-19  -1.178738849987e-03  -4.267015418189e-03  -8.059014144988e-03  -7.035771734486e-03   3.170114809590e-03   5.885253723570e-04  -2.121501768875e-04   1.178738849987e-03   4.267015418189e-03   8.059014144988e-03   7.035771734486e-03  -3.170114809590e-03  -5.885253723570e-04  -2.121501768875e-04
  -1.594932294261e+00  -1.511499726684e+00  -6.543784443097e-03   1.696499366197e-02   1.024580997574e-26  -1.412840653921e+00  -4.491605484805e-02   9.256834117619e-02   4.227127886806e-26  -9.616453563457e-01  -7.353951358926e-02   1.388897617538e-01   1.257550904855e-25  -5.470140435291e-01  -6.840634798113e-02   8.384714731219e-02   1.811160634218e-25  -2.448777874141e-02   0.000000000000e+00   6.394742090099e-02   0.000000000000e+00  -1.386182264740e-02  -3.931667824304e-01  -5.755996925064e-01  -4.866065270226e-01  -3.159492405471e-01  -2.265185628044e-01  -4.797804815210e-01   1.493775659581e-18  -3.832313810788e-01  -5.751453244412e-01  -5.085704284881e-01  -3.309876943919e-01   5.116454387163e-01  -7.174619778211e-02   2.631057792770e-18  -1.282280507685e-01  -1.224604460296e-01   5.201580271075e-02  -6.081342216950e-03   1.083739637338e-21  -1.459086183331e-01   6.190870043288e-02  -1.175914961492e-02   5.532682767362e-20  -1.292456394980e-01   7.095167308071e-02  -1.412132041749e-02   7.329493329108e-19  -1.498356607777e-01   1.980050226693e-01  -1.468321372159e-02   2.819252427833e-18   1.109319601205e-03   1.536455236782e-20   9.549868288132e-05  -1.898437544125e-19  -3.999919478328e-03  -3.099429332852e-02  -6.389475451325e-02  -9.119658740056e-02  -1.380736946986e-01   3.707229788684e-02   1.917835160060e-02   3.496627522986e-02  -3.099429332852e-02  -6.389475451325e-02  -9.119658740056e-02  -1.380736946986e-01   3.707229788684e-02   1.917835160060e-02  -3.496627522986e-02
  -1.021874796442e-03  -3.271053991388e-04  -3.128211374757e-01   3.492882263954e-03   0.000000000000e+00  -9.892459101213e-03  -3.451886246431e-01  -6.584844941794e-03   0.000000000000e+00  -4.119366869244e-02  -1.452949965507e-01  -1.849379202527e-02   0.000000000000e+00  -6.840634798113e-02  -3.143863451563e-02  -1.116488095084e-02   0.000000000000e+00   4.817561825751e-02   0.000000000000e+00   2.032888024178e-02   1.388525434823e-26  -6.608538594977e-02   1.166216848723e-01   4.661376576551e-02  -3.586407707295e-02  -6.149835987222e-02  -3.171608647838e-02   6.424644194072e-02  -8.219942761276e-19  -2.799675281412e-01  -1.750744443608e-01  -1.070745257158e-01  -1.002509294749e-01   1.091724239593e-01  -2.091914220878e-02   3.569072663587e-18  -4.032164064499e-01  -3.839171509340e-01   1.119806223677e-01  -1.704045314946e-02   2.384903563072e-19  -4.112554761441e-01   1.133214566698e-01  -3.343627722679e-02   1.156229437527e-18  -3.114388016053e-01   5.909726864200e-02  -3.481242309784e-02   4.787680209066e-18  -1.967882617462e-01   2.870864195102e-02  -1.645922323344e-02   8.169097108491e-18  -7.480438937731e-04   8.771267428581e-20  -7.984163987017e-03  -9.646412942692e-19  -4.034845472757e-04  -9.469898717337e-02  -1.709801244685e-01  -1.649410840002e-01  -1.130455252425e-01   8.418332551136e-02   5.975751700761e-02   1.064242715304e-01  -9.469898717337e-02  -1.709801244685e-01  -1.649410840002e-01  -1.130455252425e-01   8.418332551136e-02   5.975751700761e-02  -1.064242715304e-01
   2.178133368241e-03   8.249076409975e-04   4.112150736883e-03  -3.200280403789e-01   0.000000000000e+00   2.130346576910e-02  -5.832399497492e-03  -3.429453288046e-01   0.000000000000e+00   7.692932824198e-02  -1.806124364412e-02  -1.211218879532e-01   0.000000000000e+00   8.384714731219e-02  -1.116488095084e-02   4.478727037146e-02   0.000000000000e+00   2.052275789487e-02   1.388525434823e-26  -4.045480416520e-02   0.000000000000e+00  -4.196078048253e-02   2.658387345366e-01   1.585931811758e-01   6.290051272416e-02   5.231589643161e-02   8.222564022226e-02   9.449551652320e-02  -1.865601537133e-18   4.621418535426e-02   4.758747400640e-02   6.062288101686e-02   5.513064589972e-02  -3.751781883482e-02  -5.908565058817e-02  -5.934867712832e-19   3.241145869484e-02   3.099712831740e-02  -1.003662032207e-02  -3.221482066434e-02  -1.930164918697e-20   3.278805148917e-02  -1.105317172606e-02  -4.009069705491e-02  -9.357667673362e-20   2.150737408764e-02  -8.511312534797e-03  -2.758686175833e-02  -3.874794988792e-19   1.825373635179e-02  -2.253469441096e-02  -5.820593665644e-03  -6.611464256127e-19   5.243744659936e-03   1.120339582568e-19  -4.500897682292e-04   8.771267401782e-20   3.375978367640e-03  -7.406259827256e-03  -1.545262931035e-03   7.300979308618e-03   1.846476485093e-02  -1.572110502936e-04  -1.364768740853e-02   8.544858624107e-04  -7.406259827256e-03  -1.545262931035e-03   7.300979308618e-03   1.846476485093e-02  -1.572110502936e-04  -1.364768740853e-02  -8.544858624107e-04
   3.868844110651e-28   2.278868311980e-28   0.000000000000e+00   0.000000000000e+00  -3.291889152348e-01   1.291192243270e-26   0.000000000000e+00   0.000000000000e+00  -3.109346489362e-01   7.230430547680e-26   0.000000000000e+00   0.000000000000e+00  -4.373162184422e-02   1.811160634218e-25   0.000000000000e+00   0.000000000000e+00   9.546119896807e-02   0.000000000000e+00   1.945568052356e-02   1.603331067144e-26  -9.963380260468e-03   0.000000000000e+00  -3.343015983783e-18  -5.621218791164e-18  -4.037825404168e-18  -1.164750848017e-18  -8.219942661562e-19  -1.865601519677e-18  -6.892639578385e-02  -5.886905552997e-18  -9.907002884882e-18  -7.126498938385e-18  -2.058632183108e-18   3.569072647032e-18  -5.934867690693e-19  -6.606755408922e-02   3.348945502374e-21   6.861456846503e-21   2.384903587464e-19  -1.930164950724e-20  -3.019288516757e-02  -1.811299530689e-19   1.156229447702e-18  -9.357667807069e-20  -4.078977234892e-02  -1.274780394355e-18   4.787680235985e-18  -3.874795024334e-19  -3.220867842699e-02  -2.819252423853e-18   8.169097101930e-18  -6.611464248666e-19  -7.901833417107e-03   8.771267471588e-20  -6.651851805383e-03   4.524705562379e-19   3.739755039294e-03  -5.383376296588e-19  -2.206930845408e-02  -2.063280621010e-02  -7.232405205719e-03  -2.108699451600e-04   9.814485942844e-03   7.380103792375e-03   3.606645814072e-04   2.206930845408e-02   2.063280621010e-02   7.232405205719e-03   2.108699451600e-04  -9.814485942844e-03  -7.380103792375e-03   3.606645814072e-04
   5.055937571726e-04   1.139992301407e-03   6.388870903939e-02   1.205156606366e-02   0.000000000000e+00  -2.928867367898e-02   1.431636906942e-01   3.682962518860e-02   0.000000000000e+00  -3.720733054371e-02   1.129594568664e-01   4.178056564552e-02   0.000000000000e+00  -2.448777874141e-02   4.817561825751e-02   2.052275789487e-02   0.000000000000e+00   3.095352817497e+00   0.000000000000e+00   2.518997467377e-02   0.000000000000e+00   4.792089428991e-02  -2.483884552376e-02  -5.449153210371e-02  -4.562283279224e-02  -1.907961663457e-02  -4.688406187540e-03   3.789046697896e-01   3.523401455271e-17   2.472672334889e-02   3.206881897559e-02   5.388489178957e-03  -7.186619084716e-03   1.736614114229e-01   2.155427118728e-01  -2.693396488482e-17  -2.621837032492e-06  -1.535479092575e-05   4.796696538184e-04  -2.440138441238e-04   0.000000000000e+00  -2.488735576931e-04   3.471116030771e-04  -3.423063154533e-04   9.843220445766e-22   2.309641278243e-03  -7.631081101427e-03  -3.535586469856e-03   8.195679384139e-20   7.407950908676e-03  -1.289397395827e-02  -5.944144717241e-03  -8.771267473392e-20  -2.854025070529e-05  -1.154506026731e-22  -9.722778450875e-05  -4.318536771608e-22   1.731085300218e-04  -7.472337230553e-05  -2.677955076005e-05   2.437252306657e-03   2.376094048642e-03   2.145410543956e-04  -6.981941357668e-05   1.054044163374e-04  -7.472337230553e-05  -2.677955076005e-05   2.437252306657e-03   2.376094048642e-03   2.145410543956e-04  -6.981941357668e-05  -1.054044163374e-04
   0.000000000000e+00   0.000000000000e+00   0.000000000000e+00   2.042589172112e-26   3.664771669604e-02   0.000000000000e+00   0.000000000000e+00   5.236538936805e-26   7.304232052358e-02   0.000000000000e+00   0.000000000000e+00   3.675850203558e-26   4.883300556710e-02   0.000000000000e+00   0.000000000000e+00   1.388525434823e-26   1.945568052356e-02   0.000000000000e+00   3.183814795116e+00   0.000000000000e+00  -1.027306203560e-02   0.000000000000e+00   2.793453483071e-17   9.992866837704e-18   5.308737765354e-19   1.676385820172e-20   3.523401453626e-17   5.964437267276e-17  -2.257339574006e-01   8.457086601563e-18   3.140675679745e-18   1.686792808660e-19   5.346380905676e-21  -2.693396487790e-17  -3.031203593657e-17  -3.002163184777e-02   0.000000000000e+00   0.000000000000e+00   0.000000000000e+00   0.000000000000e+00  -2.399319036895e-05  -1.742937692606e-22   9.843220445816e-22   3.331353287918e-22  -1.988097338818e-05  -2.676988853548e-20   8.195679389211e-20   1.127098969579e-19   5.203924926285e-04   1.536455235974e-20  -8.771267426155e-20  -1.120339581511e-19   2.552818975437e-03  -1.154506026732e-22   3.864941599979e-06   1.361162668681e-22  -7.191868850682e-06  -2.328513540135e-22  -5.145273217722e-06  -3.893886244040e-06   1.684064556948e-04   4.757026916901e-04   5.835969177064e-07   6.214136800320e-06   7.743036447150e-06   5.145273217722e-06   3.893886244040e-06  -1.684064556948e-04  -4.757026916901e-04  -5.835969177064e-07  -6.214136800320e-06   7.743036447150e-06
  -3.106794819562e-04  -2.034265513681e-03   2.527865660917e-02  -4.909853799642e-02   2.358578816725e-26   7.276264171230e-02   5.825616830335e-02  -1.130377490118e-01   6.046634329573e-26   9.611670041384e-02   4.752421892143e-02  -9.261717575295e-02   4.244506209050e-26   6.394742090099e-02   2.032888024178e-02  -4.045480416520e-02   1.603331067144e-26   2.518997467377e-02   0.000000000000e+00   3.155591993148e+00   0.000000000000e+00   1.398174513847e-02   2.348817728854e-02   7.021038915345e-02   7.113125539849e-02   3.878735594231e-02  -8.264936053217e-02  -2.324188581000e-01  -5.103289092113e-17   2.416595181974e-02   6.689143676597e-02   6.967260055580e-02   3.835315537784e-02   2.407121577657e-01  -5.852082696060e-02  -8.822362394913e-17   1.347149536054e-06  -1.072019006409e-05   4.337422963344e-05   4.621262115431e-05   0.000000000000e+00  -1.221283852639e-04  -3.866745769246e-04   7.626266008780e-05   4.010592925566e-21   4.913725558597e-03  -1.541102486352e-02   7.732352997232e-04   4.320482776722e-19   1.596929702920e-02  -3.358630556265e-02  -1.018476949480e-03  -4.524705561213e-19  -1.186641820143e-05   1.361162668681e-22  -1.371217320829e-04  -1.681846803061e-21   2.450026446664e-04  -2.879986369010e-05   4.007091298312e-04   6.641142906956e-03   1.391646344313e-02  -2.113817231046e-05   6.187832494426e-05   6.688513103603e-05  -2.879986369010e-05   4.007091298312e-04   6.641142906956e-03   1.391646344313e-02  -2.113817231046e-05   6.187832494426e-05  -6.688513103603e-05
   0.000000000000e+00   0.000000000000e+00   2.042589172112e-26   0.000000000000e+00  -1.872312446834e-02   0.000000000000e+00   5.236538936805e-26   0.000000000000e+00  -3.766905300993e-02   0.000000000000e+00   3.675850203558e-26   0.000000000000e+00  -2.521467900634e-02   0.000000000000e+00   1.388525434823e-26   0.000000000000e+00  -9.963380260468e-03   0.000000000000e+00  -1.027306203560e-02   0.000000000000e+00   3.172300170695e+00   0.000000000000e+00   1.230810935450e-17   4.402911970417e-18   2.339058992401e-19   7.386247872385e-21  -4.798589222317e-18   3.523401453634e-17  -1.104859438861e-01  -5.085868474292e-17  -1.888719387297e-17  -1.014392633738e-18  -3.215172193698e-20   1.271829728453e-16  -2.693396487653e-17   2.424119026281e-01   0.000000000000e+00   0.000000000000e+00   0.000000000000e+00   0.000000000000e+00  -1.599920677360e-05   2.153566398561e-21  -1.174944221999e-20   9.843220445845e-22  -7.600772454448e-05   3.307676040261e-19  -8.933117842802e-19   8.195679392258e-20  -4.176219667405e-03  -1.898437542463e-19   9.646412938787e-19  -8.771267397644e-20  -9.153406966805e-03  -4.318536771611e-22  -1.100427338088e-06  -1.681846803062e-21  -1.468703832328e-05   2.574314841961e-21  -4.354481967954e-05  -3.611592712890e-04  -2.339059910591e-03  -1.424514042938e-03   3.465322039502e-05   1.579563845363e-05  -2.118690990599e-05   4.354481967954e-05   3.611592712890e-04   2.339059910591e-03   1.424514042938e-03  -3.465322039502e-05  -1.579563845363e-05  -2.118690990599e-05
   2.599000336865e-05   2.177694637591e-04  -7.386155765372e-02  -5.664024207771e-02   0.000000000000e+00  -1.806221842209e-02  -1.755131264688e-01  -1.260294132130e-01   0.000000000000e+00  -2.209459025938e-02  -1.501538359358e-01  -9.792083160734e-02   0.000000000000e+00  -1.386182264740e-02  -6.608538594977e-02  -4.196078048253e-02   0.000000000000e+00   4.792089428991e-02   0.000000000000e+00   1.398174513847e-02   0.000000000000e+00   3.054717071370e+00   3.684699334590e-02   6.031855521516e-02   2.766285517218e-02   2.088949301458e-03  -3.053786310390e-01  -1.928042823393e-01  -3.222148096109e-17  -3.890746649842e-02  -6.843100176500e-02  -4.880208440173e-02  -1.568064335263e-02  -4.210882484795e-01   1.320376579086e-01   7.874750441346e-17  -1.949653745877e-06   2.090568998918e-05  -1.885160657126e-04   5.337409623120e-05   0.000000000000e+00   2.585960519719e-04   5.711604090338e-04   1.372094395205e-05  -6.041288774359e-21  -8.531627362452e-03   2.638718814534e-02  -2.601167043651e-03  -5.030108402738e-19  -2.191918046826e-02   3.808557571933e-02  -7.399704414305e-03   5.383376296695e-19   4.983982424189e-05  -2.328513540134e-22   2.845743513188e-04   2.574314841960e-21  -4.537631488270e-04   9.918410929634e-05  -8.045560773126e-04  -1.158749824112e-02  -1.429431469911e-02   8.970515946520e-06  -1.009323164688e-04  -1.467889344352e-04   9.918410929634e-05  -8.045560773126e-04  -1.158749824112e-02  -1.429431469911e-02   8.970515946520e-06  -1.009323164688e-04   1.467889344352e-04
  -3.043588249219e-01  -3.043276452795e-01   2.076123818596e-01   4.669189441924e-01   1.870985833430e-18  -6.013955733357e-01   2.214331099129e-01   5.030369137777e-01  -9.847264333196e-18  -5.294713669532e-01   1.723413172133e-01   3.924297621864e-01  -1.378912296312e-17  -3.931667824304e-01   1.166216848723e-01   2.658387345366e-01  -3.343015983783e-18  -2.483884552376e-02   2.793453483071e-17   2.348817728854e-02   1.230810935450e-17   3.684699334590e-02   4.426394651380e-01  -5.616228935801e-01  -4.966333663755e-01  -2.815564576846e-01  -1.719242292239e-01  -3.629081924707e-01   2.504499965477e-26  -4.772933486074e-02  -2.181481564962e-01  -2.861792853730e-01  -2.211951700186e-01   2.379970660999e-01   1.242395755274e-01  -1.365238774675e-18   1.459937539173e-06  -1.287016639741e-05   7.040321319612e-04  -5.222347761562e-04   0.000000000000e+00  -2.983504333824e-04   6.839568461318e-04  -6.033632992730e-04   0.000000000000e+00  -2.400612833342e-04   2.492814201927e-03   1.540726082541e-03  -7.495216805422e-20  -2.877422067203e-02   9.087411244087e-02   1.897563714301e-02  -2.141264361421e-19  -1.230342982314e-04   0.000000000000e+00  -1.416084655964e-04   0.000000000000e+00   2.065036029114e-04  -1.252614381542e-04   1.036341541701e-04  -5.233953469280e-03  -4.984649657039e-02   2.967123123793e-04  -8.642989923262e-05   1.309160464488e-04  -1.252614381542e-04   1.036341541701e-04  -5.233953469280e-03  -4.984649657039e-02   2.967123123793e-04  -8.642989923262e-05  -1.309160464488e-04
  -1.507529075602e+00  -1.426720024565e+00   1.816788974583e-01   4.318624627724e-01  -3.404013993368e-18  -1.285419972848e+00   1.513683489841e-01   4.328848414347e-01  -1.067736036366e-17  -9.093259114704e-01   6.793353941882e-02   2.588971246848e-01  -1.390774893536e-17  -5.755996925064e-01   4.661376576551e-02   1.585931811758e-01  -5.621218791164e-18  -5.449153210371e-02   9.992866837704e-18   7.021038915345e-02   4.402911970417e-18   6.031855521516e-02  -5.616228935801e-01  -6.205391197527e-01  -5.660790322956e-01  -3.663700686610e-01  -3.011762693995e-01  -6.327834550475e-01   4.568455735523e-26  -2.154618179802e-01  -4.633066002612e-01  -4.708156445682e-01  -3.282495615246e-01   4.424837048957e-01   4.423362448295e-02   1.077233629977e-18  -2.223142337600e-05  -3.307142169054e-05   9.226626277337e-04  -1.574103849473e-04  -1.652500941604e-21  -7.561718134038e-04   1.993005378893e-03   2.946357223005e-05  -2.595332390584e-20  -7.558156992632e-03   2.369312228689e-02   3.479428929168e-03  -4.509943391672e-19  -6.559624098478e-02   1.744993164492e-01   1.247170316498e-02  -1.544158312475e-19  -2.857589578172e-04   5.268726354343e-21   2.534531621778e-04   2.701306613546e-20  -3.952657427647e-04   2.959989151496e-05  -5.190831220349e-04  -2.001503971079e-02  -9.105437444078e-02   4.607652018748e-04   1.298361674779e-05   3.183406085252e-05   2.959989151496e-05  -5.190831220348e-04  -2.001503971079e-02  -9.105437444078e-02   4.607652018748e-04   1.298361674779e-05  -3.183406085252e-05
  -1.321850263873e+00  -1.252533671491e+00   6.128244167171e-02   1.696122500393e-01  -4.852349470052e-19  -1.188936324942e+00   4.423734707824e-02   2.488404897865e-01  -1.864905183300e-18  -8.377572810853e-01  -1.201447707489e-02   1.888334166930e-01  -4.428440478480e-18  -4.866065270226e-01  -3.586407707295e-02   6.290051272416e-02  -4.037825404168e-18  -4.562283279224e-02   5.308737765354e-19   7.113125539849e-02   2.339058992401e-19   2.766285517218e-02  -4.966333663755e-01  -5.660790322956e-01  -4.315015044762e-01  -2.800140218356e-01  -2.279634889267e-01  -4.739596769554e-01   3.436768841226e-26  -2.797358068124e-01  -4.684984250655e-01  -4.334058859350e-01  -2.829963875217e-01   4.209481129791e-01  -2.146576768516e-02   8.692841845019e-19  -3.212199196658e-02  -3.089464532385e-02   2.153876257356e-02   3.741491132967e-03  -3.373195650024e-20  -4.509743412752e-02   2.988319160227e-02   4.463069806339e-03  -1.345126114301e-19  -5.012358237617e-02   5.037758421392e-02   3.257935418740e-03  -2.271898516460e-19  -9.229117571680e-02   1.708760517094e-01  -2.058470827555e-03   7.936476381518e-19  -8.704019615268e-04   4.524252505386e-21   1.959434683758e-03   2.319610525392e-20  -3.790464164974e-03  -5.901711210714e-03  -1.849626594247e-02  -4.477380893291e-02  -9.996608566438e-02   1.320290627626e-02   6.714262080831e-03   8.007263970341e-03  -5.901711210714e-03  -1.849626594247e-02  -4.477380893291e-02  -9.996608566438e-02   1.320290627626e-02   6.714262080831e-03  -8.007263970341e-03
  -7.569210472287e-01  -7.189903394748e-01   1.263694855102e-02   4.845108172355e-02  -3.953554899638e-20  -7.389916090436e-01  -2.374333189541e-03   1.010229466918e-01  -1.737520966850e-19  -5.468853995479e-01  -2.900879813992e-02   1.141852178665e-01  -6.191697280980e-19  -3.159492405471e-01  -6.149835987222e-02   5.231589643161e-02  -1.164750848017e-18  -1.907961663457e-02   1.676385820172e-20   3.878735594231e-02   7.386247872385e-21   2.088949301458e-03  -2.815564576846e-01  -3.663700686610e-01  -2.800140218356e-01  -1.667460275268e-01  -1.284579639581e-01  -2.662371702548e-01   1.918915507402e-26  -2.157554465630e-01  -3.332116642837e-01  -3.096165549356e-01  -1.959545924605e-01   2.658427366259e-01  -2.257199963270e-02   1.293106123176e-19  -2.032263919987e-01  -1.935400267724e-01   3.826513907928e-02   4.788043896488e-03   1.903999395761e-20  -2.118131334980e-01   4.141974978808e-02  -2.370072918457e-03   8.958463095659e-20  -1.693718414845e-01   4.020146909189e-02  -1.228806376815e-02   3.951391911647e-19  -1.408794488279e-01   1.071615777737e-01  -1.482400238458e-02   1.119501307665e-18  -2.876765489110e-03  -8.278836008519e-21  -4.990425409074e-03  -4.244607358570e-20  -5.398644762649e-04  -5.104694202577e-02  -9.023655495172e-02  -1.008482758589e-01  -1.069728827039e-01   3.838760724936e-02   3.534572734513e-02   5.424489430445e-02  -5.104694202577e-02  -9.023655495172e-02  -1.008482758589e-01  -1.069728827039e-01   3.838760724936e-02   3.534572734513e-02  -5.424489430445e-02
