ARMA_MAT_TXT_FN008
72 72
   1.000000000000e+00   9.019786511306e-01  -3.005961544700e-16  -2.319308451579e-17   1.774208192627e-32   3.524808859889e-01  -2.772515068118e-16   1.160899766559e-17   7.117246995080e-33   1.579450275960e-01  -6.707557440783e-17   4.162310187495e-18   3.935357398609e-33   7.194213528220e-02  -1.070864278116e-17  -5.999862218991e-20   4.092977127742e-37  -1.057651977225e-32   1.386157137886e-48   0.000000000000e+00  -1.099980503965e-47   0.000000000000e+00   1.450769798339e-02   6.789909554822e-02   5.959704771520e-02   3.418613546692e-02   3.988222582891e-02   9.051686123912e-02   3.725924477969e-18   1.387641211618e-02   6.692888780695e-02   5.931696723614e-02   3.412909246451e-02  -9.526233447510e-02   1.584079133343e-02   6.394613291464e-18   0.000000000000e+00   0.000000000000e+00   0.000000000000e+00   0.000000000000e+00   0.000000000000e+00   0.000000000000e+00   0.000000000000e+00   0.000000000000e+00   0.000000000000e+00   9.815778054620e-05  -5.181679344323e-04   4.193668812006e-05   3.186769779025e-20   5.801195103882e-03  -1.821039816467e-02   1.473815220177e-03   1.119952484107e-18   0.000000000000e+00   0.000000000000e+00   0.000000000000e+00   0.000000000000e+00   0.000000000000e+00   0.000000000000e+00   1.004320505688e-06   1.529248558153e-03   9.327773948513e-03   0.000000000000e+00   0.000000000000e+00   0.000000000000e+00   0.000000000000e+00   1.004320505688e-06   1.529248558153e-03   9.327773948513e-03   0.000000000000e+00   0.000000000000e+00   0.000000000000e+00
   9.019786511306e-01   1.000000000000e+00  -1.050100788595e-15   1.034975217018e-16  -1.682193262016e-32   4.014863665549e-01   0.000000000000e+00   1.368299091054e-19  -1.895949874466e-32   1.702974760105e-01   0.000000000000e+00   4.696920026261e-18  -1.730187253004e-34   7.611738684957e-02   1.633925480781e-19   4.912757525581e-20  -1.109059643966e-33   0.000000000000e+00   0.000000000000e+00   0.000000000000e+00   1.651778813037e-49   0.000000000000e+00   1.325885902876e-02   7.200981558337e-02   6.302142250731e-02   3.595018995147e-02   4.264842513961e-02   9.679503839605e-02   3.984351622104e-18   1.263017567068e-02   7.095622870170e-02   6.272285753583e-02   3.589002859329e-02  -1.017127497530e-01   1.691340500591e-02   6.827606157938e-18   0.000000000000e+00   0.000000000000e+00   0.000000000000e+00   0.000000000000e+00   0.000000000000e+00   0.000000000000e+00   0.000000000000e+00   0.000000000000e+00   0.000000000000e+00   9.030571292678e-05  -4.883279937237e-04   3.952166356168e-05   3.003252013954e-20   6.033753171257e-03  -1.907129807364e-02   1.543490104680e-03   1.172898442943e-18   0.000000000000e+00   0.000000000000e+00   0.000000000000e+00   0.000000000000e+00   0.000000000000e+00   0.000000000000e+00   7.548141832671e-07   1.568467183796e-03   9.771865630065e-03   0.000000000000e+00   0.000000000000e+00   0.000000000000e+00   0.000000000000e+00   7.548141832671e-07   1.568467183796e-03   9.771865630065e-03   0.000000000000e+00   0.000000000000e+00   0.000000000000e+00
  -3.005961544700e-16  -1.050100788595e-15   1.000000000000e+00  -8.913836945587e-32   1.048620535018e-47   0.000000000000e+00   6.119923480445e-01   0.000000000000e+00   0.000000000000e+00   0.000000000000e+00   1.971949078096e-01   0.000000000000e+00   0.000000000000e+00  -2.376807622691e-16   5.657041005734e-02   0.000000000000e+00  -3.406456418604e-48   5.018117135848e-18   0.000000000000e+00   3.946143619963e-16   3.780364726236e-32  -6.834921243739e-16  -3.119561431020e-02  -4.029405449396e-02  -1.202029787828e-02  -2.495545974048e-03   2.694787491076e-02  -1.081441015403e-01  -4.451510465134e-18   7.385971972498e-02   9.792884667828e-02   2.948031275690e-02   6.138683933272e-03  -2.087311771603e-01   4.677050431207e-02   1.888032499306e-17   0.000000000000e+00   0.000000000000e+00   0.000000000000e+00   0.000000000000e+00   0.000000000000e+00   0.000000000000e+00   0.000000000000e+00   0.000000000000e+00   0.000000000000e+00   4.413867565099e-04  -2.092686195107e-03   1.822554917952e-04   1.384959851029e-19   7.506109562981e-03  -1.855372361716e-02   1.882819483239e-03   1.430754906388e-18   0.000000000000e+00   0.000000000000e+00   0.000000000000e+00   0.000000000000e+00   0.000000000000e+00   0.000000000000e+00   7.932205864297e-06   2.732477391561e-03   5.743950840000e-03   0.000000000000e+00   0.000000000000e+00   0.000000000000e+00   0.000000000000e+00   7.932205864297e-06   2.732477391561e-03   5.743950840000e-03   0.000000000000e+00   0.000000000000e+00   0.000000000000e+00
  -2.319308451579e-17   1.034975217018e-16  -8.913836945587e-32   1.000000000000e+00  -6.553878343860e-49  -6.079786739700e-17   0.000000000000e+00   6.119923480445e-01   0.000000000000e+00  -5.529295643476e-17   0.000000000000e+00   1.971949078096e-01   0.000000000000e+00   3.516210731564e-19   0.000000000000e+00   5.657041005734e-02  -5.039456496750e-51  -6.834921243739e-16   3.780364726236e-32  -2.897211279207e-18   0.000000000000e+00  -5.018117135848e-18  -7.080169256098e-02  -9.145154924497e-02  -2.728131673915e-02  -5.663901248085e-03  -1.081441015403e-01  -1.708475312145e-01  -1.010316617748e-17  -1.228183641054e-02  -1.628419494758e-02  -4.902162910445e-03  -1.020777118099e-03   4.677050431207e-02   6.475700109623e-02  -3.139533480576e-18   0.000000000000e+00   0.000000000000e+00   0.000000000000e+00   0.000000000000e+00   0.000000000000e+00   0.000000000000e+00   0.000000000000e+00   0.000000000000e+00   0.000000000000e+00  -3.572258628540e-05   1.822554917952e-04   1.445044940840e-04  -1.120884282333e-20  -6.074891069487e-04   1.882819483239e-03   4.557932310673e-03  -1.157947420100e-19   0.000000000000e+00   0.000000000000e+00   0.000000000000e+00   0.000000000000e+00   0.000000000000e+00   0.000000000000e+00   6.121316555966e-07   2.108664270937e-04   4.432630969880e-04   0.000000000000e+00   0.000000000000e+00   0.000000000000e+00   0.000000000000e+00   6.121316555966e-07   2.108664270937e-04   4.432630969880e-04   0.000000000000e+00   0.000000000000e+00   0.000000000000e+00
   1.774208192627e-32  -1.682193262016e-32   1.048620535018e-47  -6.553878343860e-49   1.000000000000e+00  -1.702818982924e-32   0.000000000000e+00   0.000000000000e+00   6.119923480445e-01  -7.120020733996e-34   0.000000000000e+00   0.000000000000e+00   1.971949078096e-01   9.977499724694e-33  -3.406456418604e-48  -5.039456496750e-51   5.657041005734e-02   0.000000000000e+00   5.018117135848e-18   4.365189184655e-32  -6.834921243739e-16   0.000000000000e+00  -2.914393581299e-18  -3.764398822667e-18  -1.122974487163e-18  -2.331418479624e-19  -4.451510465134e-18  -1.010316617748e-17   7.459675955670e-02  -4.957933773717e-18  -6.573606536489e-18  -1.978905942527e-18  -4.120674775408e-19   1.888032499306e-17  -3.139533480576e-18   7.253428057871e-02   0.000000000000e+00   0.000000000000e+00   0.000000000000e+00   0.000000000000e+00   0.000000000000e+00   0.000000000000e+00   0.000000000000e+00   0.000000000000e+00   0.000000000000e+00  -2.714560054838e-20   1.384959851029e-19  -1.120884282333e-20   1.592549083989e-04  -4.616310953236e-19   1.430754906388e-18  -1.157947420100e-19   4.710313822936e-03   0.000000000000e+00   0.000000000000e+00   0.000000000000e+00   0.000000000000e+00   0.000000000000e+00   0.000000000000e+00   1.861613570107e-06   6.412865575055e-04   1.348050846474e-03   0.000000000000e+00   0.000000000000e+00   0.000000000000e+00   0.000000000000e+00  -1.861613570107e-06  -6.412865575055e-04  -1.348050846474e-03   0.000000000000e+00   0.000000000000e+00   0.000000000000e+00
   3.524808859889e-01   4.014863665549e-01   0.000000000000e+00  -6.079786739700e-17  -1.702818982924e-32   1.000000000000e+00   0.000000000000e+00  -5.282786597036e-17  -4.692057051368e-32   7.543153851937e-01   0.000000000000e+00  -2.117010293141e-17  -1.880282856651e-32   4.176890115920e-01  -1.078404326182e-16   0.000000000000e+00   0.000000000000e+00   0.000000000000e+00   0.000000000000e+00   0.000000000000e+00   0.000000000000e+00   0.000000000000e+00   1.693013234587e-01   3.783842388298e-01   3.479638218860e-01   2.120627523843e-01   1.793471270511e-01   4.070469657977e-01   1.675517945261e-17   1.652159232406e-01   3.741744773004e-01   3.464679616588e-01   2.117202186649e-01  -4.335175458992e-01   7.208789309864e-02   2.910045272735e-17   0.000000000000e+00   0.000000000000e+00   0.000000000000e+00   0.000000000000e+00   0.000000000000e+00   1.125143949009e-06  -5.869858390819e-06   4.750630139134e-07   3.610004804236e-22   1.814432226684e-03  -7.843843679068e-03   6.348228135575e-04   4.824019845079e-19   4.031970343072e-02  -1.175363584128e-01   9.512525337806e-03   7.228569929495e-18  -2.111259030655e-07   1.298439372161e-23  -7.579886334343e-07  -1.604346164705e-22   1.295787852351e-06   0.000000000000e+00   6.294226482478e-05   1.219987977708e-02   6.031667686835e-02  -5.091300736489e-07  -3.928978145908e-08  -1.194880050101e-07   0.000000000000e+00   6.294226482478e-05   1.219987977708e-02   6.031667686835e-02  -5.091300736489e-07  -3.928978145908e-08   1.194880050101e-07
  -2.772515068118e-16   0.000000000000e+00   6.119923480445e-01   0.000000000000e+00   0.000000000000e+00   0.000000000000e+00   1.000000000000e+00   0.000000000000e+00   0.000000000000e+00   0.000000000000e+00   6.250598589784e-01   0.000000000000e+00   0.000000000000e+00  -3.530499059468e-16   2.333933173537e-01   0.000000000000e+00   0.000000000000e+00  -6.066943523367e-17   0.000000000000e+00   0.000000000000e+00   0.000000000000e+00   0.000000000000e+00  -1.357729176339e-01  -1.389625609710e-01  -4.920840918597e-02  -1.125297757915e-02   1.456555562446e-01  -2.559348986367e-01  -1.053498862580e-17   3.263562796066e-01   3.385867045964e-01   1.207255750601e-01   2.768192975584e-02  -4.180994476910e-01   1.116807415079e-01   4.508330038666e-17   0.000000000000e+00   0.000000000000e+00   0.000000000000e+00   0.000000000000e+00   0.000000000000e+00   5.869858390819e-06  -2.949781550307e-05   2.478396316171e-06   1.883333862276e-21   4.167118652161e-03  -1.651105538908e-02   1.457966821956e-03   1.107909283091e-18   3.590192640219e-02  -8.212849450314e-02   8.470250411531e-03   6.436545002067e-18  -1.254599913481e-06   7.964765968882e-23  -4.360889336910e-06  -9.533707281801e-22   7.448468582178e-06   0.000000000000e+00   1.936059238408e-04   1.445014777436e-02   2.680723183870e-02  -2.593585993227e-06  -2.069074388801e-07  -6.292464904464e-07   0.000000000000e+00   1.936059238408e-04   1.445014777436e-02   2.680723183870e-02  -2.593585993227e-06  -2.069074388801e-07   6.292464904464e-07
   1.160899766559e-17   1.368299091054e-19   0.000000000000e+00   6.119923480445e-01   0.000000000000e+00  -5.282786597036e-17   0.000000000000e+00   1.000000000000e+00   2.478713610349e-48  -3.984887206839e-17   0.000000000000e+00   6.250598589784e-01   9.933133073751e-49   0.000000000000e+00   0.000000000000e+00   2.333933173537e-01   0.000000000000e+00   0.000000000000e+00   0.000000000000e+00   3.502751476374e-17   0.000000000000e+00   6.066943523367e-17  -3.081507636564e-01  -3.153899910905e-01  -1.116836047515e-01  -2.553980348110e-02  -2.559348986367e-01  -3.224490051364e-01  -2.391025284516e-17  -5.426847614105e-02  -5.630222443463e-02  -2.007497143202e-02  -4.603117017708e-03   1.116807415079e-01   2.349480870877e-01  -7.496721112098e-18   0.000000000000e+00   0.000000000000e+00   0.000000000000e+00   0.000000000000e+00   0.000000000000e+00  -4.750630139134e-07   2.478396316171e-06   9.245608437211e-07  -1.524231423057e-22  -3.372558270446e-04   1.457966821956e-03   1.385523567753e-03  -8.966600011867e-20  -2.905636938125e-03   8.470250411531e-03   2.184403970771e-02  -5.209264456284e-19  -3.952193650908e-07   2.430627302588e-23   3.529381960859e-07   7.964765968882e-23  -6.837619804582e-07   0.000000000000e+00   1.494065039681e-05   1.115123968296e-03   2.068725331656e-03  -2.069074388801e-07   7.162237662096e-08  -4.855921575472e-08   0.000000000000e+00   1.494065039681e-05   1.115123968296e-03   2.068725331656e-03  -2.069074388801e-07   7.162237662096e-08   4.855921575472e-08
   7.117246995080e-33  -1.895949874466e-32   0.000000000000e+00   0.000000000000e+00   6.119923480445e-01  -4.692057051368e-32   0.000000000000e+00   2.478713610349e-48   1.000000000000e+00  -3.539290822053e-32   0.000000000000e+00   9.933133073751e-49   6.250598589784e-01   0.000000000000e+00   0.000000000000e+00   0.000000000000e+00   2.333933173537e-01   0.000000000000e+00  -6.066943523367e-17   0.000000000000e+00   0.000000000000e+00   0.000000000000e+00  -1.268433811662e-17  -1.298232474949e-17  -4.597206211470e-18  -1.051288982517e-18  -1.053498862580e-17  -2.391025284516e-17   2.584218771841e-01  -2.190710751342e-17  -2.272809136428e-17  -8.103867820927e-18  -1.858187046596e-18   4.508330038666e-17  -7.496721112098e-18   2.535190294432e-01   0.000000000000e+00   0.000000000000e+00   0.000000000000e+00   0.000000000000e+00   0.000000000000e+00  -3.610004804236e-22   1.883333862276e-21  -1.524231423057e-22   1.125143949009e-06  -2.562807712304e-19   1.107909283091e-18  -8.966600011867e-20   1.503520641364e-03  -2.207994097370e-18   6.436545002067e-18  -5.209264456284e-19   2.252955925881e-02   7.964765968882e-23   4.046895452961e-08   3.214624682818e-22  -5.000326806258e-07  -4.888385006030e-22   0.000000000000e+00   4.543747618774e-05   3.391312788273e-03   6.291403352572e-03  -6.292464904464e-07  -4.855921575472e-08  -6.008867958635e-08   0.000000000000e+00  -4.543747618774e-05  -3.391312788273e-03  -6.291403352572e-03   6.292464904464e-07   4.855921575472e-08  -6.008867958635e-08
   1.579450275960e-01   1.702974760105e-01   0.000000000000e+00  -5.529295643476e-17  -7.120020733996e-34   7.543153851937e-01   0.000000000000e+00  -3.984887206839e-17  -3.539290822053e-32   1.000000000000e+00   0.000000000000e+00  -2.806532035135e-17   0.000000000000e+00   8.034172688426e-01   0.000000000000e+00  -1.296432025987e-17   1.151462948090e-32   0.000000000000e+00   0.000000000000e+00   0.000000000000e+00   0.000000000000e+00   0.000000000000e+00   3.147051830277e-01   6.190266842392e-01   6.767951493621e-01   4.813040357924e-01   1.398405449021e-01   3.173826669757e-01   1.306434880286e-17   3.116039606089e-01   6.149005335909e-01   6.744833811456e-01   4.805954473063e-01  -3.415061468242e-01   5.678768676763e-02   2.292406287996e-17   9.815778054620e-05   9.030571292678e-05  -4.413867565099e-04   3.572258628540e-05   2.714560054838e-20   1.814432226684e-03  -4.167118652161e-03   3.372558270446e-04   2.562807712304e-19   2.094262441438e-02  -5.804403240064e-02   4.697655571226e-03   3.569749419361e-18   1.176703984688e-01  -2.818520107035e-01   2.281102145356e-02   1.733409981942e-17  -3.451552010282e-04   2.122729120464e-20  -1.239183422552e-03  -2.622835071193e-19   2.118394333307e-03   1.480289028715e-04   3.409846355564e-03   4.728610410933e-02   1.530296652133e-01  -1.154019411551e-03  -8.905616231709e-05  -2.708374232167e-04   1.480289028715e-04   3.409846355564e-03   4.728610410933e-02   1.530296652133e-01  -1.154019411551e-03  -8.905616231709e-05   2.708374232167e-04
  -6.707557440783e-17   0.000000000000e+00   1.971949078096e-01   0.000000000000e+00   0.000000000000e+00   0.000000000000e+00   6.250598589784e-01   0.000000000000e+00   0.000000000000e+00   0.000000000000e+00   1.000000000000e+00   0.000000000000e+00   0.000000000000e+00   0.000000000000e+00   6.943342744408e-01   0.000000000000e+00   0.000000000000e+00   0.000000000000e+00   0.000000000000e+00   0.000000000000e+00   0.000000000000e+00   0.000000000000e+00  -1.925714458831e-01  -2.558012869981e-01  -1.430847248444e-01  -4.381473418992e-02   3.023738445399e-01  -1.745486654783e-01  -7.184906065010e-18   4.698008168340e-01   6.260790814013e-01   3.513486242621e-01   1.077981478736e-01  -8.684743321509e-02   7.695174532268e-02   3.106389340559e-17   5.181679344323e-04   4.883279937237e-04  -2.092686195107e-03   1.822554917952e-04   1.384959851029e-19   7.843843679068e-03  -1.651105538908e-02   1.457966821956e-03   1.107909283091e-18   5.804403240064e-02  -1.399307040981e-01   1.301989983624e-02   9.893824520737e-18   1.620539876555e-01  -2.864687084165e-01   3.141501207736e-02   2.387227403586e-17  -1.472711209157e-03   9.823172055745e-20  -4.846073038358e-03  -1.119113545909e-18   8.264375481050e-03   7.519521619822e-04   1.180156681981e-02   8.372999663288e-02   1.166776868394e-01  -4.941963662997e-03  -4.102124226385e-04  -1.247537201562e-03   7.519521619822e-04   1.180156681981e-02   8.372999663288e-02   1.166776868394e-01  -4.941963662997e-03  -4.102124226385e-04   1.247537201562e-03
   4.162310187495e-18   4.696920026261e-18   0.000000000000e+00   1.971949078096e-01   0.000000000000e+00  -2.117010293141e-17   0.000000000000e+00   6.250598589784e-01   9.933133073751e-49  -2.806532035135e-17   0.000000000000e+00   1.000000000000e+00   0.000000000000e+00  -2.254816302587e-17   0.000000000000e+00   6.943342744408e-01  -3.231617651084e-49   0.000000000000e+00   0.000000000000e+00   0.000000000000e+00   0.000000000000e+00   0.000000000000e+00  -4.370609333691e-01  -5.805676368047e-01  -3.247456709096e-01  -9.944209813945e-02  -1.745486654783e-01  -1.687541348867e-02  -1.630689189948e-17  -7.812129262575e-02  -1.041081781309e-01  -5.842435284512e-02  -1.792532144005e-02   7.695174532268e-02   3.631240381537e-01  -5.165490181960e-18  -4.193668812006e-05  -3.952166356168e-05   1.822554917952e-04   1.445044940840e-04  -1.120884282333e-20  -6.348228135575e-04   1.457966821956e-03   1.385523567753e-03  -8.966600011867e-20  -4.697655571226e-03   1.301989983624e-02   1.988888981888e-02  -8.007331323875e-19  -1.311545367307e-02   3.141501207736e-02   9.915134521273e-02  -1.932045664028e-18  -1.409467612222e-03   8.668326410559e-20   3.922053838382e-04   9.823172055745e-20  -9.179255609448e-04   5.802846392519e-05   9.107318644567e-04   6.461478980604e-03   9.004066061579e-03  -4.102124226385e-04   3.420492664052e-04  -9.627296942048e-05   5.802846392519e-05   9.107318644567e-04   6.461478980604e-03   9.004066061579e-03  -4.102124226385e-04   3.420492664052e-04   9.627296942048e-05
   3.935357398609e-33  -1.730187253004e-34   0.000000000000e+00   0.000000000000e+00   1.971949078096e-01  -1.880282856651e-32   0.000000000000e+00   9.933133073751e-49   6.250598589784e-01   0.000000000000e+00   0.000000000000e+00   0.000000000000e+00   1.000000000000e+00   2.002679180346e-32   0.000000000000e+00  -3.231617651084e-49   6.943342744408e-01   0.000000000000e+00   0.000000000000e+00   0.000000000000e+00   0.000000000000e+00   0.000000000000e+00  -1.799063740955e-17  -2.389777042062e-17  -1.336743041896e-17  -4.093311925826e-18  -7.184906065010e-18  -1.630689189948e-17   3.792809444929e-01  -3.153601645625e-17  -4.202640673773e-17  -2.358475251550e-17  -7.236096753096e-18   3.106389340559e-17  -5.165490181960e-18   3.759200350933e-01  -3.186769779025e-20  -3.003252013954e-20   1.384959851029e-19  -1.120884282333e-20   1.592549083989e-04  -4.824019845079e-19   1.107909283091e-18  -8.966600011867e-20   1.503520641364e-03  -3.569749419361e-18   9.893824520737e-18  -8.007331323875e-19   2.094262441438e-02  -9.966435900683e-18   2.387227403586e-17  -1.932045664028e-18   1.016938444224e-01   9.823172055745e-20   1.245340035976e-04   4.619468326347e-19  -1.538736850798e-03  -6.028984050073e-19   1.764760487519e-04   2.769715929736e-03   1.965063698843e-02   2.738314774791e-02  -1.247537201562e-03  -9.627296942048e-05   8.092036863567e-05  -1.764760487519e-04  -2.769715929736e-03  -1.965063698843e-02  -2.738314774791e-02   1.247537201562e-03   9.627296942048e-05   8.092036863567e-05
   7.194213528220e-02   7.611738684957e-02  -2.376807622691e-16   3.516210731564e-19   9.977499724694e-33   4.176890115920e-01  -3.530499059468e-16   0.000000000000e+00   0.000000000000e+00   8.034172688426e-01   0.000000000000e+00  -2.254816302587e-17   2.002679180346e-32   1.000000000000e+00  -2.581835519377e-16   1.613647199611e-17   0.000000000000e+00   0.000000000000e+00   0.000000000000e+00   0.000000000000e+00   0.000000000000e+00   0.000000000000e+00   2.543221566783e-01   5.839791374512e-01   8.531430306733e-01   8.064335053320e-01   4.675458471399e-02   1.061143947934e-01   4.367962119027e-18   2.533847941946e-01   5.821525064778e-01   8.512981523186e-01   8.054835544625e-01  -1.147929649799e-01   1.908846150801e-02   7.705633330020e-18   5.801195103882e-03   6.033753171257e-03  -7.506109562981e-03   6.074891069487e-04   4.616310953236e-19   4.031970343072e-02  -3.590192640219e-02   2.905636938125e-03   2.207994097370e-18   1.176703984688e-01  -1.620539876555e-01   1.311545367307e-02   9.966435900683e-18   2.785901152192e-01  -4.439466257677e-01   3.592976320924e-02   2.730303433474e-17  -1.430626961119e-03   8.798457916439e-20  -5.136266841100e-03  -1.087133717307e-18   8.780490742952e-03   1.440507534928e-02   5.107656108576e-02   1.584219304477e-01   3.224406305111e-01  -2.484159842659e-02  -1.917036576292e-03  -5.830087812301e-03   1.440507534928e-02   5.107656108576e-02   1.584219304477e-01   3.224406305111e-01  -2.484159842659e-02  -1.917036576292e-03   5.830087812301e-03
  -1.070864278116e-17   1.633925480781e-19   5.657041005734e-02   0.000000000000e+00  -3.406456418604e-48  -1.078404326182e-16   2.333933173537e-01   0.000000000000e+00   0.000000000000e+00   0.000000000000e+00   6.943342744408e-01   0.000000000000e+00   0.000000000000e+00  -2.581835519377e-16   1.000000000000e+00  -4.166171655698e-33   0.000000000000e+00   0.000000000000e+00   0.000000000000e+00   0.000000000000e+00   8.949426093278e-33   0.000000000000e+00  -1.009199292792e-01  -1.966068021998e-01  -1.984747886612e-01  -1.021467801435e-01   2.027377145202e-01  -4.043429619021e-02  -1.664387517002e-18   2.477444370735e-01   4.829130564848e-01   4.879734129695e-01   2.513875495630e-01   1.119967032571e-01   1.792162896621e-02   7.234606174642e-18   1.821039816467e-02   1.907129807364e-02  -1.855372361716e-02   1.882819483239e-03   1.430754906388e-18   1.175363584128e-01  -8.212849450314e-02   8.470250411531e-03   6.436545002067e-18   2.818520107035e-01  -2.864687084165e-01   3.141501207736e-02   2.387227403586e-17   4.439466257677e-01  -4.288599907380e-01   5.725579002980e-02   4.350868643199e-17  -3.381882830033e-03   2.632012280065e-19  -8.960490862382e-03  -2.569893447021e-18   1.517366254731e-02   4.784850093350e-02   1.440238316113e-01   3.086812898263e-01   3.420718876372e-01  -6.528926788893e-02  -6.118112944911e-03  -1.860639288552e-02   4.784850093350e-02   1.440238316113e-01   3.086812898263e-01   3.420718876372e-01  -6.528926788893e-02  -6.118112944911e-03   1.860639288552e-02
  -5.999862218991e-20   4.912757525581e-20   0.000000000000e+00   5.657041005734e-02  -5.039456496750e-51   0.000000000000e+00   0.000000000000e+00   2.333933173537e-01   0.000000000000e+00  -1.296432025987e-17   0.000000000000e+00   6.943342744408e-01  -3.231617651084e-49   1.613647199611e-17  -4.166171655698e-33   1.000000000000e+00   0.000000000000e+00   0.000000000000e+00   8.949426093278e-33   0.000000000000e+00   0.000000000000e+00   0.000000000000e+00  -2.290482801540e-01  -4.462195944062e-01  -4.504591840431e-01  -2.318327458436e-01  -4.043429619021e-02   1.287834449630e-01  -3.777500648306e-18  -4.119642829796e-02  -8.030167434080e-02  -8.114314071456e-02  -4.180222685483e-02   1.792162896621e-02   2.167925298032e-01  -1.203013629925e-18  -1.473815220177e-03  -1.543490104680e-03   1.882819483239e-03   4.557932310673e-03  -1.157947420100e-19  -9.512525337806e-03   8.470250411531e-03   2.184403970771e-02  -5.209264456284e-19  -2.281102145356e-02   3.141501207736e-02   9.915134521273e-02  -1.932045664028e-18  -3.592976320924e-02   5.725579002980e-02   2.739562541677e-01  -3.521271950976e-18  -1.074634951440e-02   6.609081649338e-19   7.251959948275e-04   2.632012280065e-19  -3.023568790253e-03   3.692488898463e-03   1.111437953046e-02   2.382106468562e-02   2.639783113230e-02  -6.118112944911e-03   1.351913995138e-02  -1.435863147849e-03   3.692488898463e-03   1.111437953046e-02   2.382106468562e-02   2.639783113230e-02  -6.118112944911e-03   1.351913995138e-02   1.435863147849e-03
   4.092977127742e-37  -1.109059643966e-33  -3.406456418604e-48  -5.039456496750e-51   5.657041005734e-02   0.000000000000e+00   0.000000000000e+00   0.000000000000e+00   2.333933173537e-01   1.151462948090e-32   0.000000000000e+00  -3.231617651084e-49   6.943342744408e-01   0.000000000000e+00   0.000000000000e+00   0.000000000000e+00   1.000000000000e+00   0.000000000000e+00   0.000000000000e+00   1.033390712809e-32   0.000000000000e+00   0.000000000000e+00  -9.428261011042e-18  -1.836763324079e-17  -1.854214648162e-17  -9.542877323724e-18  -1.664387517002e-18  -3.777500648306e-18   2.205532873297e-01  -1.663018105662e-17  -3.241619331118e-17  -3.275587659750e-17  -1.687472991925e-17   7.234606174642e-18  -1.203013629925e-18   2.197726455685e-01  -1.119952484107e-18  -1.172898442943e-18   1.430754906388e-18  -1.157947420100e-19   4.710313822936e-03  -7.228569929495e-18   6.436545002067e-18  -5.209264456284e-19   2.252955925881e-02  -1.733409981942e-17   2.387227403586e-17  -1.932045664028e-18   1.016938444224e-01  -2.730303433474e-17   4.350868643199e-17  -3.521271950976e-18   2.785901152192e-01   2.632012280065e-19   8.977622687065e-04   1.732698496493e-18  -1.109271240149e-02  -1.615400805978e-18   1.122958987336e-02   3.380102886048e-02   7.244457441093e-02   8.028103138924e-02  -1.860639288552e-02  -1.435863147849e-03   9.624533153616e-03  -1.122958987336e-02  -3.380102886048e-02  -7.244457441093e-02  -8.028103138924e-02   1.860639288552e-02   1.435863147849e-03   9.624533153616e-03
  -1.057651977225e-32   0.000000000000e+00   5.018117135848e-18  -6.834921243739e-16   0.000000000000e+00   0.000000000000e+00  -6.066943523367e-17   0.000000000000e+00   0.000000000000e+00   0.000000000000e+00   0.000000000000e+00   0.000000000000e+00   0.000000000000e+00   0.000000000000e+00   0.000000000000e+00   0.000000000000e+00   0.000000000000e+00   1.000000000000e+00   0.000000000000e+00   0.000000000000e+00   0.000000000000e+00   0.000000000000e+00   1.800003208943e-01   7.759442205537e-02   9.362357628797e-03   7.566744061791e-04  -1.322839500980e-01   1.882875410288e-01   1.259464895163e-17  -7.764922232738e-02  -3.409743146700e-02  -4.145939063975e-03  -3.360209527645e-04   9.735227173257e-02   2.595833838937e-01  -9.700650575729e-18   0.000000000000e+00   0.000000000000e+00   0.000000000000e+00   0.000000000000e+00   0.000000000000e+00  -2.111259030655e-07   1.254599913481e-06   3.952193650908e-07  -7.964765968882e-23  -3.451552010282e-04   1.472711209157e-03   1.409467612222e-03  -9.823172055745e-20  -1.430626961119e-03   3.381882830033e-03   1.074634951440e-02  -2.632012280065e-19  -9.202675052945e-08   5.809331029778e-24   1.038258702775e-07   2.385075581602e-23  -1.977287638154e-07   0.000000000000e+00   1.457771944433e-05   7.046992484131e-04   5.059313431450e-04  -8.595254757484e-08   2.554585950956e-08  -2.075853671925e-08   0.000000000000e+00   1.457771944433e-05   7.046992484131e-04   5.059313431450e-04  -8.595254757484e-08   2.554585950956e-08   2.075853671925e-08
   1.386157137886e-48   0.000000000000e+00   0.000000000000e+00   3.780364726236e-32   5.018117135848e-18   0.000000000000e+00   0.000000000000e+00   0.000000000000e+00  -6.066943523367e-17   0.000000000000e+00   0.000000000000e+00   0.000000000000e+00   0.000000000000e+00   0.000000000000e+00   0.000000000000e+00   8.949426093278e-33   0.000000000000e+00   0.000000000000e+00   1.000000000000e+00   0.000000000000e+00   0.000000000000e+00   0.000000000000e+00   1.681620290050e-17   7.249117883497e-18   8.746612491060e-19   7.069093144225e-20   1.259464895163e-17   1.759042138284e-17  -2.670968365896e-01   5.212309271051e-18   2.288836292592e-18   2.783017778241e-19   2.255586179572e-20  -9.700650575729e-18  -1.742488640486e-17  -4.716102057311e-02   0.000000000000e+00   0.000000000000e+00   0.000000000000e+00   0.000000000000e+00   0.000000000000e+00   1.298439372161e-23  -7.964765968882e-23  -2.430627302588e-23  -4.046895452961e-08   2.122729120464e-20  -9.823172055745e-20  -8.668326410559e-20  -1.245340035976e-04   8.798457916439e-20  -2.632012280065e-19  -6.609081649338e-19  -8.977622687065e-04   5.809331029778e-24   2.432820411218e-09  -7.477455894852e-24   1.025222086984e-08   1.279097899666e-23   0.000000000000e+00   3.421252650656e-06   1.653862375906e-04   1.187372932642e-04  -2.075853671925e-08   5.995371216611e-09  -2.373699203292e-09   0.000000000000e+00  -3.421252650656e-06  -1.653862375906e-04  -1.187372932642e-04   2.075853671925e-08  -5.995371216611e-09  -2.373699203292e-09
   0.000000000000e+00   0.000000000000e+00   3.946143619963e-16  -2.897211279207e-18   4.365189184655e-32   0.000000000000e+00   0.000000000000e+00   3.502751476374e-17   0.000000000000e+00   0.000000000000e+00   0.000000000000e+00   0.000000000000e+00   0.000000000000e+00   0.000000000000e+00   0.000000000000e+00   0.000000000000e+00   1.033390712809e-32   0.000000000000e+00   0.000000000000e+00   1.000000000000e+00   0.000000000000e+00   0.000000000000e+00  -1.408268696005e-01  -6.070755597671e-02  -7.324828702489e-03  -5.919994331099e-04  -3.752849109796e-02  -8.517481536262e-02  -2.254896821769e-17  -1.385276593099e-01  -6.083045300425e-02  -7.396432532863e-03  -5.994676401173e-04   9.406983319629e-02  -1.564249508102e-02  -3.928929402361e-17   0.000000000000e+00   0.000000000000e+00   0.000000000000e+00   0.000000000000e+00   0.000000000000e+00  -7.579886334343e-07   4.360889336910e-06  -3.529381960859e-07  -3.214624682818e-22  -1.239183422552e-03   4.846073038358e-03  -3.922053838382e-04  -4.619468326347e-19  -5.136266841100e-03   8.960490862382e-03  -7.251959948275e-04  -1.732698496493e-18   1.038258702775e-07  -7.477455894852e-24   3.760203707577e-07   9.239112694716e-23  -6.372325683960e-07   0.000000000000e+00  -4.884917295646e-05  -2.361410205450e-03  -1.695349384365e-03   2.777038160226e-07   2.143052003132e-08   7.833339244848e-08   0.000000000000e+00  -4.884917295646e-05  -2.361410205450e-03  -1.695349384365e-03   2.777038160226e-07   2.143052003132e-08  -7.833339244848e-08
  -1.099980503965e-47   1.651778813037e-49   3.780364726236e-32   0.000000000000e+00  -6.834921243739e-16   0.000000000000e+00   0.000000000000e+00   0.000000000000e+00   0.000000000000e+00   0.000000000000e+00   0.000000000000e+00   0.000000000000e+00   0.000000000000e+00   0.000000000000e+00   8.949426093278e-33   0.000000000000e+00   0.000000000000e+00   0.000000000000e+00   0.000000000000e+00   0.000000000000e+00   1.000000000000e+00   0.000000000000e+00   7.409311287215e-18   3.194001123462e-18   3.853805465977e-19   3.114681235342e-20  -5.445173429186e-18   1.259464895163e-17  -1.176843320595e-01  -3.134545103935e-17  -1.376445683010e-17  -1.673633373867e-18  -1.356449943396e-19   3.929918131436e-17  -9.700650575729e-18   2.836139193717e-01   0.000000000000e+00   0.000000000000e+00   0.000000000000e+00   0.000000000000e+00   0.000000000000e+00  -1.604346164705e-22   9.533707281801e-22  -7.964765968882e-23   5.000326806258e-07  -2.622835071193e-19   1.119113545909e-18  -9.823172055745e-20   1.538736850798e-03  -1.087133717307e-18   2.569893447021e-18  -2.632012280065e-19   1.109271240149e-02   2.385075581602e-23   1.025222086984e-08   9.239112694716e-23  -1.234134454413e-07  -1.424634629288e-22   0.000000000000e+00   4.433373129890e-05   2.143129948755e-03   1.538637391695e-03  -2.613987162527e-07  -2.075853671925e-08  -3.075918483921e-08   0.000000000000e+00  -4.433373129890e-05  -2.143129948755e-03  -1.538637391695e-03   2.613987162527e-07   2.075853671925e-08  -3.075918483921e-08
   0.000000000000e+00   0.000000000000e+00  -6.834921243739e-16  -5.018117135848e-18   0.000000000000e+00   0.000000000000e+00   0.000000000000e+00   6.066943523367e-17   0.000000000000e+00   0.000000000000e+00   0.000000000000e+00   0.000000000000e+00   0.000000000000e+00   0.000000000000e+00   0.000000000000e+00   0.000000000000e+00   0.000000000000e+00   0.000000000000e+00   0.000000000000e+00   0.000000000000e+00   0.000000000000e+00   1.000000000000e+00  -1.646101639704e-01  -7.096004315028e-02  -8.561869316505e-03  -6.919782001195e-04  -2.409706197753e-01  -1.271422124177e-02  -1.151779740601e-17   2.270249665864e-01   9.969151019750e-02   1.212158537145e-02   9.824328343182e-04  -1.389031950775e-01   1.174196960682e-01   2.836203385961e-17   0.000000000000e+00   0.000000000000e+00   0.000000000000e+00   0.000000000000e+00   0.000000000000e+00   1.295787852351e-06  -7.448468582178e-06   6.837619804582e-07   4.888385006030e-22   2.118394333307e-03  -8.264375481050e-03   9.179255609448e-04   6.028984050073e-19   8.780490742952e-03  -1.517366254731e-02   3.023568790253e-03   1.615400805978e-18  -1.977287638154e-07   1.279097899666e-23  -6.372325683960e-07  -1.424634629288e-22   1.089319559276e-06   0.000000000000e+00   9.388898747820e-05   4.538672812496e-03   3.258491955671e-03  -5.373021631557e-07  -4.646009884467e-08  -1.336970437347e-07   0.000000000000e+00   9.388898747820e-05   4.538672812496e-03   3.258491955671e-03  -5.373021631557e-07  -4.646009884467e-08   1.336970437347e-07
   1.450769798339e-02   1.325885902876e-02  -3.119561431020e-02  -7.080169256098e-02  -2.914393581299e-18   1.693013234587e-01  -1.357729176339e-01  -3.081507636564e-01  -1.268433811662e-17   3.147051830277e-01  -1.925714458831e-01  -4.370609333691e-01  -1.799063740955e-17   2.543221566783e-01  -1.009199292792e-01  -2.290482801540e-01  -9.428261011042e-18   1.800003208943e-01   1.681620290050e-17  -1.408268696005e-01   7.409311287215e-18  -1.646101639704e-01   1.000000000000e+00   7.063772200372e-01   3.736639626622e-01   1.837659445759e-01   3.081225033956e-18   2.778825718503e-16  -1.756346734192e-32   6.296161310516e-03   8.450479968168e-02   1.713234877016e-01   1.378444085908e-01  -5.362954845506e-02  -2.879513843690e-02   1.114293148143e-18   0.000000000000e+00   0.000000000000e+00   0.000000000000e+00   0.000000000000e+00   0.000000000000e+00   0.000000000000e+00   0.000000000000e+00   0.000000000000e+00   0.000000000000e+00   1.342925738284e-04  -6.936708517464e-04  -1.352960778042e-04   3.004365908380e-20   1.388717281932e-02  -4.690806076489e-02  -9.149118235129e-03   2.031640485332e-18   0.000000000000e+00   0.000000000000e+00   0.000000000000e+00   0.000000000000e+00   0.000000000000e+00   0.000000000000e+00   8.323818840249e-07   2.383119111299e-03   2.846418541906e-02   0.000000000000e+00   0.000000000000e+00   0.000000000000e+00   0.000000000000e+00   8.323818840249e-07   2.383119111299e-03   2.846418541906e-02   0.000000000000e+00   0.000000000000e+00   0.000000000000e+00
   6.789909554822e-02   7.200981558337e-02  -4.029405449396e-02  -9.145154924497e-02  -3.764398822667e-18   3.783842388298e-01  -1.389625609710e-01  -3.153899910905e-01  -1.298232474949e-17   6.190266842392e-01  -2.558012869981e-01  -5.805676368047e-01  -2.389777042062e-17   5.839791374512e-01  -1.966068021998e-01  -4.462195944062e-01  -1.836763324079e-17   7.759442205537e-02   7.249117883497e-18  -6.070755597671e-02   3.194001123462e-18  -7.096004315028e-02   7.063772200372e-01   1.000000000000e+00   7.889632276872e-01   4.631805400595e-01  -6.776470564846e-16  -3.388235282423e-16   1.880848411697e-32   8.450479968168e-02   2.620154314969e-01   4.151214309282e-01   3.548193160131e-01  -1.804014841885e-01  -9.686238018176e-02   3.748309346935e-18   8.722002766118e-07   6.520705899334e-07  -7.042117833203e-06  -1.373520193141e-06   3.050019859939e-22   5.632924780308e-05  -1.761951918795e-04  -3.436574901373e-05   7.631210485069e-21   3.190929240250e-03  -1.123067496836e-02  -2.190471562252e-03   4.864130721092e-19   4.951337719041e-02  -1.419773567943e-01  -2.769177840314e-02   6.149197842766e-18   3.377441782556e-05  -1.462807745706e-21  -5.188961161993e-05  -7.499900302901e-21   8.328795881007e-05   8.323818840249e-07   1.686764109756e-04   1.224977711229e-02   8.222395293741e-02  -1.734613239089e-05  -5.394944984732e-06  -3.636759666799e-06   8.323818840249e-07   1.686764109756e-04   1.224977711229e-02   8.222395293741e-02  -1.734613239089e-05  -5.394944984732e-06   3.636759666799e-06
   5.959704771520e-02   6.302142250731e-02  -1.202029787828e-02  -2.728131673915e-02  -1.122974487163e-18   3.479638218860e-01  -4.920840918597e-02  -1.116836047515e-01  -4.597206211470e-18   6.767951493621e-01  -1.430847248444e-01  -3.247456709096e-01  -1.336743041896e-17   8.531430306733e-01  -1.984747886612e-01  -4.504591840431e-01  -1.854214648162e-17   9.362357628797e-03   8.746612491060e-19  -7.324828702489e-03   3.853805465977e-19  -8.561869316505e-03   3.736639626622e-01   7.889632276872e-01   1.000000000000e+00   8.208664008791e-01   4.040674940153e-16  -2.020337470076e-16   0.000000000000e+00   1.713234877016e-01   4.151214309282e-01   6.555290613557e-01   6.593141535345e-01  -1.317475969878e-01  -7.073880730458e-02   2.737398483428e-18   1.459452196896e-03   1.496280462756e-03  -2.653747589083e-03  -5.175965508444e-04   1.149367710351e-19   1.168939148798e-02  -1.407966970218e-02  -2.746149824066e-03   6.098062149791e-19   4.570776846567e-02  -8.230408364423e-02  -1.605288686457e-02   3.564681756465e-18   1.550555557954e-01  -3.072317982002e-01  -5.992360377917e-02   1.330655220930e-17   1.762403627866e-03  -7.633166887487e-20  -2.707683674663e-03  -3.913569012716e-19   4.346100102229e-03   2.383119111299e-03   1.224977711229e-02   6.461717935074e-02   1.981068544968e-01  -6.055500189993e-03  -1.883364524371e-03  -1.269585539704e-03   2.383119111299e-03   1.224977711229e-02   6.461717935074e-02   1.981068544968e-01  -6.055500189993e-03  -1.883364524371e-03   1.269585539704e-03
   3.418613546692e-02   3.595018995147e-02  -2.495545974048e-03  -5.663901248085e-03  -2.331418479624e-19   2.120627523843e-01  -1.125297757915e-02  -2.553980348110e-02  -1.051288982517e-18   4.813040357924e-01  -4.381473418992e-02  -9.944209813945e-02  -4.093311925826e-18   8.064335053320e-01  -1.021467801435e-01  -2.318327458436e-01  -9.542877323724e-18   7.566744061791e-04   7.069093144225e-20  -5.919994331099e-04   3.114681235342e-20  -6.919782001195e-04   1.837659445759e-01   4.631805400595e-01   8.208664008791e-01   1.000000000000e+00   0.000000000000e+00  -1.039764176481e-16   0.000000000000e+00   1.378444085908e-01   3.548193160131e-01   6.593141535345e-01   8.624513694687e-01  -4.084924087758e-02  -2.193304959668e-02   8.487490670346e-19   9.174496702109e-03   9.610822865008e-03  -5.745639039404e-03  -1.120650268860e-03   2.488500418950e-19   5.935697561586e-02  -2.682687922491e-02  -5.232411783944e-03   1.161902091873e-18   1.508089817397e-01  -1.169292638506e-01  -2.280630754441e-02   5.064336970776e-18   3.186918652613e-01  -3.438131046251e-01  -6.705855440856e-02   1.489092943418e-17   1.301049867956e-03  -5.634992242428e-20  -1.998878935385e-03  -2.889093262590e-19   3.208398391109e-03   2.846418541906e-02   8.222395293741e-02   1.981068544968e-01   3.829579651623e-01  -2.348220403422e-02  -7.303368614399e-03  -4.923237675969e-03   2.846418541906e-02   8.222395293741e-02   1.981068544968e-01   3.829579651623e-01  -2.348220403422e-02  -7.303368614399e-03   4.923237675969e-03
