ARMA_MAT_TXT_FN008
65 65
   3.280738997128e-01   2.804163586768e-01  -3.864045735289e-03  -2.146149726349e-06   1.515763442381e-07  -4.296747100123e-02  -1.558809763991e-03  -7.512882976672e-06   1.318278919756e-07  -2.909374124184e-02  -2.344192844435e-03  -9.603363820998e-06   1.020784064801e-07  -6.225393583889e-03  -2.297701936409e-04   7.407719070965e-06  -5.962524433747e-08  -3.262434548373e-07  -1.889960419063e-08   3.893213585423e-04   9.792755734090e-09  -6.670885570295e-04   3.109092259750e-04   4.714656477180e-04  -7.455319796250e-03  -1.001757060653e-06   1.782370526597e-09  -8.346920797146e-04  -1.168733775126e-02  -1.924706725335e-06   8.182103503612e-09   3.374028318972e-03  -6.542371753522e-03   1.545441687066e-06  -3.656880054546e-08   5.645839174521e-03   1.243154196950e-03   5.312631006787e-07  -1.164996782258e-08  -4.193951337701e-07  -5.920520452921e-10   3.838013630035e-04   8.086903005767e-09  -6.645980100901e-04  -8.973982926743e-03  -1.346082860952e-02   1.254487369800e-03   7.778761398377e-04   5.285056450869e-04  -1.158720397476e-03  -1.992175856486e-03  -8.973669843044e-03  -1.346050332860e-02   1.254463814720e-03   7.779430306321e-04   5.285360602933e-04  -1.149835311869e-03   1.997261259714e-03  -8.977459804872e-03  -1.346592887918e-02   1.245128030010e-03   7.650177958687e-04   5.243068155801e-04   2.304148356784e-03  -5.070370849044e-06
   2.804163586768e-01   2.467382973230e-01  -5.609150303614e-03  -3.576184976743e-06   2.344892709833e-07  -7.318798703181e-02  -2.823835360609e-03  -1.287719207429e-05   2.273845317413e-07  -4.751873521844e-02  -3.673212171305e-03  -1.667818694996e-05   1.659007491289e-07  -1.007025153000e-02  -3.835887318289e-04   1.161196096510e-05  -9.351074150082e-08  -1.426720332729e-07  -4.030290453755e-08   5.778545610600e-04   1.685504649203e-08  -9.884394457521e-04   3.466713020954e-04   5.113012352711e-04  -1.276325952087e-02  -1.923497311032e-06   9.979191680883e-09  -5.739679903020e-04  -2.016829069295e-02  -3.607257636095e-06   2.505053739725e-08   6.189848961668e-03  -1.138218473079e-02   2.274061035551e-06  -5.186435885734e-08   9.332197628005e-03   2.031046551168e-03   1.157054030618e-06  -1.960401366483e-08  -7.400345696720e-07  -7.279205723053e-10   6.994553537425e-04   1.412125263217e-08  -1.211234847041e-03  -1.501408332077e-02  -2.228481990499e-02   1.846270558344e-03   1.285945517197e-03   9.042453586947e-04  -1.916563350463e-03  -3.294655739736e-03  -1.501356828433e-02  -2.228431840470e-02   1.846241043551e-03   1.286043818467e-03   9.043004444870e-04  -1.901872220794e-03   3.303074838402e-03  -1.502046185299e-02  -2.229459607809e-02   1.831213231065e-03   1.265507035934e-03   8.972145839147e-04   3.811112675001e-03  -8.385283823991e-06
  -3.864045735289e-03  -5.609150303614e-03   2.102506217113e-02  -1.109457214814e-05   1.137399777398e-08   1.297665418725e-02   3.825283646157e-02  -2.098018512792e-05   6.302697211296e-08   1.719830474219e-02   1.459914476972e-02  -1.114518849735e-05   1.511384401347e-07  -3.886418531590e-03  -5.637890078210e-04   2.815201893122e-06  -1.279034968494e-08  -1.357460401964e-05   4.784813091713e-08   4.649774135997e-03   1.429043021102e-07  -8.058540612782e-03   2.868162316193e-03   4.790828536243e-03  -3.136748715313e-02  -6.346711953375e-06   1.588512076052e-07  -1.355308333418e-02  -4.850326176185e-02  -1.013337635388e-05   2.482326632825e-07  -5.194613158563e-03  -3.713502183193e-02  -4.894407471075e-06   1.608465683056e-07   7.113309995075e-03  -2.201745640164e-03   3.084382430281e-06  -4.048863358191e-08  -1.176604233360e-06   1.342355795814e-10   1.053003206670e-03   2.241929740719e-08  -1.823946330770e-03   9.007681357659e-03   1.120831072475e-02   3.150637360779e-03   1.152876009918e-03   6.079492843282e-04   3.398497574377e-04   5.832280169089e-04   9.007790714364e-03   1.120857329584e-02   3.150727087598e-03   1.152903368431e-03   6.079267374671e-04   3.372613647973e-04  -5.847542031072e-04   8.983760079062e-03   1.118890444029e-02   3.147370353436e-03   1.148686952870e-03   6.078745689695e-04  -6.742375391219e-04   1.477508304855e-06
  -2.146149726349e-06  -3.576184976743e-06  -1.109457214814e-05   4.000303962245e-02   2.336244433986e-07   1.156527711881e-05  -1.177748061747e-05   6.322988720185e-02   2.273919358126e-07   4.256861078967e-05   1.006225261777e-06   3.852632796996e-02  -1.460575664035e-07  -3.721346265915e-06   1.362018347548e-06  -4.979539548212e-04  -4.216796936195e-08   3.976787766893e-03  -3.845218493079e-05  -5.006851249106e-03   6.132496219006e-09  -2.901479114613e-03   2.900283064993e-06   4.941229343877e-06  -1.815718169097e-05  -1.944488044768e-03  -6.149092822381e-08  -1.507282779082e-05  -2.887896746530e-05  -2.543374682949e-03  -9.274897001224e-08  -1.689328879029e-05  -2.424821199099e-05  -6.566279986551e-03  -8.172126843075e-08   2.079998422582e-06  -2.618727531090e-06  -7.545931317119e-03   2.243507674088e-08   1.211970909018e-03  -6.006727920017e-07  -7.711765013982e-05  -3.352855201187e-11  -4.626242010295e-05  -1.659066144620e-02  -2.657509112833e-02  -9.382422944194e-03  -1.869821438080e-03   7.043676962288e-04   8.733273823690e-04  -2.463340064088e-03  -1.646358188995e-02  -2.637191663372e-02  -9.310992321314e-03  -1.855520232301e-03   6.989978261962e-04   8.951346262741e-04   2.450757313451e-03   3.304002665023e-02   5.293366057367e-02   1.870681977284e-02   3.731187974737e-03  -1.397610905165e-03  -3.364203834598e-03   1.249089862145e-05
   1.515763442381e-07   2.344892709833e-07   1.137399777398e-08   2.336244433986e-07   4.001209607365e-02  -6.409609619643e-07   3.333534165523e-08   2.271153120760e-07   6.324865604781e-02   2.135571224087e-07   2.473898341802e-08  -1.470779169758e-07   3.856882089851e-02   5.207035158677e-07   2.329640031912e-08  -4.259994309926e-08  -4.954771148396e-04   6.026522325283e-09  -5.802224227716e-03   3.328612538145e-05   3.981742544660e-03   1.940846050095e-05  -4.023442322725e-08  -6.822133568376e-08   3.082153348161e-07  -6.143243060040e-08  -1.939279608750e-03   2.049750791734e-07   4.876622757456e-07  -9.266779068352e-08  -2.535167479506e-03   1.422925894739e-07   3.462402143382e-07  -8.160259138340e-08  -6.561459276865e-03  -2.767229559219e-07  -5.356331586608e-08   2.270386964155e-08  -7.552223946401e-03  -3.840249317495e-11  -8.953873003237e-05   4.986710338438e-07   1.212790280785e-03   3.190814453127e-07  -2.857960415277e-02  -4.580299953771e-02  -1.621814189909e-02  -3.231198357075e-03   1.213696524038e-03  -2.463420935706e-03  -1.928425503257e-03   2.865245579631e-02   4.592021626998e-02   1.625975603492e-02   3.239278644211e-03  -1.216836361675e-03   2.450843567117e-03  -1.950211340192e-03  -7.301975459749e-05  -1.171486510942e-04  -4.172761481711e-05  -8.367699695496e-06   3.088610503213e-06   1.248541448199e-05   2.306319759678e-03
  -4.296747100123e-02  -7.318798703181e-02   1.297665418725e-02   1.156527711881e-05  -6.409609619643e-07   1.940876926201e-01   8.913931915381e-03   3.784280301798e-05  -7.341967498510e-07   1.214076179925e-01   9.161538787443e-03   4.693938474451e-05  -4.895398884908e-07   2.471030626291e-02   1.024402491527e-03  -2.778646320395e-05   2.239981573345e-07  -1.263919231547e-06   1.377183798411e-07  -1.158792700701e-03  -4.429793239800e-08   1.972995417670e-03   3.795072654727e-04   7.979679437001e-04   3.353582202517e-02   9.471495978290e-06  -7.495978638637e-08  -4.826392671631e-03   5.335517142250e-02   1.619235801204e-05  -1.417596709997e-07  -2.085029610427e-02   3.021845738320e-02  -1.046169683699e-07   7.585010053432e-08  -2.366058958174e-02  -5.164802085182e-03  -3.495877554836e-06   5.972937173032e-08   2.217965085817e-06   1.335918649948e-09  -1.939767655960e-03  -4.143577102091e-08   3.359155262950e-03   3.930119723609e-02   5.761322609630e-02  -4.033291951263e-03  -3.185457988825e-03  -2.383348898008e-03   4.933709419862e-03   8.479731219591e-03   3.929977954793e-02   5.761187446537e-02  -4.033289910517e-03  -3.185688050409e-03  -2.383498859193e-03   4.895896344148e-03  -8.501417459631e-03   3.932139187322e-02   5.764553480882e-02  -3.995005868050e-03  -3.135274282785e-03  -2.365175958162e-03  -9.810706372418e-03   2.157792321197e-05
  -1.558809763991e-03  -2.823835360609e-03   3.825283646157e-02  -1.177748061747e-05   3.333534165523e-08   8.913931915381e-03   7.079063074663e-02  -2.647167750872e-05   1.131920166177e-07   2.234906240330e-02   2.665453010996e-02  -1.496374641610e-05   2.828034292972e-07  -8.890984436965e-03  -1.163210174994e-03   7.245370173675e-06  -4.028327309467e-08  -2.432207729232e-05   7.452061594508e-08   8.759407508594e-03   2.674200961423e-07  -1.518101064575e-02   4.735950014218e-03   7.963666306662e-03  -6.154976787016e-02  -1.238513754712e-05   2.928809484426e-07  -2.243307260919e-02  -9.525696999839e-02  -1.976255025573e-05   4.594281917375e-07  -5.960438841096e-03  -7.210108867025e-02  -9.816991635080e-06   2.849891265344e-07   1.507508551563e-02  -3.740821997280e-03   4.316078314079e-06  -7.529358215723e-08  -2.045145968600e-06   8.846884953235e-11   2.121762138175e-03   4.349487157845e-08  -3.675168697113e-03   1.372272365910e-02   1.642147678978e-02   6.180560700433e-03   2.347369976209e-03   1.321908570074e-03   2.485195239367e-04   4.245410990887e-04   1.372301690808e-02   1.642203969798e-02   6.180716215582e-03   2.347438034106e-03   1.321878690273e-03   2.466478870371e-04  -4.256927521594e-04   1.368858812520e-02   1.640195567546e-02   6.178286172427e-03   2.336987446050e-03   1.319860579917e-03  -4.916697101033e-04   1.070487282146e-06
  -7.512882976672e-06  -1.287719207429e-05  -2.098018512792e-05   6.322988720185e-02   2.271153120760e-07   3.784280301798e-05  -2.647167750872e-05   1.000874545547e-01   1.422344343696e-07   7.382310222756e-05  -6.657303002374e-08   6.081203257453e-02  -3.638094144821e-07  -6.976105660666e-06   1.574588468195e-06  -6.199333371035e-04  -5.831923661998e-08   5.896102966496e-03  -6.066530093221e-05  -7.903339828550e-03  -1.427751159742e-08  -4.576611714481e-03   1.132355149702e-06   2.040474932565e-06  -1.972942486238e-05   6.376466992167e-04   6.258929838873e-09  -7.184794087366e-06  -3.144041846008e-05   1.616519240114e-03   9.113574294913e-09  -1.616360819516e-05  -2.864833182980e-05  -5.381486745189e-03   2.330214027253e-08  -9.441585404244e-08  -4.288731572696e-06  -1.134183026872e-02   7.670747393350e-08   2.053173456517e-03  -9.301137920812e-07  -1.197947825475e-04  -8.067853588104e-10  -7.089729521924e-05  -2.611388928483e-02  -4.169187504202e-02  -1.455860024641e-02  -2.854382262675e-03   1.095476902156e-03   1.377479993881e-03  -3.874732524883e-03  -2.591405267372e-02  -4.137344566516e-02  -1.444790560295e-02  -2.832582208684e-03   1.087133976416e-03   1.411766006084e-03   3.854949438050e-03   5.201280520490e-02   8.305745639844e-02   2.902746343130e-02   5.697372139281e-03  -2.174956540717e-03  -5.290906206623e-03   1.964565929904e-05
   1.318278919756e-07   2.273845317413e-07   6.302697211296e-08   2.273919358126e-07   6.324865604781e-02  -7.341967498510e-07   1.131920166177e-07   1.422344343696e-07   1.001229278452e-01   5.466898689665e-07   6.489076742839e-08  -3.650075801008e-07   6.088271089806e-02   8.980826733369e-07   4.524894724948e-08  -5.904782418515e-08  -6.173254309902e-04  -1.441310276449e-08  -9.157776145666e-03   5.256054832583e-05   5.905915417083e-03   3.063125438388e-05  -3.573573566510e-08  -6.131534850502e-08   5.210245239600e-07   6.609261881600e-09   6.298105666583e-04   1.852107137094e-07   8.235794529852e-07   9.643158016895e-09   1.605129025614e-03   9.501521051856e-08   5.749522010710e-07   2.377206617362e-08  -5.395828225959e-03  -4.700219844555e-07  -9.193856785271e-08   7.710018945175e-08  -1.135500823711e-02  -7.881249429194e-10  -1.385536426362e-04   7.690800723330e-07   2.054019426271e-03   4.976893578082e-07  -4.499257422678e-02  -7.187262566289e-02  -2.517046784118e-02  -4.935110459600e-03   1.888738148156e-03  -3.876185613035e-03  -3.031480603656e-03   4.510751015847e-02   7.205694008572e-02   2.523510467759e-02   4.947436325213e-03  -1.893637722850e-03   3.856403155640e-03  -3.065804660762e-03  -1.150107810565e-04  -1.839402805203e-04  -6.485978415368e-05  -1.281839106090e-05   4.810159132846e-06   1.964496629147e-05   3.631904630109e-03
  -2.909374124184e-02  -4.751873521844e-02   1.719830474219e-02   4.256861078967e-05   2.135571224087e-07   1.214076179925e-01   2.234906240330e-02   7.382310222756e-05   5.466898689665e-07   8.193307319984e-02   1.095083946348e-02   6.273647191725e-05   3.490786996496e-07   9.506689057365e-03   6.602077702702e-04  -1.739424354983e-05   1.213619232016e-07   3.643927598650e-06  -1.944870304173e-08   1.607394504706e-03   6.366716847242e-08  -2.819199076845e-03   6.703379608481e-03   1.148492899337e-02   8.909065156693e-03  -6.461036632900e-05   3.592693641005e-07  -3.559933454800e-02   1.431243302381e-02  -9.699584057076e-05   5.405986690054e-07  -3.698095084013e-02   4.740123290921e-03  -9.696851296325e-05   5.081139851340e-07  -9.960213938405e-03  -3.691524021423e-03  -1.899664222763e-05  -3.271873748174e-08  -4.374353708236e-07  -1.249648509328e-09  -6.950845970579e-04   1.729815414833e-08   1.203270398615e-03   2.740992259848e-02   3.888089249060e-02  -7.327223269631e-04  -7.649841857309e-04  -1.118065002882e-03   3.054700477332e-03   5.245062042262e-03   2.741007998462e-02   3.888169191787e-02  -7.321777548659e-04  -7.650237618266e-04  -1.118197608830e-03   3.031394466872e-03  -5.258565174804e-03   2.746770714064e-02   3.899032457485e-02  -6.693784535439e-04  -7.269910744281e-04  -1.110725893940e-03  -6.075666557445e-03   1.339690031457e-05
  -2.344192844435e-03  -3.673212171305e-03   1.459914476972e-02   1.006225261777e-06   2.473898341802e-08   9.161538787443e-03   2.665453010996e-02  -6.657303002374e-08   6.489076742839e-08   1.095083946348e-02   1.075433268230e-02   1.080678129039e-06   1.144502493639e-07  -6.998411167054e-04  -5.641721484886e-04   1.218294684990e-06  -1.056546893397e-09  -8.699736765321e-06   2.135655075701e-08   3.104770388424e-03   9.985450589222e-08  -5.383335329593e-03  -1.018394408334e-03  -1.773812324411e-03  -2.349041617634e-02  -1.239282505757e-06   9.205231834126e-08   5.809335507917e-03  -3.611845307436e-02  -2.057978925891e-06   1.434516001762e-07   9.083466199761e-03  -2.772594182332e-02  -3.815469427452e-08   8.490545100718e-08   4.387296693721e-03  -1.746554329578e-03   1.240232018986e-06  -3.648960271815e-08  -3.974361779667e-07   5.537171705269e-12   7.372495880482e-04   1.505578333695e-08  -1.277077096257e-03   6.295119444289e-03   8.069813602179e-03   2.029182151817e-03   4.447118021443e-04   4.050576005314e-04   2.612141419571e-04   4.477002019526e-04   6.295246960836e-03   8.070087366575e-03   2.029272860480e-03   4.447400353330e-04   4.050368000766e-04   2.592331129873e-04  -4.488760567778e-04   6.289024009162e-03   8.072115172852e-03   2.032884478310e-03   4.433719253320e-04   4.048298842255e-04  -5.186887002493e-04   1.140343515292e-06
  -9.603363820998e-06  -1.667818694996e-05  -1.114518849735e-05   3.852632796996e-02  -1.470779169758e-07   4.693938474451e-05  -1.496374641610e-05   6.081203257453e-02  -3.650075801008e-07   6.273647191725e-05   1.080678129039e-06   3.715262556711e-02  -5.066881140255e-07   7.208797920500e-06   1.841063689163e-06  -5.763785805521e-04  -2.995035811154e-08   4.055679650313e-03  -3.703159242757e-05  -4.829930663372e-03  -4.837275189060e-08  -2.796866551473e-03   2.116093580987e-07   3.123398044183e-07  -7.511375248882e-06  -4.021906266381e-03   1.208501499019e-07  -1.489155720417e-06  -1.192162028577e-05  -5.713770243526e-03   1.803234160016e-07  -9.552174901739e-06  -1.335725692738e-05  -9.217948269695e-03   2.010602444245e-07  -4.903028547614e-06  -3.457629406918e-06  -7.606432600218e-03   1.178832218097e-07   1.087603165227e-03  -5.884979313857e-07  -7.627576550433e-05  -5.303077209079e-09  -4.447740547680e-05  -1.603365211810e-02  -2.576275434803e-02  -9.195227557511e-03  -1.860923591664e-03   6.878847331144e-04   8.440346884661e-04  -2.381218656688e-03  -1.591133982279e-02  -2.556661278463e-02  -9.125577452727e-03  -1.846778140522e-03   6.826602911793e-04   8.650756890328e-04   2.369079931312e-03   3.195043754774e-02   5.134569508200e-02   1.832746319442e-02   3.707811331917e-03  -1.366598967075e-03  -3.257878038747e-03   1.206478846561e-05
   1.020784064801e-07   1.659007491289e-07   1.511384401347e-07  -1.460575664035e-07   3.856882089851e-02  -4.895398884908e-07   2.828034292972e-07  -3.638094144821e-07   6.088271089806e-02   3.490786996496e-07   1.144502493639e-07  -5.066881140255e-07   3.722742164932e-02   4.223230069734e-07   1.718904484082e-08  -3.041781373219e-08  -5.753995818225e-04  -4.840475907094e-08  -5.601198135984e-03   3.221080634572e-05   4.066948398918e-03   1.871029256748e-05   1.400771086035e-08   2.439138569733e-08   1.113539246419e-07   1.207890878410e-07  -4.047712916119e-03  -7.055102491787e-08   1.808401366223e-07   1.802371320126e-07  -5.752333687851e-03  -5.097548208948e-08   1.100134190624e-07   2.009113758302e-07  -9.258209384120e-03  -2.112492592327e-07  -6.516598387940e-08   1.179665267333e-07  -7.623535245760e-03  -5.278373747367e-09  -8.806784598355e-05   4.985881896887e-07   1.088332084322e-03   3.024888237350e-07  -2.765705632561e-02  -4.446278029925e-02  -1.590780224242e-02  -3.216337215922e-03   1.187476773191e-03  -2.385081662323e-03  -1.868760314326e-03   2.772801144556e-02   4.457725488067e-02   1.594887701311e-02   3.224465582134e-03  -1.190554425926e-03   2.372893350779e-03  -1.889910002024e-03  -7.091298356569e-05  -1.141563311738e-04  -4.109457910917e-05  -8.350155107551e-06   3.039905244213e-06   1.211443784631e-05   2.231253856595e-03
  -6.225393583889e-03  -1.007025153000e-02  -3.886418531590e-03  -3.721346265915e-06   5.207035158677e-07   2.471030626291e-02  -8.890984436965e-03  -6.976105660666e-06   8.980826733369e-07   9.506689057365e-03  -6.998411167054e-04   7.208797920500e-06   4.223230069734e-07   1.101862378917e-02  -2.532963076141e-04  -1.497791530129e-05   1.286365244443e-07   2.163096879387e-05  -7.631209753438e-08  -1.831913010926e-03  -1.628640183810e-07   3.171126926208e-03  -1.114748426499e-02  -1.821912611208e-02   7.891592189465e-03  -1.695318753820e-04   1.529320918029e-06   5.185002418040e-02   1.307530590443e-02  -2.569339133148e-04   2.318805165130e-06   3.916016483647e-02   8.254203143755e-03  -2.304430949507e-04   2.036701489005e-06  -7.106630087287e-03  -8.363021827136e-04  -2.649091499457e-05   1.500900662463e-07  -5.953987665196e-06  -4.299158456794e-10  -5.459328100408e-04   6.517564307954e-08   9.451987891948e-04   3.301800387765e-03   6.113801816250e-03  -1.955212805659e-03  -1.916780887733e-03  -5.619478419379e-04   6.938549539925e-04   1.193170267493e-03   3.302295148257e-03   6.114571169595e-03  -1.955073337023e-03  -1.916831584162e-03  -5.619886153413e-04   6.885997384668e-04  -1.196263147886e-03   3.316129781497e-03   6.148442795998e-03  -1.914783307772e-03  -1.893544983557e-03  -5.605691797315e-04  -1.380868963570e-03   3.072244309441e-06
  -2.297701936409e-04  -3.835887318289e-04  -5.637890078210e-04   1.362018347548e-06   2.329640031912e-08   1.024402491527e-03  -1.163210174994e-03   1.574588468195e-06   4.524894724948e-08   6.602077702702e-04  -5.641721484886e-04   1.841063689163e-06   1.718904484082e-08  -2.532963076141e-04   7.422935252982e-05  -8.608064801935e-07   6.660710925600e-09   2.243478789073e-06  -4.976709455988e-09  -1.207991535609e-04  -1.852494462125e-08   2.086787485875e-04   8.189748219328e-04   1.342971655574e-03   1.724970195604e-03  -1.691938272345e-05   1.580548954477e-07  -3.899237471447e-03   2.620856910448e-03  -2.568100050624e-05   2.403067457617e-07  -3.571960085575e-03   1.946371849601e-03  -2.307442978270e-05   2.131972438369e-07  -2.481853644865e-04   9.147800599326e-05  -3.052574316069e-06   2.308262871751e-08  -5.597141516438e-07  -4.759375949464e-11  -4.964797122972e-05   6.062858044257e-09   8.596718779520e-05   1.745687446258e-06   3.259121381506e-07  -8.710235689618e-05   3.918830222941e-05  -3.231829820180e-05   1.976895642302e-05   3.374917093273e-05   1.762790922598e-06   3.392879636096e-07  -8.711159477456e-05   3.917806368435e-05  -3.231775302274e-05   1.961996163115e-05  -3.383642199892e-05   5.292584817215e-06   7.486442935865e-06  -8.249285779784e-05   4.103770145601e-05  -3.253162462063e-05  -3.949345757382e-05   8.798762655385e-08
   7.407719070965e-06   1.161196096510e-05   2.815201893122e-06  -4.979539548212e-04  -4.259994309926e-08  -2.778646320395e-05   7.245370173675e-06  -6.199333371035e-04  -5.904782418515e-08  -1.739424354983e-05   1.218294684990e-06  -5.763785805521e-04  -3.041781373219e-08  -1.497791530129e-05  -8.608064801935e-07   1.994497728154e-04   6.061242025724e-09  -5.000643313421e-04   5.913148954419e-07   7.753774232525e-05  -9.547505185076e-09   4.208282328928e-05   4.646058796439e-06   7.591576728759e-06  -1.072603663832e-05   4.314720781883e-03   5.955553821471e-08  -2.132326464502e-05  -1.709869794061e-05   6.548257103922e-03   9.010410621891e-08  -1.366823325296e-05  -1.119223113599e-05   5.859244735527e-03   8.303767668861e-08   7.750926945322e-06   7.740373559234e-07   7.708052902195e-04   1.522140765406e-08   1.438775703993e-04   2.949656922179e-08   4.458370747818e-06   8.922181052499e-10   1.294562515990e-06   3.262735622631e-04   6.811623097463e-04   4.337321466747e-04   1.424795878706e-04  -2.838467649244e-05  -1.558282497639e-05   5.022112553896e-05   3.236863143740e-04   6.757974682830e-04   4.304023176556e-04   1.413964432660e-04  -2.815879481527e-05  -1.604001224211e-05  -4.994923952387e-05  -6.624536360298e-04  -1.377063314541e-03  -8.552757982406e-04  -2.756437401827e-04   5.790049216213e-05   7.531227626978e-05  -2.669548638142e-07
  -5.962524433747e-08  -9.351074150082e-08  -1.279034968494e-08  -4.216796936195e-08  -4.954771148396e-04   2.239981573345e-07  -4.028327309467e-08  -5.831923661998e-08  -6.173254309902e-04   1.213619232016e-07  -1.056546893397e-09  -2.995035811154e-08  -5.753995818225e-04   1.286365244443e-07   6.660710925600e-09   6.061242025724e-09   1.981201767637e-04  -9.507729620492e-09   8.807759607348e-05  -5.085550066639e-07  -4.985335608605e-04  -2.784824429268e-07  -5.004500093233e-08  -8.183711573288e-08   7.181656133708e-08   5.942535909666e-08   4.300482354352e-03   2.317189186625e-07   1.156351400908e-07   8.990772303332e-08   6.526651930731e-03   1.662414453908e-07   7.646480871815e-08   8.283248819452e-08   5.839973004274e-03  -5.839688849640e-08  -4.614816063784e-09   1.511812042403e-08   7.683044077032e-04   8.973313602369e-10   4.561680493365e-06  -3.078057053322e-08   1.434298560146e-04  -8.192479267108e-09   5.671021114818e-04   1.180329323483e-03   7.402745682004e-04   2.397036579383e-04  -4.951316633748e-05   5.114939061669e-05   4.337471771285e-05  -5.684482054892e-04  -1.183177012633e-03  -7.422026247891e-04  -2.403563317080e-04   4.962819838684e-05  -5.087785792001e-05   4.379965537221e-05   1.450676110506e-06   3.014539108307e-06   1.845908331593e-06   5.809347657083e-07  -1.278234663040e-07  -2.665965363972e-07  -4.451083558528e-05
  -3.262434548373e-07  -1.426720332729e-07  -1.357460401964e-05   3.976787766893e-03   6.026522325283e-09  -1.263919231547e-06  -2.432207729232e-05   5.896102966496e-03  -1.441310276449e-08   3.643927598650e-06  -8.699736765321e-06   4.055679650313e-03  -4.840475907094e-08   2.163096879387e-05   2.243478789073e-06  -5.000643313421e-04  -9.507729620492e-09   1.445843955290e-03  -4.068869371181e-06  -5.329200485812e-04  -3.046323294281e-09  -3.028451798144e-04  -2.703047334626e-06  -4.555678745011e-06   1.951793084033e-05  -1.019680980768e-02   3.101572940400e-09   1.305840930602e-05   3.029835581880e-05  -1.544654218318e-02   4.459496630112e-09   6.121165926430e-06   2.238349174449e-05  -1.412324838857e-02   8.433269743898e-09  -9.188162412671e-06   4.940992432059e-07  -2.328315391422e-03   9.073491290776e-09  -2.501467620152e-04  -1.106941985935e-07  -1.527856908516e-05  -1.803410293895e-10  -7.217636615455e-06  -1.942578925516e-03  -3.479743798492e-03  -1.670144718136e-03  -4.619280081241e-04   1.165478315264e-04   9.605772680566e-05  -2.934959822857e-04  -1.927772473910e-03  -3.453226232939e-03  -1.657477990080e-03  -4.584268549703e-04   1.156522119670e-04   9.865725803288e-05   2.919960453442e-04   3.856063119915e-03   6.915511956936e-03   3.312336408800e-03   9.071608590312e-04  -2.325886861287e-04  -4.089088156449e-04   1.487102656852e-06
  -1.889960419063e-08  -4.030290453755e-08   4.784813091713e-08  -3.845218493079e-05  -5.802224227716e-03   1.377183798411e-07   7.452061594508e-08  -6.066530093221e-05  -9.157776145666e-03  -1.944870304173e-08   2.135655075701e-08  -3.703159242757e-05  -5.601198135984e-03  -7.631209753438e-08  -4.976709455988e-09   5.913148954419e-07   8.807759607348e-05  -4.068869371181e-06   8.427993053013e-04  -1.038980782615e-08  -6.153704838063e-04  -4.225768079181e-08   1.344505178152e-08   2.273849903115e-08  -7.197079857294e-08   4.245226394269e-06   6.426880345530e-04  -6.708707801379e-08  -1.122420534652e-07   6.053976612680e-06   9.166427034739e-04  -3.977136030789e-08  -8.147482538919e-08   9.507755286560e-06   1.438246288276e-03   4.707883545806e-08   6.123886003809e-09   7.617338802291e-06   1.152197468559e-03  -1.076188352228e-06   1.327661451283e-05   3.092200602574e-09  -1.624759720983e-04  -4.407770848624e-09   4.178418496499e-03   6.719540004474e-03   2.406607404926e-03   4.873042675463e-04  -1.796014991775e-04   3.581300029637e-04   2.836707157817e-04  -4.157103495607e-03  -6.685370564881e-03  -2.394451711891e-03  -4.848097487879e-04   1.786954984811e-04  -3.579972951954e-04   2.820980323530e-04  -2.121019121935e-05  -3.408005017134e-05  -1.213858544106e-05  -2.453268406571e-06   9.097072101700e-07   1.426476297615e-06  -3.358037941184e-04
   3.893213585423e-04   5.778545610600e-04   4.649774135997e-03  -5.006851249106e-03   3.328612538145e-05  -1.158792700701e-03   8.759407508594e-03  -7.903339828550e-03   5.256054832583e-05   1.607394504706e-03   3.104770388424e-03  -4.829930663372e-03   3.221080634572e-05  -1.831913010926e-03  -1.207991535609e-04   7.753774232525e-05  -5.085550066639e-07  -5.329200485812e-04  -1.038980782615e-08   1.766269008353e-03   3.563525082134e-06  -1.609591725772e-03   1.237217127037e-03   2.087484297759e-03  -7.738623410175e-03   5.487436886522e-04  -3.619471736132e-06  -6.035553036005e-03  -1.203778506049e-02   7.819974122503e-04  -5.153522252280e-06  -3.238446454896e-03  -8.973417284315e-03   1.233908758684e-03  -8.177627632805e-06   2.283584126401e-03  -3.623181532369e-04   9.931520036121e-04  -6.622084365674e-06  -1.405522064941e-04   5.200267337451e-10   2.971223328326e-04   9.394971912934e-07  -4.916519832194e-04   3.318537238933e-03   4.643133368019e-03   2.038669735331e-03   6.475111531657e-04   1.085419613014e-04  -1.428883047498e-04   2.539776953878e-04   3.350464091746e-03   4.694535334193e-03   2.057131770575e-03   6.512459022658e-04   1.071674355069e-04  -1.412765602593e-04  -2.555123870443e-04  -2.898564602580e-03  -5.345958863456e-03  -1.530276377815e-03  -7.747556965972e-05   3.743069364069e-04   4.857327216485e-04   2.177604118202e-07
   9.792755734090e-09   1.685504649203e-08   1.429043021102e-07   6.132496219006e-09   3.981742544660e-03  -4.429793239800e-08   2.674200961423e-07  -1.427751159742e-08   5.905915417083e-03   6.366716847242e-08   9.985450589222e-08  -4.837275189060e-08   4.066948398918e-03  -1.628640183810e-07  -1.852494462125e-08  -9.547505185076e-09  -4.985335608605e-04  -3.046323294281e-09  -6.153704838063e-04   3.563525082134e-06   1.447388142434e-03   2.008789531471e-06   3.329633979276e-08   5.605622939896e-08  -2.333747049092e-07   3.175177112975e-09  -1.019953992094e-02  -1.612178359002e-07  -3.613811001816e-07   4.573543019171e-09  -1.545061191503e-02  -9.073077452227e-08  -2.782246629598e-07   8.514302553308e-09  -1.412785040033e-02   7.134928181008e-08  -2.010218943882e-08   9.081634635302e-09  -2.330482323499e-03  -1.695286526359e-10  -1.698980111073e-05   1.070082066583e-07  -2.500654334460e-04   4.271809012528e-08  -3.342734017083e-03  -5.992438951751e-03  -2.876137053733e-03  -7.888116954969e-04   2.014615202209e-04  -2.934381459783e-04  -2.374886693079e-04   3.351383100034e-03   6.007920454889e-03   2.883651165780e-03   7.909000137017e-04  -2.019651939492e-04   2.919383904896e-04  -2.400826312273e-04  -8.512144808522e-06  -1.529372530813e-05  -7.336243038543e-06  -1.980573354652e-06   5.181918584145e-07   1.486911191170e-06   2.668344300829e-04
  -6.670885570295e-04  -9.884394457521e-04  -8.058540612782e-03  -2.901479114613e-03   1.940846050095e-05   1.972995417670e-03  -1.518101064575e-02  -4.576611714481e-03   3.063125438388e-05  -2.819199076845e-03  -5.383335329593e-03  -2.796866551473e-03   1.871029256748e-05   3.171126926208e-03   2.086787485875e-04   4.208282328928e-05  -2.784824429268e-07  -3.028451798144e-04  -4.225768079181e-08  -1.609591725772e-03   2.008789531471e-06   3.630991767704e-03  -2.145666242586e-03  -3.620259801852e-03   1.341302246181e-02   3.295380463641e-04  -2.281082752498e-06   1.046783734539e-02   2.086457215344e-02   4.710211440106e-04  -3.269482473334e-06   5.622548137282e-03   1.555561701936e-02   7.286045526659e-04  -4.964407731825e-06  -3.954620262979e-03   6.296431773490e-04   5.761637113739e-04  -3.856967102704e-06  -8.062113360207e-05   4.520187360003e-11  -4.918674746671e-04   5.316351842158e-07   8.653037176368e-04  -9.906453561245e-04  -3.940028479127e-04  -7.961496811459e-04  -5.672917759243e-04  -3.926341733462e-04  -1.139580107594e-05   2.711900336242e-04  -9.720629159098e-04  -3.640752836948e-04  -7.853673702545e-04  -5.651230380183e-04  -3.934369530672e-04  -1.100230885139e-05  -2.723908729188e-04  -4.588185638755e-03  -6.185603278847e-03  -2.866557293506e-03  -9.838727795684e-04  -2.371342269050e-04   1.389299737014e-04   4.516869010618e-07
   3.109092259750e-04   3.466713020954e-04   2.868162316193e-03   2.900283064993e-06  -4.023442322725e-08   3.795072654727e-04   4.735950014218e-03   1.132355149702e-06  -3.573573566510e-08   6.703379608481e-03  -1.018394408334e-03   2.116093580987e-07   1.400771086035e-08  -1.114748426499e-02   8.189748219328e-04   4.646058796439e-06  -5.004500093233e-08  -2.703047334626e-06   1.344505178152e-08   1.237217127037e-03   3.329633979276e-08  -2.145666242586e-03   3.155880776477e-01   2.855844883587e-01   4.616002254258e-03   2.735255955253e-07  -1.565744954733e-08  -7.415286692656e-02   4.926807304740e-03  -1.008999521165e-07  -1.204491732145e-08  -6.422642981525e-02   4.427347586593e-03   6.362157763784e-07  -1.927395071103e-08   4.384161059806e-03   8.524510206442e-04  -1.126435757817e-06   9.477184154699e-09  -1.068687805768e-07  -2.825584108324e-10   1.618300297959e-04   2.713909927180e-09  -2.802076881731e-04   8.905660875214e-04  -1.284085269703e-04   1.302290512864e-03   2.040091183435e-03   1.856848664903e-04  -9.183076059464e-05  -1.593448448107e-04   8.905459498531e-04  -1.284651718545e-04   1.302300744791e-03   2.040080130183e-03   1.856974266915e-04  -9.113356581398e-05   1.597547296340e-04   8.925486547161e-04  -1.194875742921e-04   1.301211111452e-03   2.036501294255e-03   1.842735291569e-04   1.826985168590e-04  -4.102489047271e-07
   4.714656477180e-04   5.113012352711e-04   4.790828536243e-03   4.941229343877e-06  -6.822133568376e-08   7.979679437001e-04   7.963666306662e-03   2.040474932565e-06  -6.131534850502e-08   1.148492899337e-02  -1.773812324411e-03   3.123398044183e-07   2.439138569733e-08  -1.821912611208e-02   1.342971655574e-03   7.591576728759e-06  -8.183711573288e-08  -4.555678745011e-06   2.273849903115e-08   2.087484297759e-03   5.605622939896e-08  -3.620259801852e-03   2.855844883587e-01   2.682977680653e-01   7.361683379880e-03   3.981386238743e-07  -2.452144974531e-08  -1.272781182689e-01   8.640487803014e-03  -1.778171639388e-07  -2.109553654104e-08  -1.074858303278e-01   7.497883340050e-03   1.019349437076e-06  -3.191697764600e-08   6.865869918966e-03   1.384183411573e-03  -1.863019138396e-06   1.554166031535e-08  -1.678416667572e-07  -5.372888822181e-10   2.358846593794e-04   4.213704975180e-09  -4.084027127605e-04   1.518095701781e-03  -1.628504834576e-04   2.120751216762e-03   3.338693690745e-03   3.025392934985e-04  -1.525812071488e-04  -2.648064004478e-04   1.518060441083e-03  -1.629475068583e-04   2.120767251770e-03   3.338675604081e-03   3.025605045258e-04  -1.514229440069e-04   2.654876770604e-04   1.521549515777e-03  -1.476333392738e-04   2.119163593349e-03   3.332859948206e-03   3.001570444957e-04   3.035487947852e-04  -6.818218253517e-07
  -7.455319796250e-03  -1.276325952087e-02  -3.136748715313e-02  -1.815718169097e-05   3.082153348161e-07   3.353582202517e-02  -6.154976787016e-02  -1.972942486238e-05   5.210245239600e-07   8.909065156693e-03  -2.349041617634e-02  -7.511375248882e-06   1.113539246419e-07   7.891592189465e-03   1.724970195604e-03  -1.072603663832e-05   7.181656133708e-08   1.951793084033e-05  -7.197079857294e-08  -7.738623410175e-03  -2.333747049092e-07   1.341302246181e-02   4.616002254258e-03   7.361683379880e-03   6.681588561977e-02  -2.591376153171e-06   8.106551223323e-08  -2.197257708373e-02   1.031621898875e-01  -3.225291169476e-06   1.126447695803e-07  -3.334128376372e-02   7.614399737596e-02  -9.193751449948e-06   1.994933604725e-07  -1.708381598924e-02   2.812561620372e-03  -1.917475950984e-06   5.708889014923e-08   6.624016562954e-07  -3.750601033921e-10  -2.330269167194e-03  -1.819257264812e-08   4.036345717838e-03  -3.878579116248e-03  -2.999771484545e-03  -5.961432277909e-03  -1.825926539215e-03  -1.649295275481e-03   7.748431633668e-04   1.336546126880e-03  -3.878596058708e-03  -2.999746770621e-03  -5.961318044046e-03  -1.826009948339e-03  -1.649312648341e-03   7.689045501946e-04  -1.339931152828e-03  -3.880612607988e-03  -3.030754691545e-03  -5.970816426787e-03  -1.810492150474e-03  -1.642782669069e-03  -1.541888397651e-03   3.420030141796e-06
  -1.001757060653e-06  -1.923497311032e-06  -6.346711953375e-06  -1.944488044768e-03  -6.143243060040e-08   9.471495978290e-06  -1.238513754712e-05   6.376466992167e-04   6.609261881600e-09  -6.461036632900e-05  -1.239282505757e-06  -4.021906266381e-03   1.207890878410e-07  -1.695318753820e-04  -1.691938272345e-05   4.314720781883e-03   5.942535909666e-08  -1.019680980768e-02   4.245226394269e-06   5.487436886522e-04   3.175177112975e-09   3.295380463641e-04   2.735255955253e-07   3.981386238743e-07  -2.591376153171e-06   9.535452055001e-02   1.196339458206e-08  -7.665759493216e-07  -4.606742771014e-06   1.448081218801e-01   1.889583084300e-08  -2.742209943094e-06  -1.625798096480e-06   1.285940076298e-01  -1.982180743057e-09   3.517743176754e-05   4.006740964484e-06   1.539505262844e-02  -1.189671433368e-08   3.470490018463e-03   5.152127092559e-07   6.907358426955e-05  -1.702807334867e-09   3.959157486367e-05   3.557244876734e-03   9.222244201461e-03   7.456888270309e-03   2.710080154784e-03  -4.819360260205e-04  -1.307251453640e-04   5.821215237435e-04   3.530057486208e-03   9.151672146022e-03   7.400220166353e-03   2.689540226685e-03  -4.782153375514e-04  -1.359202091245e-04  -5.791151023026e-04  -7.090031388895e-03  -1.836492103285e-02  -1.476388410326e-02  -5.297232777933e-03   9.550888451857e-04   8.732611577592e-04  -2.957566326061e-06
   1.782370526597e-09   9.979191680883e-09   1.588512076052e-07  -6.149092822381e-08  -1.939279608750e-03  -7.495978638637e-08   2.928809484426e-07   6.258929838873e-09   6.298105666583e-04   3.592693641005e-07   9.205231834126e-08   1.208501499019e-07  -4.047712916119e-03   1.529320918029e-06   1.580548954477e-07   5.955553821471e-08   4.300482354352e-03   3.101572940400e-09   6.426880345530e-04  -3.619471736132e-06  -1.019953992094e-02  -2.281082752498e-06  -1.565744954733e-08  -2.452144974531e-08   8.106551223323e-08   1.196339458206e-08   9.535256152478e-02   6.938825847239e-08   1.245899772218e-07   1.889123626237e-08   1.448051312964e-01   1.482036716846e-07   1.371948013806e-07  -1.956072623809e-09   1.285938654020e-01  -2.658793735190e-07   1.195184655088e-08  -1.195299887392e-08   1.539688511693e-02  -1.703403600406e-09   8.125336550496e-05  -4.828957890203e-07   3.470658995705e-03  -2.703912582940e-07   6.132986349968e-03   1.587582047058e-02   1.280215454067e-02   4.604909198844e-03  -8.268370493708e-04   5.791384313383e-04   5.274277828200e-04  -6.148675634770e-03  -1.591641848962e-02  -1.283564823105e-02  -4.617269763811e-03   8.289151171395e-04  -5.761725593072e-04   5.325057498794e-04   1.570672121453e-05   4.055429550967e-05   3.247857371626e-05   1.142371053997e-05  -2.091700141724e-06  -2.917176434220e-06  -4.670965968457e-04
  -8.346920797146e-04  -5.739679903020e-04  -1.355308333418e-02  -1.507282779082e-05   2.049750791734e-07  -4.826392671631e-03  -2.243307260919e-02  -7.184794087366e-06   1.852107137094e-07  -3.559933454800e-02   5.809335507917e-03  -1.489155720417e-06  -7.055102491787e-08   5.185002418040e-02  -3.899237471447e-03  -2.132326464502e-05   2.317189186625e-07   1.305840930602e-05  -6.708707801379e-08  -6.035553036005e-03  -1.612178359002e-07   1.046783734539e-02  -7.415286692656e-02  -1.272781182689e-01  -2.197257708373e-02  -7.665759493216e-07   6.938825847239e-08   3.845476831597e-01  -2.894213173767e-02   8.468540949962e-07   6.936739093724e-08   3.166692834819e-01  -2.395051405660e-02  -2.314173616909e-06   9.306025852744e-08  -1.820888326009e-02  -3.951311575441e-03   5.599151574544e-06  -4.612982947759e-08   4.222771212608e-07   1.785507651482e-09  -5.259709779987e-04  -1.049038128164e-08   9.105034808383e-04  -4.747296556304e-03  -2.644665626703e-05  -5.908117032990e-03  -9.518042236842e-03  -8.159205962653e-04   3.963992004911e-04   6.888850544649e-04  -4.747175693969e-03  -2.614260926257e-05  -5.908162440800e-03  -9.517987327321e-03  -8.159822212477e-04   3.933940838178e-04  -6.906596242674e-04  -4.758656921178e-03  -7.283129290153e-05  -5.904649593953e-03  -9.502172908977e-03  -8.090715236469e-04  -7.885645500768e-04   1.775965397969e-06
  -1.168733775126e-02  -2.016829069295e-02  -4.850326176185e-02  -2.887896746530e-05   4.876622757456e-07   5.335517142250e-02  -9.525696999839e-02  -3.144041846008e-05   8.235794529852e-07   1.431243302381e-02  -3.611845307436e-02  -1.192162028577e-05   1.808401366223e-07   1.307530590443e-02   2.620856910448e-03  -1.709869794061e-05   1.156351400908e-07   3.029835581880e-05  -1.122420534652e-07  -1.203778506049e-02  -3.613811001816e-07   2.086457215344e-02   4.926807304740e-03   8.640487803014e-03   1.031621898875e-01  -4.606742771014e-06   1.245899772218e-07  -2.894213173767e-02   1.593636485945e-01  -5.865286703886e-06   1.724715466931e-07  -4.750513191024e-02   1.175141356541e-01  -1.506283623468e-05   3.072983252479e-07  -2.681924609285e-02   4.247350780271e-03  -2.888907671679e-06   8.529204206399e-08   9.982515108880e-07  -5.699349881107e-10  -3.621589906379e-03  -2.814747687250e-08   6.273078710770e-03  -5.719738333648e-03  -4.146575412152e-03  -9.316409594331e-03  -2.971389578228e-03  -2.577491729843e-03   1.243144247241e-03   2.144209764584e-03  -5.719756359986e-03  -4.146514762804e-03  -9.316222952925e-03  -2.971517338870e-03  -2.577521434989e-03   1.233618159463e-03  -2.149643579892e-03  -5.723705902044e-03  -4.196032877760e-03  -9.330891052855e-03  -2.946971827253e-03  -2.567164311889e-03  -2.473690599449e-03   5.486397391825e-06
