ARMA_MAT_TXT_FN008
65 65
   1.000000000000e+00   8.784438346368e-01   9.437909500394e-17  -7.381141789528e-21   3.067822457374e-22   3.291794955376e-01   9.403728759713e-17   2.104445905077e-20  -1.107347277476e-23   1.537612665257e-01   1.288662781053e-20  -6.912331770232e-21   1.079099192194e-22   6.556249676812e-02   2.631709996959e-18   1.099169462258e-21   5.976634680798e-24  -4.249554019754e-40  -8.274630903361e-41   0.000000000000e+00   0.000000000000e+00   0.000000000000e+00   6.698719244727e-06   1.967784902866e-06   1.320817324384e-04   3.755622509514e-08  -6.868994505737e-10   1.870862150464e-03   6.780378630919e-03   1.927938265133e-06  -3.526179033450e-08   3.533215017083e-02   9.450625708073e-02   2.687198447733e-05  -4.914858009969e-07   6.148600487809e-02   1.016383462162e-01   2.889992838770e-05  -5.285766841806e-07   1.879301320675e-06  -9.773426050693e-12  -1.907948528289e-03  -3.437222567933e-08   3.304663255040e-03   1.198874260913e-02   7.465412954154e-02   7.941567923115e-02   4.889854890002e-02  -2.920598592141e-02   4.224502081982e-02   7.261470609849e-02   1.198769313592e-02   7.465171724307e-02   7.941481512815e-02   4.889835848038e-02  -2.920565865962e-02   4.191970591386e-02  -7.279728929501e-02   1.197642562695e-02   7.462580903983e-02   7.940553344336e-02   4.889631302095e-02  -2.907586586707e-02  -8.399475508466e-02   1.849824176612e-04
   8.784438346368e-01   1.000000000000e+00   2.952108409191e-16   1.913469257523e-19  -2.918203884898e-21   4.187995882560e-01  -1.250948969680e-16  -5.828519971961e-20   9.049654834475e-22   1.871454501484e-01   2.235571017194e-19   1.091587410739e-22   0.000000000000e+00   7.831571041382e-02   0.000000000000e+00  -3.267323028780e-21  -4.192843322892e-25   0.000000000000e+00  -2.160114660426e-40   0.000000000000e+00   0.000000000000e+00   0.000000000000e+00  -3.487281501475e-07  -1.789311266628e-07  -2.195814844783e-06  -6.243597434369e-10   1.141947476459e-11   1.078483597940e-03   4.955115084486e-03   1.408941373267e-06  -2.576939116581e-08   4.114978461504e-02   1.145159529582e-01   3.256155735457e-05  -5.955474971197e-07   7.362745439254e-02   1.233922749403e-01   3.508545782302e-05  -6.417093741638e-07   8.711701844123e-07  -4.530575954613e-12  -8.844499032450e-04  -1.593361205800e-08   1.531911921543e-03   1.087673822464e-02   8.947561115718e-02   9.541268050952e-02   5.827624232785e-02  -3.512956782683e-02   5.081319042709e-02   8.734248006474e-02   1.087561545587e-02   8.947261313577e-02   9.541162874521e-02   5.827601427648e-02  -3.512900569961e-02   5.042165304800e-02  -8.756167496048e-02   1.086356187582e-02   8.944041443414e-02   9.540033132230e-02   5.827356458286e-02  -3.497108692042e-02  -1.010249495012e-01   2.224881706482e-04
   9.437909500394e-17   2.952108409191e-16   1.000000000000e+00   7.684484246686e-35  -1.200700663545e-36   2.507064104715e-16   6.291202128136e-01   6.832096560656e-35  -2.384502217620e-37  -1.905368099503e-16   2.202302509580e-01   1.576440101883e-35   0.000000000000e+00   0.000000000000e+00   5.734990148843e-02   0.000000000000e+00   0.000000000000e+00  -1.329290505990e-20   0.000000000000e+00   5.326570123566e-19   2.077016415609e-22  -9.225890084094e-19  -4.921528175051e-04  -2.718787872436e-04  -5.576640476249e-03  -1.704560974352e-06   3.117624292073e-08  -2.811597335956e-02  -7.897943629026e-02  -2.529544587081e-05   4.626510738675e-07  -1.118180125740e-01  -1.983536448657e-01  -7.787929693590e-05   1.424404240331e-06  -6.895292394605e-02  -2.973133427764e-02  -3.136299620449e-05   5.736259383532e-07  -3.215382227443e-05   1.840792946864e-10   2.935233256194e-02   5.880900649146e-07  -5.083972125677e-02   3.546084105815e-02   5.788717572769e-02   2.187543693875e-02   5.012955306948e-03   5.090349884801e-02   6.266270572586e-02   1.077105389302e-01   3.546017940894e-02   5.788867965629e-02   2.187641955951e-02   5.013214035165e-03   5.089589057892e-02   6.218429451880e-02  -1.079885456972e-01   3.529976462279e-02   5.765444177239e-02   2.179233272048e-02   4.994303687101e-03   5.118827309985e-02  -1.241488478367e-01   2.734141435324e-04
  -7.381141789528e-21   1.913469257523e-19   7.684484246686e-35   1.000000000000e+00  -6.832028064890e-40   1.288789644943e-19   6.832096560656e-35   6.291202128136e-01  -1.316580281490e-40  -9.303555173355e-20   1.576440101883e-35   2.202302509580e-01   0.000000000000e+00  -4.989217555459e-20   0.000000000000e+00   5.734990148843e-02  -2.956634481430e-41  -9.225890084094e-19   2.077016415609e-22   7.674662314643e-21   0.000000000000e+00   1.329290505990e-20  -1.399391244664e-07  -7.730623110262e-08  -1.704560974352e-06   4.181406223923e-04   8.864677765322e-12  -7.994518278697e-06  -2.529544587081e-05   9.982274713183e-03   1.315505751621e-10  -3.179442283495e-05  -7.787929693590e-05   7.554053919208e-02   4.050162372097e-10  -1.960612936307e-05  -3.136299620449e-05   8.056938225430e-02   1.631052565975e-10   1.140252415888e-02  -5.929955214317e-08   8.346065639909e-06   1.840792946864e-10  -2.094021821286e-05  -5.129236084756e-02  -8.373094989489e-02  -3.164174260053e-02  -7.250993062883e-03   6.266270572586e-02   3.586679503212e-03  -1.557979919549e-01  -5.089699601710e-02  -8.308925524382e-02  -3.139984223847e-02  -7.195607552857e-03   6.218429451880e-02   4.965112127620e-03   1.549990065435e-01   1.019744380990e-01   1.665529321931e-01   6.295398589154e-02   1.442761212802e-02  -1.241488478367e-01  -2.644788778116e-01   7.898424806221e-04
   3.067822457374e-22  -2.918203884898e-21  -1.200700663545e-36  -6.832028064890e-40   1.000000000000e+00   6.712384984575e-22  -2.384502217620e-37  -1.316580281490e-40   6.291202128136e-01   0.000000000000e+00   0.000000000000e+00   0.000000000000e+00   2.202302509580e-01   6.515088409134e-22   0.000000000000e+00  -2.956634481430e-41   5.734990148843e-02   0.000000000000e+00  -1.329290505990e-20   2.398331973326e-22  -9.225890084094e-19   0.000000000000e+00   2.559472030701e-09   1.413922925848e-09   3.117624292073e-08   8.864677765322e-12   4.181411069064e-04   1.462189077663e-07   4.626510738675e-07   1.315505751621e-10   9.982281903304e-03   5.815166865496e-07   1.424404240331e-06   4.050162372097e-10   7.554056132893e-02   3.585940667161e-07   5.736259383532e-07   1.631052565975e-10   8.056939116909e-02   1.840792946864e-10   3.242205670062e-06  -2.553586002724e-07   1.140253422005e-02   3.236948085289e-07  -8.816612314926e-02  -1.439246140722e-01  -5.438879647335e-02  -1.246368731665e-02   1.077105389302e-01  -1.557979919549e-01  -1.735750103652e-01   8.838715020848e-02   1.442918651128e-01   5.452861248476e-02   1.249581105734e-02  -1.079885456972e-01   1.549990065435e-01  -1.749495449673e-01  -2.245792380748e-04  -3.668010465009e-04  -1.386441391476e-04  -3.177406219982e-05   2.734141435324e-04   7.898424806221e-04   9.416225566153e-02
   3.291794955376e-01   4.187995882560e-01   2.507064104715e-16   1.288789644943e-19   6.712384984575e-22   1.000000000000e+00   3.087796697463e-16   0.000000000000e+00  -2.355801923724e-21   7.746967835845e-01   0.000000000000e+00   0.000000000000e+00   0.000000000000e+00   4.100964372946e-01   3.811476731120e-17   0.000000000000e+00  -2.907925972839e-22   0.000000000000e+00   0.000000000000e+00   0.000000000000e+00   0.000000000000e+00   0.000000000000e+00   9.556177015457e-03   9.204118578318e-03   2.794356641112e-02   7.945495949538e-06  -1.453222944651e-07   8.486426652892e-02   1.401648790335e-01   3.985459344176e-05  -7.289363685683e-07   2.602417909208e-01   4.625002436564e-01   1.315076879796e-04  -2.405261934355e-06   3.724316558304e-01   5.214197930811e-01   1.482609196329e-04  -2.711676798703e-06   3.601116848692e-05  -1.872783721982e-10  -3.656010622710e-02  -6.586405259186e-07   6.332395127943e-02   1.887815912044e-01   4.274119501391e-01   4.638100587595e-01   3.142983051026e-01  -1.278352075952e-01   1.849073344381e-01   3.178360783143e-01   1.887743980275e-01   4.274028421575e-01   4.638057562538e-01   3.142971522385e-01  -1.278381834635e-01   1.834897516885e-01  -3.186462367791e-01   1.886971456018e-01   4.273050155770e-01   4.637595408380e-01   3.142847683283e-01  -1.273172108220e-01  -3.677956828507e-01   8.099997976123e-04
   9.403728759713e-17  -1.250948969680e-16   6.291202128136e-01   6.832096560656e-35  -2.384502217620e-37   3.087796697463e-16   1.000000000000e+00   0.000000000000e+00  -7.274237399951e-37   0.000000000000e+00   6.534608721805e-01   0.000000000000e+00   0.000000000000e+00   1.266294424720e-16   2.263653730943e-01   0.000000000000e+00  -8.979084215399e-38   0.000000000000e+00   0.000000000000e+00   0.000000000000e+00   0.000000000000e+00   0.000000000000e+00  -3.243290475126e-02  -3.222532107485e-02  -7.477419137412e-02  -2.564127203096e-05   4.689761983656e-07  -2.176243827905e-01  -2.821710103740e-01  -1.022023951173e-04   1.869271176098e-06  -3.773884290165e-01  -4.157414127450e-01  -1.907052652636e-04   3.487979465434e-06  -2.459887079488e-01  -5.696410033537e-02  -9.792538171459e-05   1.791045045836e-06  -8.252138643969e-05   5.323940778958e-10   6.362571402261e-02   1.509307574507e-06  -1.102029402561e-01   1.274587643417e-01   1.613865787639e-01   7.623670390973e-02   2.042770248900e-02   1.997220141723e-01   1.054424505856e-01   1.812443788875e-01   1.274609503762e-01   1.613920904363e-01   7.624022496476e-02   2.042876053200e-02   1.997075005634e-01   1.046398846554e-01  -1.817164454996e-01   1.269331592901e-01   1.607531514337e-01   7.594821241066e-02   2.035174110938e-02   2.001812566910e-01  -2.089626805523e-01   4.602004233546e-04
   2.104445905077e-20  -5.828519971961e-20   6.832096560656e-35   6.291202128136e-01  -1.316580281490e-40   0.000000000000e+00   0.000000000000e+00   1.000000000000e+00   0.000000000000e+00   0.000000000000e+00   0.000000000000e+00   6.534608721805e-01   0.000000000000e+00   0.000000000000e+00   0.000000000000e+00   2.263653730943e-01   0.000000000000e+00   0.000000000000e+00   0.000000000000e+00   0.000000000000e+00   0.000000000000e+00   0.000000000000e+00  -9.221997992007e-06  -9.162973483974e-06  -2.564127203096e-05   1.540375780413e-02   1.333490661042e-10  -6.187949048961e-05  -1.022023951173e-04   7.726522904722e-02   5.315100563672e-10  -1.073069267550e-04  -1.907052652636e-04   2.549511214709e-01   9.917748617674e-10  -6.994462531673e-05  -9.792538171459e-05   2.874302840327e-01   5.092671761278e-10   6.981406225730e-02  -3.630724712763e-07   1.809138624667e-05   5.323940778958e-10  -7.103718067209e-05  -1.843628278043e-01  -2.334377410941e-01  -1.102726390599e-01  -2.954766599117e-02   1.054424505856e-01   1.201020659457e-01  -2.621610713701e-01  -1.829482983946e-01  -2.316506210923e-01  -1.094297460152e-01  -2.932197639048e-02   1.046398846554e-01   1.224180274502e-01   2.608227413677e-01   3.666862295842e-01   4.643858809050e-01   2.194002245613e-01   5.879238533580e-02  -2.089626805523e-01  -3.311378426495e-01   1.329433215377e-03
  -1.107347277476e-23   9.049654834475e-22  -2.384502217620e-37  -1.316580281490e-40   6.291202128136e-01  -2.355801923724e-21  -7.274237399951e-37   0.000000000000e+00   1.000000000000e+00   0.000000000000e+00   0.000000000000e+00   0.000000000000e+00   6.534608721805e-01  -9.661059758908e-22  -8.979084215399e-38   0.000000000000e+00   2.263653730943e-01   0.000000000000e+00   0.000000000000e+00   0.000000000000e+00   0.000000000000e+00   0.000000000000e+00   1.686693840463e-07   1.675898319338e-07   4.689761983656e-07   1.333490661042e-10   1.540376509255e-02   1.131769444650e-06   1.869271176098e-06   5.315100563672e-10   7.726525809781e-02   1.962632528803e-06   3.487979465434e-06   9.917748617674e-10   2.549511756780e-01   1.279279921742e-06   1.791045045836e-06   5.092671761278e-10   2.874303118676e-01   5.323940778958e-10   1.985099439099e-05  -9.597498019536e-07   6.981409135621e-02   9.361900228918e-07  -3.169001292150e-01  -4.012546954147e-01  -1.895469601067e-01  -5.078930108702e-02   1.812443788875e-01  -2.621610713701e-01  -1.780076711496e-01   3.177059550855e-01   4.022818603183e-01   1.900344648056e-01   5.092021404888e-02  -1.817164454996e-01   2.608227413677e-01  -1.803312296075e-01  -8.075564385320e-04  -1.022721274572e-03  -4.831871220275e-04  -1.294790081657e-04   4.602004233546e-04   1.329433215377e-03   2.725134510414e-01
   1.537612665257e-01   1.871454501484e-01  -1.905368099503e-16  -9.303555173355e-20   0.000000000000e+00   7.746967835845e-01   0.000000000000e+00   0.000000000000e+00   0.000000000000e+00   1.000000000000e+00  -1.694449135314e-16   0.000000000000e+00   0.000000000000e+00   7.744077347687e-01   0.000000000000e+00   0.000000000000e+00   0.000000000000e+00   0.000000000000e+00   0.000000000000e+00   0.000000000000e+00   0.000000000000e+00   0.000000000000e+00   3.436517584374e-02   3.488245970653e-02   3.006129569932e-02   8.547652783566e-06  -1.563356803260e-07   2.064151501576e-01   1.291210957830e-01   3.671439530837e-05  -6.715024713366e-07   4.504799526325e-01   4.153301013301e-01   1.180952921072e-04  -2.159950608942e-06   6.451765900800e-01   6.349943488918e-01   1.805547993720e-04  -3.302328500079e-06   1.244100395594e-05  -6.470023238004e-11  -1.263064891566e-02  -2.275446683013e-07   2.187692211819e-02   2.672244758937e-01   5.810206214555e-01   7.582661099533e-01   6.304034899254e-01  -7.197366814169e-02   1.041063676914e-01   1.789477942296e-01   2.672206646789e-01   5.810142208107e-01   7.582611097853e-01   6.304014979533e-01  -7.197669929182e-02   1.033101873211e-01  -1.794073080807e-01   2.671797276701e-01   5.809454689114e-01   7.582073995762e-01   6.303801003938e-01  -7.169788129544e-02  -2.071218104744e-01   4.561462583384e-04
   1.288662781053e-20   2.235571017194e-19   2.202302509580e-01   1.576440101883e-35   0.000000000000e+00   0.000000000000e+00   6.534608721805e-01   0.000000000000e+00   0.000000000000e+00  -1.694449135314e-16   1.000000000000e+00   0.000000000000e+00   0.000000000000e+00   0.000000000000e+00   6.530545656898e-01   0.000000000000e+00   0.000000000000e+00   0.000000000000e+00   0.000000000000e+00   0.000000000000e+00   0.000000000000e+00   0.000000000000e+00  -6.706151707417e-02  -6.869901511412e-02  -2.749747653304e-02  -1.640507359388e-05   3.000470896558e-07  -3.653303144907e-01  -9.882231062644e-02  -6.498012173088e-05   1.188479667541e-06  -6.175756786308e-01  -1.521739958985e-01  -1.619001683427e-04   2.961137238918e-06  -5.459057649023e-01   1.005840310269e-01  -1.527735311130e-04   2.794211993294e-06  -1.036987751975e-05   1.189228767958e-10  -2.159979828247e-03   1.896639812118e-07   3.741201305780e-03   1.230629539084e-01   2.066745131886e-01   1.614532645999e-01   6.431980641189e-02   2.486856022711e-01   4.486785791005e-02   7.712308461873e-02   1.230680229645e-01   2.066836990352e-01   1.614611545303e-01   6.432317051567e-02   2.486788421027e-01   4.452718882786e-02  -7.732541476452e-02   1.225900745045e-01   2.058882187264e-01   1.608473662744e-01   6.408101257221e-02   2.488742060482e-01  -8.893744035219e-02   1.958677386506e-04
  -6.912331770232e-21   1.091587410739e-22   1.576440101883e-35   2.202302509580e-01   0.000000000000e+00   0.000000000000e+00   0.000000000000e+00   6.534608721805e-01   0.000000000000e+00   0.000000000000e+00   0.000000000000e+00   1.000000000000e+00   0.000000000000e+00   0.000000000000e+00   0.000000000000e+00   6.530545656898e-01   0.000000000000e+00   0.000000000000e+00   0.000000000000e+00   0.000000000000e+00   0.000000000000e+00   0.000000000000e+00  -1.906832522532e-05  -1.953393272339e-05  -1.640507359388e-05   3.019762888247e-02   8.531562866585e-11  -1.038783128582e-04  -6.498012173088e-05   1.297066838777e-01   3.379332561070e-10  -1.756019607841e-04  -1.619001683427e-04   4.172137136945e-01   8.419721230890e-10  -1.552232803803e-04  -1.527735311130e-04   6.378742133491e-01   7.945084656780e-10   4.395227933967e-02  -2.285766242804e-07  -6.141703862677e-07   1.189228767958e-10  -2.393107982701e-05  -1.780045044190e-01  -2.989445087069e-01  -2.335341988729e-01  -9.303543350011e-02   4.486785791005e-02   2.148057322188e-01  -1.115547451188e-01  -1.766430057338e-01  -2.966589448203e-01  -2.317497507351e-01  -9.232486152390e-02   4.452718882786e-02   2.157900160584e-01   1.109873495535e-01   3.541398674383e-01   5.947726745542e-01   4.646580500129e-01   1.851180969532e-01  -8.893744035219e-02   2.273736390651e-02   5.658253760063e-04
   1.079099192194e-22   0.000000000000e+00   0.000000000000e+00   0.000000000000e+00   2.202302509580e-01   0.000000000000e+00   0.000000000000e+00   0.000000000000e+00   6.534608721805e-01   0.000000000000e+00   0.000000000000e+00   0.000000000000e+00   1.000000000000e+00   0.000000000000e+00   0.000000000000e+00   0.000000000000e+00   6.530545656898e-01   0.000000000000e+00   0.000000000000e+00   0.000000000000e+00   0.000000000000e+00   0.000000000000e+00   3.487576849764e-07   3.572735976858e-07   3.000470896558e-07   8.531562866585e-11   3.019763354554e-02   1.899923537259e-06   1.188479667541e-06   3.379332561070e-10   1.297067023480e-01   3.211741597477e-06   2.961137238918e-06   8.419721230890e-10   4.172137597139e-01   2.839017652583e-06   2.794211993294e-06   7.945084656780e-10   6.378742567743e-01   1.189228767958e-10   1.249742799375e-05  -3.846732727632e-07   4.395228583960e-02   2.091203027461e-07  -3.059708463092e-01  -5.138538748056e-01  -4.014204960966e-01  -1.599180336345e-01   7.712308461873e-02  -1.115547451188e-01   8.795411551887e-02   3.067562548451e-01   5.151745833431e-01   4.024540077398e-01   1.603303149905e-01  -7.732541476452e-02   1.109873495535e-01   8.696176494846e-02  -7.799254703811e-04  -1.309873303243e-03  -1.023320675088e-03  -4.076872787203e-04   1.958677386506e-04   5.658253760063e-04   2.796597999331e-01
   6.556249676812e-02   7.831571041382e-02   0.000000000000e+00  -4.989217555459e-20   6.515088409134e-22   4.100964372946e-01   1.266294424720e-16   0.000000000000e+00  -9.661059758908e-22   7.744077347687e-01   0.000000000000e+00   0.000000000000e+00   0.000000000000e+00   1.000000000000e+00   0.000000000000e+00   0.000000000000e+00   0.000000000000e+00   2.095793237365e-35   0.000000000000e+00   0.000000000000e+00   0.000000000000e+00   0.000000000000e+00   2.800009973792e-02   2.837840323841e-02   7.580238978516e-03   2.155371194006e-06  -3.942151494711e-08   1.713775912502e-01   3.496756068361e-02   9.942704080402e-06  -1.818510234387e-07   4.025185855429e-01   1.427270027095e-01   4.058310973028e-05  -7.422608557085e-07   6.987111430514e-01   3.459859839704e-01   9.837793049707e-05  -1.799322115996e-06   1.035708304937e-06  -5.386266915813e-12  -1.051496167434e-03  -1.894299716795e-08   1.821244491563e-03   1.764691545291e-01   4.415805359982e-01   7.696052802426e-01   9.134356870860e-01  -1.670372325353e-02   2.416111335918e-02   4.153038894387e-02   1.764683374178e-01   4.415786694694e-01   7.696026929103e-01   9.134337111295e-01  -1.670457400743e-02   2.397654639359e-02  -4.163740050315e-02   1.764595601672e-01   4.415586195335e-01   7.695749000848e-01   9.134124854831e-01  -1.664144113277e-02  -4.807402051561e-02   1.058738552509e-04
   2.631709996959e-18   0.000000000000e+00   5.734990148843e-02   0.000000000000e+00   0.000000000000e+00   3.811476731120e-17   2.263653730943e-01   0.000000000000e+00  -8.979084215399e-38   0.000000000000e+00   6.530545656898e-01   0.000000000000e+00   0.000000000000e+00   0.000000000000e+00   1.000000000000e+00   0.000000000000e+00   0.000000000000e+00   2.949172130760e-20   0.000000000000e+00  -3.487140502693e-17   0.000000000000e+00   6.039904523796e-17  -3.039117656760e-02  -3.088915514630e-02   5.696737949485e-03  -2.327561473555e-06   4.257085724967e-08  -1.803744854035e-01   2.723680211986e-02  -1.046467113313e-05   1.913977465406e-07  -3.869226753563e-01   1.241952692357e-01  -3.901068411522e-05   7.135013547651e-07  -5.422849930350e-01   3.651162092072e-01  -7.635326255341e-05   1.396493230206e-06   7.933798898882e-07   5.738460816668e-12  -2.731198057761e-03  -1.451083566253e-08   4.730574115220e-03   4.810213022212e-02   1.098797561930e-01   1.523123103157e-01   1.163214785482e-01   1.138930277273e-01   6.443909628530e-03   1.107639657219e-02   4.810457534571e-02   1.098853859501e-01   1.523202458931e-01   1.163276784183e-01   1.138920175484e-01   6.395039211001e-03  -1.110555308887e-02   4.792271852944e-02   1.094704447288e-01   1.517464752991e-01   1.158909794017e-01   1.139196568396e-01  -1.277449360667e-02   2.813338415448e-05
   1.099169462258e-21  -3.267323028780e-21   0.000000000000e+00   5.734990148843e-02  -2.956634481430e-41   0.000000000000e+00   0.000000000000e+00   2.263653730943e-01   0.000000000000e+00   0.000000000000e+00   0.000000000000e+00   6.530545656898e-01   0.000000000000e+00   0.000000000000e+00   0.000000000000e+00   1.000000000000e+00   0.000000000000e+00   6.039904523796e-17   0.000000000000e+00  -1.702705323581e-20   0.000000000000e+00  -2.949172130760e-20  -8.641451372630e-06  -8.783046998677e-06  -2.327561473555e-06   1.388255338087e-02   1.210463148723e-11  -5.128782497150e-05  -1.046467113313e-05   6.404006915244e-02   5.442218783083e-11  -1.100179019599e-04  -3.901068411522e-05   2.613921869745e-01   2.028775440067e-10  -1.541937472212e-04  -7.635326255341e-05   6.336434734482e-01   3.970799983405e-10   6.670904705185e-03  -3.469246422065e-08  -7.765910330145e-07   5.738460816668e-12  -2.448525686997e-06  -6.957736329049e-02  -1.589356579347e-01  -2.203122585114e-01  -1.682532921943e-01   6.443909628530e-03   1.090272099457e-01  -1.602146234885e-02  -6.904585426766e-02  -1.577215948780e-01  -2.186295466567e-01  -1.669683990274e-01   6.395039211001e-03   1.091684915928e-01   1.594011369241e-02   1.384397982944e-01   3.162397032660e-01   4.383672729121e-01   3.347874307809e-01  -1.277449360667e-02   8.143858213436e-02   8.127210114951e-05
   5.976634680798e-24  -4.192843322892e-25   0.000000000000e+00  -2.956634481430e-41   5.734990148843e-02  -2.907925972839e-22  -8.979084215399e-38   0.000000000000e+00   2.263653730943e-01   0.000000000000e+00   0.000000000000e+00   0.000000000000e+00   6.530545656898e-01   0.000000000000e+00   0.000000000000e+00   0.000000000000e+00   1.000000000000e+00   0.000000000000e+00   2.949172130760e-20   0.000000000000e+00   6.039904523796e-17   0.000000000000e+00   1.580512467635e-07   1.606410160358e-07   4.257085724967e-08   1.210463148723e-11   1.388255404247e-02   9.380489840179e-07   1.913977465406e-07   5.442218783083e-11   6.404007212698e-02   2.012215983317e-06   7.135013547651e-07   2.028775440067e-10   2.613921980631e-01   2.820187598189e-06   1.396493230206e-06   3.970799983405e-10   6.336434951513e-01   5.738460816668e-12   1.896810451001e-06  -4.588534427949e-08   6.670905018830e-03   1.009081427906e-08  -1.195961012304e-01  -2.731935235332e-01  -3.786933842437e-01  -2.892095476744e-01   1.107639657219e-02  -1.602146234885e-02   9.080881503399e-02   1.199042530993e-01   2.738975457985e-01   3.796696090643e-01   2.899554417701e-01  -1.110555308887e-02   1.594011369241e-02   9.066604984837e-02  -3.048872344851e-04  -6.964575920442e-04  -9.654202561230e-04  -7.373054220589e-04   2.813338415448e-05   8.127210114951e-05   1.183415332811e-01
  -4.249554019754e-40   0.000000000000e+00  -1.329290505990e-20  -9.225890084094e-19   0.000000000000e+00   0.000000000000e+00   0.000000000000e+00   0.000000000000e+00   0.000000000000e+00   0.000000000000e+00   0.000000000000e+00   0.000000000000e+00   0.000000000000e+00   2.095793237365e-35   2.949172130760e-20   6.039904523796e-17   0.000000000000e+00   1.000000000000e+00   0.000000000000e+00   0.000000000000e+00   0.000000000000e+00   0.000000000000e+00   1.996596002440e-05   1.989054057427e-05   5.984472062483e-05  -3.318359193845e-02  -3.602959577361e-10   1.194304664793e-04   1.926895762484e-04  -1.491256894490e-01  -1.222611484941e-09   1.212021858648e-04   1.550865901347e-04  -2.879649384000e-01  -1.232360860698e-09   3.321575283619e-05   9.702921599023e-06  -1.364967385105e-01  -2.523028312189e-10  -1.468331070891e-01   9.083224560642e-07  -3.264318947807e-05  -1.362895880102e-09   1.558647422247e-04  -1.114643289618e-01  -7.227462633056e-02  -1.310287073445e-02  -1.288886679897e-03  -1.361914014802e-01   4.787307978599e-02  -1.523923131687e-01  -1.106143647872e-01  -7.172513994945e-02  -1.300343222756e-02  -1.279112829920e-03  -1.351398510172e-01   4.922251268873e-02   1.516219764954e-01   2.208600053755e-01   1.432463525159e-01   2.597374307326e-02   2.555130499476e-03   2.717738313553e-01  -2.136199812217e-01   7.699025524557e-04
  -8.274630903361e-41  -2.160114660426e-40   0.000000000000e+00   2.077016415609e-22  -1.329290505990e-20   0.000000000000e+00   0.000000000000e+00   0.000000000000e+00   0.000000000000e+00   0.000000000000e+00   0.000000000000e+00   0.000000000000e+00   0.000000000000e+00   0.000000000000e+00   0.000000000000e+00   0.000000000000e+00   2.949172130760e-20   0.000000000000e+00   1.000000000000e+00   0.000000000000e+00   0.000000000000e+00   0.000000000000e+00  -1.038342450371e-10  -1.034420213897e-10  -3.602959577361e-10   1.725733805106e-07  -9.435454584657e-06  -6.211057372727e-10  -1.222611484941e-09   7.755376330841e-07  -4.240253641948e-05  -6.303196766267e-10  -1.232360860698e-09   1.497579978092e-06  -8.188019929835e-05  -1.727406353048e-10  -2.523028312189e-10   7.098599704669e-07  -3.881159536232e-05   9.083224560642e-07   2.782535785244e-02   6.171053957346e-10  -4.966255235279e-05  -1.068857768010e-09   2.771332393917e-01   1.796960651660e-01   3.257760617938e-02   3.204552919624e-03  -1.523923131687e-01  -1.190266142031e-01   1.814079682326e-01  -2.757145800902e-01  -1.787802775989e-01  -3.241202770772e-02  -3.188284428230e-03   1.516219764954e-01   1.226907955677e-01   1.819598107931e-01  -1.405124715659e-03  -9.113419607406e-04  -1.652465247765e-04  -1.625589481647e-05   7.699025524557e-04   1.359063243990e-03   3.927835876026e-01
   0.000000000000e+00   0.000000000000e+00   5.326570123566e-19   7.674662314643e-21   2.398331973326e-22   0.000000000000e+00   0.000000000000e+00   0.000000000000e+00   0.000000000000e+00   0.000000000000e+00   0.000000000000e+00   0.000000000000e+00   0.000000000000e+00   0.000000000000e+00  -3.487140502693e-17  -1.702705323581e-20   0.000000000000e+00   0.000000000000e+00   0.000000000000e+00   1.000000000000e+00   0.000000000000e+00   0.000000000000e+00  -2.027031196400e-02  -2.019374285436e-02  -5.117768332351e-02  -1.455190327430e-05   5.650588377899e-07  -1.212510097477e-01  -1.525779535027e-01  -4.338413693184e-05   2.136762537686e-06  -1.230497364112e-01  -7.432232891718e-02  -2.113287025298e-05   2.980403216171e-06  -3.372207854197e-02   2.955238667304e-02   8.402949185339e-06   1.075824592800e-06  -3.264318947807e-05   6.171053957346e-10   6.096615925936e-02   2.170301982141e-06  -5.740151811139e-02   2.062401961397e-01   1.337282810489e-01   2.424397702328e-02   2.384800986464e-03  -1.922348545448e-01   2.780582533455e-01  -1.099999826663e-01   2.083576862539e-01   1.351043712528e-01   2.449379027314e-02   2.409388601676e-03  -1.934080460157e-01   2.776040254678e-01   1.073642088527e-01  -2.062499312258e-01  -1.337704864423e-01  -2.425555823666e-02  -2.386106479052e-03   3.450781549927e-02   9.968664474581e-02  -1.717836943613e-03
   0.000000000000e+00   0.000000000000e+00   2.077016415609e-22   0.000000000000e+00  -9.225890084094e-19   0.000000000000e+00   0.000000000000e+00   0.000000000000e+00   0.000000000000e+00   0.000000000000e+00   0.000000000000e+00   0.000000000000e+00   0.000000000000e+00   0.000000000000e+00   0.000000000000e+00   0.000000000000e+00   6.039904523796e-17   0.000000000000e+00   0.000000000000e+00   0.000000000000e+00   1.000000000000e+00   0.000000000000e+00  -3.651753320839e-07  -3.637959181859e-07  -1.094553715471e-06  -3.602959577361e-10  -3.318361163104e-02  -2.184370809328e-06  -3.524272306948e-06  -1.222611484941e-09  -1.491257562729e-01  -2.216775372603e-06  -2.836517602209e-06  -1.232360860698e-09  -2.879650057568e-01  -6.075126644323e-07  -1.774654267953e-07  -2.523028312189e-10  -1.364967523005e-01  -1.362895880102e-09  -4.966255235279e-05   2.170301982141e-06  -1.468331815805e-01  -1.942427005967e-06  -1.915953485394e-01  -1.242324100574e-01  -2.252244380436e-02  -2.215459375772e-03  -2.340985611963e-01  -1.523923131687e-01  -1.254159298165e-01   1.920916604268e-01   1.245570704469e-01   2.258161399422e-02   2.221292938267e-03   2.346823436692e-01   1.516219764954e-01  -1.267722663588e-01  -4.864020106713e-04  -3.154727528263e-04  -5.720221202572e-05  -5.627187278022e-06  -5.985299954798e-04   7.699025524557e-04   1.359670957599e-01
   0.000000000000e+00   0.000000000000e+00  -9.225890084094e-19   1.329290505990e-20   0.000000000000e+00   0.000000000000e+00   0.000000000000e+00   0.000000000000e+00   0.000000000000e+00   0.000000000000e+00   0.000000000000e+00   0.000000000000e+00   0.000000000000e+00   0.000000000000e+00   6.039904523796e-17  -2.949172130760e-20   0.000000000000e+00   0.000000000000e+00   0.000000000000e+00   0.000000000000e+00   0.000000000000e+00   1.000000000000e+00   3.510920453168e-02   3.497658296493e-02   8.864232803740e-02   4.407553939157e-05  -6.335635479905e-07   2.100128754045e-01   2.642727007576e-01   1.599485832594e-04  -2.149904970016e-06   2.131283608709e-01   1.287299824646e-01   2.003635844452e-04  -2.167048790151e-06   5.840834393008e-02  -5.118624899267e-02   6.306885188377e-05  -4.436626986311e-07   1.558647422247e-04  -1.068857768010e-09  -5.740151811139e-02  -1.942427005967e-06   1.272476452327e-01  -4.208354439681e-02  -2.728740642207e-02  -4.947010827720e-03  -4.866213282858e-04   1.596715254548e-01   1.640116525454e-01  -5.753597349662e-02  -4.085118213438e-02  -2.648893533246e-02  -4.802320018039e-03  -4.723913687525e-04   1.589977832443e-01   1.637246146856e-01   5.599577405072e-02  -2.807849201261e-01  -1.821127169726e-01  -3.302107759076e-02  -3.248402135948e-03   2.898177872786e-01   5.165257728850e-02  -9.787966197348e-04
   6.698719244727e-06  -3.487281501475e-07  -4.921528175051e-04  -1.399391244664e-07   2.559472030701e-09   9.556177015457e-03  -3.243290475126e-02  -9.221997992007e-06   1.686693840463e-07   3.436517584374e-02  -6.706151707417e-02  -1.906832522532e-05   3.487576849764e-07   2.800009973792e-02  -3.039117656760e-02  -8.641451372630e-06   1.580512467635e-07   1.996596002440e-05  -1.038342450371e-10  -2.027031196400e-02  -3.651753320839e-07   3.510920453168e-02   1.000000000000e+00   9.086077454229e-01  -1.095943784641e-16   3.698635427592e-20  -4.591938232991e-23   3.596913536723e-01   1.003343838460e-16   6.232405503098e-21   2.323934309672e-22   1.589375293892e-01  -2.340683381489e-19   6.057445272933e-26  -4.744974300984e-23   7.292467934085e-02  -1.055957048451e-17  -8.366875068926e-22   1.263051810826e-23  -2.953637338037e-40   0.000000000000e+00   0.000000000000e+00  -4.322006888753e-39   0.000000000000e+00   2.223089020776e-07   1.725294208259e-03   1.616364897908e-02   1.934007012426e-02  -7.788813580086e-05   2.312249081999e-05   3.977567790622e-05   2.222616584412e-07   1.725173666705e-03   1.616328131474e-02   1.933991454682e-02  -7.787737651271e-05   2.294239646858e-05  -3.987174137880e-05   2.238642928050e-07   1.729253182295e-03   1.617571463819e-02   1.934517444797e-02  -7.821206882832e-05  -4.628902564163e-05   1.022272452492e-07
   1.967784902866e-06  -1.789311266628e-07  -2.718787872436e-04  -7.730623110262e-08   1.413922925848e-09   9.204118578318e-03  -3.222532107485e-02  -9.162973483974e-06   1.675898319338e-07   3.488245970653e-02  -6.869901511412e-02  -1.953393272339e-05   3.572735976858e-07   2.837840323841e-02  -3.088915514630e-02  -8.783046998677e-06   1.606410160358e-07   1.989054057427e-05  -1.034420213897e-10  -2.019374285436e-02  -3.637959181859e-07   3.497658296493e-02   9.086077454229e-01   1.000000000000e+00  -7.234880744973e-16  -4.620257418841e-20   1.495063425838e-21   3.964827091870e-01   8.310579205516e-18   2.335900673664e-20   0.000000000000e+00   1.653100724247e-01   6.785121021992e-19   4.959416691783e-21   0.000000000000e+00   7.442129399766e-02   0.000000000000e+00  -1.142285169645e-23   3.569641155142e-25  -1.282567047737e-37   4.892605009985e-43   0.000000000000e+00   4.008022024180e-39   0.000000000000e+00   5.919086035170e-08   1.634179721956e-03   1.632927961085e-02   1.957921690915e-02  -5.240210852456e-05   1.555650627466e-05   2.676055048498e-05   5.917649784719e-08   1.634062990420e-03   1.632890572075e-02   1.957905903949e-02  -5.239434126120e-05   1.543518546401e-05  -2.682491010901e-05   5.966394618421e-08   1.638013660894e-03   1.634154961166e-02   1.958439643988e-02  -5.263746112122e-05  -3.115295150802e-05   6.879990170242e-08
   1.320817324384e-04  -2.195814844783e-06  -5.576640476249e-03  -1.704560974352e-06   3.117624292073e-08   2.794356641112e-02  -7.477419137412e-02  -2.564127203096e-05   4.689761983656e-07   3.006129569932e-02  -2.749747653304e-02  -1.640507359388e-05   3.000470896558e-07   7.580238978516e-03   5.696737949485e-03  -2.327561473555e-06   4.257085724967e-08   5.984472062483e-05  -3.602959577361e-10  -5.117768332351e-02  -1.094553715471e-06   8.864232803740e-02  -1.095943784641e-16  -7.234880744973e-16   1.000000000000e+00   5.836972831615e-35  -1.771602854760e-36   1.774678415869e-17   6.069208190318e-01   1.038596292457e-36   0.000000000000e+00  -5.600449076606e-16   1.902855003293e-01   1.722495998998e-35   0.000000000000e+00   0.000000000000e+00   5.507773817792e-02   0.000000000000e+00   0.000000000000e+00   5.535892037957e-20  -1.017491342920e-55  -2.339892777169e-16  -1.546025533417e-21   4.052813174321e-16   4.384357093711e-06   4.557394557096e-03   1.279996251964e-02   5.437488600330e-03  -5.815369753627e-04   1.864484372460e-04   3.207315787797e-04   4.383535943453e-06   4.557138849975e-03   1.279982058917e-02   5.437506984273e-03  -5.814694636162e-04   1.849999873795e-04  -3.215126921016e-04   4.409697137559e-06   4.564049129653e-03   1.279973474908e-02   5.434811545430e-03  -5.832750678141e-04  -3.728620884810e-04   8.234492654557e-07
   3.755622509514e-08  -6.243597434369e-10  -1.704560974352e-06   4.181406223923e-04   8.864677765322e-12   7.945495949538e-06  -2.564127203096e-05   1.540375780413e-02   1.333490661042e-10   8.547652783566e-06  -1.640507359388e-05   3.019762888247e-02   8.531562866585e-11   2.155371194006e-06  -2.327561473555e-06   1.388255338087e-02   1.210463148723e-11  -3.318359193845e-02   1.725733805106e-07  -1.455190327430e-05  -3.602959577361e-10   4.407553939157e-05   3.698635427592e-20  -4.620257418841e-20   5.836972831615e-35   1.000000000000e+00  -2.162601141065e-40   2.114258765590e-20   1.038596292457e-36   6.069208190318e-01   0.000000000000e+00  -2.623513405018e-20   1.722495998998e-35   1.902855003293e-01   0.000000000000e+00   1.630755112338e-20   0.000000000000e+00   5.507773817792e-02  -9.062023488836e-42   4.052813174321e-16  -1.546025533417e-21  -3.196148758319e-20  -1.017491342920e-55  -5.535892037957e-20  -1.301575080833e-06  -1.352944357006e-03  -3.799898570089e-03  -1.614216067084e-03   1.864484372460e-04  -8.835773517419e-06  -9.521492470914e-05  -1.291374004266e-06  -1.342516799361e-03  -3.770781346693e-03  -1.601870101691e-03   1.849999873795e-04  -7.992084650496e-06   9.471648869261e-05   2.609834862192e-06   2.701186534982e-03   7.575394167194e-03   3.216538505535e-03  -3.728620884810e-04  -1.739447906703e-04   4.873501587962e-07
  -6.868994505737e-10   1.141947476459e-11   3.117624292073e-08   8.864677765322e-12   4.181411069064e-04  -1.453222944651e-07   4.689761983656e-07   1.333490661042e-10   1.540376509255e-02  -1.563356803260e-07   3.000470896558e-07   8.531562866585e-11   3.019763354554e-02  -3.942151494711e-08   4.257085724967e-08   1.210463148723e-11   1.388255404247e-02  -3.602959577361e-10  -9.435454584657e-06   5.650588377899e-07  -3.318361163104e-02  -6.335635479905e-07  -4.591938232991e-23   1.495063425838e-21  -1.771602854760e-36  -2.162601141065e-40   1.000000000000e+00   0.000000000000e+00   0.000000000000e+00   0.000000000000e+00   6.069208190318e-01   0.000000000000e+00   0.000000000000e+00   0.000000000000e+00   1.902855003293e-01  -5.096109726057e-22   0.000000000000e+00  -9.062023488836e-42   5.507773817792e-02  -1.017491342920e-55   5.535892037957e-20  -1.785196515785e-21   4.052813174321e-16   0.000000000000e+00  -2.238990236346e-06  -2.327356485435e-03  -6.536646193388e-03  -2.776800252845e-03   3.207315787797e-04  -9.521492470914e-05  -1.172754428769e-04   2.244287356464e-06   2.333168755677e-03   6.553265647609e-03   2.783900561763e-03  -3.215126921016e-04   9.471648869261e-05  -1.181001575764e-04  -5.763703703392e-09  -5.965449791775e-06  -1.672991960091e-05  -7.103581596302e-06   8.234492654557e-07   4.873501587962e-07   4.672880682043e-05
   1.870862150464e-03   1.078483597940e-03  -2.811597335956e-02  -7.994518278697e-06   1.462189077663e-07   8.486426652892e-02  -2.176243827905e-01  -6.187949048961e-05   1.131769444650e-06   2.064151501576e-01  -3.653303144907e-01  -1.038783128582e-04   1.899923537259e-06   1.713775912502e-01  -1.803744854035e-01  -5.128782497150e-05   9.380489840179e-07   1.194304664793e-04  -6.211057372727e-10  -1.212510097477e-01  -2.184370809328e-06   2.100128754045e-01   3.596913536723e-01   3.964827091870e-01   1.774678415869e-17   2.114258765590e-20   0.000000000000e+00   1.000000000000e+00   0.000000000000e+00  -5.852307004861e-20   0.000000000000e+00   7.474490647858e-01   1.883245401331e-16   0.000000000000e+00   0.000000000000e+00   4.149600045992e-01  -6.044809191330e-17  -1.475783493977e-20   2.305911709339e-22   0.000000000000e+00   0.000000000000e+00   0.000000000000e+00   0.000000000000e+00   0.000000000000e+00   1.824183327236e-04   1.851659714061e-02   1.021252529329e-01   1.198204908934e-01  -4.378616009007e-03   1.299870736814e-03   2.236058396551e-03   1.823945186217e-04   1.851553823028e-02   1.021230874449e-01   1.198195511824e-01  -4.378217166453e-03   1.289807111593e-03  -2.241564243405e-03   1.832012677229e-04   1.855136769260e-02   1.021963160082e-01   1.198513216680e-01  -4.390044664049e-03  -2.598203743570e-03   5.738016897515e-06
   6.780378630919e-03   4.955115084486e-03  -7.897943629026e-02  -2.529544587081e-05   4.626510738675e-07   1.401648790335e-01  -2.821710103740e-01  -1.022023951173e-04   1.869271176098e-06   1.291210957830e-01  -9.882231062644e-02  -6.498012173088e-05   1.188479667541e-06   3.496756068361e-02   2.723680211986e-02  -1.046467113313e-05   1.913977465406e-07   1.926895762484e-04  -1.222611484941e-09  -1.525779535027e-01  -3.524272306948e-06   2.642727007576e-01   1.003343838460e-16   8.310579205516e-18   6.069208190318e-01   1.038596292457e-36   0.000000000000e+00   0.000000000000e+00   1.000000000000e+00   0.000000000000e+00   0.000000000000e+00   3.583427704932e-16   6.156057552884e-01   0.000000000000e+00   0.000000000000e+00  -1.989405361482e-16   2.308573642948e-01   7.075215834693e-36  -1.105502474171e-37  -6.812788637877e-20   0.000000000000e+00   0.000000000000e+00   0.000000000000e+00   0.000000000000e+00   6.450545958195e-04   2.868174117773e-02   5.865355096246e-02   2.545247014410e-02  -1.091900478304e-02   3.608217043269e-03   6.206912570366e-03   6.449777086591e-04   2.868042766985e-02   5.865297541297e-02   2.545256047582e-02  -1.091816270172e-02   3.580322940609e-03  -6.222266733819e-03   6.473348932149e-04   2.871390572618e-02   5.865005283295e-02   2.543979879019e-02  -1.093736890941e-02  -7.206720734130e-03   1.591572079382e-05
