ARMA_MAT_TXT_FN008
72 72
  -3.323775198470e+01  -3.523616576320e+01   8.708994991985e-02  -3.717070964081e-02   1.558414003055e-07  -1.261913671355e+01   3.966570172329e-02  -1.692963505116e-02   7.097892793290e-08  -5.479015279918e+00   1.154638051146e-02  -4.928057431762e-03   2.066124672050e-08  -2.473681603276e+00   3.205700346987e-03  -1.368203444853e-03   5.736282660019e-09  -1.064919028861e-03   3.638305923806e-08   5.287251998637e-03   1.437878277034e-08  -3.991781538914e-03  -4.577133458067e-01  -2.321796564127e+00  -2.044482710008e+00  -1.171478753149e+00   1.374813564432e+00   3.076618279719e+00  -1.935573360111e-05  -2.691921598444e-04   7.779955501473e-06  -1.529291249468e-02   1.540167785845e-03  -7.753680852152e-09  -3.222565819221e-01  -1.115512990920e+00   1.123482538584e-01  -5.645912917904e-07  -1.311611816087e+00  -2.621024906857e+00   2.639235056895e-01  -1.325857189503e-06  -1.113343725492e+00  -1.237904037599e+00   1.246333169985e-01  -6.260642275088e-07   2.361758630747e-01   1.198294269650e-07   6.838042854467e-01  -1.186914694780e-06  -1.160562149679e+00  -1.639566012472e-05  -6.927095778820e-02  -6.512459556448e-01  -7.816093075925e-01  -3.598362765543e-03  -1.696660654414e-03   3.675069639953e-07  -6.935644598078e-06  -5.081941768060e-02  -5.885697963029e-01  -7.541289730072e-01  -1.835328727582e-03   6.876789512850e-04   9.222112008485e-04  -6.936099690745e-06  -5.082061965363e-02  -5.885743479411e-01  -7.541310358828e-01  -1.835442798504e-03   6.873798877427e-04  -9.224428017163e-04
  -3.523616576320e+01  -3.098277633023e+01   1.032859167696e-01  -4.408328206142e-02   1.848229553996e-07  -1.274165380006e+01   3.023491761944e-02  -1.290451625295e-02   5.410330206429e-08  -5.537752247419e+00   7.232954134887e-03  -3.087094274233e-03   1.294292567808e-08  -2.493424689809e+00   1.888250903739e-03  -8.059258855005e-04   3.378922137721e-09  -4.415073999551e-04   1.508403638251e-08   2.192032735327e-03   5.961296903522e-09  -1.654938024949e-03  -4.520593067891e-01  -2.342227489236e+00  -2.060611487299e+00  -1.179475566362e+00   1.394329070463e+00   3.124213119621e+00  -1.965366252949e-05  -9.410437301776e-05   7.499716821677e-06  -1.044333166804e-02   1.053314116580e-03  -5.289735650197e-09  -3.196604334678e-01  -1.118870535010e+00   1.127913627145e-01  -5.664609956642e-07  -1.320033806050e+00  -2.644316941757e+00   2.665409100693e-01  -1.338548983309e-06  -1.120711594681e+00  -1.247434939626e+00   1.257362370308e-01  -6.314252829360e-07   2.382527095426e-01   1.206942307350e-07   6.891899000621e-01  -1.196565340692e-06  -1.169684390102e+00  -5.001331139599e-06  -6.829081593055e-02  -6.548650481620e-01  -7.866016706138e-01  -2.879471939543e-03  -1.355053561280e-03   2.936474138014e-07  -1.790447976701e-06  -4.992741064234e-02  -5.916233014298e-01  -7.588720024437e-01  -1.406100245789e-03   5.264458164597e-04   7.053928505621e-04  -1.790589687576e-06  -4.992860962511e-02  -5.916279079652e-01  -7.588740905244e-01  -1.406192913459e-03   5.262190319069e-04  -7.055726628740e-04
   8.708994991985e-02   1.032859167696e-01  -1.140685248070e+01  -6.265840023137e-03   8.460252687715e-08   2.805371251954e-01  -7.697660098489e+00  -6.780739461582e-03   9.157025152311e-08   1.701531175036e-01  -2.699671687927e+00  -2.672505771915e-03   3.612521418507e-08   8.489860919182e-02  -7.987839977660e-01  -8.132456698685e-04   1.100074921702e-08  -7.439119926834e-02   4.855111827317e-08  -1.025385648841e-01   3.007253494947e-07   1.878372413968e-01  -4.410695496359e-01  -4.893254991318e-01  -1.019078089866e-01   5.354620147749e-03  -4.118360746073e-01   1.354141525321e+00  -8.520095138702e-06   4.869827543449e-03   3.426538248862e-04   1.398818838534e-01  -1.523323628193e-02   7.710245927133e-08   5.181145730362e-01   1.325891658013e+00  -1.600127798899e-01   8.098474860695e-07   6.108878185909e-01   6.173590647476e-01  -1.176004466100e-01   5.973826619165e-07   1.898513592886e-01  -6.074872148074e-02  -2.109697449759e-02   1.085575071789e-07  -3.525964818610e-01  -2.097779284159e-07  -8.650356702683e-01   1.784402939949e-06   1.457126074827e+00   3.292144231971e-04   1.070358046870e-01   2.877822523169e-01   1.409216620727e-01   2.149973344335e-02   1.099427981519e-02  -2.378523478555e-06   1.463617281746e-04   7.813947096016e-02   2.533957133777e-01   1.325346200353e-01   1.141049764393e-02  -4.647930051452e-03  -6.244226292669e-03   1.463723502567e-04   7.814215310778e-02   2.534007056869e-01   1.325364013023e-01   1.141131354930e-02  -4.645937657725e-03   6.245838372737e-03
  -3.717070964081e-02  -4.408328206142e-02  -6.265840023137e-03  -1.135987864909e+01   2.140722027275e-07  -1.197338817531e-01  -6.780739461582e-03  -7.646806236741e+00   2.317066801314e-07  -7.261461670931e-02  -2.672505771915e-03  -2.679584143243e+00   9.141874905485e-08  -3.622843112035e-02  -8.132456698685e-04  -7.926612650618e-01   2.784052323260e-08   1.534435933477e-01   3.463704329524e-07   4.727006705327e-02   4.855111827317e-08   7.329104898866e-02  -1.024547964802e+00  -1.283380857130e+00  -4.117427562993e-01  -9.792165112577e-02   1.465065084189e+00   2.224202890261e+00  -2.040587657576e-05  -4.940335336747e-04  -3.449756928720e-05  -1.543604510506e-02  -1.004366869437e-02  -7.721251090803e-09  -5.519661363356e-02  -1.707675291945e-01  -2.522394344213e-01  -8.007640492845e-08  -7.515363991384e-02  -1.451265705722e-01  -5.352648811797e-01  -5.568352968480e-08  -3.167658579424e-02  -3.510717923441e-02  -2.632842843238e-01  -8.430051102766e-09  -5.179098604905e-01  -2.641672572001e-07   9.323762138963e-02  -2.056175504662e-07  -2.693812167843e-01   1.522586745318e-04   4.749734914020e-02   1.140431431720e-01   4.106698867079e-02   1.061838522881e-02   3.347729320600e-03  -1.087458045976e-06  -5.434579383272e-05  -2.901082583723e-02  -9.497193878252e-02  -5.060131150912e-02  -4.588160921431e-03   7.684819163873e-04   2.313488291752e-03  -5.432289231958e-05  -2.899780281025e-02  -9.493087012130e-02  -5.058245877928e-02  -4.586221853565e-03   7.668569194608e-04  -2.312947929693e-03
   1.558414003055e-07   1.848229553996e-07   8.460252687715e-08   2.140722027275e-07  -1.132948266277e+01   5.019916476158e-07   9.157025152311e-08   2.317066801314e-07  -7.613906855619e+00   3.044286880243e-07   3.612521418507e-08   9.141874905485e-08  -2.666604997878e+00   1.518784857608e-07   1.100074921702e-08   2.784052323260e-08  -7.887088761574e-01   4.855111827317e-08  -6.580809044354e-02   3.138396042536e-07   1.636788306300e-01  -2.282254172886e-08   6.430208256673e-06   8.011332398059e-06   2.529618748510e-06   5.793770798966e-07  -9.177238438088e-06  -2.031477502504e-05  -1.016180519343e+00   2.454370924152e-09   1.733171823376e-10   7.648526305242e-08  -7.556158990789e-09  -1.158631330143e-02   2.693294860413e-07   8.349606374928e-07  -7.716119994270e-08  -2.685779809922e-01   3.571112267061e-07   6.943940572152e-07  -5.152707354430e-08  -5.473891084591e-01   1.439800242086e-07   1.620480218938e-07  -6.729811821688e-09  -2.654955928001e-01  -1.993295474008e-07   5.605086666844e-02  -9.416111019224e-07  -5.595579760031e-01   1.049581958943e-06  -3.312046927140e-08  -1.049705506435e-05  -2.662363918631e-05  -1.134004397605e-05  -2.316917918812e-06  -1.096803788807e-06  -1.675889092384e-03  -7.238244678869e-05  -3.768182672896e-02  -1.152452939132e-01  -5.238257726993e-02  -6.077473272495e-03   2.281029660747e-03   2.110909371213e-03   7.240139517670e-05   3.769025858640e-02   1.152695249324e-01   5.239340994057e-02   6.079044091869e-03  -2.280483773437e-03   2.112239393595e-03
  -1.261913671355e+01  -1.274165380006e+01   2.805371251954e-01  -1.197338817531e-01   5.019916476158e-07  -1.434055972558e+01   4.588916308233e-01  -1.945327872801e-01   8.132560450415e-07  -9.562274227742e+00   2.885057649339e-01  -1.173531076636e-01   4.816811183870e-07  -5.135365802079e+00   1.080823129613e-01  -4.261054206671e-02   1.722791656939e-07  -2.255814458946e-02   7.833040606515e-07   1.146331864641e-01   3.091209848580e-07  -8.748061254434e-02  -1.920319861419e+00  -4.650759676804e+00  -4.264447538126e+00  -2.583264968039e+00   2.376415223438e+00   5.112465783205e+00  -3.228819796571e-05  -6.098766256953e-02  -5.556272112063e-02  -4.751657524514e-01   4.754907758699e-02  -2.539458904795e-07  -1.221137729755e+00  -2.944507121168e+00   2.909213467557e-01  -1.515225381816e-06  -2.922534853664e+00  -5.126498802074e+00   4.997557545138e-01  -2.559540148793e-06  -2.473663199227e+00  -2.612280246577e+00   2.530718756865e-01  -1.289177430180e-06   5.335769293315e-01   3.135335878588e-07   1.576162448581e+00  -2.770332295476e-06  -2.675196822017e+00  -7.858042963739e-03  -3.118500681987e-01  -1.520146985756e+00  -1.758331941992e+00  -1.050673046388e-01  -5.302726091738e-02   1.134886498527e-05  -4.930989605139e-03  -2.481164984412e-01  -1.393181691676e+00  -1.702502184775e+00  -6.940717245538e-02   2.719821397768e-02   3.716414959116e-02  -4.931160395124e-03  -2.481204645477e-01  -1.393189942395e+00  -1.702505900930e+00  -6.941006953859e-02   2.718556378102e-02  -3.717267409697e-02
   3.966570172329e-02   3.023491761944e-02  -7.697660098489e+00  -6.780739461582e-03   9.157025152311e-08   4.588916308233e-01  -9.546763825340e+00  -2.265134062731e-02   3.191485383972e-07   5.430596797329e-01  -5.803028597754e+00  -1.511427188977e-02   2.671603420833e-07   3.538417780704e-01  -2.201619495445e+00  -4.908754968807e-03   1.061107818673e-07  -1.949213729689e-01   2.267946245151e-07  -2.752566157660e-01   7.596953431026e-07   5.253185338819e-01  -1.210441062455e+00  -1.060905474230e+00  -1.833315138792e-01   8.007157037908e-02  -1.286712317703e+00   2.121916867109e+00  -1.335890554937e-05   2.260600221854e-01   2.300156715600e-01   1.203749797988e+00  -1.379829889461e-01   7.459042061571e-07   1.882927011029e+00   3.327968357794e+00  -4.207299883305e-01   2.250581848608e-06   1.800384156150e+00   1.482027577469e+00  -2.993930162282e-01   1.608081163302e-06   6.328872093616e-01  -1.508712127018e-01  -6.612184172285e-02   3.698892466942e-07  -7.059484072959e-01  -5.687691510158e-07  -1.617851237693e+00   3.752230964635e-06   2.713845942201e+00   2.727965507336e-02   4.818778337399e-01   9.081441435680e-01   4.756301720464e-01   2.582394234997e-01   1.485040857737e-01  -3.166755363371e-05   1.669617846439e-02   3.759936545306e-01   8.104193194134e-01   4.494223392798e-01   1.657495521436e-01  -7.416781114626e-02  -1.018978242779e-01   1.669696025308e-02   3.760041214246e-01   8.104338074542e-01   4.494278214928e-01   1.657590539383e-01  -7.413395176409e-02   1.019223437567e-01
  -1.692963505116e-02  -1.290451625295e-02  -6.780739461582e-03  -7.646806236741e+00   2.317066801314e-07  -1.945327872801e-01  -2.265134062731e-02  -9.359812395939e+00   8.108362267707e-07  -2.208959016055e-01  -1.511427188977e-02  -5.609176712276e+00   6.903386452701e-07  -1.394991424251e-01  -4.908754968807e-03  -2.114417335382e+00   2.767565579789e-07   3.576459063019e-01   9.605014721726e-07   1.328114872257e-01   2.267946245151e-07   1.884125370741e-01  -2.828978157892e+00  -2.946301924728e+00  -1.127153394572e+00  -3.068418545592e-01   2.435366286722e+00   2.921960075402e+00  -3.276692063577e-05  -2.286580401699e-02  -2.322965586952e-02  -1.401274819174e-01  -1.600524898350e-01  -6.711216990091e-08  -1.987681642185e-01  -4.530177249808e-01  -8.634983339112e-01  -1.702857018273e-07  -2.261235930964e-01  -3.899779191973e-01  -1.457610452455e+00  -3.608524016020e-08  -1.123205711091e-01  -1.203560698531e-01  -7.632147261513e-01   3.742200684146e-08  -1.522619854109e+00  -1.012072275348e-06   1.780795729839e-01  -3.963612772642e-07  -6.177475068270e-01   1.202706012425e-02   1.972453621311e-01   3.197418858615e-01   1.066784229602e-01   1.247127502851e-01   3.210788652795e-02  -1.320344908363e-05  -5.991894678482e-03  -1.322275171041e-01  -2.898516498173e-01  -1.638146117018e-01  -6.643860054723e-02   5.745151249184e-03   3.538339057916e-02  -5.989256732334e-03  -1.321684712363e-01  -2.897304105606e-01  -1.637587518666e-01  -6.640994537460e-02   5.720407170604e-03  -3.537495552075e-02
   7.097892793290e-08   5.410330206429e-08   9.157025152311e-08   2.317066801314e-07  -7.613906855619e+00   8.132560450415e-07   3.191485383972e-07   8.108362267707e-07  -9.245125591387e+00   9.066771818073e-07   2.671603420833e-07   6.903386452701e-07  -5.513292732946e+00   5.640105642013e-07   1.061107818673e-07   2.767565579789e-07  -2.076492147745e+00   2.267946245151e-07  -1.532976663394e-01   7.298778916731e-07   4.062059965576e-01  -1.004030645350e-07   1.771316415218e-05   1.830479684432e-05   6.852371958286e-06   1.769633133608e-06  -1.514742368121e-05  -3.235580596549e-05  -2.244379433347e+00   1.127044977940e-07   1.156082789830e-07   6.790280527541e-07  -5.927388491325e-08  -1.739079961254e-01   9.228502194886e-07   2.133697023805e-06  -1.421222485469e-07  -9.037551486429e-01   1.008615981560e-06   1.804463004383e-06  -1.000257711377e-08  -1.476859098694e+00   4.786401508511e-07   5.467146281873e-07   4.705650601832e-08  -7.622650024493e-01  -3.491963557491e-07   1.586125449515e-01  -2.070497836001e-06  -1.606240783019e+00   2.313132788491e-06  -2.638207153419e-06  -4.415083245779e-05  -7.678534171647e-05  -3.307552731444e-05  -2.746596344511e-05  -1.365274047111e-05  -2.933463102892e-02  -7.883159440167e-03  -1.682915514141e-01  -3.360180738903e-01  -1.533187188921e-01  -8.686622787721e-02   3.363165466908e-02   2.561466990021e-02   7.885029441820e-03   1.683282965204e-01   3.360883581644e-01   1.533504715024e-01   8.688740302388e-02  -3.362288454885e-02   2.563388793093e-02
  -5.479015279918e+00  -5.537752247419e+00   1.701531175036e-01  -7.261461670931e-02   3.044286880243e-07  -9.562274227742e+00   5.430596797329e-01  -2.208959016055e-01   9.066771818073e-07  -9.569822434871e+00   8.547408247567e-01  -2.703599739696e-01   9.384275254327e-07  -6.820868522909e+00   5.409546865742e-01  -1.456015630187e-01   4.142732846105e-07  -2.613431607129e-02   9.829282023984e-07   1.485633854899e-01   3.853307408609e-07  -1.188383295118e-01  -2.727042480037e+00  -5.425143045518e+00  -5.669195983220e+00  -3.894199837943e+00   1.841780615816e+00   3.661877260820e+00  -2.350864568786e-05  -9.035977263701e-01  -9.722533413651e-01  -1.219127663609e+00   1.212595441132e-01  -8.156011553819e-07  -2.939780062826e+00  -3.667702138732e+00   3.565426136587e-01  -2.328027864745e-06  -4.511480421626e+00  -5.774604925872e+00   5.383514869823e-01  -3.186637596215e-06  -3.838674675038e+00  -3.493558262831e+00   3.195294006492e-01  -1.803598695706e-06   4.041103370462e-01   7.607604331262e-07   1.233989352417e+00  -2.395792376140e-06  -2.089946857910e+00  -2.544387018499e-01  -1.102914965556e+00  -2.607012041552e+00  -2.814193854787e+00  -6.682205647829e-01  -4.178075272059e-01   8.655076783890e-05  -2.087022247448e-01  -9.693205071752e-01  -2.447357325916e+00  -2.742201038903e+00  -5.370218676418e-01   2.435967492033e-01   3.492589992189e-01  -2.087050920861e-01  -9.693282487708e-01  -2.447365611848e+00  -2.742204741146e+00  -5.370372306164e-01   2.434736302735e-01  -3.493333051334e-01
   1.154638051146e-02   7.232954134887e-03  -2.699671687927e+00  -2.672505771915e-03   3.612521418507e-08   2.885057649339e-01  -5.803028597754e+00  -1.511427188977e-02   2.671603420833e-07   8.547408247567e-01  -7.584432740940e+00   1.336130681914e-02   5.043877039923e-07   9.408541456849e-01  -4.858596636117e+00   2.461206012786e-02   3.587984811204e-07  -1.367768960792e-01   1.811731763270e-07  -2.027906672536e-01   5.100313809416e-07   3.925118659058e-01  -1.421386286039e+00  -1.432835687739e+00  -2.479809224060e-01   3.205936837857e-01  -1.933962559513e+00   1.378884116852e+00  -8.683584210071e-06   2.284719120723e+00   2.472039683570e+00   1.879208633683e+00  -2.685272461935e-01   1.839049315972e-06   5.035881989014e+00   3.454670307821e+00  -5.522340762975e-01   3.936932193117e-06   4.311759787113e+00   1.559212829494e+00  -4.718760352053e-01   3.300188500295e-06   1.853863102307e+00  -5.964403650195e-01  -1.466419558010e-01   1.083855284990e-06  -4.062036880801e-01  -2.171709584061e-06  -6.273534387316e-01   2.567576886364e-06   1.012722331807e+00   6.971109334143e-01   2.060018417984e+00   2.564076109407e+00   1.452591411212e+00   1.302351819443e+00   1.039627973310e+00  -2.147596137131e-04   5.551272831179e-01   1.773149543594e+00   2.354551646944e+00   1.387015416228e+00   1.001345286126e+00  -5.884271010409e-01  -8.472311875607e-01   5.551418873042e-01   1.773183584095e+00   2.354585343396e+00   1.387029641340e+00   1.001394361342e+00  -5.881347864821e-01   8.474205782307e-01
  -4.928057431762e-03  -3.087094274233e-03  -2.672505771915e-03  -2.679584143243e+00   9.141874905485e-08  -1.173531076636e-01  -1.511427188977e-02  -5.609176712276e+00   6.903386452701e-07  -2.703599739696e-01   1.336130681914e-02  -6.894060150209e+00   1.284540311508e-06  -2.532371704770e-01   2.461206012786e-02  -4.300451399506e+00   8.131594059751e-07   2.355756416397e-01   6.295555139592e-07   9.547853733706e-02   1.811731763270e-07   1.271046260614e-01  -3.315632808639e+00  -4.019099731885e+00  -2.206143319850e+00  -7.490374013225e-01   1.732165586550e+00   7.676386889414e-01  -2.187639707138e-05  -2.307844084995e-01  -2.496404334539e-01  -2.734431305013e-01  -7.875932927558e-01  -1.208892153070e-07  -5.183784110988e-01  -5.893765071152e-01  -2.084119633622e+00   3.194400334682e-08  -4.944180812656e-01  -5.925959444656e-01  -3.119866002955e+00   3.115672414751e-07  -2.672662217242e-01  -2.363574265534e-01  -1.960816620740e+00   2.474857253783e-07  -2.056930090341e+00  -9.034153302819e-06   6.536023070853e-02  -7.678898730366e-07  -5.473926094398e-01   3.058254564094e-01   7.732272876689e-01   8.105919294699e-01   3.040683671820e-01   6.775513424681e-01   5.597731629486e-02  -8.008880465062e-05  -1.990427818961e-01  -5.839116018690e-01  -7.529889946762e-01  -4.267663510601e-01  -4.443749110608e-01  -7.881126741748e-02   2.751335310757e-01  -1.989510293248e-01  -5.836509765307e-01  -7.526732591492e-01  -4.266150319240e-01  -4.441790271307e-01  -7.900013873105e-02  -2.750669619625e-01
   2.066124672050e-08   1.294292567808e-08   3.612521418507e-08   9.141874905485e-08  -2.666604997878e+00   4.816811183870e-07   2.671603420833e-07   6.903386452701e-07  -5.513292732946e+00   9.384275254327e-07   5.043877039923e-07   1.284540311508e-06  -6.738807759432e+00   7.205238200968e-07   3.587984811204e-07   8.131594059751e-07  -4.214203016898e+00   1.811731763270e-07  -9.850784444042e-02   5.003506543616e-07   2.768437685615e-01  -5.976206650884e-08   2.071543033499e-05   2.469780313654e-05   1.314906966728e-05   4.160732193783e-06  -1.055114064708e-05  -2.108020753793e-05  -2.582791966601e+00   1.141832596887e-06   1.241281454562e-06   1.304058601240e-06  -6.438805209801e-08  -8.141170506796e-01   2.210980678587e-06   2.667444967791e-06   1.789283785343e-07  -2.133012610152e+00   1.840583599239e-06   2.596580819298e-06   4.437804149439e-07  -3.138761332332e+00   8.596527744203e-07   9.943943190544e-07   3.019849209070e-07  -1.952797071736e+00  -6.676173937450e-07   1.931102105878e-01   4.022376660903e-06  -2.112990997094e+00   5.529479146217e-06  -6.713974123938e-05  -1.754893819831e-04  -1.954849763328e-04  -8.945544250149e-05  -1.503052901234e-04  -8.668619044136e-05  -3.248975447921e-01  -2.619120746291e-01  -7.331217965695e-01  -8.727047839868e-01  -4.152374008017e-01  -5.764712408372e-01   2.460011622259e-01   7.419037864457e-02   2.619687440083e-01   7.332765154700e-01   8.728852399502e-01   4.153226404223e-01   5.766038383746e-01  -2.459289568256e-01   7.433145701896e-02
  -2.473681603276e+00  -2.493424689809e+00   8.489860919182e-02  -3.622843112035e-02   1.518784857608e-07  -5.135365802079e+00   3.538417780704e-01  -1.394991424251e-01   5.640105642013e-07  -6.820868522909e+00   9.408541456849e-01  -2.532371704770e-01   7.205238200968e-07  -6.692817949699e+00   9.286472020195e-01  -1.995973597377e-01   3.489952490670e-07  -1.563988202597e-02   6.239004696949e-07   9.635001034855e-02   2.435106019662e-07  -7.938026271752e-02  -2.070539814544e+00  -4.339405898701e+00  -5.556542256999e+00  -4.708163948639e+00   9.300962310469e-01   1.673417185815e+00  -1.104688432653e-05  -1.301221105463e+00  -1.403864484568e+00  -6.768273561268e-01   6.629116094769e-02  -6.407343547865e-07  -3.525623621558e+00  -2.113875140383e+00   2.008267500371e-01  -1.913608015897e-06  -5.041564326872e+00  -3.971629832130e+00   3.532798053753e-01  -2.747910367849e-06  -4.767645899239e+00  -3.313585454461e+00   2.894288483162e-01  -1.950589442522e-06   1.385828157177e-01   6.159481531290e-07   4.479207156298e-01  -1.138446452028e-06  -7.543230180269e-01  -7.795118571656e-01  -1.996374307451e+00  -3.466861896975e+00  -3.715159883540e+00  -8.108368801525e-01  -6.305949720167e-01   1.269993594731e-04  -7.192255415824e-01  -1.873342312752e+00  -3.334074675414e+00  -3.644796297253e+00  -7.117460084237e-01   3.754723293409e-01   5.620142417862e-01  -7.192289276623e-01  -1.873348227941e+00  -3.334079688592e+00  -3.644798978056e+00  -7.117633061520e-01   3.752714653243e-01  -5.621297078096e-01
   3.205700346987e-03   1.888250903739e-03  -7.987839977660e-01  -8.132456698685e-04   1.100074921702e-08   1.080823129613e-01  -2.201619495445e+00  -4.908754968807e-03   1.061107818673e-07   5.409546865742e-01  -4.858596636117e+00   2.461206012786e-02   3.587984811204e-07   9.286472020195e-01  -5.462135485736e+00   4.537065313667e-02   3.765457048457e-07  -5.135396764708e-02   6.703145774235e-08  -7.830356888077e-02   1.870865943184e-07   1.515769710996e-01  -7.284129328285e-01  -9.768286862127e-01  -3.495457358791e-01   3.058106757451e-01  -1.208309816632e+00   4.254723758483e-01  -2.681671197670e-06   1.974970810932e+00   2.136028205704e+00   2.491764677484e-01  -9.376781953137e-02   9.097468486231e-07   4.520502960311e+00   4.514908757367e-01  -2.302177288610e-01   2.353264192779e-06   4.709415421611e+00  -4.348662639975e-01  -2.978770731326e-01   2.665537590090e-06   2.746363545487e+00  -1.619844596108e+00  -1.572838298459e-01   1.314631073944e-06  -4.786243107012e-02  -1.781565999646e-06   8.808648927182e-02   7.171506732594e-07  -1.761638548997e-01   1.417159419749e+00   2.999749689824e+00   3.572190018747e+00   2.347736558429e+00   7.951341443627e-01   1.074256690408e+00  -2.162918594273e-04   1.268481312236e+00   2.744277629895e+00   3.353721556855e+00   2.253320068649e+00   6.370858605610e-01  -6.238128518517e-01  -9.338755871821e-01   1.268503530071e+00   2.744318537071e+00   3.353764056092e+00   2.253343107006e+00   6.371267907566e-01  -6.234858478747e-01   9.340776297236e-01
  -1.368203444853e-03  -8.059258855005e-04  -8.132456698685e-04  -7.926612650618e-01   2.784052323260e-08  -4.261054206671e-02  -4.908754968807e-03  -2.114417335382e+00   2.767565579789e-07  -1.456015630187e-01   2.461206012786e-02  -4.300451399506e+00   8.131594059751e-07  -1.995973597377e-01   4.537065313667e-02  -4.763451355600e+00   7.202517984684e-07   8.727844022523e-02   2.201264113802e-07   3.584953965089e-02   6.703145774235e-08   4.657276815746e-02  -1.694754725747e+00  -2.684483327271e+00  -2.290737169720e+00  -1.114467643164e+00   6.035032630150e-01  -3.900544146538e-01  -7.072254915019e-06  -1.994732000070e-01  -2.157040702041e-01  -9.693747993312e-02  -6.962085040726e-01  -6.391901528265e-08  -4.616245975417e-01  -2.497840580842e-01  -1.898360100003e+00   1.198285706067e-08  -5.117583764724e-01  -3.720352482527e-01  -3.461859998078e+00   1.878163622153e-07  -3.398907635076e-01  -2.274261892143e-01  -3.139956739676e+00   1.825801208170e-07  -8.424659388547e-01  -1.633743254299e-05  -2.668909943321e-02  -1.002232367544e-06  -1.728478716427e-01   6.313679033664e-01   1.174351314427e+00   1.206125023760e+00   6.105303631674e-01   5.731157721962e-01  -1.969033097313e-01  -7.886344668319e-05  -4.596957113210e-01  -9.247877277821e-01  -1.073245035137e+00  -6.810364268804e-01  -4.115891810052e-01  -3.359766475664e-01   3.007648471906e-01  -4.594786903897e-01  -9.243645958259e-01  -1.072777479724e+00  -6.807681863287e-01  -4.114054381324e-01  -3.361792804376e-01  -3.006902572926e-01
   5.736282660019e-09   3.378922137721e-09   1.100074921702e-08   2.784052323260e-08  -7.887088761574e-01   1.722791656939e-07   1.061107818673e-07   2.767565579789e-07  -2.076492147745e+00   4.142732846105e-07   3.587984811204e-07   8.131594059751e-07  -4.214203016898e+00   3.489952490670e-07   3.765457048457e-07   7.202517984684e-07  -4.696817810558e+00   6.703145774235e-08  -3.583351170125e-02   1.914379630660e-07   1.032296516094e-01  -1.651990853087e-08   1.058230186087e-05   1.635339807984e-05   1.341780996761e-05   6.215457294569e-06  -3.577943409486e-06  -6.570318363645e-06  -1.422339664578e+00   9.872439133514e-07   1.072895615715e-06   4.466435871532e-07  -1.556020877366e-08  -7.053072638742e-01   1.938845121618e-06   1.043065117441e-06   1.541697350336e-07  -1.917095655792e+00   1.826694852075e-06   1.522097204199e-06   3.408352589770e-07  -3.470781201601e+00   1.015071756683e-06   8.926721802927e-07   2.607268974255e-07  -3.134910126847e+00  -9.327046663978e-07   5.403790200393e-02   1.207634221742e-05  -8.543810413783e-01   8.284879027722e-06  -1.382150236738e-04  -2.639444065205e-04  -2.828953999613e-04  -1.586425811499e-04  -1.271404632760e-04  -8.802207481070e-05  -5.818600576760e-01  -6.075272184838e-01  -1.179302556962e+00  -1.293901578897e+00  -7.401568055636e-01  -5.345568965500e-01   2.576871297208e-01  -1.615399693639e-01   6.076530883914e-01   1.179545417003e+00   1.294166305781e+00   7.403077021329e-01   5.346770211988e-01  -2.576043710340e-01  -1.613878548663e-01
  -1.064919028861e-03  -4.415073999551e-04  -7.439119926834e-02   1.534435933477e-01   4.855111827317e-08  -2.255814458946e-02  -1.949213729689e-01   3.576459063019e-01   2.267946245151e-07  -2.613431607129e-02  -1.367768960792e-01   2.355756416397e-01   1.811731763270e-07  -1.563988202597e-02  -5.135396764708e-02   8.727844022523e-02   6.703145774235e-08  -6.851853905141e+00   7.199832048113e-07   2.623671619599e-02   6.664973333009e-07   3.195435703557e-02  -1.468461874652e+00  -5.880534630928e-01  -6.612113719978e-02  -8.010146480718e-03  -1.116245684957e+00   1.255403022426e+00  -1.317779954139e-05   2.578117339593e-02   2.482789904483e-02   2.111673651539e-01   2.212142377169e-01   1.136896666771e-07   2.092259943186e-01   4.143955904531e-01   8.921551388328e-01   2.080976460881e-07   9.626866120868e-02   7.386930715041e-02   6.436655360164e-01   6.364371834379e-08   1.031378994714e-02  -1.806398053253e-02   1.302255370012e-01   1.770454133515e-08   1.634329410628e+00   1.204396395867e-06  -1.377759953840e-01   4.846272827562e-07   6.434010545234e-01  -1.161126049103e-02  -1.834635403872e-01  -1.343915082704e-01  -2.518549060269e-02  -1.450336228001e-01  -4.482783483158e-02   1.672671737323e-05   5.100806742199e-03   1.179106678871e-01   1.130839675831e-01   2.237355854742e-02   7.045029467120e-02  -9.388494846677e-03  -4.082913281719e-02   5.098660510357e-03   1.178600059964e-01   1.130373532495e-01   2.236421183655e-02   7.042132970342e-02  -9.360055720570e-03   4.082003935567e-02
   3.638305923806e-08   1.508403638251e-08   4.855111827317e-08   3.463704329524e-07  -6.580809044354e-02   7.833040606515e-07   2.267946245151e-07   9.605014721726e-07  -1.532976663394e-01   9.829282023984e-07   1.811731763270e-07   6.295555139592e-07  -9.850784444042e-02   6.239004696949e-07   6.703145774235e-08   2.201264113802e-07  -3.583351170125e-02   7.199832048113e-07  -6.640333976551e+00  -4.298014407461e-08  -8.620300431848e-03  -7.109457700124e-07   2.156127291700e-05   1.014758431168e-05   1.893007168630e-06   4.754812527319e-07  -1.503675352756e-05  -1.952938252145e-05  -2.059896561894e+00   1.318871660444e-08   1.253220508327e-08   1.220699196163e-07   9.390478980998e-08  -2.489760422455e-02   1.585624803350e-07   4.035333359292e-07   3.437856351082e-07  -1.001821034992e-01   3.282937157823e-07   6.343209745027e-07   2.783443545449e-07  -8.201701308822e-02   3.054167473928e-07   3.538875459608e-07   7.533363166485e-08  -2.240722121434e-02   8.258103188288e-07  -3.324831503542e-01  -3.244358612920e-07  -2.208236985293e-01   5.181907142612e-07   1.151135750703e-06   1.758154819519e-05   1.198925758550e-05   1.742199148201e-06   1.567631646523e-05   4.360961968710e-06   1.459463445192e-02  -2.457670477839e-03  -5.416985055305e-02  -4.920956961596e-02  -9.978582180985e-03  -3.717646435416e-02   4.272871895226e-03   1.164920638867e-02   2.457096135144e-03   5.415653509351e-02   4.919892896949e-02   9.977458165138e-03   3.716799322047e-02  -4.260249967734e-03   1.165180716694e-02
   5.287251998637e-03   2.192032735327e-03  -1.025385648841e-01   4.727006705327e-02   3.138396042536e-07   1.146331864641e-01  -2.752566157660e-01   1.328114872257e-01   7.298778916731e-07   1.485633854899e-01  -2.027906672536e-01   9.547853733706e-02   5.003506543616e-07   9.635001034855e-02  -7.830356888077e-02   3.584953965089e-02   1.914379630660e-07   2.623671619599e-02  -4.298014407461e-08  -6.691876590629e+00  -1.720249811776e-07   7.723517801351e-02   1.179587937231e+00   5.698954132402e-01   1.424337361463e-01   5.645553470873e-02  -3.385600284307e-01  -5.733047041464e-01   2.606980355940e-05   7.428339150872e-02   7.169138196038e-02   5.355045715324e-01  -5.353525772432e-02   5.105447883198e-07   5.867289704668e-01   8.896121888753e-01  -8.453393195461e-02   1.385988410391e-06   2.928079531987e-01   1.034253091754e-01   4.186837856238e-03   7.718827766278e-07   8.169473330768e-02  -1.124497217429e-03   9.370486280259e-03   1.773046889186e-07  -1.182577965494e-01  -2.795702120324e-07  -7.243838675344e-01   2.655992206230e-06   6.293917166153e-01   9.077412248610e-03   1.563881553757e-01   1.519793460040e-01   6.064223083361e-02   1.077327435196e-01   5.484142056456e-02  -1.726210586273e-05   2.744013135746e-03   7.192860692335e-02   1.012991346448e-01   5.482928103544e-02   3.091210229662e-02  -1.270036627610e-02  -3.475867882979e-02   2.742956470698e-03   7.190444420517e-02   1.012772950168e-01   5.482508478609e-02   3.089590686247e-02  -1.268769979808e-02   3.475774075675e-02
   1.437878277034e-08   5.961296903522e-09   3.007253494947e-07   4.855111827317e-08   1.636788306300e-01   3.091209848580e-07   7.596953431026e-07   2.267946245151e-07   4.062059965576e-01   3.853307408609e-07   5.100313809416e-07   1.811731763270e-07   2.768437685615e-01   2.435106019662e-07   1.870865943184e-07   6.703145774235e-08   1.032296516094e-01   6.664973333009e-07  -8.620300431848e-03  -1.720249811776e-07  -6.764412629020e+00  -8.691352653952e-08   9.217341965507e-06   3.731530669047e-06   4.979272246073e-07   1.180964241028e-07   6.937233817288e-06  -1.314402314144e-05  -8.387436466284e-01  -1.268463726116e-07  -1.236668965146e-07  -1.023772761524e-06   1.035762067691e-07   2.446588356080e-01  -9.544103795806e-07  -1.895148266060e-06   1.720691721779e-07   9.412781333164e-01  -3.377037226418e-07  -1.871031950219e-07   3.363808349938e-08   6.634045871304e-01   4.601859757708e-08   1.648422210596e-07   6.647966474718e-09   1.356703607645e-01   4.194088843585e-07  -2.081943905122e-01   2.309600805795e-06   1.739556639673e+00  -2.128905901400e-06   2.544124316236e-06   4.126612733272e-05   3.222600998892e-05   6.244737728710e-06   3.194390808047e-05   1.720496540107e-05   3.283315361820e-02   6.720531234713e-03   1.499665601346e-01   1.363189528781e-01   2.783328117298e-02   9.213322430361e-02  -3.913140569508e-02  -3.236174567023e-02  -6.722261383256e-03  -1.500014559705e-01  -1.363490278169e-01  -2.783913844047e-02  -9.215753806339e-02   3.912195588724e-02  -3.238464365382e-02
  -3.991781538914e-03  -1.654938024949e-03   1.878372413968e-01   7.329104898866e-02  -2.282254172886e-08  -8.748061254434e-02   5.253185338819e-01   1.884125370741e-01  -1.004030645350e-07  -1.188383295118e-01   3.925118659058e-01   1.271046260614e-01  -5.976206650884e-08  -7.938026271752e-02   1.515769710996e-01   4.657276815746e-02  -1.651990853087e-08   3.195435703557e-02  -7.109457700124e-07   7.723517801351e-02  -8.691352653952e-08  -6.885401485869e+00   1.404356063898e+00   6.583730559176e-01   6.254533090416e-02  -2.403784088590e-02  -1.842550659071e+00  -7.600898576084e-02   1.358695426632e-05  -1.260447961041e-01  -1.216653424120e-01  -9.032317285155e-01   1.400521777884e-01  -6.008863530727e-07  -9.891528062063e-01  -1.469520916928e+00   3.429648790644e-01  -1.238900886723e-06  -4.601582655745e-01  -8.328015537981e-02   1.659688837366e-01  -3.979563512172e-07  -9.885677178327e-02   5.398202654277e-02   3.619746800732e-02  -5.438659197539e-08   6.357301480298e-01   4.829750837285e-07   6.176049640764e-01  -2.119003104579e-06  -1.318692801455e+00  -1.044615178047e-02  -1.908886655150e-01  -1.984031735626e-01  -7.419504831080e-02  -1.149624139669e-01  -8.969435267660e-02   1.605843653785e-05  -6.150201346124e-03  -1.505089004384e-01  -1.724937854651e-01  -6.609858811575e-02  -7.411945655143e-02   4.479918151626e-02   5.092460848161e-02  -6.151522685569e-03  -1.505353226536e-01  -1.725171983203e-01  -6.610349819551e-02  -7.413905699836e-02   4.478481358831e-02  -5.094483754207e-02
  -4.577133458067e-01  -4.520593067891e-01  -4.410695496359e-01  -1.024547964802e+00   6.430208256673e-06  -1.920319861419e+00  -1.210441062455e+00  -2.828978157892e+00   1.771316415218e-05  -2.727042480037e+00  -1.421386286039e+00  -3.315632808639e+00   2.071543033499e-05  -2.070539814544e+00  -7.284129328285e-01  -1.694754725747e+00   1.058230186087e-05  -1.468461874652e+00   2.156127291700e-05   1.179587937231e+00   9.217341965507e-06   1.404356063898e+00  -6.482696175267e+00  -5.222545854009e+00  -2.897310243390e+00  -1.449889618724e+00   5.886861801886e-01   9.351932443641e-01  -6.432985565048e-06  -2.725017119578e-04  -5.228112337439e-05  -7.405115320923e-03  -2.843202521265e-03   1.831444541957e-08  -9.133882306051e-02  -2.928246892273e-01  -1.054548417871e-01   6.835737371666e-07  -7.077452401873e-01  -1.580193724696e+00  -5.848514459814e-01   3.799691551964e-06  -9.740829306836e-01  -1.304283495785e+00  -4.916333642328e-01   3.196136858673e-06  -1.771220735845e-01   4.316753709253e-07   1.633278101327e-01   1.149864321618e-06  -2.154456596970e-01  -1.516049330746e-06  -6.908595189190e-03  -2.372081144460e-01  -5.688538191742e-01  -1.974973405120e-04  -1.501592357001e-04   1.767169856436e-08  -1.591270569593e-04  -4.696970922098e-02  -4.929134355645e-01  -7.496650300092e-01  -6.521279466820e-03  -5.217343957460e-04   2.736759130734e-03  -1.589630072575e-04  -4.694905283712e-02  -4.928321789831e-01  -7.496187767896e-01  -6.516167698286e-03  -5.222926949502e-04  -2.735108622995e-03
  -2.321796564127e+00  -2.342227489236e+00  -4.893254991318e-01  -1.283380857130e+00   8.011332398059e-06  -4.650759676804e+00  -1.060905474230e+00  -2.946301924728e+00   1.830479684432e-05  -5.425143045518e+00  -1.432835687739e+00  -4.019099731885e+00   2.469780313654e-05  -4.339405898701e+00  -9.768286862127e-01  -2.684483327271e+00   1.635339807984e-05  -5.880534630928e-01   1.014758431168e-05   5.698954132402e-01   3.731530669047e-06   6.583730559176e-01  -5.222545854009e+00  -6.929304341057e+00  -5.340798169263e+00  -3.109632091712e+00   1.029029813182e+00   1.605318197786e+00  -1.110182778668e-05  -1.030498096473e-01  -1.080628029034e-01  -2.864430749117e-01  -1.058771895713e-01   6.227266074312e-07  -7.383348044152e-01  -1.372909260979e+00  -4.360303705638e-01   2.494107366312e-06  -1.966965208581e+00  -3.391232695509e+00  -1.071533396622e+00   6.521685223274e-06  -2.268472723116e+00  -2.678903000294e+00  -8.974570782962e-01   5.607410864231e-06  -5.623221644256e-01   4.684216646421e-07   6.188473849868e-01   3.495260344861e-06  -8.648918186896e-01  -6.006154443976e-03  -1.131420879071e-01  -7.872803209508e-01  -1.404949314214e+00  -3.657321514701e-02  -3.194706058534e-02   4.104764225590e-06  -4.343524873217e-02  -3.501055650688e-01  -1.325619680776e+00  -1.753778551167e+00  -1.903226289629e-01  -4.210560139499e-03   9.270716198979e-02  -4.341585772704e-02  -3.500131153378e-01  -1.325459025890e+00  -1.753689933812e+00  -1.902520904935e-01  -4.241163116271e-03  -9.269090599218e-02
  -2.044482710008e+00  -2.060611487299e+00  -1.019078089866e-01  -4.117427562993e-01   2.529618748510e-06  -4.264447538126e+00  -1.833315138792e-01  -1.127153394572e+00   6.852371958286e-06  -5.669195983220e+00  -2.479809224060e-01  -2.206143319850e+00   1.314906966728e-05  -5.556542256999e+00  -3.495457358791e-01  -2.290737169720e+00   1.341780996761e-05  -6.612113719978e-02   1.893007168630e-06   1.424337361463e-01   4.979272246073e-07   6.254533090416e-02  -2.897310243390e+00  -5.340798169263e+00  -5.922442703853e+00  -4.453975173537e+00   7.410467356235e-01   1.133407895179e+00  -7.884699076394e-06  -7.003177669258e-01  -7.543413221961e-01  -5.424310926720e-01  -1.832257033498e-01   9.738321959635e-07  -2.097236889494e+00  -1.769470969773e+00  -5.106460677043e-01   2.332972438128e-06  -3.411727566660e+00  -3.627177395064e+00  -1.026954135851e+00   5.388146448510e-06  -3.611346596655e+00  -3.285002722358e+00  -1.025983291276e+00   5.966845950286e-06  -2.898138115996e-01  -3.473812301653e-06   4.593472913820e-01   1.649533399512e-06  -6.944075310363e-01  -2.069428184201e-01  -7.242042569344e-01  -1.787947292249e+00  -2.450702992569e+00  -3.193467487701e-01  -3.127300927284e-01   4.414933146542e-05  -4.385037671811e-01  -1.239453871378e+00  -2.464927791003e+00  -2.892364672023e+00  -5.925568209291e-01   5.859950680648e-02   3.727616783382e-01  -4.384293526136e-01  -1.239298859957e+00  -2.464742187539e+00  -2.892254376115e+00  -5.924759411136e-01   5.846054096124e-02  -3.727830481329e-01
  -1.171478753149e+00  -1.179475566362e+00   5.354620147749e-03  -9.792165112577e-02   5.793770798966e-07  -2.583264968039e+00   8.007157037908e-02  -3.068418545592e-01   1.769633133608e-06  -3.894199837943e+00   3.205936837857e-01  -7.490374013225e-01   4.160732193783e-06  -4.708163948639e+00   3.058106757451e-01  -1.114467643164e+00   6.215457294569e-06  -8.010146480718e-03   4.754812527319e-07   5.645553470873e-02   1.180964241028e-07  -2.403784088590e-02  -1.449889618724e+00  -3.109632091712e+00  -4.453975173537e+00  -4.445726939708e+00   4.056633131976e-01   6.146640696505e-01  -4.288097677960e-06  -7.822100874679e-01  -8.436391745348e-01  -2.631083266883e-01  -7.028934264524e-02   2.679279005305e-07  -2.206767919899e+00  -9.143361099492e-01  -2.000858848488e-01   6.385427417569e-07  -3.443064246170e+00  -2.071958656569e+00  -4.735765363472e-01   2.225248207748e-06  -3.949561811175e+00  -2.432604103686e+00  -6.842982825519e-01   3.899978869247e-06  -2.946241665049e-02  -2.371712493275e-06   1.733576102552e-01  -1.301527718479e-07  -2.866340104706e-01  -5.030679263669e-01  -1.285780588526e+00  -2.385902438583e+00  -3.026159786541e+00  -3.513490897082e-01  -3.905750087469e-01   6.107172432910e-05  -6.645863721810e-01  -1.610838207362e+00  -2.815038923101e+00  -3.369440345931e+00  -4.214438745414e-01   1.201422604973e-01   3.537097176083e-01  -6.645437071128e-01  -1.610752546708e+00  -2.814928590655e+00  -3.369356416149e+00  -4.214284504431e-01   1.200100535515e-01  -3.537618601965e-01
