ARMA_MAT_TXT_FN008
109 109
   1.856961206207e-01   3.137499794329e-01  -6.498349225001e-02  -8.895904976946e-02   1.674299898706e-02   2.366792166306e-02  -1.412138224826e-03   4.028238512953e-04  -4.463226749341e-09  -3.532772312275e-04   9.819967526555e-05  -1.021795503971e-09   1.033275364001e-03  -2.812045866966e-04   2.854978996967e-09   2.742902794050e-03  -8.361235957863e-04   1.030275005487e-08  -9.364486023066e-05   9.697417712612e-05  -2.766239664240e-09   1.158173781677e-04   2.509959846426e-04  -6.365288503621e-05  -7.191755662916e-10  -4.897929436199e-06  -5.775543282513e-11  -1.032380896419e-05   8.638747101717e-11   9.841905928658e-06   1.366969782664e-03   1.399324109182e-03  -5.385629199587e-03   9.799971796036e-04   7.810492040356e-04  -2.065076104168e-04   7.823314452675e-10   5.475911450963e-05   9.313783082159e-05  -2.527491981483e-04   3.106654155924e-05   1.823288021257e-09  -2.595598630067e-04  -4.791566150848e-04   6.637883502569e-05   3.354871223127e-09  -6.121584825159e-04   2.187240265442e-05  -7.331246689592e-05   4.119669183802e-09   9.050063955565e-04   1.735084605198e-03  -5.386628684180e-04   5.300441622985e-10   1.327608587854e-06  -4.874490408227e-11  -2.968220599590e-06  -6.580597247721e-11   4.947396011807e-06   8.457426692090e-05   2.977828399773e-04   6.021351938665e-04  -3.376829375925e-04  -5.330415374181e-05  -7.896303423843e-05   2.980567294827e-09  -8.622277393146e-06  -1.463350067455e-05   4.225705486184e-05   3.819491063073e-05  -2.024470104361e-10   3.146097534824e-05   6.630567693425e-05   1.203071392866e-04   7.026856744622e-10   1.663228084535e-04  -3.013032634015e-04   5.048955955246e-04  -4.939709601738e-10   4.439226910970e-04  -5.306770021234e-04   5.033603115000e-04  -1.427872948640e-08   4.323652188973e-05   5.883192945565e-10  -8.602835809852e-06  -3.341044905539e-10  -5.459390332911e-05  -1.786362817669e-06   1.341260996348e-04   4.253726281454e-04   4.984810755995e-04  -1.500581426099e-05   3.685413580773e-05  -2.749340490116e-10  -1.783136287606e-05  -8.565114248245e-05  -1.685224712511e-04  -3.591926441864e-04   8.980335983068e-06  -1.597987145786e-05   1.800119188112e-05  -1.783099167210e-05  -8.564534382829e-05  -1.685388394038e-04  -3.592179871295e-04   8.980433899492e-06  -1.598031893928e-05  -1.800078074391e-05
   3.137499794329e-01   5.494433238409e-01  -1.836428872270e-01  -2.440857426443e-01   4.936729345873e-02   6.836092726172e-02  -4.104809864930e-03   1.174048759021e-03  -1.309153452243e-08  -9.958814930544e-04   2.774202524146e-04  -2.902189094070e-09   2.982475906807e-03  -8.138977846596e-04   8.315743918535e-09   8.070183106601e-03  -2.459652837927e-03   3.031816189057e-08  -1.961464998530e-04   2.535614217655e-04  -7.567117383478e-09   4.853238599510e-04   6.791835216919e-04  -1.693088887953e-04  -2.205097512129e-09  -1.069897004830e-05  -1.552678212336e-10  -2.632035253880e-05   2.089402358903e-10   2.335670340407e-05   3.926999141613e-03   3.969432804974e-03  -1.549909798405e-02   2.703983609806e-03   2.241555322797e-03  -5.933118581074e-04   2.281811414305e-09   1.573828169846e-04   2.680562611300e-04  -7.298597256408e-04   8.914119096065e-05   4.958770099604e-09  -7.479414073714e-04  -1.381808124840e-03   1.902588967563e-04   9.201137970726e-09  -1.756623970851e-03   5.904888907725e-05  -2.119325704155e-04   1.144362880102e-08   2.622336315740e-03   4.973792763114e-03  -1.535493845611e-03   1.229972778436e-09   4.077937952764e-06  -1.375694792629e-10  -8.319970712957e-06  -1.554129942717e-10   1.388442251335e-05   2.429398987034e-04   8.567080199630e-04   1.707646950309e-03  -9.517625172466e-04  -1.521101308487e-04  -2.265624475866e-04   8.493793402747e-09  -2.496643017408e-05  -4.229812424872e-05   1.220571173168e-04   1.101336825417e-04  -6.093488972506e-10   9.101927065250e-05   1.914387860023e-04   3.462235350204e-04   1.934788467748e-09   4.777629062841e-04  -8.626789568755e-04   1.445532159160e-03  -1.380983972937e-09   1.275613890229e-03  -1.512370793319e-03   1.435835636247e-03  -4.080931207039e-08   1.243579958968e-04   1.656021345408e-09  -2.467359887762e-05  -9.671681344997e-10  -1.565136440652e-04  -5.343435498412e-06   3.851987845848e-04   1.213937987627e-03   1.422318583790e-03  -4.294895550521e-05   1.056177581163e-04  -7.874997121369e-10  -5.132091738991e-05  -2.469322800499e-04  -4.811618650797e-04  -1.025432453024e-03   2.544681561221e-05  -4.578476737434e-05   5.154039806108e-05  -5.131983957894e-05  -2.469156629488e-04  -4.812087608013e-04  -1.025504948568e-03   2.544710515057e-05  -4.578604273231e-05  -5.153922002290e-05
  -6.498349225001e-02  -1.836428872270e-01   3.057180022831e-01   3.951431951588e-01  -1.044141374237e-01  -1.340177909303e-01   9.059559128899e-03  -2.618853453639e-03   2.996430122815e-08   2.131490352350e-03  -6.030409232739e-04   6.571935948886e-09  -6.154050829359e-03   1.703608640943e-03  -1.799092480121e-08  -1.689921850466e-02   5.150331734005e-03  -6.359454010503e-08  -3.926373464222e-04  -2.313298839500e-04   1.079239129360e-08  -2.123023611378e-03  -9.172122711274e-04   2.032610843892e-04   5.477489468997e-09  -7.912027004624e-07   2.279794445748e-10   2.989537430421e-05  -1.390904629214e-10  -1.429012918103e-05  -7.490471586297e-03  -7.080905169568e-03   2.978388776714e-02  -4.304306585971e-03  -4.239290388398e-03   1.126324717665e-03  -4.596301123773e-09  -3.028604569003e-04  -5.174157910760e-04   1.428166494676e-03  -1.699200134501e-04  -7.169463267741e-09   1.448258274002e-03   2.688985078850e-03  -3.601000261613e-04  -1.397519914255e-08   3.340089816792e-03  -8.328422647348e-05   4.175447137461e-04  -1.864863414286e-08  -5.191227752924e-03  -9.416361459386e-03   2.862187837825e-03  -2.714831782429e-10  -1.010339182358e-05   2.344113291506e-10   1.430313493050e-05   6.471582050756e-12  -2.415884069725e-05  -4.650728042139e-04  -1.648623609040e-03  -3.109021703019e-03   1.680775737064e-03   2.818662038983e-04   4.315310011195e-04  -1.566565443865e-08   4.918672221371e-05   8.339203934678e-05  -2.392182514074e-04  -2.139223931906e-04   1.391072261446e-09  -1.829580740317e-04  -3.758379040546e-04  -6.677076016688e-04  -2.995421885804e-09  -8.910928853374e-04   1.630872304010e-03  -2.718547732251e-03   2.459849093308e-09  -2.371110742783e-03   2.812063333949e-03  -2.669837673520e-03   7.637048631759e-08  -2.386149536820e-04  -2.879216587443e-09   4.724538655007e-05   1.889798590109e-09   2.974754386550e-04   1.119028449731e-05  -7.317506668284e-04  -2.265116140251e-03  -2.668343661395e-03   8.142056412465e-05  -1.991169244113e-04   1.472550752720e-09   9.919817912070e-05   4.777866514651e-04   8.891787480228e-04   1.906776034652e-03  -4.644563045178e-05   8.632805779973e-05  -9.654038025161e-05   9.919601538647e-05   4.777553402202e-04   8.892673310322e-04   1.906912214515e-03  -4.644624010796e-05   8.633039193935e-05   9.653816865734e-05
  -8.895904976946e-02  -2.440857426443e-01   3.951431951588e-01   5.342743767364e-01  -2.241465920230e-01  -2.572729542691e-01   1.408375785413e-02  -3.946425523055e-03   4.198251272329e-08   3.219477805063e-03  -8.796554957878e-04   8.802953012359e-09  -1.106873827137e-02   2.997406447743e-03  -3.035045306790e-08  -3.067717350145e-02   9.142016605972e-03  -1.081957590496e-07  -1.429837499549e-03  -2.960991548200e-04   2.130675280085e-08  -6.190825617752e-03  -9.972648870084e-04   1.636523448465e-04   1.177481108450e-08   2.602811403487e-04   1.262241192979e-09   3.373995389044e-04  -2.888996597581e-09  -4.303425042139e-04  -1.573337077992e-02  -1.496270692190e-02   5.411291702377e-02  -6.302404245526e-03  -8.154338848383e-03   2.187353187781e-03  -9.907858142044e-09  -6.460660214372e-04  -1.090428464591e-03   3.090295617906e-03  -4.016026774216e-04  -3.181293374063e-08   3.044025815490e-03   5.615871049584e-03  -7.840113557553e-04  -5.449963919635e-08   6.706031802110e-03   6.781079611540e-04   6.538919781538e-04  -6.440115198053e-08  -9.379147589478e-03  -1.690873733070e-02   5.102877581357e-03  -5.028797276112e-09  -1.017030948787e-05   6.293973838626e-10   4.732667213536e-05  -6.070229082025e-11  -6.148068365620e-05  -1.030076962945e-03  -3.295956955107e-03  -5.595434333506e-03   2.818704308624e-03   5.015806442532e-04   8.223150999806e-04  -3.034417855475e-08   1.043103654267e-04   1.782105090633e-04  -5.239618426545e-04  -4.677843640633e-04   1.091987477590e-09  -4.014532745310e-04  -8.361813332095e-04  -1.344359664269e-03  -7.612814435604e-09  -1.626252948132e-03   2.825602750217e-03  -4.938175172345e-03   5.297082016467e-09  -4.384487527420e-03   4.974173325042e-03  -4.754043618735e-03   1.376000593484e-07  -4.383846482469e-04  -6.617777275998e-09   1.108322811140e-04   1.730382058932e-09   5.791287815245e-04  -5.799161881203e-06  -1.393268460703e-03  -4.093591334539e-03  -4.738743235539e-03   1.397955605757e-04  -3.624472141267e-04   2.483159757921e-09   2.265293805525e-04   9.586625768096e-04   1.645465356965e-03   3.415435101203e-03  -8.205369217053e-05   1.511315550844e-04  -1.724666511205e-04   2.265242795317e-04   9.586023460280e-04   1.645618740102e-03   3.415680945889e-03  -8.205495509135e-05   1.511352706079e-04   1.724627624548e-04
   1.674299898706e-02   4.936729345873e-02  -1.044141374237e-01  -2.241465920230e-01   3.771189871377e-01   3.688584161574e-01  -2.230810209886e-02   5.897333602938e-03  -5.980028154130e-08  -5.120568658193e-03   1.328402754908e-03  -1.299002455763e-08   1.627163174292e-02  -4.202779461463e-03   4.174383851424e-08   4.506988082813e-02  -1.268204555550e-02   1.422730900053e-07   5.773888942997e-03  -4.175547584958e-04  -2.180073086136e-08   1.536859569052e-02  -9.849422595365e-04   4.655745018501e-04  -2.203765785420e-08  -6.624362259786e-04  -2.729948986938e-09  -7.892652719510e-04   6.857781265540e-09   1.050148819043e-03   2.357177466846e-02   2.075027576006e-02  -7.119490005245e-02   3.268452538135e-03   1.117362091423e-02  -3.020814498583e-03   1.598946584187e-08   1.048061398334e-03   1.769231930344e-03  -5.611390241142e-03   7.833723523709e-04   8.975097725086e-08  -5.010781351822e-03  -9.703690957236e-03   1.384797440745e-03   1.458643653683e-07  -1.028300286499e-02  -3.193562524813e-03  -6.089697230385e-04   1.630349147753e-07   1.254904694359e-02   2.137775320007e-02  -6.267558385465e-03   1.521840591633e-08  -1.700186729006e-06  -1.480678333702e-09  -1.234719095563e-04   7.804936772061e-10   1.169222393566e-04   1.930980537503e-03   5.243111488933e-03   6.843268668891e-03  -2.897296678637e-03  -6.307052552073e-04  -1.212454585937e-03   4.508648706605e-08  -2.099928894276e-04  -3.593577301012e-04   1.023537442087e-03   8.244347857196e-04   1.610724905763e-09   8.578199868574e-04   1.660968135092e-03   2.156945086924e-03   1.434567261009e-08   2.155352865983e-03  -3.236269600150e-03   6.354129772625e-03  -9.293054616524e-09   5.666153969458e-03  -6.085628340166e-03   5.838517980780e-03  -1.730461435467e-07   6.126246673025e-04   1.226149605920e-08  -2.328824531894e-04   2.481515791643e-09  -8.911387853532e-04   1.377238113879e-04   2.096344922166e-03   5.250478927760e-03   5.889192377062e-03  -1.717422158906e-04   4.897453326260e-04  -2.804663608938e-09  -4.464620876155e-04  -1.547191138379e-03  -2.211879050847e-03  -4.255591374976e-03   1.039949111522e-04  -1.861678875689e-04   2.184960810187e-04  -4.464509467159e-04  -1.547101743991e-03  -2.212056157871e-03  -4.255901715159e-03   1.039971642065e-04  -1.861713065070e-04  -2.184912709700e-04
   2.366792166306e-02   6.836092726172e-02  -1.340177909303e-01  -2.572729542691e-01   3.688584161574e-01   3.762228983552e-01  -4.989808657303e-02   1.668101641284e-02  -2.522456076837e-07  -1.185577023722e-02   3.952765843696e-03  -5.962295829829e-08   3.704062562993e-02  -1.205915216350e-02   1.760581181509e-07   8.952611826465e-02  -3.007261913234e-02   4.539526053990e-07   2.265073043889e-02  -8.053652000669e-03   1.467824013788e-07   2.782156364744e-02  -5.825757689035e-03   2.171962476115e-03  -4.828965004367e-08   2.271546746594e-03   7.125513294768e-09   2.270464986159e-03  -2.487211717747e-08  -3.340453511112e-03   5.630220078903e-03  -1.167033894607e-02  -8.302991142345e-02  -5.719785183190e-03   6.524297703695e-03  -1.773429388086e-03   1.106496981718e-08   6.273368807777e-04   1.017331584352e-03  -1.233930240863e-03  -2.158497015657e-04  -2.142382282408e-07  -2.538918980339e-03  -3.301210854277e-03  -6.965033783901e-05  -3.251687655839e-07  -4.521866226693e-03   5.180831781730e-03  -2.255917707656e-03  -3.109593446231e-07   1.985957477291e-02   2.356043330384e-02  -6.470186693909e-03  -9.983501919287e-08   1.592563989133e-04   1.994690132080e-09   1.843914725188e-04   1.004788092485e-08  -9.831232665655e-05  -2.662996241195e-04   2.308224697992e-03   4.121986274099e-03  -1.709415944644e-03  -5.435366046590e-04  -7.678701785668e-04   5.268855538882e-09   8.735585169458e-05   1.311802194183e-04  -3.490684347577e-04   5.015745775727e-04  -1.855049875258e-08  -2.787814497906e-04  -6.286444615061e-04   1.590847918748e-03  -2.742795523564e-08   9.968560247205e-04  -5.324184434527e-03   6.176831021055e-03   7.521832428168e-09   2.384724418447e-03  -6.106303968518e-03   5.489471606133e-03  -1.583945240945e-07   6.332025041496e-04  -1.379306774496e-08   1.537397053573e-04  -2.115794872155e-08  -4.001372449627e-04  -8.821984832613e-04   2.751571175064e-04   4.229981861532e-03   6.686067451415e-03  -2.107729473285e-04   3.381857481825e-04  -3.524587118987e-09   1.980137915627e-04  -5.293927139989e-04  -8.599581239349e-04  -3.609795130819e-03   5.385345215471e-05  -2.033403865729e-04   1.909889201300e-04   1.980053368649e-04  -5.293688138230e-04  -8.602221324108e-04  -3.610094136566e-03   5.385466137281e-05  -2.033466170995e-04  -1.909844339494e-04
  -1.412138224826e-03  -4.104809864930e-03   9.059559128899e-03   1.408375785413e-02  -2.230810209886e-02  -4.989808657303e-02   1.599801671805e+00   8.128823072562e-03  -8.635944772320e-08   4.234410481619e-01   1.824906201795e-03  -1.941960025332e-08   1.304602765761e-03  -6.252042857329e-03   6.667769289217e-08  -1.399645373192e-01  -1.696449781247e-02   1.780109485554e-07  -5.451484785337e-02  -2.069694510860e-02   1.939732883810e-07  -3.031087921149e-02   1.285629188178e-02   3.935403636874e-04   4.599072374034e-09  -6.083948539923e-03  -1.508264599636e-08  -7.473027413539e-03   6.287785643999e-08   1.137411554713e-02   4.325065238158e-02   8.104538804175e-02   3.155774058804e-02   1.785806081057e-02   1.016899990841e-02  -5.248937633543e-03   3.974191529526e-08   2.335549620671e-03   3.970881558706e-03  -7.900326998066e-03   1.156539540035e-03   6.511455676008e-08  -1.189625362937e-02  -1.119747418455e-02   1.582764685017e-03   1.029920166239e-07  -1.710430101261e-02  -1.763890908934e-02   3.021875330719e-03   1.263173768010e-07  -2.002228884200e-02  -2.408544537017e-03  -4.269169976202e-03   1.761199835909e-07  -3.235826939403e-04  -4.159154295774e-09  -5.504353360157e-04   6.274178814012e-09   6.173578782550e-04   2.618284716398e-03   3.147924551138e-03   1.209250292811e-02  -3.620459006426e-03  -4.348661931235e-04  -3.634268833002e-04   1.292807579321e-08  -2.203231621672e-04  -3.740503131581e-04   7.871834827130e-04   1.887444066366e-03   1.394219824188e-09   8.763949445134e-04   1.604648697979e-03   2.797413212121e-03   5.504924550904e-09   6.071874986921e-04   1.537999466008e-03   1.948559369341e-03  -5.083858512421e-08   2.937693005023e-03   3.023868239693e-04   3.420935686454e-03  -6.119892397600e-08  -1.636505139230e-04   5.955316331287e-09  -3.776934806228e-04   1.025422875757e-08  -6.335950759479e-04   9.309114098991e-05   5.967401026269e-04   9.944588120021e-04   4.658198443072e-03   2.808531478810e-04   9.581054015733e-06   1.697895387867e-09  -5.530662685437e-04  -8.467218878932e-04  -1.923855098284e-03  -1.301606676901e-03   8.370755652854e-05   1.441538647520e-04  -1.674407288550e-05  -5.530488868192e-04  -8.467079511846e-04  -1.923829423339e-03  -1.301707111577e-03   8.370519555009e-05   1.441550359200e-04   1.674337198546e-05
   4.028238512953e-04   1.174048759021e-03  -2.618853453639e-03  -3.946425523055e-03   5.897333602938e-03   1.668101641284e-02   8.128823072562e-03   1.624746671253e+00   2.867441245080e-08   1.818391991585e-03   4.290341954259e-01   6.713351106911e-09  -6.193375114282e-03  -1.778919583947e-02  -2.366606940325e-08  -1.720410700142e-02  -1.923927862491e-01  -5.160844316238e-08  -2.288418101304e-02  -1.171967271861e-01  -7.696481117628e-08   2.353610995140e-02  -1.693559578627e-03   1.458197847157e-02  -3.089006359610e-08   5.124813147794e-03   1.872535195325e-08   2.146613647303e-03  -1.663439847519e-08  -1.301311474240e-03  -1.285450474757e-02  -2.372718893558e-02  -2.060533905910e-02  -2.541057776722e-02  -5.231680671460e-03  -5.756483576968e-03  -1.408750601985e-08  -6.278230049980e-04  -1.067486280405e-03   2.308752378508e-03   2.052117039727e-04  -1.108338565648e-08   3.163887221679e-03   3.489027113900e-03   2.434747745680e-04  -1.548162646653e-08   4.880298834438e-03   3.748748055269e-03   1.216038645440e-04  -4.039997377554e-08   7.224727232221e-04   1.089908570340e-02  -1.134845667446e-02   1.236976650381e-07  -1.852460515430e-04  -1.112796261956e-09   1.194048537604e-04  -1.270307075520e-09  -2.030475914889e-04  -1.891672283168e-04  -1.266175023174e-03   1.277874186322e-02  -3.415240436464e-04   1.010497308699e-04   1.139512828347e-04   2.531590972404e-09   3.373340599731e-04   5.660836308061e-04  -1.154215370085e-03  -1.717598426044e-04  -2.409788432619e-09  -1.168463453040e-03  -1.491882145020e-03  -4.139391682864e-04   5.568773422081e-09  -5.435811798253e-03  -5.174545922776e-03  -1.438765758318e-05  -3.993436426574e-08  -9.644448194213e-03   1.002372244500e-03   7.498385529437e-03  -2.263608705443e-07  -8.335155527680e-05  -4.088548444486e-10   2.670387334161e-04  -3.610754068981e-09   3.655126962714e-04  -6.348426204246e-04  -2.010876689214e-04  -1.220634883380e-03   1.922887253892e-02   9.025361825680e-05  -1.176539536334e-04   5.782060324663e-10   4.047642564866e-04   6.335235139129e-04   1.454235345631e-03  -2.432685324283e-04   4.726480528274e-05   1.820602419795e-05  -6.967121705843e-07   4.047561426991e-04   6.335290791002e-04   1.454040415492e-03  -2.436860996711e-04   4.726394036478e-05   1.820548924057e-05   6.972639071243e-07
  -4.463226749341e-09  -1.309153452243e-08   2.996430122815e-08   4.198251272329e-08  -5.980028154130e-08  -2.522456076837e-07  -8.635944772320e-08   2.867441245080e-08   1.627418087681e+00  -1.936808962966e-08   6.562913937057e-09   4.296319494885e-01   6.638636294737e-08  -2.262749820448e-08  -1.981758240463e-02   1.800571214998e-07  -5.638552555529e-08  -1.980894414074e-01   2.741876801286e-07  -8.074330066661e-08  -1.230465183270e-01  -3.598145672800e-07   2.148973014559e-08  -4.887781357842e-08   1.072967890878e-02  -1.577612705511e-08  -9.501586038846e-04   1.158523416553e-09   3.487326841455e-03   2.068746531474e-08   1.213976488886e-07   1.879431957980e-07   5.525159059670e-07   3.897209758504e-07   4.715497115369e-08  -1.608816194663e-08  -7.375413876224e-03  -1.830272106193e-09  -2.979206049138e-09  -1.034394837882e-08   8.990237539884e-09   1.650162122597e-03   7.079010575434e-09  -2.293779891320e-08   1.251614729013e-08   2.301870878333e-03   4.666784726967e-08  -1.973939442057e-09   2.055494848263e-08   3.317368470287e-03   3.123398154820e-07  -4.855687182604e-07   2.579369178944e-07  -8.044433350413e-04   5.122101196700e-10   3.752319104962e-05  -1.601503158438e-10  -2.477790740897e-04   2.759246327640e-10  -1.479316152408e-08  -4.624427757124e-09  -5.386201647752e-07  -1.758190876181e-08   5.441521377274e-10   6.725689300575e-09   2.452388983953e-04   5.519687081958e-10   7.560848980913e-10   2.247742251844e-10  -3.583842516776e-09   1.387988410471e-05   1.530032463916e-09  -1.795489831394e-09   3.824628961726e-09   2.487174497706e-04  -4.803138245622e-08   6.340046973854e-08  -9.572989420467e-08   3.805346929282e-04   4.066874501336e-08   3.452761036404e-08  -1.285951856330e-07  -6.825950055349e-03  -3.229435630344e-09   1.767308108483e-04  -2.712819047581e-09  -6.952897902103e-05  -1.800904466226e-09   2.877951503271e-09  -2.385460290479e-08  -9.094010887066e-09  -2.206876938501e-07   3.413720011768e-09   1.008374148623e-10  -8.937422783691e-05  -2.882964783163e-05  -1.207462841795e-03   3.058884575944e-03   5.241836919162e-03  -4.791078126154e-05   2.587639928771e-05   7.153889782558e-05   2.882543964120e-05   1.207495608180e-03  -3.059015470395e-03  -5.241759949740e-03   4.790500872470e-05  -2.587574207336e-05   7.154489573516e-05
  -3.532772312275e-04  -9.958814930544e-04   2.131490352350e-03   3.219477805063e-03  -5.120568658193e-03  -1.185577023722e-02   4.234410481619e-01   1.818391991585e-03  -1.936808962966e-08   1.121174547177e-01   4.043231995581e-04  -4.312024988276e-09   1.703325905199e-03  -1.435611393157e-03   1.538760179618e-08  -3.421827021393e-02  -3.884547342488e-03   4.093278330415e-08  -1.323238777009e-02  -4.892166055810e-03   4.573844879211e-08  -7.453109613349e-03   3.129342186047e-03   7.294270792101e-05   1.321566306774e-09  -1.491956393690e-03  -3.725565682228e-09  -1.824878431818e-03   1.540787355791e-08   2.773663945932e-03   1.060329096302e-02   1.985425986279e-02   7.682995420108e-03   4.429230079998e-03   2.501747783736e-03  -1.276207818215e-03   9.627386612694e-09   5.699843941951e-04   9.659666011554e-04  -1.907523559059e-03   2.825985270459e-04   1.642925242129e-08  -2.884355243720e-03  -2.704227185066e-03   3.876876212226e-04   2.598013199679e-08  -4.159300864593e-03  -4.268801523407e-03   7.346767258872e-04   3.159612381700e-08  -4.874516655477e-03  -5.735607635641e-04  -1.046927824416e-03   4.305058336463e-08  -7.871489970015e-05  -1.007084635238e-09  -1.334662225512e-04   1.462302347389e-09   1.505192798432e-04   6.344276584705e-04   7.654391645735e-04   2.953002952335e-03  -8.907425471472e-04  -1.057238671090e-04  -8.862248295539e-05   3.235981851746e-09  -5.558376369691e-05  -9.322102252937e-05   1.839701623177e-04   4.581288430753e-04   4.750379432573e-10   2.164705906272e-04   3.779610927731e-04   6.790281412089e-04   1.594463009968e-09   1.495574816042e-04   3.635404014854e-04   4.820481164255e-04  -1.228275786800e-08   7.157669169958e-04   5.916812574355e-05   8.319644472143e-04  -1.508106828115e-08  -4.029862342356e-05   1.503792253427e-09  -9.036556040616e-05   2.493264096018e-09  -1.535410741389e-04   2.017494976005e-05   1.402587912470e-04   2.507146791522e-04   1.118757316674e-03   6.770902800048e-05   2.424378158491e-06   4.181921376170e-10  -1.300703380240e-04  -1.984558985576e-04  -4.679624438248e-04  -3.205156606775e-04   2.077440811967e-05   3.489488150867e-05  -4.559230636413e-06  -1.300662678835e-04  -1.984526395933e-04  -4.679563657039e-04  -3.205404326254e-04   2.077381495067e-05   3.489516790263e-05   4.559055105606e-06
   9.819967526555e-05   2.774202524146e-04  -6.030409232739e-04  -8.796554957878e-04   1.328402754908e-03   3.952765843696e-03   1.824906201795e-03   4.290341954259e-01   6.562913937057e-09   4.043231995581e-04   1.133601273307e-01   1.530237812130e-09  -1.426599058163e-03  -2.683607670079e-03  -5.532889790505e-09  -3.953883187793e-03  -4.623184120829e-02  -1.190115153019e-08  -5.423274331408e-03  -2.805608210364e-02  -1.828935674851e-08   5.686551270276e-03  -4.243774471792e-04   3.479394387408e-03  -7.444198075613e-09   1.230295385106e-03   4.489340933749e-09   5.241764254157e-04  -4.091930850371e-09  -3.303236362027e-04  -3.150396099774e-03  -5.811139607600e-03  -4.975967245134e-03  -6.118940709146e-03  -1.272429173951e-03  -1.372460482376e-03  -3.413914878314e-09  -1.524121379563e-04  -2.582337970182e-04   5.536167442523e-04   5.040659317997e-05  -2.506794744336e-09   7.626903479469e-04   8.365748856013e-04   6.007546370934e-05  -3.468965432205e-09   1.179134973047e-03   9.044755963952e-04   2.904436586918e-05  -9.501106702914e-09   1.948760120815e-04   2.612374359470e-03  -2.724454716203e-03   2.965518401143e-08  -4.427132503323e-05  -2.709043417571e-10   2.883258793001e-05  -3.118584385442e-10  -4.945476840625e-05  -4.445124468353e-05  -3.024265167974e-04   3.061610928116e-03  -7.040399531422e-05   2.513528951770e-05   2.700031355691e-05   6.380362337919e-10   7.913427441374e-05   1.335058935343e-04  -2.728935075679e-04  -4.635028645736e-05  -4.728409818760e-10  -2.752192252331e-04  -3.513401524568e-04  -1.074512166900e-04   1.510554109114e-09  -1.310291390928e-03  -1.239120586482e-03  -1.069951421750e-05  -9.506656989240e-09  -2.316614907736e-03   2.421627136598e-04   1.785608374678e-03  -5.426751892678e-08  -2.040717036498e-05  -8.526684167902e-11   6.345417265101e-05  -8.647094926438e-10   8.728107817606e-05  -1.463228276212e-04  -3.892689813584e-05  -2.917718559534e-04   4.590813422358e-03   2.076657486194e-05  -2.741600266877e-05   1.445512011094e-10   9.576548645890e-05   1.507924947659e-04   3.487581470443e-04  -5.406322666552e-05   1.155586849090e-05   4.056491596638e-06  -1.738853275397e-07   9.576342228683e-05   1.507936247519e-04   3.487113560449e-04  -5.416344375555e-05   1.155564561929e-05   4.056365474141e-06   1.740062228810e-07
  -1.021795503971e-09  -2.902189094070e-09   6.571935948886e-09   8.802953012359e-09  -1.299002455763e-08  -5.962295829829e-08  -1.941960025332e-08   6.713351106911e-09   4.296319494885e-01  -4.312024988276e-09   1.530237812130e-09   1.134927406334e-01   1.537191954662e-08  -5.391037975678e-09  -3.147383732952e-03   4.153792437025e-08  -1.330401852911e-08  -4.753083384629e-02   6.516837010316e-08  -1.939854787398e-08  -2.943251482387e-02  -8.684259297453e-08   5.339870380204e-09  -1.176093651645e-08   2.552281622950e-03  -3.874866301014e-09  -2.252683431967e-04   1.331984499454e-10   8.272166107505e-04   5.118456542045e-09   2.981739737616e-08   4.625189325514e-08   1.330772334258e-07   9.389244481486e-08   1.147773422465e-08  -3.930971984155e-09  -1.765713597521e-03  -4.743862098764e-10  -7.760412827085e-10  -2.146443058718e-09   2.026207363550e-09   3.970177331736e-04   1.886222382386e-09  -4.992363707756e-09   2.810071937494e-09   5.541965926834e-04   1.151494421095e-08  -8.439383170698e-11   4.803902873487e-09   7.971221972380e-04   7.513208780949e-08  -1.167281089494e-07   6.207566108147e-08  -1.938414327126e-04   1.328569479480e-10   8.995435819379e-06  -2.695697717237e-11  -5.949501602577e-05   6.612216145304e-11  -3.747153008805e-09  -1.409258923402e-09  -1.296425065833e-07  -4.346788897574e-09   1.258097823898e-10   1.679514027596e-09   5.915780256118e-05   1.537947859590e-10   2.161531100795e-10  -5.508516806691e-11  -8.209247451501e-10   3.715666413142e-06   2.777315022274e-10  -6.053024388073e-10   9.554920062539e-10   6.000783408530e-05  -1.158716771990e-08   1.515388514833e-08  -2.297704656134e-08   9.255617625721e-05   9.886745646569e-09   8.230121562651e-09  -3.078444164133e-08  -1.631187516933e-03  -7.805628270371e-10   4.253163316447e-05  -6.330698305626e-10  -1.649156325966e-05  -3.911941367154e-10   5.859512660221e-10  -5.971878853253e-09  -2.194749990399e-09  -5.290767492393e-08   8.380512555990e-10   5.742013553488e-12  -2.146115879986e-05  -6.804183345804e-06  -2.888365638441e-04   7.303311605064e-04   1.254204260658e-03  -1.145299851309e-05   6.241883308419e-06   1.707897182184e-05   6.803265008228e-06   2.888446589070e-04  -7.303626087666e-04  -1.254185869893e-03   1.145159411153e-05  -6.241714732449e-06   1.708043372558e-05
   1.033275364001e-03   2.982475906807e-03  -6.154050829359e-03  -1.106873827137e-02   1.627163174292e-02   3.704062562993e-02   1.304602765761e-03  -6.193375114282e-03   6.638636294737e-08   1.703325905199e-03  -1.426599058163e-03   1.537191954662e-08   4.713216815978e-02   4.088016269937e-03  -4.437279244947e-08   9.748576036980e-02   1.266920010475e-02  -1.335793181394e-07   4.090810525536e-02   1.496845846643e-02  -1.418660499791e-07   2.071098569911e-02  -9.685388223910e-03  -3.773625521627e-04  -2.408489745963e-09   4.467006226077e-03   1.091234905915e-08   5.541117106806e-03  -4.626811652470e-08  -8.461884772109e-03  -3.122844257293e-02  -5.824982954636e-02  -2.224893403566e-02  -1.182295717336e-02  -7.279763499355e-03   3.799962337563e-03  -2.935603444264e-08  -1.712243653383e-03  -2.906763775819e-03   5.940965703042e-03  -8.851218041109e-04  -5.318617479358e-08   8.698848158223e-03   8.372310486829e-03  -1.207460109006e-03  -8.351566453819e-08   1.243917040968e-02   1.321612173018e-02  -2.297832792859e-03  -1.009894965308e-07   1.438001059429e-02   1.907646247817e-03   2.633112788048e-03  -1.229109748555e-07   2.394784345464e-04   3.343497179183e-09   4.091828197229e-04  -4.862476507625e-09  -4.456880522619e-04  -1.982711890197e-03  -2.327940566289e-03  -8.246610648164e-03   2.439346250748e-03   3.044748007745e-04   2.559600387362e-04  -9.279522975194e-09   1.856819181272e-04   3.075485409698e-04  -5.937926073447e-04  -1.398812677918e-03  -1.968660368535e-09  -6.785837734465e-04  -1.197751310813e-03  -2.046990723932e-03  -5.082906288942e-09  -7.491638340924e-04  -1.304435018584e-03  -1.344812575827e-03   3.465726101192e-08  -2.794317541881e-03  -5.034386274814e-04  -2.398361028746e-03   3.887567649840e-08   1.183642567209e-04  -4.669699211416e-09   2.823893171423e-04  -7.983175285637e-09   4.526956366490e-04  -7.608228474186e-05  -4.620767114058e-04  -5.272122966420e-04  -3.220553623700e-03  -2.177589489985e-04  -1.461836910315e-06  -1.246010205383e-09   3.982774761019e-04   6.369079918222e-04   1.433360548973e-03   9.366449658164e-04  -4.915225836016e-05  -1.087799371411e-04   1.455024040307e-05   3.982652567329e-04   6.368976990977e-04   1.433336368778e-03   9.367078194107e-04  -4.915062687240e-05  -1.087809034464e-04  -1.454963087998e-05
  -2.812045866966e-04  -8.138977846596e-04   1.703608640943e-03   2.997406447743e-03  -4.202779461463e-03  -1.205915216350e-02  -6.252042857329e-03  -1.778919583947e-02  -2.262749820448e-08  -1.435611393157e-03  -2.683607670079e-03  -5.391037975678e-09   4.088016269937e-03   5.961854443990e-02   1.599950142801e-08   1.294707223415e-02   1.368388313850e-01   4.031592271568e-08   1.653710705511e-02   8.619301564026e-02   5.559589554749e-08  -1.685257133799e-02   1.188213850108e-03  -1.113895167121e-02   2.251653591880e-08  -3.946285104232e-03  -1.441620523616e-08  -1.590520110014e-03   1.201553791915e-08   8.690367544470e-04   9.276169944223e-03   1.704471381990e-02   1.443501580069e-02   1.845095890932e-02   3.771782065924e-03   4.212175083902e-03   1.007122825194e-08   4.522854236685e-04   7.679761840606e-04  -1.703358042925e-03  -1.648376407479e-04   6.634429995235e-09  -2.272358102577e-03  -2.552252926199e-03  -2.066053684239e-04   9.273132750894e-09  -3.514842214742e-03  -2.806440934162e-03  -1.102338655037e-04   2.663547403106e-08  -4.037468773340e-04  -7.780981263438e-03   7.949983054173e-03  -8.669848817329e-08   1.375656637490e-04   8.689452520603e-10  -8.820358823674e-05   1.072553506872e-09   1.476583146461e-04   1.367435809735e-04   8.762163008730e-04  -8.968355936452e-03   4.371209287709e-04  -6.102589824939e-05  -8.266245221711e-05  -1.766057800757e-09  -2.404846686184e-04  -4.065686872668e-04   8.387284692368e-04   1.522918753192e-04   9.750920412556e-10   8.642495546675e-04   1.102758069337e-03   3.245214906579e-04  -5.077343800312e-09   3.681279330049e-03   3.668615281011e-03   3.713801770168e-05   2.655605313493e-08   7.091245930478e-03  -7.092370602528e-04  -5.665247083704e-03   1.612171485658e-07   6.923963793383e-05   2.179216075388e-10  -1.992500920252e-04   2.794779859887e-09  -2.629312901618e-04   4.426094958610e-04   1.353624562634e-04   8.812665920355e-04  -1.444048242216e-02  -7.131058238733e-05   8.838864899292e-05  -3.890772086595e-10  -2.992591953454e-04  -4.313838794310e-04  -1.070892987533e-03   2.324336100561e-04  -2.963195129381e-05  -1.161844584769e-05  -3.992632871803e-06  -2.992523410412e-04  -4.313874717221e-04  -1.070753748983e-03   2.327284254235e-04  -2.963149446973e-05  -1.161809136012e-05   3.992204268422e-06
   2.854978996967e-09   8.315743918535e-09  -1.799092480121e-08  -3.035045306790e-08   4.174383851424e-08   1.760581181509e-07   6.667769289217e-08  -2.366606940325e-08  -1.981758240463e-02   1.538760179618e-08  -5.532889790505e-09  -3.147383732952e-03  -4.437279244947e-08   1.599950142801e-08   6.091881206707e-02  -1.359207491620e-07   4.558033389461e-08   1.410948233430e-01  -1.958762800864e-07   5.853158893944e-08   9.032303278632e-02   2.507811460246e-07  -1.450574324755e-08   3.444544068350e-08  -8.290326900421e-03   1.135268133330e-08   7.558072462179e-04  -1.923924534817e-09  -2.761609403231e-03  -1.487256743974e-08  -8.726413228176e-08  -1.352706085230e-07  -3.794517813986e-07  -2.745766526156e-07  -3.390661602361e-08   1.133771883491e-08   5.368451853861e-03   1.895472485861e-09   3.122148162426e-09   4.903387477245e-09  -5.816998767494e-09  -1.250040037450e-03  -8.201449473767e-09   1.236877583722e-08  -7.876387667753e-09  -1.749094341200e-03  -3.634723386158e-08  -2.198229304487e-09  -1.419719503266e-08  -2.486006840538e-03  -2.165340983958e-07   3.347823796103e-07  -1.761883236651e-07   5.224410916378e-04  -5.270612861159e-10  -2.703447398687e-05  -8.698317915105e-12   1.804996268588e-04  -1.776961657993e-10   1.242927696743e-08   5.997077567728e-09   3.708634554201e-07   1.071504284725e-08  -4.058914429177e-10  -4.824977845446e-09  -1.764750477030e-04  -5.572725605801e-10  -8.159994871311e-10   6.763753502467e-10   2.528422559803e-09  -5.094740345258e-06  -3.668932131663e-10   2.502699081209e-09  -2.630415923393e-09  -1.814100061598e-04   3.414390674550e-08  -4.202835886973e-08   6.545608317776e-08  -2.323309516299e-04  -2.660678841844e-08  -2.565804754575e-08   9.217004233375e-08   5.059032247194e-03   2.033727704984e-09  -1.310520604104e-04   1.589223621559e-09   4.802912437049e-05   9.399431915578e-10  -1.241840706756e-09   1.659537714434e-08   7.990073772427e-09   1.579808007836e-07  -2.096771843012e-09  -2.875432261771e-11   6.298168908961e-05   2.593041332990e-05   8.960532706872e-04  -2.272328137415e-03  -3.838557604729e-03   3.562631323130e-05  -1.700072264173e-05  -5.350051733392e-05  -2.592831862616e-05  -8.960764053508e-04   2.272416722220e-03   3.838501139065e-03  -3.562258264218e-05   1.700028772622e-05  -5.350444905423e-05
   2.742902794050e-03   8.070183106601e-03  -1.689921850466e-02  -3.067717350145e-02   4.506988082813e-02   8.952611826465e-02  -1.399645373192e-01  -1.720410700142e-02   1.800571214998e-07  -3.421827021393e-02  -3.953883187793e-03   4.153792437025e-08   9.748576036980e-02   1.294707223415e-02  -1.359207491620e-07   2.148910420444e-01   3.686808447329e-02  -3.809769980786e-07   9.025255979414e-02   3.866880989148e-02  -3.678476792467e-07   4.447726771333e-02  -2.099108844024e-02  -1.584874006054e-03   1.297150397006e-09   9.416662785198e-03   2.217364335705e-08   1.190948930510e-02  -9.782186224014e-08  -1.829781168658e-02  -6.665516257914e-02  -1.250318634707e-01  -4.950407595254e-02  -2.447718159818e-02  -1.530846547411e-02   8.494541607108e-03  -6.621606868001e-08  -3.858898325828e-03  -6.559046274824e-03   1.329782718096e-02  -1.900049903249e-03  -9.207376715102e-08   1.964218972366e-02   1.875840657035e-02  -2.574526777588e-03  -1.452209515765e-07   2.763013507293e-02   2.939956896366e-02  -5.016413726830e-03  -1.847261279805e-07   3.178955138213e-02   4.318383113608e-03   6.169706907029e-03  -2.716026354840e-07   5.310889986833e-04   7.182961565017e-09   9.016411411881e-04  -1.241149502241e-08  -9.778833168331e-04  -4.344271875937e-03  -5.070439876352e-03  -1.856077541580e-02   5.281305796812e-03   6.873988620219e-04   5.554361987928e-04  -1.753506493791e-08   2.831963505553e-04   4.946502226253e-04  -1.456229353443e-03  -3.118524642618e-03   1.991736576497e-09  -1.119775959639e-03  -2.886361440614e-03  -4.576591271698e-03  -4.098868868579e-10  -1.116031280719e-03  -2.924189784034e-03  -2.836976812620e-03   8.286168533502e-08  -5.301314171132e-03  -1.265856803066e-03  -5.470245284728e-03   8.729335910871e-08   2.552315859497e-04  -8.116161722069e-09   6.445959945694e-04  -1.711516613124e-08   1.014544764977e-03  -1.445279556548e-04  -1.007456448543e-03  -1.068733519233e-03  -7.927731061360e-03  -4.957989724909e-04   9.463771815595e-06  -2.560179044052e-09   1.030738469789e-03   1.630447509609e-03   3.092404182043e-03   1.955439501211e-03  -1.013485718759e-04  -2.438661341694e-04   8.781673589416e-06   1.030704986752e-03   1.630419119094e-03   3.092352004403e-03   1.955581447452e-03  -1.013455905797e-04  -2.438680717563e-04  -8.780637211270e-06
  -8.361235957863e-04  -2.459652837927e-03   5.150331734005e-03   9.142016605972e-03  -1.268204555550e-02  -3.007261913234e-02  -1.696449781247e-02  -1.923927862491e-01  -5.638552555529e-08  -3.884547342488e-03  -4.623184120829e-02  -1.330401852911e-08   1.266920010475e-02   1.368388313850e-01   4.558033389461e-08   3.686808447329e-02   3.284755239008e-01   1.104156346230e-07   4.216840363642e-02   2.069119553561e-01   1.397349265928e-07  -3.912347114032e-02   2.223858004805e-03  -2.658669848398e-02   5.245797670236e-08  -9.099876749082e-03  -3.346854540154e-08  -3.420944896721e-03   2.507982431260e-08   1.512400142395e-03   1.984614112821e-02   3.665773366267e-02   3.391034300686e-02   4.329819952669e-02   8.436266840081e-03   1.034445130773e-02   2.306320601932e-08   1.053567555980e-03   1.791638099738e-03  -4.011653069980e-03  -3.565088290271e-04   2.403314047485e-08  -5.306403651872e-03  -6.044202976878e-03  -4.330929345671e-04   3.487140888948e-08  -8.098714532908e-03  -6.348825060960e-03  -2.729342969261e-04   7.520069385887e-08  -2.929270115350e-04  -1.883387194213e-02   1.933140592413e-02  -2.123972432185e-07   3.341525099405e-04   1.933474622783e-09  -1.997405411368e-04   2.018311749078e-09   3.253666634296e-04   3.330329367969e-04   2.165071391833e-03  -2.203187989666e-02   1.206587051743e-03  -1.318329365020e-04  -2.056094514994e-04  -3.226332120445e-09  -6.231152528068e-04  -1.037783104303e-03   2.145074553505e-03   1.514092049584e-04   6.848960720225e-09   2.205733349883e-03   2.840886587230e-03   4.659866990877e-04  -4.925852380835e-09   8.921641828066e-03   8.960179793093e-03  -1.902470689742e-04   6.916572546289e-08   1.673815538812e-02  -1.670953917058e-03  -1.373140270262e-02   3.910575532395e-07   1.435372992988e-04   1.159480495837e-09  -4.901453670597e-04   6.597232549550e-09  -6.429987229125e-04   1.281237154471e-03   6.463249935100e-04   2.150468810406e-03  -3.470463511217e-02  -1.941563363367e-04   2.350495312082e-04  -7.837595432818e-10  -7.574404171123e-04  -1.112998749048e-03  -2.540152318424e-03   6.335471804316e-04  -6.991424310638e-05  -4.092972360635e-05  -3.023089245386e-06  -7.574290548248e-04  -1.113014324974e-03  -2.539816999474e-03   6.342619367276e-04  -6.991341691323e-05  -4.092875660131e-05   3.021728415809e-06
