ARMA_MAT_TXT_FN008
72 72
  -1.758560147327e+01  -2.200669156221e+01   1.546560451080e-02  -2.809044299655e-02  -6.278943604632e-09  -8.145382804459e+00   6.656025896272e-03  -1.277032248605e-02  -1.921374522687e-09  -3.530050462636e+00   2.514385716378e-03  -5.270576559442e-03   2.726461467983e-10  -1.596028726691e+00   6.547245012559e-04  -1.994037826926e-03   7.516262328955e-10   1.011546398641e-04   9.455514634043e-10  -1.168215903239e-03   7.602799029089e-10   1.067933396088e-03  -2.993864737518e-01  -1.500379033734e+00  -1.320386828076e+00  -7.568280825410e-01   8.999174861032e-01   1.974584924201e+00  -8.714248081590e-08  -3.215383975835e-04  -2.293275887962e-04  -1.270046278914e-02   1.190698216600e-03   1.397014442083e-09  -2.075597698655e-01  -7.139993693020e-01   7.153227085032e-02   4.376286733393e-08  -8.441976922927e-01  -1.687399105409e+00   1.692132979558e-01   1.017521279086e-07  -7.182949567284e-01  -7.995201682533e-01   8.004504160751e-02   4.831453234139e-08   1.494621638267e-01  -1.171069687663e-08   4.348831673282e-01   8.872232165747e-08  -7.383442823167e-01  -1.189144079963e-04  -4.515769101745e-02  -4.201979679167e-01  -5.045938331571e-01  -2.957405231267e-03  -1.391051790128e-03  -2.484571468523e-08   7.933509904017e-05  -3.341343878583e-02  -3.806522659722e-01  -4.872769392120e-01  -1.855550849006e-03   6.373308750926e-04   8.542923165265e-04   7.933692043325e-05  -3.341322777830e-02  -3.806514757142e-01  -4.872765816966e-01  -1.855533336313e-03   6.373500610068e-04  -8.542675970653e-04
  -2.200669156221e+01  -1.651681023921e+01   1.470048095262e-02  -2.657655251984e-02  -6.786079491697e-09  -7.391595583305e+00   3.370687043942e-03  -6.789230213668e-03  -1.063805780836e-09  -3.318699631673e+00   5.288085736904e-04  -2.166900890593e-03   6.499092676412e-10  -1.512480952147e+00  -5.080795754290e-04  -7.261190821004e-04   8.604176675725e-10   8.356148008161e-04   1.818281141776e-09  -3.035403501492e-03   1.043062249773e-09   1.455271046132e-03  -2.994975243183e-01  -1.420283973616e+00  -1.251236121960e+00  -7.188131362039e-01   8.540789102068e-01   1.876582693059e+00  -8.228471076551e-08  -2.536964360464e-04  -2.486817499000e-04  -1.212793880104e-02   1.109879233718e-03   1.140258414971e-09  -2.011261079363e-01  -6.872277307308e-01   6.908148364382e-02   4.188132759980e-08  -8.004602174387e-01  -1.594809725455e+00   1.604991207213e-01   9.609482023609e-08  -6.818564369298e-01  -7.587275298237e-01   7.631589799318e-02   4.586232200510e-08   1.452669420276e-01  -7.907330585003e-09   4.204934449029e-01   8.607273744328e-08  -7.139553277277e-01   2.378149913455e-04  -4.355512694585e-02  -3.992502680292e-01  -4.792928999749e-01  -3.064872823861e-03  -1.181382044061e-03  -2.174509443030e-08   2.477264895981e-04  -3.222811264380e-02  -3.615376838872e-01  -4.627258448803e-01  -1.866391789656e-03   5.360697769969e-04   6.835706839924e-04   2.477252670244e-04  -3.222790898994e-02  -3.615369308678e-01  -4.627255032434e-01  -1.866372846522e-03   5.360835551195e-04  -6.835491423036e-04
   1.546560451080e-02   1.470048095262e-02   1.694903985654e+00   1.812364694179e-02   1.552746612144e-08   2.195882230409e-03  -8.188855727276e-01   1.231974658274e-02   1.650024762174e-08   2.435445838314e-03  -7.527581228286e-01   5.419958541533e-03   5.769850898140e-09  -6.106881669372e-03  -2.897089615890e-01   1.045794969546e-03  -2.303242125898e-09  -5.524498146741e-02   4.178618186290e-09  -2.078414739173e-02  -7.172740189685e-09   6.629676371289e-02  -2.078767147665e-01  -1.859457991976e-01  -6.946725048761e-02  -2.364709524842e-02  -1.762421654842e-01   2.955677431826e-01  -5.555866820875e-09   4.852256630270e-03   6.059091206407e-03   1.696437809668e-01  -1.554952750254e-02  -2.205481943711e-08   2.241893862477e-01   4.430993256999e-01  -4.855476284979e-02  -4.759535057090e-08   1.981035730848e-01   1.718279957506e-01  -3.109500588119e-02  -3.251612270570e-08   4.792730574119e-02  -4.024134825993e-02  -5.343616038302e-03  -8.615642516994e-09  -7.975512791342e-02   4.265303237331e-08  -2.006386967344e-01  -5.346804992430e-08   3.375475410011e-01  -2.655973271479e-03   4.735616854858e-02   9.182887848191e-02   3.471524198026e-02   3.711067926539e-02   9.809218093169e-03   1.885771299895e-07  -5.542440737086e-03   3.539468838063e-02   8.200688220088e-02   3.222372583504e-02   2.955455459090e-02  -5.739551055813e-03  -6.405714523843e-03  -5.542486800633e-03   3.539447279390e-02   8.200670271408e-02   3.222368693003e-02   2.955443065137e-02  -5.739694756053e-03   6.405512019352e-03
  -2.809044299655e-02  -2.657655251984e-02   1.812364694179e-02   1.652585423195e+00   2.236345032868e-08  -1.260825479165e-02   1.246222322086e-02  -8.577747392153e-01   2.563360526691e-08  -1.661586866628e-02   5.520991531890e-03  -7.780575595067e-01   1.764097507294e-08  -1.434574434475e-02   5.219858911517e-04  -3.149894185356e-01   6.737463501891e-09  -1.453230082776e-02  -2.887517926546e-08   4.769647469926e-02  -2.280193770591e-09   5.767214097218e-02  -4.656961295298e-01  -4.314943444009e-01  -1.665439037853e-01  -4.520741969928e-02   3.146350704266e-01   3.431003811335e-01  -4.325781245613e-08  -5.334639647926e-04  -7.968296728549e-04  -2.095958472065e-02  -1.115649009989e-02  -4.058176721192e-09  -2.493955030739e-02  -6.085962942777e-02  -9.942547752051e-02  -1.860284851886e-09  -2.768139270091e-02  -5.167546719192e-02  -1.932437575936e-01   9.132031141775e-10  -1.349749185983e-02  -1.696560346696e-02  -1.120812690439e-01  -2.092503910222e-10  -1.988608913161e-01  -2.049537792702e-07   2.718275811608e-02   3.304476558837e-09  -7.263821195184e-02  -5.919718988238e-03   1.746613687493e-02   4.291130039315e-02   1.762019828057e-02   1.224901632794e-02   2.887844818500e-03   9.077211516255e-08   4.205381457385e-03  -1.161705272003e-02  -3.659467031465e-02  -2.178669004219e-02  -9.897379119398e-03   4.736460326781e-04   2.813686503820e-03   4.205572632191e-03  -1.161744653742e-02  -3.659600354642e-02  -2.178737968034e-02  -9.897674568365e-03   4.738042449241e-04  -2.813731541519e-03
  -6.278943604632e-09  -6.786079491697e-09   1.552746612144e-08   2.236345032868e-08   1.580412541698e+00  -5.823310533252e-09   1.635387400295e-08   2.603339192582e-08  -9.106911839627e-01  -2.771774872128e-09   7.120121923038e-09   2.319318177161e-08  -7.989173595799e-01  -5.346901887483e-10   8.425756199336e-10   1.439378559505e-08  -3.215758569983e-01  -1.458457237664e-08  -3.488219184583e-02   2.531806788343e-08   1.792580700064e-02   1.928518191260e-08   1.519752853090e-09  -4.116712852841e-10  -4.458589608051e-09  -4.242284083475e-10  -1.530678144722e-09  -5.467675844904e-08  -3.490180023217e-01  -4.174951186282e-10  -2.012202113995e-10  -8.788969286478e-09   1.743307914763e-08  -1.540695264544e-02  -1.101634616696e-08  -3.279389927958e-08   2.832512702079e-08  -1.137396968577e-01  -1.145381386275e-08  -2.363745928927e-08   2.305854827784e-08  -2.060065834816e-01  -3.039869193054e-09  -4.494654039580e-09   8.012209800338e-09  -1.156270004116e-01   2.822136709714e-09   2.894663046550e-02   3.181228168764e-07  -2.289864316566e-01   1.233806235771e-07  -1.503263856502e-07   3.406668730466e-07   8.854959572402e-07   4.232812216034e-07   3.305817922339e-07   1.150376040753e-07  -3.247739564808e-03   8.810315781770e-03  -1.392005822374e-02  -4.577480590269e-02  -2.309436684138e-02  -1.335116957956e-02   3.787296968703e-03   2.677342117241e-03  -8.810162174055e-03   1.391971710546e-02   4.577391138172e-02   2.309394218912e-02   1.335084880955e-02  -3.787333531505e-03   2.677163419187e-03
  -8.145382804459e+00  -7.391595583305e+00   2.195882230409e-03  -1.260825479165e-02  -5.823310533252e-09  -3.884309156657e+00   2.566086652306e-02  -6.440240839827e-02  -6.306176521644e-09  -2.485667140266e+00   2.296954743956e-02  -5.484085420497e-02   1.873256002891e-09  -1.414677934115e+00  -1.080692729046e-03  -2.067143780585e-02   5.392504861466e-09  -4.055760564628e-02   1.287847389526e-08   6.216135359069e-02   1.118820867082e-08  -4.709398741943e-03  -6.011231002475e-01  -1.286564074145e+00  -1.190518022458e+00  -7.374189711264e-01   5.531170697894e-01   1.216483837565e+00  -5.355202527513e-08  -3.384068474495e-02  -3.715878618720e-02  -2.051810166023e-01   1.936477422518e-02   1.189596157082e-08  -3.616305522215e-01  -7.700187296863e-01   7.525767666428e-02   4.878052828290e-08  -7.939385016283e-01  -1.358795046770e+00   1.270321922196e-01   8.694997532452e-08  -6.923094532565e-01  -7.374026060591e-01   6.717208487402e-02   4.858358421988e-08   1.218090618780e-01   4.257840907750e-08   3.476637224772e-01   7.689302487384e-08  -5.908576931583e-01   9.181960947587e-05  -9.767941819149e-02  -4.213647968738e-01  -4.945108591800e-01  -5.763931464316e-02  -2.254708552749e-02  -4.228884596253e-07  -1.932757212781e-04  -8.060756018719e-02  -3.894067928342e-01  -4.803033738203e-01  -4.153395291137e-02   1.285300509297e-02   1.661814940847e-02  -1.932872582519e-04  -8.060725305721e-02  -3.894061722777e-01  -4.803030817718e-01  -4.153368567272e-02   1.285340740454e-02  -1.661771968555e-02
   6.656025896272e-03   3.370687043942e-03  -8.188855727276e-01   1.246222322086e-02   1.635387400295e-08   2.566086652306e-02   3.162566259236e-03  -1.833465059253e-02   2.204956751203e-08   6.176178045676e-02  -5.078129664741e-01  -2.383096042789e-02   1.049321099403e-08   4.132353426390e-02  -3.367862394344e-01  -1.160490142916e-02  -2.352250671593e-09  -1.222918304669e-01   6.398131577924e-09  -4.528960506200e-02  -1.736014143687e-08   1.560270519124e-01  -2.247429413904e-01  -1.578044616744e-01  -4.932690509451e-02  -4.575845182067e-03  -1.693658995237e-01   1.120880344653e-02   5.571152733567e-09   1.205772619734e-01   1.391295947492e-01   3.749549871672e-01  -4.012240178761e-02  -4.238736296885e-08   3.791455145945e-01   3.787676266623e-01  -4.269119217692e-02  -5.396114592477e-08   2.764239843675e-01   1.509504083922e-01  -3.280578754688e-02  -3.837003265718e-08   9.430546296342e-02  -3.813981805050e-02  -1.267485452430e-02  -1.304154615365e-08  -6.419485105790e-03   8.331547997354e-08  -1.779218005897e-02  -1.163689581696e-08   2.663946235992e-02   1.709907448064e-02   1.139531823966e-01   1.466413542084e-01   7.137953937872e-02   1.122992299544e-01   5.610570520278e-02   1.015720701272e-06   6.711189352463e-03   9.370220851253e-02   1.330793492620e-01   6.621143846319e-02   8.707183323298e-02  -3.146601711081e-02  -4.201608723422e-02   6.711023396139e-03   9.370184172242e-02   1.330790907111e-01   6.621135003262e-02   8.707142879043e-02  -3.146711378081e-02   4.201505474381e-02
  -1.277032248605e-02  -6.789230213668e-03   1.231974658274e-02  -8.577747392153e-01   2.603339192582e-08  -6.440240839827e-02  -1.833465059253e-02  -1.799054659472e-02   2.989932270978e-08  -1.152419786735e-01  -2.394357448453e-02  -4.949540910573e-01   1.643618374574e-08  -8.668999091023e-02  -1.234176384071e-02  -3.435403557616e-01   1.781081531162e-09  -3.728219171310e-02  -3.890709704226e-08   1.070633879967e-01   6.709286453202e-10   1.300191450565e-01  -5.083780905613e-01  -4.369403321807e-01  -2.459369648963e-01  -9.656001816686e-02   5.401454542555e-02  -1.179731807056e-01  -2.777456202437e-08  -1.225719334722e-02  -1.424207293602e-02  -4.725519477557e-02  -5.959701480189e-02  -1.570080241904e-08  -4.373675623224e-02  -6.799311729809e-02  -1.366321793311e-01  -2.160276796531e-08  -6.003925813844e-02  -1.030706101147e-01  -2.056907872659e-01  -1.170435467760e-08  -5.007698867565e-02  -6.003294518719e-02  -1.379483879904e-01  -4.508065928330e-09  -1.656332219703e-01  -1.625939057261e-07   1.373145642335e-02   2.177846518739e-09  -3.805264403905e-02   3.725407672560e-03   3.649644071201e-02   3.553905930872e-02  -1.043573487890e-03   4.400462729087e-02   1.046708045911e-02   4.258576495084e-07  -9.325976693961e-04  -3.035940742799e-02  -6.170391675942e-02  -5.137919580581e-02  -3.174115750722e-02  -4.885558428497e-05   1.556912608361e-02  -9.325895618366e-04  -3.036044578853e-02  -6.170562845137e-02  -5.138008759460e-02  -3.174218860899e-02  -4.796022469205e-05  -1.556940058158e-02
  -1.921374522687e-09  -1.063805780836e-09   1.650024762174e-08   2.563360526691e-08  -9.106911839627e-01  -6.306176521644e-09   2.204956751203e-08   2.989932270978e-08   1.954066773386e-02  -8.987442043303e-09   1.327557372617e-08   2.375544051096e-08  -4.233613320539e-01  -5.146702347298e-09   3.465274634714e-09   1.275929732705e-08  -3.088223039860e-01  -1.274329473836e-08  -6.998003543533e-02   2.428650120702e-08   4.155858476654e-02   1.966917920036e-08  -5.111028808760e-09  -1.105892179968e-08  -1.058518327185e-08  -3.537308850928e-09   1.430527790475e-08  -3.152158080657e-08  -2.083974856496e-01  -7.188988173481e-09  -8.046240674879e-09  -2.292488944308e-08   1.278103882847e-08  -6.659274448157e-02  -1.968795535330e-08  -3.026883558913e-08   1.878374835471e-08  -1.479803587228e-01  -1.645575434627e-08  -2.362530287935e-08   1.711819798487e-08  -2.039830896083e-01  -6.653433600673e-09  -6.597218755116e-09   5.906417209349e-09  -1.308093150727e-01  -2.175765425885e-10   2.267028876088e-02   2.802677048379e-07  -1.847641070033e-01   1.304523210103e-07   1.570943723207e-08   7.335643488925e-07   9.978040251659e-07   4.916620675822e-07   9.634737916355e-07   4.824047481491e-07  -1.511876390498e-02   1.989024497013e-03  -3.463778958544e-02  -5.312395403521e-02  -2.711963585467e-02  -4.089341590964e-02   1.561882960405e-02   9.985762804167e-03  -1.989035220026e-03   3.463704861870e-02   5.312294101824e-02   2.711913588513e-02   4.089246666112e-02  -1.561911658082e-02   9.984956011609e-03
  -3.530050462636e+00  -3.318699631673e+00   2.435445838314e-03  -1.661586866628e-02  -2.771774872128e-09  -2.485667140266e+00   6.176178045676e-02  -1.152419786735e-01  -8.987442043303e-09  -1.642746173206e+00   1.839360544566e-01  -1.575992270963e-01  -1.069659196713e-08  -1.045443464779e+00   1.414902064000e-01  -8.339097987085e-02  -4.106011951902e-09  -5.069784661815e-02   9.889020159947e-09   8.804926734587e-02   1.285530691442e-08  -1.359010302464e-02  -5.328689482994e-01  -9.230214895143e-01  -8.859424064552e-01  -5.990946440785e-01   3.646018166581e-01   7.631021465743e-01  -3.817459256195e-08  -5.108623420778e-01  -4.907673023167e-01  -2.349456008268e-01   2.414643981091e-02   1.593739947279e-08  -6.084752331731e-01  -5.327540565701e-01   5.020324238763e-02   3.958135843206e-08  -7.710692925504e-01  -8.721407759327e-01   5.989497803170e-02   6.020891830284e-08  -6.099149044372e-01  -5.028082141304e-01   2.671743694372e-02   3.470346028338e-08   6.183189354012e-02  -7.064298635334e-08   2.052808278646e-01   3.349134547628e-08  -3.426460573649e-01  -7.929101996119e-02  -2.177835312080e-01  -4.334868428038e-01  -4.446545243994e-01  -1.073269042733e-01  -1.088608303416e-01  -1.822041563713e-06  -6.928466981401e-02  -2.011482805316e-01  -4.199874047729e-01  -4.410332126093e-01  -9.146219936240e-02   5.916325753986e-02   9.223195702269e-02  -6.928450042790e-02  -2.011480205877e-01  -4.199871873622e-01  -4.410331350062e-01  -9.146200278065e-02   5.916595545982e-02  -9.223016156998e-02
   2.514385716378e-03   5.288085736904e-04  -7.527581228286e-01   5.520991531890e-03   7.120121923038e-09   2.296954743956e-02  -5.078129664741e-01  -2.394357448453e-02   1.327557372617e-08   1.839360544566e-01  -4.221477139337e-01  -2.604519243649e-02   1.900369050391e-08   2.484654405174e-01  -4.139694364971e-01  -5.490993211622e-03   9.699543384082e-09  -9.676041490652e-02   7.372666099956e-09  -4.428158839815e-02  -1.163451032078e-08   1.469398162448e-01  -1.767937053837e-01  -6.038868387766e-02   1.011207186575e-01   1.402748085418e-01  -8.967388792117e-03   4.535008549954e-02  -5.375666437009e-09   1.299007414296e+00   1.223810592985e+00   2.548195663298e-01  -4.198701418312e-02  -4.434951085648e-08   9.375599935061e-01   1.489921596864e-01  -3.004103776081e-02  -5.400783589528e-08   6.158652704891e-01   4.171046493371e-03  -2.062969121355e-02  -3.325253646760e-08   3.133901814234e-01  -3.188675650811e-02  -1.793467083162e-02  -1.292475955901e-08   7.852226544295e-03   3.514424486848e-07  -2.231507069016e-02   3.337673190441e-08   2.272826614306e-02   1.906305317663e-01   3.616375067026e-01   3.778622628018e-01   2.470320434021e-01   1.376008538604e-01   2.365461019208e-01   3.867059456694e-06   1.587796760835e-01   3.354320915492e-01   3.634876558358e-01   2.394882408766e-01   1.215221585997e-01  -1.232470221856e-01  -1.980647960197e-01   1.587791641739e-01   3.354316893320e-01   3.634873996972e-01   2.394881097479e-01   1.215220584105e-01  -1.232529197920e-01   1.980610179933e-01
  -5.270576559442e-03  -2.166900890593e-03   5.419958541533e-03  -7.780575595067e-01   2.319318177161e-08  -5.484085420497e-02  -2.383096042789e-02  -4.949540910573e-01   2.375544051096e-08  -1.575992270963e-01  -2.604519243649e-02  -1.631270566753e-01  -2.180461926970e-08  -1.482466275285e-01  -5.697375034833e-03  -1.675633474641e-01  -4.456049871970e-08  -3.557226387013e-02  -2.416206543411e-08   8.748096755562e-02   9.537871714783e-09   1.015836092300e-01  -3.966351668388e-01  -2.730017993514e-01  -2.090022653095e-01  -1.271830986925e-01   8.796945226318e-02   9.428143344848e-02  -2.140585972453e-08  -1.311996325167e-01  -1.235650430105e-01  -4.376598878881e-02  -1.634167300174e-01  -6.175105769731e-08  -9.791420061574e-02  -4.729014033122e-02  -1.763388259366e-01  -1.191441227375e-07  -1.023517661751e-01  -1.042796828077e-01  -1.564701993091e-01  -9.753796572535e-08  -9.243357733181e-02  -8.644103107713e-02  -1.116001235562e-01  -3.896656250973e-08  -7.419909182902e-03   1.086502301786e-06  -9.957183201770e-03   6.692200590267e-08  -2.145496614502e-02   8.180211708547e-02   6.899099435960e-02   3.822613872073e-03  -3.702050175229e-02   3.225239656142e-02   7.420771352808e-03   8.140534943027e-07  -5.801304619779e-02  -8.423552354765e-02  -9.305457851224e-02  -8.267848693330e-02  -4.110929596581e-02  -1.176515114928e-02   5.102209936927e-02  -5.801524261399e-02  -8.423819922242e-02  -9.305641121490e-02  -8.267931343844e-02  -4.111064660958e-02  -1.176257880860e-02  -5.102290774288e-02
   2.726461467983e-10   6.499092676412e-10   5.769850898140e-09   1.764097507294e-08  -7.989173595799e-01   1.873256002891e-09   1.049321099403e-08   1.643618374574e-08  -4.233613320539e-01  -1.069659196713e-08   1.900369050391e-08  -2.180461926970e-08  -1.775308374853e-02  -1.573077220491e-08   1.452950309730e-08  -3.735743126588e-08  -8.434665072445e-02   2.669976690939e-09  -4.711966646440e-02   1.592570492498e-08   3.413290983214e-02   1.116965202103e-08  -3.832137755803e-09  -1.185113552443e-09  -7.534908923633e-09  -1.268431691784e-08  -2.227123586359e-09  -2.297954890126e-08  -4.530152587866e-02  -7.667186317619e-08  -7.259419158414e-08  -2.412463295048e-08  -3.988321751039e-08  -1.674498774992e-01  -5.349314851651e-08  -2.259295354713e-08  -8.720103387451e-08  -1.759581872497e-01  -3.581848049519e-08  -1.356739740511e-08  -7.481508113938e-08  -1.310405399019e-01  -1.993353137041e-08  -6.356095579908e-09  -3.110432086884e-08  -8.828052620086e-02   6.176391730737e-08  -2.188258530355e-02  -8.807059137773e-07  -1.478791176567e-02  -5.097845327481e-07   1.482769602991e-06   1.587304165563e-06   8.748403873129e-07   3.738855462801e-07   8.315642663855e-07   1.146216295257e-06  -4.440559259713e-02  -7.442033749083e-02  -8.617498914751e-02  -5.030948580089e-02  -2.156308115038e-02  -4.460768907517e-02   3.473334696185e-02   1.424218316345e-02   7.441884499582e-02   8.617338175467e-02   5.030856686061e-02   2.156266719045e-02   4.460690560893e-02  -3.473445054122e-02   1.424014663150e-02
  -1.596028726691e+00  -1.512480952147e+00  -6.106881669372e-03  -1.434574434475e-02  -5.346901887483e-10  -1.414677934115e+00   4.132353426390e-02  -8.668999091023e-02  -5.146702347298e-09  -1.045443464779e+00   2.484654405174e-01  -1.482466275285e-01  -1.573077220491e-08  -6.999539780766e-01   2.765204433893e-01  -1.013211910862e-01  -1.337098337786e-08  -3.369627381982e-02   4.292421578075e-09   6.089289673721e-02   8.491153225258e-09  -1.130882221859e-02  -3.965700049640e-01  -5.935443486820e-01  -5.728556786163e-01  -4.212246516494e-01   2.314396618937e-01   4.749748448250e-01  -2.208738506453e-08  -7.423678458692e-01  -7.058454180976e-01  -1.047062075983e-01   1.287371107630e-02   9.740013829283e-09  -7.377920229493e-01  -2.634093298851e-01   2.653643980823e-02   3.172008877738e-08  -7.320043189048e-01  -4.482339356447e-01   1.925407964621e-02   4.073831598603e-08  -5.084432820707e-01  -2.403751231083e-01  -3.316145013348e-03   2.066226007782e-08   3.208694027102e-02  -1.132152754948e-07   1.141703323030e-01  -1.236160788415e-08  -1.862122883641e-01  -1.759664756362e-01  -3.095134693132e-01  -4.320119202345e-01  -3.807350560575e-01  -9.247281693332e-02  -1.776327057295e-01  -2.855169171220e-06  -1.667362272257e-01  -3.003035224081e-01  -4.313061220009e-01  -3.846167127431e-01  -7.859909295017e-02   9.033824629099e-02   1.521145563325e-01  -1.667360939861e-01  -3.003034495340e-01  -4.313061876382e-01  -3.846167938241e-01  -7.859900277829e-02   9.034282094892e-02  -1.521117842935e-01
   6.547245012559e-04  -5.080795754290e-04  -2.897089615890e-01   5.219858911517e-04   8.425756199336e-10  -1.080692729046e-03  -3.367862394344e-01  -1.234176384071e-02   3.465274634714e-09   1.414902064000e-01  -4.139694364971e-01  -5.697375034833e-03   1.452950309730e-08   2.765204433893e-01  -3.566362049270e-01   1.081616760855e-02   1.271844034973e-08  -4.008301708555e-02   4.951313555821e-09  -2.091279288913e-02  -4.278545277946e-09   6.709312620706e-02  -1.186149859526e-01  -3.654494151942e-02   1.440288721543e-01   2.000225083865e-01  -2.646187223199e-02   6.671972504209e-02  -1.183339858058e-08   1.131118762152e+00   1.069450675691e+00  -2.297887768300e-03  -1.875376398358e-02  -2.614543919030e-08   9.367859441979e-01  -3.766701158765e-02  -1.922105877623e-02  -5.459256401293e-08   6.543930705670e-01  -1.048525658790e-01  -5.524531140804e-03  -3.761729000062e-08   3.642997088305e-01  -4.469227448380e-02  -6.017211189514e-03  -1.365503095814e-08   4.214339751497e-04   3.254952121286e-07  -4.508349951595e-03   7.705296316212e-08  -7.704218982404e-03   2.879122096077e-01   4.177964908978e-01   4.165210269378e-01   2.931489462764e-01   9.633305684513e-02   2.776810681937e-01   4.428069583490e-06   2.629623593973e-01   4.011244638540e-01   4.114122079340e-01   2.898938665987e-01   7.726616372282e-02  -1.371786774920e-01  -2.328757642216e-01   2.629620179153e-01   4.011243018981e-01   4.114121642098e-01   2.898938192590e-01   7.726604490511e-02  -1.371856933342e-01   2.328714865380e-01
  -1.994037826926e-03  -7.261190821004e-04   1.045794969546e-03  -3.149894185356e-01   1.439378559505e-08  -2.067143780585e-02  -1.160490142916e-02  -3.435403557616e-01   1.275929732705e-08  -8.339097987085e-02  -5.490993211622e-03  -1.675633474641e-01  -3.735743126588e-08  -1.013211910862e-01   1.081616760855e-02  -2.426489368285e-02  -5.697822308300e-08  -1.363695418414e-02  -8.991921327054e-09   3.762075409236e-02   1.107787877765e-08   4.363435270031e-02  -2.634947488493e-01  -1.685921763690e-01  -9.347391187464e-02  -7.760548600835e-02   8.766151460401e-02   9.002641555387e-02  -8.852721243834e-09  -1.142003798760e-01  -1.078924655652e-01  -1.718076464473e-02  -1.785894812402e-01  -4.921200610311e-08  -9.454404806451e-02  -2.262152314735e-02  -2.196518545809e-01  -9.521475425949e-08  -8.699609328894e-02  -4.851441964524e-02  -1.363933030490e-01  -8.409636215749e-08  -7.613714037067e-02  -4.989493904144e-02  -4.197681216100e-02  -3.552586393924e-08  -6.163516443668e-03   2.344862097634e-06  -3.962671527792e-02   1.110667825891e-07  -3.248024394891e-02   1.256411851701e-01   8.340307231584e-02  -7.703241509993e-03  -4.510141099868e-02   2.142938491609e-02   2.479795627690e-02   9.840293442469e-07  -9.594491297069e-02  -1.008972212714e-01  -8.109608869327e-02  -6.562438642315e-02  -2.669626324698e-02  -4.777451909294e-03   5.999245110305e-02  -9.594868983809e-02  -1.009005294696e-01  -8.109754642587e-02  -6.562479225718e-02  -2.669709197071e-02  -4.774544216988e-03  -5.999342502361e-02
   7.516262328955e-10   8.604176675725e-10  -2.303242125898e-09   6.737463501891e-09  -3.215758569983e-01   5.392504861466e-09  -2.352250671593e-09   1.781081531162e-09  -3.088223039860e-01  -4.106011951902e-09   9.699543384082e-09  -4.456049871970e-08  -8.434665072445e-02  -1.337098337786e-08   1.271844034973e-08  -5.697822308300e-08   3.424232522952e-02   9.046244386076e-09  -1.878688565570e-02   6.035411861606e-09   1.683212890772e-02   4.112934165471e-09  -7.227695655314e-10   1.796070937609e-08   1.841917862279e-08  -5.926221671709e-09  -1.631688947045e-08  -1.076988811766e-08  -6.813083045386e-02  -6.660108801211e-08  -6.366832493195e-08  -1.227353971696e-08  -3.952465521811e-08  -1.795460214156e-01  -5.246521994654e-08  -2.059425079996e-08  -8.160336755956e-08  -2.176668953683e-01  -3.236912924785e-08  -1.145214626752e-08  -7.515274336035e-08  -1.170932892955e-01  -1.659252242435e-08  -3.774639951356e-09  -3.329299126173e-08  -2.291620414288e-02   1.085131171928e-07  -4.813616084539e-02  -2.010734106073e-06  -1.235213256472e-02  -1.149557474402e-06   2.320343591899e-06   1.890547620105e-06   6.430564827620e-07   1.255511472339e-07   5.525219401821e-07   1.380410560722e-06  -3.839631000102e-02  -1.252061981057e-01  -1.061315353079e-01  -3.958669326368e-02  -8.562557299330e-03  -2.692932659281e-02   3.793321218976e-02   2.783232215793e-02   1.252038760202e-01   1.061296396406e-01   3.958601969892e-02   8.562398074884e-03   2.692884499690e-02  -3.793456013781e-02   2.782988617634e-02
   1.011546398641e-04   8.356148008161e-04  -5.524498146741e-02  -1.453230082776e-02  -1.458457237664e-08  -4.055760564628e-02  -1.222918304669e-01  -3.728219171310e-02  -1.274329473836e-08  -5.069784661815e-02  -9.676041490652e-02  -3.557226387013e-02   2.669976690939e-09  -3.369627381982e-02  -4.008301708555e-02  -1.363695418414e-02   9.046244386076e-09   3.075463908170e+00   2.469503517160e-09   3.586605112777e-02  -3.417559828995e-09   3.656230497183e-02  -3.117400627847e-02  -5.902246623174e-02  -5.008906140766e-02  -2.295256824586e-02  -8.645859874922e-03  -3.784041367572e-01   9.093956341742e-09   1.302078712024e-02   1.617570712215e-02   5.297276557788e-02   7.971743368513e-02   2.209963583816e-08   2.877838925919e-02   1.271923355138e-02   5.136481767284e-02   3.512904132395e-08   1.139090552788e-02  -1.128905988250e-02   2.428223218626e-02   2.586192671302e-08  -8.939682074443e-03  -2.429054689424e-02   8.060086699409e-03   1.109373404916e-08  -7.057076691016e-02  -1.920830479447e-07   2.694815612444e-02  -5.681024010023e-09  -5.242924262557e-02  -1.802603168323e-02  -2.887119264579e-02  -8.407608158938e-03  -8.578147589195e-03  -4.190533059675e-02  -1.390625872280e-02  -5.192064976959e-07   8.617772907761e-03   2.456435200440e-02   1.059630155032e-02  -5.134329053439e-03   2.806591121985e-02  -3.406178472667e-04  -1.790264822550e-02   8.618128124131e-03   2.456517657169e-02   1.059659082109e-02  -5.134278916549e-03   2.806675185427e-02  -3.416477148575e-04   1.790295138472e-02
   9.455514634043e-10   1.818281141776e-09   4.178618186290e-09  -2.887517926546e-08  -3.488219184583e-02   1.287847389526e-08   6.398131577924e-09  -3.890709704226e-08  -6.998003543533e-02   9.889020159947e-09   7.372666099956e-09  -2.416206543411e-08  -4.711966646440e-02   4.292421578075e-09   4.951313555821e-09  -8.991921327054e-09  -1.878688565570e-02   2.469503517160e-09   3.160520822881e+00   2.331296974621e-09  -1.314186395671e-02  -9.260760046257e-10  -1.963945185077e-08  -1.389716174203e-08  -1.020636836949e-09   6.994249508149e-10   3.164417142053e-08   3.937158212027e-08   2.161753061800e-01  -8.261922003239e-10  -1.338053940981e-09  -1.400639577433e-09   3.881402360839e-08  -9.687894683636e-03  -6.477002042469e-09   2.725776936097e-09   4.607366690937e-08  -9.598071425093e-03  -3.566908673198e-09   4.898682974330e-09   1.830425295404e-08  -1.354112692629e-02  -2.847116452516e-10   3.339556349420e-09   1.071456994263e-09  -7.667977477929e-03  -6.368696112286e-09  -1.821389626909e-02  -6.069500281957e-09  -4.052262393681e-04   2.154820022563e-09  -6.227655157115e-08  -1.396840197842e-07   1.432302603848e-10   1.291682323380e-08  -3.678658136658e-07  -8.219410394754e-08   4.546362395504e-03  -2.321751794713e-03  -8.232491029985e-03  -5.209019868659e-03  -1.972571187258e-03  -1.302418779628e-02   1.443365725648e-03   3.750062017589e-03   2.321772898490e-03   8.232600454330e-03   5.209015300000e-03   1.972557103774e-03   1.302436666708e-02  -1.443732818837e-03   3.749931163081e-03
  -1.168215903239e-03  -3.035403501492e-03  -2.078414739173e-02   4.769647469926e-02   2.531806788343e-08   6.216135359069e-02  -4.528960506200e-02   1.070633879967e-01   2.428650120702e-08   8.804926734587e-02  -4.428158839815e-02   8.748096755562e-02   1.592570492498e-08   6.089289673721e-02  -2.091279288913e-02   3.762075409236e-02   6.035411861606e-09   3.586605112777e-02   2.331296974621e-09   3.140155000077e+00   1.291032003134e-09   1.824523906018e-03   2.688422859540e-02   6.704113554250e-02   6.745396371604e-02   3.712294030193e-02   8.689150327134e-02   2.330789061781e-01  -1.367171641084e-08   3.719924874230e-02   4.571619747530e-02   1.104457419457e-01  -1.180646669318e-02  -5.643662251108e-08   6.520051731167e-02  -9.530471326984e-03   4.963501773232e-03  -5.101532721464e-08   5.939636665507e-02   5.345594444611e-02   1.108462579572e-02  -2.659215704130e-08   3.815696250295e-02   2.611753640215e-02   9.322119725759e-03  -5.465911563043e-09   3.991377231468e-02   4.057427097637e-08   6.194794286726e-02   3.462533021938e-08  -1.367210516447e-01   9.194087230869e-03   2.815770948998e-02   2.962565169917e-02   2.520687724136e-02   3.450117362933e-02   1.905791782161e-02   5.013735627952e-07   2.443415878837e-03   1.816099747570e-02   3.199621571005e-02   2.805277782497e-02   1.395296720249e-02  -5.753846059798e-03  -1.423421071313e-02   2.443443146212e-03   1.816125383609e-02   3.199640864526e-02   2.805286394748e-02   1.395345134201e-02  -5.754258384929e-03   1.423413513668e-02
   7.602799029089e-10   1.043062249773e-09  -7.172740189685e-09  -2.280193770591e-09   1.792580700064e-02   1.118820867082e-08  -1.736014143687e-08   6.709286453202e-10   4.155858476654e-02   1.285530691442e-08  -1.163451032078e-08   9.537871714783e-09   3.413290983214e-02   8.491153225258e-09  -4.278545277946e-09   1.107787877765e-08   1.683212890772e-02  -3.417559828995e-09  -1.314186395671e-02   1.291032003134e-09   3.147802051119e+00   6.506468769371e-09  -6.001272823563e-09  -2.174212342073e-09   5.005623414623e-09   5.172812024253e-09  -7.696869544694e-10   2.027672299669e-08   1.096742070452e-01   7.290154520724e-09   9.174520772837e-09   2.725009787857e-08   1.714861912287e-08   8.428542404147e-02   1.389047397634e-08   2.793122018428e-09   3.004034270029e-08   5.271776151643e-02   1.168080455241e-08   1.125557859782e-08   2.254297622036e-08   3.513115737222e-02   6.390629354306e-09   4.107818477700e-09   9.516800664045e-09   1.639791962242e-02   3.794722540714e-10   1.042414995386e-02   1.542988398880e-07  -7.519788185200e-02   4.732592999536e-08  -2.810406760351e-07  -5.788353282043e-07  -2.482950790208e-07  -6.690319173893e-08  -8.551187480425e-07  -5.521044259710e-07   1.575340118099e-02   1.190732018059e-02   2.873629561186e-02   1.310438432398e-02   3.709492241875e-03   3.376967798188e-02  -1.635308399035e-02  -1.137671652080e-02  -1.190704547709e-02  -2.873570795324e-02  -1.310412092253e-02  -3.709412747871e-03  -3.376885040400e-02   1.635341706671e-02  -1.137581433415e-02
   1.067933396088e-03   1.455271046132e-03   6.629676371289e-02   5.767214097218e-02   1.928518191260e-08  -4.709398741943e-03   1.560270519124e-01   1.300191450565e-01   1.966917920036e-08  -1.359010302464e-02   1.469398162448e-01   1.015836092300e-01   1.116965202103e-08  -1.130882221859e-02   6.709312620706e-02   4.363435270031e-02   4.112934165471e-09   3.656230497183e-02  -9.260760046257e-10   1.824523906018e-03   6.506468769371e-09   3.054301518513e+00   4.326453321608e-02   6.609057300676e-02   3.088944431068e-02   3.376003580335e-03   2.965515922329e-01   1.773872516612e-01  -2.699152707355e-09  -6.314645229918e-02  -7.773252417161e-02  -1.885867001523e-01   3.477635453293e-02  -2.510974982451e-09  -1.088571814479e-01   2.814878119424e-02   1.207321780393e-02  -1.988484673060e-08  -6.803277798580e-02  -1.335050546621e-02   3.221108112030e-02  -5.507506337495e-09  -2.213082896173e-02   1.286931808396e-02   1.866702537791e-02  -2.838454092288e-10  -5.133933312338e-02  -2.832325887686e-08  -1.436291832178e-01  -2.651658761895e-08   2.245553309474e-01  -1.047665355463e-02  -4.196244688654e-02  -4.371885566783e-02  -2.035060687397e-02  -4.286847783245e-02  -3.361643822437e-02  -5.265049641783e-07  -5.902686167636e-03  -3.236266952603e-02  -3.058277818609e-02  -1.396680998146e-02  -3.047184995076e-02   1.840306510690e-02   2.038454055368e-02  -5.902536870310e-03  -3.236225405031e-02  -3.058244408320e-02  -1.396667395542e-02  -3.047123545271e-02   1.840351487234e-02  -2.038380230420e-02
  -2.993864737518e-01  -2.994975243183e-01  -2.078767147665e-01  -4.656961295298e-01   1.519752853090e-09  -6.011231002475e-01  -2.247429413904e-01  -5.083780905613e-01  -5.111028808760e-09  -5.328689482994e-01  -1.767937053837e-01  -3.966351668388e-01  -3.832137755803e-09  -3.965700049640e-01  -1.186149859526e-01  -2.634947488493e-01  -7.227695655314e-10  -3.117400627847e-02  -1.963945185077e-08   2.688422859540e-02  -6.001272823563e-09   4.326453321608e-02   4.262252783385e-01  -5.719674464988e-01  -5.003584970949e-01  -2.832197049489e-01   1.785361623973e-01   3.579513667147e-01  -5.073113509638e-08  -3.439649451834e-04   3.236047414856e-04   5.408462038127e-04  -2.434915369975e-03   1.421856293333e-08  -3.374322180929e-02  -1.023322867271e-01  -4.155600594471e-02   1.900208462778e-08  -1.593230527815e-01  -3.138843397987e-01  -1.052588696928e-01   1.846491454416e-08  -1.964783574776e-01  -2.484963047374e-01  -8.548758002222e-02   1.010623876937e-08  -8.527847964859e-02  -1.629891619228e-07   6.420236967451e-02  -1.092553072695e-09  -8.841292700124e-02  -6.308940162146e-03  -5.412230216127e-03  -5.800363571093e-02  -1.189323875876e-01   6.174830018551e-03   1.453047609099e-04   1.008732839283e-08   3.415346077646e-03  -1.545493147342e-02  -1.077009015242e-01  -1.519049548337e-01  -4.204634799140e-03  -2.855002113219e-05   1.381472833494e-03   3.415509809034e-03  -1.545532745907e-02  -1.077019786203e-01  -1.519055823321e-01  -4.204965907447e-03  -2.850730104034e-05  -1.381540751985e-03
  -1.500379033734e+00  -1.420283973616e+00  -1.859457991976e-01  -4.314943444009e-01  -4.116712852841e-10  -1.286564074145e+00  -1.578044616744e-01  -4.369403321807e-01  -1.105892179968e-08  -9.230214895143e-01  -6.038868387766e-02  -2.730017993514e-01  -1.185113552443e-09  -5.935443486820e-01  -3.654494151942e-02  -1.685921763690e-01   1.796070937609e-08  -5.902246623174e-02  -1.389716174203e-08   6.704113554250e-02  -2.174212342073e-09   6.609057300676e-02  -5.719674464988e-01  -6.365908459946e-01  -5.834328736949e-01  -3.794167231608e-01   3.118653161866e-01   6.244556229533e-01  -6.118805596642e-08  -5.650544578150e-02  -5.692795369532e-02  -7.502843367557e-02  -3.051881666260e-02   5.059238946601e-08  -1.737843846843e-01  -2.651472283547e-01  -5.514183886441e-02   9.689871894108e-08  -3.367313037643e-01  -5.105622906228e-01  -6.780907621435e-02   9.675084692246e-08  -3.184411019636e-01  -3.298180153855e-01  -5.553674180579e-02   4.650565827401e-08  -4.338599938662e-02   5.629092545114e-08   1.105782083431e-01   8.124579204007e-09  -1.871474821425e-01  -4.960026583421e-03  -3.475935775191e-02  -1.560492017143e-01  -2.130606503760e-01  -9.252838343251e-03  -1.217672026259e-02  -9.781831445265e-08  -1.810747382952e-02  -7.292862249324e-02  -2.010041308218e-01  -2.386609388718e-01  -4.267607762104e-02   2.972976827009e-03   2.660830150596e-02  -1.810799306713e-02  -7.292957118337e-02  -2.010050220013e-01  -2.386614160447e-01  -4.267691401743e-02   2.973886841792e-03  -2.660833935649e-02
  -1.320386828076e+00  -1.251236121960e+00  -6.946725048761e-02  -1.665439037853e-01  -4.458589608051e-09  -1.190518022458e+00  -4.932690509451e-02  -2.459369648963e-01  -1.058518327185e-08  -8.859424064552e-01   1.011207186575e-01  -2.090022653095e-01  -7.534908923633e-09  -5.728556786163e-01   1.440288721543e-01  -9.347391187464e-02   1.841917862279e-08  -5.008906140766e-02  -1.020636836949e-09   6.745396371604e-02   5.005623414623e-09   3.088944431068e-02  -5.003584970949e-01  -5.834328736949e-01  -4.892863879299e-01  -3.446171326657e-01   2.350303587981e-01   4.674760532698e-01  -3.500385115831e-08  -3.958978690915e-01  -3.781912784103e-01  -9.444120742939e-02  -4.765707500560e-02   5.440913973836e-08  -4.401935474316e-01  -2.395260595646e-01  -5.308535539374e-02   1.276598434473e-07  -5.006807927173e-01  -4.232762196832e-01  -3.734136438190e-02   1.377191080017e-07  -3.764494028569e-01  -2.373126442266e-01  -2.185047235536e-02   6.543210136259e-08   1.168970277129e-02   5.979858966040e-07   8.620308122374e-02  -8.538708210990e-09  -1.673763552812e-01  -5.341898716233e-02  -1.417038363634e-01  -2.705226329785e-01  -2.718708387110e-01  -4.707661286456e-02  -8.202160102393e-02  -1.108493025663e-06  -1.085093363949e-01  -1.959451700145e-01  -3.011435149091e-01  -2.849060178870e-01  -5.991490232563e-02   4.164609401649e-02   9.361760216416e-02  -1.085106169856e-01  -1.959463465960e-01  -3.011441617787e-01  -2.849062735813e-01  -5.991517356364e-02   4.164928877263e-02  -9.361656729820e-02
  -7.568280825410e-01  -7.188131362039e-01  -2.364709524842e-02  -4.520741969928e-02  -4.242284083475e-10  -7.374189711264e-01  -4.575845182067e-03  -9.656001816686e-02  -3.537308850928e-09  -5.990946440785e-01   1.402748085418e-01  -1.271830986925e-01  -1.268431691784e-08  -4.212246516494e-01   2.000225083865e-01  -7.760548600835e-02  -5.926221671709e-09  -2.295256824586e-02   6.994249508149e-10   3.712294030193e-02   5.172812024253e-09   3.376003580335e-03  -2.832197049489e-01  -3.794167231608e-01  -3.446171326657e-01  -2.440131949639e-01   1.302132077015e-01   2.624536097242e-01  -1.374963436339e-08  -4.458954108923e-01  -4.262100962685e-01  -2.819401810991e-02  -2.420685958952e-02   1.478294660554e-08  -4.818600595274e-01  -1.087806655196e-01  -2.950487647810e-02   4.502273647078e-08  -4.788501038070e-01  -2.329308317809e-01  -2.360927630220e-02   5.545592682028e-08  -3.218249652290e-01  -1.187398294477e-01  -1.155224506637e-02   2.873780078599e-08   1.351432597710e-02   3.808211250414e-07   4.279188880983e-02  -1.359167530538e-08  -8.544578387233e-02  -1.134306770915e-01  -1.993932835365e-01  -2.776956643005e-01  -2.397035871085e-01  -5.076031878765e-02  -1.160215284622e-01  -1.731951768116e-06  -1.507874870406e-01  -2.320947779069e-01  -2.940958321861e-01  -2.454433034319e-01  -5.245506960547e-02   5.852656741564e-02   1.135845410498e-01  -1.507882612453e-01  -2.320954937985e-01  -2.940962195765e-01  -2.454434275993e-01  -5.245520074505e-02   5.853020262095e-02  -1.135828790017e-01
