ARMA_MAT_TXT_FN008
73 73
   1.000000000000e+00   7.245384183819e-01   2.285975824102e-01   1.171681753233e-01   3.816266561976e-02   1.658025694500e-02  -2.219970240163e-16   4.559172324147e-21  -1.828411332073e-24  -2.278798678638e-17   3.247750938302e-22  -9.642069154771e-25  -7.564611725250e-19   4.666494265561e-21   2.465860072865e-26   3.905948704821e-18  -1.380067234134e-21   6.576537919066e-26  -9.944971251411e-24   3.020571706065e-22  -1.079839954785e-26   6.106805140501e-03  -1.150052590786e-22  -4.887137047562e-24   4.428256640170e-27   0.000000000000e+00  -1.579881485279e-45   0.000000000000e+00   0.000000000000e+00   0.000000000000e+00   0.000000000000e+00  -1.694759346229e-11   3.681947373504e-08  -3.374275870929e-11  -4.403344786721e-15   1.420912427509e-04   6.644222886460e-04  -6.089017221753e-07  -7.946013682716e-11   2.666562128613e-03   6.857843285558e-03  -6.284787037314e-06  -8.201488347421e-10   3.448039671695e-03   4.867228017204e-03  -4.460511895131e-06  -5.820855362998e-10  -8.913914878942e-07   1.066040239845e-13  -2.807858478661e-04  -1.163243377627e-10   4.863345376455e-04   0.000000000000e+00   4.006540270739e-05   1.399884476781e-03   2.397613355593e-03   1.203180021125e-07  -5.853111500313e-08  -1.645318084698e-12   0.000000000000e+00   3.967747250350e-05   1.395590036523e-03   2.395032410570e-03   1.178838604460e-07   2.874883449049e-08   4.922445470370e-08   0.000000000000e+00   3.967716140066e-05   1.395586581068e-03   2.395030331777e-03   1.178818449600e-07   2.875119470395e-08  -4.922184562370e-08
   7.245384183819e-01   1.000000000000e+00   5.916177003156e-01   3.419347414953e-01   1.194150207184e-01   5.261249985216e-02  -3.311653339186e-16  -9.854510619732e-20  -1.209628497528e-23   4.550147686845e-16   1.299710486144e-19   1.256750897132e-23  -4.195690712078e-17   1.122868847956e-21  -2.500826544808e-24  -1.258219831835e-19  -3.007737703682e-21  -3.749787306295e-27   2.349294036799e-18  -5.740293640544e-22   7.001441826816e-26   1.947705891000e-02   0.000000000000e+00   2.072350182212e-22  -5.360332900221e-26  -2.337746515386e-36   0.000000000000e+00   0.000000000000e+00   0.000000000000e+00   0.000000000000e+00   0.000000000000e+00  -9.502344051034e-11   1.980880146262e-07  -1.815353507993e-10  -2.368990477140e-14   4.763748594688e-04   2.200376929830e-03  -2.016508664601e-06  -2.631492875893e-10   8.525069389323e-03   2.184432413441e-02  -2.001896506558e-05  -2.612424378710e-09   1.100512890621e-02   1.551756505026e-02  -1.422088368276e-05  -1.855789402596e-09  -3.010769335367e-06   3.600664026953e-13  -9.483839951820e-04  -3.928977938979e-10   1.642646505558e-03   0.000000000000e+00   1.333184343941e-04   4.479201046563e-03   7.655496189263e-03   4.861440751388e-07  -2.364945749633e-07  -6.647896611899e-12   0.000000000000e+00   1.320381892704e-04   4.465495723009e-03   7.647262818265e-03   4.765192678928e-07   1.162107646657e-07   1.989789020234e-07   0.000000000000e+00   1.320371625293e-04   4.465484695188e-03   7.647256186786e-03   4.765112902798e-07   1.162203466540e-07  -1.989684261903e-07
   2.285975824102e-01   5.916177003156e-01   1.000000000000e+00   8.514542739284e-01   3.940464990159e-01   1.849868896425e-01  -1.296744961734e-16   1.422469575765e-19  -1.659146829380e-23   6.402815411800e-16   0.000000000000e+00   0.000000000000e+00   0.000000000000e+00  -6.186621637425e-20   0.000000000000e+00   0.000000000000e+00  -2.054994365755e-20   0.000000000000e+00   3.753356989022e-17  -4.581734605740e-21   0.000000000000e+00   7.012983079624e-02   0.000000000000e+00   0.000000000000e+00   0.000000000000e+00   0.000000000000e+00   0.000000000000e+00   0.000000000000e+00   0.000000000000e+00   0.000000000000e+00   1.408414337854e-08  -2.559926988752e-09   4.597545150244e-06  -4.213364313030e-09  -5.498334010618e-13   2.132622578940e-03   9.320003624415e-03  -8.541203921909e-06  -1.114605539099e-09   3.103449656818e-02   7.816334158821e-02  -7.163184335828e-05  -9.347774636105e-09   3.976042416607e-02   5.577089129579e-02  -5.111055474443e-05  -6.669798303075e-09  -1.376390258870e-05   1.646063959117e-12  -4.335591163704e-03  -1.796154524029e-09   7.509451562622e-03   0.000000000000e+00   5.804462889623e-04   1.637185678111e-02   2.771006022569e-02   4.595919225860e-06  -2.235777456663e-06  -6.284802677361e-11   0.000000000000e+00   5.750783700086e-04   1.632236938528e-02   2.768038635000e-02   4.512779273770e-06   1.100550524413e-06   1.884389416066e-06   0.000000000000e+00   5.750740642288e-04   1.632232956511e-02   2.768036244945e-02   4.512710055823e-06   1.100642813162e-06  -1.884292850927e-06
   1.171681753233e-01   3.419347414953e-01   8.514542739284e-01   1.000000000000e+00   6.716826254521e-01   3.524762004540e-01  -7.233433848385e-17   3.917284490680e-20   2.066801969698e-23   7.328605881909e-16  -1.789210420388e-19  -1.957974750966e-24   0.000000000000e+00  -9.415809764563e-20   1.149390840401e-23  -1.508727085908e-16   3.683415737080e-20   0.000000000000e+00   0.000000000000e+00   8.945709112165e-21   1.092005506856e-24   1.398221906004e-01   1.364645628960e-17  -3.331654367577e-21   4.066960897922e-25   0.000000000000e+00   0.000000000000e+00   0.000000000000e+00   0.000000000000e+00   0.000000000000e+00   1.150262685322e-06  -6.764888943025e-08   1.011310658823e-04  -9.268033483144e-08  -1.209454961071e-11   6.097495927598e-03   2.406734425336e-02  -2.205622480534e-05  -2.878281629196e-09   6.313556997584e-02   1.537988819433e-01  -1.409471140330e-04  -1.839324238803e-08   7.980115175501e-02   1.107876161491e-01  -1.015299628288e-04  -1.324940371266e-08  -3.892807817162e-05   4.655518742815e-12  -1.226223672052e-02  -5.080015879877e-09   2.123878133922e-02   9.950739701620e-08   1.616629346983e-03   3.358723347110e-02   5.581925434384e-02   4.073482465624e-05  -1.981627574198e-05  -5.570383692144e-10   9.715882167854e-08   1.602703229744e-03   3.348809249478e-02   5.575998400257e-02   4.010939997288e-05   9.781648624079e-06   1.674837704404e-05   9.715695155633e-08   1.602692055580e-03   3.348801271788e-02   5.575993626360e-02   4.010887471799e-05   9.782490821761e-06  -1.674755633642e-05
   3.816266561976e-02   1.194150207184e-01   3.940464990159e-01   6.716826254521e-01   1.000000000000e+00   8.004924088951e-01   8.500612135637e-17   0.000000000000e+00  -1.029349675082e-23   4.744391009838e-16  -1.158298586386e-19   4.925080658971e-23   4.200902132584e-16  -1.025610872213e-19   0.000000000000e+00   0.000000000000e+00  -6.514237693922e-20   7.951950309963e-24   0.000000000000e+00   2.281811337205e-20   0.000000000000e+00   3.977274961272e-01   3.881766454784e-17   0.000000000000e+00   0.000000000000e+00   0.000000000000e+00   0.000000000000e+00   0.000000000000e+00   0.000000000000e+00   0.000000000000e+00   1.714210785531e-03   1.480231415990e-03   1.622864541124e-02  -1.487254462762e-05  -1.940829509986e-09   5.202243886121e-02   1.309475010664e-01  -1.200052440690e-04  -1.566038125107e-08   1.955574573881e-01   3.995147110114e-01  -3.661303958736e-04  -4.777909191777e-08   2.354013512826e-01   3.082669146491e-01  -2.825074631407e-04  -3.686651040444e-08  -2.010770623329e-04   2.404737342321e-11  -6.333871727555e-02  -2.624004876960e-08   1.097056921329e-01   4.341848527362e-04   1.586704170409e-02   1.099068456580e-01   1.680712658878e-01   5.026573772462e-03  -2.445278033062e-03  -6.873711819252e-08   4.292933399162e-04   1.576955101424e-02   1.096217073613e-01   1.679012293876e-01   4.988022324317e-03   1.216450052569e-03   2.082835411356e-03   4.292894203081e-04   1.576947269119e-02   1.096214778746e-01   1.679010924292e-01   4.987988250550e-03   1.216562409769e-03  -2.082746395127e-03
   1.658025694500e-02   5.261249985216e-02   1.849868896425e-01   3.524762004540e-01   8.004924088951e-01   1.000000000000e+00   1.731883209661e-16  -4.177935544052e-20   4.834218312678e-24  -8.393682305461e-17   2.049238844107e-20   4.824674887732e-24   0.000000000000e+00   0.000000000000e+00   0.000000000000e+00   2.485196753571e-16   0.000000000000e+00   1.481292696936e-23  -1.398421092202e-16   0.000000000000e+00   4.167619622356e-24   7.324826215719e-01  -7.148931106893e-17   0.000000000000e+00  -2.130547495751e-24   0.000000000000e+00   0.000000000000e+00   0.000000000000e+00   0.000000000000e+00   0.000000000000e+00   2.509467749796e-02   2.940544264658e-02   6.222637672984e-02  -5.702660582435e-05  -7.441828026703e-09   1.859594096106e-01   2.397977524405e-01  -2.197597325224e-04  -2.867809004210e-08   3.932845989021e-01   5.642280355830e-01  -5.170799180537e-04  -6.747762330568e-08   4.688253593000e-01   5.342942132941e-01  -4.896474308321e-04  -6.389775301011e-08  -2.043571936326e-04   2.443965358350e-11  -6.437194954288e-02  -2.666809761952e-08   1.114952999099e-01   2.224589523657e-02   9.160935855974e-02   2.543315713708e-01   3.508766661410e-01   5.183146783383e-02  -2.521446127176e-02  -7.087821430383e-07   2.214007251590e-02   9.128836091059e-02   2.538310036618e-01   3.505608676058e-01   5.170129851060e-02   1.260861383569e-02   2.158877574104e-02   2.213998743971e-02   9.128810268139e-02   2.538306006653e-01   3.505606132270e-01   5.170116134392e-02   1.260983111287e-02  -2.158794327574e-02
  -2.219970240163e-16  -3.311653339186e-16  -1.296744961734e-16  -7.233433848385e-17   8.500612135637e-17   1.731883209661e-16   1.000000000000e+00  -2.030849912912e-34   1.993766222975e-38  -8.302915800055e-01   3.942469832166e-34  -2.016821072482e-38   3.276245528514e-01  -1.087933914727e-34   6.830758314202e-39   1.166894306807e-01   0.000000000000e+00   5.266615313021e-40   2.685582743046e-02   0.000000000000e+00   5.075486125476e-43  -6.278125019090e-20   9.866922247148e-03  -1.495938702593e-39   3.652194098128e-43   3.040068031215e-25   0.000000000000e+00  -5.094474128859e-18   3.020270383439e-26   8.823888029030e-18  -3.748191279092e-08   5.895866690829e-09  -1.027627662276e-05   9.774497557702e-09   1.275547243613e-12  -2.056476878963e-03  -8.157419171534e-03   8.279254870438e-06   1.080421849493e-09  -9.616910844554e-03  -1.679214462242e-02   2.223612410244e-05   2.901758033091e-09  -3.762021685191e-03   4.892983528876e-05   4.838509560215e-06   6.314132768761e-10   1.555764691686e-05  -2.014421643192e-12   4.495418308433e-03   2.030233628354e-09  -7.786277475002e-03  -3.621754088513e-09  -4.586632151594e-04  -4.275978558395e-03  -2.561944043322e-03  -7.105457157149e-06   3.623263336206e-06   1.018504549651e-10  -3.522634549756e-09  -4.552673749633e-04  -4.271114616552e-03  -2.564048194925e-03  -6.990610796854e-06  -1.786708352109e-06  -3.059245562675e-06  -3.522553568830e-09  -4.552643632199e-04  -4.271108022562e-03  -2.564048284533e-03  -6.990509814089e-06  -1.786859621128e-06   3.059091259615e-06
   4.559172324147e-21  -9.854510619732e-20   1.422469575765e-19   3.917284490680e-20   0.000000000000e+00  -4.177935544052e-20  -2.030849912912e-34   1.000000000000e+00  -1.231602160904e-42   3.942469832166e-34  -8.302915800055e-01   1.083134144967e-43  -1.087933914727e-34   3.276245528514e-01  -3.242295726320e-42   0.000000000000e+00   1.166894306807e-01   0.000000000000e+00   0.000000000000e+00   2.685582743046e-02   0.000000000000e+00   4.614545573474e-21  -1.495938702593e-39   9.866922247148e-03  -2.009483122214e-44   8.823888029030e-18   3.020270383439e-26  -1.755184096177e-25   0.000000000000e+00  -3.040068031215e-25   3.434984292193e-11  -5.403195291775e-12   9.774497557702e-09   3.894652314109e-07  -1.168959751387e-15   1.884633213865e-06   8.279254870438e-06   8.767429090944e-04  -9.901394581038e-13   8.813300931233e-06   2.223612410244e-05   7.471482036014e-03  -2.659280842740e-12   3.447658999582e-06   4.838509560215e-06   5.328617473814e-03  -5.786510149708e-13   1.403630525251e-03  -1.678641362537e-10  -4.119771411465e-06  -2.014421643192e-12   9.708347779624e-06   1.761875208579e-09   2.231259572370e-04   2.080135876244e-03   1.246309270420e-03   3.623263336206e-06  -1.419997184399e-06  -4.954720480735e-11  -8.590797523786e-10  -1.110279758588e-04  -1.041614744687e-03  -6.253052530062e-04  -1.786708352109e-06  -9.999100756387e-08  -7.460711247014e-07  -8.591452190702e-10  -1.110382548996e-04  -1.041716461089e-03  -6.253673030309e-04  -1.786859621128e-06  -1.000766062928e-07   7.461074981666e-07
  -1.828411332073e-24  -1.209628497528e-23  -1.659146829380e-23   2.066801969698e-23  -1.029349675082e-23   4.834218312678e-24   1.993766222975e-38  -1.231602160904e-42   1.000000000000e+00  -2.016821072482e-38   1.083134144967e-43  -8.302915800055e-01   6.830758314202e-39  -3.242295726320e-42   3.276245528514e-01   5.266615313021e-40   0.000000000000e+00   1.166894306807e-01   5.075486125476e-43   0.000000000000e+00   2.685582743046e-02  -2.672822488753e-24   3.652194098128e-43  -2.009483122214e-44   9.866922247148e-03   0.000000000000e+00   3.040068031215e-25   3.487507837808e-26   8.823888029030e-18   0.000000000000e+00   4.482567743145e-15  -7.051033386052e-16   1.275547243613e-12  -1.168959751387e-15   3.894741891301e-07   2.459398743491e-10   1.080421849493e-09  -9.901394581038e-13   8.767504965166e-04   1.150113511574e-09   2.901758033091e-09  -2.659280842740e-12   7.471502414039e-03   4.499107916160e-10   6.314132768761e-10  -5.786510149708e-13   5.328621908007e-03  -2.014421643192e-12  -1.286354262985e-06  -8.283721740827e-10   1.403645961731e-03   1.099048882304e-09   4.952656622892e-14   6.272102839452e-09   5.847291949982e-08   3.503393334705e-08   1.018504549651e-10  -4.954720480735e-11   3.426122267191e-07  -1.470937278234e-09  -1.901048047813e-04  -1.783478138409e-03  -1.070662885926e-03  -3.059245562675e-06  -7.460711247014e-07  -9.417000553879e-07   1.470850647316e-09   1.900967211023e-04   1.783411345488e-03   1.070624478908e-03   3.059091259615e-06   7.461074981666e-07  -9.415952378309e-07
  -2.278798678638e-17   4.550147686845e-16   6.402815411800e-16   7.328605881909e-16   4.744391009838e-16  -8.393682305461e-17  -8.302915800055e-01   3.942469832166e-34  -2.016821072482e-38   1.000000000000e+00  -8.023263444689e-34   1.604251106678e-38   1.445534970597e-01   2.214038605203e-34  -1.351341922121e-38   1.269984987568e-01   0.000000000000e+00   0.000000000000e+00   4.018954845569e-02  -6.220924901547e-36   0.000000000000e+00   9.698909211713e-17   1.583129354414e-02  -2.311036116455e-36   2.821089009345e-40   0.000000000000e+00   0.000000000000e+00  -1.336890406691e-16   6.900912846745e-24   2.315562108540e-16  -3.339758939856e-06   1.792457408081e-07  -2.588948196516e-04   2.488800270575e-07   3.247821492915e-11  -5.334066189276e-03  -1.756239898899e-02   1.817892309172e-05   2.372303548556e-09  -1.537758883328e-02  -2.434919665907e-02   3.326325146667e-05   4.340770302662e-09  -6.127336218169e-03   2.509542554896e-04   7.723700026288e-06   1.007923345509e-09   3.763364101243e-05  -4.962828918828e-12   1.063732190785e-02   4.911095099992e-09  -1.842434397079e-02  -2.532006992560e-07  -1.193562560862e-03  -7.079873160053e-03  -4.217231689654e-03  -7.414322243594e-05   3.812632758032e-05   1.071736567254e-09  -2.475886973533e-07  -1.185925328835e-03  -7.072792245123e-03  -4.220769208141e-03  -7.317142362957e-05  -1.885859990854e-05  -3.229015413755e-05  -2.475840701008e-07  -1.185918450591e-03  -7.072782109456e-03  -4.220769415169e-03  -7.317054865846e-05  -1.886024310319e-05   3.228860518700e-05
   3.247750938302e-22   1.299710486144e-19   0.000000000000e+00  -1.789210420388e-19  -1.158298586386e-19   2.049238844107e-20   3.942469832166e-34  -8.302915800055e-01   1.083134144967e-43  -8.023263444689e-34   1.000000000000e+00   0.000000000000e+00   2.214038605203e-34   1.445534970597e-01   6.598349229107e-42   0.000000000000e+00   1.269984987568e-01   0.000000000000e+00  -6.220924901547e-36   4.018954845569e-02   0.000000000000e+00  -2.367897756766e-20  -2.311036116455e-36   1.583129354414e-02  -6.887424339221e-44   2.315562108540e-16   6.900912846745e-24   0.000000000000e+00   0.000000000000e+00   0.000000000000e+00   3.060681444436e-09  -1.642675782190e-10   2.488800270575e-07   1.267823109447e-05  -2.976426489822e-14   4.888340057746e-06   1.817892309172e-05   2.274088742324e-03  -2.174068722442e-12   1.409260418185e-05   3.326325146667e-05   1.194701716466e-02  -3.978046128231e-12   5.615322723736e-06   7.723700026288e-06   8.678905682470e-03  -9.236990862416e-13   4.216368483406e-03  -5.042474076057e-10  -9.748444234501e-06  -4.962828918828e-12   2.461291475034e-05   1.231745789226e-07   5.806325428167e-04   3.444146867989e-03   2.051557278944e-03   3.812632758032e-05  -1.431712390211e-05  -5.213678349840e-10  -6.038050039245e-08  -2.892166142826e-04  -1.724871690419e-03  -1.029336797491e-03  -1.885859990854e-05  -4.413434378679e-07  -7.874736146751e-06  -6.038536135469e-08  -2.892436260013e-04  -1.725040319793e-03  -1.029438954720e-03  -1.886024310319e-05  -4.422582831236e-07   7.875139507408e-06
  -9.642069154771e-25   1.256750897132e-23   0.000000000000e+00  -1.957974750966e-24   4.925080658971e-23   4.824674887732e-24  -2.016821072482e-38   1.083134144967e-43  -8.302915800055e-01   1.604251106678e-38   0.000000000000e+00   1.000000000000e+00  -1.351341922121e-38   6.598349229107e-42   1.445534970597e-01   0.000000000000e+00   0.000000000000e+00   1.269984987568e-01   0.000000000000e+00   0.000000000000e+00   4.018954845569e-02   6.613662191425e-24   2.821089009345e-40  -6.887424339221e-44   1.583129354414e-02   0.000000000000e+00   0.000000000000e+00   7.968487779445e-24   2.315562108540e-16   0.000000000000e+00   3.994111980672e-13  -2.143650406328e-14   3.247821492915e-11  -2.976426489822e-14   1.267845917754e-05   6.379160309459e-10   2.372303548556e-09  -2.174068722442e-12   2.274105402176e-03   1.839049251726e-09   4.340770302662e-09  -3.978046128231e-12   1.194704764836e-02   7.327854327012e-10   1.007923345509e-09  -9.236990862416e-13   8.678912760760e-03  -4.962828918828e-12  -3.864074446814e-06  -2.145537357879e-09   4.216406513482e-03   2.707671253799e-09   3.462455179020e-12   1.632166452338e-08   9.681546520948e-08   5.766957100782e-08   1.071736567254e-09  -5.213678349840e-10   4.230195894639e-06  -1.033849635726e-07  -4.952037319642e-04  -2.953367324259e-03  -1.762455538144e-03  -3.229015413755e-05  -7.874736146751e-06  -9.325532149233e-06   1.033793191948e-07   4.951830785911e-04   2.953257045136e-03   1.762392339865e-03   3.228860518700e-05   7.875139507408e-06  -9.324459088946e-06
  -7.564611725250e-19  -4.195690712078e-17   0.000000000000e+00   0.000000000000e+00   4.200902132584e-16   0.000000000000e+00   3.276245528514e-01  -1.087933914727e-34   6.830758314202e-39   1.445534970597e-01   2.214038605203e-34  -1.351341922121e-38   1.000000000000e+00  -4.929754730399e-35   6.017767004882e-39   7.459103099968e-01  -2.523405201872e-35   6.160657231133e-39   2.682052703549e-01   0.000000000000e+00   0.000000000000e+00   0.000000000000e+00   1.108296080025e-01   0.000000000000e+00   0.000000000000e+00   0.000000000000e+00   0.000000000000e+00   0.000000000000e+00   0.000000000000e+00   0.000000000000e+00  -5.522437900578e-04  -2.222822896874e-04  -1.072912978109e-02   1.060385102308e-05   1.383775776128e-09  -4.704996045048e-02  -1.298661202412e-01   1.373971442653e-04   1.792998029958e-08  -1.069061351184e-01  -1.578902705444e-01   2.208129735666e-04   2.881553533817e-08  -4.338584009438e-02   2.704915931592e-03   5.383877668128e-05   7.025824375103e-09   2.655886096314e-04  -3.581292703360e-11   7.299119415022e-02   3.465864275380e-08  -1.264241823394e-01  -7.519020510043e-05  -1.145330472077e-02  -5.060168440835e-02  -3.010978824046e-02  -2.315455753754e-03   1.213711910762e-03   3.411761686553e-08  -7.411683098162e-05  -1.139043983022e-02  -5.055609935663e-02  -3.013545796231e-02  -2.294995062788e-03  -6.028973932893e-04  -1.032295602688e-03  -7.411592574350e-05  -1.139038217069e-02  -5.055603095635e-02  -3.013545977319e-02  -2.294975547740e-03  -6.029519878743e-04   1.032249615059e-03
   4.666494265561e-21   1.122868847956e-21  -6.186621637425e-20  -9.415809764563e-20  -1.025610872213e-19   0.000000000000e+00  -1.087933914727e-34   3.276245528514e-01  -3.242295726320e-42   2.214038605203e-34   1.445534970597e-01   6.598349229107e-42  -4.929754730399e-35   1.000000000000e+00  -1.469181397676e-42  -2.523405201872e-35   7.459103099968e-01  -1.504066706820e-42   0.000000000000e+00   2.682052703549e-01   0.000000000000e+00   0.000000000000e+00   0.000000000000e+00   1.108296080025e-01   0.000000000000e+00   0.000000000000e+00   0.000000000000e+00   0.000000000000e+00   0.000000000000e+00   0.000000000000e+00   5.060971020585e-07   2.037078997990e-07   1.060385102308e-05   8.415864633647e-04  -1.268144473157e-12   4.311836378181e-05   1.373971442653e-04   2.005897448438e-02  -1.643171228531e-11   9.797282676553e-05   2.208129735666e-04   8.305655666690e-02  -2.640764675215e-11   3.976042526407e-05   5.383877668128e-05   6.145274316640e-02  -6.438731262944e-12   3.695646131618e-02  -4.419727518196e-09  -6.689189177003e-05  -3.581292703360e-11   1.835970052842e-04   3.657778939618e-05   5.571690719649e-03   2.461620835996e-02   1.464751281835e-02   1.213711910762e-03  -4.109542459199e-04  -1.659720175973e-08  -1.807518432793e-05  -2.777834626503e-03  -1.232932928553e-02  -7.349261298158e-03  -6.028973932893e-04   3.013914515745e-05  -2.517502846841e-04  -1.807675653904e-05  -2.778096115251e-03  -1.233053563064e-02  -7.349990761734e-03  -6.029519878743e-04   3.010939504621e-05   2.517640411526e-04
   2.465860072865e-26  -2.500826544808e-24   0.000000000000e+00   1.149390840401e-23   0.000000000000e+00   0.000000000000e+00   6.830758314202e-39  -3.242295726320e-42   3.276245528514e-01  -1.351341922121e-38   6.598349229107e-42   1.445534970597e-01   6.017767004882e-39  -1.469181397676e-42   1.000000000000e+00   6.160657231133e-39  -1.504066706820e-42   7.459103099968e-01   0.000000000000e+00   0.000000000000e+00   2.682052703549e-01   0.000000000000e+00   0.000000000000e+00   0.000000000000e+00   1.108296080025e-01   0.000000000000e+00   0.000000000000e+00   0.000000000000e+00   0.000000000000e+00   0.000000000000e+00   6.604439355785e-11   2.658336641417e-11   1.383775776128e-09  -1.268144473157e-12   8.415961811348e-04   5.626837568509e-09   1.792998029958e-08  -1.643171228531e-11   2.005910040032e-02   1.278520644074e-08   2.881553533817e-08  -2.640764675215e-11   8.305675902826e-02   5.188635073164e-09   7.025824375103e-09  -6.438731262944e-12   6.145279250629e-02  -3.581292703360e-11  -3.386855081283e-05  -1.638447238923e-08   3.695673575005e-02   1.953918513600e-08   1.028206935552e-09   1.566210297359e-07   6.919651674014e-07   4.117436979389e-07   3.411761686553e-08  -1.659720175973e-08   1.794803534418e-04  -3.094877089733e-05  -4.756276112407e-03  -2.111057793120e-02  -1.258358421440e-02  -1.032295602688e-03  -2.517502846841e-04  -2.538826932373e-04   3.094728163139e-05   4.756081252299e-03   2.110979135019e-02   1.258313313011e-02   1.032249615059e-03   2.517640411526e-04  -2.538498627040e-04
   3.905948704821e-18  -1.258219831835e-19   0.000000000000e+00  -1.508727085908e-16   0.000000000000e+00   2.485196753571e-16   1.166894306807e-01   0.000000000000e+00   5.266615313021e-40   1.269984987568e-01   0.000000000000e+00   0.000000000000e+00   7.459103099968e-01  -2.523405201872e-35   6.160657231133e-39   1.000000000000e+00  -1.836220127578e-35   0.000000000000e+00   6.323216892377e-01   0.000000000000e+00   0.000000000000e+00   0.000000000000e+00   3.172171714889e-01   0.000000000000e+00   0.000000000000e+00   0.000000000000e+00   0.000000000000e+00   0.000000000000e+00   0.000000000000e+00   0.000000000000e+00  -2.214847202882e-02  -2.470177506824e-02  -9.701295201963e-02   1.038656019475e-04   1.355419871848e-08  -2.036943109387e-01  -3.345370692835e-01   3.861679541060e-04   5.039394265778e-08  -2.935075945057e-01  -3.187964050908e-01   5.011322645808e-04   6.539649480681e-08  -1.301167923075e-01   1.950212971949e-02   1.510276348515e-04   1.970872489424e-08   5.084317979579e-04  -7.464339872112e-11   1.237049707775e-01   6.634906547593e-08  -2.142627225443e-01  -8.823830653724e-03  -6.930860907972e-02  -1.557197294083e-01  -9.346466952794e-02  -4.087091924824e-02   2.267567053549e-02   6.374163692710e-07  -8.764386571812e-03  -6.907575607019e-02  -1.556373523015e-01  -9.354962119989e-02  -4.073834428162e-02  -1.132474248100e-02  -1.939049993389e-02  -8.764333337557e-03  -6.907552544971e-02  -1.556371884031e-01  -9.354963106812e-02  -4.073817937974e-02  -1.132581716428e-02   1.938972031467e-02
  -1.380067234134e-21  -3.007737703682e-21  -2.054994365755e-20   3.683415737080e-20  -6.514237693922e-20   0.000000000000e+00   0.000000000000e+00   1.166894306807e-01   0.000000000000e+00   0.000000000000e+00   1.269984987568e-01   0.000000000000e+00  -2.523405201872e-35   7.459103099968e-01  -1.504066706820e-42  -1.836220127578e-35   1.000000000000e+00   0.000000000000e+00   0.000000000000e+00   6.323216892377e-01   0.000000000000e+00   0.000000000000e+00   0.000000000000e+00   3.172171714889e-01   0.000000000000e+00   0.000000000000e+00   0.000000000000e+00   0.000000000000e+00   0.000000000000e+00   0.000000000000e+00   2.029769770275e-05   2.263764120630e-05   1.038656019475e-04   1.632317511742e-02  -1.242158049695e-11   1.866731728411e-04   3.861679541060e-04   8.684190048283e-02  -4.618291558831e-11   2.689814637770e-04   5.011322645808e-04   2.280293869523e-01  -5.993182196408e-11   1.192439511345e-04   1.510276348515e-04   1.843005509849e-01  -1.806182112650e-11   1.262647779378e-01  -1.510036117518e-08  -1.133679153081e-04  -7.464339872112e-11   4.277871523246e-04   4.292530109319e-03   3.371656857265e-02   7.575299814010e-02   4.546777061468e-02   2.267567053549e-02  -5.289288761577e-03  -3.100840286542e-07  -2.137407937018e-03  -1.684579611707e-02  -3.795593786057e-02  -2.281434088049e-02  -1.132474248100e-02   2.936659843201e-03  -4.728843042449e-03  -2.137606976918e-03  -1.684741091520e-02  -3.795966298688e-02  -2.281660639291e-02  -1.132581716428e-02   2.936089024695e-03   4.729121979823e-03
   6.576537919066e-26  -3.749787306295e-27   0.000000000000e+00   0.000000000000e+00   7.951950309963e-24   1.481292696936e-23   5.266615313021e-40   0.000000000000e+00   1.166894306807e-01   0.000000000000e+00   0.000000000000e+00   1.269984987568e-01   6.160657231133e-39  -1.504066706820e-42   7.459103099968e-01   0.000000000000e+00   0.000000000000e+00   1.000000000000e+00   0.000000000000e+00   0.000000000000e+00   6.323216892377e-01   0.000000000000e+00   0.000000000000e+00   0.000000000000e+00   3.172171714889e-01   0.000000000000e+00   0.000000000000e+00   0.000000000000e+00   0.000000000000e+00   0.000000000000e+00   2.648798283859e-09   2.954155001025e-09   1.355419871848e-08  -1.242158049695e-11   1.632327030379e-02   2.436037757115e-08   5.039394265778e-08  -4.618291558831e-11   8.684225438175e-02   3.510140165039e-08   6.539649480681e-08  -5.993182196408e-11   2.280298462089e-01   1.556103444594e-08   1.970872489424e-08  -1.806182112650e-11   1.843006893923e-01  -7.464339872112e-11  -1.157143436285e-04  -4.094893786260e-08   1.262653499290e-01   4.072471332555e-08   1.206636404858e-07   9.477776055277e-07   2.129427703595e-06   1.278105589808e-06   6.374163692710e-07  -3.100840286542e-07   5.741747787678e-03  -3.659721934602e-03  -2.884378245619e-02  -6.498908136857e-02  -3.906327018711e-02  -1.939049993389e-02  -4.728843042449e-03  -2.398367666625e-03   3.659568296393e-03   2.884265046255e-02   6.498667936087e-02   3.906187165761e-02   1.938972031467e-02   4.729121979823e-03  -2.397786142913e-03
  -9.944971251411e-24   2.349294036799e-18   3.753356989022e-17   0.000000000000e+00   0.000000000000e+00  -1.398421092202e-16   2.685582743046e-02   0.000000000000e+00   5.075486125476e-43   4.018954845569e-02  -6.220924901547e-36   0.000000000000e+00   2.682052703549e-01   0.000000000000e+00   0.000000000000e+00   6.323216892377e-01   0.000000000000e+00   0.000000000000e+00   1.000000000000e+00  -5.269199883098e-36   6.432128763547e-40  -1.300260656003e-16   8.158873221677e-01  -3.098234318142e-36   0.000000000000e+00   0.000000000000e+00   0.000000000000e+00   8.058642706164e-17   0.000000000000e+00  -1.395797860712e-16  -8.170766147040e-02  -9.857154849571e-02  -6.741353298366e-02   1.084057350439e-04   1.414667462043e-08  -4.505607832457e-01  -1.980483532150e-01   3.575378796306e-04   4.665779025037e-08  -6.163758875278e-01  -2.020397654377e-01   6.240118351728e-04   8.143196840939e-08  -3.838612122381e-01   1.566213646789e-01   3.547432679733e-04   4.629310048751e-08   1.207479183503e-04  -2.733251139136e-11   4.079087528154e-03   1.575729836900e-08  -7.064977398702e-03  -1.286437611084e-01  -3.153313764537e-01  -4.479151119271e-01  -3.073247355208e-01  -1.126110427023e-01   8.128900943067e-02   2.285045779433e-06  -1.285003918918e-01  -3.151552656490e-01  -4.480526900243e-01  -3.076575167529e-01  -1.129216624708e-01  -4.078913622024e-02  -6.984015261352e-02  -1.285001958941e-01  -3.151549262729e-01  -4.480525201384e-01  -3.076575922830e-01  -1.129217030484e-01  -4.079316174149e-02   6.983760954692e-02
   3.020571706065e-22  -5.740293640544e-22  -4.581734605740e-21   8.945709112165e-21   2.281811337205e-20   0.000000000000e+00   0.000000000000e+00   2.685582743046e-02   0.000000000000e+00  -6.220924901547e-36   4.018954845569e-02   0.000000000000e+00   0.000000000000e+00   2.682052703549e-01   0.000000000000e+00   0.000000000000e+00   6.323216892377e-01   0.000000000000e+00  -5.269199883098e-36   1.000000000000e+00  -1.570343936413e-43   3.174464492194e-20  -3.098234318142e-36   8.158873221677e-01   0.000000000000e+00  -1.395797860712e-16   0.000000000000e+00   0.000000000000e+00   0.000000000000e+00   0.000000000000e+00   7.487999218935e-05   9.033469626499e-05   1.084057350439e-04   5.087669919082e-02  -1.296454782844e-11   4.129109476776e-04   3.575378796306e-04   1.920900354557e-01  -4.275896417358e-11   5.648701824676e-04   6.240118351728e-04   4.788698269594e-01  -7.462733663804e-11   3.517849373844e-04   3.547432679733e-04   5.437103273977e-01  -4.242474867771e-11   1.176275198009e-01  -1.406740709597e-08  -3.738230133517e-06  -2.733251139136e-11   2.220716150824e-04   6.258134812465e-02   1.533992979873e-01   2.178973259822e-01   1.495043062737e-01   8.128900943067e-02   1.494397233733e-02  -1.111606533978e-06  -3.133793281356e-02  -7.685824451852e-02  -1.092685001983e-01  -7.502973685642e-02  -4.078913622024e-02   4.438572846152e-02  -1.703221272768e-02  -3.134099362714e-02  -7.686578582358e-02  -1.092792978297e-01  -7.503719797464e-02  -4.079316174149e-02   4.438363475827e-02   1.703328201576e-02
  -1.079839954785e-26   7.001441826816e-26   0.000000000000e+00   1.092005506856e-24   0.000000000000e+00   4.167619622356e-24   5.075486125476e-43   0.000000000000e+00   2.685582743046e-02   0.000000000000e+00   0.000000000000e+00   4.018954845569e-02   0.000000000000e+00   0.000000000000e+00   2.682052703549e-01   0.000000000000e+00   0.000000000000e+00   6.323216892377e-01   6.432128763547e-40  -1.570343936413e-43   1.000000000000e+00   0.000000000000e+00   0.000000000000e+00   0.000000000000e+00   8.158873221677e-01   0.000000000000e+00   0.000000000000e+00   0.000000000000e+00  -1.395797860712e-16   0.000000000000e+00   9.771649854637e-09   1.178844970222e-08   1.414667462043e-08  -1.296454782844e-11   5.087679853793e-02   5.388383577350e-08   4.665779025037e-08  -4.275896417358e-11   1.920903631169e-01   7.371413210676e-08   8.143196840939e-08  -7.462733663804e-11   4.788703988274e-01   4.590704581757e-08   4.629310048751e-08  -4.242474867771e-11   5.437106524979e-01  -2.733251139136e-11  -1.077985012537e-04  -2.485333679702e-08   1.176277292495e-01   1.491235273248e-08   1.759170721910e-06   4.312076391249e-06   6.125125260753e-06   4.202587612403e-06   2.285045779433e-06  -1.111606533978e-06   5.448864788195e-02  -5.365757191998e-02  -1.315985584445e-01  -1.870921876966e-01  -1.284677430851e-01  -6.984015261352e-02  -1.703221272768e-02   2.517017771482e-02   5.365556339111e-02   1.315936914104e-01   1.870853988165e-01   1.284631617146e-01   6.983760954692e-02   1.703328201576e-02   2.517216160229e-02
   6.106805140501e-03   1.947705891000e-02   7.012983079624e-02   1.398221906004e-01   3.977274961272e-01   7.324826215719e-01  -6.278125019090e-20   4.614545573474e-21  -2.672822488753e-24   9.698909211713e-17  -2.367897756766e-20   6.613662191425e-24   0.000000000000e+00   0.000000000000e+00   0.000000000000e+00   0.000000000000e+00   0.000000000000e+00   0.000000000000e+00  -1.300260656003e-16   3.174464492194e-20   0.000000000000e+00   1.000000000000e+00   0.000000000000e+00   0.000000000000e+00   2.908666271397e-24   0.000000000000e+00   0.000000000000e+00   0.000000000000e+00   0.000000000000e+00   0.000000000000e+00   4.098527353190e-02   4.882935619581e-02   2.799990608093e-02  -2.566017324339e-05  -3.348587797789e-09   2.643484866199e-01   1.126391505190e-01  -1.032267789739e-04  -1.347083393391e-08   5.324553728465e-01   3.414630993007e-01  -3.129297026552e-04  -4.083653582295e-08   7.685961294381e-01   5.691438900232e-01  -5.215849930425e-04  -6.806552421315e-08  -2.979264931919e-05   3.562987021659e-12  -9.384601954220e-03  -3.887865488193e-09   1.625458009041e-02   8.973074920338e-02   2.382221448118e-01   4.692069253780e-01   6.533247698530e-01   5.615833913076e-02  -2.731935494551e-02  -7.679510077968e-07   8.960604296755e-02   2.379224622266e-01   4.687458389831e-01   6.529216330395e-01   5.618838931650e-02   1.370289960505e-02   2.346243849089e-02   8.960594254010e-02   2.379222208726e-01   4.687454675888e-01   6.529213082628e-01   5.618837832900e-02   1.370425620658e-02  -2.346159143416e-02
  -1.150052590786e-22   0.000000000000e+00   0.000000000000e+00   1.364645628960e-17   3.881766454784e-17  -7.148931106893e-17   9.866922247148e-03  -1.495938702593e-39   3.652194098128e-43   1.583129354414e-02  -2.311036116455e-36   2.821089009345e-40   1.108296080025e-01   0.000000000000e+00   0.000000000000e+00   3.172171714889e-01   0.000000000000e+00   0.000000000000e+00   8.158873221677e-01  -3.098234318142e-36   0.000000000000e+00   0.000000000000e+00   1.000000000000e+00   0.000000000000e+00   0.000000000000e+00   0.000000000000e+00   0.000000000000e+00   0.000000000000e+00   1.799579842518e-24   0.000000000000e+00  -5.980442867519e-02  -7.171623583320e-02  -2.481096719131e-03   3.688497317331e-05   4.813395837915e-09  -3.563643720179e-01   8.381508076659e-05   1.391585279524e-04   1.815983642198e-08  -5.928277545638e-01   8.039570231751e-02   3.484111954203e-04   4.546678101239e-08  -5.419828792327e-01   3.663409156405e-01   3.678006243675e-04   4.799705251768e-08   8.260590734146e-07  -4.904653242773e-12  -1.239800170771e-02   1.077986226847e-10   2.147400645436e-02  -1.520636433000e-01  -3.654012747442e-01  -5.621225687875e-01  -4.913848050192e-01  -2.915232940176e-02   4.520466418605e-02   1.270709630152e-06  -1.521400045108e-01  -3.656330479511e-01  -5.626341692559e-01  -4.920120352343e-01  -2.946474608498e-02  -2.271681032811e-02  -3.889627599959e-02  -1.521399707247e-01  -3.656330056652e-01  -5.626342291522e-01  -4.920122327039e-01  -2.946488128180e-02  -2.271907973559e-02   3.889490669771e-02
  -4.887137047562e-24   2.072350182212e-22   0.000000000000e+00  -3.331654367577e-21   0.000000000000e+00   0.000000000000e+00  -1.495938702593e-39   9.866922247148e-03  -2.009483122214e-44  -2.311036116455e-36   1.583129354414e-02  -6.887424339221e-44   0.000000000000e+00   1.108296080025e-01   0.000000000000e+00   0.000000000000e+00   3.172171714889e-01   0.000000000000e+00  -3.098234318142e-36   8.158873221677e-01   0.000000000000e+00   0.000000000000e+00   0.000000000000e+00   1.000000000000e+00   0.000000000000e+00   0.000000000000e+00   1.799579842518e-24   0.000000000000e+00   0.000000000000e+00   0.000000000000e+00   5.480704099835e-05   6.572347173325e-05   3.688497317331e-05   3.776706947480e-02  -4.411178049416e-12   3.265857927281e-04   1.391585279524e-04   1.519308974689e-01  -1.664236113195e-11   5.432897825310e-04   3.484111954203e-04   4.605752304742e-01  -4.166747824885e-11   4.966936151809e-04   3.678006243675e-04   7.676778120025e-01  -4.398631478320e-11   4.384931811096e-02  -5.244063717331e-09   1.136199781428e-05  -4.904653242773e-12   6.069082505996e-05   7.397442142914e-02   1.777568082816e-01   2.734558431978e-01   2.390440335476e-01   4.520466418605e-02   4.178077287738e-02  -6.181622882038e-07  -3.710302489682e-02  -8.916847429350e-02  -1.372119690468e-01  -1.199890512133e-01  -2.271681032811e-02   5.814490918510e-02  -9.485798961603e-03  -3.710669715124e-02  -8.917730919158e-02  -1.372255946194e-01  -1.200010018845e-01  -2.271907973559e-02   5.814373643487e-02   9.486405950276e-03
   4.428256640170e-27  -5.360332900221e-26   0.000000000000e+00   4.066960897922e-25   0.000000000000e+00  -2.130547495751e-24   3.652194098128e-43  -2.009483122214e-44   9.866922247148e-03   2.821089009345e-40  -6.887424339221e-44   1.583129354414e-02   0.000000000000e+00   0.000000000000e+00   1.108296080025e-01   0.000000000000e+00   0.000000000000e+00   3.172171714889e-01   0.000000000000e+00   0.000000000000e+00   8.158873221677e-01   2.908666271397e-24   0.000000000000e+00   0.000000000000e+00   1.000000000000e+00   0.000000000000e+00   0.000000000000e+00   2.077975813012e-24   0.000000000000e+00   0.000000000000e+00   7.152180422914e-09   8.576747061945e-09   4.813395837915e-09  -4.411178049416e-12   3.776710327759e-02   4.261862108596e-08   1.815983642198e-08  -1.664236113195e-11   1.519310249990e-01   7.089794442112e-08   4.546678101239e-08  -4.166747824885e-11   4.605755497714e-01   6.481726227092e-08   4.799705251768e-08  -4.398631478320e-11   7.676781490689e-01  -4.904653242773e-12  -4.018520849672e-05  -7.600280564273e-09   4.384935569523e-02   2.675931170008e-09   2.079431655725e-06   4.996769518711e-06   7.686883192905e-06   6.719562260412e-06   1.270709630152e-06  -6.181622882038e-07   6.377149205160e-02  -6.352870301605e-02  -1.526764337285e-01  -2.349376757302e-01  -2.054481762849e-01  -3.889627599959e-02  -9.485798961603e-03   4.744313753428e-02   6.352640777506e-02   1.526709338990e-01   2.349292648019e-01   2.054408816840e-01   3.889490669771e-02   9.486405950276e-03   4.744422279494e-02
   0.000000000000e+00  -2.337746515386e-36   0.000000000000e+00   0.000000000000e+00   0.000000000000e+00   0.000000000000e+00   3.040068031215e-25   8.823888029030e-18   0.000000000000e+00   0.000000000000e+00   2.315562108540e-16   0.000000000000e+00   0.000000000000e+00   0.000000000000e+00   0.000000000000e+00   0.000000000000e+00   0.000000000000e+00   0.000000000000e+00   0.000000000000e+00  -1.395797860712e-16   0.000000000000e+00   0.000000000000e+00   0.000000000000e+00   0.000000000000e+00   0.000000000000e+00   1.000000000000e+00   0.000000000000e+00   0.000000000000e+00   0.000000000000e+00   0.000000000000e+00  -8.989951678492e-06  -7.631172284106e-06  -9.588069502374e-05  -1.008159304559e-02   1.257158991720e-11  -1.634603074201e-04  -3.965704843402e-04  -7.604296652381e-02   5.576129289199e-11  -1.308726558175e-04  -1.804609701489e-04  -1.109474296544e-01   3.374163539297e-11  -1.835453008048e-05   1.511141601852e-06  -2.836831419308e-02   2.928430617253e-12  -1.373398766774e-01   1.885249656452e-08   1.570493707108e-04   1.168943272880e-10  -5.609511740822e-04  -8.464184162592e-04  -2.082305275424e-02  -2.970865941046e-02  -6.718746160782e-03  -1.088424430536e-02   3.748088150011e-03   1.623189588302e-07   4.201539347537e-04   1.040749237607e-02   1.490948094590e-02   3.377502212096e-03   5.428116762663e-03  -5.643148492173e-04   2.471034776954e-03   4.201917438845e-04   1.040848645641e-02   1.491095422576e-02   3.377840522504e-03   5.428621637450e-03  -5.640213309156e-04  -2.471175473806e-03
