ARMA_MAT_TXT_FN008
58 58
  -3.283351731220e+01  -3.487155471856e+01   1.265250938588e-01  -4.169850887563e-05   9.293499966854e-07  -1.247665172153e+01   5.762669491466e-02  -1.899186300587e-05   4.232786326773e-07  -5.415168438850e+00   1.677467155285e-02  -5.528379939095e-06   1.232130359558e-07  -2.444600110655e+00   4.657262747781e-03  -1.534880600633e-06   3.420844813007e-08   6.338903935415e-06   4.305472793516e-11   5.577970523031e-03  -1.543821355448e-07  -9.383568028284e-03  -2.982870355243e-03  -1.201382672100e-04  -1.158143522709e-01   3.742244157389e-05  -1.049999868538e-06  -7.841084976571e-01  -2.327078327231e+00   7.520237438437e-04  -2.109151555139e-05  -1.723577284904e+00  -2.944243547196e+00   9.514858765403e-04  -2.668408516276e-05  -1.200186274466e+00  -1.140602546910e+00   3.686080641664e-04  -1.033737522892e-05   1.730462550882e-03   1.568356893362e-08   1.545797368509e+00  -4.853289235760e-05  -2.677387750501e+00  -1.684518979129e-05  -6.923549960763e-02  -6.459498875950e-01  -7.734040284544e-01  -3.568399566415e-03  -1.870029799201e-03   3.158662371334e-08  -1.707803579401e-05  -6.957790946918e-02  -6.469916417053e-01  -7.738450332636e-01  -3.602755415433e-03   1.888986158217e-03   3.196171714370e-08
  -3.487155471856e+01  -3.057854165773e+01   1.500547460207e-01  -4.945310821706e-05   1.102179602985e-06  -1.257935908923e+01   4.392557319997e-02  -1.447642398891e-05   3.226413833426e-07  -5.468912098555e+00   1.050810881378e-02  -3.463126998714e-06   7.718398473338e-08  -2.462655399096e+00   2.743271258711e-03  -9.040919661519e-07   2.014983014252e-08   2.628030402089e-06   1.784995247867e-11   2.312556913011e-03  -6.400490525818e-08  -3.890310108976e-03  -1.806628267017e-03   8.730586635044e-05  -1.018628952911e-01   3.291918934833e-05  -9.230757152815e-07  -7.835640451740e-01  -2.344775163247e+00   7.577671435085e-04  -2.124851097053e-05  -1.734351090493e+00  -2.970147928704e+00   9.598738048632e-04  -2.691550070560e-05  -1.207495517252e+00  -1.149050970724e+00   3.713435196136e-04  -1.041267475498e-05   1.753741232007e-03   1.589249271919e-08   1.566538057411e+00  -4.917672742477e-05  -2.713320949100e+00  -5.112917321183e-06  -6.815793043070e-02  -6.489327801720e-01  -7.778189396891e-01  -2.848512906607e-03  -1.489159952681e-03   2.509744535039e-08  -5.196734751876e-06  -6.849801012671e-02  -6.499811750283e-01  -7.782627961846e-01  -2.877767953019e-03   1.505217317474e-03   2.541176683978e-08
   1.265250938588e-01   1.500547460207e-01  -1.103532974973e+01   3.729701466437e-05  -9.083577905577e-07   4.075660415949e-01  -7.485683744678e+00   4.037467140453e-05  -9.833131862058e-07   2.471955328161e-01  -2.633942560158e+00   1.594132136800e-05  -3.882459368418e-07   1.233375905341e-01  -7.801776348812e-01   4.857383432872e-06  -1.182999728631e-07  -1.013619946093e-04  -1.951813066361e-10  -1.554025235928e-01   2.333175505242e-06   2.685531560591e-01   3.331007768618e-02   1.061217101228e-02   6.035590504880e-01  -2.173515889427e-04   6.110569225559e-06   9.896927014499e-01   2.004980075675e+00  -8.366876848596e-04   2.351689317979e-05   7.087605253951e-01   4.462280168742e-01  -3.701328546435e-04   1.040928475799e-05   1.993584886960e-01  -9.977819251021e-02  -5.850525248012e-05   1.648741306207e-06  -1.789197911408e-03  -1.992304931722e-08  -1.236326576472e+00   5.029162241981e-05   2.141232051315e+00   3.348149410502e-04   1.059815122318e-01   2.882911192204e-01   1.487779983576e-01   2.104069003884e-02   1.202264496301e-02  -2.047625177152e-07   3.387966065394e-04   1.063996553342e-01   2.885776865187e-01   1.487916152824e-01   2.120232700941e-02  -1.212239278330e-02  -2.068174043951e-07
  -4.169850887563e-05  -4.945310821706e-05   3.729701466437e-05  -1.092490716630e+01   2.533265743619e-10  -1.343203604001e-04   4.037467140453e-05  -7.366149365686e+00   2.742304359302e-10  -8.146751661541e-05   1.594132136800e-05  -2.586746247640e+00   1.082755493438e-10  -4.064801326814e-05   4.857383432872e-06  -7.657967359014e-01   3.299192866980e-11   2.309754463986e-01   1.670242618893e-06   5.130367812728e-05  -1.951813066361e-10   6.331707588878e-05  -1.077519285887e-05  -3.431218206833e-06  -2.177294175880e-04  -6.948700009639e-02  -1.978024185849e-09  -3.203790038694e-04  -8.383756945561e-04  -5.854033113307e-01  -7.619204527183e-09  -2.297807488165e-04  -3.713967091028e-04  -6.999312631215e-01  -3.380558317076e-09  -6.486356719505e-05  -5.892185605896e-05  -2.810797881332e-01  -5.385983323080e-10  -1.256841189745e+00  -1.140735949638e-05   4.003722007279e-04  -1.997995648692e-08  -1.505535873537e-03   1.708183968764e-04   5.222781350269e-02   1.307007549432e-01   5.558435926712e-02   1.151395379163e-02   4.362297926096e-03  -1.028409381956e-07  -1.729375704465e-04  -5.246254685227e-02  -1.309114013516e-01  -5.563543968826e-02  -1.160967519076e-02   4.400358966584e-03   1.039280524017e-07
   9.293499966854e-07   1.102179602985e-06  -9.083577905577e-07   2.533265743619e-10  -1.092327287260e+01   2.993647242620e-06  -9.833131862058e-07   2.742304359302e-10  -7.364380213829e+00   1.815696338072e-06  -3.882459368418e-07   1.082755493438e-10  -2.586047722326e+00   9.059370302215e-07  -1.182999728631e-07   3.299192866980e-11  -7.655838913687e-01  -1.951813066361e-10  -7.581849336649e-05   1.746596211575e-06   2.303635359706e-01   3.314664431742e-07   3.010132569954e-07   9.608479239661e-08   6.076907546416e-06  -1.963722092057e-09  -6.946079660004e-02   8.885188234414e-06   2.325614190635e-05  -7.519640776742e-09  -5.851986860122e-01   6.263972102645e-06   1.013379189598e-05  -3.280073452795e-09  -6.997160574926e-01   1.697208762952e-06   1.544262423491e-06  -5.010582389658e-10  -2.809982632039e-01  -1.975955692268e-08   4.059219685642e-04  -3.081078200223e-05  -1.256411504863e+00   3.056028880294e-05  -2.811283870640e-09  -8.331295930676e-07  -1.916568292963e-06  -6.232383321964e-07  -1.882595908280e-07  -9.869557000655e-08  -1.699746144227e-03  -2.851041066953e-09  -8.383265159612e-07  -1.923053051319e-06  -6.250698978422e-07  -1.901521432431e-07   9.973895304114e-08  -1.715199449469e-03
  -1.247665172153e+01  -1.257935908923e+01   4.075660415949e-01  -1.343203604001e-04   2.993647242620e-06  -1.393659633884e+01   6.657988377553e-01  -2.194264626054e-04   4.890127852228e-06  -9.258826093365e+00   4.136903413933e-01  -1.363551556315e-04   3.034208986363e-06  -4.967719878992e+00   1.532293966893e-01  -5.051329222748e-05   1.121720434764e-06   1.379779080427e-04   9.370688502152e-10   1.214142272290e-01  -3.360254619944e-06  -2.042477812671e-01  -2.367771681474e-01  -2.407355281368e-01  -1.224840298412e+00   3.927250781468e-04  -1.124806847699e-05  -2.302151001267e+00  -4.736188110873e+00   1.526596032825e-03  -4.326365611825e-05  -3.669340774529e+00  -5.441578982711e+00   1.756709089533e-03  -4.959829211006e-05  -2.606380586991e+00  -2.327663125187e+00   7.517372879610e-04  -2.120254553195e-05   2.750279756804e-03   2.495900149492e-08   2.462870215746e+00  -7.782504615064e-05  -4.263016692742e+00  -8.248070503507e-03  -3.182718735992e-01  -1.498185152320e+00  -1.712122787927e+00  -1.078470341694e-01  -6.171809773401e-02   1.127647488069e-06  -8.314451129814e-03  -3.194962659570e-01  -1.500394633867e+00  -1.713063310750e+00  -1.084690405083e-01   6.210716182342e-02   1.136765881970e-06
   5.762669491466e-02   4.392557319997e-02  -7.485683744678e+00   4.037467140453e-05  -9.833131862058e-07   6.657988377553e-01  -9.270409284868e+00   1.455537004326e-04  -3.543956344812e-06   7.786968983344e-01  -5.666660847741e+00   1.378964832156e-04  -3.342734330836e-06   5.016450952213e-01  -2.154058123709e+00   5.851104760862e-05  -1.411266891937e-06  -3.085438579175e-04  -9.679647678979e-10  -4.305485927233e-01   7.243567479061e-06   7.426916060117e-01   7.833076794100e-01   8.521274958715e-01   2.482399059366e+00  -9.536672408999e-04   2.748624148506e-05   3.054062765868e+00   4.067701685554e+00  -1.827393053774e-03   5.223402098366e-05   2.083586939291e+00   9.969523391491e-01  -9.032192381441e-04   2.580302722289e-05   6.876904006485e-01  -2.547866602769e-01  -1.719767602558e-04   4.952317693448e-06  -2.691755650258e-03  -3.234541278971e-08  -1.630793074780e+00   7.673034225910e-05   2.817299473578e+00   2.808628295635e-02   4.975676608107e-01   9.343068069939e-01   5.160971115257e-01   2.626283704920e-01   1.719918164996e-01  -3.212616591573e-06   2.829552212855e-02   4.991517654779e-01   9.351746475461e-01   5.161702095832e-01   2.639303574483e-01  -1.729702059536e-01  -3.236771664758e-06
  -1.899186300587e-05  -1.447642398891e-05   4.037467140453e-05  -7.366149365686e+00   2.742304359302e-10  -2.194264626054e-04   1.455537004326e-04  -8.839513824254e+00   9.880289354859e-10  -2.566638041501e-04   1.378964832156e-04  -5.258969863938e+00   9.269409139505e-10  -1.653713049642e-04   5.851104760862e-05  -1.981326023552e+00   3.889406875661e-10   5.562919382172e-01   3.955320219887e-06   1.423336443737e-04  -9.679647678979e-10   1.198131579908e-04  -2.536883059797e-04  -2.759041877228e-04  -9.672486486117e-04  -5.013411570991e-01  -8.995478945149e-09  -9.925452550700e-04  -1.845003853289e-03  -1.621340216460e+00  -1.712440088322e-08  -6.781079301850e-04  -9.114875572537e-04  -1.812958263041e+00  -8.497936710960e-09  -2.245941100440e-04  -1.742242898899e-04  -7.912931287727e-01  -1.652542031646e-09  -2.729052930083e+00  -2.506378133040e-05   5.314311935881e-04  -3.318367120581e-08  -2.675159774335e-03   1.352898869468e-02   2.206973780719e-01   3.737052102663e-01   1.599456706799e-01   1.374076341668e-01   4.636188750258e-02  -1.356978747976e-06  -1.363506952959e-02  -2.215406329528e-01  -3.743377867817e-01  -1.601482549229e-01  -1.381813556883e-01   4.664793767121e-02   1.367931813112e-06
   4.232786326773e-07   3.226413833426e-07  -9.833131862058e-07   2.742304359302e-10  -7.364380213829e+00   4.890127852228e-06  -3.543956344812e-06   9.880289354859e-10  -8.833124459868e+00   5.711347087828e-06  -3.342734330836e-06   9.269409139505e-10  -5.252740556436e+00   3.672308097968e-06  -1.411266891937e-06   3.889406875661e-10  -1.978598145401e+00  -9.679647678979e-10  -1.818279122267e-04   3.664375373866e-06   5.532515065048e-01   1.644123629587e-06   7.073767819834e-06   7.703148177338e-06   2.683130533972e-05  -8.660762285885e-09  -5.000468884030e-01   2.719054729399e-05   5.070390316177e-05  -1.647033493433e-08  -1.617537817023e+00   1.814322667102e-05   2.451930066567e-05  -8.008147143175e-09  -1.809654817373e+00   5.718340342900e-06   4.461455814621e-06  -1.473541676119e-09  -7.900297205674e-01  -3.217105393311e-08   8.774531751393e-04  -5.749145161755e-05  -2.724180483004e+00   4.964549734090e-05  -2.089784633326e-07  -3.100377224198e-06  -4.610356024235e-06  -1.130298526541e-06  -2.063280495399e-06  -1.060854970216e-06  -2.991050815556e-02  -2.109434357380e-07  -3.117870930344e-06  -4.627154927341e-06  -1.135237077813e-06  -2.078441822067e-06   1.069286220061e-06  -3.009995932337e-02
  -5.415168438850e+00  -5.468912098555e+00   2.471955328161e-01  -8.146751661541e-05   1.815696338072e-06  -9.258826093365e+00   7.786968983344e-01  -2.566638041501e-04   5.711347087828e-06  -9.162668321881e+00   1.085995583206e+00  -3.585043678882e-04   7.693508391193e-06  -6.478854485975e+00   6.226114925950e-01  -2.045748204843e-04   4.177050892212e-06   1.813163395171e-04   1.229139283359e-09   1.595368330586e-01  -4.412032921027e-06  -2.683348106657e-01  -1.445076724589e+00  -1.554434855367e+00  -1.666128103923e+00   5.017825196350e-04  -1.633367500005e-05  -4.088060723277e+00  -4.498328708633e+00   1.406489834069e-03  -4.325279540182e-05  -5.228556561382e+00  -5.635678517575e+00   1.804719528573e-03  -5.317569898491e-05  -3.918800729213e+00  -2.979945895212e+00   9.605095322725e-04  -2.788766972164e-05   1.656892324835e-03   1.219966061771e-08   1.499993745967e+00  -4.736817473704e-05  -2.548405595017e+00  -2.451800473599e-01  -1.093374144983e+00  -2.535771284063e+00  -2.690581070431e+00  -6.622715211288e-01  -4.405621301763e-01   8.898988511132e-06  -2.461565100188e-01  -1.096197203473e+00  -2.538860681313e+00  -2.691931190701e+00  -6.642046877217e-01   4.421901545460e-01   8.949535745305e-06
   1.677467155285e-02   1.050810881378e-02  -2.633942560158e+00   1.594132136800e-05  -3.882459368418e-07   4.136903413933e-01  -5.666660847741e+00   1.378964832156e-04  -3.342734330836e-06   1.085995583206e+00  -7.304459938790e+00   3.368955522895e-04  -7.607971306046e-06   1.082875550388e+00  -4.576911937606e+00   2.243168642957e-04  -4.659263023257e-06  -2.437378315766e-04  -9.414635855527e-10  -3.195886752173e-01   5.783282893068e-06   5.505130916715e-01   3.123618477873e+00   3.375976175119e+00   1.851189654908e+00  -9.052337133434e-04   3.048482430111e-05   5.888930277889e+00   2.726708182035e+00  -1.684610603755e-03   5.525649468205e-05   4.381186490236e+00   4.153703017352e-01  -1.231079009062e-03   3.897882857009e-05   1.783932063328e+00  -8.912412963524e-01  -3.341493046471e-04   1.072604780983e-05  -1.120752681378e-03  -1.045213389669e-08  -2.894603210615e-01   3.057189731291e-05   3.832488024188e-01   6.505761274331e-01   1.972800360362e+00   2.460308114487e+00   1.416571331832e+00   1.247176096715e+00   1.044954916982e+00  -2.118874385428e-05   6.527560143537e-01   1.976752691979e+00   2.462032193171e+00   1.416720732385e+00   1.249701486782e+00  -1.048224173070e+00  -2.129787191577e-05
  -5.528379939095e-06  -3.463126998714e-06   1.594132136800e-05  -2.586746247640e+00   1.082755493438e-10  -1.363551556315e-04   1.378964832156e-04  -5.258969863938e+00   9.269409139505e-10  -3.585043678882e-04   3.368955522895e-04  -6.325450347314e+00   1.921252502256e-09  -3.558062675718e-04   2.243168642957e-04  -3.927114130507e+00   1.032425694732e-09   3.687059994649e-01   2.577972354317e-06   1.057780561288e-04  -9.414635855527e-10   5.948537504677e-05  -1.012812058130e-03  -1.094113850610e-03  -9.900946772995e-04  -1.220632566737e+00  -1.068232109687e-08  -1.937559874437e-03  -1.794002980217e-03  -2.842330129364e+00  -1.995762797251e-08  -1.437928636863e-03  -1.269527345006e-03  -3.524237899268e+00  -1.389392521700e-08  -5.826866221631e-04  -3.400455678750e-04  -1.953128669576e+00  -3.866537023541e-09  -2.535265166141e+00  -2.577396537106e-05   1.175895396656e-04  -1.764517479370e-08  -1.731706683243e-03   3.209139473445e-01   8.443913676180e-01   9.268202168048e-01   4.201605902704e-01   7.214814211706e-01   1.351670222786e-01  -8.513441403753e-06  -3.221121817421e-01  -8.465676184804e-01  -9.282373393113e-01  -4.207110979517e-01  -7.234515769417e-01   1.356621459587e-01   8.559785944126e-06
   1.232130359558e-07   7.718398473338e-08  -3.882459368418e-07   1.082755493438e-10  -2.586047722326e+00   3.034208986363e-06  -3.342734330836e-06   9.269409139505e-10  -5.252740556436e+00   7.693508391193e-06  -7.607971306046e-06   1.921252502256e-09  -6.303056911218e+00   7.264925780685e-06  -4.659263023257e-06   1.032425694732e-09  -3.905326030498e+00  -9.414635855527e-10  -1.200102390823e-04   2.097744808598e-06   3.656752681364e-01   1.602655269376e-06   2.819437636218e-05   3.049691686612e-05   2.762107752132e-05  -8.987931887810e-09  -1.210334073812e+00   5.154215929642e-05   4.948221410574e-05  -1.710034611523e-08  -2.805098835750e+00   3.689532466429e-05   3.408859725452e-05  -1.196514005668e-08  -3.486795598293e+00   1.401863034805e-05   8.671847929900e-06  -3.149238226006e-09  -1.937009992599e+00  -1.696001071396e-08   7.999502616279e-04  -4.370906839343e-05  -2.538475240327e+00   2.679807044358e-05  -5.110597664226e-06  -1.141062703824e-05  -1.071610356329e-05  -2.996968019946e-06  -1.068366228088e-05  -5.871693816921e-06  -3.092331780119e-01  -5.137652856834e-06  -1.145929461494e-05  -1.075357637294e-05  -3.009846160795e-06  -1.072959954072e-05   5.900030496275e-06  -3.102829032688e-01
  -2.444600110655e+00  -2.462655399096e+00   1.233375905341e-01  -4.064801326814e-05   9.059370302215e-07  -4.967719878992e+00   5.016450952213e-01  -1.653713049642e-04   3.672308097968e-06  -6.478854485975e+00   1.082875550388e+00  -3.558062675718e-04   7.264925780685e-06  -6.235504301168e+00   9.181014104431e-01  -2.859560282999e-04   5.242100619309e-06   1.183627966209e-04   8.006452655233e-10   1.041350611278e-01  -2.877349918093e-06  -1.751171673357e-01  -1.518645071882e+00  -1.636459307638e+00  -7.459664302087e-01   1.854084978312e-04  -8.451040078348e-06  -3.974897162981e+00  -2.245621519468e+00   6.429074302062e-04  -2.490733006722e-05  -5.279602847697e+00  -3.585679854302e+00   1.154983603229e-03  -3.752840995112e-05  -4.642919487549e+00  -2.710879355737e+00   8.938270865926e-04  -2.723760742292e-05   6.380003007975e-04  -1.281752971809e-09   5.867702296817e-01  -1.601386206185e-05  -9.005448792568e-01  -7.278396421086e-01  -1.879058670906e+00  -3.246275431163e+00  -3.440613972584e+00  -7.975191576596e-01  -6.095028360252e-01   1.310113875174e-05  -7.292953780034e-01  -1.881999942644e+00  -3.249151260583e+00  -3.442060383196e+00  -7.986668468751e-01   6.109465851726e-01   1.315950888536e-05
   4.657262747781e-03   2.743271258711e-03  -7.801776348812e-01   4.857383432872e-06  -1.182999728631e-07   1.532293966893e-01  -2.154058123709e+00   5.851104760862e-05  -1.411266891937e-06   6.226114925950e-01  -4.576911937606e+00   2.243168642957e-04  -4.659263023257e-06   9.181014104431e-01  -4.943284383652e+00   2.013545718629e-04  -3.563019831665e-06  -9.561110316104e-05  -3.901787845775e-10  -1.227980315357e-01   2.273921019609e-06   2.114052816931e-01   1.967954187850e+00   2.126961677851e+00   6.307699311824e-02  -1.976623463411e-04   1.014525219642e-05   4.270284424247e+00  -1.075056497391e-01  -5.180742332057e-04   2.429629886102e-05   4.190127588306e+00  -1.254909536353e+00  -7.430503665489e-04   2.718075570547e-05   2.350398160348e+00  -1.922675248118e+00  -3.788204183381e-04   1.278796846064e-05  -2.016955724447e-04   6.476268079795e-09   5.899159092126e-02   4.319303619249e-07  -2.857670973431e-01   1.285264324860e+00   2.708259182024e+00   3.199157407869e+00   2.092425685178e+00   7.643858815753e-01   9.880041549302e-01  -2.108240384681e-05   1.286979575447e+00   2.710793132603e+00   3.200197939761e+00   2.092344578169e+00   7.644346682926e-01  -9.897059192082e-01  -2.116308059830e-05
  -1.534880600633e-06  -9.040919661519e-07   4.857383432872e-06  -7.657967359014e-01   3.299192866980e-11  -5.051329222748e-05   5.851104760862e-05  -1.981326023552e+00   3.889406875661e-10  -2.045748204843e-04   2.243168642957e-04  -3.927114130507e+00   1.032425694732e-09  -2.859560282999e-04   2.013545718629e-04  -4.305119638062e+00   5.672357447850e-10   1.358414969948e-01   9.425195984325e-07   4.066817760702e-05  -3.901787845775e-10   1.895856406872e-05  -6.387054637449e-04  -6.895131217633e-04  -2.717259198236e-04  -8.049911271352e-01  -4.084858037766e-09  -1.414698518066e-03  -6.282685922959e-04  -2.107583736599e+00  -1.040049818533e-08  -1.357085725350e-03  -7.481523878325e-04  -3.555398202205e+00  -1.021550119534e-08  -7.349799452882e-04  -3.552387200136e-04  -3.013258584064e+00  -4.452551716914e-09  -8.495496041934e-01  -1.146549682565e-05   6.850150054188e-06  -2.113879832656e-09  -4.298289964683e-04   6.449377130477e-01   1.228627121342e+00   1.305690582659e+00   7.264370879543e-01   6.086743603240e-01  -1.126269172433e-01  -8.628083789315e-06  -6.460693459911e-01  -1.230367711392e+00  -1.306984088088e+00  -7.270312174917e-01  -6.093813598487e-01  -1.127262299965e-01   8.662895616913e-06
   3.420844813007e-08   2.014983014252e-08  -1.182999728631e-07   3.299192866980e-11  -7.655838913687e-01   1.121720434764e-06  -1.411266891937e-06   3.889406875661e-10  -1.978598145401e+00   4.177050892212e-06  -4.659263023257e-06   1.032425694732e-09  -3.905326030498e+00   5.242100619309e-06  -3.563019831665e-06   5.672357447850e-10  -4.265754833135e+00  -3.901787845775e-10  -4.413031736315e-05   7.236286659529e-07   1.345543489987e-01   6.657007105884e-07   1.775071579658e-05   1.921065860050e-05   7.894056819674e-06  -2.686262955301e-09  -7.949223353662e-01   3.678425240580e-05   1.822884567331e-05  -7.441202528155e-09  -2.053575358848e+00   3.412479539018e-05   2.047546687765e-05  -8.002261385926e-09  -3.481566290191e+00   1.757947857940e-05   9.228473657768e-06  -3.515857937940e-09  -2.972263914368e+00  -2.919082710779e-09   2.646227426106e-04  -1.439125445559e-05  -8.791257901779e-01   6.151556673638e-06  -1.047259900920e-05  -1.812837035172e-05  -1.781805786771e-05  -8.571623085678e-06  -9.117080680479e-06  -5.714992473933e-06  -5.355066891721e-01  -1.050784536355e-05  -1.818302380590e-05  -1.786628019562e-05  -8.594281677288e-06  -9.141524710550e-06   5.733458757199e-06  -5.364502803052e-01
   6.338903935415e-06   2.628030402089e-06  -1.013619946093e-04   2.309754463986e-01  -1.951813066361e-10   1.379779080427e-04  -3.085438579175e-04   5.562919382172e-01  -9.679647678979e-10   1.813163395171e-04  -2.437378315766e-04   3.687059994649e-01  -9.414635855527e-10   1.183627966209e-04  -9.561110316104e-05   1.358414969948e-01  -3.901787845775e-10  -6.424564025593e+00  -1.997894230051e-06  -1.337554516255e-04   1.580208658690e-09   6.205055540543e-05   3.535975220071e-04   4.023010535004e-04   1.496426899783e-03   7.520984036282e-01   1.604235084244e-08   1.017041762337e-03   1.504492068575e-03   1.559114646544e+00   1.859185110808e-08   3.820563170926e-04   2.450040321478e-04   7.516744831434e-01   4.587221485573e-09   1.057356237232e-04   2.434966972240e-05   1.412878438557e-01   6.774969287487e-10   2.544172395540e+00   3.015317934786e-05  -1.675873451579e-04   3.473155050776e-08   2.408403819492e-03  -1.295615131263e-02  -2.056093752272e-01  -1.607382188644e-01  -3.227936056820e-02  -1.575864223341e-01  -6.211923913307e-02   1.678683296277e-06   1.306757439984e-02   2.063391826511e-01   1.610153367374e-01   3.239544188407e-02   1.584868887248e-01  -6.251501391290e-02  -1.692556367725e-06
   4.305472793516e-11   1.784995247867e-11  -1.951813066361e-10   1.670242618893e-06  -7.581849336649e-05   9.370688502152e-10  -9.679647678979e-10   3.955320219887e-06  -1.818279122267e-04   1.229139283359e-09  -9.414635855527e-10   2.577972354317e-06  -1.200102390823e-04   8.006452655233e-10  -3.901787845775e-10   9.425195984325e-07  -4.413031736315e-05  -1.997894230051e-06  -6.170636367493e+00   2.683256452176e-11   8.399438857564e-05  -2.370703017786e-11   3.188594473982e-09   3.635447499649e-09   1.560092092867e-08   6.758402890929e-06  -2.433146408756e-04   8.920768712295e-09   1.765580809695e-08   1.385646957882e-05  -5.045584608368e-04   3.136771110181e-09   4.019955891157e-09   6.517126862383e-06  -2.433108901193e-04   7.762441271824e-10   5.033935414396e-10   1.160830180284e-06  -4.576060695442e-05   2.936105415221e-05  -7.466333066269e-01  -1.815453218491e-08  -1.064808011428e-03   3.089318165960e-08   1.037043013538e-07   1.472967971991e-06   9.288859558251e-07   1.012016446904e-07   1.351137636184e-06   4.571884847663e-07   1.622509583855e-02  -1.048088334657e-07  -1.481114633425e-06  -9.314926042710e-07  -1.009523873499e-07  -1.361879903707e-06   4.609718119418e-07  -1.633985746317e-02
   5.577970523031e-03   2.312556913011e-03  -1.554025235928e-01   5.130367812728e-05   1.746596211575e-06   1.214142272290e-01  -4.305485927233e-01   1.423336443737e-04   3.664375373866e-06   1.595368330586e-01  -3.195886752173e-01   1.057780561288e-04   2.097744808598e-06   1.041350611278e-01  -1.227980315357e-01   4.066817760702e-05   7.236286659529e-07  -1.337554516255e-04   2.683256452176e-11  -6.284044424026e+00  -1.991215925314e-07   1.982416303036e-01   3.152451610781e-01   3.587857948961e-01   1.115559677102e+00  -3.563744769589e-04   2.199951443806e-05   9.034317606233e-01   8.881511426363e-01  -2.823760951901e-04   3.238489828614e-05   3.381878907156e-01   3.337726307449e-04   1.871790282154e-06   1.153145038770e-05   9.318424435583e-02  -1.926028206331e-02   6.749264780332e-06   1.924316350911e-06  -1.557948492019e-04  -1.787832203763e-08  -8.918878640517e-01   5.591411832757e-05   2.503344971413e-01   9.658132022525e-03   1.690503623608e-01   1.735400536378e-01   7.226645854190e-02   1.127850321882e-01   6.577265158189e-02  -1.663579823762e-06   9.738856439509e-03   1.695729830627e-01   1.736805823141e-01   7.228396970726e-02   1.133853381520e-01  -6.616246078052e-02  -1.676949431834e-06
  -1.543821355448e-07  -6.400490525818e-08   2.333175505242e-06  -1.951813066361e-10   2.303635359706e-01  -3.360254619944e-06   7.243567479061e-06  -9.679647678979e-10   5.532515065048e-01  -4.412032921027e-06   5.783282893068e-06  -9.414635855527e-10   3.656752681364e-01  -2.877349918093e-06   2.273921019609e-06  -3.901787845775e-10   1.345543489987e-01   1.580208658690e-09   8.399438857564e-05  -1.991215925314e-07  -6.418747359109e+00  -3.694124384839e-06  -9.860443598786e-06  -1.123751216708e-05  -4.149319910275e-05   1.557769960628e-08   7.505508676477e-01  -2.777204215240e-05  -4.106774433984e-05   1.782951822250e-08   1.555409651550e+00  -1.004746344647e-05  -6.325938148439e-06   4.212673809540e-09   7.494387738596e-01  -2.640559526379e-06  -5.632830641505e-07   5.772689758267e-10   1.406162201187e-01   3.348073141168e-08  -1.058377609787e-03   5.605141937579e-05   2.538897375086e+00  -3.698401030768e-05   1.991241216418e-07   2.673196783540e-06   9.002829436922e-07  -8.710528098248e-07   2.339262324696e-06   1.330362510411e-06   3.319374331648e-02   2.011500197684e-07   2.687509612290e-06   9.049134220041e-07  -8.707278326613e-07   2.356595787163e-06  -1.341193289246e-06   3.341145667249e-02
  -9.383568028284e-03  -3.890310108976e-03   2.685531560591e-01   6.331707588878e-05   3.314664431742e-07  -2.042477812671e-01   7.426916060117e-01   1.198131579908e-04   1.644123629587e-06  -2.683348106657e-01   5.505130916715e-01   5.948537504677e-05   1.602655269376e-06  -1.751171673357e-01   2.114052816931e-01   1.895856406872e-05   6.657007105884e-07   6.205055540543e-05  -2.370703017786e-11   1.982416303036e-01  -3.694124384839e-06  -6.517587987540e+00  -5.459481129290e-01  -6.214079451416e-01  -1.931359376581e+00   1.104808897670e-03  -2.458607972233e-05  -1.562083639934e+00  -1.533417977465e+00   1.499277330633e-03  -2.831259144603e-05  -5.812611118971e-01   5.039469072361e-03   4.830018236902e-04  -6.845503870563e-06  -1.582846627084e-01   3.567182897848e-02   7.948239399528e-05  -9.711126597033e-07   2.401511843762e-03   3.158921937898e-08   2.499548459227e-01  -3.804409946903e-05  -1.177770562258e+00  -1.027051194371e-02  -1.956567252156e-01  -2.305410842888e-01  -1.122552173000e-01  -1.099738120275e-01  -1.003912742312e-01   1.573655626728e-06  -1.035204427099e-02  -1.961770062383e-01  -2.306604614032e-01  -1.122664074599e-01  -1.104757017728e-01   1.009805641445e-01   1.585431216468e-06
  -2.982870355243e-03  -1.806628267017e-03   3.331007768618e-02  -1.077519285887e-05   3.010132569954e-07  -2.367771681474e-01   7.833076794100e-01  -2.536883059797e-04   7.073767819834e-06  -1.445076724589e+00   3.123618477873e+00  -1.012812058130e-03   2.819437636218e-05  -1.518645071882e+00   1.967954187850e+00  -6.387054637449e-04   1.775071579658e-05   3.535975220071e-04   3.188594473982e-09   3.152451610781e-01  -9.860443598786e-06  -5.459481129290e-01  -2.125911966931e+01  -2.155347313735e+01  -1.567807865612e-01  -7.758111192168e-06  -3.062167844859e-06  -7.573111078091e+00  -7.237787878133e-02  -3.538292404004e-06  -1.413536046766e-06  -3.430271004668e+00  -2.305383812040e-02  -1.091030879297e-06  -4.501318282608e-07  -1.447446102073e+00  -5.800735308710e-03  -2.687991534907e-07  -1.132424958623e-07   2.207974117731e-05  -7.225158118156e-10   1.485552607186e-02  -1.853343429106e-07  -1.643841959675e-02  -2.051204271806e-01  -1.585137733883e+00  -1.735584864339e+00  -1.073157052494e+00  -9.613394668758e-01  -1.542263917407e+00   4.392941408178e-05  -2.070434862619e-01  -1.590433640196e+00  -1.737506778052e+00  -1.073580237929e+00  -9.661905526448e-01   1.551646370048e+00   4.428141191671e-05
  -1.201382672100e-04   8.730586635044e-05   1.061217101228e-02  -3.431218206833e-06   9.608479239661e-08  -2.407355281368e-01   8.521274958715e-01  -2.759041877228e-04   7.703148177338e-06  -1.554434855367e+00   3.375976175119e+00  -1.094113850610e-03   3.049691686612e-05  -1.636459307638e+00   2.126961677851e+00  -6.895131217633e-04   1.921065860050e-05   4.023010535004e-04   3.635447499649e-09   3.587857948961e-01  -1.123751216708e-05  -6.214079451416e-01  -2.155347313735e+01  -1.950176667816e+01  -2.177883643598e-01  -1.077909218656e-05  -4.253743159487e-06  -8.139843839912e+00  -6.767351425180e-02  -3.352375348640e-06  -1.321777027929e-06  -3.705920034683e+00  -1.767432182181e-02  -8.783037631101e-07  -3.452183323759e-07  -1.561114433642e+00  -4.135338772759e-03  -2.059869288996e-07  -8.077397298833e-08   1.105324431542e-05  -3.622489936585e-10   7.417332042170e-03  -9.246241780145e-08  -8.205199249978e-03  -2.157455139764e-01  -1.716607938483e+00  -1.874442565556e+00  -1.157359423713e+00  -1.062106024826e+00  -1.706345276428e+00   4.863245389048e-05  -2.178927205699e-01  -1.722340225776e+00  -1.876517887165e+00  -1.157815457830e+00  -1.067417371306e+00   1.716643901003e+00   4.901968065895e-05
  -1.158143522709e-01  -1.018628952911e-01   6.035590504880e-01  -2.177294175880e-04   6.076907546416e-06  -1.224840298412e+00   2.482399059366e+00  -9.672486486117e-04   2.683130533972e-05  -1.666128103923e+00   1.851189654908e+00  -9.900946772995e-04   2.762107752132e-05  -7.459664302087e-01   6.307699311824e-02  -2.717259198236e-04   7.894056819674e-06   1.496426899783e-03   1.560092092867e-08   1.115559677102e+00  -4.149319910275e-05  -1.931359376581e+00  -1.567807865612e-01  -2.177883643598e-01  -9.065379797719e+00   1.581592937923e-04  -1.324259272375e-06  -5.810348493418e-01  -6.065950393028e+00   1.718337725253e-04  -1.461181504179e-06  -3.705433178550e-01  -2.253234650546e+00   7.187443411237e-05  -6.295101538109e-07  -1.758695101011e-01  -6.019136458825e-01   1.977429770619e-05  -1.759677595737e-07   5.481259966537e-05   4.248877234699e-09   2.302514257602e-01  -8.629314806669e-06  -4.354748397120e-01   5.230681024112e-01   7.448189916057e-01   1.618373945783e-01  -4.683536608426e-02   9.177040010243e-02   1.492633356873e+00  -4.227684850854e-05   5.257044043620e-01   7.452488373976e-01   1.613148732986e-01  -4.701648679246e-02   8.839715616411e-02  -1.496047379775e+00  -4.245520282789e-05
   3.742244157389e-05   3.291918934833e-05  -2.173515889427e-04  -6.948700009639e-02  -1.963722092057e-09   3.927250781468e-04  -9.536672408999e-04  -5.013411570991e-01  -8.660762285885e-09   5.017825196350e-04  -9.052337133434e-04  -1.220632566737e+00  -8.987931887810e-09   1.854084978312e-04  -1.976623463411e-04  -8.049911271352e-01  -2.686262955301e-09   7.520984036282e-01   6.758402890929e-06  -3.563744769589e-04   1.557769960628e-08   1.104808897670e-03  -7.758111192168e-06  -1.077909218656e-05   1.581592937923e-04  -8.830379303787e+00  -5.181230014009e-09  -2.734906928746e-05   1.718337725253e-04  -5.807313220969e+00  -5.589647782859e-09  -1.531449641728e-05   7.187443411237e-05  -2.142406932156e+00  -2.305338958334e-09  -6.658244938385e-06   1.977429770619e-05  -5.710266899460e-01  -6.292751207816e-10  -2.548972354426e-01  -7.270389241844e-06   3.024472852732e-05   4.248877234699e-09   9.640993585228e-05   8.660847740112e-01   1.406133079333e+00   5.563063246158e-01   1.304432339783e-01   1.615080150546e+00   1.707922406152e+00  -7.210613167068e-05  -8.714203932318e-01  -1.408953703509e+00  -5.563913321465e-01  -1.303814138453e-01  -1.619118730324e+00   1.712310957311e+00   7.249642398703e-05
  -1.049999868538e-06  -9.230757152815e-07   6.110569225559e-06  -1.978024185849e-09  -6.946079660004e-02  -1.124806847699e-05   2.748624148506e-05  -8.995478945149e-09  -5.000468884030e-01  -1.633367500005e-05   3.048482430111e-05  -1.068232109687e-08  -1.210334073812e+00  -8.451040078348e-06   1.014525219642e-05  -4.084858037766e-09  -7.949223353662e-01   1.604235084244e-08  -2.433146408756e-04   2.199951443806e-05   7.505508676477e-01  -2.458607972233e-05  -3.062167844859e-06  -4.253743159487e-06  -1.324259272375e-06  -5.181230014009e-09  -8.763919529171e+00  -1.134437822622e-05  -1.461181504179e-06  -5.589647782859e-09  -5.734476485947e+00  -7.227443826864e-06  -6.295101538109e-07  -2.305338958334e-09  -2.111475331520e+00  -3.428129774840e-06  -1.759677595737e-07  -6.292751207816e-10  -5.624498012178e-01   4.248877234699e-09   1.078807028354e-05  -5.070479330431e-06  -2.915649072229e-01  -6.794627824125e-07  -2.499663191120e-05  -4.263500229510e-05  -1.946469405470e-05  -6.217266993940e-06  -4.725759862894e-05  -7.450132723224e-05  -8.371914263072e-01  -2.519887026819e-05  -4.280072778002e-05  -1.950141398699e-05  -6.223438052711e-06  -4.746697952431e-05   7.490455546763e-05  -8.416951475772e-01
  -7.841084976571e-01  -7.835640451740e-01   9.896927014499e-01  -3.203790038694e-04   8.885188234414e-06  -2.302151001267e+00   3.054062765868e+00  -9.925452550700e-04   2.719054729399e-05  -4.088060723277e+00   5.888930277889e+00  -1.937559874437e-03   5.154215929642e-05  -3.974897162981e+00   4.270284424247e+00  -1.414698518066e-03   3.678425240580e-05   1.017041762337e-03   8.920768712295e-09   9.034317606233e-01  -2.777204215240e-05  -1.562083639934e+00  -7.573111078091e+00  -8.139843839912e+00  -5.810348493418e-01  -2.734906928746e-05  -1.134437822622e-05  -1.038127885569e+01  -9.111769370218e-01   1.682003392603e-05  -1.754849226392e-05  -7.310870464180e+00  -5.578663361635e-01   6.582299248536e-05  -1.047492720439e-05  -3.754988184245e+00  -1.831133585654e-01   2.977887730755e-05  -3.395017501328e-06   4.818634637524e-04  -1.434655684124e-08   3.669772577287e-01  -4.834351336223e-06  -4.145478474972e-01  -1.458044052497e+00  -3.677178820403e+00  -4.144256693412e+00  -2.830996858548e+00  -1.904831306247e+00  -2.922708380558e+00   8.165225805465e-05  -1.464292460907e+00  -3.685993403006e+00  -4.148376342893e+00  -2.832089056337e+00  -1.908836100497e+00   2.931599657956e+00   8.205761100168e-05
  -2.327078327231e+00  -2.344775163247e+00   2.004980075675e+00  -8.383756945561e-04   2.325614190635e-05  -4.736188110873e+00   4.067701685554e+00  -1.845003853289e-03   5.070390316177e-05  -4.498328708633e+00   2.726708182035e+00  -1.794002980217e-03   4.948221410574e-05  -2.245621519468e+00  -1.075056497391e-01  -6.282685922959e-04   1.822884567331e-05   1.504492068575e-03   1.765580809695e-08   8.881511426363e-01  -4.106774433984e-05  -1.533417977465e+00  -7.237787878133e-02  -6.767351425180e-02  -6.065950393028e+00   1.718337725253e-04  -1.461181504179e-06  -9.111769370218e-01  -8.272945077864e+00   4.534288487142e-04  -4.903044926971e-06  -1.016600495424e+00  -5.272967711560e+00   2.970663196093e-04  -4.222207869301e-06  -6.083611193265e-01  -1.820101263525e+00   9.705097823919e-05  -1.542734948134e-06   3.906168103203e-04   1.414431361666e-08   6.820663604094e-01  -2.636482103455e-05  -1.332690237627e+00   1.341485173725e+00   1.511447609887e+00   3.374537804068e-01  -2.043419367787e-01  -4.591269865784e-01   1.940758268098e+00  -5.418279080018e-05   1.344227850698e+00   1.511225551582e+00   3.359856334404e-01  -2.049071191779e-01  -4.657148139012e-01  -1.941708684861e+00  -5.431396668605e-05
   7.520237438437e-04   7.577671435085e-04  -8.366876848596e-04  -5.854033113307e-01  -7.519640776742e-09   1.526596032825e-03  -1.827393053774e-03  -1.621340216460e+00  -1.647033493433e-08   1.406489834069e-03  -1.684610603755e-03  -2.842330129364e+00  -1.710034611523e-08   6.429074302062e-04  -5.180742332057e-04  -2.107583736599e+00  -7.441202528155e-09   1.559114646544e+00   1.385646957882e-05  -2.823760951901e-04   1.782951822250e-08   1.499277330633e-03  -3.538292404004e-06  -3.352375348640e-06   1.718337725253e-04  -5.807313220969e+00  -5.589647782859e-09   1.682003392603e-05   4.534288487142e-04  -7.444146148573e+00  -1.285512092453e-08   1.199493183817e-04   2.970663196093e-04  -4.594133118934e+00  -6.566247933666e-09   9.893495085796e-05   9.705097823919e-05  -1.576732449376e+00  -1.842953143889e-09  -5.242622757640e-01  -1.961099856857e-05   3.866052256693e-06   1.414431361666e-08   3.106804185750e-04   2.215876397150e+00   2.836581669715e+00   1.364645635347e+00   3.697255945165e-01   2.172725881317e+00   1.605771676390e+00  -9.208089604195e-05  -2.222855036345e+00  -2.840243858888e+00  -1.364525625845e+00  -3.693712123915e-01  -2.174395978299e+00   1.605469810400e+00   9.241194108500e-05
  -2.109151555139e-05  -2.124851097053e-05   2.351689317979e-05  -7.619204527183e-09  -5.851986860122e-01  -4.326365611825e-05   5.223402098366e-05  -1.712440088322e-08  -1.617537817023e+00  -4.325279540182e-05   5.525649468205e-05  -1.995762797251e-08  -2.805098835750e+00  -2.490733006722e-05   2.429629886102e-05  -1.040049818533e-08  -2.053575358848e+00   1.859185110808e-08  -5.045584608368e-04   3.238489828614e-05   1.555409651550e+00  -2.831259144603e-05  -1.413536046766e-06  -1.321777027929e-06  -1.461181504179e-06  -5.589647782859e-09  -5.734476485947e+00  -1.754849226392e-05  -4.903044926971e-06  -1.285512092453e-08  -7.228964205547e+00  -1.908847244441e-05  -4.222207869301e-06  -6.566247933666e-09  -4.434921439403e+00  -1.127933354192e-05  -1.542734948134e-06  -1.842953143889e-09  -1.522050472057e+00   1.414431361666e-08   8.663259067861e-05  -8.594221512071e-06  -6.755789230281e-01  -3.376911232989e-06  -6.388158010980e-05  -8.577585836789e-05  -4.861184329774e-05  -1.863961907161e-05  -6.357842587798e-05  -9.655374460325e-05  -1.690718860193e+00  -6.420578133345e-05  -8.605100316834e-05  -4.869829181878e-05  -1.865735753674e-05  -6.375070427574e-05   9.690209782391e-05  -1.696572539435e+00
  -1.723577284904e+00  -1.734351090493e+00   7.087605253951e-01  -2.297807488165e-04   6.263972102645e-06  -3.669340774529e+00   2.083586939291e+00  -6.781079301850e-04   1.814322667102e-05  -5.228556561382e+00   4.381186490236e+00  -1.437928636863e-03   3.689532466429e-05  -5.279602847697e+00   4.190127588306e+00  -1.357085725350e-03   3.412479539018e-05   3.820563170926e-04   3.136771110181e-09   3.381878907156e-01  -1.004746344647e-05  -5.812611118971e-01  -3.430271004668e+00  -3.705920034683e+00  -3.705433178550e-01  -1.531449641728e-05  -7.227443826864e-06  -7.310870464180e+00  -1.016600495424e+00   1.199493183817e-04  -1.908847244441e-05  -7.502144489643e+00  -1.064653170432e+00   3.098564370062e-04  -1.895043537114e-05  -5.075642103336e+00  -4.817803839870e-01   1.706426812814e-04  -8.383404281621e-06   5.239917430288e-04  -1.329329429176e-08   4.626556361492e-01  -6.518784081213e-06  -5.366538136370e-01  -1.802076740581e+00  -3.891008633383e+00  -4.956387956781e+00  -3.964957649407e+00  -1.242675892077e+00  -1.800425493810e+00   4.899765716747e-05  -1.805921780669e+00  -3.897027738920e+00  -4.960328992636e+00  -3.966344146746e+00  -1.243817697807e+00   1.803638855420e+00   4.917949592954e-05
