ARMA_MAT_TXT_FN008
58 58
  -9.513779695830e+00  -1.196088267291e+01   7.736299714300e-18  -4.091731310488e-16  -7.555935766862e-04  -4.409939542777e+00   1.294946780126e-16  -2.617033232513e-16   4.455014506756e-03  -1.984256304632e+00   5.268573735235e-17  -8.886527530803e-17   3.541288881060e-03  -8.363290418370e-01   1.953940233536e-17   8.587680143547e-18   1.582180426286e-03  -1.203481211339e-16   6.138450625810e-17  -9.815458359643e-03  -3.284913965600e-17  -5.530242589701e-14  -5.786384797463e-03  -4.187680469303e-03  -2.210784521402e-17  -4.759560216586e-17  -9.641235558016e-02  -4.581692706895e-01  -3.182829421232e-17  -7.692926720386e-18  -1.288222562919e+00  -9.566988687908e-01   3.729907964468e-17  -1.316880587296e-17  -1.603564587054e+00  -6.682491115535e-01   2.960985279574e-17   2.782269418072e-17  -6.292177331300e-01   2.560797417974e-17  -1.878009410399e-16  -1.666795768441e+00   1.041245433212e-16  -6.360726501469e-14  -3.843835159595e-04  -1.477259532765e-02  -2.459001076400e-01  -3.757240526800e-01  -3.606079925125e-17   7.497392652075e-17  -1.271835194620e-03  -1.505233017411e-01  -1.004154328565e+00  -1.033663548969e+00  -6.265862228540e-01  -2.797915180933e-16   5.180719237599e-19   1.226695356736e+00
  -1.196088267291e+01  -8.737051925229e+00   6.438430793178e-17  -3.830511789319e-16   2.954299457270e-04  -3.937019815850e+00   2.218509839118e-16  -2.321828352638e-16   5.093533784897e-03  -1.864046249431e+00   1.219745502554e-16  -7.423312579253e-17   2.338090312740e-03  -7.986767206757e-01   4.991801822843e-17   1.174604555293e-17   3.525453123793e-04  -1.264609969701e-16   5.764686239435e-17  -1.407976313362e-02  -2.199479696482e-17  -1.510841528661e-13  -4.187571802699e-03  -1.384745135699e-03   8.363537681803e-18  -4.026664637027e-17  -1.211335625555e-01  -4.558835814537e-01   1.775194342370e-17   2.607962301504e-18  -1.230059269293e+00  -9.084318612954e-01   8.859158024307e-17  -4.704953490916e-18  -1.500890441903e+00  -6.384073352139e-01   5.631235276331e-17   3.165432923849e-17  -5.992804296933e-01   2.208183660524e-17  -1.742095281744e-16  -1.549816340937e+00   1.308888724970e-16  -6.702283742468e-14   1.023447992862e-03  -1.428952142530e-02  -2.364289835774e-01  -3.597140768165e-01  -2.527033558454e-17   7.599615610818e-17  -7.909032716420e-04  -1.758371683712e-01  -9.588381223924e-01  -9.829895358567e-01  -5.999027024649e-01  -2.273233418238e-16   9.885774566418e-18   1.194100570963e+00
   7.736299714300e-18   6.438430793178e-17   1.074929537918e+00  -2.812748751011e-16   1.943183049487e-16   1.208951528443e-16  -3.337418704666e-01  -2.907969840208e-16   3.557045547018e-16  -1.969980829529e-17  -4.021378703538e-01  -2.351466024629e-16  -5.583613379949e-18  -9.125060486786e-17  -1.604347172556e-01  -1.241623026792e-16  -2.310093953440e-16  -1.705034680933e-17   4.731118796193e-17   2.227077437288e-16   6.941248465349e-02  -2.329459669886e-17  -9.037553145741e-18  -3.915405115006e-17  -1.608926414704e-01   3.763705886310e-17  -1.321413010083e-16  -3.002708675317e-17  -2.790098293950e-01  -7.779489761647e-17   2.186874056967e-18   1.163186461515e-16  -2.811144159043e-01  -1.475568653984e-16  -1.549471347254e-16   9.349869000970e-17  -1.410666665317e-01  -9.358009470586e-17  -3.351921095314e-16   6.445854911047e-17  -1.342398127760e-16  -1.681295010629e-16  -2.386188716953e-01   4.888045462028e-17   4.053621210660e-17   3.724684148202e-17   6.372016475614e-17   1.578136560112e-16  -2.395453623808e-02   8.772407038321e-19  -2.307708833136e-16   8.027986898653e-17   1.248648304352e-16   6.836639748765e-17  -1.461761786085e-16  -1.757314492715e-01  -8.522140805821e-17  -5.903748996305e-16
  -4.091731310488e-16  -3.830511789319e-16  -2.812748751011e-16   1.074929537924e+00  -6.399780092892e-17  -8.754407371308e-17  -2.261766985085e-16  -3.337418704615e-01  -2.567355883523e-17  -1.526142557975e-17  -1.274298218899e-16  -4.021378703525e-01  -3.182537493616e-17  -1.676209566461e-17  -1.003332587607e-16  -1.604347172579e-01  -5.372017126588e-17  -7.301769349978e-17   6.941248465050e-02   4.278912046192e-17   3.632928887133e-17   4.829644525260e-17  -3.730151642897e-17  -3.436577924877e-17   8.647386011029e-17  -1.608926414657e-01   3.168075852645e-17   1.166565352575e-17   5.055849794912e-17  -2.790098293896e-01   4.305680022222e-17   1.901465926806e-17  -2.211694212049e-17  -2.811144159028e-01  -3.262367111257e-17   2.299521230713e-17  -1.935781032753e-17  -1.410666665338e-01  -6.885557776601e-17  -5.752004384292e-17  -2.386188716922e-01  -1.956435549451e-17  -6.489682838330e-17  -3.059654716047e-17   1.321504414000e-17   3.118790189860e-17   1.810060747904e-17   4.661130709230e-17  -8.514174907009e-17  -2.395453623747e-02  -9.048163856397e-17  -3.430342955295e-17  -4.224002901308e-17  -1.331142371072e-17  -2.114095999627e-17  -2.665304555338e-18  -1.757314492708e-01  -8.244603896601e-17
  -7.555935766862e-04   2.954299457270e-04   1.943183049487e-16  -6.399780092892e-17   8.824254096313e-01   5.924638686247e-02   2.816776376343e-16  -6.919221962052e-17  -5.972654406076e-01   4.020421775601e-02   2.779431686193e-16  -1.462136138374e-17  -5.289545545436e-01   1.221173369881e-02   1.119061741648e-16   1.336539848770e-17  -1.855169015070e-01  -4.655698990899e-18  -4.162092222275e-17   5.824154638563e-02   8.632921535839e-17   1.183342161239e-13   9.640858784059e-02   1.211351350725e-01  -8.444403167407e-18  -7.937613967195e-17   4.334284412434e-01   4.151717239502e-01   2.754106857973e-17  -9.335607709359e-17   3.933172216910e-01   2.744976211932e-01   8.660086079352e-17  -4.800012155601e-17   8.931815019073e-02   7.945378657606e-02   6.232615663285e-17   1.683953817208e-17  -7.069947038188e-02  -1.625711670357e-17   2.876337900360e-17   1.730367509319e-02   8.424162460031e-17  -3.188586985849e-13  -1.663726670671e-02   3.131690248442e-02   1.126119981582e-01   6.715722400848e-02  -4.872623804287e-17  -1.122793199105e-16   1.558734827234e-02  -4.340706620016e-01  -3.920157164797e-01  -1.732555968224e-01  -4.313342151183e-02   3.463768947222e-16  -4.622034196991e-17   1.905993388306e-01
  -4.409939542777e+00  -3.937019815850e+00   1.208951528443e-16  -8.754407371308e-17   5.924638686247e-02  -2.187201230951e+00   2.278629138752e-16  -3.592062387532e-17   1.470501020004e-01  -1.517605362375e+00   1.579354554634e-16   5.070347803343e-18   1.000746950568e-01  -8.362392121503e-01   2.484974199099e-17  -8.548904057700e-18   2.811560314351e-02  -6.260558102157e-17   1.944387924651e-17  -3.827452654023e-01   9.325497538688e-17   5.393562263255e-12  -4.581645584273e-01  -4.558819767110e-01   2.458560643348e-17   6.872221584201e-17  -4.151343399908e-01  -7.910550574179e-01   6.149746313040e-17   7.846459014061e-17  -9.257707760885e-01  -9.516886226960e-01   1.360905047316e-16   4.172199594890e-17  -1.083469493528e+00  -6.964942046370e-01   6.877914992463e-17   3.461887165025e-17  -5.578283044133e-01  -8.968359028779e-18  -5.300675765387e-17  -6.913140389668e-01   7.925821794186e-17   1.241204394281e-12   2.429787527493e-03  -1.004000032486e-01  -3.355093237218e-01  -4.201302209770e-01   2.463005346105e-17   8.082139988558e-17  -7.526026486298e-02  -4.692387664345e-01  -8.832628765347e-01  -9.283349324800e-01  -6.456141083984e-01   3.135454505953e-16   6.965896028058e-17   6.483802469045e-01
   1.294946780126e-16   2.218509839118e-16  -3.337418704666e-01  -2.261766985085e-16   2.816776376343e-16   2.278629138752e-16   5.189888147341e-02  -2.020558819216e-16   5.595167701861e-16  -5.009760876253e-17  -2.357089508535e-01  -1.817085736411e-16   7.678742722615e-18  -1.626043811389e-16  -1.759495237364e-01  -1.107823422878e-16  -3.672595269105e-16  -6.036396629765e-17   1.587562125527e-17   3.007958172977e-16   1.284981664718e-01  -5.564173927865e-17  -1.157117780139e-16  -1.663356809209e-16  -2.790140573949e-01   1.714813406696e-16  -1.808149573292e-16  -1.324287956908e-16  -3.042216361797e-01   4.745896243598e-17   4.672212164742e-17   1.332833208679e-16  -2.707079095384e-01  -7.278068587295e-17  -2.069232800592e-16   1.286273205509e-16  -1.653403882424e-01  -6.626862111744e-17  -5.217794618840e-16   7.175929478911e-17  -1.227100093007e-16  -2.475363508766e-16  -1.924617009908e-02   5.947059046308e-17   3.431255060675e-17   3.096836276179e-18   5.302204551857e-17   2.310257263133e-16  -5.148801933177e-02   3.088411669897e-17  -4.155987852532e-16   1.731168862402e-16   1.956444475947e-16   1.009332962027e-16  -2.511014639391e-16  -3.869211686913e-02  -7.774091446689e-17  -8.765597694186e-16
  -2.617033232513e-16  -2.321828352638e-16  -2.907969840208e-16  -3.337418704615e-01  -6.919221962052e-17  -3.592062387532e-17  -2.020558819216e-16   5.189888147061e-02   3.997708946297e-17  -5.386107439164e-17  -1.043461493552e-16  -2.357089508633e-01   1.397035223760e-17  -6.375598825491e-17  -1.173434497181e-16  -1.759495237454e-01  -6.214357204746e-17  -1.259758486952e-16   1.284981664684e-01   5.620025471094e-17   2.475687695170e-17   1.033197300170e-16  -9.786737498061e-17  -9.506124807516e-17   1.865553420331e-16  -2.790140573895e-01   2.125226141551e-17  -6.158074406762e-17   1.576756608692e-16  -3.042216361765e-01   5.106337105395e-17  -3.677895046428e-17   4.074201997524e-17  -2.707079095437e-01  -5.656320190800e-17  -4.947029101290e-18   8.927173580103e-18  -1.653403882504e-01  -1.159363075987e-16  -1.136063428246e-16  -1.924617009842e-02   1.518772074792e-17  -5.417144369484e-17  -1.690863204549e-17   1.071864438409e-17   2.453123063891e-17  -1.023416912102e-17   4.329369548505e-17  -1.283832155811e-16  -5.148801933126e-02  -1.640502768912e-16  -3.223335315546e-17  -3.985694021071e-17  -2.986475045105e-17  -5.892300895592e-17   1.697992754007e-17  -3.869211687064e-02  -1.656200592636e-16
   4.455014506756e-03   5.093533784897e-03   3.557045547018e-16  -2.567355883523e-17  -5.972654406076e-01   1.470501020004e-01   5.595167701861e-16   3.997708946297e-17  -6.096743681542e-01   1.865480449637e-01   5.862024742770e-16   1.054101780328e-16  -7.386905068663e-01   1.122085093617e-01   2.600061531539e-16   7.299584950473e-17  -3.414521906443e-01  -1.349132588211e-17  -1.435257181750e-16   2.807778079650e-01   2.551057652136e-17   2.847496544112e-13   1.288213674451e+00   1.230057052911e+00   1.037958642757e-16  -2.024891086672e-17   3.933452005113e-01   9.257909873029e-01   2.087420456591e-16   1.224510920489e-17   2.317384660668e-01   5.734199878997e-01   2.726372399898e-16   4.184386515387e-17   3.530187874991e-02   2.289600839494e-01   1.533414759711e-16   7.871897974254e-17  -1.046657267842e-01  -3.290170640442e-17   1.553276657425e-16  -6.544768774758e-02   1.933218670144e-16  -2.328626880066e-12   3.056603806102e-02   2.150589218740e-01   3.031287328829e-01   1.882067142517e-01  -1.842195755663e-17  -1.702655527981e-16   2.024385048347e-01  -4.529654427712e-01  -3.761710254508e-01  -1.694817132661e-01  -6.994822931333e-03   4.559247982530e-16  -6.893858720843e-17  -1.050456503340e-01
  -1.984256304632e+00  -1.864046249431e+00  -1.969980829529e-17  -1.526142557975e-17   4.020421775601e-02  -1.517605362375e+00  -5.009760876253e-17  -5.386107439164e-17   1.865480449637e-01  -1.133999054679e+00  -1.452263707591e-16  -1.016254369000e-16   2.204017986705e-01  -6.895556798181e-01  -1.598466802568e-16  -8.303549719451e-17   1.024766828062e-01  -2.874755201761e-17   3.491278100823e-17  -4.751367885877e-01   2.253840471415e-16   7.912839610869e-12  -9.566918698701e-01  -9.084263733846e-01  -1.114684990944e-16   2.557537813929e-17  -2.745849480976e-01  -9.516181591172e-01  -1.746064408301e-16  -1.756459631813e-17  -5.735402583057e-01  -8.963746032465e-01  -1.009772849616e-16  -5.219596522591e-17  -6.502525088908e-01  -6.220397989175e-01  -4.611408876437e-17  -2.969746209350e-17  -3.613833975761e-01  -1.358735891477e-18  -4.879608884683e-17  -5.083903058255e-01  -2.986872264682e-17   4.254429586114e-12  -1.069535149070e-01  -2.662231855942e-01  -4.140072973029e-01  -4.111214045042e-01  -6.239616287529e-17   4.536838710286e-17  -1.987298378959e-01  -4.486194347906e-01  -6.678692687212e-01  -6.916838786460e-01  -5.268751588930e-01   2.840160485558e-16   3.564841293130e-17   4.675856415858e-01
   5.268573735235e-17   1.219745502554e-16  -4.021378703538e-01  -1.274298218899e-16   2.779431686193e-16   1.579354554634e-16  -2.357089508535e-01  -1.043461493552e-16   5.862024742770e-16  -1.452263707591e-16  -4.958134864081e-02  -1.075814065698e-16   2.811959576379e-17  -2.349876166491e-16  -6.559161306965e-02  -7.725115407018e-17  -3.643585767722e-16  -3.061470788845e-17  -2.100225343247e-17   3.192667193994e-16   1.113649198002e-01  -8.696659238521e-17  -7.670360281763e-17  -1.320181201411e-16  -2.811126470277e-01   2.144617093896e-16  -1.196836117979e-16  -2.148652060632e-16  -2.706915175553e-01   1.165705467069e-16   9.083333766554e-17   9.274396129019e-18  -1.392219873215e-01  -1.175721227942e-17  -1.826200419534e-16   5.469934832945e-17  -7.947764476863e-02  -3.437990270916e-17  -5.157457299093e-16   4.539305780230e-17  -8.157689808057e-17  -2.771335218851e-16  -8.701215767390e-02   3.323957317818e-17  -3.868197855951e-17  -9.478409029863e-17  -5.644072112948e-17   1.672544827750e-16  -6.559726138611e-02   4.388786098550e-17  -4.821402884874e-16   1.982677134269e-16   1.384625406915e-16   2.913912049815e-17  -3.190262449452e-16  -3.373419654869e-02  -5.733040887490e-17  -8.519983143472e-16
  -8.886527530803e-17  -7.423312579253e-17  -2.351466024629e-16  -4.021378703525e-01  -1.462136138374e-17   5.070347803343e-18  -1.817085736411e-16  -2.357089508633e-01   1.054101780328e-16  -1.016254369000e-16  -1.075814065698e-16  -4.958134867992e-02   6.215426135799e-17  -1.245291742810e-16  -1.201110436887e-16  -6.559161311136e-02  -4.587185879603e-17  -1.492600566263e-16   1.113649197989e-01   3.102446704562e-17   1.351642392093e-17   6.665761384625e-17  -5.185219322137e-17  -5.347630741123e-17   1.747927734231e-16  -2.811126470262e-01  -1.348723000673e-17  -1.058850767978e-16   1.400896593414e-16  -2.706915175606e-01   2.088060789101e-17  -1.018683132999e-16   2.502625705327e-17  -1.392219873497e-01  -8.319162819309e-17  -6.317194089977e-17   5.435282197868e-18  -7.947764480471e-02  -1.415572420671e-16  -1.330720933427e-16  -8.701215767522e-02   5.105776972477e-17  -4.558168137316e-17   6.292782013934e-18   1.545540226568e-17   2.162649098752e-17  -4.503273944689e-17   2.683010846522e-18  -1.399066815653e-16  -6.559726138717e-02  -1.751824611071e-16  -9.686653154141e-18  -2.658582911178e-17  -5.967349628667e-17  -1.066947155936e-16   7.690911074535e-18  -3.373419655252e-02  -1.872751005340e-16
   3.541288881060e-03   2.338090312740e-03  -5.583613379949e-18  -3.182537493616e-17  -5.289545545436e-01   1.000746950568e-01   7.678742722615e-18   1.397035223760e-17  -7.386905068663e-01   2.204017986705e-01   2.811959576379e-17   6.215426135799e-17  -6.429227147214e-01   1.867960060109e-01  -4.191926193632e-17   3.476999965164e-17  -3.426695279594e-01  -3.503282702467e-17  -6.245020728865e-17   2.610050318832e-01   1.958423457273e-16   2.714727314473e-13   1.603553609963e+00   1.500876002747e+00  -1.690922480249e-16  -2.119755736926e-17   8.955354918470e-02   1.083256507980e+00  -2.167475250797e-16   1.481509166011e-17   3.560151515442e-02   6.501141812585e-01  -1.582134201804e-16   2.367216454387e-17  -1.302270646102e-01   3.093166463589e-01  -1.516308475439e-16   5.365615223057e-17  -1.272706893418e-01  -4.856346272075e-17   8.805095697947e-17   2.120390783795e-01  -5.531111121858e-17  -5.905956168196e-12   2.622880486260e-01   4.588135303635e-01   4.406863272532e-01   2.695196426037e-01  -1.431985722130e-18  -1.118652160227e-16   3.367321746709e-01  -3.940322600439e-01  -2.556500591352e-01  -5.413119815659e-02   5.919418582882e-02   1.614200812684e-16  -6.607215749562e-17   1.561484287121e-01
  -8.363290418370e-01  -7.986767206757e-01  -9.125060486786e-17  -1.676209566461e-17   1.221173369881e-02  -8.362392121503e-01  -1.626043811389e-16  -6.375598825491e-17   1.122085093617e-01  -6.895556798181e-01  -2.349876166491e-16  -1.245291742810e-16   1.867960060109e-01  -4.150923589697e-01  -1.837320508301e-16  -9.992801643554e-17   1.116085465569e-01  -1.850283386481e-17   1.580208017229e-17  -2.966867069790e-01   1.733585166645e-16   5.615011256561e-12  -6.682429846065e-01  -6.384021608925e-01  -9.574384292913e-17   1.094883372855e-17  -7.957430914597e-02  -6.964145593715e-01  -1.656763757286e-16  -3.509727152047e-17  -2.290977902220e-01  -6.220392628664e-01  -1.470564180170e-16  -7.241153177240e-17  -3.092859267031e-01  -4.008120496992e-01  -6.833392156474e-17  -5.968220301076e-17  -1.658715278056e-01   7.512110893164e-18  -2.932968460455e-17  -2.908748522142e-01  -4.882588807064e-17   4.552011847721e-12  -1.797127303520e-01  -2.861066118762e-01  -3.310693089928e-01  -2.816931477845e-01  -7.350128968062e-17   8.396396661443e-18  -1.882863081723e-01  -3.004946943046e-01  -4.122341106223e-01  -4.031412623274e-01  -3.047446559989e-01   1.623968023041e-16   1.249315070165e-18   2.629386122857e-01
   1.953940233536e-17   4.991801822843e-17  -1.604347172556e-01  -1.003332587607e-16   1.119061741648e-16   2.484974199099e-17  -1.759495237364e-01  -1.173434497181e-16   2.600061531539e-16  -1.598466802568e-16  -6.559161306965e-02  -1.201110436887e-16  -4.191926193632e-17  -1.837320508301e-16   3.025378754956e-02  -7.493013429837e-17  -2.117426551374e-16  -1.242284063507e-17  -4.645178981010e-18   2.029188479715e-16   5.050330828402e-02  -8.779377013495e-17  -2.076305872035e-17  -5.021266423717e-17  -1.410652793240e-01   8.371949952042e-17  -3.681825420756e-17  -1.080478623499e-16  -1.653300380499e-01   1.669753020304e-17   6.730505355582e-17  -1.868634130665e-17  -7.947427840224e-02  -5.795382798216e-17  -1.453120306924e-16  -1.528184892778e-17   1.612703359709e-02  -4.926090043761e-17  -3.010664857941e-16   2.843037834975e-17  -6.324010766078e-17  -1.762792765820e-16  -5.816830730168e-02   2.824787349106e-17  -4.182022912060e-17  -5.538312954435e-17  -5.586594012238e-17   5.373210535861e-17  -3.909159667373e-02   1.577436724058e-17  -2.897792454086e-16   7.469008158238e-17  -4.814128771532e-19  -5.680763030889e-17  -2.268932805961e-16  -4.480706264759e-02  -5.070732811745e-17  -4.266812773386e-16
   8.587680143547e-18   1.174604555293e-17  -1.241623026792e-16  -1.604347172579e-01   1.336539848770e-17  -8.548904057700e-18  -1.107823422878e-16  -1.759495237454e-01   7.299584950473e-17  -8.303549719451e-17  -7.725115407018e-17  -6.559161311136e-02   3.476999965164e-17  -9.992801643554e-17  -7.493013429837e-17   3.025378742923e-02  -2.126676065067e-17  -1.183622780972e-16   5.050330828489e-02   1.467024030767e-17   7.473533617670e-18   2.974377893020e-17   2.710782179715e-17   2.376263159066e-17   8.050987329918e-17  -1.410652793262e-01  -2.698063902427e-17  -5.784825306885e-17   5.737885069674e-17  -1.653300380579e-01  -1.113521015048e-17  -7.206052392494e-17  -5.423536814925e-18  -7.947427843832e-02  -6.785627333390e-17  -6.348115586453e-17  -4.882149648661e-18   1.612703348907e-02  -9.081453545261e-17  -5.783597184546e-17  -5.816830730315e-02   1.954827007894e-17  -2.721716177951e-17  -1.966996178263e-18   1.045621805198e-17   1.966255160017e-17  -3.439175997980e-17  -2.055918998872e-17  -8.490612205200e-17  -3.909159667590e-02  -9.725699148571e-17  -6.400405059370e-18  -2.404333351002e-17  -5.387134417482e-17  -8.547759438380e-17  -3.512681112998e-18  -4.480706265055e-02  -1.016941152061e-16
   1.582180426286e-03   3.525453123793e-04  -2.310093953440e-16  -5.372017126588e-17  -1.855169015070e-01   2.811560314351e-02  -3.672595269105e-16  -6.214357204746e-17  -3.414521906443e-01   1.024766828062e-01  -3.643585767722e-16  -4.587185879603e-17  -3.426695279594e-01   1.116085465569e-01  -2.117426551374e-16  -2.126676065067e-17  -1.451651083372e-01  -3.184284221337e-17   3.581382437856e-17   9.565001652649e-02   2.944280541446e-16   5.841215098418e-14   6.292114715684e-01   5.992724166927e-01  -3.510317027121e-16  -7.600301621119e-17  -7.056497600746e-02   5.577022682012e-01  -5.390080423859e-16  -8.994860996675e-17  -1.045224629559e-01   3.614053372374e-01  -4.939854868607e-16  -7.490541784829e-17  -1.273817822111e-01   1.660174210306e-01  -2.916719712099e-16  -5.478200466363e-18  -6.104453332603e-02  -4.426052733702e-17  -6.979218150291e-18   1.199057704501e-01  -1.947991718217e-16  -3.950111632884e-12   2.708129226428e-01   3.356112164514e-01   2.619948574720e-01   1.456872981214e-01  -7.053543600225e-17  -4.586056499105e-17   2.112026404336e-01  -1.912866768059e-01  -1.443717752527e-01  -1.120979002728e-02   5.993909519736e-02   3.144831111556e-17  -2.579417884984e-17   6.763310008438e-02
  -1.203481211339e-16  -1.264609969701e-16  -1.705034680933e-17  -7.301769349978e-17  -4.655698990899e-18  -6.260558102157e-17  -6.036396629765e-17  -1.259758486952e-16  -1.349132588211e-17  -2.874755201761e-17  -3.061470788845e-17  -1.492600566263e-16  -3.503282702467e-17  -1.850283386481e-17  -1.242284063507e-17  -1.183622780972e-16  -3.184284221337e-17   1.586360713909e+00  -2.700931787993e-17   1.197714633157e-17   9.436480111348e-18   3.719355908601e-30   5.703044417942e-17   6.013786527990e-17   2.955855169628e-17  -4.961805178245e-17  -6.523518736914e-18   5.017540799292e-17   2.016219240077e-17  -5.582018160363e-17  -3.862029736783e-17   1.840423467994e-17   7.807368803127e-18  -3.357704811801e-17  -4.637617327876e-17  -6.238630167014e-19   6.968187854190e-18  -3.346201060987e-17  -3.680299856796e-17   1.011976589582e-01  -2.017868699984e-17  -3.647013234080e-17  -2.343957118567e-17   1.029579848685e-17   1.288129125683e-17   2.818384513002e-17   2.386535814595e-17   8.106901160807e-18   6.943635888953e-18  -2.556368706224e-17   2.241917356197e-17  -1.055717886744e-17  -2.518492728723e-17  -3.165025266859e-17  -2.457126708754e-17   5.779047684448e-18  -1.672871959296e-17   1.935646543860e-17
   6.138450625810e-17   5.764686239435e-17   4.731118796193e-17   6.941248465050e-02  -4.162092222275e-17   1.944387924651e-17   1.587562125527e-17   1.284981664684e-01  -1.435257181750e-16   3.491278100823e-17  -2.100225343247e-17   1.113649197989e-01  -6.245020728865e-17   1.580208017229e-17  -4.645178981010e-18   5.050330828489e-02   3.581382437856e-17  -2.700931787993e-17   1.379468857578e+00   8.194471570363e-18   3.194367615939e-17  -2.392843814066e-17   1.084758885108e-16   1.003464173142e-16  -1.477816243689e-16   2.386165434038e-01   5.433340392627e-17   5.694698645607e-17  -1.470764597629e-16   1.923591360587e-02   9.929229026104e-17   2.733023655912e-17  -7.837806918364e-17   8.698530996334e-02   8.300227412393e-17  -8.513564038240e-18  -4.217565494911e-17   5.815146590037e-02   4.437930116615e-17   6.533281822818e-17  -5.175981359503e-01   5.270518459798e-18   2.801521940174e-18  -3.655155392728e-17  -5.191381606266e-17  -6.267637777639e-17  -2.024480917647e-17  -2.479022199219e-17   4.927935185634e-17   4.358959743237e-02   4.906966904671e-17  -1.710759162568e-17  -3.932235783221e-17  -8.788528658984e-19   2.097595953385e-17   9.768233554056e-19   3.812541835998e-01   6.650607526623e-17
  -9.815458359643e-03  -1.407976313362e-02   2.227077437288e-16   4.278912046192e-17   5.824154638563e-02  -3.827452654023e-01   3.007958172977e-16   5.620025471094e-17   2.807778079650e-01  -4.751367885877e-01   3.192667193994e-16   3.102446704562e-17   2.610050318832e-01  -2.966867069790e-01   2.029188479715e-16   1.467024030767e-17   9.565001652649e-02   1.197714633157e-17   8.194471570363e-18   8.763539234029e-01  -8.551106888722e-17  -4.337073888144e-12  -1.666787044037e+00  -1.549810446047e+00   1.276886686496e-16  -3.044808669671e-17  -1.732335101330e-02  -6.913180267877e-01   2.066270150970e-16  -2.595426765303e-17   6.540115044718e-02  -5.084933331484e-01   2.251543220214e-16   1.849894170824e-17  -2.123051448784e-01  -2.910110882443e-01   1.543814911180e-16   7.890270403652e-18  -1.200844827046e-01   1.821552287489e-18  -6.627282137458e-17   1.753162021350e-01   7.451802077950e-17   7.099363482053e-13  -4.331713776025e-02  -2.049592282596e-01  -2.492359762958e-01  -1.977361908877e-01   5.188782808428e-17   5.957268304691e-17  -2.199786910900e-01  -8.740550244497e-03  -1.168557207378e-01  -2.611144061802e-01  -2.125328773874e-01   3.963946367500e-17  -4.135365428349e-17  -4.603868687489e-01
  -3.284913965600e-17  -2.199479696482e-17   6.941248465349e-02   3.632928887133e-17   8.632921535839e-17   9.325497538688e-17   1.284981664718e-01   2.475687695170e-17   2.551057652136e-17   2.253840471415e-16   1.113649198002e-01   1.351642392093e-17   1.958423457273e-16   1.733585166645e-16   5.050330828402e-02   7.473533617670e-18   2.944280541446e-16   9.436480111348e-18   3.194367615939e-17  -8.551106888722e-17   1.379468857584e+00  -5.779441865058e-17  -6.075389966254e-17  -2.769052093511e-17   2.386165434070e-01  -1.527115736027e-16   1.072787534291e-17   6.107055086022e-17   1.923591360654e-02  -1.017169122539e-16  -8.821797182492e-17   2.518058640937e-17   8.698530996203e-02  -3.219423974149e-17   1.238777256952e-16   1.593219088671e-17   5.815146589890e-02  -6.558647899696e-18   2.428918277303e-16   7.557407010867e-18   3.814290556049e-17   1.400144065590e-16  -5.175981359519e-01  -2.959104621390e-17   4.092572213913e-17   7.779819185665e-17   4.139602049919e-17  -3.200259944436e-17   4.358959743279e-02  -3.092989909081e-17   2.094763682895e-16   1.875499625638e-16   1.861348825659e-16   2.226928007374e-16   2.419481599935e-16   3.812541836032e-01   1.418593019463e-17   1.339862339571e-16
  -5.530242589701e-14  -1.510841528661e-13  -2.329459669886e-17   4.829644525260e-17   1.183342161239e-13   5.393562263255e-12  -5.564173927865e-17   1.033197300170e-16   2.847496544112e-13   7.912839610869e-12  -8.696659238521e-17   6.665761384625e-17   2.714727314473e-13   5.615011256561e-12  -8.779377013495e-17   2.974377893020e-17   5.841215098418e-14   3.719355908601e-30  -2.392843814066e-17  -4.337073888144e-12  -5.779441865058e-17   1.586360713909e+00  -6.348885827899e-14  -6.684807758701e-14   3.812727717397e-20  -5.457817427773e-18   3.189557075743e-13   1.240790445892e-12   2.263181025588e-17   1.840987489623e-17   2.328148963748e-12   4.253829588631e-12   3.156843829752e-17   2.647440448423e-17   5.905574095351e-12   4.551381926259e-12  -2.646125120130e-18   9.987233104166e-18   3.949624304336e-12  -1.029579848685e-17   4.162775752567e-17   7.100647177426e-13   1.192939867060e-17   1.011976589582e-01   2.563918265595e-15   1.406316498290e-13   1.548825718489e-12   2.777633003093e-12  -1.310775417923e-17  -8.127443451915e-19   3.535973541646e-16   7.588896522459e-13   3.274914893335e-12   5.464265335106e-12   4.486324054852e-12  -3.285048131932e-18   3.105450693304e-18  -1.541686970182e-12
  -5.786384797463e-03  -4.187571802699e-03  -9.037553145741e-18  -3.730151642897e-17   9.640858784059e-02  -4.581645584273e-01  -1.157117780139e-16  -9.786737498061e-17   1.288213674451e+00  -9.566918698701e-01  -7.670360281763e-17  -5.185219322137e-17   1.603553609963e+00  -6.682429846065e-01  -2.076305872035e-17   2.710782179715e-17   6.292114715684e-01   5.703044417942e-17   1.084758885108e-16  -1.666787044037e+00  -6.075389966254e-17  -6.348885827899e-14  -9.513802832604e+00  -1.196089339810e+01   1.049318296690e-16  -4.862769338520e-17   7.588545061131e-04  -4.409913888955e+00   9.886107944058e-17  -9.632880300914e-18  -4.471652713283e-03  -1.984239384164e+00   4.318130090680e-17   5.054633462356e-17  -3.548310798605e-03  -8.363207974864e-01   8.041999684240e-18   1.932623839774e-17  -1.583915729773e-03  -8.819503940720e-17  -1.929508193607e-16  -9.785303982049e-03  -2.262727510883e-16  -5.473298766943e-14  -1.481208202899e-01  -9.984549585996e-01  -1.031711938184e+00  -6.261602975904e-01   6.792597821776e-17   2.220774429433e-16  -1.214708937259e+00  -3.857714505410e-04  -1.493715814286e-02  -2.468788222980e-01  -3.762550995220e-01  -1.481891510999e-16   1.742013281322e-17   1.289123224085e-03
  -4.187680469303e-03  -1.384745135699e-03  -3.915405115006e-17  -3.436577924877e-17   1.211351350725e-01  -4.558819767110e-01  -1.663356809209e-16  -9.506124807516e-17   1.230057052911e+00  -9.084263733846e-01  -1.320181201411e-16  -5.347630741123e-17   1.500876002747e+00  -6.384021608925e-01  -5.021266423717e-17   2.376263159066e-17   5.992724166927e-01   6.013786527990e-17   1.003464173142e-16  -1.549810446047e+00  -2.769052093511e-17  -6.684807758701e-14  -1.196089339810e+01  -8.737050984927e+00   4.137656470539e-17  -7.082261580535e-17  -3.309604644739e-04  -3.936981450065e+00   6.306348616274e-18  -5.657940455353e-18  -5.134121871054e-03  -1.864024764251e+00  -2.840566411472e-17   5.137588938726e-17  -2.351369744707e-03  -7.986687585214e-01  -2.324245823988e-17   1.546472331321e-17  -3.548907191922e-04  -7.036752475749e-17  -1.865710445714e-16  -1.404768187317e-02  -2.294300559067e-16  -1.505708780051e-13  -1.732151306954e-01  -9.535827008234e-01  -9.811556033449e-01  -5.994979106615e-01   3.920708428632e-17   2.238555679877e-16  -1.183415641156e+00   1.024743426698e-03  -1.446252178174e-02  -2.373654475609e-01  -3.602224900436e-01  -1.543902818441e-16   1.693854015395e-17   8.104394709001e-04
  -2.210784521402e-17   8.363537681803e-18  -1.608926414704e-01   8.647386011029e-17  -8.444403167407e-18   2.458560643348e-17  -2.790140573949e-01   1.865553420331e-16   1.037958642757e-16  -1.114684990944e-16  -2.811126470277e-01   1.747927734231e-16  -1.690922480249e-16  -9.574384292913e-17  -1.410652793240e-01   8.050987329918e-17  -3.510317027121e-16   2.955855169628e-17  -1.477816243689e-16   1.276886686496e-16   2.386165434070e-01   3.812727717397e-20   1.049318296690e-16   4.137656470539e-17   1.074997083536e+00   4.797618384854e-16   2.298270691809e-17  -6.995544685909e-17  -3.336677104690e-01   4.536823894568e-16   2.145180347064e-16   4.213594187638e-17  -4.021147634415e-01   2.747314552184e-16  -1.346292696675e-17   9.239228626091e-17  -1.604317950452e-01   1.117168373963e-16  -2.257652086006e-16   2.537967707070e-17   1.779595925390e-17  -2.661727784648e-16  -6.952203556690e-02   8.478026184945e-17  -7.726613817288e-17  -1.502274730823e-16  -7.720420516682e-17   1.057983184005e-16  -1.749893117990e-01   1.157087597505e-16  -4.144368337240e-16  -4.337903840617e-17  -6.647793279740e-17  -7.311734698626e-17  -1.985386930144e-16  -2.410009733231e-02   1.284771143246e-17  -3.336826866205e-16
  -4.759560216586e-17  -4.026664637027e-17   3.763705886310e-17  -1.608926414657e-01  -7.937613967195e-17   6.872221584201e-17   1.714813406696e-16  -2.790140573895e-01  -2.024891086672e-17   2.557537813929e-17   2.144617093896e-16  -2.811126470262e-01  -2.119755736926e-17   1.094883372855e-17   8.371949952042e-17  -1.410652793262e-01  -7.600301621119e-17  -4.961805178245e-17   2.386165434038e-01  -3.044808669671e-17  -1.527115736027e-16  -5.457817427773e-18  -4.862769338520e-17  -7.082261580535e-17   4.797618384854e-16   1.074997083542e+00   9.443651120426e-18  -5.489170555023e-17   5.391714697182e-16  -3.336677104639e-01   6.579004043184e-17   2.141859110080e-17   3.475464392612e-16  -4.021147634403e-01   2.411454787464e-18   4.867104004380e-17   1.671240916776e-16  -1.604317950475e-01  -4.009112420801e-17  -9.312540665867e-17  -6.952203556391e-02   1.002145210301e-16   7.713337502914e-17   2.791929322040e-17   4.974225916654e-17   5.414494496783e-17   2.713449308684e-17   5.806076031263e-17  -6.063955850605e-17  -1.749893117983e-01  -1.369944438634e-16  -2.587538937274e-17  -1.616306354614e-17   4.747894697524e-18  -8.901133411495e-18   4.600136511633e-17  -2.410009733169e-02  -8.259902115499e-17
  -9.641235558016e-02  -1.211335625555e-01  -1.321413010083e-16   3.168075852645e-17   4.334284412434e-01  -4.151343399908e-01  -1.808149573292e-16   2.125226141551e-17   3.933452005113e-01  -2.745849480976e-01  -1.196836117979e-16  -1.348723000673e-17   8.955354918470e-02  -7.957430914597e-02  -3.681825420756e-17  -2.698063902427e-17  -7.056497600746e-02  -6.523518736914e-18   5.433340392627e-17  -1.732335101330e-02   1.072787534291e-17   3.189557075743e-13   7.588545061131e-04  -3.309604644739e-04   2.298270691809e-17   9.443651120426e-18   8.831196653400e-01  -5.983209368619e-02  -3.894275295931e-18   6.683145911201e-18  -5.964794025342e-01  -4.059611763278e-02   2.569220361697e-17  -1.724523058086e-17  -5.286640846585e-01  -1.237872423537e-02  -9.750885965693e-18  -1.144006894193e-17  -1.854814590726e-01  -2.816361788617e-17  -9.532091560568e-17  -5.877328551776e-02  -1.167660498705e-16  -1.182101562903e-13   4.319596128824e-01   3.912352353706e-01   1.731701335110e-01   4.309905518206e-02   1.627923122608e-16   1.252439372188e-16   1.925334620736e-01   1.664208511490e-02  -3.169855931722e-02  -1.129449757829e-01  -6.725485205784e-02  -7.565434816329e-17   4.340343436581e-17   1.587903524876e-02
  -4.581692706895e-01  -4.558835814537e-01  -3.002708675317e-17   1.166565352575e-17   4.151717239502e-01  -7.910550574179e-01  -1.324287956908e-16  -6.158074406762e-17   9.257909873029e-01  -9.516181591172e-01  -2.148652060632e-16  -1.058850767978e-16   1.083256507980e+00  -6.964145593715e-01  -1.080478623499e-16  -5.784825306885e-17   5.577022682012e-01   5.017540799292e-17   5.694698645607e-17  -6.913180267877e-01   6.107055086022e-17   1.240790445892e-12  -4.409913888955e+00  -3.936981450065e+00  -6.995544685909e-17  -5.489170555023e-17  -5.983209368619e-02  -2.186696848611e+00  -1.444045482416e-16  -7.805673145181e-17  -1.478319581574e-01  -1.517267829748e+00  -1.600601309392e-16  -3.289933126879e-17  -1.003312389900e-01  -8.361165523031e-01  -2.660268254257e-17  -6.052903198604e-17  -2.814769175212e-02   4.063379616352e-17  -1.125207747089e-16  -3.821323223313e-01  -5.837193472996e-17   5.393139641248e-12  -4.667567676362e-01  -8.798858248513e-01  -9.267135852941e-01  -6.451213077247e-01  -1.223266461799e-16   1.143324277233e-16  -6.443566363721e-01   2.305372408830e-03  -1.011494597780e-01  -3.365418013705e-01  -4.206288299606e-01  -4.275488930128e-17   1.972719246747e-17   7.602313555780e-02
  -3.182829421232e-17   1.775194342370e-17  -2.790098293950e-01   5.055849794912e-17   2.754106857973e-17   6.149746313040e-17  -3.042216361797e-01   1.576756608692e-16   2.087420456591e-16  -1.746064408301e-16  -2.706915175553e-01   1.400896593414e-16  -2.167475250797e-16  -1.656763757286e-16  -1.653300380499e-01   5.737885069674e-17  -5.390080423859e-16   2.016219240077e-17  -1.470764597629e-16   2.066270150970e-16   1.923591360654e-02   2.263181025588e-17   9.886107944058e-17   6.306348616274e-18  -3.336677104690e-01   5.391714697182e-16  -3.894275295931e-18  -1.444045482416e-16   5.203905418357e-02   4.628155626639e-16   3.184884397258e-16   4.719695714604e-17  -2.356454969531e-01   2.588414508375e-16  -3.955754344094e-17   1.346027949236e-16  -1.759356888244e-01   1.019165790287e-16  -3.820748989351e-16  -4.627501562318e-18   2.778373536486e-19  -3.501347024160e-16  -1.286890242505e-01   1.051833618025e-16  -1.277132983789e-16  -2.215221232196e-16  -1.239652679247e-16   1.702086083924e-16  -3.900776545756e-02   1.218261531692e-16  -6.208160964981e-16  -4.516365503496e-17  -7.155292901956e-17  -9.664956913874e-17  -3.211138204610e-16  -5.182731160084e-02  -1.436987033854e-18  -5.678805284464e-16
  -7.692926720386e-18   2.607962301504e-18  -7.779489761647e-17  -2.790098293896e-01  -9.335607709359e-17   7.846459014061e-17   4.745896243598e-17  -3.042216361765e-01   1.224510920489e-17  -1.756459631813e-17   1.165705467069e-16  -2.706915175606e-01   1.481509166011e-17  -3.509727152047e-17   1.669753020304e-17  -1.653300380579e-01  -8.994860996675e-17  -5.582018160363e-17   1.923591360587e-02  -2.595426765303e-17  -1.017169122539e-16   1.840987489623e-17  -9.632880300914e-18  -5.657940455353e-18   4.536823894568e-16  -3.336677104639e-01   6.683145911201e-18  -7.805673145181e-17   4.628155626639e-16   5.203905418077e-02   7.562709877278e-17  -3.432859302682e-17   2.740166981710e-16  -2.356454969630e-01  -2.262967665580e-17   2.092432475165e-17   1.425638762543e-16  -1.759356888334e-01  -7.924825189906e-17  -1.339953325958e-16  -1.286890242471e-01   1.530565201009e-16   4.527841013270e-17   7.663058359942e-17   5.052165818800e-17   5.939300688479e-17  -2.686387498590e-18   5.176217404182e-17  -1.499732234448e-16  -3.900776545907e-02  -2.097625843616e-16  -4.500897229899e-17  -3.244704706422e-17  -1.884389029814e-17  -4.880457075019e-17   4.001277239469e-17  -5.182731160032e-02  -1.386325018967e-16
  -1.288222562919e+00  -1.230059269293e+00   2.186874056967e-18   4.305680022222e-17   3.933172216910e-01  -9.257707760885e-01   4.672212164742e-17   5.106337105395e-17   2.317384660668e-01  -5.735402583057e-01   9.083333766554e-17   2.088060789101e-17   3.560151515442e-02  -2.290977902220e-01   6.730505355582e-17  -1.113521015048e-17  -1.045224629559e-01  -3.862029736783e-17   9.929229026104e-17   6.540115044718e-02  -8.821797182492e-17   2.328148963748e-12  -4.471652713283e-03  -5.134121871054e-03   2.145180347064e-16   6.579004043184e-17  -5.964794025342e-01  -1.478319581574e-01   3.184884397258e-16   7.562709877278e-17  -6.084913298618e-01  -1.870540990831e-01   3.542566777542e-16   3.559726895121e-17  -7.383439541363e-01  -1.123859853671e-01   1.368607418264e-16   2.698915928595e-17  -3.414570164265e-01  -3.037698332750e-17  -1.414842025063e-16  -2.818034721100e-01  -4.589353628428e-17  -2.848359569041e-13   4.522446981900e-01   3.758651371617e-01   1.696343365099e-01   7.094390571188e-03   2.418575145236e-16   1.990831165054e-16  -1.050135892274e-01  -3.101299210913e-02  -2.162924223034e-01  -3.037630082816e-01  -1.883752822171e-01  -1.578164736656e-17   8.956633115045e-17   2.041506579864e-01
  -9.566988687908e-01  -9.084318612954e-01   1.163186461515e-16   1.901465926806e-17   2.744976211932e-01  -9.516886226960e-01   1.332833208679e-16  -3.677895046428e-17   5.734199878997e-01  -8.963746032465e-01   9.274396129019e-18  -1.018683132999e-16   6.501141812585e-01  -6.220392628664e-01  -1.868634130665e-17  -7.206052392494e-17   3.614053372374e-01   1.840423467994e-17   2.733023655912e-17  -5.084933331484e-01   2.518058640937e-17   4.253829588631e-12  -1.984239384164e+00  -1.864024764251e+00   4.213594187638e-17   2.141859110080e-17  -4.059611763278e-02  -1.517267829748e+00   4.719695714604e-17  -3.432859302682e-17  -1.870540990831e-01  -1.133867386550e+00   6.354139477723e-17  -4.383393265869e-17  -2.204234335250e-01  -6.895809865019e-01   1.146939295268e-16  -5.743558376486e-17  -1.023873813413e-01   4.223742635628e-17  -5.354671072785e-17  -4.746804035233e-01   1.126169863581e-16   7.911994177119e-12  -4.470034349489e-01  -6.659266210435e-01  -6.907537875549e-01  -5.265979735290e-01  -9.070920301406e-17   5.932258924844e-17  -4.648816293198e-01  -1.075619624617e-01  -2.673656107101e-01  -4.149250054802e-01  -4.115396423855e-01   1.320341324966e-16   2.958267074092e-17   2.000264383137e-01
