ARMA_MAT_TXT_FN008
101 101
  -2.252750051181e+01  -2.812557881338e+01   2.388773681651e-02  -8.130937977496e-03  -3.385912271855e-07  -1.043701270653e+01   1.083727722038e-02  -3.689923058871e-03  -1.564404361097e-07  -4.466760541142e+00   4.507440660557e-03  -1.537090545895e-03  -6.746912856647e-08  -2.036635574461e+00   1.767114005804e-03  -6.040960639750e-04  -2.674460872959e-08  -3.663676157392e-04   3.675624789519e-11  -3.580481176052e-04  -2.299385013368e-08   4.498431794110e-04  -3.646850345985e-01  -1.698864871023e+00  -1.437264741246e+00  -8.125544485543e-01  -2.427561255760e+00   8.340153121354e-01   4.331491095115e-05   2.004753280569e-06   4.590245532158e-06   6.152485632224e-05  -1.531969980411e-05  -5.361429809077e-09   6.083981929686e-05   2.614763153514e-05  -4.673780581571e-06  -5.002144488841e-09  -8.931022243442e-03  -4.106964185940e-02   1.195314862411e-02   1.140079090080e-06  -2.194490583418e-01  -5.999644888165e-01   1.747133584515e-01   1.667609088571e-05   1.384595726141e-05   1.877099776716e-09   1.924883369399e-05  -1.738101285341e-09  -1.967369520116e-05  -4.695427235575e-06  -2.981834573775e-05  -3.716915025601e-02  -2.231777707189e-01   2.146802977734e-05  -1.117862341072e-05   3.319732773968e-10  -1.413443852412e-07  -2.702241150368e-07   2.138826978084e-07  -6.412321441559e-06  -3.150164712439e-10  -4.182314705169e-07   5.169181580441e-06  -5.304088851413e-06  -3.798508291099e-10  -3.684548564527e-03  -1.852031936661e-02  -1.138550489084e-03  -1.346797025725e-08  -1.428137460257e-01  -4.014886399876e-01  -2.476827854086e-02  -2.928963002545e-07   7.732498503314e-06  -5.031654751072e-10  -2.108358163999e-06  -6.482347032784e-10   8.996087305460e-06   4.018133501670e-07  -3.687037546956e-05  -3.527059254201e-02  -2.190812202581e-01  -9.080536517680e-06   1.330727029074e-06  -5.213666094827e-10  -3.737488871152e-07  -1.508074574517e-06  -2.517944623176e-03  -8.598277732777e-02  -1.019906942778e-06  -2.289830349455e-06   7.874377379311e-07  -3.736103531379e-07  -1.507685091750e-06  -2.519540437455e-03  -8.600210609908e-02  -1.019130653685e-06  -2.289891312017e-06  -7.868348554166e-07
  -2.812557881338e+01  -2.129897163653e+01   2.269572727039e-02  -7.722773633595e-03  -3.206683314229e-07  -9.513564881896e+00   6.140101686568e-03  -2.089497121876e-03  -8.929008315074e-08  -4.197489694987e+00   2.194033960435e-03  -7.480689471148e-04  -3.419265333521e-08  -1.924972050326e+00   7.953494044938e-04  -2.724584002416e-04  -1.321391744158e-08  -1.412817032481e-03   1.448793243718e-08  -1.354332968534e-03  -7.771555772240e-08   1.789617313528e-03  -3.553334477338e-01  -1.604829002062e+00  -1.358977873268e+00  -7.693309342827e-01  -2.298070847154e+00   7.895233086415e-01   4.100093612890e-05   2.262972153296e-06   6.211174657275e-06   1.358914444714e-04  -3.358141139954e-05  -1.273812281086e-08   1.110405687642e-04   1.408624239314e-04  -3.272146240338e-05  -1.464234041124e-08  -8.502659753052e-03  -3.920156306092e-02   1.141540693992e-02   1.083095719289e-06  -2.079301505639e-01  -5.679166674687e-01   1.653868980545e-01   1.578111920567e-05   6.261094803686e-06   4.188528497841e-09   1.493199933648e-05  -5.172230753851e-09  -4.207719626132e-06  -2.570251917424e-05  -3.568841979946e-05  -3.529888436202e-02  -2.113897019066e-01   4.520259284400e-05  -4.208683631793e-06  -7.669018426285e-09  -4.990774715705e-08  -6.807607248823e-07  -1.170933590316e-05  -1.514192021440e-05  -3.450676477812e-10  -6.136014575189e-06  -3.969740718704e-06  -1.976645315727e-05  -1.163785285915e-09  -3.510755050473e-03  -1.764171964123e-02  -1.086370551143e-03  -1.365107259347e-08  -1.353053144993e-01  -3.801986452109e-01  -2.342786856382e-02  -2.767969238089e-07   4.436254900599e-06  -1.967771892095e-09   1.669987625525e-06  -4.317065849689e-09   2.738741374701e-05  -2.512345070108e-06  -3.538734766360e-05  -3.351451519591e-02  -2.075345593090e-01  -9.314397685519e-06   8.654445328747e-07  -3.214131830233e-10   4.704408085033e-06   2.201861150739e-06  -2.394849348269e-03  -8.147357027831e-02  -4.095244635430e-06  -5.380732684179e-06  -3.170663930029e-07   4.700772660600e-06   2.199730456238e-06  -2.396367699077e-03  -8.149188026481e-02  -4.094279319738e-06  -5.379432013629e-06   3.171940758207e-07
   2.388773681651e-02   2.269572727039e-02   2.011511114968e+00  -2.475398666496e-02  -1.348196482323e-06   1.174324137493e-02  -1.141815668961e+00  -1.804921074147e-02  -9.932032733104e-07   1.556623822749e-02  -9.688382413575e-01  -6.698885475349e-03  -3.543197504912e-07   1.283501121063e-02  -3.887414216208e-01  -3.850996127158e-03  -1.360812323235e-07  -3.178389863783e-02   3.719066102076e-07  -3.821794848068e-02  -1.554166514924e-06   5.895881174869e-02   4.982638164282e-01   4.596462378568e-01   1.600867222146e-01   4.012035717764e-02   5.232593052704e-01  -3.123594715688e-01  -1.618078048544e-05   8.733830396176e-06  -2.319166774302e-04  -6.831152970917e-03   1.831802493548e-03   7.317539412877e-07  -5.525818065722e-03  -7.061833255542e-03   1.742912826719e-03   8.128220329017e-07   1.431408111348e-02   5.090939323108e-02  -1.710269256930e-02  -1.298123394842e-06   6.730172669952e-02   1.195934868382e-01  -4.888966840738e-02  -4.586751327779e-06  -9.771604955801e-04  -2.093904894912e-07  -1.275694397793e-03   1.986245565541e-07   9.765197557686e-04   1.943568637351e-03   1.373417263392e-03   1.952838236729e-02   3.460657180375e-02  -2.891062969070e-03   2.632747217165e-04   4.667570763018e-07  -9.250320127513e-06   3.663137769466e-05   7.508739670505e-04   1.139646119857e-03   3.522372352952e-08   4.186273460039e-04   4.027422456305e-04   1.520200037432e-03   8.488707808298e-08   4.912679957399e-03   1.890942607056e-02   1.869032994786e-03   8.189686755795e-08   3.347805257909e-02   6.638973594227e-02   5.788445213759e-03   8.559739701116e-08  -5.263143071259e-04   9.362945669977e-08  -1.595893807195e-04   2.881637555607e-07  -1.829735593396e-03   2.769427636771e-04   8.646569742891e-04   1.971042754343e-02   3.651686360469e-02   6.626557026982e-04  -1.142175543315e-04   3.325086671543e-08  -3.857876708770e-04  -2.247180387048e-04   2.465186559230e-03   1.987978016858e-02   3.575270938229e-04   5.204801628551e-04  -1.472811240294e-05  -3.855366336740e-04  -2.245775113154e-04   2.466437577572e-03   1.988286682928e-02   3.574059676097e-04   5.203786857973e-04   1.470487521963e-05
  -8.130937977496e-03  -7.722773633595e-03  -2.475398666496e-02   1.948588823107e+00   2.772521745046e-07  -3.955235080202e-03  -1.804974269504e-02  -1.187530949477e+00   1.785805490880e-07  -5.270652898080e-03  -6.686725044275e-03  -9.859015384866e-01   6.325799545611e-08  -4.398907996879e-03  -3.758788355696e-03  -3.988732379977e-01   7.712244377010e-08   3.941618937935e-02  -5.579207531166e-07   1.306095378168e-02   3.277658039518e-07   1.706921569841e-03  -1.712333351531e-01  -1.580070011576e-01  -5.515940855517e-02  -1.391483709820e-02  -3.123810892341e-01  -2.793669333289e-01   5.699106631409e-06  -1.678945503149e-06   7.520422814384e-05   2.401616772108e-03  -7.633034735281e-05  -9.162733906640e-08   1.789251603595e-03   2.516545264231e-03  -1.744543340457e-04  -7.726547381988e-08  -4.143674934262e-03  -1.717517209288e-02  -2.772020260838e-03   5.710309348533e-07  -1.969868668214e-02  -4.975637852879e-02  -3.577130005639e-02   1.494320530602e-06  -4.287760633020e-04  -1.498066550138e-08   4.254355375893e-04  -7.732770471108e-09  -5.722010150214e-04  -9.985160501904e-05  -2.698477625581e-04  -1.114802353695e-02  -1.950204761582e-02   8.944246467886e-04  -1.496816803575e-04  -4.956676406112e-08   1.089004089709e-05  -3.686328788944e-05  -8.205277585594e-04  -2.897908412790e-04  -5.765755978850e-08  -5.768968328393e-04  -7.700640610063e-04  -3.858775680503e-04  -9.401613899631e-08   5.048624795589e-04   1.937970972490e-03  -2.170862281025e-03  -9.680771451134e-09   2.435958289170e-03   5.344087772101e-03  -2.401926207544e-02   4.176592509821e-08  -1.607667948833e-05   1.483314717848e-08   1.733129991842e-04  -9.773684561251e-08   7.628775700710e-04  -4.365575070816e-04   1.298755636602e-04   8.444336560687e-03   1.435364100756e-02   2.914372060001e-04  -2.740543478468e-04   2.425895001214e-08   2.726501622033e-04   1.758908690719e-04   3.232773256311e-04   9.104027803462e-04  -2.615480455834e-04  -1.245856079808e-04  -3.695380326395e-05   2.725185804533e-04   1.758035528808e-04   3.234712460241e-04   9.113297707253e-04  -2.615196439525e-04  -1.245453612089e-04   3.689705125517e-05
  -3.385912271855e-07  -3.206683314229e-07  -1.348196482323e-06   2.772521745046e-07   1.939044878287e+00  -1.577586336528e-07  -9.902856945133e-07   1.781556164011e-07  -1.194641075574e+00  -2.029843926641e-07  -3.769990689402e-07   6.996291720853e-08  -9.884748028150e-01  -1.273088646620e-07  -2.078607105914e-07   1.046713521368e-07  -3.999404541782e-01   3.499176490471e-07  -1.086250272364e-02  -1.305865796538e-07   3.203947464406e-02  -5.391520990947e-07  -8.941673833941e-06  -8.178631934243e-06  -2.759198939095e-06  -6.077728970362e-07  -1.614982037127e-05   5.679317274657e-06  -3.861424388334e-01  -6.085993304692e-09   4.461863104136e-09   5.681114508426e-08   1.250256980278e-07   1.496063027352e-03   2.004962982134e-07   2.789891106515e-08   1.777155546549e-07   1.645362954032e-03  -3.707301537989e-07  -1.694244564524e-06   6.638319847730e-07  -6.814768650332e-03  -1.810837297096e-06  -4.633316401946e-06   1.470331778944e-06  -4.947850668759e-02   7.991488560401e-08   9.957665244556e-05   8.369045472681e-08  -3.804804793719e-04  -7.524592574430e-09  -2.951498321703e-07  -1.420038881412e-07   1.554731872892e-06   2.712666195940e-06  -7.885928433464e-09   1.807415144501e-07   6.170888429959e-04   1.010911063375e-09  -2.407014048777e-09  -4.578454218440e-08  -7.055195739267e-08   2.216906913176e-05  -4.047059969231e-08  -6.018674107254e-08  -9.168236333845e-08   1.266618357084e-04   8.815758208876e-09   8.821741341673e-11   3.081133674487e-09  -2.088982588769e-03   7.580045794133e-08   9.670683756117e-08   5.284103254699e-08  -2.425337084566e-02   1.841383078525e-08   3.150926722748e-04   1.047621855980e-07   3.684033591575e-04  -5.621408010757e-08  -1.307499239053e-08  -8.010655791905e-08  -1.055374422733e-06  -1.800357891217e-06  -1.058681672207e-07  -2.186562512024e-08  -7.020567858746e-05  -1.125250370610e-04  -6.440244503147e-05  -6.273348659275e-04  -4.350503867385e-03   4.112683373206e-05   4.204740114733e-05  -1.810432491222e-05   1.125577194379e-04   6.443904974865e-05   6.278778265669e-04   4.352509903848e-03  -4.108960282340e-05  -4.210940825915e-05  -1.816875648578e-05
  -1.043701270653e+01  -9.513564881896e+00   1.174324137493e-02  -3.955235080202e-03  -1.577586336528e-07  -4.955435031063e+00   5.706210748854e-02  -1.937685243181e-02  -8.362240762083e-07  -3.072740533665e+00   4.941323156627e-02  -1.679072474458e-02  -7.356267634538e-07  -1.741107470604e+00   1.784949499247e-02  -6.071994662140e-03  -2.767700711976e-07   3.045940813542e-02  -5.009109752246e-07   2.880903146294e-02   1.562781218587e-06  -3.916877557935e-02  -6.563413237478e-01  -1.446845404086e+00  -1.279738501718e+00  -7.714171652803e-01  -1.590825658985e+00   5.464957272084e-01   2.844176463337e-05   1.916887869797e-05   1.127161420169e-04   3.297702861867e-03  -8.097112973052e-04  -2.894350957706e-07   2.429384718337e-03   3.518246352609e-03  -8.079162621573e-04  -3.314397192052e-07  -2.258201148594e-02  -8.331401373715e-02   2.423470026257e-02   2.190845517626e-06  -2.306836822939e-01  -5.770739274805e-01   1.676772314410e-01   1.603105853783e-05   1.304122143533e-04   9.541679150634e-08   3.250718884322e-04  -1.141026948118e-07  -7.918462243761e-05  -7.497298516350e-04  -6.573302434994e-04  -4.799537117111e-02  -2.233050930201e-01   1.134087929290e-03   2.995771101429e-05  -2.338705161327e-07   2.943958635141e-06  -1.824693516601e-05  -3.835235947807e-04  -4.062984304262e-04  -1.067308475909e-08  -2.004258178422e-04  -2.313540438242e-04  -5.756433831145e-04  -3.607012439938e-08  -7.342518005749e-03  -3.164256253847e-02  -2.189049114005e-03  -5.727244296421e-08  -1.466547850318e-01  -3.930200526237e-01  -2.486290435947e-02  -3.208399412951e-07   4.130909528929e-05  -4.831505997129e-08   9.607126600322e-05  -1.247052155851e-07   7.490548369401e-04  -8.794558503776e-05  -4.895137985268e-04  -4.529888593201e-02  -2.188602799412e-01  -1.483550749332e-04   6.958850560583e-06  -4.942805040256e-09   1.634245919725e-04   1.035516501357e-04  -4.237977147505e-03  -8.919544619073e-02  -1.220047245192e-04  -1.508523663502e-04  -1.521693043376e-05   1.633098348286e-04   1.034854465721e-04  -4.240393923219e-03  -8.921468120179e-02  -1.219729279277e-04  -1.508066664425e-04   1.521179226649e-05
   1.083727722038e-02   6.140101686568e-03  -1.141815668961e+00  -1.804974269504e-02  -9.902856945133e-07   5.706210748854e-02   5.090833037436e-02   1.124846508113e-02   5.293662580621e-07   1.031252314504e-01  -5.457719166062e-01   2.446944701763e-02   1.253440263560e-06   7.729137473209e-02  -3.918477436525e-01   1.002269423922e-02   5.834589238921e-07  -7.213190613447e-02   8.899411580695e-07  -8.434381344960e-02  -3.513896567856e-06   1.285327765952e-01   5.595841798833e-01   4.518540699844e-01   2.224023280387e-01   7.900241237555e-02  -3.031110684894e-02  -7.805950032630e-02  -4.112945576142e-06   3.223133553670e-05  -2.805267778949e-04  -7.834258338736e-03   2.095492172373e-03   8.281868797351e-07  -6.231228853514e-03  -5.944986484318e-03   1.347570896201e-03   8.448218012539e-07   3.230080897328e-02   9.683248584382e-02  -3.177830683189e-02  -2.788385288145e-06   9.823503652464e-02   1.622273272561e-01  -6.296238266927e-02  -6.158067580138e-06  -1.850259760505e-03  -2.261685330394e-07  -2.215939664074e-03   1.658742176438e-07   2.224507655210e-03   2.206252523271e-03   2.243464393961e-03   3.209874460398e-02   5.423461846929e-02  -3.503073805490e-03   5.264218774242e-04   4.516645242450e-07  -1.227332003493e-05   4.143999484105e-05   7.846821777007e-04   1.434213860262e-03   4.293462411819e-08   4.598857326240e-04   4.284488566820e-04   1.853910185117e-03   9.068553913921e-08   9.448291046156e-03   3.390688471745e-02   3.416111186855e-03   1.048474227238e-07   4.968756281297e-02   9.682434323590e-02   9.969002737244e-03   1.864468296274e-07  -7.952841092440e-04   9.523617590175e-08  -1.556153166505e-04   3.174567325027e-07  -2.111751461768e-03   2.833539062100e-04   1.603691769241e-03   3.059035127326e-02   5.471960631491e-02   9.479311848217e-04  -1.705441682601e-04   5.220880006356e-08  -4.294173728898e-04  -2.387979081334e-04   4.566109082424e-03   3.001840866099e-02   4.274833823093e-04   6.696294503143e-04  -4.685505657234e-05  -4.291471020343e-04  -2.386505863595e-04   4.568254374351e-03   3.002296244670e-02   4.273171047126e-04   6.695165537392e-04   4.681074254767e-05
  -3.689923058871e-03  -2.089497121876e-03  -1.804921074147e-02  -1.187530949477e+00   1.781556164011e-07  -1.937685243181e-02   1.124846508113e-02   8.050273698612e-02  -2.730470389762e-07  -3.504802674261e-02   2.448281354205e-02  -4.827292811085e-01  -4.153843027847e-07  -2.631710089037e-02   1.011912039436e-02  -3.664100686564e-01  -1.221063055529e-07   8.106061503301e-02  -1.134577301954e-06   2.880445577555e-02   8.414140798674e-07  -7.904392701205e-04  -1.922571946336e-01  -1.551869491979e-01  -7.643061003703e-02  -2.719458418655e-02  -7.785450552361e-02  -2.312818802623e-01   1.636130370552e-06  -8.877392999341e-06   9.158947568646e-05   2.778163704067e-03  -8.448426496576e-05  -1.120011376848e-07   2.044817752569e-03   2.223918572899e-03  -1.329299150302e-04  -7.620027949625e-08  -9.634306373703e-03  -3.307334327883e-02  -4.101698681478e-03   1.062269583799e-06  -2.971749405453e-02  -6.673132091574e-02  -3.979246903425e-02   2.057468698164e-06  -4.346670334706e-04  -2.899622138955e-08   7.279924849002e-04   1.592327905049e-08  -1.080719375593e-03  -7.349003414295e-05  -6.648747764186e-04  -1.702960956404e-02  -2.751645488635e-02   1.038896079868e-03  -2.393002031602e-04  -4.717040162811e-08   1.480770982018e-05  -4.530752211284e-05  -9.639627835071e-04  -3.589981073414e-04  -7.187203570566e-08  -6.967977331599e-04  -8.584185617205e-04  -4.654007013210e-04  -1.150261437367e-07   3.844542996147e-04   1.321360486357e-03  -3.742199758479e-03  -1.094023690709e-08  -4.630030435528e-04  -1.707707812011e-03  -2.969510120634e-02   2.740949101267e-08   1.755194396730e-05   2.028804034345e-08   1.757953263539e-04  -1.114038653377e-07   9.412513536141e-04  -5.064688026198e-04   3.834930090562e-04   9.964510886982e-03   1.263071720425e-02   4.223218319796e-04  -3.270154683944e-04   2.592455382288e-08   3.152653413027e-04   1.980512646657e-04   2.283892429214e-04  -9.384970402377e-04  -3.262828294747e-04  -1.589011442112e-04  -3.032330247568e-05   3.151108268557e-04   1.979549602755e-04   2.285867639775e-04  -9.377326424980e-04  -3.262326755086e-04  -1.588548528115e-04   3.025551412324e-05
  -1.564404361097e-07  -8.929008315074e-08  -9.932032733104e-07   1.785805490880e-07  -1.194641075574e+00  -8.362240762083e-07   5.293662580621e-07  -2.730470389762e-07   8.387866550371e-02  -1.487486954884e-06   1.221425213043e-06  -4.064431419265e-07  -4.741340816772e-01  -1.052074695896e-06   4.979892515135e-07  -8.843797966159e-08  -3.624056774677e-01   8.658941948053e-07  -2.144718305708e-02  -8.990488669505e-08   6.335052512332e-02  -1.234872176996e-06  -9.983133574582e-06  -7.869725301216e-06  -3.684240317879e-06  -1.172307125202e-06  -3.827368519526e-06   1.529434284715e-06  -2.571202943704e-01  -7.458930106830e-09   5.391085144274e-09   6.156837878567e-08   1.395248300565e-07   1.693581965721e-03   2.233722809778e-07  -2.925142036007e-08   2.145749142699e-07   1.719187718692e-03  -8.144329762896e-07  -2.964706527367e-06   1.054384941704e-06  -1.252094024881e-02  -2.431222076284e-06  -5.560396142964e-06   1.763825302463e-06  -5.800103642518e-02   1.138409558212e-07   1.515222769576e-04   1.246837348479e-07  -5.882073204385e-04  -3.474075728153e-08  -3.488254607480e-07  -1.188567930956e-07   2.012069305271e-06   2.962821069048e-06   7.845575152971e-09   1.874277588826e-07   6.870886197324e-04   1.284595456249e-09  -2.782789313290e-09  -4.939681756192e-08  -8.537865464838e-08   4.618777778866e-05  -4.556619637892e-08  -6.203188087639e-08  -1.096742418911e-07   1.598408026214e-04  -5.947924052629e-09  -6.929561660783e-08  -3.729950234348e-09  -3.485825502737e-03  -6.667659312075e-08  -2.424266256125e-07   1.617230808950e-08  -2.885708307515e-02   3.123867755358e-08   3.650942887406e-04   1.217584151125e-07   4.013318325921e-04  -6.800106342719e-08  -1.465564358680e-08  -1.266147748926e-07  -1.486649663721e-06  -2.289357756039e-06  -1.441665007272e-07  -2.591363475360e-08  -9.132187316954e-05  -1.172088758589e-04  -6.282447290699e-05  -9.777042832829e-04  -5.261505350827e-03   5.251627106981e-05   4.631346561456e-05  -2.470805858919e-05   1.172418962148e-04   6.286781772489e-05   9.784827577053e-04   5.263696786423e-03  -5.245822796660e-05  -4.639131846138e-05  -2.479925073420e-05
  -4.466760541142e+00  -4.197489694987e+00   1.556623822749e-02  -5.270652898080e-03  -2.029843926641e-07  -3.072740533665e+00   1.031252314504e-01  -3.504802674261e-02  -1.487486954884e-06  -1.842891259317e+00   1.484661652380e-01  -5.021459848336e-02  -1.997919462619e-06  -1.098113689212e+00   8.107257533517e-02  -2.713719674521e-02  -9.588371297503e-07   4.103851700809e-02  -6.633637471327e-07   3.884059789169e-02   2.101277492692e-06  -5.277503354911e-02  -5.592403149691e-01  -9.868702345877e-01  -8.623433988584e-01  -5.408043996277e-01  -9.430124423423e-01   3.246439714311e-01   1.722080919898e-05  -2.339575567080e-03  -2.330579652297e-03  -7.645136475216e-03   2.090609076582e-03   4.165568427438e-07  -1.284888349321e-02  -2.107362834600e-02   5.918669138118e-03   8.415866883840e-07  -5.204941657880e-02  -1.181579559520e-01   3.357345524144e-02   3.641676028608e-06  -1.964698500003e-01  -4.215668373323e-01   1.215618143613e-01   1.217787213492e-05   4.507243880628e-03  -2.382835610192e-07   4.635530867209e-03   5.752477149560e-07  -7.256310082963e-03   4.293566526834e-04  -4.823192423994e-03  -5.464958710258e-02  -1.739244627956e-01  -3.015234525705e-03   1.175310093865e-03   4.577501652850e-08  -8.666536459292e-06   8.544804245140e-06   2.306689094756e-04   3.684657949834e-04   5.925921600148e-09  -4.995983363946e-04  -1.972862265083e-03   3.335421611241e-04   1.584340141885e-08  -1.484360885812e-02  -4.747025113228e-02  -4.464023739173e-03  -1.201357631006e-07  -1.196374193230e-01  -2.926744785917e-01  -2.262357775758e-02  -3.946709024899e-07  -3.543912007836e-04   6.367994938390e-08   8.798966291197e-04   8.210357890252e-08  -2.247496282707e-03  -2.080384863956e-04  -3.757931157109e-03  -4.815060741617e-02  -1.677021315783e-01  -1.313681372051e-03  -5.734699588048e-04   6.722639685324e-08  -1.341805075911e-04  -1.907514045064e-04  -7.587936568489e-03  -7.398826991901e-02   1.086785226283e-04   1.265259124181e-04   2.566306442119e-05  -1.340774715676e-04  -1.907935169036e-04  -7.591200338108e-03  -7.400273749624e-02   1.086354319099e-04   1.264865594949e-04  -2.565891770638e-05
   4.507440660557e-03   2.194033960435e-03  -9.688382413575e-01  -6.686725044275e-03  -3.769990689402e-07   4.941323156627e-02  -5.457719166062e-01   2.448281354205e-02   1.221425213043e-06   1.484661652380e-01  -6.571778553451e-02   5.750203820705e-02   2.859134022985e-06   1.420099269003e-01  -1.185861631185e-01   3.532424398631e-02   1.715186933614e-06  -6.081069388586e-02   7.952759673898e-07  -6.802982141846e-02  -3.006762047162e-06   1.015088570129e-01   3.855216756238e-01   2.527740365060e-01   1.896154870438e-01   1.094237758443e-01   6.562191929758e-02  -2.927980894750e-02  -1.910712048853e-06   1.174692725599e-02   1.159016013713e-02   2.605399223020e-02  -8.041378450451e-03  -1.326708375863e-06   4.380637014715e-02   5.896902520898e-02  -1.883100377252e-02  -2.548511364462e-06   8.867216557948e-02   1.297265505163e-01  -4.277294252308e-02  -5.146494158721e-06   1.114582395880e-01   1.285511739408e-01  -4.505619742910e-02  -5.357570596035e-06  -1.331552506429e-02   7.566635303176e-07  -1.233102091843e-02  -1.714366746861e-06   1.841414714129e-02  -2.538246097123e-04   1.407289806472e-02   5.209121650549e-02   6.649991639229e-02   9.237461034043e-03  -4.886008966236e-03   2.211039877859e-07   4.800454042085e-05   9.302191511099e-06   4.977370250641e-05  -5.772379235811e-04   3.532731351162e-10   2.555301470580e-03   8.224212275895e-03   1.571394289142e-04  -7.295715468920e-10   2.589234645889e-02   6.332670665432e-02   9.436154896117e-03   3.445596965482e-07   5.839328659840e-02   9.613525047524e-02   1.647816743248e-02   5.193334250696e-07   1.628111122318e-03  -1.761443603268e-07  -3.674815670097e-03  -1.171409209640e-07   7.437459636917e-03   1.151543954220e-03   1.046775186714e-02   4.194512456704e-02   6.101056146185e-02   5.019702062456e-03   2.272288846021e-03  -2.653298529303e-07   1.561573169289e-04   5.374230360954e-04   1.208417746359e-02   3.730075566500e-02  -6.916175973226e-05  -9.773901762043e-05  -5.320188217289e-05   1.559625693160e-04   5.377183661577e-04   1.208797758068e-02   3.730529580460e-02  -6.900088952479e-05  -9.764744479407e-05   5.320110502577e-05
  -1.537090545895e-03  -7.480689471148e-04  -6.698885475349e-03  -9.859015384866e-01   6.996291720853e-08  -1.679072474458e-02   2.446944701763e-02  -4.827292811085e-01  -4.064431419265e-07  -5.021459848336e-02   5.750203820705e-02   8.289019839739e-02  -7.928190822192e-07  -4.755199082026e-02   3.526362153518e-02  -2.566975371117e-02  -3.743409830961e-07   5.757661857119e-02  -7.859502441135e-07   2.324590619616e-02   7.774556256165e-07  -6.654456112147e-03  -1.322378744743e-01  -8.580258737980e-02  -6.360966530848e-02  -3.643279234108e-02  -2.811224854092e-02  -5.535772574620e-03   9.370064549003e-07  -3.427761640709e-03  -3.378965289039e-03  -8.356441179901e-03  -1.413121566546e-04   1.823480158284e-07  -1.276628500964e-02  -1.940542305823e-02  -1.603664615918e-03   4.882360999619e-07  -2.667454656947e-02  -4.695527118853e-02  -9.730872780938e-03   1.487038736087e-06  -3.488107348847e-02  -5.177824634218e-02  -1.947262054913e-02   1.798435632290e-06  -1.212885128980e-03  -6.159092072570e-09   3.673720153427e-03   5.564406248242e-07  -8.694979892154e-03  -5.780647106285e-04  -7.345409658202e-03  -2.355822441997e-02  -2.740025108490e-02  -4.946248144870e-03   2.104307293574e-03  -5.279964541040e-07   1.665702147140e-05   2.483789840357e-05   5.036798772089e-04   6.966401227349e-05   2.141698156070e-08   3.740124161402e-04   7.332307313386e-04  -4.182009808382e-04   2.976085203276e-08  -1.023291602319e-03  -4.102704586333e-03  -8.665831742590e-03  -2.849585929028e-08  -8.802068836639e-03  -1.865256247023e-02  -2.245379326076e-02  -8.037139666975e-08  -7.381641345745e-04  -1.158093262985e-08  -2.641303898103e-04   5.438640169439e-08  -9.977484403654e-05   7.232951528032e-04   3.879337119323e-03   5.894667437979e-03  -2.333359592609e-03   2.186633578169e-03   4.899907699653e-04  -1.227650389724e-07  -1.362380429372e-04  -5.625626158107e-05  -7.747898950302e-04  -5.881659784084e-03   5.205203427966e-05  -1.239551687505e-06   6.931872617992e-05  -1.361910609021e-04  -5.617893702418e-05  -7.747030159570e-04  -5.881834757446e-03   5.214226165519e-05  -1.263377900669e-06  -6.929319229020e-05
  -6.746912856647e-08  -3.419265333521e-08  -3.543197504912e-07   6.325799545611e-08  -9.884748028150e-01  -7.356267634538e-07   1.253440263560e-06  -4.153843027847e-07  -4.741340816772e-01  -1.997919462619e-06   2.859134022985e-06  -7.928190822192e-07   1.039311114626e-01  -1.666711814615e-06   1.717441418161e-06  -3.668680676539e-07  -1.226235781795e-02   7.909288485700e-07  -1.391679555351e-02   2.054178952649e-07   4.118526067718e-02  -1.133699039068e-06  -6.749637060088e-06  -3.928871243990e-06  -2.588437994830e-06  -1.360768584488e-06  -1.239523249824e-06   7.159441269921e-07  -1.428032412808e-02  -3.131260472719e-07  -3.160689741456e-07  -6.783649903015e-07   1.356286049933e-08  -3.682577294636e-03  -1.269692348037e-06  -1.644234496365e-06   2.491793385228e-07  -8.572041234849e-03  -2.215599669599e-06  -3.402255044614e-06   8.659887945978e-07  -2.345809394360e-02  -2.278826747681e-06  -2.896660998277e-06   8.941678366525e-07  -3.334550853133e-02   3.771709471157e-07   1.621712989133e-03   6.438613282447e-07  -5.785539461402e-03  -6.458257158550e-07   3.079190826151e-07   9.080278891679e-07   1.739386563092e-06   1.228201452483e-06   5.427046218589e-07  -6.427953908025e-07  -1.403724100611e-03   2.372939679824e-10   2.428405976865e-09   4.821073233476e-08   3.939174015810e-08   4.580530445166e-05   3.327998652288e-08   5.002867224585e-08   5.041285483821e-08  -6.037892945366e-04  -1.310361643345e-07  -3.872012750130e-07  -7.666336356430e-08  -7.302056486447e-03  -4.642749388139e-07  -8.523887040113e-07  -1.545622767050e-07  -1.845346153414e-02   5.577331583885e-08  -3.662506327780e-04  -4.579172050276e-08  -1.219107412542e-03  -1.158339245850e-08  -5.957837950203e-08  -5.075264031598e-07  -1.617724577392e-06  -1.726421788624e-06  -3.225784145331e-07  -1.014518461757e-07  -4.135168387329e-04   1.296366200653e-04  -1.884121657760e-05  -1.852676490889e-03  -3.684150180405e-03  -4.149322480564e-05  -4.354953840061e-05  -1.374439411576e-05  -1.296653312220e-04   1.894330297706e-05   1.853627665263e-03   3.684970975426e-03   4.162315962111e-05   4.356406279978e-05  -1.380367460613e-05
  -2.036635574461e+00  -1.924972050326e+00   1.283501121063e-02  -4.398907996879e-03  -1.273088646620e-07  -1.741107470604e+00   7.729137473209e-02  -2.631710089037e-02  -1.052074695896e-06  -1.098113689212e+00   1.420099269003e-01  -4.755199082026e-02  -1.666711814615e-06  -5.964472514502e-01   1.217511457842e-01  -3.804651167757e-02  -1.002738683980e-06   2.769346504890e-02  -4.412738468493e-07   2.622909811795e-02   1.414066858844e-06  -3.561698994255e-02  -4.243098525412e-01  -6.312875997040e-01  -5.154454196905e-01  -3.214227030404e-01  -5.801572572212e-01   2.015201679657e-01   1.083547874461e-05  -1.415992008799e-01  -1.354506527033e-01  -5.997977819624e-02   1.641706191577e-02   3.041269874784e-06  -1.655199956773e-01  -7.305332556152e-02   2.084058673208e-02   4.855423556478e-06  -1.562379096815e-01  -1.013476365339e-01   3.449642148883e-02   6.447974433776e-06  -1.931494342004e-01  -2.418013252877e-01   7.736230197137e-02   9.480971815102e-06   3.631378303359e-03   2.247868412449e-07   5.816694632379e-03   9.970315129428e-07  -5.207441348559e-03  -1.882547745225e-02  -5.589209288144e-02  -9.413638951958e-02  -1.415773330350e-01  -3.535658497062e-02   3.909881239709e-02  -9.620206909467e-06  -1.333446883438e-02  -1.305850132446e-02  -1.069724110616e-02   3.312792915859e-03  -1.132308460667e-07  -2.932217095470e-02  -3.489138835923e-02  -3.696080251045e-03  -8.452863675369e-07  -6.043173614255e-02  -8.866092333497e-02  -2.773400247113e-02  -2.048334339652e-06  -1.136219785095e-01  -1.948017245358e-01  -3.235306432531e-02  -1.274615051607e-06  -1.488835053307e-02   2.840082730596e-07   1.472663788533e-02  -1.291195010838e-06  -1.376087681561e-02  -1.692579738098e-02  -3.087743758727e-02  -6.781272757843e-02  -1.294324458655e-01  -6.423065064582e-03  -1.180791903649e-02   1.784228685708e-06  -2.170882030664e-03  -8.462857067268e-03  -3.119935764579e-02  -7.473324637870e-02  -3.965883952896e-03   1.477589199501e-03   2.218137773339e-03  -2.171859277307e-03  -8.465398381431e-03  -3.120415577285e-02  -7.474232224900e-02  -3.967185508143e-03   1.476993583981e-03  -2.219726187498e-03
   1.767114005804e-03   7.953494044938e-04  -3.887414216208e-01  -3.758788355696e-03  -2.078607105914e-07   1.784949499247e-02  -3.918477436525e-01   1.011912039436e-02   4.979892515135e-07   8.107257533517e-02  -1.185861631185e-01   3.526362153518e-02   1.717441418161e-06   1.217511457842e-01   3.133913618183e-03   4.262153299224e-02   2.238578665032e-06  -2.702666053513e-02   3.316411382120e-07  -2.980030156607e-02  -1.361904788635e-06   4.401599455163e-02   2.930680097966e-01   1.894036737677e-01   1.574277360859e-01   1.452211989102e-01   8.942527702244e-02  -5.263141927961e-02  -2.827669880778e-06   4.346169186032e-01   4.140837121146e-01   1.221721660122e-01  -4.358127424888e-02  -7.498337117510e-06   4.413642309921e-01   1.196654654752e-01  -4.856328899161e-02  -1.209197878598e-05   3.391573644473e-01   5.903611023048e-02  -4.761897618916e-02  -1.258216146416e-05   2.254756636361e-01   2.677604408610e-02  -3.512071715883e-02  -7.549870907713e-06  -1.873835746810e-03  -1.652527650244e-06  -9.960221363580e-03  -8.093511543863e-07  -1.895511847540e-03   5.991461595182e-02   1.471633698423e-01   1.674831800504e-01   1.297018971602e-01   7.965471685015e-02  -1.147407161819e-01   3.016670570941e-05   5.728835274634e-02   5.591269406526e-02   3.856798632917e-02  -5.455313885066e-03   4.115422721331e-07   1.018383839996e-01   9.884281609311e-02   1.784679254440e-02   2.774957387464e-06   1.523420183951e-01   1.574151405533e-01   7.489643049307e-02   5.729045791579e-06   1.321936095334e-01   1.012480330348e-01   5.407493186407e-02   3.024334885906e-06   4.597216036848e-02  -5.294318758196e-07  -4.166601471007e-02   5.006430198368e-06   2.558995612552e-02   5.328859316401e-02   8.163464415344e-02   1.097214618821e-01   1.085612876762e-01   6.576931739169e-03   3.711708281537e-02  -5.682781124099e-06   8.033124615331e-03   2.985418548732e-02   7.919713247749e-02   9.372222301465e-02   1.598213160900e-02  -3.191866498237e-03  -9.478687687212e-03   8.037555751081e-03   2.986196797121e-02   7.920374530047e-02   9.372534380225e-02   1.598485667156e-02  -3.189844435666e-03   9.484507171852e-03
  -6.040960639750e-04  -2.724584002416e-04  -3.850996127158e-03  -3.988732379977e-01   1.046713521368e-07  -6.071994662140e-03   1.002269423922e-02  -3.664100686564e-01  -8.843797966159e-08  -2.713719674521e-02   3.532424398631e-02  -2.566975371117e-02  -3.668680676539e-07  -3.804651167757e-02   4.262153299224e-02   1.332937081225e-01  -2.649354196449e-07   2.387424888728e-02  -3.074064460300e-07   1.019643291693e-02   3.451316504384e-07  -3.940083426951e-03  -1.003858259442e-01  -6.190645333086e-02  -4.435620350647e-02  -3.809617693902e-02  -5.015754046638e-02  -3.384847791136e-02   1.130090867913e-06  -1.265981273134e-01  -1.206575066933e-01  -4.644216125565e-02  -2.120613486040e-02   1.110728731861e-06  -1.292482745366e-01  -4.928112203230e-02  -3.122186547184e-02   2.653253219455e-06  -9.570341958101e-02  -3.234957610926e-02  -2.743328499510e-02   3.535359850807e-06  -5.897543751786e-02  -1.499362007345e-02  -4.576751388375e-03   2.524984091148e-06  -2.294890875239e-03   2.766559970585e-06   2.518534909374e-03   1.690046237993e-07  -3.504855045548e-03  -3.523372275699e-02  -6.262885086125e-02  -5.484428333933e-02  -3.409914460848e-02  -3.788555458088e-02   3.830129061744e-02  -1.382529521511e-05   3.525955951965e-03   3.757915955167e-03   7.105889328911e-03  -5.929149543770e-03   5.330322530107e-07   7.038718175520e-03   2.153305582801e-03  -1.912979246389e-02   6.120518370240e-07  -1.114145033398e-02  -2.968295224293e-02  -4.337150621384e-02  -3.260158186430e-07  -2.561130625078e-02  -3.724860161335e-02  -2.554239479764e-02  -2.139058258288e-07  -1.792399358413e-02  -1.480364475181e-06   2.461727561622e-03   3.488040106600e-07  -4.089018572049e-03   2.045633821571e-02   2.211119727524e-02  -2.069752886846e-03  -2.230117940956e-02   4.326528622033e-03   4.568772840144e-03  -1.440918726019e-06  -8.285508749448e-04   2.921809704513e-04  -6.589538760511e-03  -1.716736216637e-02   1.971875660861e-03  -1.562606858051e-03  -1.875701416984e-04  -8.274803255375e-04   2.936108948034e-04  -6.589137604583e-03  -1.716816774614e-02   1.972647667891e-03  -1.563132793137e-03   1.885419899268e-04
  -2.674460872959e-08  -1.321391744158e-08  -1.360812323235e-07   7.712244377010e-08  -3.999404541782e-01  -2.767700711976e-07   5.834589238921e-07  -1.221063055529e-07  -3.624056774677e-01  -9.588371297503e-07   1.715186933614e-06  -3.743409830961e-07  -1.226235781795e-02  -1.002738683980e-06   2.238578665032e-06  -2.649354196449e-07   1.501015198677e-01   3.475893135475e-07  -5.495184404438e-03   1.461768599743e-07   1.629155480162e-02  -5.292792770630e-07  -5.066162974555e-06  -2.782001401077e-06  -1.579216633030e-06  -1.177953983927e-06  -2.579452849395e-06   1.058992142309e-06  -5.175442102287e-02  -1.197044124937e-05  -1.146787337130e-05  -3.423967431850e-06  -1.573409003254e-07  -4.257423340040e-02  -1.230056689562e-05  -3.546100335288e-06   1.459007032332e-07  -5.184984726951e-02  -7.693485813180e-06  -1.344824173406e-06   6.450528515521e-07  -3.365811328814e-02  -3.433393159151e-06   1.024013192452e-06   5.343751321195e-07  -8.185525637567e-04  -3.043401843350e-07   2.461308313299e-03   7.867967418303e-07  -7.808489999404e-03  -7.821010811370e-07   5.656908928664e-06   4.359677124094e-06   1.122471190470e-07  -1.439864399740e-06   2.414253797849e-06  -4.244995364396e-06  -1.539234778530e-02   3.314967802073e-08   5.229101438853e-08   6.061056280075e-08   5.806005857482e-07  -5.561816382362e-03  -1.190246126680e-07  -7.951964315410e-07   4.729131956217e-07  -1.249469746054e-02  -1.568897540218e-06  -2.900456872960e-06  -7.805014257917e-07  -1.791748209479e-02  -1.702047821157e-06  -1.811914791594e-06  -4.475494599326e-07  -4.282059368552e-03  -2.234037478380e-07  -4.649738568635e-03   3.902767500468e-07  -9.962630047813e-03   1.643113994955e-07  -2.286310134290e-06  -2.699375717901e-06  -2.362499830271e-06  -1.332423930213e-06  -5.245843807766e-07  -9.856958173822e-07  -5.244802066375e-03  -1.508200756962e-03  -4.068704064502e-03  -5.558923909924e-03  -1.739307511582e-03  -3.135093823275e-03  -3.173615483412e-04   2.565643146866e-04   1.509509955423e-03   4.070813641465e-03   5.559236185510e-03   1.737261424018e-03   3.136227905068e-03   3.180590893457e-04   2.574110711976e-04
  -3.663676157392e-04  -1.412817032481e-03  -3.178389863783e-02   3.941618937935e-02   3.499176490471e-07   3.045940813542e-02  -7.213190613447e-02   8.106061503301e-02   8.658941948053e-07   4.103851700809e-02  -6.081069388586e-02   5.757661857119e-02   7.909288485700e-07   2.769346504890e-02  -2.702666053513e-02   2.387424888728e-02   3.475893135475e-07   4.218113380797e+00   8.945670955663e-07  -2.776662694825e-02  -9.111044360903e-07   1.803515619718e-02   5.145715509214e-02   5.461812059258e-02   3.758626741073e-02   1.647933596882e-02  -2.491266771618e-01  -3.954040778206e-02   5.235974868176e-06   1.725742823940e-06  -1.449490615937e-05  -3.663360978168e-05   2.027494290574e-05   2.992077142201e-08  -7.943546947717e-05   7.329986333061e-04  -9.762072298594e-05   1.407366405319e-08   6.790226262614e-03   2.009974061131e-02  -6.599345227663e-05  -6.259610781817e-07   1.432492938317e-02   2.655631401734e-02   2.271128786841e-03  -9.019819931899e-07  -1.999471151061e-04   9.953950168897e-09  -2.428802121514e-04  -1.541585539415e-08   3.783507779056e-04   2.103724968905e-06   3.725898938179e-04   6.703364562428e-03   9.441339368945e-03  -4.654722862611e-05   1.231058075286e-04  -1.306167171620e-08   8.070515908635e-07   1.030672785670e-06  -9.166600486188e-05   1.682695213159e-05   1.692518790891e-09  -2.381070458825e-05  -1.699928095118e-04   1.143761410829e-05   7.373187480526e-10   3.731608895171e-04   1.515523868156e-03   1.647840375509e-03   1.768078241645e-09   4.671095622486e-03   1.056305325171e-02   5.942200047164e-03   3.672784327943e-08  -5.358978619447e-05   3.363695601515e-09   5.467581914341e-05  -1.236502937714e-08  -7.493700987298e-06  -7.061942902669e-05  -2.769180237372e-04  -6.170177636758e-04   4.044518656266e-03  -6.582963102785e-05  -2.257993040077e-05   7.800896197943e-09   4.494634937871e-05   4.908204239357e-05   2.854289572258e-04   2.946475924016e-03  -3.667429034842e-06   9.206322678673e-06  -2.757095974290e-05   4.492548647389e-05   4.905417092231e-05   2.854841410981e-04   2.946817604717e-03  -3.690992192754e-06   9.213110000388e-06   2.756370699335e-05
