ARMA_MAT_TXT_FN008
101 101
  -4.114205706637e+01  -4.407025611042e+01   7.482445100669e-02  -1.727604156854e-02  -1.122295535994e-06  -1.589909688480e+01   3.396141997674e-02  -7.841272370446e-03  -5.093889691022e-07  -6.809807668627e+00   9.607686889509e-03  -2.218296090568e-03  -1.441061536229e-07  -3.098778011552e+00   2.693202987008e-03  -6.218272268280e-04  -4.039547902673e-08   2.177405939036e-03  -3.929505668449e-08   2.407228788025e-03   1.305809411835e-07  -3.397752117541e-03  -5.503391165503e-01  -2.586544017781e+00  -2.185778193500e+00  -1.234457506020e+00  -3.713062956522e+00   1.276033866500e+00   6.625449387107e-05   0.000000000000e+00   0.000000000000e+00   0.000000000000e+00   0.000000000000e+00   0.000000000000e+00   0.000000000000e+00   0.000000000000e+00   0.000000000000e+00   0.000000000000e+00  -1.310411809444e-02  -6.107288978384e-02   1.778786967731e-02   1.697519251440e-06  -3.328185649133e-01  -9.114180898862e-01   2.654559140712e-01   2.533201936049e-05   0.000000000000e+00   0.000000000000e+00   0.000000000000e+00   0.000000000000e+00   0.000000000000e+00   0.000000000000e+00  -3.269439308277e-05  -5.610003317186e-02  -3.387339187283e-01   0.000000000000e+00   0.000000000000e+00   0.000000000000e+00   0.000000000000e+00   0.000000000000e+00   0.000000000000e+00   0.000000000000e+00   0.000000000000e+00   0.000000000000e+00   0.000000000000e+00   0.000000000000e+00   0.000000000000e+00  -5.469492478691e-03  -2.771076043525e-02  -1.708780517572e-03  -2.023461216753e-08  -2.166632029770e-01  -6.096653157085e-01  -3.758675684595e-02  -4.447607338268e-07   0.000000000000e+00   0.000000000000e+00   0.000000000000e+00   0.000000000000e+00   0.000000000000e+00   0.000000000000e+00  -2.784377152264e-05  -5.324319325132e-02  -3.325424314778e-01   0.000000000000e+00   0.000000000000e+00   0.000000000000e+00   0.000000000000e+00   0.000000000000e+00  -3.760732817845e-03  -1.304133807614e-01   0.000000000000e+00   0.000000000000e+00   0.000000000000e+00   0.000000000000e+00   0.000000000000e+00  -3.763128558089e-03  -1.304427219842e-01   0.000000000000e+00   0.000000000000e+00   0.000000000000e+00
  -4.407025611042e+01  -3.862035558555e+01   8.477421479522e-02  -1.957331913617e-02  -1.271532521148e-06  -1.583351841120e+01   2.438077776450e-02  -5.629220478317e-03  -3.656884577867e-07  -6.774079693129e+00   5.666163101337e-03  -1.308247171316e-03  -8.498705501258e-08  -3.072465768752e+00   1.496942216420e-03  -3.456255212692e-04  -2.245270955641e-08   8.633250361499e-04  -1.558019364710e-08   9.544480427019e-04   5.177435756404e-08  -1.347183060437e-03  -5.329435583287e-01  -2.563740625527e+00  -2.165616335268e+00  -1.222020276332e+00  -3.695952559624e+00   1.269979988131e+00   6.594523231303e-05   0.000000000000e+00   0.000000000000e+00   0.000000000000e+00   0.000000000000e+00   0.000000000000e+00   1.558603679880e-09   1.097116266985e-08  -3.194762162914e-09  -3.052334887552e-13  -1.266933406654e-02  -5.941945561721e-02   1.730579036162e-02   1.651400737722e-06  -3.288510341834e-01  -9.018321733502e-01   2.626569659614e-01   2.506391311369e-05   0.000000000000e+00   0.000000000000e+00   0.000000000000e+00   0.000000000000e+00   0.000000000000e+00   0.000000000000e+00  -2.916796581459e-05  -5.523432254197e-02  -3.350221624654e-01   0.000000000000e+00   0.000000000000e+00   0.000000000000e+00   0.000000000000e+00   0.000000000000e+00   0.000000000000e+00   0.000000000000e+00   0.000000000000e+00   1.633411454404e-10   1.330656628466e-09   8.256429228379e-11   9.973870792637e-16  -5.334983203856e-03  -2.711571290401e-02  -1.670945752860e-03  -1.973962810968e-08  -2.141889575476e-01  -6.031656011341e-01  -3.716803018949e-02  -4.390549890491e-07   0.000000000000e+00   0.000000000000e+00   0.000000000000e+00   0.000000000000e+00   0.000000000000e+00   0.000000000000e+00  -2.480512354013e-05  -5.242392965253e-02  -3.289082061979e-01   0.000000000000e+00   0.000000000000e+00   0.000000000000e+00   0.000000000000e+00   0.000000000000e+00  -3.683010549140e-03  -1.289063673866e-01   0.000000000000e+00   0.000000000000e+00   0.000000000000e+00   0.000000000000e+00   0.000000000000e+00  -3.685361888596e-03  -1.289353894678e-01   0.000000000000e+00   0.000000000000e+00   0.000000000000e+00
   7.482445100669e-02   8.477421479522e-02  -1.351608244317e+01   1.184255407482e-02   7.102083344056e-07   2.314072724803e-01  -9.182000172206e+00   1.275503815830e-02   7.649317613825e-07   1.380512610525e-01  -3.158161693804e+00   4.898664185413e-03   2.937811129900e-07   6.911268163133e-02  -9.440593026853e-01   1.502533098199e-03   9.011040947722e-08  -3.920608873947e-02   1.411863290807e-07  -8.758746513485e-02  -2.491886451725e-06   1.490194244858e-01   1.063117333377e+00   1.281326378425e+00   4.010436941937e-01   1.005923447857e-01   2.536317753588e+00  -1.232407480262e+00  -6.393540811119e-05   0.000000000000e+00   0.000000000000e+00   0.000000000000e+00   0.000000000000e+00   0.000000000000e+00   1.279983505694e-06   8.687439219884e-06  -2.610713817992e-06  -2.495552862968e-10   1.885308087387e-02   7.591033892585e-02  -2.433835444151e-02  -2.324378364100e-06   1.389527235248e-01   2.787800317022e-01  -1.086818307533e-01  -1.038097039475e-05   0.000000000000e+00   0.000000000000e+00   0.000000000000e+00   0.000000000000e+00   0.000000000000e+00   0.000000000000e+00   1.005650015423e-04   3.345327218534e-02   7.348325725351e-02   0.000000000000e+00   0.000000000000e+00   0.000000000000e+00   0.000000000000e+00   0.000000000000e+00   0.000000000000e+00   0.000000000000e+00   0.000000000000e+00   1.092984322300e-07   8.623003594426e-07   5.508819903276e-08   6.712728406110e-13   6.101032394364e-03   2.769943795490e-02   1.864123090866e-03   2.264436954183e-08   6.833815972800e-02   1.456930005356e-01   1.186316827422e-02   1.458698847199e-07   0.000000000000e+00   0.000000000000e+00   0.000000000000e+00   0.000000000000e+00   0.000000000000e+00   0.000000000000e+00   9.228796252338e-05   3.400544073390e-02   7.689991301160e-02   0.000000000000e+00   0.000000000000e+00   0.000000000000e+00   0.000000000000e+00   0.000000000000e+00   3.400391370986e-03   3.996804383594e-02   0.000000000000e+00   0.000000000000e+00   0.000000000000e+00   0.000000000000e+00   0.000000000000e+00   3.402307961887e-03   3.997469491636e-02   0.000000000000e+00   0.000000000000e+00   0.000000000000e+00
  -1.727604156854e-02  -1.957331913617e-02   1.184255407482e-02  -1.347912280963e+01  -2.137193735969e-07  -5.342907090551e-02   1.275503815830e-02  -9.142192685222e+00  -2.301867517781e-07  -3.187425274105e-02   4.898664185413e-03  -3.142873096390e+00  -8.840496948691e-08  -1.595718965457e-02   1.502533098199e-03  -9.393698704924e-01  -2.711586466686e-08   1.410005703456e-01  -2.106705607008e-06   2.065426254542e-02   1.411863290807e-07   2.800499965341e-02  -3.636068937902e-01  -4.336976571471e-01  -1.321479460259e-01  -3.132967141961e-02  -1.221769750004e+00  -6.245715493541e-01   2.181096263371e-05   0.000000000000e+00   0.000000000000e+00   0.000000000000e+00   0.000000000000e+00   0.000000000000e+00  -3.730096597526e-07  -2.612786542662e-06   4.814771714848e-07   7.272505623529e-11  -5.472139174755e-03  -2.424884071659e-02  -5.804345459630e-04   6.745903426337e-07  -4.000926567087e-02  -1.074118925928e-01  -6.302662506348e-02   2.988647919729e-06   0.000000000000e+00   0.000000000000e+00   0.000000000000e+00   0.000000000000e+00   0.000000000000e+00   0.000000000000e+00  -5.565188382274e-05  -1.820356018550e-02  -3.837763334977e-02   0.000000000000e+00   0.000000000000e+00   0.000000000000e+00   0.000000000000e+00   0.000000000000e+00   0.000000000000e+00   0.000000000000e+00   0.000000000000e+00   6.319997791891e-09   5.122072827888e-08  -1.990044735485e-08   3.493571482692e-14   3.226920163147e-04   1.590482686059e-03  -2.202948132835e-03   1.065655696500e-09   2.608485407395e-03   7.336329248333e-03  -4.408155201948e-02   3.884118779577e-09   0.000000000000e+00   0.000000000000e+00   0.000000000000e+00   0.000000000000e+00   0.000000000000e+00   0.000000000000e+00   3.472596805589e-05   1.222639002563e-02   2.466905008477e-02   0.000000000000e+00   0.000000000000e+00   0.000000000000e+00   0.000000000000e+00   0.000000000000e+00   7.331898271390e-05   3.595999321517e-04   0.000000000000e+00   0.000000000000e+00   0.000000000000e+00   0.000000000000e+00   0.000000000000e+00   7.349469682715e-05   3.611307482942e-04   0.000000000000e+00   0.000000000000e+00   0.000000000000e+00
  -1.122295535994e-06  -1.271532521148e-06   7.102083344056e-07  -2.137193735969e-07  -1.347492571175e+01  -3.470888542818e-06   7.649317613825e-07  -2.301867517781e-07  -9.137672194238e+00  -2.070635521740e-06   2.937811129900e-07  -8.840496948691e-08  -3.141136964489e+00  -1.036622543006e-06   9.011040947722e-08  -2.711586466686e-08  -9.388373575446e-01   1.411863290807e-07  -3.143685627135e-02  -2.238235527275e-06   1.383140551117e-01  -1.925904223585e-07  -1.893075596809e-05  -2.270190709657e-05  -7.014612769805e-06  -1.713549591098e-06  -6.368776217162e-05   2.191567160817e-05  -1.044891739652e+00   0.000000000000e+00   0.000000000000e+00   0.000000000000e+00   0.000000000000e+00   0.000000000000e+00  -3.540210871072e-11  -2.480264609319e-10   7.222220174503e-11  -2.791944283032e-07  -5.182590621020e-07  -2.297097468694e-06   6.691326904843e-07  -7.642923354391e-03  -3.754391254860e-06  -1.008467100252e-05   2.937645850840e-06  -9.430540464374e-02   0.000000000000e+00   0.000000000000e+00   0.000000000000e+00   0.000000000000e+00   0.000000000000e+00   0.000000000000e+00   7.425952951300e-09   2.386771580377e-06   4.800584942939e-06   0.000000000000e+00   0.000000000000e+00   0.000000000000e+00   0.000000000000e+00   0.000000000000e+00   0.000000000000e+00   0.000000000000e+00   0.000000000000e+00   5.839441864981e-14   4.741861434224e-13   2.560576595282e-14  -2.300315825605e-08   1.614062845741e-09   8.121395098750e-09   3.699086784456e-10  -2.298852710688e-03  -3.612327840482e-08  -9.667555007939e-08  -7.766772858404e-09  -4.450099821725e-02   0.000000000000e+00   0.000000000000e+00   0.000000000000e+00   0.000000000000e+00   0.000000000000e+00   0.000000000000e+00  -4.543821168808e-09  -1.642148447037e-06  -3.545440349424e-06   0.000000000000e+00   0.000000000000e+00   0.000000000000e+00   0.000000000000e+00   0.000000000000e+00  -6.962922789698e-04  -7.775468594107e-03   0.000000000000e+00   0.000000000000e+00   0.000000000000e+00   0.000000000000e+00   0.000000000000e+00   6.968811311150e-04   7.778871604198e-03   0.000000000000e+00   0.000000000000e+00   0.000000000000e+00
  -1.589909688480e+01  -1.583351841120e+01   2.314072724803e-01  -5.342907090551e-02  -3.470888542818e-06  -1.738917171012e+01   3.809555865565e-01  -8.792127686888e-02  -5.713046321027e-06  -1.140610668536e+01   2.324462801331e-01  -5.341292660147e-02  -3.480014051908e-06  -6.138450361807e+00   8.646549102102e-02  -1.978849066273e-02  -1.292477491250e-06   4.352621062482e-02  -7.855250552229e-07   4.813595313097e-02   2.611059904705e-06  -6.794685350031e-02  -2.162834205689e+00  -5.167237101013e+00  -4.468006521728e+00  -2.624933973914e+00  -6.391083398154e+00   2.209046559290e+00   1.142900644888e-04   0.000000000000e+00   1.804900495279e-10  -2.009051619755e-07   5.865309281572e-08   5.607776828802e-12  -7.898206240928e-05  -3.855931453615e-04   1.123169561747e-04   1.080224576789e-08  -5.828421900038e-02  -2.289338036440e-01   6.672196293767e-02   6.393632588953e-06  -7.634043519920e-01  -1.969697082574e+00   5.742497212395e-01   5.489853788948e-05   5.469670425704e-05  -1.529708696415e-09   5.876359047551e-05   5.247208143746e-09  -8.582752865586e-05   0.000000000000e+00  -5.550781158758e-04  -1.476243722622e-01  -7.474914296316e-01  -2.271925876343e-06   1.279032303744e-06  -1.747921855354e-10   0.000000000000e+00   0.000000000000e+00   0.000000000000e+00   0.000000000000e+00   0.000000000000e+00  -2.714527443485e-06  -1.749438441970e-05  -1.138797062294e-06  -1.614802570312e-11  -1.952464193127e-02  -8.943098439084e-02  -5.701063032605e-03  -7.515016214951e-08  -4.873517256603e-01  -1.327896945895e+00  -8.347893359252e-02  -1.055212764633e-06   0.000000000000e+00   0.000000000000e+00   0.000000000000e+00   0.000000000000e+00   0.000000000000e+00   0.000000000000e+00  -4.719612988849e-04  -1.397552085788e-01  -7.330290896256e-01  -1.869144384003e-06  -7.280615567495e-07   9.338765904270e-11   0.000000000000e+00  -7.200623650304e-07  -1.190893040195e-02  -2.950863827458e-01   0.000000000000e+00   0.000000000000e+00   0.000000000000e+00   0.000000000000e+00  -7.211822690050e-07  -1.191596813302e-02  -2.951509020325e-01   0.000000000000e+00   0.000000000000e+00   0.000000000000e+00
   3.396141997674e-02   2.438077776450e-02  -9.182000172206e+00   1.275503815830e-02   7.649317613825e-07   3.809555865565e-01  -1.115733324244e+01   4.640618762411e-02   2.786728052818e-06   4.422973445463e-01  -6.632467644818e+00   4.174602578504e-02   2.531441143755e-06   2.845663212449e-01  -2.525016310143e+00   1.735369456798e-02   1.060469203874e-06  -1.102854284551e-01   6.654264936729e-07  -2.266138995921e-01  -6.907293390954e-06   3.798465005940e-01   3.281908271005e+00   3.210838358873e+00   1.181587064704e+00   3.435129418070e-01   3.988893866934e+00  -2.264383947683e+00  -1.167941505595e-04   0.000000000000e+00  -1.268785162700e-09   1.369659184940e-06  -4.113237898130e-07  -3.933040258781e-11   3.358165704074e-04   1.559639631865e-03  -4.754746754754e-04  -4.571540045477e-08   9.298289521846e-02   3.206381849319e-01  -1.039710062414e-01  -9.993826485155e-06   4.433009963190e-01   8.359826718092e-01  -3.269337579008e-01  -3.137785199751e-05  -2.689664427253e-04   7.813761739394e-09  -2.794495830283e-04  -2.579436520696e-08   4.024949994143e-04   0.000000000000e+00   1.329089987299e-03   1.184202351551e-01   2.388538821837e-01   9.690997642450e-06  -5.670887325602e-06   7.755500489970e-10   0.000000000000e+00   0.000000000000e+00   0.000000000000e+00   0.000000000000e+00   0.000000000000e+00   1.108192806006e-05   6.885600172835e-05   4.645088165592e-06   6.684311193137e-11   2.686455434923e-02   1.112895978400e-01   7.923583043322e-03   1.125334581803e-07   2.205860413137e-01   4.578955766972e-01   3.897570175263e-02   5.590838000319e-07   0.000000000000e+00   0.000000000000e+00   0.000000000000e+00   0.000000000000e+00   0.000000000000e+00   0.000000000000e+00   1.201361747986e-03   1.189098349740e-01   2.475574307749e-01   8.598711009097e-06   3.465095207827e-06  -4.442877229962e-10   0.000000000000e+00   2.567910796612e-06   1.394380311519e-02   1.304444807999e-01   0.000000000000e+00   0.000000000000e+00   0.000000000000e+00   0.000000000000e+00   2.571733225252e-06   1.395111591215e-02   1.304656587797e-01   0.000000000000e+00   0.000000000000e+00   0.000000000000e+00
  -7.841272370446e-03  -5.629220478317e-03   1.275503815830e-02  -9.142192685222e+00  -2.301867517781e-07  -8.792127686888e-02   4.640618762411e-02  -1.101224794960e+01  -8.375746955245e-07  -1.016337864678e-01   4.174602578504e-02  -6.500260451290e+00  -7.540921085218e-07  -6.512584297373e-02   1.735369456798e-02  -2.469496380829e+00  -3.136822185978e-07   3.420248714489e-01  -5.090800852532e-06   5.433645321065e-02   6.654264936729e-07   5.750319817981e-02  -1.118342001282e+00  -1.076081763665e+00  -3.807154080811e-01  -1.027916029035e-01  -2.216435224199e+00  -1.768608951943e+00   3.965954091387e-05   0.000000000000e+00   3.691575184164e-10  -4.098679470537e-07   8.063840100457e-08   1.144332351691e-11  -9.778315848107e-05  -4.752969393792e-04   6.649100646297e-05   1.332127871375e-08  -2.697863121870e-02  -1.034823156821e-01  -6.034396673334e-03   2.899385009869e-06  -1.268867872515e-01  -3.207945772144e-01  -1.918643656520e-01   8.977632970552e-06   4.563070589161e-05  -1.277744672097e-09   8.131363352370e-05   7.798163629972e-09  -1.379368150417e-04   0.000000000000e+00  -7.224146233746e-04  -6.287126649180e-02  -1.196711637771e-01  -5.562446419195e-06   2.755092508420e-06  -4.275691684358e-10   0.000000000000e+00   0.000000000000e+00   0.000000000000e+00   0.000000000000e+00   0.000000000000e+00   5.872775887949e-07   3.750034864194e-06  -2.085199302811e-06   1.819490748524e-12   1.108099547314e-03   5.105538074070e-03  -9.517577790004e-03   3.167623855350e-10   4.838879497405e-03   1.423452507749e-02  -1.350407071951e-01  -1.479479902685e-08   0.000000000000e+00   0.000000000000e+00   0.000000000000e+00   0.000000000000e+00   0.000000000000e+00   0.000000000000e+00   4.380409343366e-04   4.003356547428e-02   7.007177207845e-02   3.375472195025e-06   1.022367457402e-06  -1.685652955850e-10   0.000000000000e+00   5.393434138479e-08   1.490641064667e-04  -7.632169435077e-04   0.000000000000e+00   0.000000000000e+00   0.000000000000e+00   0.000000000000e+00   5.411802982345e-08   1.496764751649e-04  -7.588582838189e-04   0.000000000000e+00   0.000000000000e+00   0.000000000000e+00
  -5.093889691022e-07  -3.656884577867e-07   7.649317613825e-07  -2.301867517781e-07  -9.137672194238e+00  -5.713046321027e-06   2.786728052818e-06  -8.375746955245e-07  -1.099579621492e+01  -6.621749219911e-06   2.531441143755e-06  -7.540921085218e-07  -6.485427686260e+00  -4.253668840988e-06   1.060469203874e-06  -3.136822185978e-07  -2.463319441875e+00   6.654264936729e-07  -7.367512897093e-02  -4.961947388418e-06   3.293645842481e-01  -9.082462692107e-07  -5.838927905771e-05  -5.667655117401e-05  -2.046817448661e-05  -5.749775898925e-06  -1.158397789530e-04   4.018712147815e-05  -2.536235707963e+00   0.000000000000e+00   3.519696479066e-14  -3.907781730353e-11   1.141021900748e-11  -3.901274299141e-08  -9.234214559207e-09  -4.482636934335e-08   1.306729774815e-08  -7.193304412260e-05  -2.516693897528e-06  -9.670002830824e-06   2.818655813558e-06  -3.615514657523e-02  -1.172393991351e-05  -2.973087453026e-05   8.668578185771e-06  -2.852127493199e-01   7.714345783766e-09   1.040224200420e-05   9.433731697859e-09  -3.564661372613e-05  -1.209716502693e-08   0.000000000000e+00   9.343411349020e-08   7.949814572423e-06   1.413344614256e-05   7.392164146032e-10  -4.154572992255e-10  -3.756430949740e-07   0.000000000000e+00   0.000000000000e+00   0.000000000000e+00   0.000000000000e+00   0.000000000000e+00   2.698914031742e-12   1.658315484582e-11  -6.260110043261e-13  -2.295537191784e-06  -9.381303923534e-09  -3.644635872668e-08  -6.812386362315e-09  -9.756382659231e-03  -3.090670900759e-07  -7.682344923765e-07  -7.857678934643e-08  -1.353574073534e-01   0.000000000000e+00   0.000000000000e+00   0.000000000000e+00   0.000000000000e+00   0.000000000000e+00   0.000000000000e+00  -5.841045268048e-08  -5.597579883902e-06  -1.089639933707e-05  -4.390227988606e-10  -1.709923389629e-10  -2.901446507080e-07   0.000000000000e+00  -5.261482043611e-07  -2.746874222339e-03  -2.388151693646e-02   0.000000000000e+00   0.000000000000e+00   0.000000000000e+00   0.000000000000e+00   5.270808686345e-07   2.749073554215e-03   2.389159341379e-02   0.000000000000e+00   0.000000000000e+00   0.000000000000e+00
  -6.809807668627e+00  -6.774079693129e+00   1.380512610525e-01  -3.187425274105e-02  -2.070635521740e-06  -1.140610668536e+01   4.422973445463e-01  -1.016337864678e-01  -6.621749219911e-06  -1.127256498689e+01   6.554446679047e-01  -1.434408163492e-01  -9.631935046684e-06  -8.058377163024e+00   4.237355119018e-01  -8.842577038425e-02  -6.118053398556e-06   5.388915441452e-02  -9.727362041355e-07   5.974946685701e-02   3.240122438944e-06  -8.437910113731e-02  -3.607977966618e+00  -6.672299915587e+00  -6.312705783463e+00  -4.067106082482e+00  -4.977093176264e+00   1.767970678859e+00   8.959588919913e-05  -3.662954050222e-03  -3.491542180638e-03  -9.625856231030e-03   2.895867387514e-03   2.869572609363e-07  -3.304232865645e-02  -6.980280160175e-02   2.097655596938e-02   2.052141013994e-06  -3.099986392438e-01  -8.167867305400e-01   2.416642086783e-01   2.340892011155e-05  -1.422439455070e+00  -3.121521146124e+00   9.177543313353e-01   8.823791795616e-05   2.179140576975e-02  -6.379326109670e-07   2.295649273469e-02   2.133133740823e-06  -3.300586430024e-02  -5.379194207683e-04  -1.955956978771e-02  -3.740872723230e-01  -1.282659862722e+00  -4.873521885094e-03   3.165193034392e-03  -5.232024995904e-07  -1.173788021097e-05  -7.988036590514e-06  -1.576566283516e-04  -1.357783708384e-05  -4.533759371407e-10  -1.817091952450e-03  -6.485084269629e-03  -6.397057818013e-04  -2.364694417335e-08  -9.073853432721e-02  -3.193657179316e-01  -2.409804400996e-02  -5.220051890519e-07  -8.799081951864e-01  -2.186636786660e+00  -1.488884271262e-01  -2.428062683458e-06  -9.437541494054e-04  -1.106591899078e-08   2.737210284064e-03  -3.649899871455e-08  -4.535865993344e-03  -3.729276538787e-04  -1.601747987971e-02  -3.496785743794e-01  -1.252986001310e+00  -3.848295851211e-03  -1.633456120320e-03   2.042830240137e-07  -7.257360159377e-07  -3.008624449078e-04  -4.693886330446e-02  -5.425777251320e-01  -2.104020922239e-05  -9.020235192331e-07   5.126697121717e-06  -7.268039894258e-07  -3.011398404148e-04  -4.696120599959e-02  -5.426865677570e-01  -2.106608407467e-05  -9.040790973023e-07  -5.134334507556e-06
   9.607686889509e-03   5.666163101337e-03  -3.158161693804e+00   4.898664185413e-03   2.937811129900e-07   2.324462801331e-01  -6.632467644818e+00   4.174602578504e-02   2.531441143755e-06   6.554446679047e-01  -8.435861077452e+00   9.794029256016e-02   6.450449504834e-06   7.328984754897e-01  -5.477637734433e+00   7.500633868464e-02   5.323571257005e-06  -7.866660668797e-02   5.843596406634e-07  -1.540006619683e-01  -4.896430985368e-06   2.556271890001e-01   4.900485562781e+00   5.512418286750e+00   2.890190037665e+00   1.073459373793e+00   1.302332475848e+00  -1.782384171625e+00  -8.855036279826e-05   1.872385005284e-02   1.810325507447e-02   4.228569326618e-02  -1.381619399245e-02  -1.371519337836e-06   1.305482304128e-01   2.450262565714e-01  -8.150992446404e-02  -7.990568654397e-06   7.108026698013e-01   1.540462470934e+00  -5.363789495933e-01  -5.204275441644e-05   1.484137133139e+00   2.198494281581e+00  -9.175920610383e-01  -8.864298556258e-05  -8.300097454994e-02   2.672965446591e-06  -8.045156136934e-02  -8.138100080876e-06   1.109521347989e-01   2.565217252454e-03   6.095529829003e-02   5.310788023714e-01   8.057736917609e-01   1.929315979375e-02  -1.374067289973e-02   2.320238884202e-06   7.769517668853e-05   5.678636162504e-05   9.253502119530e-04   8.287295619604e-05   2.757580699093e-09   8.233524620594e-03   2.761714123451e-02   2.976461371941e-03   1.147021625904e-07   2.070841909531e-01   6.382098036561e-01   5.714283616095e-02   1.437649856369e-06   7.666630854200e-01   1.399483651768e+00   1.386424566841e-01   2.915278785761e-06   4.537818374671e-03   5.755816702562e-08  -1.217168390226e-02   1.814975615095e-07   2.001799826036e-02   1.886521539328e-03   5.214669641374e-02   5.213884274172e-01   8.249959750984e-01   1.615283831486e-02   7.398634324703e-03  -9.245056096429e-07   4.974713983449e-06   1.347134743861e-03   9.757824123901e-02   4.695284914278e-01   1.244759813130e-04   5.446857139848e-06  -3.168088664862e-05   4.981722431396e-06   1.348288391930e-03   9.761789452036e-02   4.695955496449e-01   1.246205798176e-04   5.459137712273e-06   3.172606385827e-05
  -2.218296090568e-03  -1.308247171316e-03   4.898664185413e-03  -3.142873096390e+00  -8.840496948691e-08  -5.341292660147e-02   4.174602578504e-02  -6.500260451290e+00  -7.540921085218e-07  -1.434408163492e-01   9.794029256016e-02  -8.090463981050e+00  -1.782241555800e-06  -1.529423673219e-01   7.500633868464e-02  -5.186620379908e+00  -1.374416007661e-06   2.222667731627e-01  -3.295495405229e-06   3.722723260249e-02   5.843596406634e-07   3.236569670785e-02  -1.663193919123e+00  -1.820489824275e+00  -9.000533630840e-01  -3.018669419563e-01  -1.672584156239e+00  -3.012130650523e+00   3.010311042602e-05  -5.446849059602e-03  -5.269278801534e-03  -1.331714582277e-02   4.277175014421e-04   3.988508137783e-07  -3.763480976352e-02  -7.801572351331e-02  -1.903318517168e-03   2.305972420089e-06  -2.027665766892e-01  -5.159502075715e-01  -1.089625688281e-01   1.487566634826e-05  -4.153622551990e-01  -8.709155343310e-01  -6.429418989631e-01   2.485727783312e-05  -1.217858123958e-04   1.933253229520e-08   2.306763616008e-02   2.582913768382e-06  -4.775374539538e-02  -1.360562695531e-03  -3.176338471562e-02  -2.710017013185e-01  -3.840422575897e-01  -1.100463918320e-02   5.562849244165e-03  -1.143631698059e-06   4.592796821609e-06   3.474770280492e-06   5.321240115058e-05  -3.694664480444e-05   6.094176677165e-11   3.110135342392e-04   1.133800714259e-03  -1.637757096361e-03  -7.347775147463e-09   6.168667387476e-03   2.318215242114e-02  -7.128501833184e-02  -8.135209205519e-08   8.677595595201e-03   2.962681378635e-02  -4.446765693732e-01  -2.135460894025e-07  -2.322967569770e-03  -1.505325057836e-08  -3.989224889856e-04  -1.006009795893e-08   1.190810452825e-03   7.081113365407e-04   1.831121575834e-02   1.642089251983e-01   2.123247093203e-01   6.404565594453e-03   1.549546429319e-03  -3.382201037776e-07   1.470930236982e-07   1.190176347484e-05   5.248416270288e-05  -6.977069111115e-03   3.124134407807e-06  -4.471730619885e-06  -7.302105482545e-07   1.474941368339e-07   1.197014179864e-05   5.615808699793e-05  -6.962766057689e-03   3.133003845498e-06  -4.477189811858e-06   7.324685993645e-07
  -1.441061536229e-07  -8.498705501258e-08   2.937811129900e-07  -8.840496948691e-08  -3.141136964489e+00  -3.480014051908e-06   2.531441143755e-06  -7.540921085218e-07  -6.485427686260e+00  -9.631935046684e-06   6.450449504834e-06  -1.782241555800e-06  -8.054974858650e+00  -1.058186506163e-05   5.323571257005e-06  -1.374416007661e-06  -5.158920324762e+00   5.843596406634e-07  -4.655284510312e-02  -2.999101792263e-06   2.111569912344e-01  -8.004677900698e-07  -8.719528375021e-05  -9.703243659561e-05  -4.950076519192e-05  -1.753962754307e-05  -8.704003226678e-05   3.154318993904e-05  -3.611545226214e+00  -5.189638475390e-07  -5.023464176783e-07  -1.266505238917e-06   3.821352713288e-07  -3.565925822416e-03  -3.561000211156e-06  -7.384285614425e-06   2.226503732417e-06  -2.520902762590e-02  -1.895624750527e-05  -4.820841842031e-05   1.432667728223e-05  -2.608369145581e-01  -3.833561654657e-05  -8.059766329252e-05   2.381131669001e-05  -8.972822752602e-01   2.498352263313e-06   7.938735272729e-03   3.522997549553e-06  -2.630552642017e-02  -3.774072490532e-06   1.677154673652e-07   3.870750801258e-06   3.284296996919e-05   4.340399259732e-05   1.360001257996e-06  -8.137187923020e-07  -1.483253093859e-03   3.937983629231e-11   3.946198050451e-11   1.588661948298e-10  -7.757153555359e-11  -3.960770620893e-05  -9.474067965511e-09  -3.051717572056e-08  -1.495359098477e-08  -1.579766142705e-03  -2.809910804238e-07  -7.868953553927e-07  -1.936983248056e-07  -7.092280312713e-02  -1.721147220561e-06  -3.527928801392e-06  -5.312130348704e-07  -4.414735014416e-01  -2.204259788555e-08  -1.996332023642e-04   8.074631878046e-09  -2.259741684218e-03  -1.379580150690e-08  -9.185527809963e-08  -2.475939861367e-06  -2.377108809607e-05  -3.476343346347e-05  -8.386844710416e-07  -3.545614415082e-07  -1.132216091034e-03  -1.003357845840e-06  -2.560192072898e-04  -1.808715029379e-02  -8.056603951881e-02  -2.564435639997e-05  -1.037374969376e-06   1.610807052549e-06   1.005077587724e-06   2.563139026397e-04   1.809939208502e-02   8.059762921346e-02   2.568206992840e-05   1.040019864336e-06   1.615511752726e-06
  -3.098778011552e+00  -3.072465768752e+00   6.911268163133e-02  -1.595718965457e-02  -1.036622543006e-06  -6.138450361807e+00   2.845663212449e-01  -6.512584297373e-02  -4.253668840988e-06  -8.058377163024e+00   7.328984754897e-01  -1.529423673219e-01  -1.058186506163e-05  -8.040306162555e+00   9.138993888627e-01  -1.729788095062e-01  -1.267308549849e-05   3.425261025975e-02  -6.183801665247e-07   3.805596696114e-02   2.063259640913e-06  -5.376318623109e-02  -3.073339255671e+00  -6.115921738389e+00  -7.088405419370e+00  -5.503439668499e+00  -2.150150866238e+00   8.176584652466e-01   3.907557370564e-05  -2.323489307911e-01  -2.338294370882e-01  -1.464344365504e-01   4.801304646870e-02   5.351111285201e-06  -6.409820159968e-01  -4.862223248665e-01   1.638352113641e-01   1.803910840923e-05  -1.363004482683e+00  -1.737015270379e+00   5.662626456746e-01   5.769131816014e-05  -2.635798947229e+00  -3.926013803187e+00   1.218714801577e+00   1.193323475962e-04   8.050325267707e-02  -2.040025886674e-06   8.849449918649e-02   8.157304284177e-06  -1.127557832838e-01  -8.921164093230e-02  -3.468438933953e-01  -1.102327938956e+00  -2.182291264105e+00  -1.719168604321e-01   1.430604822305e-01  -2.871415199334e-05  -2.510536613249e-02  -2.677990776426e-02  -4.723678171896e-02  -5.049770563173e-03  -2.073146086525e-07  -1.420997915893e-01  -2.298008350134e-01  -3.433953424350e-02  -1.818697538014e-06  -5.435502548545e-01  -1.133254327476e+00  -1.415067635954e-01  -5.937014207944e-06  -1.664023765498e+00  -3.256005689492e+00  -2.861516738181e-01  -7.763547631995e-06  -4.495334021652e-02  -9.158991583654e-07   8.095480912331e-02  -2.732588067161e-06  -1.187024840933e-01  -7.033070948861e-02  -2.741442863494e-01  -1.001755683251e+00  -2.114187939822e+00  -1.324170786303e-01  -7.628577716881e-02   9.532616869503e-06  -5.953297645624e-03  -4.069064078958e-02  -2.833227862281e-01  -1.084246353975e+00  -2.034325118700e-02  -7.420433873855e-04   6.871038995389e-03  -5.956755805950e-03  -4.070820625464e-02  -2.834040421813e-01  -1.084417284593e+00  -2.035199476527e-02  -7.437664136059e-04  -6.875817747585e-03
   2.693202987008e-03   1.496942216420e-03  -9.440593026853e-01   1.502533098199e-03   9.011040947722e-08   8.646549102102e-02  -2.525016310143e+00   1.735369456798e-02   1.060469203874e-06   4.237355119018e-01  -5.477637734433e+00   7.500633868464e-02   5.323571257005e-06   9.138993888627e-01  -6.700845390008e+00   1.362621472221e-01   1.083626975461e-05  -2.982550570067e-02   2.332364362289e-07  -5.766368163535e-02  -1.855501519099e-06   9.544449031710e-02   2.912592428902e+00   4.660275848827e+00   4.080197590883e+00   2.268694855037e+00  -9.919989888651e-01  -5.585982989370e-01  -2.448245255532e-05   7.139273481133e-01   7.200529388320e-01   3.418603661758e-01  -1.439497520609e-01  -1.611099198564e-05   1.805598764415e+00   1.026833277515e+00  -4.570739925928e-01  -5.085740697616e-05   3.062826462553e+00   2.629756744449e+00  -1.227634336280e+00  -1.266502952826e-04   3.704920738821e+00   2.855948796766e+00  -1.594562693165e+00  -1.580442053139e-04  -1.727369185634e-01   5.618511660969e-06  -1.595614843538e-01  -1.708198115470e-05   1.566667807344e-01   2.884601880077e-01   9.431368060874e-01   1.996300471024e+00   2.161919339436e+00   4.455357390831e-01  -4.437572454896e-01   8.927314995084e-05   1.077963640583e-01   1.156501749025e-01   1.728718198597e-01   2.034564384170e-02   8.094320794422e-07   5.122234233440e-01   7.246184407778e-01   1.182241769769e-01   6.105409053328e-06   1.403933307921e+00   2.392088458119e+00   3.749232617404e-01   1.642415609190e-05   2.216868757483e+00   2.854398117986e+00   4.245217597380e-01   1.437773919293e-05   1.472922615926e-01   3.013183548736e-06  -2.387010992327e-01   9.046503546269e-06   3.391599896717e-01   2.459120457715e-01   7.941691660949e-01   1.894654385540e+00   2.178037189861e+00   3.675365001545e-01   2.578738896228e-01  -3.241391788174e-05   2.778916566725e-02   1.563981438928e-01   7.295011862899e-01   1.478913292875e+00   8.342373270195e-02   3.203508214486e-03  -3.054033077520e-02   2.780370107221e-02   1.564571803578e-01   7.296657761691e-01   1.479058543720e+00   8.345374247011e-02   3.210922686650e-03   3.056006242538e-02
  -6.218272268280e-04  -3.456255212692e-04   1.502533098199e-03  -9.393698704924e-01  -2.711586466686e-08  -1.978849066273e-02   1.735369456798e-02  -2.469496380829e+00  -3.136822185978e-07  -8.842577038425e-02   7.500633868464e-02  -5.186620379908e+00  -1.374416007661e-06  -1.729788095062e-01   1.362621472221e-01  -6.074549136373e+00  -2.467581540475e-06   8.208737694601e-02  -1.214874725555e-06   1.395290771601e-02   2.332364362289e-07   1.135994707259e-02  -9.866870309294e-01  -1.519566787837e+00  -1.223558740930e+00  -5.943556588663e-01  -4.722376591433e-01  -2.158633028140e+00   8.522267431688e-06  -2.076950688980e-01  -2.095734667893e-01  -1.272029365446e-01  -5.435782563037e-02   4.725413827253e-06  -5.181984398467e-01  -3.876966848051e-01  -1.862501938504e-01   1.487764374594e-05  -8.528408476961e-01  -1.039192804657e+00  -6.842445427176e-01   3.553627807061e-05  -9.940364143872e-01  -1.359519846967e+00  -1.622292498967e+00   4.274750100652e-05  -9.191115690710e-02   5.006042492311e-06   4.107779428819e-02   6.666257025287e-06  -1.457881792786e-01  -1.541888955205e-01  -4.711141824251e-01  -9.534670532931e-01  -9.597106959313e-01  -2.753646431212e-01   1.351230073592e-01  -4.192874008003e-05   6.542674702064e-03   7.071947262367e-03   1.085566524162e-02  -1.918678683121e-02   3.727153811028e-08   2.202382222072e-02   2.872798675863e-02  -9.594575514932e-02  -2.194906622741e-07   2.481598495723e-02   5.699267568735e-02  -4.593217291339e-01  -1.429182436588e-06   2.338064758181e-03   4.493177548019e-02  -1.189187127373e+00  -1.417780161131e-06  -1.055912211876e-01  -1.353221292180e-06  -6.231880341348e-04  -3.013017498942e-07   2.934848414526e-02   9.098424342706e-02   2.673316937155e-01   5.452730802481e-01   5.052263352634e-01   1.606553359216e-01   1.869343667367e-02  -1.094623507463e-05   8.467891462951e-04   3.088643084453e-03  -5.215886204194e-03  -3.301162423148e-02   2.582197096507e-03  -6.696143388406e-03  -9.877115019988e-04   8.483105352001e-04   3.095362637593e-03  -5.191848052418e-03  -3.296991819891e-02   2.586443704570e-03  -6.699471461294e-03   9.893029812143e-04
  -4.039547902673e-08  -2.245270955641e-08   9.011040947722e-08  -2.711586466686e-08  -9.388373575446e-01  -1.292477491250e-06   1.060469203874e-06  -3.136822185978e-07  -2.463319441875e+00  -6.118053398556e-06   5.323571257005e-06  -1.374416007661e-06  -5.158920324762e+00  -1.267308549849e-05   1.083626975461e-05  -2.467581540475e-06  -6.021884509840e+00   2.332364362289e-07  -1.701830769581e-02  -1.080618805734e-06   7.765544091920e-02  -3.203133967719e-07  -5.185635503582e-05  -8.209107451160e-05  -6.901570073607e-05  -3.555045774067e-05  -2.370123979195e-05   9.794655504246e-06  -2.345055000992e+00  -1.978458571171e-05  -1.997658262837e-05  -1.211075084945e-05   4.025785430609e-06  -9.536806646827e-02  -4.861751854805e-05  -3.672844099491e-05   1.269074837484e-05  -3.104523232344e-01  -7.900506644128e-05  -9.725141011989e-05   3.221100497994e-05  -1.001367675309e+00  -9.141891287961e-05  -1.261221948942e-04   3.998245418899e-05  -2.021192189397e+00   6.233907603343e-06   5.363898017184e-02   1.340854906344e-05  -1.583184808211e-01  -9.021275261063e-06   1.943588059610e-05   5.372418515633e-05   1.073828812228e-04   1.030973557466e-04   3.291470460069e-05  -2.315562159428e-05  -8.294646364186e-02   7.075669639596e-08   8.043248112584e-08   4.237782514334e-08  -3.079153125590e-09  -1.980922551616e-02  -4.073305369073e-07  -1.217947625055e-06  -6.055386791051e-07  -8.972435970447e-02  -3.377149858919e-06  -6.249158330675e-06  -2.594736280381e-06  -4.274635700685e-01  -6.852758370917e-06  -9.559605242338e-06  -2.616410208398e-06  -1.152374954960e+00  -9.027198336203e-07  -1.173680574724e-02   3.669377130286e-07  -9.676027372277e-02  -3.503910184543e-07  -1.175297731763e-05  -3.583879194943e-05  -8.109043126369e-05  -8.591105061894e-05  -2.105166216005e-05  -1.139911258515e-05  -6.829231612541e-02  -5.572048413247e-03  -2.797981424831e-02  -1.204128862191e-01  -2.286656054371e-01  -1.720340671445e-02  -7.110829859514e-04  -1.545774729316e-03   5.576599657945e-03   2.799871249705e-02   1.204725260696e-01   2.287433126127e-01   1.721519409742e-02   7.125899978775e-04  -1.544460813008e-03
   2.177405939036e-03   8.633250361499e-04  -3.920608873947e-02   1.410005703456e-01   1.411863290807e-07   4.352621062482e-02  -1.102854284551e-01   3.420248714489e-01   6.654264936729e-07   5.388915441452e-02  -7.866660668797e-02   2.222667731627e-01   5.843596406634e-07   3.425261025975e-02  -2.982550570067e-02   8.208737694601e-02   2.332364362289e-07  -7.677584107877e+00   1.785084318356e-06  -4.090385915457e-02  -1.102621567120e-06   1.572009430002e-02   1.255040296237e+00   5.384318114843e-01   9.722286616744e-02   2.418589962340e-02   1.346231231276e+00   1.423671740540e+00  -3.704642696162e-05   0.000000000000e+00   0.000000000000e+00   0.000000000000e+00   0.000000000000e+00   0.000000000000e+00   5.249604260929e-05   2.872852994848e-04  -4.839455876096e-05  -8.354875965086e-09   2.281139548232e-02   8.338131026764e-02   3.245558971574e-03  -2.579112318339e-06   5.323259988719e-02   1.049103529320e-01   6.771229826813e-02  -3.808974770869e-06  -2.016786102744e-05   5.816077716108e-10  -3.103006305635e-05  -3.024293014756e-09   5.110189833883e-05   0.000000000000e+00   5.831376092788e-04   3.182568615193e-02   2.964522650855e-02   0.000000000000e+00   0.000000000000e+00   0.000000000000e+00   0.000000000000e+00   0.000000000000e+00   0.000000000000e+00   0.000000000000e+00   0.000000000000e+00  -3.552123786213e-07  -2.442168481588e-06   1.275628786564e-06  -1.034820928693e-12  -6.878545317419e-04  -2.970109836460e-03   7.129596213117e-03   1.203003038369e-09   1.916637499150e-03   5.377594232651e-03   4.007452526023e-02   2.586584890474e-08   0.000000000000e+00   0.000000000000e+00   0.000000000000e+00   0.000000000000e+00   0.000000000000e+00   0.000000000000e+00  -3.739612434902e-04  -1.988960440025e-02  -1.064933904643e-02   0.000000000000e+00   0.000000000000e+00   0.000000000000e+00   0.000000000000e+00  -3.556344145061e-08  -1.007307714899e-05   2.229786403188e-03   0.000000000000e+00   0.000000000000e+00   0.000000000000e+00   0.000000000000e+00  -3.569098202455e-08  -1.041859795624e-05   2.228952205404e-03   0.000000000000e+00   0.000000000000e+00   0.000000000000e+00
