ARMA_MAT_TXT_FN008
73 73
  -9.562269170654e+00  -1.200251298601e+01   9.167600392329e-03   1.826816854692e-06  -1.655299285169e-06  -4.424841198137e+00   3.040487251617e-03   6.573933489992e-07  -7.535143772093e-07  -1.991347907498e+00   1.134997152754e-03  -5.230615001811e-08  -1.679808838274e-07  -8.392286048856e-01   3.518984768319e-04  -1.075261800572e-07  -8.567396965603e-09   2.701613036941e-06  -3.814892217050e-07  -1.199169928113e-03  -1.920866664751e-06   2.076227415491e-03  -3.471088976286e-05   3.532799190814e-05   1.183801447055e-04  -1.911751886655e-04  -2.052228999710e-02  -3.214760371889e-01   1.287431841808e-04   6.740920546883e-09  -6.391256468349e-09  -6.440638649489e-04  -6.502314806683e-09   1.107777507445e-08  -7.357744984424e-03   1.534562954746e-08   4.678188794805e-08  -2.762227239754e-01  -8.972709440553e-08   2.145566222120e-06  -1.056267628218e+00  -4.552826642141e-07   8.267492597706e-06  -5.256701434752e-01  -7.673624968444e-01  -3.365581307767e-07   5.997134081018e-06   1.183518161995e-07  -3.628717777300e-10   3.127564837745e-02   7.275598148060e-07  -5.417105770303e-02  -1.336648330038e-01  -9.631204589043e-01  -1.022520510979e+00  -6.256775472455e-01   3.629299168183e-01   1.036596316887e+00  -2.860337358171e-01  -1.337744011302e-01  -9.634045888145e-01  -1.022620177092e+00  -6.256992146640e-01   3.639186411310e-01  -2.705685141274e-01   1.041030983820e+00  -1.337480962717e-01  -9.633365152660e-01  -1.022596278885e+00  -6.256940066164e-01   3.635961569238e-01  -7.661903887751e-01  -7.548661127527e-01
  -1.200251298601e+01  -8.782858797853e+00   8.093472707663e-03   3.073044079498e-06  -2.257434707737e-06  -3.953496090807e+00  -3.997752315080e-04   8.591811349850e-07  -6.689656860725e-07  -1.871757523117e+00  -1.662349568553e-03  -1.530223718746e-07  -1.853673063280e-10  -8.019929134139e-01  -1.307723366332e-03  -1.714158444970e-07   6.903239976005e-08   4.131876652456e-06  -5.806406907173e-07  -2.125550015467e-03  -2.922489728596e-06   3.681111921555e-03  -2.560998268098e-05   4.162919609346e-05   1.252288787557e-04  -2.136936317132e-04  -2.210872351351e-02  -3.101061374152e-01   5.167853545676e-04  -3.302911764927e-08   1.953273004824e-08  -1.699845321623e-03   1.088620705574e-07  -6.437223563094e-08  -9.012625788723e-03   2.341247046973e-07  -9.769969628443e-08  -2.791527264253e-01   1.159514335646e-07   2.026361264993e-06  -1.000724861890e+00  -4.995890221666e-07   7.893803960465e-06  -5.023939442810e-01  -7.314581219292e-01  -3.975222429374e-07   5.779587819433e-06   9.596392861947e-08   1.458102970275e-09   3.528913272416e-02   8.600378736361e-07  -6.112256630322e-02  -1.557221119454e-01  -9.206933707223e-01  -9.727794542247e-01  -5.992833460255e-01   3.554696914092e-01   1.016734350245e+00  -2.805531495171e-01  -1.558434742231e-01  -9.209566279889e-01  -9.728736607902e-01  -5.993042497534e-01   3.564245560143e-01  -2.653730898005e-01   1.021041559804e+00  -1.558144980421e-01  -9.208936462046e-01  -9.728510703961e-01  -5.992992181624e-01   3.561118477506e-01  -7.514856965160e-01  -7.403789197909e-01
   9.167600392329e-03   8.093472707663e-03   1.036240559076e+00   3.545718117145e-05  -2.456325762852e-05  -2.088957660930e-02  -3.789177833370e-01   4.874479232844e-05  -3.417775721160e-05  -1.979634868341e-02  -4.156247925328e-01   2.921059755047e-05  -2.080719161477e-05  -1.828524851352e-02  -1.445944911363e-01   9.681757470484e-06  -7.077899512190e-06   4.123688932695e-05  -8.546817055897e-06  -4.466576449331e-02  -3.043205334235e-05   7.730865616908e-02   1.400076334909e-03  -1.249878727969e-03  -4.508245777924e-03   7.112793925849e-03   1.017045277962e-01   1.575767757392e-01  -1.149924226781e-02   4.224921277793e-07  -2.049801807809e-07   4.248672011738e-02  -1.244964446122e-06   5.343521393831e-07   1.467962407075e-01  -2.586300874343e-06   6.131311150243e-07   2.893548271284e-01  -3.112550222533e-06  -4.089137574011e-07   1.326478927990e-01   1.668177589043e-06  -3.133370484377e-06   5.710954912258e-02  -5.798947180574e-03   3.505644163318e-06  -3.272699742815e-06  -1.225768021628e-06  -2.119574169798e-09  -9.546897033625e-02  -2.024571288405e-06   1.653572677463e-01  -1.308537711851e-01  -1.232456953082e-01  -6.560228842983e-02  -2.854666309175e-02  -1.316508540737e-01   1.068592970820e-01  -2.948960073806e-02  -1.311600443918e-01  -1.235203100458e-01  -6.573010858079e-02  -2.857966300924e-02  -1.315149022407e-01  -2.793066905955e-02   1.074844177270e-01  -1.310582922861e-01  -1.234267510571e-01  -6.568580550228e-02  -2.856811228810e-02  -1.315665517704e-01  -7.905296297293e-02  -7.789585785872e-02
   1.826816854692e-06   3.073044079498e-06   3.545718117145e-05   9.560641483161e-01  -5.362050159611e-06   1.130249580231e-05   4.713939325270e-05  -4.714859474193e-01  -6.754395250960e-06   4.235282527289e-06   2.744185068335e-05  -4.773303276720e-01  -3.147907115083e-06  -1.416076484089e-06   1.112597208547e-05  -1.803010487940e-01  -7.803765340886e-07  -5.729652170534e-02   6.480745000024e-02   5.364623145845e-02  -9.665412566101e-06   3.102523481536e-02   2.978894574714e-07  -2.338504876125e-07  -9.109488200349e-07   8.293453497559e-07   5.619142716387e-06  -2.959402523177e-07  -1.835147740906e-06   2.266633746420e-05   4.218051550618e-08   5.738627846436e-06  -7.369539652039e-04  -1.174805098764e-07   1.160490365459e-05  -9.421342068017e-03  -1.771320221606e-07   9.541384717636e-06  -5.415473369658e-02   1.577272945857e-08  -3.573691177113e-06  -1.326594470173e-01   1.837657527071e-07  -5.578341131078e-06  -6.583225907702e-07  -1.139574747719e-01  -5.618554241018e-08  -5.632726739286e-02   6.635267739014e-04   5.484074679982e-04   3.445844366802e-07   3.185637975815e-04  -3.919274653192e-01  -3.637660095295e-01  -1.706397869282e-01  -4.687937534026e-02   1.136842360728e-01   1.390685326862e-01  -8.985207852731e-02   1.022735481175e-01   9.491245236167e-02   4.451901903214e-02   1.222790493764e-02  -2.971574931522e-02  -1.644510511522e-01  -8.526621667908e-02   2.896317218214e-01   2.687924004377e-01   1.260803121220e-01   3.463352269630e-02  -8.410342738210e-02  -8.845774891101e-03   1.751232718677e-01
  -1.655299285169e-06  -2.257434707737e-06  -2.456325762852e-05  -5.362050159611e-06   9.560471550631e-01  -6.904898800869e-06  -3.307753789172e-05  -6.754229266737e-06  -4.714989194022e-01  -3.120331755380e-06  -1.961993743970e-05  -3.147559970588e-06  -4.773322658909e-01   4.985071659482e-07  -8.116195172748e-06  -7.801566279400e-07  -1.803007716776e-01  -9.666617340791e-06   6.195913676029e-02  -5.610599780851e-02  -5.737062459727e-02  -3.242983182801e-02  -2.180294771986e-07   1.722338127590e-07   6.676369272385e-07  -6.303925715411e-07  -4.659036762821e-06  -1.010116298711e-06   1.362911488058e-06   4.219860760801e-08   2.322860576780e-05  -4.315616812161e-06  -1.175284031855e-07  -7.385634162880e-04  -9.231089293071e-06  -1.772027968241e-07  -9.424100577256e-03  -9.170335434993e-06   1.574546312679e-08  -5.415550442629e-02   1.874095644197e-07   1.839349544179e-07  -1.326536993521e-01   3.109923082341e-06  -8.777294274798e-07  -5.601324113158e-08  -1.139539304738e-01   3.447306232293e-07   6.335450265285e-04  -5.719798699298e-04  -5.632484499220e-02  -3.339968033449e-04   1.081522185606e-01   1.003774867959e-01   4.708433455497e-02   1.293553131786e-02  -3.137212552683e-02  -8.984999302345e-02  -1.617717059780e-01  -3.935126711739e-01  -3.651778471658e-01  -1.712839941507e-01  -4.705120453652e-02   1.143472519496e-01  -8.526289272517e-02   1.414377081441e-01   2.853613116678e-01   2.648201861334e-01   1.242130493515e-01   3.412266804293e-02  -8.286880278166e-02   1.751178631528e-01  -1.407206966329e-02
  -4.424841198137e+00  -3.953496090807e+00  -2.088957660930e-02   1.130249580231e-05  -6.904898800869e-06  -2.201126964489e+00  -2.428516819900e-02   6.531286003326e-06  -6.531115589009e-06  -1.544286163443e+00  -2.442469828490e-03  -6.002965521931e-06   7.947168461573e-07  -8.572759967139e-01  -5.792227853527e-03  -4.287472919598e-06   1.447406445461e-06   8.568073891581e-05  -1.271076484513e-05  -1.448005659751e-02  -6.142469842338e-05   2.509511752450e-02  -3.427313735729e-02  -4.190025079966e-02  -5.414608269311e-02  -8.035231671632e-02  -1.893699101888e-01  -4.108466442676e-01  -2.712495426075e-02  -4.595011745546e-07   5.301186051630e-07  -3.643881991856e-02   1.472952883123e-06  -7.630477491652e-07  -2.005311391647e-01   3.062656172184e-06  -6.295626400919e-07  -4.363739346476e-01   1.468903412000e-06   2.241402388969e-06  -9.033745579313e-01  -7.845348795954e-06   1.160814388497e-05  -5.558352945111e-01  -7.348549613030e-01  -5.911196625355e-06   8.808323447997e-06   3.623715936078e-07   2.380612305860e-08   8.892100049413e-02   2.156191641865e-06  -1.540150078354e-01  -4.315172311248e-01  -8.684981016626e-01  -9.528241055557e-01  -6.651396955687e-01   1.991568751689e-01   5.764097608939e-01  -1.590545936457e-01  -4.316434654203e-01  -8.686701612263e-01  -9.528976246799e-01  -6.651602023427e-01   1.996590067660e-01  -1.504224656030e-01   5.787702100351e-01  -4.316146096863e-01  -8.686289805426e-01  -9.528793382656e-01  -6.651549156822e-01   1.994923904691e-01  -4.259841803037e-01  -4.196950848087e-01
   3.040487251617e-03  -3.997752315080e-04  -3.789177833370e-01   4.713939325270e-05  -3.307753789172e-05  -2.428516819900e-02  -1.378030102090e-01   9.477930867297e-05  -6.776636566813e-05   1.816715496508e-02  -4.407385248110e-01   6.635461727858e-05  -4.807643096124e-05   2.057341845005e-02  -2.410528981272e-01   2.297361609786e-05  -1.690346391917e-05   9.860604928211e-05  -2.129907367751e-05  -1.227753797802e-01  -7.420324074594e-05   2.125107297318e-01   1.571120672589e-01   1.946588424383e-01   2.413115615058e-01   3.060000901352e-01   4.257283665690e-01   3.576705535380e-01   1.183408682167e-01   2.324276124196e-07  -1.157142116847e-06   4.994624912192e-02  -8.159524520833e-07   1.094129687811e-07   4.134065754596e-01  -2.195262414149e-06  -2.141770754310e-06   3.843689046528e-01  -2.735401193510e-06  -1.809106415169e-06   1.367941482287e-01   5.737208702496e-06  -6.544765756227e-06   1.469002301745e-01  -9.325742392002e-03   9.205528526944e-06  -7.941343989738e-06  -2.696819441075e-06   4.506980723611e-08  -5.564216759778e-02  -2.124930035839e-07   9.637551724448e-02  -1.418449251737e-01  -1.190985531953e-01  -5.462159061968e-02  -7.185847579524e-03  -5.331435353398e-02  -1.925072566828e-02   5.306489474844e-03  -1.421430367972e-01  -1.193770173740e-01  -5.480233190169e-02  -7.244164677094e-03  -5.330204520764e-02   5.039785076446e-03  -1.936272164042e-02  -1.420419584116e-01  -1.192808936706e-01  -5.473885840866e-02  -7.223512004894e-03  -5.330478810239e-02   1.425269062324e-02   1.402467851218e-02
   6.573933489992e-07   8.591811349850e-07   4.874479232844e-05  -4.714859474193e-01  -6.754229266737e-06   6.531286003326e-06   9.477930867297e-05  -2.312928503308e-01  -1.217996492990e-05  -6.530626138710e-06   6.534579241760e-05  -4.425947952158e-01  -6.216472788205e-06  -1.124920614804e-05   2.556882777639e-05  -2.445652386303e-01  -1.563805890447e-06  -1.255231376204e-01   1.520038809861e-01   1.258302924887e-01  -2.262221470220e-05   7.276499855877e-02   4.761946470203e-07  -2.890737708063e-07  -1.265235722626e-06   1.267488818202e-06   7.845915725616e-06  -5.840343897590e-06  -2.619627022107e-06  -1.282263936204e-02   7.735640563288e-08   8.264074783208e-06  -1.146004151965e-02  -2.197343988728e-07   1.655568923370e-05  -7.310967657315e-02  -3.472273060249e-07   1.039556813092e-05  -1.105770389360e-01   7.481646324115e-08  -2.081429808464e-05  -1.716444440406e-01   7.656961735017e-07  -1.752650284905e-05  -1.024478497429e-05  -1.597367747044e-01   7.856818623020e-08  -8.852294372259e-02   8.190809696852e-04   6.772750195412e-04   5.843593201433e-07   3.925320329284e-04  -4.210265605162e-01  -3.593902531610e-01  -2.049614168251e-01  -6.673467834445e-02  -1.122060712246e-02  -1.026882894046e-01   1.019666683817e-02   1.098486520183e-01   9.376376787006e-02   5.346451081062e-02   1.739839093634e-02   2.944922741313e-03  -6.825475231419e-02   9.671605550921e-03   3.110957870381e-01   2.655452064812e-01   1.514268904068e-01   4.929049863088e-02   8.319748415685e-03  -8.590471357218e-02  -1.987107629880e-02
  -7.535143772093e-07  -6.689656860725e-07  -3.417775721160e-05  -6.754395250960e-06  -4.714989194022e-01  -6.531115589009e-06  -6.776636566813e-05  -1.217996492990e-05  -2.312864911020e-01  -9.165545109587e-07  -4.743716629083e-05  -6.216165020269e-06  -4.425698231219e-01   3.425217420682e-06  -1.876515633329e-05  -1.563571267828e-06  -2.445530649145e-01  -2.262369113474e-05   1.453086710833e-01  -1.315862698816e-01  -1.256899021256e-01  -7.605222841167e-02  -1.518953213061e-06  -1.274855491759e-06  -9.545833262408e-07  -3.191287544820e-06  -8.621007188921e-06   8.817025042932e-07   8.181217513560e-07   7.737588631063e-08  -1.282171184971e-02  -6.180995240899e-06  -2.197844018457e-07  -1.146274217752e-02  -1.511937217466e-05  -3.472984776845e-07  -7.311431587332e-02  -1.107249195466e-05   7.476298033276e-08  -1.105765824278e-01   9.271532147613e-06   7.657488418981e-07  -1.716230154283e-01   8.856233676243e-06   2.373583440392e-06   7.866708005450e-08  -1.597211889688e-01   5.845266958252e-07   7.818023148486e-04  -7.063346995079e-04  -8.851828497239e-02  -4.110807784554e-04   1.161828774526e-01   9.916712192492e-02   5.655084991787e-02   1.841318192549e-02   3.092535972476e-03   1.020244771553e-02  -6.855473878987e-02  -4.226592287103e-01  -3.607558536744e-01  -2.057150825940e-01  -6.696742839236e-02  -1.130983653236e-02   9.677352281730e-03  -1.029771863147e-01   3.065100330229e-01   2.616161783097e-01   1.491840183697e-01   4.856939892655e-02   8.184476344621e-03  -1.988260328379e-02  -8.532738876741e-02
  -1.991347907498e+00  -1.871757523117e+00  -1.979634868341e-02   4.235282527289e-06  -3.120331755380e-06  -1.544286163443e+00   1.816715496508e-02  -6.530626138710e-06  -9.165545109587e-07  -1.217553962517e+00   1.758615148894e-01  -2.129238241430e-05   6.037826377874e-06  -7.775495108372e-01   1.223068229575e-01  -1.171280794495e-05   3.712596143397e-06   9.428558271169e-05  -1.188429063556e-05   3.980567607376e-03  -6.817578893809e-05  -6.859947856315e-03  -6.034431815085e-01  -7.392034226206e-01  -8.060683747902e-01  -8.008498756473e-01  -7.213938197345e-01  -6.861598371137e-01  -1.400913698754e-01  -1.980678183023e-07   1.187070912898e-06   1.975607755098e-02   8.950657366479e-07  -7.402840348820e-07  -2.858702787021e-01   2.172486053775e-06   7.244952957463e-07  -3.972689710921e-01  -4.989808444961e-07   3.347580282165e-06  -6.745318014864e-01  -1.523481285961e-05   1.426831724914e-05  -6.124509396445e-01  -5.649305696563e-01  -1.236354790214e-05   1.101345042910e-05   1.255335645573e-07  -5.131623259617e-09   6.070535558030e-02   1.521419095660e-06  -1.051440211322e-01  -4.125499270351e-01  -6.681379491373e-01  -7.730280235466e-01  -6.077827535749e-01   1.460940800445e-01   4.205969556149e-01  -1.160606855361e-01  -4.126351212983e-01  -6.682313266700e-01  -7.730350012627e-01  -6.077756072164e-01   1.464478471185e-01  -1.097591105458e-01   4.223129160614e-01  -4.126156637316e-01  -6.682093092566e-01  -7.730356143942e-01  -6.077787844918e-01   1.463303634482e-01  -3.108290933469e-01  -3.062417098284e-01
   1.134997152754e-03  -1.662349568553e-03  -4.156247925328e-01   2.744185068335e-05  -1.961993743970e-05  -2.442469828490e-03  -4.407385248110e-01   6.534579241760e-05  -4.743716629083e-05   1.758615148894e-01  -6.113212978947e-01   5.443610701742e-05  -3.834453897109e-05   2.278519040374e-01  -4.232535416510e-01   2.094307015903e-05  -1.411634237408e-05   7.465898057952e-05  -1.565071708746e-05  -1.344186309888e-01  -5.791682832273e-05   2.327151958443e-01   1.544477417699e+00   1.887817980869e+00   2.027101350224e+00   1.949957536847e+00   1.525257075899e+00   1.014534835958e+00   2.421861249545e-01  -3.711844224316e-07  -2.379274334120e-06  -6.557074491415e-02   6.964601490816e-07   9.292769024882e-08   3.687391860700e-01   5.496789546410e-07  -4.806410611649e-06   2.871061723740e-01   6.497454830213e-07  -4.123827092211e-06   5.237372031068e-02   6.070585957403e-06  -6.175850464948e-06   4.591177145578e-01  -2.698609169511e-02   8.673345987543e-06  -7.474442349512e-06  -1.992248425474e-06   7.460808731528e-08  -3.061706769523e-02   1.274855415621e-07   5.303044249965e-02  -1.290790587366e-01  -7.969345860461e-02   6.493748613708e-02   1.480556617658e-01  -1.326767192014e-02   5.455186552824e-02  -1.505676528215e-02  -1.293404001530e-01  -7.989847497449e-02   6.476378236475e-02   1.479734775889e-01  -1.316731149775e-02  -1.426249513496e-02   5.489428698921e-02  -1.292513968213e-01  -7.982678582628e-02   6.482575213786e-02   1.480027721996e-01  -1.320316701652e-02  -4.036610730777e-02  -3.978134836317e-02
  -5.230615001811e-08  -1.530223718746e-07   2.921059755047e-05  -4.773303276720e-01  -3.147559970588e-06  -6.002965521931e-06   6.635461727858e-05  -4.425947952158e-01  -6.216165020269e-06  -2.129238241430e-05   5.443610701742e-05  -2.617779033394e-01  -2.543293823057e-06  -2.120498301589e-05   2.331632978012e-05  -1.586566761706e-01  -3.015990067950e-07  -8.660914693142e-02   1.214232441383e-01   1.005157488512e-01  -1.658820977251e-05   5.813293988700e-02   7.002400680960e-07   2.200165744745e-07  -4.627765216447e-07   1.381477453075e-06   6.096269777603e-06  -7.334936060060e-06  -2.035997688138e-06  -1.054495136493e-01   8.650142174786e-08   6.571286716442e-06   8.348702490071e-03  -2.534176140296e-07   1.336676155487e-05  -2.200568641695e-01  -4.391697302564e-07   8.023735286953e-06  -2.030018545337e-01  -4.575298602291e-08  -2.750503103064e-05  -1.546516097942e-01   1.365377736944e-06  -2.261780374212e-05  -1.909881801380e-05  -1.277638076695e-01   8.017506876720e-07  -6.057117074817e-02   3.486274686931e-04   2.878477617107e-04   4.885412487304e-07   1.677664331125e-04  -3.704491977544e-01  -2.542671206418e-01  -1.162781667485e-01  -4.641903595000e-02   6.026861208355e-02   1.190559499388e-01  -4.540107773414e-02   9.665055973939e-02   6.632832354209e-02   3.031461773731e-02   1.208849991278e-02  -1.575187227375e-02  -3.430740540702e-02  -4.310027144992e-02   2.737195939411e-01   1.878547151398e-01   8.588045601059e-02   3.426590530474e-02  -4.458642217124e-02   4.434137060901e-02   8.851339861457e-02
  -1.679808838274e-07  -1.853673063280e-10  -2.080719161477e-05  -3.147907115083e-06  -4.773322658909e-01   7.947168461573e-07  -4.807643096124e-05  -6.216472788205e-06  -4.425698231219e-01   6.037826377874e-06  -3.834453897109e-05  -2.543293823057e-06  -2.617307395855e-01   6.972826739225e-06  -1.579072712442e-05  -3.015195390679e-07  -1.586331876324e-01  -1.658935202814e-05   1.160620555635e-01  -1.051033760519e-01  -8.673280887280e-02  -6.075002868168e-02  -1.217881491048e-05  -1.445258739116e-05  -1.504271731356e-05  -1.571304342438e-05  -1.568942996572e-05  -3.188441656748e-06  -1.239144486739e-06   8.651360169315e-08  -1.054486449784e-01  -3.945937894254e-06  -2.535570465869e-07   8.346112988090e-03  -1.361634856658e-05  -4.392113983266e-07  -2.200614878675e-01  -9.413895820400e-06  -4.580206121692e-08  -2.030016728851e-01   1.365548079230e-05   1.365280948150e-06  -1.546253197792e-01   9.170265986415e-06   7.409353490480e-06   8.016840987660e-07  -1.277414745050e-01   4.886460253810e-07   3.320408738406e-04  -2.994754966845e-04  -6.056740446245e-02  -1.754377665386e-04   1.022253997466e-01   7.016034695691e-02   3.208068123071e-02   1.280755548591e-02  -1.663285820503e-02  -4.539686013975e-02  -3.295439407107e-02  -3.718761351857e-01  -2.552041606862e-01  -1.166674738805e-01  -4.656092381833e-02   6.062051067006e-02  -4.309662932521e-02   1.203098137859e-01   2.696834900932e-01   1.850773812466e-01   8.461548248316e-02   3.377546998198e-02  -4.393594067697e-02   8.850553886575e-02   4.169753570334e-02
  -8.392286048856e-01  -8.019929134139e-01  -1.828524851352e-02  -1.416076484089e-06   4.985071659482e-07  -8.572759967139e-01   2.057341845005e-02  -1.124920614804e-05   3.425217420682e-06  -7.775495108372e-01   2.278519040374e-01  -2.120498301589e-05   6.972826739225e-06  -5.261463799372e-01   1.872316327211e-01  -1.148795563211e-05   3.508184880523e-06   5.653718181220e-05  -6.398759845938e-06   9.821918303536e-03  -4.105453434095e-05  -1.698516418270e-02  -7.753057332340e-01  -9.471072701192e-01  -1.024105526655e+00  -1.008463488733e+00  -8.713116310025e-01  -7.080356930754e-01  -5.689879354284e-02  -1.725613045789e-07   5.327786578321e-07   1.057869864489e-02   8.005729172121e-07  -5.845887921744e-07  -1.156083593274e-01   1.834242882918e-06  -2.967262989531e-07  -1.891881910406e-01  -2.582296839543e-07   1.652980162232e-06  -3.664496991131e-01  -1.251887516071e-05   1.031767624132e-05  -4.991149702351e-01  -3.067393642325e-01  -1.106788337635e-05   8.423471153743e-06  -8.052773749106e-07  -1.081507148334e-10   2.791167662062e-02   1.284038074587e-06  -4.834370180786e-02  -2.776005410715e-01  -4.131801270519e-01  -4.839952925556e-01  -4.037582985418e-01   8.105099686249e-02   2.390396560462e-01  -6.596105058199e-02  -2.776389830804e-01  -4.132191442359e-01  -4.839686664263e-01  -4.037341973225e-01   8.124380808487e-02  -6.237721088478e-02   2.400012874533e-01  -2.776301581146e-01  -4.132102936065e-01  -4.839789555504e-01  -4.037426351026e-01   8.117921305904e-02  -1.766477985216e-01  -1.740392448234e-01
   3.518984768319e-04  -1.307723366332e-03  -1.445944911363e-01   1.112597208547e-05  -8.116195172748e-06  -5.792227853527e-03  -2.410528981272e-01   2.556882777639e-05  -1.876515633329e-05   1.223068229575e-01  -4.232535416510e-01   2.331632978012e-05  -1.579072712442e-05   1.872316327211e-01  -2.684782102952e-01   1.042391703236e-05  -6.275632051368e-06   2.725637308330e-05  -5.590151539377e-06  -5.832236885685e-02  -2.146644628675e-05   1.009798222026e-01   1.091038121607e+00   1.331142912479e+00   1.431675831572e+00   1.397358852862e+00   1.151474380882e+00   7.815518279585e-01   1.030178358011e-03  -3.745391591228e-09  -5.596698137577e-07  -3.671877380551e-03  -2.198811796574e-07   1.744300109261e-07  -2.579626512132e-03  -6.725550579036e-07  -8.282084862393e-07   1.119938551267e-02  -4.578609139395e-07  -1.032736787666e-06  -2.156873824914e-02   2.911245683768e-06  -2.697833427877e-06   3.447455378478e-01  -3.140483623151e-02   4.510693831235e-06  -3.480882658153e-06   5.151180997867e-07  -5.080990630052e-09  -4.617780453978e-03  -7.045757008498e-07   7.997709514998e-03  -6.439910473945e-02  -4.631506057517e-02   6.005862924970e-02   1.331747828314e-01  -2.559045158034e-02   3.272086087174e-02  -9.030625397791e-03  -6.452417240694e-02  -4.642884787130e-02   5.996186841873e-02   1.331296612434e-01  -2.553763174850e-02  -8.552363920196e-03   3.291452624988e-02  -6.448101355169e-02  -4.638892516345e-02   5.999632778713e-02   1.331457269306e-01  -2.555683205226e-02  -2.420694726712e-02  -2.385465312873e-02
  -1.075261800572e-07  -1.714158444970e-07   9.681757470484e-06  -1.803010487940e-01  -7.801566279400e-07  -4.287472919598e-06   2.297361609786e-05  -2.445652386303e-01  -1.563571267828e-06  -1.171280794495e-05   2.094307015903e-05  -1.586566761706e-01  -3.015195390679e-07  -1.148795563211e-05   1.042391703236e-05  -2.522067929744e-02   1.345585428152e-07  -2.684451854242e-02   4.657959986695e-02   3.855911178218e-02  -5.984465726734e-06   2.230240293234e-02   3.799530006890e-07   2.337428663730e-07   1.839018742287e-09   7.163163587967e-07   2.637526383660e-06  -3.231443237934e-06  -8.614030937710e-07  -7.256851454400e-02   4.471919096134e-08   2.729123123452e-06  -3.040169524877e-03  -1.325682987725e-07   5.635546124578e-06  -1.781490270804e-01  -2.405061140775e-07   3.747047713641e-06  -1.725411629143e-01  -8.254725194126e-08  -1.279130341483e-05  -8.838094856892e-02   7.122488991449e-07  -1.136581390806e-05  -1.005696464414e-05  -3.257134179503e-02   5.155125071930e-07  -2.723024231798e-02   9.593702924014e-06   7.290315692942e-06   1.799976669032e-07   5.562892011550e-06  -1.834536610749e-01  -1.440816352780e-01  -4.553148506362e-02  -5.161161930797e-03   3.549554356717e-02   4.985185108046e-02  -2.650694986481e-02   4.785976960857e-02   3.758338873483e-02   1.186666733178e-02   1.335059104972e-03  -9.276941228250e-03  -3.968748869774e-02  -2.515824933813e-02   1.355437584519e-01   1.064450130562e-01   3.362242252545e-02   3.797034988098e-03  -2.625789223641e-02   6.223302720467e-03   5.166988084892e-02
  -8.567396965603e-09   6.903239976005e-08  -7.077899512190e-06  -7.803765340886e-07  -1.803007716776e-01   1.447406445461e-06  -1.690346391917e-05  -1.563805890447e-06  -2.445530649145e-01   3.712596143397e-06  -1.411634237408e-05  -3.015990067950e-07  -1.586331876324e-01   3.508184880523e-06  -6.275632051368e-06   1.345585428152e-07  -2.520733017939e-02  -5.984990742852e-06   4.452074243659e-02  -4.031732228797e-02  -2.689004929663e-02  -2.330464323972e-02  -8.524349953270e-06  -1.024507298562e-05  -1.085015978574e-05  -1.107131062864e-05  -1.049392143401e-05  -3.946563860334e-06   2.651003241304e-08   4.472251725399e-08  -7.256812465651e-02  -1.848208879539e-06  -1.325755496799e-07  -3.041341580016e-03  -5.157887641253e-06  -2.405129143339e-07  -1.781511886471e-01  -4.026290718107e-06  -8.255803233850e-08  -1.725413571871e-01   6.548158711545e-06   7.121901024936e-07  -8.836844072561e-02   3.751640031756e-06   4.440696998376e-06   5.154535095160e-07  -3.255944620925e-02   1.800345112845e-07   8.540504886066e-06  -7.040174989034e-06  -2.722906721035e-02  -5.506446240286e-06   5.062394678752e-02   3.975743246899e-02   1.256192899594e-02   1.423376724246e-03  -9.795476834671e-03  -2.650565737413e-02  -3.889775737365e-02  -1.841469178020e-01  -1.446075572641e-01  -4.567536940850e-02  -5.163809667182e-03   3.569829944681e-02  -2.515716353207e-02   5.056855624615e-02   1.335450142411e-01   1.048730358830e-01   3.312921106813e-02   3.749432496453e-03  -2.587278274807e-02   5.166750236982e-02   4.681876219061e-03
   2.701613036941e-06   4.131876652456e-06   4.123688932695e-05  -5.729652170534e-02  -9.666617340791e-06   8.568073891581e-05   9.860604928211e-05  -1.255231376204e-01  -2.262369113474e-05   9.428558271169e-05   7.465898057952e-05  -8.660914693142e-02  -1.658935202814e-05   5.653718181220e-05   2.725637308330e-05  -2.684451854242e-02  -5.984990742852e-06   1.384786743936e+00   6.193488741964e-02   5.127001392153e-02  -1.931576429791e-05   2.960819646131e-02  -1.070528905549e-07  -1.299170516682e-08   9.139155709556e-08  -4.357873202637e-07  -2.388505743800e-06   3.103890462301e-06   5.716298450310e-07   1.949750709353e-02  -8.897174308769e-08  -2.129101415387e-06   2.936630361905e-02   2.557469990258e-07  -4.928812394514e-06   1.327547049320e-01   4.591234007836e-07  -3.565860852329e-06   1.028576185451e-01   2.320628784875e-07   3.401445389054e-05   3.203967850678e-02  -2.167378328801e-06   2.430857477032e-05   4.673155933703e-05   1.141942567764e-02  -2.791357367379e-06   5.526079752242e-02   8.662771370804e-05   7.344831504119e-05  -2.736069856476e-07   3.957995946413e-05  -1.920053319074e-02  -3.603574401732e-02  -3.685356505457e-02  -8.547398143552e-03   1.659961131348e-01  -3.062246148449e-01   1.110724693304e-01   5.004899715349e-03   9.449067924551e-03   9.698681020100e-03   2.287544252348e-03  -4.317054857651e-02   6.913293847120e-02   1.056400757710e-01   1.417626744118e-02   2.670550742579e-02   2.735928041786e-02   6.398474840863e-03  -1.224105129539e-01  -1.235676182773e-01  -2.168148674678e-01
  -3.814892217050e-07  -5.806406907173e-07  -8.546817055897e-06   6.480745000024e-02   6.195913676029e-02  -1.271076484513e-05  -2.129907367751e-05   1.520038809861e-01   1.453086710833e-01  -1.188429063556e-05  -1.565071708746e-05   1.214232441383e-01   1.160620555635e-01  -6.398759845938e-06  -5.590151539377e-06   4.657959986695e-02   4.452074243659e-02   6.193488741964e-02   1.334682645097e+00  -2.524217810287e-05   5.930722131163e-02  -1.912330798389e-05  -9.457103853716e-09   6.281843516292e-09   2.486924987337e-08  -1.984997799271e-08   4.261553659101e-08   6.765217101417e-07  -2.421598317732e-08   6.165156409302e-04   5.895035898464e-04   6.677381536820e-08  -1.775630195419e-03  -1.696979208749e-03   2.453450948239e-07  -3.121358902082e-03  -2.982215946485e-03   1.193788944563e-06  -4.639816482330e-04  -4.446982719048e-04  -1.638196699790e-06   2.228435894549e-02   2.129049343988e-02  -1.572690484028e-06  -4.845972034234e-06   2.512820247693e-02   2.401255818648e-02   3.028740275080e-03  -2.200626848397e-02  -5.079917560438e-07   2.895982079377e-03   3.394388212129e-07   1.404200774426e-02   3.149870216042e-02   3.512000598578e-02   9.848226547269e-03   1.096310047640e-01   2.437930140986e-01   2.353017040005e-01   1.329381275439e-02   2.989423113066e-02   3.332280095759e-02   9.342745852634e-03   1.042848415717e-01   2.461465804518e-01   2.328858961188e-01  -2.731767450756e-02  -6.140510779733e-02  -6.846239908551e-02  -1.920480657868e-02  -2.140182721993e-01   2.428020799516e-01   2.321078876512e-01
  -1.199169928113e-03  -2.125550015467e-03  -4.466576449331e-02   5.364623145845e-02  -5.610599780851e-02  -1.448005659751e-02  -1.227753797802e-01   1.258302924887e-01  -1.315862698816e-01   3.980567607376e-03  -1.344186309888e-01   1.005157488512e-01  -1.051033760519e-01   9.821918303536e-03  -5.832236885685e-02   3.855911178218e-02  -4.031732228797e-02   5.127001392153e-02  -2.524217810287e-05   1.324382608273e+00  -5.370111561216e-02   1.786027497123e-02   6.670016620918e-02   8.540925430013e-02   1.154368622334e-01   1.515402355639e-01   1.698904618767e-01   1.106495657466e-01   7.484506037118e-02   5.102931959523e-04  -5.345383620289e-04   9.166469776386e-03  -1.469212818602e-03   1.535979989730e-03   1.588935818301e-01  -2.582353022553e-03   2.697254423577e-03   5.514536270756e-02  -3.829246228426e-04   4.004538929657e-04   2.409080388003e-02   1.844767899994e-02  -1.928199920968e-02   4.405851429325e-02  -7.315745261613e-03   2.080169008841e-02  -2.174635565505e-02   2.506729404748e-03  -1.938736001632e-07   3.864911566062e-03  -2.622231137060e-03  -4.480998231832e-02   1.297283128398e-02   2.888951780645e-02   3.827837819147e-02   1.670729409991e-02   3.820568297079e-02   1.550234328754e-01  -1.993052689303e-01  -2.800988356204e-02  -6.321229757142e-02  -6.440936719190e-02  -1.209606221064e-02  -2.829202506975e-01   2.144397976509e-01  -2.554143183893e-01  -7.013876174995e-03  -1.598094880544e-02  -1.175509290328e-02   2.671948692061e-03  -1.180944097924e-01   2.371133947099e-01  -1.794565549364e-01
  -1.920866664751e-06  -2.922489728596e-06  -3.043205334235e-05  -9.665412566101e-06  -5.737062459727e-02  -6.142469842338e-05  -7.420324074594e-05  -2.262221470220e-05  -1.256899021256e-01  -6.817578893809e-05  -5.791682832273e-05  -1.658820977251e-05  -8.673280887280e-02  -4.105453434095e-05  -2.146644628675e-05  -5.984465726734e-06  -2.689004929663e-02  -1.931576429791e-05   5.930722131163e-02  -5.370111561216e-02   1.384649495486e+00  -3.100703850939e-02   1.824417288116e-06   2.249109202690e-06   2.963641971091e-06   4.280919252949e-06   6.122931556172e-06   5.919038596660e-07   1.702588632618e-06  -8.895465515855e-08   1.949674204028e-02   1.976121733020e-06   2.556929618956e-07   2.936851059666e-02   8.660679891298e-06   4.590161720928e-07   1.327586281623e-01   4.721051575170e-06   2.320127502341e-07   1.028590533542e-01  -2.391853437869e-05  -2.166925640844e-06   3.202271420142e-02  -1.666882766507e-05  -3.425502609347e-05  -2.790799147233e-06   1.139812734699e-02  -2.735517398474e-07   8.335348568701e-05  -7.668640103203e-05   5.525802321671e-02  -4.271037426588e-05   5.298786939452e-03   9.932859190687e-03   1.014577018008e-02   2.339476969491e-03  -4.580733494679e-02   1.110793362799e-01   6.564935471890e-02  -1.926168083382e-02  -3.629826651200e-02  -3.716946469705e-02  -8.674829581094e-03   1.661220836414e-01   1.056477805801e-01  -3.099125097704e-01   1.396942115842e-02   2.627598388775e-02   2.687133676134e-02   6.233402450013e-03  -1.206127108640e-01  -2.168294358473e-01  -1.171349930686e-01
   2.076227415491e-03   3.681111921555e-03   7.730865616908e-02   3.102523481536e-02  -3.242983182801e-02   2.509511752450e-02   2.125107297318e-01   7.276499855877e-02  -7.605222841167e-02  -6.859947856315e-03   2.327151958443e-01   5.813293988700e-02  -6.075002868168e-02  -1.698516418270e-02   1.009798222026e-01   2.230240293234e-02  -2.330464323972e-02   2.960819646131e-02  -1.912330798389e-05   1.786027497123e-02  -3.100703850939e-02   1.303598490095e+00  -1.155282890359e-01  -1.479330154950e-01  -1.999419042502e-01  -2.624758919988e-01  -2.942603249537e-01  -1.916312126361e-01  -1.296350345298e-01   2.955881087881e-04  -3.076785176691e-04  -1.587816266229e-02  -8.510195187358e-04   8.893061499007e-04  -2.752133352055e-01  -1.495557609110e-03   1.565239400249e-03  -9.550043782832e-02  -2.220629540369e-04   2.344859849409e-04  -4.167338148372e-02   1.067318921748e-02  -1.114612800363e-02  -7.628013904288e-02   1.269877767424e-02   1.203334126056e-02  -1.257039680872e-02   1.452155779296e-03  -2.046579278143e-07  -4.481316094332e-02  -1.517667242722e-03   5.561166690757e-02   2.453724263389e-02   5.541983209102e-02   5.130466036717e-02   4.063151294066e-03   3.008795641131e-01   1.952849539985e-01  -1.442627579322e-01   8.217971881610e-04   2.229715588614e-03  -8.001040358780e-03  -1.256804480091e-02   1.158832797963e-01   9.641009472815e-02  -4.201118829298e-02   1.295874952502e-02   2.950382636925e-02   2.240431580156e-02  -4.041733844518e-03   2.109135827370e-01   5.910616076186e-02  -1.802718948092e-01
  -3.471088976286e-05  -2.560998268098e-05   1.400076334909e-03   2.978894574714e-07  -2.180294771986e-07  -3.427313735729e-02   1.571120672589e-01   4.761946470203e-07  -1.518953213061e-06  -6.034431815085e-01   1.544477417699e+00   7.002400680960e-07  -1.217881491048e-05  -7.753057332340e-01   1.091038121607e+00   3.799530006890e-07  -8.524349953270e-06  -1.070528905549e-07  -9.457103853716e-09   6.670016620918e-02   1.824417288116e-06  -1.155282890359e-01  -5.078819873405e+01  -1.094984193415e+02  -4.847085223035e+01  -2.564739109721e+01  -8.477736297313e+00  -3.702288609204e+00  -4.174468384756e-03   5.246655890471e-07  -3.332158552064e-07   4.587810155826e-03  -5.856127578471e-07   3.721331679792e-07   2.612981286384e-03  -3.416461181713e-07   2.171257825639e-07   2.977499017476e-03  -3.553851788647e-07   2.240297544791e-07   2.088082923154e-03  -1.026273740017e-07   5.604418765631e-08  -1.369195931155e+00   1.338489106248e-03  -3.374815411050e-09  -6.926463886410e-09   1.094363332327e-07  -2.066727687074e-09   1.807042930649e-04  -7.139091390921e-08  -3.129984989513e-04   2.469933551077e-04  -9.074607696860e-03  -3.126088001482e-01  -5.368878328450e-01   4.025083948932e-04  -7.010811548598e-05   1.930768759987e-05   2.467920882794e-04  -9.050815835533e-03  -3.123490235688e-01  -5.367311505851e-01   4.016764137018e-04   1.847047556378e-05  -7.078174483718e-05   2.468687200756e-04  -9.059152006197e-03  -3.124401053844e-01  -5.367860952265e-01   4.019675831775e-04   5.207735109618e-05   5.115621620577e-05
   3.532799190814e-05   4.162919609346e-05  -1.249878727969e-03  -2.338504876125e-07   1.722338127590e-07  -4.190025079966e-02   1.946588424383e-01  -2.890737708063e-07  -1.274855491759e-06  -7.392034226206e-01   1.887817980869e+00   2.200165744745e-07  -1.445258739116e-05  -9.471072701192e-01   1.331142912479e+00   2.337428663730e-07  -1.024507298562e-05  -1.299170516682e-08   6.281843516292e-09   8.540925430013e-02   2.249109202690e-06  -1.479330154950e-01  -1.094984193415e+02  -8.397557361819e+01  -4.786876199570e+01  -2.855542442180e+01  -1.020834076990e+01  -4.513930156246e+00  -4.013476784437e-03   4.222314895774e-07  -2.658475966343e-07   2.096504147353e-03  -1.760943820635e-07   1.088830101468e-07  -2.043971435528e-03   2.883898551306e-07  -1.859956577202e-07  -1.747471921364e-03   2.299981814340e-07  -1.470079134100e-07  -1.154252368547e-03   3.537597579664e-08  -1.693225846303e-08  -1.670932316514e+00  -7.842721381785e-04  -2.196749188975e-08   1.996730734010e-08   1.019126005144e-07  -5.942955692050e-09   2.973782636455e-04  -6.426350980293e-08  -5.151332949247e-04  -1.718122663837e-04  -1.125100574264e-02  -3.827619999172e-01  -6.557873014587e-01  -3.034873782583e-04   4.379275133404e-05  -1.205525752264e-05  -1.717143228044e-04  -1.122153215592e-02  -3.824442240102e-01  -6.555961071942e-01  -3.032061435174e-04  -1.153098484760e-05   4.415115108075e-05  -1.717525402219e-04  -1.123186137903e-02  -3.825556369466e-01  -6.556631563191e-01  -3.033060395419e-04  -3.251131953028e-05  -3.191599361078e-05
   1.183801447055e-04   1.252288787557e-04  -4.508245777924e-03  -9.109488200349e-07   6.676369272385e-07  -5.414608269311e-02   2.413115615058e-01  -1.265235722626e-06  -9.545833262408e-07  -8.060683747902e-01   2.027101350224e+00  -4.627765216447e-07  -1.504271731356e-05  -1.024105526655e+00   1.431675831572e+00   1.839018742287e-09  -1.085015978574e-05   9.139155709556e-08   2.486924987337e-08   1.154368622334e-01   2.963641971091e-06  -1.999419042502e-01  -4.847085223035e+01  -4.786876199570e+01  -3.160614098125e+01  -2.286482552825e+01  -1.020224949113e+01  -4.772992546505e+00  -8.351506553611e-03   7.145182531827e-07  -4.447694145497e-07   2.812884600151e-03  -5.258209266925e-08   2.367269100880e-08  -1.209318078155e-02   1.473797397225e-06  -9.360247300585e-07  -9.425184829583e-03   1.131640375524e-06  -7.160921694866e-07  -5.735466728258e-03   2.578015513298e-07  -1.386343529224e-07  -1.800152444705e+00  -3.678135805204e-03  -2.666339049495e-08   4.277189327756e-08   1.363467080989e-07  -1.446592591254e-08   6.831426797104e-04  -7.698657698936e-08  -1.183378079255e-03  -7.034489322680e-04  -1.440457072828e-02  -4.185987347766e-01  -7.100547145287e-01  -1.163451371856e-03   2.254932341444e-04  -6.210821174113e-05  -7.029947243621e-04  -1.436816276735e-02  -4.182548129900e-01  -7.098486058159e-01  -1.162067484765e-03  -5.926438749603e-05   2.271576052633e-04  -7.031727396629e-04  -1.438092549861e-02  -4.183753944604e-01  -7.099208865993e-01  -1.162560665613e-03  -1.672451128149e-04  -1.643139760599e-04
  -1.911751886655e-04  -2.136936317132e-04   7.112793925849e-03   8.293453497559e-07  -6.303925715411e-07  -8.035231671632e-02   3.060000901352e-01   1.267488818202e-06  -3.191287544820e-06  -8.008498756473e-01   1.949957536847e+00   1.381477453075e-06  -1.571304342438e-05  -1.008463488733e+00   1.397358852862e+00   7.163163587967e-07  -1.107131062864e-05  -4.357873202637e-07  -1.984997799271e-08   1.515402355639e-01   4.280919252949e-06  -2.624758919988e-01  -2.564739109721e+01  -2.855542442180e+01  -2.286482552825e+01  -1.728015403084e+01  -8.789419939700e+00  -4.461353262358e+00  -1.295196579905e-02   1.249078028920e-06  -7.821938800410e-07   6.696487041010e-03  -8.839202629706e-07   5.679775818985e-07  -9.378351808324e-03   3.696325872929e-07  -1.982261138193e-07  -3.009789262429e-03  -9.272168471355e-08   8.328836997107e-08   7.054617949127e-04   1.379045796532e-07  -9.780266830492e-08  -1.763093622272e+00   1.251913516126e-03   1.941240485448e-07  -1.395287805943e-07   2.286010163845e-07  -1.129986585741e-08   1.728701304925e-03  -1.087503900989e-07  -2.994210978752e-03   5.366022662722e-04  -2.043648490262e-02  -4.204550332494e-01  -7.022867459747e-01   1.989443569238e-03   3.322134898950e-04  -9.177467189543e-05   5.364290772757e-04  -2.038960579023e-02  -4.201182401717e-01  -7.020844895343e-01   1.985070651348e-03  -8.580359227908e-05   3.308622333740e-04   5.365027461745e-04  -2.040603586592e-02  -4.202363321830e-01  -7.021554067418e-01   1.986617797700e-03  -2.439994885724e-04  -2.407921644433e-04
