ARMA_MAT_TXT_FN008
73 73
   1.000000000000e+00   8.784438346368e-01   1.357442178689e-16   5.059955742365e-22   1.134301166097e-21   3.291794955376e-01   1.684132179657e-17   1.071955985885e-22   1.641759491654e-22   1.537612665257e-01  -2.867813652293e-17   3.713690197164e-22   1.309361467857e-22   6.556249676812e-02   5.263598294905e-18  -6.798757349596e-23   1.666736908262e-25  -6.787124568113e-37   5.091587077772e-44   0.000000000000e+00  -2.136733019767e-40   0.000000000000e+00   0.000000000000e+00   0.000000000000e+00   1.548094564421e-08   1.234334766679e-06   1.766478927144e-03   2.538274229293e-02   4.110624399882e-08   1.009040284476e-14  -3.183012740943e-13   3.579707687199e-06   8.787154727966e-13  -2.771903747162e-11   5.757396742487e-04   1.413275619890e-10  -4.458171168965e-09   2.258110368981e-02   5.543012709115e-09  -1.748540702266e-07   8.204106265537e-02   2.013872568918e-08  -6.352751365950e-07   4.111424405542e-02   5.981818152097e-02   1.468364633375e-08  -4.631949197955e-07   2.485992320283e-09  -1.924998360243e-14  -2.923536028289e-03  -7.842050858711e-08   5.063712939362e-03   1.223890778719e-02   7.522515875530e-02   7.961970339449e-02   4.894347183859e-02  -2.874643428502e-02  -8.228816772266e-02   2.270623037676e-02   1.224846555049e-02   7.524681940794e-02   7.962742216983e-02   4.894516993943e-02  -2.882381613062e-02   2.147779312164e-02  -8.263729137296e-02   1.224617935837e-02   7.524163926876e-02   7.962557636189e-02   4.894476387841e-02  -2.879849009080e-02   6.082088568328e-02   5.992195935917e-02
   8.784438346368e-01   1.000000000000e+00   0.000000000000e+00  -4.932013749432e-21  -1.393094516011e-21   4.187995882560e-01  -2.387361780515e-16   1.908796645630e-21   4.743287803218e-22   1.871454501484e-01   4.471142034387e-19  -4.906915103396e-22   4.137953247576e-24   7.831571041382e-02   1.099128720036e-19   1.065842965867e-22   9.104708181886e-25   0.000000000000e+00   0.000000000000e+00   0.000000000000e+00   0.000000000000e+00   0.000000000000e+00  -1.864618798109e-11  -1.041440937440e-10  -2.770248299159e-09  -7.168893082943e-08   1.530399987690e-03   2.975120300693e-02  -6.365364890746e-09  -1.562514347050e-15   4.928944018475e-14  -1.894479888318e-07  -4.650404268259e-14   1.466967797435e-12   2.345911124402e-04   5.758538358284e-11  -1.816528164993e-09   2.521401709221e-02   6.189317365077e-09  -1.952417196209e-07   9.898324123551e-02   2.429754416324e-08  -7.664648660226e-07   4.898401654220e-02   7.173417241476e-02   1.760868002002e-08  -5.554649672291e-07   2.121851574204e-09  -1.643030337502e-14  -2.495305183872e-03  -6.693370620570e-08   4.321995359373e-03   1.114475898315e-02   9.018537678440e-02   9.566101757023e-02   5.833004329391e-02  -3.461584409742e-02  -9.908965949334e-02   2.734235915902e-02   1.115501396443e-02   9.021230345942e-02   9.567041297667e-02   5.833207699160e-02  -3.471050163806e-02   2.586420097714e-02  -9.951429833467e-02   1.115256089981e-02   9.020586393000e-02   9.566816623116e-02   5.833159068043e-02  -3.467965065315e-02   7.324158527968e-02   7.215908231564e-02
   1.357442178689e-16   0.000000000000e+00   1.000000000000e+00   0.000000000000e+00   0.000000000000e+00   5.278882385688e-16   6.291202128136e-01  -4.270060350410e-36  -2.384502217620e-37  -3.810736199006e-16   2.202302509580e-01  -9.852750636771e-37  -2.463187659193e-37  -1.707891335924e-16   5.734990148843e-02  -2.422074967188e-37  -6.055187417969e-38   3.519148886977e-21   0.000000000000e+00   0.000000000000e+00   0.000000000000e+00   0.000000000000e+00  -4.039199138639e-08  -2.164777508931e-07  -4.960810667932e-06  -1.072312089911e-04  -1.662396953689e-02  -6.272059089939e-02  -1.106022739769e-05  -2.818487394119e-12   8.890904975442e-11  -2.737533921940e-04  -7.051052412029e-11   2.224251103731e-09  -1.109703282414e-02  -2.939006703203e-09   9.271082558287e-08  -9.832077152702e-02  -2.822344055696e-08   8.903070795904e-07  -6.717877160099e-02  -2.906386871379e-08   9.168183455149e-07  -2.800502347021e-02  -2.254320517309e-03  -9.852848271094e-09   3.108076264543e-07  -2.630170766653e-08   2.234133839559e-13   2.793154145319e-02   8.296861076724e-07  -4.837884893768e-02   3.496431247468e-02   5.647876196670e-02   2.124810025225e-02   4.861516995646e-03   5.425565861772e-02  -1.179575862185e-01   3.254869079588e-02   3.506076363614e-02   5.661202565180e-02   2.129464264163e-02   4.871875283139e-03   5.410926705843e-02   3.084927140073e-02  -1.186947008451e-01   3.502940043799e-02   5.656676742148e-02   2.127847722879e-02   4.868246306302e-03   5.416388499052e-02   8.729676435547e-02   8.600652731589e-02
   5.059955742365e-22  -4.932013749432e-21   0.000000000000e+00   1.000000000000e+00   9.160619076116e-42  -3.825476234001e-21  -4.270060350410e-36   6.291202128136e-01   1.819230817886e-42   2.130049782221e-21  -9.852750636771e-37   2.202302509580e-01   1.824908570958e-42   1.593538804620e-21  -2.422074967188e-37   5.734990148843e-02   4.619741377235e-43   0.000000000000e+00   0.000000000000e+00  -2.031781557215e-21   0.000000000000e+00  -3.519148886977e-21  -9.915074332804e-15  -5.313907331210e-14  -1.217736606571e-12  -2.632218346881e-11  -4.080707288923e-09  -1.539610451527e-08  -2.818487394119e-12   4.217156240835e-07   2.182461935935e-17  -7.051052412029e-11   1.349210767020e-05   5.459897933071e-16  -2.939006703203e-09   8.758812918491e-04   2.275784618580e-14  -2.822344055697e-08   1.665577122057e-02   2.185448295608e-13  -2.906386871379e-08   5.122150411440e-02   2.250525842734e-13  -6.874429308097e-09  -9.852848271093e-09   3.788417458007e-02   7.629434978873e-14   1.039009687178e-02  -8.045446994243e-08   6.856391582403e-09   2.234133839559e-13  -1.697655959595e-08   1.000871684014e-01   1.616734023916e-01   6.082379539698e-02   1.391634600514e-02  -1.179575862185e-01  -2.421969458606e-01   9.317232533289e-02  -2.612519538188e-02  -4.218391380365e-02  -1.586750092991e-02  -3.630231644954e-03   3.084927140073e-02   7.252283469001e-02   8.844423020996e-02  -7.398023829984e-02  -1.194660165851e-01  -4.493901683617e-02  -1.028147833932e-02   8.729676435547e-02  -8.886752552972e-02  -1.816412301271e-01
   1.134301166097e-21  -1.393094516011e-21   0.000000000000e+00   9.160619076116e-42   1.000000000000e+00   3.861171008407e-22  -2.384502217620e-37   1.819230817886e-42   6.291202128136e-01   7.478628609853e-22  -2.463187659193e-37   1.824908570958e-42   2.202302509580e-01   3.343565000914e-22  -6.055187417969e-38   4.619741377235e-43   5.734990148843e-02   0.000000000000e+00   3.519148886977e-21   0.000000000000e+00   0.000000000000e+00   0.000000000000e+00   3.127705445884e-13   1.676269520619e-12   3.841344288690e-11   8.303320158740e-10   1.287257158365e-07   4.856693789829e-07   8.890904975442e-11   2.182461935935e-17   4.217156233958e-07   2.224251103731e-09   5.459897933071e-16   1.349210765300e-05   9.271082558287e-08   2.275784618580e-14   8.758812911320e-04   8.903070795904e-07   2.185448295608e-13   1.665577121369e-02   9.168183455149e-07   2.250525842734e-13   5.122150410731e-02   2.168535430253e-07   3.108076264543e-07   7.629434978874e-14   3.788417457767e-02   2.234133839559e-13   2.550470506725e-09  -3.556357734693e-07   1.039009686473e-02   4.550702888074e-07  -2.761760732283e-02  -4.461143834032e-02  -1.678344710904e-02  -3.840014514121e-03   3.254869079588e-02   9.317232533289e-02   6.975324171132e-02   1.005184923200e-01   1.623055197758e-01   6.105130495854e-02   1.396756680243e-02  -1.186947008451e-01   8.844423020996e-02  -2.447854033177e-01  -7.288681812148e-02  -1.177003213648e-01  -4.427482287122e-02  -1.012951916565e-02   8.600652731589e-02  -1.816412301271e-01  -8.345797487456e-02
   3.291794955376e-01   4.187995882560e-01   5.278882385688e-16  -3.825476234001e-21   3.861171008407e-22   1.000000000000e+00   6.175593394926e-16  -4.711603847447e-21   0.000000000000e+00   7.746967835845e-01   0.000000000000e+00   0.000000000000e+00   0.000000000000e+00   4.100964372946e-01   7.622953462239e-17  -5.815851945678e-22  -1.453962986420e-22   0.000000000000e+00   0.000000000000e+00   0.000000000000e+00   0.000000000000e+00   0.000000000000e+00   1.466901958049e-04   4.916023172102e-04   2.197065639747e-03   6.263668522802e-03   5.292215491017e-02   1.876001259930e-01   2.112786569768e-03   5.186284500858e-10  -1.636010959955e-08   5.454987436865e-03   1.339042816771e-09  -4.224004147332e-08   4.794260198838e-02   1.176853247654e-08  -3.712377928944e-07   2.059843415155e-01   5.056324254931e-08  -1.595015062669e-06   4.519082900413e-01   1.109305120539e-07  -3.499297685726e-06   2.651169078304e-01   3.563609341172e-01   8.747637909900e-08  -2.759438185844e-06   4.438326106945e-08  -3.436764630520e-13  -5.219487676243e-02  -1.400067843100e-06   9.040417845815e-02   1.904855080652e-01   4.295651013884e-01   4.648257336100e-01   3.145702762671e-01  -1.248044052383e-01  -3.572591205208e-01   9.858048999323e-02   1.905501882408e-01   4.296466647016e-01   4.648641517154e-01   3.145805565756e-01  -1.251018962075e-01   9.321849104552e-02  -3.586645779782e-01   1.905347196885e-01   4.296271595958e-01   4.648549647585e-01   3.145780982827e-01  -1.250011647572e-01   2.639958389486e-01   2.600940080821e-01
   1.684132179657e-17  -2.387361780515e-16   6.291202128136e-01  -4.270060350410e-36  -2.384502217620e-37   6.175593394926e-16   1.000000000000e+00  -2.909694959980e-36   0.000000000000e+00   0.000000000000e+00   6.534608721805e-01   0.000000000000e+00   0.000000000000e+00   2.532588849439e-16   2.263653730943e-01  -3.591633686160e-37  -8.979084215399e-38   0.000000000000e+00   0.000000000000e+00  -3.973659471137e-16   0.000000000000e+00   6.882580095987e-16  -6.839324332025e-04  -2.264112760584e-03  -9.573711221169e-03  -2.465134561597e-02  -1.328248209586e-01  -2.412099886518e-01  -8.351204997521e-03  -2.271736029913e-09   7.166180417692e-08  -1.788801310082e-02  -4.963541088051e-09   1.565746657149e-07  -1.318260935368e-01  -3.739150597390e-08   1.179513263733e-06  -3.368028070909e-01  -1.042952313921e-07   3.289988075284e-06  -1.969408177416e-01  -9.577494102831e-08   3.021215924145e-06  -1.126380638722e-01   9.684945514633e-04  -3.716537755700e-08   1.172380053660e-06  -1.072547295204e-07   9.774631888031e-13   1.038144882590e-01   3.383345301890e-06  -1.798119682572e-01   1.246168625032e-01   1.571568724213e-01   7.402829436351e-02   1.980974113404e-02   2.057396709948e-01  -1.973914371844e-01   5.446731372383e-02   1.249207289872e-01   1.575162214722e-01   7.418961048401e-02   1.985191685641e-02   2.055091785857e-01   5.161269152241e-02  -1.985833927967e-01   1.248185132508e-01   1.573930359027e-01   7.413349097029e-02   1.983713721874e-02   2.055970983342e-01   1.460600564515e-01   1.439013041057e-01
   1.071955985885e-22   1.908796645630e-21  -4.270060350410e-36   6.291202128136e-01   1.819230817886e-42  -4.711603847447e-21  -2.909694959980e-36   1.000000000000e+00   0.000000000000e+00   0.000000000000e+00   0.000000000000e+00   6.534608721805e-01   0.000000000000e+00  -1.932211951782e-21  -3.591633686160e-37   2.263653730943e-01   6.850497600860e-43   6.882580095987e-16   0.000000000000e+00   0.000000000000e+00   0.000000000000e+00   0.000000000000e+00  -1.678857783700e-10  -5.557746857363e-10  -2.350071267610e-09  -6.051197670543e-09  -3.260468047856e-08  -5.921012768146e-08  -2.271736029913e-09   9.033844359453e-04   1.759091569514e-14  -4.963541088052e-09   2.332441345120e-03   3.843458556787e-14  -3.739150597390e-08   2.049927857113e-02   2.895366453851e-13  -1.042952313921e-07   8.807470230842e-02   8.075976251933e-13  -9.577494102831e-08   1.932267657982e-01   7.416217778617e-13  -2.764941112490e-08  -3.716537755699e-08   1.523726655911e-01   2.877856470887e-13   7.730996488915e-02  -5.986404480329e-07   2.548347661455e-08   9.774631888031e-13  -8.209343026846e-08   3.567222696583e-01   4.498697455258e-01   2.119098543635e-01   5.670641738790e-02  -1.973914371844e-01  -2.903471643754e-01   1.559155268675e-01  -9.308349601014e-02  -1.173717179832e-01  -5.528168437273e-02  -1.479246749902e-02   5.161269152241e-02   2.363161877254e-01   1.479725310678e-01  -2.636100886416e-01  -3.324057550864e-01  -1.565660062521e-01  -4.189498307933e-02   1.460600564515e-01  -3.371504627011e-02  -3.039119321565e-01
   1.641759491654e-22   4.743287803218e-22  -2.384502217620e-37   1.819230817886e-42   6.291202128136e-01   0.000000000000e+00   0.000000000000e+00   0.000000000000e+00   1.000000000000e+00   0.000000000000e+00   0.000000000000e+00   0.000000000000e+00   6.534608721805e-01  -4.830529879454e-22  -8.979084215399e-38   6.850497600860e-43   2.263653730943e-01   0.000000000000e+00   0.000000000000e+00   0.000000000000e+00   6.882580095987e-16   0.000000000000e+00   5.295948831740e-09   1.753188582269e-08   7.413288549537e-08   1.908847404771e-07   1.028513082920e-06   1.867780639708e-06   7.166180417692e-08   1.759091569514e-14   9.033844353909e-04   1.565746657149e-07   3.843458556787e-14   2.332441343908e-03   1.179513263733e-06   2.895366453851e-13   2.049927856201e-02   3.289988075284e-06   8.075976251933e-13   8.807470228297e-02   3.021215924145e-06   7.416217778617e-13   1.932267657748e-01   8.721993486699e-07   1.172380053660e-06   2.877856470887e-13   1.523726655820e-01   9.774631888031e-13   1.897737699794e-08  -1.840750719815e-06   7.730996485834e-02   1.990992874961e-06  -9.843235375810e-02  -1.241350532421e-01  -5.847346107523e-02  -1.564731616567e-02   5.446731372383e-02   1.559155268675e-01   2.316734858328e-01   3.581451752626e-01   4.515957856092e-01   2.127000960120e-01   5.691503963739e-02  -1.985833927967e-01   1.479725310678e-01  -2.945596308012e-01  -2.597139591243e-01  -3.274928328200e-01  -1.542519770679e-01  -4.127577961468e-02   1.439013041057e-01  -3.039119321565e-01  -2.466408911374e-02
   1.537612665257e-01   1.871454501484e-01  -3.810736199006e-16   2.130049782221e-21   7.478628609853e-22   7.746967835845e-01   0.000000000000e+00   0.000000000000e+00   0.000000000000e+00   1.000000000000e+00   0.000000000000e+00   0.000000000000e+00   0.000000000000e+00   7.744077347687e-01   0.000000000000e+00   0.000000000000e+00   0.000000000000e+00   0.000000000000e+00   0.000000000000e+00   0.000000000000e+00   0.000000000000e+00   0.000000000000e+00   2.692321555988e-03   8.607119581669e-03   3.132806443403e-02   6.371312243231e-02   1.970566296212e-01   3.953994466423e-01   9.679810223940e-03   2.376115526954e-09  -7.495445040806e-08   1.546875432967e-02   3.797135118877e-09  -1.197804453243e-07   1.074971236870e-01   2.638745789291e-08  -8.323910944533e-07   2.946993622713e-01   7.234023335958e-08  -2.281969193985e-06   6.171266451529e-01   1.514868752301e-07  -4.778646218209e-06   5.337333521206e-01   5.925225308250e-01   1.454472714849e-07  -4.588127207550e-06   3.513313807839e-08  -2.720492442365e-13  -4.131669841495e-02  -1.108273156715e-06   7.156262086427e-02   2.681247062223e-01   5.825319067971e-01   7.594461041458e-01   6.308733860644e-01  -6.995587154421e-02  -2.002523316019e-01   5.525673618303e-02   2.681587784235e-01   5.825890836347e-01   7.594907230217e-01   6.308911466861e-01  -7.011085621254e-02   5.224243932483e-02  -2.010063909299e-01   2.681506305687e-01   5.825754108042e-01   7.594800533658e-01   6.308868996603e-01  -7.005721440866e-02   1.479571260647e-01   1.457703352286e-01
  -2.867813652293e-17   4.471142034387e-19   2.202302509580e-01  -9.852750636771e-37  -2.463187659193e-37   0.000000000000e+00   6.534608721805e-01   0.000000000000e+00   0.000000000000e+00   0.000000000000e+00   1.000000000000e+00   0.000000000000e+00   0.000000000000e+00   0.000000000000e+00   6.530545656898e-01   0.000000000000e+00   0.000000000000e+00   0.000000000000e+00   0.000000000000e+00  -2.197637260426e-16   0.000000000000e+00   3.806419391664e-16  -6.903955627678e-03  -2.199043185030e-02  -7.867326775802e-02  -1.547544603354e-01  -4.014067369378e-01  -5.656124914531e-01  -1.680902257389e-02  -5.977551387237e-09   1.885615720001e-07  -2.435153614250e-02  -8.936250309160e-09   2.818935876785e-07  -1.578149708563e-01  -5.929959315189e-08   1.870602823685e-06  -3.178264500673e-01  -1.343832470894e-07   4.239113088307e-06  -1.989049873300e-01  -1.668608288656e-07   5.263616848750e-06  -3.412872933553e-01   8.280190823378e-02  -9.300394178810e-08   2.933804885929e-06  -4.814539786711e-08   5.847831273162e-13   2.442606706237e-02   1.518744268059e-06  -4.230718919954e-02   1.196389214781e-01   2.007699570680e-01   1.566771904091e-01   6.236658414063e-02   2.513743065024e-01  -8.362175052328e-02   2.307421327315e-02   1.199049641459e-01   2.012105765734e-01   1.570148556983e-01   6.249908207404e-02   2.512815828926e-01   2.186122906403e-02  -8.411258762498e-02   1.198129890379e-01   2.010576289141e-01   1.568969809455e-01   6.245261948692e-02   2.513176468210e-01   6.186812558894e-02   6.095372116864e-02
   3.713690197164e-22  -4.906915103396e-22  -9.852750636771e-37   2.202302509580e-01   1.824908570958e-42   0.000000000000e+00   0.000000000000e+00   6.534608721805e-01   0.000000000000e+00   0.000000000000e+00   0.000000000000e+00   1.000000000000e+00   0.000000000000e+00   0.000000000000e+00   0.000000000000e+00   6.530545656898e-01   0.000000000000e+00   3.806419391664e-16   0.000000000000e+00   0.000000000000e+00   0.000000000000e+00   0.000000000000e+00  -1.694722911381e-09  -5.398019729219e-09  -1.931202872281e-08  -3.798777740072e-08  -9.853383053966e-08  -1.388416293387e-07  -5.977551387238e-09   7.542303098596e-03   4.628645279721e-14  -8.936250309157e-09   1.205292573025e-02   6.919678331866e-14  -5.929959315189e-08   8.375948188212e-02   4.591792929089e-13  -1.343832470894e-07   2.296235010595e-01   1.040580568897e-12  -1.668608288656e-07   4.808520105541e-01   1.292066831158e-12  -8.377623301829e-08  -9.300394178809e-08   4.616810058091e-01   7.201648773309e-13   1.115201568215e-01  -8.635429693969e-07   5.995898252817e-09   5.847831273162e-13  -6.513519448796e-08   3.424726537956e-01   5.747144754400e-01   4.484966307429e-01   1.785276005076e-01  -8.362175052328e-02   4.121498968027e-02   6.605113918005e-02  -8.934604642612e-02  -1.499301521334e-01  -1.169981300335e-01  -4.657059804280e-02   2.186122906403e-02   2.643302936595e-01   6.267569664434e-02  -2.530386866350e-01  -4.246230627154e-01  -3.313581132917e-01  -1.318966243876e-01   6.186812558894e-02   1.499497973415e-01  -1.287310305325e-01
   1.309361467857e-22   4.137953247576e-24  -2.463187659193e-37   1.824908570958e-42   2.202302509580e-01   0.000000000000e+00   0.000000000000e+00   0.000000000000e+00   6.534608721805e-01   0.000000000000e+00   0.000000000000e+00   0.000000000000e+00   1.000000000000e+00   0.000000000000e+00   0.000000000000e+00   0.000000000000e+00   6.530545656898e-01   0.000000000000e+00   0.000000000000e+00   0.000000000000e+00   3.806419391664e-16   0.000000000000e+00   5.345995300966e-08   1.702802736255e-07   6.091970204152e-07   1.198322617312e-06   3.108244961544e-06   4.379752542664e-06   1.885615720001e-07   4.628645279721e-14   7.542303097137e-03   2.818935876785e-07   6.919678331869e-14   1.205292572807e-02   1.870602823685e-06   4.591792929089e-13   8.375948186765e-02   4.239113088307e-06   1.040580568897e-12   2.296235010267e-01   5.263616848750e-06   1.292066831158e-12   4.808520105133e-01   2.642717255080e-06   2.933804885929e-06   7.201648773309e-13   4.616810057864e-01   5.847831273162e-13   2.737499703175e-08  -1.684840620510e-06   1.115201568031e-01   1.191143618728e-06  -9.450037824433e-02  -1.585841517845e-01  -1.237561620666e-01  -4.926211067670e-02   2.307421327315e-02   6.605113918005e-02   2.623607556890e-01   3.437650800397e-01   5.768666080948e-01   4.501583801889e-01   1.791835901426e-01  -8.411258762498e-02   6.267569664434e-02   3.947091254547e-02  -2.492988013328e-01  -4.183471782949e-01  -3.264606750614e-01  -1.299472060851e-01   6.095372116864e-02  -1.287310305325e-01   1.537836022000e-01
   6.556249676812e-02   7.831571041382e-02  -1.707891335924e-16   1.593538804620e-21   3.343565000914e-22   4.100964372946e-01   2.532588849439e-16  -1.932211951782e-21  -4.830529879454e-22   7.744077347687e-01   0.000000000000e+00   0.000000000000e+00   0.000000000000e+00   1.000000000000e+00   0.000000000000e+00   0.000000000000e+00   3.545417258466e-22   0.000000000000e+00   2.498380228716e-42   0.000000000000e+00   0.000000000000e+00   0.000000000000e+00   3.458033881067e-03   1.103699212385e-02   3.987494127175e-02   8.002863404478e-02   2.360342703898e-01   4.699221558786e-01   3.761891096275e-03   9.234362696978e-10  -2.912975286633e-08   6.126772388328e-03   1.503946737097e-09  -4.744192773600e-08   4.337994530104e-02   1.064853124220e-08  -3.359074076401e-07   1.300757648617e-01   3.192986612525e-08  -1.007226096489e-06   3.835371248656e-01   9.414735376761e-08  -2.969873762018e-06   7.697639871206e-01   5.412279007242e-01   1.328559123350e-07  -4.190933386686e-06   4.901165584866e-09  -3.795158833424e-14  -5.763788588992e-03  -1.546070334566e-07   9.983174681416e-03   1.766619405411e-01   4.420208963634e-01   7.702156334642e-01   9.139017502341e-01  -1.620171127896e-02  -4.637824371185e-02   1.279740593739e-02   1.766692285677e-01   4.420375427972e-01   7.702387034998e-01   9.139193638328e-01  -1.623633012453e-02   1.209834734891e-02  -4.654922641917e-02   1.766674858027e-01   4.420335621883e-01   7.702331868515e-01   9.139151519782e-01  -1.622421245908e-02   3.426467735508e-02   3.375824901035e-02
   5.263598294905e-18   1.099128720036e-19   5.734990148843e-02  -2.422074967188e-37  -6.055187417969e-38   7.622953462239e-17   2.263653730943e-01  -3.591633686160e-37  -8.979084215399e-38   0.000000000000e+00   6.530545656898e-01   0.000000000000e+00   0.000000000000e+00   0.000000000000e+00   1.000000000000e+00   0.000000000000e+00   0.000000000000e+00  -9.216162908625e-22   0.000000000000e+00   0.000000000000e+00  -2.304040727156e-22   0.000000000000e+00  -4.867140636188e-03  -1.551723676829e-02  -5.576887011909e-02  -1.107803353212e-01  -3.081968822205e-01  -5.339867858308e-01   7.982167237503e-05  -1.292199124168e-09   4.076235943539e-08   3.007527127148e-04  -2.062614598927e-09   6.506507865990e-08   3.054570795931e-03  -1.437702688649e-08   4.535226240283e-07   2.051241867853e-02  -4.032295711741e-08   1.271985749547e-06   1.591982606207e-01  -9.466299768409e-08   2.986139724648e-06  -5.683510764092e-01   3.692319187902e-01  -9.809344428464e-08   3.094352998238e-06   4.427779575466e-10   5.048376338774e-14  -8.708493703717e-03  -1.396740944800e-08   1.508355355064e-02   4.665757471848e-02   1.065698114230e-01   1.476940256083e-01   1.127625995713e-01   1.142877607164e-01  -1.198478998440e-02   3.307029551564e-03   4.675731151361e-02   1.067972345274e-01   1.480080683080e-01   1.130011605701e-01   1.142748015326e-01   3.132936794736e-03  -1.205419054432e-02   4.672240515368e-02   1.067175975398e-01   1.478979736217e-01   1.129173938663e-01   1.142798909920e-01   8.866499105335e-03   8.735453176638e-03
  -6.798757349596e-23   1.065842965867e-22  -2.422074967188e-37   5.734990148843e-02   4.619741377235e-43  -5.815851945678e-22  -3.591633686160e-37   2.263653730943e-01   6.850497600860e-43   0.000000000000e+00   0.000000000000e+00   6.530545656898e-01   0.000000000000e+00   0.000000000000e+00   0.000000000000e+00   1.000000000000e+00   0.000000000000e+00   0.000000000000e+00  -2.304040727156e-22   5.320954136190e-22   0.000000000000e+00   9.216162908625e-22  -1.194743302809e-09  -3.809036165747e-09  -1.368965663014e-08  -2.719339209635e-08  -7.565348702723e-08  -1.310784265029e-07  -1.292199124167e-09   5.343977455874e-03   1.000598905650e-14  -2.062614598928e-09   8.703424071183e-03   1.597160895613e-14  -1.437702688649e-08   6.162364720110e-02   1.113267847043e-13  -4.032295711741e-08   1.847799250926e-01   3.122359859998e-13  -9.466299768409e-08   5.448360136746e-01   7.330115778347e-13  -1.395138733275e-07  -9.809344428464e-08   7.688446119091e-01   7.595748299698e-13   2.836331997402e-02  -2.196279690632e-07  -2.137685205295e-09   5.048376338774e-14  -1.022218224221e-08   1.335597415631e-01   3.050616445016e-01   4.227818528861e-01   3.227888236282e-01  -1.198478998440e-02   8.416742408610e-02   9.466544605317e-03  -3.484076706091e-02  -7.957894606140e-02  -1.102868078622e-01  -8.420174269190e-02   3.132936794736e-03   1.161448146945e-01   8.982065719071e-03  -9.867524490834e-02  -2.253819134231e-01  -3.123526864802e-01  -2.384755548760e-01   8.866499105335e-03   9.975257279441e-02  -1.844881441259e-02
   1.666736908262e-25   9.104708181886e-25  -6.055187417969e-38   4.619741377235e-43   5.734990148843e-02  -1.453962986420e-22  -8.979084215399e-38   6.850497600860e-43   2.263653730943e-01   0.000000000000e+00   0.000000000000e+00   0.000000000000e+00   6.530545656898e-01   3.545417258466e-22   0.000000000000e+00   0.000000000000e+00   1.000000000000e+00   0.000000000000e+00  -9.216162908625e-22  -2.660477068095e-22   0.000000000000e+00   0.000000000000e+00   3.768812022182e-08   1.201558632774e-07   4.318395622382e-07   8.578142502716e-07   2.386485622123e-06   4.134862681308e-06   4.076235943539e-08   1.000598905651e-14   5.343977455559e-03   6.506507865991e-08   1.597160895612e-14   8.703424070680e-03   4.535226240283e-07   1.113267847043e-13   6.162364719759e-02   1.271985749547e-06   3.122359859998e-13   1.847799250828e-01   2.986139724648e-06   7.330115778347e-13   5.448360136515e-01   4.400958447070e-06   3.094352998238e-06   7.595748299698e-13   7.688446118852e-01   5.048376338774e-14   6.962380813600e-09  -3.129736238410e-07   2.836331997243e-02   1.028302798076e-07  -3.685388002821e-02  -8.417735101981e-02  -1.166605408338e-01  -8.906890984678e-02   3.307029551564e-03   9.466544605317e-03   1.158623544717e-01   1.340522558795e-01   3.061854872884e-01   4.243361049381e-01   3.239720163768e-01  -1.205419054432e-02   8.982065719071e-03   8.392017505184e-02  -9.721683511720e-02  -2.220507923341e-01  -3.077361464689e-01  -2.349509111368e-01   8.735453176638e-03  -1.844881441259e-02   1.003020064006e-01
  -6.787124568113e-37   0.000000000000e+00   3.519148886977e-21   0.000000000000e+00   0.000000000000e+00   0.000000000000e+00   0.000000000000e+00   6.882580095987e-16   0.000000000000e+00   0.000000000000e+00   0.000000000000e+00   3.806419391664e-16   0.000000000000e+00   0.000000000000e+00  -9.216162908625e-22   0.000000000000e+00   0.000000000000e+00   1.000000000000e+00  -9.419001134269e-37   0.000000000000e+00   0.000000000000e+00   0.000000000000e+00   2.473615439961e-10   8.349483508118e-10   3.806447008111e-09   1.071706349513e-08   5.460268098501e-08   5.493229660779e-08   4.289013985055e-09  -1.453813532116e-03  -3.597484188602e-14   1.029666409275e-08  -4.337299888242e-03  -8.797522660750e-14   7.230047976891e-08  -3.780775172479e-02  -6.317142255030e-13   1.369498310124e-07  -1.278858896752e-01  -1.303537230114e-12   3.209122398158e-08  -1.180100587885e-01  -4.728054156859e-13   7.957276900113e-09   1.574742047238e-10  -4.385162080448e-02  -8.457155835121e-14  -1.395371098158e-01   1.241259358568e-06  -4.226353408224e-08  -2.047751557458e-12   1.519004006625e-07   2.093612674867e-01   1.350222903140e-01   2.439905256820e-02   2.396698583022e-03   2.707141484254e-01  -1.851763609690e-01   8.792199112298e-02  -5.474938491134e-02  -3.530204965825e-02  -6.378433371488e-03  -6.265150597748e-04  -7.051793820918e-02   1.120466355810e-01   8.362164695258e-02  -1.549319971784e-01  -9.990401631903e-02  -1.805135539478e-02  -1.773098243583e-03  -1.998270685429e-01  -4.052054533815e-02  -1.716170863480e-01
   5.091587077772e-44   0.000000000000e+00   0.000000000000e+00   0.000000000000e+00   3.519148886977e-21   0.000000000000e+00   0.000000000000e+00   0.000000000000e+00   0.000000000000e+00   0.000000000000e+00   0.000000000000e+00   0.000000000000e+00   0.000000000000e+00   2.498380228716e-42   0.000000000000e+00  -2.304040727156e-22  -9.216162908625e-22  -9.419001134269e-37   1.000000000000e+00   0.000000000000e+00   0.000000000000e+00   0.000000000000e+00  -1.915414471294e-15  -6.465322491492e-15  -2.947476622990e-14  -8.298629680561e-14  -4.228093164385e-13  -4.253616555113e-13  -3.597484188602e-14   1.125743085604e-08  -3.568694865236e-10  -8.797522660750e-14   3.358536188799e-08  -1.064682608904e-09  -6.317142255030e-13   2.927597944727e-07  -9.280717678019e-09  -1.303537230114e-12   9.902690604248e-07  -3.139231462270e-08  -4.728054156859e-13   9.137967475060e-07  -2.896808165671e-08  -6.161622004920e-14  -8.457155835121e-14   3.395597703737e-07  -1.076431403702e-08   1.241259358568e-06   2.076231154602e-02   8.550073016071e-13  -3.934890613499e-08  -1.480916087367e-12  -1.653702551207e-01  -1.066513919420e-01  -1.927232098059e-02  -1.893104015273e-03   8.792199112298e-02   1.462670837991e-01   3.125769186280e-01  -1.569653668656e-01  -1.012102544108e-01  -1.828683803123e-02  -1.796205863566e-03   8.362164695258e-02   3.212354127541e-01   1.400564549545e-01   3.223720691289e-01   2.078735512456e-01   3.756004502089e-02   3.689343453660e-03  -1.716170863480e-01   8.431242274537e-02   7.478304937400e-02
   0.000000000000e+00   0.000000000000e+00   0.000000000000e+00  -2.031781557215e-21   0.000000000000e+00   0.000000000000e+00  -3.973659471137e-16   0.000000000000e+00   0.000000000000e+00   0.000000000000e+00  -2.197637260426e-16   0.000000000000e+00   0.000000000000e+00   0.000000000000e+00   0.000000000000e+00   5.320954136190e-22  -2.660477068095e-22   0.000000000000e+00   0.000000000000e+00   1.000000000000e+00  -5.438062840367e-37   0.000000000000e+00  -2.908980771925e-04  -9.819023033349e-04  -4.476395553273e-03  -1.260330572619e-02  -6.421295182549e-02  -6.460058099909e-02  -4.624216259656e-03  -1.135112342119e-09   5.530550663038e-08  -1.085684386776e-02  -2.665043496835e-09   1.422402225500e-07  -7.411146987177e-02  -1.819223829948e-08   1.080948123625e-06  -1.241360239340e-01  -3.047183024254e-08   2.676428750274e-06  -3.672826743154e-03  -9.015735278196e-10   1.611182488193e-06  -9.357786633028e-03   1.247368230082e-02   3.061930916782e-09   4.915463104854e-07  -4.226353408224e-08   8.550073016071e-13   7.046438163701e-02   3.483125431300e-06  -8.608651066590e-02  -1.677729252761e-01  -1.082009337037e-01  -1.955232919858e-02  -1.920608988976e-03   1.214856139100e-02   3.477589072161e-02  -1.921786585945e-01   3.156948184927e-01   2.035579792783e-01   3.677919612687e-02   3.612598724147e-03  -2.454211646685e-01   1.828732524013e-01  -3.929753140076e-02   6.773673199196e-02   4.367833437615e-02   7.892106503088e-03   7.752038488388e-04  -1.132351668664e-01   2.391466746206e-01  -2.461297151438e-01
  -2.136733019767e-40   0.000000000000e+00   0.000000000000e+00   0.000000000000e+00   0.000000000000e+00   0.000000000000e+00   0.000000000000e+00   0.000000000000e+00   6.882580095987e-16   0.000000000000e+00   0.000000000000e+00   0.000000000000e+00   3.806419391664e-16   0.000000000000e+00  -2.304040727156e-22   0.000000000000e+00   0.000000000000e+00   0.000000000000e+00   0.000000000000e+00  -5.438062840367e-37   1.000000000000e+00  -9.419001134269e-37  -7.803008049058e-09  -2.633840570641e-08  -1.200741884239e-07  -3.380692542738e-07  -1.722438954509e-06  -1.732836663530e-06  -1.352967405816e-07  -3.597484188603e-14  -1.453813530982e-03  -3.248077752758e-07  -8.797522660749e-14  -4.337299885469e-03  -2.280715168873e-06  -6.317142255030e-13  -3.780775170488e-02  -4.320075855136e-06  -1.303537230114e-12  -1.278858896341e-01  -1.012316122333e-06  -4.728054156859e-13  -1.180100587736e-01  -2.510119184135e-07  -4.967516240109e-09  -8.457155835121e-14  -4.385162080181e-02  -2.047751557458e-12  -3.934890613498e-08   3.483125431300e-06  -1.395371097513e-01  -3.550431499584e-06  -5.777021536737e-02  -3.725744921433e-02  -6.732565858746e-03  -6.613343288085e-04  -7.469965598351e-02   8.792199112298e-02   1.091951868540e-01   2.106520370964e-01   1.358270725092e-01   2.454146261850e-02   2.410559932808e-03   2.713226342115e-01   8.362164695258e-02  -1.879597909642e-01  -1.526421184773e-01  -9.842744541506e-02  -1.778455825153e-02  -1.746892037138e-03  -1.968736453862e-01  -1.716170863480e-01  -3.540952885119e-02
   0.000000000000e+00   0.000000000000e+00   0.000000000000e+00  -3.519148886977e-21   0.000000000000e+00   0.000000000000e+00   6.882580095987e-16   0.000000000000e+00   0.000000000000e+00   0.000000000000e+00   3.806419391664e-16   0.000000000000e+00   0.000000000000e+00   0.000000000000e+00   0.000000000000e+00   9.216162908625e-22   0.000000000000e+00   0.000000000000e+00   0.000000000000e+00   0.000000000000e+00  -9.419001134269e-37   1.000000000000e+00   5.038502495819e-04   1.700704677649e-03   7.753344533974e-03   2.182956586369e-02   1.112200950790e-01   1.118914885023e-01   8.009377508043e-03   2.679811222731e-09  -7.327708571884e-08   1.880460519158e-02   6.745355960750e-09  -1.791965685819e-07   1.283648312614e-01   5.007131640882e-08  -1.286737481673e-06   2.150099005443e-01   1.155633874554e-07  -2.655172457781e-06   6.361522541439e-03   5.949773448135e-08  -9.630564349195e-07   1.620816189674e-02  -2.160505149982e-02   1.622520815888e-08  -1.722636433069e-07   1.519004006625e-07  -1.480916087367e-12  -8.608651066590e-02  -3.550431499584e-06   1.698685219123e-01  -2.630847875624e-01  -1.696699250528e-01  -3.066001480926e-02  -3.011707681819e-03   2.733296222549e-01   1.837083940569e-02  -1.104833698913e-01   1.633963228428e-02   1.053568932749e-02   1.903605967605e-03   1.869797389297e-04   1.250754999134e-01   1.061713713407e-01  -2.495638927129e-02  -1.269241893142e-01  -8.184388319687e-02  -1.478812441091e-02  -1.452566682414e-03   2.012400787031e-01   1.396040729871e-01  -1.405930340658e-01
   0.000000000000e+00  -1.864618798109e-11  -4.039199138639e-08  -9.915074332804e-15   3.127705445884e-13   1.466901958049e-04  -6.839324332025e-04  -1.678857783700e-10   5.295948831740e-09   2.692321555988e-03  -6.903955627678e-03  -1.694722911381e-09   5.345995300966e-08   3.458033881067e-03  -4.867140636188e-03  -1.194743302809e-09   3.768812022182e-08   2.473615439961e-10  -1.915414471294e-15  -2.908980771925e-04  -7.803008049058e-09   5.038502495819e-04   1.000000000000e+00   7.245384183819e-01   2.285975824102e-01   1.171681753233e-01   3.816266561976e-02   1.658025694500e-02   1.245026008062e-16  -1.506468659520e-21  -1.575972235662e-21  -2.898780886901e-18   6.900459056967e-22   9.591687905202e-22   5.230579055399e-21  -7.730645167112e-23  -7.981230248106e-26   1.965578217135e-18  -5.962327316598e-23  -2.629116399389e-23  -3.097505131079e-22   7.730801408643e-25  -7.778065586058e-25   6.106805140501e-03   1.150052590786e-22  -4.230952752430e-24  -6.797920602806e-24  -2.350994517894e-38   3.587431687840e-43   0.000000000000e+00  -2.350994517894e-38   0.000000000000e+00   0.000000000000e+00   3.946602975587e-05   1.393237229452e-03   2.393616193399e-03  -1.165191408178e-07  -5.425559946457e-08   1.497179726602e-08   0.000000000000e+00   3.936209128746e-05   1.392077502144e-03   2.392917551143e-03  -1.158555178981e-07   1.406725123500e-08  -5.412406067220e-08   0.000000000000e+00   3.939851307342e-05   1.392484128293e-03   2.393162553651e-03  -1.160877747321e-07   3.992605579035e-08   3.933672889216e-08
   0.000000000000e+00  -1.041440937440e-10  -2.164777508931e-07  -5.313907331210e-14   1.676269520619e-12   4.916023172102e-04  -2.264112760584e-03  -5.557746857363e-10   1.753188582269e-08   8.607119581669e-03  -2.199043185030e-02  -5.398019729219e-09   1.702802736255e-07   1.103699212385e-02  -1.551723676829e-02  -3.809036165747e-09   1.201558632774e-07   8.349483508118e-10  -6.465322491492e-15  -9.819023033349e-04  -2.633840570641e-08   1.700704677649e-03   7.245384183819e-01   1.000000000000e+00   5.916177003156e-01   3.419347414953e-01   1.194150207184e-01   5.261249985216e-02  -5.004579203483e-16  -6.201190881166e-21   2.929705717180e-21   3.110298352508e-16  -2.368523950237e-22  -2.096283241153e-21   4.195690712078e-17   6.402115954709e-22  -9.012455590456e-23  -1.097102497548e-17  -3.553881623803e-22  -2.249894168069e-23  -2.349294036799e-18  -7.606052304373e-23   0.000000000000e+00   1.947705891000e-02   8.488346346341e-19   1.295218863883e-23  -1.561054881433e-24   0.000000000000e+00  -2.229448809992e-42   0.000000000000e+00   0.000000000000e+00   0.000000000000e+00   0.000000000000e+00   1.313403437637e-04   4.457986902521e-03   7.642744996255e-03  -4.711169115186e-07  -2.193693694696e-07   6.053483434862e-08   0.000000000000e+00   1.309972940394e-04   4.454285701217e-03   7.640516282541e-03  -4.684897758580e-07   5.688432883982e-08  -2.188637150208e-07   0.000000000000e+00   1.311175052751e-04   4.455583425497e-03   7.641297856360e-03  -4.694092599019e-07   1.614438759171e-07   1.590608902517e-07
   1.548094564421e-08  -2.770248299159e-09  -4.960810667932e-06  -1.217736606571e-12   3.841344288690e-11   2.197065639747e-03  -9.573711221169e-03  -2.350071267610e-09   7.413288549537e-08   3.132806443403e-02  -7.867326775802e-02  -1.931202872281e-08   6.091970204152e-07   3.987494127175e-02  -5.576887011909e-02  -1.368965663014e-08   4.318395622382e-07   3.806447008111e-09  -2.947476622990e-14  -4.476395553273e-03  -1.200741884239e-07   7.753344533974e-03   2.285975824102e-01   5.916177003156e-01   1.000000000000e+00   8.514542739284e-01   3.940464990159e-01   1.849868896425e-01  -8.906913465643e-16   1.560713541502e-20  -1.978675783895e-21   1.812633101992e-15  -2.765858615101e-20   0.000000000000e+00  -2.534040222689e-16   0.000000000000e+00   0.000000000000e+00  -8.417256922132e-17   0.000000000000e+00   0.000000000000e+00  -1.876678494511e-17   0.000000000000e+00   2.863584128588e-22   7.012983079624e-02   0.000000000000e+00   1.044399480094e-22  -1.044399480094e-22   0.000000000000e+00   0.000000000000e+00   0.000000000000e+00   0.000000000000e+00   0.000000000000e+00   0.000000000000e+00   5.721515715256e-04   1.629525563828e-02   2.766410361860e-02  -4.465885856707e-06  -2.079480783976e-06   5.738313653063e-07   0.000000000000e+00   5.707125923649e-04   1.628189069418e-02   2.765607107206e-02  -4.443078670304e-06   5.394814597180e-07  -2.075666864088e-06   0.000000000000e+00   5.712168543185e-04   1.628657675900e-02   2.765888795724e-02  -4.451062115669e-06   1.530853311355e-06   1.508257214252e-06
   1.234334766679e-06  -7.168893082943e-08  -1.072312089911e-04  -2.632218346881e-11   8.303320158740e-10   6.263668522802e-03  -2.465134561597e-02  -6.051197670543e-09   1.908847404771e-07   6.371312243231e-02  -1.547544603354e-01  -3.798777740072e-08   1.198322617312e-06   8.002863404478e-02  -1.107803353212e-01  -2.719339209635e-08   8.578142502716e-07   1.071706349513e-08  -8.298629680561e-14  -1.260330572619e-02  -3.380692542738e-07   2.182956586369e-02   1.171681753233e-01   3.419347414953e-01   8.514542739284e-01   1.000000000000e+00   6.716826254521e-01   3.524762004540e-01  -1.527208656294e-16  -2.126948854225e-21   0.000000000000e+00  -7.328605881909e-16  -1.118256512742e-20   1.118256512742e-20  -3.856715679565e-16   0.000000000000e+00   0.000000000000e+00   0.000000000000e+00   2.302134835675e-21  -2.302134835675e-21   0.000000000000e+00   0.000000000000e+00   0.000000000000e+00   1.398221906004e-01  -1.364645628960e-17  -2.082283979736e-22   2.082283979736e-22   0.000000000000e+00   0.000000000000e+00   0.000000000000e+00   0.000000000000e+00   0.000000000000e+00   9.589269894039e-08   1.595106404516e-03   3.343377095401e-02   5.572746078835e-02  -3.975332266291e-05  -1.851060981610e-05   5.107990699059e-06   9.527391906973e-08   1.591370397042e-03   3.340699392641e-02   5.571141647765e-02  -3.958014647023e-05   4.805846751335e-06  -1.849060181020e-05   9.549047975545e-08   1.592679681096e-03   3.341638264304e-02   5.571704296444e-02  -3.964077726803e-05   1.363364823237e-05   1.343240933048e-05
