ARMA_MAT_TXT_FN008
58 58
  -1.760841241337e+01  -2.202712150660e+01   3.254510822973e-02   1.197217672517e-06   0.000000000000e+00  -8.150969200339e+00   1.669273804519e-02   1.199026398485e-06   0.000000000000e+00  -3.531737799053e+00   7.227444392579e-03   4.157196660891e-07   0.000000000000e+00  -1.596527139429e+00   2.581884243079e-03   4.325452223193e-08   0.000000000000e+00  -1.520730968867e-06   0.000000000000e+00   5.510484458664e-03   0.000000000000e+00  -1.206430699111e-03  -2.373867716131e-03  -8.025481561875e-04  -7.850611831613e-02  -1.248215276377e-05   0.000000000000e+00  -5.117749861411e-01  -1.511755389241e+00  -2.321568245972e-04   0.000000000000e+00  -1.124905510606e+00  -1.919912048787e+00  -2.945676849517e-04   0.000000000000e+00  -7.843111434495e-01  -7.452525704178e-01  -1.143591451696e-04   0.000000000000e+00  -5.313226758091e-04   0.000000000000e+00   1.000280734432e+00   0.000000000000e+00  -1.733359844217e+00   2.874688498659e-05  -4.593781010759e-02  -4.223590950675e-01  -5.056333949480e-01  -3.202442528279e-03   1.634381142362e-03   0.000000000000e+00   2.814856444309e-05  -4.611064587281e-02  -4.228820710848e-01  -5.058549729245e-01  -3.221377494348e-03  -1.646358363775e-03   0.000000000000e+00
  -2.202712150660e+01  -1.653936001937e+01   3.066135418782e-02   1.429207789410e-06   0.000000000000e+00  -7.399374769044e+00   9.524146677173e-03   1.042693234899e-06   0.000000000000e+00  -3.321359639922e+00   3.182337045662e-03   2.199435643206e-07   0.000000000000e+00  -1.513450429589e+00   6.154333309289e-04  -1.511088863429e-07   0.000000000000e+00  -1.278025413556e-06   0.000000000000e+00   6.362757287131e-03   0.000000000000e+00   8.630567936986e-04  -1.871884477662e-03  -6.463915619556e-04  -7.874458729799e-02  -1.278713293105e-05   0.000000000000e+00  -4.912765733978e-01  -1.437400222826e+00  -2.210153530637e-04   0.000000000000e+00  -1.065495424383e+00  -1.813011718208e+00  -2.782701839876e-04   0.000000000000e+00  -7.446722249401e-01  -7.076725858750e-01  -1.086097754712e-04   0.000000000000e+00  -5.029081505540e-04   0.000000000000e+00   9.473108547796e-01   0.000000000000e+00  -1.641750680700e+00   3.305217225531e-04  -4.414753854750e-02  -4.010603688171e-01  -4.802838082827e-01  -3.059199918523e-03   1.331326744551e-03   0.000000000000e+00   3.303633788429e-04  -4.431403626892e-02  -4.015561167118e-01  -4.804942651721e-01  -3.077996129198e-03  -1.342689833269e-03   0.000000000000e+00
   3.254510822973e-02   3.066135418782e-02   1.612500429081e+00  -1.445304968465e-05   0.000000000000e+00   3.319755583528e-02  -9.013421646788e-01  -1.751163488287e-05   0.000000000000e+00   2.376511747869e-02  -7.806343693744e-01  -4.104673810051e-06   0.000000000000e+00   3.548545736949e-03  -2.951332421313e-01   3.744036323072e-06   0.000000000000e+00   1.850691184059e-05   0.000000000000e+00  -6.138741843518e-02   0.000000000000e+00   1.094212934351e-01   2.025755115937e-02   1.979355887952e-02   3.702151277803e-01   8.446935448001e-05   0.000000000000e+00   3.661037083089e-01   5.508924434547e-01   1.383550859285e-04   0.000000000000e+00   2.303924239505e-01   1.041233174637e-01   6.614417696506e-05   0.000000000000e+00   5.038707997754e-02  -5.997604250433e-02   1.236630288860e-05   0.000000000000e+00   1.650113124356e-04   0.000000000000e+00  -1.904978146570e-01   0.000000000000e+00   3.421799932649e-01  -7.398341926601e-03   4.462684175482e-02   9.541571413168e-02   3.870310313482e-02   3.281934164266e-02  -7.016127502774e-03   0.000000000000e+00  -7.386528946118e-03   4.475240261255e-02   9.546193754121e-02   3.869074787903e-02   3.292500864415e-02   7.092320067171e-03   0.000000000000e+00
   1.197217672517e-06   1.429207789410e-06  -1.445304968465e-05   1.552768274453e+00   0.000000000000e+00   1.195999672226e-05  -1.617114587227e-05  -9.282541954911e-01   0.000000000000e+00   3.066843294988e-06   1.397968320118e-06  -8.003701022699e-01   0.000000000000e+00  -4.919819178987e-06   5.375398889730e-06  -3.161076057027e-01   0.000000000000e+00   5.508964574122e-02   0.000000000000e+00  -7.505190876414e-06   0.000000000000e+00  -6.175612462148e-07   4.086875670130e-06   2.662525307817e-06   7.409428649841e-05  -6.468485784830e-02   0.000000000000e+00   4.527414332048e-05   1.290478358026e-04  -2.261024211171e-01   0.000000000000e+00   2.821274921564e-05   5.483126247079e-05  -2.637237749514e-01   0.000000000000e+00   4.808122823215e-06   4.015018782357e-06  -1.210803113671e-01   0.000000000000e+00  -4.166358302974e-01   0.000000000000e+00  -3.431086163835e-05   0.000000000000e+00   1.992514619844e-04   1.271340924855e-02  -1.785061915243e-02  -5.054560883521e-02  -2.379571611838e-02  -2.187225244496e-02   6.562520899556e-03   0.000000000000e+00  -1.270518144555e-02   1.795087533040e-02   5.063293956064e-02   2.381524282266e-02   2.195549594995e-02   6.589737752134e-03   0.000000000000e+00
   0.000000000000e+00   0.000000000000e+00   0.000000000000e+00   0.000000000000e+00   1.716787350760e+00   0.000000000000e+00   0.000000000000e+00   0.000000000000e+00  -7.655891316221e-01   0.000000000000e+00   0.000000000000e+00   0.000000000000e+00  -7.236578560772e-01   0.000000000000e+00   0.000000000000e+00   0.000000000000e+00  -3.029245842424e-01   0.000000000000e+00   1.115235745205e-05   0.000000000000e+00   7.535378391894e-02   0.000000000000e+00   0.000000000000e+00   0.000000000000e+00   0.000000000000e+00   0.000000000000e+00  -1.215768448876e-01   0.000000000000e+00   0.000000000000e+00   0.000000000000e+00  -2.875861499841e-01   0.000000000000e+00   0.000000000000e+00   0.000000000000e+00  -2.991443945787e-01   0.000000000000e+00   0.000000000000e+00   0.000000000000e+00  -1.361180395489e-01   0.000000000000e+00  -5.522665578615e-05   0.000000000000e+00  -3.689047311407e-01   0.000000000000e+00   0.000000000000e+00   0.000000000000e+00   0.000000000000e+00   0.000000000000e+00   0.000000000000e+00   0.000000000000e+00  -2.286752246395e-02   0.000000000000e+00   0.000000000000e+00   0.000000000000e+00   0.000000000000e+00   0.000000000000e+00   0.000000000000e+00  -2.291107414696e-02
  -8.150969200339e+00  -7.399374769044e+00   3.319755583528e-02   1.195999672226e-05   0.000000000000e+00  -3.909795079551e+00   1.271146512928e-01   2.732663564421e-05   0.000000000000e+00  -2.497063303809e+00   1.034058687167e-01   1.770506039101e-05   0.000000000000e+00  -1.418117044823e+00   3.175053385367e-02   3.681031620135e-06   0.000000000000e+00  -3.016104476289e-05   0.000000000000e+00   6.221164329170e-02   0.000000000000e+00  -9.915766689722e-02  -1.318037514644e-01  -1.440389199664e-01  -4.049564626480e-01  -7.299935186271e-05   0.000000000000e+00  -6.892421404099e-01  -1.252353043826e+00  -2.034572313602e-04   0.000000000000e+00  -1.044870355202e+00  -1.486115428541e+00  -2.335608113612e-04   0.000000000000e+00  -7.612401027407e-01  -6.761681968124e-01  -1.053808498295e-04   0.000000000000e+00  -3.059601074792e-04   0.000000000000e+00   5.703319741785e-01   0.000000000000e+00  -1.004509893357e+00   4.393379725142e-05  -1.078999282272e-01  -4.397865677736e-01  -5.036113053281e-01  -5.848809522680e-02   2.706909084420e-02   0.000000000000e+00   1.424278875723e-05  -1.081885571129e-01  -4.402625283201e-01  -5.038200653737e-01  -5.867694057469e-02  -2.721128655158e-02   0.000000000000e+00
   1.669273804519e-02   9.524146677173e-03  -9.013421646788e-01  -1.617114587227e-05   0.000000000000e+00   1.271146512928e-01  -1.478690111403e-01  -3.930904348835e-05   0.000000000000e+00   2.048175464199e-01  -6.126058878441e-01  -3.252023572049e-05   0.000000000000e+00   1.372238634629e-01  -3.737721397352e-01  -9.319606526219e-06   0.000000000000e+00   5.730264412445e-05   0.000000000000e+00  -1.535981311793e-01   0.000000000000e+00   2.733538778160e-01   4.329424864291e-01   4.700656627254e-01   5.232185313667e-01   1.244115851340e-04   0.000000000000e+00   6.236155528844e-01   4.010009318424e-01   1.183008365906e-04   0.000000000000e+00   4.034497933653e-01   1.376639364469e-01   7.029499196008e-05   0.000000000000e+00   1.529220188727e-01  -3.457339725303e-02   1.897482530778e-05   0.000000000000e+00   1.547711432492e-05   0.000000000000e+00   4.536568126948e-02   0.000000000000e+00  -6.355161041863e-02   1.185008683427e-02   1.361835044371e-01   1.953131106591e-01   1.133177402364e-01   1.201648081864e-01  -6.851358720586e-02   0.000000000000e+00   1.194271717727e-02   1.364258143928e-01   1.954067787276e-01   1.133199598738e-01   1.204089661465e-01   6.880053956541e-02   0.000000000000e+00
   1.199026398485e-06   1.042693234899e-06  -1.751163488287e-05  -9.282541954911e-01   0.000000000000e+00   2.732663564421e-05  -3.930904348835e-05  -1.887360969384e-03   0.000000000000e+00   3.086311106176e-05  -2.745769101279e-05  -4.296417612500e-01   0.000000000000e+00   1.532823299268e-05  -8.046837838728e-06  -3.043030525776e-01   0.000000000000e+00   1.205896906358e-01   0.000000000000e+00  -2.132421520285e-05   0.000000000000e+00   2.522049251986e-06   6.729038751270e-05   7.141624378469e-05   1.106002883732e-04  -1.588526066853e-01   0.000000000000e+00   8.293409570260e-05   1.070753117560e-04  -2.440757433686e-01   0.000000000000e+00   5.408691574758e-05   5.809707155661e-05  -2.569289144568e-01   0.000000000000e+00   2.065595064201e-05   9.702602938631e-06  -1.378072824397e-01   0.000000000000e+00  -2.248482051365e-01   0.000000000000e+00   3.778986826318e-09   0.000000000000e+00   7.561141198273e-05   1.545228165318e-03  -4.663335269027e-02  -6.019062443913e-02  -2.829799664792e-02  -6.509351258605e-02   2.107524930535e-02   0.000000000000e+00  -1.483850230391e-03   4.679697553326e-02   6.030738030652e-02   2.834182912776e-02   6.529228516775e-02   2.116733366125e-02   0.000000000000e+00
   0.000000000000e+00   0.000000000000e+00   0.000000000000e+00   0.000000000000e+00  -7.655891316221e-01   0.000000000000e+00   0.000000000000e+00   0.000000000000e+00   1.496280242125e-01   0.000000000000e+00   0.000000000000e+00   0.000000000000e+00  -3.646611749336e-01   0.000000000000e+00   0.000000000000e+00   0.000000000000e+00  -3.004316286112e-01   0.000000000000e+00   2.289740178167e-05   0.000000000000e+00   1.478991857333e-01   0.000000000000e+00   0.000000000000e+00   0.000000000000e+00   0.000000000000e+00   0.000000000000e+00  -2.326349505286e-01   0.000000000000e+00   0.000000000000e+00   0.000000000000e+00  -3.298679520465e-01   0.000000000000e+00   0.000000000000e+00   0.000000000000e+00  -3.126143859184e-01   0.000000000000e+00   0.000000000000e+00   0.000000000000e+00  -1.623278151302e-01   0.000000000000e+00  -2.614440839506e-05   0.000000000000e+00  -1.826027688550e-01   0.000000000000e+00   0.000000000000e+00   0.000000000000e+00   0.000000000000e+00   0.000000000000e+00   0.000000000000e+00   0.000000000000e+00  -4.331642342439e-02   0.000000000000e+00   0.000000000000e+00   0.000000000000e+00   0.000000000000e+00   0.000000000000e+00   0.000000000000e+00  -4.341169209951e-02
  -3.531737799053e+00  -3.321359639922e+00   2.376511747869e-02   3.066843294988e-06   0.000000000000e+00  -2.497063303809e+00   2.048175464199e-01   3.086311106176e-05   0.000000000000e+00  -1.651698618819e+00   3.713769804805e-01   6.425313807127e-05   0.000000000000e+00  -1.044516802131e+00   2.257528559358e-01   4.301983515071e-05   0.000000000000e+00  -4.319562296165e-05   0.000000000000e+00   8.287266794295e-02   0.000000000000e+00  -1.404996543202e-01  -8.337948256631e-01  -7.937432205282e-01  -3.471644741391e-01  -3.860449076084e-05   0.000000000000e+00  -9.357322692881e-01  -8.076559961141e-01  -9.189710268693e-05   0.000000000000e+00  -9.781757581573e-01  -8.878302964954e-01  -1.159442429834e-04   0.000000000000e+00  -6.634602716125e-01  -4.222998302080e-01  -5.831679046372e-05   0.000000000000e+00  -2.026311986533e-04   0.000000000000e+00   3.728970458618e-01   0.000000000000e+00  -6.205775188857e-01  -8.694427221424e-02  -2.569906133215e-01  -4.803967322308e-01  -4.632727755657e-01  -1.341387198925e-01   1.290036800157e-01   0.000000000000e+00  -8.712552568473e-02  -2.573698980547e-01  -4.807757824037e-01  -4.634283193313e-01  -1.342622770937e-01  -1.293424095861e-01   0.000000000000e+00
   7.227444392579e-03   3.182337045662e-03  -7.806343693744e-01   1.397968320118e-06   0.000000000000e+00   1.034058687167e-01  -6.126058878441e-01  -2.745769101279e-05   0.000000000000e+00   3.713769804805e-01  -5.540949095423e-01  -9.563258503865e-05   0.000000000000e+00   3.903807121329e-01  -4.463491699624e-01  -7.276261491874e-05   0.000000000000e+00   5.472506041681e-05   0.000000000000e+00  -1.303267518987e-01   0.000000000000e+00   2.384048632439e-01   1.811344268715e+00   1.690278306743e+00   2.563064837543e-01   3.764169502640e-05   0.000000000000e+00   1.187278374940e+00   1.304408417864e-01  -2.254370053574e-05   0.000000000000e+00   7.510554897730e-01  -1.022064453990e-02  -2.309253043403e-05   0.000000000000e+00   3.928960450223e-01  -1.864491116338e-02  -1.032045584696e-06   0.000000000000e+00   6.557079636944e-05   0.000000000000e+00  -1.128221186990e-01   0.000000000000e+00   9.017829990640e-02   2.001381695978e-01   4.160340842729e-01   4.480916181030e-01   3.034111623931e-01   1.882332808803e-01  -2.612773735627e-01   0.000000000000e+00   2.004294805563e-01   4.164140808977e-01   4.482504111955e-01   3.034473822382e-01   1.881830545705e-01   2.618440257514e-01   0.000000000000e+00
   4.157196660891e-07   2.199435643206e-07  -4.104673810051e-06  -8.003701022699e-01   0.000000000000e+00   1.770506039101e-05  -3.252023572049e-05  -4.296417612500e-01   0.000000000000e+00   6.425313807127e-05  -9.563258503865e-05  -2.402158701235e-02   0.000000000000e+00   7.286001565989e-05  -7.182268334568e-05  -8.392168433124e-02   0.000000000000e+00   9.300934890671e-02   0.000000000000e+00  -1.832613068849e-05   0.000000000000e+00   5.309929192649e-06   2.786462047855e-04   2.598731829240e-04   7.200517355626e-05  -2.534631197985e-01   0.000000000000e+00   2.025472949540e-04   5.207811357962e-05  -2.498938489169e-01   0.000000000000e+00   1.384302549665e-04   2.274971006168e-05  -1.563404216736e-01   0.000000000000e+00   7.429175316345e-05   1.184945409475e-05  -9.297744112695e-02   0.000000000000e+00  -4.004704000591e-02   0.000000000000e+00  -4.405780511974e-05   0.000000000000e+00  -1.688604827119e-05  -9.262122758640e-02  -1.093952536443e-01  -5.964546376860e-02  -2.328132891183e-02  -7.283264123522e-02   3.147662004804e-02   0.000000000000e+00   9.285651940460e-02   1.096388856053e-01   5.983014818025e-02   2.339982428722e-02   7.288536148947e-02   3.163767749862e-02   0.000000000000e+00
   0.000000000000e+00   0.000000000000e+00   0.000000000000e+00   0.000000000000e+00  -7.236578560772e-01   0.000000000000e+00   0.000000000000e+00   0.000000000000e+00  -3.646611749336e-01   0.000000000000e+00   0.000000000000e+00   0.000000000000e+00  -5.391436644962e-03   0.000000000000e+00   0.000000000000e+00   0.000000000000e+00  -8.442575773229e-02   0.000000000000e+00   1.806861499791e-05   0.000000000000e+00   1.162492858423e-01   0.000000000000e+00   0.000000000000e+00   0.000000000000e+00   0.000000000000e+00   0.000000000000e+00  -2.806436972179e-01   0.000000000000e+00   0.000000000000e+00   0.000000000000e+00  -2.681847468043e-01   0.000000000000e+00   0.000000000000e+00   0.000000000000e+00  -1.664264332391e-01   0.000000000000e+00   0.000000000000e+00   0.000000000000e+00  -1.005621229594e-01   0.000000000000e+00  -8.179565521692e-07   0.000000000000e+00  -6.167669170928e-02   0.000000000000e+00   0.000000000000e+00   0.000000000000e+00   0.000000000000e+00   0.000000000000e+00   0.000000000000e+00   0.000000000000e+00  -6.642612591627e-02   0.000000000000e+00   0.000000000000e+00   0.000000000000e+00   0.000000000000e+00   0.000000000000e+00   0.000000000000e+00  -6.651895515171e-02
  -1.596527139429e+00  -1.513450429589e+00   3.548545736949e-03  -4.919819178987e-06   0.000000000000e+00  -1.418117044823e+00   1.372238634629e-01   1.532823299268e-05   0.000000000000e+00  -1.044516802131e+00   3.903807121329e-01   7.286001565989e-05   0.000000000000e+00  -6.781806908976e-01   3.272505230011e-01   6.578610423968e-05   0.000000000000e+00  -3.012048686448e-05   0.000000000000e+00   5.493524832072e-02   0.000000000000e+00  -9.507342013350e-02  -8.814190554082e-01  -8.379252341803e-01  -1.393706105169e-01   1.367775581688e-05   0.000000000000e+00  -8.955449158059e-01  -3.920019975179e-01   5.925030749366e-06   0.000000000000e+00  -8.148125909443e-01  -4.256677545355e-01  -3.361304515845e-05   0.000000000000e+00  -5.083081188661e-01  -1.688663049480e-01  -1.879084931941e-05   0.000000000000e+00  -1.174818267349e-04   0.000000000000e+00   2.591983342747e-01   0.000000000000e+00  -3.336317564815e-01  -1.875308346257e-01  -3.353419969404e-01  -4.503731417378e-01  -3.766516584335e-01  -1.247214350003e-01   1.792376314589e-01   0.000000000000e+00  -1.877271853718e-01  -3.356505371201e-01  -4.506142069120e-01  -3.767387922629e-01  -1.247317630104e-01  -1.796006641982e-01   0.000000000000e+00
   2.581884243079e-03   6.154333309289e-04  -2.951332421313e-01   5.375398889730e-06   0.000000000000e+00   3.175053385367e-02  -3.737721397352e-01  -8.046837838728e-06   0.000000000000e+00   2.257528559358e-01  -4.463491699624e-01  -7.182268334568e-05   0.000000000000e+00   3.272505230011e-01  -3.100442555529e-01  -6.508319573297e-05   0.000000000000e+00   2.284712716146e-05   0.000000000000e+00  -5.244125955198e-02   0.000000000000e+00   1.005354854627e-01   1.145907133021e+00   1.084279083562e+00  -3.832137678341e-02  -1.792635504247e-05   0.000000000000e+00   9.276280290768e-01  -8.197743255531e-02  -5.299642329814e-05   0.000000000000e+00   6.225934964930e-01  -1.237572042705e-01  -2.029567716089e-05   0.000000000000e+00   3.568742148828e-01  -2.798300748866e-02   3.194350738066e-06   0.000000000000e+00   1.129254570706e-05   0.000000000000e+00  -1.257618909184e-01   0.000000000000e+00   3.067419048350e-03   2.944000128659e-01   4.218289135694e-01   4.069413663644e-01   2.872263470694e-01   1.319040626804e-01  -2.563155831145e-01   0.000000000000e+00   2.945429122113e-01   4.220160108674e-01   4.070052446297e-01   2.872468473019e-01   1.317894291240e-01   2.567449804947e-01   0.000000000000e+00
   4.325452223193e-08  -1.511088863429e-07   3.744036323072e-06  -3.161076057027e-01   0.000000000000e+00   3.681031620135e-06  -9.319606526219e-06  -3.043030525776e-01   0.000000000000e+00   4.301983515071e-05  -7.276261491874e-05  -8.392168433124e-02   0.000000000000e+00   6.578610423968e-05  -6.508319573297e-05   3.589814439549e-02   0.000000000000e+00   4.214459036805e-02   0.000000000000e+00  -7.401257574843e-06   0.000000000000e+00   1.263486814465e-06   1.765180724771e-04   1.673368939408e-04   2.131801946125e-05  -2.170122639557e-01   0.000000000000e+00   1.679666780558e-04   2.810899012240e-05  -2.653798000800e-01   0.000000000000e+00   1.156477874627e-04   2.134681383317e-05  -1.297939721694e-01   0.000000000000e+00   6.299300274032e-05   1.366094803003e-05  -2.036228983054e-02   0.000000000000e+00  -1.396934099879e-02   0.000000000000e+00  -4.599686416917e-05   0.000000000000e+00  -6.449752280771e-05  -1.416345892199e-01  -1.227483171056e-01  -4.507273177361e-02  -9.016146326963e-03  -5.044811528301e-02   4.074599891436e-02   0.000000000000e+00   1.418535498701e-01   1.229420336019e-01   4.519930407498e-02   9.106741382418e-03   5.048497780630e-02   4.091608338455e-02   0.000000000000e+00
   0.000000000000e+00   0.000000000000e+00   0.000000000000e+00   0.000000000000e+00  -3.029245842424e-01   0.000000000000e+00   0.000000000000e+00   0.000000000000e+00  -3.004316286112e-01   0.000000000000e+00   0.000000000000e+00   0.000000000000e+00  -8.442575773229e-02   0.000000000000e+00   0.000000000000e+00   0.000000000000e+00   4.930135556006e-02   0.000000000000e+00   8.177836550558e-06   0.000000000000e+00   5.371158190511e-02   0.000000000000e+00   0.000000000000e+00   0.000000000000e+00   0.000000000000e+00   0.000000000000e+00  -1.963614165319e-01   0.000000000000e+00   0.000000000000e+00   0.000000000000e+00  -2.040485078703e-01   0.000000000000e+00   0.000000000000e+00   0.000000000000e+00  -6.988124552405e-02   0.000000000000e+00   0.000000000000e+00   0.000000000000e+00   3.485741267074e-03   0.000000000000e+00  -4.845717786655e-06   0.000000000000e+00  -8.684692041285e-02   0.000000000000e+00   0.000000000000e+00   0.000000000000e+00   0.000000000000e+00   0.000000000000e+00   0.000000000000e+00   0.000000000000e+00  -4.262663188272e-02   0.000000000000e+00   0.000000000000e+00   0.000000000000e+00   0.000000000000e+00   0.000000000000e+00   0.000000000000e+00  -4.267989103962e-02
  -1.520730968867e-06  -1.278025413556e-06   1.850691184059e-05   5.508964574122e-02   0.000000000000e+00  -3.016104476289e-05   5.730264412445e-05   1.205896906358e-01   0.000000000000e+00  -4.319562296165e-05   5.472506041681e-05   9.300934890671e-02   0.000000000000e+00  -3.012048686448e-05   2.284712716146e-05   4.214459036805e-02   0.000000000000e+00   3.095641236743e+00   0.000000000000e+00   2.607695750843e-05   0.000000000000e+00  -1.923991215999e-05  -8.892586584729e-05  -1.057488993987e-04  -7.525957735075e-05   1.661933076338e-01   0.000000000000e+00  -6.607747963137e-05  -2.156289048609e-06   4.966068353944e-02   0.000000000000e+00  -5.024955471334e-05  -3.523836443420e-05   6.704749872165e-02   0.000000000000e+00  -2.281167705292e-05  -1.052196285225e-05   2.858470803954e-02   0.000000000000e+00  -2.881709544146e-01   0.000000000000e+00  -4.214777158277e-05   0.000000000000e+00   1.729698634865e-04   1.972963967338e-02   4.428464440733e-02   2.238333705964e-02   6.656371547229e-03   5.811408919744e-02  -2.302491139046e-02   0.000000000000e+00  -1.979355770239e-02  -4.436702506721e-02  -2.243865854030e-02  -6.688817695508e-03  -5.827170394502e-02  -2.313340244912e-02   0.000000000000e+00
   0.000000000000e+00   0.000000000000e+00   0.000000000000e+00   0.000000000000e+00   1.115235745205e-05   0.000000000000e+00   0.000000000000e+00   0.000000000000e+00   2.289740178167e-05   0.000000000000e+00   0.000000000000e+00   0.000000000000e+00   1.806861499791e-05   0.000000000000e+00   0.000000000000e+00   0.000000000000e+00   8.177836550558e-06   0.000000000000e+00   3.175520175555e+00   0.000000000000e+00  -1.386098327917e-05   0.000000000000e+00   0.000000000000e+00   0.000000000000e+00   0.000000000000e+00   0.000000000000e+00   2.627496077686e-05   0.000000000000e+00   0.000000000000e+00   0.000000000000e+00   8.664577214589e-06   0.000000000000e+00   0.000000000000e+00   0.000000000000e+00   1.145862352083e-05   0.000000000000e+00   0.000000000000e+00   0.000000000000e+00   5.042977835336e-06   0.000000000000e+00   7.030519478348e-03   0.000000000000e+00  -4.242760939819e-05   0.000000000000e+00   0.000000000000e+00   0.000000000000e+00   0.000000000000e+00   0.000000000000e+00   0.000000000000e+00   0.000000000000e+00  -7.335690274605e-03   0.000000000000e+00   0.000000000000e+00   0.000000000000e+00   0.000000000000e+00   0.000000000000e+00   0.000000000000e+00   7.370735392135e-03
   5.510484458664e-03   6.362757287131e-03  -6.138741843518e-02  -7.505190876414e-06   0.000000000000e+00   6.221164329170e-02  -1.535981311793e-01  -2.132421520285e-05   0.000000000000e+00   8.287266794295e-02  -1.303267518987e-01  -1.832613068849e-05   0.000000000000e+00   5.493524832072e-02  -5.244125955198e-02  -7.401257574843e-06   0.000000000000e+00   2.607695750843e-05   0.000000000000e+00   3.122328545279e+00   0.000000000000e+00   8.899533776418e-02   1.674347659836e-01   1.991736425771e-01   9.963462692302e-02   1.668927168083e-05   0.000000000000e+00   1.211676938759e-01  -3.262916371081e-03   6.938241957745e-09   0.000000000000e+00   9.093598391638e-02   4.795619024610e-02   7.217822821975e-06   0.000000000000e+00   4.091318201356e-02   1.069546471809e-02   1.526402287562e-06   0.000000000000e+00  -3.992378692182e-05   0.000000000000e+00   8.655430916140e-02   0.000000000000e+00  -1.385643894558e-01   6.069615167399e-03   3.638145129188e-02   4.360270174131e-02   2.902217678106e-02   4.128899010837e-02  -2.426977688404e-02   0.000000000000e+00   6.106891088370e-03   3.644068795477e-02   4.363133063061e-02   2.902900285044e-02   4.138341588198e-02   2.436520851860e-02   0.000000000000e+00
   0.000000000000e+00   0.000000000000e+00   0.000000000000e+00   0.000000000000e+00   7.535378391894e-02   0.000000000000e+00   0.000000000000e+00   0.000000000000e+00   1.478991857333e-01   0.000000000000e+00   0.000000000000e+00   0.000000000000e+00   1.162492858423e-01   0.000000000000e+00   0.000000000000e+00   0.000000000000e+00   5.371158190511e-02   0.000000000000e+00  -1.386098327917e-05   0.000000000000e+00   3.082290813778e+00   0.000000000000e+00   0.000000000000e+00   0.000000000000e+00   0.000000000000e+00   0.000000000000e+00   1.750247901558e-01   0.000000000000e+00   0.000000000000e+00   0.000000000000e+00   6.153918775391e-02   0.000000000000e+00   0.000000000000e+00   0.000000000000e+00   7.660182276105e-02   0.000000000000e+00   0.000000000000e+00   0.000000000000e+00   3.330831366168e-02   0.000000000000e+00  -4.171588945651e-05   0.000000000000e+00  -2.694055386899e-01   0.000000000000e+00   0.000000000000e+00   0.000000000000e+00   0.000000000000e+00   0.000000000000e+00   0.000000000000e+00   0.000000000000e+00   2.113473954084e-02   0.000000000000e+00   0.000000000000e+00   0.000000000000e+00   0.000000000000e+00   0.000000000000e+00   0.000000000000e+00   2.119597415832e-02
  -1.206430699111e-03   8.630567936986e-04   1.094212934351e-01  -6.175612462148e-07   0.000000000000e+00  -9.915766689722e-02   2.733538778160e-01   2.522049251986e-06   0.000000000000e+00  -1.404996543202e-01   2.384048632439e-01   5.309929192649e-06   0.000000000000e+00  -9.507342013350e-02   1.005354854627e-01   1.263486814465e-06   0.000000000000e+00  -1.923991215999e-05   0.000000000000e+00   8.899533776418e-02   0.000000000000e+00   3.026881314871e+00  -2.913711934683e-01  -3.464953001106e-01  -1.757882439677e-01  -8.274970656547e-05   0.000000000000e+00  -2.182521301478e-01   3.100233672585e-03  -1.826136940045e-05   0.000000000000e+00  -1.649356105392e-01  -7.991889472891e-02  -3.452024482148e-05   0.000000000000e+00  -7.437261070993e-02  -1.473830108830e-02  -1.167072913914e-05   0.000000000000e+00   1.629398491436e-04   0.000000000000e+00  -1.407990703613e-01   0.000000000000e+00   2.526692333845e-01  -7.467852171089e-03  -5.534203334257e-02  -7.746703400847e-02  -5.269672095010e-02  -4.633188918378e-02   4.054040465834e-02   0.000000000000e+00  -7.493910442350e-03  -5.540192838267e-02  -7.750075276133e-02  -5.270342443783e-02  -4.637634812171e-02  -4.068491399478e-02   0.000000000000e+00
  -2.373867716131e-03  -1.871884477662e-03   2.025755115937e-02   4.086875670130e-06   0.000000000000e+00  -1.318037514644e-01   4.329424864291e-01   6.729038751270e-05   0.000000000000e+00  -8.337948256631e-01   1.811344268715e+00   2.786462047855e-04   0.000000000000e+00  -8.814190554082e-01   1.145907133021e+00   1.765180724771e-04   0.000000000000e+00  -8.892586584729e-05   0.000000000000e+00   1.674347659836e-01   0.000000000000e+00  -2.913711934683e-01  -9.616542509763e+00  -1.204996355448e+01  -5.235559824491e-03  -4.729178677539e-06   0.000000000000e+00  -4.440813271539e+00  -6.239850254611e-03   1.953925381089e-06   0.000000000000e+00  -1.998330297500e+00  -3.565875696692e-03   1.280901226683e-06   0.000000000000e+00  -8.420835172668e-01  -1.302143566263e-03   4.001841690957e-07   0.000000000000e+00  -4.391527498900e-06   0.000000000000e+00   7.053894684338e-03   0.000000000000e+00  -4.345410938472e-03  -1.193948703657e-01  -9.274063436879e-01  -1.011909836488e+00  -6.246624238909e-01  -5.590405564871e-01   9.018980210470e-01   0.000000000000e+00  -1.198221448836e-01  -9.286021169443e-01  -1.012342122249e+00  -6.247575524755e-01  -5.594018726284e-01  -9.044856253706e-01   0.000000000000e+00
  -8.025481561875e-04  -6.463915619556e-04   1.979355887952e-02   2.662525307817e-06   0.000000000000e+00  -1.440389199664e-01   4.700656627254e-01   7.141624378469e-05   0.000000000000e+00  -7.937432205282e-01   1.690278306743e+00   2.598731829240e-04   0.000000000000e+00  -8.379252341803e-01   1.084279083562e+00   1.673368939408e-04   0.000000000000e+00  -1.057488993987e-04   0.000000000000e+00   1.991736425771e-01   0.000000000000e+00  -3.464953001106e-01  -1.204996355448e+01  -8.836891905062e+00  -5.260096448167e-03  -1.449851692543e-07   0.000000000000e+00  -3.975356765181e+00  -3.813186447788e-03   6.517914537473e-06   0.000000000000e+00  -1.879852424154e+00   5.916100890989e-04   3.450450578560e-06   0.000000000000e+00  -8.045128200890e-01   1.220760190218e-03   9.881890408959e-07   0.000000000000e+00  -5.208112472056e-06   0.000000000000e+00   1.052461375315e-02   0.000000000000e+00  -3.659272316066e-03  -1.405781505166e-01  -8.893200923202e-01  -9.636835688701e-01  -5.983001417855e-01  -5.518631213843e-01   8.911095843369e-01   0.000000000000e+00  -1.410541039447e-01  -8.904288534382e-01  -9.640899229770e-01  -5.983903848232e-01  -5.521201752358e-01  -8.935047061096e-01   0.000000000000e+00
  -7.850611831613e-02  -7.874458729799e-02   3.702151277803e-01   7.409428649841e-05   0.000000000000e+00  -4.049564626480e-01   5.232185313667e-01   1.106002883732e-04   0.000000000000e+00  -3.471644741391e-01   2.563064837543e-01   7.200517355626e-05   0.000000000000e+00  -1.393706105169e-01  -3.832137678341e-02   2.131801946125e-05   0.000000000000e+00  -7.525957735075e-05   0.000000000000e+00   9.963462692302e-02   0.000000000000e+00  -1.757882439677e-01  -5.235559824491e-03  -5.260096448167e-03   8.446501186138e-01  -6.383654331070e-05   0.000000000000e+00  -4.662732876043e-02  -5.859861776165e-01  -6.980433811709e-05   0.000000000000e+00  -1.623719576724e-02  -4.909663938807e-01  -1.833366544260e-05   0.000000000000e+00   9.545992233914e-03  -1.631922343186e-01   2.064461199036e-06   0.000000000000e+00  -5.276207390852e-05   0.000000000000e+00   4.446224945510e-02   0.000000000000e+00  -1.798606061094e-01   2.179913768912e-01   2.062456631942e-01   9.606590952427e-02   3.420789828056e-02  -6.157092695023e-02  -1.834054762136e-01   0.000000000000e+00   2.179297157644e-01   2.060127658436e-01   9.590513026052e-02   3.415980216070e-02  -6.218814797716e-02   1.831488568861e-01   0.000000000000e+00
  -1.248215276377e-05  -1.278713293105e-05   8.446935448001e-05  -6.468485784830e-02   0.000000000000e+00  -7.299935186271e-05   1.244115851340e-04  -1.588526066853e-01   0.000000000000e+00  -3.860449076084e-05   3.764169502640e-05  -2.534631197985e-01   0.000000000000e+00   1.367775581688e-05  -1.792635504247e-05  -2.170122639557e-01   0.000000000000e+00   1.661933076338e-01   0.000000000000e+00   1.668927168083e-05   0.000000000000e+00  -8.274970656547e-05  -4.729178677539e-06  -1.449851692543e-07  -6.383654331070e-05   9.095836854113e-01   0.000000000000e+00   9.079898027373e-05  -6.501484959488e-05  -5.001253377354e-01   0.000000000000e+00   7.040841830076e-05  -4.633059944271e-06  -4.889561101719e-01   0.000000000000e+00   3.447153067635e-05   1.208764125233e-05  -1.844011693181e-01   0.000000000000e+00   8.178263573058e-02   0.000000000000e+00  -4.395938808516e-05   0.000000000000e+00  -1.866392153750e-04  -3.525069985067e-01  -3.377979638080e-01  -1.613888226899e-01  -4.490839919214e-02  -1.810430428114e-01   1.168728853502e-01   0.000000000000e+00   3.531050085992e-01   3.381591275641e-01   1.615340181222e-01   4.496662144981e-02   1.807917739912e-01   1.169353149330e-01   0.000000000000e+00
   0.000000000000e+00   0.000000000000e+00   0.000000000000e+00   0.000000000000e+00  -1.215768448876e-01   0.000000000000e+00   0.000000000000e+00   0.000000000000e+00  -2.326349505286e-01   0.000000000000e+00   0.000000000000e+00   0.000000000000e+00  -2.806436972179e-01   0.000000000000e+00   0.000000000000e+00   0.000000000000e+00  -1.963614165319e-01   0.000000000000e+00   2.627496077686e-05   0.000000000000e+00   1.750247901558e-01   0.000000000000e+00   0.000000000000e+00   0.000000000000e+00   0.000000000000e+00   0.000000000000e+00   1.034804215196e+00   0.000000000000e+00   0.000000000000e+00   0.000000000000e+00  -3.245705990683e-01   0.000000000000e+00   0.000000000000e+00   0.000000000000e+00  -3.698598532323e-01   0.000000000000e+00   0.000000000000e+00   0.000000000000e+00  -1.389656483944e-01   0.000000000000e+00   5.536458749040e-06   0.000000000000e+00  -7.026574934928e-02   0.000000000000e+00   0.000000000000e+00   0.000000000000e+00   0.000000000000e+00   0.000000000000e+00   0.000000000000e+00   0.000000000000e+00  -1.562456175055e-01   0.000000000000e+00   0.000000000000e+00   0.000000000000e+00   0.000000000000e+00   0.000000000000e+00   0.000000000000e+00  -1.564148761880e-01
  -5.117749861411e-01  -4.912765733978e-01   3.661037083089e-01   4.527414332048e-05   0.000000000000e+00  -6.892421404099e-01   6.236155528844e-01   8.293409570260e-05   0.000000000000e+00  -9.357322692881e-01   1.187278374940e+00   2.025472949540e-04   0.000000000000e+00  -8.955449158059e-01   9.276280290768e-01   1.679666780558e-04   0.000000000000e+00  -6.607747963137e-05   0.000000000000e+00   1.211676938759e-01   0.000000000000e+00  -2.182521301478e-01  -4.440813271539e+00  -3.975356765181e+00  -4.662732876043e-02   9.079898027373e-05   0.000000000000e+00  -2.277867921843e+00  -1.386070125781e-01   1.388807427980e-04   0.000000000000e+00  -1.590137399729e+00  -8.302627686631e-02   6.007551228524e-05   0.000000000000e+00  -8.710982425120e-01  -1.679723579101e-02   1.299614939128e-05   0.000000000000e+00  -1.101980456954e-04   0.000000000000e+00   2.403135783333e-01   0.000000000000e+00  -1.660045705432e-01  -4.259245073240e-01  -8.575818088513e-01  -9.538643093451e-01  -6.692871660978e-01  -3.193732814294e-01   5.271089674254e-01   0.000000000000e+00  -4.264284276215e-01  -8.583414314669e-01  -9.542337850656e-01  -6.693885889867e-01  -3.193052307506e-01  -5.281545162536e-01   0.000000000000e+00
  -1.511755389241e+00  -1.437400222826e+00   5.508924434547e-01   1.290478358026e-04   0.000000000000e+00  -1.252353043826e+00   4.010009318424e-01   1.070753117560e-04   0.000000000000e+00  -8.076559961141e-01   1.304408417864e-01   5.207811357962e-05   0.000000000000e+00  -3.920019975179e-01  -8.197743255531e-02   2.810899012240e-05   0.000000000000e+00  -2.156289048609e-06   0.000000000000e+00  -3.262916371081e-03   0.000000000000e+00   3.100233672585e-03  -6.239850254611e-03  -3.813186447788e-03  -5.859861776165e-01  -6.501484959488e-05   0.000000000000e+00  -1.386070125781e-01  -5.932693721894e-01  -1.067751783464e-04   0.000000000000e+00  -1.768682600907e-01  -7.136791960557e-01  -3.064112745123e-05   0.000000000000e+00  -9.843404352757e-02  -3.227213224119e-01   4.306894470667e-06   0.000000000000e+00  -2.058154295975e-04   0.000000000000e+00   1.855087523133e-01   0.000000000000e+00  -5.701609671079e-01   2.422335752935e-01   1.977930646277e-01   5.417832998749e-02  -2.480167453487e-02  -6.699346926254e-02   1.250446630646e-02   0.000000000000e+00   2.419815871171e-01   1.974666197837e-01   5.388375698682e-02  -2.491001222527e-02  -6.699625624243e-02  -1.253503148298e-02   0.000000000000e+00
  -2.321568245972e-04  -2.210153530637e-04   1.383550859285e-04  -2.261024211171e-01   0.000000000000e+00  -2.034572313602e-04   1.183008365906e-04  -2.440757433686e-01   0.000000000000e+00  -9.189710268693e-05  -2.254370053574e-05  -2.498938489169e-01   0.000000000000e+00   5.925030749366e-06  -5.299642329814e-05  -2.653798000800e-01   0.000000000000e+00   4.966068353944e-02   0.000000000000e+00   6.938241957745e-09   0.000000000000e+00  -1.826136940045e-05   1.953925381089e-06   6.517914537473e-06  -6.980433811709e-05  -5.001253377354e-01   0.000000000000e+00   1.388807427980e-04  -1.067751783464e-04  -2.772289545077e-01   0.000000000000e+00   1.000733812116e-04  -1.815642967572e-05  -4.714206433127e-01   0.000000000000e+00   4.106655285734e-05   1.484276086691e-05  -2.538693938861e-01   0.000000000000e+00   1.769498827908e-01   0.000000000000e+00  -9.160584515690e-05   0.000000000000e+00  -4.346711368760e-04  -3.905822637150e-01  -3.390325241583e-01  -1.966264026226e-01  -6.452387339245e-02   1.619301911202e-02  -8.296520346066e-02   0.000000000000e+00   3.909422985676e-01   3.393261485808e-01   1.967972613927e-01   6.459242511276e-02  -1.620064064934e-02  -8.299848293159e-02   0.000000000000e+00
   0.000000000000e+00   0.000000000000e+00   0.000000000000e+00   0.000000000000e+00  -2.875861499841e-01   0.000000000000e+00   0.000000000000e+00   0.000000000000e+00  -3.298679520465e-01   0.000000000000e+00   0.000000000000e+00   0.000000000000e+00  -2.681847468043e-01   0.000000000000e+00   0.000000000000e+00   0.000000000000e+00  -2.040485078703e-01   0.000000000000e+00   8.664577214589e-06   0.000000000000e+00   6.153918775391e-02   0.000000000000e+00   0.000000000000e+00   0.000000000000e+00   0.000000000000e+00   0.000000000000e+00  -3.245705990683e-01   0.000000000000e+00   0.000000000000e+00   0.000000000000e+00   5.554644294114e-02   0.000000000000e+00   0.000000000000e+00   0.000000000000e+00  -2.106860265989e-01   0.000000000000e+00   0.000000000000e+00   0.000000000000e+00  -1.521851272083e-01   0.000000000000e+00   1.495367102171e-05   0.000000000000e+00  -1.273146902696e-01   0.000000000000e+00   0.000000000000e+00   0.000000000000e+00   0.000000000000e+00   0.000000000000e+00   0.000000000000e+00   0.000000000000e+00  -3.522191301531e-02   0.000000000000e+00   0.000000000000e+00   0.000000000000e+00   0.000000000000e+00   0.000000000000e+00   0.000000000000e+00  -3.516295028970e-02
  -1.124905510606e+00  -1.065495424383e+00   2.303924239505e-01   2.821274921564e-05   0.000000000000e+00  -1.044870355202e+00   4.034497933653e-01   5.408691574758e-05   0.000000000000e+00  -9.781757581573e-01   7.510554897730e-01   1.384302549665e-04   0.000000000000e+00  -8.148125909443e-01   6.225934964930e-01   1.156477874627e-04   0.000000000000e+00  -5.024955471334e-05   0.000000000000e+00   9.093598391638e-02   0.000000000000e+00  -1.649356105392e-01  -1.998330297500e+00  -1.879852424154e+00  -1.623719576724e-02   7.040841830076e-05   0.000000000000e+00  -1.590137399729e+00  -1.768682600907e-01   1.000733812116e-04   0.000000000000e+00  -1.224313436696e+00  -2.007533244592e-01   8.834262361162e-06   0.000000000000e+00  -7.398044216922e-01  -7.821017792278e-02  -1.323297406325e-05   0.000000000000e+00  -9.026639901533e-05   0.000000000000e+00   3.052857560334e-01   0.000000000000e+00  -2.306726050040e-01  -4.151791288903e-01  -6.600011922569e-01  -7.484288194047e-01  -5.724350830002e-01  -2.247743787261e-01   3.844618149656e-01   0.000000000000e+00  -4.154972819118e-01  -6.604587240000e-01  -7.486927332096e-01  -5.725208040073e-01  -2.247020356245e-01  -3.851941879753e-01   0.000000000000e+00
