ARMA_MAT_TXT_FN008
58 58
   3.189773869782e-01   2.849738549285e-01  -6.062845579052e-03   1.321354214421e-07  -1.811648286600e-16  -6.823230209192e-02  -6.926054836964e-03   2.401466278534e-07   5.721762650234e-16  -6.140849248627e-02  -7.218432417101e-03   6.677671495243e-07  -9.342844275221e-16   9.267548338018e-04  -1.842424022132e-04  -5.935464660542e-07   1.276593686152e-15  -1.890955245497e-07  -1.256193812772e-16   2.776471011553e-04   1.546928615298e-16  -5.422913261111e-04   1.634659028880e-03   2.403193201537e-03  -6.266523706982e-03  -2.154186360047e-06  -1.500073826625e-16  -4.183432047248e-03  -7.956593672256e-03  -3.121470874989e-06   3.559526990106e-16   7.447636352209e-03   1.988257662292e-03   1.298958800502e-07  -2.585661887848e-16  -4.408925904526e-03  -1.218560298444e-03   2.934609575705e-06  -4.678543047671e-16  -4.335677224068e-07   1.702426576664e-16   7.254650924075e-04  -2.457371930112e-16  -2.585536495984e-03   1.162065585246e-03   1.614741166876e-03   5.688907994602e-04   7.094449671392e-04  -1.920486117411e-04  -2.039727702199e-04  -2.471483024501e-16   1.163157282879e-03   1.616393560279e-03   5.708762768212e-04   7.165595507864e-04  -1.921156243441e-04   2.036683697962e-04   2.181265171148e-17
   2.849738549285e-01   2.640854938285e-01  -9.639227762254e-03   2.986437851831e-07  -2.044640243013e-16  -1.167028520510e-01  -1.229077783016e-02   5.130002346249e-07   4.658143151686e-16  -1.026682208796e-01  -1.220660642388e-02   1.180182826303e-06  -9.296584243591e-16   9.640743622525e-04  -2.725327017505e-04  -9.340985217624e-07   1.216086117173e-15  -3.363750855461e-07  -1.133372791241e-16   5.465188385760e-04   1.444571316579e-16  -8.472916486623e-04   2.644497364412e-03   3.891804128188e-03  -1.041145598848e-02  -3.590560790307e-06  -1.746974655752e-16  -6.634053354353e-03  -1.329966432487e-02  -5.226439565604e-06   3.388292489437e-16   1.279728454848e-02   3.397738910222e-03   3.344998822681e-07  -3.613693618218e-16  -7.099198940767e-03  -1.956302369622e-03   4.795267128319e-06  -3.559551049922e-16  -7.230312526731e-07   1.961137526802e-16   1.207710933517e-03  -2.823587623074e-16  -4.372124975221e-03   1.986623960141e-03   2.753107762819e-03   9.494215656237e-04   1.149665052540e-03  -3.160608039639e-04  -3.405499503635e-04  -2.868754202462e-16   1.988483755857e-03   2.755994177911e-03   9.528017860170e-04   1.161257437837e-03  -3.161587955719e-04   3.400361886646e-04   5.390002695469e-17
  -6.062845579052e-03  -9.639227762254e-03   6.228949563830e-02   1.695753493500e-06  -6.477104303568e-17   2.863008952575e-02   9.357436720161e-02   1.821668879593e-06   7.174890820859e-17   6.770409307664e-02   5.503470824066e-02  -1.821544906473e-06  -1.868871775576e-16   2.623880756085e-02  -1.109037551473e-03   3.330969725435e-07   5.159006033205e-17  -6.130762427246e-07   5.295429356007e-18   3.171541157709e-03  -9.994504015186e-18  -6.109690903232e-03   1.202020556733e-02   2.005496396296e-02  -3.877975845385e-02  -1.419597893108e-05  -1.790071822551e-17  -5.918356769398e-02  -6.281591947522e-02  -2.396148159526e-05  -2.383468589908e-16  -2.864968998218e-02  -2.486988857026e-02  -1.055571790630e-05   3.248006168285e-16  -7.346568563705e-03   6.946899009046e-04  -2.122876949637e-06  -3.494106042309e-16  -4.178037973793e-06  -1.707512895196e-16   3.139710241950e-03   1.096281151589e-16  -9.217896552227e-03   4.809095897599e-03   8.231386284630e-03   5.063230153359e-03   1.992645559189e-03  -1.270735008099e-03  -4.074957879918e-04   2.796314890300e-16   4.806667148710e-03   8.225930198663e-03   5.059878708124e-03   1.988222747058e-03  -1.272592639044e-03   4.050447762408e-04  -1.384530282946e-16
   1.321354214421e-07   2.986437851831e-07   1.695753493500e-06   8.566476420165e-02   2.653284451670e-17  -2.008746455794e-06   2.758385293768e-06   1.322886228473e-01  -3.884981671909e-17   1.279302699070e-05  -8.550081801674e-06   1.206124289417e-01   2.937718774771e-16   1.855360510353e-05  -1.350031436160e-06   1.199331731626e-02  -6.592761636096e-17  -5.297425272357e-03   8.640337968369e-18   4.628963766492e-07  -2.075815470561e-17   3.353439033584e-07  -9.305985543860e-07  -1.535964567746e-06  -1.140541400398e-05   6.235814343569e-03  -7.708936570148e-17   5.739518501219e-06  -1.314245260464e-05   7.803813836125e-03   5.058251841638e-16  -2.004005653293e-05  -1.644827289262e-05   4.573635777712e-03  -1.139829139329e-15  -6.680968749614e-06  -1.536438898049e-05   2.043890732347e-02   1.170544908557e-15   1.911500035731e-02   2.645463091451e-16   3.187902318294e-06  -4.026304425648e-16  -8.329897683848e-06  -8.483220338799e-03  -2.328341113836e-02  -3.320090794216e-02  -1.985688868647e-02  -6.552257952731e-05  -1.543731913573e-03  -5.481369849840e-16   8.481129995704e-03   2.329323597891e-02   3.319063528480e-02   1.985867654838e-02   7.208859880225e-05  -1.540172553699e-03   3.130386404388e-16
  -1.811648286600e-16  -2.044640243013e-16  -6.477104303568e-17   2.653284451670e-17   4.907528056190e-02   2.998006608390e-17  -5.643006847295e-17   6.972959513035e-17   7.771503257545e-02   8.243276052797e-16  -8.595642296569e-16  -1.256489587750e-16   6.801892365680e-02   5.512506529779e-15  -1.820813468015e-15   4.142629249757e-16   5.733846321888e-03   2.692219547603e-17  -9.480274490542e-07  -1.898421481291e-17  -6.275816703829e-03   6.402976372815e-18  -7.448429884451e-16  -6.581113672142e-16   3.238617401334e-17  -2.155543531049e-17   3.113271701808e-02   5.227499503759e-16   5.747131405702e-17  -2.890435424088e-16   5.425369051487e-02  -4.633104323638e-15  -1.928200772240e-15   5.735362012968e-16   3.760423048518e-02  -6.414217528466e-15   3.445462685283e-16  -1.852504642218e-15   2.167961429656e-03   5.837585607016e-17   9.435236577891e-07   1.128421658280e-16   1.171781781642e-02  -7.496981760407e-17   4.184326759335e-18   2.946385686916e-16  -5.666079656231e-17   4.630828487620e-15   4.920695120970e-17  -9.717113410516e-17   1.849421479697e-03   5.824819108832e-17  -1.228499327196e-16   1.670185555484e-15  -1.238928275358e-15  -8.112062639411e-18   1.432718235649e-17   1.850458748733e-03
  -6.823230209192e-02  -1.167028520510e-01   2.863008952575e-02  -2.008746455794e-06   2.998006608390e-17   3.421409703592e-01   4.114684290465e-02  -3.257405329010e-06  -2.561998945456e-16   2.958959700950e-01   3.752041907915e-02  -5.052150858002e-06   3.871792197659e-16   1.192061064976e-04   6.004069743763e-04   2.380876318895e-06  -7.332244813734e-16   1.049922684350e-06   3.314208395518e-17  -1.672031248382e-03  -3.676444938638e-17   1.975718255878e-03  -6.561648804437e-03  -9.471898207213e-03   2.820691783583e-02   9.769493691852e-06   1.089966907741e-16   1.412617164965e-02   3.579378834177e-02   1.406032111214e-05  -4.883795456561e-16  -3.960761919093e-02  -1.069737099514e-02  -1.814808806620e-06   6.386818164842e-16   1.918252645821e-02   5.362213297152e-03  -1.369933856454e-05  -3.012151621712e-16   1.671335754435e-06  -3.038153278325e-16  -3.262290500364e-03   3.686255458871e-16   1.227520054716e-02  -5.965065013034e-03  -8.200365747276e-03  -2.519879597234e-03  -3.124005403035e-03   8.072964811948e-04   1.024077513517e-03   4.451907348372e-16  -5.970988974672e-03  -8.209808960789e-03  -2.530548309612e-03  -3.156839885759e-03   8.075316613649e-04  -1.022714799893e-03  -2.229138110485e-16
  -6.926054836964e-03  -1.229077783016e-02   9.357436720161e-02   2.758385293768e-06  -5.643006847295e-17   4.114684290465e-02   1.406047596518e-01   3.068306844367e-06   1.814851255601e-16   1.002525124748e-01   8.256679180799e-02  -2.531122584395e-06  -2.368948211402e-16   3.950575261999e-02  -1.699488130995e-03   4.542247474505e-07   1.037074257155e-16  -9.688623613398e-07   6.680906905452e-18   4.783846921107e-03  -1.871055642951e-17  -9.215157042628e-03   1.840494434458e-02   3.072647687518e-02  -5.817441189306e-02  -2.080586695620e-05   2.666055208641e-19  -9.051879743251e-02  -9.420924334506e-02  -3.533073001798e-05  -3.054858389724e-16  -4.382296144645e-02  -3.707694150478e-02  -1.559951175220e-05   5.193252343422e-16  -1.111646064466e-02   1.006556686203e-03  -3.086173071391e-06  -5.385297278310e-16  -6.306270729280e-06  -2.574524557223e-16   4.784611367918e-03   1.772906070502e-16  -1.390265344256e-02   6.868900270200e-03   1.185320717861e-02   7.603358313278e-03   2.977103876738e-03  -1.945985477316e-03  -5.413933606571e-04   4.228082039694e-16   6.864559453289e-03   1.184419127339e-02   7.598268406196e-03   2.970681109153e-03  -1.948738474280e-03   5.375810167279e-04  -2.071040864521e-16
   2.401466278534e-07   5.130002346249e-07   1.821668879593e-06   1.322886228473e-01   6.972959513035e-17  -3.257405329010e-06   3.068306844367e-06   2.043023134184e-01  -1.275564720618e-17   1.906265283542e-05  -1.387914059859e-05   1.860973493022e-01   4.906384125857e-16   2.823452400564e-05  -2.010608378991e-06   1.835804430055e-02  -1.008003030726e-16  -8.225157227150e-03   1.299253542519e-17   6.767726587482e-07  -3.497407811713e-17   6.075891779791e-07  -1.591328113972e-06  -2.621216947966e-06  -1.727082124303e-05   1.037869338626e-02  -1.006664341129e-16   9.574495271937e-06  -1.979183507654e-05   1.322143725195e-02   8.049716235326e-16  -3.003078827830e-05  -2.527997837256e-05   7.653996432470e-03  -1.719052866410e-15  -1.012162678915e-05  -2.374157370162e-05   3.157586155251e-02   1.799515371532e-15   2.938268197895e-02   4.078075380644e-16   4.890945741704e-06  -6.131468566300e-16  -1.257268621314e-05  -1.254759291152e-02  -3.501168299929e-02  -5.091448970339e-02  -3.062810871682e-02  -5.761862752820e-05  -2.439666945670e-03  -8.419068066516e-16   1.254407525831e-02   3.502676798788e-02   5.089860060987e-02   3.063081643449e-02   6.788025140725e-05  -2.434211714244e-03   4.810090847601e-16
   5.721762650234e-16   4.658143151686e-16   7.174890820859e-17  -3.884981671909e-17   7.771503257545e-02  -2.561998945456e-16   1.814851255601e-16  -1.275564720618e-17   1.230686043778e-01   1.188870154615e-15  -1.226387698184e-15  -3.317781646588e-16   1.077139612288e-01   8.825013220696e-15  -2.894647728814e-15   6.253879501639e-16   9.080051068197e-03   4.234297313074e-17  -1.501285030714e-06  -1.730560900172e-17  -9.938308940699e-03  -1.402408446742e-17   1.662837055884e-15   1.405163709770e-15  -4.133229909866e-17   4.884707665325e-17   4.930140163275e-02   3.431216897834e-16  -5.500214434327e-17  -3.262774144963e-16   8.591550119379e-02  -7.582875408667e-15  -3.064814748443e-15   9.740338278481e-16   5.954961364805e-02  -1.019521187756e-14   5.394203658925e-16  -2.951365621496e-15   3.433158021695e-03   5.826788433790e-17   1.494152880253e-06   1.996586666790e-16   1.855619739489e-02  -1.553139885232e-16   2.210645678515e-17   5.180704725768e-16  -1.551820062468e-18   7.358246427436e-15   7.212858761172e-17  -1.457463258676e-16   2.928721932809e-03  -3.954440968868e-17  -4.110922849855e-16   2.585838774703e-15  -1.983072082997e-15  -2.908713815668e-17   4.209008346026e-18   2.930364539759e-03
  -6.140849248627e-02  -1.026682208796e-01   6.770409307664e-02   1.279302699070e-05   8.243276052797e-16   2.958959700950e-01   1.002525124748e-01   1.906265283542e-05   1.188870154615e-15   2.869817181721e-01   6.944166168276e-02   1.309779197222e-05   1.322220858513e-15   1.897153670320e-02  -4.423349685207e-04   4.065525050658e-06  -4.134678713547e-16  -4.507698931335e-07   2.940279765183e-17   9.378206573140e-04  -1.427651600484e-16  -2.831842311261e-03   4.509485408710e-03   8.998921055043e-03  -3.390037744501e-03  -6.516197689464e-08   6.207673866611e-16  -3.774780309852e-02  -1.362901308340e-02  -3.355394229744e-06   3.785085193357e-16  -5.697250957017e-02  -2.501989830079e-02  -8.320565991267e-06   1.407932001380e-15   1.042777479347e-02   4.777568773392e-03  -9.514540026507e-06  -5.152726519909e-16   1.335287060766e-06  -3.817542126901e-16  -1.751813968690e-04   6.042775154861e-16   3.465668384908e-03  -3.324490533150e-03  -3.547733625612e-03   1.444566461896e-03  -1.284254321277e-03  -4.028999450366e-04   9.124064073349e-04   6.106826996958e-16  -3.329663706782e-03  -3.552635391378e-03   1.444105840409e-03  -1.307813332425e-03  -4.036153569694e-04  -9.138290734617e-04  -2.537405851704e-16
  -7.218432417101e-03  -1.220660642388e-02   5.503470824066e-02  -8.550081801674e-06  -8.595642296569e-16   3.752041907915e-02   8.256679180799e-02  -1.387914059859e-05  -1.226387698184e-15   6.944166168276e-02   4.924404139511e-02  -1.594554610411e-05  -1.238259440675e-15   2.268694980157e-02  -8.376326298042e-04  -1.329016828095e-06  -1.120044295320e-16   8.132631551598e-08   7.067603518622e-18   2.678609099338e-03   9.067695858387e-17  -5.187733801860e-03   9.280066802690e-03   1.530277551180e-02  -3.387291613289e-02  -1.243622403871e-05  -5.285797767915e-16  -4.558565320558e-02  -5.510263198916e-02  -2.024592888937e-05  -1.120653320325e-15  -2.277564820306e-02  -2.304323547072e-02  -8.783329403765e-06  -3.208095321636e-16  -5.848470820380e-03   8.296950590044e-04  -4.612509749572e-06  -3.015728839894e-16  -6.030328381633e-06  -1.481853543445e-16   2.444878737554e-03  -1.036770166789e-16  -7.680922799732e-03   5.469378775350e-03   9.030359434993e-03   4.415360754302e-03   1.763569992690e-03  -9.614771618079e-04  -6.089741253338e-04   2.136106807595e-16   5.464269746594e-03   9.017233037944e-03   4.402957231131e-03   1.753847607082e-03  -9.635493270761e-04   6.072993364779e-04  -1.531367285168e-16
   6.677671495243e-07   1.180182826303e-06  -1.821544906473e-06   1.206124289417e-01  -1.256489587750e-16  -5.052150858002e-06  -2.531122584395e-06   1.860973493022e-01  -3.317781646588e-16   1.309779197222e-05  -1.594554610411e-05   1.715902289011e-01   2.197027432500e-16   2.516122284661e-05  -2.452935644431e-06   1.869474807342e-02  -8.577519585140e-17  -6.963374555242e-03   1.605570343286e-17   3.875370128998e-07  -1.681602497098e-17   7.970556444324e-07  -2.654767177373e-06  -4.416567137569e-06  -1.186422745244e-05   4.562815837747e-04  -2.134779579324e-16   1.452191019135e-05  -1.116680740145e-05  -2.018507833821e-03   6.202861530544e-16  -3.141476443009e-05  -1.962986476641e-05  -1.296570974538e-04  -1.942127375019e-15  -9.960383312022e-06  -2.157095258069e-05   2.863393479694e-02   1.745207325946e-15   2.842271483612e-02   3.805192611852e-16   4.106255181537e-06  -6.253192240847e-16  -1.297199670920e-05  -1.808681933236e-02  -4.327334735581e-02  -5.070645653565e-02  -2.835902565642e-02  -5.760884299558e-04  -1.554018601648e-03  -8.165797187494e-16   1.808596011552e-02   4.328596845514e-02   5.069016741761e-02   2.836134590493e-02   5.845990728680e-04  -1.548543072024e-03   4.733919161963e-16
  -9.342844275221e-16  -9.296584243591e-16  -1.868871775576e-16   2.937718774771e-16   6.801892365680e-02   3.871792197659e-16  -2.368948211402e-16   4.906384125857e-16   1.077139612288e-01   1.322220858513e-15  -1.238259440675e-15   2.197027432500e-16   9.427503872534e-02   7.573125431242e-15  -2.503346020393e-15   6.427871661040e-16   7.947179328631e-03   3.036496733421e-17  -1.313977341412e-06  -3.603940558671e-17  -8.698356736308e-03   2.944332459847e-17  -2.605290824539e-15  -2.403079409535e-15  -5.438615308863e-17  -1.614916162430e-16   4.315031677527e-02   1.709054042599e-15  -7.115978616321e-17  -6.119966088569e-16   7.519626155934e-02  -5.828580384815e-15  -2.812061005162e-15   6.901263782244e-16   5.211991155748e-02  -8.882714765251e-15   4.875776402818e-16  -2.508857347577e-15   3.004820375681e-03   1.655018082514e-16   1.307735033050e-06   1.214285351700e-16   1.624103512712e-02  -9.456418118762e-17   1.008224449341e-16   4.822815952138e-16  -2.446575824465e-16   6.368375416623e-15   8.081846144116e-17  -1.741502753774e-16   2.563320209205e-03   4.485453997448e-16   4.220655682231e-16   2.490827461466e-15  -1.633566751103e-15   1.918940089956e-17   7.248636004860e-17   2.564757876450e-03
   9.267548338018e-04   9.640743622525e-04   2.623880756085e-02   1.855360510353e-05   5.512506529779e-15   1.192061064976e-04   3.950575261999e-02   2.823452400564e-05   8.825013220696e-15   1.897153670320e-02   2.268694980157e-02   2.516122284661e-05   7.573125431242e-15   1.150858218684e-02  -5.415244010556e-04   3.403464879526e-06   7.163811228842e-16  -1.182523151641e-06   1.979646650412e-20   1.451827608921e-03  -7.104098246021e-16  -2.758814166864e-03   6.160636555280e-03   1.000053599628e-02  -1.757071235399e-02  -8.837701726824e-06   3.506186152030e-15  -2.815603726479e-02  -2.814543137213e-02  -1.513070667049e-05   6.046574128874e-15  -1.228302677425e-02  -1.013888590264e-02  -6.678749498587e-06   4.368536412407e-15  -3.850991013201e-03   9.942779916732e-05   3.704919482123e-06   8.313729204639e-17   2.783659625142e-06  -6.668733486311e-17   1.544853908222e-03   1.364304310537e-15  -4.433025225405e-03   1.811550235596e-03   3.161081259262e-03   2.261457622312e-03   9.319075791612e-04  -6.225928880678e-04  -1.178329955582e-04   3.192136258019e-16   1.819626141436e-03   3.178333584636e-03   2.277903303546e-03   9.397445685244e-04  -6.228308365910e-04   1.165761833322e-04   1.545195536984e-16
  -1.842424022132e-04  -2.725327017505e-04  -1.109037551473e-03  -1.350031436160e-06  -1.820813468015e-15   6.004069743763e-04  -1.699488130995e-03  -2.010608378991e-06  -2.894647728814e-15  -4.423349685207e-04  -8.376326298042e-04  -2.452935644431e-06  -2.503346020393e-15  -5.415244010556e-04   8.622081480186e-05  -9.022483376124e-07  -2.424876701446e-16  -7.333486089642e-08   1.038490567064e-18  -7.145576244457e-05   2.314840550349e-16   1.452682649040e-04  -1.116198909212e-03  -1.743013325077e-03   2.985039842835e-05   2.773693618461e-06  -1.159460475562e-15   4.393109348659e-03   9.697604790108e-05   4.734624458207e-06  -2.018100044280e-15   2.600503330258e-03  -2.334057546069e-04   2.635057548928e-06  -1.406278828864e-15   8.658142357847e-05   2.254169308833e-05  -2.093594355729e-07  -4.288832487813e-17  -8.022574558096e-07   8.845906329665e-18  -1.671890933827e-04  -4.485893333711e-16   1.270615352178e-04   8.312353872561e-04   1.178144858984e-03  -3.198148680748e-05   4.456860967878e-05   9.529094556540e-05  -1.708347852664e-04  -8.148508567688e-17   8.269223594102e-04   1.169766889465e-03  -3.613775938878e-05   4.366454163728e-05   9.476268263873e-05   1.705985593410e-04  -6.329949924997e-17
  -5.935464660542e-07  -9.340985217624e-07   3.330969725435e-07   1.199331731626e-02   4.142629249757e-16   2.380876318895e-06   4.542247474505e-07   1.835804430055e-02   6.253879501639e-16   4.065525050658e-06  -1.329016828095e-06   1.869474807342e-02   6.427871661040e-16   3.403464879526e-06  -9.022483376124e-07   3.524190587385e-03   6.538416220270e-17  -2.364994948172e-04   5.166871290052e-18  -3.125075603273e-09  -6.401205801301e-17  -3.633077998856e-08  -1.822562742396e-08   1.441929102121e-07   1.421791558238e-06  -7.618130899995e-03   2.481002461733e-16  -6.068392380602e-07   3.409367656264e-06  -1.217540314589e-02   6.147672238914e-16  -1.116555804165e-05   4.365031669070e-07  -6.061160455309e-03  -6.162574540723e-17  -1.660916448026e-06  -2.017951141974e-06   2.715424119166e-03   2.883824020464e-16   4.216154892773e-03   4.523669002554e-17   3.607324294704e-07   2.178188880351e-17  -2.817411940775e-06  -7.455183043909e-03  -1.396366634429e-02  -8.688756250878e-03  -3.189476021366e-03  -5.029212875546e-04   4.160639838858e-04  -1.006964750292e-16   7.455089575361e-03   1.396120147917e-02   8.685893707394e-03   3.189490766100e-03   5.027604909620e-04   4.165964934339e-04   9.886559899204e-17
   1.276593686152e-15   1.216086117173e-15   5.159006033205e-17  -6.592761636096e-17   5.733846321888e-03  -7.332244813734e-16   1.037074257155e-16  -1.008003030726e-16   9.080051068197e-03  -4.134678713547e-16  -1.120044295320e-16  -8.577519585140e-17   7.947179328631e-03   7.163811228842e-16  -2.424876701446e-16   6.538416220270e-17   6.699298153080e-04   1.469757767303e-17  -1.107654126389e-07   9.613535613331e-18  -7.332524259072e-04  -2.413428625305e-17   2.871437262750e-15   2.645303495776e-15   1.791720955668e-16  -1.299559578063e-16   3.637477217055e-03  -1.346616298864e-15   2.813884453966e-16  -2.314841645284e-16   6.338880190713e-03  -1.373305650575e-15   1.652615147935e-17  -3.345685284471e-17   4.393594416295e-03  -7.634279694472e-16   2.131179050854e-17  -2.350149314670e-16   2.532997779553e-04   1.365089624405e-17   1.102391997129e-07   6.326100413719e-17   1.369083697901e-03  -1.921644866498e-17  -4.298982929837e-16  -6.028278471306e-16  -4.961266291012e-17   5.255430516251e-16  -3.246549272942e-17   6.751076974368e-17   2.160822806831e-04  -2.564834961738e-16  -3.801877010069e-16   2.153903193567e-16  -1.803954320215e-16  -2.496052339287e-17  -5.651243419058e-17   2.162034728837e-04
  -1.890955245497e-07  -3.363750855461e-07  -6.130762427246e-07  -5.297425272357e-03   2.692219547603e-17   1.049922684350e-06  -9.688623613398e-07  -8.225157227150e-03   4.234297313074e-17  -4.507698931335e-07   8.132631551598e-08  -6.963374555242e-03   3.036496733421e-17  -1.182523151641e-06  -7.333486089642e-08  -2.364994948172e-04   1.469757767303e-17   4.658908699210e-04   5.511157860595e-19  -8.059260498114e-08  -4.725274662212e-18   2.422817601340e-08  -3.119652046903e-07  -5.035350152888e-07   1.568520294954e-06  -2.710357287379e-03   2.245986676760e-17   1.225286916035e-06   2.332134944226e-06  -4.115128963163e-03   2.495852068075e-17   1.159660188711e-07   1.683917504082e-06  -2.117584603700e-03   3.305711482759e-17   2.550071553893e-07   9.951909566983e-07  -1.303917035439e-03  -4.198600361844e-17  -7.604265618933e-04  -1.411191474085e-17  -2.957120567590e-07   2.627038451460e-17   1.236552892386e-07  -1.190985418971e-03  -1.490223877656e-03   9.468624632327e-04   1.115847277559e-03  -1.310857034744e-04   2.684716868525e-04   2.417212029652e-17   1.191890992993e-03   1.489584654123e-03  -9.466534766679e-04  -1.115985641214e-03   1.304688775885e-04   2.684103244964e-04  -7.447956107734e-18
  -1.256193812772e-16  -1.133372791241e-16   5.295429356007e-18   8.640337968369e-18  -9.480274490542e-07   3.314208395518e-17   6.680906905452e-18   1.299253542519e-17  -1.501285030714e-06   2.940279765183e-17   7.067603518622e-18   1.605570343286e-17  -1.313977341412e-06   1.979646650412e-20   1.038490567064e-18   5.166871290052e-18  -1.107654126389e-07   5.511157860595e-19   1.831382386141e-11  -7.306180365052e-20   1.212350990629e-07   2.843091664202e-19  -7.953557594715e-17  -7.508840400846e-17  -1.088872169313e-17  -1.762780178787e-17  -6.014162315292e-07   4.708008486946e-17  -1.739573474480e-17  -2.773003281835e-17  -1.048063041753e-06   2.815664269360e-17  -1.207112620471e-17  -1.395240315179e-17  -7.264317654903e-07   3.958159066039e-20   8.547642191199e-19   1.782816480475e-18  -4.188028922651e-08   5.236227859442e-18  -1.822682043127e-11  -1.593673659129e-18  -2.263626984051e-07  -5.790547983220e-19  -6.024699688627e-19  -5.392116208737e-18  -1.102471929487e-17  -1.809885639277e-18  -2.097150695902e-20  -1.439753362916e-18  -3.572679172789e-08   2.805550531706e-17   4.531656515744e-17   1.299923432452e-17   4.066017050376e-18   2.111029934325e-18   3.849800075219e-18  -3.574682950469e-08
   2.776471011553e-04   5.465188385760e-04   3.171541157709e-03   4.628963766492e-07  -1.898421481291e-17  -1.672031248382e-03   4.783846921107e-03   6.767726587482e-07  -1.730560900172e-17   9.378206573140e-04   2.678609099338e-03   3.875370128998e-07  -3.603940558671e-17   1.451827608921e-03  -7.145576244457e-05  -3.125075603273e-09   9.613535613331e-18  -8.059260498114e-08  -7.306180365052e-20   1.915764998504e-04   1.823275273455e-18  -3.580144948025e-04   7.710067215956e-04   1.278491586897e-03  -2.354520734927e-03  -5.784395837711e-07  -1.132069354794e-17  -3.633095647095e-03  -3.725568844572e-03  -1.022726505121e-06  -2.494726059678e-17  -1.361485052284e-03  -1.225148123422e-03  -3.658451105939e-07   7.213965252131e-19  -5.800666513760e-04  -1.385026095993e-05   9.658214411874e-08  -1.922969165453e-17  -2.091408252905e-07  -7.038563518808e-18   2.113840319341e-04  -1.574867902166e-19  -6.198331095568e-04   2.560402381453e-04   4.369216919362e-04   2.987328102545e-04   1.332074612606e-04  -8.272197653732e-05  -1.940573849760e-05   1.131402238322e-17   2.556484956950e-04   4.363007185333e-04   2.987115041425e-04   1.334128094050e-04  -8.283935977944e-05   1.920064169431e-05  -6.345328521234e-18
   1.546928615298e-16   1.444571316579e-16  -9.994504015186e-18  -2.075815470561e-17  -6.275816703829e-03  -3.676444938638e-17  -1.871055642951e-17  -3.497407811713e-17  -9.938308940699e-03  -1.427651600484e-16   9.067695858387e-17  -1.681602497098e-17  -8.698356736308e-03  -7.104098246021e-16   2.314840550349e-16  -6.401205801301e-17  -7.332524259072e-04  -4.725274662212e-18   1.212350990629e-07   1.823275273455e-18   8.025603694793e-04   6.452602980952e-20   1.953992761795e-16   1.799602608508e-16   2.357418467052e-17   4.111029084026e-17  -3.981296148703e-03  -1.317520155140e-16   3.632004439880e-17   9.727838574601e-17  -6.938039136590e-03   5.487860056872e-16   2.704486716187e-16  -4.301569060739e-17  -4.808882498713e-03   8.234570212451e-16  -4.514870986228e-17   2.334394855773e-16  -2.772419922557e-04  -1.852038887154e-17  -1.206591478278e-07  -1.266730272404e-17  -1.498491214776e-03   1.330382216836e-17   6.424415668038e-18  -1.812096135614e-17   2.997066442331e-17  -5.888194625368e-16  -5.389143828223e-18   1.430415481870e-17  -2.365066502281e-04  -6.240167810056e-17  -7.399854441552e-17  -2.419938899706e-16   1.499477953175e-16  -2.682122016607e-18  -8.984550910768e-18  -2.366392976683e-04
  -5.422913261111e-04  -8.472916486623e-04  -6.109690903232e-03   3.353439033584e-07   6.402976372815e-18   1.975718255878e-03  -9.215157042628e-03   6.075891779791e-07  -1.402408446742e-17  -2.831842311261e-03  -5.187733801860e-03   7.970556444324e-07   2.944332459847e-17  -2.758814166864e-03   1.452682649040e-04  -3.633077998856e-08  -2.413428625305e-17   2.422817601340e-08   2.843091664202e-19  -3.580144948025e-04   6.452602980952e-20   6.755788103928e-04  -1.499672036012e-03  -2.556873627563e-03   4.208700812613e-03   1.939760433383e-06   1.613250548982e-18   7.446450345224e-03   6.699860150776e-03   3.297514422172e-06   1.543718622585e-17   3.133348218149e-03   2.229887653771e-03   1.479779605591e-06  -2.730215313852e-17   1.009917898644e-03   1.106398865260e-05   1.780388331720e-07   4.219975040422e-17   4.913433701080e-07   1.560816550624e-17  -4.075027878056e-04  -1.024635750885e-17   1.114278150973e-03  -2.844245137317e-04  -5.394711300581e-04  -5.435731265560e-04  -2.241124160901e-04   1.669361658321e-04  -1.536049476690e-06  -2.572909324358e-17  -2.846453410199e-04  -5.398409248140e-04  -5.434518525900e-04  -2.239094992455e-04   1.670173953753e-04   1.767677548969e-06   1.234319657717e-17
   1.634659028880e-03   2.644497364412e-03   1.202020556733e-02  -9.305985543860e-07  -7.448429884451e-16  -6.561648804437e-03   1.840494434458e-02  -1.591328113972e-06   1.662837055884e-15   4.509485408710e-03   9.280066802690e-03  -2.654767177373e-06  -2.605290824539e-15   6.160636555280e-03  -1.116198909212e-03  -1.822562742396e-08   2.871437262750e-15  -3.119652046903e-07  -7.953557594715e-17   7.710067215956e-04   1.953992761795e-16  -1.499672036012e-03   3.288711152184e-01   2.817837995471e-01   3.318385816275e-04   4.492829523241e-06  -3.451350991549e-16  -4.839022963848e-02  -1.569543451352e-04   1.253711941883e-06   1.230477082570e-15  -3.029936512799e-02   3.086175857649e-03  -1.843301162117e-06  -4.161788465136e-16  -8.234043892010e-04  -2.957780715725e-04  -7.612390273277e-07  -1.944915147908e-15  -7.085933044270e-07   1.080773139345e-17   1.661231316782e-03   2.417935585395e-16  -1.213958089242e-03  -9.523315908492e-03  -1.378484656967e-02   4.105988202881e-04  -6.041888868862e-04  -1.059019287331e-03   1.974812083717e-03  -1.053224375100e-17  -9.531253948564e-03  -1.379147349300e-02   4.112974109344e-04  -6.050012452235e-04  -1.057497701398e-03  -1.977252844683e-03  -1.708030840552e-16
   2.403193201537e-03   3.891804128188e-03   2.005496396296e-02  -1.535964567746e-06  -6.581113672142e-16  -9.471898207213e-03   3.072647687518e-02  -2.621216947966e-06   1.405163709770e-15   8.998921055043e-03   1.530277551180e-02  -4.416567137569e-06  -2.403079409535e-15   1.000053599628e-02  -1.743013325077e-03   1.441929102121e-07   2.645303495776e-15  -5.035350152888e-07  -7.508840400846e-17   1.278491586897e-03   1.799602608508e-16  -2.556873627563e-03   2.817837995471e-01   2.489623798358e-01   7.090144166587e-04   6.767690306898e-06  -2.695945157389e-16  -8.188903233879e-02   3.684255590579e-05   2.240207595466e-06   1.013855449184e-15  -5.023753679528e-02   5.104955206841e-03  -3.472495281810e-06  -2.690325127823e-16  -1.297160836314e-03  -4.390607453611e-04  -1.430750883434e-06  -1.969026029579e-15  -1.389801420350e-06  -7.764030194905e-17   2.937736562156e-03   3.247781050345e-16  -2.033436538172e-03  -1.605375772464e-02  -2.300007953835e-02   5.836320875067e-04  -9.770184087961e-04  -1.779136630358e-03   3.307324771534e-03   1.147056620834e-16  -1.606656142512e-02  -2.300916899246e-02   5.845877008680e-04  -9.784407160615e-04  -1.776307101861e-03  -3.311087869862e-03  -1.945096225043e-16
  -6.266523706982e-03  -1.041145598848e-02  -3.877975845385e-02  -1.140541400398e-05   3.238617401334e-17   2.820691783583e-02  -5.817441189306e-02  -1.727082124303e-05  -4.133229909866e-17  -3.390037744501e-03  -3.387291613289e-02  -1.186422745244e-05  -5.438615308863e-17  -1.757071235399e-02   2.985039842835e-05   1.421791558238e-06   1.791720955668e-16   1.568520294954e-06  -1.088872169313e-17  -2.354520734927e-03   2.357418467052e-17   4.208700812613e-03   3.318385816275e-04   7.090144166587e-04   4.121722481511e-02   7.735784476270e-06   7.183050542322e-17   9.486785499566e-04   6.431036549644e-02   8.939715965948e-06   1.496713500569e-16  -1.424819102115e-02   2.442777854222e-02  -1.952476468390e-06  -6.841142173446e-17   9.301533059286e-03   4.112403235159e-05  -3.721316332292e-06  -2.075203361364e-16   3.078645650903e-06  -1.257663598164e-17  -1.369645594551e-03   1.364396811976e-16   9.258373536135e-03  -1.641573725037e-02  -2.453743063271e-02  -4.777177740136e-03  -3.018621905910e-03   1.023403737654e-04   2.794490357752e-03  -1.248451671755e-17  -1.640905060112e-02  -2.451700789693e-02  -4.772024478711e-03  -3.024225711281e-03   1.074000649245e-04  -2.792458956516e-03   1.826051951872e-17
  -2.154186360047e-06  -3.590560790307e-06  -1.419597893108e-05   6.235814343569e-03  -2.155543531049e-17   9.769493691852e-06  -2.080586695620e-05   1.037869338626e-02   4.884707665325e-17  -6.516197689464e-08  -1.243622403871e-05   4.562815837747e-04  -1.614916162430e-16  -8.837701726824e-06   2.773693618461e-06  -7.618130899995e-03  -1.299559578063e-16  -2.710357287379e-03  -1.762780178787e-17  -5.784395837711e-07   4.111029084026e-17   1.939760433383e-06   4.492829523241e-06   6.767690306898e-06   7.735784476270e-06   3.953052004355e-02  -1.331007780362e-17  -1.482399971086e-05   9.416540750554e-06   6.162762226907e-02  -4.036344257874e-16   1.487996539825e-05  -3.060051477890e-08   3.117335384094e-02   8.960024463718e-16   7.898357269048e-06  -1.662597882280e-06   2.160089400192e-03  -4.056396954578e-16  -5.695676599361e-03  -1.850310151556e-17   6.667872908521e-07   5.670417611382e-17   1.159614545875e-05   2.821261580231e-02   4.754563523279e-02   1.617542436196e-02   4.369538170560e-04   2.267061205879e-03  -3.019349027548e-03   1.407334025740e-16  -2.823992581384e-02  -4.756574675789e-02  -1.617445992900e-02  -4.395748073502e-04  -2.262433426146e-03  -3.024019459980e-03  -1.601751854083e-16
  -1.500073826625e-16  -1.746974655752e-16  -1.790071822551e-17  -7.708936570148e-17   3.113271701808e-02   1.089966907741e-16   2.666055208641e-19  -1.006664341129e-16   4.930140163275e-02   6.207673866611e-16  -5.285797767915e-16  -2.134779579324e-16   4.315031677527e-02   3.506186152030e-15  -1.159460475562e-15   2.481002461733e-16   3.637477217055e-03   2.245986676760e-17  -6.014162315292e-07  -1.132069354794e-17  -3.981296148703e-03   1.613250548982e-18  -3.451350991549e-16  -2.695945157389e-16   7.183050542322e-17  -1.331007780362e-17   1.975018905302e-02   1.061281210144e-16   1.116174197518e-16  -1.806928698638e-16   3.441783265722e-02  -3.101951257309e-15  -1.186895460087e-15   3.644782422766e-16   2.385563267236e-02  -4.058287990832e-15   2.188733219049e-16  -1.197497866332e-15   1.375326415311e-03   1.477743987304e-17   5.985590851744e-07   7.793931000784e-17   7.433630576757e-03  -4.076345679418e-17  -4.587015946709e-17   1.306723332001e-16  -2.526921515252e-19   2.953370187710e-15   2.704347542727e-17  -4.818313729757e-17   1.173248831495e-03  -4.078698155482e-17  -2.033165611337e-16   1.015637728785e-15  -8.145722400995e-16  -1.028929460914e-17  -2.066804113057e-18   1.173906861424e-03
  -4.183432047248e-03  -6.634053354353e-03  -5.918356769398e-02   5.739518501219e-06   5.227499503759e-16   1.412617164965e-02  -9.051879743251e-02   9.574495271937e-06   3.431216897834e-16  -3.774780309852e-02  -4.558565320558e-02   1.452191019135e-05   1.709054042599e-15  -2.815603726479e-02   4.393109348659e-03  -6.068392380602e-07  -1.346616298864e-15   1.225286916035e-06   4.708008486946e-17  -3.633095647095e-03  -1.317520155140e-16   7.446450345224e-03  -4.839022963848e-02  -8.188903233879e-02   9.486785499566e-04  -1.482399971086e-05   1.061281210144e-16   2.249001561711e-01   4.481288373140e-03  -4.344803540084e-06   4.010679129173e-16   1.352120666386e-01  -1.094358934823e-02   1.120191538645e-05  -2.051424504067e-16   3.663973740311e-03   8.854419135385e-04   5.016776513995e-06   1.921495966578e-15   5.025190892064e-06   4.752128491539e-16  -8.452961051405e-03  -5.953812549607e-16   6.095009739835e-03   4.252111531189e-02   6.017602228339e-02  -1.715930866799e-03   2.358075201455e-03   4.844838454484e-03  -8.755400270080e-03  -6.693570517958e-16   4.255472199184e-02   6.019693977757e-02  -1.715879948364e-03   2.363718537382e-03   4.836784233970e-03   8.764710406503e-03   3.051316322729e-16
  -7.956593672256e-03  -1.329966432487e-02  -6.281591947522e-02  -1.314245260464e-05   5.747131405702e-17   3.579378834177e-02  -9.420924334506e-02  -1.979183507654e-05  -5.500214434327e-17  -1.362901308340e-02  -5.510263198916e-02  -1.116680740145e-05  -7.115978616321e-17  -2.814543137213e-02   9.697604790108e-05   3.409367656264e-06   2.813884453966e-16   2.332134944226e-06  -1.739573474480e-17  -3.725568844572e-03   3.632004439880e-17   6.699860150776e-03  -1.569543451352e-04   3.684255590579e-05   6.431036549644e-02   9.416540750554e-06   1.116174197518e-16   4.481288373140e-03   1.006012985584e-01   9.953114557306e-06   2.537072035353e-16  -1.943127924791e-02   3.865754177215e-02  -4.710831188786e-06  -1.282865816248e-16   1.422991411854e-02  -6.182136956023e-05  -4.360030359687e-06  -2.905953416672e-16   6.422431064377e-06  -4.785474647273e-18  -2.201883058195e-03   1.964005145099e-16   1.437847374516e-02  -2.511337245377e-02  -3.760821036709e-02  -7.500361821996e-03  -4.647262046397e-03   2.124939472284e-04   4.251948624674e-03  -4.141021158750e-17  -2.509731207815e-02  -3.756617037890e-02  -7.485770945172e-03  -4.652720848205e-03   2.206670428448e-04  -4.248414318814e-03   3.920282389771e-17
  -3.121470874989e-06  -5.226439565604e-06  -2.396148159526e-05   7.803813836125e-03  -2.890435424088e-16   1.406032111214e-05  -3.533073001798e-05   1.322143725195e-02  -3.262774144963e-16  -3.355394229744e-06  -2.024592888937e-05  -2.018507833821e-03  -6.119966088569e-16  -1.513070667049e-05   4.734624458207e-06  -1.217540314589e-02  -2.314841645284e-16  -4.115128963163e-03  -2.773003281835e-17  -1.022726505121e-06   9.727838574601e-17   3.297514422172e-06   1.253711941883e-06   2.240207595466e-06   8.939715965948e-06   6.162762226907e-02  -1.806928698638e-16  -4.344803540084e-06   9.953114557306e-06   9.612018095641e-02  -9.238368479121e-16   3.636503112824e-05  -2.663016101647e-06   4.860668706106e-02   1.230615983939e-15   1.201376677175e-05  -2.179310012774e-06   2.912397443838e-03  -6.714140128673e-16  -9.332733761990e-03  -3.486745046054e-17   3.715377317439e-07   3.681882354753e-17   1.803961430425e-05   4.428103406718e-02   7.482741242566e-02   2.602723601419e-02   1.132916131504e-03   3.544306319972e-03  -4.683933619823e-03   2.226606443714e-16  -4.431368511476e-02  -7.484472330192e-02  -2.602498051580e-02  -1.136140186529e-03  -3.536422445765e-03  -4.689356702102e-03  -2.669557441779e-16
   3.559526990106e-16   3.388292489437e-16  -2.383468589908e-16   5.058251841638e-16   5.425369051487e-02  -4.883795456561e-16  -3.054858389724e-16   8.049716235326e-16   8.591550119379e-02   3.785085193357e-16  -1.120653320325e-15   6.202861530544e-16   7.519626155934e-02   6.046574128874e-15  -2.018100044280e-15   6.147672238914e-16   6.338880190713e-03   2.495852068075e-17  -1.048063041753e-06  -2.494726059678e-17  -6.938039136590e-03   1.543718622585e-17   1.230477082570e-15   1.013855449184e-15   1.496713500569e-16  -4.036344257874e-16   3.441783265722e-02   4.010679129173e-16   2.537072035353e-16  -9.238368479121e-16   5.997852484553e-02  -5.209529230571e-15  -2.005264847399e-15   3.323338182592e-16   4.157221842511e-02  -7.091919873380e-15   3.700862447325e-16  -1.941405985691e-15   2.396724116622e-03   2.460566852066e-16   1.043084011686e-06   1.300154362757e-16   1.295427869270e-02  -7.202452080378e-17  -4.338494025681e-16  -4.545293611992e-16  -4.573460330548e-16   4.980583575609e-15   2.545346648551e-17  -6.943930846025e-17   2.044571919756e-03   3.322456636752e-16   3.880013850746e-16   2.215517258706e-15  -1.247617101368e-15   1.103038280304e-17   2.242159783124e-17   2.045718641132e-03
   7.447636352209e-03   1.279728454848e-02  -2.864968998218e-02  -2.004005653293e-05  -4.633104323638e-15  -3.960761919093e-02  -4.382296144645e-02  -3.003078827830e-05  -7.582875408667e-15  -5.697250957017e-02  -2.277564820306e-02  -3.141476443009e-05  -5.828580384815e-15  -1.228302677425e-02   2.600503330258e-03  -1.116555804165e-05  -1.373305650575e-15   1.159660188711e-07   2.815664269360e-17  -1.361485052284e-03   5.487860056872e-16   3.133348218149e-03  -3.029936512799e-02  -5.023753679528e-02  -1.424819102115e-02   1.487996539825e-05  -3.101951257309e-15   1.352120666386e-01  -1.943127924791e-02   3.636503112824e-05  -5.209529230571e-15   9.110514606636e-02  -1.222756619659e-02   2.919185986927e-05  -3.965152405736e-15  -2.623579554211e-03  -1.038518312802e-04  -2.170143579159e-07   1.052823898757e-15  -9.303805453787e-06   3.284855511153e-16  -4.386917684613e-03  -1.625097262356e-15  -3.143717344522e-04   3.123756509333e-02   4.455450379134e-02   6.075079718523e-04   2.656631971229e-03   2.832362624901e-03  -6.241382823913e-03  -6.425511999961e-16   3.120845305270e-02   4.447442953106e-02   5.586823594930e-04   2.650196450686e-03   2.822577952400e-03   6.242957314742e-03   2.116659321108e-17
