ARMA_MAT_TXT_FN008
145 145
  -1.179991374545e+01  -8.978628711140e+00  -4.884294347902e+00  -2.427092813308e+00  -4.665056186484e-01  -6.930959326436e-01   1.207792435556e-04  -5.130621352337e-01  -5.008045043550e-01   9.991840584303e-01   1.058625209780e+00  -1.344645854041e-04  -2.707626225769e+00   3.245362019283e+00   3.417083067037e+00  -4.331236155579e-04  -4.315000292500e+00   4.225873378652e+00   4.414401308712e+00  -5.590880131258e-04  -3.396686662949e+00   2.216652976745e+00   2.307277069609e+00  -2.921401779132e-04  -3.225521910066e+00   4.313951205429e-04   1.874686826292e+00   4.094161531906e-04   1.623678223622e-01  -3.545886606012e-04  -6.611830128561e-05   1.050728773589e-02   2.351214043004e-04  -7.100075863455e-07  -1.308132666105e-01   4.535199652199e-01   4.294990823793e-03  -3.014556093867e-05  -1.120965784445e+00   2.724970585966e+00   5.025128005639e-02  -1.819297824579e-04  -1.601371053531e+00   2.332038864780e+00   5.330484134352e-02  -1.560180605959e-04  -6.379075109559e-03   7.112284693115e-07   2.349669329474e-01   5.374029455512e-05  -4.024219660618e-01  -1.782623929449e-06  -9.179196517948e-03  -3.649225754404e-01  -9.235888771282e-01   2.875702543437e-04   8.936931795863e-05  -1.202205863523e-08  -2.045354444526e-04  -6.943514251615e-02  -7.922190038209e-01  -1.235502189514e+00   8.577349968852e-03  -2.340684730385e-03   3.696455724077e-03  -2.043850157327e-04  -6.941284061648e-02  -7.921236800279e-01  -1.235446881331e+00   8.572317062819e-03  -2.339116462130e-03  -3.695607170238e-03   0.000000000000e+00   0.000000000000e+00   0.000000000000e+00  -9.667642438931e-07  -3.742950862485e-03  -2.191932314183e-01   0.000000000000e+00   0.000000000000e+00   0.000000000000e+00  -2.765567888437e-06  -4.682527478424e-07  -1.309026512257e-10  -7.249198521767e-04  -1.234318400609e-04  -3.420497554647e-08  -8.569750520042e-02  -1.474555096001e-02  -4.000504057982e-06  -1.576997338565e+00  -2.760351659730e-01  -7.222607572390e-05  -1.073008319641e+00  -2.086123432897e+00  -3.679937639457e-01  -9.476017314046e-05  -3.054283081844e-03  -1.435808426954e-07   5.311560107698e-03  -8.407781913222e-07  -8.675508046296e-03   0.000000000000e+00   1.432258044404e-09  -1.809304804716e-06   1.036384144592e-06  -9.226782515423e-11  -1.030531150065e-03  -4.468329197659e-03   2.543624876773e-03  -2.253739459444e-07  -1.696499457893e-01  -5.244851413366e-01   2.931758419404e-01  -2.588616879290e-05  -8.630439186731e-01  -1.601398728561e+00   8.877458374773e-01  -7.827762514211e-05   2.373665486929e-03   1.201878420837e-07   1.593318028259e-03  -2.105276206375e-07  -1.402743448166e-03   0.000000000000e+00  -1.635728478488e-05  -3.325107379778e-02  -3.801844764053e-01   0.000000000000e+00   0.000000000000e+00   0.000000000000e+00  -5.054633001711e-06  -1.280391172226e-02  -4.186649076148e-01  -9.759052568172e-01  -4.175698102152e-04   3.775568986429e-04   1.963856602647e-04  -5.050792065851e-06  -1.279963997961e-02  -4.186129461798e-01  -9.758604471005e-01  -4.173202627002e-04   3.773312565349e-04  -1.963224681157e-04
  -8.978628711140e+00  -1.224879027042e+01  -9.539030849611e+00  -5.574504477099e+00  -7.764215968209e-01  -1.185883310980e+00   2.102339205367e-04  -2.599305981698e+00  -2.635411556639e+00   1.242671057284e+00   1.363417591236e+00  -1.668880658602e-04  -6.321603922796e+00   3.259811816205e+00   3.560759218880e+00  -4.305955712552e-04  -8.375332791792e+00   5.246049447962e+00   5.544634963714e+00  -6.678596757674e-04  -7.291018675220e+00   3.915592009426e+00   4.008609502312e+00  -4.823519753210e-04  -1.443312437141e+00   1.948472084265e-04   9.126972944507e-01   1.828818652218e-04   6.455478734645e-02  -1.245533659349e-01  -1.306091333974e-01   4.102824980675e-01   5.261841820303e-03  -2.730722886608e-05  -1.027762856938e+00   2.050943248156e+00  -3.978102111527e-02  -1.313352746714e-04  -3.001784240113e+00   5.652960627725e+00  -7.972323924892e-02  -3.583905694691e-04  -3.801555420004e+00   5.028705407570e+00   4.689093560632e-03  -3.182095043083e-04   9.788540546160e-02  -2.724379268657e-06   8.731717037239e-01   1.876098668600e-04  -1.460957077358e+00  -7.596331658018e-03  -1.500243877416e-01  -1.164299631991e+00  -2.305955326102e+00   5.845199318315e-02   2.164531248700e-02  -2.203566758013e-06  -5.974733603994e-02  -5.139743625773e-01  -2.103787024744e+00  -2.973814329659e+00   2.613183568591e-01  -8.252862715091e-02   1.266918012028e-01  -5.972806565788e-02  -5.138734031637e-01  -2.103593901265e+00  -2.973701233854e+00   2.612407218784e-01  -8.249824576232e-02  -1.266958588823e-01  -5.867775795274e-03  -9.081461131391e-03  -1.753040741461e-02  -3.187265578361e-02  -1.810717192140e-01  -9.271369818758e-01  -1.231564820490e-02  -2.135689852529e-03  -5.819111096027e-07  -1.529681517335e-02  -2.767173738281e-03  -7.190302886828e-07  -1.514255035267e-01  -2.740637577073e-02  -7.103765721979e-06  -7.683136841525e-01  -1.412188381646e-01  -3.558614635185e-05  -3.652355681957e+00  -6.798654472812e-01  -1.622461586883e-04  -2.616934937900e+00  -4.583400342041e+00  -8.628788354922e-01  -1.977174542006e-04  -9.986467979013e-02  -4.646050951039e-06   1.638206397088e-01  -2.551683196194e-05  -2.635047711640e-01  -1.979464088864e-03  -1.799428716431e-03  -1.223665015636e-02   7.342395672385e-03  -6.245738541522e-07  -6.434668948854e-02  -1.544010150729e-01   9.418094394112e-02  -7.799657168860e-06  -6.823333793583e-01  -1.611258129770e+00   9.310069018887e-01  -7.773312699155e-05  -2.160907697835e+00  -3.659287327179e+00   2.014845020011e+00  -1.693315760417e-04   1.218482594515e-01   6.171718276965e-06   8.069562057829e-02  -1.021764379051e-05  -6.236164736992e-02  -1.969413900847e-05  -2.860777069958e-03  -1.588192803226e-01  -1.006554294579e+00  -3.608715377350e-04   1.794375420284e-04  -1.202386764116e-08  -1.201545606122e-02  -1.763270531989e-01  -1.249202695276e+00  -2.408613322040e+00  -5.466683514797e-02   5.245023843965e-02   2.836535231177e-02  -1.201144839570e-02  -1.762902063002e-01  -1.249080796966e+00  -2.408517503096e+00  -5.465045889313e-02   5.243463970332e-02  -2.836417881210e-02
  -4.884294347902e+00  -9.539030849611e+00  -1.123379257182e+01  -8.773117590622e+00  -5.287410845052e-01  -8.339135925942e-01   1.506708557450e-04  -2.294189237573e+00  -2.324330661759e+00   3.748242639676e-01   4.542156069576e-01  -5.019598173420e-05  -5.762875012489e+00   1.139094801755e+00   1.415673589019e+00  -1.492889946754e-04  -8.714572191742e+00   2.787403795314e+00   3.234130320094e+00  -3.336476494971e-04  -9.633157866067e+00   3.818796435832e+00   3.816344909478e+00  -3.981755204521e-04  -1.879710438286e-01   3.034303110056e-05   2.140771616832e-01   3.202014627008e-05  -4.246177534718e-02  -8.120216645129e-01  -8.849938134561e-01   7.589847100744e-01  -7.875760297589e-03  -4.853750657923e-05  -2.838380151600e+00   2.592857788788e+00  -1.051041265135e-01  -1.591098948473e-04  -5.077399501343e+00   6.006345258456e+00  -2.137266762165e-01  -3.593003367760e-04  -6.169603098937e+00   6.736236854148e+00  -7.301040400917e-02  -3.909575598772e-04   2.135405469455e-01  -6.441402691676e-06   6.220645419565e-01   1.185941191597e-04  -9.947294517970e-01  -2.786541834064e-01  -9.896331499123e-01  -2.625433718852e+00  -4.090024518604e+00   5.441447150032e-01   2.251618614129e-01  -1.754625155000e-05  -6.197201196129e-01  -1.811425902615e+00  -3.865530948228e+00  -5.045434116564e+00   8.008787341748e-01  -3.253541464739e-01   4.782222767113e-01  -6.196444320242e-01  -1.811256908129e+00  -3.865308666500e+00  -5.045289584194e+00   8.007727599991e-01  -3.252898546107e-01  -4.782892660563e-01  -3.070823863118e-01  -4.558628951484e-01  -7.359313823278e-01  -9.977259373333e-01  -1.814871300239e+00  -3.110130581388e+00  -1.655128584904e-01  -3.076269732837e-02  -7.768900500117e-06  -9.239025348869e-02  -2.064437146096e-02  -4.242066872186e-06  -9.039995967602e-01  -1.890456709153e-01  -4.180394769420e-05  -2.123607861022e+00  -4.737256059154e-01  -9.657477284439e-05  -5.215205399521e+00  -1.157428678962e+00  -2.255719409923e-04  -4.971196491913e+00  -6.449509260422e+00  -1.381017091415e+00  -2.664923886054e-04  -2.187771593483e-01  -9.744178515145e-06   3.206567920879e-01  -4.633977457755e-05  -4.662938792020e-01  -2.034815004251e-01  -2.212372970281e-01  -2.373233990842e-01   1.565162317527e-01  -1.200746096971e-05  -9.098436076234e-01  -9.071404342307e-01   6.395184319281e-01  -4.573852183573e-05  -2.303791150857e+00  -3.054376518506e+00   2.097979060642e+00  -1.470582051911e-04  -4.222556262450e+00  -5.435123885669e+00   3.277562801240e+00  -2.434998457964e-04   4.413027386856e-01   2.245003514164e-05   3.044309330250e-01  -3.341643624233e-05  -1.317108789406e-01  -3.122984257788e-02  -1.711897448272e-01  -8.294019413466e-01  -2.266751230424e+00  -8.867062941182e-02   4.481922370169e-02  -2.654118022221e-06  -3.696937958778e-01  -1.168012842165e+00  -2.955446528273e+00  -4.487275748371e+00  -3.700354707077e-01   4.307602070107e-01   2.704152713338e-01  -3.696474813668e-01  -1.167898304342e+00  -2.955266669381e+00  -4.487140629483e+00  -3.699879932953e-01   4.307081529994e-01  -2.704367579997e-01
  -2.427092813308e+00  -5.574504477099e+00  -8.773117590622e+00  -9.411412748755e+00  -2.816435782743e-01  -4.513404721068e-01   8.229108388867e-05  -1.315810140663e+00  -1.331182867304e+00   7.714478351988e-02   1.179420750950e-01  -1.025631464275e-05  -3.487581052115e+00   2.520523301877e-01   4.236211417079e-01  -3.258457782679e-05  -5.986963001681e+00   8.528981970045e-01   1.230827648409e+00  -8.799726075197e-05  -8.336026057357e+00   2.256748156317e+00   2.112374224092e+00  -1.636711129128e-04  -6.914978258132e-03   4.911332136886e-06   7.580686391902e-02   8.392934545046e-06  -4.545107088659e-02  -8.966060170596e-01  -9.789764337311e-01   3.607810725117e-01  -2.260879117702e-02  -2.102357220343e-05  -2.955927589115e+00   1.306711462678e+00  -1.195477474240e-01  -7.225925551988e-05  -5.090630295272e+00   3.442013217061e+00  -2.431246895444e-01  -1.843458356711e-04  -6.848156623131e+00   5.519809719961e+00  -1.490029611008e-01  -2.792320993180e-04   1.630119676922e-01  -5.221636116925e-06   2.195255979023e-01   3.238034607644e-05  -3.140860479908e-01  -6.872179894727e-01  -1.803765281055e+00  -3.566795090959e+00  -5.150688960229e+00   6.083688602748e-01   2.846117970654e-01  -1.440870870531e-05  -9.395955130748e-01  -2.363973910015e+00  -4.432033586848e+00  -6.008160935263e+00   5.331818932352e-01  -2.998324955132e-01   4.176401253743e-01  -9.395523775026e-01  -2.363881080122e+00  -4.431903247645e+00  -6.008052512639e+00   5.331453197789e-01  -2.997938616696e-01  -4.176990454016e-01  -5.948518870632e-01  -8.808983826661e-01  -1.406751032177e+00  -1.871559356730e+00  -3.104267569660e+00  -4.602361387003e+00  -1.138088743241e-01  -2.484661432544e-02  -5.249542560889e-06  -6.383173306715e-02  -2.029847567520e-02  -2.780180468990e-06  -6.193101656971e-01  -1.729247247408e-01  -2.756238209034e-05  -1.437746047886e+00  -4.570074038178e-01  -6.206211896257e-05  -3.691971383763e+00  -1.142061315833e+00  -1.494865323339e-04  -6.521304417536e+00  -5.301899185184e+00  -1.445309893021e+00  -2.038387538229e-04  -8.489768529670e-02  -3.177790591035e-06   1.182161842175e-01  -1.235872751129e-05  -9.673076163140e-02  -5.642649712063e-01  -6.181354259070e-01  -2.358606654764e-01   1.891374091706e-01  -1.168015405845e-05  -2.010819872814e+00  -8.267477697506e-01   7.355217056933e-01  -4.060581769376e-05  -3.827445038464e+00  -2.488550691085e+00   2.172186346284e+00  -1.163321135717e-04  -5.830046492434e+00  -4.832731321084e+00   3.353985437827e+00  -2.066354741189e-04   2.039404709411e-01   1.093208488990e-05   1.854042203341e-01  -1.288858702820e-05   5.489233401939e-02  -3.205045589571e-01  -9.247219926297e-01  -2.163835392138e+00  -3.791884025162e+00  -3.541651322415e-01   1.883730712464e-01  -9.128983188364e-06  -8.444941363408e-01  -2.155867660165e+00  -4.248417804734e+00  -5.992599806388e+00  -2.589702328115e-01   4.613329304874e-01   3.559125012700e-01  -8.444544388305e-01  -2.155779640367e+00  -4.248286681311e+00  -5.992485135918e+00  -2.589535996596e-01   4.613098800551e-01  -3.559411821447e-01
  -4.665056186484e-01  -7.764215968209e-01  -5.287410845052e-01  -2.816435782743e-01  -1.140458955316e+01  -6.169866512417e-01   7.847365207911e-05  -2.594417415182e+00  -2.646565289129e+00   1.096846895808e+00   2.606612799520e+00  -3.274930491442e-04  -5.251505223097e+00   9.779973356447e-01   4.754223772250e+00  -5.928380345264e-04  -3.813706921890e+00  -1.671426396572e+00   3.090823606855e+00  -3.843462323069e-04  -1.481637712865e+00  -1.922249943487e+00   7.786916840209e-01  -9.714595408199e-05  -1.143455377699e+00   5.082705156046e-04   8.034106728379e-01   1.461545325211e-04   2.713444345465e+00  -1.792104957365e-02  -1.333178424351e-02   2.046195262141e-01   4.540468762857e-03  -1.491374420195e-05  -7.062139275074e-01   1.834772017407e+00  -8.142268489738e-03  -1.365696123566e-04  -1.812100242289e+00   2.934361950569e+00  -3.849501592816e-02  -2.616860718652e-04  -9.891767957133e-01   3.671403199842e-01  -3.930414143965e-02  -8.515554322642e-05   2.687210376092e-02   9.772285819572e-07   9.754251208456e-01   2.471095720807e-04  -1.652727092656e+00  -2.667550022086e-04  -6.515518390758e-02  -6.462697355783e-01  -6.572424034680e-01   9.110412945770e-03   3.162575599978e-03  -3.943717212625e-07  -8.243440198844e-03  -2.963611947299e-01  -1.029101970924e+00  -6.939104633140e-01   1.043133551878e-01  -3.231335949240e-02   5.062284835154e-02  -8.238621016792e-03  -2.962755276143e-01  -1.028981112225e+00  -6.938775274974e-01   1.042618399790e-01  -3.229489281919e-02  -5.061570462433e-02   9.635322697426e-06   1.840481225670e-05   8.410759177434e-05   5.387774132902e-04   5.076511193023e-02   5.553454412224e-01   1.307088271049e-04   2.302696532167e-05   6.415708627064e-09   9.898112163451e-04   1.771409955796e-04   4.885926711204e-08   2.695317557036e-02   4.932564133949e-03   1.345154099008e-06   4.625328252512e-01   8.902857694234e-02   2.383254641736e-05   1.552651654895e+00   3.584387844117e-01   9.758407821626e-05   6.308821811337e-01   4.500595651289e-01   1.798421653227e-01   5.665799730461e-05   4.691631026455e-02   2.353155498384e-06  -7.522386549741e-02   1.269615343613e-05   1.214476582693e-01   1.143644567524e-05   1.680625749892e-06   3.561429007127e-04  -2.173118020203e-04   1.911794682697e-08   1.364303550291e-02   4.617235754825e-02  -2.917252383156e-02   2.541993647783e-06   3.384969373401e-01   7.644837129262e-01  -5.535326431795e-01   4.827305580679e-05   4.361145532063e-01   2.087731165380e-01  -4.645030352053e-01   4.121033983574e-05  -3.664995533423e-02  -1.999754905316e-06  -2.351354321432e-02   3.201156677384e-06   1.766787905557e-02   0.000000000000e+00   2.988832069531e-04   7.333814953298e-02   2.402354220616e-01   0.000000000000e+00   0.000000000000e+00   0.000000000000e+00   4.137514380866e-04   5.853219740157e-02   4.154286708907e-01   2.723107932109e-01   7.627731554409e-03  -7.830593547751e-03  -4.093709473309e-03   4.135044552146e-04   5.851473634299e-02   4.153764690656e-01   2.722949345439e-01   7.623962971242e-03  -7.826734049323e-03   4.092804496760e-03
  -6.930959326436e-01  -1.185883310980e+00  -8.339135925942e-01  -4.513404721068e-01  -6.169866512417e-01  -1.113924429773e+01   8.308710842209e-05  -2.726012900698e+00  -2.781715788365e+00   2.557070122448e+00   1.397582656512e+00  -3.435621613215e-04  -5.496663283303e+00   4.689894528534e+00   1.540339333885e+00  -6.223395990921e-04  -4.082027009972e+00   3.180381969430e+00  -1.123458476277e+00  -4.166975271968e-04  -1.705762570252e+00   8.860184980599e-01  -1.622610287326e+00  -1.161179160183e-04  -1.528382976806e+00   2.039507822452e-04   8.328208956934e-01   5.027339184764e-04  -2.414711698711e+00  -7.804321473553e-04  -5.254768976277e-04   1.148820268727e-02  -1.705677324766e-02  -7.378851542930e-07  -7.503458574059e-02   2.341521955951e-01  -2.828931922825e-01  -1.329205828942e-05  -3.574093757031e-01   7.631238300236e-01  -1.188527503437e+00  -4.343830066537e-05  -3.736685629277e-01   4.742440675071e-01  -9.983665442978e-01  -2.732803693867e-05   5.035226566751e-01  -3.217187249763e-05   1.293662968680e-01   2.492886370256e-05  -2.145020430007e-01  -8.348320561851e-05  -2.489854616505e-02  -2.904863803155e-01  -3.731942688955e-01   3.172853494468e-03   5.184700103808e-04  -1.299594685906e-07   2.024636998852e-03   5.392643670340e-02   4.730666350443e-02  -1.244950832529e-01  -2.677253363217e-02  -2.638355723748e-03  -1.161721862745e-02   2.023256196749e-03   5.390246264784e-02   4.727090277825e-02  -1.245071393630e-01  -2.675658164316e-02  -2.638703798928e-03   1.161442220515e-02   1.616157509558e-06   3.086744830116e-06   1.408957820510e-05   8.988040310829e-05   8.135052785177e-03   7.308296903902e-02   2.270151739257e-05  -9.672339896924e-07   1.074667312336e-09   1.722880509868e-04  -1.435225026365e-05   8.145160105776e-09   4.688857553731e-03  -7.931564016957e-04   2.210242197825e-07   7.876970712385e-02  -3.447298764920e-02   3.700051266076e-06   1.710135458305e-01  -5.027652729476e-01   1.006509017226e-05  -4.100212612397e-02  -1.167035871702e-01  -7.131022316211e-01  -4.244273813109e-07  -1.061707569625e-02  -4.988384326370e-07  -1.206740851302e-02   2.203544447483e-06   2.597659787140e-02  -6.452513616930e-06  -9.551568330904e-07  -2.109814153497e-04   1.033378444880e-04  -1.076308573641e-08  -7.589789156470e-03  -2.814086562946e-02   1.200599326131e-02  -1.416481899432e-06  -2.097472135796e-01  -6.144204791198e-01   1.456952065744e-01  -2.925054096851e-05  -4.273629827364e-01  -8.087924607116e-01  -1.116492235087e-01  -3.458591121510e-05   1.706809688472e-02   8.628183031593e-07   1.305468965495e-02  -1.926903772509e-06  -1.555279352974e-02   0.000000000000e+00  -1.447543844806e-04  -3.972875502961e-02  -1.933878413676e-01   0.000000000000e+00   0.000000000000e+00   0.000000000000e+00  -3.690357355929e-04  -5.288853519267e-02  -4.587999871523e-01  -5.060002978231e-01  -7.612195776450e-03   6.037753286834e-03   3.633345317257e-03  -3.688153928583e-04  -5.287282969078e-02  -4.587467266564e-01  -5.059787577860e-01  -7.608440571599e-03   6.034770411424e-03  -3.632543028027e-03
   1.207792435556e-04   2.102339205367e-04   1.506708557450e-04   8.229108388867e-05   7.847365207911e-05   8.308710842209e-05  -1.047632251151e+01   3.509664688740e-04   3.579459183910e-04  -3.299444418141e-04  -3.528406535806e-04  -1.330145597929e+00   7.184408457139e-04  -6.124784160044e-04  -6.516975285713e-04  -3.415117768294e+00   5.551503631213e-04  -4.342495537766e-04  -4.570751313957e-04  -4.431111457958e+00   2.498601167173e-04  -1.331915151134e-04  -1.395166714950e-04  -2.536773734957e+00   5.196717485841e-04   2.615842501501e+00  -6.842905620884e-04   2.461041649004e+00  -2.836317844174e-05   1.240518078099e-06   9.184712911770e-07  -1.546669616798e-05  -2.810923877163e-07  -1.678165498743e-02   5.239534789603e-05  -1.558129081599e-04   2.639643949632e-06  -2.501162347480e-01   1.531531998295e-04  -3.410339366062e-04   8.661918901668e-06  -1.081719277247e+00   1.095963381104e-04  -1.487314274638e-04   5.554551881481e-06  -9.347229535916e-01  -5.351524382942e-06   5.309708456106e-03  -1.252567301208e-04   4.426013145424e-01   1.543516198639e-04   1.234476747487e-08   3.553098250142e-06   4.250008478096e-05   5.851784031420e-05  -4.606873503394e-07  -1.510017989434e-07  -4.799813165788e-04  -3.387822217047e-03  -1.152992590102e-01  -3.644118359006e-01  -2.112586338677e-01   4.650772443707e-02  -1.289855300289e-02   1.048949876609e-02   3.387110791112e-03   1.153135810380e-01   3.645598932880e-01   2.114141699777e-01  -4.650261583657e-02   1.289617274682e-02   1.049915666294e-02   4.567036068001e-10   8.723765325558e-10   3.987117826886e-09   2.555485500807e-08   2.443053987958e-06   3.003286547606e-05   6.424883389095e-09   1.091632091405e-09  -4.820675329917e-06   4.903067526386e-08   8.403935116591e-09  -4.375935903836e-05   1.359714344581e-06   2.350178841978e-07  -1.594153887917e-03   2.515627551781e-05   4.408344750438e-06  -4.778482969182e-02   1.365775196209e-04   2.548937145984e-05  -5.197798597961e-01   6.296693822504e-05   1.234388157823e-04   2.483293922810e-05  -6.662770976739e-01   2.404783122519e-06  -3.224415739851e-03  -5.131141475754e-06  -1.862858949883e-02   6.712311720657e-06   5.843729343530e-10   8.583997710368e-11   1.916160957765e-08  -1.111126685139e-08  -1.859906242942e-05   7.114243790265e-07   2.634373202941e-06  -1.521670230980e-06  -4.125220089360e-03   2.156918412058e-05   6.322645122144e-05  -3.463650425670e-05  -1.894506456575e-01   5.288328282112e-05   9.989011516427e-05  -5.033959037765e-05  -5.153134510886e-01  -2.042764800922e-06   2.805063948849e-03  -1.648214190994e-06  -4.857512519802e-03   1.171938805757e-06   0.000000000000e+00   1.154050868902e-08   3.604983611982e-06   2.184723689809e-05   0.000000000000e+00   0.000000000000e+00   0.000000000000e+00  -1.897235072516e-04  -2.650579589537e-02  -2.017169175514e-01  -1.687582965583e-01  -3.900548600776e-03   3.561156605872e-03   9.518463834013e-04   1.896643026299e-04   2.650607087165e-02   2.017749993839e-01   1.688633569962e-01   3.899750532455e-03  -3.560430549070e-03   9.524170290293e-04
  -5.130621352337e-01  -2.599305981698e+00  -2.294189237573e+00  -1.315810140663e+00  -2.594417415182e+00  -2.726012900698e+00   3.509664688740e-04  -3.747709592417e+01  -3.905996349141e+01  -4.536575051186e-03   7.398906646363e-02   8.490232318887e-07  -1.411342442159e+01  -2.066221476789e-03   3.369880342583e-02   3.866943852408e-07  -6.148598576380e+00  -6.014779350757e-04   9.809434873918e-03   1.125659974155e-07  -2.778669059242e+00  -1.669963294175e-04   2.723453893569e-03   3.125298722651e-08   1.417062600987e-03   2.364204695044e-07   6.455950126944e-03   6.920983948960e-07  -5.314935152234e-03  -3.210803705801e-04   9.381269350284e-06   1.651424819844e-02  -8.055056574976e-03  -5.657662720174e-07  -3.712706864439e-01   1.155341198385e+00  -5.636502915736e-01  -3.958684306087e-05  -1.483935883769e+00   2.668140948336e+00  -1.301621972502e+00  -9.142336723406e-05  -1.253618105366e+00   1.254640919356e+00  -6.120271993327e-01  -4.298993821780e-05   1.073340770981e+00  -3.677533933716e-05   7.862909220089e-01   7.538514621296e-05  -8.381974997075e-01  -1.808989769537e-05  -7.768992607572e-02  -7.306002507302e-01  -8.777316520470e-01   4.455950202395e-03   3.820036585993e-04  -6.458597041464e-08  -7.592549460295e-06  -5.690521691293e-02  -6.598993341911e-01  -8.466910390899e-01   1.663328331167e-03  -1.436082796336e-03   1.029926487670e-03  -7.592101653557e-06  -5.690401153662e-02  -6.598947633484e-01  -8.466889638207e-01   1.663223782062e-03  -1.435954218103e-03  -1.030036529502e-03   0.000000000000e+00   0.000000000000e+00   0.000000000000e+00   0.000000000000e+00   0.000000000000e+00  -5.035126099055e-03   0.000000000000e+00   0.000000000000e+00   0.000000000000e+00   0.000000000000e+00   0.000000000000e+00   0.000000000000e+00   0.000000000000e+00   0.000000000000e+00   0.000000000000e+00  -5.647285822603e-05  -2.014786552638e-05  -4.685251715452e-10  -2.010105576177e-01  -7.173167096808e-02  -1.662732599464e-06  -2.898254901684e-01  -7.396365175680e-01  -2.639395248065e-01  -6.115952147472e-06   0.000000000000e+00   0.000000000000e+00   0.000000000000e+00   0.000000000000e+00   0.000000000000e+00   0.000000000000e+00   0.000000000000e+00   0.000000000000e+00   0.000000000000e+00   0.000000000000e+00  -1.316648871257e-06  -9.533969889043e-06   2.104486189860e-06  -1.056423791176e-10  -2.555192256542e-02  -1.112136474477e-01   2.452981331981e-02  -1.230842108003e-06  -3.624588999939e-01  -8.792686905271e-01   1.939175256859e-01  -9.727973948547e-06   0.000000000000e+00   0.000000000000e+00   0.000000000000e+00   0.000000000000e+00   0.000000000000e+00   0.000000000000e+00   0.000000000000e+00  -4.844130614508e-03  -1.486628105466e-01   0.000000000000e+00   0.000000000000e+00   0.000000000000e+00   0.000000000000e+00  -6.720105751436e-04  -1.537794091879e-01  -5.056578923594e-01   0.000000000000e+00   0.000000000000e+00   0.000000000000e+00   0.000000000000e+00  -6.719611771999e-04  -1.537756893351e-01  -5.056535644275e-01   0.000000000000e+00   0.000000000000e+00   0.000000000000e+00
  -5.008045043550e-01  -2.635411556639e+00  -2.324330661759e+00  -1.331182867304e+00  -2.646565289129e+00  -2.781715788365e+00   3.579459183910e-04  -3.905996349141e+01  -3.522212026971e+01  -5.380234010000e-03   8.774868480332e-02   1.006914604831e-06  -1.444369259484e+01  -1.574955342009e-03   2.568670258884e-02   2.947541247757e-07  -6.259701820032e+00  -3.767638402613e-04   6.144914913894e-03   7.051192445093e-08  -2.816112472260e+00  -9.835746317117e-05   1.604207163552e-03   1.840781997821e-08   5.874898508508e-04   9.801786694204e-08   2.676560105880e-03   2.869361993969e-07  -2.203505396868e-03  -1.100326038421e-04   8.764376988362e-06   1.102054009886e-02  -5.380686419103e-03  -3.776579800496e-07  -3.685218813076e-01   1.162633569071e+00  -5.675114897634e-01  -3.984073367147e-05  -1.501705913283e+00   2.708606691422e+00  -1.322085058230e+00  -9.281744722367e-05  -1.268301838656e+00   1.270668598785e+00  -6.202159030116e-01  -4.354276549324e-05   1.085703942093e+00  -3.720403637546e-05   7.950700990128e-01   7.621933999599e-05  -8.471265387487e-01  -5.349543553614e-06  -7.655712310115e-02  -7.384000163516e-01  -8.877408132937e-01   3.491709623294e-03   2.969477865198e-04  -5.068908403795e-08  -1.891764473116e-06  -5.581487954725e-02  -6.665430888938e-01  -8.562044360951e-01   1.243592734402e-03  -1.073741270935e-03   7.691658876372e-04  -1.891631430604e-06  -5.581368571307e-02  -6.665384681594e-01  -8.562023390010e-01   1.243510937075e-03  -1.073642001291e-03  -7.692459009599e-04   0.000000000000e+00   0.000000000000e+00   0.000000000000e+00   0.000000000000e+00   9.611519044324e-10  -4.942882847699e-03   0.000000000000e+00   0.000000000000e+00   0.000000000000e+00   0.000000000000e+00   0.000000000000e+00   0.000000000000e+00   0.000000000000e+00   0.000000000000e+00   0.000000000000e+00  -4.597837956526e-05  -1.641471811550e-05  -3.802925011786e-10  -2.022131790733e-01  -7.218556405772e-02  -1.672155789219e-06  -2.927270368664e-01  -7.479184978412e-01  -2.669870836946e-01  -6.184291756634e-06   0.000000000000e+00   0.000000000000e+00   0.000000000000e+00   0.000000000000e+00   0.000000000000e+00   0.000000000000e+00   0.000000000000e+00   0.000000000000e+00   0.000000000000e+00   0.000000000000e+00  -8.424680263534e-07  -6.443839590843e-06   1.420109676453e-06  -7.131106340074e-11  -2.548281561736e-02  -1.114006298101e-01   2.455429441388e-02  -1.232625305410e-06  -3.662991536969e-01  -8.895226768023e-01   1.960641870068e-01  -9.841627850887e-06  -9.563749591086e-09  -1.062505712681e-13  -1.309801386546e-08   4.800536096702e-13   2.057079691768e-08   0.000000000000e+00   0.000000000000e+00  -4.829853112952e-03  -1.501429895648e-01   0.000000000000e+00   0.000000000000e+00   0.000000000000e+00   0.000000000000e+00  -6.183992329233e-04  -1.548713517937e-01  -5.112401734265e-01   9.622396747007e-09  -3.821698089018e-09  -3.330345700717e-09   0.000000000000e+00  -6.183529599950e-04  -1.548675959131e-01  -5.112357931290e-01   9.621040536416e-09  -3.821145542803e-09   3.330134099541e-09
   9.991840584303e-01   1.242671057284e+00   3.748242639676e-01   7.714478351988e-02   1.096846895808e+00   2.557070122448e+00  -3.299444418141e-04  -4.536575051186e-03  -5.380234010000e-03  -1.565795176190e+01   8.337700645472e-03   4.072193795949e-06  -1.461434223830e-02  -1.030482988109e+01   9.028430879350e-03   4.407871841599e-06  -8.868147315232e-03  -3.540668807918e+00   3.570886277195e-03   1.739598895902e-06  -4.426524798750e-03  -1.040134223711e+00   1.089464669055e-03   5.298859252289e-07   1.614306938649e-01  -1.947682151866e-06   6.883695841677e-03   1.660941389016e-06  -1.650997399766e-02  -5.338007017042e-03  -3.549736922637e-04   1.390880994069e-01  -7.478544938371e-02  -5.255692290638e-06  -5.939930526469e-01   1.310697627919e+00  -8.086962147410e-01  -5.683718992240e-05  -6.675706225778e-01   4.343950147230e-01  -5.617554071309e-01  -3.928858189040e-05  -1.783260909427e-01  -1.732827504365e-01  -8.532597036387e-02  -5.861428761833e-06   1.562015603593e+00  -6.445958943131e-05   1.000218946526e+00   1.098087104044e-04  -8.154468545004e-01  -4.079680332814e-04  -1.451459333599e-01  -3.779264256376e-01  -1.629127348336e-01   3.142781662535e-02   2.926705358056e-03  -4.822289459456e-07  -1.325242315186e-04  -7.793335708331e-02  -2.446965547232e-01  -1.124638205124e-01   8.456541621037e-03  -8.285413370470e-03   5.960161874938e-03  -1.325146206804e-04  -7.793037688901e-02  -2.446904136765e-01  -1.124615048995e-01   8.455847529600e-03  -8.284553749753e-03  -5.960711639532e-03   0.000000000000e+00   0.000000000000e+00   0.000000000000e+00   0.000000000000e+00   7.331628875238e-07   8.654263229037e-03   0.000000000000e+00   0.000000000000e+00   0.000000000000e+00   0.000000000000e+00   0.000000000000e+00   0.000000000000e+00   0.000000000000e+00   0.000000000000e+00   0.000000000000e+00   3.323454565927e-04   1.238185545662e-04   2.920182400396e-09   1.518894281679e-01   6.285313320723e-02   1.476869469907e-06   1.103036862726e-01   1.919550112757e-01   9.906028066336e-02   2.346595783438e-06   0.000000000000e+00   0.000000000000e+00   0.000000000000e+00   0.000000000000e+00   0.000000000000e+00   0.000000000000e+00   0.000000000000e+00   0.000000000000e+00   0.000000000000e+00   0.000000000000e+00   1.415573478436e-05   9.231818637179e-05  -2.120056748158e-05   1.064249086593e-09   3.167357408421e-02   1.189675192231e-01  -2.950081704560e-02   1.482065443727e-06   1.243492341468e-01   1.961038621122e-01  -6.601310849041e-02   3.351529841914e-06  -7.710675477009e-06  -8.831280694512e-11  -1.026646328387e-05   3.870880024935e-10   1.602390272505e-05   0.000000000000e+00   0.000000000000e+00   5.741629608429e-03   5.643528666143e-02   0.000000000000e+00   0.000000000000e+00   0.000000000000e+00   0.000000000000e+00   2.173056670007e-03   1.043802157133e-01   1.180930438912e-01   7.448796139165e-06  -3.072637563696e-06  -2.677370512508e-06   0.000000000000e+00   2.172900229938e-03   1.043774248948e-01   1.180916664829e-01   7.447727331380e-06  -3.072186128310e-06   2.677194195484e-06
   1.058625209780e+00   1.363417591236e+00   4.542156069576e-01   1.179420750950e-01   2.606612799520e+00   1.397582656512e+00  -3.528406535806e-04   7.398906646363e-02   8.774868480332e-02   8.337700645472e-03  -1.559540744821e+01   1.391064014083e-06   2.383345210749e-01   9.028430879350e-03  -1.023712427920e+01   1.505483254328e-06   1.445493406413e-01   3.570886277195e-03  -3.513935561047e+00   5.935897698967e-07   7.212068901156e-02   1.089464669055e-03  -1.031988314373e+00   1.806813078470e-07  -2.159973347440e-03   6.763498208906e-07  -9.010811755090e-02  -1.947682151866e-06  -1.302371824087e-01   2.616518169186e-03   1.731243143664e-04  -7.541478586670e-02   2.233984129492e-02   2.583026314824e-06   2.982119819362e-01  -8.356307590333e-01   5.587213661987e-02   2.865322483232e-05   3.610964421931e-01  -6.260181801702e-01  -4.127856150087e-01   2.156615906365e-05   1.189875438003e-01  -1.174372525938e-01  -2.895505043342e-01   4.092931341025e-06  -2.793477941487e-01   9.585466755860e-06  -5.048582608300e-01  -6.631704022069e-05   1.060098168637e+00  -3.222157392480e-05  -9.637065206545e-03  -1.185403868601e-02   1.014769881539e-02   2.541268330891e-03  -1.780984283575e-03  -3.697648044739e-08   1.142071055770e-04   6.831861207333e-02   2.261396832860e-01   1.178772047646e-01  -8.291064868755e-03   6.034381922908e-03  -5.149733159321e-03   1.141957820877e-04   6.831420839329e-02   2.261285776888e-01   1.178725512423e-01  -8.290205298943e-03   6.033492950263e-03   5.150072074095e-03   0.000000000000e+00   0.000000000000e+00   0.000000000000e+00   0.000000000000e+00   2.652836415623e-07   3.229394259708e-03   0.000000000000e+00   0.000000000000e+00   0.000000000000e+00   0.000000000000e+00   0.000000000000e+00   0.000000000000e+00   0.000000000000e+00   0.000000000000e+00   0.000000000000e+00   1.266051820935e-04   2.972702032620e-05   1.078235863000e-09   6.813219226132e-02  -2.264657635041e-04   5.744365811405e-07   4.700642504849e-02   1.186271505407e-01  -4.331466121384e-02   1.003945496148e-06   0.000000000000e+00   0.000000000000e+00   0.000000000000e+00   0.000000000000e+00   0.000000000000e+00   0.000000000000e+00   0.000000000000e+00   0.000000000000e+00   0.000000000000e+00   0.000000000000e+00  -3.033827277855e-06  -2.051960065401e-05   1.053985733823e-06  -2.261488323486e-10  -6.220714354473e-03  -2.613840784527e-02  -8.377192312535e-03  -2.844116385034e-07  -1.764385280667e-02  -4.222146245941e-02  -9.218748383803e-02  -4.432180829028e-07   6.573271614217e-07   7.187367510797e-12   2.215651395832e-06  -8.574858880080e-11  -3.926561713802e-06   0.000000000000e+00   0.000000000000e+00  -1.278451844063e-03  -9.958672893481e-03   0.000000000000e+00   0.000000000000e+00   0.000000000000e+00   0.000000000000e+00  -8.334505070860e-04  -3.705021529897e-02  -3.324109070562e-02  -3.034930655051e-06   9.193058721976e-07   1.050320472745e-06   0.000000000000e+00  -8.333881359912e-04  -3.704909944078e-02  -3.324052932980e-02  -3.034486349858e-06   9.191645088207e-07  -1.050247928570e-06
  -1.344645854041e-04  -1.668880658602e-04  -5.019598173420e-05  -1.025631464275e-05  -3.274930491442e-04  -3.435621613215e-04  -1.330145597929e+00   8.490232318887e-07   1.006914604831e-06   4.072193795949e-06   1.391064014083e-06  -1.556088640198e+01   2.735032360086e-06   4.407871841599e-06   1.505483254328e-06  -1.019975749899e+01   1.659424979804e-06   1.739598895902e-06   5.935897698967e-07  -3.499188253590e+00   8.282074485724e-07   5.298859252289e-07   1.806813078470e-07  -1.027496196456e+00  -1.947682151866e-06   1.355960385011e-01   2.739329847453e-06  -6.747036403466e-03   4.922957840628e-07   1.831239270843e-07   1.216140555289e-08  -5.267401381018e-06   2.567177912918e-06  -1.438963151385e-02   2.045527573950e-05  -5.716611686283e-05   2.789081932340e-05  -3.498088576137e-01   2.323576102037e-05  -3.994454050792e-05   1.968421568366e-05  -7.148281370333e-01   6.423841743315e-06  -6.176087766847e-06   3.146141714302e-06  -3.454105999286e-01  -6.484415706701e-05  -3.211146333888e-01  -7.361341010390e-05   6.600948883364e-01   5.069830096541e-05   6.005208692090e-09   2.174128459609e-06   5.818756941273e-06   2.671354918657e-06  -4.945127235216e-07  -4.361549979813e-08  -1.991824392526e-03  -8.103744542426e-05  -4.744842860757e-02  -1.485877575284e-01  -6.776300376553e-02   5.854995758160e-03  -5.055411290474e-03   2.506361341269e-03   8.104541723232e-05   4.745475296684e-02   1.486097560627e-01   6.777366494865e-02  -5.855545854257e-03   5.055752288836e-03   2.507363736226e-03   0.000000000000e+00   0.000000000000e+00   0.000000000000e+00   0.000000000000e+00   5.541642559878e-12   6.690018377865e-08   0.000000000000e+00   0.000000000000e+00   0.000000000000e+00   0.000000000000e+00   0.000000000000e+00   0.000000000000e+00   0.000000000000e+00   0.000000000000e+00   0.000000000000e+00   2.638843615192e-09   9.547116343221e-10  -1.526284846833e-05   1.410755875192e-06   5.071655831005e-07  -2.437622957023e-02   9.281437701147e-07   2.387486349219e-06   8.567269433462e-07  -8.516776229075e-02   0.000000000000e+00   0.000000000000e+00   0.000000000000e+00   0.000000000000e+00   0.000000000000e+00   0.000000000000e+00   0.000000000000e+00   0.000000000000e+00   0.000000000000e+00   0.000000000000e+00   1.536416603934e-10   1.039910404498e-09  -2.283236058157e-10  -3.469116807819e-06   3.426349717419e-07   1.447108556765e-06  -3.139195863699e-07  -1.409692346912e-02   1.420570393909e-06   3.460356085832e-06  -7.304560578551e-07  -1.011094242259e-01  -8.623193689324e-11   2.332637853227e-07  -1.321297883716e-10  -1.055257471418e-06   1.865091039848e-10   0.000000000000e+00   0.000000000000e+00   5.269041973829e-08   5.465688054776e-07   0.000000000000e+00   0.000000000000e+00   0.000000000000e+00   0.000000000000e+00  -7.455695987697e-04  -3.576617658326e-02  -4.061440237699e-02  -2.663898305178e-06   1.058020252128e-06   6.365297248597e-07   0.000000000000e+00   7.455733037001e-04   3.576801523256e-02   4.061729785446e-02   2.663722547306e-06  -1.057946491849e-06   6.365795031384e-07
  -2.707626225769e+00  -6.321603922796e+00  -5.762875012489e+00  -3.487581052115e+00  -5.251505223097e+00  -5.496663283303e+00   7.184408457139e-04  -1.411342442159e+01  -1.444369259484e+01  -1.461434223830e-02   2.383345210749e-01   2.735032360086e-06  -1.857991293181e+01  -2.469130178685e-02   3.885811337573e-01   4.579171553858e-06  -1.276012121934e+01  -1.835696158438e-02   2.395001939376e-01   3.278024534809e-06  -6.906129409243e+00  -7.573956824061e-03   8.841456775511e-02   1.338115465447e-06   3.167121639550e-02   5.037189063349e-06   1.400959034735e-01   1.496428895961e-05  -1.157657863948e-01  -7.407035911737e-02  -6.581013772119e-02   5.575973081310e-01  -2.701831060928e-01  -1.904840070480e-05  -1.609763157528e+00   3.524284037351e+00  -1.700178837932e+00  -1.203720116612e-04  -3.888200853287e+00   6.195291249528e+00  -2.976346662634e+00  -2.116380384446e-04  -3.319868201409e+00   3.194245213697e+00  -1.531347270079e+00  -1.090873707567e-04   2.820558925776e+00  -9.625944099531e-05   2.082603683152e+00   1.998723679054e-04  -2.243511015664e+00  -9.445316522786e-03  -4.033254249170e-01  -2.008543655028e+00  -2.351908951223e+00   1.472738910887e-01   1.582453676311e-02  -2.022103418144e-06  -5.929070145246e-03  -3.226979919885e-01  -1.846008714930e+00  -2.279762184817e+00   7.085242498067e-02  -6.236293707282e-02   4.624159604146e-02  -5.928874832370e-03  -3.226925977131e-01  -1.845996554377e+00  -2.279756563412e+00   7.084906352751e-02  -6.235830157213e-02  -4.624703772262e-02   0.000000000000e+00   0.000000000000e+00   0.000000000000e+00   0.000000000000e+00  -3.198115423434e-05  -2.954688208958e-02   0.000000000000e+00   0.000000000000e+00   0.000000000000e+00   0.000000000000e+00   0.000000000000e+00   0.000000000000e+00  -1.388844289327e-06  -4.975913388066e-07  -1.157967909463e-11  -2.490729944311e-03  -8.832880552141e-04  -2.199690171686e-08  -6.408865792543e-01  -2.268308345598e-01  -5.422956574887e-06  -8.143448854121e-01  -1.992722686555e+00  -7.045484298345e-01  -1.656627050075e-05  -3.309403622814e-05  -2.792106853550e-10   3.016548849240e-05  -7.875801324699e-10  -4.040530361088e-05   0.000000000000e+00   0.000000000000e+00   0.000000000000e+00   0.000000000000e+00   0.000000000000e+00  -2.218029698445e-04  -1.138836401966e-03   2.558475817084e-04  -1.272263056542e-08  -1.045542819890e-01  -4.020778206651e-01   9.042830909989e-02  -4.502438337351e-06  -9.997862077543e-01  -2.334535803511e+00   5.238931559472e-01  -2.586710900217e-05   2.285886079128e-04   2.556105692810e-09   3.089775429503e-04  -1.135325464489e-08  -4.836529853007e-04   0.000000000000e+00  -3.233299932702e-06  -2.013212191714e-02  -4.193764573327e-01   0.000000000000e+00   0.000000000000e+00   0.000000000000e+00  -4.989284320137e-06  -9.908738988396e-03  -4.760523515564e-01  -1.373131436085e+00  -3.979265066941e-04   1.598831320097e-04   1.390001726820e-04  -4.988701029711e-06  -9.908170576076e-03  -4.760417212551e-01  -1.373120089714e+00  -3.978876203256e-04   1.598669141907e-04  -1.389972866812e-04
