ARMA_MAT_TXT_FN008
145 145
   1.000000000000e+00   7.063772200372e-01   3.736639626622e-01   1.837659445759e-01  -3.163952999056e-16   1.581976499528e-16   4.701260748938e-21   1.403085038808e-02   1.278377993449e-02  -5.201318961813e-02  -5.470852757547e-02   7.034175671579e-06   1.662231483586e-01  -2.289631053985e-01  -2.408280372233e-01   3.096458258968e-05   3.123728312480e-01  -3.283858232234e-01  -3.454028679478e-01   4.441034256058e-05   2.536177348705e-01  -1.729025444509e-01  -1.818624024100e-01   2.338304727435e-05   2.406183434524e-01  -3.254081724415e-05  -1.390983985985e-01  -3.093762111060e-05  -1.216175514795e-02   1.354479263327e-05   1.581825011930e-06  -4.672057394150e-04  -1.814323561023e-05   3.216135541457e-08   7.858293929877e-03  -2.845345060400e-02  -1.104947167128e-03   1.958669298010e-06   8.068890206978e-02  -2.014998821533e-01  -7.824946332889e-03   1.387078278199e-05   1.196100118005e-01  -1.769198276021e-01  -6.870416704051e-03   1.217874905073e-05   1.927032043714e-03  -1.326523996275e-07  -1.434650713460e-02  -3.415926672871e-06   2.477404609825e-02   5.465695331536e-08   4.902080389077e-04   2.550390634799e-02   6.827359949669e-02  -1.105978168756e-05  -3.585445014535e-06   4.910988105811e-10   8.743798747725e-06   4.606896844981e-03   5.850918540170e-02   9.274598562579e-02  -4.685140584139e-04   1.208575197578e-04  -1.981052763446e-04   8.736927958908e-06   4.605296316182e-03   5.850166047415e-02   9.274158529858e-02  -4.682182120832e-04   1.207701463529e-04   1.980526638817e-04   0.000000000000e+00   0.000000000000e+00   0.000000000000e+00   2.266184000263e-08   2.152660938443e-04   1.655716397884e-02   0.000000000000e+00   0.000000000000e+00   0.000000000000e+00   6.433953276067e-08   1.079195293294e-08   3.049619524063e-12   3.147303302560e-05   5.279110315156e-06   1.491785405924e-09   5.922032351287e-03   9.933285440566e-04   2.806974919728e-07   1.224477164329e-01   2.053869426447e-02   5.803880300155e-06   8.232412655893e-02   1.599886897061e-01   2.683560689713e-02   7.583279063773e-06   1.647705247752e-04   7.809932521796e-09  -2.915525415139e-04   4.656130474875e-08   4.773461320509e-04   0.000000000000e+00  -3.879036231995e-11   5.521630546646e-08  -3.137299440452e-08   2.820592879820e-12   5.768378437643e-05   2.597850097797e-04  -1.476055594330e-04   1.327049578342e-08   1.248366767513e-02   3.898131854348e-02  -2.214854250414e-02   1.991267409163e-06   6.521231799228e-02   1.207281056954e-01  -6.859571918938e-02   6.167106481357e-06  -1.265231015514e-04  -6.463129982236e-09  -8.503455337970e-05   1.137507484198e-08   7.539582714211e-05   0.000000000000e+00   8.825937628076e-07   2.435617878773e-03   2.869409302114e-02   0.000000000000e+00   0.000000000000e+00   0.000000000000e+00   1.830895482027e-07   8.355110063369e-04   3.108159008804e-02   7.344212782384e-02   2.031969953480e-05  -1.830494585170e-05  -9.473294415612e-06   1.829434868840e-07   8.352168732978e-04   3.107753190735e-02   7.343858980526e-02   2.030687700518e-05  -1.829339539366e-05   9.469972635860e-06
   7.063772200372e-01   1.000000000000e+00   7.889632276872e-01   4.631805400595e-01   0.000000000000e+00  -1.694117641212e-16   4.136029397489e-20   6.716902044671e-02   7.121696590938e-02  -6.851606802000e-02  -7.206658972763e-02   9.265996996472e-06   3.752176853162e-01  -2.367431142754e-01  -2.490112083249e-01   3.201673781355e-05   6.159247550712e-01  -4.372706210792e-01  -4.599301063229e-01   5.913573820936e-05   5.826065317983e-01  -3.369813312643e-01  -3.544437976069e-01   4.557278451022e-05   1.051761350349e-01  -1.422384237008e-05  -6.080098360011e-02  -1.352307296650e-05  -5.315997040579e-03   5.038276208923e-03   5.362591078590e-03  -2.651383967122e-02  -1.029625279623e-03   1.825150996943e-06   7.137044855395e-02  -1.462387064931e-01  -5.678961287077e-03   1.006673210132e-05   2.303277353224e-01  -4.445952009087e-01  -1.726518918916e-02   3.060489858266e-05   3.096150874287e-01  -4.180738815491e-01  -1.623527344703e-02   2.877923270138e-05   7.964323864139e-03  -5.482455133192e-07  -5.929337268254e-02  -1.411784843310e-05   1.023898524133e-01   4.902080389077e-04   9.930505682532e-03   8.643907405357e-02   1.850042502960e-01  -3.769749530774e-03  -1.222106370903e-03   1.673920483289e-07   4.606896844981e-03   4.137142300215e-02   1.713316283602e-01   2.457521044705e-01  -2.157980218034e-02   5.566708877869e-03  -9.124747908040e-03   4.605296316182e-03   4.136228056160e-02   1.713134746633e-01   2.457412972678e-01  -2.157287338642e-02   5.564412081577e-03   9.125157739498e-03   2.192913163682e-05   7.333371387108e-05   3.264486099298e-04   9.459382346732e-04   1.083160037468e-02   7.370709699401e-02   2.952142630510e-04   4.951758732582e-05   1.399281501983e-08   8.173074153394e-04   1.370905690425e-04   3.873942728575e-08   8.306553431465e-03   1.393294757063e-03   3.937210364349e-07   5.738660680995e-02   9.625708069374e-03   2.720058866426e-06   3.106676369611e-01   5.210964972878e-02   1.472528709053e-05   2.203524611230e-01   3.876023971044e-01   6.501425557137e-02   1.837190584178e-05   6.197291243797e-03   2.937444454825e-07  -1.096577203414e-02   1.751247479564e-06   1.795377546108e-02   8.036133214628e-05   6.638768775482e-05   7.108320594599e-04  -4.038830565645e-04   3.631115535027e-08   4.375959707877e-03   1.122281804693e-02  -6.376620181571e-03   5.732908134157e-07   5.439565266797e-02   1.314218031719e-01  -7.467170178651e-02   6.713368436158e-06   1.779615650664e-01   3.007750683028e-01  -1.708954348750e-01   1.536437486926e-05  -8.444612746232e-03  -4.313728414758e-07  -5.675515890264e-03   7.592139366023e-07   5.032192185380e-03   8.825937628076e-07   1.751174023019e-04   1.247185834696e-02   8.283937062266e-02   1.743789728972e-05  -8.677715610497e-06   6.481370592042e-10   8.355110063369e-04   1.395082015353e-02   1.017396246550e-01   1.979507901136e-01   4.301224847413e-03  -3.874746661141e-03  -2.005284047508e-03   8.352168732978e-04   1.394768982630e-02   1.017286788838e-01   1.979419511328e-01   4.299862882677e-03  -3.873519883499e-03   2.005211526445e-03
   3.736639626622e-01   7.889632276872e-01   1.000000000000e+00   8.208664008791e-01  -2.020337470076e-16   0.000000000000e+00   0.000000000000e+00   5.938654242985e-02   6.279702344340e-02  -2.057934832511e-02  -2.164577588099e-02   2.783116213180e-06   3.468396067584e-01  -8.426810027000e-02  -8.863489667144e-02   1.139627515946e-05   6.750579292640e-01  -2.451920379094e-01  -2.578979575323e-01   3.315935593626e-05   8.517568800249e-01  -3.404304792545e-01  -3.580716814055e-01   4.603924144274e-05   1.276396688480e-02  -1.726177263750e-06  -7.378686628651e-03  -1.641133280548e-06  -6.451388441223e-04   3.184964847210e-02   3.780074781471e-02  -4.896787390260e-02  -1.901594091415e-03   3.370834438911e-06   2.127932582090e-01  -1.898038287768e-01  -7.370747605826e-03   1.306565369676e-05   4.357936202101e-01  -5.035344737743e-01  -1.955400763483e-02   3.466214091209e-05   5.802758651584e-01  -6.231959624107e-01  -2.420088244531e-02   4.289935920973e-05   4.601160657323e-03  -3.167331878349e-07  -3.425505269259e-02  -8.156183736944e-06   5.915281305352e-02   2.550390634799e-02   8.643907405357e-02   2.335730037942e-01   3.859346587050e-01  -4.297426885677e-02  -1.393172870664e-02   1.908230462170e-06   5.850918540170e-02   1.713316283602e-01   3.662943060824e-01   4.874398368207e-01  -7.423500522331e-02   1.914960383658e-02  -3.138933818549e-02   5.850166047415e-02   1.713134746633e-01   3.662687811792e-01   4.874222093537e-01  -7.422494211626e-02   1.914525512053e-02   3.139657350616e-02   1.157276322315e-03   3.704756973807e-03   1.357241353045e-02   2.796715110740e-02   9.357069673867e-02   2.251126623286e-01   4.064194962742e-03   6.817053041301e-04   1.926381460382e-07   6.786654846635e-03   1.138355479662e-03   3.216795993897e-07   4.880638751989e-02   8.186510133680e-03   2.313366384448e-06   1.536972609339e-01   2.578031786600e-02   7.285072608197e-06   4.656024992555e-01   7.809755591661e-02   2.206902057346e-05   4.414837981221e-01   6.065435655384e-01   1.017382211247e-01   2.874946429190e-05   1.139367495114e-02   5.400470300440e-07  -2.016049225867e-02   3.219655774792e-06   3.300788581689e-02   7.666515428512e-03   8.918817804340e-03   1.540492250189e-02  -8.752822981743e-03   7.869236153331e-07   6.311939876918e-02   7.046843953887e-02  -4.003900551969e-02   3.599711663725e-06   1.836940546794e-01   2.656612049774e-01  -1.509443166623e-01   1.357066715843e-05   3.735559778889e-01   5.021465814697e-01  -2.853114086068e-01   2.565095691127e-05  -2.974296631994e-02  -1.519348285222e-06  -1.998986608921e-02   2.674045006512e-06   1.772400075445e-02   2.435617878773e-03   1.247185834696e-02   6.538523241354e-02   1.993253790136e-01   5.898977800300e-03  -2.935540386158e-03   2.192549973357e-07   3.108159008804e-02   1.017396246550e-01   2.599989089850e-01   4.080096578179e-01   3.685843914575e-02  -3.320382427828e-02  -1.718385870468e-02   3.107753190735e-02   1.017286788838e-01   2.599805125242e-01   4.079946758706e-01   3.685371128076e-02  -3.319956643312e-02   1.718647516650e-02
   1.837659445759e-01   4.631805400595e-01   8.208664008791e-01   1.000000000000e+00   0.000000000000e+00   0.000000000000e+00   0.000000000000e+00   3.414327880392e-02   3.590499042659e-02  -4.282063259640e-03  -4.503960969129e-03   5.790989828977e-07   2.118054069792e-01  -1.930942704509e-02  -2.031004692691e-02   2.611374210078e-06   4.807716831155e-01  -7.519151641142e-02  -7.908796171197e-02   1.016877333102e-05   8.057198466072e-01  -1.753353419170e-01  -1.844212681177e-01   2.371205468335e-05   1.033774004513e-03  -1.398058455143e-07  -5.976115805525e-04  -1.329179978829e-07  -5.225082236379e-05   3.525719373316e-02   4.195123366295e-02  -1.968589934107e-02  -7.644724364719e-04   1.355131480526e-06   2.309619726466e-01  -8.145938398586e-02  -3.163353254542e-03   5.607474350595e-06   4.834545825697e-01  -2.676732409174e-01  -1.039468967697e-02   1.842600274323e-05   7.616744704886e-01  -5.263498388312e-01  -2.044000818842e-02   3.623269752689e-05   7.451042759265e-04  -5.129124370130e-08  -5.547206049567e-03  -1.320798778883e-06   9.579107799488e-03   6.827359949669e-02   1.850042502960e-01   3.859346587050e-01   6.007558924982e-01  -4.104936914717e-02  -1.330769992721e-02   1.822757169425e-06   9.274598562579e-02   2.457521044705e-01   4.874398368207e-01   7.033443221456e-01  -4.341563833618e-02   1.119946407963e-02  -1.835775656206e-02   9.274158529858e-02   2.457412972678e-01   4.874222093537e-01   7.033271481849e-01  -4.341305150944e-02   1.119777157128e-02   1.836338330460e-02   2.242870771910e-03   7.161843395889e-03   2.593063951937e-02   5.226408518339e-02   1.578566527465e-01   3.318416069203e-01   2.749244978823e-03   4.611429573625e-04   1.303110359076e-07   4.530455986690e-03   7.599133172910e-04   2.147383799213e-07   3.237359076675e-02   5.430164827659e-03   1.534470802478e-06   1.008430705087e-01   1.691485194012e-02   4.779845042299e-06   3.351738695446e-01   5.622018795088e-02   1.588685420395e-05   6.288163988789e-01   5.423717725666e-01   9.097440392468e-02   2.570779544005e-05   2.858649984933e-03   1.354967068061e-07  -5.058226703731e-03   8.078051174506e-07   8.281611744919e-03   2.116865886534e-02   2.512429951802e-02   1.487836043441e-02  -8.453639096529e-03   7.600254517242e-07   1.428374950539e-01   6.305616635200e-02  -3.582747410244e-02   3.221073419142e-06   3.195753203061e-01   2.214660733454e-01  -1.258333715225e-01   1.131306457980e-05   5.737081207020e-01   4.962274547701e-01  -2.819482584058e-01   2.534859248318e-05  -1.048151412602e-02  -5.354230759164e-07  -7.044491176083e-03   9.423418030294e-07   6.245993162855e-03   2.869409302114e-02   8.283937062266e-02   1.993253790136e-01   3.845468193847e-01   2.258241210222e-02  -1.123780847922e-02   8.393499472153e-07   7.344212782384e-02   1.979507901136e-01   4.080096578179e-01   6.237471358963e-01   3.132426199132e-02  -2.821837589741e-02  -1.460375709234e-02   7.343858980526e-02   1.979419511328e-01   4.079946758706e-01   6.237316712493e-01   3.132266047216e-02  -2.821693422639e-02   1.460710760586e-02
  -3.163952999056e-16   0.000000000000e+00  -2.020337470076e-16   0.000000000000e+00   1.000000000000e+00   0.000000000000e+00   0.000000000000e+00   6.693851792874e-02   7.149852738541e-02  -6.466249506962e-02  -1.448405173671e-01   1.862294031067e-05   3.037212096956e-01  -7.335693259217e-02  -3.450888545428e-01   4.436996813356e-05   2.386485445267e-01   1.512666638856e-01  -2.371717412692e-01   3.049447255037e-05   8.011185651023e-02   1.675219433434e-01  -5.516240687939e-02   7.092533424911e-06   1.024377795467e-01  -4.213886389642e-05  -6.532132991078e-02  -1.317098757125e-05  -2.145965019222e-01   7.818939002679e-04   4.684508322432e-04  -1.161857228062e-02  -4.877602633454e-04   8.646214778643e-07   4.647677250201e-02  -1.255554191906e-01  -5.585049695494e-03   9.900261018688e-06   1.272967174375e-01  -2.065500263481e-01  -1.156125483222e-02   2.049389831479e-05   6.195463069704e-02  -8.775694588154e-03  -3.482057978141e-03   6.172421866472e-06   1.016156337207e-02  -7.854367512900e-07  -6.638519626912e-02  -1.801275462644e-05   1.145394445408e-01   1.105978168756e-05   3.769749530774e-03   4.297426885677e-02   4.104936914717e-02  -4.465987504227e-04  -1.527312997759e-04   2.091962346497e-08   4.685140584139e-04   2.157980218034e-02   7.423500522331e-02   4.341563833618e-02  -7.053200702960e-03   1.988307452919e-03  -3.259161682352e-03   4.682182120832e-04   2.157287338642e-02   7.422494211626e-02   4.341305150944e-02  -7.049413534873e-03   1.987062709447e-03   3.258612122206e-03  -3.459809935455e-08  -1.436836654174e-07  -1.512914247994e-06  -1.593216145206e-05  -3.182050472555e-03  -4.523807675730e-02  -2.694563587353e-06  -4.683571964149e-07  -1.323496552753e-10  -3.398168753609e-05  -5.942886671127e-06  -1.679357140842e-09  -1.390226580496e-03  -2.466826390546e-04  -6.970825363889e-08  -3.477164327735e-02  -6.435151373295e-03  -1.818462644365e-06  -1.384516354090e-01  -3.087984935582e-02  -8.726112139371e-06  -5.920569740936e-02  -5.371915588898e-02  -1.884425917945e-02  -5.325062207670e-06  -2.885593262367e-03  -1.459927157924e-07   4.780584975788e-03  -8.154188223486e-07  -7.763579032053e-03  -4.229551570365e-07  -3.878675625828e-08  -1.508156110247e-05   9.001862260216e-06  -8.093135219706e-10  -8.583416676402e-04  -3.055023567292e-03   1.888939414587e-03  -1.698253279396e-07  -2.772597512182e-02  -6.529826423572e-02   4.611490850726e-02  -4.145966461218e-06  -4.283398173732e-02  -3.291256437423e-02   4.408769825358e-02  -3.963709876663e-06   2.281675934081e-03   1.253053284776e-07   1.474543795848e-03  -2.051343525181e-07  -1.160234059367e-03   0.000000000000e+00  -1.743789728972e-05  -5.898977800300e-03  -2.258241210222e-02   0.000000000000e+00   0.000000000000e+00   0.000000000000e+00  -2.031969953480e-05  -4.301224847413e-03  -3.685843914575e-02  -3.132426199132e-02  -4.661689772720e-04   4.682525146624e-04   2.423330813533e-04  -2.030687700518e-05  -4.299862882677e-03  -3.685371128076e-02  -3.132266047216e-02  -4.659242876164e-04   4.680071593407e-04  -2.422740501131e-04
   1.581976499528e-16  -1.694117641212e-16   0.000000000000e+00   0.000000000000e+00   0.000000000000e+00   1.000000000000e+00   0.000000000000e+00   7.040729055173e-02   7.520360096716e-02  -1.448405173671e-01  -7.930406297710e-02   1.958798625892e-05   3.194601272846e-01  -3.450888545428e-01  -1.082411071985e-01   4.666923222705e-05   2.510153785020e-01  -2.371717412692e-01   1.272915620381e-01   3.207470460224e-05   8.426327520366e-02  -5.516240687939e-02   1.619457127352e-01   7.460070480306e-06   1.288887820303e-01  -1.743070058870e-05  -6.870629940074e-02  -4.213886389642e-05   1.925868973294e-01   3.036367933434e-05   1.819158692664e-05  -4.877602633454e-04   9.227814435502e-04   3.357628098960e-08   1.804855897025e-03  -5.585049695494e-03   1.804808659282e-02   3.844618186619e-07   4.943377493112e-03  -1.156125483222e-02   9.071442351005e-02   7.958498672614e-07   2.405915353883e-03  -3.482057978141e-03   8.075542156389e-02   2.396967647472e-07  -3.170494629976e-02   2.182494692002e-06  -2.577969736523e-03  -7.854367512900e-07   6.944809613596e-03   3.585445014535e-06   1.222106370903e-03   1.393172870664e-02   1.330769992721e-02  -1.527312997759e-04  -2.499236320068e-05   6.781884288259e-09  -1.208575197578e-04  -5.566708877869e-03  -1.914960383658e-02  -1.119946407963e-02   1.988307452919e-03   1.417334971706e-04   8.407307963223e-04  -1.207701463529e-04  -5.564412081577e-03  -1.914525512053e-02  -1.119777157128e-02   1.987062709447e-03   1.417685831274e-04  -8.405120790903e-04  -5.803291441241e-09  -2.410069342880e-08  -2.537677638515e-07  -2.672371544105e-06  -5.337393272312e-04  -7.587981668402e-03  -4.683571964149e-07   1.913167375939e-08  -2.219959003643e-11  -5.942886671127e-06   4.518250056530e-07  -2.816859626410e-10  -2.466826390546e-04   3.907036150792e-05  -1.169247210897e-08  -6.435151373295e-03   2.514086332291e-03  -3.050187408308e-07  -3.087984935582e-02   4.046843137387e-02  -1.463669185257e-06  -9.930832139867e-03  -1.884425917945e-02   5.546583630479e-02  -8.931961151152e-07   6.429158124191e-04   3.047346677471e-08   8.018685532352e-04  -1.459927157924e-07  -1.691213088618e-03   2.403161468876e-07   2.203799542147e-08   9.001862260216e-06  -4.353040498624e-06   4.598385998808e-10   4.876955839141e-04   1.888939414587e-03  -8.037643452549e-04   9.649195139346e-08   1.575344194090e-02   4.611490850726e-02  -1.033799804156e-02   2.355669787942e-06   2.433756221130e-02   4.408769825358e-02   1.963164985799e-02   2.252114601497e-06  -1.092231900483e-03  -5.579405386850e-08  -8.378114737225e-04   1.253053284776e-07   1.001861912520e-03   0.000000000000e+00   8.677715610497e-06   2.935540386158e-03   1.123780847922e-02   0.000000000000e+00   0.000000000000e+00   0.000000000000e+00   1.830494585170e-05   3.874746661141e-03   3.320382427828e-02   2.821837589741e-02   4.682525146624e-04  -3.682017420982e-04  -2.183050947505e-04   1.829339539366e-05   3.873519883499e-03   3.319956643312e-02   2.821693422639e-02   4.680071593407e-04  -3.680084205173e-04   2.182519247648e-04
   4.701260748938e-21   4.136029397489e-20   0.000000000000e+00   0.000000000000e+00   0.000000000000e+00   0.000000000000e+00   1.000000000000e+00  -9.052651793955e-06  -9.669339749795e-06   1.862294031067e-05   1.958798625892e-05   7.304212777961e-02  -4.107474200041e-05   4.436996813356e-05   4.666923222705e-05   2.547303417983e-01  -3.227442497360e-05   3.049447255037e-05   3.207470460224e-05   3.767536048028e-01  -1.083419179263e-05   7.092533424911e-06   7.460070480306e-06   2.199666499274e-01  -4.213886389642e-05  -2.091519191448e-01   5.541192891369e-05  -1.988475821153e-01   2.129856508726e-06  -5.382375579222e-08  -3.224706470620e-08   8.646214778643e-07   3.357628098960e-08   9.417228238142e-04  -3.199352817948e-06   9.900261018688e-06   3.844618186619e-07   1.826497295693e-02  -8.762809672973e-06   2.049389831479e-05   7.958498672614e-07   9.116338612665e-02  -4.264812542587e-06   6.172421866472e-06   2.396967647472e-07   8.089064164888e-02  -7.854367512900e-07  -1.248420805561e-03   8.402823788849e-06  -3.214803456746e-02  -1.009762465922e-05  -4.910988105811e-10  -1.673920483289e-07  -1.908230462170e-06  -1.822757169425e-06   2.091962346497e-08   6.781884288259e-09   2.452124227015e-05   1.981052763446e-04   9.124747908040e-03   3.138933818549e-02   1.835775656207e-02  -3.259161682352e-03   8.407307963223e-04  -7.234597903710e-04  -1.980526638817e-04  -9.125157739498e-03  -3.139657350616e-02  -1.836338330460e-02   3.258612122206e-03  -8.405120790903e-04  -7.240647968352e-04  -1.639909939657e-12  -6.810439749008e-12  -7.171038754787e-11  -7.551660470627e-10  -1.508255163082e-07  -2.144232576623e-06  -1.323496552753e-10  -2.219959003643e-11   9.769128087837e-08  -1.679357140842e-09  -2.816859626410e-10   1.448651456939e-06  -6.970825363889e-08  -1.169247210897e-08   8.044752269076e-05  -1.818462644365e-06  -3.050187408308e-07   3.593482501512e-03  -8.726112139371e-06  -1.463669185257e-06   4.564804396839e-02  -2.806281659318e-06  -5.325062207670e-06  -8.931961151152e-07   5.862666656195e-02  -1.459927157924e-07   1.944969014462e-04   3.217902590069e-07   1.159552848331e-03  -4.229461445617e-07  -2.160565243078e-11  -1.981328660243e-12  -8.093135219706e-10   4.598385998808e-10   7.616691809080e-07  -4.384633082106e-08  -1.698253279396e-07   9.649195139346e-08   2.694998781421e-04  -1.416315114784e-06  -4.145966461218e-06   2.355669787942e-06   1.586373245539e-02  -2.188071492324e-06  -3.963709876663e-06   2.252114601497e-06   4.468155292110e-02   1.253053284776e-07  -1.713180180905e-04   1.020012261570e-07   3.015188125438e-04  -7.467014932481e-08   0.000000000000e+00  -6.481370592042e-10  -2.192549973357e-07  -8.393499472153e-07   0.000000000000e+00   0.000000000000e+00   0.000000000000e+00   9.473294415612e-06   2.005284047508e-03   1.718385870468e-02   1.460375709234e-02   2.423330813533e-04  -2.183050947505e-04  -5.935641253194e-05  -9.469972635860e-06  -2.005211526445e-03  -1.718647516650e-02  -1.460710760586e-02  -2.422740501131e-04   2.182519247648e-04  -5.938827245943e-05
   1.403085038808e-02   6.716902044671e-02   5.938654242985e-02   3.414327880392e-02   6.693851792874e-02   7.040729055173e-02  -9.052651793955e-06   1.000000000000e+00   9.019786511306e-01  -4.314304698069e-17  -6.068758554429e-17  -8.478916369589e-21   3.524808859889e-01   1.834797575256e-17   0.000000000000e+00  -3.313937917245e-23   1.579450275960e-01   6.707557440783e-17   9.838459083642e-18   2.996591341991e-22   7.194213528220e-02   4.978326122754e-18   2.890824375373e-18   1.616813094230e-22   0.000000000000e+00   0.000000000000e+00   0.000000000000e+00   3.566286005802e-36   0.000000000000e+00   8.686413134680e-06  -3.476083650895e-07  -4.832538648437e-04   2.360684718241e-04   1.656180569058e-08   9.862604169150e-03  -3.029646307247e-02   1.479975693833e-02   1.038303407424e-06   3.846319740626e-02  -6.885492452789e-02   3.363548228657e-02   2.359757394261e-06   3.252561351805e-02  -3.251005485051e-02   1.588109175280e-02   1.114166384574e-06  -2.820959490622e-02   9.667834308948e-07  -2.064834360426e-02  -1.979094564541e-06   2.198365394734e-02   4.707977457563e-07   2.076675272833e-03   1.898854210768e-02   2.278967782786e-02  -1.281546238927e-04  -1.086925042278e-05   1.861018850667e-09   1.907772522237e-07   1.521151591860e-03   1.714161027167e-02   2.197764692107e-02  -4.760613369178e-05   4.111506569729e-05  -2.944134273412e-05   1.907656738495e-07   1.521119759397e-03   1.714149233786e-02   2.197759330797e-02  -4.760315228805e-05   4.111139433897e-05   2.944449856243e-05   0.000000000000e+00   0.000000000000e+00   0.000000000000e+00   0.000000000000e+00   0.000000000000e+00   1.344124590308e-04   0.000000000000e+00   0.000000000000e+00   0.000000000000e+00   0.000000000000e+00   0.000000000000e+00   0.000000000000e+00   0.000000000000e+00   0.000000000000e+00   0.000000000000e+00   1.593746559325e-06   5.691955732735e-07   1.318063607742e-11   5.249626826023e-03   1.874867953896e-03   4.341557340547e-08   7.534799146980e-03   1.920035801477e-02   6.857275219410e-03   1.587912018183e-07   0.000000000000e+00   0.000000000000e+00   0.000000000000e+00   0.000000000000e+00   0.000000000000e+00   0.000000000000e+00   0.000000000000e+00   0.000000000000e+00   0.000000000000e+00   0.000000000000e+00   3.736989030426e-08   2.718016059431e-07  -5.986373745949e-08   3.007652227679e-12   6.749061736478e-04   2.925365484841e-03  -6.443056535664e-04   3.237097141766e-08   9.423937787850e-03   2.283014249859e-02  -5.028291322842e-03   2.526295924774e-07   0.000000000000e+00   0.000000000000e+00   0.000000000000e+00   0.000000000000e+00   0.000000000000e+00   0.000000000000e+00   0.000000000000e+00   1.279251910543e-04   3.868554349381e-03   0.000000000000e+00   0.000000000000e+00   0.000000000000e+00   0.000000000000e+00   1.865113648917e-05   4.019184996357e-03   1.314051956656e-02   0.000000000000e+00   0.000000000000e+00   0.000000000000e+00   0.000000000000e+00   1.864977439749e-05   4.019088046938e-03   1.314040715695e-02   0.000000000000e+00   0.000000000000e+00   0.000000000000e+00
   1.278377993449e-02   7.121696590938e-02   6.279702344340e-02   3.590499042659e-02   7.149852738541e-02   7.520360096716e-02  -9.669339749795e-06   9.019786511306e-01   1.000000000000e+00   1.655960347229e-15  -1.186095680191e-17   1.333578227380e-20   4.014863665549e-01   2.189278545687e-18  -8.538599148157e-17   3.340573952769e-23   1.702974760105e-01   7.395318896738e-17   0.000000000000e+00   1.827287983389e-23   7.611738684957e-02   0.000000000000e+00  -4.994760599299e-18  -2.903687842564e-22  -1.168016504563e-31   0.000000000000e+00   0.000000000000e+00   0.000000000000e+00   0.000000000000e+00   1.871788504121e-06  -1.761536944313e-07  -2.326065958791e-04   1.136278209449e-04   7.971762925355e-09   9.701018802254e-03  -3.099210678307e-02   1.513957739222e-02   1.062144118907e-06   4.051215970281e-02  -7.335232865526e-02   3.583245451330e-02   2.513889908636e-06   3.421004649891e-02  -3.431476402485e-02   1.676268829629e-02   1.176016366225e-06  -2.893265626623e-02   9.915637846964e-07  -2.117759684089e-02  -2.029822226962e-06   2.254713352845e-02   9.184385559045e-08   2.008959410303e-03   1.989282920402e-02   2.393729074746e-02  -8.082721558090e-05  -6.855244238869e-06   1.173745958390e-09   3.094251788616e-08   1.458432650084e-03   1.794277963363e-02   2.308191945985e-02  -2.827707927560e-05   2.442151634642e-05  -1.748756132693e-05   3.094024427258e-08   1.458401246386e-03   1.794265516798e-02   2.308186298826e-02  -2.827519269744e-05   2.441923572541e-05   1.748936426929e-05   0.000000000000e+00   0.000000000000e+00   0.000000000000e+00   0.000000000000e+00   3.683123864659e-10   1.295956048497e-04   0.000000000000e+00   0.000000000000e+00   0.000000000000e+00   0.000000000000e+00   0.000000000000e+00   0.000000000000e+00   0.000000000000e+00   0.000000000000e+00   0.000000000000e+00   1.095629265613e-06   3.912964230649e-07   9.061096032692e-12   5.419083163171e-03   1.935388114021e-03   4.481701474374e-08   7.880854674014e-03   2.016137279094e-02   7.200495007552e-03   1.667390062892e-07   0.000000000000e+00   0.000000000000e+00   0.000000000000e+00   0.000000000000e+00   0.000000000000e+00   0.000000000000e+00   0.000000000000e+00   0.000000000000e+00   0.000000000000e+00   0.000000000000e+00   1.855804358181e-08   1.440750213258e-07  -3.173222329276e-08   1.594278876094e-12   6.772609837499e-04   2.972295654062e-03  -6.546419255668e-04   3.289028265393e-08   9.868411795220e-03   2.399230010248e-02  -5.284254113953e-03   2.654895823738e-07  -3.693968664633e-09  -4.087603914115e-14  -5.076483716095e-09   1.855910364881e-13   7.979138819456e-09   0.000000000000e+00   0.000000000000e+00   1.283886285308e-04   4.042238879106e-03   0.000000000000e+00   0.000000000000e+00   0.000000000000e+00   0.000000000000e+00   1.556062475214e-05   4.156338491144e-03   1.377999362011e-02   2.035885658149e-09  -8.066406732887e-10  -7.039320315942e-10   0.000000000000e+00   1.555944955563e-05   4.156237385616e-03   1.377987539439e-02   2.035533733531e-09  -8.064983832904e-10   7.038648188223e-10
  -5.201318961813e-02  -6.851606802000e-02  -2.057934832511e-02  -4.282063259640e-03  -6.466249506962e-02  -1.448405173671e-01   1.862294031067e-05  -4.314304698069e-17   1.655960347229e-15   1.000000000000e+00   0.000000000000e+00   1.887987105199e-35  -9.727658783520e-16   6.119923480445e-01   0.000000000000e+00   1.254617808645e-35   1.168965159815e-16   1.971949078096e-01   0.000000000000e+00   0.000000000000e+00   0.000000000000e+00   5.657041005734e-02   0.000000000000e+00   0.000000000000e+00   1.501800231806e-16   0.000000000000e+00  -4.395366681756e-16   0.000000000000e+00   7.612998410696e-16   1.886086558585e-04   3.421703300729e-06  -5.941763222772e-03   3.185895198916e-03   2.235121735117e-07   3.115355392640e-02  -7.112619619601e-02   4.383909909912e-02   3.075610374055e-06   3.605500202507e-02  -2.388606382334e-02   3.084782585916e-02   2.164184373747e-06   9.505984773725e-03   9.434608095379e-03   4.610365245789e-03   3.234484163570e-07  -8.623321190030e-02   3.546719092627e-06  -5.535553174300e-02  -6.049845150991e-06   4.532441067787e-02   1.330693066647e-05   7.523507953847e-03   2.035711000394e-02   8.707400694480e-03  -1.382868233089e-03  -1.244855993297e-04   2.131426160756e-08   4.099308195233e-06   3.973488619986e-03   1.309397709707e-02   5.974893626084e-03  -3.593081172214e-04   3.503708065275e-04  -2.508906850582e-04   4.098999707907e-06   3.973333589777e-03   1.309363973625e-02   5.974765664830e-03  -3.592780993395e-04   3.503339102634e-04   2.509135601695e-04   0.000000000000e+00   0.000000000000e+00   0.000000000000e+00   0.000000000000e+00  -2.484849967558e-08  -4.421863270299e-04   0.000000000000e+00   0.000000000000e+00   0.000000000000e+00   0.000000000000e+00   0.000000000000e+00   0.000000000000e+00   0.000000000000e+00   0.000000000000e+00   0.000000000000e+00  -1.438806093291e-05  -5.371535278859e-06  -1.243865114419e-10  -8.129395832586e-03  -3.370127999365e-03  -7.804071707459e-08  -5.953847948405e-03  -1.042783016494e-02  -5.378702766769e-03  -1.245524861159e-07   0.000000000000e+00   0.000000000000e+00   0.000000000000e+00   0.000000000000e+00   0.000000000000e+00   0.000000000000e+00   0.000000000000e+00   0.000000000000e+00   0.000000000000e+00   0.000000000000e+00  -5.512172775627e-07  -3.694556812427e-06   8.436498654636e-07  -4.238635115223e-11  -1.671000415347e-03  -6.340908431075e-03   1.561920761781e-03  -7.847345752192e-08  -6.731257803864e-03  -1.068460086569e-02   3.567606420149e-03  -1.792423903420e-07   2.683057284750e-07   3.056352411573e-12   3.588743189910e-07  -1.348011928746e-11  -5.607554975276e-07   0.000000000000e+00   0.000000000000e+00  -3.020798319056e-04  -3.047629991773e-03   0.000000000000e+00   0.000000000000e+00   0.000000000000e+00   0.000000000000e+00  -1.045233745496e-04  -5.617017487227e-03  -6.410537055409e-03  -2.406687879683e-07   9.889550098931e-08   8.630324905774e-08   0.000000000000e+00  -1.045157469716e-04  -5.616868179897e-03  -6.410464393947e-03  -2.406331639032e-07   9.888053333490e-08  -8.629717073564e-08
  -5.470852757547e-02  -7.206658972763e-02  -2.164577588099e-02  -4.503960969129e-03  -1.448405173671e-01  -7.930406297710e-02   1.958798625892e-05  -6.068758554429e-17  -1.186095680191e-17   0.000000000000e+00   1.000000000000e+00   0.000000000000e+00  -7.668814936975e-17   0.000000000000e+00   6.119923480445e-01   0.000000000000e+00   0.000000000000e+00   0.000000000000e+00   1.971949078096e-01   0.000000000000e+00   4.493466404222e-17   0.000000000000e+00   5.657041005734e-02   5.152578093741e-38   7.612998410696e-16   0.000000000000e+00  -8.670647681024e-17   0.000000000000e+00  -1.501800231806e-16  -9.213492203673e-05  -1.671494690477e-06   3.185895198916e-03  -9.762457952237e-04  -1.091852152120e-07  -1.521844397390e-02   4.383909909912e-02  -2.798835440772e-03  -1.502429041441e-06  -1.761279081012e-02   3.084782585916e-02   2.419317524195e-02  -1.057199403923e-06  -4.643653081683e-03   4.610365245789e-03   1.662029611899e-02  -1.580038545332e-07   1.522987478150e-02  -5.219497352694e-07   2.704105799508e-02   3.546719092627e-06  -5.665257391529e-02   1.128608218566e-06   6.380955249544e-04   1.726559056521e-03   7.385056879340e-04  -1.244855993297e-04   7.432948228568e-05   1.807738495516e-09  -3.540369962654e-06  -3.431705811606e-03  -1.130862111320e-02  -5.160220436326e-03   3.503708065275e-04  -2.562202451406e-04   2.166818894765e-04  -3.540009123080e-06  -3.431480399893e-03  -1.130802815898e-02  -5.159972302746e-03   3.503339102634e-04  -2.561821948865e-04  -2.166958661625e-04   0.000000000000e+00   0.000000000000e+00   0.000000000000e+00   0.000000000000e+00  -8.874469993410e-09  -1.579237918569e-04   0.000000000000e+00   0.000000000000e+00   0.000000000000e+00   0.000000000000e+00   0.000000000000e+00   0.000000000000e+00   0.000000000000e+00   0.000000000000e+00   0.000000000000e+00  -5.371535278859e-06  -1.266178737402e-06  -4.442378323795e-11  -3.370127999365e-03   1.033384408916e-04  -2.787170295933e-08  -2.126375662647e-03  -5.378702766769e-03   2.711561164761e-03  -4.448305994614e-08   0.000000000000e+00   0.000000000000e+00   0.000000000000e+00   0.000000000000e+00   0.000000000000e+00   0.000000000000e+00   0.000000000000e+00   0.000000000000e+00   0.000000000000e+00   0.000000000000e+00   1.214044570217e-07   8.436498654636e-07  -4.991333940543e-08   9.335505536983e-12   3.680343602531e-04   1.561920761781e-03   4.067300654655e-04   1.728361553395e-08   1.482545507943e-03   3.567606420149e-03   4.727780485615e-03   3.947776305372e-08  -2.497839611152e-08  -2.764013422510e-13  -7.904132110803e-08   3.056352411573e-12   1.392990586716e-07   0.000000000000e+00   0.000000000000e+00   7.491415359692e-05   7.557956447140e-04   0.000000000000e+00   0.000000000000e+00   0.000000000000e+00   0.000000000000e+00   4.141333030349e-05   2.225525166227e-03   2.539926496274e-03   9.889550098931e-08  -3.024929162862e-08  -3.419431275439e-08   0.000000000000e+00   4.141016165561e-05   2.225458134946e-03   2.539888720435e-03   9.888053333490e-08  -3.024449255167e-08   3.419178347887e-08
   7.034175671579e-06   9.265996996472e-06   2.783116213180e-06   5.790989828977e-07   1.862294031067e-05   1.958798625892e-05   7.304212777961e-02  -8.478916369589e-21   1.333578227380e-20   1.887987105199e-35   0.000000000000e+00   1.000000000000e+00  -1.484322934497e-20   1.254617808645e-35   0.000000000000e+00   6.119923480445e-01  -1.528295622158e-20   0.000000000000e+00   0.000000000000e+00   1.971949078096e-01  -7.982813862571e-22   0.000000000000e+00   5.152578093741e-38   5.657041005734e-02   0.000000000000e+00   1.501800231806e-16   0.000000000000e+00   7.612998410696e-16   0.000000000000e+00  -6.463890176853e-09  -1.172666983549e-10   2.235121735117e-07  -1.091852152120e-07   5.800571378972e-04  -1.067677144945e-06   3.075610374055e-06  -1.502429041441e-06   1.861646991408e-02  -1.235656827920e-06   2.164184373747e-06  -1.057199403923e-06   3.926227163952e-02  -3.257837839971e-07   3.234484163570e-07  -1.580038545332e-07   1.887244959762e-02   3.546719092627e-06   1.725584835288e-02   3.993960283957e-06  -3.532430799950e-02  -2.763947707861e-06  -1.932388240284e-10  -1.092538817560e-07  -2.956191849477e-07  -1.264459786196e-07   2.131426160756e-08   1.807738495516e-09   8.488754934857e-05   2.535159404669e-06   2.457348060831e-03   8.097785675337e-03   3.695088792221e-03  -2.508906850582e-04   2.166818894765e-04  -1.087820993202e-04  -2.535399132321e-06  -2.457669493489e-03  -8.098952230267e-03  -3.695637170506e-03   2.509135601695e-04  -2.166958661625e-04  -1.088244835526e-04   0.000000000000e+00   0.000000000000e+00   0.000000000000e+00   0.000000000000e+00  -2.055025809326e-13  -3.656978596058e-09   0.000000000000e+00   0.000000000000e+00   0.000000000000e+00   0.000000000000e+00   0.000000000000e+00   0.000000000000e+00   0.000000000000e+00   0.000000000000e+00   0.000000000000e+00  -1.243865114419e-10  -4.442378323795e-11   6.522279771925e-07  -7.804071707459e-08  -2.787170295933e-08   1.306956372709e-03  -4.923963763817e-08  -1.245524861159e-07  -4.448305994614e-08   4.632527698144e-03   0.000000000000e+00   0.000000000000e+00   0.000000000000e+00   0.000000000000e+00   0.000000000000e+00   0.000000000000e+00   0.000000000000e+00   0.000000000000e+00   0.000000000000e+00   0.000000000000e+00  -6.099558783120e-12  -4.238635115223e-11   9.335505536983e-12   1.358987854020e-07  -1.849064910501e-08  -7.847345752192e-08   1.728361553395e-08   7.507398584000e-04  -7.448551475119e-08  -1.792423903420e-07   3.947776305372e-08   5.513538365207e-03   3.056352411573e-12  -7.896914253091e-09   4.658363371916e-12   3.585466038498e-08  -6.601858972603e-12   0.000000000000e+00   0.000000000000e+00  -2.836824650504e-09  -2.862022211723e-08   0.000000000000e+00   0.000000000000e+00   0.000000000000e+00   0.000000000000e+00   3.614021794458e-05   1.942151571950e-03   2.216520537370e-03   8.630324905774e-08  -3.419431275439e-08  -2.090617749807e-08   0.000000000000e+00  -3.614037738330e-05  -1.942250250471e-03  -2.216666953186e-03  -8.629717073564e-08   3.419178347887e-08  -2.090765498632e-08
   1.662231483586e-01   3.752176853162e-01   3.468396067584e-01   2.118054069792e-01   3.037212096956e-01   3.194601272846e-01  -4.107474200041e-05   3.524808859889e-01   4.014863665549e-01  -9.727658783520e-16  -7.668814936975e-17  -1.484322934497e-20   1.000000000000e+00  -8.452458555257e-16   0.000000000000e+00   0.000000000000e+00   7.543153851937e-01   0.000000000000e+00   0.000000000000e+00   0.000000000000e+00   4.176890115920e-01   0.000000000000e+00   2.696010815454e-17   1.645514413729e-21   0.000000000000e+00   0.000000000000e+00   0.000000000000e+00   0.000000000000e+00   0.000000000000e+00   3.182905323872e-03   2.431125740984e-03  -3.266116693405e-02   1.595490968005e-02   1.119345213233e-06   9.689221771325e-02  -2.114248319191e-01   1.032805748858e-01   7.245833378984e-06   2.334740208228e-01  -3.694196294968e-01   1.804606931087e-01   1.266054255767e-05   2.013616497921e-01  -1.934924984035e-01   9.452066859791e-02   6.631266492157e-06  -1.696513451550e-01   5.814195846134e-06  -1.241782903771e-01  -1.190219342672e-05   1.322087919372e-01   5.031766420473e-04   2.500826139671e-02   1.222386705623e-01   1.432147465820e-01  -8.944986968462e-03  -7.586562266386e-04   1.298961275187e-07   3.002377342038e-04   1.961192301580e-02   1.113164319899e-01   1.382722014068e-01  -4.197206200113e-03   3.624919632835e-03  -2.595703046657e-03   3.002273124332e-04   1.961160250203e-02   1.113157314571e-01   1.382718748921e-01  -4.197009058266e-03   3.624652699353e-03   2.596021928019e-03   0.000000000000e+00   0.000000000000e+00   0.000000000000e+00   0.000000000000e+00   1.541162779610e-06   1.813076277410e-03   0.000000000000e+00   0.000000000000e+00   0.000000000000e+00   0.000000000000e+00   0.000000000000e+00   0.000000000000e+00   4.958842974442e-08   1.771016510183e-08   4.101072672363e-13   1.421540301499e-04   5.076932979771e-05   1.175645228774e-09   3.906763074114e-02   1.395273442069e-02   3.230979356117e-07   4.954676424447e-02   1.209093965374e-01   4.318195567145e-02   9.999474162164e-07   1.467478268332e-06   1.213636942037e-11  -1.337442342812e-06   3.398181207763e-11   1.792418364756e-06   0.000000000000e+00   0.000000000000e+00   0.000000000000e+00   0.000000000000e+00   0.000000000000e+00   1.213888942688e-05   6.420118383529e-05  -1.414017698817e-05   7.104256537110e-10   6.539081842151e-03   2.507813072447e-02  -5.523406046316e-03   2.775049671902e-07   6.120024157088e-02   1.425402417791e-01  -3.139419129503e-02   1.577295594826e-06  -1.175438311369e-05  -1.300694910695e-10  -1.615361143713e-05   5.905594614908e-10   2.538999734871e-05   0.000000000000e+00   1.730446418803e-07   1.259715901144e-03   2.572937708294e-02   0.000000000000e+00   0.000000000000e+00   0.000000000000e+00   2.003689991263e-07   6.252655373580e-04   2.953371333260e-02   8.404497401994e-02   2.058895501621e-05  -8.157574306843e-06  -7.118879626148e-06   2.003446387976e-07   6.252297039381e-04   2.953306156925e-02   8.404427805967e-02   2.058687672561e-05  -8.156722004998e-06   7.118711922037e-06
