ARMA_MAT_TXT_FN008
65 65
  -2.256339325594e+01  -2.815812061011e+01   2.626203146142e-02  -5.412516366634e-06   7.205471470887e-10  -1.044902663389e+01   1.136382811396e-02  -4.054605767497e-06   1.348180994092e-10  -4.471750647053e+00   4.487829913290e-03  -1.446566660753e-06   9.894163586815e-11  -2.038630579827e+00   1.435082150772e-03   4.137419464677e-08   1.130232159632e-10   1.814663782621e-06   1.130267800194e-10  -1.159841154708e-03   4.342706654895e-10   2.011664221754e-03  -3.168926966907e-04  -2.255854897794e-04  -1.453674318026e-02   1.420921780284e-05   8.588469184484e-10  -2.526781805690e-01  -8.664262742616e-01   7.670205363296e-04   4.028896376101e-08  -9.471311246034e-01  -1.864891582778e+00   1.648776833949e-03   8.640199619747e-08  -7.784204249241e-01  -8.510725757487e-01   7.524377795811e-04   3.943186152656e-08   1.641880895245e-03  -1.047322443976e-10   5.360847925971e-01   8.598530471163e-08  -9.285266305022e-01   6.368279724199e-05  -4.767063318139e-02  -4.510601315801e-01  -5.397725361466e-01  -2.735536188808e-03   1.519676973771e-03   1.707964426634e-08   6.495688402807e-05  -4.716992477154e-02  -4.495110034493e-01  -5.391168473537e-01  -2.692234594355e-03  -7.435604267198e-04  -1.283243825439e-03   6.495672938742e-05  -4.716999034645e-02  -4.495112071088e-01  -5.391169336516e-01  -2.692240467877e-03  -7.435912460022e-04   1.283231018923e-03
  -2.815812061011e+01  -2.133472290995e+01   2.508202002737e-02  -5.592245815677e-06   6.246114421034e-10  -9.527183778080e+00   6.295297263757e-03  -2.861248612187e-06   1.428588546181e-12  -4.202844878020e+00   1.852329395588e-03  -3.821023407841e-07   7.460575899419e-11  -1.926991011188e+00   1.841537534334e-04   1.058431665533e-06   1.562736791283e-10   1.895808742269e-07   1.523567797956e-10  -2.249716892041e-03   4.657156890751e-10   3.899824400779e-03  -2.530978620843e-04  -2.122326197938e-04  -1.318650866401e-02   1.399884848741e-05   9.021930309563e-10  -2.415187728729e-01  -8.258350428706e-01   7.324134628211e-04   3.854901869068e-08  -8.957482467615e-01  -1.760987401898e+00   1.557813675392e-03   8.168706190364e-08  -7.367952659635e-01  -8.055706124613e-01   7.125935813342e-04   3.736403392177e-08   1.569939834724e-03  -1.258658497726e-10   5.126459807261e-01   8.220094288288e-08  -8.879310752067e-01   2.127839863300e-04  -4.542224776817e-02  -4.269973612796e-01  -5.110231523089e-01  -2.571037102810e-03   1.303492568909e-03   1.468664617714e-08   2.126467344932e-04  -4.494505219229e-02  -4.255323460994e-01  -5.104024258594e-01  -2.529433511217e-03  -6.360141360123e-04  -1.098369374366e-03   2.126467209561e-04  -4.494511472459e-02  -4.255325387092e-01  -5.104025075568e-01  -2.529439145008e-03  -6.360406594313e-04   1.098358745013e-03
   2.626203146142e-02   2.508202002737e-02   2.014680990277e+00  -2.774852462201e-06   6.542979228340e-09   6.805595786641e-03  -1.123369446149e+00   3.898275376183e-06   6.265956617865e-09   1.150277226182e-02  -9.515724513068e-01  -1.688797886181e-05   5.162852941566e-10   4.308294810324e-03  -3.670645041071e-01  -4.675743235381e-05  -4.010345308545e-09  -5.165756666671e-05   8.738417170019e-11  -3.553692987477e-02  -9.480851323064e-10   6.155671473090e-02   4.258708659661e-03   5.545726464608e-03   1.653361066748e-01  -2.314260747571e-04  -1.755086568996e-08   2.312506318021e-01   4.863693595296e-01  -6.321704531161e-04  -4.035566973398e-08   2.027289327060e-01   1.798288671257e-01  -4.162066832991e-04  -2.715167590738e-08   4.947877815651e-02  -3.582481530137e-02  -9.893583070531e-05  -7.563300536363e-09  -9.768233643803e-04   4.650791239971e-10  -2.387971467329e-01  -5.210799438623e-08   4.136870736222e-01  -5.380171874189e-03   3.996562124336e-02   8.677467041592e-02   3.398176843756e-02   3.089890120793e-02  -9.175000879972e-03  -1.060416073108e-07  -5.398429745501e-03   3.972287382832e-02   8.676450960208e-02   3.405991181364e-02   3.074851204372e-02   4.443127656855e-03   7.711549169854e-03  -5.398426462831e-03   3.972291043481e-02   8.676451931855e-02   3.405990520663e-02   3.074853684041e-02   4.443312616619e-03  -7.711478209515e-03
  -5.412516366634e-06  -5.592245815677e-06  -2.774852462201e-06   1.893960954361e+00   2.184452807208e-09  -2.823833018846e-05   2.760294036844e-06  -1.224588440335e+00   1.909439061055e-09  -6.575008228248e-06  -1.701830136252e-05  -9.944842648785e-01   2.516510515584e-10   2.416036707497e-05  -3.166758863450e-05  -3.931912789477e-01  -6.285063188181e-10   3.254280881810e-02   1.600969390911e-08  -4.080377317989e-04   4.990422684378e-10  -2.427960511741e-04  -3.811804842230e-06  -2.871926420784e-06  -1.367558988129e-04  -1.250846535159e-02  -1.316822941615e-09  -1.795134349777e-04  -5.200116029124e-04  -1.182217144220e-01  -1.796116593297e-09  -1.544768025333e-04  -3.238790524332e-04  -2.083973744455e-01  -1.292370841734e-09  -2.039958919153e-05  -4.506898116120e-05  -1.084619794590e-01  -5.638011401166e-10  -2.501148780336e-01   2.311149685044e-07  -5.407432767181e-03  -1.187829991351e-09  -4.108814229735e-03   1.000113862908e-02  -1.925489413040e-02  -5.511542688186e-02  -2.543007285535e-02  -1.616421622806e-02   4.613702034173e-03   7.080412431996e-08  -5.001149928790e-03   9.520951256387e-03   2.748967651716e-02   1.273362780223e-02   8.005694169133e-03  -9.816349347160e-05   2.664117262942e-03  -5.001343001260e-03   9.521335034937e-03   2.749075260880e-02   1.273412207286e-02   8.006015226957e-03  -9.804764839530e-05  -2.664193902339e-03
   7.205471470887e-10   6.246114421034e-10   6.542979228340e-09   2.184452807208e-09   1.894007356087e+00  -2.958729249143e-09   6.103774016276e-09   1.909482159287e-09  -1.224544718059e+00  -2.248117273802e-10   5.115453771558e-10   2.515609342583e-10  -9.944760937434e-01   2.911049881128e-09  -2.292609439952e-09  -6.283554515404e-10  -3.932070204497e-01   4.987865740231e-10  -5.172154392817e-04  -1.502133829815e-08   3.254740042951e-02  -8.523015085312e-09  -2.198880453306e-10  -2.476004793883e-11  -6.070393030552e-09  -1.314222553023e-09  -1.254545570082e-02  -7.577033246307e-09  -2.666506025728e-08  -1.792520497278e-09  -1.182796726252e-01  -6.405409879291e-09  -1.598179019597e-08  -1.288977987003e-09  -2.084424163210e-01   3.197678436239e-10  -1.253140454323e-09  -5.621339765541e-10  -1.084798892937e-01  -1.193597587074e-09  -6.335369625842e-03  -1.556291925344e-07  -2.501389631281e-01  -1.453707846876e-07   1.123548971567e-07  -2.153178019679e-07  -6.165593240049e-07  -2.832596410522e-07  -1.806967655650e-07   7.089188937033e-08  -1.708563248460e-03  -8.680897133541e-03   1.636615918695e-02   4.736545334862e-02   2.191788849893e-02   1.378446351457e-02   2.663022096868e-03   2.973504711244e-03   8.680784457652e-03  -1.636597680228e-02  -4.736486781176e-02  -2.191760847639e-02  -1.378430631647e-02  -2.663098809622e-03   2.973391731306e-03
  -1.044902663389e+01  -9.527183778080e+00   6.805595786641e-03  -2.823833018846e-05  -2.958729249143e-09  -4.987169599587e+00   4.719704849990e-02  -6.360082799497e-05  -4.817219965147e-09  -3.093762753805e+00   4.234900797691e-02  -3.566253310219e-05  -1.711199418557e-09  -1.748141078580e+00   8.372104605261e-03   8.332684779435e-06   1.573390259114e-09   5.815162046753e-05   1.519646313782e-10   1.925762954641e-02   2.868297028980e-09  -3.334106274239e-02  -1.979284692863e-02  -2.018302395968e-02  -1.929451273900e-01   2.126217607639e-04   1.409006480925e-08  -3.828185747238e-01  -9.002820444257e-01   8.510392247026e-04   4.858300951362e-08  -8.738461460830e-01  -1.523354388417e+00   1.385666854463e-03   7.544229732213e-08  -7.333031246206e-01  -7.738600290777e-01   7.009381027940e-04   3.789774709258e-08   1.384928454150e-03  -7.463055032766e-10   4.468999384947e-01   7.332797137708e-08  -7.741118808532e-01   1.631020870082e-03  -8.951998217142e-02  -4.416127274526e-01  -5.164321382766e-01  -3.984038730376e-02   1.907243512704e-02   2.152937814366e-07   1.657938197991e-03  -8.881702129940e-02  -4.402411342428e-01  -5.158281251713e-01  -3.949891937724e-02  -9.374261346298e-03  -1.619134578663e-02   1.657933575805e-03  -8.881711452522e-02  -4.402413148647e-01  -5.158282047039e-01  -3.949896764237e-02  -9.374642599379e-03   1.619117312540e-02
   1.136382811396e-02   6.295297263757e-03  -1.123369446149e+00   2.760294036844e-06   6.103774016276e-09   4.719704849990e-02   6.122464429896e-02   5.637476714617e-05   7.787454566363e-09   1.018801708561e-01  -5.521106843162e-01   5.469840796976e-05   3.220745911137e-09   7.464268096689e-02  -3.829694866306e-01  -1.494792596801e-05  -3.005496049726e-09  -1.340251637045e-04   1.304549964627e-10  -7.565903394269e-02  -4.655884657008e-09   1.310476750035e-01   6.548903223833e-02   7.812847313889e-02   3.738286328876e-01  -4.609148147159e-04  -3.044514185222e-08   3.555942910800e-01   4.358610407736e-01  -6.272720497759e-04  -4.113397528164e-08   2.714776621889e-01   1.860304986836e-01  -4.315781780644e-04  -2.879871578337e-08   9.625058808519e-02  -1.881048099933e-02  -1.311909397375e-04  -9.688089529371e-09  -4.363829282682e-04  -3.757060149064e-10  -6.469412293381e-02  -2.475118227684e-08   1.121144369537e-01   3.643763980010e-03   8.856912765646e-02   1.320662150869e-01   6.851825315046e-02   8.265387761415e-02  -4.483806770796e-02  -5.064687543871e-07   3.506563279099e-03   8.821189575232e-02   1.320340011562e-01   6.859130717531e-02   8.236194384139e-02   2.212334990021e-02   3.820338064473e-02   3.506582939555e-03   8.821195099131e-02   1.320340152318e-01   6.859130191458e-02   8.236199758436e-02   2.212423989728e-02  -3.820295724869e-02
  -4.054605767497e-06  -2.861248612187e-06   3.898275376183e-06  -1.224588440335e+00   1.909482159287e-09  -6.360082799497e-05   5.637476714617e-05   3.941964859373e-02   1.591200287527e-09  -7.761202367867e-05   5.588978180331e-05  -4.982550022671e-01   1.020675187350e-10  -2.955031418693e-05   5.047173119727e-06  -3.630540616242e-01  -6.980633801366e-10   6.812401751457e-02   1.832238084724e-08  -4.724010258514e-04   5.326895654316e-10  -2.957869128649e-04  -5.741752781428e-05  -6.661412813787e-05  -3.509875684848e-04  -5.616621686196e-02  -1.208036620416e-09  -2.849360724210e-04  -4.897143074594e-04  -1.520379434544e-01  -1.643713168501e-09  -2.100251703645e-04  -3.176787608403e-04  -2.093450888834e-01  -1.231281526532e-09  -5.786494567488e-05  -6.580948707223e-05  -1.218979746240e-01  -5.688672989934e-10  -2.258139094050e-01   2.230595105863e-07  -5.386948830581e-03  -1.252263741852e-09  -3.691243127519e-03   4.292847649051e-03  -4.049402278617e-02  -6.250828317969e-02  -2.941960110684e-02  -4.612010996182e-02   1.721601748885e-02   3.009564346629e-07  -2.183810209561e-03   2.008196569726e-02   3.114671576644e-02   1.469341588528e-02   2.288001162314e-02  -2.868961308233e-03   1.143429344775e-02  -2.183889251706e-03   2.008276438894e-02   3.114793440885e-02   1.469398712759e-02   2.288092266554e-02  -2.868455379068e-03  -1.143460850274e-02
   1.348180994092e-10   1.428588546181e-12   6.265956617865e-09   1.909439061055e-09  -1.224544718059e+00  -4.817219965147e-09   7.787454566363e-09   1.591200287527e-09   3.946801225567e-02  -3.477640237270e-09   3.420680784959e-09   1.018529427195e-10  -4.982393171070e-01   5.834774992633e-10  -7.411434273964e-10  -6.982224983082e-10  -3.630680889981e-01   5.324042232889e-10  -6.562471421534e-04  -1.922607069523e-08   6.812643855174e-02  -1.145936724207e-08  -3.018700201363e-09  -3.334917372973e-09  -1.684815110363e-08  -1.206522622826e-09  -5.620833206707e-02  -1.261156705399e-08  -2.422678281310e-08  -1.641586484458e-09  -1.520982873808e-01  -8.850266694828e-09  -1.503854653764e-08  -1.228785618279e-09  -2.093918270025e-01  -1.352981986624e-09  -2.053640555300e-09  -5.675261113586e-10  -1.219175309023e-01  -1.259442396946e-09  -6.152047424223e-03  -1.601540859445e-07  -2.258329575134e-01  -1.261360346838e-07   4.837549510090e-08  -4.538120996244e-07  -7.003316497342e-07  -3.287044080910e-07  -5.167389904775e-07   3.012589471569e-07  -9.644770506993e-03  -3.820586435622e-03   3.460012301941e-02   5.371853316366e-02   2.533585664685e-02   3.944904678314e-02   1.144131969541e-02   1.024815886370e-02   3.820527298510e-03  -3.459971864789e-02  -5.371786883791e-02  -2.533553536565e-02  -3.944858657540e-02  -1.144163504635e-02   1.024766820198e-02
  -4.471750647053e+00  -4.202844878020e+00   1.150277226182e-02  -6.575008228248e-06  -2.248117273802e-10  -3.093762753805e+00   1.018801708561e-01  -7.761202367867e-05  -3.477640237270e-09  -1.904697018802e+00   2.349913957434e-01  -2.077880705240e-04  -1.147395027562e-08  -1.180759325120e+00   1.769168004802e-01  -1.694098744411e-04  -1.081540684784e-08   8.875987267749e-05   9.806725033453e-11   2.948873272067e-02   4.324802782276e-09  -5.105852014861e-02  -4.331965120734e-01  -4.198192920251e-01  -2.470101935912e-01   2.022301928354e-04   8.462428721776e-09  -5.889068579916e-01  -6.180129753565e-01   5.176171369410e-04   2.157304960163e-08  -7.805584100047e-01  -9.397460328342e-01   8.026801755230e-04   3.736179851124e-08  -5.985232112766e-01  -4.978780017160e-01   4.273370519241e-04   2.051240420431e-08   7.401052891064e-04   4.370863436353e-09   2.490734271375e-01   3.886724554564e-08  -4.311182031256e-01  -6.040790786019e-02  -1.949063926523e-01  -4.259056730101e-01  -4.341182099242e-01  -9.575867185104e-02   1.020489355827e-01   1.141396721226e-06  -6.006179153439e-02  -1.942055413712e-01  -4.249731714418e-01  -4.337104622198e-01  -9.586629228308e-02  -5.092892771671e-02  -8.771940971148e-02  -6.006183773052e-02  -1.942056382684e-01  -4.249732974841e-01  -4.337105169618e-01  -9.586629692412e-02  -5.093092629953e-02   8.771833428386e-02
   4.487829913290e-03   1.852329395588e-03  -9.515724513068e-01  -1.701830136252e-05   5.115453771558e-10   4.234900797691e-02  -5.521106843162e-01   5.588978180331e-05   3.420680784959e-09   2.349913957434e-01  -3.114699263692e-01   3.324849997319e-04   1.963428691372e-08   3.070457950336e-01  -3.911311804304e-01   3.138946331016e-04   2.112126073293e-08  -1.284947539516e-04   1.585242240826e-10  -6.395828044698e-02  -5.026460919031e-09   1.107784896295e-01   1.192898578273e+00   1.130527025020e+00   2.903102294762e-01  -3.783184110994e-04  -1.460857859125e-08   8.764867367884e-01   1.731090027304e-01  -2.712586484029e-04  -3.939045661541e-10   5.860469008533e-01   6.725458057045e-02  -1.411966098436e-04   3.514354945518e-09   3.103313896256e-01   1.452761322507e-02  -7.526280961544e-05  -7.759068556969e-12   8.711369558191e-05  -1.054394940391e-08  -1.762481991133e-03   5.823690311968e-09   2.301398641112e-03   1.460347794766e-01   3.155273834653e-01   3.460770607694e-01   2.365198602827e-01   1.327946018579e-01  -2.232410914936e-01  -2.496600380760e-06   1.456056416208e-01   3.153110967419e-01   3.460459588651e-01   2.365401754884e-01   1.340060412110e-01   1.117440253018e-01   1.924377681716e-01   1.456057119274e-01   3.153111525220e-01   3.460459799544e-01   2.365401788646e-01   1.340059330075e-01   1.117483776225e-01  -1.924353525136e-01
  -1.446566660753e-06  -3.821023407841e-07  -1.688797886181e-05  -9.944842648785e-01   2.515609342583e-10  -3.566253310219e-05   5.469840796976e-05  -4.982550022671e-01   1.018529427195e-10  -2.077880705240e-04   3.324849997319e-04   4.435877755017e-02   1.233124508110e-09  -2.882578012502e-04   3.227523697229e-04  -6.425540949772e-02   1.975939954582e-09   4.852457168933e-02   1.271927273034e-08  -3.222341085885e-04   1.703107284092e-10  -2.200436168647e-04  -1.052437868254e-03  -9.994399815866e-04  -3.964620390214e-04  -1.617297756395e-01   2.019804808405e-09  -7.988340172502e-04  -3.162893534211e-04  -1.707158775886e-01   4.585710110877e-09  -5.529027750922e-04  -1.834379650957e-04  -1.267415142885e-01   3.842880364892e-09  -2.979766000827e-04  -8.704426578300e-05  -8.261379972472e-02   1.474932530703e-09  -8.555082589114e-03  -6.230903940821e-07   1.591221676688e-02   2.313336581135e-09   9.231097498598e-03  -8.142037840588e-02  -9.789589086232e-02  -5.582199870052e-02  -2.323403504759e-02  -6.078751840078e-02   3.452409715528e-02   8.724104245506e-07   4.047372663340e-02   4.860464496121e-02   2.750534591957e-02   1.131561451821e-02   3.045886869866e-02  -2.394907689499e-02   3.349253668018e-02   4.047532187949e-02   4.860654974199e-02   2.750642666449e-02   1.131606207289e-02   3.046003589611e-02  -2.394757924835e-02  -3.349341663249e-02
   9.894163586815e-11   7.460575899419e-11   5.162852941566e-10   2.516510515584e-10  -9.944760937434e-01  -1.711199418557e-09   3.220745911137e-09   1.020675187350e-10  -4.982393171070e-01  -1.147395027562e-08   1.963428691372e-08   1.233124508110e-09   4.444179058613e-02  -1.810171739641e-08   2.179966609217e-08   1.974612894484e-09  -6.413619769248e-02   1.701669505811e-10  -4.598320585361e-04  -1.323976102501e-08   4.852485369030e-02  -8.587991443675e-09  -5.524524966505e-08  -5.251976668385e-08  -2.047557235748e-08   2.018983493540e-09  -1.616595753929e-01  -4.632719116147e-08  -1.672389589035e-08   4.591034555913e-09  -1.704776212150e-01  -3.505362785809e-08  -1.020813546577e-08   3.847390791310e-09  -1.265189910262e-01  -1.965479494428e-08  -4.796091144065e-09   1.476029456649e-09  -8.252571043292e-02   2.322363561594e-09   1.839433280237e-02   5.247561777602e-07  -8.490288282829e-03   3.136189383620e-07  -9.140069459859e-07  -1.104269959367e-06  -6.382205238452e-07  -2.710516795470e-07  -6.841939124866e-07   8.783884291812e-07  -4.349716700123e-02   6.989170206355e-02   8.408291972344e-02   4.782070657837e-02   1.983204851749e-02   5.264742113315e-02   3.361949334635e-02   1.447123515845e-02  -6.989085916838e-02  -8.408189353375e-02  -4.782013875310e-02  -1.983182482076e-02  -5.264673103098e-02  -3.362037937066e-02   1.446976467403e-02
  -2.038630579827e+00  -1.926991011188e+00   4.308294810324e-03   2.416036707497e-05   2.911049881128e-09  -1.748141078580e+00   7.464268096689e-02  -2.955031418693e-05   5.834774992633e-10  -1.180759325120e+00   3.070457950336e-01  -2.882578012502e-04  -1.810171739641e-08  -7.597561052524e-01   3.500761040098e-01  -3.517656314016e-04  -2.663171621363e-08   6.708162858691e-05   3.471027460458e-11   2.111036978838e-02   3.437154369168e-09  -3.655136807840e-02  -7.815916570283e-01  -7.424889187418e-01  -1.303159788768e-01   7.536883954405e-05  -4.349399021160e-09  -7.721688417923e-01  -3.241675753348e-01   2.702593083404e-04  -5.629606628148e-09  -7.566797477311e-01  -4.675141111018e-01   3.964294053247e-04   3.544961663877e-09  -5.042429369592e-01  -2.199511256626e-01   1.807863191395e-04   2.306392653876e-09   1.962550295259e-04   9.085076664683e-09   1.414134782266e-01   5.370508856548e-09  -2.438602409498e-01  -1.665746424728e-01  -3.108284828549e-01  -4.440772113669e-01  -3.812033184344e-01  -8.361554132668e-02   1.835074255312e-01   2.048817095072e-06  -1.661946161757e-01  -3.104124960522e-01  -4.436282416010e-01  -3.810202291436e-01  -8.436146151678e-02  -9.194087271743e-02  -1.582715187481e-01  -1.661946668957e-01  -3.104125636386e-01  -4.436283126746e-01  -3.810202575220e-01  -8.436139589089e-02  -9.194444925212e-02   1.582695190535e-01
   1.435082150772e-03   1.841537534334e-04  -3.670645041071e-01  -3.166758863450e-05  -2.292609439952e-09   8.372104605261e-03  -3.829694866306e-01   5.047173119727e-06  -7.411434273964e-10   1.769168004802e-01  -3.911311804304e-01   3.227523697229e-04   2.179966609217e-08   3.500761040098e-01  -3.852137906333e-01   4.165907314911e-04   3.268211512745e-08  -6.105025555831e-05   1.025826294860e-10  -2.881937937958e-02  -2.481983633715e-09   4.991420314827e-02   1.311240951990e+00   1.236327471458e+00   2.847756178262e-02  -2.344029749640e-04  -2.906506508227e-09   1.031548669286e+00  -1.758952102976e-02  -3.691684884288e-04   5.783507814759e-09   7.183613448378e-01  -8.319502599654e-02  -1.887377159046e-04   1.124588178166e-08   4.175317565748e-01  -1.352571677973e-02  -7.474719924359e-05   4.251539525920e-09   5.204054341975e-04  -7.996333072718e-09  -3.734361027845e-03   3.975887302961e-08   4.754366548074e-03   2.791720874624e-01   4.363145845154e-01   4.548939944918e-01   3.310112327701e-01   8.161808514776e-02  -2.983101761058e-01  -3.333050643679e-06   2.792264518435e-01   4.366131145970e-01   4.551343161354e-01   3.310714959489e-01   8.314423124783e-02   1.496842763242e-01   2.577329285045e-01   2.792264681678e-01   4.366131177366e-01   4.551343134593e-01   3.310714973869e-01   8.314408663743e-02   1.496900746230e-01  -2.577296334905e-01
   4.137419464677e-08   1.058431665533e-06  -4.675743235381e-05  -3.931912789477e-01  -6.283554515404e-10   8.332684779435e-06  -1.494792596801e-05  -3.630540616242e-01  -6.982224983082e-10  -1.694098744411e-04   3.138946331016e-04  -6.425540949772e-02   1.974612894484e-09  -3.517656314016e-04   4.165907314911e-04   6.462789307574e-02   3.974536797173e-09   2.179817773774e-02   7.096750430993e-09  -1.790517620412e-04  -9.672336383123e-11  -1.190604730614e-04  -1.154849549940e-03  -1.092299441884e-03  -2.517212566141e-04  -2.011792305044e-01   2.842344512672e-09  -9.078961714734e-04  -3.288560048477e-04  -2.313691634149e-01   6.438210275239e-09  -6.285305475195e-04  -1.688978085731e-04  -1.138348733541e-01   5.707377573994e-09  -3.710459241166e-04  -7.781602786664e-05  -2.872264457059e-02   2.357721951668e-09  -4.269218064089e-03  -1.848555235402e-06   4.736132588645e-02   8.129161524722e-09   2.747742712113e-02  -1.566312804052e-01  -1.328405498254e-01  -4.842865428911e-02  -1.193083447710e-02  -2.917402226499e-02   5.470375924135e-02   1.086961571992e-06   7.806949901015e-02   6.604823034340e-02   2.374183510100e-02   5.559551014580e-03   1.470925016222e-02  -1.838617166462e-02   4.187818293970e-02   7.807254652793e-02   6.605080634033e-02   2.374276771368e-02   5.559777196626e-03   1.470979954830e-02  -1.838427980723e-02  -4.187927537362e-02
   1.130232159632e-10   1.562736791283e-10  -4.010345308545e-09  -6.285063188181e-10  -3.932070204497e-01   1.573390259114e-09  -3.005496049726e-09  -6.980633801366e-10  -3.630680889981e-01  -1.081540684784e-08   2.112126073293e-08   1.975939954582e-09  -6.413619769248e-02  -2.663171621363e-08   3.268211512745e-08   3.974536797173e-09   6.492169140888e-02  -9.699917143532e-11  -2.427566796312e-04  -6.949520376663e-09   2.179789123196e-02  -4.455653070416e-09  -6.070724837877e-08  -5.759725150383e-08  -1.502599718528e-08   2.844015191910e-09  -2.010117502781e-01  -5.717371648169e-08  -2.139141176942e-08   6.451808192098e-09  -2.307842422538e-01  -4.624093978521e-08  -1.397540345853e-08   5.718575723518e-09  -1.132122510515e-01  -2.891678947602e-08  -7.001564499741e-09   2.361046380856e-09  -2.844503595750e-02   8.156611559018e-09   5.485715057667e-02   1.571940257909e-06  -4.183540836355e-03   9.351884268712e-07  -1.759052916321e-06  -1.498987032790e-06  -5.610145773908e-07  -1.509662842644e-07  -3.310004434651e-07   1.095681812380e-06  -4.264601640095e-02   1.348672490901e-01   1.142590528709e-01   4.138650368281e-02   1.000674476703e-02   2.551991138817e-02   4.204832425007e-02   2.957899761856e-02  -1.348655716798e-01  -1.142576380706e-01  -4.138602370968e-02  -1.000665964884e-02  -2.551955509661e-02  -4.204942551656e-02   2.957716915146e-02
   1.814663782621e-06   1.895808742269e-07  -5.165756666671e-05   3.254280881810e-02   4.987865740231e-10   5.815162046753e-05  -1.340251637045e-04   6.812401751457e-02   5.324042232889e-10   8.875987267749e-05  -1.284947539516e-04   4.852457168933e-02   1.701669505811e-10   6.708162858691e-05  -6.105025555831e-05   2.179817773774e-02  -9.699917143532e-11   4.198736949958e+00   6.635878119481e-10  -3.575745196088e-05   2.084226229731e-12   3.956825033631e-05   4.824243928960e-05   5.485449628187e-05   3.603791765422e-04   6.414576708251e-02  -3.981254846866e-10   1.523438563975e-04   4.809145496788e-05   5.644634688607e-02  -5.702709147562e-10   1.065701739960e-04   9.103259144498e-05   3.897802644967e-02  -4.007801382158e-10   4.903772888570e-05   2.479300626846e-05   1.459755382781e-02  -1.527092955507e-10  -1.421822286179e-02   6.666630179056e-08  -1.537121830091e-03  -2.208905869935e-10  -1.322886051414e-03   8.955635718779e-03   2.741244321337e-02   1.407092174564e-02   3.784696987302e-03   3.312422368484e-02  -1.661966784687e-02  -2.857230586625e-07  -4.444254600075e-03  -1.364621791813e-02  -6.975913821344e-03  -1.846918234092e-03  -1.645924899408e-02   2.475641259002e-03  -1.089019630453e-02  -4.444431516586e-03  -1.364675303409e-02  -6.976186469659e-03  -1.846991026731e-03  -1.645990152409e-02   2.475154175202e-03   1.089049250216e-02
   1.130267800194e-10   1.523567797956e-10   8.738417170019e-11   1.600969390911e-08  -5.172154392817e-04   1.519646313782e-10   1.304549964627e-10   1.832238084724e-08  -6.562471421534e-04   9.806725033453e-11   1.585242240826e-10   1.271927273034e-08  -4.598320585361e-04   3.471027460458e-11   1.025826294860e-10   7.096750430993e-09  -2.427566796312e-04   6.635878119481e-10   4.236316420452e+00  -1.048408216401e-11   4.818855410786e-05   3.132889872708e-11  -1.938624522580e-11  -1.217850658491e-11  -1.066937788554e-11  -2.319762366012e-08   5.491040108848e-04   8.498974596773e-12  -5.701734049426e-11  -2.069843506643e-08   5.006820961614e-04  -1.601713316056e-11  -3.774273867810e-11  -4.648483488382e-09   6.456061821918e-05  -8.429543977409e-12   3.800283029519e-12   1.833618515347e-09  -7.965449434267e-05   5.811709333662e-09  -2.227981645168e-02   1.632533346669e-10  -1.749741750272e-04   1.010645713397e-10  -2.181256968072e-08  -1.201020410060e-07  -4.639044679367e-08  -9.051331533711e-09  -2.140258242728e-07   9.094489459106e-08  -3.330087701400e-03  -8.063552829897e-04  -4.566505903508e-03  -1.762797416468e-03  -3.427391602645e-04  -8.135100347731e-03   3.983758583622e-04  -2.545572169981e-03   8.063787623360e-04   4.566628546941e-03   1.762844171770e-03   3.427482222694e-04   8.135323386433e-03  -3.981843147151e-04  -2.545568683814e-03
  -1.159841154708e-03  -2.249716892041e-03  -3.553692987477e-02  -4.080377317989e-04  -1.502133829815e-08   1.925762954641e-02  -7.565903394269e-02  -4.724010258514e-04  -1.922607069523e-08   2.948873272067e-02  -6.395828044698e-02  -3.222341085885e-04  -1.323976102501e-08   2.111036978838e-02  -2.881937937958e-02  -1.790517620412e-04  -6.949520376663e-09  -3.575745196088e-05  -1.048408216401e-11   4.217502331745e+00   5.142052617556e-10   3.259073349411e-02   1.618341497447e-02   1.818023168141e-02   1.015476291292e-01   4.272640796254e-04   7.161626589614e-09   5.079216001042e-02   4.250165210728e-03   4.609925686892e-04   1.083381146482e-08   3.533722967263e-02   2.005662845143e-02   5.749691505217e-05  -1.270835172597e-09   1.530470203454e-02   3.182587544187e-03  -6.595124836754e-05  -3.256066821775e-09   2.902200956914e-05  -9.832815979717e-11   3.860240488131e-02   3.846303704441e-09  -1.054598369950e-01   3.165648505870e-03   1.947700240416e-02   1.928429309359e-02   1.124913218499e-02   2.210777110008e-02  -1.357217984938e-02  -2.171764577985e-07   1.907538394141e-03   1.257307235012e-02   1.662540496274e-02   1.073369178709e-02   9.821396242564e-03   3.088081205297e-03   1.021985403395e-02   1.907571703466e-03   1.257325038298e-02   1.662547364896e-02   1.073370497508e-02   9.821708216833e-03   3.088295487733e-03  -1.021989758924e-02
   4.342706654895e-10   4.657156890751e-10  -9.480851323064e-10   4.990422684378e-10   3.254740042951e-02   2.868297028980e-09  -4.655884657008e-09   5.326895654316e-10   6.812643855174e-02   4.324802782276e-09  -5.026460919031e-09   1.703107284092e-10   4.852485369030e-02   3.437154369168e-09  -2.481983633715e-09  -9.672336383123e-11   2.179789123196e-02   2.084226229731e-12   4.818855410786e-05   5.142052617556e-10   4.198744220654e+00   2.918191761758e-09   2.466288505447e-09   2.808105200288e-09   1.846627671234e-08  -3.951884179844e-10   6.414842859465e-02   7.418555278039e-09   1.578119458160e-09  -5.662626166403e-10   5.644353293400e-02   5.115428553640e-09   4.466100771355e-09  -3.979990564706e-10   3.897626152001e-02   2.444508287020e-09   1.452179806050e-09  -1.515848025049e-10   1.459845761334e-02  -2.204747527768e-10  -2.027158867953e-03  -4.856178027463e-08  -1.422763582710e-02  -5.228345885199e-08   1.003642553541e-07   3.076926226528e-07   1.589467049090e-07   4.356226396762e-08   3.717375946682e-07  -2.856083942059e-07   8.863791017893e-03  -7.682510689808e-03  -2.357328234791e-02  -1.209742586805e-02  -3.238321451676e-03  -2.840804205551e-02  -1.089656875158e-02  -9.986679892309e-03   7.682420505358e-03   2.357299304953e-02   1.209727664198e-02   3.238283256081e-03   2.840770618159e-02   1.089686484647e-02  -9.986213955299e-03
   2.011664221754e-03   3.899824400779e-03   6.155671473090e-02  -2.427960511741e-04  -8.523015085312e-09  -3.334106274239e-02   1.310476750035e-01  -2.957869128649e-04  -1.145936724207e-08  -5.105852014861e-02   1.107784896295e-01  -2.200436168647e-04  -8.587991443675e-09  -3.655136807840e-02   4.991420314827e-02  -1.190604730614e-04  -4.455653070416e-09   3.956825033631e-05   3.132889872708e-11   3.259073349411e-02   2.918191761758e-09   4.179860911876e+00  -2.803140837170e-02  -3.148935003356e-02  -1.758870559753e-01   5.747041712809e-04   2.215534280396e-08  -8.796727275685e-02  -7.361059931382e-03   3.815442635570e-04   1.302559093647e-08  -6.119568756670e-02  -3.473289486311e-02   1.457654603022e-04   5.470512756335e-09  -2.650056844374e-02  -5.508488240171e-03  -4.903600621908e-06  -3.345981600758e-11  -3.869917856402e-04   5.544449249365e-10  -1.054572955503e-01  -1.807485419041e-08   1.603804961679e-01  -3.557899691281e-03  -2.305201134731e-02  -2.927690805851e-02  -1.867631235145e-02  -1.921683493650e-02   1.873752625254e-02   1.730901633738e-07  -4.235125289335e-03  -2.701671822343e-02  -3.081703219246e-02  -1.898005165365e-02  -2.633014637738e-02  -1.140405899856e-02  -1.684871016159e-02  -4.235114534660e-03  -2.701662576714e-02  -3.081699585379e-02  -1.898004429730e-02  -2.632997731423e-02  -1.140446114471e-02   1.684842212101e-02
  -3.168926966907e-04  -2.530978620843e-04   4.258708659661e-03  -3.811804842230e-06  -2.198880453306e-10  -1.979284692863e-02   6.548903223833e-02  -5.741752781428e-05  -3.018700201363e-09  -4.331965120734e-01   1.192898578273e+00  -1.052437868254e-03  -5.524524966505e-08  -7.815916570283e-01   1.311240951990e+00  -1.154849549940e-03  -6.070724837877e-08   4.824243928960e-05  -1.938624522580e-11   1.618341497447e-02   2.466288505447e-09  -2.803140837170e-02  -9.579264840527e+00  -1.201714591310e+01  -1.213803751959e-02   4.718760740379e-05   3.513601340694e-09  -4.429642454041e+00  -4.876376260773e-03   3.183857573699e-05   1.185990872126e-09  -1.993442103901e+00  -1.800992731339e-03   1.603349470362e-05   3.611752710736e-10  -8.400150650911e-01  -4.885765751941e-04   5.596317365529e-06   9.844933455725e-11  -2.587485834823e-05   3.732879987204e-10  -8.009186381990e-04  -1.920824097765e-09   1.420413953864e-03  -1.318184811229e-01  -9.589042462222e-01  -1.021696976335e+00  -6.258499069331e-01  -3.581564976802e-01   1.067033565929e+00   1.191418586478e-05  -1.319547471445e-01  -9.592486518035e-01  -1.021820222635e+00  -6.258772145829e-01  -3.635111785427e-01  -5.356268865423e-01  -9.215993848430e-01  -1.319547642703e-01  -9.592486962996e-01  -1.021820238373e+00  -6.258772180215e-01  -3.635106959898e-01  -5.356476448854e-01   9.215876210064e-01
  -2.255854897794e-04  -2.122326197938e-04   5.545726464608e-03  -2.871926420784e-06  -2.476004793883e-11  -2.018302395968e-02   7.812847313889e-02  -6.661412813787e-05  -3.334917372973e-09  -4.198192920251e-01   1.130527025020e+00  -9.994399815866e-04  -5.251976668385e-08  -7.424889187418e-01   1.236327471458e+00  -1.092299441884e-03  -5.759725150383e-08   5.485449628187e-05  -1.217850658491e-11   1.818023168141e-02   2.808105200288e-09  -3.148935003356e-02  -1.201714591310e+01  -8.799131137047e+00  -1.073112860184e-02   4.299095993290e-05   3.258482867976e-09  -3.959214332190e+00  -5.764062054055e-05   1.897154442750e-05   5.695642408902e-11  -1.873548097163e+00   2.619070599033e-03   7.076436336032e-06  -3.972913227988e-10  -8.024059458378e-01   1.759943348095e-03   1.374051660250e-06  -2.127275890891e-10  -3.924987396834e-05   4.157408390604e-10  -1.957896318380e-03  -3.116142319814e-09   3.463195261353e-03  -1.537835076416e-01  -9.170716949602e-01  -9.719306900851e-01  -5.992343565081e-01  -3.509246025512e-01   1.047776935281e+00   1.169910477196e-05  -1.539212921327e-01  -9.173834529985e-01  -9.720469058992e-01  -5.992612030048e-01  -3.561638562304e-01  -5.259357050870e-01  -9.049253750419e-01  -1.539213110336e-01  -9.173834939700e-01  -9.720469203956e-01  -5.992612061297e-01  -3.561633798439e-01  -5.259560842223e-01   9.049138176547e-01
  -1.453674318026e-02  -1.318650866401e-02   1.653361066748e-01  -1.367558988129e-04  -6.070393030552e-09  -1.929451273900e-01   3.738286328876e-01  -3.509875684848e-04  -1.684815110363e-08  -2.470101935912e-01   2.903102294762e-01  -3.964620390214e-04  -2.047557235748e-08  -1.303159788768e-01   2.847756178262e-02  -2.517212566141e-04  -1.502599718528e-08   3.603791765422e-04  -1.066937788554e-11   1.015476291292e-01   1.846627671234e-08  -1.758870559753e-01  -1.213803751959e-02  -1.073112860184e-02   1.025554401931e+00  -3.163367138349e-04  -2.561420315760e-08   1.585242639694e-02  -3.896901958632e-01  -4.400460225983e-04  -3.567493662385e-08   2.650956843362e-02  -3.974226768746e-01  -3.068181415701e-04  -2.511620248529e-08   2.748713013144e-02  -1.335718859869e-01  -1.266360947190e-04  -1.031326344015e-08   5.752005090231e-04   1.237469205469e-08   6.324324209458e-02   4.106681055166e-08  -1.095977149385e-01   1.306684118767e-01   1.242556607785e-01   7.034316190476e-02   3.492214440791e-02  -1.244364387618e-01  -1.105109226904e-01  -1.239736948851e-06   1.323960483870e-01   1.259315600486e-01   7.115553769929e-02   3.513997746690e-02  -1.233475909241e-01   5.614297235100e-02   9.679538857717e-02   1.323958822987e-01   1.259313960776e-01   7.115545838026e-02   3.513995643386e-02  -1.233477142600e-01   5.614506346499e-02  -9.679401386996e-02
   1.420921780284e-05   1.399884848741e-05  -2.314260747571e-04  -1.250846535159e-02  -1.314222553023e-09   2.126217607639e-04  -4.609148147159e-04  -5.616621686196e-02  -1.206522622826e-09   2.022301928354e-04  -3.783184110994e-04  -1.617297756395e-01   2.018983493540e-09   7.536883954405e-05  -2.344029749640e-04  -2.011792305044e-01   2.844015191910e-09   6.414576708251e-02  -2.319762366012e-08   4.272640796254e-04  -3.951884179844e-10   5.747041712809e-04   4.718760740379e-05   4.299095993290e-05  -3.163367138349e-04   9.453688309203e-01   4.388043196881e-09   1.106024360560e-04  -4.393843310118e-04  -4.746382790356e-01   4.978257276154e-09   7.634733511601e-05  -3.299151690660e-04  -4.776268136113e-01   2.145575608868e-09   1.447250724844e-05  -1.524989358849e-04  -1.810888048871e-01   4.478242775109e-10   5.910708187711e-02  -3.022084281124e-06   7.745585092005e-02   1.577751811767e-08   4.520705538912e-02  -4.064857078390e-01  -3.783308155596e-01  -1.775711123766e-01  -4.898081379241e-02  -1.167559978517e-01   1.678542038037e-01   3.947148890836e-06   2.038200090836e-01   1.897818228763e-01   8.914522610564e-02   2.459515566749e-02   5.931972142352e-02  -9.684661767811e-02   1.532302087323e-01   2.038279033915e-01   1.897891664508e-01   8.914867209942e-02   2.459610599072e-02   5.932193159482e-02  -9.683973221432e-02  -1.532341581339e-01
   8.588469184484e-10   9.021930309563e-10  -1.755086568996e-08  -1.316822941615e-09  -1.254545570082e-02   1.409006480925e-08  -3.044514185222e-08  -1.208036620416e-09  -5.620833206707e-02   8.462428721776e-09  -1.460857859125e-08   2.019804808405e-09  -1.616595753929e-01  -4.349399021160e-09  -2.906506508227e-09   2.842344512672e-09  -2.010117502781e-01  -3.981254846866e-10   5.491040108848e-04   7.161626589614e-09   6.414842859465e-02   2.215534280396e-08   3.513601340694e-09   3.258482867976e-09  -2.561420315760e-08   4.388043196881e-09   9.457205387589e-01  -5.247455731860e-09  -3.567555500786e-08   4.974494590666e-09  -4.739895994011e-01  -6.843667393427e-09  -2.815206883179e-08   2.137757104160e-09  -4.772124717323e-01  -5.890183323115e-09  -1.356306693190e-08   4.427933142456e-10  -1.809579194415e-01   1.583615569816e-08   9.005355892233e-02   2.580003162734e-06   5.930358569489e-02   1.547190673525e-06  -4.543984118135e-06  -4.226522572642e-06  -1.984993994301e-06  -5.505328919326e-07  -1.308760055205e-06   3.943224818274e-06  -1.857456968045e-01   3.512293788989e-01   3.267418842559e-01   1.532937734660e-01   4.227444862069e-02   1.022415043496e-01   1.531702660927e-01   7.748621208938e-02  -3.512248840346e-01  -3.267376929299e-01  -1.532918083986e-01  -4.227391246301e-02  -1.022400522947e-01  -1.531742115838e-01   7.747942644730e-02
  -2.526781805690e-01  -2.415187728729e-01   2.312506318021e-01  -1.795134349777e-04  -7.577033246307e-09  -3.828185747238e-01   3.555942910800e-01  -2.849360724210e-04  -1.261156705399e-08  -5.889068579916e-01   8.764867367884e-01  -7.988340172502e-04  -4.632719116147e-08  -7.721688417923e-01   1.031548669286e+00  -9.078961714734e-04  -5.717371648169e-08   1.523438563975e-04   8.498974596773e-12   5.079216001042e-02   7.418555278039e-09  -8.796727275685e-02  -4.429642454041e+00  -3.959214332190e+00   1.585242639694e-02   1.106024360560e-04  -5.247455731860e-09  -2.217538087758e+00  -8.746079271168e-03   3.550309760128e-04  -7.485408079787e-09  -1.556677869758e+00  -1.252625347449e-02   2.589091582098e-04  -4.665180039911e-09  -8.608909800528e-01   3.761981050382e-03   7.888233661636e-05  -2.211324862088e-09  -7.129574572361e-04   6.017081313333e-09   1.629047567062e-02  -5.546626998309e-08  -2.606986885528e-02  -4.293002264721e-01  -8.662237700019e-01  -9.552323297849e-01  -6.670502731753e-01  -1.934297551626e-01   5.964601569477e-01   6.662107481571e-06  -4.293456404409e-01  -8.664453676990e-01  -9.553916127972e-01  -6.671053697006e-01  -1.963195351252e-01  -2.993136210824e-01  -5.151976635283e-01  -4.293456568889e-01  -8.664453958891e-01  -9.553916285162e-01  -6.671053737270e-01  -1.963192625858e-01  -2.993252118981e-01   5.151910707481e-01
  -8.664262742616e-01  -8.258350428706e-01   4.863693595296e-01  -5.200116029124e-04  -2.666506025728e-08  -9.002820444257e-01   4.358610407736e-01  -4.897143074594e-04  -2.422678281310e-08  -6.180129753565e-01   1.731090027304e-01  -3.162893534211e-04  -1.672389589035e-08  -3.241675753348e-01  -1.758952102976e-02  -3.288560048477e-04  -2.139141176942e-08   4.809145496788e-05  -5.701734049426e-11   4.250165210728e-03   1.578119458160e-09  -7.361059931382e-03  -4.876376260773e-03  -5.764062054055e-05  -3.896901958632e-01  -4.393843310118e-04  -3.567555500786e-08  -8.746079271168e-03  -2.268586443723e-01  -8.328535281722e-04  -6.791654196716e-08  -5.498051734040e-02  -4.879867880680e-01  -5.997551694588e-04  -5.167170315635e-08  -3.344907911132e-02  -2.455967413480e-01  -2.366118337979e-04  -2.071286329804e-08   1.575013086411e-03   3.363627541918e-08   2.000239982043e-01   1.090392275220e-07  -3.464858968472e-01   1.425451434342e-01   1.172725727690e-01   4.127645103181e-02  -1.535471346015e-03  -4.253225817040e-02   2.077885487331e-02   2.226214666641e-07   1.443110619022e-01   1.190534544474e-01   4.250340726851e-02  -1.131300492332e-03  -4.256542878774e-02  -1.069202553830e-02  -1.805048702938e-02   1.443108843102e-01   1.190532787667e-01   4.250328556700e-02  -1.131340678403e-03  -4.256542610748e-02  -1.069242594548e-02   1.805022267695e-02
