ARMA_MAT_TXT_FN008
65 65
  -4.057925660708e+01  -4.355889125398e+01   9.513500011953e-02  -8.207171014443e-05  -5.836835379109e-09  -1.569666242584e+01   4.317999909344e-02  -3.725081584255e-05  -2.649230525876e-09  -6.720357554735e+00   1.221562476521e-02  -1.053825840862e-05  -7.494675011281e-10  -3.057735969127e+00   3.424254097181e-03  -2.954058857115e-06  -2.100888993071e-10   9.535507324745e-06   3.665346382194e-11   3.142144078066e-03   6.221608507187e-10  -5.439645712170e-03  -2.349341599518e-04   1.121909827588e-05  -1.664416130907e-02   1.470657094796e-05   7.692156262959e-10  -3.764685557878e-01  -1.300100379409e+00   1.148735713331e-03   6.009838996882e-08  -1.420303427743e+00  -2.799444612647e+00   2.473513857186e-03   1.294118906903e-07  -1.166387101939e+00  -1.275326752850e+00   1.126844219251e-03   5.895578124182e-08   2.474030085387e-03  -1.140038673645e-10   8.082977593721e-01   1.294331772892e-07  -1.400010575264e+00  -9.211504103556e-06  -7.059694442552e-02  -6.758118269180e-01  -8.086345289174e-01  -2.980013091839e-03   1.772743919119e-03   1.988054627088e-08  -8.927812689768e-06  -6.985076431233e-02  -6.734887971954e-01  -8.076521082319e-01  -2.921472818107e-03  -8.661971213405e-04  -1.493931467379e-03  -8.927849478835e-06  -6.985086207962e-02  -6.734891026601e-01  -8.076522375581e-01  -2.921480699941e-03  -8.662332708236e-04   1.493916924909e-03
  -4.355889125398e+01  -3.805755512627e+01   1.077855544033e-01  -9.298517651366e-05  -6.612987192117e-09  -1.561037776032e+01   3.099876102737e-02  -2.674222238586e-05  -1.901872758359e-09  -6.681043108030e+00   7.204200497701e-03  -6.214968774129e-06  -4.420006547733e-10  -3.030581429915e+00   1.903275623364e-03  -1.641930783512e-06  -1.167720237663e-10   3.780756222185e-06   1.453281999407e-11   1.245836259107e-03   2.466820514118e-10  -2.156778205120e-03  -1.047207061007e-04   8.417823829541e-06  -1.238125149291e-02   1.093964190226e-05   5.724263070056e-10  -3.680359172981e-01  -1.282019538314e+00   1.132749812961e-03   5.927080903620e-08  -1.405357398295e+00  -2.775986186432e+00   2.452768885650e-03   1.283409222317e-07  -1.154191140863e+00  -1.263147634867e+00   1.116075061887e-03   5.839865973838e-08   2.447208723018e-03  -1.130856149209e-10   7.995421401874e-01   1.280493556513e-07  -1.384845443391e+00  -3.657611522514e-06  -6.862983715245e-02  -6.680737872395e-01  -7.999811485634e-01  -2.475300743475e-03   1.471243259021e-03   1.649944791112e-08  -3.530197697334e-06  -6.789924564595e-02  -6.657733299822e-01  -7.990084322025e-01  -2.424277745731e-03  -7.181653999155e-04  -1.238623909779e-03  -3.530214184138e-06  -6.789934136177e-02  -6.657736324642e-01  -7.990085602457e-01  -2.424284601199e-03  -7.181954649098e-04   1.238612013763e-03
   9.513500011953e-02   1.077855544033e-01  -1.296669522395e+01   5.186205872892e-05   3.383830716715e-09   2.942211961292e-01  -8.854872084934e+00   5.585861895766e-05   3.644593277998e-09   1.755251486375e-01  -3.056619278109e+00   2.145484670993e-05   1.399858993209e-09   8.787365812070e-02  -9.147644372855e-01   6.581228032295e-06   4.294037320271e-10  -1.788232141609e-04  -6.734654982430e-11  -1.107209066759e-01  -1.247745174288e-08   1.917695901607e-01   3.383351683682e-03   2.944610839510e-05   1.173288927353e-01  -1.118268136493e-04  -5.843132505853e-09   4.832555671446e-01   1.261639443993e+00  -1.341181283337e-03  -7.006890244303e-08   5.417843761496e-01   5.345652817683e-01  -9.101401860362e-04  -4.752850263302e-08   1.625576433997e-01  -5.690456366399e-02  -1.536908503641e-04  -8.013630676992e-09  -3.060754789834e-03   1.588763680095e-10  -8.420060800911e-01  -1.599045628490e-07   1.458393848620e+00   1.378879861289e-04   8.356079671429e-02   2.356850814117e-01   1.156475779778e-01   1.286010041050e-02  -8.309375881597e-03  -9.318396992255e-08   1.343910152407e-04   8.295983376584e-02   2.354996852379e-01   1.157660459440e-01   1.267832366437e-02   4.081065972766e-03   7.038556539466e-03   1.343914814418e-04   8.295991946458e-02   2.354997277886e-01   1.157660380291e-01   1.267834976156e-02   4.081233874761e-03  -7.038483855675e-03
  -8.207171014443e-05  -9.298517651366e-05   5.186205872892e-05  -1.290752454413e+01   1.993521718687e-10  -2.538207462734e-04   5.585861895766e-05  -8.791141632688e+00   2.147145191679e-10  -1.514232312392e-04   2.145484670993e-05  -3.032140923485e+00   8.247012152503e-11  -7.580744615075e-05   6.581228032295e-06  -9.072557547105e-01   2.529753223037e-11   1.766039809487e-01  -1.453852356016e-08   1.897591512651e-04  -6.734654982430e-11   1.933782704616e-04  -2.988883707714e-06  -2.602781246443e-08  -1.117916217348e-04  -9.222348353469e-03   5.498852124337e-12  -4.267203396790e-04  -1.340215272974e-03  -2.561422967056e-01   7.098948007119e-11  -4.778141188041e-04  -9.083674168416e-04  -4.954074586127e-01   5.742441328416e-11  -1.428999634314e-04  -1.528889277242e-04  -2.308233403276e-01   1.385242174005e-11  -5.469848588330e-01   2.518249475126e-08   7.454158294861e-04   1.830476024780e-10  -2.253183876440e-03  -8.106457666800e-05  -4.790914063263e-02  -1.271616229678e-01  -5.397512202712e-02  -8.135719850932e-03   3.787479137299e-03   5.439183873748e-08   3.937753349716e-05   2.370484652910e-02   6.331608302616e-02   2.691305743876e-02   3.995588127500e-03   1.458888358915e-04   2.047576708517e-03   3.937920719826e-05   2.370579624669e-02   6.331856521149e-02   2.691410538177e-02   3.995752504059e-03   1.459812352148e-04  -2.047635488387e-03
  -5.836835379109e-09  -6.612987192117e-09   3.383830716715e-09   1.993521718687e-10  -1.290750981862e+01  -1.805140783839e-08   3.644593277998e-09   2.147145191679e-10  -8.791125772404e+00  -1.076902713339e-08   1.399858993209e-09   8.247012152503e-11  -3.032134831677e+00  -5.391328911427e-09   4.294037320271e-10   2.529753223037e-11  -9.072538860616e-01  -6.734654982430e-11  -4.352899343012e-05  -8.956292451335e-09   1.765993352867e-01   1.030535908638e-09  -1.568120495607e-10  -1.349460259624e-12  -5.870465158591e-09   5.524629345345e-12  -9.222423579512e-03  -2.255469508352e-08  -7.083539711343e-08   7.171138987914e-11  -2.561428322385e-01  -2.571483817146e-08  -4.885900922590e-08   5.868196396161e-11  -4.954071437987e-01  -8.050636198183e-09  -8.601096244952e-09   1.440856166573e-11  -2.308229825356e-01   1.846245979514e-10   4.856246691189e-04   8.316950914334e-08  -5.469865999656e-01  -9.338100587600e-08  -9.091764315055e-10  -5.374295953715e-07  -1.427179969176e-06  -6.065900660876e-07  -9.125015710664e-08   5.439996705579e-08  -1.062697148480e-03   6.791672431633e-05   4.088816472589e-02   1.092336974036e-01   4.645398497612e-02   6.891544620375e-03   2.047698819782e-03   2.490325491102e-03  -6.791611559496e-05  -4.088769863902e-02  -1.092323590795e-01  -4.645340453121e-02  -6.891473455845e-03  -2.047757607976e-03   2.490242329518e-03
  -1.569666242584e+01  -1.561037776032e+01   2.942211961292e-01  -2.538207462734e-04  -1.805140783839e-08  -1.682645115358e+01   4.847767109921e-01  -4.182104722176e-04  -2.974259876249e-08  -1.098643265302e+01   2.983987675335e-01  -2.574239987966e-04  -1.830820904892e-08  -5.906039195110e+00   1.118642021111e-01  -9.650271914362e-05  -6.863981805681e-09   1.910253585057e-04   7.342810085123e-10   6.294675041113e-02   1.246378387850e-08  -1.089727308619e-01  -3.467533110768e-02  -2.602480317222e-02  -4.008897717782e-01   3.547185905868e-04   1.834538986245e-08  -1.195847360442e+00  -3.094909432013e+00   2.735808432489e-03   1.421249568096e-07  -2.949008806807e+00  -5.249127222218e+00   4.639387882783e-03   2.415392926085e-07  -2.423503787046e+00  -2.545165743631e+00   2.249472962002e-03   1.171817122698e-07   5.320752416392e-03  -1.170570820105e-10   1.737642686604e+00   2.764656062712e-07  -3.009671836435e+00  -3.342699570851e-03  -2.647516381566e-01  -1.464387407697e+00  -1.699114609264e+00  -6.494706963440e-02   4.011501311021e-02   4.497712114101e-07  -3.282399836568e-03  -2.625025190852e-01  -1.459734490084e+00  -1.697123542576e+00  -6.418856789134e-02  -1.976419114766e-02  -3.408391026171e-02  -3.282407748351e-03  -2.625028149410e-01  -1.459735103189e+00  -1.697123805138e+00  -6.418867335433e-02  -1.976499492310e-02   3.408354205890e-02
   4.317999909344e-02   3.099876102737e-02  -8.854872084934e+00   5.585861895766e-05   3.644593277998e-09   4.847767109921e-01  -1.064894705707e+01   2.052452100807e-04   1.339159600745e-08   5.677913297661e-01  -6.346946487891e+00   1.978311728373e-04   1.291017077271e-08   3.681559440402e-01  -2.424212576329e+00   8.647432146896e-05   5.645795908907e-09  -4.903467143172e-04  -3.206502260657e-10  -2.855219874859e-01  -3.372906642251e-08   4.945164700897e-01   1.252330893173e-01   1.138891284093e-01   1.013614189570e+00  -1.012863668642e-03  -5.225136434677e-08   1.659117466749e+00   3.209256974781e+00  -3.570801876056e-03  -1.846121300941e-07   1.575876099909e+00   1.339014950829e+00  -2.360263889943e-03  -1.219633836767e-07   5.356693470062e-01  -1.255826777981e-01  -4.670043504421e-04  -2.397627915484e-08  -6.565462990488e-03   2.086739606988e-11  -1.690630458121e+00  -3.395483556987e-07   2.928227028083e+00   1.108805924001e-02   3.521898680554e-01   7.306230731444e-01   3.857618559092e-01   1.470099924119e-01  -1.028398740484e-01  -1.152943790406e-06   1.092010420880e-02   3.502339829495e-01   7.301240032189e-01   3.860736401878e-01   1.458418821136e-01   5.082763720527e-02   8.764995743166e-02   1.092012721178e-02   3.502342688720e-01   7.301241220645e-01   3.860736216087e-01   1.458420644642e-01   5.082968775089e-02  -8.764898196295e-02
  -3.725081584255e-05  -2.674222238586e-05   5.585861895766e-05  -8.791141632688e+00   2.147145191679e-10  -4.182104722176e-04   2.052452100807e-04  -1.041477781279e+01   7.889445175716e-10  -4.898247931738e-04   1.978311728373e-04  -6.121234450414e+00   7.611435010914e-10  -3.175998129723e-04   8.647432146896e-05  -2.325549301248e+00   3.334903931783e-10   4.223100896002e-01  -4.354224356761e-08   6.950193212039e-04  -3.206502260657e-10   5.596464205635e-04  -1.105590866940e-04  -1.005541843099e-04  -1.009977417837e-03  -1.304094410362e-01   8.475378087427e-11  -1.463950640447e-03  -3.563578050512e-03  -8.286567170589e-01   3.831251119539e-10  -1.388206992415e-03  -2.351899437600e-03  -1.330491453293e+00   3.685966939393e-10  -4.698442237829e-04  -4.632094401125e-04  -6.537024280747e-01   1.316077317723e-10  -1.568599889329e+00   6.457618318995e-08   1.677762220811e-03   7.424462259200e-10  -5.248628113879e-03  -6.283057118929e-03  -1.906607822841e-01  -3.623743272897e-01  -1.551329380716e-01  -9.205620693271e-02   3.967020862915e-02   6.334022565382e-07   3.083173990931e-03   9.446736432887e-02   1.803977964999e-01   7.728610840518e-02   4.547214085746e-02  -2.672375462153e-03   2.398529289372e-02   3.083300890282e-03   9.447112950307e-02   1.804048653847e-01   7.728911922698e-02   4.547397654520e-02  -2.671302648946e-03  -2.398596287181e-02
  -2.649230525876e-09  -1.901872758359e-09   3.644593277998e-09   2.147145191679e-10  -8.791125772404e+00  -2.974259876249e-08   1.339159600745e-08   7.889445175716e-10  -1.041471953596e+01  -3.483674697197e-08   1.291017077271e-08   7.611435010914e-10  -6.121178227911e+00  -2.259003017775e-08   5.645795908907e-09   3.334903931783e-10  -2.325524668506e+00  -3.206502260657e-10   1.538156416865e-04  -1.299165770174e-08   4.222879706863e-01   4.906588572549e-09  -5.817372130466e-09  -5.274058103566e-09  -5.333496210538e-08   8.584465847951e-11  -1.304075417834e-01  -7.823337179827e-08  -1.901603145086e-07   3.883612766462e-10  -8.286444943712e-01  -7.617899053006e-08  -1.286055432280e-07   3.748521907122e-10  -1.330474944308e+00  -2.735909325683e-08  -2.682497677126e-08   1.343001938846e-10  -6.536948675845e-01   7.523637716123e-10   1.602155251192e-03   2.109615504841e-07  -1.568580338251e+00  -2.073323546944e-07  -7.048238699827e-08  -2.139612997678e-06  -4.069873872904e-06  -1.746112643812e-06  -1.032750297676e-06   6.338429151488e-07  -1.682053609721e-02   5.318271762704e-03   1.629727205212e-01   3.113094047763e-01   1.334801655609e-01   7.843834890149e-02   2.399271267537e-02   2.479663888888e-02  -5.318216957432e-03  -1.629708299475e-01  -3.113055884318e-01  -1.334785035470e-01  -7.843747879381e-02  -2.399338310247e-02   2.479563385096e-02
  -6.720357554735e+00  -6.681043108030e+00   1.755251486375e-01  -1.514232312392e-04  -1.076902713339e-08  -1.098643265302e+01   5.677913297661e-01  -4.898247931738e-04  -3.483674697197e-08  -1.072896666547e+01   8.987466565920e-01  -7.746500614297e-04  -5.547023067969e-08  -7.623409845729e+00   5.826163534477e-01  -4.996814626096e-04  -3.641928357057e-08   2.405343471234e-04   9.246120004591e-10   7.926098869095e-02   1.569416332778e-08  -1.372157613256e-01  -7.724657130966e-01  -8.299408104971e-01  -1.315618400594e+00   1.192657167031e-03   5.789465553682e-08  -2.865377230690e+00  -4.109401032272e+00   3.664210262184e-03   1.803637614956e-07  -4.517885130737e+00  -6.152093324289e+00   5.455483822913e-03   2.748584804740e-07  -3.724335552603e+00  -3.448401217801e+00   3.055126306371e-03   1.552910757223e-07   4.694768478667e-03   3.486228595862e-09   1.537243872287e+00   2.355549583870e-07  -2.662281846868e+00  -1.667269217321e-01  -9.337521027873e-01  -2.476883590929e+00  -2.686039839247e+00  -5.275267449127e-01   3.883616135088e-01   4.350647106769e-06  -1.654074672229e-01  -9.289646827333e-01  -2.470613968970e+00  -2.683244007089e+00  -5.255814027427e-01  -1.929968963148e-01  -3.327070855782e-01  -1.654076452500e-01  -9.289653267590e-01  -2.470614805284e+00  -2.683244379162e+00  -5.255817265239e-01  -1.930045450602e-01   3.327031422767e-01
   1.221562476521e-02   7.204200497701e-03  -3.056619278109e+00   2.145484670993e-05   1.399858993209e-09   2.983987675335e-01  -6.346946487891e+00   1.978311728373e-04   1.291017077271e-08   8.987466565920e-01  -8.176333300534e+00   6.647786147168e-04   4.431345331304e-08   1.007700854056e+00  -5.310607586775e+00   5.469019130133e-04   3.793782060724e-08  -3.517191625354e-04  -2.985910016736e-10  -1.956862747932e-01  -2.394910735002e-08   3.389179731285e-01   2.113402012736e+00   2.289664455182e+00   2.268661345620e+00  -2.799493519776e-03  -1.350504729217e-07   4.893862490681e+00   4.090134250920e+00  -5.607350372804e-03  -2.686790914470e-07   4.052834048735e+00   1.753900951605e+00  -4.262635158055e-03  -2.050789436356e-07   1.661343956558e+00  -4.699812777984e-01  -1.136167187261e-03  -5.334280896137e-08  -4.926106990469e-03  -8.004894558504e-09  -9.290443451048e-01  -2.414640008584e-07   1.608406505762e+00   4.635037044779e-01   1.669595994994e+00   2.201295064338e+00   1.246074630237e+00   1.035191488232e+00  -9.688215686507e-01  -1.085224072013e-05   4.610836907874e-01   1.665589659415e+00   2.201025772614e+00   1.247055529601e+00   1.035873656711e+00   4.827493849488e-01   8.321755653425e-01   4.610840599973e-01   1.665590339268e+00   2.201025966396e+00   1.247055467437e+00   1.035873833995e+00   4.827683869094e-01  -8.321654768119e-01
  -1.053825840862e-05  -6.214968774129e-06   2.145484670993e-05  -3.032140923485e+00   8.247012152503e-11  -2.574239987966e-04   1.978311728373e-04  -6.121234450414e+00   7.611435010914e-10  -7.746500614297e-04   6.647786147168e-04  -7.416333161025e+00   2.834269629756e-09  -8.642555837092e-04   5.469019130133e-04  -4.677500214110e+00   2.748060010452e-09   2.716903239108e-01  -3.308818010177e-08   5.866491681014e-04  -2.985910016736e-10   4.162805204510e-04  -1.864070486215e-03  -2.019709959350e-03  -2.709378366256e-03  -7.953845714937e-01   7.723855706543e-10  -4.296833886762e-03  -5.508049504210e-03  -2.135853238300e+00   3.471467799105e-09  -3.551555071800e-03  -4.203771611411e-03  -3.009781607269e+00   3.655550511137e-09  -1.445501291831e-03  -1.111543007786e-03  -1.737288568396e+00   1.540206788176e-09  -2.429014706021e+00  -2.689895592968e-07   1.042811134017e-02   3.007633356463e-09  -1.700114418841e-04  -2.587114036065e-01  -8.219893418995e-01  -9.660838019333e-01  -4.311729414956e-01  -6.901842492132e-01   2.298140785551e-01   5.338909096809e-06   1.282350729854e-01   4.083587869192e-01   4.809200747078e-01   2.146183088364e-01   3.434436274021e-01  -1.267364934927e-01   2.037371570881e-01   1.282401823203e-01   4.083749047514e-01   4.809388911809e-01   2.146266725339e-01   3.434571601975e-01  -1.267274559723e-01  -2.037426509776e-01
  -7.494675011281e-10  -4.420006547733e-10   1.399858993209e-09   8.247012152503e-11  -3.032134831677e+00  -1.830820904892e-08   1.291017077271e-08   7.611435010914e-10  -6.121178227911e+00  -5.547023067969e-08   4.431345331304e-08   2.834269629756e-09  -7.416123117561e+00  -6.299126851116e-08   3.793782060724e-08   2.748060010452e-09  -4.677289314699e+00  -2.985910016736e-10   2.481064823832e-04  -3.485887605948e-09   2.716697267536e-01   4.569536375875e-09  -9.796293120374e-08  -1.059933536374e-07  -1.438060040503e-07   7.842883629903e-10  -7.953244015792e-01  -2.341557506574e-07  -2.974378294696e-07   3.501469334215e-09  -2.135601835170e+00  -2.016756348009e-07  -2.337057673587e-07   3.683565741899e-09  -3.009512773474e+00  -8.808658824691e-08  -6.573406745749e-08   1.552293773671e-09  -1.737170211677e+00   3.034315677229e-09   1.327592119981e-02   5.515272842879e-07  -2.428870421410e+00  -2.096144026448e-09  -2.902375251957e-06  -9.230034081400e-06  -1.086182289016e-05  -4.862222137608e-06  -7.744880382523e-06   5.349284254532e-06  -2.466181177222e-01   2.212017263747e-01   7.046616446832e-01   8.302262059930e-01   3.708931596864e-01   5.924959627751e-01   2.039095246637e-01   1.066751853660e-01  -2.211991562300e-01  -7.046532041731e-01  -8.302159944266e-01  -3.708885588166e-01  -5.924888199634e-01  -2.039150290500e-01   1.066663448524e-01
  -3.057735969127e+00  -3.030581429915e+00   8.787365812070e-02  -7.580744615075e-05  -5.391328911427e-09  -5.906039195110e+00   3.681559440402e-01  -3.175998129723e-04  -2.259003017775e-08  -7.623409845729e+00   1.007700854056e+00  -8.642555837092e-04  -6.299126851116e-08  -7.416371474774e+00   1.043534086199e+00  -8.580343941682e-04  -6.575901704338e-08   1.549441535958e-04   5.956465762325e-10   5.105729940307e-02   1.010979457552e-08  -8.838983819392e-02  -1.378199114327e+00  -1.487811691427e+00  -8.811572904147e-01   8.723702971214e-04   3.712173995804e-08  -3.783315249826e+00  -2.691755825541e+00   2.570140990985e-03   1.101879850119e-07  -5.319245716346e+00  -4.657835068841e+00   4.288768064565e-03   1.984498509106e-07  -4.780445066478e+00  -3.487531111696e+00   3.166059352354e-03   1.525549492031e-07   1.726892545521e-03   7.023453592148e-09   6.290165636480e-01   7.798886197392e-08  -1.088539398056e+00  -7.076540045820e-01  -1.919856221196e+00  -3.451667177080e+00  -3.643779521265e+00  -8.286434907903e-01   7.302574266665e-01   8.175720096267e-06  -7.053168543905e-01  -1.914813011787e+00  -3.445848102338e+00  -3.640767989896e+00  -8.292575170329e-01  -3.644443510826e-01  -6.281423917088e-01  -7.053171835975e-01  -1.914813721263e+00  -3.445848903356e+00  -3.640768399741e+00  -8.292575645864e-01  -3.644586142169e-01   6.281346291357e-01
   3.424254097181e-03   1.903275623364e-03  -9.147644372855e-01   6.581228032295e-06   4.294037320271e-10   1.118642021111e-01  -2.424212576329e+00   8.647432146896e-05   5.645795908907e-09   5.826163534477e-01  -5.310607586775e+00   5.469019130133e-04   3.793782060724e-08   1.043534086199e+00  -6.043071807971e+00   6.618850467532e-04   5.002659452663e-08  -1.350264723943e-04  -1.240436728326e-10  -7.388006500869e-02  -9.160970065369e-09   1.279554696639e-01   2.303060819213e+00   2.493795011943e+00   5.159932712974e-01  -1.377297284628e-03  -5.862702695317e-08   5.138433328210e+00   9.710606754752e-01  -3.247656608020e-03  -1.347887056958e-07   5.026326624075e+00  -8.640174853865e-02  -3.616210187051e-03  -1.568613354668e-07   2.697900575562e+00  -1.431603008790e+00  -1.569042368835e-03  -6.871495563355e-08  -3.717429491120e-04  -6.894601367765e-09   6.354014085705e-02  -5.491373005300e-09  -1.115957408740e-01   1.349221589430e+00   2.934031666892e+00   3.448643513243e+00   2.183413450668e+00   8.771685580613e-01  -1.303578853747e+00  -1.459473380602e-05   1.348425279992e+00   2.933952294021e+00   3.451115551067e+00   2.185865596784e+00   8.841438641475e-01   6.521340912628e-01   1.124015495118e+00   1.348425536096e+00   2.933952596146e+00   3.451115499835e+00   2.185865406788e+00   8.841432742480e-01   6.521594528247e-01  -1.124001327439e+00
  -2.954058857115e-06  -1.641930783512e-06   6.581228032295e-06  -9.072557547105e-01   2.529753223037e-11  -9.650271914362e-05   8.647432146896e-05  -2.325549301248e+00   3.334903931783e-10  -4.996814626096e-04   5.469019130133e-04  -4.677500214110e+00   2.748060010452e-09  -8.580343941682e-04   6.618850467532e-04  -5.196473984021e+00   4.223859206842e-09   1.000384430752e-01  -1.295861899117e-08   2.373144129896e-04  -1.240436728326e-10   1.618765672983e-04  -2.029658152940e-03  -2.199061105372e-03  -1.215609988276e-03  -8.359413035984e-01   6.671961921278e-10  -4.449616095407e-03  -2.917070588776e-03  -2.218526076438e+00   3.844526865825e-09  -4.292072594544e-03  -3.317542150154e-03  -3.733717077793e+00   4.886453519055e-09  -2.251123852321e-03  -1.423203592751e-03  -3.011836723285e+00   2.499996785802e-09  -1.188708629894e+00  -1.004648220353e-06   2.696390555722e-02   5.328749048058e-09   1.358083559838e-02  -7.645814404608e-01  -1.486082588030e+00  -1.553386300942e+00  -8.154571169213e-01  -7.919794751535e-01   4.342180375206e-02   7.073749710885e-06   3.807988826294e-01   7.402843527626e-01   7.741663478367e-01   4.063253806737e-01   3.957901444962e-01  -4.290415612114e-01   2.712023796707e-01   3.808138184575e-01   7.403133272131e-01   7.741965498738e-01   4.063411959050e-01   3.958055240326e-01  -4.290295572850e-01  -2.712095517384e-01
  -2.100888993071e-10  -1.167720237663e-10   4.294037320271e-10   2.529753223037e-11  -9.072538860616e-01  -6.863981805681e-09   5.645795908907e-09   3.334903931783e-10  -2.325524668506e+00  -3.641928357057e-08   3.793782060724e-08   2.748060010452e-09  -4.677289314699e+00  -6.575901704338e-08   5.002659452663e-08   4.223859206842e-09  -5.196064164526e+00  -1.240436728326e-10   1.141375809738e-04  -5.395600087152e-10   1.000298864775e-01   1.898824462902e-09  -1.066600193975e-07  -1.153981860504e-07  -6.486835486958e-08   6.801869069674e-10  -8.358517852484e-01  -2.443260528866e-07  -1.593893176081e-07   3.881548666378e-09  -2.218029721360e+00  -2.469547261946e-07  -1.860224597856e-07   4.926028973078e-09  -3.733053337983e+00  -1.383857797425e-07  -8.371295804031e-08   2.519991730741e-09  -3.011483343336e+00   5.347604813416e-09   3.240985328418e-02   9.860724590823e-07  -1.188616262274e+00   4.800437820881e-07  -8.576645295540e-06  -1.668187052737e-05  -1.745729412196e-05  -9.184417849450e-06  -8.887141192440e-06   7.091467132812e-06  -5.881677702588e-01   6.568312802498e-01   1.277202390611e+00   1.336104597914e+00   7.017625935910e-01   6.827974057460e-01   2.714689549509e-01  -1.183746649497e-01  -6.568232397349e-01  -1.277186666083e+00  -1.336088006425e+00  -7.017538435574e-01  -6.827888019873e-01  -2.714761448904e-01  -1.183866235120e-01
   9.535507324745e-06   3.780756222185e-06  -1.788232141609e-04   1.766039809487e-01  -6.734654982430e-11   1.910253585057e-04  -4.903467143172e-04   4.223100896002e-01  -3.206502260657e-10   2.405343471234e-04  -3.517191625354e-04   2.716903239108e-01  -2.985910016736e-10   1.549441535958e-04  -1.350264723943e-04   1.000384430752e-01  -1.240436728326e-10  -7.118159211776e+00   1.577824594254e-08  -3.643066772815e-04   6.347545973540e-10  -6.811286259146e-05   1.020152073671e-04   7.218243032142e-05   1.310221342320e-03   1.567457699010e-01  -9.722061860830e-11   1.324444351794e-03   2.841835828995e-03   7.382336283730e-01  -3.293890481345e-10   5.971196352423e-04   5.864153945244e-04   4.920933302870e-01  -1.882171322775e-10   1.346422515898e-04   4.120693833451e-05   9.526672240596e-02  -5.213275001770e-11   1.477207868011e+00  -7.640102924274e-08  -1.153184946494e-03  -7.036116499596e-10   4.847589269829e-03   4.489121607355e-03   1.446755986742e-01   1.204254788435e-01   2.304229687628e-02   8.548541716659e-02  -4.202841740924e-02  -6.402311789697e-07  -2.200988173083e-03  -7.182732034459e-02  -6.003052251961e-02  -1.143249198052e-02  -4.227949665046e-02   7.953600279132e-04  -2.425901300311e-02  -2.201079193885e-03  -7.183016898434e-02  -6.003286202139e-02  -1.143293684081e-02  -4.228120056661e-02   7.942714283237e-04   2.425969048265e-02
   3.665346382194e-11   1.453281999407e-11  -6.734654982430e-11  -1.453852356016e-08  -4.352899343012e-05   7.342810085123e-10  -3.206502260657e-10  -4.354224356761e-08   1.538156416865e-04   9.246120004591e-10  -2.985910016736e-10  -3.308818010177e-08   2.481064823832e-04   5.956465762325e-10  -1.240436728326e-10  -1.295861899117e-08   1.141375809738e-04   1.577824594254e-08  -6.976843050434e+00   3.080836573516e-10  -1.017261368472e-04  -4.133403301435e-10  -3.527093774243e-12  -3.234268937559e-12  -3.934164135388e-11  -7.686240961245e-09  -1.268923998649e-04   8.235367572170e-11   1.951851542438e-10  -3.834201677974e-08  -5.449828170774e-04   3.284343252773e-10   5.255480402856e-10  -2.865848772558e-08  -2.877139049170e-04   2.731215191737e-10   2.550342479223e-10  -6.975883457962e-09  -2.072410061989e-05  -8.911407606751e-08  -2.825970836498e-01   9.405053433876e-12  -1.359391169823e-03  -1.578527616707e-11  -2.916069958869e-08  -9.023275634820e-07  -6.886032026222e-07  -1.080818870712e-07  -6.055478801692e-07   2.682980197252e-07  -8.625832139765e-03  -1.095742097247e-03  -3.433034587078e-02  -2.631777917497e-02  -4.131112748200e-03  -2.293899116534e-02   4.211579554588e-04  -7.646654723241e-03   1.095773792234e-03   3.433128055498e-02   2.631847728461e-02   4.131221934945e-03   2.293963184980e-02  -4.206194075549e-04  -7.646665378244e-03
   3.142144078066e-03   1.245836259107e-03  -1.107209066759e-01   1.897591512651e-04  -8.956292451335e-09   6.294675041113e-02  -2.855219874859e-01   6.950193212039e-04  -1.299165770174e-08   7.926098869095e-02  -1.956862747932e-01   5.866491681014e-04  -3.485887605948e-09   5.105729940307e-02  -7.388006500869e-02   2.373144129896e-04  -5.395600087152e-10  -3.643066772815e-04   3.080836573516e-10  -7.032486258873e+00  -3.254266813545e-09   9.639518559795e-02   3.335204200072e-02   2.359418378939e-02   3.831284649326e-01  -3.289841769173e-04  -2.983084293788e-08   4.333676020317e-01   7.167106671531e-01  -5.420670522497e-04  -8.943814947440e-08   1.958251892162e-01   5.029534889652e-02   8.083658226863e-05  -3.846950005937e-08   4.431492070075e-02  -1.395061564008e-02   6.632211456811e-05  -5.648454319188e-09  -8.768896871405e-04   1.415795039023e-10  -6.233289799381e-01  -1.903838915673e-07   5.901597101894e-01   3.015427261527e-03   1.019862911730e-01   1.015332621625e-01   3.466211681970e-02   5.501898757077e-02  -3.400071863821e-02  -5.488086486830e-07   1.320658268607e-03   5.003712175494e-02   6.208672878664e-02   2.848628380995e-02   2.016202251437e-02   6.470575537077e-03   2.382450259400e-02   1.320702758018e-03   5.003845237065e-02   6.208772581039e-02   2.848643875186e-02   2.016291163396e-02   6.471095883860e-03  -2.382469223511e-02
   6.221608507187e-10   2.466820514118e-10  -1.247745174288e-08  -6.734654982430e-11   1.765993352867e-01   1.246378387850e-08  -3.372906642251e-08  -3.206502260657e-10   4.222879706863e-01   1.569416332778e-08  -2.394910735002e-08  -2.985910016736e-10   2.716697267536e-01   1.010979457552e-08  -9.160970065369e-09  -1.240436728326e-10   1.000298864775e-01   6.347545973540e-10  -1.017261368472e-04  -3.254266813545e-09  -7.118113117089e+00   6.910337350030e-09   5.368752831511e-09   3.784113898048e-09   6.914355277008e-08  -9.834303486300e-11   1.567448809158e-01   7.094952462804e-08   1.523301037949e-07  -3.346793348185e-10   7.382250176350e-01   3.346713509724e-08   3.332211562976e-08  -1.921472338400e-10   4.920845040757e-01   8.235102273976e-09   2.803646114057e-09  -5.328795538011e-11   9.526367446419e-02  -7.144837223271e-10  -1.686012416099e-03  -2.005165807480e-07   1.477192656348e+00   1.769936631152e-07   5.035558678280e-08   1.623814099591e-06   1.354667947700e-06   2.618142691408e-07   9.590212095958e-07  -6.405819469816e-07   1.506763695658e-02  -3.796461118760e-03  -1.239232608702e-01  -1.036647764016e-01  -1.982513454576e-02  -7.293064467117e-02  -2.426485841242e-02  -2.698580530464e-02   3.796422736645e-03   1.239217991211e-01   1.036634859595e-01   1.982488965574e-02   7.292983066854e-02   2.426553625006e-02  -2.698479221601e-02
  -5.439645712170e-03  -2.156778205120e-03   1.917695901607e-01   1.933782704616e-04   1.030535908638e-09  -1.089727308619e-01   4.945164700897e-01   5.596464205635e-04   4.906588572549e-09  -1.372157613256e-01   3.389179731285e-01   4.162805204510e-04   4.569536375875e-09  -8.838983819392e-02   1.279554696639e-01   1.618765672983e-04   1.898824462902e-09  -6.811286259146e-05  -4.133403301435e-10   9.639518559795e-02   6.910337350030e-09  -7.143838295216e+00  -5.776725492156e-02  -4.086625214354e-02  -6.635947158931e-01   8.696890728804e-04   3.784221341066e-08  -7.506033582439e-01  -1.241350723547e+00   2.455128717917e-03   9.252956724079e-08  -3.391530365639e-01  -8.707157930375e-02   1.018606547942e-03   2.888159075429e-08  -7.673532665909e-02   2.418239223849e-02   1.778776304373e-04   4.263475821073e-09   5.014014202052e-03  -2.378936333039e-10   5.901501495333e-01   1.775759235079e-07  -1.304757333224e+00  -2.623052145725e-03  -9.622126141190e-02  -1.145091587755e-01  -5.039915839016e-02  -4.131192235710e-02   4.359955096509e-02   3.921171273746e-07  -3.542133815856e-03  -1.259850252975e-01  -1.376854066753e-01  -5.406695392844e-02  -6.118940597799e-02  -2.757979535470e-02  -4.025055848598e-02  -3.542117203662e-03  -1.259843288383e-01  -1.376848122249e-01  -5.406685739630e-02  -6.118895894350e-02  -2.758075484022e-02   4.024984210030e-02
  -2.349341599518e-04  -1.047207061007e-04   3.383351683682e-03  -2.988883707714e-06  -1.568120495607e-10  -3.467533110768e-02   1.252330893173e-01  -1.105590866940e-04  -5.817372130466e-09  -7.724657130966e-01   2.113402012736e+00  -1.864070486215e-03  -9.796293120374e-08  -1.378199114327e+00   2.303060819213e+00  -2.029658152940e-03  -1.066600193975e-07   1.020152073671e-04  -3.527093774243e-12   3.335204200072e-02   5.368752831511e-09  -5.776725492156e-02  -2.168946217273e+01  -2.193150485729e+01  -1.313099563808e-01   2.407724984969e-04   4.456500807665e-09  -7.714770261947e+00  -6.062138127328e-02   1.111374106828e-04   2.058207647900e-09  -3.496439854206e+00  -1.931179491095e-02   3.538702580919e-05   6.563186756803e-10  -1.475659764666e+00  -4.859688063074e-03   8.902014353891e-06   1.652611504821e-10  -1.124883876638e-05   2.808896098752e-10   6.315403688726e-03  -1.239151718980e-09  -1.086144390960e-02  -2.338794100113e-01  -1.680020817663e+00  -1.792489249489e+00  -1.099209089982e+00  -6.343958897427e-01   1.876225947828e+00   2.094946349185e-05  -2.340942800393e-01  -1.680575555172e+00  -1.792684670253e+00  -1.099251665005e+00  -6.437599058132e-01  -9.417661553790e-01  -1.620438032363e+00  -2.340943128308e-01  -1.680575638416e+00  -1.792684699970e+00  -1.099251671524e+00  -6.437590635881e-01  -9.418026588972e-01   1.620417356232e+00
   1.121909827588e-05   8.417823829541e-06   2.944610839510e-05  -2.602781246443e-08  -1.349460259624e-12  -2.602480317222e-02   1.138891284093e-01  -1.005541843099e-04  -5.274058103566e-09  -8.299408104971e-01   2.289664455182e+00  -2.019709959350e-03  -1.059933536374e-07  -1.487811691427e+00   2.493795011943e+00  -2.199061105372e-03  -1.153981860504e-07   7.218243032142e-05  -3.234268937559e-12   2.359418378939e-02   3.784113898048e-09  -4.086625214354e-02  -2.193150485729e+01  -1.993210918267e+01  -1.824061006066e-01   3.344642250588e-04   6.190601018467e-09  -8.320071140410e+00  -5.667895590954e-02   1.039293165190e-04   1.923548471717e-09  -3.786456707520e+00  -1.480257082395e-02   2.714419013987e-05   5.023140801323e-10  -1.594817020124e+00  -3.463357881304e-03   6.351202428693e-06   1.175175954916e-10  -5.636660771726e-06   1.408749810800e-10   3.151297150298e-03  -6.196066387238e-10  -5.419661256614e-03  -2.461480585811e-01  -1.822120066639e+00  -1.939523152597e+00  -1.187698638571e+00  -7.003133420098e-01   2.077176755387e+00   2.319308198429e-05  -2.463945194203e-01  -1.822729999002e+00  -1.939738468955e+00  -1.187745575440e+00  -7.106910586999e-01  -1.042641684211e+00  -1.793995672273e+00  -2.463945548215e-01  -1.822730087789e+00  -1.939738500347e+00  -1.187745582284e+00  -7.106901239132e-01  -1.042682095880e+00   1.793972778455e+00
  -1.664416130907e-02  -1.238125149291e-02   1.173288927353e-01  -1.117916217348e-04  -5.870465158591e-09  -4.008897717782e-01   1.013614189570e+00  -1.009977417837e-03  -5.333496210538e-08  -1.315618400594e+00   2.268661345620e+00  -2.709378366256e-03  -1.438060040503e-07  -8.811572904147e-01   5.159932712974e-01  -1.215609988276e-03  -6.486835486958e-08   1.310221342320e-03  -3.934164135388e-11   3.831284649326e-01   6.914355277008e-08  -6.635947158931e-01  -1.313099563808e-01  -1.824061006066e-01  -9.420573473568e+00  -8.063441438834e-05  -8.868796225192e-09  -4.867354854979e-01  -6.254285827130e+00  -8.703077802872e-05  -9.670246232246e-09  -3.106435688502e-01  -2.313106746050e+00  -3.570448995472e-05  -4.055807243872e-09  -1.475256586718e-01  -6.169431598687e-01  -9.696737410140e-06  -1.116052190117e-09   7.567031639633e-04   5.844206564001e-09   2.021500921445e-01   3.023691221999e-08  -3.501129397304e-01   3.484385994466e-01   4.397071599825e-01   5.466415066131e-02  -5.899673968426e-02  -5.903059045765e-01  -1.059417143059e+00  -1.183044792753e-05   3.538894692183e-01   4.480293470409e-01   5.786199400001e-02  -5.825497619851e-02  -5.795806971279e-01   5.400381048910e-01   9.292868622056e-01   3.538889786151e-01   4.480285333518e-01   5.786166977736e-02  -5.825505237373e-02  -5.795818813506e-01   5.400581736017e-01  -9.292735196061e-01
   1.470657094796e-05   1.093964190226e-05  -1.118268136493e-04  -9.222348353469e-03   5.524629345345e-12   3.547185905868e-04  -1.012863668642e-03  -1.304094410362e-01   8.584465847951e-11   1.192657167031e-03  -2.799493519776e-03  -7.953845714937e-01   7.842883629903e-10   8.723702971214e-04  -1.377297284628e-03  -8.359413035984e-01   6.801869069674e-10   1.567457699010e-01  -7.686240961245e-09  -3.289841769173e-04  -9.834303486300e-11   8.696890728804e-04   2.407724984969e-04   3.344642250588e-04  -8.063441438834e-05  -9.265338323371e+00   2.014712629367e-09   8.918218886687e-04  -8.703077802872e-05  -6.083076963631e+00   2.172735932143e-09   5.680330671489e-04  -3.570448995472e-05  -2.239301634158e+00   8.971310621469e-10   2.694084963178e-04  -9.696737410140e-06  -5.962935996518e-01   2.451393853534e-10  -2.337190910811e-01  -1.080686850953e-06   2.766006229736e-02   5.844206564001e-09   1.587137871769e-02  -1.089060458659e+00  -1.683554005179e+00  -6.485742281863e-01  -1.504458115834e-01  -1.208724611733e+00   2.531878153710e+00   3.882717759696e-05   5.466656474559e-01   8.450620990026e-01   3.258244470379e-01   7.577259349484e-02   6.149273485523e-01  -7.039706961418e-02   1.506328887191e+00   5.466868455185e-01   8.450948020888e-01   3.258370369555e-01   7.577551536458e-02   6.149503365989e-01  -7.032939424787e-02  -1.506367880160e+00
   7.692156262959e-10   5.724263070056e-10  -5.843132505853e-09   5.498852124337e-12  -9.222423579512e-03   1.834538986245e-08  -5.225136434677e-08   8.475378087427e-11  -1.304075417834e-01   5.789465553682e-08  -1.350504729217e-07   7.723855706543e-10  -7.953244015792e-01   3.712173995804e-08  -5.862702695317e-08   6.671961921278e-10  -8.358517852484e-01  -9.722061860830e-11  -1.268923998649e-04  -2.983084293788e-08   1.567448809158e-01   3.784221341066e-08   4.456500807665e-09   6.190601018467e-09  -8.868796225192e-09   2.014712629367e-09  -9.264786468825e+00   1.654455927959e-08  -9.670246232246e-09   2.172735932143e-09  -6.082472244732e+00   1.059740208180e-08  -4.055807243872e-09   8.971310621469e-10  -2.239044902599e+00   5.043839221729e-09  -1.116052190117e-09   2.451393853534e-10  -5.962224229499e-01   5.844206564001e-09   3.279395768583e-02   9.372830317859e-07  -2.336978004625e-01   5.554618815864e-07  -1.215917621069e-05  -1.879354409207e-05  -7.238074668188e-06  -1.677946829047e-06  -1.349521090383e-05   3.882017277954e-05  -9.453201752536e-01   9.405135633963e-01   1.453477839857e+00   5.600207905304e-01   1.300093792889e-01   1.057892156168e+00   1.505960183105e+00   1.645545913258e+00  -9.405015787413e-01  -1.453459209855e+00  -5.600135854540e-01  -1.300077000895e-01  -1.057877203182e+00  -1.505999168993e+00   1.645479403193e+00
  -3.764685557878e-01  -3.680359172981e-01   4.832555671446e-01  -4.267203396790e-04  -2.255469508352e-08  -1.195847360442e+00   1.659117466749e+00  -1.463950640447e-03  -7.823337179827e-08  -2.865377230690e+00   4.893862490681e+00  -4.296833886762e-03  -2.341557506574e-07  -3.783315249826e+00   5.138433328210e+00  -4.449616095407e-03  -2.443260528866e-07   1.324444351794e-03   8.235367572170e-11   4.333676020317e-01   7.094952462804e-08  -7.506033582439e-01  -7.714770261947e+00  -8.320071140410e+00  -4.867354854979e-01   8.918218886687e-04   1.654455927959e-08  -1.081319596395e+01  -7.769401064369e-01   1.382613984329e-03   2.754378683700e-08  -7.653978948501e+00  -5.010027999576e-01   8.402227653354e-04   1.891651706262e-08  -3.940426104728e+00  -1.697106102885e-01   2.760008300920e-04   6.581535258287e-09  -2.033635574497e-04   5.663832232853e-09   1.675047388439e-01  -2.670514730577e-08  -2.882943057769e-01  -1.640129892644e+00  -4.025431003178e+00  -4.434594814098e+00  -2.996112364171e+00  -1.320382096764e+00   3.595350407357e+00   4.015092718243e-05  -1.640516720272e+00  -4.025832648051e+00  -4.434702679103e+00  -2.996130852395e+00  -1.337328676601e+00  -1.803473269015e+00  -3.103672749402e+00  -1.640516877542e+00  -4.025832890687e+00  -4.434702803957e+00  -2.996130886712e+00  -1.337327103126e+00  -1.803543159865e+00   3.103633123521e+00
  -1.300100379409e+00  -1.282019538314e+00   1.261639443993e+00  -1.340215272974e-03  -7.083539711343e-08  -3.094909432013e+00   3.209256974781e+00  -3.563578050512e-03  -1.901603145086e-07  -4.109401032272e+00   4.090134250920e+00  -5.508049504210e-03  -2.974378294696e-07  -2.691755825541e+00   9.710606754752e-01  -2.917070588776e-03  -1.593893176081e-07   2.841835828995e-03   1.951851542438e-10   7.167106671531e-01   1.523301037949e-07  -1.241350723547e+00  -6.062138127328e-02  -5.667895590954e-02  -6.254285827130e+00  -8.703077802872e-05  -9.670246232246e-09  -7.769401064369e-01  -8.484595189026e+00  -1.640085595288e-04  -2.443001747426e-08  -9.129780049977e-01  -5.451307967299e+00  -2.510730779514e-06  -1.239419574958e-08  -5.638329046312e-01  -1.895042355119e+00   2.054599552899e-05  -3.208557398937e-09   2.431965130986e-03   2.444974214511e-08   6.289558086924e-01   1.169905489808e-07  -1.089308469391e+00   8.841536395883e-01   8.804667053731e-01   3.421893300378e-02  -2.718268493665e-01  -1.456058039499e+00  -1.372451840879e+00  -1.532913022143e-05   8.976390774857e-01   8.977934303310e-01   4.267699560211e-02  -2.695238904065e-01  -1.441309248690e+00   6.994706058541e-01   1.203852462476e+00   8.976378067666e-01   8.977917199751e-01   4.267613070314e-02  -2.695241295515e-01  -1.441310911248e+00   6.994965784952e-01  -1.203835142480e+00
