ARMA_MAT_TXT_FN008
50 50
   3.279191648592e-01   2.802379597444e-01   1.681790665661e-07   1.994759320009e-07  -5.587653636748e-07  -4.069056139699e-02   3.542320839221e-07   5.965068007900e-07   3.945097395481e-06  -2.979824893965e-02   4.109846000998e-07   7.516389850892e-07   6.229456692631e-06  -7.605375547747e-03  -3.856656262909e-07  -7.242687299713e-07  -6.486071096944e-06   8.640320967511e-09   2.567399113177e-07   3.451892420124e-06  -7.599582915153e-08  -2.512522473719e-06  -8.356545700564e-03  -1.192895418249e-02   1.457085776746e-03   8.374268949030e-04   8.569558460941e-06  -1.696219799182e-03   1.036737746714e-03  -8.358237568376e-03  -1.193378294880e-02   1.451157577590e-03   8.296560574372e-04   1.614424262732e-03   7.598674153156e-05  -1.156863686297e-03  -8.355264391898e-03  -1.192673385699e-02   1.458639535529e-03   8.397249973299e-04   1.193004440791e-05   1.543319215192e-03   1.253007234745e-03  -8.358893225103e-03  -1.193469549577e-02   1.450813384990e-03   8.290292995013e-04  -1.634658206002e-03   7.742451593886e-05  -1.128091483524e-03
   2.802379597444e-01   2.463410021420e-01   2.853910559569e-07   3.578791997724e-07  -3.864301467044e-07  -6.907454016180e-02   6.071477909521e-07   1.018165248603e-06   6.642145487613e-06  -4.833115129057e-02   7.157567425069e-07   1.320246053162e-06   1.117740105150e-05  -1.203840730711e-02  -6.105860625471e-07  -1.145782253572e-06  -1.024552325105e-05   1.465229496289e-08   4.012050435654e-07   6.154148426429e-06  -1.388261303773e-07  -4.167951545871e-06  -1.393177893387e-02  -1.962533529413e-02   2.129342989416e-03   1.339054436312e-03   1.410662951608e-05  -2.791376694088e-03   1.705990215692e-03  -1.393499097724e-02  -1.963436268524e-02   2.119765824828e-03   1.326536209899e-03   2.657116523748e-03   1.250590275826e-04  -1.903618808685e-03  -1.392955910811e-02  -1.962148653462e-02   2.131888653501e-03   1.342739764393e-03   1.963722692899e-05   2.539762924731e-03   2.061853076748e-03  -1.393609391854e-02  -1.963586767241e-02   2.119186314276e-03   1.325537694135e-03  -2.690402072179e-03   1.274246999736e-04  -1.856265303504e-03
   1.681790665661e-07   2.853910559569e-07   3.594953073325e-02  -1.408934113837e-08   3.259587620032e-07  -9.737391048426e-07   5.629690441472e-02  -2.430170681168e-09   2.561665043342e-07  -4.173496642679e-07   3.787078839761e-02  -1.009872474776e-08  -3.574004261639e-08   1.657574032044e-06  -2.001572517733e-03  -1.913736761231e-08   4.929314814869e-08   4.147943363932e-04   9.053325148185e-06   9.586455711553e-05  -6.173298023342e-03  -1.086452415321e-04   1.404932231418e-04   2.218120070616e-04   8.619025250124e-05   2.618205032919e-05   2.116530270910e-03   2.069420083866e-05  -1.268184573117e-05   2.662225748398e-02   4.210785832784e-02   1.651136959385e-02   5.043668039819e-03  -1.607067151819e-03  -1.751254775388e-04   2.669008693729e-03   1.959045618941e-04   3.094354309907e-04   1.205738404854e-04   3.670002533010e-05   2.116575909013e-03  -2.622532082772e-05  -2.133630964561e-05  -2.695686518145e-02  -4.263723518763e-02  -1.671918724873e-02  -5.107589987451e-03  -1.700961384904e-03   1.806863830259e-04  -2.635258986868e-03
   1.994759320009e-07   3.578791997724e-07  -1.408934113837e-08   3.595948408870e-02   2.830618286116e-07  -1.379668275790e-06  -2.423946694388e-09   5.631437894878e-02   7.358127334746e-07  -1.240613643614e-06  -1.014299566414e-08   3.789198559332e-02  -7.131890945173e-07   2.679412586345e-06  -1.924671045191e-08  -2.000344357354e-03  -9.858136515558e-07   5.390076059840e-05   6.104019184251e-03   7.097735627783e-04   9.060471236899e-06   8.238472230233e-04  -2.799489716077e-02  -4.428639511006e-02  -1.739114974807e-02  -5.308507541154e-03   2.071304241049e-05  -1.992701153601e-03   2.512885493930e-03   1.252846167096e-03   1.981680299763e-03   7.766825896942e-04   2.365003300103e-04  -1.751494640984e-04   2.110088212740e-03   1.258771530670e-04   2.546904534325e-02   4.028901627102e-02   1.582115601296e-02   4.829294402950e-03  -2.624424059171e-05  -1.284617670289e-03  -2.762973884050e-03   1.276545746464e-03   2.019150128976e-03   7.913281805405e-04   2.409708713935e-04   1.807104798278e-04   2.109780917703e-03   1.250644343883e-04
  -5.587653636748e-07  -3.864301467044e-07   3.259587620032e-07   2.830618286116e-07   3.595915817545e-02  -3.308535152414e-06   2.555214300771e-07   7.354974878930e-07   5.631697034184e-02  -1.921971840684e-05  -3.672841973276e-08  -7.160121736594e-07   3.793230092562e-02   1.625714374622e-05   5.048696930719e-08  -9.906691371077e-07  -1.982162707517e-03   9.069739740714e-06   8.214767721472e-04   8.151889215053e-05   1.114567249338e-04  -6.147389895190e-03   1.711965357584e-02   2.708954913065e-02   1.064414638422e-02   3.238232643590e-03  -1.269665627837e-05   2.513502399508e-03   5.823028770238e-04  -1.912696840778e-02  -3.027951654953e-02  -1.191497368411e-02  -3.628594378816e-03   2.670816896869e-03   1.259457982615e-04   2.022878375186e-04   2.069321603690e-02   3.274463302648e-02   1.286995422498e-02   3.916633488626e-03  -2.135769640081e-05  -2.763726260730e-03  -1.256431474839e-04  -1.865104107334e-02  -2.952576620308e-02  -1.161764174333e-02  -3.538191018825e-03  -2.637031615217e-03   1.251324954953e-04   2.964626825897e-04
  -4.069056139699e-02  -6.907454016180e-02  -9.737391048426e-07  -1.379668275790e-06  -3.308535152414e-06   1.767769022741e-01  -1.949539473664e-06  -3.271832983275e-06  -2.144039052791e-05   1.181760124714e-01  -2.132643588004e-06  -3.926162870820e-06  -3.316219455680e-05   2.867448406280e-02   1.468246687839e-06   2.750710589254e-06   2.450952291884e-05  -4.163337250924e-08  -1.079562077115e-06  -1.648572113384e-05   4.119840734177e-07   1.091951822317e-05   3.503195462533e-02   4.869489740723e-02  -4.607887996966e-03  -3.225169077680e-03  -3.503701184206e-05   6.928069652025e-03  -4.234092477549e-03   3.504343393653e-02   4.872387407071e-02  -4.583056808403e-03  -3.194320045804e-03  -6.596092931057e-03  -3.104621550833e-04   4.724356432571e-03   3.502525395904e-02   4.868341272575e-02  -4.614743812232e-03  -3.234245079932e-03  -4.876389563516e-05  -6.303517247607e-03  -5.117131099467e-03   3.504655604609e-02   4.872813023607e-02  -4.581384569091e-03  -3.191863396827e-03   6.678696728184e-03  -3.163351443374e-04   4.606840661663e-03
   3.542320839221e-07   6.071477909521e-07   5.629690441472e-02  -2.423946694388e-09   2.555214300771e-07  -1.949539473664e-06   8.816085723899e-02   2.695209436877e-08   1.941064259195e-09  -9.372828395504e-07   5.930559067774e-02   4.893954385539e-09  -3.248159855154e-07   2.526778587427e-06  -3.134459186297e-03  -3.106112040293e-08   9.118640979569e-08   6.495671954999e-04   1.417500410974e-05   1.501235838445e-04  -9.667375064976e-03  -1.700942582607e-04   2.197913346946e-04   3.470240181068e-04   1.348998901956e-04   4.098293562072e-05   3.314483015221e-03   3.237153367290e-05  -1.985233432081e-05   4.169046236442e-02   6.594093374194e-02   2.585687279747e-02   7.898409158910e-03  -2.516667632080e-03  -2.742451968323e-04   4.179650393127e-03   3.065692767959e-04   4.842482764183e-04   1.887469055044e-04   5.745481546780e-05   3.314554553145e-03  -4.103477431099e-05  -3.340095129842e-05  -4.221435661096e-02  -6.676974491464e-02  -2.618212520039e-02  -7.998444412173e-03  -2.663699904556e-03   2.829555956026e-04  -4.126824222374e-03
   5.965068007900e-07   1.018165248603e-06  -2.430170681168e-09   5.631437894878e-02   7.354974878930e-07  -3.271832983275e-06   2.695209436877e-08   8.819117840793e-02   1.610060501036e-06  -2.686076041128e-06   4.803201702190e-09   5.934077449005e-02  -8.084617806979e-07   4.015899220029e-06  -3.124285461896e-08  -3.132640912761e-03  -1.560094503714e-06   8.441162982933e-05   9.559210832583e-03   1.111542276355e-03   1.418669116741e-05   1.290136526499e-03  -4.384151222764e-02  -6.935483054029e-02  -2.723530849485e-02  -8.313345890604e-03   3.243894927748e-05  -3.120694364306e-03   3.935337690549e-03   1.961659562888e-03   3.102882645478e-03   1.216265434979e-03   3.703648880291e-04  -2.742306645091e-04   3.304508219931e-03   1.971034151409e-04   3.988576697959e-02   6.309460645003e-02   2.477686776429e-02   7.562972561275e-03  -4.109852553075e-05  -2.011759374827e-03  -4.326926331072e-03   1.998748905642e-03   3.161522135163e-03   1.239185438423e-03   3.773611602720e-04   2.829374469167e-04   3.304027204853e-03   1.958292647265e-04
   3.945097395481e-06   6.642145487613e-06   2.561665043342e-07   7.358127334746e-07   5.631697034184e-02  -2.144039052791e-05   1.941064259195e-09   1.610060501036e-06   8.820009598287e-02  -4.097855045375e-05  -3.253417456436e-07  -8.129275994741e-07   5.940718505525e-02   2.282023600993e-05   9.309950820290e-08  -1.568040827400e-06  -3.104340728347e-03   1.420196200240e-05   1.286594876339e-03   1.276763651166e-04   1.746002317730e-04  -9.627648636039e-03   2.680827220580e-02   4.242110394832e-02   1.667047519200e-02   5.071769736513e-03  -1.989629018888e-05   3.935835353017e-03   9.123762672323e-04  -2.995885622282e-02  -4.742663845872e-02  -1.866016945993e-02  -5.682615769882e-03   4.183482245538e-03   1.972953466704e-04   3.163578626610e-04   3.240539570782e-02   5.127842846430e-02   2.015666574949e-02   6.134321624783e-03  -3.345978497624e-05  -4.327804294390e-03  -1.963258084879e-04  -2.921310969825e-02  -4.624556244791e-02  -1.819427174842e-02  -5.540960066230e-03  -4.130554009044e-03   1.960196229029e-04   4.638969234981e-04
  -2.979824893965e-02  -4.833115129057e-02  -4.173496642679e-07  -1.240613643614e-06  -1.921971840684e-05   1.181760124714e-01  -9.372828395504e-07  -2.686076041128e-06  -4.097855045375e-05   7.902227231369e-02  -1.179246629930e-06  -2.959355086165e-06  -4.011015955787e-05   1.917718275236e-02   9.689041054962e-07   1.857823933477e-06   1.732971436720e-05  -2.990341452829e-08  -1.164658535889e-06  -1.106222936545e-05   1.823668488964e-07   1.020114421204e-05   2.341352500772e-02   3.254616340052e-02  -3.088504169344e-03  -2.158297510415e-03  -2.340692493930e-05   4.631095759843e-03  -2.831310839710e-03   2.343825827568e-02   3.259253217799e-02  -3.061280581192e-03  -2.134436082235e-03  -4.411568923240e-03  -2.076614435876e-04   3.158735903025e-03   2.340688230792e-02   3.253506285528e-02  -3.094435062263e-03  -2.164777529071e-03  -3.258051815176e-05  -4.213358194264e-03  -3.421349645773e-03   2.343977174247e-02   3.259446986809e-02  -3.060519517528e-03  -2.132902006670e-03   4.466762304700e-03  -2.115855622289e-04   3.080083151999e-03
   4.109846000998e-07   7.157567425069e-07   3.787078839761e-02  -1.014299566414e-08  -3.672841973276e-08  -2.132643588004e-06   5.930559067774e-02   4.803201702190e-09  -3.253417456436e-07  -1.179246629930e-06   3.989472421468e-02  -5.660356482632e-09  -4.384290704641e-07   1.566507688016e-06  -2.108542951182e-03  -2.042797310724e-08   7.272765489374e-08   4.369621810390e-04   9.529283312489e-06   1.009871991645e-04  -6.503219952508e-03  -1.143865660906e-04   1.475976660606e-04   2.330693427581e-04   9.071057068504e-05   2.756656637849e-05   2.229644760145e-03   2.172996050979e-05  -1.333892369212e-05   2.804501884304e-02   4.435825197817e-02   1.739394461082e-02   5.313276141997e-03  -1.692940910504e-03  -1.844838542869e-04   2.811617337680e-03   2.059396075232e-04   3.253269728846e-04   1.269125761080e-04   3.864086415129e-05   2.229693008660e-03  -2.755837390927e-05  -2.244358629921e-05  -2.839754819247e-02  -4.491589780354e-02  -1.761256240234e-02  -5.380498484254e-03  -1.791880102954e-03   1.903437730690e-04  -2.776127597202e-03
   7.516389850892e-07   1.320246053162e-06  -1.009872474776e-08   3.789198559332e-02  -7.160121736594e-07  -3.926162870820e-06   4.893954385539e-09   5.934077449005e-02  -8.129275994741e-07  -2.959355086165e-06  -5.660356482632e-09   3.992834187873e-02  -1.821043418388e-06   2.421988072076e-06  -2.056710231505e-08  -2.107845033018e-03  -9.832224020016e-07   5.679724513309e-05   6.432032608674e-03   7.479155040193e-04   9.543426481352e-06   8.682949000599e-04  -2.950034598540e-02  -4.666783889628e-02  -1.832600473447e-02  -5.593838707560e-03   2.182731107318e-05  -2.099958851401e-03   2.647973459429e-03   1.320228416669e-03   2.088356214905e-03   8.188246907934e-04   2.493578018795e-04  -1.845454894260e-04   2.223487397167e-03   1.325705032861e-04   2.683670580162e-02   4.245258704598e-02   1.667110350600e-02   5.088760648849e-03  -2.765307072233e-05  -1.353488300741e-03  -2.911383979044e-03   1.345181098929e-03   2.127807210241e-03   8.342445563907e-04   2.540646711308e-04   1.904028154439e-04   2.223163739786e-03   1.317123953345e-04
   6.229456692631e-06   1.117740105150e-05  -3.574004261639e-08  -7.131890945173e-07   3.793230092562e-02  -3.316219455680e-05  -3.248159855154e-07  -8.084617806979e-07   5.940718505525e-02  -4.011015955787e-05  -4.384290704641e-07  -1.821043418388e-06   4.001371852907e-02   1.233610560958e-05   7.415474716515e-08  -9.891943173752e-07  -2.090931545561e-03   9.561520718265e-06   8.663809453274e-04   8.597375623569e-05   1.176374380662e-04  -6.484731853470e-03   1.805394530137e-02   2.856907086036e-02   1.122947135955e-02   3.416610625882e-03  -1.341040379167e-05   2.650315676696e-03   6.148949667093e-04  -2.018269732154e-02  -3.194968573159e-02  -1.256819624808e-02  -3.827225497344e-03   2.818498376050e-03   1.328512420493e-04   2.125630052353e-04   2.182209130835e-02   3.453207992806e-02   1.357647927549e-02   4.131952619725e-03  -2.254306529836e-05  -2.914282299666e-03  -1.316005110176e-04  -1.968009023221e-02  -3.115368235318e-02  -1.225419884700e-02  -3.731754852671e-03  -2.782838314237e-03   1.319905477868e-04   3.119811685047e-04
  -7.605375547747e-03  -1.203840730711e-02   1.657574032044e-06   2.679412586345e-06   1.625714374622e-05   2.867448406280e-02   2.526778587427e-06   4.015899220029e-06   2.282023600993e-05   1.917718275236e-02   1.566507688016e-06   2.421988072076e-06   1.233610560958e-05   4.654386699369e-03   1.372676292243e-07   2.845383587160e-07   3.052721320849e-06   2.277956347907e-08   7.015972822789e-07  -2.572824848305e-06  -1.921686220385e-07  -1.038025710137e-06   5.689099831069e-03   7.910020246875e-03  -7.451130662378e-04  -5.223607825110e-04  -5.582234507585e-06   1.125116812869e-03  -6.865222238482e-04   5.677733092167e-03   7.893778374645e-03  -7.493217371884e-04  -5.198599597956e-04  -1.069085315760e-03  -5.015317932327e-05   7.667829865335e-04   5.694000765440e-03   7.917630557996e-03  -7.425031247022e-04  -5.226980153490e-04  -7.817299543681e-06  -1.024162737964e-03  -8.305553531269e-04   5.675758087160e-03   7.890544479424e-03  -7.505885128519e-04  -5.199312752484e-04   1.082337287680e-03  -5.108853015093e-05   7.474917262338e-04
  -3.856656262909e-07  -6.105860625471e-07  -2.001572517733e-03  -1.924671045191e-08   5.048696930719e-08   1.468246687839e-06  -3.134459186297e-03  -3.124285461896e-08   9.309950820290e-08   9.689041054962e-07  -2.108542951182e-03  -2.056710231505e-08   7.415474716515e-08   1.372676292243e-07   1.114421488696e-04   2.199348106868e-09  -6.332596200286e-09  -2.309463830420e-05  -5.059031556717e-07  -5.337850244423e-06   3.437127261170e-04   6.036963394589e-06  -7.493739799410e-06  -1.188388416112e-05  -4.805754527372e-06  -1.474420159587e-06  -1.178429894888e-04  -1.090854453466e-06   6.719252462198e-07  -1.482012057352e-03  -2.344120576446e-03  -9.193682483224e-04  -2.808504035549e-04   8.942956650902e-05   9.747093877942e-06  -1.485650583627e-04  -1.060188954183e-05  -1.679890079143e-05  -6.734435553931e-06  -2.064454079205e-06  -1.178456307220e-04   1.405156364999e-06   1.148302453674e-06   1.501129307036e-03   2.374258171237e-03   9.308197326671e-04   2.843443409578e-04   9.475322577395e-05  -1.006359526115e-05   1.467614407529e-04
  -7.242687299713e-07  -1.145782253572e-06  -1.913736761231e-08  -2.000344357354e-03  -9.906691371077e-07   2.750710589254e-06  -3.106112040293e-08  -3.132640912761e-03  -1.568040827400e-06   1.857823933477e-06  -2.042797310724e-08  -2.107845033018e-03  -9.891943173752e-07   2.845383587160e-07   2.199348106868e-09   1.112746763673e-04   1.089470853756e-07  -2.998852841344e-06  -3.395749988727e-04  -3.948560162542e-05  -5.036120043835e-07  -4.566186307272e-05   1.557358240336e-03   2.463553682788e-03   9.670716777728e-04   2.951635862117e-04  -1.153576819332e-06   1.108861028567e-04  -1.398659479568e-04  -6.865902974798e-05  -1.087015774021e-04  -4.296064684790e-05  -1.310873915263e-05   9.571848584248e-06  -1.173874238597e-04  -6.937740742022e-06  -1.416816318701e-03  -2.241337664521e-03  -8.805138333708e-04  -2.687978178211e-04   1.458577144631e-06   7.143992713473e-05   1.536239491137e-04  -6.996058359469e-05  -1.107594037804e-04  -4.376499065749e-05  -1.335422032952e-05  -9.879030419288e-06  -1.173705934829e-04  -6.893926378874e-06
  -6.486071096944e-06  -1.024552325105e-05   4.929314814869e-08  -9.858136515558e-07  -1.982162707517e-03   2.450952291884e-05   9.118640979569e-08  -1.560094503714e-06  -3.104340728347e-03   1.732971436720e-05   7.272765489374e-08  -9.832224020016e-07  -2.090931545561e-03   3.052721320849e-06  -6.332596200286e-09   1.089470853756e-07   1.092653616552e-04  -5.006297337268e-07  -4.544672442258e-05  -4.514767577594e-06  -6.155545133159e-06   3.388391822186e-04  -9.381026013030e-04  -1.485348078493e-03  -5.868989709968e-04  -1.788006552805e-04   6.984587267184e-07  -1.375432946469e-04  -3.274871026090e-05   1.059167652799e-03   1.675818318565e-03   6.561624792189e-04   1.995807703672e-04  -1.481286528928e-04  -7.042445664887e-06  -1.049868224740e-05  -1.136529679119e-03  -1.799353868643e-03  -7.104880773238e-04  -2.164705738876e-04   1.175254942744e-06   1.515106546865e-04   6.295859917508e-06   1.032832647092e-03   1.634110344424e-03   6.397103078133e-04   1.945786893946e-04   1.462713398375e-04  -6.997747433197e-06  -1.571594325899e-05
   8.640320967511e-09   1.465229496289e-08   4.147943363932e-04   5.390076059840e-05   9.069739740714e-06  -4.163337250924e-08   6.495671954999e-04   8.441162982933e-05   1.420196200240e-05  -2.990341452829e-08   4.369621810390e-04   5.679724513309e-05   9.561520718265e-06   2.277956347907e-08  -2.309463830420e-05  -2.998852841344e-06  -5.006297337268e-07   4.869076333085e-06   9.461074413523e-06   2.190565110949e-06  -7.118730761779e-05  -1.568484557461e-06  -3.603089163371e-05  -5.700112275257e-05  -2.238950141075e-05  -6.838118842551e-06   2.444888397203e-05  -2.115556787456e-06   3.767781643918e-06   3.042244074109e-04   4.811796802824e-04   1.886731879069e-04   5.763524808357e-05  -1.813090451922e-05   1.174041017204e-06   3.103460472016e-05   4.564823777522e-05   7.220844655231e-05   2.835138312813e-05   8.650155303944e-06   2.437684336858e-05  -2.923923732504e-06  -4.418575267128e-06  -3.138288036208e-04  -4.963832674261e-04  -1.946520049222e-04  -5.946290054597e-05  -2.002107889515e-05   5.278818539776e-06  -3.014476094872e-05
   2.567399113177e-07   4.012050435654e-07   9.053325148185e-06   6.104019184251e-03   8.214767721472e-04  -1.079562077115e-06   1.417500410974e-05   9.559210832583e-03   1.286594876339e-03  -1.164658535889e-06   9.529283312489e-06   6.432032608674e-03   8.663809453274e-04   7.015972822789e-07  -5.059031556717e-07  -3.395749988727e-04  -4.544672442258e-05   9.461074413523e-06   1.054906221283e-03   1.223682638719e-04   2.530254051842e-06  -6.089886077556e-07  -4.361094866832e-03  -6.898819940274e-03  -2.708904531270e-03  -8.271101414451e-04   3.758810966230e-06  -2.808630262738e-04   4.398716618368e-04  -2.177096992757e-04  -3.449162022549e-04  -1.361629128968e-04  -4.146076018437e-05   3.090363482908e-05   3.610153382657e-04   2.663939374578e-05   4.795892473108e-03   7.586801432375e-03   2.979636697525e-03   9.092504627730e-04  -4.409820692139e-06  -2.811719161124e-04  -4.718595817007e-04  -2.163005156420e-04  -3.426674248688e-04  -1.352487282562e-04  -4.119179864641e-05  -3.002086883148e-05   3.610341784361e-04   2.731817046902e-05
   3.451892420124e-06   6.154148426429e-06   9.586455711553e-05   7.097735627783e-04   8.151889215053e-05  -1.648572113384e-05   1.501235838445e-04   1.111542276355e-03   1.276763651166e-04  -1.106222936545e-05   1.009871991645e-04   7.479155040193e-04   8.597375623569e-05  -2.572824848305e-06  -5.337850244423e-06  -3.948560162542e-05  -4.514767577594e-06   2.190565110949e-06   1.223682638719e-04   1.445155622815e-05  -1.603043781515e-05   2.035580456888e-06  -5.166446548096e-04  -8.166625450379e-04  -3.184824194365e-04  -9.706976733877e-05   6.027313146849e-06  -3.422392415743e-05   5.127969535446e-05   4.910317187697e-05   7.823029379235e-05   3.277711464349e-05   1.018948758199e-05  -1.074732168515e-06   4.149656884235e-05   9.620867313332e-06   5.468823095874e-04   8.657512444815e-04   3.422040402129e-04   1.045981345288e-04   5.082230271419e-06  -3.110426663886e-05  -5.440158112060e-05  -9.222606210121e-05  -1.453055118468e-04  -5.487348844399e-05  -1.658719808717e-05  -7.567883797969e-06   4.243802386544e-05  -4.315272209850e-06
  -7.599582915153e-08  -1.388261303773e-07  -6.173298023342e-03   9.060471236899e-06   1.114567249338e-04   4.119840734177e-07  -9.667375064976e-03   1.418669116741e-05   1.746002317730e-04   1.823668488964e-07  -6.503219952508e-03   9.543426481352e-06   1.176374380662e-04  -1.921686220385e-07   3.437127261170e-04  -5.036120043835e-07  -6.155545133159e-06  -7.118730761779e-05   2.530254051842e-06  -1.603043781515e-05   1.060434489218e-03  -1.993990253588e-07   2.196340865196e-05   3.483315334257e-05   1.382079180750e-05   4.204322170055e-06  -3.634874705678e-04   3.749065339993e-06   4.610327580130e-06  -4.630556138401e-03  -7.324144914788e-03  -2.872113736938e-03  -8.773027204752e-04   2.841964171713e-04   3.099436178017e-05  -4.576597191917e-04   3.699609052128e-05   5.862541438193e-05   2.318406142562e-05   7.055357311657e-06  -3.635340133092e-04  -4.399783390605e-06   2.570963102435e-06   4.571600653191e-03   7.230736958132e-03   2.835205390736e-03   8.661656662052e-04   2.839687314708e-04  -3.010871036537e-05   4.534875272134e-04
  -2.512522473719e-06  -4.167951545871e-06  -1.086452415321e-04   8.238472230233e-04  -6.147389895190e-03   1.091951822317e-05  -1.700942582607e-04   1.290136526499e-03  -9.627648636039e-03   1.020114421204e-05  -1.143865660906e-04   8.682949000599e-04  -6.484731853470e-03  -1.038025710137e-06   6.036963394589e-06  -4.566186307272e-05   3.388391822186e-04  -1.568484557461e-06  -6.089886077556e-07   2.035580456888e-06  -1.993990253588e-07   1.070131199132e-03  -3.566468568155e-03  -5.643581346316e-03  -2.218662638329e-03  -6.754877313252e-04  -3.750120090105e-06  -4.750074721771e-04  -4.218329087399e-05   3.220197605910e-03   5.097507512695e-03   2.004574927225e-03   6.103221456040e-04  -4.561354554126e-04   2.732556089861e-05  -3.948251710503e-05  -2.952600554667e-03  -4.672838242449e-03  -1.838326796192e-03  -5.592209515114e-04  -3.346291592943e-06   4.427486735227e-04  -4.206147110003e-05   3.301219741989e-03   5.225489922328e-03   2.054456428092e-03   6.256327040140e-04   4.604841898460e-04   2.638244818559e-05  -3.958562605020e-05
  -8.356545700564e-03  -1.393177893387e-02   1.404932231418e-04  -2.799489716077e-02   1.711965357584e-02   3.503195462533e-02   2.197913346946e-04  -4.384151222764e-02   2.680827220580e-02   2.341352500772e-02   1.475976660606e-04  -2.950034598540e-02   1.805394530137e-02   5.689099831069e-03  -7.493739799410e-06   1.557358240336e-03  -9.381026013030e-04  -3.603089163371e-05  -4.361094866832e-03  -5.166446548096e-04   2.196340865196e-05  -3.566468568155e-03   3.688832078287e-02   5.702649875488e-02   1.769375622475e-02   5.035346244106e-03  -2.084102851051e-05   4.121171351664e-03  -2.518252523846e-03  -3.032896907738e-03  -6.138124317734e-03  -7.121559286812e-03  -2.525129560733e-03   9.441951014655e-05  -1.644971182707e-03   9.450525083895e-04  -3.033505811288e-03  -6.125654213598e-03  -7.103795166247e-03  -2.535781245826e-03   8.871689969575e-06  -1.565129084164e-03   1.076947188232e-03  -3.033565392477e-03  -6.138835852301e-03  -7.120958853938e-03  -2.524760406991e-03  -7.922276335050e-05  -1.644892319354e-03   9.464993787796e-04
  -1.192895418249e-02  -1.962533529413e-02   2.218120070616e-04  -4.428639511006e-02   2.708954913065e-02   4.869489740723e-02   3.470240181068e-04  -6.935483054029e-02   4.242110394832e-02   3.254616340052e-02   2.330693427581e-04  -4.666783889628e-02   2.856907086036e-02   7.910020246875e-03  -1.188388416112e-05   2.463553682788e-03  -1.485348078493e-03  -5.700112275257e-05  -6.898819940274e-03  -8.166625450379e-04   3.483315334257e-05  -5.643581346316e-03   5.702649875488e-02   8.836664908309e-02   2.816761206518e-02   8.088879123479e-03  -3.166778744857e-05   6.256535862120e-03  -3.822632501492e-03  -6.134638541690e-03  -1.156933054462e-02  -1.109448171559e-02  -3.873976979550e-03   4.007188690757e-04  -2.590425562158e-03   1.315389824993e-03  -6.126767519533e-03  -1.153517686389e-02  -1.106010786347e-02  -3.887766795724e-03   1.585641499226e-05  -2.236808770447e-03   1.898221384829e-03  -6.135009341521e-03  -1.156934384222e-02  -1.109309548945e-02  -3.873333728575e-03  -3.797687192903e-04  -2.590082381654e-03   1.322236033107e-03
   1.457085776746e-03   2.129342989416e-03   8.619025250124e-05  -1.739114974807e-02   1.064414638422e-02  -4.607887996966e-03   1.348998901956e-04  -2.723530849485e-02   1.667047519200e-02  -3.088504169344e-03   9.071057068504e-05  -1.832600473447e-02   1.122947135955e-02  -7.451130662378e-04  -4.805754527372e-06   9.670716777728e-04  -5.868989709968e-04  -2.238950141075e-05  -2.708904531270e-03  -3.184824194365e-04   1.382079180750e-05  -2.218662638329e-03   1.769375622475e-02   2.816761206518e-02   1.168252475492e-02   3.610166370141e-03  -7.795137906641e-06   1.527104559573e-03  -9.325475078318e-04  -7.117670857386e-03  -1.109143505145e-02  -3.743082918167e-03  -1.093023032986e-03   1.043486865237e-03  -9.755534148782e-04  -1.178339975120e-04  -7.105173900446e-03  -1.106156840117e-02  -3.720994781238e-03  -1.091756598982e-03   1.270945774097e-05  -3.244951943308e-05   1.432496995722e-03  -7.116601945073e-03  -1.108942764283e-02  -3.741749481404e-03  -1.092790813087e-03  -1.046249467099e-03  -9.746405592890e-04  -9.919750605911e-05
   8.374268949030e-04   1.339054436312e-03   2.618205032919e-05  -5.308507541154e-03   3.238232643590e-03  -3.225169077680e-03   4.098293562072e-05  -8.313345890604e-03   5.071769736513e-03  -2.158297510415e-03   2.756656637849e-05  -5.593838707560e-03   3.416610625882e-03  -5.223607825110e-04  -1.474420159587e-06   2.951635862117e-04  -1.788006552805e-04  -6.838118842551e-06  -8.271101414451e-04  -9.706976733877e-05   4.204322170055e-06  -6.754877313252e-04   5.035346244106e-03   8.088879123479e-03   3.610166370141e-03   1.134171982731e-03  -2.023220710853e-06   3.941127396766e-04  -2.412745262446e-04  -2.527443620295e-03  -3.877807074197e-03  -1.091899330607e-03  -2.997068460396e-04   3.855685054392e-04  -2.946242960616e-04  -8.463675156624e-05  -2.535355831629e-03  -3.887130583625e-03  -1.092246825992e-03  -3.011670928270e-04   4.379473746139e-06   5.577080497689e-05   4.899351654377e-04  -2.527089148087e-03  -3.877143010707e-03  -1.091472754987e-03  -2.996498730942e-04  -3.872590853636e-04  -2.942863491848e-04  -7.774748668086e-05
   8.569558460941e-06   1.410662951608e-05   2.116530270910e-03   2.071304241049e-05  -1.269665627837e-05  -3.503701184206e-05   3.314483015221e-03   3.243894927748e-05  -1.989629018888e-05  -2.340692493930e-05   2.229644760145e-03   2.182731107318e-05  -1.341040379167e-05  -5.582234507585e-06  -1.178429894888e-04  -1.153576819332e-06   6.984587267184e-07   2.444888397203e-05   3.758810966230e-06   6.027313146849e-06  -3.634874705678e-04  -3.750120090105e-06  -2.084102851051e-05  -3.166778744857e-05  -7.795137906641e-06  -2.023220710853e-06   1.246341679063e-04  -2.189427347005e-06   1.332851515868e-06   1.567937601169e-03   2.481309146143e-03   9.776761474466e-04   2.989978636994e-04  -9.435618557295e-05  -9.078147778839e-06   1.562040241376e-04   1.195565253464e-05   2.021131757392e-05   1.257466045769e-05   4.197576969357e-06   1.246155855621e-04  -5.915709082194e-08  -1.790614506709e-06  -1.586690874140e-03  -2.508307774715e-03  -9.788713905273e-04  -2.986877802103e-04  -1.004292318047e-04   1.187156402060e-05  -1.560954845697e-04
  -1.696219799182e-03  -2.791376694088e-03   2.069420083866e-05  -1.992701153601e-03   2.513502399508e-03   6.928069652025e-03   3.237153367290e-05  -3.120694364306e-03   3.935835353017e-03   4.631095759843e-03   2.172996050979e-05  -2.099958851401e-03   2.650315676696e-03   1.125116812869e-03  -1.090854453466e-06   1.108861028567e-04  -1.375432946469e-04  -2.115556787456e-06  -2.808630262738e-04  -3.422392415743e-05   3.749065339993e-06  -4.750074721771e-04   4.121171351664e-03   6.256535862120e-03   1.527104559573e-03   3.941127396766e-04  -2.189427347005e-06   5.576934833649e-04  -2.645142507745e-04  -1.760686988735e-05  -2.923704423253e-04  -1.046163244699e-03  -3.890706760462e-04  -6.306641762249e-05  -1.203948596718e-04   1.938812635631e-04   1.408080020365e-03   1.964761997248e-03  -1.579881809974e-04  -1.205932561996e-04  -7.307777229100e-07  -3.690976342532e-04  -5.626113507270e-05  -1.639348340941e-05  -2.904082654404e-04  -1.045267458154e-03  -3.887503030403e-04   6.645213997613e-05  -1.204599184313e-04   1.928476410614e-04
   1.036737746714e-03   1.705990215692e-03  -1.268184573117e-05   2.512885493930e-03   5.823028770238e-04  -4.234092477549e-03  -1.985233432081e-05   3.935337690549e-03   9.123762672323e-04  -2.831310839710e-03  -1.333892369212e-05   2.647973459429e-03   6.148949667093e-04  -6.865222238482e-04   6.719252462198e-07  -1.398659479568e-04  -3.274871026090e-05   3.767781643918e-06   4.398716618368e-04   5.127969535446e-05   4.610327580130e-06  -4.218329087399e-05  -2.518252523846e-03  -3.822632501492e-03  -9.325475078318e-04  -2.412745262446e-04   1.332851515868e-06  -2.645142507745e-04   2.864546550415e-04  -1.070916399464e-03  -1.533768164463e-03  -3.462960252255e-05   3.251884972580e-05   1.895713930101e-04   1.569906688605e-04  -1.020376313952e-04   1.275805846293e-03   2.179299033623e-03   1.424517067626e-03   4.783523197327e-04  -1.759958179227e-06   1.648564956966e-05  -7.252936573319e-05  -1.042687294461e-03  -1.489087514761e-03  -1.708400316164e-05   3.782492895612e-05  -1.894449375171e-04   1.569709142583e-04  -9.587948846751e-05
  -8.358237568376e-03  -1.393499097724e-02   2.662225748398e-02   1.252846167096e-03  -1.912696840778e-02   3.504343393653e-02   4.169046236442e-02   1.961659562888e-03  -2.995885622282e-02   2.343825827568e-02   2.804501884304e-02   1.320228416669e-03  -2.018269732154e-02   5.677733092167e-03  -1.482012057352e-03  -6.865902974798e-05   1.059167652799e-03   3.042244074109e-04  -2.177096992757e-04   4.910317187697e-05  -4.630556138401e-03   3.220197605910e-03  -3.032896907738e-03  -6.134638541690e-03  -7.117670857386e-03  -2.527443620295e-03   1.567937601169e-03  -1.760686988735e-05  -1.070916399464e-03   3.687942037061e-02   5.701703775567e-02   1.768333115763e-02   5.040101111159e-03  -3.924456379074e-03  -1.846853155020e-04   2.809911860097e-03  -3.030600628711e-03  -6.132275683855e-03  -7.119932901491e-03  -2.528964630628e-03   1.568220335673e-03   1.561943432640e-04  -1.059704970614e-03  -3.050595463625e-03  -6.140179078896e-03  -7.083050028181e-03  -2.524911730020e-03   1.473276683898e-03   7.807073382679e-05  -1.191609322374e-03
  -1.193378294880e-02  -1.963436268524e-02   4.210785832784e-02   1.981680299763e-03  -3.027951654953e-02   4.872387407071e-02   6.594093374194e-02   3.102882645478e-03  -4.742663845872e-02   3.259253217799e-02   4.435825197817e-02   2.088356214905e-03  -3.194968573159e-02   7.893778374645e-03  -2.344120576446e-03  -1.087015774021e-04   1.675818318565e-03   4.811796802824e-04  -3.449162022549e-04   7.823029379235e-05  -7.324144914788e-03   5.097507512695e-03  -6.138124317734e-03  -1.156933054462e-02  -1.109143505145e-02  -3.877807074197e-03   2.481309146143e-03  -2.923704423253e-04  -1.533768164463e-03   5.701703775567e-02   8.835817978482e-02   2.815172903786e-02   8.095588802593e-03  -5.959173507692e-03  -2.804358820996e-04   4.265126671006e-03  -6.136872176768e-03  -1.156932590441e-02  -1.109639363283e-02  -3.880368891465e-03   2.482283166848e-03   4.880797362790e-04  -1.482033966358e-03  -6.139838894081e-03  -1.153688575044e-02  -1.102098133932e-02  -3.869981501982e-03   2.079041368207e-03   1.353826579433e-04  -2.059604409053e-03
   1.451157577590e-03   2.119765824828e-03   1.651136959385e-02   7.766825896942e-04  -1.191497368411e-02  -4.583056808403e-03   2.585687279747e-02   1.216265434979e-03  -1.866016945993e-02  -3.061280581192e-03   1.739394461082e-02   8.188246907934e-04  -1.256819624808e-02  -7.493217371884e-04  -9.193682483224e-04  -4.296064684790e-05   6.561624792189e-04   1.886731879069e-04  -1.361629128968e-04   3.277711464349e-05  -2.872113736938e-03   2.004574927225e-03  -7.121559286812e-03  -1.109448171559e-02  -3.743082918167e-03  -1.091899330607e-03   9.776761474466e-04  -1.046163244699e-03  -3.462960252255e-05   1.768333115763e-02   2.815172903786e-02   1.166777453829e-02   3.606934738414e-03  -1.455737312526e-03  -6.853211126102e-05   1.038968613469e-03  -7.125195768128e-03  -1.110089302179e-02  -3.747236995718e-03  -1.092640937373e-03   9.799088493078e-04   1.039537922464e-03   1.049270133256e-04  -7.082580787984e-03  -1.102035850904e-02  -3.693115197914e-03  -1.085413721068e-03  -7.684298370515e-05   9.530586784942e-05  -1.425430479381e-03
   8.296560574372e-04   1.326536209899e-03   5.043668039819e-03   2.365003300103e-04  -3.628594378816e-03  -3.194320045804e-03   7.898409158910e-03   3.703648880291e-04  -5.682615769882e-03  -2.134436082235e-03   5.313276141997e-03   2.493578018795e-04  -3.827225497344e-03  -5.198599597956e-04  -2.808504035549e-04  -1.310873915263e-05   1.995807703672e-04   5.763524808357e-05  -4.146076018437e-05   1.018948758199e-05  -8.773027204752e-04   6.103221456040e-04  -2.525129560733e-03  -3.873976979550e-03  -1.093023032986e-03  -2.997068460396e-04   2.989978636994e-04  -3.890706760462e-04   3.251884972580e-05   5.040101111159e-03   8.095588802593e-03   3.606934738414e-03   1.133096864349e-03  -3.769132483745e-04  -1.778961155779e-05   2.694802874507e-04  -2.526215801350e-03  -3.875886934053e-03  -1.094247569780e-03  -2.998492747238e-04   2.998175445435e-04   3.807013296451e-04   8.400641772537e-05  -2.524923753150e-03  -3.869956338138e-03  -1.085217539091e-03  -3.002523213348e-04  -9.206570719002e-05   3.231664500843e-05  -4.820877723530e-04
   1.614424262732e-03   2.657116523748e-03  -1.607067151819e-03  -1.751494640984e-04   2.670816896869e-03  -6.596092931057e-03  -2.516667632080e-03  -2.742306645091e-04   4.183482245538e-03  -4.411568923240e-03  -1.692940910504e-03  -1.845454894260e-04   2.818498376050e-03  -1.069085315760e-03   8.942956650902e-05   9.571848584248e-06  -1.481286528928e-04  -1.813090451922e-05   3.090363482908e-05  -1.074732168515e-06   2.841964171713e-04  -4.561354554126e-04   9.441951014655e-05   4.007188690757e-04   1.043486865237e-03   3.855685054392e-04  -9.435618557295e-05  -6.306641762249e-05   1.895713930101e-04  -3.924456379074e-03  -5.959173507692e-03  -1.455737312526e-03  -3.769132483745e-04   5.172032401657e-04   1.848641580442e-05  -2.812037448037e-04   9.708517002484e-05   4.051196106896e-04   1.045681548080e-03   3.864230202694e-04  -9.426043648911e-05   3.739299241805e-05   1.960386293779e-04  -1.494080305008e-03  -2.114994580291e-03   5.178769149549e-05   8.350071449246e-05  -3.699177821852e-04   2.740058966549e-06  -3.269221817495e-05
   7.598674153156e-05   1.250590275826e-04  -1.751254775388e-04   2.110088212740e-03   1.259457982615e-04  -3.104621550833e-04  -2.742451968323e-04   3.304508219931e-03   1.972953466704e-04  -2.076614435876e-04  -1.844838542869e-04   2.223487397167e-03   1.328512420493e-04  -5.015317932327e-05   9.747093877942e-06  -1.173874238597e-04  -7.042445664887e-06   1.174041017204e-06   3.610153382657e-04   4.149656884235e-05   3.099436178017e-05   2.732556089861e-05  -1.644971182707e-03  -2.590425562158e-03  -9.755534148782e-04  -2.946242960616e-04  -9.078147778839e-06  -1.203948596718e-04   1.569906688605e-04  -1.846853155020e-04  -2.804358820996e-04  -6.853211126102e-05  -1.778961155779e-05   1.848641580442e-05   1.256582564323e-04  -1.320296174545e-05   1.504522552616e-03   2.391814505644e-03   9.809673224482e-04   3.025972899600e-04  -1.184002653250e-05  -7.386258070520e-05  -1.534805653086e-04   7.937627351804e-05   1.372291267099e-04   9.524764085091e-05   3.223665939338e-05  -2.071831721410e-06   1.239143579183e-04   1.312513579683e-05
  -1.156863686297e-03  -1.903618808685e-03   2.669008693729e-03   1.258771530670e-04   2.022878375186e-04   4.724356432571e-03   4.179650393127e-03   1.971034151409e-04   3.163578626610e-04   3.158735903025e-03   2.811617337680e-03   1.325705032861e-04   2.125630052353e-04   7.667829865335e-04  -1.485650583627e-04  -6.937740742022e-06  -1.049868224740e-05   3.103460472016e-05   2.663939374578e-05   9.620867313332e-06  -4.576597191917e-04  -3.948251710503e-05   9.450525083895e-04   1.315389824993e-03  -1.178339975120e-04  -8.463675156624e-05   1.562040241376e-04   1.938812635631e-04  -1.020376313952e-04   2.809911860097e-03   4.265126671006e-03   1.038968613469e-03   2.694802874507e-04  -2.812037448037e-04  -1.320296174545e-05   3.260126047737e-04   1.156302686376e-03   1.649554902029e-03   1.335481394245e-05  -4.478305328357e-05   1.556273504278e-04  -1.904821665518e-04  -1.487400577950e-04  -1.165165934582e-03  -2.022192060644e-03  -1.426427992240e-03  -4.835985292569e-04   3.802032988912e-05   1.305126406591e-05  -7.041079396322e-05
  -8.355264391898e-03  -1.392955910811e-02   1.959045618941e-04   2.546904534325e-02   2.069321603690e-02   3.502525395904e-02   3.065692767959e-04   3.988576697959e-02   3.240539570782e-02   2.340688230792e-02   2.059396075232e-04   2.683670580162e-02   2.182209130835e-02   5.694000765440e-03  -1.060188954183e-05  -1.416816318701e-03  -1.136529679119e-03   4.564823777522e-05   4.795892473108e-03   5.468823095874e-04   3.699609052128e-05  -2.952600554667e-03  -3.033505811288e-03  -6.126767519533e-03  -7.105173900446e-03  -2.535355831629e-03   1.195565253464e-05   1.408080020365e-03   1.275805846293e-03  -3.030600628711e-03  -6.136872176768e-03  -7.125195768128e-03  -2.526215801350e-03   9.708517002484e-05   1.504522552616e-03   1.156302686376e-03   3.688907446823e-02   5.702834247069e-02   1.769795795169e-02   5.033645172504e-03  -2.900708581055e-05  -3.749584142603e-03  -3.043385284691e-03  -3.031309659061e-03  -6.137572771687e-03  -7.124485506584e-03  -2.525860461748e-03  -7.536311672214e-05   1.504612185942e-03   1.157727812017e-03
  -1.192673385699e-02  -1.962148653462e-02   3.094354309907e-04   4.028901627102e-02   3.274463302648e-02   4.868341272575e-02   4.842482764183e-04   6.309460645003e-02   5.127842846430e-02   3.253506285528e-02   3.253269728846e-04   4.245258704598e-02   3.453207992806e-02   7.917630557996e-03  -1.679890079143e-05  -2.241337664521e-03  -1.799353868643e-03   7.220844655231e-05   7.586801432375e-03   8.657512444815e-04   5.862541438193e-05  -4.672838242449e-03  -6.125654213598e-03  -1.153517686389e-02  -1.106156840117e-02  -3.887130583625e-03   2.021131757392e-05   1.964761997248e-03   2.179299033623e-03  -6.132275683855e-03  -1.156932590441e-02  -1.110089302179e-02  -3.875886934053e-03   4.051196106896e-04   2.391814505644e-03   1.649554902029e-03   5.702834247069e-02   8.837066450218e-02   2.817489988127e-02   8.086657502624e-03  -4.406745955838e-05  -5.692554008343e-03  -4.619775668889e-03  -6.132635385565e-03  -1.156920283563e-02  -1.109928627054e-02  -3.875251277400e-03  -3.738425016736e-04   2.392174384298e-03   1.656377382720e-03
