ARMA_MAT_TXT_FN008
50 50
  -9.475167211294e+00  -1.192684146374e+01  -4.914833596837e-07  -8.529103477679e-07  -5.978097356667e-06  -4.399717925289e+00  -5.372612618845e-07  -1.050033013758e-06  -1.003673079406e-05  -1.980344998807e+00  -3.573200084511e-07  -6.757936922031e-07  -6.063935725250e-06  -8.347559465969e-01  -1.433153810847e-07  -2.642930961790e-07  -2.243216661019e-06  -2.629438637729e-09  -7.007074627409e-07   1.034305793760e-05  -1.590641981769e-07  -4.562097269038e-07  -1.313637071870e-01  -9.537349055513e-01  -1.015583037523e+00  -6.220709416227e-01   4.819906162583e-03  -9.555978026367e-01   5.839890338688e-01  -1.312105204106e-01  -9.533384076375e-01  -1.015442636475e+00  -6.220401822587e-01   9.090065775682e-01   4.277172050179e-02  -6.513901386800e-01  -1.313730243353e-01  -9.537581297813e-01  -1.015591447964e+00  -6.220728259213e-01   6.713638478095e-03   8.695001998680e-01   7.058755152323e-01  -1.312221853786e-01  -9.533692003107e-01  -1.015453416517e+00  -6.220425162120e-01  -9.204310165150e-01   4.358197725369e-02  -6.352014787073e-01
  -1.192684146374e+01  -8.697623183557e+00  -2.654200976513e-07  -5.869218199655e-07  -6.706553172630e-06  -3.920657229927e+00  -3.380858325187e-07  -7.997455453127e-07  -1.028687722217e-05  -1.858090110448e+00  -2.670989241791e-07  -5.587849575130e-07  -6.087307856941e-06  -7.969958795498e-01  -1.063426290371e-07  -2.075584417811e-07  -2.003488084545e-06   1.334587982876e-08  -2.875934125802e-07   1.644219596425e-05  -3.174972111333e-07  -4.519619470954e-06  -1.526171748606e-01  -9.096430341968e-01  -9.644496980320e-01  -5.952435457102e-01   4.719746440829e-03  -9.357332510717e-01   5.718502546298e-01  -1.524515710843e-01  -9.092793436219e-01  -9.643184131279e-01  -5.952143605329e-01   8.901634027065e-01   4.188518400880e-02  -6.378883692304e-01  -1.526263172662e-01  -9.096637054023e-01  -9.644573752207e-01  -5.952452914390e-01   6.574086251934e-03   8.514223160316e-01   6.912005665087e-01  -1.524648006832e-01  -9.093080087822e-01  -9.643286176394e-01  -5.952166029760e-01  -9.013468630451e-01   4.267845222117e-02  -6.220324414819e-01
  -4.914833596837e-07  -2.654200976513e-07   1.047286528387e+00   9.202704290498e-08  -2.820179466077e-06  -1.703656059075e-06  -4.126152541265e-01   1.278244127077e-07  -3.599127665276e-06  -2.442653767718e-06  -4.576117888185e-01   6.723398934567e-08  -1.717595155547e-06  -1.712534388486e-06  -1.779447590841e-01   1.801178163767e-08  -4.023554910420e-07  -7.044431723664e-03  -1.538282928106e-04  -1.628346833052e-03   1.048468018521e-01   1.847619380760e-03  -1.782589799860e-03  -1.635890507292e-03  -7.821208150928e-04  -2.202665203038e-04  -1.776630292272e-01  -1.304531787711e-03   7.980830078586e-04  -3.367129545612e-01  -3.088204439501e-01  -1.473610433006e-01  -4.132520924067e-02   5.682848106312e-02   1.102595083904e-02  -1.679318826797e-01  -2.483709015606e-03  -2.278789197296e-03  -1.088845797844e-03  -3.062723977752e-04  -1.776699586149e-01   1.653067726266e-03   1.343056142728e-03   3.409390161087e-01   3.126884333334e-01   1.492019921138e-01   4.183930241927e-02   6.272006203134e-02  -1.137477292504e-02   1.657934801777e-01
  -8.529103477679e-07  -5.869218199655e-07   9.202704290498e-08   1.047295114249e+00  -4.159555938995e-06  -5.646036321442e-06   1.278230346744e-07  -4.125548807904e-01  -4.680040741251e-06  -6.096796416837e-06   6.723047817451e-08  -4.575576870126e-01  -1.871769235172e-06  -3.704304034245e-06   1.800870210340e-08  -1.779249300240e-01  -3.107254276054e-07  -9.146609073565e-04  -1.036197761959e-01  -1.204911387755e-02  -1.539197044023e-04  -1.399121776080e-02   3.539146589194e-01   3.244918172736e-01   1.547932926510e-01   4.340088291175e-02  -1.304184295127e-03   8.093916547939e-02  -1.580284487397e-01  -1.584355167046e-02  -1.453192368883e-02  -6.936621403114e-03  -1.947063608916e-03   1.102593603887e-02  -1.771092900018e-01  -7.909628146698e-03  -3.220113273868e-01  -2.952436681146e-01  -1.408464842089e-01  -3.949397353876e-02   1.652731938942e-03   3.641961111743e-02   1.737880988651e-01  -1.614328729734e-02  -1.480653880063e-02  -7.067570947686e-03  -1.983771985578e-03  -1.137477007505e-02  -1.770912106708e-01  -7.858001569442e-03
  -5.978097356667e-06  -6.706553172630e-06  -2.820179466077e-06  -4.159555938995e-06   1.047447149621e+00  -9.789378080897e-05  -3.597997874881e-06  -4.679006734069e-06  -4.123104185478e-01  -8.367525599763e-05  -1.714931436798e-06  -1.869273642923e-06  -4.574160386801e-01  -4.247276458602e-05  -4.005027554290e-07  -3.089778797409e-07  -1.778851795558e-01  -1.540345218581e-04  -1.393745930413e-02  -1.383058229286e-03  -1.889405962238e-03   1.043423789546e-01  -2.163174034336e-01  -1.983331168566e-01  -9.463434751128e-02  -2.655301324698e-02   7.978579837116e-04  -1.580252483947e-01  -8.108605441155e-02   2.414465928047e-01   2.213558698813e-01   1.055542807171e-01   2.957721267438e-02  -1.679041285233e-01  -7.908343469421e-03  -5.724264815062e-02  -2.614646088608e-01  -2.397192401655e-01  -1.143731471296e-01  -3.208711115939e-02   1.342742979927e-03   1.737823330634e-01  -3.658777820824e-02   2.354399312175e-01   2.158445935159e-01   1.029242594742e-01   2.883958782271e-02   1.657662738211e-01  -7.856725957774e-03  -6.316696542507e-02
  -4.399717925289e+00  -3.920657229927e+00  -1.703656059075e-06  -5.646036321442e-06  -9.789378080897e-05  -2.144328848650e+00  -7.925734744624e-06  -1.825960347475e-05  -2.280394815312e-04  -1.500716217277e+00  -7.233573521065e-06  -1.472044103794e-05  -1.529972020804e-04  -8.380516011442e-01  -2.809668919178e-06  -5.386797922795e-06  -5.007476288934e-05   3.194434514891e-07  -4.104645268821e-06   5.001080767006e-04  -6.808877992976e-06  -1.805090431622e-04  -4.163641369012e-01  -8.402446675368e-01  -9.263567290397e-01  -6.504624093677e-01   2.583514538275e-03  -5.123531278029e-01   3.131267885921e-01  -4.162314145771e-01  -8.399975479206e-01  -9.262208638935e-01  -6.504226007700e-01   4.874578280182e-01   2.293701843567e-02  -3.493787406352e-01  -4.163631798345e-01  -8.402611205661e-01  -9.263716256360e-01  -6.504673212473e-01   3.598741484955e-03   4.661837694644e-01   3.784789545268e-01  -4.162475462485e-01  -8.400154516777e-01  -9.262268015740e-01  -6.504239734972e-01  -4.935746132388e-01   2.337104838426e-02  -3.406887295314e-01
  -5.372612618845e-07  -3.380858325187e-07  -4.126152541265e-01   1.278230346744e-07  -3.597997874881e-06  -7.925734744624e-06  -1.529632019945e-01   2.275582698988e-07  -6.353944506014e-06  -1.168276062025e-05  -3.958071058951e-01   1.252462037853e-07  -3.230459822272e-06  -7.993661906985e-06  -2.310213401754e-01   3.268283466985e-08  -7.338560106154e-07  -1.685015303632e-02  -3.679241287774e-04  -3.894586432198e-03   2.507845637262e-01   4.418532380785e-03  -1.884470394049e-03  -1.568974126921e-03  -9.143068937194e-04  -3.068798891265e-04  -5.092166685999e-02   3.337220759502e-04  -2.022485804939e-04  -3.561340014024e-01  -2.958089288960e-01  -1.712233577883e-01  -5.675328374624e-02  -1.109968843072e-01  -2.835351172605e-03   4.314272196478e-02  -2.625776972229e-03  -2.184737416746e-03  -1.270692726604e-03  -4.249864658228e-04  -5.093973307631e-02  -4.235041246313e-04  -3.416994175426e-04   3.605978769172e-01   2.995076080011e-01   1.733510073267e-01   5.745044793679e-02  -1.125150557519e-01   2.924757117711e-03  -4.259862252237e-02
  -1.050033013758e-06  -7.997455453127e-07   1.278244127077e-07  -4.125548807904e-01  -4.679006734069e-06  -1.825960347475e-05   2.275582698988e-07  -1.526836286292e-01  -8.104631503412e-06  -2.379875889270e-05   1.252434979462e-07  -3.955356141465e-01  -3.554704886807e-06  -1.534212047947e-05   3.268023024262e-08  -2.309148715904e-01  -5.630736663745e-07  -2.187604175205e-03  -2.477766869242e-01  -2.881174997213e-02  -3.680367464258e-04  -3.345503691416e-02   3.742443103463e-01   3.107579946415e-01   1.797904574132e-01   5.957387434028e-02   3.355960155263e-04  -1.173152315033e-01   4.060596848195e-02  -1.675747870545e-02  -1.392204392230e-02  -8.067505709546e-03  -2.680933252505e-03  -2.835092551893e-03  -5.108115430029e-02   2.016039205390e-03  -3.405003955495e-01  -2.827549759073e-01  -1.636113653725e-01  -5.422634573226e-02  -4.252854001544e-04  -1.058721384824e-01  -4.464742187337e-02  -1.707419549817e-02  -1.418495817880e-02  -8.219599844751e-03  -2.731327254181e-03   2.924405526915e-03  -5.108006523656e-02   2.003268633612e-03
  -1.003673079406e-05  -1.028687722217e-05  -3.599127665276e-06  -4.680040741251e-06  -4.123104185478e-01  -2.280394815312e-04  -6.353944506014e-06  -8.104631503412e-06  -1.520388603620e-01  -2.475195705398e-04  -3.227964985348e-06  -3.552322300916e-06  -3.950566674868e-01  -1.426096947427e-04  -7.318126949390e-07  -5.610979885184e-07  -2.307546554173e-01  -3.681782968900e-04  -3.331648719933e-02  -3.304941820127e-03  -4.517139969865e-03   2.494150924061e-01  -2.287514855114e-01  -1.899511445973e-01  -1.099697196297e-01  -3.650389662197e-02  -2.034725963649e-04   4.062236403102e-02  -7.569642773885e-02   2.554044889656e-01   2.119389859151e-01   1.224744476312e-01   4.052434725020e-02   4.325757887302e-02   2.021615508921e-03  -8.180543456003e-02  -2.764893505870e-01  -2.295802744897e-01  -1.328892541444e-01  -4.409846459570e-02  -3.433534397293e-04  -4.467493459678e-02  -8.714510642032e-02   2.490460107173e-01   2.066598490242e-01   1.194205229994e-01   3.951209952376e-02  -4.271059264504e-02   2.008799564904e-03  -8.027847419498e-02
  -1.980344998807e+00  -1.858090110448e+00  -2.442653767718e-06  -6.096796416837e-06  -8.367525599763e-05  -1.500716217277e+00  -1.168276062025e-05  -2.379875889270e-05  -2.475195705398e-04  -1.100030726782e+00  -1.262439922836e-05  -2.323234169893e-05  -1.968772570778e-04  -6.587099670274e-01  -5.426935934033e-06  -9.510844796001e-06  -7.112254774369e-05   2.989829544046e-07  -3.750496671996e-06   5.893609075965e-04  -6.349068193448e-06  -2.296879997941e-04  -3.995498229502e-01  -6.396724173680e-01  -7.027042320143e-01  -5.218327734404e-01   1.900382715268e-03  -3.770061295138e-01   2.304168909625e-01  -3.994712388595e-01  -6.395076848968e-01  -7.025933323176e-01  -5.217962578491e-01   3.586726565568e-01   1.687701150239e-02  -2.571046810301e-01  -3.995467013767e-01  -6.396875441611e-01  -7.027226919135e-01  -5.218395464663e-01   2.647395357675e-03   3.430330625130e-01   2.785090033540e-01  -3.994825013441e-01  -6.395168734427e-01  -7.025939905849e-01  -5.217960076652e-01  -3.631731131044e-01   1.719632039102e-02  -2.507089106793e-01
  -3.573200084511e-07  -2.670989241791e-07  -4.576117888185e-01   6.723047817451e-08  -1.714931436798e-06  -7.233573521065e-06  -3.958071058951e-01   1.252434979462e-07  -3.227964985348e-06  -1.262439922836e-05  -1.932877682790e-01   5.912950253624e-08  -1.191688702328e-06  -9.486084749955e-06  -1.182368585681e-01   9.127022063502e-09   2.395588064647e-08  -1.377721449047e-02  -3.007148341257e-04  -3.184525897069e-03   2.050676586473e-01   3.611582314712e-03  -1.699715533744e-03  -1.105980239867e-03  -4.563043719977e-04  -1.813557891286e-04  -3.444342922209e-02  -6.457090296315e-04   3.962461473292e-04  -3.212021871590e-01  -2.084534468320e-01  -8.466032670409e-02  -3.284778357776e-02   8.144353391597e-02   5.444203298281e-03  -8.294700145630e-02  -2.368299066973e-03  -1.539841304294e-03  -6.324724812494e-04  -2.496943054301e-04  -3.445590015011e-02   8.178397665131e-04   6.659326779984e-04   3.252270273588e-01   2.110566483275e-01   8.570203153344e-02   3.324325172603e-02   8.435703337637e-02  -5.616877378288e-03   8.189287657036e-02
  -6.757936922031e-07  -5.587849575130e-07   6.723398934567e-08  -4.575576870126e-01  -1.869273642923e-06  -1.472044103794e-05   1.252462037853e-07  -3.955356141465e-01  -3.552322300916e-06  -2.323234169893e-05   5.912950253624e-08  -1.929590247134e-01  -5.425360496852e-07  -1.667436588697e-05   9.126607463893e-09  -1.180891703458e-01   6.196543003002e-07  -1.788328413838e-03  -2.025575316960e-01  -2.355511986031e-02  -3.008035872349e-04  -2.735229831838e-02   3.375255267978e-01   2.189607725033e-01   8.883202718196e-02   3.445098346611e-02  -6.441589882034e-04   9.339421312906e-02  -7.810121434838e-02  -1.511393675243e-02  -9.811429784983e-03  -3.994419483052e-03  -1.556984714873e-03   5.444550116186e-03  -3.417075504406e-02  -3.914260961021e-03  -3.070932493543e-01  -1.992300916962e-01  -8.085166170941e-02  -3.137004638984e-02   8.163727179475e-04   7.139933734250e-02   8.589900058363e-02  -1.539953998534e-02  -9.996595144393e-03  -4.069512471778e-03  -1.586116506658e-03  -5.617307426258e-03  -3.415913425617e-02  -3.888727139516e-03
  -6.063935725250e-06  -6.087307856941e-06  -1.717595155547e-06  -1.871769235172e-06  -4.574160386801e-01  -1.529972020804e-04  -3.230459822272e-06  -3.554704886807e-06  -3.950566674868e-01  -1.968772570778e-04  -1.191688702328e-06  -5.425360496852e-07  -1.925109876384e-01  -1.256326826883e-04   2.466662630426e-08   6.203761927194e-07  -1.179166886696e-01  -3.009151350816e-04  -2.723773127559e-02  -2.690161038313e-03  -3.694434690009e-03   2.039185601762e-01  -2.063093092502e-01  -1.338433471562e-01  -5.435977967912e-02  -2.113780720231e-02   3.952405792433e-04  -7.808919609279e-02   1.331412775932e-02   2.303430675736e-01   1.493495870550e-01   6.045096886525e-02   2.339547220033e-02  -8.285852322394e-02  -3.909860240787e-03   2.506143220467e-02  -2.493631078555e-01  -1.617654826622e-01  -6.567890392199e-02  -2.552803094968e-02   6.645839273261e-04   8.587820586189e-02   3.530258463443e-02   2.246077496992e-01   1.456278532958e-01   5.894132997623e-02   2.280991637974e-02   8.180675468653e-02  -3.884363610683e-03   2.214073978678e-02
  -8.347559465969e-01  -7.969958795498e-01  -1.712534388486e-06  -3.704304034245e-06  -4.247276458602e-05  -8.380516011442e-01  -7.993661906985e-06  -1.534212047947e-05  -1.426096947427e-04  -6.587099670274e-01  -9.486084749955e-06  -1.667436588697e-05  -1.256326826883e-04  -3.702951340465e-01  -4.480998521480e-06  -7.579303594438e-06  -5.085692318387e-05   1.695620917687e-07  -1.502843078296e-06   3.637247612988e-04  -3.418096096984e-06  -1.493174177989e-04  -2.712316148990e-01  -3.957335599478e-01  -4.094898943245e-01  -2.900631955745e-01   1.096150618826e-03  -2.174857115272e-01   1.329236520096e-01  -2.712034969961e-01  -3.956509681873e-01  -4.094245462678e-01  -2.900408772812e-01   2.069278210038e-01   9.736722309099e-03  -1.483314872736e-01  -2.712287991092e-01  -3.957422666124e-01  -4.095024437469e-01  -2.900681858946e-01   1.527076706785e-03   1.978866107959e-01   1.606665041713e-01  -2.712086623609e-01  -3.956548354491e-01  -4.094238243928e-01  -2.900401590116e-01  -2.095226212900e-01   9.920851901802e-03  -1.446402465997e-01
  -1.433153810847e-07  -1.063426290371e-07  -1.779447590841e-01   1.800870210340e-08  -4.005027554290e-07  -2.809668919178e-06  -2.310213401754e-01   3.268023024262e-08  -7.318126949390e-07  -5.426935934033e-06  -1.182368585681e-01   9.126607463893e-09   2.466662630426e-08  -4.480998521480e-06   8.966178087737e-03  -1.933013017955e-10   2.219441884416e-07  -5.470883128284e-03  -1.193888890948e-04  -1.264667137381e-03   8.143819646326e-02   1.433932555075e-03  -8.713710524683e-04  -6.549548216213e-04  -1.521006587763e-04   1.240599020923e-05  -4.300604152924e-02  -4.096429544768e-04   2.511354149326e-04  -1.646852898067e-01  -1.235514612103e-01  -2.807633738917e-02   2.999934770638e-03   3.057308325021e-02   3.458154650416e-03  -5.267822147682e-02  -1.214130374787e-03  -9.120879469346e-04  -2.105111166411e-04   1.866448335534e-05  -4.301112492505e-02   5.189632937732e-04   4.222516917568e-04   1.667473517848e-01   1.250948402319e-01   2.841969166266e-02  -3.044788010092e-03   3.242231195403e-02  -3.567707805005e-03   5.200832839613e-02
  -2.642930961790e-07  -2.075584417811e-07   1.801178163767e-08  -1.779249300240e-01  -3.089778797409e-07  -5.386797922795e-06   3.268283466985e-08  -2.309148715904e-01  -5.610979885184e-07  -9.510844796001e-06   9.127022063502e-09  -1.180891703458e-01   6.203761927194e-07  -7.579303594438e-06  -1.933013017955e-10   9.044615223473e-03   7.419760584175e-07  -7.100826691125e-04  -8.043552474250e-02  -9.354227139952e-03  -1.194328627280e-04  -1.086229809999e-02   1.730412607343e-01   1.297851034267e-01   2.944855863198e-02  -3.177449483124e-03  -4.091359552127e-04   3.815436184396e-02  -4.958940131933e-02  -7.749271243957e-03  -5.814860251379e-03  -1.325725145342e-03   1.359428716416e-04   3.458389606179e-03  -4.283245087956e-02  -2.483501966816e-03  -1.574390832172e-01  -1.180877571006e-01  -2.680524117764e-02   2.879767040594e-03   5.184874168528e-04   2.418668410229e-02   5.453809984373e-02  -7.895632158298e-03  -5.924591107714e-03  -1.350601170379e-03   1.386342893906e-04  -3.567973992689e-03  -4.282588752226e-02  -2.467292308708e-03
  -2.243216661019e-06  -2.003488084545e-06  -4.023554910420e-07  -3.107254276054e-07  -1.778851795558e-01  -5.007476288934e-05  -7.338560106154e-07  -5.630736663745e-07  -2.307546554173e-01  -7.112254774369e-05   2.395588064647e-08   6.196543003002e-07  -1.179166886696e-01  -5.085692318387e-05   2.219441884416e-07   7.419760584175e-07   9.123854813649e-03  -1.194880926475e-04  -1.081758989165e-02  -1.064822080255e-03  -1.467572678980e-03   8.098933495987e-02  -1.057728086460e-01  -7.933303616552e-02  -1.802441646045e-02   1.907801211029e-03   2.508175723898e-04  -4.958763849692e-02  -1.269467220617e-02   1.181033858863e-01   8.854880905481e-02   2.003530859331e-02  -2.213346570564e-03  -5.265182671084e-02  -2.482097176768e-03  -5.224476465501e-03  -1.278456343711e-01  -9.588489939594e-02  -2.177622686450e-02   2.314468543494e-03   4.218312169578e-04   5.453353210386e-02   1.268656886541e-03   1.151616148667e-01   8.634200907643e-02   1.953448033994e-02  -2.159388579322e-03   5.198267137634e-02  -2.465899364205e-03  -7.081312636640e-03
  -2.629438637729e-09   1.334587982876e-08  -7.044431723664e-03  -9.146609073565e-04  -1.540345218581e-04   3.194434514891e-07  -1.685015303632e-02  -2.187604175205e-03  -3.681782968900e-04   2.989829544046e-07  -1.377721449047e-02  -1.788328413838e-03  -3.009151350816e-04   1.695620917687e-07  -5.470883128284e-03  -7.100826691125e-04  -1.194880926475e-04   1.519182082086e+00  -1.603541135775e-03  -3.713406872132e-04   1.207307649639e-02   2.667925036939e-04   9.981572876652e-05   4.124965505299e-04   5.520680947220e-04   1.620700571876e-04  -3.050902080142e-01  -3.567133214231e-03   2.955903172531e-03  -8.542255631595e-04  -3.487996290090e-03  -4.668613952120e-03  -1.370280681137e-03  -2.735949760441e-02   2.867152567656e-01   2.818000310691e-02  -1.266024778534e-04  -5.227734391236e-04  -6.994661463843e-04  -2.051810203942e-04   2.745636651659e-01  -3.714727612335e-03  -4.614925490240e-03   8.805437123167e-04   3.597705188256e-03   4.815823928322e-03   1.413601312862e-03  -2.885696327315e-02  -2.906572418417e-01  -2.841721164261e-02
  -7.007074627409e-07  -2.875934125802e-07  -1.538282928106e-04  -1.036197761959e-01  -1.393745930413e-02  -4.104645268821e-06  -3.679241287774e-04  -2.477766869242e-01  -3.331648719933e-02  -3.750496671996e-06  -3.007148341257e-04  -2.025575316960e-01  -2.723773127559e-02  -1.502843078296e-06  -1.193888890948e-04  -8.043552474250e-02  -1.081758989165e-02  -1.603541135775e-03   1.341417566903e+00  -2.074485656897e-02  -4.285834664980e-04   1.080012809448e-04   1.213855459924e-02   4.991500391559e-02   6.683747547673e-02   1.961410661777e-02   2.956660829843e-03  -4.306729942788e-01   5.572170439335e-02   6.075555377010e-04   2.474072894847e-03   3.321709154045e-03   9.736001930048e-04   2.820140830249e-02  -2.288023393483e-01  -9.762110396886e-03  -1.334071627214e-02  -5.488911814037e-02  -7.350006025792e-02  -2.157023064326e-02  -4.615880630240e-03  -3.923168468105e-01  -2.086191109112e-01   6.033362556979e-04   2.458505621344e-03   3.300550761275e-03   9.674033082129e-04  -2.843784156974e-02  -2.236402619864e-01  -8.872651168602e-03
   1.034305793760e-05   1.644219596425e-05  -1.628346833052e-03  -1.204911387755e-02  -1.383058229286e-03   5.001080767006e-04  -3.894586432198e-03  -2.881174997213e-02  -3.304941820127e-03   5.893609075965e-04  -3.184525897069e-03  -2.355511986031e-02  -2.690161038313e-03   3.637247612988e-04  -1.264667137381e-03  -9.354227139952e-03  -1.064822080255e-03  -3.713406872132e-04  -2.074485656897e-02   1.517815568547e+00   2.721419613609e-03  -3.538662596545e-04   1.431010305117e-03   6.051995264584e-03   8.261347936518e-03   2.596791966913e-03  -8.907753415541e-04   1.016968150411e-01   2.572189940037e-01  -1.579299521812e-04  -4.176675354401e-04  -4.223983507377e-04   4.739798934928e-05  -1.731558420251e-01  -1.082431164966e-02  -2.349519265156e-01  -1.529838287468e-03  -6.119383376505e-03  -8.038961384805e-03  -2.186889595881e-03  -2.113911410944e-03  -2.292941234339e-01   2.041186396649e-01   2.398380956268e-04   1.202026522682e-03   1.746960851137e-03   6.842060016792e-04   1.560587611791e-01  -1.010033685700e-02  -2.419137752448e-01
  -1.590641981769e-07  -3.174972111333e-07   1.048468018521e-01  -1.539197044023e-04  -1.889405962238e-03  -6.808877992976e-06   2.507845637262e-01  -3.680367464258e-04  -4.517139969865e-03  -6.349068193448e-06   2.050676586473e-01  -3.008035872349e-04  -3.694434690009e-03  -3.418096096984e-06   8.143819646326e-02  -1.194328627280e-04  -1.467572678980e-03   1.207307649639e-02  -4.285834664980e-04   2.721419613609e-03   1.340185715667e+00   2.523061684532e-05  -6.018584177856e-05  -2.498529044816e-04  -3.370621305378e-04  -1.002941557082e-04   2.089627826744e-01   2.958285729841e-03  -7.216427143215e-04   1.302106203952e-02   5.307111770882e-02   7.106656345233e-02   2.085922020471e-02   4.161793733008e-01   2.818373866776e-02  -1.413889102368e-01  -1.018285243664e-04  -4.215584479561e-04  -5.670995931164e-04  -1.677816562833e-04   2.476639502330e-01  -4.617558336310e-03  -2.012023108573e-03  -1.284829322846e-02  -5.240197882570e-02  -7.017097786567e-02  -2.059927800773e-02   4.211162129728e-01  -2.842037757525e-02   1.208902650456e-01
  -4.562097269038e-07  -4.519619470954e-06   1.847619380760e-03  -1.399121776080e-02   1.043423789546e-01  -1.805090431622e-04   4.418532380785e-03  -3.345503691416e-02   2.494150924061e-01  -2.296879997941e-04   3.611582314712e-03  -2.735229831838e-02   2.039185601762e-01  -1.493174177989e-04   1.433932555075e-03  -1.086229809999e-02   8.098933495987e-02   2.667925036939e-04   1.080012809448e-04  -3.538662596545e-04   2.523061684532e-05   1.338327315458e+00   9.925177889252e-03   4.075149237336e-02   5.452049306521e-02   1.592535780087e-02   4.391032067136e-03  -1.847733700520e-01   3.198772796646e-01  -9.009636558847e-03  -3.682753617557e-02  -4.943487500053e-02  -1.457541382326e-02  -1.284062777390e-01  -3.636496016697e-02   3.225802005312e-01   8.207784854876e-03   3.371009324848e-02   4.509519552171e-02   1.315878222563e-02   5.367165557420e-03   8.613602727501e-02   3.200596838620e-01  -9.232978341035e-03  -3.776141603218e-02  -5.068263008874e-02  -1.494167378421e-02   1.414624396697e-01  -3.749679949901e-02   3.224649626543e-01
  -1.313637071870e-01  -1.526171748606e-01  -1.782589799860e-03   3.539146589194e-01  -2.163174034336e-01  -4.163641369012e-01  -1.884470394049e-03   3.742443103463e-01  -2.287514855114e-01  -3.995498229502e-01  -1.699715533744e-03   3.375255267978e-01  -2.063093092502e-01  -2.712316148990e-01  -8.713710524683e-04   1.730412607343e-01  -1.057728086460e-01   9.981572876652e-05   1.213855459924e-02   1.431010305117e-03  -6.018584177856e-05   9.925177889252e-03   5.447055639262e-01  -4.953919066560e-01  -4.798596697413e-01  -2.791927356204e-01   1.138517342862e-03  -2.254781448005e-01   1.377810024506e-01  -1.084728927183e-02  -1.157801940432e-01  -2.140539862934e-01  -1.954698158153e-01   4.962859966113e-02   7.487851132688e-02  -8.015034670122e-02  -1.078110976453e-02  -1.156233345284e-01  -2.139463493480e-01  -1.954295420815e-01   3.589498192042e-06   1.200593606949e-01  -5.612569324067e-03  -1.084099655552e-02  -1.157668662818e-01  -2.140451292155e-01  -1.954665303888e-01  -5.097153063436e-02   7.491404965058e-02  -7.924495260151e-02
  -9.537349055513e-01  -9.096430341968e-01  -1.635890507292e-03   3.244918172736e-01  -1.983331168566e-01  -8.402446675368e-01  -1.568974126921e-03   3.107579946415e-01  -1.899511445973e-01  -6.396724173680e-01  -1.105980239867e-03   2.189607725033e-01  -1.338433471562e-01  -3.957335599478e-01  -6.549548216213e-04   1.297851034267e-01  -7.933303616552e-02   4.124965505299e-04   4.991500391559e-02   6.051995264584e-03  -2.498529044816e-04   4.075149237336e-02  -4.953919066560e-01  -5.250894962760e-01  -5.341529198332e-01  -3.627688958503e-01   2.007789670095e-03  -3.979830247968e-01   2.432168332191e-01  -1.157722447893e-01  -2.935790345924e-01  -3.751661694688e-01  -2.989084122367e-01   1.577366116763e-01   8.976142717602e-02  -1.636448667975e-01  -1.156236589949e-01  -2.934501886988e-01  -3.750980376447e-01  -2.988806676317e-01   7.521488613553e-04   2.333846987024e-01   7.232976540059e-02  -1.157596293902e-01  -2.935667806149e-01  -3.751588953725e-01  -2.989055406501e-01  -1.605366023398e-01   8.990073018119e-02  -1.608165297934e-01
  -1.015583037523e+00  -9.644496980320e-01  -7.821208150928e-04   1.547932926510e-01  -9.463434751128e-02  -9.263567290397e-01  -9.143068937194e-04   1.797904574132e-01  -1.099697196297e-01  -7.027042320143e-01  -4.563043719977e-04   8.883202718196e-02  -5.435977967912e-02  -4.094898943245e-01  -1.521006587763e-04   2.944855863198e-02  -1.802441646045e-02   5.520680947220e-04   6.683747547673e-02   8.261347936518e-03  -3.370621305378e-04   5.452049306521e-02  -4.798596697413e-01  -5.341529198332e-01  -4.721846349920e-01  -3.352144949478e-01   1.595584330123e-03  -3.164376426403e-01   1.933909012760e-01  -2.140355972580e-01  -3.751186781578e-01  -4.301062722474e-01  -3.209750260197e-01   1.988436095392e-01   3.990816022408e-02  -1.612974239849e-01  -2.139455919314e-01  -3.751027713809e-01  -4.301261986973e-01  -3.209828754851e-01   1.314412483329e-03   2.207689062578e-01   1.357624170484e-01  -2.140293962335e-01  -3.751138108871e-01  -4.301026435248e-01  -3.209736356304e-01  -2.016404998155e-01   4.008524861026e-02  -1.577443911856e-01
  -6.220709416227e-01  -5.952435457102e-01  -2.202665203038e-04   4.340088291175e-02  -2.655301324698e-02  -6.504624093677e-01  -3.068798891265e-04   5.957387434028e-02  -3.650389662197e-02  -5.218327734404e-01  -1.813557891286e-04   3.445098346611e-02  -2.113780720231e-02  -2.900631955745e-01   1.240599020923e-05  -3.177449483124e-03   1.907801211029e-03   1.620700571876e-04   1.961410661777e-02   2.596791966913e-03  -1.002941557082e-04   1.592535780087e-02  -2.791927356204e-01  -3.627688958503e-01  -3.352144949478e-01  -2.224556009998e-01   9.278680131981e-04  -1.840704793735e-01   1.124980735598e-01  -1.954571715808e-01  -2.988608866900e-01  -3.209459752352e-01  -2.261519616037e-01   1.506153849133e-01   1.867973479013e-02  -1.150855810622e-01  -1.954279594118e-01  -2.988860546999e-01  -3.209884418280e-01  -2.261724077509e-01   1.053362957147e-03   1.556490019191e-01   1.098796164382e-01  -1.954564215757e-01  -2.988599927163e-01  -3.209442750219e-01  -2.261514781672e-01  -1.526192066420e-01   1.881357877073e-02  -1.123962637010e-01
   4.819906162583e-03   4.719746440829e-03  -1.776630292272e-01  -1.304184295127e-03   7.978579837116e-04   2.583514538275e-03  -5.092166685999e-02   3.355960155263e-04  -2.034725963649e-04   1.900382715268e-03  -3.444342922209e-02  -6.441589882034e-04   3.952405792433e-04   1.096150618826e-03  -4.300604152924e-02  -4.091359552127e-04   2.508175723898e-04  -3.050902080142e-01   2.956660829843e-03  -8.907753415541e-04   2.089627826744e-01   4.391032067136e-03   1.138517342862e-03   2.007789670095e-03   1.595584330123e-03   9.278680131981e-04   1.468489607158e+00   1.461310106942e-03  -8.921945928889e-04  -6.875903505191e-02  -7.752779242233e-02  -2.803168958645e-02  -1.023907497025e-02   2.328490110194e-02   4.344803711314e-02  -7.485756597879e-02  -2.435681977421e-04   2.601261455068e-04   8.396646713834e-04   7.166927096205e-04  -4.672822729933e-02  -1.687180179494e-04  -1.070866040734e-06   7.014451606636e-02   8.018217698878e-02   3.050328158526e-02   1.197287983799e-02   2.668514217042e-02  -4.490394567020e-02   7.584899197022e-02
  -9.555978026367e-01  -9.357332510717e-01  -1.304531787711e-03   8.093916547939e-02  -1.580252483947e-01  -5.123531278029e-01   3.337220759502e-04  -1.173152315033e-01   4.062236403102e-02  -3.770061295138e-01  -6.457090296315e-04   9.339421312906e-02  -7.808919609279e-02  -2.174857115272e-01  -4.096429544768e-04   3.815436184396e-02  -4.958763849692e-02  -3.567133214231e-03  -4.306729942788e-01   1.016968150411e-01   2.958285729841e-03  -1.847733700520e-01  -2.254781448005e-01  -3.979830247968e-01  -3.164376426403e-01  -1.840704793735e-01   1.461310106942e-03   1.178830774443e+00   1.770399216424e-01  -5.573870653726e-02  -1.698275185567e-01  -2.104869212452e-01  -1.588684676377e-01   1.218417600336e-01   3.904656227441e-02  -1.365241898932e-01  -1.182489707141e-01  -2.409295238274e-01  -2.368559010387e-01  -1.688727852382e-01   7.869302891177e-04   2.483125134500e-01   7.325537677142e-02  -5.578735902658e-02  -1.698877308985e-01  -2.105074568046e-01  -1.588764026566e-01  -1.242313628902e-01   3.919401460446e-02  -1.343985056213e-01
   5.839890338688e-01   5.718502546298e-01   7.980830078586e-04  -1.580284487397e-01  -8.108605441155e-02   3.131267885921e-01  -2.022485804939e-04   4.060596848195e-02  -7.569642773885e-02   2.304168909625e-01   3.962461473292e-04  -7.810121434838e-02   1.331412775932e-02   1.329236520096e-01   2.511354149326e-04  -4.958940131933e-02  -1.269467220617e-02   2.955903172531e-03   5.572170439335e-02   2.572189940037e-01  -7.216427143215e-04   3.198772796646e-01   1.377810024506e-01   2.432168332191e-01   1.933909012760e-01   1.124980735598e-01  -8.921945928889e-04   1.770399216424e-01   1.360315998034e+00   8.159999695797e-02   1.577367630248e-01   1.486605855657e-01   1.046911730251e-01  -1.230460600825e-01  -8.262433297335e-02   8.863073557440e-02  -2.152536709644e-02   4.065863860243e-02   1.052017490888e-01   8.820610083459e-02  -4.768654942791e-05  -3.317880316960e-02  -5.047915304507e-02   8.035272198650e-02   1.563290228720e-01   1.481370587040e-01   1.044925280222e-01   1.240710901416e-01  -8.194552350113e-02   8.509653320193e-02
  -1.312105204106e-01  -1.524515710843e-01  -3.367129545612e-01  -1.584355167046e-02   2.414465928047e-01  -4.162314145771e-01  -3.561340014024e-01  -1.675747870545e-02   2.554044889656e-01  -3.994712388595e-01  -3.212021871590e-01  -1.511393675243e-02   2.303430675736e-01  -2.712034969961e-01  -1.646852898067e-01  -7.749271243957e-03   1.181033858863e-01  -8.542255631595e-04   6.075555377010e-04  -1.579299521812e-04   1.302106203952e-02  -9.009636558847e-03  -1.084728927183e-02  -1.157722447893e-01  -2.140355972580e-01  -1.954571715808e-01  -6.875903505191e-02  -5.573870653726e-02   8.159999695797e-02   5.448339940132e-01  -4.952722274075e-01  -4.798044473598e-01  -2.791724313694e-01   2.145746972661e-01   1.009654661806e-02  -1.536948091839e-01  -1.087350938210e-02  -1.158336565527e-01  -2.140775505009e-01  -1.954727704180e-01  -6.869482532004e-02   4.455760665159e-02   8.836001768860e-02  -1.056917682951e-02  -1.150950303584e-01  -2.135680643507e-01  -1.952828737666e-01  -1.186117652419e-01  -8.578993300139e-04   1.468627149663e-02
  -9.533384076375e-01  -9.092793436219e-01  -3.088204439501e-01  -1.453192368883e-02   2.213558698813e-01  -8.399975479206e-01  -2.958089288960e-01  -1.392204392230e-02   2.119389859151e-01  -6.395076848968e-01  -2.084534468320e-01  -9.811429784983e-03   1.493495870550e-01  -3.956509681873e-01  -1.235514612103e-01  -5.814860251379e-03   8.854880905481e-02  -3.487996290090e-03   2.474072894847e-03  -4.176675354401e-04   5.307111770882e-02  -3.682753617557e-02  -1.157801940432e-01  -2.935790345924e-01  -3.751186781578e-01  -2.988608866900e-01  -7.752779242233e-02  -1.698275185567e-01   1.577367630248e-01  -4.952722274075e-01  -5.249152602087e-01  -5.340300716756e-01  -3.627026717501e-01   3.786885883924e-01   1.781888925450e-02  -2.713564560225e-01  -1.158419365280e-01  -2.936507118432e-01  -3.751596997215e-01  -2.988761154467e-01  -7.721030494537e-02   1.475227047499e-01   1.789682193466e-01  -1.150957350566e-01  -2.927873195805e-01  -3.746746792614e-01  -2.986963672718e-01  -2.378070162279e-01   3.875238750063e-03  -5.402036708370e-02
  -1.015442636475e+00  -9.643184131279e-01  -1.473610433006e-01  -6.936621403114e-03   1.055542807171e-01  -9.262208638935e-01  -1.712233577883e-01  -8.067505709546e-03   1.224744476312e-01  -7.025933323176e-01  -8.466032670409e-02  -3.994419483052e-03   6.045096886525e-02  -4.094245462678e-01  -2.807633738917e-02  -1.325725145342e-03   2.003530859331e-02  -4.668613952120e-03   3.321709154045e-03  -4.223983507377e-04   7.106656345233e-02  -4.943487500053e-02  -2.140539862934e-01  -3.751661694688e-01  -4.301062722474e-01  -3.209459752352e-01  -2.803168958645e-02  -2.104869212452e-01   1.486605855657e-01  -4.798044473598e-01  -5.340300716756e-01  -4.720733534647e-01  -3.351506342263e-01   3.010911105374e-01   1.416745083267e-02  -2.157950706272e-01  -2.140951872737e-01  -3.752119285042e-01  -4.301328168617e-01  -3.209547994932e-01  -2.762050504509e-02   1.889286538460e-01   1.753557455721e-01  -2.135707136178e-01  -3.746770829115e-01  -4.298623834567e-01  -3.208688837109e-01  -2.302346731642e-01   8.159598128061e-03  -1.180426744635e-01
  -6.220401822587e-01  -5.952143605329e-01  -4.132520924067e-02  -1.947063608916e-03   2.957721267438e-02  -6.504226007700e-01  -5.675328374624e-02  -2.680933252505e-03   4.052434725020e-02  -5.217962578491e-01  -3.284778357776e-02  -1.556984714873e-03   2.339547220033e-02  -2.900408772812e-01   2.999934770638e-03   1.359428716416e-04  -2.213346570564e-03  -1.370280681137e-03   9.736001930048e-04   4.739798934928e-05   2.085922020471e-02  -1.457541382326e-02  -1.954698158153e-01  -2.989084122367e-01  -3.209750260197e-01  -2.261519616037e-01  -1.023907497025e-02  -1.588684676377e-01   1.046911730251e-01  -2.791724313694e-01  -3.627026717501e-01  -3.351506342263e-01  -2.224226807362e-01   1.751418981513e-01   8.241018690744e-03  -1.255376945034e-01  -1.954838335512e-01  -2.989290294792e-01  -3.209894169836e-01  -2.261557342576e-01  -9.927095125705e-03   1.435678699037e-01   1.248977634139e-01  -1.952854071528e-01  -2.986983438714e-01  -3.208685738393e-01  -2.261334004129e-01  -1.634773435538e-01   6.700654076315e-03  -9.734752070222e-02
   9.090065775682e-01   8.901634027065e-01   5.682848106312e-02   1.102593603887e-02  -1.679041285233e-01   4.874578280182e-01  -1.109968843072e-01  -2.835092551893e-03   4.325757887302e-02   3.586726565568e-01   8.144353391597e-02   5.444550116186e-03  -8.285852322394e-02   2.069278210038e-01   3.057308325021e-02   3.458389606179e-03  -5.265182671084e-02  -2.735949760441e-02   2.820140830249e-02  -1.731558420251e-01   4.161793733008e-01  -1.284062777390e-01   4.962859966113e-02   1.577366116763e-01   1.988436095392e-01   1.506153849133e-01   2.328490110194e-02   1.218417600336e-01  -1.230460600825e-01   2.145746972661e-01   3.786885883924e-01   3.010911105374e-01   1.751418981513e-01   1.206240402005e+00  -1.234710445011e-02   1.880312792579e-01   4.953771370455e-02   1.576227155252e-01   1.988101874816e-01   1.506014771741e-01   2.297069667220e-02  -1.044261114386e-01  -1.380439843282e-01   1.188520284142e-01   2.368111777500e-01   2.281063250641e-01   1.617271631399e-01   2.494226503518e-01  -3.668946039061e-03   5.007759966017e-02
   4.277172050179e-02   4.188518400880e-02   1.102595083904e-02  -1.771092900018e-01  -7.908343469421e-03   2.293701843567e-02  -2.835351172605e-03  -5.108115430029e-02   2.021615508921e-03   1.687701150239e-02   5.444203298281e-03  -3.417075504406e-02  -3.909860240787e-03   9.736722309099e-03   3.458154650416e-03  -4.283245087956e-02  -2.482097176768e-03   2.867152567656e-01  -2.288023393483e-01  -1.082431164966e-02   2.818373866776e-02  -3.636496016697e-02   7.487851132688e-02   8.976142717602e-02   3.990816022408e-02   1.867973479013e-02   4.344803711314e-02   3.904656227441e-02  -8.262433297335e-02   1.009654661806e-02   1.781888925450e-02   1.416745083267e-02   8.241018690744e-03  -1.234710445011e-02   1.467967249256e+00   8.841695492517e-03  -6.366895794841e-02  -6.746412688745e-02  -1.842861101383e-02  -3.456601225131e-03  -3.309716174051e-02   1.126039041956e-02   7.245315764607e-02  -9.627077784584e-04   3.665687470499e-03   7.957080748895e-03   6.556932189979e-03   3.413548439374e-03  -4.658237302303e-02   2.764329298805e-04
  -6.513901386800e-01  -6.378883692304e-01  -1.679318826797e-01  -7.909628146698e-03  -5.724264815062e-02  -3.493787406352e-01   4.314272196478e-02   2.016039205390e-03  -8.180543456003e-02  -2.571046810301e-01  -8.294700145630e-02  -3.914260961021e-03   2.506143220467e-02  -1.483314872736e-01  -5.267822147682e-02  -2.483501966816e-03  -5.224476465501e-03   2.818000310691e-02  -9.762110396886e-03  -2.349519265156e-01  -1.413889102368e-01   3.225802005312e-01  -8.015034670122e-02  -1.636448667975e-01  -1.612974239849e-01  -1.150855810622e-01  -7.485756597879e-02  -1.365241898932e-01   8.863073557440e-02  -1.536948091839e-01  -2.713564560225e-01  -2.157950706272e-01  -1.255376945034e-01   1.880312792579e-01   8.841695492517e-03   1.333853234628e+00  -8.947234931806e-02  -1.741897915807e-01  -1.652150873730e-01  -1.165715228937e-01  -7.971505516346e-02   1.263044498348e-01   1.166909497040e-01   1.257815965506e-02  -5.823125742310e-02  -1.221068373497e-01  -1.002308167101e-01  -5.541735487425e-02   3.858288833387e-04  -5.147840959690e-02
  -1.313730243353e-01  -1.526263172662e-01  -2.483709015606e-03  -3.220113273868e-01  -2.614646088608e-01  -4.163631798345e-01  -2.625776972229e-03  -3.405003955495e-01  -2.764893505870e-01  -3.995467013767e-01  -2.368299066973e-03  -3.070932493543e-01  -2.493631078555e-01  -2.712287991092e-01  -1.214130374787e-03  -1.574390832172e-01  -1.278456343711e-01  -1.266024778534e-04  -1.334071627214e-02  -1.529838287468e-03  -1.018285243664e-04   8.207784854876e-03  -1.078110976453e-02  -1.156236589949e-01  -2.139455919314e-01  -1.954279594118e-01  -2.435681977421e-04  -1.182489707141e-01  -2.152536709644e-02  -1.087350938210e-02  -1.158419365280e-01  -2.140951872737e-01  -1.954838335512e-01   4.953771370455e-02  -6.366895794841e-02  -8.947234931806e-02   5.447035150978e-01  -4.953963702686e-01  -4.798601441789e-01  -2.791913513651e-01   1.585396369902e-03   2.051624132082e-01   1.665319954017e-01  -1.086646762126e-02  -1.158268048849e-01  -2.140850892801e-01  -1.954800858397e-01  -5.116757797821e-02  -6.361643663976e-02  -8.856296140854e-02
  -9.537581297813e-01  -9.096637054023e-01  -2.278789197296e-03  -2.952436681146e-01  -2.397192401655e-01  -8.402611205661e-01  -2.184737416746e-03  -2.827549759073e-01  -2.295802744897e-01  -6.396875441611e-01  -1.539841304294e-03  -1.992300916962e-01  -1.617654826622e-01  -3.957422666124e-01  -9.120879469346e-04  -1.180877571006e-01  -9.588489939594e-02  -5.227734391236e-04  -5.488911814037e-02  -6.119383376505e-03  -4.215584479561e-04   3.371009324848e-02  -1.156233345284e-01  -2.934501886988e-01  -3.751027713809e-01  -2.988860546999e-01   2.601261455068e-04  -2.409295238274e-01   4.065863860243e-02  -1.158336565527e-01  -2.936507118432e-01  -3.752119285042e-01  -2.989290294792e-01   1.576227155252e-01  -6.746412688745e-02  -1.741897915807e-01  -4.953963702686e-01  -5.251024473772e-01  -5.341664543443e-01  -3.627769830548e-01   2.796451005880e-03   3.621215085176e-01   2.939747791680e-01  -1.158192380557e-01  -2.936364582529e-01  -3.752035407384e-01  -2.989257406640e-01  -1.607481937147e-01  -6.732284174352e-02  -1.713592476765e-01
