ARMA_MAT_TXT_FN008
50 50
  -1.875127061245e+01  -1.935046859684e+01  -3.448255693039e-06  -6.975838534666e-06  -7.168421350753e-05  -6.747577030542e+00  -1.591991075589e-06  -3.220002856873e-06  -3.307803426086e-05  -3.044657959676e+00  -5.071198101908e-07  -1.025244755306e-06  -1.052349135522e-05  -1.283023330570e+00  -1.276024275508e-07  -2.579016000139e-07  -2.645883304948e-06   6.963341945055e-09  -3.778911713197e-07   1.896654835504e-05  -2.332241682144e-07  -5.876709357677e-06  -2.021325009944e-01  -1.466746396159e+00  -1.561267113343e+00  -9.559998676773e-01   7.449665289747e-03  -1.477008624092e+00   9.026357936853e-01  -2.018954458073e-01  -1.466135959937e+00  -1.561051522967e+00  -9.559528329676e-01   1.404991573262e+00   6.610933157219e-02  -1.006820436018e+00  -2.021464090766e-01  -1.466782186708e+00  -1.561279838088e+00  -9.560026526942e-01   1.037669299526e-02   1.343933762569e+00   1.091030029273e+00  -2.019138375920e-01  -1.466183342999e+00  -1.561068201978e+00  -9.559564658981e-01  -1.422648772337e+00   6.736164390515e-02  -9.817977739110e-01
  -1.935046859684e+01  -1.699391762308e+01  -4.790053548798e-06  -9.690335769107e-06  -9.957918777343e-05  -7.089557786304e+00  -1.488412392222e-06  -3.011115522627e-06  -3.094334123147e-05  -3.236587668192e+00  -3.887294410289e-07  -7.864487999562e-07  -8.082460092779e-06  -1.364710559246e+00  -9.095306092438e-08  -1.840153878807e-07  -1.891261640154e-06   3.492376783699e-09  -1.895263025545e-07   9.477096627030e-06  -1.169696467101e-07  -2.929882818734e-06  -2.160704970430e-01  -1.563813291703e+00  -1.660752593125e+00  -1.016809848561e+00   8.123308365497e-03  -1.610554245784e+00   9.842489442570e-01  -2.158064543992e-01  -1.563166596234e+00  -1.660524258989e+00  -1.016760052095e+00   1.532049131060e+00   7.208785966389e-02  -1.097867379737e+00  -2.160857404198e-01  -1.563850884030e+00  -1.660765880717e+00  -1.016812746915e+00   1.131497799163e-02   1.465445978645e+00   1.189675697488e+00  -2.158271047358e-01  -1.563217009249e+00  -1.660542049941e+00  -1.016763931770e+00  -1.551301429419e+00   7.345334731446e-02  -1.070580811784e+00
  -3.448255693039e-06  -4.790053548798e-06  -6.378825928160e+00   4.994579081373e-08  -1.672830573871e-06  -1.278122073629e-05  -4.291506772100e+00   5.386071985376e-08  -1.804028863940e-06  -8.150565168960e-06  -1.616672667589e+00   2.223761692605e-08  -7.448983382168e-07  -3.867927693747e-06  -4.346172319974e-01   6.076164415608e-09  -2.035444753197e-07  -2.629334479068e-03  -5.719807718058e-05  -6.015479163042e-04   3.884318302775e-02   6.808537596133e-04  -3.776372429600e-03  -5.585703470159e-03  -2.151665364870e-03  -5.024544914513e-04  -6.999062127747e-01  -1.031238671042e-02   6.302212120925e-03  -7.120943798770e-01  -1.053255409710e+00  -4.052384185818e-01  -9.428592435100e-02   1.151981221420e+00   8.711527381237e-02  -1.326780357515e+00  -5.259932035702e-03  -7.778663711703e-03  -2.995151512342e-03  -6.986817199034e-04  -6.998902106384e-01   1.306808445694e-02   1.060901740374e-02   7.210407236358e-01   1.066440991891e+00   4.102983433103e-01   9.545882660718e-02   1.198605122407e+00  -8.987299156598e-02   1.309946919311e+00
  -6.975838534666e-06  -9.690335769107e-06   4.994579081373e-08  -6.378741986330e+00  -2.710487076490e-06  -2.583791967136e-05   5.386071985376e-08  -4.291414026017e+00  -2.923000005363e-06  -1.645067391601e-05   2.223761692605e-08  -1.616632741201e+00  -1.206894579792e-06  -7.799558694027e-06   6.076164415608e-09  -4.346060847055e-01  -3.297811349925e-07  -3.458142257639e-04  -3.860507325906e-02  -4.468911223573e-03  -5.719807718058e-05  -5.184695988641e-03   7.485959014768e-01   1.106654435882e+00   4.256696917524e-01   9.902499339607e-02  -1.030796261475e-02   1.343953750420e+00  -1.249067047779e+00  -3.350709789085e-02  -4.956501020251e-02  -1.907593900367e-02  -4.442047734903e-03   8.712071679098e-02  -6.953808604917e-01  -6.243380748960e-02  -6.811553615833e-01  -1.006936062644e+00  -3.873192546057e-01  -9.011012700586e-02   1.306406922829e-02   9.921256655975e-01   1.373674677301e+00  -3.414172335990e-02  -5.050172277721e-02  -1.943600110860e-02  -4.525792818149e-03  -8.987884351489e-02  -6.952583548928e-01  -6.202992320459e-02
  -7.168421350753e-05  -9.957918777343e-05  -1.672830573871e-06  -2.710487076490e-06  -6.378548959674e+00  -2.651756470856e-04  -1.804028863940e-06  -2.923000005363e-06  -4.291203091765e+00  -1.683596327610e-04  -7.448983382168e-07  -1.206894579792e-06  -1.616543611279e+00  -7.969025039621e-05  -2.035444753197e-07  -3.297811349925e-07  -4.345814338564e-01  -5.719807718058e-05  -5.185019784170e-03  -6.455837397804e-04  -7.068720203767e-04   3.872412814340e-02  -4.574905824314e-01  -6.763572289989e-01  -2.602212956376e-01  -6.057693994122e-02   6.299725565967e-03  -1.249110094703e+00   6.342132614559e-02   5.102671476037e-01   7.546471446627e-01   2.902776172325e-01   6.749764602061e-02  -1.326642776896e+00  -6.242343342877e-02   2.512398634293e-01  -5.529771226006e-01  -8.174877841323e-01  -3.145017128873e-01  -7.320438239612e-02   1.060593055547e-02   1.373697055974e+00   4.152219241066e-01   4.975839869491e-01   7.358600117795e-01   2.830447006754e-01   6.581442113901e-02   1.309814907979e+00  -6.201963399319e-02   2.044578009981e-01
  -6.747577030542e+00  -7.089557786304e+00  -1.278122073629e-05  -2.583791967136e-05  -2.651756470856e-04  -7.873766966514e+00  -1.991204612399e-05  -3.958153294068e-05  -3.940359515481e-04  -5.378187656549e+00  -1.194135036610e-05  -2.316160346694e-05  -2.199534083617e-04  -2.738242493821e+00  -3.872787922139e-06  -7.428408691637e-06  -6.896855131350e-05   1.403553546476e-07  -7.620259350181e-06   4.470891414245e-04  -4.703678699315e-06  -1.505301421525e-04  -1.206030061398e+00  -2.916225816546e+00  -3.135984656423e+00  -2.090583891632e+00   1.206840791367e-02  -2.393438575549e+00   1.462668126098e+00  -1.205340872158e+00  -2.915266382692e+00  -3.135549253144e+00  -2.090470510271e+00   2.277435976900e+00   1.071568051812e-01  -1.632139519648e+00  -1.206081100668e+00  -2.916304948042e+00  -3.136023846983e+00  -2.090594374744e+00   1.681129725825e-02   2.177764859629e+00   1.767944921297e+00  -1.205387303152e+00  -2.915325643639e+00  -3.135573956318e+00  -2.090476756979e+00  -2.305989085689e+00   1.091832433853e-01  -1.591525190228e+00
  -1.591991075589e-06  -1.488412392222e-06  -4.291506772100e+00   5.386071985376e-08  -1.804028863940e-06  -1.991204612399e-05  -5.146292628457e+00   1.273577267492e-07  -4.269395090947e-06  -2.176073713585e-05  -3.165706634384e+00   7.068474500290e-08  -2.373296884468e-06  -1.286663962522e-05  -1.095536363531e+00   2.110443815431e-08  -7.092930796419e-07  -1.062400215524e-02  -2.314878049492e-04  -2.442285056407e-03   1.575241914560e-01   2.766986896512e-03  -8.789900694434e-03  -1.054279364582e-02  -4.879924930147e-03  -1.309328404813e-03  -1.293342987297e+00  -1.247176269925e-02   7.622193895869e-03  -1.658033314931e+00  -1.987852531338e+00  -9.184770352442e-01  -2.452594531694e-01   9.466227666615e-01   1.053637636975e-01  -1.604857203580e+00  -1.224284140151e-02  -1.468138925599e-02  -6.791699591446e-03  -1.819760702364e-03  -1.293339669106e+00   1.580405171184e-02   1.283062185862e-02   1.678813582390e+00   2.012718935251e+00   9.299373979044e-01   2.483056887671e-01   1.002979564597e+00  -1.086972388249e-01   1.584465328873e+00
  -3.220002856873e-06  -3.011115522627e-06   5.386071985376e-08  -4.291414026017e+00  -2.923000005363e-06  -3.958153294068e-05   1.273577267492e-07  -5.145991806929e+00  -6.916425343859e-06  -4.220741785793e-05   7.068474500290e-08  -3.165464327298e+00  -3.844328438432e-06  -2.467954856961e-05   2.110443815431e-08  -1.095450492857e+00  -1.148893783637e-06  -1.388767052122e-03  -1.560484556527e-01  -1.810485249732e-02  -2.314878049492e-04  -2.101417826070e-02   1.742424454571e+00   2.088448547867e+00   9.647305963081e-01   2.575684369525e-01  -1.246241986623e-02   1.178339407999e+00  -1.510489034371e+00  -7.801749546841e-02  -9.354623209554e-02  -4.323886370066e-02  -1.155776245534e-02   1.053736668946e-01  -1.287825406978e+00  -7.552260590309e-02  -1.585426819796e+00  -1.900267951870e+00  -8.778255884598e-01  -2.343878035014e-01   1.579552207120e-02   7.528439104911e-01   1.661180329716e+00  -7.949277025515e-02  -9.531330724649e-02  -4.405483194268e-02  -1.177558645115e-02  -1.087079553337e-01  -1.287672456070e+00  -7.503260383710e-02
  -3.307803426086e-05  -3.094334123147e-05  -1.804028863940e-06  -2.923000005363e-06  -4.291203091765e+00  -3.940359515481e-04  -4.269395090947e-06  -6.916425343859e-06  -5.145391185230e+00  -4.008213606301e-04  -2.373296884468e-06  -3.844328438432e-06  -3.165036797514e+00  -2.291355770225e-04  -7.092930796419e-07  -1.148893783637e-06  -1.095305937904e+00  -2.314878049492e-04  -2.096834828343e-02  -2.338880903877e-03  -2.851941959873e-03   1.567863235544e-01  -1.064847882814e+00  -1.276381340640e+00  -5.897606368475e-01  -1.575744057993e-01   7.616778149875e-03  -1.510547302927e+00  -3.702250324089e-01   1.188097546689e+00   1.424200026809e+00   6.578186342013e-01   1.755352949500e-01  -1.604546987170e+00  -7.550091256056e-02  -1.427933322158e-01  -1.287081721858e+00  -1.542713499230e+00  -7.127761578228e-01  -1.904174897824e-01   1.282381363346e-02   1.661195392286e+00   5.518836037093e-02   1.158531642510e+00   1.388732563202e+00   6.414257665809e-01   1.711573604098e-01   1.584167330542e+00  -7.501109809006e-02  -1.993944344417e-01
  -3.044657959676e+00  -3.236587668192e+00  -8.150565168960e-06  -1.645067391601e-05  -1.683596327610e-04  -5.378187656549e+00  -2.176073713585e-05  -4.220741785793e-05  -4.008213606301e-04  -5.155795949323e+00  -2.155821064733e-05  -3.998765793806e-05  -3.452006402839e-04  -3.401273681938e+00  -9.498207127281e-06  -1.730927706367e-05  -1.433241265593e-04   1.362270334263e-07  -7.402814776018e-06   5.298824453224e-04  -4.569912534226e-06  -1.935879855478e-04  -1.425741219230e+00  -2.952086533403e+00  -3.528803489433e+00  -2.709160927836e+00   7.450400026789e-03  -1.478143776206e+00   9.033047986609e-01  -1.425287892969e+00  -2.951378649985e+00  -3.528362008408e+00  -2.709012943975e+00   1.406648073721e+00   6.618201220592e-02  -1.008182353095e+00  -1.425783201869e+00  -2.952162428871e+00  -3.528856541376e+00  -2.709178899889e+00   1.037939640037e-02   1.344933550953e+00   1.091839515842e+00  -1.425312844513e+00  -2.951410732674e+00  -3.528378193244e+00  -2.709018239351e+00  -1.424270315511e+00   6.743278232011e-02  -9.830826783158e-01
  -5.071198101908e-07  -3.887294410289e-07  -1.616672667589e+00   2.223761692605e-08  -7.448983382168e-07  -1.194135036610e-05  -3.165706634384e+00   7.068474500290e-08  -2.373296884468e-06  -2.155821064733e-05  -3.554363828348e+00   4.281825952569e-08  -1.446683470789e-06  -1.731661080358e-05  -1.990369689598e+00   1.304585554797e-08  -4.436929696879e-07  -8.140123600378e-03  -1.773498392692e-04  -1.872661942262e-03   1.207696248648e-01   2.121335470887e-03  -7.638992478047e-03  -1.051413265361e-02  -6.972268614490e-03  -2.545311477721e-03  -1.126088927709e+00  -6.103678866971e-03   3.730461642865e-03  -1.441332816196e+00  -1.982903356111e+00  -1.313061545617e+00  -4.778192035137e-01  -2.967519885061e-02   5.156842298583e-02  -7.855798657370e-01  -1.063973315526e-02  -1.464192634066e-02  -9.705267513981e-03  -3.539740357545e-03  -1.126098170649e+00   7.734386003536e-03   6.279466577578e-03   1.459367498899e+00   2.007690481174e+00   1.329447871833e+00   4.837641715186e-01  -2.099345819091e-03  -5.319932930818e-02   7.755878779074e-01
  -1.025244755306e-06  -7.864487999562e-07   2.223761692605e-08  -1.616632741201e+00  -1.206894579792e-06  -2.316160346694e-05   7.068474500290e-08  -3.165464327298e+00  -3.844328438432e-06  -3.998765793806e-05   4.281825952569e-08  -3.554044993139e+00  -2.343197808016e-06  -3.155732552324e-05   1.304585554797e-08  -1.990217957126e+00  -7.186811601210e-07  -1.062958992983e-03  -1.195505233011e-01  -1.387574845415e-02  -1.773498392692e-04  -1.610764033144e-02   1.514311144689e+00   2.083035926108e+00   1.379161259446e+00   5.018177261927e-01  -6.096736532322e-03   8.356112044476e-02  -7.392175320156e-01  -6.782062092510e-02  -9.331095573222e-02  -6.180672478440e-02  -2.250589749203e-02   5.157547442651e-02  -1.123358427504e+00  -3.696995164378e-02  -1.377847687101e+00  -1.895330409899e+00  -1.254906992780e+00  -4.566325697179e-01   7.728039840981e-03  -1.246968845575e-01   8.129659773015e-01  -6.910166448656e-02  -9.507269280243e-02  -6.297299980498e-02  -2.293023563107e-02  -5.320697695880e-02  -1.123280125533e+00  -3.672958272103e-02
  -1.052349135522e-05  -8.082460092779e-06  -7.448983382168e-07  -1.206894579792e-06  -1.616543611279e+00  -2.199534083617e-04  -2.373296884468e-06  -3.844328438432e-06  -3.165036797514e+00  -3.452006402839e-04  -1.446683470789e-06  -2.343197808016e-06  -3.553570914684e+00  -2.613006944501e-04  -4.436929696879e-07  -7.186811601210e-07  -1.990005263800e+00  -1.773498392692e-04  -1.606598458457e-02  -1.754644839720e-03  -2.185169151495e-03   1.201600740830e-01  -9.254395006098e-01  -1.273046331091e+00  -8.430140337426e-01  -3.068675192435e-01   3.726400891076e-03  -7.392535930617e-01  -6.743078999787e-01   1.032822124832e+00   1.420696216941e+00   9.405417964242e-01   3.421307114310e-01  -7.853491854273e-01  -3.695404430665e-02  -5.628453677801e-01  -1.118563979901e+00  -1.538682977376e+00  -1.018875292877e+00  -3.708551681734e-01   6.274348500947e-03   8.129703627273e-01  -4.661248517388e-01   1.007099656643e+00   1.385302994140e+00   9.171022799537e-01   3.336004802898e-01   7.753663743423e-01  -3.671381684127e-02  -5.905551101756e-01
  -1.283023330570e+00  -1.364710559246e+00  -3.867927693747e-06  -7.799558694027e-06  -7.969025039621e-05  -2.738242493821e+00  -1.286663962522e-05  -2.467954856961e-05  -2.291355770225e-04  -3.401273681938e+00  -1.731661080358e-05  -3.155732552324e-05  -2.613006944501e-04  -3.126538993609e+00  -1.089985250303e-05  -1.948200619397e-05  -1.536376551425e-04   7.331108282616e-08  -3.986035064733e-06   3.139778246065e-04  -2.460746058124e-06  -1.184424328729e-04  -9.116476739965e-01  -1.962699416654e+00  -2.780422263168e+00  -2.685365254252e+00   2.970763090786e-03  -5.896620020242e-01   3.603406607761e-01  -9.114634834636e-01  -1.962362492528e+00  -2.780144198735e+00  -2.685235947808e+00   5.611369298955e-01   2.639976424983e-02  -4.022284596664e-01  -9.116685851031e-01  -1.962744098236e+00  -2.780463554623e+00  -2.685384021802e+00   4.139164374335e-03   5.365179531163e-01   4.355540673932e-01  -9.114710600883e-01  -1.962372071659e+00  -2.780149148393e+00  -2.685238533604e+00  -5.681669366046e-01   2.689862446044e-02  -3.922134340760e-01
  -1.276024275508e-07  -9.095306092438e-08  -4.346172319974e-01   6.076164415608e-09  -2.035444753197e-07  -3.872787922139e-06  -1.095536363531e+00   2.110443815431e-08  -7.092930796419e-07  -9.498207127281e-06  -1.990369689598e+00   1.304585554797e-08  -4.436929696879e-07  -1.089985250303e-05  -2.106892778249e+00   3.949255763993e-09  -1.373636469883e-07  -2.769139342826e-03  -6.032378519767e-05  -6.370860095265e-04   4.108699557317e-02   7.216009330399e-04  -2.995930793688e-03  -5.080709618399e-03  -5.117304064598e-03  -3.049675849081e-03  -4.691094027002e-01  -1.465955996714e-03   8.960105483094e-04  -5.653483524061e-01  -9.583744736376e-01  -9.643917002887e-01  -5.738789636168e-01  -2.057738407309e-01   1.238408509372e-02  -1.886920456585e-01  -4.172773555794e-03  -7.075574609856e-03  -7.124513670613e-03  -4.244021469463e-03  -4.691151639468e-01   1.857565684065e-03   1.508210793876e-03   5.724171663149e-01   9.703499224110e-01   9.764306694720e-01   5.810331410582e-01  -1.991503771933e-01  -1.277570877674e-02   1.862910796269e-01
  -2.579016000139e-07  -1.840153878807e-07   6.076164415608e-09  -4.346060847055e-01  -3.297811349925e-07  -7.428408691637e-06   2.110443815431e-08  -1.095450492857e+00  -1.148893783637e-06  -1.730927706367e-05   1.304585554797e-08  -1.990217957126e+00  -7.186811601210e-07  -1.948200619397e-05   3.949255763993e-09  -2.106790167003e+00  -2.225591584125e-07  -3.615616656498e-04  -4.066599927665e-02  -4.720190424737e-03  -6.032378519767e-05  -5.479612437162e-03   5.939041054129e-01   1.006704571622e+00   1.012936570998e+00   6.027349524261e-01  -1.463444402447e-03  -1.785920590739e-01  -1.775281963974e-01  -2.660191700398e-02  -4.509814913691e-02  -4.538928476756e-02  -2.701800425725e-02   1.238661645461e-02  -4.684436967700e-01  -8.880527533518e-03  -5.403800033963e-01  -9.159830726210e-01  -9.216635158731e-01  -5.484366991012e-01   1.855269488383e-03  -2.286128040294e-01   1.952416624527e-01  -2.710414867850e-02  -4.594936040233e-02  -4.624574783612e-02  -2.752763871507e-02  -1.277845554097e-02  -4.684237654691e-01  -8.822740036776e-03
  -2.645883304948e-06  -1.891261640154e-06  -2.035444753197e-07  -3.297811349925e-07  -4.345814338564e-01  -6.896855131350e-05  -7.092930796419e-07  -1.148893783637e-06  -1.095305937904e+00  -1.433241265593e-04  -4.436929696879e-07  -7.186811601210e-07  -1.990005263800e+00  -1.536376551425e-04  -1.373636469883e-07  -2.225591584125e-07  -2.106654915333e+00  -6.032378519767e-05  -5.465136542709e-03  -5.949272795880e-04  -7.434260699011e-04   4.087649742491e-02  -3.629518007955e-01  -6.152412356139e-01  -6.191133435645e-01  -3.684678465680e-01   8.945384709991e-04  -1.775406516095e-01  -3.606049297666e-01   4.051155097753e-01   6.866711263050e-01   6.908834828865e-01   4.110644035802e-01  -1.886090769270e-01  -8.874809605905e-03  -3.338072077699e-01  -4.386911005505e-01  -7.436180524698e-01  -7.482777138266e-01  -4.453247806848e-01   1.506354962668e-03   1.952427328639e-01  -3.106102200240e-01   3.950225345042e-01   6.695606079950e-01   6.736651584226e-01   4.008179113255e-01   1.862114385337e-01  -8.817073473870e-03  -3.404623073223e-01
   6.963341945055e-09   3.492376783699e-09  -2.629334479068e-03  -3.458142257639e-04  -5.719807718058e-05   1.403553546476e-07  -1.062400215524e-02  -1.388767052122e-03  -2.314878049492e-04   1.362270334263e-07  -8.140123600378e-03  -1.062958992983e-03  -1.773498392692e-04   7.331108282616e-08  -2.769139342826e-03  -3.615616656498e-04  -6.032378519767e-05  -3.682499524467e+00  -1.254217796286e-03  -2.902601730431e-04   9.434370572303e-03   2.085256746803e-04   1.197988406611e-02   7.661961895068e-03   1.615464271126e-03   2.087720537881e-04   1.372080450555e+00   7.081117366856e-03  -8.596247934693e-03  -1.012298778235e-01  -6.473807628964e-02  -1.364278662549e-02  -1.760921721633e-03   5.122570709446e-02  -1.300837671992e+00  -8.102501093242e-02  -1.518189327551e-02  -9.708446903087e-03  -2.046336149875e-03  -2.642546880560e-04  -1.249091019316e+00   6.510878459748e-03   1.314607207792e-02   1.044334624238e-01   6.678473332192e-02   1.407352360679e-02   1.816475595878e-03   5.509768413043e-02   1.316830530100e+00   8.148904077203e-02
  -3.778911713197e-07  -1.895263025545e-07  -5.719807718058e-05  -3.860507325906e-02  -5.185019784170e-03  -7.620259350181e-06  -2.314878049492e-04  -1.560484556527e-01  -2.096834828343e-02  -7.402814776018e-06  -1.773498392692e-04  -1.195505233011e-01  -1.606598458457e-02  -3.986035064733e-06  -6.032378519767e-05  -4.066599927665e-02  -5.465136542709e-03  -1.254217796286e-03  -3.821164574386e+00  -1.621369924988e-02  -3.349300796387e-04   8.606720702925e-05   1.451285086927e+00   9.277383615103e-01   1.954181058254e-01   2.520797790893e-02  -8.590081480031e-03   8.579294091873e-01   3.316114035407e-01   7.253700567665e-02   4.636759939913e-02   9.755763432816e-03   1.254011951167e-03  -8.099761838334e-02   9.267410759571e-01  -4.127657963298e-03  -1.596052105243e+00  -1.020257571466e+00  -2.149054713611e-01  -2.772556693736e-02   1.313897573781e-02   6.839138094547e-01   1.330471617013e-01   7.206717379678e-02   4.606656631439e-02   9.692471166779e-03   1.245895796817e-03   8.146240024916e-02   9.033994604413e-01  -7.102858077161e-03
   1.896654835504e-05   9.477096627030e-06  -6.015479163042e-04  -4.468911223573e-03  -6.455837397804e-04   4.470891414245e-04  -2.442285056407e-03  -1.810485249732e-02  -2.338880903877e-03   5.298824453224e-04  -1.872661942262e-03  -1.387574845415e-02  -1.754644839720e-03   3.139778246065e-04  -6.370860095265e-04  -4.720190424737e-03  -5.949272795880e-04  -2.902601730431e-04  -1.621369924988e-02  -3.683278971419e+00   2.126291867369e-03  -2.186871865923e-04   1.734890926955e-01   1.109746884765e-01   2.359887030786e-02   3.230877467220e-03   2.888814545373e-03  -5.895440962503e-01  -1.092925462958e+00  -1.535238597413e-02  -9.615259938892e-03  -1.752107257407e-03  -2.861514842931e-05   7.709961796183e-01   3.566861428139e-02   1.068338901195e+00  -1.804986401674e-01  -1.152949680926e-01  -2.405624882407e-02  -2.915524535436e-03   6.971764269614e-03   9.129610084798e-01  -1.014369489700e+00   3.171065531516e-02   2.047142276771e-02   4.584121620686e-03   7.883335057672e-04  -7.276170908564e-01   3.383531189630e-02   1.078463558856e+00
  -2.332241682144e-07  -1.169696467101e-07   3.884318302775e-02  -5.719807718058e-05  -7.068720203767e-04  -4.703678699315e-06   1.575241914560e-01  -2.314878049492e-04  -2.851941959873e-03  -4.569912534226e-06   1.207696248648e-01  -1.773498392692e-04  -2.185169151495e-03  -2.460746058124e-06   4.108699557317e-02  -6.032378519767e-05  -7.434260699011e-04   9.434370572303e-03  -3.349300796387e-04   2.126291867369e-03  -3.822223031061e+00   1.877513953128e-05  -7.321146887074e-03  -4.681497865099e-03  -9.875841349427e-04  -1.287425814071e-04  -8.333559504450e-01  -8.595388876053e-03  -1.774026487538e-03   1.541584485804e+00   9.856634984210e-01   2.076342919949e-01   2.678149878339e-02  -7.801073419178e-01  -8.100140432567e-02  -7.255722171891e-02  -1.232482009982e-02  -7.880161794320e-03  -1.661299083429e-03  -2.156441010125e-04  -1.008348439452e+00   1.314484709828e-02   9.358153595224e-04  -1.522014134600e+00  -9.731300454112e-01  -2.049946232160e-01  -2.644358300940e-02  -8.027734431734e-01   8.146570121244e-02   1.347473512385e-01
  -5.876709357677e-06  -2.929882818734e-06   6.808537596133e-04  -5.184695988641e-03   3.872412814340e-02  -1.505301421525e-04   2.766986896512e-03  -2.101417826070e-02   1.567863235544e-01  -1.935879855478e-04   2.121335470887e-03  -1.610764033144e-02   1.201600740830e-01  -1.184424328729e-04   7.216009330399e-04  -5.479612437162e-03   4.087649742491e-02   2.085256746803e-04   8.606720702925e-05  -2.186871865923e-04   1.877513953128e-05  -3.823853494691e+00   1.187341381530e+00   7.589001276830e-01   1.597139313851e-01   2.051925797725e-02  -1.385127109829e-02   1.923208636370e-02  -8.455707215122e-01  -1.073281393575e+00  -6.862485046912e-01  -1.445938433824e-01  -1.870926606793e-02  -1.075245230921e-01   1.171313579300e-01  -8.535374450732e-01   9.829429636625e-01   6.282362433669e-01   1.321918241429e-01   1.696933563607e-02  -1.764647689957e-02   1.992901830686e-01  -8.460737012895e-01  -1.100287687407e+00  -7.035002178001e-01  -1.482259418089e-01  -1.917758464886e-02   7.857385406762e-02   1.208024325215e-01  -8.531963866968e-01
  -2.021325009944e-01  -2.160704970430e-01  -3.776372429600e-03   7.485959014768e-01  -4.574905824314e-01  -1.206030061398e+00  -8.789900694434e-03   1.742424454571e+00  -1.064847882814e+00  -1.425741219230e+00  -7.638992478047e-03   1.514311144689e+00  -9.254395006098e-01  -9.116476739965e-01  -2.995930793688e-03   5.939041054129e-01  -3.629518007955e-01   1.197988406611e-02   1.451285086927e+00   1.734890926955e-01  -7.321146887074e-03   1.187341381530e+00  -3.627832368029e+00  -3.209980897773e+00  -1.835325703498e+00  -9.282386363717e-01   2.745025280326e-03  -5.450915281401e-01   3.330983516620e-01  -1.401828871423e-02  -2.659515513575e-01  -7.008289781480e-01  -6.457778990389e-01   8.584870383610e-02   8.295706782664e-02  -1.100220423075e-01  -1.396669858296e-02  -2.655181143906e-01  -7.003826661203e-01  -6.456219381107e-01   2.378090007887e-04   1.608661869310e-01   1.865040879544e-02  -1.401400136039e-02  -2.659153998827e-01  -7.007917956962e-01  -6.457649201475e-01  -8.770248727549e-02   8.301369446388e-02  -1.084564362315e-01
  -1.466746396159e+00  -1.563813291703e+00  -5.585703470159e-03   1.106654435882e+00  -6.763572289989e-01  -2.916225816546e+00  -1.054279364582e-02   2.088448547867e+00  -1.276381340640e+00  -2.952086533403e+00  -1.051413265361e-02   2.083035926108e+00  -1.273046331091e+00  -1.962699416654e+00  -5.080709618399e-03   1.006704571622e+00  -6.152412356139e-01   7.661961895068e-03   9.277383615103e-01   1.109746884765e-01  -4.681497865099e-03   7.589001276830e-01  -3.209980897773e+00  -4.186954780206e+00  -3.278392709261e+00  -1.927604512936e+00   4.887232181892e-03  -9.705164460677e-01   5.930690630859e-01  -2.659198975137e-01  -9.806326516227e-01  -1.640741960343e+00  -1.439368847504e+00   4.861392812116e-01   3.490632149599e-01  -5.488671203544e-01  -2.655216259239e-01  -9.798137420507e-01  -1.640052747995e+00  -1.439105684151e+00   1.952080526712e-03   7.913869159706e-01   1.790250952111e-01  -2.658851029105e-01  -9.805592457263e-01  -1.640680451328e+00  -1.439345579420e+00  -4.954820298642e-01   3.494569484188e-01  -5.401022620135e-01
  -1.561267113343e+00  -1.660752593125e+00  -2.151665364870e-03   4.256696917524e-01  -2.602212956376e-01  -3.135984656423e+00  -4.879924930147e-03   9.647305963081e-01  -5.897606368475e-01  -3.528803489433e+00  -6.972268614490e-03   1.379161259446e+00  -8.430140337426e-01  -2.780422263168e+00  -5.117304064598e-03   1.012936570998e+00  -6.191133435645e-01   1.615464271126e-03   1.954181058254e-01   2.359887030786e-02  -9.875841349427e-04   1.597139313851e-01  -1.835325703498e+00  -3.278392709261e+00  -3.598403727915e+00  -2.686578023502e+00   3.552266534906e-03  -7.054556073101e-01   4.310930654712e-01  -7.007278768909e-01  -1.640595591024e+00  -2.363692701826e+00  -2.166555785692e+00   6.248034825968e-01   3.195557486697e-01  -6.261489537598e-01  -7.003955062193e-01  -1.640073912016e+00  -2.363187835208e+00  -2.166298444866e+00   3.155431237584e-03   8.883818721813e-01   3.086123570893e-01  -7.006939477113e-01  -1.640537080877e+00  -2.363637371010e+00  -2.166529238704e+00  -6.355448875101e-01   3.200973121550e-01  -6.149439373370e-01
  -9.559998676773e-01  -1.016809848561e+00  -5.024544914513e-04   9.902499339607e-02  -6.057693994122e-02  -2.090583891632e+00  -1.309328404813e-03   2.575684369525e-01  -1.575744057993e-01  -2.709160927836e+00  -2.545311477721e-03   5.018177261927e-01  -3.068675192435e-01  -2.685365254252e+00  -3.049675849081e-03   6.027349524261e-01  -3.684678465680e-01   2.087720537881e-04   2.520797790893e-02   3.230877467220e-03  -1.287425814071e-04   2.051925797725e-02  -9.282386363717e-01  -1.927604512936e+00  -2.686578023502e+00  -2.610783797784e+00   1.949005074053e-03  -3.870699891428e-01   2.365322133833e-01  -6.456843735346e-01  -1.439203418634e+00  -2.166459044844e+00  -2.272073678227e+00   3.842063975861e-01   1.205253161835e-01  -3.383695236430e-01  -6.456343757946e-01  -1.439131394903e+00  -2.166316390414e+00  -2.271936231233e+00   2.320583381273e-03   4.701802682447e-01   2.359700222143e-01  -6.456740319790e-01  -1.439182346856e+00  -2.166431838719e+00  -2.272055006100e+00  -3.900529189133e-01   1.208651386214e-01  -3.314972211184e-01
   7.449665289747e-03   8.123308365497e-03  -6.999062127747e-01  -1.030796261475e-02   6.299725565967e-03   1.206840791367e-02  -1.293342987297e+00  -1.246241986623e-02   7.616778149875e-03   7.450400026789e-03  -1.126088927709e+00  -6.096736532322e-03   3.726400891076e-03   2.970763090786e-03  -4.691094027002e-01  -1.463444402447e-03   8.945384709991e-04   1.372080450555e+00  -8.590081480031e-03   2.888814545373e-03  -8.333559504450e-01  -1.385127109829e-02   2.745025280326e-03   4.887232181892e-03   3.552266534906e-03   1.949005074053e-03  -2.622536361777e+00   2.628738008225e-03  -1.605744037241e-03  -7.465877006654e-02  -3.079293083300e-01  -2.729103057038e-01  -9.549410079160e-02   1.050789915121e-01   1.949382846116e-01  -2.635515347321e-01  -9.706193267471e-05   2.926272005057e-04   1.277735202096e-03   1.316779950726e-03  -1.037130171410e-01   1.810199700674e-04  -1.330625845273e-04   7.649293196934e-02   3.169403744907e-01   2.829809469883e-01   1.007841989729e-01   1.154436005938e-01  -2.000462853627e-01   2.666649202947e-01
  -1.477008624092e+00  -1.610554245784e+00  -1.031238671042e-02   1.343953750420e+00  -1.249110094703e+00  -2.393438575549e+00  -1.247176269925e-02   1.178339407999e+00  -1.510547302927e+00  -1.478143776206e+00  -6.103678866971e-03   8.356112044476e-02  -7.392535930617e-01  -5.896620020242e-01  -1.465955996714e-03  -1.785920590739e-01  -1.775406516095e-01   7.081117366856e-03   8.579294091873e-01  -5.895440962503e-01  -8.595388876053e-03   1.923208636370e-02  -5.450915281401e-01  -9.705164460677e-01  -7.054556073101e-01  -3.870699891428e-01   2.628738008225e-03  -3.144064277147e+00   3.187559781517e-01  -9.411660660375e-02  -5.270324571540e-01  -6.710020879298e-01  -4.088521684517e-01   3.214131773383e-01   1.533615417068e-01  -3.791733368582e-01  -1.619190032282e-01  -8.081602464246e-01  -9.215191532714e-01  -4.973766968937e-01   1.720879739601e-03   7.977871430185e-01   1.478166990019e-01  -9.416202439108e-02  -5.272559744003e-01  -6.712208127458e-01  -4.089328191455e-01  -3.280289990213e-01   1.537958379650e-01  -3.735825825065e-01
   9.026357936853e-01   9.842489442570e-01   6.302212120925e-03  -1.249067047779e+00   6.342132614559e-02   1.462668126098e+00   7.622193895869e-03  -1.510489034371e+00  -3.702250324089e-01   9.033047986609e-01   3.730461642865e-03  -7.392175320156e-01  -6.743078999787e-01   3.603406607761e-01   8.960105483094e-04  -1.775281963974e-01  -3.606049297666e-01  -8.596247934693e-03   3.316114035407e-01  -1.092925462958e+00  -1.774026487538e-03  -8.455707215122e-01   3.330983516620e-01   5.930690630859e-01   4.310930654712e-01   2.365322133833e-01  -1.605744037241e-03   3.187559781517e-01  -2.817247234963e+00   1.091837502009e-01   5.356538646046e-01   6.000458201061e-01   3.169311526077e-01  -3.412721874017e-01  -2.921880521064e-01   3.103288179527e-01  -2.900476933542e-03   7.222640869228e-02   1.877591551232e-01   1.713568316986e-01  -2.084382372751e-04  -2.393774265912e-02  -1.257800445323e-01   1.078173268772e-01   5.300527849575e-01   5.950877277382e-01   3.151845656316e-01   3.444419721043e-01  -2.889326040347e-01   2.994874079295e-01
  -2.018954458073e-01  -2.158064543992e-01  -7.120943798770e-01  -3.350709789085e-02   5.102671476037e-01  -1.205340872158e+00  -1.658033314931e+00  -7.801749546841e-02   1.188097546689e+00  -1.425287892969e+00  -1.441332816196e+00  -6.782062092510e-02   1.032822124832e+00  -9.114634834636e-01  -5.653483524061e-01  -2.660191700398e-02   4.051155097753e-01  -1.012298778235e-01   7.253700567665e-02  -1.535238597413e-02   1.541584485804e+00  -1.073281393575e+00  -1.401828871423e-02  -2.659198975137e-01  -7.007278768909e-01  -6.456843735346e-01  -7.465877006654e-02  -9.411660660375e-02   1.091837502009e-01  -3.627089880698e+00  -3.209458150208e+00  -1.835050515651e+00  -9.281036372132e-01   5.186425997070e-01   2.439929524350e-02  -3.718090215442e-01  -1.403819457437e-02  -2.660870364709e-01  -7.008985440736e-01  -6.457437930390e-01  -7.456213886118e-02   7.896689420423e-02   1.208660004951e-01  -1.379884304483e-02  -2.640709606743e-01  -6.988362705906e-01  -6.450251838367e-01  -1.604760913367e-01   5.943088987986e-04  -6.378884426652e-03
  -1.466135959937e+00  -1.563166596234e+00  -1.053255409710e+00  -4.956501020251e-02   7.546471446627e-01  -2.915266382692e+00  -1.987852531338e+00  -9.354623209554e-02   1.424200026809e+00  -2.951378649985e+00  -1.982903356111e+00  -9.331095573222e-02   1.420696216941e+00  -1.962362492528e+00  -9.583744736376e-01  -4.509814913691e-02   6.866711263050e-01  -6.473807628964e-02   4.636759939913e-02  -9.615259938892e-03   9.856634984210e-01  -6.862485046912e-01  -2.659515513575e-01  -9.806326516227e-01  -1.640595591024e+00  -1.439203418634e+00  -3.079293083300e-01  -5.270324571540e-01   5.356538646046e-01  -3.209458150208e+00  -4.186278766914e+00  -3.277926065968e+00  -1.927350206411e+00   9.234507741765e-01   4.344310359976e-02  -6.620179633137e-01  -2.661222258104e-01  -9.809959097424e-01  -1.640889702698e+00  -1.439313047043e+00  -3.070840056658e-01   4.518405620080e-01   6.013071280938e-01  -2.640723080335e-01  -9.766439079786e-01  -1.637369946563e+00  -1.437999716106e+00  -7.998712085306e-01   8.737273472569e-03  -1.178875281040e-01
  -1.561051522967e+00  -1.660524258989e+00  -4.052384185818e-01  -1.907593900367e-02   2.902776172325e-01  -3.135549253144e+00  -9.184770352442e-01  -4.323886370066e-02   6.578186342013e-01  -3.528362008408e+00  -1.313061545617e+00  -6.180672478440e-02   9.405417964242e-01  -2.780144198735e+00  -9.643917002887e-01  -4.538928476756e-02   6.908834828865e-01  -1.364278662549e-02   9.755763432816e-03  -1.752107257407e-03   2.076342919949e-01  -1.445938433824e-01  -7.008289781480e-01  -1.640741960343e+00  -2.363692701826e+00  -2.166459044844e+00  -2.729103057038e-01  -6.710020879298e-01   6.000458201061e-01  -1.835050515651e+00  -3.277926065968e+00  -3.598013630991e+00  -2.686346434771e+00   6.712604293391e-01   3.157877068101e-02  -4.812305015355e-01  -7.010125166631e-01  -1.641057264325e+00  -2.363969182858e+00  -2.166587144901e+00  -2.716739708087e-01   5.858125418247e-01   6.841105813086e-01  -6.988395138997e-01  -1.637372940039e+00  -2.360755153412e+00  -2.165089632178e+00  -9.082518637960e-01   1.699534872031e-02  -2.393525074014e-01
  -9.559528329676e-01  -1.016760052095e+00  -9.428592435100e-02  -4.442047734903e-03   6.749764602061e-02  -2.090470510271e+00  -2.452594531694e-01  -1.155776245534e-02   1.755352949500e-01  -2.709012943975e+00  -4.778192035137e-01  -2.250589749203e-02   3.421307114310e-01  -2.685235947808e+00  -5.738789636168e-01  -2.701800425725e-02   4.110644035802e-01  -1.760921721633e-03   1.254011951167e-03  -2.861514842931e-05   2.678149878339e-02  -1.870926606793e-02  -6.457778990389e-01  -1.439368847504e+00  -2.166555785692e+00  -2.272073678227e+00  -9.549410079160e-02  -4.088521684517e-01   3.169311526077e-01  -9.281036372132e-01  -1.927350206411e+00  -2.686346434771e+00  -2.610641137414e+00   3.683113021325e-01   1.732677355735e-02  -2.640463676565e-01  -6.458497672466e-01  -1.439504200500e+00  -2.166701837050e+00  -2.272166591918e+00  -9.470376841087e-02   3.632632827685e-01   3.685243742026e-01  -6.450278179529e-01  -1.438001910315e+00  -2.165088972741e+00  -2.271117609835e+00  -4.866541222691e-01   1.384358143216e-02  -1.988896573903e-01
   1.404991573262e+00   1.532049131060e+00   1.151981221420e+00   8.712071679098e-02  -1.326642776896e+00   2.277435976900e+00   9.466227666615e-01   1.053736668946e-01  -1.604546987170e+00   1.406648073721e+00  -2.967519885061e-02   5.157547442651e-02  -7.853491854273e-01   5.611369298955e-01  -2.057738407309e-01   1.238661645461e-02  -1.886090769270e-01   5.122570709446e-02  -8.099761838334e-02   7.709961796183e-01  -7.801073419178e-01  -1.075245230921e-01   8.584870383610e-02   4.861392812116e-01   6.248034825968e-01   3.842063975861e-01   1.050789915121e-01   3.214131773383e-01  -3.412721874017e-01   5.186425997070e-01   9.234507741765e-01   6.712604293391e-01   3.683113021325e-01  -3.094211064620e+00  -2.222590090078e-02   3.385958867645e-01   8.578498111938e-02   4.857277298656e-01   6.243483678547e-01   3.840307231508e-01   1.041828456088e-01  -2.733225294572e-01  -3.806953534168e-01   1.603386863942e-01   7.976584505421e-01   9.038708244949e-01   4.830563049142e-01   7.980113655955e-01  -6.094213410135e-03   7.691676553239e-02
   6.610933157219e-02   7.208785966389e-02   8.711527381237e-02  -6.953808604917e-01  -6.242343342877e-02   1.071568051812e-01   1.053637636975e-01  -1.287825406978e+00  -7.550091256056e-02   6.618201220592e-02   5.156842298583e-02  -1.123358427504e+00  -3.695404430665e-02   2.639976424983e-02   1.238408509372e-02  -4.684436967700e-01  -8.874809605905e-03  -1.300837671992e+00   9.267410759571e-01   3.566861428139e-02  -8.100140432567e-02   1.171313579300e-01   8.295706782664e-02   3.490632149599e-01   3.195557486697e-01   1.205253161835e-01   1.949382846116e-01   1.533615417068e-01  -2.921880521064e-01   2.439929524350e-02   4.344310359976e-02   3.157877068101e-02   1.732677355735e-02  -2.222590090078e-02  -2.622938600672e+00   1.592479980500e-02  -6.780429382411e-02  -2.739148032326e-01  -2.345308419695e-01  -7.509987775169e-02  -1.582459659766e-01   6.840780805128e-02   2.604808260986e-01   4.527540634813e-04   8.032192323507e-03   1.619534794354e-02   1.341537660800e-02   5.329781415733e-03  -1.030479196107e-01   1.651972031243e-03
  -1.006820436018e+00  -1.097867379737e+00  -1.326780357515e+00  -6.243380748960e-02   2.512398634293e-01  -1.632139519648e+00  -1.604857203580e+00  -7.552260590309e-02  -1.427933322158e-01  -1.008182353095e+00  -7.855798657370e-01  -3.696995164378e-02  -5.628453677801e-01  -4.022284596664e-01  -1.886920456585e-01  -8.880527533518e-03  -3.338072077699e-01  -8.102501093242e-02  -4.127657963298e-03   1.068338901195e+00  -7.255722171891e-02  -8.535374450732e-01  -1.100220423075e-01  -5.488671203544e-01  -6.261489537598e-01  -3.383695236430e-01  -2.635515347321e-01  -3.791733368582e-01   3.103288179527e-01  -3.718090215442e-01  -6.620179633137e-01  -4.812305015355e-01  -2.640463676565e-01   3.385958867645e-01   1.592479980500e-02  -2.864509066869e+00  -1.202144931946e-01  -5.907499855680e-01  -6.632740893918e-01  -3.514565099150e-01  -2.866117186224e-01   3.473797280143e-01   3.964080672224e-01  -9.225729091687e-03  -1.320611135153e-01  -2.554280324799e-01  -2.074912535803e-01  -9.336280834700e-02   1.828479856222e-03  -1.287393165825e-01
  -2.021464090766e-01  -2.160857404198e-01  -5.259932035702e-03  -6.811553615833e-01  -5.529771226006e-01  -1.206081100668e+00  -1.224284140151e-02  -1.585426819796e+00  -1.287081721858e+00  -1.425783201869e+00  -1.063973315526e-02  -1.377847687101e+00  -1.118563979901e+00  -9.116685851031e-01  -4.172773555794e-03  -5.403800033963e-01  -4.386911005505e-01  -1.518189327551e-02  -1.596052105243e+00  -1.804986401674e-01  -1.232482009982e-02   9.829429636625e-01  -1.396669858296e-02  -2.655216259239e-01  -7.003955062193e-01  -6.456343757946e-01  -9.706193267471e-05  -1.619190032282e-01  -2.900476933542e-03  -1.403819457437e-02  -2.661222258104e-01  -7.010125166631e-01  -6.458497672466e-01   8.578498111938e-02  -6.780429382411e-02  -1.202144931946e-01  -3.627932938782e+00  -3.210051841569e+00  -1.835363156589e+00  -9.282570366614e-01   3.825108210685e-03   4.959648417424e-01   4.026322828888e-01  -1.403331337102e-02  -2.660811226520e-01  -7.009702879771e-01  -6.458350325157e-01  -8.795098224446e-02  -6.770902126459e-02  -1.186409459950e-01
  -1.466782186708e+00  -1.563850884030e+00  -7.778663711703e-03  -1.006936062644e+00  -8.174877841323e-01  -2.916304948042e+00  -1.468138925599e-02  -1.900267951870e+00  -1.542713499230e+00  -2.952162428871e+00  -1.464192634066e-02  -1.895330409899e+00  -1.538682977376e+00  -1.962744098236e+00  -7.075574609856e-03  -9.159830726210e-01  -7.436180524698e-01  -9.708446903087e-03  -1.020257571466e+00  -1.152949680926e-01  -7.880161794320e-03   6.282362433669e-01  -2.655181143906e-01  -9.798137420507e-01  -1.640073912016e+00  -1.439131394903e+00   2.926272005057e-04  -8.081602464246e-01   7.222640869228e-02  -2.660870364709e-01  -9.809959097424e-01  -1.641057264325e+00  -1.439504200500e+00   4.857277298656e-01  -2.739148032326e-01  -5.907499855680e-01  -3.210051841569e+00  -4.187051490963e+00  -3.278464335637e+00  -1.927644872227e+00   6.810267981149e-03   8.830463759368e-01   7.168712543221e-01  -2.660472917147e-01  -9.809120775553e-01  -1.640987292504e+00  -1.439477767429e+00  -4.963611571567e-01  -2.734451553795e-01  -5.819674949348e-01
