ARMA_MAT_TXT_FN008
50 50
   1.000000000000e+00   8.784438346368e-01   1.494884360496e-21  -1.033588001637e-20  -5.908473390557e-21   3.291794955376e-01  -1.335639486762e-23  -2.843186938441e-21  -2.056263243692e-21   1.537612665257e-01   5.871827532007e-22   7.304124328810e-22   5.526196866081e-21   6.556249676812e-02  -4.011424491395e-23  -1.489238605619e-22  -1.284357007357e-21   1.034328862920e-41   1.654926180672e-40   0.000000000000e+00   8.285064170059e-41   0.000000000000e+00   1.209573284018e-02   7.489931552854e-02   7.950340951208e-02   4.891787481806e-02  -3.848749108047e-04   7.630513769690e-02  -4.663203845336e-02   1.208258786432e-02   7.486927021751e-02   7.949266929088e-02   4.891550961388e-02  -7.258858686991e-02  -3.415538958538e-03   5.201682250640e-02   1.209647063253e-02   7.490100124210e-02   7.950401201455e-02   4.891800749466e-02  -5.360884894333e-04  -6.942993210950e-02  -5.636456461435e-02   1.208362994298e-02   7.487165288412e-02   7.949352112180e-02   4.891569721100e-02   7.350060212344e-02  -3.480228906815e-03   5.072388430902e-02
   8.784438346368e-01   1.000000000000e+00  -5.572378064042e-21  -2.096830276061e-20  -8.915804902468e-20   4.187995882560e-01   1.908796645630e-21  -1.288422114129e-22   3.035704194059e-20   1.871454501484e-01  -6.822421317119e-24  -9.414569733815e-22   2.648290078449e-22   7.831571041382e-02   1.065842965867e-22   0.000000000000e+00   1.777035976385e-21   0.000000000000e+00  -2.050296176158e-41   0.000000000000e+00   0.000000000000e+00   0.000000000000e+00   1.099127166013e-02   8.978034608413e-02   9.551946433431e-02   5.829938755786e-02  -4.631606792639e-04   9.182604117564e-02  -5.611726303583e-02   1.097719236605e-02   8.974300188351e-02   9.550639143807e-02   5.829655492448e-02  -8.734833066536e-02  -4.110034913416e-03   6.259362261169e-02   1.099206195572e-02   8.978244132122e-02   9.552019769529e-02   5.829954645501e-02  -6.451341193232e-04  -8.355265779624e-02  -6.782966706103e-02   1.097830843662e-02   8.974596335250e-02   9.550742827785e-02   5.829677959591e-02   8.844620684733e-02  -4.187898287571e-03   6.103807362233e-02
   1.494884360496e-21  -5.572378064042e-21   1.000000000000e+00   1.702446555950e-40   7.756776238886e-40  -3.825476234001e-21   6.291202128136e-01   1.012042072559e-40   1.164307723447e-40   5.814721983347e-21   2.202302509580e-01   3.006820873038e-41   2.405456698430e-40   1.593538804620e-21   5.734990148843e-02   0.000000000000e+00   3.615846387158e-41  -2.815518214140e-23   0.000000000000e+00  -2.031781557215e-21   2.252414571312e-22   3.519148886977e-21   4.676547201410e-04   7.599607780461e-04   2.866361689662e-04   6.564069217194e-05   9.474830068255e-02   1.479828964333e-03  -9.043616622945e-04   8.819294555643e-02   1.433971388094e-01   5.409815060439e-02   1.238969653914e-02  -1.710718743406e-01  -1.250502872115e-02   1.904448660436e-01   6.513950577586e-04   1.058514494078e-03   3.992371004079e-04   9.142627586240e-05   9.474493623724e-02  -1.875417062974e-03  -1.522499922053e-03  -8.930167246639e-02  -1.451934861411e-01  -5.477482082652e-02  -1.254458659689e-02  -1.777659890935e-01   1.290097650729e-02  -1.880300570310e-01
  -1.033588001637e-20  -2.096830276061e-20   1.702446555950e-40   1.000000000000e+00   2.723914489520e-39  -2.188376136235e-20   1.012042072559e-40   6.291202128136e-01   0.000000000000e+00   4.428280468976e-21   3.006820873038e-41   2.202302509580e-01   2.405456698430e-40   0.000000000000e+00   0.000000000000e+00   5.734990148843e-02   0.000000000000e+00   3.519148886977e-21   2.252414571312e-22   1.625540198842e-23   0.000000000000e+00   2.815518214140e-23  -9.271702782691e-02  -1.506695037403e-01  -5.682836612068e-02  -1.301389598046e-02   1.479828964333e-03  -1.986345023458e-01   1.792983622260e-01   4.149776905784e-03   6.747321242447e-03   2.545501282527e-03   5.829772012197e-04  -1.250502872115e-02   9.410227765823e-02   8.961076217002e-03   8.436352491814e-02   1.370904074782e-01   5.170602488819e-02   1.184080660426e-02  -1.875417062974e-03  -1.481297365527e-01  -1.971821225570e-01   4.228404298273e-03   6.874862966439e-03   2.593569430709e-03   5.939819761641e-04   1.290097650729e-02   9.408498527950e-02   8.903160258883e-03
  -5.908473390557e-21  -8.915804902468e-20   7.756776238886e-40   2.723914489520e-39   1.000000000000e+00   2.471149445380e-20   1.164307723447e-40   0.000000000000e+00   6.291202128136e-01   4.786322310306e-20   2.405456698430e-40   2.405456698430e-40   2.202302509580e-01   2.604715397054e-20   3.615846387158e-41   0.000000000000e+00   5.734990148843e-02   0.000000000000e+00  -2.815518214140e-23   2.600864318147e-22   3.519148886977e-21   0.000000000000e+00   5.666176796745e-02   9.207802127396e-02   3.472928080816e-02   7.953127615067e-03  -9.043616622945e-04   1.792983622260e-01  -1.481809058874e-02  -6.319887179436e-02  -1.027580758769e-01  -3.876661634089e-02  -8.878429427752e-03   1.904448660436e-01   8.961076217002e-03  -4.178169262969e-02   6.848794470724e-02   1.112926499499e-01   4.197595319790e-02   9.612596306148e-03  -1.522499922053e-03  -1.971821225570e-01  -6.531685210833e-02  -6.162844346744e-02  -1.002002348372e-01  -3.780093760301e-02  -8.657210156951e-03  -1.880300570310e-01   8.903160258883e-03  -3.506656224321e-02
   3.291794955376e-01   4.187995882560e-01  -3.825476234001e-21  -2.188376136235e-20   2.471149445380e-20   1.000000000000e+00  -4.711603847447e-21  -9.423207694894e-21   0.000000000000e+00   7.746967835845e-01   2.002997276421e-21   0.000000000000e+00   0.000000000000e+00   4.100964372946e-01  -5.815851945678e-22  -1.163170389136e-21  -9.305363113085e-21   0.000000000000e+00   0.000000000000e+00   0.000000000000e+00   4.542063811831e-40   0.000000000000e+00   1.895129242815e-01   4.283371554924e-01   4.642468456750e-01   3.144153093002e-01  -1.678720286849e-03   3.328223769503e-01  -2.033963419572e-01   1.894232828051e-01   4.282238363347e-01   4.641933766594e-01   3.144009898755e-01  -3.167474156443e-01  -1.490403911690e-02   2.269805049168e-01   1.895179538727e-01   4.283435128789e-01   4.642498451358e-01   3.144161125499e-01  -2.338216852120e-03  -3.028273139601e-01  -2.458410830328e-01   1.894303913563e-01   4.282328233946e-01   4.641976174454e-01   3.144021256279e-01   3.207161888263e-01  -1.518580418379e-02   2.213311236653e-01
  -1.335639486762e-23   1.908796645630e-21   6.291202128136e-01   1.012042072559e-40   1.164307723447e-40  -4.711603847447e-21   1.000000000000e+00   4.439842163056e-41   0.000000000000e+00   3.650064346142e-21   6.534608721805e-01   0.000000000000e+00   0.000000000000e+00  -1.932211951782e-21   2.263653730943e-01   5.480398080688e-42   4.384318464550e-41   0.000000000000e+00   0.000000000000e+00  -3.031661583814e-21   8.401587031234e-20   5.250991894521e-21   1.674818038879e-03   2.116976954224e-03   9.988092077513e-04   2.674796811352e-04   2.734985697623e-01   2.484182500710e-03  -1.518148022462e-03   3.159870775401e-01   3.994933011835e-01   1.885127794153e-01   5.048696903350e-02  -1.728626725262e-01  -2.099825683971e-02   3.197921652289e-01   2.332791537664e-03   2.948623272475e-03   1.391175934135e-03   3.725534755332e-04   2.734929222298e-01  -3.148203066685e-03  -2.555772269681e-03  -3.199482550045e-01  -4.044945302434e-01  -1.908704958999e-01  -5.111812377036e-02  -1.840927536405e-01   2.166262565091e-02  -3.157299553471e-01
  -2.843186938441e-21  -1.288422114129e-22   1.012042072559e-40   6.291202128136e-01   0.000000000000e+00  -9.423207694894e-21   4.439842163056e-41   1.000000000000e+00   0.000000000000e+00   0.000000000000e+00   0.000000000000e+00   6.534608721805e-01   0.000000000000e+00  -3.864423903563e-21   5.480398080688e-42   2.263653730943e-01   8.768636929101e-41   5.250991894521e-21   8.401587031234e-20   0.000000000000e+00   0.000000000000e+00   0.000000000000e+00  -3.320487189115e-01  -4.197109592191e-01  -1.980234928045e-01  -5.303040891252e-02   2.484182500710e-03  -2.190018764771e-01   3.009873874503e-01   1.486826263290e-02   1.879751339302e-02   8.870164994797e-03   2.375582954129e-03  -2.099825683971e-02   2.724137898543e-01   1.504730490115e-02   3.021246702328e-01   3.818823154380e-01   1.801740805169e-01   4.825017328906e-02  -3.148203066685e-03  -1.342130781011e-01  -3.310033672964e-01   1.514944277438e-02   1.915268060576e-02   9.037654088511e-03   2.420426049149e-03   2.166262565091e-02   2.723847763626e-01   1.494970769765e-02
  -2.056263243692e-21   3.035704194059e-20   1.164307723447e-40   0.000000000000e+00   6.291202128136e-01   0.000000000000e+00   0.000000000000e+00   0.000000000000e+00   1.000000000000e+00   0.000000000000e+00   0.000000000000e+00   0.000000000000e+00   6.534608721805e-01  -3.091539122851e-20   4.384318464550e-41   8.768636929101e-41   2.263653730943e-01   0.000000000000e+00   0.000000000000e+00   9.701317068206e-20   5.250991894521e-21   0.000000000000e+00   2.029235395679e-01   2.564961964599e-01   1.210172658073e-01   3.240825116428e-02  -1.518148022462e-03   3.009873874503e-01   8.956994123686e-02  -2.264356482952e-01  -2.862760254226e-01  -1.350878452091e-01  -3.617885152948e-02   3.197921652289e-01   1.504730490115e-02   4.423946317899e-02   2.452706632360e-01   3.100194655186e-01   1.462688107935e-01   3.917042588657e-02  -2.555772269681e-03  -3.310033672964e-01   4.802281157364e-03  -2.208011608458e-01  -2.791478323026e-01  -1.317226345408e-01  -3.527739530442e-02  -3.157299553471e-01   1.494970769765e-02   5.552044639198e-02
   1.537612665257e-01   1.871454501484e-01   5.814721983347e-21   4.428280468976e-21   4.786322310306e-20   7.746967835845e-01   3.650064346142e-21   0.000000000000e+00   0.000000000000e+00   1.000000000000e+00   0.000000000000e+00   0.000000000000e+00   0.000000000000e+00   7.744077347687e-01   0.000000000000e+00   0.000000000000e+00  -1.757183070680e-20   0.000000000000e+00   0.000000000000e+00   0.000000000000e+00   0.000000000000e+00   0.000000000000e+00   2.676114864057e-01   5.816704676971e-01   7.587736532179e-01   6.306056499522e-01  -9.433469772658e-04   1.870275743506e-01  -1.142973763261e-01   2.675641002040e-01   5.815909109867e-01   7.587115300241e-01   6.305809093888e-01  -1.780359759315e-01  -8.377195893141e-03   1.275801907589e-01   2.676141447249e-01   5.816749306550e-01   7.587771380925e-01   6.306070377723e-01  -1.313929950897e-03  -1.701697930202e-01  -1.381471362952e-01   2.675678584368e-01   5.815972208024e-01   7.587164572741e-01   6.305828717048e-01   1.802633824572e-01  -8.535410817642e-03   1.244025040986e-01
   5.871827532007e-22  -6.822421317119e-24   2.202302509580e-01   3.006820873038e-41   2.405456698430e-40   2.002997276421e-21   6.534608721805e-01   0.000000000000e+00   0.000000000000e+00   0.000000000000e+00   1.000000000000e+00   0.000000000000e+00   0.000000000000e+00   0.000000000000e+00   6.530545656898e-01   0.000000000000e+00   0.000000000000e+00   0.000000000000e+00   0.000000000000e+00   0.000000000000e+00  -4.646508046464e-20   0.000000000000e+00   1.613117029840e-03   2.708208013413e-03   2.114691671661e-03   8.421580509778e-04   2.800786402589e-01   1.055050652906e-03  -6.447686761536e-04   3.044368371416e-01   5.111294404982e-01   3.991349681188e-01   1.589588994638e-01   9.046138907938e-02  -8.920200618069e-03   1.358498608577e-01   2.246812885186e-03   3.772090153919e-03   2.945410037295e-03   1.172981799783e-03   2.800762418285e-01  -1.337047550894e-03  -1.085441117182e-03  -3.082459242047e-01  -5.175229882986e-01  -4.041258544379e-01  -1.609460180664e-01   8.569438018188e-02   9.202258255264e-03  -1.341217188926e-01
   7.304124328810e-22  -9.414569733815e-22   3.006820873038e-41   2.202302509580e-01   2.405456698430e-40   0.000000000000e+00   0.000000000000e+00   6.534608721805e-01   0.000000000000e+00   0.000000000000e+00   0.000000000000e+00   1.000000000000e+00   0.000000000000e+00   0.000000000000e+00   0.000000000000e+00   6.530545656898e-01   0.000000000000e+00   0.000000000000e+00  -4.646508046464e-20   0.000000000000e+00   0.000000000000e+00   0.000000000000e+00  -3.198159028496e-01  -5.369281799722e-01  -4.192578800608e-01  -1.669659004482e-01   1.055050652906e-03   7.091006379041e-02   1.278315661410e-01   1.432478468736e-02   2.405037199590e-02   1.878065260821e-02   7.479554807948e-03  -8.920200618069e-03   2.796178226471e-01   6.392196242960e-03   2.909893966313e-01   4.885312191171e-01   3.814661626855e-01   1.519153056442e-01  -1.337047550894e-03   1.069227642158e-01  -1.405777302820e-01   1.459534132827e-02   2.450454025932e-02   1.913522392978e-02   7.620740080069e-03   9.202258255264e-03   2.796055055692e-01   6.350618493408e-03
   5.526196866081e-21   2.648290078449e-22   2.405456698430e-40   2.405456698430e-40   2.202302509580e-01   0.000000000000e+00   0.000000000000e+00   0.000000000000e+00   6.534608721805e-01   0.000000000000e+00   0.000000000000e+00   0.000000000000e+00   1.000000000000e+00  -3.203599893943e-20   0.000000000000e+00   0.000000000000e+00   6.530545656898e-01   0.000000000000e+00   0.000000000000e+00  -5.365325342836e-20   0.000000000000e+00   0.000000000000e+00   1.954477500443e-01   3.281306644726e-01   2.562193080960e-01   1.020371697778e-01  -6.447686761536e-04   1.278315661410e-01   2.019627934729e-01  -2.181587713008e-01  -3.662742385637e-01  -2.860192447325e-01  -1.139095995082e-01   1.358498608577e-01   6.392196242960e-03   1.826878352975e-01   2.362308322965e-01   3.965991126511e-01   3.096816246481e-01   1.233277896252e-01  -1.085441117182e-03  -1.405777302820e-01   1.659628393622e-01  -2.127252042348e-01  -3.571504916603e-01  -2.788934035175e-01  -1.110712968948e-01  -1.341217188926e-01   6.350618493408e-03   1.874817896863e-01
   6.556249676812e-02   7.831571041382e-02   1.593538804620e-21   0.000000000000e+00   2.604715397054e-20   4.100964372946e-01  -1.932211951782e-21  -3.864423903563e-21  -3.091539122851e-20   7.744077347687e-01   0.000000000000e+00   0.000000000000e+00  -3.203599893943e-20   1.000000000000e+00   0.000000000000e+00   0.000000000000e+00   0.000000000000e+00   0.000000000000e+00   0.000000000000e+00   0.000000000000e+00   0.000000000000e+00   0.000000000000e+00   1.765520872696e-01   4.417699754808e-01   7.698678645425e-01   9.136362114977e-01  -2.187371588192e-04   4.336673696976e-02  -2.650253190032e-02   1.765419372062e-01   4.417467905699e-01   7.698357289020e-01   9.136116721916e-01  -4.128634315396e-02  -1.942662332725e-03   2.958570315781e-02   1.765526566422e-01   4.417712760458e-01   7.698696671914e-01   9.136375880193e-01  -3.046636565159e-04  -3.945762202522e-02  -3.203246234868e-02   1.765427422592e-01   4.417486294869e-01   7.698382777610e-01   9.136136185558e-01   4.180251325070e-02  -1.979335009369e-03   2.884855068798e-02
  -4.011424491395e-23   1.065842965867e-22   5.734990148843e-02   0.000000000000e+00   3.615846387158e-41  -5.815851945678e-22   2.263653730943e-01   5.480398080688e-42   4.384318464550e-41   0.000000000000e+00   6.530545656898e-01   0.000000000000e+00   0.000000000000e+00   0.000000000000e+00   1.000000000000e+00   0.000000000000e+00   0.000000000000e+00   0.000000000000e+00   0.000000000000e+00   0.000000000000e+00   0.000000000000e+00   0.000000000000e+00   6.299092709048e-04   1.438843596577e-03   1.994310548144e-03   1.522877150360e-03   1.184016636909e-01   1.513905864986e-04  -9.251869355272e-05   1.188943759808e-01   2.715808083678e-01   3.764288831743e-01   2.874494533756e-01   9.119025991443e-02  -1.280111286195e-03   1.949540683645e-02   8.773565321888e-04   2.004063968641e-03   2.777733113851e-03   2.121105342011e-03   1.184013195450e-01  -1.918535089822e-04  -1.557503971985e-04  -1.203808290466e-01  -2.749760835824e-01  -3.811346334962e-01  -2.910425252305e-01   9.050640290913e-02   1.320577066508e-03  -1.924723922944e-02
  -1.489238605619e-22   0.000000000000e+00   0.000000000000e+00   5.734990148843e-02   0.000000000000e+00  -1.163170389136e-21   5.480398080688e-42   2.263653730943e-01   8.768636929101e-41   0.000000000000e+00   0.000000000000e+00   6.530545656898e-01   0.000000000000e+00   0.000000000000e+00   0.000000000000e+00   1.000000000000e+00   0.000000000000e+00   0.000000000000e+00   0.000000000000e+00   0.000000000000e+00   0.000000000000e+00   0.000000000000e+00  -1.248855467155e-01  -2.852645253793e-01  -3.953911692200e-01  -3.019249823553e-01   1.513905864986e-04   8.838779337920e-02   1.834271721250e-02   5.594383230541e-03   1.277879721001e-02   1.771225437830e-02   1.352547072413e-02  -1.280111286195e-03   1.183355334160e-01   9.173249464381e-04   1.136282641138e-01   2.595504809904e-01   3.597499765698e-01   2.747087519983e-01  -1.918535089822e-04   9.355545505032e-02  -2.017155696618e-02   5.699991958851e-03   1.302002551162e-02   1.804659731432e-02   1.378076614554e-02   1.320577066508e-03   1.183337663697e-01   9.113503346569e-04
  -1.284357007357e-21   1.777035976385e-21   3.615846387158e-41   0.000000000000e+00   5.734990148843e-02  -9.305363113085e-21   4.384318464550e-41   8.768636929101e-41   2.263653730943e-01  -1.757183070680e-20   0.000000000000e+00   0.000000000000e+00   6.530545656898e-01   0.000000000000e+00   0.000000000000e+00   0.000000000000e+00   1.000000000000e+00   0.000000000000e+00   0.000000000000e+00   0.000000000000e+00   0.000000000000e+00   0.000000000000e+00   7.632077986467e-02   1.743325117859e-01   2.416337452981e-01   1.845141469130e-01  -9.251869355272e-05   1.834271721250e-02   1.071927195258e-01  -8.519944965299e-02  -1.946142129799e-01  -2.697481139487e-01  -2.059856492674e-01   1.949540683645e-02   9.173249464381e-04   1.044254011119e-01   9.224562721100e-02   2.107081112134e-01   2.920520038447e-01   2.230138894233e-01  -1.557503971985e-04  -2.017155696618e-02   1.020271399802e-01  -8.307664249239e-02  -1.897651808071e-01  -2.630268119866e-01  -2.008528767425e-01  -1.924723922944e-02   9.113503346569e-04   1.051134824892e-01
   1.034328862920e-41   0.000000000000e+00  -2.815518214140e-23   3.519148886977e-21   0.000000000000e+00   0.000000000000e+00   0.000000000000e+00   5.250991894521e-21   0.000000000000e+00   0.000000000000e+00   0.000000000000e+00   0.000000000000e+00   0.000000000000e+00   0.000000000000e+00   0.000000000000e+00   0.000000000000e+00   0.000000000000e+00   1.000000000000e+00   0.000000000000e+00   0.000000000000e+00   0.000000000000e+00   0.000000000000e+00  -2.629824465243e-03  -1.701255352348e-03  -3.079938362532e-04  -3.027810910194e-05  -3.556279116813e-01  -1.955454717259e-03   2.291293390885e-03   2.222543582580e-02   1.438190055240e-02   2.604133288745e-03   2.560247426899e-04  -1.424632772132e-02   3.370280620527e-01   2.162078800896e-02   3.332807856083e-03   2.155986841143e-03   3.903142909027e-04   3.837066992999e-05   3.235625296523e-01  -1.824606422580e-03  -3.509644227695e-03  -2.292895082028e-02  -1.483680546079e-02  -2.686466493870e-03  -2.641177682767e-04  -1.528894154008e-02  -3.411979148074e-01  -2.174912294830e-02
   1.654926180672e-40  -2.050296176158e-41   0.000000000000e+00   2.252414571312e-22  -2.815518214140e-23   0.000000000000e+00   0.000000000000e+00   8.401587031234e-20   0.000000000000e+00   0.000000000000e+00   0.000000000000e+00  -4.646508046464e-20   0.000000000000e+00   0.000000000000e+00   0.000000000000e+00   0.000000000000e+00   0.000000000000e+00   0.000000000000e+00   1.000000000000e+00   0.000000000000e+00   0.000000000000e+00   0.000000000000e+00  -3.186335927493e-01  -2.061267252880e-01  -3.731700875364e-02  -3.668542449245e-03   2.291293390885e-03  -2.369259128333e-01  -7.803017766619e-02  -1.592669867716e-02  -1.030603846414e-02  -1.866116216127e-03  -1.834667703563e-04   2.162078800896e-02  -2.415135717533e-01   4.317030835202e-04   3.504127908994e-01   2.266813446112e-01   4.103780533088e-02   4.034308042784e-03  -3.509644227695e-03  -1.918398708952e-01  -4.540952965926e-02  -1.582361797230e-02  -1.023910528576e-02  -1.853971419258e-03  -1.822716921356e-04  -2.174912294830e-02  -2.354658745258e-01   1.216863054267e-03
   0.000000000000e+00   0.000000000000e+00  -2.031781557215e-21   1.625540198842e-23   2.600864318147e-22   0.000000000000e+00  -3.031661583814e-21   0.000000000000e+00   9.701317068206e-20   0.000000000000e+00   0.000000000000e+00   0.000000000000e+00  -5.365325342836e-20   0.000000000000e+00   0.000000000000e+00   0.000000000000e+00   0.000000000000e+00   0.000000000000e+00   0.000000000000e+00   1.000000000000e+00   0.000000000000e+00   0.000000000000e+00  -3.809089636159e-02  -2.464131814399e-02  -4.461043484758e-03  -4.385541054431e-04  -7.617649680098e-04   1.510272016826e-01   2.841558759188e-01   3.383062235344e-03   2.189152330360e-03   3.963902014794e-04   3.897100804218e-05  -1.999954578865e-01  -9.410463922742e-03  -2.767595390748e-01   3.962909149465e-02   2.563598127417e-02   4.641071857060e-03   4.562503615657e-04  -1.839468966447e-03  -2.382334408875e-01   2.616097025757e-01  -6.950920079159e-03  -4.497783164887e-03  -8.144033296852e-04  -8.006740095373e-05   1.882984035208e-01  -8.915866375346e-03  -2.796749533239e-01
   8.285064170059e-41   0.000000000000e+00   2.252414571312e-22   0.000000000000e+00   3.519148886977e-21   4.542063811831e-40   8.401587031234e-20   0.000000000000e+00   5.250991894521e-21   0.000000000000e+00  -4.646508046464e-20   0.000000000000e+00   0.000000000000e+00   0.000000000000e+00   0.000000000000e+00   0.000000000000e+00   0.000000000000e+00   0.000000000000e+00   0.000000000000e+00   0.000000000000e+00   1.000000000000e+00   0.000000000000e+00   1.607153584807e-03   1.039681041201e-03   1.882229801171e-04   1.850373370067e-05   2.173333926542e-01   2.291293390885e-03   3.935758269469e-04  -3.384814415856e-01  -2.190286152260e-01  -3.965955028123e-02  -3.899119219370e-03   2.169639138781e-01   2.162078800896e-02   9.174750210878e-03   2.705638015822e-03   1.750271906124e-03   3.168647066340e-04   3.115005356989e-05   2.626743330327e-01  -3.509644227695e-03  -3.506200484615e-04   3.341864802220e-01   2.162445126052e-01   3.915490023323e-02   3.849482169346e-03   2.228343372379e-01  -2.174912294830e-02  -2.569950701095e-02
   0.000000000000e+00   0.000000000000e+00   3.519148886977e-21   2.815518214140e-23   0.000000000000e+00   0.000000000000e+00   5.250991894521e-21   0.000000000000e+00   0.000000000000e+00   0.000000000000e+00   0.000000000000e+00   0.000000000000e+00   0.000000000000e+00   0.000000000000e+00   0.000000000000e+00   0.000000000000e+00   0.000000000000e+00   0.000000000000e+00   0.000000000000e+00   0.000000000000e+00   0.000000000000e+00   1.000000000000e+00  -2.606873130886e-01  -1.686407942974e-01  -3.053058737640e-02  -3.001386218551e-03   3.668446172225e-03  -1.601094737594e-02   2.271296527437e-01   2.356496426090e-01   1.524869861620e-01   2.761084568189e-02   2.714553702650e-03   1.854898250056e-02  -3.097743244182e-02   2.292387428157e-01  -2.158065620439e-01  -1.396048401500e-01  -2.527369979718e-02  -2.484584386046e-03   4.660040082950e-03  -4.366036436762e-02   2.272571019639e-01   2.415808453848e-01   1.563215008886e-01   2.830477729984e-02   2.782761158221e-03  -1.064399408562e-02  -3.194853814994e-02   2.291501058819e-01
   1.209573284018e-02   1.099127166013e-02   4.676547201410e-04  -9.271702782691e-02   5.666176796745e-02   1.895129242815e-01   1.674818038879e-03  -3.320487189115e-01   2.029235395679e-01   2.676114864057e-01   1.613117029840e-03  -3.198159028496e-01   1.954477500443e-01   1.765520872696e-01   6.299092709048e-04  -1.248855467155e-01   7.632077986467e-02  -2.629824465243e-03  -3.186335927493e-01  -3.809089636159e-02   1.607153584807e-03  -2.606873130886e-01   1.000000000000e+00   7.063772200372e-01   3.736639626622e-01   1.837659445759e-01   0.000000000000e+00  -4.005334057228e-17   0.000000000000e+00   1.100381428352e-03   3.912117900956e-02   1.289851946709e-01   1.241440497769e-01  -8.863975490641e-03  -9.778988858347e-03   1.210568197052e-02   1.095524722461e-03   3.904471282799e-02   1.288921398824e-01   1.241110113006e-01  -1.848030516153e-05  -1.781329734024e-02  -1.189319713631e-03   1.099982204230e-03   3.911490056665e-02   1.289775585214e-01   1.241413391804e-01   9.067163396528e-03  -9.784097008586e-03   1.194312389985e-02
   7.489931552854e-02   8.978034608413e-02   7.599607780461e-04  -1.506695037403e-01   9.207802127396e-02   4.283371554924e-01   2.116976954224e-03  -4.197109592191e-01   2.564961964599e-01   5.816704676971e-01   2.708208013413e-03  -5.369281799722e-01   3.281306644726e-01   4.417699754808e-01   1.438843596577e-03  -2.852645253793e-01   1.743325117859e-01  -1.701255352348e-03  -2.061267252880e-01  -2.464131814399e-02   1.039681041201e-03  -1.686407942974e-01   7.063772200372e-01   1.000000000000e+00   7.889632276872e-01   4.631805400595e-01   0.000000000000e+00  -3.388235282423e-16   3.388235282423e-16   3.912117900956e-02   1.609003495056e-01   3.285811595771e-01   3.220094765619e-01  -5.997233754484e-02  -6.616318166485e-02   8.190524061279e-02   3.904471282799e-02   1.607009866112e-01   3.283859006071e-01   3.219300460169e-01  -1.252560033176e-04  -1.207351508129e-01  -8.060983446656e-03   3.911490056665e-02   1.608839857403e-01   3.285651374092e-01   3.220029598501e-01   6.135596502677e-02  -6.620733382914e-02   8.081710456328e-02
   7.950340951208e-02   9.551946433431e-02   2.866361689662e-04  -5.682836612068e-02   3.472928080816e-02   4.642468456750e-01   9.988092077513e-04  -1.980234928045e-01   1.210172658073e-01   7.587736532179e-01   2.114691671661e-03  -4.192578800608e-01   2.562193080960e-01   7.698678645425e-01   1.994310548144e-03  -3.953911692200e-01   2.416337452981e-01  -3.079938362532e-04  -3.731700875364e-02  -4.461043484758e-03   1.882229801171e-04  -3.053058737640e-02   3.736639626622e-01   7.889632276872e-01   1.000000000000e+00   8.208664008791e-01   0.000000000000e+00   0.000000000000e+00   0.000000000000e+00   1.289851946709e-01   3.285811595771e-01   5.621064063790e-01   6.087516661660e-01  -6.595671863096e-02  -7.276532040350e-02   9.007821156645e-02   1.288921398824e-01   3.283859006071e-01   5.618867066214e-01   6.086281795996e-01  -1.378982330264e-04  -1.329210857788e-01  -8.874587599054e-03   1.289775585214e-01   3.285651374092e-01   5.620883803817e-01   6.087415351744e-01   6.748417485874e-02  -7.282009648299e-02   8.888908541403e-02
   4.891787481806e-02   5.829938755786e-02   6.564069217194e-05  -1.301389598046e-02   7.953127615067e-03   3.144153093002e-01   2.674796811352e-04  -5.303040891252e-02   3.240825116428e-02   6.306056499522e-01   8.421580509778e-04  -1.669659004482e-01   1.020371697778e-01   9.136362114977e-01   1.522877150360e-03  -3.019249823553e-01   1.845141469130e-01  -3.027810910194e-05  -3.668542449245e-03  -4.385541054431e-04   1.850373370067e-05  -3.001386218551e-03   1.837659445759e-01   4.631805400595e-01   8.208664008791e-01   1.000000000000e+00   0.000000000000e+00   0.000000000000e+00   0.000000000000e+00   1.241440497769e-01   3.220094765619e-01   6.087516661660e-01   8.172172056756e-01  -2.418276868890e-02  -2.667911546263e-02   3.302681818375e-02   1.241110113006e-01   3.219300460169e-01   6.086281795996e-01   8.171052715791e-01  -5.058139434552e-05  -4.875576509615e-02  -3.255219484325e-03   1.241413391804e-01   3.220029598501e-01   6.087415351744e-01   8.172080227408e-01   2.474366962179e-02  -2.670013248252e-02   3.259196940723e-02
  -3.848749108047e-04  -4.631606792639e-04   9.474830068255e-02   1.479828964333e-03  -9.043616622945e-04  -1.678720286849e-03   2.734985697623e-01   2.484182500710e-03  -1.518148022462e-03  -9.433469772658e-04   2.800786402589e-01   1.055050652906e-03  -6.447686761536e-04  -2.187371588192e-04   1.184016636909e-01   1.513905864986e-04  -9.251869355272e-05  -3.556279116813e-01   2.291293390885e-03  -7.617649680098e-04   2.173333926542e-01   3.668446172225e-03   0.000000000000e+00   0.000000000000e+00   0.000000000000e+00   0.000000000000e+00   1.000000000000e+00   0.000000000000e+00   0.000000000000e+00   8.863975490641e-03   5.997233754484e-02   6.595671863096e-02   2.418276868890e-02  -1.581591801279e-02  -3.390604956093e-02   4.197324067008e-02   1.848030516153e-05   1.252560033176e-04   1.378982330264e-04   5.058139434552e-05   1.487492122949e-02  -1.293016940713e-04  -8.632935880854e-06  -9.067163396528e-03  -6.135596502677e-02  -6.748417485874e-02  -2.474366962179e-02  -1.725547134857e-02   3.471316606109e-02  -4.237321470340e-02
   7.630513769690e-02   9.182604117564e-02   1.479828964333e-03  -1.986345023458e-01   1.792983622260e-01   3.328223769503e-01   2.484182500710e-03  -2.190018764771e-01   3.009873874503e-01   1.870275743506e-01   1.055050652906e-03   7.091006379041e-02   1.278315661410e-01   4.336673696976e-02   1.513905864986e-04   8.838779337920e-02   1.834271721250e-02  -1.955454717259e-03  -2.369259128333e-01   1.510272016826e-01   2.291293390885e-03  -1.601094737594e-02  -4.005334057228e-17  -3.388235282423e-16   0.000000000000e+00   0.000000000000e+00   0.000000000000e+00   1.000000000000e+00   0.000000000000e+00   9.778988858347e-03   6.616318166485e-02   7.276532040350e-02   2.667911546263e-02  -3.390604956093e-02  -2.248854891695e-02   4.630606811749e-02   1.781329734024e-02   1.207351508129e-01   1.329210857788e-01   4.875576509615e-02  -1.293016940713e-04  -1.097597654787e-01  -8.321348182334e-03   9.784097008586e-03   6.620733382914e-02   7.282009648299e-02   2.670013248252e-02   3.471316606109e-02  -2.254383569199e-02   4.572363208789e-02
  -4.663203845336e-02  -5.611726303583e-02  -9.043616622945e-04   1.792983622260e-01  -1.481809058874e-02  -2.033963419572e-01  -1.518148022462e-03   3.009873874503e-01   8.956994123686e-02  -1.142973763261e-01  -6.447686761536e-04   1.278315661410e-01   2.019627934729e-01  -2.650253190032e-02  -9.251869355272e-05   1.834271721250e-02   1.071927195258e-01   2.291293390885e-03  -7.803017766619e-02   2.841558759188e-01   3.935758269469e-04   2.271296527437e-01   0.000000000000e+00   3.388235282423e-16   0.000000000000e+00   0.000000000000e+00   0.000000000000e+00   0.000000000000e+00   1.000000000000e+00  -1.210568197052e-02  -8.190524061279e-02  -9.007821156645e-02  -3.302681818375e-02   4.197324067008e-02   4.630606811749e-02  -4.240600267388e-02   1.189319713631e-03   8.060983446656e-03   8.874587599054e-03   3.255219484325e-03  -8.632935880854e-06  -8.321348182334e-03   1.431947359318e-02  -1.194312389985e-02  -8.081710456328e-02  -8.888908541403e-02  -3.259196940723e-02  -4.237321470340e-02   4.572363208789e-02  -4.089925311884e-02
   1.208258786432e-02   1.097719236605e-02   8.819294555643e-02   4.149776905784e-03  -6.319887179436e-02   1.894232828051e-01   3.159870775401e-01   1.486826263290e-02  -2.264356482952e-01   2.675641002040e-01   3.044368371416e-01   1.432478468736e-02  -2.181587713008e-01   1.765419372062e-01   1.188943759808e-01   5.594383230541e-03  -8.519944965299e-02   2.222543582580e-02  -1.592669867716e-02   3.383062235344e-03  -3.384814415856e-01   2.356496426090e-01   1.100381428352e-03   3.912117900956e-02   1.289851946709e-01   1.241440497769e-01   8.863975490641e-03   9.778988858347e-03  -1.210568197052e-02   1.000000000000e+00   7.063772200372e-01   3.736639626622e-01   1.837659445759e-01   4.005334057228e-17  -9.628828231113e-20   3.179359124226e-16   1.102188401434e-03   3.914958066770e-02   1.290197284673e-01   1.241563069394e-01   8.856904103912e-03  -8.107171224399e-03  -1.331641588300e-02   1.080479298189e-03   3.880662115366e-02   1.286016554472e-01   1.240077797545e-01   1.767699423089e-02  -7.800179991151e-06  -1.568555051100e-04
   7.486927021751e-02   8.974300188351e-02   1.433971388094e-01   6.747321242447e-03  -1.027580758769e-01   4.282238363347e-01   3.994933011835e-01   1.879751339302e-02  -2.862760254226e-01   5.815909109867e-01   5.111294404982e-01   2.405037199590e-02  -3.662742385637e-01   4.417467905699e-01   2.715808083678e-01   1.277879721001e-02  -1.946142129799e-01   1.438190055240e-02  -1.030603846414e-02   2.189152330360e-03  -2.190286152260e-01   1.524869861620e-01   3.912117900956e-02   1.609003495056e-01   3.285811595771e-01   3.220094765619e-01   5.997233754484e-02   6.616318166485e-02  -8.190524061279e-02   7.063772200372e-01   1.000000000000e+00   7.889632276872e-01   4.631805400595e-01   3.388235282423e-16   0.000000000000e+00  -3.388235282423e-16   3.914958066770e-02   1.609743618372e-01   3.286536162920e-01   3.220389446309e-01   5.988525070936e-02  -5.481599164006e-02  -9.003788393185e-02   3.880662115366e-02   1.600793099123e-01   3.277762102259e-01   3.216818485123e-01   1.204746084031e-01  -5.316082687096e-05  -1.069022555937e-03
   7.949266929088e-02   9.550639143807e-02   5.409815060439e-02   2.545501282527e-03  -3.876661634089e-02   4.641933766594e-01   1.885127794153e-01   8.870164994797e-03  -1.350878452091e-01   7.587115300241e-01   3.991349681188e-01   1.878065260821e-02  -2.860192447325e-01   7.698357289020e-01   3.764288831743e-01   1.771225437830e-02  -2.697481139487e-01   2.604133288745e-03  -1.866116216127e-03   3.963902014794e-04  -3.965955028123e-02   2.761084568189e-02   1.289851946709e-01   3.285811595771e-01   5.621064063790e-01   6.087516661660e-01   6.595671863096e-02   7.276532040350e-02  -9.007821156645e-02   3.736639626622e-01   7.889632276872e-01   1.000000000000e+00   8.208664008791e-01   0.000000000000e+00   0.000000000000e+00   0.000000000000e+00   1.290197284673e-01   3.286536162920e-01   5.621879212126e-01   6.087974772748e-01   6.583551611508e-02  -6.026256980200e-02  -9.898414865677e-02   1.286016554472e-01   3.277762102259e-01   5.612004125730e-01   6.082422848657e-01   1.330665919946e-01  -5.871718657650e-05  -1.180756594020e-03
   4.891550961388e-02   5.829655492448e-02   1.238969653914e-02   5.829772012197e-04  -8.878429427752e-03   3.144009898755e-01   5.048696903350e-02   2.375582954129e-03  -3.617885152948e-02   6.305809093888e-01   1.589588994638e-01   7.479554807948e-03  -1.139095995082e-01   9.136116721916e-01   2.874494533756e-01   1.352547072413e-02  -2.059856492674e-01   2.560247426899e-04  -1.834667703563e-04   3.897100804218e-05  -3.899119219370e-03   2.714553702650e-03   1.241440497769e-01   3.220094765619e-01   6.087516661660e-01   8.172172056756e-01   2.418276868890e-02   2.667911546263e-02  -3.302681818375e-02   1.837659445759e-01   4.631805400595e-01   8.208664008791e-01   1.000000000000e+00   0.000000000000e+00   0.000000000000e+00   0.000000000000e+00   1.241563069394e-01   3.220389446309e-01   6.087974772748e-01   8.172587291678e-01   2.413451415488e-02  -2.209153857553e-02  -3.628640706166e-02   1.240077797545e-01   3.216818485123e-01   6.082422848657e-01   8.167554306857e-01   4.887422184736e-02  -2.156632074194e-05  -4.336818044172e-04
  -7.258858686991e-02  -8.734833066536e-02  -1.710718743406e-01  -1.250502872115e-02   1.904448660436e-01  -3.167474156443e-01  -1.728626725262e-01  -2.099825683971e-02   3.197921652289e-01  -1.780359759315e-01   9.046138907938e-02  -8.920200618069e-03   1.358498608577e-01  -4.128634315396e-02   9.119025991443e-02  -1.280111286195e-03   1.949540683645e-02  -1.424632772132e-02   2.162078800896e-02  -1.999954578865e-01   2.169639138781e-01   1.854898250056e-02  -8.863975490641e-03  -5.997233754484e-02  -6.595671863096e-02  -2.418276868890e-02  -1.581591801279e-02  -3.390604956093e-02   4.197324067008e-02   4.005334057228e-17   3.388235282423e-16   0.000000000000e+00   0.000000000000e+00   1.000000000000e+00   0.000000000000e+00   0.000000000000e+00  -8.856904103912e-03  -5.988525070936e-02  -6.583551611508e-02  -2.413451415488e-02  -1.570406726704e-02   2.804398721291e-02   4.606358819964e-02  -1.767699423089e-02  -1.204746084031e-01  -1.330665919946e-01  -4.887422184736e-02  -1.095889128296e-01   5.486287915105e-05   1.103249493061e-03
  -3.415538958538e-03  -4.110034913416e-03  -1.250502872115e-02   9.410227765823e-02   8.961076217002e-03  -1.490403911690e-02  -2.099825683971e-02   2.724137898543e-01   1.504730490115e-02  -8.377195893141e-03  -8.920200618069e-03   2.796178226471e-01   6.392196242960e-03  -1.942662332725e-03  -1.280111286195e-03   1.183355334160e-01   9.173249464381e-04   3.370280620527e-01  -2.415135717533e-01  -9.410463922742e-03   2.162078800896e-02  -3.097743244182e-02  -9.778988858347e-03  -6.616318166485e-02  -7.276532040350e-02  -2.667911546263e-02  -3.390604956093e-02  -2.248854891695e-02   4.630606811749e-02  -9.628828231113e-20   0.000000000000e+00   0.000000000000e+00   0.000000000000e+00   0.000000000000e+00   1.000000000000e+00   0.000000000000e+00   8.107171224399e-03   5.481599164006e-02   6.026256980200e-02   2.209153857553e-02   2.804398721291e-02  -1.073671200042e-02  -4.216432653705e-02   7.800179991151e-06   5.316082687097e-05   5.871718657650e-05   2.156632074194e-05   5.486287915105e-05   1.474291162948e-02  -4.868217135008e-07
   5.201682250640e-02   6.259362261169e-02   1.904448660436e-01   8.961076217002e-03  -4.178169262969e-02   2.269805049168e-01   3.197921652289e-01   1.504730490115e-02   4.423946317899e-02   1.275801907589e-01   1.358498608577e-01   6.392196242960e-03   1.826878352975e-01   2.958570315781e-02   1.949540683645e-02   9.173249464381e-04   1.044254011119e-01   2.162078800896e-02   4.317030835202e-04  -2.767595390748e-01   9.174750210878e-03   2.292387428157e-01   1.210568197052e-02   8.190524061279e-02   9.007821156645e-02   3.302681818375e-02   4.197324067008e-02   4.630606811749e-02  -4.240600267388e-02   3.179359124226e-16  -3.388235282423e-16   0.000000000000e+00   0.000000000000e+00   0.000000000000e+00   0.000000000000e+00   1.000000000000e+00   1.331641588300e-02   9.003788393185e-02   9.898414865677e-02   3.628640706166e-02   4.606358819964e-02  -4.216432653705e-02  -5.432355530939e-02   1.568555051100e-04   1.069022555937e-03   1.180756594020e-03   4.336818044172e-04   1.103249493062e-03  -4.868217135008e-07   1.473314623533e-02
   1.209647063253e-02   1.099206195572e-02   6.513950577586e-04   8.436352491814e-02   6.848794470724e-02   1.895179538727e-01   2.332791537664e-03   3.021246702328e-01   2.452706632360e-01   2.676141447249e-01   2.246812885186e-03   2.909893966313e-01   2.362308322965e-01   1.765526566422e-01   8.773565321888e-04   1.136282641138e-01   9.224562721100e-02   3.332807856083e-03   3.504127908994e-01   3.962909149465e-02   2.705638015822e-03  -2.158065620439e-01   1.095524722461e-03   3.904471282799e-02   1.288921398824e-01   1.241110113006e-01   1.848030516153e-05   1.781329734024e-02   1.189319713631e-03   1.102188401434e-03   3.914958066770e-02   1.290197284673e-01   1.241563069394e-01  -8.856904103912e-03   8.107171224399e-03   1.331641588300e-02   1.000000000000e+00   7.063772200372e-01   3.736639626622e-01   1.837659445759e-01   3.129167232209e-19   4.005334057228e-17   4.005334057228e-17   1.101734815987e-03   3.914245374558e-02   1.290110642785e-01   1.241532319329e-01   9.097138011209e-03   8.096614101778e-03   1.315279787233e-02
   7.490100124210e-02   8.978244132122e-02   1.058514494078e-03   1.370904074782e-01   1.112926499499e-01   4.283435128789e-01   2.948623272475e-03   3.818823154380e-01   3.100194655186e-01   5.816749306550e-01   3.772090153919e-03   4.885312191171e-01   3.965991126511e-01   4.417712760458e-01   2.004063968641e-03   2.595504809904e-01   2.107081112134e-01   2.155986841143e-03   2.266813446112e-01   2.563598127417e-02   1.750271906124e-03  -1.396048401500e-01   3.904471282799e-02   1.607009866112e-01   3.283859006071e-01   3.219300460169e-01   1.252560033176e-04   1.207351508129e-01   8.060983446656e-03   3.914958066770e-02   1.609743618372e-01   3.286536162920e-01   3.220389446309e-01  -5.988525070936e-02   5.481599164006e-02   9.003788393185e-02   7.063772200372e-01   1.000000000000e+00   7.889632276872e-01   4.631805400595e-01   2.647058814393e-18   0.000000000000e+00   3.388235282423e-16   3.914245374558e-02   1.609557915373e-01   3.286354379391e-01   3.220315518712e-01   6.151968235935e-02   5.475360790546e-02   8.894620992287e-02
