ARMA_MAT_TXT_FN008
50 50
  -1.875116607217e+01  -1.935037676408e+01   1.067380436014e-04  -6.662130449941e-05  -8.652870697436e-07  -6.747542621747e+00   4.924964987319e-05  -3.073742436189e-05  -3.987173039230e-07  -3.044641892836e+00   1.566549874871e-05  -9.775434730081e-06  -1.264117092273e-07  -1.283016481531e+00   3.938278421587e-06  -2.457274536644e-06  -3.171576808260e-08  -6.761634737266e-06   5.321853944676e-08   2.878642553978e-05   2.514135762142e-07  -3.600593469475e-05  -2.020350024753e-01  -1.466490516905e+00  -1.561171231969e+00  -9.559756550447e-01   7.630499361666e-01   1.553169112645e+00  -1.565643384829e-04  -2.021253458029e-01  -1.466723079023e+00  -1.561253443166e+00  -9.559935990050e-01  -9.924351125910e-01  -1.574927492134e-01  -1.409427558536e+00  -2.014630597346e-01  -1.465016369367e+00  -1.560650635688e+00  -9.558620874763e-01   1.211052309515e+00  -1.231887499669e+00  -1.807724351713e-03  -2.021498913086e-01  -1.466786261157e+00  -1.561275719207e+00  -9.559984550156e-01  -9.895133436639e-01  -1.587032795283e-01   1.411502822551e+00
  -1.935037676408e+01  -1.699381308280e+01   1.482739595238e-04  -9.254635575080e-05  -1.202033414326e-06  -7.089514004634e+00   4.607504508229e-05  -2.875823798406e-05  -3.735578002313e-07  -3.236568103451e+00   1.203509827079e-05  -7.511955790777e-06  -9.760581553065e-08  -1.364702371763e+00   2.816197955816e-06  -1.757808627923e-06  -2.284478749175e-08  -3.391170856695e-06   2.669111336911e-08   1.437447933973e-05   1.260941564921e-07  -1.799294273534e-05  -2.159618618487e-01  -1.563540807180e+00  -1.660649717997e+00  -1.016783495881e+00   8.320466946858e-01   1.693609414855e+00  -1.707210192525e-04  -2.160622347046e-01  -1.563786849582e+00  -1.660736598305e+00  -1.016802443314e+00  -1.082170468077e+00  -1.717316344373e-01  -1.536859582709e+00  -2.153242474256e-01  -1.561978358553e+00  -1.660097919060e+00  -1.016663145912e+00   1.320604924019e+00  -1.343321858750e+00  -1.971247470430e-03  -2.160896741501e-01  -1.563853914619e+00  -1.660760267341e+00  -1.016807604689e+00  -1.078982978002e+00  -1.730513676950e-01   1.539120281961e+00
   1.067380436014e-04   1.482739595238e-04  -6.378977512905e+00  -4.849857529067e-05   1.803315869443e-06   3.947347329236e-04  -4.291721598994e+00  -5.230271713550e-05   1.944646178996e-06   2.504571065088e-04  -1.616768737482e+00  -2.159628546307e-05   8.029000767278e-07   1.185051833704e-04  -4.346442507429e-01  -5.901207153485e-06   2.193856297622e-07   1.183312607351e-02  -3.772553923982e-05   3.325991422791e-02   8.787943101753e-05   1.661049346455e-02  -3.867325032502e-01  -5.717733545158e-01  -2.198670224201e-01  -5.109511989593e-02  -1.540424251931e-01   1.110820914853e+00  -1.119004544326e-04   5.030294412816e-01   7.437602024963e-01   2.861908245926e-01   6.663841248464e-02   2.229310000986e-01   1.464615591207e-01   1.310723748512e+00  -6.137873685766e-01  -9.086288989368e-01  -3.496522351964e-01  -8.130675440244e-02   6.796528151185e-01  -1.402023188878e+00  -2.057307299439e-03   5.015482128632e-01   7.415318067225e-01   2.853269154616e-01   6.643685942910e-02   2.173535448354e-01   1.471361488822e-01  -1.308640919529e+00
  -6.662130449941e-05  -9.254635575080e-05  -4.849857529067e-05  -6.378462345734e+00   3.817194285292e-07  -2.463120057627e-04  -5.230271713550e-05  -4.291157740770e+00   4.116438571348e-07  -1.561925184916e-04  -2.159628546307e-05  -1.616529829730e+00   1.699631828071e-07  -7.387787841183e-05  -5.901207153485e-06  -4.345780830306e-01   4.644162776281e-08  -3.543566845323e-02   2.368844307915e-05   5.439047103976e-03  -3.772553923982e-05   1.520878957717e-02  -7.871952764468e-01  -1.163993699442e+00  -4.478282590242e-01  -1.042229799792e-01   1.110872983114e+00   1.561383641762e+00  -2.279900765908e-04   7.981336167503e-02   1.179375568013e-01   4.530642204319e-02   1.050430530254e-02   1.463954351067e-01  -6.766755835269e-01   2.079285915655e-01   6.243310567242e-01   9.242130681971e-01   3.556727764472e-01   8.272832835529e-02  -1.401943022374e+00   7.274604434241e-01   2.092747240372e-03   8.042684139854e-02   1.188382832004e-01   4.565180675155e-02   1.058456502523e-02   1.470700092665e-01  -6.763672048361e-01  -2.098117831391e-01
  -8.652870697436e-07  -1.202033414326e-06   1.803315869443e-06   3.817194285292e-07  -6.378363429810e+00  -3.183616846978e-06   1.944646178996e-06   4.116438571348e-07  -4.291048293138e+00  -1.996921714170e-06   8.029000767278e-07   1.699631828071e-07  -1.616482600641e+00  -9.384118700846e-07   2.193856297622e-07   4.644162776281e-08  -4.345648810791e-01  -3.772553923982e-05   6.045042425187e-03  -1.018513800797e-04   3.878268630944e-02   3.209549396919e-05   7.930107276489e-05   1.167342430113e-04   4.419165236742e-05   9.828639332847e-06  -1.116802920898e-04  -2.275312580235e-04  -6.997233034066e-01   7.143331290120e-01   1.055980200183e+00   4.061760203228e-01   9.449270039003e-02   1.310478753764e+00   2.079836200264e-01   1.161231473410e+00   9.161238123826e-04   1.355691900968e-03   5.210880078901e-04   1.208029566469e-04  -2.056863989366e-03   2.092415966738e-03  -6.985770261051e-01  -7.153845471315e-01  -1.057480539205e+00  -4.067449523681e-01  -9.462515098916e-02  -1.308396583089e+00  -2.098669408852e-01   1.166457933001e+00
  -6.747542621747e+00  -7.089514004634e+00   3.947347329236e-04  -2.463120057627e-04  -3.183616846978e-06  -7.873666940106e+00   5.824460105268e-04  -3.610949399604e-04  -4.105082852393e-06  -5.378118925195e+00   3.214266138002e-04  -1.971445338030e-04  -1.729842102347e-06  -2.738208957594e+00   1.002109069322e-04  -6.112866435444e-05  -4.551169430369e-07  -1.363646872391e-04   1.073051299231e-06   6.957177780331e-04   5.068526347080e-06  -8.456345292189e-04  -1.205744709163e+00  -2.915814738119e+00  -3.135776155305e+00  -2.090514329279e+00   1.236662029513e+00   2.517181655054e+00  -2.538433106843e-04  -1.206018197759e+00  -2.916203532731e+00  -3.135955703997e+00  -2.090561330997e+00  -1.608070119266e+00  -2.552629735390e-01  -2.284055487453e+00  -1.204104809493e+00  -2.913549401740e+00  -3.134755391876e+00  -2.090249132430e+00   1.964299187440e+00  -1.998204698444e+00  -2.932347983617e-03  -1.206085273439e+00  -2.916293633368e+00  -3.135995258363e+00  -2.090571517408e+00  -1.603274260019e+00  -2.572148105888e-01   2.287330757959e+00
   4.924964987319e-05   4.607504508229e-05  -4.291721598994e+00  -5.230271713550e-05   1.944646178996e-06   5.824460105268e-04  -5.147015069446e+00  -1.237686091027e-04   4.599904789362e-06   5.857361049586e-04  -3.166252263817e+00  -6.877943193732e-05   2.555578533098e-06   3.329326707107e-04  -1.095724483294e+00  -2.055106254207e-05   7.635509596364e-07   4.817060407257e-02  -1.525848343353e-04   1.348825769319e-01   3.601898873551e-04   6.689327392911e-02  -9.002868835025e-01  -1.079121920614e+00  -4.983354768786e-01  -1.329004890893e-01  -6.331641035729e-01   1.343468144428e+00  -1.352334939327e-04   1.170868524253e+00   1.403711866545e+00   6.487445689908e-01   1.733808770341e-01  -1.774107218663e-01   1.771361744897e-01   1.585225179739e+00  -1.430051681887e+00  -1.715178258114e+00  -7.925274512821e-01  -2.114932006654e-01   3.759612375365e-01  -1.696493342560e+00  -2.489253325029e-03   1.167377074417e+00   1.399493972670e+00   6.467855885512e-01   1.728565647445e-01  -1.841796035318e-01   1.779481164487e-01  -1.582671682371e+00
  -3.073742436189e-05  -2.875823798406e-05  -5.230271713550e-05  -4.291157740770e+00   4.116438571348e-07  -3.610949399604e-04  -1.237686091027e-04  -5.145377088920e+00   9.738920478432e-07  -3.592567210861e-04  -6.877943193732e-05  -3.165061450845e+00   5.411822691977e-07  -2.030889660970e-04  -2.055106254207e-05  -1.095318368653e+00   1.617109046917e-07  -1.438663622811e-01   9.903772698604e-05   2.186829465646e-02  -1.525848343353e-04   6.135283638830e-02  -1.832522698267e+00  -2.196689870845e+00  -1.014937245705e+00  -2.710904074486e-01   1.343496845504e+00   1.441480778120e+00  -2.757299546450e-04   1.857765721384e-01   2.225627096739e-01   1.026606981509e-01   2.731112286501e-02   1.770042460842e-01  -1.265194698913e+00   2.514587989776e-01   1.454608741084e+00   1.744467671169e+00   8.060564747953e-01   2.151609081646e-01  -1.696258185892e+00   4.338399917782e-01   2.532179094014e-03   1.871975165390e-01   2.242605601284e-01   1.034433271694e-01   2.751987988782e-02   1.778161149763e-01  -1.264822183710e+00  -2.537305923968e-01
  -3.987173039230e-07  -3.735578002313e-07   1.944646178996e-06   4.116438571348e-07  -4.291048293138e+00  -4.105082852393e-06   4.599904789362e-06   9.738920478432e-07  -5.145016449841e+00  -3.152293343886e-06   2.555578533098e-06   5.411822691977e-07  -3.164767141182e+00  -1.512043987737e-06   7.635509596364e-07   1.617109046917e-07  -1.095213595441e+00  -1.525848343353e-04   2.469476510415e-02  -4.077148253715e-04   1.566503879499e-01   1.305760801845e-04   1.846651025725e-04   2.207922204935e-04   1.009851016453e-04   2.629038500129e-05  -1.350568237947e-04  -2.753644575279e-04  -1.293042250384e+00   1.662695774984e+00   1.992749947091e+00   9.204722610072e-01   2.457572350568e-01   1.584657097648e+00   2.515560095860e-01   9.574034600591e-01   2.134500867846e-03   2.559329454518e-03   1.181733745848e-03   3.149083871272e-04  -2.488643105535e-03   2.531909388522e-03  -1.291566329784e+00  -1.665080643101e+00  -1.995562809573e+00  -9.217588129570e-01  -2.461002920754e-01  -1.582104378922e+00  -2.538279008753e-01   9.636748130106e-01
  -3.044641892836e+00  -3.236568103451e+00   2.504571065088e-04  -1.561925184916e-04  -1.996921714170e-06  -5.378118925195e+00   5.857361049586e-04  -3.592567210861e-04  -3.152293343886e-06  -5.155742016287e+00   4.918241308163e-04  -2.943072894181e-04  -8.008651963680e-07  -3.401246206067e+00   2.017437091810e-04  -1.192572197040e-04   3.932812095847e-08  -1.324633603039e-04   1.042265164033e-06   8.462623482823e-04   4.922338314705e-06  -9.982904940756e-04  -1.425552712956e+00  -2.951785166465e+00  -3.528602355566e+00  -2.709082988159e+00   7.637772271105e-01   1.554650222491e+00  -1.567333950374e-04  -1.425741206625e+00  -2.952089870621e+00  -3.528797675216e+00  -2.709148551279e+00  -9.929928228740e-01  -1.576817105853e-01  -1.410676515217e+00  -1.424492833868e+00  -2.950153294784e+00  -3.527597556291e+00  -2.708746610058e+00   1.213547566863e+00  -1.234590405820e+00  -1.811709244639e-03  -1.425781943554e+00  -2.952149312750e+00  -3.528832424612e+00  -2.709160118876e+00  -9.900158210939e-01  -1.588846999441e-01   1.412677560267e+00
   1.566549874871e-05   1.203509827079e-05  -1.616768737482e+00  -2.159628546307e-05   8.029000767278e-07   3.214266138002e-04  -3.166252263817e+00  -6.877943193732e-05   2.555578533098e-06   4.918241308163e-04  -3.555011564048e+00  -4.186070519288e-05   1.555325871094e-06   3.678080765288e-04  -1.990666926692e+00  -1.281634150673e-05   4.763266213681e-07   3.697389228480e-02  -1.168394434086e-04   1.034113144259e-01   2.774958943897e-04   5.121413081439e-02  -7.825071088656e-01  -1.076410226689e+00  -7.125569085599e-01  -2.591132560383e-01  -8.029739987242e-01   6.575463917948e-01  -6.612139725830e-05   1.017583254947e+00   1.400023950427e+00   9.272599042567e-01   3.375726385109e-01  -5.800279956886e-01   8.670273861789e-02   7.758705293369e-01  -1.243730958851e+00  -1.711294578288e+00  -1.133224387006e+00  -4.122423635463e-01  -3.087364371429e-01  -8.306725867922e-01  -1.218729913087e-03   1.014521689141e+00   1.395800126605e+00   9.244553870366e-01   3.365505005008e-01  -5.833493096914e-01   8.709862528983e-02  -7.746078345465e-01
  -9.775434730081e-06  -7.511955790777e-06  -2.159628546307e-05  -1.616529829730e+00   1.699631828071e-07  -1.971445338030e-04  -6.877943193732e-05  -3.165061450845e+00   5.411822691977e-07  -2.943072894181e-04  -4.186070519288e-05  -3.553646823613e+00   3.295601776650e-07  -2.174232285585e-04  -1.281634150673e-05  -1.990046970732e+00   1.009841348277e-07  -1.103330644907e-01   7.655238547473e-05   1.672543808552e-02  -1.168394434086e-04   4.698716914389e-02  -1.592780164012e+00  -2.191073029595e+00  -1.450864899901e+00  -5.280362108789e-01   6.575500498029e-01   2.124266906922e-01  -1.348913835548e-04   1.614593223126e-01   2.220174161750e-01   1.468608378768e-01   5.333717633810e-02   8.660839617763e-02  -1.112285749651e+00   1.230735727823e-01   1.265092738911e+00   1.740521415979e+00   1.152545418024e+00   4.193415896763e-01  -8.304875289191e-01  -2.803437197088e-01   1.239778221017e-03   1.626898931373e-01   2.237081791267e-01   1.479790298700e-01   5.374378352884e-02   8.700422160019e-02  -1.112103349641e+00  -1.241833197581e-01
  -1.264117092273e-07  -9.760581553065e-08   8.029000767278e-07   1.699631828071e-07  -1.616482600641e+00  -1.729842102347e-06   2.555578533098e-06   5.411822691977e-07  -3.164767141182e+00  -8.008651963680e-07   1.555325871094e-06   3.295601776650e-07  -3.553253530860e+00   7.170087524915e-08   4.763266213681e-07   1.009841348277e-07  -1.989858920967e+00  -1.168394434086e-04   1.895603168388e-02  -3.110520307232e-04   1.199947169868e-01   1.004717544575e-04   1.605288453677e-04   2.207231555254e-04   1.462064222537e-04   5.338130051207e-05  -6.609138042317e-05  -1.348295343535e-04  -1.125897512444e+00   1.445037217282e+00   1.987613347841e+00   1.315914751470e+00   4.788170463081e-01   7.754458518014e-01   1.231401621706e-01  -2.452433177488e-02   1.856425489021e-03   2.553997431586e-03   1.691416648153e-03   6.157306155281e-04  -1.218413925059e-03   1.239733027299e-03  -1.125118079928e+00  -1.447071061391e+00  -1.990393906374e+00  -1.317744547842e+00  -4.794801194376e-01  -7.741834999666e-01  -1.242499264730e-01  -2.147316718696e-02
  -1.283016481531e+00  -1.364702371763e+00   1.185051833704e-04  -7.387787841183e-05  -9.384118700846e-07  -2.738208957594e+00   3.329326707107e-04  -2.030889660970e-04  -1.512043987737e-06  -3.401246206067e+00   3.678080765288e-04  -2.174232285585e-04   7.170087524915e-08  -3.126524810494e+00   2.130359390274e-04  -1.239848032745e-04   5.298975361745e-07  -7.131842487469e-05   5.611561814865e-07   5.067862203100e-04   2.649993315652e-06  -5.905603532317e-04  -9.115706410758e-01  -1.962556346890e+00  -2.780300165562e+00  -2.685304900937e+00   3.046883660489e-01   6.201881774323e-01  -6.250222212371e-05  -9.116511677308e-01  -1.962710069727e+00  -2.780431017822e+00  -2.685365195612e+00  -3.960651298855e-01  -6.291924495685e-02  -5.627841364835e-01  -9.111487041775e-01  -1.961799006915e+00  -2.779685181520e+00  -2.685017946462e+00   4.841341306531e-01  -4.925734738811e-01  -7.228088519194e-04  -9.116661716081e-01  -1.962734923382e+00  -2.780449735059e+00  -2.685374069415e+00  -3.948760128178e-01  -6.339889362530e-02   5.635801678561e-01
   3.938278421587e-06   2.816197955816e-06  -4.346442507429e-01  -5.901207153485e-06   2.193856297622e-07   1.002109069322e-04  -1.095724483294e+00  -2.055106254207e-05   7.635509596364e-07   2.017437091810e-04  -1.990666926692e+00  -1.281634150673e-05   4.763266213681e-07   2.130359390274e-04  -2.107086294899e+00  -3.944339031706e-06   1.467909445316e-07   1.258287067664e-02  -3.973411283202e-05   3.518162215307e-02   9.456600043259e-05   1.741912314811e-02  -3.069097121975e-01  -5.202357549817e-01  -5.233999109355e-01  -3.113569943640e-01  -3.915066077675e-01   1.579243116631e-01  -1.585756781588e-05   3.990898399069e-01   6.765862245044e-01   6.809077146620e-01   4.052467219867e-01  -3.379887487056e-01   2.082719209678e-02   1.863572816297e-01  -4.879458861001e-01  -8.272194246521e-01  -8.324157064283e-01  -4.952768248670e-01  -2.727698078552e-01  -1.995407818454e-01  -2.927220349231e-04   3.978842865482e-01   6.745396586351e-01   6.788455047803e-01   4.040185727653e-01  -3.387870308141e-01   2.092214108127e-02  -1.860529122611e-01
  -2.457274536644e-06  -1.757808627923e-06  -5.901207153485e-06  -4.345780830306e-01   4.644162776281e-08  -6.112866435444e-05  -2.055106254207e-05  -1.095318368653e+00   1.617109046917e-07  -1.192572197040e-04  -1.281634150673e-05  -1.990046970732e+00   1.009841348277e-07  -1.239848032745e-04  -3.944339031706e-06  -2.106686658540e+00   3.117437890948e-08  -3.753942880264e-02   2.610707741818e-05   5.686629293246e-03  -3.973411283202e-05   1.598222815329e-02  -6.247093729045e-01  -1.058947004562e+00  -1.065578991415e+00  -6.341330630429e-01   1.579242345633e-01  -1.476358650148e-01  -3.237938722087e-05   6.332418176299e-02   1.073083903331e-01   1.079151274241e-01   6.416467356036e-02   2.079359898741e-02  -4.657856863213e-01   2.955942902632e-02   4.963278606083e-01   8.413635030385e-01   8.466403035092e-01   5.037951763548e-01  -1.994735001593e-01  -2.659329265185e-01   2.977897497998e-04   6.380603303889e-02   1.081246750719e-01   1.087359996661e-01   6.465296053370e-02   2.088852550820e-02  -4.657417994031e-01  -2.982577295874e-02
  -3.171576808260e-08  -2.284478749175e-08   2.193856297622e-07   4.644162776281e-08  -4.345648810791e-01  -4.551169430369e-07   7.635509596364e-07   1.617109046917e-07  -1.095213595441e+00   3.932812095847e-08   4.763266213681e-07   1.009841348277e-07  -1.989858920967e+00   5.298975361745e-07   1.467909445316e-07   3.117437890948e-08  -2.106558898836e+00  -3.973411283202e-05   6.450173383059e-03  -1.056549490814e-04   4.081605140728e-02   3.422946150720e-05   6.296388828180e-05   1.067446658864e-04   1.076626064852e-04   6.441118822760e-05  -1.585945985753e-05  -3.238325425651e-05  -4.690489333775e-01   5.667382345589e-01   9.606050970889e-01   9.665253232699e-01   5.751363283426e-01   1.862044769691e-01   2.958288808513e-02  -2.045398803585e-01   7.283248956282e-04   1.234659766625e-03   1.242718348039e-03   7.399084789044e-04  -2.926267701580e-04   2.977932754798e-04  -4.688430884949e-01  -5.675290157104e-01  -9.619412597621e-01  -9.678651175312e-01  -5.759313580592e-01  -1.859002005730e-01  -2.984923176086e-02  -2.038085006978e-01
  -6.761634737266e-06  -3.391170856695e-06   1.183312607351e-02  -3.543566845323e-02  -3.772553923982e-05  -1.363646872391e-04   4.817060407257e-02  -1.438663622811e-01  -1.525848343353e-04  -1.324633603039e-04   3.697389228480e-02  -1.103330644907e-01  -1.168394434086e-04  -7.131842487469e-05   1.258287067664e-02  -3.753942880264e-02  -3.973411283202e-05  -3.813167927573e+00   1.478644257814e-04  -1.901743976368e-02  -8.814906163838e-05   3.186490468672e-02  -1.290702127518e+00  -8.250634294573e-01  -1.737588461142e-01  -2.243437890969e-02  -6.595946026401e-01   8.782516096459e-01  -1.655440336205e-04  -1.701476784615e-01  -1.088248455789e-01  -2.301053809081e-02  -3.018083183981e-03   1.390246597816e-02   8.961050968006e-01  -1.904573090619e-01   1.629271598986e+00   1.042086097713e+00   2.194283891257e-01   2.824021112074e-02  -4.233335052175e-01   4.665096192716e-01   2.339676829901e-03  -1.709298514947e-01  -1.093220228558e-01  -2.311484359998e-02  -3.031508138056e-03   1.481483848645e-02   8.930889149506e-01   1.915843893652e-01
   5.321853944676e-08   2.669111336911e-08  -3.772553923982e-05   2.368844307915e-05   6.045042425187e-03   1.073051299231e-06  -1.525848343353e-04   9.903772698604e-05   2.469476510415e-02   1.042265164033e-06  -1.168394434086e-04   7.655238547473e-05   1.895603168388e-02   5.611561814865e-07  -3.973411283202e-05   2.610707741818e-05   6.450173383059e-03   1.478644257814e-04  -3.684468690890e+00   1.607736785976e-04  -2.218636866259e-02   2.888178601655e-06   2.647445111238e-04   1.690769684956e-04   3.583763624018e-05   4.906711172947e-06  -1.653607928894e-04  -1.775285945189e-04  -1.442560006643e+00  -2.416081377205e-01  -1.543576423274e-01  -3.246864740661e-02  -4.178224025529e-03  -1.903192278035e-01   1.279387771627e+00  -1.231700240770e-01  -2.431859515759e-03  -1.555096934152e-03  -3.270898809057e-04  -4.183008050745e-05   2.339164459093e-03  -7.000787104171e-04   1.146678021770e+00   2.437940615028e-01   1.557516094616e-01   3.276293634405e-02   4.216901701104e-03   1.914463771066e-01  -1.280746709135e+00  -1.248718516511e-01
   2.878642553978e-05   1.437447933973e-05   3.325991422791e-02   5.439047103976e-03  -1.018513800797e-04   6.957177780331e-04   1.348825769319e-01   2.186829465646e-02  -4.077148253715e-04   8.462623482823e-04   1.034113144259e-01   1.672543808552e-02  -3.110520307232e-04   5.067862203100e-04   3.518162215307e-02   5.686629293246e-03  -1.056549490814e-04  -1.901743976368e-02   1.607736785976e-04  -3.786498570202e+00   1.016755269391e-04  -5.758879773037e-02   9.414772036400e-01   6.021115909928e-01   1.272618012224e-01   1.673492691660e-02  -1.566275679680e-01  -3.274717627453e-01   2.711556050640e-04  -9.311215798116e-01  -5.950108463295e-01  -1.249866347185e-01  -1.582657505382e-02  -1.261527566660e+00  -2.001851420746e-01   4.702970267495e-01   9.408150865278e-01   6.020601912552e-01   1.272991106821e-01   1.674120537208e-02  -2.521580428319e-01   2.620240006956e-01   3.281901407305e-03  -9.363857852340e-01  -5.983606896948e-01  -1.256903713907e-01  -1.591729330210e-02  -1.261836873308e+00  -2.023769068936e-01  -4.651567489606e-01
   2.514135762142e-07   1.260941564921e-07   8.787943101753e-05  -3.772553923982e-05   3.878268630944e-02   5.068526347080e-06   3.601898873551e-04  -1.525848343353e-04   1.566503879499e-01   4.922338314705e-06   2.774958943897e-04  -1.168394434086e-04   1.199947169868e-01   2.649993315652e-06   9.456600043259e-05  -3.973411283202e-05   4.081605140728e-02  -8.814906163838e-05  -2.218636866259e-02   1.016755269391e-04  -3.820474449128e+00  -1.981336903148e-04   1.301152681398e-04   8.413806407075e-05   1.985529995303e-05   4.144206486266e-06   7.894235595494e-05  -1.659861837217e-04  -7.037879863198e-01  -1.522762463417e+00  -9.733730014921e-01  -2.049500707495e-01  -2.641849961183e-02   1.098105899206e-01  -1.904613900690e-01  -7.766028681889e-01   2.390870218207e-03   1.530353074229e-03   3.245973649331e-04   4.345533808198e-05  -6.114332070756e-04   2.340115714553e-03  -1.121227836428e+00   1.520328725251e+00   9.717944937004e-01   2.046190009420e-01   2.637889936925e-02  -1.172227013419e-01   1.915884109530e-01  -7.789667092124e-01
  -3.600593469475e-05  -1.799294273534e-05   1.661049346455e-02   1.520878957717e-02   3.209549396919e-05  -8.456345292189e-04   6.689327392911e-02   6.135283638830e-02   1.305760801845e-04  -9.982904940756e-04   5.121413081439e-02   4.698716914389e-02   1.004717544575e-04  -5.905603532317e-04   1.741912314811e-02   1.598222815329e-02   3.422946150720e-05   3.186490468672e-02   2.888178601655e-06  -5.758879773037e-02  -1.981336903148e-04  -3.727970831987e+00   9.965520209563e-01   6.369478304320e-01   1.337451659378e-01   1.690110221176e-02  -1.310939231247e+00   2.161471763292e-01   1.285305874784e-04  -5.226859270957e-01  -3.344863015509e-01  -7.098763535679e-02  -9.533446312109e-03   5.126721531239e-01  -2.096077349497e-01  -5.851929806230e-01   2.773826544100e-02   1.756035677064e-02   3.298577809478e-03   8.032260952185e-05  -1.151053138450e+00  -1.116726704217e+00   4.444197954648e-05  -5.192616890098e-01  -3.322888454718e-01  -7.052399469348e-02  -9.473669641955e-03   5.138613424563e-01  -2.107902327421e-01   5.821656957707e-01
  -2.020350024753e-01  -2.159618618487e-01  -3.867325032502e-01  -7.871952764468e-01   7.930107276489e-05  -1.205744709163e+00  -9.002868835025e-01  -1.832522698267e+00   1.846651025725e-04  -1.425552712956e+00  -7.825071088656e-01  -1.592780164012e+00   1.605288453677e-04  -9.115706410758e-01  -3.069097121975e-01  -6.247093729045e-01   6.296388828180e-05  -1.290702127518e+00   2.647445111238e-04   9.414772036400e-01   1.301152681398e-04   9.965520209563e-01  -3.627519868966e+00  -3.209760861625e+00  -1.835209854040e+00  -9.281817997598e-01   2.816426436627e-01   5.732812025359e-01  -5.775477215398e-05  -1.392227565410e-02  -2.651312051548e-01  -6.999590542010e-01  -6.454499365088e-01  -1.011095932571e-01  -9.215970320375e-02  -8.598927435074e-02  -1.408799054281e-02  -2.665235107466e-01  -7.013906681224e-01  -6.459498645535e-01   3.379875057550e-02  -1.593408821839e-01  -1.031556575107e-04  -1.392337881721e-02  -2.651403693633e-01  -6.999681448660e-01  -6.454530678805e-01  -1.009320576081e-01  -9.223828013770e-02   8.613009608338e-02
  -1.466490516905e+00  -1.563540807180e+00  -5.717733545158e-01  -1.163993699442e+00   1.167342430113e-04  -2.915814738119e+00  -1.079121920614e+00  -2.196689870845e+00   2.207922204935e-04  -2.951785166465e+00  -1.076410226689e+00  -2.191073029595e+00   2.207231555254e-04  -1.962556346890e+00  -5.202357549817e-01  -1.058947004562e+00   1.067446658864e-04  -8.250634294573e-01   1.690769684956e-04   6.021115909928e-01   8.413806407075e-05   6.369478304320e-01  -3.209760861625e+00  -4.186669445034e+00  -3.278194970747e+00  -1.927496539627e+00   5.014610335740e-01   1.020719719103e+00  -1.028304582487e-04  -2.651449446676e-01  -9.789804632420e-01  -1.639323897098e+00  -1.438788120227e+00  -5.116221477259e-01  -3.967125757258e-01  -4.878699210579e-01  -2.664507074005e-01  -9.816872825208e-01  -1.641587077874e+00  -1.439648220076e+00   2.528229648818e-01  -7.725764497545e-01  -5.947990116071e-04  -2.651567134256e-01  -9.790063748541e-01  -1.639342613624e+00  -1.438794716982e+00  -5.106015528286e-01  -3.971416310934e-01   4.886353500830e-01
  -1.561171231969e+00  -1.660649717997e+00  -2.198670224201e-01  -4.478282590242e-01   4.419165236742e-05  -3.135776155305e+00  -4.983354768786e-01  -1.014937245705e+00   1.009851016453e-04  -3.528602355566e+00  -7.125569085599e-01  -1.450864899901e+00   1.462064222537e-04  -2.780300165562e+00  -5.233999109355e-01  -1.065578991415e+00   1.076626064852e-04  -1.737588461142e-01   3.583763624018e-05   1.272618012224e-01   1.985529995303e-05   1.337451659378e-01  -1.835209854040e+00  -3.278194970747e+00  -3.598236989114e+00  -2.686478656292e+00   3.645095373472e-01   7.419559297315e-01  -7.474532860783e-05  -7.000046327197e-01  -1.639392545615e+00  -2.362551769948e+00  -2.165965644987e+00  -5.914106460606e-01  -3.749892717215e-01  -6.273852958388e-01  -7.011620203689e-01  -1.641261915766e+00  -2.364321944939e+00  -2.166846281524e+00   3.907441852742e-01  -8.554862318164e-01  -7.765207093923e-04  -7.000214036207e-01  -1.639421352194e+00  -2.362572607501e+00  -2.165974244619e+00  -5.900890973502e-01  -3.755304937467e-01   6.283359164516e-01
  -9.559756550447e-01  -1.016783495881e+00  -5.109511989593e-02  -1.042229799792e-01   9.828639332847e-06  -2.090514329279e+00  -1.329004890893e-01  -2.710904074486e-01   2.629038500129e-05  -2.709082988159e+00  -2.591132560383e-01  -5.280362108789e-01   5.338130051207e-05  -2.685304900937e+00  -3.113569943640e-01  -6.341330630429e-01   6.441118822760e-05  -2.243437890969e-02   4.906711172947e-06   1.673492691660e-02   4.144206486266e-06   1.690110221176e-02  -9.281817997598e-01  -1.927496539627e+00  -2.686478656292e+00  -2.610722322292e+00   2.000003663515e-01   4.070988463134e-01  -4.101093260019e-05  -6.454926812917e-01  -1.438867472862e+00  -2.166014795221e+00  -2.271723010521e+00  -3.243624280772e-01  -1.508335993359e-01  -3.856996718393e-01  -6.457396969370e-01  -1.439284855949e+00  -2.166640422568e+00  -2.272239849381e+00   2.790855669753e-01  -4.455767008887e-01  -4.848530044639e-04  -6.455026975448e-01  -1.438884756036e+00  -2.166028467369e+00  -2.271730073353e+00  -3.235483132744e-01  -1.511637625024e-01   3.862671924341e-01
   7.630499361666e-01   8.320466946858e-01  -1.540424251931e-01   1.110872983114e+00  -1.116802920898e-04   1.236662029513e+00  -6.331641035729e-01   1.343496845504e+00  -1.350568237947e-04   7.637772271105e-01  -8.029739987242e-01   6.575500498029e-01  -6.609138042317e-05   3.046883660489e-01  -3.915066077675e-01   1.579242345633e-01  -1.585945985753e-05  -6.595946026401e-01  -1.653607928894e-04  -1.566275679680e-01   7.894235595494e-05  -1.310939231247e+00   2.816426436627e-01   5.014610335740e-01   3.645095373472e-01   2.000003663515e-01  -2.761556606005e+00  -2.834365397230e-01   2.878247076668e-05   9.930707754825e-02   4.827904302536e-01   5.344495367352e-01   2.776264064907e-01   2.447879186210e-01   2.987304422235e-01   3.103987880055e-01  -1.812087053266e-02  -3.371972901270e-03   1.015586087314e-01   1.247105606375e-01  -1.068075969545e-01  -6.102559067181e-02  -2.301341811354e-05   9.915357921440e-02   4.821425741046e-01   5.338653485159e-01   2.774189515260e-01   2.436153051072e-01   2.985404944389e-01  -3.104452648329e-01
   1.553169112645e+00   1.693609414855e+00   1.110820914853e+00   1.561383641762e+00  -2.275312580235e-04   2.517181655054e+00   1.343468144428e+00   1.441480778120e+00  -2.753644575279e-04   1.554650222491e+00   6.575463917948e-01   2.124266906922e-01  -1.348295343535e-04   6.201881774323e-01   1.579243116631e-01  -1.476358650148e-01  -3.238325425651e-05   8.782516096459e-01  -1.775285945189e-04  -3.274717627453e-01  -1.659861837217e-04   2.161471763292e-01   5.732812025359e-01   1.020719719103e+00   7.419559297315e-01   4.070988463134e-01  -2.834365397230e-01  -3.199229714601e+00   5.819860038501e-05   1.031696709364e-01   5.724726421766e-01   7.223833223792e-01   4.359759532032e-01   3.850411071886e-01   2.148806599495e-01   3.521251048330e-01   1.618477257984e-01   8.129960878228e-01   9.352748647345e-01   5.109644915495e-01  -2.334512806620e-01   7.804010291231e-01   6.214442909549e-04   1.032402633998e-01   5.727550897076e-01   7.226273395519e-01   4.360609990555e-01   3.845180747517e-01   2.153773511932e-01  -3.528685626056e-01
  -1.565643384829e-04  -1.707210192525e-04  -1.119004544326e-04  -2.279900765908e-04  -6.997233034066e-01  -2.538433106843e-04  -1.352334939327e-04  -2.757299546450e-04  -1.293042250384e+00  -1.567333950374e-04  -6.612139725830e-05  -1.348913835548e-04  -1.125897512444e+00  -6.250222212371e-05  -1.585756781588e-05  -3.237938722087e-05  -4.690489333775e-01  -1.655440336205e-04  -1.442560006643e+00   2.711556050640e-04  -7.037879863198e-01   1.285305874784e-04  -5.775477215398e-05  -1.028304582487e-04  -7.474532860783e-05  -4.101093260019e-05   2.878247076668e-05   5.819860038501e-05  -2.622139707827e+00   7.487595180476e-02   3.103407461270e-01   2.764578676639e-01   9.765850412957e-02   2.450459936058e-01   2.191531147248e-01   1.080828292284e-01   8.753417015971e-05   3.464556028153e-04   2.864240936020e-04   8.286066807958e-05  -9.573076567649e-05   4.380087283796e-04  -1.042492924212e-01  -7.500325816140e-02  -3.108874116639e-01  -2.769826140801e-01  -9.787957966059e-02  -2.450161845997e-01  -2.197059024382e-01   1.087793790565e-01
  -2.021253458029e-01  -2.160622347046e-01   5.030294412816e-01   7.981336167503e-02   7.143331290120e-01  -1.206018197759e+00   1.170868524253e+00   1.857765721384e-01   1.662695774984e+00  -1.425741206625e+00   1.017583254947e+00   1.614593223126e-01   1.445037217282e+00  -9.116511677308e-01   3.990898399069e-01   6.332418176299e-02   5.667382345589e-01  -1.701476784615e-01  -2.416081377205e-01  -9.311215798116e-01  -1.522762463417e+00  -5.226859270957e-01  -1.392227565410e-02  -2.651449446676e-01  -7.000046327197e-01  -6.454926812917e-01   9.930707754825e-02   1.031696709364e-01   7.487595180476e-02  -3.627861123987e+00  -3.210001261874e+00  -1.835336515675e+00  -9.282439637429e-01  -3.660731647296e-01  -5.817777424477e-02  -5.202742786983e-01  -1.378307504908e-02  -2.639706080929e-01  -6.988070352315e-01  -6.450758784333e-01   1.258320461821e-01  -6.647438185618e-02   7.419107875829e-02  -1.431836743688e-02  -2.684550294267e-01  -7.033804638148e-01  -6.466676599646e-01  -7.762338337668e-03  -1.337024427248e-03   1.645125520945e-01
  -1.466723079023e+00  -1.563786849582e+00   7.437602024963e-01   1.179375568013e-01   1.055980200183e+00  -2.916203532731e+00   1.403711866545e+00   2.225627096739e-01   1.992749947091e+00  -2.952089870621e+00   1.400023950427e+00   2.220174161750e-01   1.987613347841e+00  -1.962710069727e+00   6.765862245044e-01   1.073083903331e-01   9.606050970889e-01  -1.088248455789e-01  -1.543576423274e-01  -5.950108463295e-01  -9.733730014921e-01  -3.344863015509e-01  -2.651312051548e-01  -9.789804632420e-01  -1.639392545615e+00  -1.438867472862e+00   4.827904302536e-01   5.724726421766e-01   3.103407461270e-01  -3.210001261874e+00  -4.186985380458e+00  -3.278417921065e+00  -1.927619340938e+00  -6.517726767914e-01  -1.035859971908e-01  -9.263361553904e-01  -2.638846911017e-01  -9.763049825031e-01  -1.637267913595e+00  -1.438082369105e+00   6.362882801112e-01  -3.912666197557e-01   3.085229758456e-01  -2.684576585306e-01  -9.860009859237e-01  -1.645083119485e+00  -1.440993971130e+00  -1.247832855107e-01  -2.040682060989e-02   8.069633583517e-01
  -1.561253443166e+00  -1.660736598305e+00   2.861908245926e-01   4.530642204319e-02   4.061760203228e-01  -3.135955703997e+00   6.487445689908e-01   1.026606981509e-01   9.204722610072e-01  -3.528797675216e+00   9.272599042567e-01   1.468608378768e-01   1.315914751470e+00  -2.780431017822e+00   6.809077146620e-01   1.079151274241e-01   9.665253232699e-01  -2.301053809081e-02  -3.246864740661e-02  -1.249866347185e-01  -2.049500707495e-01  -7.098763535679e-02  -6.999590542010e-01  -1.639323897098e+00  -2.362551769948e+00  -2.166014795221e+00   5.344495367352e-01   7.223833223792e-01   2.764578676639e-01  -1.835336515675e+00  -3.278417921065e+00  -3.598431961616e+00  -2.686596560260e+00  -4.737566881069e-01  -7.529786047514e-02  -6.733472944028e-01  -6.985335910544e-01  -1.636874760459e+00  -2.360490992192e+00  -2.165080326327e+00   7.335630438548e-01  -5.177119856510e-01   2.752019099108e-01  -7.033881726789e-01  -1.645093230542e+00  -2.367624067214e+00  -2.168397254464e+00  -2.463241503227e-01  -3.989070028390e-02   9.084556522300e-01
  -9.559935990050e-01  -1.016802443314e+00   6.663841248464e-02   1.050430530254e-02   9.449270039003e-02  -2.090561330997e+00   1.733808770341e-01   2.731112286501e-02   2.457572350568e-01  -2.709148551279e+00   3.375726385109e-01   5.333717633810e-02   4.788170463081e-01  -2.685365195612e+00   4.052467219867e-01   6.416467356036e-02   5.751363283426e-01  -3.018083183981e-03  -4.178224025529e-03  -1.582657505382e-02  -2.641849961183e-02  -9.533446312109e-03  -6.454499365088e-01  -1.438788120227e+00  -2.165965644987e+00  -2.271723010521e+00   2.776264064907e-01   4.359759532032e-01   9.765850412957e-02  -9.282439637429e-01  -1.927619340938e+00  -2.686596560260e+00  -2.610796395346e+00  -2.599389245735e-01  -4.131520694369e-02  -3.694543081044e-01  -6.448232378877e-01  -1.437639966256e+00  -2.164825439505e+00  -2.271029500554e+00   4.004113472276e-01  -3.265497641592e-01   9.711590128763e-02  -6.466745545376e-01  -1.441004667087e+00  -2.168402330174e+00  -2.273349574999e+00  -2.020696615126e-01  -3.257391804627e-02   4.846766989952e-01
  -9.924351125910e-01  -1.082170468077e+00   2.229310000986e-01   1.463954351067e-01   1.310478753764e+00  -1.608070119266e+00  -1.774107218663e-01   1.770042460842e-01   1.584657097648e+00  -9.929928228740e-01  -5.800279956886e-01   8.660839617763e-02   7.754458518014e-01  -3.960651298855e-01  -3.379887487056e-01   2.079359898741e-02   1.862044769691e-01   1.390246597816e-02  -1.903192278035e-01  -1.261527566660e+00   1.098105899206e-01   5.126721531239e-01  -1.011095932571e-01  -5.116221477259e-01  -5.914106460606e-01  -3.243624280772e-01   2.447879186210e-01   3.850411071886e-01   2.450459936058e-01  -3.660731647296e-01  -6.517726767914e-01  -4.737566881069e-01  -2.599389245735e-01  -2.857931317862e+00  -3.740674439790e-02  -3.343354666053e-01  -1.240774893366e-01  -6.086506216688e-01  -6.788507876655e-01  -3.554150996325e-01   4.441110817553e-01  -3.080198816254e-01   2.994437148073e-01  -8.113843070303e-03  -1.265031136895e-01  -2.482548095680e-01  -2.030966958612e-01  -1.312889678556e-01  -4.197296977422e-03   8.688089812486e-02
  -1.574927492134e-01  -1.717316344373e-01   1.464615591207e-01  -6.766755835269e-01   2.079836200264e-01  -2.552629735390e-01   1.771361744897e-01  -1.265194698913e+00   2.515560095860e-01  -1.576817105853e-01   8.670273861789e-02  -1.112285749651e+00   1.231401621706e-01  -6.291924495685e-02   2.082719209678e-02  -4.657856863213e-01   2.958288808513e-02   8.961050968006e-01   1.279387771627e+00  -2.001851420746e-01  -1.904613900690e-01  -2.096077349497e-01  -9.215970320375e-02  -3.967125757258e-01  -3.749892717215e-01  -1.508335993359e-01   2.987304422235e-01   2.148806599495e-01   2.191531147248e-01  -5.817777424477e-02  -1.035859971908e-01  -7.529786047514e-02  -4.131520694369e-02  -3.740674439790e-02  -2.628374296066e+00  -5.309963841184e-02   5.555998598324e-02   2.165965872686e-01   1.718799547634e-01   4.245466706302e-02  -2.224389547559e-01   1.498444252270e-02  -1.307514475860e-01  -1.197549502715e-03  -1.972210009986e-02  -3.911917394348e-02  -3.216193900379e-02  -4.095189457992e-03  -1.059737726225e-01   1.332679708763e-02
  -1.409427558536e+00  -1.536859582709e+00   1.310723748512e+00   2.079285915655e-01   1.161231473410e+00  -2.284055487453e+00   1.585225179739e+00   2.514587989776e-01   9.574034600591e-01  -1.410676515217e+00   7.758705293369e-01   1.230735727823e-01  -2.452433177488e-02  -5.627841364835e-01   1.863572816297e-01   2.955942902632e-02  -2.045398803585e-01  -1.904573090619e-01  -1.231700240770e-01   4.702970267495e-01  -7.766028681889e-01  -5.851929806230e-01  -8.598927435074e-02  -4.878699210579e-01  -6.273852958388e-01  -3.856996718393e-01   3.103987880055e-01   3.521251048330e-01   1.080828292284e-01  -5.202742786983e-01  -9.263361553904e-01  -6.733472944028e-01  -3.694543081044e-01  -3.343354666053e-01  -5.309963841184e-02  -3.097629670114e+00  -8.523259477674e-02  -4.857779172448e-01  -6.261815183001e-01  -3.853838688582e-01   4.029211638638e-01  -2.358755991508e-01   1.068761554958e-01  -1.644977029587e-01  -8.067082975129e-01  -9.079527435060e-01  -4.842664212869e-01  -8.487627975526e-02  -1.409436729948e-02   8.094320497408e-01
  -2.014630597346e-01  -2.153242474256e-01  -6.137873685766e-01   6.243310567242e-01   9.161238123826e-04  -1.204104809493e+00  -1.430051681887e+00   1.454608741084e+00   2.134500867846e-03  -1.424492833868e+00  -1.243730958851e+00   1.265092738911e+00   1.856425489021e-03  -9.111487041775e-01  -4.879458861001e-01   4.963278606083e-01   7.283248956282e-04   1.629271598986e+00  -2.431859515759e-03   9.408150865278e-01   2.390870218207e-03   2.773826544100e-02  -1.408799054281e-02  -2.664507074005e-01  -7.011620203689e-01  -6.457396969370e-01  -1.812087053266e-02   1.618477257984e-01   8.753417015971e-05  -1.378307504908e-02  -2.638846911017e-01  -6.985335910544e-01  -6.448232378877e-01  -1.240774893366e-01   5.555998598324e-02  -8.523259477674e-02  -3.625855938899e+00  -3.208589674640e+00  -1.834593546786e+00  -9.278795170907e-01   4.473744211973e-01  -4.552121427739e-01  -6.679647832048e-04  -1.378461115452e-02  -2.638975697761e-01  -6.985465219875e-01  -6.448277130294e-01  -1.239058426064e-01   5.549231526145e-02   8.554893876130e-02
  -1.465016369367e+00  -1.561978358553e+00  -9.086288989368e-01   9.242130681971e-01   1.355691900968e-03  -2.913549401740e+00  -1.715178258114e+00   1.744467671169e+00   2.559329454518e-03  -2.950153294784e+00  -1.711294578288e+00   1.740521415979e+00   2.553997431586e-03  -1.961799006915e+00  -8.272194246521e-01   8.413635030385e-01   1.234659766625e-03   1.042086097713e+00  -1.555096934152e-03   6.020601912552e-01   1.530353074229e-03   1.756035677064e-02  -2.665235107466e-01  -9.816872825208e-01  -1.641261915766e+00  -1.439284855949e+00  -3.371972901270e-03   8.129960878228e-01   3.464556028153e-04  -2.639706080929e-01  -9.763049825031e-01  -1.636874760459e+00  -1.437639966256e+00  -6.086506216688e-01   2.165965872686e-01  -4.857779172448e-01  -3.208589674640e+00  -4.185165990990e+00  -3.277168136455e+00  -1.926939945025e+00   7.966025475505e-01  -8.105646606904e-01  -1.189397344223e-03  -2.639860854879e-01  -9.763387773389e-01  -1.636899927764e+00  -1.437648985911e+00  -6.076441987343e-01   2.161940965324e-01   4.872723146417e-01
