ARMA_MAT_TXT_FN008
50 50
   3.279191013625e-01   2.802377107450e-01   1.663836922475e-06  -1.574665321029e-06  -1.391545109637e-07  -4.069127783847e-02  -5.144393945546e-06   2.781390732491e-06  -6.444041266893e-08  -2.980005612745e-02  -8.805586514122e-06   5.185121170981e-06  -6.583276346581e-10  -7.603563623902e-03   9.360019589518e-06  -5.646813606046e-06  -2.884824091936e-08   7.730110083389e-07   2.616961929434e-09   6.898706880729e-06   2.739200366121e-08  -6.107068816393e-06  -8.357138070593e-03  -1.193052571350e-02   1.455258024713e-03   8.348670769273e-04   8.763965611790e-04   1.784271752750e-03  -1.855922053382e-07  -8.355347415342e-03  -1.192677724877e-02   1.458643571307e-03   8.396025043749e-04  -1.139758786086e-03  -1.808438503714e-04  -1.618742696393e-03  -8.358525442266e-03  -1.193776757819e-02   1.443708506979e-03   8.203056068118e-04   1.392777240027e-03  -1.416937434198e-03  -2.085111711438e-06  -8.355649495553e-03  -1.192705794133e-02   1.458768494804e-03   8.396615162014e-04  -1.136355886766e-03  -1.822264683604e-04   1.621046710163e-03
   2.802377107450e-01   2.463405840799e-01   1.876262880280e-06  -2.003278564554e-06  -2.110407518331e-07  -6.907562873484e-02  -8.602132239074e-06   4.624637521647e-06  -1.159200327472e-07  -4.833461906541e-02  -1.588294778071e-05   9.421594103808e-06   1.353267850328e-08  -1.203609276435e-02   1.477514299520e-05  -8.912955665243e-06  -4.461235502454e-08   8.805416596176e-07   7.414943817762e-09   1.190189293132e-05   5.981988628726e-08  -1.098300042446e-05  -1.393289672810e-02  -1.962832396547e-02   2.126537380875e-03   1.335026025318e-03   1.442519804902e-03   2.936181341973e-03  -3.047252272933e-07  -1.392970038104e-02  -1.962160750989e-02   2.132036510463e-03   1.342631481081e-03  -1.876173551386e-03  -2.975287503387e-04  -2.663409664391e-03  -1.393601644296e-02  -1.964255246446e-02   2.107962083298e-03   1.311531873534e-03   2.292768783117e-03  -2.331854073315e-03  -3.430564952153e-06  -1.393018782917e-02  -1.962201031537e-02   2.132223931053e-03   1.342733264538e-03  -1.870562968569e-03  -2.998023923765e-04   2.667188735847e-03
   1.663836922475e-06   1.876262880280e-06   3.594375783600e-02   7.489832227772e-06  -3.159599432040e-07   1.384558894114e-06   5.628543468951e-02   9.920512277508e-06  -3.221311717800e-07   3.128053576174e-05   3.781559881688e-02  -6.266852663584e-06   1.334833032031e-07  -1.946405432420e-05  -2.023526261810e-03  -6.953046025606e-06   1.013408865816e-07  -1.890382542810e-03   5.951845418742e-06  -5.279078060801e-03  -1.420486675993e-05  -2.601602807800e-03   1.443890206270e-02   2.282569460526e-02   8.943427257568e-03   2.747604828645e-03   1.019505047941e-03  -2.231896250657e-03   2.196437583981e-07  -1.874735015435e-02  -2.962374324006e-02  -1.158254549763e-02  -3.548768432403e-03   2.648990666443e-04  -2.928903460971e-04  -2.633308494861e-03   2.294800784660e-02   3.629092229428e-02   1.421216272546e-02   4.354365877301e-03  -6.560697248773e-04   2.821378475915e-03   4.133970973123e-06  -1.869090209372e-02  -2.953396935875e-02  -1.154692344411e-02  -3.538068102376e-03   2.760830643903e-04  -2.942399066416e-04   2.629058710476e-03
  -1.574665321029e-06  -2.003278564554e-06   7.489832227772e-06   3.595197630950e-02  -6.523077534838e-08   1.323454723921e-06   9.904044154876e-06   5.630666096412e-02  -7.116395615367e-08  -2.046673597311e-05  -6.317114701217e-06   3.792658516862e-02   3.394708499167e-08   1.053600525082e-05  -7.016482164899e-06  -1.980709242362e-03   3.064132814165e-08   5.652200116699e-03  -3.938869734339e-06  -8.527476042905e-04   5.969801657456e-06  -2.397182604489e-03   2.946344262941e-02   4.662323620377e-02   1.831956914793e-02   5.578125040953e-03  -2.233748302123e-03  -2.433199415319e-03   4.605091229240e-07  -2.994250702854e-03  -4.740576377064e-03  -1.870119398173e-03  -5.731108155642e-04  -2.933240621728e-04   2.069867794498e-03  -4.193597795741e-04  -2.342040176022e-02  -3.708195861290e-02  -1.458173505174e-02  -4.436234917033e-03   2.824112187179e-03  -7.574012750556e-04  -4.224470241451e-06  -3.017016173351e-03  -4.776509642948e-03  -1.884167554086e-03  -5.774297996081e-04  -2.946749186485e-04   2.069205109421e-03   4.231350989848e-04
  -1.391545109637e-07  -2.110407518331e-07  -3.159599432040e-07  -6.523077534838e-08   3.596587506342e-02   5.136556760234e-07  -3.209642139917e-07  -7.118931095104e-08   5.632943528423e-02  -5.818747185413e-07   1.357898604644e-07   3.363788273037e-08   3.795344719057e-02  -4.098386892917e-07   1.014090510558e-07   3.049642596619e-08  -1.978604437206e-03   5.975765628170e-06  -9.769441307426e-04   1.587249787436e-05  -6.134672482857e-03  -5.159982656530e-06  -2.959485264271e-06  -4.606044581631e-06  -1.667949259979e-06  -5.400318249099e-07   2.200566753308e-07   4.609795622477e-07   2.119313179547e-03  -2.676679038819e-02  -4.237309062857e-02  -1.668345592661e-02  -5.073766193366e-03  -2.637126820923e-03  -4.193356449422e-04  -1.628713476795e-03  -3.438372568189e-05  -5.438002477083e-05  -2.126145811856e-05  -6.482408099128e-06   4.139419667731e-06  -4.225925941766e-06   2.117402883790e-03   2.680447597143e-02   4.243209924333e-02   1.670627953612e-02   5.080968519438e-03   2.632871614454e-03   4.231119512629e-04  -1.639204605724e-03
  -4.069127783847e-02  -6.907562873484e-02   1.384558894114e-06   1.323454723921e-06   5.136556760234e-07   1.767830664614e-01   2.774890172314e-05  -1.498818800970e-05   3.677561936718e-07   1.181883435966e-01   4.700502004854e-05  -2.791332299066e-05  -3.332602904012e-08   2.867102370047e-02  -3.530442448169e-05   2.128254147436e-05   1.015789651595e-07  -1.740747878183e-06  -2.633056469453e-08  -3.144398396136e-05  -1.935877662242e-07   2.948035710782e-05   3.503666868536e-02   4.870568738017e-02  -4.601009286951e-03  -3.215541317304e-03  -3.580903780975e-03  -7.287658297494e-03   7.566685905742e-07   3.502646380377e-02   4.868504359263e-02  -4.615484425164e-03  -3.234257353719e-03   4.658189383390e-03   7.381387726772e-04   6.609333560637e-03   3.505062398883e-02   4.875332676829e-02  -4.553444441121e-03  -3.157634965748e-03  -5.692952111851e-03   5.788371908804e-03   8.515683853885e-06   3.502770915512e-02   4.868598897454e-02  -4.615866411326e-03  -3.234510428715e-03   4.644243157810e-03   7.437786498270e-04  -6.618685763959e-03
  -5.144393945546e-06  -8.602132239074e-06   5.628543468951e-02   9.904044154876e-06  -3.209642139917e-07   2.774890172314e-05   8.813909523432e-02   1.267487164025e-05  -2.322849269361e-07   6.610143634274e-05   5.921661530391e-02  -1.174242139373e-05   3.923492795104e-07  -2.632527727978e-05  -3.168706711914e-03  -1.078437501935e-05   1.491485413065e-07  -2.960495209795e-03   9.315654728066e-06  -8.266631742834e-03  -2.227380114980e-05  -4.073803875312e-03   2.261389659620e-02   3.574814223956e-02   1.400318966494e-02   4.301809865859e-03   1.596069186873e-03  -3.495926586059e-03   3.542702172910e-07  -2.935195889419e-02  -4.638164486927e-02  -1.813811976220e-02  -5.557589515376e-03   4.154901809997e-04  -4.586461989132e-04  -4.122608319533e-03   3.594125274551e-02   5.683801105944e-02   2.225534110303e-02   6.818402993063e-03  -1.028327319988e-03   4.418959754920e-03   6.485187445802e-06  -2.926330503533e-02  -4.624065358637e-02  -1.808217615085e-02  -5.540784305814e-03   4.330270523019e-04  -4.607545976557e-04   4.115936120459e-03
   2.781390732491e-06   4.624637521647e-06   9.920512277508e-06   5.630666096412e-02  -7.118931095104e-08  -1.498818800970e-05   1.267487164025e-05   8.818542002541e-02  -6.291148510579e-08  -4.347262918294e-05  -1.180206343050e-05   5.939922416471e-02   8.588311618026e-08   1.373095555067e-05  -1.088366512774e-05  -3.102115588753e-03   4.626862063043e-08   8.852363047612e-03  -6.170052103617e-06  -1.335273065253e-03   9.345128568693e-06  -3.754250989953e-03   4.614044947781e-02   7.301374313407e-02   2.869143003469e-02   8.736426423591e-03  -3.498119868933e-03  -3.809971203946e-03   7.229753790333e-07  -4.691945925297e-03  -7.427762679180e-03  -2.927896305153e-03  -8.970982363817e-04  -4.598587853471e-04   3.241693826655e-03  -6.572929231641e-04  -3.668471009375e-02  -5.808293335899e-02  -2.283765098774e-02  -6.947781888667e-03   4.423603306284e-03  -1.186915010792e-03  -6.615414785884e-06  -4.727557144931e-03  -7.483971537167e-03  -2.949870980542e-03  -9.038542299801e-04  -4.619691200775e-04   3.240656203276e-03   6.632039892592e-04
  -6.444041266893e-08  -1.159200327472e-07  -3.221311717800e-07  -7.116395615367e-08   5.632943528423e-02   3.677561936718e-07  -2.322849269361e-07  -6.291148510579e-08   8.822266311930e-02  -1.203604964065e-06   3.942654670698e-07   8.539022826025e-08   5.944235316672e-02  -7.129676270009e-07   1.491837662513e-07   4.597102650810e-08  -3.098872761983e-03   9.354980380488e-06  -1.530081227992e-03   2.483334148509e-05  -9.608069823803e-03  -8.096158100948e-06  -4.626963621178e-06  -7.184548574835e-06  -2.542139758589e-06  -8.198257638916e-07   3.564808900750e-07   7.271830138469e-07   3.319249549046e-03  -4.192208951015e-02  -6.636462643936e-02  -2.612952685161e-02  -7.946497258291e-03  -4.130255191637e-03  -6.567612265789e-04  -2.550905995206e-03  -5.384802834897e-05  -8.514762891839e-05  -3.323245960849e-05  -1.012777117268e-05   6.496480313834e-06  -6.620016726072e-06   3.316257656321e-03   4.198075409563e-02   6.645651195343e-02   2.616518154739e-02   7.957758444977e-03   4.123569814330e-03   6.626727233565e-04  -2.567278384121e-03
  -2.980005612745e-02  -4.833461906541e-02   3.128053576174e-05  -2.046673597311e-05  -5.818747185413e-07   1.181883435966e-01   6.610143634274e-05  -4.347262918294e-05  -1.203604964065e-06   7.903602592081e-02   6.336990312250e-05  -4.119847899192e-05  -9.984714308958e-07   1.917617714789e-02  -2.531871351902e-05   1.540590852238e-05   1.189221799145e-07  -6.123906375626e-06   1.492752467384e-08  -2.497395513171e-05   1.297863911673e-08   1.892990290901e-05   2.342084387480e-02   3.255963725537e-02  -3.082564480450e-03  -2.151515921347e-03  -2.392249543686e-03  -4.873475441847e-03   4.513566070107e-07   2.340596065412e-02   3.253313808570e-02  -3.097159473670e-03  -2.165566454089e-03   3.115249687450e-03   4.921049778310e-04   4.417530600066e-03   2.346878228197e-02   3.265258730203e-02  -3.026752037403e-03  -2.105482497216e-03  -3.808928410467e-03   3.873340741709e-03   5.645714485366e-06   2.340547647382e-02   3.253168624643e-02  -3.098235649279e-03  -2.165985274308e-03   3.105799048912e-03   4.958537880973e-04  -4.423706018457e-03
  -8.805586514122e-06  -1.588294778071e-05   3.781559881688e-02  -6.317114701217e-06   1.357898604644e-07   4.700502004854e-05   5.921661530391e-02  -1.180206343050e-05   3.942654670698e-07   6.336990312250e-05   3.978493689955e-02  -2.157750590820e-05   6.343241617563e-07  -1.309441641296e-05  -2.128911792135e-03  -6.527479230663e-06   8.088370015954e-08  -1.991060430229e-03   6.250634850413e-06  -5.553667831195e-03  -1.502685538805e-05  -2.736132344933e-03   1.518822930622e-02   2.400852656188e-02   9.400754318281e-03   2.887660572382e-03   1.072557284407e-03  -2.349043592640e-03   2.586751765631e-07  -1.971379730853e-02  -3.115259466072e-02  -1.218639777915e-02  -3.734250745672e-03   2.799759501318e-04  -3.087758559771e-04  -2.768595986394e-03   2.416135078203e-02   3.820804967871e-02   1.495687443180e-02   4.582066424601e-03  -6.928178883320e-04   2.970097900176e-03   4.380673258162e-06  -1.965370313487e-02  -3.105702756833e-02  -1.214848066523e-02  -3.722859384279e-03   2.918078989061e-04  -3.101830194702e-04   2.764078457978e-03
   5.185121170981e-06   9.421594103808e-06  -6.266852663584e-06   3.792658516862e-02   3.363788273037e-08  -2.791332299066e-05  -1.174242139373e-05   5.939922416471e-02   8.539022826025e-08  -4.119847899192e-05  -2.157750590820e-05   4.000965692835e-02   1.438360465587e-07   6.368655670568e-06  -6.598392651735e-06  -2.089497716037e-03   2.663344244737e-08   5.963384736419e-03  -4.160330126462e-06  -8.974974804721e-04   6.285847501041e-06  -2.527823944819e-03   3.107018084804e-02   4.916687996886e-02   1.932298359359e-02   5.883945879986e-03  -2.356241962797e-03  -2.564751494179e-03   4.916246094309e-07  -3.157199518976e-03  -4.997461613992e-03  -1.967549818245e-03  -6.026675290858e-04  -3.103187037466e-04   2.183544262831e-03  -4.424549993447e-04  -2.472159116003e-02  -3.914102121772e-02  -1.538746343776e-02  -4.681081745717e-03   2.980425075338e-03  -8.010722687026e-04  -4.453505437664e-06  -3.181085264580e-03  -5.035162526068e-03  -1.982288450661e-03  -6.071989876723e-04  -3.117308440741e-04   2.182847176440e-03   4.464315932499e-04
  -6.583276346581e-10   1.353267850328e-08   1.334833032031e-07   3.394708499167e-08   3.795344719057e-02  -3.332602904012e-08   3.923492795104e-07   8.588311618026e-08   5.944235316672e-02  -9.984714308958e-07   6.343241617563e-07   1.438360465587e-07   4.005085797033e-02  -5.260712895093e-07   8.082376237529e-08   2.636461631879e-08  -2.087947501884e-03   6.297597886673e-06  -1.030932655906e-03   1.667874998068e-05  -6.473691345918e-03  -5.485873548796e-06  -2.965374720422e-06  -4.589482595406e-06  -1.576636523556e-06  -5.077830017391e-07   2.507373709589e-07   4.742379524193e-07   2.236432195028e-03  -2.824636215275e-02  -4.471529975491e-02  -1.760556985553e-02  -5.354193523288e-03  -2.782874186921e-03  -4.425095690981e-04  -1.718777534851e-03  -3.616677384958e-05  -5.717844579962e-05  -2.227862936047e-05  -6.786472911963e-06   4.386252688767e-06  -4.443821030400e-06   2.234416343333e-03   2.828539883826e-02   4.477645675756e-02   1.762937367914e-02   5.361719592200e-03   2.778358890522e-03   4.464939361174e-04  -1.729734608155e-03
  -7.603563623902e-03  -1.203609276435e-02  -1.946405432420e-05   1.053600525082e-05  -4.098386892917e-07   2.867102370047e-02  -2.632527727978e-05   1.373095555067e-05  -7.129676270009e-07   1.917617714789e-02  -1.309441641296e-05   6.368655670568e-06  -5.260712895093e-07   4.653101930769e-03  -4.623466568234e-06   2.889167501317e-06   4.358646482649e-08   2.374381328074e-06   4.751494172249e-09  -2.452537692232e-06   6.230364316606e-08   5.515667235554e-06   5.683788980193e-03   7.902336992036e-03  -7.470881369861e-04  -5.217046796207e-04  -5.821220257871e-04  -1.181739707223e-03   9.369408947561e-08   5.691358908443e-03   7.913551052015e-03  -7.437623436635e-04  -5.229896047973e-04   7.554941233396e-04   1.205076758342e-04   1.073565868423e-03   5.666204530193e-03   7.878647041763e-03  -7.517028669300e-04  -5.160643103029e-04  -9.223838453241e-04   9.372736477303e-04   1.348961938260e-06   5.690788613284e-03   7.912481772577e-03  -7.443059792232e-04  -5.231770496876e-04   7.531528850509e-04   1.214116208706e-04  -1.075034865048e-03
   9.360019589518e-06   1.477514299520e-05  -2.023526261810e-03  -7.016482164899e-06   1.014090510558e-07  -3.530442448169e-05  -3.168706711914e-03  -1.088366512774e-05   1.491837662513e-07  -2.531871351902e-05  -2.128911792135e-03  -6.598392651735e-06   8.082376237529e-08  -4.623466568234e-06   1.139267224854e-04   7.505067905105e-07  -1.033634609380e-08   1.053864043965e-04  -3.366170047753e-07   2.973588117367e-04   7.843557405102e-07   1.468961767556e-04  -8.252535446469e-04  -1.303277641495e-03  -5.059296700241e-04  -1.550638661919e-04  -5.627155400883e-05   1.275479173066e-04  -7.667789638471e-09   1.048925216789e-03   1.658793731451e-03   6.532877695814e-04   2.005230888909e-04  -1.579383677710e-05   1.596106377597e-05   1.470030138163e-04  -1.294592937710e-03  -2.045984958857e-03  -7.965180503485e-04  -2.436942981088e-04   3.755146837253e-05  -1.598499013061e-04  -2.287242030530e-07   1.045875978808e-03   1.653943523819e-03   6.513627248974e-04   1.999451709231e-04  -1.640816827244e-05   1.603799815442e-05  -1.467701983523e-04
  -5.646813606046e-06  -8.912955665243e-06  -6.953046025606e-06  -1.980709242362e-03   3.049642596619e-08   2.128254147436e-05  -1.078437501935e-05  -3.102115588753e-03   4.597102650810e-08   1.540590852238e-05  -6.527479230663e-06  -2.089497716037e-03   2.636461631879e-08   2.889167501317e-06   7.505067905105e-07   1.091273726110e-04  -3.167709970947e-09  -3.110537947127e-04   2.151910665076e-07   4.793739258273e-05  -3.309021419464e-07   1.325453296875e-04  -1.621628367887e-03  -2.566889430061e-03  -1.011467219335e-03  -3.082052039837e-04   1.224460270500e-04   1.335781438225e-04  -2.374122563716e-08   1.725862109579e-04   2.724154120206e-04   1.045674290105e-04   3.182551815498e-05   1.667287423081e-05  -1.138933804108e-04   2.438048713868e-05   1.290363103148e-03   2.042249883478e-03   8.002166496257e-04   2.432321648434e-04  -1.561578134395e-04   4.191369328935e-05   2.345929940689e-07   1.738702049491e-04   2.744420204548e-04   1.053597227245e-04   3.206904898780e-05   1.674750130648e-05  -1.138553165420e-04  -2.459127180525e-05
  -2.884824091936e-08  -4.461235502454e-08   1.013408865816e-07   3.064132814165e-08  -1.978604437206e-03   1.015789651595e-07   1.491485413065e-07   4.626862063043e-08  -3.098872761983e-03   1.189221799145e-07   8.088370015954e-08   2.663344244737e-08  -2.087947501884e-03   4.358646482649e-08  -1.033634609380e-08  -3.167709970947e-09   1.088497227788e-04  -3.289134484308e-07   5.374501192980e-05  -8.861942188026e-07   3.374890541258e-04   2.760107128512e-07   2.444284297181e-07   3.775509352029e-07   1.230364922049e-07   3.795741569923e-08  -1.403549180712e-08  -3.775705171466e-08  -1.165905848730e-04   1.472511365447e-03   2.331050051129e-03   9.177814829665e-04   2.791139426730e-04   1.450810867419e-04   2.307048685897e-05   8.959942745136e-05   1.953300463904e-06   3.084328443849e-06   1.188542283246e-06   3.611326793415e-07  -2.313149441420e-07   2.427555606696e-07  -1.164854817217e-04  -1.474625078695e-03  -2.334370102099e-03  -9.191007286075e-04  -2.795323392939e-04  -1.448393373633e-04  -2.327540437644e-05   9.017978558658e-05
   7.730110083389e-07   8.805416596176e-07  -1.890382542810e-03   5.652200116699e-03   5.975765628170e-06  -1.740747878183e-06  -2.960495209795e-03   8.852363047612e-03   9.354980380488e-06  -6.123906375626e-06  -1.991060430229e-03   5.963384736419e-03   6.297597886673e-06   2.374381328074e-06   1.053864043965e-04  -3.110537947127e-04  -3.289134484308e-07   9.881576455043e-04  -1.094659889204e-06   1.437430562990e-04   6.679544453598e-07  -2.399904092012e-04   3.872198391911e-03   6.128662511093e-03   2.409713700058e-03   7.324676804913e-04  -4.048177288345e-04  -2.650303996273e-04   4.125880432373e-07   5.109999206212e-04   8.060717785647e-04   3.127867922075e-04   9.584024458856e-05  -6.054597222923e-05   3.407736054295e-04   7.230427723707e-05  -4.890331722996e-03  -7.740614900735e-03  -3.040508742273e-03  -9.266108396617e-04   4.786118674031e-04  -2.676222661965e-04  -5.304069474833e-07   5.133414040370e-04   8.097731710232e-04   3.142452546963e-04   9.628350062562e-05  -6.047209533053e-05   3.408801996625e-04  -7.202934050141e-05
   2.616961929434e-09   7.414943817762e-09   5.951845418742e-06  -3.938869734339e-06  -9.769441307426e-04  -2.633056469453e-08   9.315654728066e-06  -6.170052103617e-06  -1.530081227992e-03   1.492752467384e-08   6.250634850413e-06  -4.160330126462e-06  -1.030932655906e-03   4.751494172249e-09  -3.366170047753e-07   2.151910665076e-07   5.374501192980e-05  -1.094659889204e-06   2.653823162870e-05  -1.210656719204e-06   1.666336203688e-04  -2.723867948900e-08  -7.647478731742e-07  -1.215490841224e-06  -4.839951256488e-07  -1.423313355134e-07   4.077863881948e-07  -1.143190031342e-07  -5.756709614769e-05   7.242941260180e-04   1.146601237065e-03   4.514640534492e-04   1.372953352695e-04   7.170813769400e-05   1.111501528655e-05   4.385092128992e-05   7.294336442792e-06   1.154097271270e-05   4.526917476420e-06   1.382794648598e-06  -5.301786318438e-07   6.640024953018e-07  -5.751404617466e-05  -7.308548513803e-04  -1.156950473529e-03  -4.554967045897e-04  -1.385363336711e-04  -7.143927389438e-05  -1.176861045466e-05   4.491469602770e-05
   6.898706880729e-06   1.190189293132e-05  -5.279078060801e-03  -8.527476042905e-04   1.587249787436e-05  -3.144398396136e-05  -8.266631742834e-03  -1.335273065253e-03   2.483334148509e-05  -2.497395513171e-05  -5.553667831195e-03  -8.974974804721e-04   1.667874998068e-05  -2.452537692232e-06   2.973588117367e-04   4.793739258273e-05  -8.861942188026e-07   1.437430562990e-04  -1.210656719204e-06   7.955275967213e-04  -7.543725188736e-07   4.388639780611e-04  -2.824708042855e-03  -4.465342093806e-03  -1.746632627878e-03  -5.350983692922e-04  -9.618384036077e-05   3.867142238528e-04   8.891770084164e-07   2.806308690726e-03   4.435766255174e-03   1.738851508302e-03   5.331065433283e-04  -3.393880908316e-05  -6.331310179184e-06   3.947929133558e-04  -2.821681542686e-03  -4.460102589525e-03  -1.741063863659e-03  -5.338641992714e-04   3.046199305999e-05  -3.974453875692e-04   4.230668621632e-07   2.822128316645e-03   4.460746070011e-03   1.748643865102e-03   5.361053739053e-04  -3.322814274258e-05  -5.747735010172e-06  -3.956943994864e-04
   2.739200366121e-08   5.981988628726e-08  -1.420486675993e-05   5.969801657456e-06  -6.134672482857e-03  -1.935877662242e-07  -2.227380114980e-05   9.345128568693e-06  -9.608069823803e-03   1.297863911673e-08  -1.502685538805e-05   6.285847501041e-06  -6.473691345918e-03   6.230364316606e-08   7.843557405102e-07  -3.309021419464e-07   3.374890541258e-04   6.679544453598e-07   1.666336203688e-04  -7.543725188736e-07   1.046393154628e-03   1.514746208504e-06  -3.587790575481e-07  -5.678884926818e-07  -2.231112725130e-07  -7.105253624156e-08  -8.102731955577e-07   4.077025117142e-07  -3.614896862128e-04   4.572511782643e-03   7.238484109342e-03   2.849972466177e-03   8.667433296520e-04   4.496562503042e-04   7.198475844683e-05   2.787796800770e-04  -7.143936253832e-06  -1.130028547521e-05  -4.427137086489e-06  -1.355558622392e-06   2.592378571642e-08  -5.275631179125e-07  -3.611661829238e-04  -4.565125502470e-03  -7.226715716003e-03  -2.845306374210e-03  -8.653471893986e-04  -4.492481214168e-04  -7.171048017820e-05   2.786289977521e-04
  -6.107068816393e-06  -1.098300042446e-05  -2.601602807800e-03  -2.397182604489e-03  -5.159982656530e-06   2.948035710782e-05  -4.073803875312e-03  -3.754250989953e-03  -8.096158100948e-06   1.892990290901e-05  -2.736132344933e-03  -2.527823944819e-03  -5.485873548796e-06   5.515667235554e-06   1.468961767556e-04   1.325453296875e-04   2.760107128512e-07  -2.399904092012e-04  -2.723867948900e-08   4.388639780611e-04   1.514746208504e-06   3.480747899979e-04  -3.003105241805e-03  -4.751641110735e-03  -1.869194833150e-03  -5.712229106728e-04   7.452844039440e-05   3.224930171335e-04  -3.521304051112e-07   1.566011394529e-03   2.474047996927e-03   9.644807513809e-04   2.952040420744e-04   1.545939479929e-06  -1.166024942803e-04   2.198612237507e-04  -9.350998825070e-05  -1.460703815195e-04  -5.718496115340e-05  -1.990701189895e-05  -1.417404977665e-04  -1.527097507278e-04  -3.215055282421e-07   1.555717814520e-03   2.457715704816e-03   9.580236153151e-04   2.932529776270e-04   6.422934414132e-08  -1.165812140716e-04  -2.193355998149e-04
  -8.357138070593e-03  -1.393289672810e-02   1.443890206270e-02   2.946344262941e-02  -2.959485264271e-06   3.503666868536e-02   2.261389659620e-02   4.614044947781e-02  -4.626963621178e-06   2.342084387480e-02   1.518822930622e-02   3.107018084804e-02  -2.965374720422e-06   5.683788980193e-03  -8.252535446469e-04  -1.621628367887e-03   2.444284297181e-07   3.872198391911e-03  -7.647478731742e-07  -2.824708042855e-03  -3.587790575481e-07  -3.003105241805e-03   3.688478243365e-02   5.702293116562e-02   1.769048438673e-02   5.036789424452e-03  -2.130756005026e-03  -4.334385330751e-03   4.457530595810e-07  -3.037214036838e-03  -6.126892287501e-03  -7.096900168893e-03  -2.535210320970e-03   7.894434092433e-04   1.724838711293e-03  -9.092491281627e-05  -3.030464082840e-03  -6.151585906216e-03  -7.144888249181e-03  -2.512649686912e-03   9.224237690151e-04   1.659452198291e-03  -2.836001264009e-07  -3.037247603094e-03  -6.126895986012e-03  -7.096858709257e-03  -2.535316511397e-03   7.896409880518e-04   1.724804108297e-03   9.072031576902e-05
  -1.193052571350e-02  -1.962832396547e-02   2.282569460526e-02   4.662323620377e-02  -4.606044581631e-06   4.870568738017e-02   3.574814223956e-02   7.301374313407e-02  -7.184548574835e-06   3.255963725537e-02   2.400852656188e-02   4.916687996886e-02  -4.589482595406e-06   7.902336992036e-03  -1.303277641495e-03  -2.566889430061e-03   3.775509352029e-07   6.128662511093e-03  -1.215490841224e-06  -4.465342093806e-03  -5.678884926818e-07  -4.751641110735e-03   5.702293116562e-02   8.836396470733e-02   2.816303166831e-02   8.091010323732e-03  -3.235955177196e-03  -6.579754388873e-03   6.820842831628e-07  -6.128970632928e-03  -1.153148377559e-02  -1.104743459816e-02  -3.886362211165e-03   1.071594233545e-03   2.701467398780e-03  -3.940198369586e-04  -6.145282066660e-03  -1.161437815414e-02  -1.114186295811e-02  -3.858521981309e-03   1.676942393304e-03   2.403655806515e-03  -7.700960559088e-07  -6.128962939701e-03  -1.153135449423e-02  -1.104728726879e-02  -3.886500084824e-03   1.072445302037e-03   2.701200894788e-03   3.940462481654e-04
   1.455258024713e-03   2.126537380875e-03   8.943427257568e-03   1.831956914793e-02  -1.667949259979e-06  -4.601009286951e-03   1.400318966494e-02   2.869143003469e-02  -2.542139758589e-06  -3.082564480450e-03   9.400754318281e-03   1.932298359359e-02  -1.576636523556e-06  -7.470881369861e-04  -5.059296700241e-04  -1.011467219335e-03   1.230364922049e-07   2.409713700058e-03  -4.839951256488e-07  -1.746632627878e-03  -2.231112725130e-07  -1.869194833150e-03   1.769048438673e-02   2.816303166831e-02   1.167853242800e-02   3.609274774959e-03  -7.912614706003e-04  -1.604983093919e-03   1.786416931309e-07  -7.099307280119e-03  -1.104958373103e-02  -3.712195820003e-03  -1.090094265118e-03  -2.047999615404e-04   9.625535039130e-04  -1.040707699846e-03  -7.138186631123e-03  -1.113752441167e-02  -3.775714906555e-03  -1.094988151194e-03   1.424030893756e-03   1.650220278355e-04  -1.436885033223e-06  -7.099197452739e-03  -1.104922644987e-02  -3.711916046117e-03  -1.090062503887e-03  -2.025694004051e-04   9.616971510848e-04   1.041958095448e-03
   8.348670769273e-04   1.335026025318e-03   2.747604828645e-03   5.578125040953e-03  -5.400318249099e-07  -3.215541317304e-03   4.301809865859e-03   8.736426423591e-03  -8.198257638916e-07  -2.151515921347e-03   2.887660572382e-03   5.883945879986e-03  -5.077830017391e-07  -5.217046796207e-04  -1.550638661919e-04  -3.082052039837e-04   3.795741569923e-08   7.324676804913e-04  -1.423313355134e-07  -5.350983692922e-04  -7.105253624156e-08  -5.712229106728e-04   5.036789424452e-03   8.091010323732e-03   3.609274774959e-03   1.133855203126e-03  -2.034868545506e-04  -4.154239919070e-04   4.520647642931e-08  -2.533897105526e-03  -3.884262523033e-03  -1.090845338151e-03  -3.011415330378e-04  -1.099858218820e-04   2.853138687547e-04  -3.865073744405e-04  -2.517662885375e-03  -3.866969626515e-03  -1.093302561518e-03  -2.980499687343e-04   4.915860914299e-04  -7.242165632329e-06  -5.236766310142e-07  -2.533877805299e-03  -3.884165303461e-03  -1.090756780633e-03  -3.011295219604e-04  -1.091598091966e-04   2.849936921607e-04   3.869836255707e-04
   8.763965611790e-04   1.442519804902e-03   1.019505047941e-03  -2.233748302123e-03   2.200566753308e-07  -3.580903780975e-03   1.596069186873e-03  -3.498119868933e-03   3.564808900750e-07  -2.392249543686e-03   1.072557284407e-03  -2.356241962797e-03   2.507373709589e-07  -5.821220257871e-04  -5.627155400883e-05   1.224460270500e-04  -1.403549180712e-08  -4.048177288345e-04   4.077863881948e-07  -9.618384036077e-05  -8.102731955577e-07   7.452844039440e-05  -2.130756005026e-03  -3.235955177196e-03  -7.912614706003e-04  -2.034868545506e-04   2.402708162449e-04   2.354887681561e-04  -2.384043258294e-08  -1.055660330969e-03  -1.532631435510e-03  -1.190368613264e-04   3.999821986755e-07  -6.863970797807e-05  -1.518821243268e-04  -1.825725253350e-04   1.396452217867e-03   2.346348012122e-03   1.401664413476e-03   4.631943723546e-04  -7.877035795086e-05   9.865102460834e-06   2.211524018779e-07  -1.052318533005e-03  -1.527315250364e-03  -1.169268261423e-04   1.043582735210e-06  -6.792138407061e-05  -1.519879845906e-04   1.823854141966e-04
   1.784271752750e-03   2.936181341973e-03  -2.231896250657e-03  -2.433199415319e-03   4.609795622477e-07  -7.287658297494e-03  -3.495926586059e-03  -3.809971203946e-03   7.271830138469e-07  -4.873475441847e-03  -2.349043592640e-03  -2.564751494179e-03   4.742379524193e-07  -1.181739707223e-03   1.275479173066e-04   1.335781438225e-04  -3.775705171466e-08  -2.650303996273e-04  -1.143190031342e-07   3.867142238528e-04   4.077025117142e-07   3.224930171335e-04  -4.334385330751e-03  -6.579754388873e-03  -1.604983093919e-03  -4.154239919070e-04   2.354887681561e-04   6.036474721904e-04  -4.899536366333e-08  -7.791453150841e-05   1.520534309765e-04   1.035750958585e-03   3.923736861363e-04  -1.886764367458e-04  -1.523119065042e-04  -8.066070495469e-05  -1.284823408731e-03  -1.753731771920e-03   2.922374112436e-04   1.600618148513e-04   8.434190063970e-05  -3.625384928312e-04  -2.948933854024e-07  -7.924727346720e-05   1.499530751256e-04   1.034931237478e-03   3.921414524395e-04  -1.886372212824e-04  -1.524050759332e-04   8.101301673474e-05
  -1.855922053382e-07  -3.047252272933e-07   2.196437583981e-07   4.605091229240e-07   2.119313179547e-03   7.566685905742e-07   3.542702172910e-07   7.229753790333e-07   3.319249549046e-03   4.513566070107e-07   2.586751765631e-07   4.916246094309e-07   2.236432195028e-03   9.369408947561e-08  -7.667789638471e-09  -2.374122563716e-08  -1.165905848730e-04   4.125880432373e-07  -5.756709614769e-05   8.891770084164e-07  -3.614896862128e-04  -3.521304051112e-07   4.457530595810e-07   6.820842831628e-07   1.786416931309e-07   4.520647642931e-08  -2.384043258294e-08  -4.899536366333e-08   1.248819533767e-04  -1.577269938403e-03  -2.496920074636e-03  -9.832036429185e-04  -2.990192648309e-04  -1.553773480608e-04  -2.468180894408e-05  -9.596873204292e-05  -2.032466053018e-06  -3.242467291408e-06  -1.365713564319e-06  -4.233971458508e-07   2.526485852809e-07  -2.163164741764e-07   1.247693852414e-04   1.579452753507e-03   2.500282445415e-03   9.843088460159e-04   2.993552662646e-04   1.551608246249e-04   2.495998332151e-05  -9.659553877976e-05
  -8.355347415342e-03  -1.392970038104e-02  -1.874735015435e-02  -2.994250702854e-03  -2.676679038819e-02   3.502646380377e-02  -2.935195889419e-02  -4.691945925297e-03  -4.192208951015e-02   2.340596065412e-02  -1.971379730853e-02  -3.157199518976e-03  -2.824636215275e-02   5.691358908443e-03   1.048925216789e-03   1.725862109579e-04   1.472511365447e-03   5.109999206212e-04   7.242941260180e-04   2.806308690726e-03   4.572511782643e-03   1.566011394529e-03  -3.037214036838e-03  -6.128970632928e-03  -7.099307280119e-03  -2.533897105526e-03  -1.055660330969e-03  -7.791453150841e-05  -1.577269938403e-03   3.688832763533e-02   5.702785904611e-02   1.769822855193e-02   5.033763507075e-03   2.771910837452e-03   4.389303959712e-04   3.930146470867e-03  -3.050040127670e-03  -6.142572734490e-03  -7.086434864282e-03  -2.522998446157e-03  -1.023889873560e-03  -2.584191839329e-04  -1.575962641362e-03  -3.008584040328e-03  -6.130776979512e-03  -7.169067212731e-03  -2.529017162877e-03  -1.158690711712e-03  -1.861719998308e-04  -1.497998174634e-03
  -1.192677724877e-02  -1.962160750989e-02  -2.962374324006e-02  -4.740576377064e-03  -4.237309062857e-02   4.868504359263e-02  -4.638164486927e-02  -7.427762679180e-03  -6.636462643936e-02   3.253313808570e-02  -3.115259466072e-02  -4.997461613992e-03  -4.471529975491e-02   7.913551052015e-03   1.658793731451e-03   2.724154120206e-04   2.331050051129e-03   8.060717785647e-04   1.146601237065e-03   4.435766255174e-03   7.238484109342e-03   2.474047996927e-03  -6.126892287501e-03  -1.153148377559e-02  -1.104958373103e-02  -3.884262523033e-03  -1.532631435510e-03   1.520534309765e-04  -2.496920074636e-03   5.702785904611e-02   8.837107014704e-02   2.817592824254e-02   8.086995790259e-03   4.210305760375e-03   6.661450688800e-04   5.964851082459e-03  -6.134156443409e-03  -1.153335930985e-02  -1.102261740677e-02  -3.866660023820e-03  -1.404156343675e-03  -6.262087126569e-04  -2.495141348851e-03  -6.130764531354e-03  -1.161187987526e-02  -1.119008566483e-02  -3.885210853141e-03  -2.011468474607e-03  -3.236387463334e-04  -2.114296321250e-03
   1.458643571307e-03   2.132036510463e-03  -1.158254549763e-02  -1.870119398173e-03  -1.668345592661e-02  -4.615484425164e-03  -1.813811976220e-02  -2.927896305153e-03  -2.612952685161e-02  -3.097159473670e-03  -1.218639777915e-02  -1.967549818245e-03  -1.760556985553e-02  -7.437623436635e-04   6.532877695814e-04   1.045674290105e-04   9.177814829665e-04   3.127867922075e-04   4.514640534492e-04   1.738851508302e-03   2.849972466177e-03   9.644807513809e-04  -7.096900168893e-03  -1.104743459816e-02  -3.712195820003e-03  -1.090845338151e-03  -1.190368613264e-04   1.035750958585e-03  -9.832036429185e-04   1.769822855193e-02   2.817592824254e-02   1.168938936294e-02   3.611425087436e-03   1.031485941737e-03   1.620855789688e-04   1.453187914419e-03  -7.077292897547e-03  -1.101605418771e-02  -3.692892329980e-03  -1.087109010419e-03   2.114860250136e-04  -1.019039000978e-03  -9.835381350634e-04  -7.168999315095e-03  -1.118987626984e-02  -3.809899143392e-03  -1.102284884681e-03  -1.416286004306e-03  -2.283799565736e-04   6.412405805748e-05
   8.396025043749e-04   1.342631481081e-03  -3.548768432403e-03  -5.731108155642e-04  -5.073766193366e-03  -3.234257353719e-03  -5.557589515376e-03  -8.970982363817e-04  -7.946497258291e-03  -2.165566454089e-03  -3.734250745672e-03  -6.026675290858e-04  -5.354193523288e-03  -5.229896047973e-04   2.005230888909e-04   3.182551815498e-05   2.791139426730e-04   9.584024458856e-05   1.372953352695e-04   5.331065433283e-04   8.667433296520e-04   2.952040420744e-04  -2.535210320970e-03  -3.886362211165e-03  -1.090094265118e-03  -3.011415330378e-04   3.999821986755e-07   3.923736861363e-04  -2.990192648309e-04   5.033763507075e-03   8.086995790259e-03   3.611425087436e-03   1.134451209665e-03   2.653062181928e-04   4.161430450609e-05   3.754861463531e-04  -2.529210675346e-03  -3.877023127702e-03  -1.084584983119e-03  -3.005670885660e-04   1.233989990236e-04  -3.718125346341e-04  -2.992036208080e-04  -2.528892094386e-03  -3.884976604722e-03  -1.102228236940e-03  -2.990836967242e-04  -4.789721127063e-04  -7.719113264810e-05   8.605720505772e-05
  -1.139758786086e-03  -1.876173551386e-03   2.648990666443e-04  -2.933240621728e-04  -2.637126820923e-03   4.658189383390e-03   4.154901809997e-04  -4.598587853471e-04  -4.130255191637e-03   3.115249687450e-03   2.799759501318e-04  -3.103187037466e-04  -2.782874186921e-03   7.554941233396e-04  -1.579383677710e-05   1.667287423081e-05   1.450810867419e-04  -6.054597222923e-05   7.170813769400e-05  -3.393880908316e-05   4.496562503042e-04   1.545939479929e-06   7.894434092433e-04   1.071594233545e-03  -2.047999615404e-04  -1.099858218820e-04  -6.863970797807e-05  -1.886764367458e-04  -1.553773480608e-04   2.771910837452e-03   4.210305760375e-03   1.031485941737e-03   2.653062181928e-04   3.204666546556e-04   3.114772205168e-05   2.776145321833e-04   1.286433188904e-03   1.858888635817e-03   1.052414456797e-04  -1.445098872510e-05  -1.782140032890e-04   1.798258769138e-04  -1.549657207093e-04  -1.155479420576e-03  -2.006915325305e-03  -1.416394318361e-03  -4.791655423570e-04  -6.622137640468e-05  -3.047926983726e-05  -3.830841475400e-05
  -1.808438503714e-04  -2.975287503387e-04  -2.928903460971e-04   2.069867794498e-03  -4.193356449422e-04   7.381387726772e-04  -4.586461989132e-04   3.241693826655e-03  -6.567612265789e-04   4.921049778310e-04  -3.087758559771e-04   2.183544262831e-03  -4.425095690981e-04   1.205076758342e-04   1.596106377597e-05  -1.138933804108e-04   2.307048685897e-05   3.407736054295e-04   1.111501528655e-05  -6.331310179184e-06   7.198475844683e-05  -1.166024942803e-04   1.724838711293e-03   2.701467398780e-03   9.625535039130e-04   2.853138687547e-04  -1.518821243268e-04  -1.523119065042e-04  -2.468180894408e-05   4.389303959712e-04   6.661450688800e-04   1.620855789688e-04   4.161430450609e-05   3.114772205168e-05   1.295334531859e-04   4.393282060486e-05  -1.388947115544e-03  -2.226938572364e-03  -9.742979058231e-04  -3.040608571137e-04   1.441318712319e-04  -4.241296007031e-05  -2.492881825919e-05  -1.874387793614e-04  -3.254208665586e-04  -2.283161915170e-04  -7.711974949000e-05  -3.052400339940e-05   1.197075206583e-04  -5.618218522412e-06
  -1.618742696393e-03  -2.663409664391e-03  -2.633308494861e-03  -4.193597795741e-04  -1.628713476795e-03   6.609333560637e-03  -4.122608319533e-03  -6.572929231641e-04  -2.550905995206e-03   4.417530600066e-03  -2.768595986394e-03  -4.424549993447e-04  -1.718777534851e-03   1.073565868423e-03   1.470030138163e-04   2.438048713868e-05   8.959942745136e-05   7.230427723707e-05   4.385092128992e-05   3.947929133558e-04   2.787796800770e-04   2.198612237507e-04  -9.092491281627e-05  -3.940198369586e-04  -1.040707699846e-03  -3.865073744405e-04  -1.825725253350e-04  -8.066070495469e-05  -9.596873204292e-05   3.930146470867e-03   5.964851082459e-03   1.453187914419e-03   3.754861463531e-04   2.776145321833e-04   4.393282060486e-05   5.186997248881e-04  -9.623769646170e-05  -4.012460582243e-04  -1.040714746911e-03  -3.851125320095e-04  -1.978959851649e-04   1.875620384808e-05  -9.582428301431e-05   1.500285538834e-03   2.118226219277e-03  -6.136553548740e-05  -8.512592068041e-05   3.763141815454e-05   6.099076643035e-06  -3.707905852515e-04
  -8.358525442266e-03  -1.393601644296e-02   2.294800784660e-02  -2.342040176022e-02  -3.438372568189e-05   3.505062398883e-02   3.594125274551e-02  -3.668471009375e-02  -5.384802834897e-05   2.346878228197e-02   2.416135078203e-02  -2.472159116003e-02  -3.616677384958e-05   5.666204530193e-03  -1.294592937710e-03   1.290363103148e-03   1.953300463904e-06  -4.890331722996e-03   7.294336442792e-06  -2.821681542686e-03  -7.143936253832e-06  -9.350998825070e-05  -3.030464082840e-03  -6.145282066660e-03  -7.138186631123e-03  -2.517662885375e-03   1.396452217867e-03  -1.284823408731e-03  -2.032466053018e-06  -3.050040127670e-03  -6.134156443409e-03  -7.077292897547e-03  -2.529210675346e-03   1.286433188904e-03  -1.388947115544e-03  -9.623769646170e-05   3.686384167505e-02   5.700300507778e-02   1.767342423925e-02   5.044972297744e-03  -3.387886230944e-03   3.442889492159e-03   5.060027303489e-06  -3.050042864798e-03  -6.134167999808e-03  -7.077335664769e-03  -2.529305612463e-03   1.286660102453e-03  -1.389062868178e-03   9.232855756265e-05
  -1.193776757819e-02  -1.964255246446e-02   3.629092229428e-02  -3.708195861290e-02  -5.438002477083e-05   4.875332676829e-02   5.683801105944e-02  -5.808293335899e-02  -8.514762891839e-05   3.265258730203e-02   3.820804967871e-02  -3.914102121772e-02  -5.717844579962e-05   7.878647041763e-03  -2.045984958857e-03   2.042249883478e-03   3.084328443849e-06  -7.740614900735e-03   1.154097271270e-05  -4.460102589525e-03  -1.130028547521e-05  -1.460703815195e-04  -6.151585906216e-03  -1.161437815414e-02  -1.113752441167e-02  -3.866969626515e-03   2.346348012122e-03  -1.753731771920e-03  -3.242467291408e-06  -6.142572734490e-03  -1.153335930985e-02  -1.101605418771e-02  -3.877023127702e-03   1.858888635817e-03  -2.226938572364e-03  -4.012460582243e-04   5.700300507778e-02   8.835140504293e-02   2.813898650717e-02   8.102943995445e-03  -5.146235104530e-03   5.227096042912e-03   7.686653159397e-06  -6.142573659406e-03  -1.153333353981e-02  -1.101607616402e-02  -3.877154143506e-03   1.859777970781e-03  -2.227333419523e-03   3.954111067336e-04
