ARMA_MAT_TXT_FN008
153 153
   3.184078040537e-01   2.840493945351e-01  -8.796470949677e-04   6.209826951660e-03  -1.231856193007e-05  -6.508701116232e-02  -9.391126052933e-04   7.110864658407e-03  -1.418844115790e-05  -6.022404726208e-02  -3.144165759863e-03   6.944590724906e-03  -1.305150170366e-05   1.714024896564e-03   1.591306150122e-03   1.443647474970e-03  -3.111039040711e-06  -3.304977784396e-04   1.998756480168e-07   4.897698531417e-04   8.818274455310e-07  -7.101090750315e-04  -7.245907500920e-03  -4.539280284508e-03   2.940013508123e-03  -8.557748085961e-04  -2.324930876022e-03   1.446820055776e-03  -2.537121231200e-06   1.290917070592e-03   2.015578628217e-03   2.498609549332e-03   3.884007669225e-03  -7.536763561838e-06  -4.878567521057e-03   3.707730178571e-03   6.036159518148e-03  -1.168019415705e-05   1.186064838086e-02  -4.074864319774e-03  -8.638706930784e-04  -9.392851074831e-07  -1.628699794921e-03  -1.155937099634e-04   3.897050103838e-04  -4.545535802299e-07  -2.777956168467e-03   7.934570592395e-06   1.493946362013e-03   5.946530982042e-06   1.619753123981e-03  -3.301741860114e-04  -5.603647925717e-04  -2.295151031114e-03  -1.416681170675e-03   1.243542275324e-06   1.736609914657e-03  -3.367053316860e-03  -2.144985285760e-03   2.017836066411e-06   7.876071894773e-04  -2.748028276732e-03  -2.419654418301e-03   3.320863023244e-06  -1.255108529314e-04   4.561605185780e-04   6.804812662367e-04  -1.922616652878e-06  -4.262397828175e-05   8.590102212989e-08  -4.259666868769e-06   1.620938985176e-07   5.984144731452e-05  -1.369116126679e-04  -2.338301807545e-04  -7.199092793496e-04  -1.429024273625e-03   1.954507978804e-04   7.956472960442e-04  -1.105455792352e-03  -2.105930455092e-03   2.842223714012e-04  -1.129833178994e-03  -8.109489544169e-04  -1.295872838018e-03  -6.894832340333e-04  -2.851389104684e-03   3.821994899481e-04   1.154925720779e-03  -9.546791099035e-04  -1.334503663426e-05  -4.046499023392e-05   2.894477566534e-05   3.126182858617e-06   5.372990839114e-06  -1.367452170333e-04  -2.335434872500e-04  -7.194140132228e-04  -1.429075313240e-03  -1.887889803244e-04   7.947370025797e-04  -1.104604414940e-03  -2.105860844580e-03  -2.744097087561e-04  -1.131987551900e-03  -8.123293500977e-04  -1.290407407173e-03   6.953392813162e-04  -2.849656365160e-03   3.803009564138e-04   1.159741225119e-03   9.478763505131e-04  -1.341103105061e-05   4.073453317212e-05   2.851828600340e-05  -3.149063776708e-06   5.136486143993e-06  -2.490447844687e-04  -4.301461189411e-04   1.152800342914e-03  -4.872715054658e-04   3.661848012341e-07   1.370294149232e-03   1.982179299888e-03  -8.130191181599e-04   5.858141364600e-07   1.217961820017e-03   1.200966261500e-03  -3.905631819113e-04  -8.736194214108e-07  -2.301346383350e-05   4.499681520563e-04  -7.362743781881e-05   8.120029961243e-07   7.913632425990e-05  -8.046379732564e-08   3.762950935313e-06  -3.783973192762e-07   1.921807866818e-05  -2.641456050121e-04  -5.166220480526e-04  -7.851805333190e-05   2.534415601229e-04   1.486356133600e-04  -2.341920110173e-05  -9.805055018593e-05  -2.641905419294e-04  -5.163168913762e-04  -7.920926526387e-05   2.517762165622e-04   1.492752903974e-04  -2.248269160530e-05   9.757505159023e-05
   2.840493945351e-01   2.625508295752e-01  -1.449209502918e-03   9.887270798659e-03  -1.957964939169e-05  -1.115391570064e-01  -1.739546599953e-03   1.263738622147e-02  -2.516203880372e-05  -1.003153169008e-01  -5.300706444188e-03   1.190861529080e-02  -2.234904976627e-05   2.125108110187e-03   2.630487323184e-03   2.332103051017e-03  -5.076598321461e-06  -5.191179601427e-04   6.805211860849e-08   7.470827347232e-04   1.395831295598e-06  -1.194983519103e-03  -1.208717712080e-02  -7.528352828242e-03   5.091240152161e-03  -1.433346240509e-03  -3.899226963061e-03   2.434993739738e-03  -4.276763819602e-06   2.112981514845e-03   3.310094352538e-03   4.109767843537e-03   6.439583832782e-03  -1.248461433765e-05  -7.983124477652e-03   6.171705662048e-03   1.007766759470e-02  -1.947260185672e-05   1.971030022365e-02  -6.959470038292e-03  -1.343801555808e-03  -1.863619470662e-06  -2.511845382994e-03  -2.689672456215e-04   6.084376769805e-04  -6.532444594962e-07  -4.685718969455e-03   1.337267070502e-05   2.510120886544e-03   1.003212773313e-05   2.746810412691e-03  -5.567587228870e-04  -9.432396710148e-04  -3.886653542445e-03  -2.401972860788e-03   2.108228664964e-06   2.913700700650e-03  -5.694053162276e-03  -3.638698469478e-03   3.437804340598e-06   1.370828266000e-03  -4.678509400283e-03  -4.099123688954e-03   5.590995226149e-06  -8.340031373396e-06   6.729701007491e-04   1.142539100719e-03  -3.349361242619e-06  -6.772904739167e-05   1.550424638756e-07  -6.452540557126e-06   2.593138936205e-07   1.021947858019e-04  -2.273137220947e-04  -3.865765800390e-04  -1.194374178386e-03  -2.391627975545e-03   3.186670598952e-04   1.309543618312e-03  -1.834758115594e-03  -3.521039808263e-03   4.633649304447e-04  -1.915831565698e-03  -1.335613113867e-03  -2.174324576168e-03  -1.182588928979e-03  -4.762909224203e-03   6.385980627017e-04   1.902751468226e-03  -1.590019276456e-03  -1.955373330119e-05  -6.977199270315e-05   4.450724604327e-05   3.289545660444e-06   6.505195602479e-06  -2.270264737271e-04  -3.860808146484e-04  -1.193565122620e-03  -2.391642707343e-03  -3.074592536127e-04   1.307969170668e-03  -1.833358269058e-03  -3.520797704139e-03  -4.468531733328e-04  -1.919574473469e-03  -1.337985136088e-03  -2.164967438467e-03   1.192527184661e-03  -4.760054896465e-03   6.354108776551e-04   1.910792018900e-03   1.578781908824e-03  -1.965537820910e-05   7.017580380482e-05   4.377574665925e-05  -3.331709802034e-06   6.091311860756e-06  -4.199971711513e-04  -7.221718011202e-04   1.967911646446e-03  -8.050275751198e-04   4.845477121376e-07   2.285710021069e-03   3.367741100068e-03  -1.342781385133e-03   7.856343712811e-07   2.064772342817e-03   2.079861588768e-03  -6.246736786983e-04  -1.687460949651e-06  -6.064828713072e-05   7.434287205867e-04  -1.273472897179e-04   1.414980647693e-06   1.322830144687e-04  -1.247645166874e-07   6.310760907415e-06  -6.314512121837e-07   3.278178302752e-05  -4.437208567948e-04  -8.845677477965e-04  -1.193664064486e-04   4.105348718355e-04   2.467131386217e-04  -3.611596209903e-05  -1.681466205862e-04  -4.437974001628e-04  -8.841174000182e-04  -1.206600526967e-04   4.076770708714e-04   2.477897984345e-04  -3.448503451697e-05   1.673370283150e-04
  -8.796470949677e-04  -1.449209502918e-03   5.546618518427e-02  -7.042209724518e-03   1.690108987776e-05   5.064291407186e-03   8.615925752673e-02  -1.104308602666e-02   2.668520219684e-05   1.126884371345e-02   5.548542916150e-02  -1.421105415944e-02   3.364299429023e-05  -2.125496710549e-02   3.555288489007e-03  -5.707341112054e-03   1.296949633895e-05   5.988174097768e-03   3.331769691533e-07   9.362632852772e-04  -1.165560461541e-05  -1.517475443077e-03  -3.791247997611e-02  -5.476980643696e-02   1.243670264771e-02  -2.754615251842e-03  -9.572835807518e-03   2.675163646916e-03  -2.462114066402e-06  -6.046860963008e-03  -1.025676139056e-02  -1.053139393244e-02  -1.814533710728e-02   3.623709742919e-05   3.098205131537e-02  -1.749132951140e-02  -3.133866152652e-02   6.215617481505e-05   1.895847286393e-02   2.423664585903e-03  -1.158770141344e-02   3.622642359769e-05   1.033595091330e-02  -2.478267621642e-03  -1.697757009233e-03   2.593285348467e-06   5.731036948691e-03  -2.501556959616e-05  -2.777260997641e-03  -1.508081353158e-05  -8.682347985192e-03   1.446725386016e-03   2.461679080220e-03   8.564597708889e-03   3.815893863847e-03  -2.385420815644e-07  -7.497468891597e-03   1.275101590416e-02   5.870170367029e-03  -8.809124688765e-07  -9.635345785841e-03   1.426140865802e-02   7.623409235427e-03  -4.448975987983e-06  -8.778769048281e-03   4.840154918413e-03   1.940681295246e-04   7.085179672882e-06   3.125952655083e-04   1.219915563141e-07  -6.889983318043e-05  -6.116063579276e-07   2.731862807237e-05   1.837003674535e-04   3.153563327441e-04   3.999634991848e-05   3.068971504102e-03   1.659372950602e-04  -9.889500321363e-04   5.899418830828e-05   4.486267032384e-03   2.034870951382e-04   3.119033026681e-04  -1.156448080195e-04   4.543047443396e-03   1.135419745595e-03   1.710405027003e-03   8.009751278632e-04   1.784442511420e-04   1.431252981356e-03   7.437110123497e-05  -7.262994897811e-06  -1.453485612826e-04  -1.884827865755e-04  -2.169198365499e-04   1.819030757060e-04   3.122794034356e-04   3.589964171547e-05   3.058574037852e-03  -1.849656021292e-04  -9.792279428927e-04   5.242176010481e-05   4.470334413198e-03  -2.317528867201e-04   3.230974701208e-04  -1.201482894151e-04   4.522493815764e-03  -1.163074829776e-03   1.696727656035e-03   8.015600844238e-04   1.742039813161e-04  -1.426530585604e-03   7.509603845231e-05   5.090691115491e-06  -1.445120562679e-04   1.883245596819e-04  -2.174393850048e-04  -1.676191755942e-03  -2.869628156845e-03   6.657931113722e-03  -2.313010888802e-03   5.663921502306e-07   8.681285785227e-03   1.013299150074e-02  -3.319039330509e-03  -8.471957860299e-08   1.280215885486e-02   1.134482456869e-02  -3.281071045897e-03  -3.000999130403e-06  -3.649227466948e-03   1.633279592688e-04  -3.619840621169e-04   8.026764190783e-07   5.551802548570e-04   7.132227981470e-07   2.697564498976e-04  -1.985143041770e-06  -1.886670554345e-04  -1.150105817059e-03  -2.577489082696e-03  -4.683095762964e-04  -1.638417177068e-04   6.535668114804e-04  -2.181640516026e-06  -4.913780181432e-04  -1.147582698676e-03  -2.574701374013e-03  -4.658748688665e-04  -1.677667061478e-04   6.552230394222e-04   3.053238015363e-06   4.883874473252e-04
   6.209826951660e-03   9.887270798659e-03  -7.042209724518e-03   6.385816882830e-02   3.650783275582e-05  -2.888715499964e-02  -1.105653443206e-02   9.864926111910e-02   5.925622523353e-05  -5.806097899114e-02  -1.316800895662e-02   7.374198204614e-02   9.293048605389e-05   4.137070974256e-04  -4.384507345386e-03   3.568638961416e-03   2.692030291614e-06   3.161695915429e-04  -9.261233481077e-06  -3.440054757521e-03  -2.418131263945e-07  -4.282341932726e-03   1.321674501354e-02   2.351862184763e-02  -1.380373950044e-02  -3.991870547383e-03   6.020129743915e-03   4.443623933134e-03   4.803617831544e-06  -8.371850343559e-03  -1.427107223679e-02  -2.073337433557e-02  -1.951715476764e-02   5.479742398509e-05   4.299873220563e-02  -3.749632691843e-02  -3.448520328866e-02   9.939832198279e-05   2.910566651316e-02  -2.386237966780e-02   3.002178988895e-03  -2.055438679491e-07  -9.155538894783e-04   2.788284130256e-04   3.027518194916e-03   9.682184335773e-06   1.023636382306e-02  -3.761303561161e-05  -6.379772171685e-03  -3.246671465953e-05   6.040006932511e-03  -3.935205188380e-05  -5.332198176177e-05   1.287586701699e-03   1.375558821269e-03  -1.310670733126e-05  -9.879780764625e-05   1.929670978457e-03   1.855177986900e-03  -1.886627579143e-05   4.852987840377e-03  -8.285886687003e-04   2.600441914435e-03  -2.554237415308e-05   1.347296307788e-02  -3.152188114576e-03   2.785051750659e-03  -2.403910584911e-05   3.623602021678e-04   1.230905977459e-06   7.617948873749e-05  -1.397628702913e-06   3.624006399316e-04   1.230895870560e-03   2.089455575441e-03   5.042750858386e-03   6.852074706018e-03  -4.494456148053e-03  -6.247184104853e-03   7.424438066546e-03   1.032034125729e-02  -6.512714365493e-03  -9.192700831267e-03   1.004615299610e-02   1.109033471231e-02  -7.301768865032e-03  -7.747390030426e-03   1.120969466718e-03   3.348624355815e-03  -3.914720584710e-03   2.098033945819e-04  -1.233554978690e-04  -2.299219589403e-04  -2.406416590731e-04  -7.926387809447e-05   1.238906414410e-03   2.103104065528e-03   5.041887749838e-03   6.920108919112e-03   4.482931903201e-03  -6.288577218234e-03   7.425182271612e-03   1.042263609300e-02   6.495951928025e-03  -9.266489944350e-03   1.004859859830e-02   1.120857689262e-02   7.287014142413e-03  -7.739821835308e-03   1.105661652022e-03   3.368667790764e-03   3.887532472186e-03   2.114079743324e-04   1.207135491230e-04  -2.306103391747e-04   2.392750797181e-04  -8.089154548587e-05   6.187701900985e-04   1.061900869747e-03  -2.987378117478e-03   2.554309464045e-04   1.321502092943e-06  -3.287438510244e-03  -4.522695201330e-03   3.549436516186e-04   2.844990849936e-06  -4.347807843940e-03  -4.725020802805e-03   5.784244933720e-04   1.003096743688e-06   4.551824126128e-03   1.381199652102e-03  -1.175797565483e-03   2.825754995445e-05  -1.603950612428e-04  -5.273876753626e-07  -1.266431912373e-04   1.173565921252e-06   2.286636676408e-04   2.583454276276e-04   4.387773272411e-04   7.842108955557e-04   5.695409728739e-04  -3.360689105780e-04  -7.810508512543e-05   1.213217298868e-04   2.520866509828e-04   4.350025065268e-04   7.339440874161e-04   5.552333241032e-04  -3.357101983096e-04  -7.884610394501e-05  -1.186403845309e-04
  -1.231856193007e-05  -1.957964939169e-05   1.690108987776e-05   3.650783275582e-05   8.180428397504e-02   5.633512846854e-05   2.642875086157e-05   5.932524463121e-05   1.280573772315e-01   1.216373580484e-04   2.768398766642e-05   9.620527001369e-05   1.189651805468e-01  -4.468636582407e-05   2.403408969895e-05  -1.367754356170e-05   5.890116567349e-03  -1.906700224951e-07   5.664626590860e-03  -1.220324129398e-05   1.469221505823e-04  -2.595058581671e-06  -2.117824583426e-05  -4.846180601580e-05   6.561796339602e-05   8.960252781258e-06  -1.060718773954e-05   5.822339017137e-06   7.647895522357e-03   1.694093093632e-05   2.891583081107e-05   4.159245774906e-05   5.618203095277e-05   8.474487290580e-03  -8.688884599722e-05   7.448773788145e-05   1.030691597125e-04   1.584326959765e-02  -6.190914244954e-05   7.922220204731e-05  -1.154142358139e-05   1.053871703058e-02   1.170524743467e-05  -1.134974637247e-05   1.491170174149e-05   6.785936687400e-03  -3.081320010554e-05  -1.281310396455e-02   6.446960139988e-05  -7.435263748946e-03   1.212842421532e-05   2.355548012505e-06   3.981250941254e-06   1.351676585818e-05  -1.020158566220e-05  -4.127536868838e-03  -1.157063620143e-05   1.985604402992e-05  -1.449007567258e-05  -6.151785616121e-03  -2.982276368228e-05   3.318003257621e-05  -1.540466573364e-05  -6.723935737107e-03  -7.989021573562e-05   3.507667305703e-05  -2.382056840470e-05  -4.312210188484e-03  -1.090235974186e-06  -1.919506072801e-04   1.480334536974e-07  -2.417429149489e-04  -1.963949825509e-07  -1.443777569093e-03  -2.453403059158e-03  -1.508430894808e-03  -7.999688845183e-03   2.841504263492e-03   7.365114749840e-03  -2.389349903720e-03  -1.210537260747e-02   4.309658038601e-03   1.329019971882e-02  -3.698950297626e-03  -1.449938807178e-02   4.638776381692e-03  -1.659042107140e-03   1.934551639586e-03   2.290425500076e-04  -2.508082758399e-03  -9.345520614650e-05  -6.850131397867e-05   6.638623179196e-05  -1.611861645099e-04   1.068032987178e-04   1.436955437850e-03   2.441875523963e-03   1.472242271023e-03   7.982098454099e-03   2.772213938190e-03  -7.331396653770e-03   2.336507900216e-03   1.207959155169e-02   4.208193660117e-03  -1.323293638979e-02   3.625465959666e-03   1.446914550376e-02   4.513031013091e-03   1.747163300183e-03  -1.932297929704e-03  -2.779682497528e-04  -2.546776008024e-03   9.158170237511e-05  -7.029764141147e-05  -6.538492538507e-05  -1.626193840137e-04  -1.062658354844e-04  -8.699780448206e-07  -1.503509216085e-06   7.869905426428e-06   1.021523390296e-07  -6.749888740318e-04   5.296227876274e-06   1.259698834877e-05   5.564226852099e-07  -8.934694971844e-04  -1.318014407211e-06   1.417791884283e-05  -3.557297838678e-06  -6.918953593623e-04  -2.263298324143e-06   3.227266314827e-06   4.336205000786e-05   6.747036742594e-03   9.340071732244e-07  -1.558215162289e-04   8.894083981654e-07   2.319520551504e-04   1.312956994603e-07   6.193350234531e-04   7.778817495767e-04   6.898364938259e-03   1.534200020959e-03  -7.787073451820e-06  -1.479788644688e-04   7.244200837083e-05  -6.187233277084e-04  -7.611383293122e-04  -6.926613404689e-03  -1.535936715435e-03   1.092327423149e-05   1.499579372804e-04   6.845882752543e-05
  -6.508701116232e-02  -1.115391570064e-01   5.064291407186e-03  -2.888715499964e-02   5.633512846854e-05   3.258710337869e-01   6.988547483847e-03  -4.170788719929e-02   8.167769599423e-05   2.857690765659e-01   1.640738226579e-02  -3.747393167052e-02   6.936021968723e-05  -4.373266976477e-03  -7.069154138075e-03  -6.591637794789e-03   1.449205683308e-05   1.422021142386e-03   1.332973816510e-06  -1.753366766332e-03  -3.831323493669e-06   3.544831882168e-03   3.319372744615e-02   1.954983068646e-02  -1.389603117136e-02   4.300078221707e-03   1.078476868762e-02  -7.085176479971e-03   1.253920880965e-05  -5.320293922095e-03  -8.250265280967e-03  -1.111362907795e-02  -1.788694554234e-02   3.431745692208e-05   1.919945557129e-02  -1.680775503281e-02  -2.819134521645e-02   5.374353979078e-05  -5.641793958337e-02   2.108757633056e-02   3.231202299825e-03   7.463945575607e-06   6.571829721176e-03   9.753083785527e-04  -1.665836099784e-03   1.475874102802e-06   1.329797684989e-02  -3.846953227223e-05  -7.053751089113e-03  -2.860485914924e-05  -8.268684576532e-03   1.803456729689e-03   3.043590311604e-03   1.178108450626e-02   7.003215583912e-03  -5.554938425938e-06  -9.279526541228e-03   1.730707498005e-02   1.060901145046e-02  -9.118734904988e-06  -4.948096410967e-03   1.435489623963e-02   1.197006264731e-02  -1.538472104775e-05  -1.138295936292e-03  -1.449685151310e-03  -3.350142079748e-03   1.061259938454e-05   2.039238766044e-04  -4.832404056216e-07   4.427966410207e-05  -8.576523732240e-07  -3.570455494136e-04   7.338344405802e-04   1.236606042417e-03   3.089258934688e-03   6.950187241306e-03  -1.039445292961e-03  -4.061526757011e-03   4.751619160893e-03   1.025315365231e-02  -1.567270859956e-03   5.405926362123e-03   3.268790445591e-03   6.299384155452e-03   3.363238744358e-03   1.391559686755e-02  -1.848187050330e-03  -5.452806567485e-03   4.674228022946e-03   5.329041754891e-05   2.563915138894e-04  -1.349712997757e-04  -1.381549736363e-05   4.362161262219e-06   7.330474798321e-04   1.235237485407e-03   3.085747124676e-03   6.950473106623e-03   1.005894774817e-03  -4.057109666081e-03   4.745644969884e-03   1.025299586218e-02   1.517601123020e-03   5.417452780430e-03   3.274254061721e-03   6.271792283967e-03  -3.393652771068e-03   1.390726100083e-02  -1.838789781547e-03  -5.476476745393e-03  -4.641860112891e-03   5.372790805937e-05  -2.575025639225e-04  -1.322966680984e-04   1.405918491664e-05   5.864945184515e-06   1.200929329028e-03   2.050413069317e-03  -6.149707099273e-03   2.065298537291e-03   8.345334392016e-07  -6.415958449909e-03  -1.039959501021e-02   3.464512752949e-03   1.173384135334e-06  -5.876807791979e-03  -6.750087696545e-03   1.365424337298e-03   8.379238853158e-06  -3.027659108592e-04  -2.343678194469e-03   3.646957733013e-04  -4.045696850327e-06  -3.880599284511e-04   4.532518822202e-07  -9.686250808702e-06   1.852329704829e-06  -9.069462226468e-05   1.273414191783e-03   2.626393207526e-03   3.505996930923e-04  -1.154631187144e-03  -7.277818042338e-04   6.978127004107e-05   4.967910143471e-04   1.273570982476e-03   2.625152316340e-03   3.554431965249e-04  -1.145931490236e-03  -7.309351686500e-04   6.490320571351e-05  -4.940456607255e-04
  -9.391126052933e-04  -1.739546599953e-03   8.615925752673e-02  -1.105653443206e-02   2.642875086157e-05   6.988547483847e-03   1.339292111150e-01  -1.726920079225e-02   4.158132074268e-05   1.692615067947e-02   8.614817771968e-02  -2.218081078909e-02   5.247187699413e-05  -3.284043802558e-02   5.410861527018e-03  -8.816112220474e-03   2.006988110580e-05   9.360878975993e-03   4.443404209780e-07   1.444496945088e-03  -1.824083727200e-05  -2.372013460741e-03  -5.909221998065e-02  -8.530824822814e-02   1.917248980406e-02  -4.411484067979e-03  -1.489887254120e-02   4.155650598204e-03  -3.811598793895e-06  -9.969732329323e-03  -1.698802001787e-02  -1.589556687155e-02  -2.779324516679e-02   5.510202726424e-05   5.138586649410e-02  -2.630556760902e-02  -4.791451657274e-02   9.425189224956e-05   2.987006011926e-02   3.734155622921e-03  -1.802693846639e-02   5.589317540768e-05   1.609828008435e-02  -3.941415284075e-03  -2.787861795269e-03   4.373320944716e-06   8.601634353383e-03  -3.761869764211e-05  -4.076632977552e-03  -2.282376888606e-05  -1.324044425471e-02   2.037983221970e-03   3.472110150609e-03   1.240547411288e-02   6.689896044235e-03  -3.429132913019e-06  -1.066020290085e-02   1.837709652488e-02   1.030461181534e-02  -6.169408097272e-06  -1.440436997192e-02   2.119586027107e-02   1.276102508653e-02  -1.036495872398e-05  -1.379905735259e-02   7.551863538148e-03   3.458514697111e-04   1.087022882912e-05   3.938593612781e-04  -4.175657777370e-09  -1.668265201910e-04  -5.089703430493e-07   1.113429944072e-04   1.239663685464e-04   2.182894370267e-04  -3.359710872957e-04   3.594315709159e-03   5.500172613420e-04  -7.850312583232e-04  -4.989282993619e-04   5.147033793603e-03   8.156624957392e-04   9.816845485565e-04  -7.836081470220e-04   5.583336452192e-03   2.024927308712e-03   2.465648740541e-03   1.271232511685e-03   2.924151273125e-04   2.139107493989e-03   1.043932978099e-04  -1.082072757420e-04  -1.982091519865e-04  -2.856418917527e-04  -3.780611662719e-04   1.214814662214e-04   2.140283205558e-04  -3.428557566702e-04   3.577302490666e-03  -5.734078460141e-04  -7.714630854069e-04  -5.098308659901e-04   5.120706623660e-03  -8.499304066817e-04   9.983468872844e-04  -7.914834520375e-04   5.550617451817e-03  -2.060606352557e-03   2.445294301713e-03   1.271886428565e-03   2.861979851093e-04  -2.132083967675e-03   1.053243787509e-04   1.047629341782e-04  -1.978726908913e-04   2.853197322544e-04  -3.793517851142e-04  -2.494505977826e-03  -4.244437818956e-03   1.010593621333e-02  -3.082729317167e-03  -1.678702197640e-06   1.277263198434e-02   1.538021160337e-02  -4.382109924478e-03  -4.037129272138e-06   1.895038423955e-02   1.728562708969e-02  -4.445180194676e-03  -7.762062519689e-06  -5.338779094720e-03   2.605464514083e-04  -3.654784567238e-04   3.634498947568e-07   8.438806875016e-04   9.073099603565e-07   4.117468633912e-04  -2.947384727136e-06  -3.196525308907e-04  -1.633631680203e-03  -3.730710322683e-03  -8.461422389306e-04  -2.296923593098e-04   1.008310301786e-03   1.743561245607e-05  -7.111854136204e-04  -1.630030796511e-03  -3.726945057334e-03  -8.423264519080e-04  -2.359863767171e-04   1.010671979258e-03   2.506003656512e-05   7.063727173178e-04
   7.110864658407e-03   1.263738622147e-02  -1.104308602666e-02   9.864926111910e-02   5.932524463121e-05  -4.170788719929e-02  -1.726920079225e-02   1.525407752802e-01   9.585355423866e-05  -8.716865018563e-02  -2.041942749189e-02   1.139290051293e-01   1.478047906457e-04   4.915485180794e-04  -6.864273826473e-03   5.407298125718e-03   4.531664975971e-06   5.452762051769e-04  -1.436423221469e-05  -5.390994822022e-03  -4.666188574781e-07  -6.619833886441e-03   2.092170937358e-02   3.679999545782e-02  -2.147967701658e-02  -6.265211544455e-03   9.448220927974e-03   6.803813235781e-03   7.755165767638e-06  -1.379251494768e-02  -2.356067851003e-02  -3.194743640313e-02  -2.978113547533e-02   8.485559754237e-05   7.091925965066e-02  -5.772373253002e-02  -5.246171025524e-02   1.537058211894e-04   4.493198387791e-02  -3.691458876256e-02   4.807085523085e-03  -2.342209841977e-07  -1.231820577311e-03   3.035043551464e-04   4.557005544796e-03   1.547293211230e-05   1.560894671673e-02  -5.797182786599e-05  -9.771568698075e-03  -4.970476366945e-05   9.284102939491e-03  -2.435382401851e-04  -3.895718020714e-04   1.021519246175e-03   1.946341253251e-03  -2.019469204518e-05   6.911841729342e-04   1.428006455150e-03   2.623235722749e-03  -2.921686714959e-05   8.120594009958e-03  -2.441287092762e-03   3.713341714388e-03  -3.924931724918e-05   2.082332890393e-02  -4.894807890629e-03   4.264403215177e-03  -3.715512711021e-05   5.052102768396e-04   1.832998283196e-06   5.771966196490e-05  -1.872398957470e-06   6.505287874655e-04   1.686457477910e-03   2.865837804418e-03   7.655237762891e-03   9.932172181825e-03  -5.968000029734e-03  -8.650120005482e-03   1.127708843450e-02   1.489882605465e-02  -8.502692522452e-03  -1.355294106753e-02   1.530732174190e-02   1.636131611949e-02  -1.017143497619e-02  -1.212540926704e-02   1.719632649586e-03   5.177042343011e-03  -6.057077930227e-03   3.111752881875e-04  -3.024947401799e-04  -2.800292508070e-04  -3.544395609162e-04  -1.585748276222e-04   1.698766665408e-03   2.886796685628e-03   7.660379940998e-03   1.003312804117e-02   5.951426198179e-03  -8.713685891878e-03   1.128824668541e-02   1.505011117179e-02   8.478957132818e-03  -1.366759875529e-02   1.531941815450e-02   1.654015993255e-02   1.015002717137e-02  -1.211428219586e-02   1.696191341718e-03   5.208167739282e-03   6.014819043083e-03   3.132107077814e-04   2.989704474142e-04  -2.821478563145e-04   3.518785420775e-04  -1.616554357249e-04   9.200548955488e-04   1.576013297944e-03  -4.727327642134e-03   1.493343038566e-04   3.350116430714e-06  -4.877927941384e-03  -7.177275363031e-03   1.745497047434e-04   6.403555629160e-06  -6.471840332042e-03  -7.454222309472e-03   5.809327742025e-04   3.438637766371e-06   7.175094042084e-03   2.104590857099e-03  -1.854661071740e-03   4.395388050553e-05  -2.516439099154e-04  -7.231668179428e-07  -1.929759595119e-04   1.829175204743e-06   3.688787763765e-04   3.535250025556e-04   5.782748090852e-04   1.172303281646e-03   8.758734792068e-04  -5.439610035560e-04  -1.365624887907e-04   1.685744839152e-04   3.435115171811e-04   5.718530750360e-04   1.094513608939e-03   8.534401429489e-04  -5.433494378455e-04  -1.374221266707e-04  -1.641104679893e-04
  -1.418844115790e-05  -2.516203880372e-05   2.668520219684e-05   5.925622523353e-05   1.280573772315e-01   8.167769599423e-05   4.158132074268e-05   9.585355423866e-05   2.004740585874e-01   1.838590526980e-04   4.312402775646e-05   1.530473619107e-04   1.862115495502e-01  -6.927931438079e-05   3.752735659429e-05  -2.103445804580e-05   9.197849593193e-03  -3.617542290069e-07   8.877332969725e-03  -1.908641238350e-05   2.419574018793e-04  -4.219544398303e-06  -3.383713758646e-05  -7.631249843689e-05   1.022204761019e-04   1.411844604310e-05  -1.672013733096e-05   9.348627757480e-06   1.196497537173e-02   2.801229186237e-05   4.791276158162e-05   6.426000968834e-05   8.712478515795e-05   1.362089088413e-02  -1.438557192173e-04   1.149650824641e-04   1.596817270249e-04   2.547522279091e-02  -9.598581223223e-05   1.233823642145e-04  -1.793930054851e-05   1.665655178181e-02   1.792422271098e-05  -1.748245653136e-05   2.371048263814e-05   1.062378856190e-02  -4.736130050875e-05  -1.987449490313e-02   9.966686260872e-05  -1.154225331171e-02   1.887884495133e-05   3.866802747737e-06   6.544899758757e-06   2.250162163005e-05  -1.404268530560e-05  -6.130855766337e-03  -1.895373203260e-05   3.327075823295e-05  -1.980067820794e-05  -9.122088509979e-03  -4.733500307917e-05   5.362114376085e-05  -2.156566111644e-05  -1.013821632917e-02  -1.248185217320e-04   5.482750438536e-05  -3.705267469895e-05  -6.721977859886e-03  -1.692807906928e-06  -2.904579868052e-04   2.461389305411e-07  -4.016265886570e-04  -4.636480344182e-07  -2.221591872552e-03  -3.773153442416e-03  -2.872649409088e-03  -1.247676228451e-02   4.079950256692e-03   1.132781130764e-02  -4.519580586779e-03  -1.887358784743e-02   6.181904593965e-03   2.077203586128e-02  -6.450587465718e-03  -2.272470242973e-02   6.848256813774e-03  -2.439776849084e-03   2.982087270355e-03   3.350960665438e-04  -3.916134711074e-03  -1.297238755718e-04  -8.643723725793e-05   9.132420989190e-05  -2.733367268488e-04   1.703784950806e-04   2.212021724635e-03   3.756970798341e-03   2.817902741257e-03   1.245075836462e-02   3.977825971263e-03  -1.128022299804e-02   4.439706531746e-03   1.883573803705e-02   6.033057557450e-03  -2.068587602546e-02   6.338227508580e-03   2.267945367256e-02   6.658420313064e-03   2.577853120110e-03  -2.978329031392e-03  -4.113765638931e-04  -3.976471780908e-03   1.266883369243e-04  -8.968399331786e-05  -9.039874730550e-05  -2.754641283786e-04  -1.694500494080e-04  -1.197333716877e-06  -2.072317952621e-06   1.219541174811e-05   1.122293033863e-06  -1.109280896907e-03   7.441947651690e-06   1.958036379532e-05   2.348075306589e-06  -1.479438954912e-03  -3.454369951138e-06   2.207322460168e-05  -4.326298703425e-06  -1.136306956592e-03  -2.865688718164e-06   5.112877319618e-06   6.831062584625e-05   1.055537133167e-02   1.442839588955e-06  -2.498372386113e-04   1.424947058154e-06   3.651666999770e-04   1.761401130842e-07   1.003484797543e-03   1.261345529329e-03   1.080572976755e-02   2.409622683064e-03  -9.182752366236e-06  -2.365381668466e-04   1.180642431193e-04  -1.001768743886e-03  -1.233784882378e-03  -1.085062909165e-02  -2.412253565610e-03   1.421246830271e-05   2.397912549736e-04   1.115140548750e-04
  -6.022404726208e-02  -1.003153169008e-01   1.126884371345e-02  -5.806097899114e-02   1.216373580484e-04   2.857690765659e-01   1.692615067947e-02  -8.716865018563e-02   1.838590526980e-04   2.729972291388e-01   2.487002587284e-02  -6.887425338627e-02   1.418097737067e-04  -2.968679555302e-03  -3.051147849278e-03  -7.913224441275e-03   1.885399835230e-05   1.370082550850e-03   1.254593151428e-05   4.317209175176e-04  -3.529655512920e-06   5.098383848913e-03   1.780574419784e-02  -4.080559622899e-04  -2.877956535080e-03   6.499406144740e-03   5.216248978921e-03  -8.121076536452e-03   1.637749774761e-05  -1.815341943264e-03  -2.289578299253e-03   3.545689892984e-03  -2.719563802323e-03   7.470460744124e-06   1.372337384755e-03   9.414524908366e-03  -1.348088424990e-03   5.944577962214e-06  -6.459849219580e-02   3.312561177180e-02   3.202570554337e-03   1.734219736293e-05   5.474410326251e-03   2.506296647484e-03  -1.173849078261e-03   4.762616064859e-07   7.505787952748e-03  -2.937587332027e-05  -3.291722492018e-03  -1.876424442316e-05  -1.078386388999e-02  -9.145629393029e-04  -1.493087437296e-03   1.259529124674e-02   1.457103518597e-02  -2.531525254885e-05   4.071638673247e-03   1.837718209513e-02   2.245458644032e-02  -4.028706806818e-05   1.812366444390e-03   1.739489489355e-02   2.061339312120e-02  -3.585803501208e-05  -9.927502186779e-03   8.842788939837e-04  -4.232814600634e-03   1.749621988845e-05  -5.557834569544e-04  -2.980331552790e-06  -1.501267569969e-04   1.261311231685e-06  -6.717435381310e-04  -1.798682234039e-03  -2.998572629217e-03   7.711936257460e-03   7.193804266531e-03   4.765736504280e-03   8.359171701648e-03   1.200598003303e-02   1.062118755439e-02   7.311351729784e-03   1.554353392853e-02   7.350684570356e-03   6.071434199815e-03   1.055576901088e-02   1.542651994478e-02  -1.909502066658e-03  -6.381005461453e-03   6.189788984259e-03  -2.745485129171e-04   2.371431649654e-04   3.125008563672e-04   5.166926004772e-04   1.820687556782e-04  -1.802293382805e-03  -3.004724541621e-03   7.727806804473e-03   7.156657195482e-03  -4.792419360243e-03   8.378099414608e-03   1.202915867413e-02   1.056325014077e-02  -7.350564411212e-03   1.556935065977e-02   7.381448326037e-03   5.995985835177e-03  -1.057798792470e-02   1.541300133446e-02  -1.896725225015e-03  -6.411559466037e-03  -6.151150171261e-03  -2.774278722600e-04  -2.334625475298e-04   3.130810023397e-04  -5.160523267941e-04   1.844285329520e-04   1.138712017408e-03   1.982260015768e-03  -4.745546548856e-03   4.685073694833e-03  -1.420220814651e-05  -6.252385068734e-03  -8.094008822881e-03   7.434757836307e-03  -2.192472685989e-05  -6.375653682591e-03  -4.566185862454e-03   4.602413373243e-03  -1.142679713111e-05  -3.244953346439e-03  -3.031851919265e-03   1.597483175825e-03  -1.269255585372e-05  -3.360484880468e-04  -3.481974234514e-07   4.080736415886e-05   1.915510935209e-06  -3.767159318784e-04   2.016074116801e-03   3.835264615987e-03   3.131991626155e-05  -1.313205228956e-03  -4.031909582815e-04   2.027583545340e-04   7.220704981877e-04   2.019541391352e-03   3.837148503191e-03   4.361495626459e-05  -1.302034372872e-03  -4.075867280840e-04   1.950624551745e-04  -7.224098742926e-04
  -3.144165759863e-03  -5.300706444188e-03   5.548542916150e-02  -1.316800895662e-02   2.768398766642e-05   1.640738226579e-02   8.614817771968e-02  -2.041942749189e-02   4.312402775646e-05   2.487002587284e-02   5.702583815396e-02  -2.116688883512e-02   4.537073428513e-05  -1.954486532674e-02   3.365075209969e-03  -5.812334166668e-03   1.291377872142e-05   5.868907256093e-03   1.977673421132e-06   1.185669061033e-03  -1.151957785476e-05  -1.074842371191e-03  -3.755641583041e-02  -5.536171823564e-02   1.192216285343e-02  -1.831448185994e-03  -9.716883634335e-03   2.122635075319e-03  -1.342397456383e-06  -5.330099691314e-03  -8.959004564410e-03  -1.006957052268e-02  -1.504884751668e-02   2.840072630573e-05   2.666265183367e-02  -1.672853085913e-02  -2.556376590802e-02   4.751171674858e-05   1.293665247277e-02   4.429912269203e-03  -1.008666477849e-02   3.349564915594e-05   1.022817825099e-02  -2.041014208168e-03  -1.330782126241e-03   1.747432766094e-06   5.852712183394e-03  -2.484353003386e-05  -2.287117232459e-03  -1.695513647670e-05  -9.682469677817e-03   9.507475251755e-04   1.651028661439e-03   1.283923404458e-02   7.994602649092e-03  -4.524424795626e-06  -5.123579934142e-03   1.925270542671e-02   1.228546513453e-02  -7.567402790995e-06  -6.855595400690e-03   1.910926895085e-02   1.334359828255e-02  -1.124242538109e-05  -8.755670437741e-03   4.852950805518e-03  -1.210796689179e-05   7.954010582694e-06   1.633448811995e-04  -5.723604731346e-07   3.585785847512e-06  -8.011171852851e-07  -3.101489994496e-04  -6.296220963146e-04  -1.047630308789e-03  -3.387051253690e-04   3.948956521974e-03   1.953881200555e-03   3.005470386859e-03  -4.982056904954e-04   5.820838283329e-03   2.961293114587e-03   3.595694675102e-03  -9.391077287743e-04   5.486281288283e-03   3.384661593885e-03   2.158429920119e-03   6.356654146138e-04  -2.406335934266e-04   1.899866872554e-03   7.869112483859e-05  -1.032360282529e-05   7.189223158607e-07  -1.628988799299e-04  -1.657165175189e-04  -6.302067701606e-04  -1.048717005996e-03  -3.461713384877e-04   3.920468413463e-03  -1.976421363705e-03   3.009461377515e-03  -5.099354323997e-04   5.777108596840e-03  -2.994850531104e-03   3.602226744267e-03  -9.486834311149e-04   5.442131776567e-03  -3.415994222362e-03   2.146342274151e-03   6.365372991202e-04  -2.482212582368e-04  -1.893784581975e-03   7.936863382540e-05   1.003580717978e-05   1.232755338021e-06   1.625702817014e-04  -1.664272769497e-04  -2.238582052601e-03  -3.841795577973e-03   7.429021340980e-03  -4.350168683659e-03   1.152882650692e-05   1.162034055199e-02   1.126232119736e-02  -6.399468672686e-03   1.655315251769e-05   1.653510318886e-02   1.249575070291e-02  -5.940527786400e-03   1.090897715259e-05  -3.899314910699e-03   8.441059359870e-05  -6.635901661705e-04   1.581435146251e-06   6.203527817891e-04   1.631927876409e-06   3.112857373538e-04  -2.480375674354e-06  -1.034928889280e-04  -1.708768782852e-03  -3.637746350369e-03  -6.213719909461e-04  -3.105306683990e-04   6.562919689736e-04  -9.470525442576e-05  -6.960243525052e-04  -1.704320219601e-03  -3.632940541946e-03  -6.163005115359e-04  -3.136198100605e-04   6.588216686604e-04  -8.743817265357e-05   6.938068920989e-04
   6.944590724906e-03   1.190861529080e-02  -1.421105415944e-02   7.374198204614e-02   9.620527001369e-05  -3.747393167052e-02  -2.218081078909e-02   1.139290051293e-01   1.530473619107e-04  -6.887425338627e-02  -2.116688883512e-02   8.693585554974e-02   1.829672870837e-04   3.193040591930e-03  -4.937275225681e-03   4.653107405704e-03   6.184630659879e-06  -3.206563383813e-04  -6.597912797721e-06  -3.990842422707e-03   1.071959325447e-06  -4.678240910916e-03   1.870304723307e-02   3.225547464149e-02  -1.575677161551e-02  -3.909112663796e-03   7.748542225491e-03   4.785857540636e-03   1.092754773972e-05  -9.400396556561e-03  -1.593172888837e-02  -1.983466241218e-02  -1.994035599485e-02   5.967679689401e-05   4.761181259627e-02  -3.585119882067e-02  -3.529933283961e-02   1.084383782593e-04   2.983586907212e-02  -2.535423281599e-02   4.993498716207e-03   1.159959729893e-06  -2.505254770650e-03   1.441611156735e-03   4.358699998263e-03   1.382000983914e-05   1.136826078475e-02  -5.147633170527e-05  -7.381672271185e-03  -3.929497635663e-05   8.122666723974e-03  -1.195679309139e-03  -1.990005567384e-03  -8.796623839802e-04   3.426829392307e-03  -3.050504736451e-05   5.515841111454e-03  -1.469057256916e-03   5.009160257792e-03  -4.546887596450e-05   9.055328758342e-03  -3.505531115351e-03   4.578293401846e-03  -4.727822323208e-05   1.492681237449e-02  -4.044265929785e-03   3.176095000273e-03  -3.063933208611e-05   1.603659810931e-04   6.087660439882e-07  -3.271302786866e-05  -3.722134828392e-07   5.101285911724e-04   5.770421793392e-04   1.002943304876e-03   1.067247328267e-02   9.707064182963e-03  -5.158908369354e-03  -3.083883179685e-03   1.601101568255e-02   1.462878377579e-02  -7.404505063827e-03  -7.139215926501e-03   1.781489190415e-02   1.496908892459e-02  -8.307300416762e-03  -8.907873148824e-03   1.253748083496e-03   3.804740259904e-03  -4.570767596410e-03   8.386153554809e-05  -8.975757185418e-05  -2.084485909546e-04  -5.749437806291e-06   8.484858272467e-06   5.860425277237e-04   1.018359054241e-03   1.068352773533e-02   9.818141362991e-03   5.154287983482e-03  -3.130658466313e-03   1.603043110822e-02   1.479601199348e-02   7.398564752328e-03  -7.227380792611e-03   1.783756200983e-02   1.515077777941e-02   8.300175280843e-03  -8.895161175130e-03   1.234562016152e-03   3.828927674867e-03   4.537728320462e-03   8.441935333091e-05   8.626179049686e-05  -2.096934402581e-04   4.586949967513e-06   8.050219370697e-06   1.114119629326e-03   1.918642522436e-03  -4.881708356513e-03   1.535610373035e-03  -3.393129753913e-06  -5.909916402814e-03  -7.392034638534e-03   2.267833478898e-03  -3.893415209750e-06  -7.962157734458e-03  -7.656701625658e-03   2.222293528308e-03  -4.225853877630e-06   4.604410636907e-03   1.233811217677e-03  -1.262774066209e-03   3.722088600109e-05  -2.971606127670e-04  -1.114222086010e-06  -1.868118227768e-04   2.056521564101e-06   2.338042842940e-04   7.877691268367e-04   1.482311021877e-03   1.325110015402e-03   6.397051746224e-04  -4.763823671653e-04  -5.892191890958e-05   3.264179829165e-04   7.789304272544e-04   1.476312474467e-03   1.256379494749e-03   6.219288450074e-04  -4.768750633729e-04  -6.156453209844e-05  -3.230535785515e-04
