ARMA_MAT_TXT_FN008
87 87
  -9.632190907523e+00  -1.206341944618e+01  -3.759659059099e-03  -4.470281341348e-03  -9.066248704693e-28  -4.446081643018e+00   8.898114705568e-06  -4.051052485356e-03  -4.185416488078e-28  -2.001236367694e+00   5.216968936260e-04  -2.213442979556e-03  -1.333167668826e-28  -8.435376768647e-01   2.468416383839e-04  -8.059970056971e-04  -3.354568459482e-29   2.520087742995e-03   0.000000000000e+00   7.452634967726e-03   0.000000000000e+00  -2.820266093622e-03  -1.999856962352e-03  -1.547859285980e-03  -1.520620892834e-02   9.064485068183e-03   3.358597403874e-18  -1.179416410872e-01  -3.369203673960e-01   1.993848126411e-01   1.823152399755e-17  -8.032490111384e-01  -1.524590260063e+00   9.021069082224e-01  -2.389356000402e-17  -8.710348630886e-01  -9.896783061232e-01   5.853548758268e-01  -9.184937096482e-18   2.259045463369e-01  -1.828429673083e-17   1.482335079256e-01   3.088037712206e-17  -1.241926589516e-01  -1.031873853074e-03  -7.236215598774e-04   1.307440104263e-02   5.799501323890e-03  -8.109905626873e-19  -1.255834230859e-01   3.931264003293e-01   1.740095644592e-01  -3.946733507309e-18  -7.290329534945e-01   1.442794804522e+00   6.383819387335e-01   5.202761527400e-18  -7.416318194121e-01   8.554610940374e-01   3.781328640731e-01   1.687110858016e-18  -2.744656607020e-01   3.440760294104e-18   2.137157771330e-01   7.770832074747e-18  -2.494451433710e-01  -3.849903414482e-04  -4.182043958513e-02  -3.581731808873e-01  -4.319698949833e-01   4.878324305182e-03  -3.638636326858e-04  -5.328143400633e-19  -2.373973764266e-04  -3.658608393545e-02  -3.424964642159e-01  -4.252251972547e-01   2.501948332931e-03   3.149478519376e-03   1.077536316869e-19  -1.195864201970e-01  -9.287278435635e-01  -1.013477928240e+00  -6.257555444485e-01   4.967373504381e-03  -1.062710457524e+00  -4.823994608524e-18
  -1.206341944618e+01  -8.851749158040e+00  -3.704059027542e-03  -4.352336017839e-03  -1.259417003377e-27  -3.980945525329e+00   2.907001912246e-04  -2.148872743504e-03  -3.913392720969e-28  -1.881669776220e+00  -2.129476902529e-04   9.463845246221e-04  -1.022055044092e-28  -8.045186426557e-01  -1.484467034830e-04   1.221931467000e-03  -2.391326132188e-29   2.649319660957e-03   0.000000000000e+00   1.081086485399e-02   0.000000000000e+00  -2.272402865505e-03  -7.177869027174e-04  -6.032862548107e-04  -1.516089135674e-02   8.936689556442e-03   1.725434644058e-18  -1.296106695824e-01  -3.691138681412e-01   2.184402596128e-01   2.758072218450e-17  -7.656181191198e-01  -1.424252765145e+00   8.432021183482e-01  -2.944488830845e-17  -8.277252725960e-01  -9.352446672148e-01   5.542400330143e-01  -1.121889336117e-17   2.719822205360e-01  -3.213890623638e-17   1.784761274669e-01   5.427944861547e-17  -1.492997965790e-01  -4.497770105171e-04  -4.878485072781e-04   1.384780351073e-02   6.019555961537e-03  -4.797580645057e-19  -1.348360264730e-01   4.114606017730e-01   1.820929449379e-01  -5.806328073471e-18  -6.956794345338e-01   1.353491974096e+00   5.994486968856e-01   6.380955734710e-18  -7.066197345914e-01   8.109788922110e-01   3.597946134378e-01   2.047121915626e-18  -2.983864890153e-01   5.746194426912e-18   2.319381903190e-01   1.297757127603e-17  -2.708234333358e-01   5.761147514636e-04  -4.222492867531e-02  -3.432003811371e-01  -4.130773841653e-01   5.455209140043e-03   5.242374092496e-04  -4.187780339271e-19   5.415628783935e-04  -3.692596086954e-02  -3.278161868640e-01  -4.061564783410e-01   3.352990781795e-03   2.917629890266e-03   8.106410182427e-20  -1.408821293963e-01  -8.906779837994e-01  -9.646521581008e-01  -5.983764172383e-01   4.893609624895e-03  -1.049849169664e+00  -1.068972856122e-17
  -3.759659059099e-03  -3.704059027542e-03   8.463426933902e-01   2.500830603701e-02   0.000000000000e+00   1.410706234696e-02  -5.837095431959e-01   2.964101721748e-02   0.000000000000e+00   5.083954595788e-03  -4.810914151989e-01   7.246973416907e-03   0.000000000000e+00   3.760801497345e-05  -1.503900307116e-01  -2.277219821454e-04   0.000000000000e+00  -1.650146502086e-01   0.000000000000e+00  -1.068800171812e-02  -1.934243194178e-27  -3.218704086147e-03   5.800713250432e-02   5.772228472083e-02   2.386746802273e-01  -1.783705076321e-01  -3.257824024119e-17   3.267206802386e-01   3.388021573004e-01  -2.899482392827e-01   2.837151640276e-17   2.878014909288e-01   1.256985642828e-01  -2.181626568267e-01   7.377045330578e-17   1.182640703198e-01  -7.607505118154e-02  -7.315989033381e-02   8.886692791961e-18  -1.762992762923e-01  -5.392973118859e-17  -8.984940662600e-02   9.889066466119e-17   7.700567767579e-03  -2.732168846617e-02  -2.901738754087e-02   2.209651179533e-01   1.112095346809e-01  -8.791998638745e-18  -2.805081271221e-01   3.517222139692e-01   2.045113499340e-01   7.295717730564e-18  -2.483589111010e-01   1.417883953818e-01   1.559695330323e-01   1.506386169076e-17  -9.069436726862e-02  -5.549791623202e-02   4.385884432202e-02   1.466730165660e-18  -1.738474913283e-01  -1.373459513573e-17   9.484156506783e-02  -3.236466582590e-17  -7.179364213294e-02   3.781710582814e-03  -7.328213346593e-02  -1.184493905128e-01  -5.188154557910e-02   7.103043187495e-02   7.495981217935e-03  -5.913705446066e-18   6.933983226913e-03  -4.421878242073e-02  -7.637728919196e-02  -3.375329126089e-02   3.454598221700e-02   2.938604783226e-02   8.293100775807e-19  -3.136264000757e-03  -4.658237894291e-03  -1.047801028863e-03  -2.843273139710e-04  -1.735805943673e-01  -6.399235991622e-03   6.323818974228e-19
  -4.470281341348e-03  -4.352336017839e-03   2.500830603701e-02   8.800244896956e-01   0.000000000000e+00  -2.517007040260e-02   2.936365777410e-02  -5.304084128540e-01   0.000000000000e+00  -3.658425960544e-03   7.071928504753e-03  -4.864843376159e-01   0.000000000000e+00   1.426889464430e-02   1.099440676096e-04  -1.728033678832e-01   0.000000000000e+00   2.650090862327e-02  -1.934243194178e-27   2.833797164856e-02   0.000000000000e+00  -1.096141367697e-01  -3.435550826780e-02  -3.429353559015e-02  -1.804407140510e-01   4.514474526872e-02   1.928960288219e-17  -1.959991104830e-01  -2.939258565948e-01   2.137922927814e-02  -1.679879823271e-17  -1.724644929762e-01  -2.246863524164e-01  -1.142040317635e-01  -4.367954617072e-17  -6.697772920965e-02  -7.337752996035e-02  -1.659483394435e-01  -5.261818123943e-18   1.757741792894e-02   3.974049622866e-17   5.418351172960e-02  -5.392973118936e-17  -1.652783098996e-01  -1.200671051120e-02  -1.307078624463e-02   1.142466074206e-01   1.911126625916e-02  -3.892911277830e-18  -1.273914941335e-01   2.059299172462e-01  -2.130136043490e-02   3.230389698770e-18  -1.102605179817e-01   1.597082341767e-01  -1.423411577997e-01   6.669959752880e-18  -3.418893897137e-02   4.222431406845e-02  -1.486334298138e-01   6.494371349436e-19   4.074889029134e-02  -7.426970476621e-18   4.075430043686e-02  -1.373459513598e-17  -1.605963650871e-01   3.999152401381e-03   2.226961815771e-03   8.083509959539e-03   1.244411546272e-02   4.538025965888e-03  -2.640585565745e-03   1.714576880555e-19   1.595388175981e-03  -4.952643710168e-02  -8.582311221990e-02  -3.492595055307e-02   3.466567972653e-02   2.955437458304e-02   9.580223989350e-19   4.157238798058e-01   3.980008623911e-01   1.913984703760e-01   6.261599931891e-02   2.119228004933e-03   2.336148175232e-01  -1.280811355946e-16
  -9.066248704693e-28  -1.259417003377e-27   0.000000000000e+00   0.000000000000e+00   1.022437181869e+00  -3.360055486648e-27   0.000000000000e+00   0.000000000000e+00  -3.371640307238e-01  -2.143433164094e-27   0.000000000000e+00   0.000000000000e+00  -3.827944229977e-01  -1.017622987141e-27   0.000000000000e+00   0.000000000000e+00  -1.459077864588e-01   0.000000000000e+00  -4.093994504536e-02  -2.233471657674e-27   1.812085316011e-02   0.000000000000e+00  -7.813873461187e-18  -7.514658652028e-18  -3.257824024098e-17   1.928960288210e-17  -1.054079174277e-01  -1.757072151178e-17   2.837151640399e-17  -1.679879823279e-17  -2.083462678925e-01   2.416046512073e-17   7.377045330639e-17  -4.367954616868e-17  -2.635854850079e-01   5.438552709134e-18   8.886692791566e-18  -5.261818121954e-18  -1.941659470722e-01  -5.392973118983e-17   8.300299317513e-02  -2.649437668935e-17  -1.411440849816e-01   2.957508421723e-17   1.349813603374e-18   1.205072987743e-18  -8.791998638642e-18  -3.892911277792e-18  -6.610893458473e-02   3.507832081166e-18   7.295717731605e-18   3.230389699067e-18  -1.521525351580e-01  -4.711092153491e-18   1.506386169278e-17   6.669959753244e-18  -2.116341682832e-01  -8.832252463094e-19   1.466730166719e-18   6.494371350645e-19  -1.496220549699e-01  -1.373459513656e-17   6.170871220658e-02   9.156239791639e-18   1.411476265105e-01  -1.246884767546e-17   4.097043825549e-19   3.283054303223e-18  -2.026834482113e-18  -5.908094439118e-19  -5.913705446012e-18   1.714576880418e-19  -1.962791861401e-02  -7.953478141351e-20  -7.874364686188e-19   4.655994840254e-19   1.442519489833e-19   8.293100775830e-19   9.580223989379e-19  -1.837199884693e-02   1.709284759638e-17  -3.126932066521e-17  -6.724007653276e-18  -6.383225341795e-19   6.323818971841e-19  -1.280811356005e-16  -1.573297251706e-01
  -4.446081643018e+00  -3.980945525329e+00   1.410706234696e-02  -2.517007040260e-02  -3.360055486648e-27  -2.302286120764e+00   3.471038735157e-02  -8.532474729451e-02  -5.340879879889e-27  -1.621179823636e+00   1.134865984086e-02  -5.490528170625e-02  -3.490056024524e-27  -8.848669062662e-01   1.389486369486e-03  -9.697799637643e-03  -1.208990266663e-27   8.563523738313e-02   0.000000000000e+00   2.758521646872e-01   0.000000000000e+00  -1.241318370051e-01  -4.761517326067e-01  -4.573022804584e-01  -3.026944225846e-01   1.780970987332e-01  -4.058828512328e-18  -6.502570835983e-01  -5.134130749187e-01   3.024716289961e-01  -4.032516483260e-17  -9.027221505512e-01  -1.015545984302e+00   5.951576864325e-01  -9.463003338020e-17  -8.900068126842e-01  -8.265781201431e-01   4.781038084927e-01  -4.355335439669e-17   1.787867466110e-01   4.576998277409e-17   1.146756774321e-01  -7.730099493352e-17  -9.837631740832e-02  -2.845709347275e-01  -2.803357653971e-01   2.679552237599e-01   1.174392547646e-01  -2.674937862604e-19  -5.105065182059e-01   5.272157427746e-01   2.346436392870e-01   9.354782435399e-18  -7.951990662305e-01   1.036152914199e+00   4.570217828310e-01   2.241238446983e-17  -7.773981458394e-01   7.741167624712e-01   3.356638210420e-01   8.687534019841e-18  -1.926961521282e-01  -1.139747410388e-17   1.443841144277e-01  -2.574078103924e-17  -1.682671789697e-01  -2.269877086868e-02  -1.604770381024e-01  -4.295830132005e-01  -4.840764113994e-01   1.355422377966e-01  -1.408293673372e-02  -7.659022401572e-18  -2.122732672956e-02  -1.486117618485e-01  -4.155753927096e-01  -4.782476827078e-01   7.387228596261e-02   9.951576375764e-02   1.798490300711e-18  -4.265797559787e-01  -8.628173560994e-01  -9.679414619177e-01  -6.788378175369e-01  -4.611942713542e-03  -6.184151250514e-01   6.926501265120e-17
   8.898114705568e-06   2.907001912246e-04  -5.837095431959e-01   2.936365777410e-02   0.000000000000e+00   3.471038735157e-02  -6.341761116842e-01   8.090200415271e-02   0.000000000000e+00   2.650447523578e-02  -7.884590785583e-01   5.248976492632e-02   0.000000000000e+00   9.096892650067e-03  -3.509018139151e-01   1.572878899291e-02   0.000000000000e+00  -5.427725516867e-01   0.000000000000e+00  -4.952566111851e-02  -5.187549545214e-27  -4.756670235003e-04   1.227666502408e+00   1.167831148855e+00   3.379349835946e-01  -3.290048237583e-01   4.816363025344e-17   1.025067626075e+00   2.262884460061e-01  -2.715118199987e-01   1.644390294900e-16   6.584469371741e-01   9.898984034357e-03  -1.564207900082e-01   1.478793339875e-16   2.880369449055e-01  -2.061964647015e-01  -6.490894137308e-02   2.653578189307e-17  -2.540193731028e-03  -1.503426359264e-16   6.197468414959e-03   1.982859192651e-16  -2.065361753720e-02  -8.335734389402e-01  -8.062976656733e-01   3.611353632049e-01   2.213656592501e-01   1.146045921651e-17  -7.947927536451e-01   2.670300772701e-01   1.971559574645e-01   4.378735214532e-17  -5.308862271921e-01   3.402220075543e-02   1.364927616363e-01   3.459532008323e-17  -2.056799139166e-01  -1.825515662237e-01   5.904562096247e-02   4.802526004705e-18   1.910510613245e-02  -4.043348742422e-17  -2.127260239743e-02  -7.535755287242e-17   4.061998382802e-02  -9.227014050647e-02  -2.748497499571e-01  -2.835947182801e-01  -1.281779369152e-01   2.795282334306e-01  -6.482063716533e-02  -1.125702068092e-17  -4.784072631122e-02  -1.999130512582e-01  -2.077762607382e-01  -8.529893983667e-02   8.907741213311e-02   1.945684846247e-01   1.901667700335e-18  -4.608929379728e-03  -1.067005709734e-02  -3.114315282550e-03   1.949320507415e-03  -5.924713313645e-02  -7.252323292148e-03   1.090687475950e-18
  -4.051052485356e-03  -2.148872743504e-03   2.964101721748e-02  -5.304084128540e-01   0.000000000000e+00  -8.532474729451e-02   8.090200415271e-02  -3.882033496875e-01   0.000000000000e+00  -1.201130967202e-01   5.277492981200e-02  -5.674069352411e-01   0.000000000000e+00  -6.721082286432e-02   1.646159564669e-02  -2.830704612864e-01   0.000000000000e+00   9.663306863555e-02  -5.187549545214e-27   1.224591970854e-01   0.000000000000e+00  -2.908841459759e-01  -7.268601980585e-01  -6.915358029268e-01  -3.309178454651e-01  -2.017503824009e-02  -2.851772514652e-17  -6.094375859435e-01  -2.766254765196e-01  -7.192839352556e-02  -9.736448481367e-17  -3.999668386495e-01  -1.806401895734e-01  -1.453492934228e-01  -8.755947546942e-17  -2.081619573739e-01  -1.137633454920e-01  -2.149869595062e-01  -1.571185832203e-17  -2.319825548532e-02   3.339000671984e-17  -1.763076424404e-03  -1.503426359278e-16  -3.372876754979e-02  -3.688587524914e-01  -3.571929964619e-01   2.240619310394e-01  -3.797779838541e-02   5.074449253966e-18  -3.542710582073e-01   1.953879829332e-01  -8.722210070582e-02   1.938811457996e-17  -2.426179054090e-01   1.586419685540e-01  -1.772958437107e-01   1.531807695328e-17  -1.284855229199e-01   1.109151771764e-01  -2.087792379016e-01   2.126457068947e-18   4.155969777984e-02  -1.943085148208e-18  -1.145251723446e-02  -4.043348742475e-17  -1.864699045399e-02   7.295612680327e-03  -3.469659373018e-02  -4.245065995257e-02  -3.111816719884e-02   3.876615855672e-02  -4.448452716959e-02   3.263778959879e-19  -6.407000701947e-02  -1.674687317383e-01  -1.876085029108e-01  -1.123488478744e-01   1.039648707299e-01   1.385505469431e-01   2.196814317723e-18   4.594072208805e-01   3.924774992463e-01   1.875769064334e-01   3.304857523777e-02   1.005841996433e-02  -8.826189558950e-02  -2.209052647895e-16
  -4.185416488078e-28  -3.913392720969e-28   0.000000000000e+00   0.000000000000e+00  -3.371640307238e-01  -5.340879879889e-27   0.000000000000e+00   0.000000000000e+00   2.821716948292e-02  -6.359933291530e-27   0.000000000000e+00   0.000000000000e+00  -2.451064274742e-01  -4.016652185531e-27   0.000000000000e+00   0.000000000000e+00  -1.710868532091e-01   0.000000000000e+00  -7.955863149116e-02  -5.990066252728e-27   2.119293833882e-02   0.000000000000e+00   1.567406555611e-18   2.093260355202e-19   4.816363025684e-17  -2.851772514820e-17  -2.631773220869e-01   5.519255603716e-17   1.644390295002e-16  -9.736448481779e-17  -2.982785031613e-01   6.880821406433e-17   1.478793339977e-16  -8.755947546930e-17  -2.468339689357e-01   1.820838746571e-17   2.653578189481e-17  -1.571185831713e-17  -2.059905964887e-01  -1.503426359323e-16   2.648326425737e-02  -1.632295873316e-16  -4.628689233705e-02   8.244795627682e-17   1.282301343292e-18   1.985687137565e-18   1.146045921838e-17   5.074449254710e-18  -1.910559238243e-01  -1.112720585117e-17   4.378735215162e-17   1.938811458224e-17  -2.303803482227e-01  -1.444693685988e-17   3.459532009221e-17   1.531807695578e-17  -2.146072660286e-01  -3.158409743406e-18   4.802526009501e-18   2.126457069818e-18  -1.742355823419e-01  -4.043348742762e-17   1.851019016925e-02   4.995831852865e-17   4.130830812582e-02  -3.670723386549e-17   7.262386363382e-18   3.640906518635e-18  -8.124331757970e-18  -2.362859673647e-18  -1.125702067872e-17   3.263778956110e-19  -5.912931580851e-02  -1.645349490667e-18  -1.034854765096e-18   1.895098240192e-18   5.776303936289e-19   1.901667700275e-18   2.196814317625e-18  -5.494627579228e-02  -6.496550789184e-17  -7.896929586110e-17  -2.113959750179e-17  -2.485864700880e-18   1.090687475276e-18  -2.209052648150e-16  -3.718414745918e-02
  -2.001236367694e+00  -1.881669776220e+00   5.083954595788e-03  -3.658425960544e-03  -2.143433164094e-27  -1.621179823636e+00   2.650447523578e-02  -1.201130967202e-01  -6.359933291530e-27  -1.326674063526e+00  -3.234524946093e-02  -1.738704036069e-01  -9.732691829440e-27  -8.323449162639e-01  -3.753250141348e-02  -7.935311118033e-02  -6.355978835668e-27   1.068330558101e-01   0.000000000000e+00   3.715056106145e-01   0.000000000000e+00  -1.883057797001e-01  -1.097879952676e+00  -1.039678041730e+00  -1.981592626196e-01   1.130720796159e-01  -6.631652492877e-18  -1.012375064324e+00  -3.387920420847e-01   1.949993712252e-01  -2.502406301813e-17  -9.519570036847e-01  -6.591564486952e-01   3.723485451317e-01  -5.534214636631e-17  -8.397772698504e-01  -6.436059098240e-01   3.164314843573e-01  -4.388987433008e-17   1.376011937561e-01   7.545763314117e-18   8.832351912179e-02  -1.274405137122e-17  -7.455072663996e-02  -8.815887952378e-01  -8.376791885901e-01   2.006074958983e-01   8.855982082112e-02   2.348210076321e-18  -8.651100376575e-01   3.435828979184e-01   1.575833199023e-01   8.314483253147e-18  -8.966550348811e-01   6.701353097006e-01   2.955066268695e-01   1.597592322628e-17  -7.853095828323e-01   5.913571547433e-01   2.289891177151e-01   1.033904273277e-17  -1.286280978651e-01  -2.753888030950e-18   1.335575947630e-01  -6.219556032087e-18  -1.055518852204e-01  -1.460519984285e-01  -3.312403430595e-01  -5.122628667596e-01  -5.082659602497e-01   2.330162012987e-01  -1.115163148848e-01   4.201823930527e-18  -1.409437665280e-01  -3.159275196203e-01  -5.055036129197e-01  -5.129268683551e-01   7.088595694176e-02   2.322129081246e-01  -9.161006786052e-19  -4.177306389567e-01  -6.697986948008e-01  -7.993392485888e-01  -6.363413636941e-01  -1.100051037349e-02  -4.458323660932e-01   2.644660108960e-17
   5.216968936260e-04  -2.129476902529e-04  -4.810914151989e-01   7.071928504753e-03   0.000000000000e+00   1.134865984086e-02  -7.884590785583e-01   5.277492981200e-02   0.000000000000e+00  -3.234524946093e-02  -8.612360892010e-01   3.032046422622e-02   0.000000000000e+00  -6.613884992601e-02  -4.584289563992e-01  -1.276524365036e-03   0.000000000000e+00  -4.940063040998e-01   0.000000000000e+00  -3.176395579194e-02  -4.125284714933e-27  -1.236902279625e-02   1.636295990582e+00   1.544617819657e+00   7.710910115361e-03  -1.629114818792e-01   1.515431010691e-17   1.255043302302e+00   3.434078842583e-02  -1.712920406548e-01   5.091084615204e-17   7.412819207852e-01  -6.816931513218e-02  -6.148315587990e-02   8.066742675876e-17   2.852213030075e-01  -3.031135395903e-01   6.364691857826e-03   3.569855776383e-17  -7.307133101383e-02  -1.404420669182e-17  -3.935284764937e-02   7.006992061903e-18   8.166141452274e-03  -1.517762257846e+00  -1.432145131319e+00   7.075072387426e-02   1.312691262061e-01   6.308497649933e-18  -1.190879451346e+00   3.473904387601e-02   1.340355549755e-01   1.915905800306e-17  -7.887270046041e-01  -1.366462668924e-01   6.294354610280e-02   2.477511624833e-17  -3.585837269567e-01  -2.735158421071e-01   2.817867334805e-02   8.103668139925e-18  -1.972671119370e-02  -5.766045802328e-18   1.015448586147e-01  -5.995065027484e-18  -1.931756013336e-02  -3.255146936786e-01  -5.190347715788e-01  -4.639423906894e-01  -2.441854671902e-01   3.388892915351e-01  -2.340797201901e-01   2.491545968360e-17  -2.054848900090e-01  -4.032555186673e-01  -3.806177888284e-01  -1.923383399467e-01   3.078399926327e-02   3.453194471833e-01  -3.792052635381e-18  -4.409703855460e-03  -1.626943752744e-02  -4.434407690937e-02  -5.634302023767e-02  -2.780320484065e-02  -5.142540158927e-03   2.614847386243e-19
  -2.213442979556e-03   9.463845246221e-04   7.246973416907e-03  -4.864843376159e-01   0.000000000000e+00  -5.490528170625e-02   5.248976492632e-02  -5.674069352411e-01   0.000000000000e+00  -1.738704036069e-01   3.032046422622e-02  -4.515377963708e-01   0.000000000000e+00  -1.492964500428e-01  -8.315279756827e-04  -2.479704620293e-01   0.000000000000e+00   7.549850878643e-02  -4.125284714933e-27   1.231523389663e-01   0.000000000000e+00  -2.391256652212e-01  -9.688098423949e-01  -9.145916389985e-01  -1.620762123978e-01  -1.638721529940e-01  -8.972879497249e-18  -7.446334590941e-01  -1.724765750423e-01  -1.493073256976e-01  -3.014435394321e-17  -4.502956655719e-01  -8.710900449393e-02  -1.160397411461e-01  -4.776324983379e-17  -2.530751480361e-01  -9.432125483953e-02  -1.411786684163e-01  -2.113714546490e-17   9.040649909084e-03  -8.396704063424e-18   2.553645051415e-02  -1.404420669232e-17  -6.526128332710e-02  -6.717424427650e-01  -6.342109599333e-01   1.324971954561e-01  -1.575380305837e-01   2.793269500684e-18  -5.281191705602e-01   1.290272862239e-01  -1.918645757733e-01   8.483226173952e-18  -3.519544420267e-01   7.592140574199e-02  -2.027606252849e-01   1.096989813381e-17  -2.110171795848e-01   9.544912633163e-02  -1.778497812031e-01   3.588133074976e-18  -4.755313367317e-03   4.474256577626e-18   4.253851237149e-02  -5.766045802542e-18  -1.763143396820e-02  -2.059711158757e-03  -9.492552678464e-02  -1.230791069501e-01  -9.822577739101e-02   7.996315164234e-02  -9.438661653483e-02  -7.223807731105e-19  -2.237028626315e-01  -3.021985895018e-01  -2.661503043198e-01  -1.765183338173e-01   5.310207380044e-02   2.103130010880e-01  -4.380594738676e-18   3.979868205385e-01   2.741061134126e-01   6.226200294972e-02  -4.430031347735e-02   8.510870863830e-03   1.578621945544e-01  -5.296050122901e-17
  -1.333167668826e-28  -1.022055044092e-28   0.000000000000e+00   0.000000000000e+00  -3.827944229977e-01  -3.490056024524e-27   0.000000000000e+00   0.000000000000e+00  -2.451064274742e-01  -9.732691829440e-27   0.000000000000e+00   0.000000000000e+00  -7.850875141268e-02  -1.158787235297e-26   0.000000000000e+00   0.000000000000e+00  -7.649677353884e-02   0.000000000000e+00  -7.139026341328e-02  -4.763468481301e-27   6.823789936159e-03   0.000000000000e+00   1.289442142997e-17   1.386163466469e-17   1.515431011181e-17  -8.972879499804e-18  -2.818530092128e-01   6.241404690551e-17   5.091084616959e-17  -3.014435395190e-17  -2.844379296006e-01   7.333097394115e-17   8.066742679259e-17  -4.776324984709e-17  -1.447325954900e-01   3.343754444342e-17   3.569855778493e-17  -2.113714546591e-17  -7.436297338417e-02  -1.404420669529e-17   3.415449867208e-02  -2.854536080864e-17  -5.901204949254e-02   7.701848065502e-18  -3.821785035271e-18  -4.340188919239e-18   6.308497653339e-18   2.793269502091e-18  -2.520041999727e-01  -1.802220211536e-17   1.915905801482e-17   8.483226178656e-18  -2.589666701261e-01  -1.876609185881e-17   2.477511627096e-17   1.096989814197e-17  -1.560045826281e-01  -6.849714106641e-18   8.103668157495e-18   3.588133079958e-18  -9.142886573333e-02  -5.766045804794e-18   2.069436557894e-02   1.261072926231e-17   4.272430872917e-02  -5.234660805198e-18  -5.793885970727e-18  -1.799716824973e-17  -2.037991519651e-17  -6.958632029031e-18   2.491545970192e-17  -7.223807756312e-19  -7.345314698444e-02   1.226724555864e-18   4.106956802182e-18   4.875437335872e-18   1.706892776909e-18  -3.792052636495e-18  -4.380594740369e-18  -6.874625690191e-02  -4.740261954127e-17  -6.575324988156e-17  -3.349201266699e-17  -6.803494638552e-18   2.614847379466e-19  -5.296050126255e-17  -2.325052846714e-02
  -8.435376768647e-01  -8.045186426557e-01   3.760801497345e-05   1.426889464430e-02  -1.017622987141e-27  -8.848669062662e-01   9.096892650067e-03  -6.721082286432e-02  -4.016652185531e-27  -8.323449162639e-01  -6.613884992601e-02  -1.492964500428e-01  -1.158787235297e-26  -5.405138287346e-01  -7.754065601978e-02  -8.188292361305e-02  -1.774411046454e-26   6.607431577331e-02   0.000000000000e+00   2.405795315301e-01   0.000000000000e+00  -1.204912678444e-01  -7.773860539407e-01  -7.379326608489e-01  -4.842508719522e-02   2.178370313442e-02  -5.936476147056e-19  -7.482785696085e-01  -1.339922351333e-01   7.063843598147e-02  -2.574071038219e-18  -6.493783038550e-01  -3.530189059998e-01   1.911988451674e-01  -8.780249971003e-18  -5.362997383936e-01  -4.171620085244e-01   1.739101833054e-01  -1.508929545496e-17   6.274331366336e-02   2.191950292684e-19   4.047815520510e-02  -3.701988251975e-19  -3.249127475202e-02  -6.936536759506e-01  -6.605589175757e-01   4.733722076891e-02   2.070090416448e-02   2.524980480982e-19  -7.107540467539e-01   1.140051443871e-01   5.531002794426e-02   1.038945428404e-18  -6.873506921668e-01   3.190325887953e-01   1.438822086938e-01   3.142581524572e-18  -5.583464810933e-01   3.202900848326e-01   1.196301228026e-01   4.627837587421e-18  -4.899535418206e-02  -9.879789176883e-20   9.283617096156e-02  -2.231314479571e-19  -3.425476928172e-02  -1.938918793070e-01  -3.250362054369e-01  -4.063788058053e-01  -3.652512947149e-01   1.970776907147e-01  -1.265452047406e-01   2.069819179661e-18  -1.909571759963e-01  -3.139387258320e-01  -4.006505220586e-01  -3.683531643276e-01   3.803859525762e-02   2.206043446210e-01  -5.029859202679e-19  -2.874069053658e-01  -4.176600554653e-01  -4.932920235376e-01  -4.062370077778e-01  -8.942907207690e-03  -2.513898106938e-01   2.472249598898e-18
   2.468416383839e-04  -1.484467034830e-04  -1.503900307116e-01   1.099440676096e-04   0.000000000000e+00   1.389486369486e-03  -3.509018139151e-01   1.646159564669e-02   0.000000000000e+00  -3.753250141348e-02  -4.584289563992e-01  -8.315279756827e-04   0.000000000000e+00  -7.754065601978e-02  -2.077233840602e-01  -1.692082368148e-02   0.000000000000e+00  -1.827651933794e-01   0.000000000000e+00  -8.936772482758e-03  -1.508120323604e-27  -4.445949105811e-03   6.450557580637e-01   6.122736725003e-01  -8.004754375744e-02  -3.073775560793e-02   7.053072615803e-19   5.791852263756e-01  -6.430063782526e-02  -4.908192763510e-02   2.956931396130e-18   3.571391092728e-01  -4.191866333084e-02  -3.588041735795e-02   8.998769383524e-18   9.930077077081e-02  -1.276713042214e-01   2.577652425118e-03   1.185950695099e-17  -1.644029223742e-02  -2.315615598680e-19  -7.633533372240e-03  -4.939998653283e-19  -4.641249328628e-03  -6.675769870680e-01  -6.348010763941e-01  -7.464403131830e-02   2.450745884564e-02   3.485095597571e-19  -6.357208749705e-01  -1.031024172545e-01   3.688376895761e-02   1.372161755641e-18  -4.691790583024e-01  -1.295335532783e-01   2.603668016284e-02   3.609155623146e-18  -2.245681213930e-01  -1.389625414609e-01   4.743682777111e-03   3.808677395022e-18   2.083026095238e-02  -1.198614093974e-19   6.152978177098e-02   1.889329183369e-19   8.658849446748e-03  -2.751551976402e-01  -3.535662962946e-01  -2.835492789929e-01  -1.524678901061e-01   1.955869049924e-01  -1.551014004971e-01   4.800487139288e-18  -1.788342749414e-01  -2.694023429494e-01  -2.385826953996e-01  -1.323723492887e-01  -2.027018387274e-04   2.111964113628e-01  -7.782195883280e-19  -3.228585803939e-03  -9.938145121896e-03  -3.900474658734e-02  -6.357594405912e-02  -3.342301827045e-02  -1.219027385211e-03   1.436317134760e-20
  -8.059970056971e-04   1.221931467000e-03  -2.277219821454e-04  -1.728033678832e-01   0.000000000000e+00  -9.697799637643e-03   1.572878899291e-02  -2.830704612864e-01   0.000000000000e+00  -7.935311118033e-02  -1.276524365036e-03  -2.479704620293e-01   0.000000000000e+00  -8.188292361305e-02  -1.692082368148e-02  -7.514470241500e-02   0.000000000000e+00   2.459793151336e-02  -1.508120323604e-27   4.718396850207e-02   0.000000000000e+00  -8.335841789971e-02  -3.819357994377e-01  -3.625543182676e-01  -2.856137541483e-02  -1.063279718492e-01  -4.176130105603e-19  -3.436981439845e-01  -4.720760798117e-02  -1.112547549639e-01  -1.750801515365e-18  -2.163423431755e-01  -4.563528658541e-02  -7.359380111324e-02  -5.328178764896e-18  -1.097871124413e-01  -5.696902701874e-02  -3.462212141547e-02  -7.022023837654e-18  -5.170085382908e-03  -7.479767528574e-19   5.943466096787e-03  -2.315615599280e-19  -2.278855880446e-02  -2.954386364401e-01  -2.811255507965e-01   2.551208942699e-02  -1.128632763505e-01   1.543126712553e-19  -2.821655521422e-01   3.506008523398e-02  -1.603214640600e-01   6.075642402978e-19  -2.066832822145e-01   2.773721081827e-02  -1.571769426809e-01   1.598057871425e-18  -1.171943240669e-01   2.814018790567e-02  -7.495409799650e-02   1.686401898284e-18  -8.155390150804e-04   4.065634551453e-19   2.613509416970e-02  -1.198614094249e-19   1.145098974400e-02  -1.163570862884e-03  -5.399953937297e-02  -7.806791063514e-02  -6.392927091735e-02   3.709094478558e-02  -6.294380840778e-02  -1.391818434762e-19  -1.943178421205e-01  -2.141602446683e-01  -1.527408945796e-01  -8.659640507839e-02   2.845939801207e-02   1.343827643476e-01  -8.990024564271e-19   1.953879044165e-01   1.541793896782e-01   1.679934499892e-02  -4.725208381365e-02   3.683069109622e-03   7.242805621465e-02  -2.909082790652e-18
  -3.354568459482e-29  -2.391326132188e-29   0.000000000000e+00   0.000000000000e+00  -1.459077864588e-01  -1.208990266663e-27   0.000000000000e+00   0.000000000000e+00  -1.710868532091e-01  -6.355978835668e-27   0.000000000000e+00   0.000000000000e+00  -7.649677353884e-02  -1.774411046454e-26   0.000000000000e+00   0.000000000000e+00   2.350404724944e-02   0.000000000000e+00  -3.183556893233e-02  -1.741427349606e-27  -1.184552882934e-03   0.000000000000e+00   2.043620007541e-18   2.164453806902e-18   7.053072636416e-19  -4.176130116508e-19  -1.282958286500e-01   1.170486226105e-17   2.956931405006e-18  -1.750801519992e-18  -1.483787674168e-01   2.121092440356e-17   8.998769413098e-18  -5.328178779455e-18  -8.723125508141e-02   2.095850319339e-17   1.185950699895e-17  -7.022023857141e-18   4.592959070039e-03  -2.315615603944e-19   1.526958356746e-02  -1.174483629045e-18  -2.635697115543e-02   1.269884444356e-19  -7.252345130055e-19  -8.112922378481e-19   3.485095613544e-19   1.543126719220e-19  -1.346139744792e-01  -4.105694130290e-18   1.372161762259e-18   6.075642430322e-19  -1.611971656527e-01  -6.730009675680e-18   3.609155643694e-18   1.598057879630e-18  -1.068466062607e-01  -5.589738455377e-18   3.808677428035e-18   1.686401910279e-18  -1.007139751645e-02  -1.198614098308e-19   1.136701769405e-02   6.242071384797e-19   2.310876130432e-02  -1.088152689981e-19  -5.990789498365e-18  -1.336127670799e-17  -1.697014297023e-17  -1.009260251203e-17   4.800487159445e-18  -1.391818460377e-19  -4.727066924502e-02   1.454783618820e-18   3.253846712484e-18   4.157074777891e-18   2.491537563174e-18  -7.782195898081e-19  -8.990024586496e-19  -4.387300791771e-02  -7.263513526785e-18  -1.525591996893e-17  -1.708027030845e-17  -8.571204381790e-18   1.436317106381e-20  -2.909082806337e-18  -3.751415798843e-02
   2.520087742995e-03   2.649319660957e-03  -1.650146502086e-01   2.650090862327e-02   0.000000000000e+00   8.563523738313e-02  -5.427725516867e-01   9.663306863555e-02   0.000000000000e+00   1.068330558101e-01  -4.940063040998e-01   7.549850878643e-02   0.000000000000e+00   6.607431577331e-02  -1.827651933794e-01   2.459793151336e-02   0.000000000000e+00   9.015659394354e-01   0.000000000000e+00  -9.795703209413e-02   0.000000000000e+00   9.971282290330e-03   1.427126608850e+00   1.353562612151e+00   3.536585065362e-01   1.280485910012e-02   1.132841129437e-16   8.364095151017e-01   3.303761508219e-03   1.215671794869e-01   2.809329260428e-16   5.071087496278e-01   4.305658904703e-02  -2.228797726618e-02   1.054870315472e-16   2.443507770598e-01  -6.726584198686e-02   8.799230916025e-04   6.490831514792e-18   1.379746125198e-01  -1.314528943231e-16   1.269561714396e-01   4.246000839409e-16  -2.234966123132e-01  -7.341705537742e-01  -7.101476088693e-01   2.613040079694e-01  -6.410754163303e-02   2.121584602217e-17  -4.593725861650e-01   3.322181615021e-03  -8.806375930880e-02   5.530379636395e-17  -2.649499249413e-01  -2.148262513792e-02  -2.509644126789e-03   1.721444139839e-17  -6.178311816919e-02  -1.480509070519e-01  -1.770907275793e-02   7.696790142991e-19   2.960463860657e-02  -8.112538185887e-18  -1.230847908047e-01  -1.134853213927e-16   2.910041869681e-01   1.322908743480e-02  -7.601349704541e-02  -1.048857602406e-01  -2.769981750908e-02   7.503004991359e-02  -7.846850416360e-02   4.824117606458e-19  -9.475943468643e-02  -1.868941674008e-01  -1.159067861032e-01  -1.415738818732e-02   9.763914268028e-02   1.986771031495e-01   2.357522790487e-18   1.159388969367e-02   2.370048551757e-02   4.740937093935e-02   4.506314300347e-02  -3.228467494748e-01   1.669268894186e-03  -3.063775066903e-18
   0.000000000000e+00   0.000000000000e+00   0.000000000000e+00  -1.934243194178e-27  -4.093994504536e-02   0.000000000000e+00   0.000000000000e+00  -5.187549545214e-27  -7.955863149116e-02   0.000000000000e+00   0.000000000000e+00  -4.125284714933e-27  -7.139026341328e-02   0.000000000000e+00   0.000000000000e+00  -1.508120323604e-27  -3.183556893233e-02   0.000000000000e+00   1.429937915298e+00   0.000000000000e+00   2.757168211953e-02   0.000000000000e+00   1.129007673228e-17   9.269031024149e-18   1.132841129473e-16  -4.801519556992e-17  -1.795343793113e-01   1.085153313179e-16   2.809329260509e-16  -6.998004295595e-17  -8.915938017777e-02   5.263455231949e-17   1.054870315507e-16   2.551867494113e-17  -2.927339806876e-02   4.793370343020e-18   6.490831514924e-18   1.009166959471e-17  -4.870357259651e-02  -1.314528943241e-16  -6.337188102166e-02  -2.713255039743e-16   1.155126700352e-01   2.827497748689e-16   2.425665256453e-19   1.143978582371e-18   2.121584602371e-17   7.033278004766e-18  -1.044934911005e-01  -1.757735951844e-17   5.530379636786e-17   3.794244921871e-18  -5.386651910887e-02  -7.830270078887e-18   1.721444140103e-17  -9.388170682662e-18  -3.093900309556e-02  -5.480497333325e-19   7.696790148259e-19  -1.770126090794e-18  -3.653304169163e-02  -8.112538185126e-18  -3.749792368441e-02   6.059431697252e-17  -9.619200659546e-02  -7.815350276750e-17  -4.161693887094e-19   1.565540509575e-19   2.807606803855e-19   2.566172177973e-20   4.824117605447e-19   4.803684734166e-18  -1.085890663923e-02  -2.449881726660e-18   6.748566972864e-19   1.754318189918e-18   1.665334510178e-19   2.357522790447e-18   1.586580465730e-18  -4.061931373376e-02   2.450538182494e-16   1.285294875821e-16   1.178625893908e-17   4.836008057472e-19  -3.063775065856e-18   4.797730112196e-16  -3.221266938895e-01
   7.452634967726e-03   1.081086485399e-02  -1.068800171812e-02   2.833797164856e-02  -2.233471657674e-27   2.758521646872e-01  -4.952566111851e-02   1.224591970854e-01  -5.990066252728e-27   3.715056106145e-01  -3.176395579194e-02   1.231523389663e-01  -4.763468481301e-27   2.405795315301e-01  -8.936772482758e-03   4.718396850207e-02  -1.741427349606e-27  -9.795703209413e-02   0.000000000000e+00   1.245580999411e+00   0.000000000000e+00   1.539115137020e-01   9.392174078940e-01   8.906881545004e-01   1.601795163530e-01  -9.681748867580e-02   9.660311734296e-17   5.413692429433e-01  -4.324090089669e-02   2.440953366572e-02   2.962531361834e-16   3.604676439530e-01   1.109437034899e-01  -5.547609810760e-02   1.710477255642e-16   2.780286949732e-01   1.671130520800e-01  -6.873712408212e-02   2.036464141216e-17   1.300340910880e-01  -2.713255039746e-16   8.906691295601e-02   4.582420647060e-16  -6.945422562040e-02   5.717960831632e-01   5.524248151277e-01  -1.380800267542e-01  -6.239218945447e-02  -1.926956968664e-17   3.482038233682e-01   3.229198684983e-02   1.152452080534e-02  -6.701922296590e-17   2.671716331655e-01  -1.445469981697e-01  -5.299092589324e-02  -3.306537764041e-17   2.258780939195e-01  -1.806221525060e-01  -4.832414887127e-02  -3.037666227245e-18  -1.232794944102e-01   6.059431697252e-17   9.452284575823e-02   1.368500626704e-16  -1.131917829199e-01   5.077952150147e-02   1.179576578417e-01   1.460790593946e-01   1.390989842182e-01  -1.284288319684e-01   4.310717216357e-02   1.037019787245e-17   4.438772162092e-02   1.115980471106e-01   1.514768014728e-01   1.472742754685e-01  -5.393623229824e-02  -1.159984758809e-01  -2.688016620177e-18   1.782146163385e-02   7.734047812801e-02   2.044210970590e-01   1.754626436268e-01   7.172461684814e-03  -2.319755806975e-01  -3.416677787468e-16
   0.000000000000e+00   0.000000000000e+00  -1.934243194178e-27   0.000000000000e+00   1.812085316011e-02   0.000000000000e+00  -5.187549545214e-27   0.000000000000e+00   2.119293833882e-02   0.000000000000e+00  -4.125284714933e-27   0.000000000000e+00   6.823789936159e-03   0.000000000000e+00  -1.508120323604e-27   0.000000000000e+00  -1.184552882934e-03   0.000000000000e+00   2.757168211953e-02   0.000000000000e+00   1.293022687091e+00   0.000000000000e+00  -1.906782811295e-17  -1.565448088027e-17  -1.722652931293e-16   1.132841129466e-16   3.218027569501e-01  -1.832717114546e-16  -3.781074807857e-16   2.809329260478e-16   1.732530184686e-01  -8.889457708613e-17  -9.017957805952e-17   1.054870315459e-16   4.817340996700e-02  -8.095530608049e-18   2.972520866316e-18   6.490831513144e-18   4.942904859660e-02   4.246000839462e-16   1.162684033058e-01   4.582420647005e-16  -1.908543234610e-01  -1.081183128036e-16   5.478276824504e-19   2.583634052041e-18   4.555456672750e-17   2.121584602354e-17  -2.625021599056e-01  -3.969782764814e-17   1.042085062694e-16   5.530379636702e-17  -1.532819998254e-01  -1.768438039209e-17   2.186782856553e-17   1.721444139992e-17  -6.701489864217e-02  -1.237750404013e-18  -3.726316187441e-19   7.696790144928e-19  -4.416352138529e-02  -1.134853213965e-16  -9.673683450743e-02   1.368500626685e-16  -2.199967340327e-01  -7.168309010657e-17   1.435399723621e-17  -5.399667736599e-18  -9.683648421143e-18  -8.850922247481e-19  -1.182107534451e-17   4.824117600048e-19  -8.198794356510e-02  -2.120734971391e-18   5.841882826515e-19   1.518621856555e-18   1.441593320517e-19   9.039451327325e-19   2.357522790423e-18  -6.233760468201e-02  -1.209917430982e-18  -6.345955701809e-19  -5.819293209208e-20  -2.387708415776e-21  -1.407416262715e-16  -3.063775067083e-18   2.754048791921e-03
