ARMA_MAT_TXT_FN008
136 136
  -2.394420246962e+02  -5.029755240540e+02  -2.258221551827e+02  -1.275940862972e+02  -5.883238391162e+01  -3.115663055784e+01  -9.774101544887e+00  -4.507625374210e+00   3.921028913770e-03  -6.697799341660e-07  -1.364633944639e-07   1.098704435441e-03  -1.974384919005e-07  -4.190362851410e-08  -7.054198269927e-04   1.157081723168e-07   2.486852412140e-08   2.808565219320e-04  -5.458280680822e-08  -1.163423652873e-08   9.131813306543e-04  -1.662599434635e-07  -3.541210827666e-08   1.246794987598e-03  -2.053616918953e-07  -4.357659899171e-08   9.632564345145e-04  -9.601144162893e-08  -2.148519163655e-08  -3.171521200644e-08   5.349917075515e-10  -3.955944547949e-05  -5.284838517607e-09   6.851588415995e-05  -7.680587404607e-10  -1.119236094349e-09  -1.903653136958e-05  -5.753623532414e-10   3.297771282262e-05  -1.727742020484e+00   4.788470074715e-04  -3.549232220387e-08  -7.660495442444e-09  -2.056954589881e-08  -7.368364840569e-09  -3.308230157212e-05  -5.343327118884e-09   5.733004823612e-05   7.016247004097e-06   8.399760323499e-06   3.862341851280e-04   8.646744779143e-08   1.766573950594e-08  -1.902792162839e-02  -9.727584720779e-02  -5.886521478431e-06  -1.112008402078e-06  -6.793599607546e-01  -1.883923196683e+00  -1.158995940694e-04  -2.194440391607e-05  -1.057405985790e+00  -1.608108331902e+00  -9.898425047320e-05  -1.874333247574e-05  -7.182875813756e-06  -3.174371312958e-08   3.403980888802e-02  -1.359887767336e-06  -5.895855550957e-02  -1.179462446985e-06  -1.701078146877e-06  -1.146682849625e-04   1.709560238898e-05  -1.823597442499e-05  -3.865850809643e-05  -1.399687216045e-04   2.538165229109e-05  -2.707047366267e-05  -1.980461354308e-03  -1.030089638163e-02   3.675644063347e-03  -3.916045692415e-03  -2.286377699033e-01  -6.769395117532e-01   2.413122661574e-01  -2.570940201329e-01   6.582918341348e-06   8.103720512414e-06  -2.957188227423e-06  -7.013596329539e-06   4.094222443967e-06  -1.180552387161e-06  -1.704162258958e-06  -1.147817238538e-04  -2.443683843559e-05  -5.729203485658e-06  -3.873353629317e-05  -1.400651783939e-04  -3.624355173740e-05  -8.497323125002e-06  -1.988300856115e-03  -1.033719193452e-02  -5.251486560885e-03  -1.231326699782e-03  -2.289352692480e-01  -6.775506650543e-01  -3.438667639597e-01  -8.062718906388e-02  -9.344656484804e-06  -3.614431578822e-06   3.781074831033e-06  -2.191096609863e-06   8.019641491554e-06  -1.179496087099e-06  -1.701218106377e-06  -1.146733954959e-04   7.206093700555e-06   2.393414662669e-05  -3.866070551883e-05  -1.399731923389e-04   1.070051137430e-05   3.553013273295e-05  -1.980779858634e-03  -1.030243251417e-02   1.551872395040e-03   5.142598698992e-03  -2.286498817709e-01  -6.769682116048e-01   1.018727412857e-01   3.375835570088e-01   2.778636903632e-06  -4.491423220772e-06  -8.371109266918e-06   9.208038741620e-06   9.695911178821e-07
  -5.029755240540e+02  -4.076151138027e+02  -2.355006511621e+02  -1.479367767584e+02  -7.278646537629e+01  -3.933066738110e+01  -1.247742953236e+01  -5.771289772672e+00   4.105137676030e-03  -7.036424897221e-07  -1.492746639853e-07   1.692664692351e-03  -3.482442255874e-07  -7.186840666420e-08   6.132876570299e-04  -1.363183603350e-07  -2.828181064266e-08  -1.475265120514e-04   2.008320239570e-08   4.512293522276e-09  -5.144699695456e-04   9.345359152894e-08   1.993628768706e-08  -6.718027369447e-04   1.148550350007e-07   2.426982960021e-08  -5.116142078153e-04   4.713355891599e-08   9.968867459336e-09   1.200362583215e-07   1.027048492830e-08   2.450325760868e-04   2.329987316078e-08  -4.244485268178e-04  -1.446166530130e-08  -7.396816625650e-10  -1.634045460352e-05  -2.751051742898e-09   2.830519223345e-05  -2.216714315439e+00  -2.579994585786e-04   1.450234225707e-08   3.142463964683e-09  -1.529146549138e-08   1.649050830723e-09  -2.949946335240e-05  -1.682317920551e-09   5.108713270785e-05  -6.024563088871e-06  -9.622134495186e-06  -2.864498587950e-04  -6.773926480382e-08  -1.362506148620e-08  -2.559239456328e-02  -1.278177674824e-01  -7.940745672403e-06  -1.505268938350e-06  -8.720581846537e-01  -2.414099879940e+00  -1.485632581936e-04  -2.813180130220e-05  -1.356654214409e+00  -2.062215336284e+00  -1.268737726402e-04  -2.402368049886e-05  -9.656854110230e-06   2.040867325525e-08   4.505885153295e-02  -1.828791787144e-06  -7.804429902995e-02   8.817274599378e-07   1.242337366893e-06   7.182609807017e-05  -1.154958519508e-05   1.231965603850e-05   2.548026587604e-05   8.551219175704e-05  -1.616718669357e-05   1.724292109438e-05  -2.710126352633e-03  -1.371119649369e-02   4.884742356805e-03  -5.204195596556e-03  -2.939577097166e-01  -8.688501884513e-01   3.096193577116e-01  -3.298683667331e-01  -3.077262788871e-06  -4.930746405798e-06   1.961098644718e-06   3.278730010623e-06  -2.772149187404e-06   8.825561322704e-07   1.244392743311e-06   7.189283486679e-05   1.650451209008e-05   3.869509166088e-06   2.552648622594e-05   8.556649534335e-05   2.308258575660e-05   5.411617502648e-06  -2.720556478891e-03  -1.375875766927e-02  -6.978522372974e-03  -1.636269769668e-03  -2.943395661673e-01  -8.696332081085e-01  -4.412027488338e-01  -1.034497703098e-01   4.363663008758e-06   2.198764049789e-06  -2.137867082187e-06   1.023174701984e-06  -5.158196939294e-06   8.817578550732e-07   1.242423091070e-06   7.182986467309e-05  -4.868649199773e-06  -1.616966174362e-05   2.548153618602e-05   8.551473404823e-05  -6.815665338782e-06  -2.263124243838e-05  -2.710552094677e-03  -1.371321379301e-02   2.062370299941e-03   6.834216182234e-03  -2.939732529414e-01  -8.688869584235e-01   1.307093593610e-01   4.331416562755e-01  -1.298778233859e-06   2.733325560130e-06   5.255014057196e-06  -4.304312839211e-06  -8.708814950318e-07
  -2.258221551827e+02  -2.355006511621e+02  -1.684000723342e+02  -1.263980032767e+02  -7.415058812936e+01  -4.315327337805e+01  -1.438212393982e+01  -6.716503342402e+00   7.273566348993e-04  -1.478684616460e-07  -3.004701614440e-08   4.699859795467e-03  -1.007505722761e-06  -2.073473709034e-07   3.660803501791e-03  -7.105492327121e-07  -1.484980422905e-07   1.093164767330e-04  -3.142246153752e-08  -5.723669871615e-09  -1.380138090240e-03   2.407572690079e-07   5.180607071604e-08  -2.181490330191e-03   3.535958797309e-07   7.512457486082e-08  -1.722992512337e-03   1.687294001657e-07   3.588129353372e-08   4.852551709349e-07   4.401045270553e-08   1.064490856495e-03   9.427807829867e-08  -1.843922837953e-03   2.959655259105e-08   5.047337948898e-09   9.867619323504e-05   6.191370575475e-09  -1.709325381939e-04  -2.590944103317e+00  -8.615085543845e-04   6.157714048410e-08   1.331428446471e-08   3.651696351686e-08   1.348981472424e-08   6.141215408377e-05   1.008242168775e-08  -1.064240002537e-04  -1.292713372264e-05  -1.628725142573e-05  -7.196860331474e-04  -1.608472413526e-07  -3.292371570011e-08  -3.212582322214e-02  -1.573950433217e-01  -9.868206009711e-06  -1.873325746604e-06  -1.022127710813e+00  -2.818248451143e+00  -1.734473891865e-04  -3.284527592139e-05  -1.586280833001e+00  -2.408428266380e+00  -1.481280898727e-04  -2.804757504784e-05  -1.228450015665e-05   5.778656350589e-08   5.700681693038e-02  -2.326301375551e-06  -9.873892677680e-02   2.168095263092e-06   3.140926088145e-06   2.093617641469e-04  -3.155751760467e-05   3.366240289823e-05   7.119598610148e-05   2.548525344695e-04  -4.652608690820e-05   4.962178886873e-05  -3.413457127445e-03  -1.697197905398e-02   6.040591441002e-03  -6.435616446240e-03  -3.453868438993e-01  -1.017644870852e+00   3.625793428378e-01  -3.862919065190e-01  -1.161498534739e-05  -1.476132100473e-05   5.508686022919e-06   1.237490161209e-05  -7.669401467065e-06   2.170065422479e-06   3.146492191442e-06   2.095661529728e-04   4.510600097854e-05   1.057501726085e-05   7.133239013294e-05   2.550238020794e-04   6.643422972832e-05   1.557543049499e-05  -3.426374369661e-03  -1.703005154451e-02  -8.629372145536e-03  -2.023349122815e-03  -3.458341155014e-01  -1.018558130396e+00  -5.166679304911e-01  -1.211442566110e-01   1.648823902365e-05   6.585073305959e-06  -6.766702340400e-06   3.866095964252e-06  -1.482139317690e-05   2.168153158362e-06   3.141099124318e-06   2.093707790650e-04  -1.330177821110e-05  -4.418001182773e-05   7.119964406381e-05   2.548592677656e-04  -1.961434955033e-05  -6.512813068197e-05  -3.413982124891e-03  -1.697442925252e-02   2.550380346866e-03   8.451320874012e-03  -3.454050479746e-01  -1.017687775356e+00   1.530670056752e-01   5.072298781796e-01  -4.903358415685e-06   8.183219374692e-06   1.537306557747e-05  -1.624913450591e-05  -1.977465083905e-06
  -1.275940862972e+02  -1.479367767584e+02  -1.263980032767e+02  -1.008859611164e+02  -6.542489458571e+01  -4.094784120074e+01  -1.454230549138e+01  -6.869128975013e+00   1.381215104578e-03  -2.527110163650e-07  -5.370483015210e-08   5.975716361230e-03  -1.203560088783e-06  -2.491948899606e-07   4.392631764518e-03  -7.931312215518e-07  -1.644536919677e-07   2.801354883873e-03  -5.014499900816e-07  -1.053566143484e-07   2.773963599365e-03  -5.325290759939e-07  -1.117632812543e-07   2.352772213998e-03  -4.384106327231e-07  -9.172327541629e-08   1.599197554263e-03  -1.465413133793e-07  -3.060789017261e-08   6.174980823301e-07   7.199497949597e-08   1.634027436137e-03   1.230741504444e-07  -2.830502149486e-03   2.914984092463e-07   2.694798136477e-08   6.045455967469e-04   5.724776949629e-08  -1.047208535154e-03  -2.658153833527e+00   8.025384505320e-04  -3.393295234092e-08  -7.261851138852e-09   1.609677144667e-07   5.169217934033e-09   3.025618666083e-04   2.697011918729e-08  -5.240684351868e-04   2.675153954399e-05   4.831410480603e-05   1.157582185505e-03   2.839270005789e-07   5.666434464577e-08  -3.381500091775e-02  -1.687360722461e-01  -1.006714823935e-05  -1.900315697127e-06  -1.053220298257e+00  -2.893975197197e+00  -1.779608810924e-04  -3.369318245692e-05  -1.628716459367e+00  -2.470139559782e+00  -1.520249904437e-04  -2.878627760478e-05  -1.331150918733e-05  -7.509661707451e-08   6.344621850901e-02  -2.519339082800e-06  -1.098917833024e-01  -3.520483209323e-06  -4.924563292669e-06  -2.553904983428e-04   4.368664700336e-05  -4.659861044939e-05  -9.463517307497e-05  -2.968704308689e-04   5.833224496684e-05  -6.221424244213e-05  -3.467255356503e-03  -1.780618338586e-02   6.349288860676e-03  -6.764550009045e-03  -3.561362075767e-01  -1.047417953884e+00   3.733967184279e-01  -3.978167339941e-01   7.542815351932e-06   1.719759533595e-05  -7.681813790736e-06  -8.037239118935e-06   1.112949787731e-05  -3.523688230671e-06  -4.933142219404e-06  -2.556089800410e-04  -6.241258671445e-05  -1.463245168626e-05  -9.479331962532e-05  -2.970341423490e-04  -8.326824882225e-05  -1.952198707699e-05  -3.480859658449e-03  -1.786788888941e-02  -9.070860262426e-03  -2.126863116248e-03  -3.565965575735e-01  -1.048354374911e+00  -5.320806291433e-01  -1.247581042624e-01  -1.067395674323e-05  -7.666156368286e-06   6.611776955102e-06  -2.502776463947e-06   1.944635936254e-05  -3.520578864696e-06  -4.925973250293e-06  -2.554019179667e-04   1.841550294981e-05   6.116012719570e-05  -9.463955563336e-05  -2.968786561887e-04   2.459111221066e-05   8.165546993602e-05  -3.467806264630e-03  -1.780879109663e-02   2.680692347226e-03   8.883267183601e-03  -3.561549479885e-01  -1.047461982630e+00   1.576336617537e-01   5.223627597549e-01   3.182876659568e-06  -9.534116894106e-06  -1.917214087747e-05   1.054990691383e-05   4.498266135866e-06
  -5.883238391162e+01  -7.278646537629e+01  -7.415058812936e+01  -6.542489458571e+01  -4.754565267206e+01  -3.283439481333e+01  -1.324335327351e+01  -6.461740034198e+00   2.145697160637e-03  -3.746569694522e-07  -7.959567620013e-08   5.226418404491e-03  -9.670310274580e-07  -2.016116380677e-07   7.335929105261e-03  -1.057184354267e-06  -2.210802734946e-07   8.797600925820e-03  -1.309023858018e-06  -2.776127541612e-07   8.629833028376e-03  -1.426666463761e-06  -3.014669654786e-07   6.752763130276e-03  -1.155487916333e-06  -2.429949586854e-07   4.315825615474e-03  -4.166222785738e-07  -8.729878665667e-08   1.168349961770e-06   1.459589338899e-07   3.485693225919e-03   2.351816396130e-07  -6.037976002335e-03   1.136088759112e-06   1.157151948059e-07   2.900589703983e-03   2.244961771390e-07  -5.024422822435e-03  -2.533681469183e+00   2.101061970275e-03  -1.132078743380e-07  -2.428467938622e-08   3.631737984382e-07   9.105031456912e-09   7.926798741454e-04   6.491170186499e-08  -1.372993310861e-03   5.461219756021e-05   1.043373072867e-04   2.601636758825e-03   6.366791167734e-07   1.271412276256e-07  -3.950592764907e-02  -1.896954566113e-01  -1.096022893484e-05  -2.061441393408e-06  -1.015713895454e+00  -2.753937368054e+00  -1.692315429491e-04  -3.203521106746e-05  -1.555517506598e+00  -2.349416025861e+00  -1.446745915026e-04  -2.739511609615e-05  -1.625174872784e-05  -1.750533816758e-07   7.850061954736e-02  -3.075181611656e-06  -1.359663820588e-01  -7.595153447333e-06  -1.096625683433e-05  -6.073420908146e-04   1.021002706096e-04  -1.089069064213e-04  -2.220542628991e-04  -7.059982564511e-04   1.368331580921e-04  -1.459410491236e-04  -3.970585107245e-03  -2.008719124667e-02   7.167755849414e-03  -7.636578306161e-03  -3.456948529636e-01  -1.007075627281e+00   3.591701942624e-01  -3.826597980555e-01   1.689313217486e-05   4.103555774751e-05  -2.106428410507e-05  -1.799978622196e-05   3.129190602251e-05  -7.601770119902e-06  -1.098284991035e-05  -6.078611564756e-04  -1.458704344910e-04  -3.419912259103e-05  -2.224291309002e-04  -7.063825636113e-04  -1.953308015878e-04  -4.579522118249e-05  -3.985977855013e-03  -2.015490461885e-02  -1.023925524263e-02  -2.400817646614e-03  -3.461374769863e-01  -1.007963054857e+00  -5.118016258860e-01  -1.200032419807e-01  -2.388472265270e-05  -1.829228001671e-05   1.303798539343e-05  -5.600406611610e-06   5.114315427847e-05  -7.595348975966e-06  -1.096653984441e-05  -6.073668453078e-04   4.303835328587e-05   1.429374213003e-04  -2.220660334260e-04  -7.060183700713e-04   5.768483355593e-05   1.915463402726e-04  -3.971206426373e-03  -2.009005514368e-02   3.026222906197e-03   1.002836384827e-02  -3.457128788777e-01  -1.007117450206e+00   1.516276964309e-01   5.024603275121e-01   7.128483136859e-06  -2.274957999845e-05  -4.848188561355e-05   2.362623042690e-05   1.546963686729e-05
  -3.115663055784e+01  -3.933066738110e+01  -4.315327337805e+01  -4.094784120074e+01  -3.283439481333e+01  -2.417544869339e+01  -1.094461719433e+01  -5.634008319136e+00   7.841689727276e-04  -1.312524435410e-07  -2.777938071527e-08   3.531445257899e-03  -6.439386930313e-07  -1.344397472115e-07   1.068586697984e-02  -1.472116820805e-06  -3.111875098994e-07   1.117760531564e-02  -9.638059555812e-07  -2.090090121597e-07   7.228074533306e-03  -1.589446742157e-07  -4.306810889246e-08   1.665063997808e-03   4.220527215890e-07   8.004943525815e-08  -9.590646557585e-04   5.336931103503e-08   7.970796963202e-09   1.730415909076e-06   1.980551261788e-07   5.015791194409e-03   3.444844325129e-07  -8.688386730530e-03   1.686145505915e-06   2.188716761260e-07   6.377526260109e-03   3.398114397210e-07  -1.104707148600e-02  -2.280244335544e+00  -9.761881745169e-04  -5.270341589786e-08  -1.184378463403e-08   9.945858795795e-08   6.113893285363e-08   1.626076810257e-03   2.990399716518e-08  -2.816697293179e-03  -1.256900762264e-04  -1.895159554426e-04  -5.186345507021e-03  -1.030448094668e-06  -2.021509818096e-07  -5.940480090354e-02  -2.346429524291e-01  -1.548712534149e-05  -2.948694004312e-06  -9.322821600631e-01  -2.449177814484e+00  -1.512538636706e-04  -2.865482284162e-05  -1.404582795282e+00  -2.100684406044e+00  -1.293275817512e-04  -2.449151293359e-05  -2.334943056241e-05   2.083008679050e-07   1.062455319977e-01  -4.426531946603e-06  -1.840234648219e-01   1.089035505347e-05   1.540815569869e-05   6.850385794332e-04  -1.274702446088e-04   1.359618526642e-04   2.686617897315e-04   7.676150485849e-04  -1.582738209886e-04   1.688089794074e-04  -6.645718476382e-03  -2.822166713752e-02   1.007507363715e-02  -1.073396500502e-02  -3.241105175232e-01  -9.193756379010e-01   3.275379183981e-01  -3.489589239640e-01  -8.132016119320e-06  -4.442706837996e-05   2.016057594723e-05   8.667985145717e-06  -2.930829688669e-05   1.090016647355e-05   1.542968543384e-05   6.855646500963e-04   1.820526032578e-04   4.268160281785e-05   2.690700826864e-04   7.679608024310e-04   2.258871942267e-04   5.295839639074e-05  -6.666949511684e-03  -2.830302792571e-02  -1.438514773176e-02  -3.372919250630e-03  -3.245143662245e-01  -9.201581500316e-01  -4.667133100087e-01  -1.094312863599e-01   1.140527072378e-05   1.979539517092e-05  -1.675271835099e-05   2.674244021998e-06  -5.076750137890e-05   1.089065420940e-05   1.540873747790e-05   6.850666610664e-04  -5.373545802798e-05  -1.784504730068e-04   2.686728022741e-04   7.676336717825e-04  -6.672218675271e-05  -2.215583516932e-04  -6.646586633403e-03  -2.822513324659e-02   4.253663587309e-03   1.409564816856e-02  -3.241269552478e-01  -9.194126644464e-01   1.382735468457e-01   4.582079928090e-01  -3.428615738858e-06   2.463395066597e-05   4.984573261450e-05  -1.137138268896e-05  -1.217696994711e-05
  -9.774101544887e+00  -1.247742953236e+01  -1.438212393982e+01  -1.454230549138e+01  -1.324335327351e+01  -1.094461719433e+01  -6.009770164399e+00  -3.563473571450e+00  -1.870180006308e-03   3.265013827768e-07   6.929747672468e-08   1.129713938413e-03  -2.559437420113e-07  -5.260771213680e-08   9.491463580471e-03  -1.429413018678e-06  -3.017864853219e-07   5.103173967447e-03   1.419221000609e-06   2.742631221821e-07   6.098238721681e-03   4.336429472220e-06   8.438315274721e-07   2.325534185098e-02   5.946422052402e-06   1.106658288638e-06   2.301310131839e-02   2.209885517534e-06   3.503582295587e-07   1.407480149127e-06   1.264182356032e-07   3.343672232341e-03   2.730745059338e-07  -5.791902539234e-03  -4.249126308358e-07   1.596056064442e-07   8.160145088133e-03  -5.230551204405e-08  -1.413446186223e-02  -1.638078691995e+00   8.801911581912e-03   3.478209302215e-07   2.608211527844e-08  -3.856130168044e-06   2.901734116592e-07   2.105509084511e-02  -6.303265222054e-07  -3.646975442259e-02  -3.585938503330e-02  -3.811579345496e-02  -9.891262413327e-02  -1.280649530644e-05  -2.463376296554e-06  -1.814921866430e-01  -3.501788428356e-01  -2.946943646000e-05  -5.683209778842e-06  -7.471851053686e-01  -1.654071048547e+00  -1.055761440986e-04  -2.010263090323e-05  -1.036598666737e+00  -1.458459879511e+00  -9.041185000946e-05  -1.716084766265e-05  -3.241540740389e-05   5.324931692856e-07   1.273879226799e-01  -6.205563744123e-06  -2.206445436989e-01  -3.015604168755e-04  -2.273110792099e-04   3.161498667122e-03  -5.868904145689e-04   6.265520623693e-04  -1.030132642804e-03  -1.411020201350e-03   1.204944642285e-03  -1.282293676005e-03  -3.288413741105e-02  -7.995495250598e-02   3.273888657882e-02  -3.487935142070e-02  -2.885382313247e-01  -7.012771428094e-01   2.565940666916e-01  -2.733748438066e-01   2.111391926477e-03   5.037170482769e-04   1.295559976586e-03  -2.249400455736e-03  -2.308202887045e-03  -3.030850665580e-04  -2.286665164791e-04   3.158939226644e-03   8.372064207750e-04   1.962637400199e-04  -1.037585686993e-03  -1.425411138259e-03  -1.720535654952e-03  -4.034619377718e-04  -3.294240781926e-02  -8.006891781929e-02  -4.667354611683e-02  -1.094368439119e-02  -2.888434945125e-01  -7.017634998346e-01  -3.655628699750e-01  -8.571437429838e-02  -3.012963433824e-03  -2.259423504755e-04   1.719657419925e-03  -7.064579627701e-04  -2.067875559015e-03  -3.016223882324e-04  -2.273655592694e-04   3.161477909394e-03  -2.471095045705e-04  -8.220238609400e-04  -1.030472957732e-03  -1.411612277930e-03   5.094934752061e-04   1.684754331675e-03  -3.288673171801e-02  -7.996051392612e-02   1.382182396379e-02   4.580078349902e-02  -2.885508651214e-01  -7.013012650627e-01   1.083234629310e-01   3.589586825168e-01   8.914594641213e-04  -2.791039071874e-04   9.592024505061e-04   2.953911892857e-03  -2.502717774117e-03
  -4.507625374210e+00  -5.771289772672e+00  -6.716503342402e+00  -6.869128975013e+00  -6.461740034198e+00  -5.634008319136e+00  -3.563473571450e+00  -2.282042110890e+00  -1.519166286864e-03   5.349091226604e-08   1.164625454084e-08   4.108800631443e-04  -1.148743685015e-07  -2.298133344879e-08   5.391106135342e-03  -5.213788522557e-07  -1.094217864159e-07   2.720231883855e-03   2.714677269175e-07   3.274208481162e-08   1.135289655442e-02   1.432761312514e-06   2.239948574934e-07   7.428714344274e-02   5.898181177435e-06   9.760098814551e-07   1.438702489325e-01   1.759346831425e-05   3.268420597681e-06   9.406561293223e-07   7.268040556400e-08   1.331833560097e-03   1.814529710677e-07  -2.307083645752e-03  -1.241982783610e-06   6.864855103956e-08   5.212728391377e-03  -2.136893314718e-07  -9.029024120992e-03  -1.163458009939e+00   1.007016175112e-01   1.517215674542e-05   2.903355996060e-06  -1.115756077080e-05  -5.769257839739e-08   4.440034709209e-02  -2.023394929759e-06  -7.690365928249e-02  -3.308635122240e-01  -3.198680042715e-01  -1.483841926023e-01  -1.002666312140e-05  -2.204185225048e-06  -4.209838067676e-01  -3.067585248844e-01   6.325930684052e-06   5.719007168292e-07  -7.266322991837e-01  -1.071455984418e+00  -2.879761357908e-05  -5.384898526124e-06  -8.222241281425e-01  -9.536988734282e-01  -4.224945543221e-05  -7.880230378481e-06  -8.592401175672e-06  -1.256073657267e-05   7.733786803467e-02  -7.483203310189e-07  -1.339076841541e-01  -7.062683026809e-02  -6.704156154874e-02  -3.019472377990e-02   9.880773736918e-03  -1.052634099272e-02  -8.917247694553e-02  -4.912653790155e-02   2.173411141559e-02  -2.315390402077e-02  -1.365625684644e-01  -1.334940274239e-01   9.040270593277e-02  -9.630424728154e-02  -3.267867906167e-01  -5.333810032734e-01   2.551123832346e-01  -2.717700410122e-01   1.013938723806e-02   7.381315420122e-03   2.454283838455e-03  -1.080167979542e-02  -5.185955829621e-03  -7.074407596805e-02  -6.715274300231e-02  -3.022813366036e-02  -1.408158692351e-02  -3.301744342362e-03  -8.930118034796e-02  -4.916426776138e-02  -3.096598947830e-02  -7.260697076474e-03  -1.367024467817e-01  -1.335318579817e-01  -1.287345548258e-01  -3.018519449071e-02  -3.270363355833e-01  -5.335936457578e-01  -3.632770465549e-01  -8.517946890130e-02  -1.443513650547e-02  -3.294225384368e-03   8.603575997489e-03  -3.384667059063e-03  -1.624767306805e-03  -7.063161904898e-02  -6.704609745555e-02  -3.019614511205e-02   4.171596574527e-03   1.382222920404e-02  -8.917802588357e-02  -4.912884105798e-02   9.176231342820e-03   3.040405124752e-02  -1.365699550020e-01  -1.334990919662e-01   3.816987467318e-02   1.264591794306e-01  -3.267984538421e-01  -5.333949258033e-01   1.077092844300e-01   3.568577622306e-01   4.280927809384e-03  -4.092018110975e-03  -2.477130027332e-03   1.418399848403e-02  -8.033122535473e-03
   3.921028913770e-03   4.105137676030e-03   7.273566348993e-04   1.381215104578e-03   2.145697160637e-03   7.841689727276e-04  -1.870180006308e-03  -1.519166286864e-03   1.681627354560e+02  -1.172943524852e-06  -2.328535510128e-07  -5.666629976137e+01  -4.734013691577e-07  -9.412308692511e-08  -1.488198746223e+01   7.652993896869e-07   1.517959765976e-07  -3.079810993813e+00  -3.060284652844e-07  -6.078747979331e-08  -1.387053583566e+00  -9.591865004899e-07  -1.900061438915e-07  -4.098825557047e-01  -1.137768430344e-06  -2.241676783651e-07  -1.125134752442e-01  -4.743546201361e-07  -9.314923862434e-08   2.619968541814e-07   5.686027758731e-08   1.369682846119e-03   5.728504782560e-08  -2.372579297515e-03  -3.755350983685e-08  -1.000869918331e-08  -3.441575145121e-04  -8.983943120168e-09   5.961370434368e-04  -9.787335203653e-04  -3.240377859616e-02  -1.871610602997e-07  -3.885260782138e-08  -4.830829782226e-07  -7.635360716624e-08  -1.997448274247e-03  -1.040341143275e-07   3.459976065353e-03   1.955875070731e-05   2.352288509828e-04   4.602788316038e-03   1.446232178188e-06   2.801365672979e-07   6.753112506468e-03   1.990019683125e-02   2.903274634086e-06   5.656651887596e-07   3.417736495428e-02   6.587132446604e-02   6.360455736339e-06   1.217092855636e-06   1.557548605973e-02   1.795533378923e-03   1.450553459700e-06   2.730801031165e-07   2.583956315032e-06  -1.472626259267e-07  -7.201987531046e-03   4.930783788585e-07   1.247478967024e-02  -7.166841146328e-06  -1.386267341810e-05  -7.475762794348e-04   1.958638784626e-04  -2.089647271859e-04  -2.767438343977e-04  -7.863164787138e-04   2.178725996549e-04  -2.324467991536e-04   6.899628343235e-04   2.098104821876e-03  -9.660637993131e-04   1.029248092345e-03   1.094818905490e-02   2.318300790305e-02  -1.119790483239e-02   1.193039181411e-02  -8.876816131712e-05   5.205967026503e-05  -4.657187669222e-05   9.457647072211e-05   7.418421665035e-05  -7.169370697118e-06  -1.387284852536e-05  -7.475727881621e-04  -2.795291399466e-04  -6.553318894100e-05  -2.769358223171e-04  -7.861292401388e-04  -3.108066134880e-04  -7.286552479272e-05   6.911867665318e-04   2.101952372075e-03   1.377929129466e-03   3.230882899145e-04   1.095692078151e-02   2.318723895549e-02   1.594967066225e-02   3.739753609471e-03   1.266076143727e-04  -2.313670993533e-05  -3.344622014738e-06   2.968556702180e-05   9.903399064386e-05  -7.166969643457e-06  -1.386303511724e-05  -7.475938754408e-04   8.254100438851e-05   2.742418697482e-04  -2.767474223138e-04  -7.863242420491e-04   9.181237860330e-05   3.050502310280e-04   6.900262254314e-04   2.098305280173e-03  -4.078630617791e-04  -1.351569169282e-03   1.094861304714e-02   2.318353997400e-02  -4.727201397654e-03  -1.566524174917e-02  -3.747604169795e-05  -2.890602584348e-05  -8.137241878546e-05  -1.241954542237e-04   5.409999572652e-05
  -6.697799341660e-07  -7.036424897221e-07  -1.478684616460e-07  -2.527110163650e-07  -3.746569694522e-07  -1.312524435410e-07   3.265013827768e-07   5.349091226604e-08  -1.172943524852e-06   1.681541511463e+02  -1.169913716956e-07  -4.731624128878e-07  -5.666976902472e+01  -4.753316228737e-08   7.643493197470e-07  -1.487638408353e+01   7.562208683158e-08  -3.043848664960e-07  -3.081956344157e+00  -3.100443005777e-08  -9.472429759070e-07  -1.393812898561e+00  -9.219862853939e-08  -1.077616152765e-06  -4.183077173732e-01  -9.771234312141e-08  -3.625213421828e-07  -1.185049842088e-01  -3.090363866054e-08   2.563037154145e-05   5.135073872856e-05  -5.382358269186e-05   8.852609864538e-08  -3.087327690081e-05   1.983030791311e-04  -1.095401822645e-05   1.147551990724e-05  -1.750293368996e-08   6.609863401962e-06  -2.336733312350e-07  -5.242964113730e-08  -3.548638973482e-02  -8.625789934736e-09   5.745528604513e-04  -6.556634481786e-05   6.879552701910e-05  -1.170299037199e-07   3.945896240259e-05   6.161806025257e-09  -4.624192104612e-09   7.955542314667e-08  -4.735452308304e-04   6.397320841070e-08   1.750771692534e-07   1.315677906284e-06  -2.609449010351e-03   1.001793785934e-07   2.072801205668e-06   6.025234932199e-06  -2.619907445215e-02   7.558809183534e-08   9.020344939627e-07   1.520143255322e-06  -2.316596000171e-02   1.781961028943e-08  -3.700613661546e-03  -2.318056305670e-04   2.421154883878e-04   1.486818858818e-07   1.419951202888e-04   1.391710770278e-06   5.766030779607e-06   2.746537407079e-04   3.904839193337e-05   1.603550264374e-04   1.451700350146e-04   2.698080114272e-04   4.103804678946e-05   1.716832340398e-04  -3.098641859340e-04  -1.060601985381e-03  -2.994749811099e-05  -3.841088966870e-04  -4.312432571503e-03  -1.191236003292e-02  -3.988300524690e-03  -4.517145399419e-03  -1.249550837648e-05  -9.660656907016e-06   3.892843717064e-06  -3.394410747255e-05  -3.855263235888e-05  -1.978883662235e-06  -8.211072376505e-06  -3.908980527805e-04  -1.151824184014e-04  -7.151223786329e-05  -2.067214904157e-04  -3.838660846412e-04  -1.240251156749e-04  -7.654377802457e-05   4.418683349496e-04   1.512718915000e-03   3.408377008928e-04   1.716757273179e-04   6.144230779013e-03   1.696692160478e-02   3.594684123470e-04   2.015885763005e-03   2.018676635304e-05  -8.187398298479e-07  -1.365826144053e-05   1.514838897491e-05   5.024506266808e-05   5.875953868415e-07   2.434541063195e-06   1.159552872710e-04   1.627448580047e-04  -8.890643731977e-05   6.129384397335e-05   1.139097551688e-04   1.734732424983e-04  -9.518778746821e-05  -1.308238827083e-04  -4.477573752588e-04  -3.262485642669e-04   2.129430519608e-04  -1.820571170662e-03  -5.028858399915e-03  -7.472952102006e-03   2.503915132272e-03  -3.868446729081e-05   2.004945269210e-05  -2.819144479491e-07   1.882009319606e-05  -1.737856140398e-05
  -1.364633944639e-07  -1.492746639853e-07  -3.004701614440e-08  -5.370483015210e-08  -7.959567620013e-08  -2.777938071527e-08   6.929747672468e-08   1.164625454084e-08  -2.328535510128e-07  -1.169913716956e-07   1.681541516030e+02  -9.407953054475e-08  -4.753316322093e-08  -5.666976883910e+01   1.516238825255e-07   7.562209880621e-08  -1.487638437913e+01  -6.048652368211e-08  -3.100447991634e-08  -3.081956222996e+00  -1.877479922887e-07  -9.219871182648e-08  -1.393812538361e+00  -2.123127122468e-07  -9.771244110601e-08  -4.183073357899e-01  -6.889289738136e-08  -3.090429425313e-08  -1.185048673682e-01   8.852580288208e-08  -6.215935813379e-05  -4.450118215493e-05   2.528813541504e-05  -2.565569565953e-05  -1.750278420221e-08   1.324708655479e-05   9.486301960917e-06   1.983711406104e-04   5.474671196245e-06  -4.934290240578e-08  -8.054521653432e-09  -8.626257041408e-09  -3.548636093779e-02  -1.170508279992e-07   7.923185695494e-05   5.678228871284e-05   5.750039735306e-04   3.273565480160e-05   9.285049804234e-10  -7.114326148461e-10   1.385499826003e-08   6.397360853258e-08  -4.737770556075e-04   3.557571160475e-08   2.497736006850e-07   1.001797000977e-07  -2.609827905723e-03   3.896355661240e-07   1.143408931968e-06   7.558765237275e-08  -2.619937615061e-02   1.656606985963e-07   2.860756452999e-07   1.781925911323e-08  -2.316603440220e-02   1.486821925632e-07   2.797156186403e-04   2.004103021512e-04  -3.701172559926e-03   1.161303197605e-04  -1.482508773275e-06  -6.142398518788e-06  -2.925960142932e-04   1.603335520126e-04   1.875672521397e-05  -1.546453304794e-04  -2.874295945187e-04   1.716615061732e-04   1.931723057318e-05   3.301166584843e-04   1.129983771492e-03  -3.840729795274e-04   1.872604922084e-05   4.594386090313e-03   1.269145605277e-02  -4.517036490720e-03  -3.415706366139e-03  -3.394689292435e-05   8.196298941456e-06  -3.270366179524e-05  -8.203850027225e-06   2.460529500389e-05  -4.640170673762e-07  -1.925336727342e-06  -9.165651475406e-05  -7.151712454165e-05   1.730423795739e-04  -4.847198835357e-05  -9.000796883498e-05  -7.654961231250e-05   1.844785398064e-04   1.036063810398e-04   3.546905856029e-04   1.716763356159e-04  -3.510901563473e-04   1.440653278953e-03   3.978271025814e-03   2.015889169921e-03  -7.765414280777e-03   1.514794217827e-05  -2.105386022169e-05  -1.216699512952e-05  -4.086528393785e-05   6.604596012394e-06   1.946559472668e-06   8.065567719392e-06   3.841965124806e-04  -8.888007731185e-05  -1.049265530919e-04   2.030643851110e-04   3.774081924918e-04  -9.516021503836e-05  -1.131011694994e-04  -4.334895791084e-04  -1.483812165536e-03   2.129065219005e-04   3.150403743488e-04  -6.032774332488e-03  -1.666458944060e-02   2.503802812726e-03   6.849675124834e-05   1.882332416088e-05   1.239835771814e-06   3.656136186619e-05   1.798356399634e-05  -3.598663322249e-05
   1.098704435441e-03   1.692664692351e-03   4.699859795467e-03   5.975716361230e-03   5.226418404491e-03   3.531445257899e-03   1.129713938413e-03   4.108800631443e-04  -5.666629976137e+01  -4.731624128878e-07  -9.407953054475e-08  -5.441532203925e+01   3.640993507518e-07   7.165990677191e-08  -2.699469321365e+01   4.707604867648e-07   9.342225034300e-08  -8.804172486816e+00   2.105674775388e-07   4.164330299524e-08  -4.429144859517e+00   1.652378328264e-07   3.249481165039e-08  -1.416114379991e+00   1.116539372380e-07   2.174209789063e-08  -3.856444554188e-01   3.952394306758e-08   7.592581209471e-09  -5.451187835595e-07   1.249985262725e-09  -1.547563117997e-03  -1.123497904205e-07   2.680453391723e-03  -4.458004064973e-08   1.002711152620e-08  -8.834169352409e-05  -9.427721352542e-09   1.529735858595e-04   1.246828848447e-04  -1.071312432261e-01   1.351779157160e-08   2.719560903237e-09   3.801655236121e-08   1.740112702546e-08   2.276323629480e-04   8.147443708814e-09  -3.943379265342e-04  -4.880672263496e-06  -2.511311404328e-05  -4.132766347717e-04  -1.241918864766e-07  -2.393936046047e-08   1.177735577935e-02   5.395134834159e-02   3.479040263797e-06   6.575761628356e-07   1.128297953721e-01   2.288629271859e-01   1.902164804287e-05   3.600756515495e-06   5.292506414931e-02   1.081724570371e-02   4.937350883411e-06   9.349211027153e-07   5.573688882056e-06   1.180340760561e-08  -2.476164458126e-02   1.054848227121e-06   4.288837993597e-02   4.949750244465e-07   1.131495948543e-06   5.554653616795e-05  -1.419705709465e-05   1.514690016330e-05   2.199724490482e-05   5.471953209897e-05  -1.451688136874e-05   1.548974567439e-05   1.016035682956e-03   4.799255481421e-03  -1.840475838971e-03   1.960839447332e-03   3.509803100763e-02   7.958243423099e-02  -3.678875896914e-02   3.919471789217e-02   7.558433261868e-06  -3.945956410912e-06   4.353477305775e-06  -8.052948342770e-06  -7.049202984296e-06   4.949037642628e-07   1.132140673675e-06   5.554268688185e-05   2.025841739717e-05   4.749401283156e-06   2.200986371995e-05   5.469692053191e-05   2.070454386776e-05   4.853822942408e-06   1.019617130385e-03   4.813650976687e-03   2.628350359454e-03   6.162749731518e-04   3.512949493717e-02   7.960316042693e-02   5.240224490581e-02   1.228686870980e-02  -1.078034091923e-05   1.753087129850e-06   1.078532082052e-06  -2.527652245612e-06  -8.932854045329e-06   4.949751850817e-07   1.131520753561e-06   5.554776513848e-05  -5.982800735013e-06  -1.987840475366e-05   2.199739893080e-05   5.471966225865e-05  -6.116386828953e-06  -2.032668074881e-05   1.016187004235e-03   4.799901742612e-03  -7.770522114655e-04  -2.574970938195e-03   3.509950885388e-02   7.958444022645e-02  -1.553063434888e-02  -5.146502294499e-02   3.191033987839e-06   2.190999304798e-06   6.991308116754e-06   1.057496722002e-05  -5.527048161171e-06
  -1.974384919005e-07  -3.482442255874e-07  -1.007505722761e-06  -1.203560088783e-06  -9.670310274580e-07  -6.439386930313e-07  -2.559437420113e-07  -1.148743685015e-07  -4.734013691577e-07  -5.666976902472e+01  -4.753316322093e-08   3.640993507518e-07  -5.441222555536e+01   3.862754683714e-08   4.704517397131e-07  -2.699078696059e+01   4.880603207313e-08   2.101207241794e-07  -8.802511940807e+00   2.103157439450e-08   1.645287447851e-07  -4.427943792809e+00   1.608342932232e-08   1.105864552769e-07  -1.415371973741e+00   1.027722121353e-08   3.929343166259e-08  -3.852368211475e-01   3.631822932036e-09   2.838699436098e-03   4.131912004798e-06  -4.122216389895e-06   9.138492792930e-09  -1.982765883460e-06   4.507786343776e-04   6.345881950575e-06  -6.627273416825e-06   9.676094243362e-09  -3.751108433078e-06  -2.865201612791e-08   9.329051287125e-09  -1.069303742112e-01   1.168534788775e-09   1.628690025046e-04   1.084638491760e-05  -1.136773151485e-05   1.712224919953e-08  -6.502764191422e-06  -2.795898623442e-10   4.182282683999e-10  -3.114956538275e-09   3.727774651858e-05  -3.952362456975e-09   7.507666332561e-07   3.630931926246e-06  -4.718338660890e-03  -6.779011654007e-09   6.929846024532e-06   1.900632395091e-05  -8.133737219333e-02  -5.542100442695e-09   3.229815930525e-06   4.889729598393e-06  -6.940270072333e-02  -1.168147180826e-09  -6.120829963760e-03   1.373605441121e-05  -1.598035537166e-05  -9.683360884548e-09  -4.982168117977e-06  -2.344079482624e-08  -3.218415147005e-07  -1.627577324512e-05  -2.409767683890e-06  -9.061632392634e-06  -8.861308322584e-06  -1.496570907365e-05  -2.806727118365e-06  -9.009914007834e-06  -3.631582736565e-04  -1.854034394416e-03   2.670579442606e-04  -7.046992551946e-04  -1.249290548932e-02  -3.676027232186e-02  -1.058295502504e-02  -1.395982528209e-02  -3.767374809121e-08   1.754381217668e-07   1.447756350806e-08   2.724127594696e-06   2.730574542242e-06   3.309530901547e-08   4.581701573817e-07   2.316102091803e-05   6.306633040987e-06   4.040792421738e-06   1.261628861043e-05   2.128600227279e-05   5.855404192157e-06   4.016378441139e-06   5.188490572130e-04   2.647669518245e-03   9.488640920183e-04   3.153164902705e-04   1.780209637597e-02   5.236160654217e-02   2.855290746882e-03   6.230341891990e-03  -2.660087083636e-06  -3.347334386630e-07   1.415714412570e-06  -1.215166097689e-06  -3.060090951874e-06  -9.907174508011e-09  -1.358912230477e-07  -6.871398671160e-06  -9.399562175693e-06   5.023930882330e-06  -3.741453709410e-06  -6.318308389324e-06  -9.756581613216e-06   4.995187562092e-06  -1.533274129549e-04  -7.827759572718e-04  -2.765582282229e-04   3.906537901648e-04  -5.274023699610e-03  -1.551861446899e-02  -2.135202219092e-02   7.737930036356e-03   2.064066004008e-06  -1.536901410064e-06   3.477942319125e-07  -1.510409406890e-06   1.349489647992e-06
