ARMA_MAT_TXT_FN008
136 136
  -3.793041077447e+02  -5.982581361488e+02  -2.549854329770e+02  -1.436070734252e+02  -6.612091596880e+01  -3.497507818929e+01  -1.095939649837e+01  -5.056656010164e+00   1.833297760878e-02   3.265887704848e-06   6.610032602739e-07   4.303149701648e-03   7.665750759443e-07   1.551518821948e-07   3.920430663610e-04   6.983964402956e-08   1.413527854354e-08   7.437577675940e-05   1.324950807449e-08   2.681650082849e-09   3.378720870260e-05   6.018947485656e-09   1.218212097597e-09   9.987974522706e-06   1.779285606852e-09   3.601206450985e-10   2.633804146795e-06   4.691932081932e-10   9.496292228721e-11  -1.080517876975e-09  -9.057777419121e-11   1.736886403541e-06  -2.143979619582e-10  -3.008003539064e-06  -1.595803014821e-11  -1.337731547161e-12   2.565185284907e-08  -3.166416043221e-12  -4.442481905147e-08  -1.939732186714e+00   7.240794577617e-07   1.289895318098e-10   2.610699104595e-11  -1.629380220891e-12  -1.365878685254e-13   2.619159211289e-09  -3.233040434200e-13  -4.535955929325e-09   0.000000000000e+00   1.820507788050e-11  -4.050027435722e-08  -2.492002418848e-12  -4.718658219495e-13  -2.182167170432e-02  -1.101114113742e-01  -6.775207638747e-06  -1.282899539489e-06  -7.625859507249e-01  -2.113512772116e+00  -1.300454484766e-04  -2.462437387177e-05  -1.187044063750e+00  -1.805010999787e+00  -1.110631873690e-04  -2.103004358276e-05  -8.220350773362e-06  -9.577474440288e-11   3.856643079065e-02  -1.556540372530e-06  -6.679901710832e-02   0.000000000000e+00   0.000000000000e+00   0.000000000000e+00   0.000000000000e+00   0.000000000000e+00   0.000000000000e+00   0.000000000000e+00   0.000000000000e+00   0.000000000000e+00  -2.298514795219e-03  -1.175559743213e-02   4.189604431689e-03  -4.463603245810e-03  -2.568413585953e-01  -7.599097970857e-01   2.708260020301e-01  -2.885379375121e-01   0.000000000000e+00   0.000000000000e+00   0.000000000000e+00   0.000000000000e+00   0.000000000000e+00   0.000000000000e+00   0.000000000000e+00   0.000000000000e+00   0.000000000000e+00   0.000000000000e+00   0.000000000000e+00   0.000000000000e+00   0.000000000000e+00   0.000000000000e+00  -2.307462457363e-03  -1.179666875474e-02  -5.985584737559e-03  -1.403453098666e-03  -2.571753353382e-01  -7.605954784750e-01  -3.859232451748e-01  -9.048826439451e-02   0.000000000000e+00   0.000000000000e+00   0.000000000000e+00   0.000000000000e+00   0.000000000000e+00   0.000000000000e+00   0.000000000000e+00   0.000000000000e+00   0.000000000000e+00   0.000000000000e+00   0.000000000000e+00   0.000000000000e+00   0.000000000000e+00   0.000000000000e+00  -2.298878554927e-03  -1.175733366641e-02   1.768875875037e-03   5.861660023318e-03  -2.568549529972e-01  -7.599419914012e-01   1.143323047005e-01   3.788717508643e-01   0.000000000000e+00   0.000000000000e+00   0.000000000000e+00   0.000000000000e+00   0.000000000000e+00
  -5.982581361488e+02  -5.328284333723e+02  -3.056697974273e+02  -1.901113090414e+02  -9.294851889181e+01  -5.014632379372e+01  -1.590009975982e+01  -7.351505930244e+00   4.729567113613e-02   8.425382616627e-06   1.705265423052e-06   3.201032957732e-02   5.702409288094e-06   1.154145969335e-06   5.177346289123e-03   9.223068914509e-07   1.866714098335e-07   1.086407204120e-03   1.935356059507e-07   3.917087116089e-08   5.002100277649e-04   8.910880787508e-08   1.803528407825e-08   1.492909867189e-04   2.659511228205e-08   5.382749657835e-09   3.951807054044e-05   7.039859178989e-09   1.424840744608e-09  -3.567440401048e-08  -2.990517954146e-09   5.734508293521e-05  -7.078568228166e-09  -9.931231662924e-05  -1.181778578217e-09  -9.906626765067e-11   1.899658661473e-06  -2.344902606934e-10  -3.289898503040e-06  -2.822375534506e+00   1.087825324056e-05   1.937882337868e-09   3.922200207490e-10  -1.246680784341e-10  -1.045068970896e-11   2.003986189877e-07  -2.473682528266e-11  -3.470576740594e-07   0.000000000000e+00   6.584860770093e-11  -1.451267727048e-07  -8.929723918166e-12  -1.690861728126e-12  -3.217452124908e-02  -1.619196873237e-01  -9.962949175644e-06  -1.886504052471e-06  -1.110326038045e+00  -3.074816820315e+00  -1.891940721328e-04  -3.582427037337e-05  -1.727365372672e+00  -2.625983086502e+00  -1.615772475091e-04  -3.059497023282e-05  -1.216092006120e-05  -1.416911260662e-10   5.705419216892e-02  -2.302694166491e-06  -9.882075889991e-02   0.000000000000e+00   0.000000000000e+00   0.000000000000e+00   0.000000000000e+00   0.000000000000e+00   0.000000000000e+00   0.000000000000e+00   0.000000000000e+00   0.000000000000e+00  -3.386077440811e-03  -1.728714480665e-02   6.161017507770e-03  -6.563946110257e-03  -3.741184199469e-01  -1.106239666930e+00   3.942560747885e-01  -4.200402977771e-01   0.000000000000e+00   0.000000000000e+00   0.000000000000e+00   0.000000000000e+00   0.000000000000e+00   0.000000000000e+00   0.000000000000e+00   0.000000000000e+00   0.000000000000e+00   0.000000000000e+00   0.000000000000e+00   0.000000000000e+00   0.000000000000e+00   0.000000000000e+00  -3.399235346610e-03  -1.734742265863e-02  -8.802033482798e-03  -2.063831974453e-03  -3.746046069749e-01  -1.107236997341e+00  -5.618089310979e-01  -1.317285645184e-01   0.000000000000e+00   0.000000000000e+00   0.000000000000e+00   0.000000000000e+00   0.000000000000e+00   0.000000000000e+00   0.000000000000e+00   0.000000000000e+00   0.000000000000e+00   0.000000000000e+00   0.000000000000e+00   0.000000000000e+00   0.000000000000e+00   0.000000000000e+00  -3.386612366631e-03  -1.728969317366e-02   2.601217459512e-03   8.619854324492e-03  -3.741382100357e-01  -1.106286499266e+00   1.664397213976e-01   5.515441037166e-01   0.000000000000e+00   0.000000000000e+00   0.000000000000e+00   0.000000000000e+00   0.000000000000e+00
  -2.549854329770e+02  -3.056697974273e+02  -2.697337725423e+02  -2.101967912698e+02  -1.239104984291e+02  -7.193692396024e+01  -2.391316263070e+01  -1.115148312798e+01   3.889566406566e-02   6.928981955615e-06   1.402399615959e-06   1.221814517665e-01   2.176574420151e-05   4.405303911137e-06   5.642699649746e-02   1.005206235534e-05   2.034499220380e-06   1.554712371516e-02   2.769607931161e-06   5.605581200671e-07   7.467161064382e-03   1.330220874682e-06   2.692316498650e-07   2.297680247304e-03   4.093151603342e-07   8.284383295204e-08   6.157138042844e-04   1.096849724048e-07   2.219982158452e-08  -6.774077915001e-07  -5.678581658053e-08   1.088904133359e-03  -1.344122600903e-07  -1.885804092448e-03  -5.944817633224e-08  -4.983428415804e-09   9.556040798654e-05  -1.179579544157e-08  -1.654950173620e-04  -4.296059683429e+00   1.701970090269e-04   3.031936933784e-08   6.136525132822e-09  -6.824845967646e-09  -5.721139558356e-10   1.097064881294e-05  -1.354196073312e-09  -1.899937174851e-05   0.000000000000e+00   1.916669116515e-09  -4.310421754676e-06  -2.652071571824e-10  -5.021722966329e-11  -5.173333011998e-02  -2.574621509854e-01  -1.584091652661e-05  -2.999493405173e-06  -1.694838787564e+00  -4.677814196061e+00  -2.878130503723e-04  -5.449769496599e-05  -2.630462417923e+00  -3.994789366322e+00  -2.457884999584e-04  -4.654030466614e-05  -1.981346749275e-05  -2.312059180121e-10   9.296150610528e-02  -3.751699776799e-06  -1.610140505456e-01   0.000000000000e+00   0.000000000000e+00   0.000000000000e+00   0.000000000000e+00   0.000000000000e+00   0.000000000000e+00   0.000000000000e+00   0.000000000000e+00   0.000000000000e+00  -5.426652487135e-03  -2.749923234286e-02   9.800737595543e-03  -1.044170261567e-02  -5.720681548177e-01  -1.687371298773e+00   6.013795345664e-01  -6.407095587934e-01   0.000000000000e+00   0.000000000000e+00   0.000000000000e+00   0.000000000000e+00   0.000000000000e+00   0.000000000000e+00   0.000000000000e+00   0.000000000000e+00   0.000000000000e+00   0.000000000000e+00   0.000000000000e+00   0.000000000000e+00   0.000000000000e+00   0.000000000000e+00  -5.447582966167e-03  -2.759432544307e-02  -1.400157375047e-02  -3.282979516530e-03  -5.728097474439e-01  -1.688887112306e+00  -8.569539557818e-01  -2.009318619112e-01   0.000000000000e+00   0.000000000000e+00   0.000000000000e+00   0.000000000000e+00   0.000000000000e+00   0.000000000000e+00   0.000000000000e+00   0.000000000000e+00   0.000000000000e+00   0.000000000000e+00   0.000000000000e+00   0.000000000000e+00   0.000000000000e+00   0.000000000000e+00  -5.427503420403e-03  -2.750325396613e-02   4.137923692720e-03   1.371215562384e-02  -5.720983413986e-01  -1.687442512828e+00   2.538792346646e-01   8.412991238042e-01   0.000000000000e+00   0.000000000000e+00   0.000000000000e+00   0.000000000000e+00   0.000000000000e+00
  -1.436070734252e+02  -1.901113090414e+02  -2.101967912698e+02  -1.887123451033e+02  -1.313372899932e+02  -8.315717054412e+01  -2.950485089471e+01  -1.393525579864e+01   2.431324947346e-02   4.331229995190e-06   8.766244912734e-07   1.495574778110e-01   2.664258574761e-05   5.392358106856e-06   1.507291193534e-01   2.685130523605e-05   5.434602138121e-06   5.900870505088e-02   1.051197510940e-05   2.127583814018e-06   3.048392066803e-02   5.430490552588e-06   1.099110650626e-06   9.908981998041e-03   1.765213658444e-06   3.572725362173e-07   2.716025779927e-03   4.838403989795e-07   9.792745803940e-08  -2.418358521315e-06  -2.027264302838e-07   3.887408179866e-03  -4.798542895980e-07  -6.732355980710e-03  -5.011084804668e-07  -4.200697809470e-08   8.055105100469e-04  -9.943068895161e-08  -1.395012627664e-03  -5.396561462113e+00   7.566121737786e-04   1.347850004736e-07   2.727997187927e-08  -6.728006229497e-08  -5.639960633679e-09   1.081498306408e-04  -1.334980988640e-08  -1.872978409866e-04   0.000000000000e+00   5.974713353020e-09  -1.263354839278e-05  -7.771559839292e-10  -1.471525296423e-10  -7.053700807367e-02  -3.450563614052e-01  -2.122715907656e-05  -4.019322271250e-06  -2.138272458796e+00  -5.871644479822e+00  -3.612166081710e-04  -6.839575516647e-05  -3.306641467047e+00  -5.013685286755e+00  -3.084369131559e-04  -5.840202169238e-05  -2.750063953034e-05  -3.251964463074e-10   1.290483716467e-01  -5.207191749734e-06  -2.235183346751e-01   0.000000000000e+00   0.000000000000e+00   0.000000000000e+00   0.000000000000e+00   0.000000000000e+00   0.000000000000e+00   0.000000000000e+00   0.000000000000e+00   0.000000000000e+00  -7.370044229252e-03  -3.691787157274e-02   1.315836986782e-02  -1.401892241721e-02  -7.236691520302e-01  -2.126446603062e+00   7.579102210500e-01  -8.074772729223e-01   0.000000000000e+00   0.000000000000e+00   0.000000000000e+00   0.000000000000e+00   0.000000000000e+00   0.000000000000e+00   0.000000000000e+00   0.000000000000e+00   0.000000000000e+00   0.000000000000e+00   0.000000000000e+00   0.000000000000e+00   0.000000000000e+00   0.000000000000e+00  -7.398143158982e-03  -3.704390620609e-02  -1.879754256235e-02  -4.407500791065e-03  -7.246037221951e-01  -2.128346405267e+00  -1.080001762237e+00  -2.532303679782e-01   0.000000000000e+00   0.000000000000e+00   0.000000000000e+00   0.000000000000e+00   0.000000000000e+00   0.000000000000e+00   0.000000000000e+00   0.000000000000e+00   0.000000000000e+00   0.000000000000e+00   0.000000000000e+00   0.000000000000e+00   0.000000000000e+00   0.000000000000e+00  -7.371186649929e-03  -3.692320467002e-02   5.555524264975e-03   1.840976626896e-02  -7.237071947392e-01  -2.126535926087e+00   3.199604000441e-01   1.060277289650e+00   0.000000000000e+00   0.000000000000e+00   0.000000000000e+00   0.000000000000e+00   0.000000000000e+00
  -6.612091596880e+01  -9.294851889181e+01  -1.239104984291e+02  -1.313372899932e+02  -1.176579749460e+02  -8.904242613783e+01  -3.752488435650e+01  -1.842748860897e+01   1.182605648616e-02   2.106726648512e-06   4.263934675727e-07   1.265692757793e-01   2.254740339513e-05   4.563508761424e-06   3.259166431426e-01   5.805969877664e-05   1.175106239108e-05   2.408873651612e-01   4.291234631499e-05   8.685295816551e-06   1.521443279194e-01   2.710341443259e-05   5.485628081428e-06   5.844856965571e-02   1.041219102963e-05   2.107387895477e-06   1.724011205258e-02   3.071201590065e-06   6.215995304982e-07  -7.327514547304e-06  -6.142517141010e-07   1.177866711588e-02  -1.453936319460e-06  -2.039872746384e-02  -5.067213660980e-06  -4.247749570308e-07   8.145329843088e-03  -1.005444060548e-06  -1.410638079313e-02  -7.255562847144e+00   4.928264575447e-03   8.779347810624e-07   1.776906633162e-07  -1.066193327616e-06  -8.937697425546e-08   1.713860300939e-03  -2.115556635992e-07  -2.968126091517e-03  -6.129591150366e-07   9.513315616251e-08  -1.668121099127e-04  -1.024470791312e-08  -1.939547962901e-09  -1.218880514197e-01  -5.636634998064e-01  -3.464110617757e-05  -6.558597512747e-06  -2.915919632668e+00  -7.875785921139e+00  -4.841329946357e-04  -9.166245640107e-05  -4.456647246374e+00  -6.721681534149e+00  -4.132067993127e-04  -7.823400714363e-05  -4.942183388491e-05  -7.524136971126e-10   2.321617108957e-01  -9.356975141238e-06  -4.021158751929e-01   0.000000000000e+00   0.000000000000e+00   0.000000000000e+00   0.000000000000e+00   0.000000000000e+00   0.000000000000e+00   0.000000000000e+00   0.000000000000e+00   0.000000000000e+00  -1.267926609273e-02  -6.111829952105e-02   2.179283934348e-02  -2.321807752820e-02  -9.954287476591e-01  -2.889027565315e+00   1.030049739694e+00  -1.097414403262e+00   0.000000000000e+00   0.000000000000e+00   0.000000000000e+00   0.000000000000e+00   0.000000000000e+00   0.000000000000e+00   0.000000000000e+00   0.000000000000e+00   0.000000000000e+00   0.000000000000e+00   0.000000000000e+00   0.000000000000e+00   0.000000000000e+00   0.000000000000e+00  -1.272578405803e-02  -6.131827662718e-02  -3.112800319292e-02  -7.298650927698e-03  -9.966985236121e-01  -2.891562872212e+00  -1.467769806775e+00  -3.441511923619e-01   0.000000000000e+00   0.000000000000e+00   0.000000000000e+00   0.000000000000e+00   0.000000000000e+00   0.000000000000e+00   0.000000000000e+00   0.000000000000e+00   0.000000000000e+00   0.000000000000e+00   0.000000000000e+00   0.000000000000e+00   0.000000000000e+00   0.000000000000e+00  -1.268115781387e-02  -6.112677789121e-02   9.200986732734e-03   3.049000095710e-02  -9.954804424250e-01  -2.889147081770e+00   4.348470078408e-01   1.440985318958e+00   0.000000000000e+00   0.000000000000e+00   0.000000000000e+00   0.000000000000e+00   0.000000000000e+00
  -3.497507818929e+01  -5.014632379372e+01  -7.193692396024e+01  -8.315717054412e+01  -8.904242613783e+01  -8.038015527655e+01  -4.316089899093e+01  -2.274882933093e+01   6.361957747233e-03   1.133336876793e-06   2.293830769004e-07   8.566114777679e-02   1.525991550731e-05   3.088548907199e-06   3.913715861105e-01   6.972002466709e-05   1.411106803916e-05   5.020162577806e-01   8.943057472203e-05   1.810040846528e-05   4.184608312881e-01   7.454577827060e-05   1.508778222943e-05   2.121448857575e-01   3.779208096071e-05   7.648973567122e-06   7.190043875686e-02   1.280854446671e-05   2.592400724401e-06  -1.077015154333e-05  -9.028414756340e-07   1.731255925835e-02  -2.137029465294e-06  -2.998252472360e-02  -1.883587142380e-05  -1.578975549480e-06   3.027785996280e-02  -3.737441583359e-06  -5.243630773274e-02  -9.253368685046e+00   2.164665712913e-02   3.856195806143e-06   7.804793766584e-07  -7.743619926067e-06  -6.491330426197e-07   1.244753876534e-02  -1.536500566726e-06  -2.155710390419e-02  -5.688741755252e-05   1.754136723077e-06  -3.765234179289e-03  -2.291327754419e-07  -4.335784265221e-08  -2.419862563276e-01  -1.000433012254e+00  -6.121411258833e-05  -1.158526519875e-05  -3.826013941449e+00  -9.993682358631e+00  -6.126710842714e-04  -1.159680279986e-04  -5.714645370181e+00  -8.523244299830e+00  -5.227086323829e-04  -9.894199577430e-05  -9.895864392852e-05  -6.185652583084e-09   4.671231747611e-01  -1.872809811999e-05  -8.090810459091e-01   0.000000000000e+00   0.000000000000e+00   0.000000000000e+00   0.000000000000e+00   0.000000000000e+00  -4.461833664176e-07  -2.615929746178e-06   9.368600347936e-07  -9.981282013513e-07  -2.575910740039e-02  -1.146628566883e-01   4.095900167297e-02  -4.363765137111e-02  -1.329555505899e+00  -3.761939484801e+00   1.342814148521e+00  -1.430632471117e+00   0.000000000000e+00   0.000000000000e+00   0.000000000000e+00   0.000000000000e+00   0.000000000000e+00   0.000000000000e+00   0.000000000000e+00   0.000000000000e+00   0.000000000000e+00   0.000000000000e+00  -4.499837661387e-07  -2.637167477029e-06  -1.344633002372e-06  -3.152791063575e-07  -2.584639173989e-02  -1.150065039172e-01  -5.848806430052e-02  -1.371382549263e-02  -1.331209203323e+00  -3.765121195949e+00  -1.913381649701e+00  -4.486347997167e-01   0.000000000000e+00   0.000000000000e+00   0.000000000000e+00   0.000000000000e+00   0.000000000000e+00   0.000000000000e+00   0.000000000000e+00   0.000000000000e+00   0.000000000000e+00   0.000000000000e+00  -4.463378512535e-07  -2.616808033388e-06   3.956232762867e-07   1.311001843884e-06  -2.576266001649e-02  -1.146774941918e-01   1.729281322264e-02   5.730438673563e-02  -1.329622862511e+00  -3.762090349208e+00   5.668837216261e-01   1.878522987537e+00   0.000000000000e+00   0.000000000000e+00   0.000000000000e+00   0.000000000000e+00   0.000000000000e+00
  -1.095939649837e+01  -1.590009975982e+01  -2.391316263070e+01  -2.950485089471e+01  -3.752488435650e+01  -4.316089899093e+01  -4.139285828277e+01  -2.929908609756e+01   2.013227667928e-03   3.586419853912e-07   7.258777491428e-08   3.164071223046e-02   5.636564624211e-06   1.140819259590e-06   2.433844164218e-01   4.335717798308e-05   8.775328055699e-06   6.234353608974e-01   1.110605120113e-04   2.247822557347e-05   9.200326503538e-01   1.638971924666e-04   3.317216899473e-05   1.085450006413e+00   1.933776148376e-04   3.913898120794e-05   6.810504431281e-01   1.214265390564e-04   2.457702671598e-05  -7.856274642772e-06  -6.585766748901e-07   1.262862641771e-02  -1.558853682929e-06  -2.187071813842e-02  -4.258564513611e-05  -3.569874253007e-06   6.845460827619e-02  -8.449906957033e-06  -1.185521998485e-01  -1.423529220422e+01   2.727118792773e-01   4.867454936808e-05   9.852287434939e-06  -9.053670635321e-05  -7.590379386613e-06   1.455023175815e-01  -1.796452078448e-05  -2.519862367555e-01  -1.101035157506e-01  -1.114500092896e-01  -5.675367398516e-01  -2.957921523866e-05  -5.646967249430e-06  -1.663180347537e+00  -3.921136265084e+00  -2.170893328324e-04  -4.092508692872e-05  -6.848079603800e+00  -1.456985358080e+01  -8.540962395508e-04  -1.610655116609e-04  -9.138535626035e+00  -1.261979651039e+01  -7.500748332927e-04  -1.415384113034e-04  -3.421954859375e-04  -2.697338408273e-06   1.765653094883e+00  -6.443816320653e-05  -3.058190330804e+00  -6.119815718345e-04  -5.391414011211e-04  -2.083386681583e-03   7.695415541555e-04  -8.198606328455e-04  -1.120768159681e-02  -2.623742967861e-02   9.960782390257e-03  -1.061200241877e-02  -2.768100598380e-01  -7.905783979370e-01   2.951573422831e-01  -3.144543244663e-01  -2.669476536652e+00  -6.411498240260e+00   2.332714794237e+00  -2.485245948992e+00   8.101371052533e-03   3.334196674534e-03   5.065269497587e-03  -8.631045800025e-03  -9.195874171021e-03  -6.147539304920e-04  -5.416312109231e-04  -2.091489741291e-03  -1.099852256389e-03  -2.578852413357e-04  -1.124748615910e-02  -2.631941384992e-02  -1.422493023051e-02  -3.335360331259e-03  -2.774170492208e-01  -7.920145398271e-01  -4.209622080280e-01  -9.870415254702e-02  -2.672303836378e+00  -6.415747030950e+00  -3.323245122404e+00  -7.792093470767e-01  -1.156856582898e-02  -1.491769345518e-03   7.866222932185e-03  -2.712514010193e-03  -7.612256655887e-03  -6.120952253957e-04  -5.392433252619e-04  -2.083734095430e-03   3.249159044042e-04   1.076676582454e-03  -1.120934436412e-02  -2.624102284448e-02   4.205565180783e-03   1.393576905538e-02  -2.768352564351e-01  -7.906425981321e-01   1.246117999097e-01   4.129202188557e-01  -2.669592611197e+00  -6.411709885077e+00   9.847859080626e-01   3.263292509206e+00   3.420496466272e-03  -1.848417625996e-03   2.838320232009e-03   1.133437708215e-02  -1.048326014474e-02
  -5.056656010164e+00  -7.351505930244e+00  -1.115148312798e+01  -1.393525579864e+01  -1.842748860897e+01  -2.274882933093e+01  -2.929908609756e+01  -2.763665860506e+01   9.304870311456e-04   1.657595519608e-07   3.354910338928e-08   1.504976205456e-02   2.681006539349e-06   5.426255350716e-07   1.299438201749e-01   2.314855413486e-05   4.685179386621e-06   4.039511066162e-01   7.196097550477e-05   1.456462797260e-05   7.508515502163e-01   1.337590570785e-04   2.707232669423e-05   1.498251858951e+00   2.672805474163e-04   5.409948308419e-05   1.753168108597e+00   3.152137243667e-04   6.385217220352e-05  -4.323724284744e-06  -3.624496459283e-07   6.950202380649e-03  -8.579197942690e-07  -1.203661524574e-02  -3.212769433737e-05  -2.693203985629e-06   5.164389806438e-02  -6.374824828163e-06  -8.943879569907e-02  -1.764123662099e+01   1.049864760236e+00   1.877925902574e-04   3.809515358556e-05  -1.552064314907e-04  -1.303523959840e-05   2.485838863464e-01  -3.079903608742e-05  -4.305063911115e-01  -9.732958086109e-01  -1.087718875735e+00  -1.468636069532e+00  -5.065916203514e-05  -1.067939467884e-05  -4.800079028332e+00  -5.613770389410e+00  -1.972765534957e-04  -3.815885024813e-05  -1.016570480938e+01  -1.480456034708e+01  -6.955851752566e-04  -1.293426755478e-04  -1.228090338610e+01  -1.423543743199e+01  -7.477019000284e-04  -1.392865682289e-04  -2.083140889766e-04  -2.696933611221e-05   1.516395467925e+00  -3.679872533487e-05  -2.626371178940e+00  -1.323720495971e-01  -1.302579393808e-01  -1.124819301439e-01   4.390020767233e-02  -4.677009125466e-02  -4.961240149594e-01  -4.768425741882e-01   1.943020508897e-01  -2.070014306045e-01  -1.630062204631e+00  -2.514570457397e+00   1.043946070658e+00  -1.112159884369e+00  -4.917951189438e+00  -8.529714558760e+00   3.336949042731e+00  -3.555024218768e+00   1.045717761056e-01   4.972297882068e-02   5.689921197594e-02  -1.114059272696e-01  -1.048509205785e-01  -1.325965214918e-01  -1.304797337745e-01  -1.126246074905e-01  -6.257961806895e-02  -1.467324938177e-02  -4.969024721334e-01  -4.773863167637e-01  -2.769348781830e-01  -6.493395876568e-02  -1.632069806717e+00  -2.516643954569e+00  -1.487366457940e+00  -3.487488048314e-01  -4.921771518418e+00  -8.532932022331e+00  -4.752324636319e+00  -1.114293482315e+00  -1.489851199037e-01  -2.219699898410e-02   9.839078484553e-02  -3.493309100121e-02  -8.095554180050e-02  -1.323813730220e-01  -1.302671486240e-01  -1.124887723029e-01   1.853395772362e-02   6.141437909264e-02  -4.961574007953e-01  -4.768697201461e-01   8.203224505702e-02   2.718163494723e-01  -1.630149343126e+00  -2.514678092586e+00   4.407433411441e-01   1.460373863424e+00  -4.918112731880e+00  -8.529904868950e+00   1.408778184555e+00   4.667978243547e+00   4.414895806204e-02  -2.756462588946e-02   2.368309478741e-02   1.462876431917e-01  -1.240343306473e-01
   1.833297760878e-02   4.729567113613e-02   3.889566406566e-02   2.431324947346e-02   1.182605648616e-02   6.361957747233e-03   2.013227667928e-03   9.304870311456e-04   3.591015176470e+01  -1.362686964947e-07  -2.703863714773e-08  -1.089295337123e+02  -1.085215194821e-07  -2.153300107416e-08  -2.046810992224e+01  -1.564451433476e-08  -3.104207769876e-09  -4.269168592009e+00  -3.165880186200e-09  -6.281786485803e-10  -1.962682528349e+00  -1.450005739864e-09  -2.877122924840e-10  -5.851076752023e-01  -4.311298736377e-10  -8.554542985073e-11  -1.548080261235e-01  -1.139493349482e-10  -2.260999628048e-11   6.134768471968e-07   5.148745737368e-11  -1.987344172604e-03   1.241609447062e-07   3.442180870798e-03   1.291826384196e-08   1.274308995200e-12  -4.184510307015e-05   2.614497673884e-09   7.247783941060e-05   3.571777938366e-04  -4.260757116517e-02  -3.135102922082e-11  -6.220717781226e-12   1.332186057064e-09   1.320803465756e-13  -4.315232524516e-06   2.696180110555e-10   7.474201444643e-06   3.981573627301e-11  -2.902807132052e-11   6.229027307402e-08   3.942300720319e-12   7.464828106488e-13   4.308519106803e-03   1.997942556174e-02   1.334180416167e-06   2.526297167484e-07   4.499690536907e-02   9.225250111913e-02   7.667243061375e-06   1.451807579022e-06   2.123107747182e-02   4.642075492766e-03   1.985935214710e-06   3.760406181347e-07   1.977764612290e-06   2.453403857222e-11  -8.678506346099e-03   3.744936683732e-07   1.503161380033e-02   0.000000000000e+00   0.000000000000e+00   0.000000000000e+00   0.000000000000e+00   0.000000000000e+00   0.000000000000e+00   0.000000000000e+00   0.000000000000e+00   0.000000000000e+00   3.754113731489e-04   1.770130462948e-03  -6.830777962182e-04   7.277508688500e-04   1.392136029252e-02   3.178857953340e-02  -1.467071306459e-02   1.563017307038e-02   0.000000000000e+00   0.000000000000e+00   0.000000000000e+00   0.000000000000e+00   0.000000000000e+00   0.000000000000e+00   0.000000000000e+00   0.000000000000e+00   0.000000000000e+00   0.000000000000e+00   0.000000000000e+00   0.000000000000e+00   0.000000000000e+00   0.000000000000e+00   3.767205719624e-04   1.775480662023e-03   9.755023061873e-04   2.287281518040e-04   1.393392995490e-02   3.179718556278e-02   2.089726235586e-02   4.899826649577e-03   0.000000000000e+00   0.000000000000e+00   0.000000000000e+00   0.000000000000e+00   0.000000000000e+00   0.000000000000e+00   0.000000000000e+00   0.000000000000e+00   0.000000000000e+00   0.000000000000e+00   0.000000000000e+00   0.000000000000e+00   0.000000000000e+00   0.000000000000e+00   3.754667194204e-04   1.770369636098e-03  -2.883963800059e-04  -9.556812618982e-04   1.392195014996e-02   3.178939291080e-02  -6.193344498458e-03  -2.052336191386e-02   0.000000000000e+00   0.000000000000e+00   0.000000000000e+00   0.000000000000e+00   0.000000000000e+00
   3.265887704848e-06   8.425382616627e-06   6.928981955615e-06   4.331229995190e-06   2.106726648512e-06   1.133336876793e-06   3.586419853912e-07   1.657595519608e-07  -1.362686964947e-07   3.591091046889e+01  -1.142314762527e-08  -1.085215194821e-07  -1.089289294963e+02  -9.097154148022e-09  -1.564451433476e-08  -2.046802281816e+01  -1.311450108268e-09  -3.165880186200e-09  -4.269150965315e+00  -2.653897605331e-10  -1.450005739864e-09  -1.962674455142e+00  -1.215512443431e-10  -4.311298736377e-10  -5.851052747974e-01  -3.614080356613e-11  -1.139493349482e-10  -1.548073916870e-01  -9.552157673756e-12   3.440402772139e-03   1.681480144590e-07  -4.002044249325e-07   5.148745737368e-11  -6.392640005423e-07   7.243383166131e-05   3.703172887569e-09  -8.597189825554e-09   1.274308995200e-12  -1.355649309517e-08   6.362864725135e-08  -3.135102922082e-11  -4.260739661182e-02  -2.628097605729e-12   7.469640102928e-06   3.824576755899e-10  -8.871757766264e-10   1.320803465756e-13  -1.398337627268e-09   2.449882443398e-15  -1.786111948457e-15   3.942300720318e-12  -1.780395140205e-09   4.593146587990e-17   2.655769478513e-07   1.336563081107e-06  -1.703902639659e-03   1.546724994604e-11   2.785074569843e-06   7.712691771654e-06  -3.235702215284e-02   8.786065505173e-11   1.331858406224e-06   2.024714043942e-06  -2.763387965881e-02   2.188440780789e-11  -2.079737015336e-03  -2.423070769046e-08  -5.348275076695e-07   2.443977055973e-11   1.182281876366e-06   0.000000000000e+00   0.000000000000e+00   0.000000000000e+00   0.000000000000e+00   0.000000000000e+00   0.000000000000e+00   0.000000000000e+00   0.000000000000e+00   0.000000000000e+00  -1.336418653522e-04  -6.823006029062e-04   9.665492753537e-05  -2.590700609194e-04  -4.944580233838e-03  -1.462074333602e-02  -4.165104229959e-03  -5.551507461059e-03   0.000000000000e+00   0.000000000000e+00   0.000000000000e+00   0.000000000000e+00   0.000000000000e+00   0.000000000000e+00   0.000000000000e+00   0.000000000000e+00   0.000000000000e+00   0.000000000000e+00   0.000000000000e+00   0.000000000000e+00   0.000000000000e+00   0.000000000000e+00   1.909297244837e-04   9.743928969755e-04   3.473224898196e-04   1.159239634714e-04   7.045972366966e-03   2.082611679721e-02   1.179090585567e-03   2.477692545219e-03   0.000000000000e+00   0.000000000000e+00   0.000000000000e+00   0.000000000000e+00   0.000000000000e+00   0.000000000000e+00   0.000000000000e+00   0.000000000000e+00   0.000000000000e+00   0.000000000000e+00   0.000000000000e+00   0.000000000000e+00   0.000000000000e+00   0.000000000000e+00  -5.642432978715e-05  -2.880680200711e-04  -1.031957072968e-04   1.436175199175e-04  -2.087406348855e-03  -6.172234779206e-03  -8.447721578507e-03   3.077193558225e-03   0.000000000000e+00   0.000000000000e+00   0.000000000000e+00   0.000000000000e+00   0.000000000000e+00
   6.610032602739e-07   1.705265423052e-06   1.402399615959e-06   8.766244912734e-07   4.263934675727e-07   2.293830769004e-07   7.258777491428e-08   3.354910338928e-08  -2.703863714773e-08  -1.142314762527e-08   3.591091051580e+01  -2.153300107416e-08  -9.097154148022e-09  -1.089289294589e+02  -3.104207769876e-09  -1.311450108268e-09  -2.046802281278e+01  -6.281786485803e-10  -2.653897605331e-10  -4.269150964226e+00  -2.877122924840e-10  -1.215512443431e-10  -1.962674454643e+00  -8.554542985073e-11  -3.614080356613e-11  -5.851052746490e-01  -2.260999628048e-11  -9.552157673756e-12  -1.548073916478e-01   5.148745737368e-11   5.595664503422e-07   1.050146203710e-07   3.440402563862e-03  -2.199353487639e-08   1.274308995200e-12   1.158398735695e-08   2.069702313559e-09   7.243382650647e-05  -5.443376068425e-10   1.287819639897e-08  -6.220717781226e-12  -2.628097605729e-12  -4.260739660102e-02   1.320803465756e-13   1.193890163971e-09   2.129386358674e-10   7.469639568636e-06  -5.641983226721e-11   4.638903173170e-16  -3.382039986313e-16   7.464828106492e-13   4.593146587994e-17  -1.780395374080e-09   5.029692984239e-08   2.531282940604e-07   1.547016740077e-11  -1.703902718519e-03   5.276861523270e-07   1.461318667581e-06   8.791635745617e-11  -3.235702260217e-02   2.526982107453e-07   3.841561155310e-07   2.193194909106e-11  -2.763387977191e-02   2.444331895410e-11  -1.279668827644e-07  -1.432562687426e-07  -2.079737139904e-03   1.996654691566e-07   0.000000000000e+00   0.000000000000e+00   0.000000000000e+00   0.000000000000e+00   0.000000000000e+00   0.000000000000e+00   0.000000000000e+00   0.000000000000e+00   0.000000000000e+00   1.423820975296e-04   7.269233394373e-04  -2.590702362993e-04   1.295012610106e-04   5.267964922169e-03   1.557696698400e-02  -5.551518739719e-03  -3.461245432622e-03   0.000000000000e+00   0.000000000000e+00   0.000000000000e+00   0.000000000000e+00   0.000000000000e+00   0.000000000000e+00   0.000000000000e+00   0.000000000000e+00   0.000000000000e+00   0.000000000000e+00   0.000000000000e+00   0.000000000000e+00   0.000000000000e+00   0.000000000000e+00   4.476770617608e-05   2.284680137030e-04   1.159239571264e-04  -1.199004822486e-04   1.652084226196e-03   4.883144193738e-03   2.477692138466e-03  -8.807066267147e-03   0.000000000000e+00   0.000000000000e+00   0.000000000000e+00   0.000000000000e+00   0.000000000000e+00   0.000000000000e+00   0.000000000000e+00   0.000000000000e+00   0.000000000000e+00   0.000000000000e+00   0.000000000000e+00   0.000000000000e+00   0.000000000000e+00   0.000000000000e+00  -1.869778769735e-04  -9.545943582351e-04   1.436177016453e-04   3.293817890379e-04  -6.917225197272e-03  -2.045348668422e-02   3.077205243653e-03   8.208439453010e-04   0.000000000000e+00   0.000000000000e+00   0.000000000000e+00   0.000000000000e+00   0.000000000000e+00
   4.303149701648e-03   3.201032957732e-02   1.221814517665e-01   1.495574778110e-01   1.265692757793e-01   8.566114777679e-02   3.164071223046e-02   1.504976205456e-02  -1.089295337123e+02  -1.085215194821e-07  -2.153300107416e-08  -1.508312559675e+02  -1.035543959779e-06  -2.054741705117e-07  -6.531317654504e+01  -1.121784337401e-06  -2.225861143258e-07  -1.971601424098e+01  -4.585026968001e-07  -9.097678607732e-08  -9.720595608760e+00  -2.396287225343e-07  -4.754748702713e-08  -3.054764063566e+00  -7.860223603029e-08  -1.559637241490e-08  -8.260083059138e-01  -2.162691823262e-08  -4.291245236492e-09   1.443595603766e-05   9.944157005502e-09  -4.661262002993e-02   2.920925536053e-06   8.073538593958e-02   1.909199489937e-06   2.277479741118e-09  -6.147875405631e-03   3.862184210338e-07   1.064842334828e-02   5.844625886160e-03  -2.290449578130e-01  -6.032617356853e-09  -1.197000895721e-09   2.411129360979e-07   3.139627856175e-10  -7.759561503861e-04   4.877328092941e-08   1.343994206870e-03   0.000000000000e+00  -4.377537864658e-09   9.199682885718e-06   5.824520361822e-10   1.102864533730e-10   2.520088399724e-02   1.142654148675e-01   7.641492090987e-06   1.446908580868e-06   2.436210389368e-01   4.963885025549e-01   4.124393518076e-05   7.809473147148e-06   1.166084099484e-01   2.828178968567e-02   1.088120145999e-05   2.060314321123e-06   1.174626537748e-05   1.474024397150e-10  -5.145287174460e-02   2.224143215023e-06   8.911898730790e-02   0.000000000000e+00   0.000000000000e+00   0.000000000000e+00   0.000000000000e+00   0.000000000000e+00   0.000000000000e+00   0.000000000000e+00   0.000000000000e+00   0.000000000000e+00   2.199486525876e-03   1.021694797972e-02  -3.946695055065e-03   4.204807492884e-03   7.578277323248e-02   1.723628346704e-01  -7.949768822935e-02   8.469680750483e-02   0.000000000000e+00   0.000000000000e+00   0.000000000000e+00   0.000000000000e+00   0.000000000000e+00   0.000000000000e+00   0.000000000000e+00   0.000000000000e+00   0.000000000000e+00   0.000000000000e+00   0.000000000000e+00   0.000000000000e+00   0.000000000000e+00   0.000000000000e+00   2.207040185932e-03   1.024728137285e-02   5.635971857494e-03   1.321478609431e-03   7.585095278477e-02   1.724091977742e-01   1.132377522086e-01   2.655110267762e-02   0.000000000000e+00   0.000000000000e+00   0.000000000000e+00   0.000000000000e+00   0.000000000000e+00   0.000000000000e+00   0.000000000000e+00   0.000000000000e+00   0.000000000000e+00   0.000000000000e+00   0.000000000000e+00   0.000000000000e+00   0.000000000000e+00   0.000000000000e+00   2.199806031420e-03   1.021830624569e-02  -1.666296542740e-03  -5.521734560201e-03   7.578597137676e-02   1.723672226301e-01  -3.356050347221e-02  -1.112120101072e-01   0.000000000000e+00   0.000000000000e+00   0.000000000000e+00   0.000000000000e+00   0.000000000000e+00
   7.665750759443e-07   5.702409288094e-06   2.176574420151e-05   2.664258574761e-05   2.254740339513e-05   1.525991550731e-05   5.636564624211e-06   2.681006539349e-06  -1.085215194821e-07  -1.089289294963e+02  -9.097154148022e-09  -1.035543959779e-06  -1.508254903621e+02  -8.680769559923e-08  -1.121784337401e-06  -6.530693077839e+01  -9.403706367990e-08  -4.585026968001e-07  -1.971346143225e+01  -3.843541566668e-08  -2.396287225343e-07  -9.719261426215e+00  -2.008762352013e-08  -7.860223603029e-08  -3.054326429336e+00  -6.589077087749e-09  -2.162691823262e-08  -8.258878935671e-01  -1.812943735472e-09   8.039196847172e-02   1.141647668860e-05  -1.722151494269e-05   9.944157005502e-09  -1.941642146892e-05   1.056977150023e-02   2.331928412225e-06  -3.137618966665e-06   2.277479741118e-09  -3.049860192978e-06   1.041177937833e-06  -6.032617356853e-09  -2.290113699664e-01  -5.057029266937e-10   1.333151628180e-03   3.169998288144e-07  -4.197894366681e-07   3.139627856175e-10  -3.983591259565e-07   0.000000000000e+00  -2.699046878089e-13   5.837577788515e-10  -2.681990185181e-07   5.962828504502e-15   1.559466777663e-06   7.686174317231e-06  -9.945620307662e-03   6.548525606838e-11   1.526235011369e-05   4.199870016685e-05  -1.740518474695e-01   9.558935479117e-11   7.594284812559e-06   1.151887653386e-05  -1.486256652272e-01  -1.969376856051e-10  -1.269522425968e-02  -1.476651925665e-07  -3.182266056359e-06   1.152312245896e-10   7.073366605828e-06   0.000000000000e+00   0.000000000000e+00   0.000000000000e+00   0.000000000000e+00   0.000000000000e+00   0.000000000000e+00   0.000000000000e+00   0.000000000000e+00   0.000000000000e+00  -7.810522559182e-04  -3.932220801739e-03   5.452257950733e-04  -1.493154680619e-03  -2.672685904025e-02  -7.866448607392e-02  -2.264218826564e-02  -2.987063094440e-02   0.000000000000e+00   0.000000000000e+00   0.000000000000e+00   0.000000000000e+00   0.000000000000e+00   0.000000000000e+00   0.000000000000e+00   0.000000000000e+00   0.000000000000e+00   0.000000000000e+00   0.000000000000e+00   0.000000000000e+00   0.000000000000e+00   0.000000000000e+00   1.115805873810e-03   5.615311933560e-03   1.989806045372e-03   6.680953308578e-04   3.808548260797e-02   1.120514732944e-01   6.112975214252e-03   1.333155807561e-02   0.000000000000e+00   0.000000000000e+00   0.000000000000e+00   0.000000000000e+00   0.000000000000e+00   0.000000000000e+00   0.000000000000e+00   0.000000000000e+00   0.000000000000e+00   0.000000000000e+00   0.000000000000e+00   0.000000000000e+00   0.000000000000e+00   0.000000000000e+00  -3.297632745336e-04  -1.660181280879e-03  -6.066177118864e-04   8.277388105946e-04  -1.128296598539e-02  -3.320851749383e-02  -4.568541158101e-02   1.655716844254e-02   0.000000000000e+00   0.000000000000e+00   0.000000000000e+00   0.000000000000e+00   0.000000000000e+00
