ARMA_MAT_TXT_FN008
136 136
   1.715974255494e-01   3.211661698834e-01  -1.030903706296e-01  -8.964051253440e-02   3.368023657589e-02   3.988743819446e-02  -1.124603348518e-02  -7.223555381700e-03  -3.269284338704e-05   5.645417598479e-09   1.203631598387e-09  -2.384979438756e-04   4.084854772614e-08   8.739600470132e-09   6.295937611506e-04  -1.062697118279e-07  -2.273852269358e-08   1.624217946052e-04  -3.928460502909e-08  -8.647945657330e-09  -4.624282691844e-04   8.859718732388e-08   1.973573966541e-08  -1.132547154322e-03   2.086245468740e-07   4.386311345003e-08  -2.927527363955e-04   9.966781897380e-08   2.071000327875e-08   1.484917855585e-08   2.373456434651e-10   2.264833625391e-05   2.656866663532e-09  -3.922870931015e-05  -3.701394773880e-09  -5.206639407421e-10  -1.464974343659e-05  -8.887773506700e-10   2.537643587604e-05  -2.247157782205e-04   4.139892853711e-05  -1.479704444687e-08  -3.091382021933e-09  -2.411514056050e-08   9.747295040079e-10   7.696807155530e-06  -3.709562014530e-09  -1.333704501246e-05   3.553580138449e-05   5.250450499221e-05  -2.036208108110e-04  -6.656718879015e-08  -1.383968264420e-08  -5.764373254903e-05  -4.606709015850e-04  -1.385402940455e-07  -2.932043998715e-08   2.648221712050e-04   4.498443991557e-04   2.571236497140e-07   5.036643717986e-08   2.780761257553e-04   1.533493938152e-04   4.703959287492e-08   1.082649231301e-08  -7.010223419993e-08   1.173218518081e-08   1.253714477972e-04  -1.372907528645e-08  -2.171954864137e-04  -1.624172156990e-05  -2.736055748877e-05   1.943600150498e-04  -2.542241867156e-05   2.712314103298e-05   8.006903330512e-05   2.945597698856e-04  -3.655432909822e-05   3.900722175195e-05   3.466891224001e-05   2.572546312034e-04  -1.214670663149e-05   1.297316147361e-05   4.903269729095e-05  -1.557510642169e-05  -3.512777192568e-05   3.737898823291e-05  -6.379011413081e-06  -2.808156670805e-06   4.436486018963e-07   6.795398315498e-06  -4.111302235154e-07  -1.628206111572e-05  -2.743000979412e-05   1.945120394501e-04   3.635001121131e-05   8.522104050308e-06   8.028648274197e-05   2.948075702636e-04   5.228921532118e-05   1.225880203677e-05   3.490073428266e-05   2.575568113903e-04   1.748458831419e-05   4.098560385566e-06   4.919905030166e-05  -1.551895047075e-05   4.998549486397e-05   1.172091849631e-05   9.079725071644e-06   1.253040131703e-06  -1.890499945786e-06   2.128984549157e-06  -1.776536241446e-06  -1.624295568500e-05  -2.736268469921e-05   1.943669028471e-04  -1.071335101961e-05  -3.559516773759e-05   8.007562968100e-05   2.945708977134e-04  -1.540076388745e-05  -5.118744380835e-05   3.467270791450e-05   2.572643325594e-04  -5.110345098551e-06  -1.701417264279e-05   4.904472789098e-05  -1.557529926925e-05  -1.485192574542e-05  -4.910429428922e-05  -2.693294346212e-06   1.555817512209e-06   2.319381284160e-06  -8.922944994239e-06   6.716764600644e-07
   3.211661698834e-01   6.283522756498e-01  -3.132523295599e-01  -2.707001314488e-01   1.102979315450e-01   1.284141580104e-01  -3.659736432526e-02  -2.357917559638e-02  -1.023728386851e-04   1.768256950273e-08   3.775900605068e-09  -7.757344591548e-04   1.327816817170e-07   2.843303975072e-08   2.043203902096e-03  -3.457328467881e-07  -7.401397873078e-08   5.309277380857e-04  -1.299059962034e-07  -2.859589161269e-08  -1.500896895841e-03   2.909751785268e-07   6.481691506165e-08  -3.680176114191e-03   6.776772977718e-07   1.425333939570e-07  -9.385480239279e-04   3.269947400594e-07   6.793799589611e-08   4.747117763189e-08   8.229210155765e-10   6.957504440989e-05   8.467721689570e-09  -1.205097639546e-04  -1.208221611542e-08  -1.543617827157e-09  -4.814120293554e-05  -2.916460233968e-09   8.339003564464e-05  -7.239542048087e-04   1.303696601631e-04  -4.827749308902e-08  -1.009496263705e-08  -7.821422643650e-08   3.023715290645e-09   2.593597656692e-05  -1.197732419024e-08  -4.494068289574e-05   1.180819937505e-04   1.748738532042e-04  -6.658794630754e-04  -2.184848662596e-07  -4.545266222113e-08  -1.982495654660e-04  -1.512878034523e-03  -4.550243348071e-07  -9.617068249380e-08   8.497213004086e-04   1.470470774278e-03   8.487960420118e-07   1.666158413539e-07   9.074086981948e-04   5.045304216168e-04   1.524359942336e-07   3.518395058842e-08  -2.296299312093e-07   3.783654524178e-08   4.101821366677e-04  -4.503448071953e-08  -7.106037353525e-04  -5.270487472350e-05  -8.873496700850e-05   6.335968204975e-04  -8.269470292368e-05   8.822670127504e-05   2.598655295774e-04   9.590617322786e-04  -1.184799247134e-04   1.264313544608e-04   1.120680292031e-04   8.397594739169e-04  -3.910577404387e-05   4.176630620295e-05   1.635705843460e-04  -5.003242439426e-05  -1.170677026695e-04   1.245733726139e-04  -2.056952761148e-05  -9.005337596252e-06   1.322105292037e-06   2.191213153910e-05  -1.144229161721e-06  -5.283594011245e-05  -8.896051315598e-05   6.340950714982e-04   1.182404607102e-04   2.772094906553e-05   2.605712133667e-04   9.598739963905e-04   1.694835656058e-04   3.973405953297e-05   1.128273086843e-04   8.407520106231e-04   5.629988665250e-05   1.319717226105e-05   1.641312164526e-04  -4.984521185304e-05   1.665910215857e-04   3.906323172986e-05   2.927938881058e-05   4.018351769069e-06  -6.163338435865e-06   6.865335622044e-06  -5.522722474000e-06  -5.270887426165e-05  -8.874185929280e-05   6.336193018247e-04  -3.484869740866e-05  -1.157846852620e-04   2.598869288880e-04   9.590980644319e-04  -4.991636391714e-05  -1.659095886705e-04   1.120802216064e-04   8.397911717421e-04  -1.645241596860e-05  -5.477578428214e-05   1.636103814592e-04  -5.003291993372e-05  -4.949436838280e-05  -1.636490540959e-04  -8.684724208709e-06   4.989269135416e-06   7.337275540180e-06  -2.877254275398e-05   2.328188952374e-06
  -1.030903706296e-01  -3.132523295599e-01   6.035430057907e-01   5.302652261713e-01  -2.990963431006e-01  -3.284405787070e-01   9.857713332227e-02   6.407597125404e-02   2.640342775848e-04  -4.594651064774e-08  -9.837849313267e-09   2.115423052202e-03  -3.649793679597e-07  -7.826004649359e-08  -5.459055676317e-03   9.332816661359e-07   2.001366161995e-07  -1.459110744169e-03   3.700037876276e-07   8.141113788768e-08   4.005611821894e-03  -8.078274282918e-07  -1.799446083600e-07   9.856194883556e-03  -1.814477326144e-06  -3.822451815402e-07   2.400811661707e-03  -9.045393871938e-07  -1.879636377062e-07  -1.181154975388e-07  -2.491678079697e-09  -1.448945992021e-04  -2.077589532221e-08   2.509716981877e-04   3.205905999429e-08   2.683365079586e-09   1.316877439231e-04   7.896597894138e-09  -2.281031832286e-04   1.886982000337e-03  -3.130109358683e-04   1.309402937438e-07   2.746987102953e-08   2.086856708137e-07  -6.747860170430e-09  -7.636597237248e-05   3.154260839010e-08   1.323136253048e-04  -3.392680335649e-04  -5.055371117366e-04   1.818756181098e-03   6.044412353810e-07   1.260517041546e-07   6.267101560335e-04   4.191115217035e-03   1.261623580788e-06   2.656084302556e-07  -2.185485331749e-03  -4.016534565736e-03  -2.391447783753e-06  -4.718336588087e-07  -2.467744797853e-03  -1.408016474364e-03  -4.044214058592e-07  -9.419431165554e-08   6.317325654439e-07  -9.872198869488e-08  -1.123381736863e-03   1.244062940782e-07   1.946137740437e-03   1.403107310299e-04   2.357002792898e-04  -1.715483499914e-03   2.220272502806e-04  -2.368787584483e-04  -6.920741941699e-04  -2.585883690431e-03   3.141789613894e-04  -3.352744624150e-04  -2.930969715550e-04  -2.283279568604e-03   1.008805929627e-04  -1.077434671752e-04  -4.743726303343e-04   1.295122322411e-04   3.392879938965e-04  -3.610688434787e-04   5.366265007792e-05   2.299248216668e-05  -2.416409191325e-06  -5.716472056426e-05   1.260546745256e-06   1.406616687329e-04   2.363028969276e-04  -1.716859201359e-03  -3.174673139491e-04  -7.442863126227e-05  -6.939548911360e-04  -2.588126376627e-03  -4.494638400047e-04  -1.053727035344e-04  -2.951828433653e-04  -2.286037933481e-03  -1.453276720711e-04  -3.406536464658e-05  -4.760538159013e-04   1.289684289132e-04  -4.828882514438e-04  -1.132296330074e-04  -7.639698454409e-05  -1.026012760106e-05   1.669720620461e-05  -1.791331396959e-05   1.243851369131e-05   1.403213526414e-04   2.357185331137e-04  -1.715544579462e-03   9.356563085563e-05   3.108688175686e-04  -6.921310320303e-04  -2.585982365381e-03   1.323599843823e-04   4.399577972889e-04  -2.931285476123e-04  -2.283366209564e-03   4.244046007107e-05   1.413002087231e-04  -4.744866979907e-04   1.295122755429e-04   1.434324534181e-04   4.743160124800e-04   2.265732130983e-05  -1.273858364251e-05  -1.777417929727e-05   7.506249324093e-05  -7.605428895995e-06
  -8.964051253440e-02  -2.707001314488e-01   5.302652261713e-01   4.819411525305e-01  -3.443657217514e-01  -3.670341658339e-01   1.206737529889e-01   7.842624389002e-02   3.263801603758e-04  -5.412455952861e-08  -1.152480256427e-08   2.663174123517e-03  -4.369144465219e-07  -9.309928441231e-08  -7.159681593665e-03   1.147973755763e-06   2.445556944735e-07  -2.105572580965e-03   4.674458754562e-07   1.021793228113e-07   5.394201795029e-03  -9.965822030163e-07  -2.208804133346e-07   1.309904786343e-02  -2.252020571640e-06  -4.711246614247e-07   3.212427133675e-03  -1.081387757935e-06  -2.226502829753e-07  -2.156685552318e-07  -6.998911041222e-10  -4.584439654059e-04  -4.022827103491e-08   7.940489367084e-04   5.752356096391e-09   3.430107253206e-09   4.899120310597e-05   2.888378574489e-09  -8.487152213121e-05   2.521138421879e-03  -4.299731790289e-04   1.648468307018e-07   3.462867799350e-08   2.744235592185e-07  -4.614548995855e-09  -3.290745278021e-06   4.253002472662e-08   5.739176786460e-06  -2.371562880369e-04  -3.054526061611e-04   1.842062030629e-03   6.028612716340e-07   1.265717071230e-07  -1.202738539073e-04   4.433760876864e-03   1.299859952808e-06   2.752903400950e-07  -3.701144061704e-03  -5.267073343503e-03  -3.096003013136e-06  -6.161282282452e-07  -3.294877479402e-03  -1.825734297966e-03  -5.203452390038e-07  -1.204442991543e-07   7.465093945167e-07  -1.152367590211e-07  -1.330782536509e-03   1.468315732187e-07   2.305429184684e-03   1.786771809581e-04   2.985423254470e-04  -2.095159348526e-03   2.781553247827e-04  -2.967594272216e-04  -8.660274672820e-04  -3.158593970239e-03   3.986820048321e-04  -4.254415470743e-04  -2.995119574413e-04  -2.738651608836e-03   1.075351175319e-04  -1.148845760044e-04  -4.197218615294e-04   2.645317581257e-04   3.846103901504e-04  -4.092178477736e-04   7.490786192372e-05   3.164798221423e-05  -6.537539026967e-08  -7.979929892843e-05  -3.917648396136e-06   1.791279125157e-04   2.993075979601e-04  -2.096717580599e-03  -3.977140729249e-04  -9.324332450054e-05  -8.683803779314e-04  -3.161138206934e-03  -5.703049039892e-04  -1.337049309680e-04  -3.021140285116e-04  -2.741878476057e-03  -1.552057873759e-04  -3.638069294095e-05  -4.217088378894e-04   2.638709929643e-04  -5.472813848090e-04  -1.283307228428e-04  -1.066426241129e-04  -1.412629015428e-05   2.625339044211e-05  -2.500511226442e-05   1.147090167615e-05   1.786913439321e-04   2.985663265143e-04  -2.095233074470e-03   1.172220819112e-04   3.894580548604e-04  -8.661010854805e-04  -3.158713190509e-03   1.679687665888e-04   5.582887967305e-04  -2.995504042704e-04  -2.738753456574e-03   4.522307736476e-05   1.506456413886e-04  -4.198511163504e-04   2.645350633025e-04   1.626315295237e-04   5.376027510245e-04   3.162617847595e-05  -1.753228848362e-05  -2.120380808781e-05   1.047830095610e-04  -1.612103353918e-05
   3.368023657589e-02   1.102979315450e-01  -2.990963431006e-01  -3.443657217514e-01   5.640272202889e-01   5.648989363703e-01  -2.331738833691e-01  -1.500824082050e-01  -7.072251507680e-04   1.118461503813e-07   2.380789423866e-08  -5.871819958329e-03   9.220861262595e-07   1.962624419233e-07   1.516475312105e-02  -2.326867093872e-06  -4.950496044349e-07   4.963922330597e-03  -9.885566033934e-07  -2.154170922445e-07  -1.122336043271e-02   1.957801918972e-06   4.331308940066e-07  -2.670402077905e-02   4.406730256599e-06   9.196437811224e-07  -6.621896011426e-03   2.060330435276e-06   4.227710686253e-07   5.798227417380e-07   8.048789686961e-09   1.375610727830e-03   1.106468241659e-07  -2.382656144407e-03   8.000971513005e-08  -9.370065674433e-10   1.537565517064e-04   1.242259286645e-08  -2.663055828069e-04  -5.214095975801e-03   9.102593922658e-04  -3.223906147264e-07  -6.773994417226e-08  -5.635641714061e-07   3.471355432074e-09  -1.496728399770e-04  -8.902709370368e-08   2.591867118456e-04   1.899513813831e-04   1.196539409742e-04  -2.882523922019e-03  -9.456279392847e-07  -2.016765771363e-07   1.514941182191e-03  -7.350894431559e-03  -2.126633309922e-06  -4.544572339412e-07   8.850330764931e-03   1.067399345421e-02   6.160696424406e-06   1.237049992838e-06   6.783282433036e-03   3.670841269402e-03   1.030268530336e-06   2.375479925766e-07  -1.397502842791e-06   2.157368359809e-07   2.478501438090e-03  -2.745404744946e-07  -4.293722923419e-03  -3.372048883150e-04  -5.607256221520e-04   4.000178909230e-03  -5.254939713144e-04   5.606469125661e-04   1.616007591864e-03   6.024914633442e-03  -7.554057946211e-04   8.061202117799e-04   3.996047058571e-04   5.139812522316e-03  -1.526915975455e-04   1.632541030237e-04   5.313038299513e-04  -6.853053061147e-04  -6.848206173107e-04   7.284984554759e-04  -1.561546291885e-04  -6.223131929530e-05  -6.122090389257e-06   1.663547502258e-04   1.853959240059e-05  -3.380871891734e-04  -5.622145229470e-04   4.003151397656e-03   7.514357849887e-04   1.761737877384e-04   1.620552655701e-03   6.029743083828e-03   1.080682537444e-03   2.533619429098e-04   4.046005478633e-04   5.146021853190e-03   2.214237797625e-04   5.189880685317e-05   5.349845148140e-04  -6.840424754057e-04   9.742800087414e-04   2.284597905983e-04   2.223278528135e-04   2.778550912190e-05  -5.788918417575e-05   5.213033083765e-05  -1.173711907641e-05  -3.372327835354e-04  -5.607726694280e-04   4.000321443765e-03  -2.214565765492e-04  -7.357765468777e-04   1.616151784911e-03   6.025144541170e-03  -3.182579866610e-04  -1.057836603432e-03   3.996747030264e-04   5.140004878012e-03  -6.414422970069e-05  -2.139891296296e-04   5.315284990746e-04  -6.853180121500e-04  -2.896391087085e-04  -9.571102205465e-04  -6.592723200600e-05   3.447081943996e-05   3.544180060152e-05  -2.184367669060e-04   4.253544773936e-05
   3.988743819446e-02   1.284141580104e-01  -3.284405787070e-01  -3.670341658339e-01   5.648989363703e-01   5.890359989025e-01  -3.373318273971e-01  -2.066210011586e-01  -6.242049049342e-04   1.265496494995e-07   2.746315980790e-08  -5.204759833064e-03   1.051506302488e-06   2.282244806124e-07   1.414010438502e-02  -2.833879272157e-06  -6.150628630261e-07   4.697825235392e-03  -1.317809126592e-06  -2.922557757057e-07  -1.275077637291e-02   2.847897705392e-06   6.389631317455e-07  -2.931108525863e-02   6.210778519940e-06   1.324044963141e-06  -7.641345326219e-03   3.165648379221e-06   6.703092249777e-07  -1.038968183785e-07  -7.053078888189e-09  -1.033834904510e-03  -3.133077406015e-08   1.790695821634e-03  -1.863726458206e-07  -4.898272416007e-09  -6.719843891871e-04  -4.289373366358e-08   1.163940251456e-03  -6.398706235934e-03   1.177750142767e-03  -4.083037398806e-07  -8.558393836204e-08  -7.283338839337e-07   3.195273956113e-08   3.031015530608e-04  -1.108550557951e-07  -5.251679004735e-04   1.463197184315e-03   2.251279027620e-03  -6.778016320250e-03  -2.344641848314e-06  -4.913447951543e-07  -3.874068591740e-03  -1.518713147803e-02  -4.788411166872e-06  -1.011657327926e-06   5.662598712807e-03   1.222961952857e-02   6.960917179027e-06   1.373075373506e-06   7.854936431119e-03   4.423433204149e-03   1.271608611804e-06   2.973665800447e-07  -2.195257962243e-06   3.622619872698e-07   3.792474254413e-03  -4.313193771273e-07  -6.570172751831e-03  -4.322168616025e-04  -7.277541054016e-04   5.837664727652e-03  -7.197399142956e-04   7.678753629253e-04   2.181130633419e-03   8.796728255345e-03  -1.005628548426e-03   1.073140784858e-03   9.329898108636e-04   7.798468254809e-03  -3.311418437299e-04   3.537481937812e-04   1.664468720064e-03  -2.454132593547e-04  -1.086007459577e-03   1.155868294936e-03  -1.598681662907e-04  -6.791479644877e-05   1.304464331794e-05   1.702935243962e-04  -1.396545944230e-05  -4.333180815094e-04  -7.296498777642e-04   5.842839575907e-03   1.029251287313e-03   2.412995547770e-04   2.187144567898e-03   8.805005532095e-03   1.438874629162e-03   3.373257982497e-04   9.393727623838e-04   7.808374755357e-03   4.771441821788e-04   1.118383780817e-04   1.669670830222e-03  -2.437049582725e-04   1.545819361378e-03   3.624673179463e-04   2.276159645457e-04   3.030245139505e-05  -4.339910955916e-05   5.337073321318e-05  -4.698297646335e-05  -4.322492853009e-04  -7.278092998375e-04   5.837874235485e-03  -3.033046533803e-04  -1.007711505446e-03   2.181304551707e-03   8.797062576552e-03  -4.236500106849e-04  -1.408183771725e-03   9.330811555356e-04   7.798767721491e-03  -1.392635152729e-04  -4.638685297819e-04   1.664805544823e-03  -2.454166606958e-04  -4.590340302001e-04  -1.518326686365e-03  -6.750236313576e-05   3.762994103076e-05   5.840896543985e-05  -2.236129985345e-04   1.222333398203e-05
  -1.124603348518e-02  -3.659736432526e-02   9.857713332227e-02   1.206737529889e-01  -2.331738833691e-01  -3.373318273971e-01   6.235290654846e-01   3.562011372794e-01   1.252617804014e-03  -2.840120461452e-07  -6.272654224396e-08   1.048962024761e-02  -2.371962297634e-06  -5.238715575817e-07  -2.778532319279e-02   6.219738598677e-06   1.375220263210e-06  -1.118040595734e-02   2.890688815121e-06   6.503512091131e-07   2.519510166389e-02  -5.800752416445e-06  -1.321528979145e-06   5.412175408737e-02  -1.345437376347e-05  -2.926722665917e-06   1.627215532273e-02  -6.441502102635e-06  -1.411989507529e-06  -5.975432002597e-07   1.261949370728e-08   8.830536103362e-04  -8.768573482384e-08  -1.529560295347e-03  -1.022664402617e-07   7.082541423204e-09   4.859434764420e-04  -5.538753346442e-09  -8.417189912219e-04   1.418286319699e-02  -3.223347807805e-03   6.915169372654e-07   1.444756864425e-07   1.494875016641e-06  -7.279352709539e-08  -2.722695626129e-05   2.419881004949e-07   4.753679833819e-05  -1.246090295288e-03  -1.609120988580e-03   1.131180027262e-02   3.712195156780e-06   7.805821171792e-07   1.975995699311e-04   2.468842355587e-02   7.501328452419e-06   1.627873104590e-06  -1.538620899609e-02  -2.165641396294e-02  -1.133654325186e-05  -2.243481424249e-06  -1.552230570329e-02  -7.824759451983e-03  -2.476682876711e-06  -5.667487638823e-07   3.950200754074e-06  -7.070617635584e-07  -6.572983060437e-03   7.619062279176e-07   1.138752107138e-02   1.037989989056e-03   1.740997382170e-03  -1.107289223363e-02   1.785500256592e-03  -1.904366957836e-03  -5.112833234699e-03  -1.685061318615e-02   2.664375653225e-03  -2.841953628041e-03  -2.189046383673e-03  -1.439372558669e-02   1.055243998839e-03  -1.126304723730e-03  -1.520113944615e-03   8.816527867522e-04   1.384736093013e-03  -1.473197176159e-03   3.765648805164e-04   2.282087244227e-04  -5.175412206573e-05  -4.011445679727e-04   6.065931270740e-05   1.040184223209e-03   1.744752454704e-03  -1.108115985741e-02  -2.550075774950e-03  -5.978483749348e-04  -5.124725640319e-03  -1.686362606183e-02  -3.805766636572e-03  -8.922308032910e-04  -2.200523308723e-03  -1.440989904432e-02  -1.512253675912e-03  -3.544867390012e-04  -1.526946243537e-03   8.790829883024e-04  -1.970010425496e-03  -4.619474047074e-04  -5.358299017297e-04  -1.017820696035e-04   1.379945511544e-04  -1.256389807510e-04   1.712556138090e-04   1.038060623706e-03   1.741116098738e-03  -1.107328434533e-02   7.526791334186e-04   2.499423046258e-03  -5.113201797825e-03  -1.685123260044e-02   1.123061777068e-03   3.729852140874e-03  -2.189219424487e-03  -1.439426254503e-02   4.443243193025e-04   1.477563170732e-03  -1.520516615011e-03   8.816942623269e-04   5.855848586208e-04   1.935405024750e-03   1.589887223014e-04  -1.264605165338e-04  -2.041956631379e-04   5.267345745171e-04  -2.734478501567e-05
  -7.223555381700e-03  -2.357917559638e-02   6.407597125404e-02   7.842624389002e-02  -1.500824082050e-01  -2.066210011586e-01   3.562011372794e-01   2.176066079207e-01   1.901096428828e-03  -1.084555075873e-07  -2.239468770089e-08   1.578909021716e-02  -9.153885564737e-07  -1.884407720518e-07  -3.939089153232e-02   2.563510166489e-06   5.186176852712e-07  -1.749938408430e-02   1.039660519227e-06   2.204240446310e-07   3.506041559390e-02  -1.903493907107e-06  -4.121834855412e-07   7.580786433038e-02  -6.344967088391e-06  -1.249851748090e-06   2.232678263529e-02  -1.221736158928e-06  -2.053098497204e-07   7.647527661959e-07  -6.243131631958e-07  -4.972942802081e-03   1.087150966744e-07   8.615781229731e-03   3.557390537592e-07  -2.136080906382e-07  -1.076601069475e-03   5.769930314317e-08   1.865544036417e-03   1.580728874911e-02  -3.572047164300e-03   5.923735642436e-07   1.175223990219e-07   1.473619521741e-06   2.504241859081e-08   3.400463013014e-03   2.529952426370e-07  -5.889795173319e-03   3.194372152462e-03   5.411355004094e-03  -1.287967558805e-02  -4.134748149017e-06  -6.955102846717e-07  -1.615292522767e-02  -2.163457315456e-02  -6.085781199931e-06  -1.026583003155e-06  -4.752522104748e-02  -2.813548376995e-02  -9.210211300508e-06  -1.962644315312e-06  -1.744058320045e-02  -8.033971153501e-03  -1.922602227972e-06  -3.969710739373e-07   1.298532582974e-06   2.960145387940e-07  -1.715485374842e-03   2.357644084213e-07   2.970421562064e-03  -9.074708807204e-04  -1.545362458609e-03  -7.634065671481e-03  -2.451771485366e-03   2.615008199178e-03   4.687791998104e-03  -1.171184501468e-02  -3.871386249226e-03   4.128838263533e-03   6.319336913697e-03  -8.025176479307e-03  -3.938030866924e-03   4.200253313711e-03   3.757867715634e-03   4.447659718321e-03  -3.951384265133e-04   4.236734251627e-04   4.942607373885e-04  -3.078548161117e-04   2.733145216646e-04  -5.265275665043e-04  -4.346064935232e-04  -9.084134236092e-04  -1.546855671788e-03  -7.644830776863e-03   3.484034144009e-03   8.167579601829e-04   4.691871648947e-03  -1.172865150679e-02   5.501290252798e-03   1.289669552839e-03   6.324105616044e-03  -8.041161569021e-03   5.601443563118e-03   1.313160447209e-03   3.760218274174e-03   4.446999549966e-03   5.676220010424e-04   1.329997532511e-04  -7.045325153296e-04   1.368875866043e-04   1.718969291886e-05  -1.651945837629e-04  -5.814710207337e-04  -9.075313568099e-04  -1.545458273554e-03  -7.633826452079e-03  -1.033541266647e-03  -3.432287024302e-03   4.688053538342e-03  -1.171151419462e-02  -1.632122014599e-03  -5.419369429235e-03   6.319494291341e-03  -8.024754495220e-03  -1.660070057327e-03  -5.512932933960e-03   3.758111377250e-03   4.447900497159e-03  -1.655342009821e-04  -5.552325839985e-04   2.086820631058e-04   1.707451429207e-04   4.790151173515e-04   6.913847342187e-04  -3.158459442979e-04
  -3.269284338704e-05  -1.023728386851e-04   2.640342775848e-04   3.263801603758e-04  -7.072251507680e-04  -6.242049049342e-04   1.252617804014e-03   1.901096428828e-03   1.870542739080e-02   1.179840334650e-08   2.343577763242e-09   1.395266494571e-01   9.498069738230e-08   1.887396620152e-08  -4.408136713443e-02  -2.428660392880e-07  -4.829826244690e-08  -1.579844626203e-02  -9.774066127383e-08  -1.924071441050e-08   2.030189935528e-03   2.430588084137e-07   4.812363625163e-08   3.835254225811e-03   3.741240881338e-07   7.447471864462e-08   1.593176535440e-03   4.337196434639e-07   8.960342669055e-08  -3.842185094107e-08  -7.390027646111e-09  -1.941838030300e-04  -8.349434653761e-09   3.363646059479e-04  -6.019044262645e-09   1.025351038828e-09  -5.662883025278e-06  -1.194802858214e-09   9.804665934669e-06   4.913900303296e-04  -1.615505338632e-04   2.342285765784e-08   4.021128250013e-09   8.473400776428e-08   9.728843285352e-09   3.290312971329e-04   1.792058482258e-08  -5.699372682023e-04   4.105348007344e-04   6.960559635362e-04  -1.512169413819e-03  -5.550887908723e-07  -1.063462077826e-07  -1.839154950971e-03  -2.789248536595e-03  -9.470536959844e-07  -1.889591457965e-07  -3.986920058111e-03  -1.348617228237e-03  -2.630566152283e-07  -7.080253380993e-08  -6.103845891000e-04  -1.184893428286e-04  -3.811032861838e-08  -5.425304427251e-09  -1.669195296433e-07   2.271624272702e-08   2.482091691092e-04  -3.332164995536e-08  -4.300045671958e-04  -5.769906143387e-05  -9.792245463119e-05   4.944330706766e-04  -1.217429513857e-04   1.299016225689e-04   2.968259562808e-04   7.445435580611e-04  -1.837304746203e-04   1.960477721147e-04   5.173983958013e-04   8.406062343678e-04  -2.156900714243e-04   2.300889198013e-04   5.258104713765e-04   4.007664025898e-04  -1.183582286897e-04   1.262426469707e-04   9.719157590225e-06  -1.560296964571e-05   1.354440620640e-05  -1.036040484625e-05  -2.150408948139e-05  -5.774040347894e-05  -9.799490549861e-05   4.943275648437e-04   1.737529559269e-04   4.073450814285e-05   2.970751930648e-04   7.444070794822e-04   2.622166253949e-04   6.147358812540e-05   5.177305599567e-04   8.404587295871e-04   3.077733079231e-04   7.215626210371e-05   5.264540371240e-04   4.008781887210e-04   1.690006981023e-04   3.962135342533e-05  -1.389060770189e-05   6.942528778047e-06   5.803277788644e-07  -3.256651750297e-06  -2.898504570962e-05  -5.770001831417e-05  -9.792414907375e-05   4.944412448155e-04  -5.129720193255e-05  -1.704728113950e-04   2.968317550325e-04   7.445566143730e-04  -7.741341705852e-05  -2.572748087885e-04   5.174071838593e-04   8.406239043749e-04  -9.090808820467e-05  -3.019697774202e-04   5.258619869934e-04   4.007825411271e-04  -4.990109306717e-05  -1.657173399258e-04   4.100587357958e-06   8.657960451010e-06   2.397196369614e-05   1.360278364741e-05  -1.548497628256e-05
   5.645417598479e-09   1.768256950273e-08  -4.594651064774e-08  -5.412455952861e-08   1.118461503813e-07   1.265496494995e-07  -2.840120461452e-07  -1.084555075873e-07   1.179840334650e-08   1.879228933187e-02   1.189093463586e-09   9.505983172523e-08   1.402305482977e-01   9.645766955784e-09  -2.435122184939e-07  -4.590729412127e-02  -2.518422546568e-08  -9.256960528211e-08  -1.625118096803e-02  -5.998397212639e-09   2.274225263915e-07   3.293922567379e-03   1.783785299092e-08   4.220676167762e-07   7.407158185304e-03   4.923754015748e-08   3.077753237806e-07   4.839738298415e-03   7.766593732852e-08   3.512525583254e-05  -6.570516803608e-06   6.888571489031e-06  -1.149112103757e-08   3.958130552191e-06   2.824171538257e-05  -1.156251571549e-07   1.229647165314e-07   1.809823971710e-09   6.630479563044e-08   2.272543212330e-07  -4.240180109139e-08  -2.216561933191e-05   3.715764637249e-09  -2.204114368821e-04   1.410479477002e-05  -1.478475023883e-05   1.222752677026e-08  -8.490138510041e-06  -1.712989961001e-08  -3.379861580591e-08  -1.127316026477e-08   1.253027143764e-04  -2.485073316109e-08   1.397963810932e-07  -2.190139964604e-08   2.221490079944e-04  -4.054559206440e-08   1.257424785801e-08  -4.427631826487e-07   1.407946321550e-03  -1.821279368029e-07  -2.331845876047e-07  -1.744535521759e-07   1.534937713058e-04  -2.903317919458e-08   2.907195246184e-04   2.669096380634e-05  -2.792184483874e-05  -1.926314828464e-08  -1.628283732396e-05   3.493573540748e-05   5.963064553457e-05  -1.806482286733e-04  -3.205090291698e-05  -1.064142984707e-04  -1.818546166009e-04  -2.797042803800e-04  -3.748945399145e-05  -1.479469896655e-04  -4.006416109533e-04  -3.454219534344e-04  -7.641857270891e-05  -2.716102461348e-04  -8.169775006398e-04  -2.058944446429e-04   1.143210811574e-04  -2.668207411139e-04   7.450054347601e-06  -1.333406230424e-07  -4.756877929409e-06   6.862606785077e-07   5.227593961793e-06  -4.975025856196e-05  -8.492207307202e-05   2.570475336044e-04   7.027078817305e-05   4.744454014610e-05   2.590558098394e-04   3.980720302796e-04   1.048434824518e-04   6.598195088034e-05   5.702462091146e-04   4.913039872331e-04   1.846329147918e-04   1.210659168420e-04   1.162173490564e-03   2.928614241720e-04   3.707874996377e-04   1.188969092745e-04   6.794553375627e-06   4.041897700576e-07   5.146580427595e-06  -3.081567139613e-07  -8.414895703285e-06   1.475039327429e-05   2.517718913738e-05  -7.626536251722e-05  -1.141378054854e-04   5.899876342770e-05  -7.678502889562e-05  -1.180914226362e-04  -1.516092847630e-04   8.202764898148e-05  -1.691399058686e-04  -1.457978308996e-04  -2.859614223609e-04   1.505777214768e-04  -3.448048261807e-04  -8.691096807878e-05  -9.152666242555e-05   1.478941663308e-04   7.979487826074e-06   1.661265162612e-06  -2.397235316386e-06  -3.810131878942e-07   1.980994417343e-06
   1.203631598387e-09   3.775900605068e-09  -9.837849313267e-09  -1.152480256427e-08   2.380789423866e-08   2.746315980790e-08  -6.272654224396e-08  -2.239468770089e-08   2.343577763242e-09   1.189093463586e-09   1.879228468255e-02   1.888857110936e-08   9.645764989367e-09   1.402305106041e-01  -4.841745736189e-08  -2.518421306913e-08  -4.590719581353e-02  -1.822513006346e-08  -5.998423431575e-09  -1.625115617450e-02   4.484636579631e-08   1.783770729681e-08   3.293849799967e-03   8.530023998979e-08   4.923840612038e-08   7.406969089308e-03   5.928580065078e-08   7.766603286603e-08   4.839447955816e-03  -1.149105626371e-08   7.944681953642e-06   5.690971531975e-06   3.516953804232e-05   3.282317499936e-06   1.809912891678e-09   1.394043378374e-07   1.000495902511e-07   2.823572525155e-05   5.699070332344e-08   2.431284822265e-08  -5.135653028723e-10   3.716374924996e-09  -2.218457686593e-05   1.222668101691e-08  -1.706104279079e-05  -1.221712988902e-05  -2.204637229301e-04  -7.046279800127e-06  -2.422085937012e-09  -5.057345095301e-09  -1.360671894689e-09  -2.485120963898e-08   1.253914791110e-04   1.852585507159e-08  -4.907299755977e-09  -4.054495368022e-08   2.222996004907e-04   6.213651122807e-08  -1.041258807066e-07  -1.821445620421e-07   1.408590976278e-03  -7.488513779258e-09  -2.266127541376e-08  -2.903785113304e-08   1.536006328844e-04  -1.926418819538e-08  -3.220027488705e-05  -2.308115252329e-05   2.907960545799e-04  -1.335805911656e-05  -3.721653071523e-05  -6.352333517123e-05   1.924519389541e-04  -1.064015867799e-04  -1.858468947939e-05   1.937236666294e-04   2.979686278492e-04  -1.479175601616e-04  -1.876520141171e-05   4.268105436270e-04   3.680510219495e-04  -2.716259227635e-04  -4.206367751645e-05   8.705774792402e-04   2.193654398414e-04  -2.668907722637e-04   1.481245494310e-04   6.847186261712e-07  -4.655191914795e-08   2.451029330988e-06   7.363924542468e-06  -7.082935246970e-06  -1.166537714539e-05  -1.991247129239e-05   6.027155197983e-05   4.744755479691e-05  -1.209507162504e-04   6.074424642460e-05   9.333894623134e-05   6.598748684401e-05  -1.610939945018e-04   1.336994006565e-04   1.151960634162e-04   1.210628339891e-04  -3.033007356589e-04   2.724872892431e-04   6.866377159947e-05   1.188977304517e-04  -1.084085904913e-04  -3.082626517822e-07  -1.811285160968e-06   3.874496223150e-07   8.036529546480e-06  -2.445942159182e-06   4.886896099804e-05   8.341263510992e-05  -2.526976477103e-04   5.898303701154e-05   6.349355923275e-05  -2.543815074134e-04  -3.912545694607e-04   8.199268475491e-05   9.534211175673e-05  -5.604391137035e-04  -4.832364117543e-04   1.505964745027e-04   1.674537282795e-04  -1.143042595518e-03  -2.880304897120e-04   1.479633805713e-04   3.539733417610e-04  -3.793645461818e-07  -4.683445650945e-07  -4.503894990596e-06   6.835957466412e-06   8.557173616784e-06
  -2.384979438756e-04  -7.757344591548e-04   2.115423052202e-03   2.663174123517e-03  -5.871819958329e-03  -5.204759833064e-03   1.048962024761e-02   1.578909021716e-02   1.395266494571e-01   9.505983172523e-08   1.888857110936e-08   1.042517555475e+00   7.695874691540e-07   1.529743864310e-07  -3.644708784735e-01  -2.016982359791e-06  -4.011523627159e-07  -1.282929895954e-01  -8.139248613747e-07  -1.602915306957e-07   1.620086652522e-02   2.022495398456e-06   4.005581156076e-07   3.235844073326e-02   3.134881628589e-06   6.240368579657e-07   1.317732012140e-02   3.613209700883e-06   7.464503186905e-07  -3.182440268603e-07  -6.018048309172e-08  -1.607324173070e-03  -6.905596157701e-08   2.784198367985e-03  -4.788340374641e-08   8.449713417439e-09  -4.446340533969e-05  -9.486441788667e-09   7.698209151612e-05   4.115500785268e-03  -1.320140045550e-03   1.964720642403e-07   3.381160726201e-08   7.034407318165e-07   8.245828798077e-08   2.754675479722e-03   1.489664165093e-07  -4.771562721582e-03   3.423408608726e-03   5.800742870576e-03  -1.260253043059e-02  -4.632023973497e-06  -8.876949331413e-07  -1.535125766600e-02  -2.324111977743e-02  -7.907615379886e-06  -1.577753759836e-06  -3.305234247623e-02  -1.119225729184e-02  -2.248361517243e-06  -6.000566673007e-07  -5.075929069469e-03  -9.775086855833e-04  -3.236374001525e-07  -4.639321919532e-08  -1.392905052651e-06   1.927546058651e-07   2.066117577521e-03  -2.781440402434e-07  -3.579414685770e-03  -4.789845408924e-04  -8.138251396489e-04   4.134618608703e-03  -1.013175533535e-03   1.081077442565e-03   2.471522549576e-03   6.226910781152e-03  -1.529850451728e-03   1.632411544821e-03   4.282506005152e-03   7.010745461699e-03  -1.787390629062e-03   1.906736843027e-03   4.349974619779e-03   3.322863083850e-03  -9.807145157220e-04   1.046061161788e-03   8.140799742396e-05  -1.299256448490e-04   1.131529371500e-04  -8.677890539394e-05  -1.797027756290e-04  -4.793320750564e-04  -8.144337140491e-04   4.133766275523e-03   1.446036386246e-03   3.390075740475e-04   2.473616036417e-03   6.225796008830e-03   2.183394223477e-03   5.118709587193e-04   4.285235558187e-03   7.009564071821e-03   2.550518047968e-03   5.979584171254e-04   4.355294174755e-03   3.323790369738e-03   1.400364443777e-03   3.283079175803e-04  -1.163450582148e-04   5.781062484904e-05   5.199489104158e-06  -2.727711691717e-05  -2.419951460778e-04  -4.789926161082e-04  -8.138394305106e-04   4.134686716470e-03  -4.269066548554e-04  -1.418720696569e-03   2.471571566727e-03   6.227019102181e-03  -6.445906545461e-04  -2.142224407838e-03   4.282577007870e-03   7.010892474058e-03  -7.533290774531e-04  -2.502398309095e-03   4.350399565879e-03   3.322996643676e-03  -4.134719351541e-04  -1.373146003945e-03   3.434675435558e-05   7.209450477138e-05   1.999829157457e-04   1.139371225398e-04  -1.295817232221e-04
   4.084854772614e-08   1.327816817170e-07  -3.649793679597e-07  -4.369144465219e-07   9.220861262595e-07   1.051506302488e-06  -2.371962297634e-06  -9.153885564737e-07   9.498069738230e-08   1.402305482977e-01   9.645764989367e-09   7.695874691540e-07   1.048251601007e+00   7.866449386242e-08  -2.020980186505e-06  -3.796668675828e-01  -2.098943219959e-07  -7.708787216904e-07  -1.321409974485e-01  -5.093176547004e-08   1.892827488300e-06   2.685002946450e-02   1.502496293875e-07   3.532087787847e-06   6.219443580436e-02   4.124020178478e-07   2.567228140276e-06   4.031294148250e-02   6.473085513558e-07   2.841257876599e-04  -5.386160000547e-05   5.646994112929e-05  -9.484047406140e-08   3.244151706849e-05   2.243571307663e-04  -1.047868808604e-06   1.112481957836e-06   1.494149341906e-08   6.015759102776e-07   1.866592345423e-06  -3.441626321286e-07  -1.439724726429e-04   3.110420055239e-08  -1.840652922892e-03   1.187213658824e-04  -1.244431775226e-04   1.034195157413e-07  -7.146549711714e-05  -1.451872062346e-07  -2.851882510009e-07  -9.107520782296e-08   1.044627828004e-03  -2.086766680435e-07   1.170336785391e-06  -1.792008609178e-07   1.847470354089e-03  -3.398455340905e-07   1.394023654114e-07  -3.669194146592e-06   1.172839925121e-02  -1.513507914249e-06  -1.898006061449e-06  -1.431870024429e-06   1.270152179969e-03  -2.402848831050e-07   2.425283089126e-03   2.254146458935e-04  -2.358142016362e-04  -1.616597467658e-07  -1.375011316431e-04   2.921382761200e-04   4.986579428929e-04  -1.515461227606e-03  -2.687854665651e-04  -8.899899996162e-04  -1.521147251333e-03  -2.344994641516e-03  -3.162899811633e-04  -1.237468821853e-03  -3.343816260294e-03  -2.890831221324e-03  -6.397339442179e-04  -2.266830862027e-03  -6.794100499456e-03  -1.712338011379e-03   9.486520501935e-04  -2.219318084409e-03   6.236838328487e-05  -1.110486193880e-06  -3.998089805097e-05   6.120552284817e-06   4.391512285618e-05  -4.160228350265e-04  -7.101601434654e-04   2.156381348422e-03   5.869854291783e-04   3.968029165272e-04   2.166914047151e-03   3.337366119355e-03   8.742297199050e-04   5.518944522131e-04   4.759380031664e-03   4.111735545456e-03   1.538989336532e-03   1.010407765760e-03   9.664776517499e-03   2.435592480804e-03   3.081841716866e-03   9.889400689406e-04   5.652079191815e-05   3.406837310095e-06   4.323049895043e-05  -2.746979728239e-06  -7.070657554808e-05   1.233458556052e-04   2.105438557181e-04  -6.397913167055e-04  -9.553140089550e-04   4.934345007397e-04  -6.422811193002e-04  -9.900576107219e-04  -1.270818865124e-03   6.861030980317e-04  -1.411672278953e-03  -1.220182396994e-03  -2.388554136724e-03   1.256710355459e-03  -2.867452075797e-03  -7.228058608171e-04  -7.635150981149e-04   1.230129027493e-03   6.709036043143e-05   1.397134463659e-05  -2.015431534107e-05  -3.397773648660e-06   1.663731429839e-05
