ARMA_MAT_TXT_FN008
151 151
  -1.324129963099e+01  -1.660461081590e+01  -2.280160672580e-07  -9.239432465661e-08   2.461974007258e-02  -6.164377413657e+00  -4.175357125387e-07  -4.864947056482e-07   1.140126443534e-02  -2.739735378177e+00  -2.309210102813e-07  -2.963213432972e-07   4.483687204668e-03  -1.204346979731e+00  -8.080921714565e-08  -1.078970936145e-07   1.234773154639e-03  -4.142346056466e-08   1.796260601361e-07  -9.829456770666e-04   1.429509925921e-07   1.964447228016e-07  -3.997943308737e-04  -2.490344612292e-04   8.889183219611e-03  -8.152563245591e-03  -3.901722468495e-03  -1.754622727886e-01   4.229830556996e-01  -3.879318485840e-01  -1.909782867264e-01  -7.516811497533e-01   1.070343605701e+00  -9.816478959322e-01  -4.836990714109e-01  -6.581523073472e-01   5.238789575277e-01  -4.804669236880e-01  -2.368292884216e-01   5.596061539902e-01  -2.526063925921e-01   2.524207712198e-01   2.754304999734e-01  -4.846774856813e-02  -3.997696567780e-04  -2.490113740124e-04  -1.150372214993e-02  -3.620400293807e-03  -3.901169543793e-03  -1.754484259366e-01  -5.474297027158e-01  -1.722851301122e-01  -1.909645055540e-01  -7.516619415334e-01  -1.385326563968e+00  -4.359851094567e-01  -4.836904139352e-01  -6.581471408766e-01  -6.780591862224e-01  -2.133964203611e-01  -2.368292469869e-01  -3.216662666556e-01  -1.121838991520e-01   2.524022209741e-01  -3.564604431949e-01  -4.604246365129e-01  -3.999107492115e-04  -2.490649899067e-04   2.617370265955e-03   1.177700949092e-02  -3.902672150148e-03  -1.754855738095e-01   1.245308569325e-01   5.603323580660e-01  -1.910019874172e-01  -7.517134928036e-01   3.150921306190e-01   1.417771817849e+00  -4.837148780572e-01  -6.581609921900e-01   1.542170237381e-01   6.939067331045e-01  -2.368299523093e-01  -2.379491531437e-01   3.648765370923e-01   2.524514950055e-01   8.109185807755e-02   5.088901122897e-01   8.159270958228e-05  -2.736119759021e-02  -3.342529980344e-01  -4.432128536197e-01   2.988204664529e-04   1.344610030593e-03  -1.482996262353e-03  -1.500428631840e-04  -3.284688664936e-02  -3.550339847945e-01  -4.528305447157e-01  -5.455289240800e-04   2.363079685043e-03  -6.062254915011e-05  -1.500165086576e-04  -3.284477062123e-02  -3.550263137991e-01  -4.528270592304e-01   1.494850078665e-03   1.909433089511e-03  -6.051246263342e-05   8.146691735616e-05  -2.736161908694e-02  -3.342546408463e-01  -4.432136221705e-01   1.014995493964e-03  -9.311660901836e-04  -1.483060487615e-03  -1.499885578987e-04  -3.283612130900e-02  -3.549950238114e-01  -4.528128936912e-01   2.318047989488e-03  -7.087227283371e-04  -6.055202989416e-05  -1.499781842725e-04  -3.283953793158e-02  -3.550074003118e-01  -4.528184952831e-01   9.062172358405e-04  -2.248628581118e-03  -6.045764204552e-05   8.154634998133e-05  -2.736128524553e-02  -3.342532541497e-01  -4.432129683594e-01  -1.313790911931e-03  -4.136755816929e-04  -1.483029322211e-03  -1.499566742513e-04  -3.283445948264e-02  -3.549891210301e-01  -4.528102150094e-01  -1.772883376364e-03  -1.652761258254e-03  -6.036710001570e-05  -1.499831265563e-04  -3.283292051009e-02  -3.549835305220e-01  -4.528076940631e-01  -2.399702013732e-03   3.395826805906e-04  -6.056907759363e-05
  -1.660461081590e+01  -1.229607519000e+01  -2.517543964655e-07  -1.563232614460e-07   2.312739545797e-02  -5.550565215249e+00  -3.856622562613e-07  -5.024937041493e-07   5.559638634196e-03  -2.573147000764e+00  -1.445345354755e-07  -1.878982843620e-07   9.177107490457e-04  -1.143587379111e+00   7.876632937455e-09   1.187378852609e-08  -5.267901855202e-04  -2.746605366780e-08   1.735117257418e-07  -2.010395084472e-03   1.434080051408e-07   1.467082548208e-07  -2.963498979614e-04  -3.219761489888e-04   9.363530354407e-03  -8.587624956971e-03  -4.159082646423e-03  -1.741700926161e-01   4.135570521956e-01  -3.792869821157e-01  -1.871343008013e-01  -7.144475814415e-01   1.010554598324e+00  -9.268133653167e-01  -4.576045108951e-01  -6.260536013686e-01   4.975369069425e-01  -4.563076324157e-01  -2.256836998627e-01   5.503856191346e-01  -2.490469312008e-01   2.477383453649e-01   2.715494244336e-01  -4.766914314952e-02  -2.963132539424e-04  -3.219593607165e-04  -1.211765277596e-02  -3.813629306703e-03  -4.158552932995e-03  -1.741566646800e-01  -5.352314920600e-01  -1.684461646468e-01  -1.871212138751e-01  -7.144295224756e-01  -1.307942971119e+00  -4.116311979193e-01  -4.575964637166e-01  -6.260487326806e-01  -6.439644685876e-01  -2.026661925052e-01  -2.256836768724e-01  -3.163670969296e-01  -1.106034749104e-01   2.477208265597e-01  -3.514386133086e-01  -4.528395381758e-01  -2.964083011702e-04  -3.220034499659e-04   2.757008084488e-03   1.240533656341e-02  -4.159962718866e-03  -1.741927219806e-01   1.217553515123e-01   5.478439200401e-01  -1.871568019582e-01  -7.144780118224e-01   2.974911071965e-01   1.338575150348e+00  -4.576192173542e-01  -6.260618073211e-01   1.464625967870e-01   6.590151845556e-01  -2.256843102074e-01  -2.340274277553e-01   3.597333002168e-01   2.477673352699e-01   7.994882591670e-02   5.005029313169e-01   2.592844633369e-04  -2.700882121328e-02  -3.185462119629e-01  -4.217578669210e-01   3.621150865022e-04   1.629435409389e-03  -1.328522238471e-03   2.723650621050e-04  -3.237768681711e-02  -3.385822539390e-01  -4.311368508533e-01  -3.305245475966e-04   2.725347234710e-03  -3.038383462402e-04   2.723847692120e-04  -3.237558414560e-02  -3.385749576174e-01  -4.311335420556e-01   1.453519117071e-03   2.328658565484e-03  -3.037466800171e-04   2.592870329593e-04  -2.700922472319e-02  -3.185478080873e-01  -4.217586276190e-01   1.230044606993e-03  -1.128358457890e-03  -1.328617741295e-03   2.723929680560e-04  -3.236708889720e-02  -3.385452950658e-01  -4.311200904617e-01   2.524239232157e-03  -1.076026055605e-03  -3.037873165133e-04   2.723704174421e-04  -3.237050242922e-02  -3.385571337703e-01  -4.311254797858e-01   1.289953075156e-03  -2.422434096495e-03  -3.037096905213e-04   2.592908290323e-04  -2.700889980634e-02  -3.185465131404e-01  -4.217580220434e-01  -1.592123756784e-03  -5.012399938423e-04  -1.328623458878e-03   2.723819791771e-04  -3.236554365576e-02  -3.385398216469e-01  -4.311176405372e-01  -2.194100672166e-03  -1.647682786427e-03  -3.036355070445e-04   2.723835471795e-04  -3.236399073827e-02  -3.385344414241e-01  -4.311151769343e-01  -2.742032362043e-03   9.416678667007e-05  -3.038068291189e-04
  -2.280160672580e-07  -2.517543964655e-07   1.379651122997e+00  -2.703827866807e-07   8.180260883417e-07  -4.221412982800e-06  -5.872607834720e-01  -3.716754465405e-07   1.554481771764e-06  -2.785930717732e-06  -5.834453305377e-01  -1.376403542270e-07   7.456265928082e-07  -6.887251434645e-07  -2.055209550340e-01   6.102316071382e-09   2.924342422929e-07   5.058218460163e-02   2.555055281668e-07   2.000780231404e-06   7.011582295062e-02   3.893283411062e-02  -4.843188829440e-03  -5.568678494253e-03   8.413704177339e-02  -9.313980254558e-02  -4.510251367773e-02  -1.587580454906e-01   1.513908855790e-01  -2.296258250267e-01  -1.116971052097e-01  -1.373744069329e-01  -9.918546718577e-03  -1.553555320155e-01  -7.576968038446e-02  -3.783739224266e-02  -6.428726383923e-02  -2.938902492769e-02  -1.477931913208e-02   1.722863649587e-01  -1.259547615895e-01   5.657753863527e-02   8.544922468514e-02   1.019779400528e-01   6.267842247425e-03   7.207071737656e-03   1.527015287380e-01   5.353920043553e-02   5.837349201732e-02   2.054741965267e-01   3.204418568100e-01   1.319982029227e-01   1.445667412781e-01   1.778011079553e-01   1.044588784665e-01   8.930561909038e-02   9.806872985826e-02   4.897256746182e-02  -4.264981353703e-02   1.689434797920e-02   1.912939465393e-02   1.631102554621e-01   7.240380419107e-02  -7.322982215831e-02   1.781774424527e-01   1.431578493227e-01  -1.425992887094e-03  -1.639476179075e-03  -8.618653263240e-03   3.960183209737e-02  -1.327821065671e-02  -4.673720922428e-02  -7.729269727087e-02   9.762959350399e-02  -3.288221734453e-02  -4.044080013848e-02  -1.646382617187e-01   6.605061133583e-02  -2.230483879374e-02  -1.113855197254e-02  -9.355572273143e-02   1.249474595169e-02  -4.350482988949e-03   1.320769894574e-01   5.355228813919e-02   1.665485595787e-02  -3.998981185511e-02   1.146760987344e-01   7.411737561944e-04  -6.653587060185e-03  -1.429078516060e-02  -6.360966280499e-03  -1.237955139798e-03   5.603348206615e-03  -3.330268446909e-03  -1.049584854262e-03   8.429748746082e-03   2.120092230431e-02   1.007327587421e-02  -2.426834795264e-04  -4.512444898255e-03  -8.919601271804e-04   2.494066848639e-03  -2.801692629683e-02  -6.047968399641e-02  -2.731014314425e-02   9.932920233218e-03   1.901598161365e-02  -1.887092259449e-03   2.517297287491e-03  -2.260055308882e-02  -4.853995899399e-02  -2.160530195015e-02   1.188557819431e-02  -1.318043907013e-02  -1.131329710718e-02   3.681665238382e-03  -4.588157269928e-02  -9.499369534407e-02  -4.222116061718e-02   3.379288462488e-02  -1.690399782222e-02  -5.066488959474e-03   1.227237778394e-03  -2.065543009160e-02  -3.844803556797e-02  -1.633960113793e-02   9.867119215455e-03  -1.721253508533e-02  -4.376972989665e-03  -3.258267174852e-03   2.925441187142e-02   6.283030379802e-02   2.796591020620e-02   2.159059472817e-02   7.578327818378e-03   1.464480070619e-02  -2.632158138134e-03   3.745706248327e-02   7.380215767837e-02   3.215157527712e-02   2.751286108294e-02   1.876534735659e-02   5.957579176442e-03  -3.722359607180e-03   4.865798092970e-02   9.891196383853e-02   4.364505086264e-02   4.126261121881e-02   8.461281943612e-04   6.265363995197e-03
  -9.239432465661e-08  -1.563232614460e-07  -2.703827866807e-07   1.379642637340e+00   8.178448650742e-07  -6.128144505648e-06  -3.720072920101e-07  -5.872674269848e-01   1.822992710930e-06  -3.934729466295e-06  -1.410031575191e-07  -5.834451556212e-01   8.802909064810e-07  -9.329127923968e-07   8.589276758198e-10  -2.055196613085e-01   4.696696659146e-07  -3.894264458007e-02   7.011653726935e-02   2.221520711031e-06   2.557440429425e-07   5.059463694773e-02   4.441916319694e-03   5.107557927414e-03  -9.314309232852e-02   6.800812350486e-02   4.136679986154e-02   1.456058275767e-01  -2.296289120427e-01   1.116191479094e-01   1.024435570345e-01   1.259898716411e-01  -1.553532910248e-01  -3.683115490143e-02   6.949133918638e-02   3.470101693803e-02  -2.938831611257e-02  -6.937786737696e-02   1.355488586066e-02  -1.378360604064e-01   6.363137463788e-02  -5.188842448472e-02  -1.259566714141e-01   1.394018158380e-01   1.972623173384e-03   2.268332921300e-03   5.354115380419e-02  -5.655253597727e-04   1.837191935571e-02   6.466766917100e-02   1.320000845296e-01  -5.743404550398e-02   4.549864200745e-02   5.595659183002e-02   8.930439472214e-02  -1.512010560305e-01   3.086409355783e-02   1.541205945687e-02   1.689393235152e-02  -9.101347620654e-02   6.020529930751e-03  -9.673980705908e-02  -2.909735382823e-02  -2.304680045745e-02   7.240492056020e-02   1.485024091135e-01  -6.416414989413e-03  -7.377385478845e-03   3.960313814851e-02   1.607785323954e-01  -5.974835264319e-02  -2.103013367426e-01   9.763075845029e-02   3.403058792673e-01  -1.479583806410e-01  -1.819641162543e-01   6.604957367274e-02   1.178763640908e-01  -1.003620456697e-01  -5.011714540238e-02   1.249444151394e-02  -4.011224679072e-02  -1.957529523708e-02  -1.252295233418e-01   1.890710926286e-01   7.493615541296e-02   5.355307576844e-02   1.795584234189e-01   3.334360363531e-03  -2.994050572214e-02  -6.430417298614e-02  -2.862202150049e-02   5.603631965437e-03   2.273224246456e-02  -1.498602065075e-02   3.643873880143e-03  -4.812437403598e-02  -9.745490312949e-02  -4.293645998322e-02  -2.748766868727e-03   4.095862635186e-02  -6.365344465566e-03   2.856753023017e-03  -4.002320874493e-02  -7.930302065157e-02  -3.462928620021e-02   1.725272570416e-02   3.078125651769e-02  -6.143151267559e-03  -2.308906478984e-03   2.073435622096e-02   4.453081033724e-02   1.982059949315e-02  -1.318181337567e-02   9.607971389873e-03   1.037936912656e-02  -9.136555025060e-04   1.675807332978e-02   3.036435021929e-02   1.274405743895e-02  -1.513953555086e-02   6.914244781262e-03   3.955424817110e-03  -3.588698153399e-03   4.426850344374e-02   9.202147169375e-02   4.096376691627e-02  -1.897788209337e-02   3.084287456973e-02   4.705614172700e-03  -1.025732607923e-03   9.211478254709e-03   1.978356598061e-02   8.805631561275e-03   7.579420283070e-03  -9.765848637715e-05   4.611440641260e-03  -2.731312881704e-03   3.135017948414e-02   6.707394427418e-02   3.018772674620e-02   2.053116020274e-02   1.319293502327e-02   2.408402666918e-03   7.315272122281e-04  -4.249016118351e-03  -1.272138491641e-02  -6.335240467803e-03  -9.192553800029e-04  -5.580933555687e-04   1.437515710234e-03
   2.461974007258e-02   2.312739545797e-02   8.180260883417e-07   8.178448650742e-07   1.302392412599e+00   1.223345117958e-02   1.595109052505e-06   1.857226567721e-06  -6.436664549372e-01   8.634561481375e-03   6.681664268669e-07   4.813943803718e-07  -6.197743327281e-01  -5.304759408229e-03   4.169467441057e-08  -3.627692412027e-07  -2.319082551615e-01   6.241348181420e-07  -5.092181780758e-06   1.323726331416e-02  -3.340013305948e-06   1.140850046876e-06   2.113715064351e-03   2.687829509724e-03  -4.756765322112e-02   4.362594302375e-02  -5.282505668689e-04   7.458166387754e-02  -1.185780701212e-01   1.087526866079e-01  -5.886764816400e-02   6.625294763935e-02  -8.515512975469e-02   7.809978284452e-02  -1.564764439037e-01   1.280434129194e-02  -1.290043194818e-02   1.183124743278e-02  -1.022168720105e-01  -1.352300292359e-01  -6.891357776891e-02  -1.438670637123e-01   7.513592758980e-02   1.171069888743e-02   2.113448893537e-03   2.687638442982e-03   6.156313359948e-02   1.937472078308e-02  -5.269850843270e-04   7.457899815445e-02   1.534714350503e-01   4.829998982620e-02  -5.886270319805e-02   6.625202076957e-02   1.102163141419e-01   3.468715154314e-02  -1.564722049575e-01   1.280435171385e-02   1.669720859053e-02   5.254640755832e-03  -1.022161190674e-01   7.773643283054e-02  -3.060735903551e-02  -1.438613624660e-01  -9.724364762035e-02   1.112677666489e-01   2.114188960991e-03   2.688212649833e-03  -1.400427536099e-02  -6.301397741443e-02  -5.297094895098e-04   7.458688460034e-02  -3.490831358198e-02  -1.570741700605e-01  -5.887529658919e-02   6.625489138226e-02  -2.506766542028e-02  -1.127959237922e-01  -1.564842386373e-01   1.280429153665e-02  -3.797399915293e-03  -1.708707795961e-02  -1.022190126275e-01   5.749542410490e-02   9.953594694687e-02  -1.438769107151e-01   2.212144688579e-02  -1.229636271436e-01  -8.508244171551e-03   2.820258736348e-02   7.237230218950e-02   2.995920434470e-02  -4.839968045183e-03  -2.177814819154e-02   1.742590925374e-02   2.449729896710e-03   3.991021378340e-03   2.747610224183e-03  -4.583539011659e-03  -1.659950756476e-03  -3.491956932196e-03  -2.877637529404e-03   2.449601649393e-03   3.988528202909e-03   2.742910079622e-03  -4.585704639478e-03   2.604784715517e-05  -3.864601047861e-03  -2.877604412575e-03  -8.507375900537e-03   2.820363173260e-02   7.237287662206e-02   2.995943983005e-02  -1.643996659004e-02   1.508088144385e-02   1.742681939360e-02   2.447847816729e-03   3.988210693073e-03   2.745163849051e-03  -4.584288382954e-03  -2.192849609925e-03   3.182854825155e-03  -2.876198994675e-03   2.450261311163e-03   3.987962448542e-03   2.741126657292e-03  -4.586260262615e-03  -3.359402498399e-03   1.908907660981e-03  -2.876387850099e-03  -8.507098506127e-03   2.820374230505e-02   7.237312794528e-02   2.995963119033e-02   2.127950836168e-02   6.699428052250e-03   1.742686414875e-02   2.449917303639e-03   3.985726701078e-03   2.737253103536e-03  -4.587953582248e-03   3.850356359878e-03   3.055264807896e-04  -2.875684585372e-03   2.447606874117e-03   3.988544427540e-03   2.746199409385e-03  -4.583712053414e-03   3.335009198949e-03   1.954412894205e-03  -2.875489769687e-03
  -6.164377413657e+00  -5.550565215249e+00  -4.221412982800e-06  -6.128144505648e-06   1.223345117958e-02  -2.957827385588e+00  -1.089871459118e-05  -1.520091201035e-05   6.400352203548e-02  -1.989861475520e+00  -7.814327939838e-06  -1.061590728757e-05   5.516434287564e-02  -1.118681515556e+00  -2.197708997628e-06  -2.926774156307e-06   1.304363755575e-02  -8.300938400288e-07   7.377434735571e-06   8.104024333679e-02   5.335962994643e-06  -4.530209614730e-06  -6.766929533929e-02  -7.371849342179e-02   1.571327961120e-01  -1.441123194973e-01  -7.084599384551e-02  -3.632471419307e-01   4.685157476308e-01  -4.296942061317e-01  -2.112865853576e-01  -7.296902054736e-01   8.467190933255e-01  -7.765612280280e-01  -3.735628720428e-01  -6.519786477035e-01   4.875589388230e-01  -4.471590330071e-01  -2.157568837635e-01   4.085669746697e-01  -1.861308994927e-01   1.825357964588e-01   2.029484125271e-01  -3.538337864587e-02  -6.766259142959e-02  -7.371143150045e-02  -2.033682137039e-01  -6.400353464300e-02  -7.084304206538e-02  -3.632297755266e-01  -6.063775265614e-01  -1.908381719029e-01  -2.112783584620e-01  -7.296728774656e-01  -1.095899798247e+00  -3.449007458660e-01  -3.735579661364e-01  -6.519732501095e-01  -6.310519461214e-01  -1.986035401815e-01  -2.157571219430e-01  -2.348565024094e-01  -8.266500771136e-02   1.825281298536e-01  -2.626639905245e-01  -3.361647884639e-01  -6.768060555230e-02  -7.373041726661e-02   4.625973654737e-02   2.081490113451e-01  -7.085087684942e-02  -3.632765051363e-01   1.379290556955e-01   6.206225798503e-01  -2.113006134462e-01  -7.297189645645e-01   2.492583166235e-01   1.121559535444e+00  -3.735719136081e-01  -6.519875372507e-01   1.435247050601e-01   6.457996221143e-01  -2.157571238867e-01  -1.737152627869e-01   2.688398056215e-01   1.825481496399e-01   5.974840195258e-02   3.715192852489e-01  -5.005520856300e-03  -8.698663234456e-02  -3.623259738231e-01  -4.516267638688e-01   9.247145243012e-03   4.161061467445e-02  -4.120845423400e-02  -4.475887573233e-03  -9.580192614783e-02  -3.779424683638e-01  -4.593729101147e-01  -1.279226092250e-02   6.839922898714e-02  -4.557601249250e-03  -4.474716313990e-03  -9.579803183015e-02  -3.779359640204e-01  -4.593697175183e-01   4.055519633066e-02   5.654202658726e-02  -4.554938529358e-03  -5.005369060082e-03  -8.698616075739e-02  -3.623258668525e-01  -4.516269782325e-01   3.140978608778e-02  -2.881523410812e-02  -4.120946871314e-02  -4.471979389053e-03  -9.578194680751e-02  -3.779067890505e-01  -4.593557191648e-01   6.561655431121e-02  -2.311746538936e-02  -4.557003904649e-03  -4.473614227584e-03  -9.578762925963e-02  -3.779159758356e-01  -4.593604595178e-01   2.869353855004e-02  -6.338212122488e-02  -4.554417956753e-03  -5.005137138040e-03  -8.698478035607e-02  -3.623234538150e-01  -4.516259290253e-01  -4.065651339260e-02  -1.280113232439e-02  -4.120928662722e-02  -4.471764506881e-03  -9.577800394157e-02  -3.778984990951e-01  -4.593521301498e-01  -5.283293251059e-02  -4.525821264716e-02  -4.552628400416e-03  -4.471224857183e-03  -9.577574534073e-02  -3.778950187822e-01  -4.593502006518e-01  -6.922732967991e-02   6.844838445679e-03  -4.557983864707e-03
  -4.175357125387e-07  -3.856622562613e-07  -5.872607834720e-01  -3.720072920101e-07   1.595109052505e-06  -1.089871459118e-05  -1.125679587881e-01  -9.695313165681e-07   5.570741223823e-06  -1.442494358232e-05  -5.225652284733e-01  -8.174686680208e-07   5.476885939206e-06  -9.155903710723e-06  -3.045643322892e-01  -2.849125503226e-07   2.400788871408e-06   1.255711329391e-01   6.020003137723e-07   7.398526207320e-06   1.722558037037e-01   9.665184027032e-02  -1.714867477291e-01  -1.847699439885e-01   1.469296868654e-01  -2.066185321509e-01  -1.002432951289e-01  -3.083442351560e-01   9.300880413820e-02  -2.131147345561e-01  -1.001137271658e-01  -2.091503613925e-01  -6.075535699149e-02  -1.478180807119e-01  -6.676271030464e-02  -6.572460645759e-02  -1.136515668025e-01  -3.903429540140e-02  -1.797248340943e-02  -2.421148751221e-02  -1.441444758369e-02  -2.042521228745e-02  -1.400711482164e-02   7.629282193609e-02   2.219350850852e-01   2.391272226330e-01   2.990424438484e-01   1.187729459355e-01   1.297421340237e-01   3.990761404277e-01   2.499081000544e-01   1.225080832647e-01   1.295768853475e-01   2.706886390952e-01   4.805905450663e-02   8.496735183580e-02   8.640911336699e-02   8.505497806119e-02  -8.492358025366e-02   2.243516304360e-02   2.326079137512e-02   4.155052543304e-03   8.286923990180e-03   2.643671803968e-02  -3.391396980690e-03  -5.137630741254e-02  -5.048955264137e-02  -5.439994107314e-02  -5.884001750314e-02   8.784744847288e-02  -2.951055965256e-02  -9.077476796684e-02  -1.192323395199e-01   9.060800622349e-02  -2.947145715745e-02  -6.157408256144e-02  -2.079717088241e-01   6.285125812562e-02  -1.965407070335e-02  -1.935171875084e-02  -1.525262413515e-01   1.659895719815e-02  -5.290991934137e-03   1.005394748796e-01   6.127012228712e-03  -6.012757528763e-03  -2.836322269760e-02   3.703108928559e-02  -3.125661308769e-03  -2.147967081763e-02  -2.681986744725e-02  -1.197172319354e-02  -1.196812618391e-02   1.732511764406e-02  -1.825215993599e-02   7.523085455656e-03   1.761885586887e-02   2.596377317906e-02   1.584796521216e-02  -9.054242337237e-03  -2.085523844488e-02  -2.064274980449e-03  -1.908083652998e-02  -7.463425219063e-02  -9.406867765700e-02  -4.698642852825e-02   4.185563137582e-02   6.945423566056e-02   3.007197532944e-04  -1.061678902203e-02  -7.295834070734e-02  -9.108946822238e-02  -4.065329158611e-02   2.860350826714e-02  -4.075370949344e-02  -6.199793399756e-02  -2.883482347510e-02  -1.287704338113e-01  -1.572267517736e-01  -7.463670930681e-02   1.331813863185e-01  -4.268853507846e-02  -2.184026183522e-03  -1.042198220159e-02  -6.491046188408e-02  -7.413057542906e-02  -3.113491804373e-02   1.345448413973e-02  -7.163333501118e-02  -3.816976127659e-03   1.374257782358e-02   9.443406046922e-02   1.178979273987e-01   5.261252909743e-02   5.860902847778e-02   2.343539488260e-02   8.024930190828e-02   2.131437219086e-02   1.111570555581e-01   1.312669588995e-01   5.878385248974e-02   8.099419766720e-02   9.139628685415e-02   4.240122081561e-03   2.949006868425e-02   1.395142590041e-01   1.681670016236e-01   7.810205036452e-02   1.498062407385e-01  -2.568119253143e-02   3.525477463276e-03
  -4.864947056482e-07  -5.024937041493e-07  -3.716754465405e-07  -5.872674269848e-01   1.857226567721e-06  -1.520091201035e-05  -9.695313165681e-07  -1.125679222133e-01   7.369479011215e-06  -1.961973586073e-05  -8.223966596558e-07  -5.225547332299e-01   7.425230291945e-06  -1.233872423169e-05  -2.919161768156e-07  -3.045578479970e-01   3.435662758175e-06  -9.667706629546e-02   1.722551691266e-01   9.366332584793e-06   6.015614331921e-07   1.256043022183e-01   1.572762782363e-01   1.694591222154e-01  -2.066223976103e-01   1.111453890278e-01   9.193902722705e-02   2.827956976659e-01  -2.131143298346e-01   5.609553175314e-02   9.182033103305e-02   1.918068811457e-01  -1.477993651411e-01  -8.637542996127e-02   6.122843444129e-02   6.026461187716e-02  -3.902339495615e-02  -1.204200948469e-01   1.648179470938e-02   3.501112515344e-02  -1.650440187377e-02   1.873748317403e-02  -1.441545934554e-02   7.786757029988e-02   6.984665291472e-02   7.525746875377e-02   1.187751738831e-01  -4.097119366806e-02   4.083322007828e-02   1.255971066448e-01   1.225078902744e-01  -1.007988555668e-01   4.078132059655e-02   8.518487815786e-02   8.495657148430e-02  -1.951825561296e-01   2.719369178309e-02   2.676205937933e-02   2.242877438877e-02  -1.491491397344e-01   7.320070141644e-03  -9.267626501356e-02  -2.711652443285e-02   8.322252035085e-03   8.287584599493e-03   4.949020578682e-02  -2.271801775212e-01  -2.447757109511e-01   8.784905264647e-02   3.169204125678e-01  -1.327874080963e-01  -4.084495466244e-01   9.060775567108e-02   2.683277518379e-01  -1.326114590409e-01  -2.770383257170e-01   6.284330117963e-02   6.082922212798e-02  -8.843103916186e-02  -8.705472451620e-02   1.659443209223e-02  -8.154428306511e-02  -2.380454403325e-02  -4.262856471767e-03  -2.155070633174e-03  -2.706155913591e-02   6.127372015580e-03  -4.689997880642e-02  -1.406512053476e-02  -9.665200153980e-02  -1.206707906255e-01  -5.385559567757e-02   1.732508799427e-02   6.214187310489e-02  -8.213039892021e-02  -2.896368245785e-02  -1.385367734758e-01  -1.665641521192e-01  -7.703005091145e-02  -3.943856537582e-02   1.458082950654e-01  -3.715600006755e-03  -2.304968979186e-02  -1.180337270292e-01  -1.398902169902e-01  -6.306753661293e-02   8.803556449409e-02   9.489649951901e-02  -4.234134026022e-03   9.740846318163e-03   6.692822599926e-02   8.355548238401e-02   3.728550597026e-02  -4.075074253280e-02   2.156733735727e-02   5.687549927226e-02   7.961895698570e-03   5.399945519807e-02   6.078486664524e-02   2.477895917469e-02  -6.126337543234e-02   3.556899767978e-03   3.645849344841e-03   2.804325005585e-02   1.236343503137e-01   1.513893536906e-01   7.220981209705e-02  -5.305861493206e-02   1.232868675871e-01   1.855720221651e-03   4.327768667494e-03   2.973148602704e-02   3.711712516334e-02   1.656158222227e-02   2.343240833437e-02  -8.439872184910e-03   2.526668516633e-02   2.098666220040e-02   8.450107519104e-02   1.057417414135e-01   5.222767891825e-02   7.282641798137e-02   5.573947089892e-02   6.114686293011e-05  -4.998497567272e-03  -5.614872528267e-03  -1.151684039705e-02  -9.158799387670e-03  -7.109337164640e-03  -1.307426039401e-02   2.377709123576e-03
   1.140126443534e-02   5.559638634196e-03   1.554481771764e-06   1.822992710930e-06  -6.436664549372e-01   6.400352203548e-02   5.570741223823e-06   7.369479011215e-06  -5.330773302005e-02   1.171607228065e-01   5.340964405247e-06   6.852882742390e-06  -4.121944289372e-01   7.610795118035e-02   2.050291217207e-06   2.289461676373e-06  -2.645268590031e-01   1.002368980827e-06  -1.278661570029e-05   3.079262483512e-02  -8.889330736496e-06   1.935036752852e-06   7.760843374099e-02   8.384404747705e-02  -1.034826683603e-01   9.490782741914e-02  -3.748752675406e-02   1.449678820082e-01  -1.150639422603e-01   1.055313416201e-01  -9.907842365723e-02   1.265999466646e-01  -1.168487620950e-01   1.071718632899e-01  -1.544502879628e-01   6.826492740124e-02  -5.072546479591e-02   4.652447591196e-02  -1.155375687561e-01  -3.105685104192e-02  -7.313678563672e-02  -7.033388976737e-02   7.974132579805e-02   2.686384653828e-03   7.760101887078e-02   8.383651068823e-02   1.339337079358e-01   4.215106990662e-02  -3.748353256220e-02   1.449624354974e-01   1.489256944409e-01   4.687003543872e-02  -9.907319330939e-02   1.265962764306e-01   1.512388416063e-01   4.759970309424e-02  -1.544462944724e-01   6.826391238042e-02   6.565627851972e-02   2.066401590973e-02  -1.155365076653e-01   1.785544065201e-02  -3.248396552187e-02  -7.033303912020e-02  -1.032085500343e-01   2.555414688136e-02   7.762116116871e-02   8.385704383482e-02  -3.046456732985e-02  -1.370784419846e-01  -3.749328620352e-02   1.449780384952e-01  -3.387287448125e-02  -1.524176009763e-01  -9.908635846449e-02   1.266062666716e-01  -3.439704281148e-02  -1.547809982688e-01  -1.544574651189e-01   6.826643446361e-02  -1.493152444821e-02  -6.718946445997e-02  -1.155402096602e-01   1.320159052010e-02   1.056287081321e-01  -7.033540392298e-02   2.347533216609e-02  -2.823679462411e-02   1.252506675807e-02   8.410452954276e-02   1.237576709900e-01   7.783929721775e-02  -1.532867382090e-02  -6.897607073217e-02   6.836737052961e-02   3.327440608030e-03   1.720719643904e-02   3.459969431966e-02   3.186090044447e-02   1.071291151057e-03  -1.480497367140e-02  -1.789406362415e-02   3.325674222352e-03   1.720180756532e-02   3.459389279697e-02   3.185805347768e-02  -7.236094482185e-03  -1.295280693564e-02  -1.789385665466e-02   1.252609606999e-02   8.410426008446e-02   1.237565293217e-01   7.783898164667e-02  -5.206461502613e-02   4.776731566489e-02   6.836825545804e-02   3.324241813647e-03   1.720115261460e-02   3.459391198049e-02   3.185836248043e-02  -1.335210953704e-02   6.473719101346e-03  -1.788934150921e-02   3.325563585232e-03   1.719824568546e-02   3.458793219319e-02   3.185536461399e-02  -7.599252935622e-03   1.273854899789e-02  -1.789058972564e-02   1.252600803276e-02   8.410318804429e-02   1.237554612956e-01   7.783867581065e-02   6.739348716428e-02   2.122229936279e-02   6.836767349261e-02   3.323793479948e-03   1.719275916179e-02   3.458129457368e-02   3.185213183046e-02   1.227517271596e-02   8.316649552494e-03  -1.788847624492e-02   3.324264063688e-03   1.720120083778e-02   3.459328414042e-02   3.185808603128e-02   1.483830779214e-02   2.097221601096e-04  -1.788728245114e-02
  -2.739735378177e+00  -2.573147000764e+00  -2.785930717732e-06  -3.934729466295e-06   8.634561481375e-03  -1.989861475520e+00  -1.442494358232e-05  -1.961973586073e-05   1.171607228065e-01  -1.549953028222e+00  -2.234589621908e-05  -2.999807640936e-05   2.386499221144e-01  -1.077050804995e+00  -1.180671524859e-05  -1.575713386064e-05   1.519575114259e-01  -1.136579711398e-06   1.013199788620e-05   1.241559078301e-01   7.383049123407e-06  -7.113380964408e-06  -5.861994962504e-01  -5.600986030720e-01   1.573306923790e-01  -1.442926432525e-01  -7.200232205674e-02  -6.391122992099e-01   3.274268542863e-01  -3.002947915605e-01  -1.451592158628e-01  -7.974119727030e-01   6.210719602502e-01  -5.696278140019e-01  -2.289728470995e-01  -7.083520141492e-01   4.542309432425e-01  -4.166076381720e-01  -1.364718730994e-01   2.521105420996e-01  -1.127979387642e-01   1.191753521058e-01   1.229830296714e-01  -2.183179171746e-02  -5.861793678226e-01  -5.600798149939e-01  -2.036286258429e-01  -6.408509299301e-02  -7.200074344007e-02  -6.390927729827e-01  -4.237743093816e-01  -1.333692650583e-01  -1.451544314492e-01  -7.973925867058e-01  -8.038548693540e-01  -2.529962978030e-01  -2.289703180651e-01  -7.083439852631e-01  -5.879252041983e-01  -1.850375074481e-01  -1.364724351843e-01  -1.449220662288e-01  -5.009629868414e-02   1.191671086323e-01  -1.591698066341e-01  -2.074340597553e-01  -5.862334573002e-01  -5.601303346327e-01   4.631639185983e-02   2.084014897299e-01  -7.200525205666e-02  -6.391452982957e-01   9.639262352760e-02   4.337230126550e-01  -1.451680870928e-01  -7.974434528634e-01   1.828294289905e-01   8.226805119979e-01  -2.289786734520e-01  -7.083646662835e-01   1.337106582272e-01   6.016619098748e-01  -1.364717586819e-01  -1.071909665331e-01   1.629216196423e-01   1.191889972091e-01   3.620677471509e-02   2.292477818227e-01  -8.483309815435e-02  -2.205793224727e-01  -4.612493790598e-01  -5.276956469591e-01   1.217181832132e-02   5.477506833269e-02  -1.384976405244e-01  -9.064299291157e-02  -2.298631215650e-01  -4.558241066164e-01  -5.143980284013e-01  -7.898420937589e-02   1.339574108899e-01   2.890765249356e-02  -9.064143521665e-02  -2.298610707569e-01  -4.558201157116e-01  -5.143952992578e-01   1.282813713319e-01   8.790151459893e-02   2.891863769336e-02  -8.483268732751e-02  -2.205750688489e-01  -4.612439964037e-01  -5.276930272576e-01   4.133288962345e-02  -3.794120820327e-02  -1.384947349038e-01  -9.063345973314e-02  -2.298457129120e-01  -4.557938376690e-01  -5.143803454027e-01   1.554984037388e-01   1.417461391869e-03   2.891129145436e-02  -9.063453006087e-02  -2.298445815269e-01  -4.557899366043e-01  -5.143784874060e-01   1.200127710832e-02  -1.550343877759e-01   2.892031834530e-02  -8.483177346077e-02  -2.205710864508e-01  -4.612379771302e-01  -5.276899280852e-01  -5.350934109803e-02  -1.686471157222e-02  -1.384921926383e-01  -9.062971011972e-02  -2.298349756555e-01  -4.557716533695e-01  -5.143675671683e-01  -7.653704441235e-02  -1.353533512615e-01   2.892809907633e-02  -9.062983272036e-02  -2.298374800936e-01  -4.557788991539e-01  -5.143718523694e-01  -1.402625499754e-01   6.713483763011e-02   2.890739993586e-02
  -2.309210102813e-07  -1.445345354755e-07  -5.834453305377e-01  -1.410031575191e-07   6.681664268669e-07  -7.814327939838e-06  -5.225652284733e-01  -8.223966596558e-07   5.340964405247e-06  -2.234589621908e-05  -6.891776922495e-01  -1.446599043378e-06   1.051760399395e-05  -2.099162144165e-05  -5.697612353726e-01  -7.614625127558e-07   5.868547483971e-06   1.281065863506e-01   4.715447228573e-07   7.642226139731e-06   1.637666221157e-01   9.860349231344e-02  -9.592139396634e-01  -9.012603882367e-01   1.727699014968e-02  -1.738554131576e-01  -8.542873596242e-02  -6.956813917366e-01  -3.515362093677e-02  -1.439773071144e-01  -6.642372486869e-02  -4.405156128634e-01  -1.995558714300e-01  -8.215520955026e-02  -2.361387108870e-02  -1.595818491626e-01  -2.780309750838e-01  -3.734366222461e-02  -9.756014442654e-03   1.986583989408e-02  -2.298040391960e-02   2.361974999250e-02  -1.003847322405e-03  -1.510321148006e-04   1.241482479983e+00   1.166475863257e+00   1.452758473062e-01   9.994074977501e-02   1.105700410999e-01   9.004067037707e-01   7.084446167377e-02   8.276212858956e-02   8.597172897432e-02   5.701364374545e-01  -1.390967814534e-01   4.721307724112e-02   3.056077491248e-02   2.065167000650e-01  -2.505640019431e-01   2.145618909682e-02   1.262444658806e-02   1.525064106327e-02   1.320723040639e-02  -3.056022219015e-02   1.590787989870e-02   2.061788340039e-02  -2.823815386983e-01  -2.653203218660e-01  -1.558683538778e-01   7.391589590468e-02  -2.514874473533e-02  -2.047979881284e-01  -1.785541913919e-01   6.121680828092e-02  -1.955416702600e-02  -1.296853913548e-01  -2.814003103103e-01   3.494330491624e-02  -6.952398898667e-03  -4.698671532822e-02  -3.152300897256e-01   1.588721669803e-02  -2.872991825594e-03  -4.178508007309e-04   9.770470223906e-03   6.951974262209e-03  -2.388551823686e-02   6.243239465041e-03  -3.188902617355e-02  -6.835973161865e-02  -7.070287291327e-02  -3.289626240018e-02  -3.877391545759e-02   1.536447679185e-02  -5.179023534133e-02   4.625007677735e-02   1.575855500918e-02   1.486418693140e-02   2.735233387118e-02  -3.587636845327e-02  -2.720090973098e-03  -5.523874008391e-03  -1.363622192923e-01  -1.791317891940e-01  -1.760174036217e-01  -1.069505941730e-01   7.394422111687e-02   5.870281755633e-02   3.778401889125e-02  -1.083143696728e-01  -2.321982053936e-01  -2.401418741087e-01  -1.117119738185e-01  -2.812199358070e-03  -3.615546202435e-02  -1.759186935063e-01  -2.162773555259e-01  -3.449652687293e-01  -3.397961769541e-01  -1.816792569777e-01   2.137756138619e-01   3.205668402090e-02   6.977608152973e-02  -8.985232251337e-02  -2.100379137046e-01  -2.076539255470e-01  -8.869952236658e-02  -4.455078814140e-02  -1.637588947897e-01   3.980638677032e-02   1.402010819955e-01   3.005426499386e-01   3.108148655054e-01   1.445751222638e-01   2.379743986200e-02   2.080775420414e-02   2.276983477556e-01   1.700382034603e-01   3.292078238907e-01   3.249311981373e-01   1.543121417736e-01   5.886021058542e-02   2.308455428719e-01  -6.428383078279e-02   2.261814950508e-01   3.891279748639e-01   3.836111379594e-01   1.956020844827e-01   2.073493933844e-01  -1.551462347067e-01  -7.755958936052e-02
  -2.963213432972e-07  -1.878982843620e-07  -1.376403542270e-07  -5.834451556212e-01   4.813943803718e-07  -1.061590728757e-05  -8.174686680208e-07  -5.225547332299e-01   6.852882742390e-06  -2.999807640936e-05  -1.446599043378e-06  -6.891324279935e-01   1.397904250117e-05  -2.792840327153e-05  -7.623948683339e-07  -5.697230062681e-01   7.832535509543e-06  -9.862690423288e-02   1.637632514468e-01   1.007304141616e-05   4.699541802786e-07   1.281377388630e-01   8.797271927821e-01   8.265763554731e-01  -1.738590322123e-01  -1.283521841734e-02   7.835073911035e-02   6.380361986579e-01  -1.439788404464e-01  -6.009883665129e-02   6.091835691106e-02   4.039869827434e-01  -8.211804167647e-02  -2.138237478995e-01   2.165077419873e-02   1.463209109272e-01  -3.731432701748e-02  -2.845142447726e-01   8.943123494083e-03  -1.794819421920e-02  -4.977454986176e-03  -2.164850617881e-02  -2.297204596815e-02   3.266918824055e-03   3.907150082167e-01   3.671093215911e-01   9.994253002847e-02  -1.408283751494e-01   3.479897125106e-02   2.833742556228e-01   8.276240137614e-02  -1.660878170755e-01   2.705650733194e-02   1.794202384796e-01   4.719123657263e-02  -2.742640957769e-01   9.615160289309e-03   6.497769582235e-02   2.143916242859e-02  -3.119806724868e-01   3.971145846408e-03   2.817574168660e-03  -2.189552987327e-02  -9.605519151108e-03   1.320241267885e-02   7.879033584161e-03  -1.270589044739e+00  -1.193821750364e+00   7.391779347789e-02   1.602995663067e-01  -1.131588030158e-01  -9.215041059969e-01   6.121818185541e-02   8.328536189214e-02  -8.798244820179e-02  -5.834908023602e-01   3.492802289817e-02  -1.320110444521e-01  -3.127377938427e-02  -2.113660737782e-01   1.587491180540e-02  -2.473187398407e-01  -1.292076767076e-02  -1.156429975700e-02   1.791448718940e-02   3.128655049237e-02   9.767066232516e-03   2.354021768579e-02  -1.434893801866e-01  -3.075930165758e-01  -3.181120391463e-01  -1.479835658872e-01   1.536224443108e-02   2.694658635317e-02  -2.330404471634e-01  -2.230447002937e-01  -3.892285488400e-01  -3.837671765663e-01  -1.939772627695e-01  -1.761987582992e-01   1.936664841803e-01   7.736909714162e-02  -1.824636995776e-01  -3.459215203080e-01  -3.413513328395e-01  -1.641347974481e-01   2.321672091703e-01   8.385684291093e-02   6.776863071946e-02   9.936592232370e-02   2.129903353257e-01   2.202646411116e-01   1.024531703433e-01  -3.611633253293e-02  -9.022881326945e-03   1.613672863646e-01   7.145881538818e-02   1.809508577368e-01   1.789866200010e-01   7.327288647901e-02  -1.414006694810e-01  -5.595648631407e-02  -3.390210306623e-02   2.093050936810e-01   3.280575879973e-01   3.230594819261e-01   1.746464193076e-01   9.693513329167e-03   2.023503007958e-01  -6.660534882189e-02   4.414413086453e-02   9.461081078663e-02   9.784059381441e-02   4.550705048093e-02   2.077040656665e-02  -3.563558556030e-02   7.167922766017e-02   1.515460672143e-01   2.082251791261e-01   2.047076513171e-01   1.206456382024e-01   5.740881466179e-02   9.895177986509e-02  -4.348751334464e-02  -2.685776178819e-02   1.783382357076e-02   1.825158832122e-02  -1.055393078291e-02   1.830930900562e-02  -4.952916274088e-02  -1.161824493449e-03
