ARMA_MAT_TXT_FN008
151 151
  -3.162013977446e+01  -3.219474918149e+01  -7.871022284988e-06  -1.032828609414e-05   1.001628150344e-01  -1.162074675577e+01  -3.614868596671e-06  -4.743398723492e-06   4.600106587330e-02  -5.207274967604e+00  -1.108400831957e-06  -1.454433804183e-06   1.410497196237e-02  -2.291604969165e+00  -2.959889235573e-07  -3.883940564069e-07   3.766611694926e-03  -5.853346388830e-08   5.838352175438e-07   8.642742464117e-03   4.318108748119e-07  -6.232818471540e-07  -4.668082894515e-04  -8.674391393842e-06   1.402594029825e-02  -1.286366323427e-02  -6.327424882296e-03  -3.351302574999e-01   8.109723401322e-01  -7.437699942545e-01  -3.660974618464e-01  -1.430967518934e+00   2.036725472862e+00  -1.867949321493e+00  -9.193446976023e-01  -1.252550640903e+00   9.969481150243e-01  -9.143345879991e-01  -4.499230967894e-01   1.079129972651e+00  -4.871999857040e-01   4.869917006768e-01   5.312203022159e-01  -9.346346946195e-02  -4.667191124803e-04  -8.669677696839e-06  -1.815081027381e-02  -5.712361164320e-03  -6.326365472852e-03  -3.351036054928e-01  -1.049570052549e+00  -3.303170633578e-01  -3.660710193925e-01  -1.430930807701e+00  -2.636097402338e+00  -8.296234424010e-01  -9.193281848263e-01  -1.252540782504e+00  -1.290355104763e+00  -4.060960870097e-01  -4.499230179892e-01  -6.202932313584e-01  -2.163683765380e-01   4.869559916337e-01  -6.875023987310e-01  -8.878709364117e-01  -4.669584522343e-04  -8.682343156937e-06   4.130052622345e-03   1.858337243000e-02  -6.329224727027e-03  -3.351751335034e-01   2.387591612791e-01   1.074308281987e+00  -3.661429209275e-01  -1.431029324517e+00   5.995795509182e-01   2.697836789740e+00  -9.193748326045e-01  -1.252567236388e+00   2.934768588401e-01   1.320513116984e+00  -4.499243701531e-01  -4.588545312213e-01   7.037338993355e-01   4.870507692504e-01   1.564010274666e-01   9.813300162538e-01  -1.329191654632e-05  -5.195783998945e-02  -6.366532988991e-01  -8.437177331948e-01   3.783423011230e-04   1.702450482457e-03  -1.877112190567e-03  -2.117946291322e-05  -6.219606804053e-02  -6.757413057604e-01  -8.617307171130e-01  -7.787603778330e-04   3.496902489769e-03  -1.334077954944e-04  -2.117589809791e-05  -6.219200506497e-02  -6.757266699354e-01  -8.617240903751e-01   2.186223805192e-03   2.837625880642e-03  -1.332376440174e-04  -1.329239126338e-05  -5.195858488122e-02  -6.366563539500e-01  -8.437191718195e-01   1.285121386932e-03  -1.178995441137e-03  -1.877180252326e-03  -2.116134359595e-05  -6.217544964040e-02  -6.756670671440e-01  -8.616971064967e-01   3.415671749211e-03  -1.073333381294e-03  -1.332589341473e-04  -2.116703737946e-05  -6.218195485009e-02  -6.756905266968e-01  -8.617077283073e-01   1.364287656889e-03  -3.310985291184e-03  -1.331413831015e-04  -1.329193733889e-05  -5.195791380376e-02  -6.366536458693e-01  -8.437178984763e-01  -1.663441968695e-03  -5.237812930049e-04  -1.877142117138e-03  -2.115851688298e-05  -6.217226229163e-02  -6.756556332629e-01  -8.616919296630e-01  -2.637446641456e-03  -2.420807005559e-03  -1.329840982018e-04  -2.115597660023e-05  -6.216935363572e-02  -6.756451315807e-01  -8.616871752026e-01  -3.548149180262e-03   4.740866191826e-04  -1.332767003440e-04
  -3.219474918149e+01  -2.959289974691e+01  -9.977433155485e-06  -1.309229987976e-05   1.269679789345e-01  -1.227908207663e+01  -3.015411877049e-06  -3.956796897747e-06   3.837267016158e-02  -5.475583911851e+00  -7.613699901656e-07  -9.990629948077e-07   9.688825363048e-03  -2.398264095227e+00  -1.903184237835e-07  -2.497341601691e-07   2.421899922189e-03  -2.625955116217e-08   2.619228342932e-07   3.877346772726e-03   1.937209760352e-07  -2.796195605784e-07  -1.222627200781e-04   9.892705516988e-06   8.406803635685e-03  -7.710160482546e-03  -3.802997978459e-03  -3.415750524261e-01   8.425600921151e-01  -7.727400504628e-01  -3.808682970106e-01  -1.495890701568e+00   2.137569448561e+00  -1.960436451932e+00  -9.661243970350e-01  -1.309020089792e+00   1.043286614610e+00  -9.568330528738e-01  -4.715267825279e-01   1.130018210719e+00  -5.108291953439e-01   5.095152977973e-01   5.569845839230e-01  -9.787109951354e-02  -1.222315060830e-04   9.890559793194e-06  -1.087876411651e-02  -3.423726319820e-03  -3.802227118340e-03  -3.415474713725e-01  -1.090450268528e+00  -3.431826854524e-01  -3.808404592870e-01  -1.495852296761e+00  -2.766617678249e+00  -8.707002137007e-01  -9.661070143812e-01  -1.309009808441e+00  -1.350331157625e+00  -4.249714850678e-01  -4.715267003832e-01  -6.495432760045e-01  -2.268619373260e-01   5.094772572328e-01  -7.208454038657e-01  -9.297388545344e-01  -1.223153426835e-04   9.896321994162e-06   2.475600277613e-03   1.113907951026e-02  -3.804306896023e-03  -3.416215182151e-01   2.480593450236e-01   1.116154709091e+00  -3.809161621849e-01  -1.495955393356e+00   6.292665160875e-01   2.831414320324e+00  -9.661561303508e-01  -1.309037407833e+00   3.071178006451e-01   1.381890999784e+00  -4.715281177926e-01  -4.804938058427e-01   7.378667319606e-01   5.095782715658e-01   1.639868893978e-01   1.027608685390e+00  -2.071111022567e-06  -5.197170855495e-02  -6.637267332650e-01  -8.811140121371e-01   2.537989901326e-04   1.142034624534e-03  -1.258104364831e-03  -3.796197071852e-06  -6.253563898943e-02  -7.050698816366e-01  -9.001747099202e-01  -5.447753797369e-04   2.452500423537e-03  -9.634503460404e-05  -3.795381955365e-06  -6.253148336013e-02  -7.050545570926e-01  -9.001677779967e-01   1.531989741397e-03   1.990690591797e-03  -9.622428067730e-05  -2.071214345606e-06  -5.197248841510e-02  -6.637299901761e-01  -8.811155443243e-01   8.620871832164e-04  -7.908948900136e-04  -1.258156209551e-03  -3.792070623901e-06  -6.251457843433e-02  -7.049922149768e-01  -9.001395782204e-01   2.394670360244e-03  -7.539234896500e-04  -9.623247021791e-05  -3.793387014028e-06  -6.252126819469e-02  -7.050168838733e-01  -9.001507376351e-01   9.579251856857e-04  -2.321209006483e-03  -9.615295994159e-05  -2.071129312847e-06  -5.197182106783e-02  -6.637272025487e-01  -8.811142334925e-01  -1.115870649743e-03  -3.513626934306e-04  -1.258128752200e-03  -3.791453327638e-06  -6.251138430193e-02  -7.049804280447e-01  -9.001342466789e-01  -1.850293282563e-03  -1.696461735720e-03  -9.603899246101e-05  -3.790858250301e-06  -6.250837310185e-02  -7.049693260757e-01  -9.001292243755e-01  -2.488105699106e-03   3.310750406407e-04  -9.624248395786e-05
  -7.871022284988e-06  -9.977433155485e-06  -1.486286032981e+01  -3.792377969052e-07   2.797698854164e-06  -2.674716843175e-05  -9.707308523860e+00  -4.138152074031e-07   3.052782215077e-06  -1.669823415564e-05  -3.451849735764e+00  -1.715295666794e-07   1.265403311756e-06  -8.179536636322e-06  -9.731785231476e-01  -5.057384413982e-08   3.730927714057e-07   2.925778971735e-02   8.943077227202e-08   9.524421655701e-06   2.114095111259e-01   2.251980060575e-02  -7.399809285789e-03  -1.535276398756e-03   1.096179798297e-01  -1.203926156089e-01  -5.906707940270e-02  -5.568887346254e-01   7.688565883725e-01  -1.084573999022e+00  -5.299762621773e-01  -6.536342603755e-01  -2.877590092380e-03  -8.136709736160e-01  -3.969609920781e-01  -1.812953230812e-01  -3.091958061160e-01  -1.301758445714e-01  -6.348253365185e-02   1.356040020313e+00  -8.512311746416e-01   5.189244534534e-01   6.627955078128e-01   4.281038713908e-01   9.576046517156e-03   1.986611095416e-03   1.982285981023e-01   6.919922600192e-02   7.644044379231e-02   7.207351622190e-01   1.567268811867e+00   6.234384854618e-01   6.859100500921e-01   8.459759469133e-01   5.961634336724e-01   4.677342362167e-01   5.137772951650e-01   2.346408947712e-01  -2.133610807072e-01   7.482977439629e-02   8.216303369829e-02   1.171873583852e+00   4.893041422301e-01  -6.716199533722e-01   1.289418707940e+00   1.255916423975e+00  -2.178919233011e-03  -4.521409407743e-04  -1.027987825187e-02   5.119619859733e-02  -1.739189755350e-02  -1.639527170183e-01  -3.112737611334e-01   4.611487725283e-01  -1.560277679172e-01  -1.924229633006e-01  -8.132201457871e-01   3.459413642275e-01  -1.168596712977e-01  -5.337212955318e-02  -4.388389940598e-01   5.534645469938e-02  -1.868853429303e-02   5.473061872982e-01   3.619393250973e-01   1.527678585997e-01  -1.849440018873e-01   6.829645182626e-01  -6.486632155760e-05  -2.100285910615e-02  -6.660736241255e-02  -3.141722799297e-02  -1.087235013247e-03   2.991664958162e-03  -3.313105545368e-03   1.382456397828e-04   3.469006952110e-02   1.004326402459e-01   4.596897437230e-02  -5.443441894126e-04  -8.247830993460e-03   3.062893296528e-04  -3.942711044342e-04  -9.852831092455e-02  -2.835576127157e-01  -1.294867652307e-01   1.233689198413e-02   1.905682038030e-02  -8.546373666105e-04  -2.203329497107e-04  -7.133904897339e-02  -2.262351660552e-01  -1.067050149961e-01   5.918418259685e-03  -7.037122575610e-03  -1.125369063316e-02  -6.189102045791e-04  -1.545266716842e-01  -4.439708562997e-01  -2.026010995273e-01   3.369342385779e-02  -1.127514709986e-02  -1.334276470331e-03  -2.505248210481e-04  -6.232223318744e-02  -1.781439068607e-01  -8.112864580206e-02   3.408201475669e-03  -1.414788225836e-02  -5.300488974369e-04   2.851930508611e-04   9.234074900012e-02   2.928360088937e-01   1.381134429506e-01   1.109971352363e-02   4.046763365038e-03   1.456665352691e-02   4.807643920951e-04   1.198535668504e-01   3.435737005442e-01   1.566408364427e-01   1.920376057472e-02   1.988865850429e-02   1.026177889894e-03   6.442979876726e-04   1.607945208087e-01   4.616184253687e-01   2.105844033410e-01   3.660766037416e-02  -5.276134125360e-03   1.385582525944e-03
  -1.032828609414e-05  -1.309229987976e-05  -3.792377969052e-07  -1.486285225334e+01   3.782663231548e-06  -3.509739865054e-05  -4.138152074031e-07  -9.707299710995e+00   4.127551722079e-06  -2.191127386226e-05  -1.715295666794e-07  -3.451846082688e+00   1.710903035954e-06  -1.073311354022e-05  -5.057384413982e-08  -9.731774460398e-01   5.044438884922e-07  -2.255121877797e-02   2.114086971154e-01   1.260676543041e-05   8.943077227202e-08   2.929907924124e-02   6.786605790385e-03   1.408053089017e-03  -1.203923496169e-01   8.876342928218e-02   5.417231405083e-02   5.107382196032e-01  -1.084566093276e+00   5.809811595428e-01   4.860561465221e-01   5.994579785897e-01  -8.136537828044e-01  -1.438356514690e-01   3.640595457789e-01   1.662615696284e-01  -1.301674935101e-01  -3.317519093167e-01   5.821862727945e-02  -1.149513773097e+00   5.153421341723e-01  -4.759184445461e-01  -8.512264373422e-01   6.943996819944e-01   3.013736757774e-03   6.252191615882e-04   6.919907495288e-02   1.288590728392e-04   2.405703294716e-02   2.268258887889e-01   6.234339732153e-01  -2.174768033703e-01   2.158659644910e-01   2.662373085841e-01   4.677243478062e-01  -7.428421941982e-01   1.616912331003e-01   7.384070128398e-02   7.482494978528e-02  -4.275806678512e-01   2.585657966600e-02  -3.222019108752e-01  -1.113342959637e-01  -2.113678732207e-01   4.893014421260e-01   8.780133035073e-01  -9.804139688892e-03  -2.034429089006e-03   5.119608386645e-02   2.087013875797e-01  -7.825554463032e-02  -7.377084989022e-01   4.611453800679e-01   1.661185992306e+00  -7.020501898490e-01  -8.657990596949e-01   3.459340621588e-01   6.664451169713e-01  -5.258059645932e-01  -2.401354395456e-01   5.534292830061e-02  -2.021205769209e-01  -8.408515130632e-02  -8.953334562704e-01   1.363172431017e+00   6.873795868306e-01   3.619372890152e-01   1.502886561118e+00  -2.918822931578e-04  -9.450696839573e-02  -2.997090997381e-01  -1.413597402825e-01   2.991650297908e-03   1.170964108204e-02  -1.490812465016e-02  -6.353659726984e-04  -1.584508760021e-01  -4.547022405061e-01  -2.074019728534e-01  -8.495784253508e-03   3.546149379472e-02  -1.365437945298e-03  -5.169440886030e-04  -1.288395819539e-01  -3.693671105907e-01  -1.684126377226e-01   1.930469463563e-02   2.257698417102e-02  -1.105738715167e-03   2.021364052381e-04   6.544704174820e-02   2.075466121070e-01   9.788599435745e-02  -7.037053172136e-03   4.703823424964e-03   1.032426975365e-02   1.978073459640e-04   4.916789925469e-02   1.403537585546e-01   6.388003544000e-02  -1.152287543198e-02   1.206294835519e-03   4.170191536996e-04   5.996749420120e-04   1.497202967944e-01   4.302099382002e-01   1.963269336963e-01  -1.390002655948e-02   3.149697429616e-02   1.292054512214e-03   8.980014332597e-05   2.907566260474e-02   9.220489171149e-02   4.348561789319e-02   4.046708162012e-03  -4.778554263423e-04   4.586666635067e-03   4.369725019124e-04   1.092184615783e-01   3.142564567251e-01   1.434876100973e-01   1.964090543771e-02   1.569323747875e-02   9.448342643179e-04  -8.289092936302e-05  -2.089764317104e-02  -6.086894700935e-02  -2.792973777388e-02  -5.028431627717e-03  -1.713247245721e-03  -1.873075107385e-04
   1.001628150344e-01   1.269679789345e-01   2.797698854164e-06   3.782663231548e-06  -1.476586793757e+01   3.403715111559e-01   3.052782215077e-06   4.127551722079e-06  -9.601472708286e+00   2.124937860670e-01   1.265403311756e-06   1.710903035954e-06  -3.407979613897e+00   1.040890096456e-01   3.730927714057e-07   5.044438884922e-07  -9.602436789227e-01   8.943077227202e-08  -1.945396564957e-05   2.051209918618e-01  -1.492138999603e-05   4.070052846000e-07   3.373108835477e-03   6.954640661655e-04  -6.008703783695e-02   5.510787235636e-02   5.445078847274e-03   2.650732945507e-01  -5.641140399775e-01   5.173686195042e-01  -1.575748271008e-01   3.554116567889e-01  -4.837728646060e-01   4.436853894550e-01  -6.629305220795e-01   1.390387393223e-01  -1.091722175496e-01   1.001259393522e-01  -3.962174794824e-01  -8.947664212017e-01  -1.382417826790e-01  -7.102050951668e-01   1.507324388712e-01   7.749464068507e-02   3.372558339264e-03   6.952871990161e-04   7.776044272507e-02   2.447251116349e-02   5.444646032220e-03   2.650560288164e-01   7.300944311520e-01   2.297730943606e-01  -1.575600476250e-01   3.554046485465e-01   6.261433245306e-01   1.970581294415e-01  -6.629110608186e-01   1.390381592158e-01   1.413031214921e-01   4.447062546559e-02  -3.962137742394e-01   5.143304912254e-01  -6.139186545813e-02  -7.101595014418e-01  -1.950703612338e-01   7.361976526258e-01   3.374043309853e-03   6.957638664331e-04  -1.769220353943e-02  -7.960696183558e-02   5.445940776274e-03   2.651028558969e-01  -1.660773659669e-01  -7.472740408322e-01  -1.575984308257e-01   3.554240670820e-01  -1.424135244536e-01  -6.407979436450e-01  -6.629622065200e-01   1.390398917001e-01  -3.213730591455e-02  -1.446039468242e-01  -3.962235049225e-01   3.804488044862e-01   1.996909248969e-01  -7.102824168756e-01   4.438021783614e-02  -8.136485892897e-01   3.187931900418e-04   1.051825431694e-01   3.545407996097e-01   1.929703632923e-01  -3.281852951003e-03  -1.476756819074e-02   1.457594835924e-02   2.880548045852e-05   9.661420100256e-03   4.896160884763e-02   4.839384664306e-02   4.222320211617e-04  -1.843106231610e-03  -2.308461451249e-03   2.877381230549e-05   9.654063033463e-03   4.894112696439e-02   4.838460382233e-02  -1.161952173614e-03  -1.489343579115e-03  -2.308340299227e-03   3.188056994867e-04   1.051846107776e-01   3.545449333762e-01   1.929719142131e-01  -1.114756020743e-02   1.022700506366e-02   1.457655153137e-02   2.877227827413e-05   9.655733316985e-03   4.894847381392e-02   4.838836479266e-02  -1.805670537122e-03   5.553752830071e-04  -2.307178305140e-03   2.875299363996e-05   9.650091254943e-03   4.893126387133e-02   4.838035466595e-02  -7.086004298714e-04   1.749841588115e-03  -2.307726803995e-03   3.187972344751e-04   1.051838045814e-01   3.545450729035e-01   1.929724195555e-01   1.442934560693e-02   4.543493716419e-03   1.457637522881e-02   2.872167354616e-05   9.643491356183e-03   4.891380798397e-02   4.837263062420e-02   1.381742935593e-03   1.283826250287e-03  -2.307201479738e-03   2.877334662160e-05   9.656734947454e-03   4.895228026142e-02   4.839025211527e-02   1.871109521113e-03  -2.615903320012e-04  -2.306737565795e-03
  -1.162074675577e+01  -1.227908207663e+01  -2.674716843175e-05  -3.509739865054e-05   3.403715111559e-01  -1.704042813684e+01  -4.311693110272e-05  -5.657476228535e-05   5.489227032181e-01  -1.210899574789e+01  -2.738242540264e-05  -3.589456673385e-05   3.515273172460e-01  -6.470235838941e+00  -9.801063572166e-06  -1.283210053721e-05   1.271835696560e-01  -1.401203407713e-06   1.397717964905e-05   2.070573059759e-01   1.033827249681e-05  -1.494959669642e-05  -1.419610404945e-01  -1.410993012856e-01   5.518186560902e-01  -5.060923125513e-01  -2.453427645591e-01  -1.814929750602e+00   2.830200885640e+00  -2.595681088370e+00  -1.244959902229e+00  -4.199653189762e+00   5.113515010272e+00  -4.689795843012e+00  -2.224490517230e+00  -3.722060813885e+00   2.816204752808e+00  -2.582846399530e+00  -1.217175758062e+00   3.110583108209e+00  -1.369491071409e+00   1.429947052063e+00   1.493225258518e+00  -2.693965100558e-01  -1.419464757277e-01  -1.410840161185e-01  -7.141646499898e-01  -2.247598182054e-01  -2.453231240030e-01  -1.814827546560e+00  -3.662970837596e+00  -1.152801357725e+00  -1.244899748865e+00  -4.199552236220e+00  -6.618359173226e+00  -2.082915672214e+00  -2.224455974532e+00  -3.722030223515e+00  -3.645037257542e+00  -1.147158139437e+00  -1.217175812962e+00  -1.788057899420e+00  -6.082211755309e-01   1.429891408547e+00  -1.932594315519e+00  -2.559366664633e+00  -1.419854970169e-01  -1.411249801534e-01   1.624635082491e-01   7.310135948282e-01  -2.453763260153e-01  -1.815100241272e+00   8.332069018828e-01   3.749067146412e+00  -1.245063637559e+00  -4.199820851322e+00   1.505326921937e+00   6.773318784116e+00  -2.224553639234e+00  -3.722111490500e+00   8.290181331421e-01   3.730221749917e+00  -1.217178690607e+00  -1.322559767699e+00   1.978033670041e+00   1.430036376597e+00   4.396059208951e-01   2.828506032591e+00  -1.379052272153e-02  -3.987532522521e-01  -2.046579965759e+00  -2.570333061746e+00   2.363026280368e-02   1.063311788557e-01  -1.236039254348e-01  -1.726644521712e-02  -4.430691645152e-01  -2.125965706653e+00  -2.605121796475e+00  -4.632312277129e-02   1.878341207248e-01  -3.242379951980e-03  -1.726499784966e-02  -4.430489268267e-01  -2.125925312999e+00  -2.605102762055e+00   1.215076822067e-01   1.505279442422e-01  -3.233305081549e-03  -1.379065942695e-02  -3.987545738949e-01  -2.046583635396e+00  -2.570334977200e+00   8.026307094389e-02  -7.363684829291e-02  -1.236053975266e-01  -1.725890756510e-02  -4.429630860435e-01  -2.125755292091e+00  -2.605023071295e+00   1.857687307157e-01  -5.378091113930e-02  -3.237263257546e-03  -1.726105955628e-02  -4.429919842404e-01  -2.125811909942e+00  -2.605049641890e+00   6.961411535217e-02  -1.804528607179e-01  -3.229666301557e-03  -1.379033559171e-02  -3.987489875057e-01  -2.046572260853e+00  -2.570329595035e+00  -1.038927050756e-01  -3.271490402962e-02  -1.236033063992e-01  -1.725745836430e-02  -4.429405671705e-01  -2.125709312002e+00  -2.605001415359e+00  -1.394687130551e-01  -1.339618480253e-01  -3.222314495523e-03  -1.725657450637e-02  -4.429295278968e-01  -2.125688479525e+00  -2.604991730641e+00  -1.910433813960e-01   2.994824324914e-02  -3.239355065624e-03
  -3.614868596671e-06  -3.015411877049e-06  -9.707308523860e+00  -4.138152074031e-07   3.052782215077e-06  -4.311693110272e-05  -1.340057229717e+01  -1.448851730129e-06   1.069391028641e-05  -5.052852646812e-05  -8.469840292578e+00  -1.360492369296e-06   1.011161686512e-05  -3.206665690494e-05  -3.103730010822e+00  -5.493986796232e-07   4.114847825941e-06   1.522014583825e-01   4.634017223187e-07   2.683290767176e-05   5.995658346422e-01   1.171494823703e-01  -3.615108776668e-01  -3.831463916469e-01   8.057644944596e-01  -1.040025955535e+00  -5.040349365696e-01  -2.183311123093e+00   1.700905866474e+00  -2.957612338401e+00  -1.417197707320e+00  -2.035286583822e+00  -3.208326043734e-01  -2.174222502786e+00  -1.032050597823e+00  -6.167876341633e-01  -1.067605087163e+00  -4.140853488174e-01  -1.958393326336e-01   2.349126871099e+00  -1.746327694043e+00   8.043149581741e-01   1.124891783208e+00   1.434254319025e+00   4.678600346352e-01   4.958583626762e-01   1.571357187080e+00   5.978234097460e-01   6.523276653537e-01   2.825725277508e+00   3.878253537322e+00   1.700134133484e+00   1.834209045449e+00   2.634197236387e+00   1.279873637165e+00   1.249838246138e+00   1.335761604649e+00   7.982673317162e-01  -7.627654809866e-01   2.380281302354e-01   2.534673666567e-01   2.237078306894e+00   1.003848453255e+00  -1.041023555190e+00   2.410507231124e+00   1.936825350907e+00  -1.064371701818e-01  -1.128079050491e-01  -2.299974150364e-01   4.422173877316e-01  -1.483938049167e-01  -6.427673814936e-01  -1.244595964956e+00   1.257506718579e+00  -4.172179529790e-01  -5.991674663899e-01  -2.486165915517e+00   9.243956171798e-01  -3.038199879877e-01  -1.815807767830e-01  -1.479997197054e+00   1.760580363568e-01  -5.765290069784e-02   1.858389866892e+00   7.424980945188e-01   2.367702668628e-01  -6.142755984650e-01   1.589292607203e+00  -8.204032946272e-03  -1.187990545962e-01  -2.316245630040e-01  -1.100579763222e-01  -3.417548989760e-02   5.170707830326e-02  -6.161174909350e-02   1.343690935637e-02   1.660343894629e-01   3.239795751485e-01   1.563510969479e-01  -2.840977696973e-02  -1.179008714904e-01   3.885170568681e-03  -3.985084620683e-02  -5.031832658840e-01  -9.453955271799e-01  -4.462646276880e-01   1.734445133348e-01   2.845741330696e-01  -6.931115051677e-03  -2.786637754409e-02  -4.035152876024e-01  -7.867188697203e-01  -3.737926698609e-01   8.690451339720e-02  -1.216282225987e-01  -2.092752347731e-01  -6.329671602819e-02  -8.042506888919e-01  -1.494922230080e+00  -7.010495380314e-01   5.050270733418e-01  -1.608317367697e-01  -8.938632479266e-03  -2.641986349429e-02  -3.410310618487e-01  -6.161573941628e-01  -2.838431172551e-01   3.035983630117e-02  -2.312238966487e-01  -1.437229181808e-03   3.606968916360e-02   5.223035411953e-01   1.018311162239e+00   4.838111259194e-01   1.764564653889e-01   6.994579841514e-02   2.708821972163e-01   4.986680805887e-02   6.382864551394e-01   1.171048298846e+00   5.447202587014e-01   2.755887190156e-01   3.225777651482e-01   5.022153615338e-03   6.624009949757e-02   8.439754809761e-01   1.561280466534e+00   7.299936671022e-01   5.483892683789e-01  -9.722398090618e-02   8.391857268092e-03
  -4.743398723492e-06  -3.956796897747e-06  -4.138152074031e-07  -9.707299710995e+00   4.127551722079e-06  -5.657476228535e-05  -1.448851730129e-06  -1.340054121073e+01   1.445563955792e-05  -6.623589907051e-05  -1.360492369296e-06  -8.469808359136e+00   1.363100861556e-05  -4.198346049562e-05  -5.493986796232e-07  -3.103715950117e+00   5.531384029025e-06  -1.172342646676e-01   5.995615521977e-01   3.577366059782e-05   4.634017223187e-07   1.523130289901e-01   3.315535421797e-01   3.513962658702e-01  -1.040022571498e+00   6.256113662302e-01   4.622666227173e-01   2.002375711350e+00  -2.957581536484e+00   1.188577378412e+00   1.299751747525e+00   1.866583241715e+00  -2.174155482831e+00  -6.974962335240e-01   9.465090426296e-01   5.656316482337e-01  -4.140493750044e-01  -1.139358698846e+00   1.796000034278e-01  -1.871822094049e+00   8.223900527305e-01  -7.376483398450e-01  -1.746313372089e+00   1.947782479936e+00   1.472431905595e-01   1.560547570644e-01   5.978214776120e-01  -1.400566022468e-01   2.052979718856e-01   8.892970992559e-01   1.700116641719e+00  -9.887866103453e-01   5.772524471089e-01   8.290049570205e-01   1.249800000781e+00  -2.298091571245e+00   4.203777963952e-01   2.512079514003e-01   2.380074602665e-01  -1.444179408650e+00   7.976559163131e-02  -1.370366068353e+00  -4.632482196250e-01  -3.276201644346e-01   1.003840258249e+00   2.058788416934e+00  -4.789188040956e-01  -5.075843271556e-01   4.422159505607e-01   1.661497314771e+00  -6.677039481164e-01  -2.892144589482e+00   1.257493434483e+00   4.134099666441e+00  -1.877280675481e+00  -2.695914914351e+00   9.243668513197e-01   1.467642748984e+00  -1.367024501002e+00  -8.169663354186e-01   1.760427332548e-01  -7.270042989630e-01  -2.593962230815e-01  -1.718058828736e+00   2.561597138984e+00   1.065336522428e+00   7.424919929354e-01   2.437833415268e+00  -3.691604767256e-02  -5.345605793505e-01  -1.042216956225e+00  -4.951879906734e-01   5.170641218937e-02   1.870017676325e-01  -2.772362413649e-01  -6.535987351350e-02  -8.329866661367e-01  -1.539229716365e+00  -7.192235913521e-01  -1.471793637194e-01   5.299832977002e-01  -8.095664713075e-03  -5.351366651852e-02  -6.842456701616e-01  -1.257136742960e+00  -5.853125232940e-01   3.138486059441e-01   3.281054956932e-01  -5.664927611614e-03   2.556469189498e-02   3.701814589427e-01   7.217189965200e-01   3.428912026475e-01  -1.216214841291e-01   6.591534039265e-02   1.919873121901e-01   2.103436196579e-02   2.726390792236e-01   4.889712463234e-01   2.241645870965e-01  -1.900996019985e-01  -3.591495739531e-03   6.786506145405e-04   6.125295111740e-02   7.777675667466e-01   1.447158403850e+00   6.790609647842e-01  -2.019533696355e-01   4.711137963063e-01   8.824409723921e-03   1.135722213886e-02   1.644546502597e-01   3.206275898782e-01   1.523262389814e-01   6.993965785317e-02  -2.364211392933e-02   8.529071784335e-02   4.428936557045e-02   5.600693707990e-01   1.049952895755e+00   4.949307930645e-01   2.933130592870e-01   2.258191238152e-01   7.369636899039e-03  -7.749570286756e-03  -9.360213287994e-02  -1.901175852254e-01  -9.381180462082e-02  -6.795805805580e-02  -4.699938277552e-02  -3.171119140678e-03
   4.600106587330e-02   3.837267016158e-02   3.052782215077e-06   4.127551722079e-06  -9.601472708286e+00   5.489227032181e-01   1.069391028641e-05   1.445563955792e-05  -1.302889617877e+01   6.486699805638e-01   1.011161686512e-05   1.363100861556e-05  -8.107171093395e+00   4.161131964989e-01   4.114847825941e-06   5.531384029025e-06  -2.951351009620e+00   4.634017223187e-07  -4.960880983071e-05   4.895424600617e-01  -3.830633785512e-05   2.141222249619e-06   1.642712447342e-01   1.737783474023e-01  -5.187398447769e-01   4.757545161895e-01  -9.650444290520e-02   1.033233024624e+00  -1.535031582891e+00   1.407835068075e+00  -8.275402319003e-01   1.121344775199e+00  -1.323828571392e+00   1.214138688779e+00  -2.021949353569e+00   5.109233917557e-01  -3.817062445254e-01   3.500810276310e-01  -1.280849106533e+00  -1.872042155779e+00  -7.862612790674e-01  -1.752479547678e+00   8.573011204834e-01   1.621290844990e-01   1.642553279506e-01   1.737608240764e-01   6.713590791155e-01   2.112881466926e-01  -9.649287621478e-02   1.033181748128e+00   1.986722010650e+00   6.252569048685e-01  -8.274860056072e-01   1.121322086121e+00   1.713427362647e+00   5.392488006295e-01  -2.021894791024e+00   5.109201842818e-01   4.940504025237e-01   1.554882598209e-01  -1.280836995265e+00   1.076117899781e+00  -3.491890867732e-01  -1.752405898401e+00  -1.109533707191e+00   1.540317790376e+00   1.642983750811e-01   1.738082117706e-01  -1.527230186299e-01  -6.871856567238e-01  -9.652260271940e-02   1.033320489959e+00  -4.519055992599e-01  -2.033379784009e+00  -8.276272004041e-01   1.121383903641e+00  -3.897074126737e-01  -1.753523200829e+00  -2.022037274773e+00   5.109290915864e-01  -1.123629892587e-01  -5.055903420517e-01  -1.280868538390e+00   7.959438978351e-01   1.135668549913e+00  -1.752604134468e+00   2.523954010089e-01  -1.702255667829e+00   3.922263694600e-02   5.658869867198e-01   1.199477951231e+00   6.854820696579e-01  -5.530532860184e-02  -2.488621688242e-01   2.419641915836e-01   3.503507920124e-03   6.188371022464e-02   1.954207397209e-01   2.027217712543e-01   1.100321809010e-02  -3.490905998800e-02  -5.519865970017e-02   3.500520580443e-03   6.184753547703e-02   1.953549739293e-01   2.026912077515e-01  -2.473558999098e-02  -2.694274035619e-02  -5.519725911843e-02   3.922342518700e-02   5.658934338910e-01   1.199487853523e+00   6.854861573981e-01  -1.878532957361e-01   1.723442665745e-01   2.419701443998e-01   3.501017821057e-03   6.185638139192e-02   1.953761847896e-01   2.027019570469e-01  -3.571349453403e-02   7.920066793785e-03  -5.517963657000e-02   3.498757257040e-03   6.182674277721e-02   1.953185833541e-01   2.026745971272e-01  -1.096387948272e-02   3.487724865475e-02  -5.518747696889e-02   3.922275581497e-02   5.658885625332e-01   1.199486233781e+00   6.854870164754e-01   2.431590011034e-01   7.656823144929e-02   2.419680464386e-01   3.496002201234e-03   6.179397663263e-02   1.952603360773e-01   2.026477694830e-01   2.468655752990e-02   2.693373779912e-02  -5.517969597112e-02   3.501336749932e-03   6.186102407447e-02   1.953861974912e-01   2.027068913302e-01   3.571018705347e-02  -7.949817540683e-03  -5.517267807521e-02
  -5.207274967604e+00  -5.475583911851e+00  -1.669823415564e-05  -2.191127386226e-05   2.124937860670e-01  -1.210899574789e+01  -5.052852646812e-05  -6.623589907051e-05   6.486699805638e-01  -1.344107891055e+01  -6.359813971647e-05  -8.221884851532e-05   9.199407803244e-01  -9.846285317130e+00  -3.225050541087e-05  -4.097294186679e-05   5.317260030701e-01  -1.941311998690e-06   1.938794287927e-05   2.902577093062e-01   1.435252495919e-05  -2.130916713798e-05  -1.178670400664e+00  -1.284121270776e+00   1.045644723239e+00  -9.589995266957e-01  -4.501313734816e-01  -4.127547841535e+00   3.280083556842e+00  -3.008297846086e+00  -1.380292265350e+00  -6.688760501851e+00   5.918296873629e+00  -5.427936666230e+00  -2.388350399016e+00  -6.291968570741e+00   4.228041237764e+00  -3.877721994850e+00  -1.654675502448e+00   2.100314689350e+00  -8.815477476723e-01   1.011303113311e+00   9.611859748254e-01  -1.818854633375e-01  -1.178626777719e+00  -1.284073240097e+00  -1.353341263412e+00  -4.259204813669e-01  -4.501182850038e-01  -4.127417378844e+00  -4.245328239150e+00  -1.336085140910e+00  -1.380258583731e+00  -6.688630508785e+00  -7.660036254900e+00  -2.410769697990e+00  -2.388327054905e+00  -6.291917217683e+00  -5.472410950878e+00  -1.722277058532e+00  -1.654677827590e+00  -1.207362376427e+00  -3.915256008947e-01   1.011283650089e+00  -1.244040737124e+00  -1.728163289129e+00  -1.178743153136e+00  -1.284201305943e+00   3.078278659593e-01   1.385091280588e+00  -4.501546078198e-01  -4.127762572932e+00   9.656136934513e-01   4.344858351089e+00  -1.380352709555e+00  -6.688971742184e+00   1.742218730911e+00   7.839296486348e+00  -2.388395964905e+00  -6.292051272066e+00   1.244619077331e+00   5.600287498583e+00  -1.654676043540e+00  -8.929673820422e-01   1.273213822463e+00   1.011332645636e+00   2.829612741727e-01   1.909769455334e+00  -3.962163878852e-01  -1.577730458921e+00  -3.869756306891e+00  -4.578185821218e+00   1.443317020628e-01   6.494686482107e-01  -8.375445886652e-01  -4.276434799387e-01  -1.644121308145e+00  -3.906099821439e+00  -4.576768190969e+00  -3.194021304214e-01   1.073879296973e+00   2.854599101167e-02  -4.276288846261e-01  -1.644080787841e+00  -3.906043902909e+00  -4.576737732230e+00   7.441316038695e-01   8.375213356358e-01   2.860225466196e-02  -3.962177142049e-01  -1.577728793865e+00  -3.869753506531e+00  -4.578184823432e+00   4.902270546425e-01  -4.497798914814e-01  -8.375485063422e-01  -4.275672011862e-01  -1.643904208194e+00  -3.905802343449e+00  -4.576610507457e+00   1.089567709929e+00  -2.602917694515e-01   2.856974531714e-02  -4.275849539166e-01  -1.643947990940e+00  -3.905856202043e+00  -4.576640147127e+00   3.533301660278e-01  -1.063071553611e+00   2.862003293076e-02  -3.962131337070e-01  -1.577712090057e+00  -3.869729880402e+00  -4.578172670889e+00  -6.345651673633e-01  -1.998364071879e-01  -8.375412055437e-01  -4.275474196571e-01  -1.643838232521e+00  -3.905701769539e+00  -4.576557839718e+00  -7.702794966358e-01  -8.133055663937e-01   2.866277353739e-02  -4.275422602555e-01  -1.643829714015e+00  -3.905697454053e+00  -4.576555424598e+00  -1.097219897536e+00   2.256172564912e-01   2.855344849106e-02
  -1.108400831957e-06  -7.613699901656e-07  -3.451849735764e+00  -1.715295666794e-07   1.265403311756e-06  -2.738242540264e-05  -8.469840292578e+00  -1.360492369296e-06   1.011161686512e-05  -6.359813971647e-05  -1.166568736797e+01  -2.433956967219e-06   1.965576778514e-05  -5.718107079088e-05  -7.315457691976e+00  -1.211603954665e-06   1.089841736035e-05   1.636370031613e-01   4.793580617625e-07   2.108229081120e-05   4.782673828251e-01   1.259512608621e-01  -1.915978447870e+00  -2.102809671555e+00   4.466253462041e-01  -1.405588206793e+00  -6.600237670024e-01  -4.836467497162e+00   4.269697250744e-01  -3.260678629736e+00  -1.499386662376e+00  -4.397316525260e+00  -2.009370718435e+00  -3.228565386165e+00  -1.447666812634e+00  -1.699918273491e+00  -3.063703054528e+00  -9.629578220514e-01  -4.275347167372e-01   5.038241008755e-01  -9.610134199409e-01  -1.781666808795e-02   2.195321961960e-01   1.744802429912e+00   2.479788063596e+00   2.721596495460e+00   1.481444794984e+00   8.079940116409e-01   8.542542525981e-01   6.259713059189e+00   2.827572751243e+00   1.874390699639e+00   1.940632481672e+00   5.691349333866e+00   3.676081426929e-01   1.855930132311e+00   1.873704574887e+00   2.200129871817e+00  -2.354773439743e+00   5.535411372811e-01   5.533510301887e-01   9.092171720092e-01   5.524383469967e-01   2.304467400384e-02   9.270538479799e-01  -8.032698946239e-02  -5.640441285948e-01  -6.190456767558e-01  -9.532108723963e-01   5.976045420135e-01  -1.943019280983e-01  -1.423792110674e+00  -2.820374520509e+00   1.386308803855e+00  -4.413949846898e-01  -1.294501996401e+00  -5.224759847223e+00   1.372649975071e+00  -4.261639696745e-01  -5.004395874107e-01  -4.022733899897e+00   4.094188595252e-01  -1.258585519877e-01   2.287339573736e+00   4.085808731597e-01  -5.255120062213e-03  -7.375324408125e-01   1.183690537444e+00  -1.752579323300e-01  -5.020830713068e-01  -6.369998288892e-01  -3.257141247269e-01  -4.267544523423e-01   2.597728771993e-01  -3.431749093790e-01   2.528451500058e-01   6.109793719063e-01   7.953281725277e-01   4.407871954623e-01  -3.900954953789e-01  -5.356752642599e-01   7.199082132860e-03  -7.413774867704e-01  -1.940860992799e+00  -2.446085593010e+00  -1.286270139425e+00   5.971592992573e-01   1.297110008775e+00   2.380391287237e-02  -5.952895001814e-01  -1.705398379752e+00  -2.163617139577e+00  -1.106263818424e+00   1.815206220000e-01  -6.110631312530e-01  -1.165657193447e+00  -1.173909621230e+00  -3.142186393167e+00  -3.926047723399e+00  -2.034012691753e+00   2.156364756394e+00  -6.556713170416e-01   5.829744245209e-02  -4.856838668567e-01  -1.375656708995e+00  -1.682028229114e+00  -8.383233052255e-01  -1.656068363264e-01  -1.135588344981e+00   4.688209037624e-02   7.705419152461e-01   2.207450762898e+00   2.800551139339e+00   1.431898065021e+00   6.314347819203e-01   3.514297711918e-01   1.508818207876e+00   9.211671706744e-01   2.531444945805e+00   3.130997384336e+00   1.593322703650e+00   9.874915832656e-01   1.609477392052e+00  -6.567060698976e-02   1.226779967562e+00   3.315903620087e+00   4.127510821834e+00   2.124306959853e+00   2.322093847287e+00  -5.798129952038e-01  -7.053768394630e-02
  -1.454433804183e-06  -9.990629948077e-07  -1.715295666794e-07  -3.451846082688e+00   1.710903035954e-06  -3.589456673385e-05  -1.360492369296e-06  -8.469808359136e+00   1.363100861556e-05  -8.221884851532e-05  -2.433956967219e-06  -1.166557912569e+01   2.582813835010e-05  -7.264620071962e-05  -1.211603954665e-06  -7.315371041641e+00   1.394456169147e-05  -1.260157510118e-01   4.782622583467e-01   2.824622796905e-05   4.793580617625e-07   1.637218968172e-01   1.757207310194e+00   1.928556545964e+00  -1.405581385741e+00   2.031524883388e-01   6.053281922461e-01   4.435669691401e+00  -3.260637189040e+00  -1.378478371571e-01   1.375127823108e+00   4.032843355730e+00  -3.228445499749e+00  -2.568682973734e+00   1.327678588982e+00   1.558955808103e+00  -9.628809197993e-01  -3.230535907335e+00   3.920890216920e-01  -1.534380154744e-01   5.307588557832e-02   1.636488665283e-02  -9.609925887842e-01   1.963291241360e+00   7.804299270906e-01   8.565310602287e-01   8.079901106168e-01  -8.316285489864e-01   2.688471318027e-01   1.970027700864e+00   1.874367107668e+00  -2.538303634767e+00   6.107445527862e-01   1.791125366136e+00   1.855862373138e+00  -4.945420261905e+00   5.896744264655e-01   6.923754014225e-01   5.534978964364e-01  -3.939394468306e+00   1.741410374958e-01  -1.979235653442e+00  -6.544143063647e-01   7.266943949089e-03   5.524260103334e-01   1.557386058269e+00  -2.537942232195e+00  -2.785424385876e+00   5.976017149047e-01   1.602921412636e+00  -8.742683961153e-01  -6.406395802523e+00   1.386291111627e+00   3.109243917509e+00  -1.986064015809e+00  -5.824550659160e+00   1.372597910104e+00   6.462967808407e-01  -1.917509496859e+00  -2.251608617607e+00   4.093852036236e-01  -2.271633998777e+00  -5.662811624289e-01  -7.151747490681e-01   1.010087468305e+00  -2.366637016561e-02   4.085725194483e-01   1.792789870237e-01  -7.886165835575e-01  -2.259230032468e+00  -2.866255845355e+00  -1.465527219533e+00   2.597671853912e-01   6.844261938640e-01  -1.544193799456e+00  -1.209723630296e+00  -3.275848475216e+00  -4.074343042712e+00  -2.094140115862e+00  -8.145423191006e-01   2.225830848491e+00   7.140159899868e-02  -9.887587356229e-01  -2.708731939825e+00  -3.354021500755e+00  -1.710363017876e+00   1.575947627386e+00   1.238575477614e+00   6.784954614508e-02   5.461226589186e-01   1.564506306904e+00   1.984846977377e+00   1.014827584501e+00  -6.109971295730e-01   7.610778327271e-02   1.069353286727e+00   3.858270000867e-01   1.108662865165e+00   1.348270190504e+00   6.652536194841e-01  -9.344965219765e-01  -3.207105614099e-01  -4.195393792046e-02   1.136281950001e+00   3.034863745331e+00   3.795046535780e+00   1.968947327457e+00  -8.567536423288e-01   2.001258529776e+00  -5.457898021714e-02   2.426213772084e-01   6.950369096372e-01   8.817771314152e-01   4.508357862379e-01   3.513687595168e-01  -3.738243094155e-01   4.750624852077e-01   8.235673775153e-01   2.166472841877e+00   2.725399302541e+00   1.428573424348e+00   1.330668628653e+00   8.481175046151e-01  -2.965891996290e-02  -1.476118176152e-01  -3.263325588132e-01  -4.412206333671e-01  -2.587142402310e-01  -3.009848860017e-01  -4.864855458752e-01  -1.332070634166e-02
