ARMA_MAT_TXT_FN008
153 153
  -1.763525354279e+01  -2.205182408651e+01   4.071021234822e-03  -3.232459831268e-02   6.396963545507e-05  -8.165249286857e+00   1.681012063840e-03  -1.535840778619e-02   3.013275945997e-05  -3.539385812706e+00   7.373024518362e-04  -6.326306251131e-03   1.232813739318e-05  -1.600260236079e+00   4.142407160411e-04  -2.161611749163e-03   4.195189774183e-06   5.412130171177e-04  -8.270130946454e-07  -2.451287577011e-04  -1.226738634060e-06   1.708650925462e-04  -2.623676996249e-01  -1.440475856254e+00  -1.305248278881e+00  -7.550005918702e-01  -1.906102616336e+00   6.701077659274e-01  -1.060334514030e-03  -7.677223189949e-04  -3.915723901291e-04   1.753903228847e-02   2.245641452860e-02  -4.502389861932e-05  -3.149461527399e-01   6.205759586643e-01   8.089623616191e-01  -1.622697127833e-03  -9.656992609892e-01   1.102522802664e+00   1.437569249656e+00  -2.883591860198e-03  -7.498191218239e-01   4.767082592680e-01   6.214141358297e-01  -1.246478804598e-03  -1.082855261672e+00   2.832287887357e-03   6.472415629733e-01   2.171813500197e-03   2.908340758448e-01   5.294828359193e-06   6.085316810305e-06  -2.988849586843e-05   8.740678397223e-06   2.089951932321e-08   2.971284354461e-05   7.870533908301e-05   5.205458438020e-05   1.126411830336e-08  -2.430037996167e-02   1.018071765705e-01   3.169466661624e-02   1.380831881041e-05  -3.227609117915e-01   8.146112758282e-01   2.539606834626e-01   1.104423985941e-04  -2.060546190622e-05  -4.365316981794e-08   2.345044272237e-05  -2.715592319792e-08  -4.861506921804e-05   7.241526191981e-06   9.523838159932e-06  -5.356528950804e-05  -1.295959790795e-04   9.542805070966e-05   1.013904675439e-04  -1.725579630020e-05  -5.373769862439e-05   6.269888003465e-05  -1.827090466674e-02   2.328390340597e-02   6.798589366986e-02  -3.977228060120e-02  -2.918394201127e-01   2.244316261168e-01   6.563480333249e-01  -3.840774257423e-01  -1.809256121964e-05   3.734604314086e-05   6.200393637023e-06   2.543259494113e-05   2.352261930018e-05   7.244907827441e-06   9.528636980717e-06  -5.334636867533e-05  -1.302119170325e-04  -9.485037162174e-05   1.014417274384e-04  -1.708585563905e-05  -5.414133147060e-05  -6.245080810880e-05  -1.827580106843e-02   2.320654093461e-02   6.822166938730e-02   3.945373204427e-02  -2.918666022820e-01   2.236456186510e-01   6.585094099735e-01   3.809350143642e-01  -1.817464802583e-05  -3.720398638617e-05   6.477771299164e-06  -2.531354791366e-05   2.380131837157e-05   2.021447463465e-06   3.601218603190e-06   4.127639403270e-05  -5.948021655349e-06  -2.177676198199e-08   3.910820793075e-05   1.104317649172e-05   6.872988960483e-06  -5.092446587436e-08  -5.269129644852e-03  -2.409025298605e-02   9.528915377980e-03  -1.612719773489e-05  -1.735707172724e-01  -4.775054228385e-01   1.892924666824e-01  -3.200862145501e-04   1.165590833244e-05   1.383019751470e-08   1.002989617260e-05  -4.151424050096e-08  -1.354192311550e-05   6.592480758166e-06  -4.174767262591e-05  -3.857191107836e-02  -2.168388141788e-01   1.085178470890e-05  -6.621219308862e-06   1.054670202536e-05   6.631241600968e-06  -4.193132408981e-05  -3.862815228969e-02  -2.169508324406e-01   1.078256212521e-05  -6.743032652935e-06  -1.052904831605e-05
  -2.205182408651e+01  -1.656721114987e+01   3.802071844290e-03  -3.054650690889e-02   6.049759355097e-05  -7.413509608230e+00   8.742877104322e-04  -8.367921967077e-03   1.634031815465e-05  -3.328228560508e+00   5.496656161009e-04  -2.461694122526e-03   4.722058368381e-06  -1.516651114398e+00   4.368928598335e-04  -4.054360647426e-04   7.447243251028e-07   1.467814670937e-03  -6.372827761079e-06  -2.014075466011e-03  -3.355784157969e-06   4.755367837684e-04  -2.632091214054e-01  -1.364622845279e+00  -1.237112313615e+00  -7.171580187969e-01  -1.815551962772e+00   6.395161802238e-01  -1.012468003590e-03  -5.572911295799e-04  -3.968582749836e-04   1.671053920552e-02   2.163508105823e-02  -4.330973431266e-05  -3.039726572592e-01   5.934932058790e-01   7.744188318777e-01  -1.553300484846e-03  -9.153489512344e-01   1.040882784810e+00   1.358343540822e+00  -2.724602159255e-03  -7.119267088707e-01   4.520275563928e-01   5.899151933814e-01  -1.183275150573e-03  -1.037911959855e+00   2.716162626526e-03   6.203594618683e-01   2.081898104440e-03   2.796433003056e-01   9.816149562094e-06   1.301746355701e-05  -3.466080357991e-04  -1.787766706426e-04   1.712544449827e-07   1.841481047608e-04  -3.170882178536e-04  -1.583233692466e-04   1.395072484549e-07  -2.359613774068e-02   9.852942421682e-02   3.077576811892e-02   1.314314206882e-05  -3.071092347797e-01   7.727325351239e-01   2.413618299648e-01   1.038245935264e-04  -4.535322204276e-05  -6.494389874125e-08   1.030896058196e-05   8.083623573187e-08  -2.330209893179e-05   9.892273586317e-06   1.255719456602e-05  -1.419059660328e-04  -3.099344559570e-04   1.216684520633e-04   1.723575872849e-04  -1.317796335209e-04  -2.973700850710e-04   1.218103578179e-04  -1.767461562484e-02   2.247719362208e-02   6.573719674558e-02  -3.840461592673e-02  -2.774840065667e-01   2.127889751486e-01   6.226726014932e-01  -3.641070490340e-01  -1.366576073916e-05   2.558828008984e-06   1.830033185673e-05   1.758424765924e-05   1.237811508976e-05   9.894625509533e-06   1.255882086218e-05  -1.416202713884e-04  -3.105591231204e-04  -1.202348719590e-04   1.723497477861e-04  -1.314923676518e-04  -2.979737257083e-04  -1.204142802761e-04  -1.767920218632e-02   2.240231174918e-02   6.596446254233e-02   3.809641581110e-02  -2.775093536497e-01   2.120434783369e-01   6.247207034628e-01   3.611256961230e-01  -1.376282669811e-05  -2.347310447695e-06   1.826017540386e-05  -1.754952328356e-05   1.243195004951e-05   2.670051668258e-06   6.857954046912e-06   1.740767978215e-04  -6.008620570791e-05   1.400942533624e-08   1.247829180936e-04   1.942797580596e-04  -6.719903251651e-05   5.200436103478e-09  -5.103725009915e-03  -2.336570632508e-02   9.286717775037e-03  -1.578314819874e-05  -1.653047271538e-01  -4.536448508545e-01   1.800835243633e-01  -3.046113642268e-04   1.386699673352e-05  -1.652236007231e-08  -9.901764137244e-07  -9.902263493935e-08   2.105780998837e-06  -2.011430039909e-05  -4.808993881621e-05  -3.689696643404e-02  -2.061733690155e-01   6.631419705692e-05  -2.282100397066e-05  -7.241454181155e-07  -2.007773535343e-05  -4.824328597073e-05  -3.695034450673e-02  -2.062793722616e-01   6.632013293576e-05  -2.283312644308e-05   6.944130811870e-07
   4.071021234822e-03   3.802071844290e-03   1.614767362179e+00   2.584345427422e-02  -6.071833493777e-05   1.311059222643e-03  -8.862019406503e-01   2.082294462886e-02  -4.747572152841e-05   5.647085287913e-03  -7.793625687353e-01   1.552247235976e-02  -3.257615077044e-05   9.431313727412e-03  -3.029404999134e-01   1.137229064301e-02  -2.325147889170e-05  -9.837025804199e-02   5.101935226196e-05  -9.620055594687e-03   1.866859187760e-04   4.097173522841e-02   4.592087247316e-01   4.368429161113e-01   1.636167693275e-01   4.326668183240e-02   4.368469036094e-01  -2.435783426807e-01   3.755805527855e-04  -5.372915000474e-03  -5.904751368507e-03   7.024155113167e-02   1.313798874713e-01  -2.628377776055e-04  -1.730684276155e-01   8.878437595941e-02   3.106313809204e-01  -6.229576496089e-04  -1.269984609469e-01  -9.943343737524e-02   1.682962092793e-01  -3.381024784002e-04  -2.891588964874e-02  -9.786554141242e-02   2.680098972930e-02  -5.399276547516e-05  -1.675150642812e-01   9.748211280812e-04   1.249328558704e-01   3.524083392273e-04   2.743122539535e-01   1.183413856297e-04   2.603049000803e-04  -1.013488121924e-02  -4.518674820532e-03   4.494194322777e-07   5.089838596279e-03  -8.692373980001e-03  -3.634060895835e-03  -5.890151236681e-07  -3.313535710798e-02   9.945865268033e-02   3.538916580769e-02   1.625033166828e-05  -9.327309432999e-02   1.394000100597e-01   6.622154822660e-02   2.867806192236e-05  -2.265973538274e-03  -4.668526823567e-06   7.073372311144e-04   2.525060389952e-06  -2.015583363868e-03   3.998003337620e-05   5.708250544515e-05  -2.501936904391e-05  -3.425684875501e-03   2.092003136706e-05   8.587971873043e-04   1.891179659458e-04  -3.311605316170e-03  -3.544871846899e-05  -8.240617117222e-03  -4.604882663744e-03   2.601277399683e-02  -1.526805345250e-02  -2.337344131215e-02  -5.520912457175e-02   4.964674495903e-02  -2.846978078770e-02  -1.709990574190e-04   3.290852432534e-04   5.541327567676e-04   4.997867751154e-04   8.456751403351e-04   3.987194457183e-05   5.680621702712e-05  -1.966768251459e-05  -3.414984745701e-03   5.611578584981e-07   8.527340794851e-04   1.939997098338e-04  -3.301195498168e-03   5.642935622703e-05  -8.211633775844e-03  -4.673280395671e-03   2.600884531421e-02   1.509082986340e-02  -2.327397022258e-02  -5.535232697946e-02   4.960419689404e-02   2.811377204449e-02  -1.717664178128e-04  -3.189528842735e-04   5.544103700505e-04  -4.983413824633e-04   8.475472583817e-04  -1.059662213580e-05  -2.064873718066e-04  -6.657374435135e-03   2.311429313085e-03  -6.253377769433e-07  -4.720579356148e-03  -7.087021759861e-03   2.483516447986e-03  -4.145353992936e-07   1.177902246124e-02   3.969762798431e-02  -1.734522555852e-02   3.140877077212e-05   6.217375845090e-02   1.084494577213e-01  -5.685350617916e-02   9.580267380831e-05  -1.154027083642e-03  -6.251280057247e-09  -5.062704620169e-04   4.495635707274e-06   6.070046380630e-04   9.749812241634e-04   1.122438002891e-03   2.301606644072e-02   3.735252131035e-02  -2.889714990681e-03   1.052754042408e-03   3.417569558337e-06   9.725787918260e-04   1.122559448273e-03   2.302403621407e-02   3.733650575344e-02  -2.889368641773e-03   1.053237273843e-03  -2.898500396685e-06
  -3.232459831268e-02  -3.054650690889e-02   2.584345427422e-02   1.591852228735e+00  -1.250840817575e-04  -2.053331992286e-02   2.067476279625e-02  -8.998950164625e-01  -8.963041494415e-05  -1.788932714387e-02   1.533884670040e-02  -7.839081886463e-01  -5.022639774863e-05  -4.690646251519e-03   1.123670656822e-02  -3.051938717372e-01  -3.753636072262e-05  -2.452910147344e-02   1.880819174404e-04   5.666536546470e-02   5.028396945614e-05   4.519184875907e-02  -1.621080191997e-01  -1.631089896212e-01  -6.319921600804e-02  -1.394138854987e-02  -2.687204456539e-01  -2.143072415308e-01  -1.900147517936e-04  -6.967016458209e-03  -7.915574057625e-03   1.373497933985e-01   1.381858219376e-01  -3.604082533752e-04  -2.294523160662e-01   3.239112054294e-01   2.550371117303e-01  -8.495763052977e-04  -1.776256604455e-01   1.865926386836e-01   1.379390621941e-03  -4.907665014275e-04  -4.746351397402e-02   3.406464122318e-02  -7.958970565876e-02  -9.423753542762e-05  -3.356436287506e-01   9.359387741048e-04   1.797794249311e-01   1.018989751698e-03  -1.006949162266e-01   4.115856890629e-05   4.083257602962e-05  -1.753471634695e-03  -1.551743606490e-03   1.377445815635e-05   2.707792477112e-04  -1.384529271257e-03  -1.514160415609e-03   1.419509759677e-05  -9.955318536789e-03   3.716360555247e-02  -6.560869450235e-03   5.609614968328e-06  -2.759752191183e-02   6.913295266857e-02  -5.874710523282e-02   4.301537546210e-06  -8.807788634010e-04  -3.218974728169e-06  -6.208185041675e-05   4.578475683545e-06  -1.137074483237e-03   1.182247689553e-04   2.301685626638e-04  -5.511597920624e-03  -7.907138514105e-03   5.085217276238e-03   4.481141497668e-03  -5.215566253421e-03  -7.304638765888e-03   5.137610320541e-03  -2.476905184924e-02   2.666213054499e-02   6.259675631237e-02  -4.496687023808e-02  -8.034034807303e-02   5.847726006816e-02   9.160402806366e-02  -9.723065615773e-02  -1.168600250247e-03   1.199101161925e-03   8.097049612391e-04   1.704775167717e-03   9.494229739396e-04   1.186775423779e-04   2.313557713450e-04  -5.511374205001e-03  -7.982922629411e-03  -5.070778102235e-03   4.506768003135e-03  -5.212773602882e-03  -7.377614336306e-03  -5.125233648973e-03  -2.486097972666e-02   2.666554842864e-02   6.311467168454e-02   4.474961842614e-02  -8.062747853544e-02   5.847451566169e-02   9.269770117806e-02   9.674594187027e-02  -1.178935424647e-03  -1.192547271983e-03   8.190637582863e-04  -1.701386540516e-03   9.659347557051e-04   7.986233318975e-06   7.969060150139e-05   2.902330631094e-03  -2.795549578435e-04  -1.229314730808e-06   1.704105183307e-03   3.057972183242e-03  -2.541192880692e-04  -1.895823757199e-06  -4.693576545959e-03  -1.728879128200e-02   2.383955003676e-03  -1.666115263534e-05  -2.497754247505e-02  -5.994274753500e-02  -1.584351626528e-02  -5.029269252179e-05   3.273785213474e-04   1.089307764504e-06   2.585676316133e-04  -2.478658642120e-06  -4.359690708768e-04  -1.890660770602e-04  -3.947352300636e-04  -1.191045999826e-02  -1.946118350123e-02   1.299751131480e-03  -2.221305998980e-04   1.102659382977e-04  -1.834774722201e-04  -3.946121470950e-04  -1.198594229382e-02  -1.957130971292e-02   1.298131527086e-03  -2.244734003610e-04  -1.137751372089e-04
   6.396963545507e-05   6.049759355097e-05  -6.071833493777e-05  -1.250840817575e-04   1.531181504942e+00   3.802371404968e-05  -4.705996607537e-05  -8.945929919788e-05  -9.423913063105e-01   3.430978295993e-05  -3.160642828392e-05  -4.995932099382e-05  -8.079090547492e-01   9.915045833684e-06  -2.283850230772e-05  -3.746340504031e-05  -3.235359123656e-01   4.891480255118e-05  -4.927327137892e-02   5.336770925672e-05  -7.947655587204e-04   4.482529901785e-06   2.588014882238e-04   2.639815289794e-04   1.041199576543e-04   2.311443755897e-05   4.248538668286e-04  -1.926638040238e-04  -3.304768232471e-01   1.395887572530e-05   1.596323095990e-05  -2.755120912484e-04  -3.640669288979e-04  -4.299814012022e-02   4.610952998445e-04  -6.494913195231e-04  -8.528544688356e-04  -1.704436711821e-01   3.568088662570e-04  -3.739158841341e-04  -4.915497682980e-04  -2.440988157264e-01   9.580882917692e-05  -6.848366248109e-05  -9.432919565477e-05  -1.264539224879e-01   1.013938548904e-03   2.504113336480e-01  -1.261326474652e-03   1.808125001650e-01  -2.928235619796e-04   4.487424999867e-08   2.607835344905e-07  -1.436752414329e-05   1.071917667987e-05   4.378337686432e-03   6.672438879171e-06  -1.383504578601e-05   1.190977825124e-05   4.434365046430e-03  -8.494005912697e-06   2.112658613188e-05   6.986232703729e-06  -1.833357174265e-02  -2.528368652511e-05   4.127887899237e-05   7.353135871035e-06  -8.323019038856e-02   2.623782051309e-06   4.079481018804e-04   1.381035801174e-06   1.237253609512e-03  -1.847009937574e-06  -8.313454644913e-05  -2.138471032771e-04   1.755574796520e-03   8.764737410110e-03  -3.173441753541e-03  -4.627422324227e-03   1.328068677275e-03   8.272556041127e-03  -3.122074191785e-03   1.596843410512e-02  -1.669705265172e-02  -4.741746480000e-02   1.235713205728e-02   5.132571120893e-02  -3.542396035223e-02  -1.012084739147e-01  -1.789843711307e-02   6.225034911717e-04  -6.688201688594e-04  -8.008430841788e-04  -3.568855265133e-04  -1.169934562784e-03   8.252932241676e-05   2.126345294715e-04  -1.716367972810e-03  -8.744079157085e-03  -3.097609246041e-03   4.603156748734e-03  -1.290370006901e-03  -8.254411937054e-03  -3.047432255889e-03  -1.584949508072e-02   1.651300685586e-02   4.719763884534e-02   1.191309239015e-02  -5.093469974583e-02   3.502008505481e-02   1.007186989064e-01  -1.886054715127e-02  -6.160259563932e-04  -6.496701168157e-04   8.028437642364e-04  -3.447238607538e-04   1.171211138646e-03  -5.413234700114e-08  -1.546897143131e-07  -7.422867912084e-06  -4.794957847786e-08   6.117442353855e-04  -2.654931801689e-06  -8.237351696098e-06  -5.892862587368e-07   5.761964554815e-04   8.365168594210e-06   2.778041178564e-05  -1.664514184483e-05  -6.172480960736e-03   4.370383781399e-05   1.022147492034e-04  -5.228540217365e-05  -4.508627402712e-02  -1.350170718575e-06   3.736688886076e-04  -2.927970297580e-06  -4.584817102365e-04  -1.006819052576e-06  -5.593478686194e-04  -4.271624920549e-05   6.257855571084e-03   1.005050964144e-02   1.249428743595e-04   8.115436592380e-05  -1.025509126268e-04   5.577105686533e-04   4.280102105484e-05  -6.199626660344e-03  -9.949125016188e-03  -1.334056720823e-04  -8.341745092907e-05  -1.001066758995e-04
  -8.165249286857e+00  -7.413509608230e+00   1.311059222643e-03  -2.053331992286e-02   3.802371404968e-05  -3.956376561264e+00   6.530720892564e-03  -9.214840388080e-02   1.753314476335e-04  -2.544099458932e+00   6.355767017689e-03  -7.613820993697e-02   1.456402527650e-04  -1.445328496357e+00   5.509847301004e-03  -2.270609182156e-02   4.313589727939e-05  -3.097923623182e-02   1.867994874010e-04   7.444697319061e-02   7.895255727289e-05  -3.246274429046e-02  -5.735212177989e-01  -1.266769740960e+00  -1.197077433693e+00  -7.481934339323e-01  -1.235654560694e+00   4.329596064129e-01  -6.845640712745e-04  -6.291906858186e-02  -7.014610870770e-02   1.728194726364e-01   2.275396103463e-01  -4.542846682812e-04  -4.965233663399e-01   5.992730988057e-01   7.818636820913e-01  -1.566277404813e-03  -9.209877856302e-01   8.913872238665e-01   1.149356090339e+00  -2.305862712347e-03  -7.400323422325e-01   4.454195811199e-01   5.731018210736e-01  -1.150327088621e-03  -7.612590273259e-01   1.984060923628e-03   4.537764162376e-01   1.531296621118e-03   2.054638819142e-01   6.743212772370e-05   1.741597755105e-04  -6.824229473594e-03  -3.809112911261e-03   3.079147415753e-06   1.539540777711e-03   2.430560176922e-04  -1.529218716064e-03   3.707981423447e-06  -6.724825698117e-02   1.998537958776e-01   5.750366464010e-02   4.058128481300e-05  -3.487907940110e-01   7.724615344442e-01   2.330559830333e-01   1.260112576744e-04  -3.381481589794e-03  -2.446359611775e-06   2.426000854310e-03   1.122470598423e-06  -3.829467414207e-03   6.852403021217e-05   1.317197051292e-04  -2.363096659887e-03  -4.943517278985e-03   1.297150100108e-03   1.118547000425e-03  -9.815577477774e-04  -8.688151941801e-04  -1.043037903666e-03  -5.493756111078e-02   4.687063864492e-02   1.443148689617e-01  -8.756811264959e-02  -3.211120127374e-01   2.148160726238e-01   6.308814371921e-01  -3.751206516230e-01  -1.518391296941e-03   2.094219346591e-03   9.756917250187e-04   1.082622805394e-03   1.962958405707e-03   6.851101760717e-05   1.316747320958e-04  -2.360080639234e-03  -4.947933464049e-03  -1.273895712719e-03   1.116965594563e-03  -9.832694913568e-04  -8.588734127147e-04   1.047561635900e-03  -5.494737741420e-02   4.669781813956e-02   1.448216017710e-01   8.688168881305e-02  -3.211430869449e-01   2.140578067693e-01   6.329960373117e-01   3.720948681394e-01  -1.520164935487e-03  -2.077836189089e-03   9.916309013667e-04  -1.073806654727e-03   1.977074110907e-03   2.195857300617e-05   1.199740911027e-04   3.629865155838e-03  -1.486274454448e-03   1.253220752175e-06   2.496984803434e-03   3.709776427602e-03  -1.539598189207e-03   1.119473632793e-06  -1.915024153615e-02  -6.597220455109e-02   2.681551671487e-02  -4.653399153690e-05  -1.984886067087e-01  -4.870037874782e-01   1.932365712580e-01  -3.272053698394e-04   5.452883815283e-04  -1.946298033546e-07   1.583296633064e-04  -2.349023637024e-06  -1.411734058551e-04  -5.610518978747e-04  -9.755155103951e-04  -5.500597869527e-02  -2.290330851847e-01   1.449586854537e-03  -5.449667238121e-04  -1.162747857438e-04  -5.606833175716e-04  -9.773224699807e-04  -5.507374649219e-02  -2.291466608000e-01   1.450266470878e-03  -5.439382357006e-04   1.162832774182e-04
   1.681012063840e-03   8.742877104322e-04  -8.862019406503e-01   2.067476279625e-02  -4.705996607537e-05   6.530720892564e-03  -1.230741900395e-01  -9.726627666324e-03   2.739307310116e-05   6.601911390900e-03  -5.821801342522e-01  -2.693058604825e-02   6.576180236973e-05   7.642219556346e-03  -3.656729165260e-01  -8.124189444288e-03   2.125732632193e-05  -2.312804408844e-01   1.362139581227e-04  -1.895759295658e-02   4.357681576559e-04   9.699700919656e-02   5.226973727419e-01   4.226275902357e-01   1.939442486861e-01   5.577073344665e-02  -5.555139114552e-02  -2.043933990668e-02   1.748654226713e-05  -1.334263703516e-01  -1.515513890862e-01   1.114442941478e-01   2.746894709759e-01  -5.506354575513e-04  -2.978652350021e-01   3.130900066754e-02   2.849063490225e-01  -5.718318312603e-04  -1.826170979960e-01  -1.379063999016e-01   1.527475196463e-01  -3.047361211555e-04  -4.861901636443e-02  -1.340776367209e-01   2.723104552607e-02  -5.303154684630e-05   3.156117653534e-02   2.807146672555e-04  -6.101108654970e-03  -5.031480244815e-05   1.543033985012e-01  -1.566539869281e-04   7.487626135359e-05  -6.279377085272e-03  -2.833750188075e-03   3.717849868285e-07  -3.696929477595e-03   1.753156726277e-02   4.788562885995e-03   5.119474280780e-06  -8.397171289695e-02   1.868520341356e-01   5.354025929142e-02   7.158037990749e-05  -1.380065128812e-01   1.732777520916e-01   6.364634920002e-02   8.871953850683e-05  -9.798085977958e-03  -8.396846580580e-06   8.535064248861e-03  -4.382221036493e-06  -1.400986137491e-02   2.490173245399e-06   4.377811741101e-05  -5.453588535732e-05  -3.456756032826e-03  -4.696444947125e-05  -6.418967037365e-04   4.793007367483e-04   1.481114224653e-03  -2.785546656878e-03  -2.724906939278e-02  -1.377205962823e-02   6.370227573890e-02  -4.291618340675e-02  -4.696839978462e-02  -8.109345296303e-02   7.457456139998e-02  -5.265286161854e-02  -6.370488716109e-04   3.122282899330e-03   1.260666004625e-03   1.029705690139e-03   3.532139533674e-03   2.572830520431e-06   4.360515552885e-05  -4.960034544353e-05  -3.448249800025e-03   6.744886285632e-05  -6.425834327792e-04   4.732222608122e-04   1.489283638800e-03   2.773164435863e-03  -2.717874973426e-02  -1.392779680616e-02   6.377524604651e-02   4.249932511918e-02  -4.682948442764e-02  -8.131884504999e-02   7.462387654474e-02   5.213376737034e-02  -6.301578618936e-04  -3.084599498126e-03   1.282621691667e-03  -1.020459340345e-03   3.544128753580e-03   1.371947513653e-05  -2.459521595349e-04  -7.570671772466e-03   2.592000198260e-03  -5.929376037395e-07  -5.164365096832e-03  -5.723502081903e-03   1.805854343819e-03   1.263931704361e-06   3.034330591857e-02   8.528723417504e-02  -3.769966037136e-02   6.608720666187e-05   9.240370088149e-02   1.405804816018e-01  -7.617529512052e-02   1.291957161408e-04  -2.384541035619e-03  -1.108090303934e-06  -1.478701890523e-03   6.861407186808e-06   1.759934301008e-03   1.016244506340e-03   2.646638840470e-03   3.878159945585e-02   5.293767813792e-02  -3.286227763729e-03   1.299456043053e-03  -1.727682047416e-04   1.013109576947e-03   2.649154265937e-03   3.879120155107e-02   5.290973298396e-02  -3.284388134876e-03   1.301617340610e-03   1.722559393504e-04
  -1.535840778619e-02  -8.367921967077e-03   2.082294462886e-02  -8.998950164625e-01  -8.945929919788e-05  -9.214840388080e-02  -9.726627666324e-03  -9.240074849591e-02   8.912499042023e-05  -1.602774711471e-01  -2.700248877468e-02  -5.476105317205e-01   1.625154126167e-04  -1.098895748547e-01  -8.226290365315e-03  -3.522260284523e-01   5.750017096067e-05  -6.666154847159e-02   4.408431413706e-04   1.314398575018e-01   1.342517550398e-04   9.749297536073e-02  -1.875694660992e-01  -1.982158626042e-01  -1.471099089542e-01  -7.360019467369e-02  -7.938010604432e-02  -1.802561878478e-01  -5.208021550055e-05  -1.742670476733e-01  -1.981594290300e-01   2.834953657765e-01   2.553384255071e-01  -7.388621006018e-04  -3.997158176923e-01   3.145820032048e-01   1.965869308761e-01  -8.069859992185e-04  -2.939416517327e-01   2.215972405026e-01   2.473718374153e-02  -5.479624054432e-04  -1.237706006905e-01   6.680909274728e-02  -6.625240904632e-02  -1.624639443825e-04  -5.268970212465e-02   1.830596390316e-04   2.072550235703e-02   3.525101189767e-04  -1.342176898361e-01  -2.505250956690e-05   1.121855985748e-06  -1.007298847212e-03  -1.660250588668e-03   1.497672714549e-05  -2.393105814014e-03   7.437599859084e-03  -9.989516675557e-04   1.598953802193e-05  -3.601615364335e-02   1.010251803344e-01  -1.657566917781e-02   4.429698237523e-05  -7.600098050842e-02   1.554126080230e-01  -6.924865261591e-02   7.124189801245e-05  -2.272364513485e-03  -5.722019421719e-06   2.356749082522e-03   5.694786628199e-06  -6.257351873179e-03  -2.522875383053e-05   1.608565912922e-04  -5.168887190168e-03  -6.618366511973e-03   4.628887610731e-03  -1.898271578828e-04  -3.286047849122e-04   6.186879573394e-03  -3.514128979210e-03  -6.952098171758e-02   4.944324872884e-02   1.304582445328e-01  -1.051933523790e-01  -1.419603340670e-01   7.717256439228e-02   1.487496037335e-01  -1.586859230229e-01  -5.231827646016e-03   8.854842484436e-03   1.594320634529e-03   4.952125130135e-03   5.938716699999e-03  -2.537922760281e-05   1.617514803493e-04  -5.166438403052e-03  -6.686111772131e-03  -4.618546592968e-03  -1.807280794783e-04  -3.264632945085e-04   6.213594820000e-03   3.485764207547e-03  -6.972732550409e-02   4.938041819935e-02   1.315005758668e-01   1.046811331754e-01  -1.423223980372e-01   7.706120947716e-02   1.502245370095e-01   1.578542806810e-01  -5.257316945956e-03  -8.844961571391e-03   1.673590461293e-03  -4.925105420436e-03   6.025787265584e-03  -1.172846060973e-06   9.174279095561e-05   3.128177467643e-03  -3.072321120883e-04  -1.144662567095e-06   1.780451824969e-03   2.305451169507e-03  -3.853799064634e-05  -2.426603989075e-06  -1.213610687825e-02  -3.823476182703e-02   4.802254607664e-03  -3.059388891537e-05  -4.616488802589e-02  -1.054121891276e-01  -1.392972396108e-02  -7.054440270444e-05   6.491134080691e-04   1.688271765583e-06   6.455706620065e-04  -3.422194283278e-06  -1.014799261588e-03  -1.581011019646e-04  -1.155994091955e-03  -2.178892809509e-02  -4.242288561727e-02   1.368576048353e-03  -2.894854302691e-04   1.840032485259e-04  -1.514765621977e-04  -1.161422983229e-03  -2.190856188170e-02  -4.258037005230e-02   1.365256416391e-03  -2.922274758811e-04  -1.872151729333e-04
   3.013275945997e-05   1.634031815465e-05  -4.747572152841e-05  -8.963041494415e-05  -9.423913063105e-01   1.753314476335e-04   2.739307310116e-05   8.912499042023e-05  -4.347662293464e-02   3.097556589565e-04   6.659877745576e-05   1.625507600656e-04  -4.630454573486e-01   2.138962244926e-04   2.168755811226e-05   5.731105549511e-05  -3.220710931112e-01   1.330677146230e-04  -1.031541770301e-01   9.097215789043e-05  -3.631708873528e-03   9.790719852569e-07   3.015272692733e-04   3.351347919014e-04   2.634306634639e-04   1.373138777584e-04   1.341767644786e-04  -5.971949914957e-05  -2.134117363112e-01   3.495187842987e-04   3.976023406189e-04  -5.692341387416e-04  -7.437733703574e-04  -1.150158857486e-01   8.024603025991e-04  -6.300831058187e-04  -8.101806571806e-04  -2.077806465461e-01   5.872161425661e-04  -4.381510406596e-04  -5.447615033576e-04  -2.487104813308e-01   2.454780854899e-04  -1.300697576220e-04  -1.598322829068e-04  -1.467345713569e-01   3.461436124272e-04   1.838695638258e-01  -7.118950331692e-04   1.315082800382e-01  -9.283190647992e-05  -3.473485562274e-08   2.175554351734e-07  -1.375814823513e-05   1.276058233020e-05   4.490164541585e-03   5.873095652303e-06  -1.103313254302e-05   1.324003690530e-05   2.462655032948e-03   1.217535734754e-05  -4.760715457697e-05   7.365759579737e-07  -3.744060800557e-02   5.518185602038e-05  -1.225152952264e-04  -7.687482758310e-06  -9.998007849601e-02   4.996149165735e-06   9.370165081465e-04   4.228365403411e-06   3.638074659867e-03  -3.700025500916e-06   1.572467765694e-05  -1.685822465672e-04   1.180566672009e-03   7.930458814414e-03  -2.843750703653e-03  -1.974736709340e-03  -1.629008483287e-03  -3.889404330944e-04   7.140778116965e-04   3.553803069124e-02  -2.644155390450e-02  -8.098054926139e-02   1.766350507598e-02   6.321261501813e-02  -3.688451120873e-02  -1.069256967847e-01  -3.006875246095e-02   2.846373349348e-03  -4.576284451575e-03  -2.298805214525e-03  -1.395503710845e-03  -4.820466902284e-03  -1.564828859887e-05   1.676848971600e-04  -1.143465799979e-03  -7.914129087427e-03  -2.772786919287e-03   1.971755271576e-03   1.633355346949e-03   3.661784490536e-04   7.066880387059e-04  -3.521516627646e-02   2.610823332720e-02   8.049919938448e-02   1.678162522635e-02  -6.256229184628e-02   3.639834719684e-02   1.061643282119e-01  -3.131286101787e-02  -2.816244617275e-03  -4.491193577992e-03   2.331680026564e-03  -1.352053944530e-03   4.824023622054e-03  -4.277945327281e-08  -1.771277630955e-07  -8.070576912927e-06   9.609908134201e-08   7.074372577689e-04  -2.761827125602e-06  -7.243992681689e-06  -1.100002957336e-06   5.208182513760e-04   2.098845001487e-05   6.311411515159e-05  -3.078922005546e-05  -1.207596141406e-02   8.181286800744e-05   1.858591151810e-04  -7.540076902508e-05  -5.606938371711e-02  -2.227716206189e-06   5.085785243228e-04  -4.367170280383e-06  -6.827025124943e-04  -4.813277858130e-07  -6.681734593403e-04   2.836664953946e-04   8.958953624356e-03   1.242504418393e-02   2.227405334492e-04   5.206597096249e-05  -1.320456567805e-04   6.660181161163e-04  -2.807399135785e-04  -8.858482836458e-03  -1.223048684661e-02  -2.318921482071e-04  -5.440555987433e-05  -1.294776800199e-04
  -3.539385812706e+00  -3.328228560508e+00   5.647085287913e-03  -1.788932714387e-02   3.430978295993e-05  -2.544099458932e+00   6.601911390900e-03  -1.602774711471e-01   3.097556589565e-04  -1.733791390184e+00  -6.594024908302e-02  -3.049874837051e-01   5.944162496142e-04  -1.121582817713e+00  -6.742878421844e-02  -2.002905962759e-01   3.910734391309e-04  -4.890116223904e-02   2.757768661881e-04   1.039192643213e-01   1.193230132941e-04  -3.819078469306e-02  -5.182747824819e-01  -9.316034995606e-01  -9.314650286041e-01  -6.405613187611e-01  -7.901760318299e-01   2.557728615924e-01  -3.941039301100e-04  -6.499055137783e-01  -6.246726410758e-01   1.827211727716e-01   2.406138935431e-01  -4.834213023770e-04  -7.857168513674e-01   4.187593689955e-01   5.427023300451e-01  -1.097171485263e-03  -9.269097194876e-01   5.981473508524e-01   7.334360116384e-01  -1.484083797620e-03  -6.854431163410e-01   3.275471711835e-01   3.869877087454e-01  -7.822650541868e-04  -4.417304313224e-01   1.168256943561e-03   2.713107606343e-01   8.835262398584e-04   1.092414378114e-01  -5.970372105463e-02  -5.685606808473e-02   4.495899752688e-02   1.525677401398e-02   2.585996397989e-06  -9.686503850003e-02   9.016426303326e-02   2.072578432214e-02   3.271023008403e-05  -1.934057106889e-01   3.262000005958e-01   2.253926689094e-02   2.636602430590e-04  -4.028807475782e-01   7.031509850084e-01   1.080093011854e-01   3.955343105597e-04  -6.659499945067e-03   1.157594914868e-07   1.683068833264e-02  -3.772922673820e-05  -2.664355052387e-02  -4.703773157857e-02  -4.482010647934e-02   1.234899501958e-02   3.398844052656e-02  -1.935078846759e-02  -8.060795794729e-02   1.955630580271e-02   6.624848109502e-02  -4.366867936101e-02  -1.726835074182e-01   4.129588968350e-02   2.329259354153e-01  -1.923857516878e-01  -3.876150492537e-01   1.473292227481e-01   5.560083499053e-01  -4.085679371260e-01  -7.068970243338e-03   2.298200711166e-02  -8.169652166627e-04   4.555436249463e-03   1.442391440827e-02  -4.704771265062e-02  -4.482964192587e-02   1.231019651748e-02   3.410212253778e-02   1.919207658034e-02  -8.062226859492e-02   1.946761935879e-02   6.649825374057e-02   4.334804766575e-02  -1.727048712384e-01   4.091350283457e-02   2.340115950014e-01   1.911971275664e-01  -3.876632079448e-01   1.465311739384e-01   5.583237427585e-01   4.058012215529e-01  -7.046892856526e-03  -2.292483288984e-02  -6.139187060995e-04  -4.483779286201e-03   1.456061341342e-02  -5.148689030998e-03  -5.045725556511e-03  -9.894893769195e-03   3.597818677078e-03  -4.027691256740e-06  -1.696809400745e-02  -2.286909948838e-02   8.624755091289e-03  -1.194221230280e-05  -5.184863570130e-02  -1.039785183939e-01   4.066729488269e-02  -6.699054135166e-05  -1.944338844457e-01  -4.168842938015e-01   1.461421405323e-01  -2.441507986878e-04   5.501283681837e-03   4.396985020873e-06   4.972239773117e-03  -7.361677615914e-06  -6.225098350422e-03  -7.994389047737e-04  -9.345716626706e-03  -6.926140033171e-02  -2.138644490234e-01  -5.661587320542e-03   3.105147951828e-03  -1.864566987476e-03  -8.037894618509e-04  -9.360978628035e-03  -6.935236747765e-02  -2.140162307466e-01  -5.662493367163e-03   3.131132911454e-03   1.853217594572e-03
   7.373024518362e-04   5.496656161009e-04  -7.793625687353e-01   1.533884670040e-02  -3.160642828392e-05   6.355767017689e-03  -5.821801342522e-01  -2.700248877468e-02   6.659877745576e-05  -6.594024908302e-02  -4.114371501043e-01  -1.777737920094e-01   3.706980873734e-04  -1.187363094027e-01  -3.700053408703e-01  -1.520358755676e-01   3.057777670112e-04  -1.983182415695e-01   1.391591464104e-04  -1.039023861529e-02   3.725595038123e-04   8.382745594347e-02   4.074711882635e-01   2.511891666525e-01   7.201497507809e-02  -2.634545783775e-02   1.167572714525e-01  -2.490797700000e-02   2.046857681306e-05  -9.440776616580e-01  -8.900357625631e-01  -1.854924279230e-02   2.425166680262e-01  -4.919634958040e-04  -6.981771130775e-01  -1.073715242328e-01   2.006097878621e-01  -4.217105566523e-04  -4.465533899868e-01  -2.092572497013e-01   6.722858377562e-02  -1.497986436360e-04  -1.995158961556e-01  -1.582815552220e-01   1.719745824562e-02  -3.849667020558e-05   2.667483750425e-02   2.937945516819e-04   4.072673146366e-02  -1.875447107155e-04   2.053785310615e-02  -2.280726164145e-01  -2.170350458128e-01   1.314468436708e-01   5.215733237796e-02   1.487807401135e-05  -2.978116702728e-01   2.021649185129e-01   5.638159651244e-02   9.063408566656e-05  -3.450465298456e-01   3.439881940342e-01  -1.320028263384e-02   4.539278985672e-04  -3.226723339344e-01   2.742100943216e-01  -4.124343618730e-02   4.897664954091e-04  -7.125591065666e-03   2.489413177193e-06   3.026897819079e-02  -1.005887837406e-04  -4.754475304181e-02  -5.470259126683e-02  -5.204002434224e-02  -9.699321687128e-03   3.448816916241e-02  -2.019249886191e-02  -7.638061654301e-02  -2.053881742167e-02   5.837314265442e-02  -4.020965341872e-02  -1.374054626943e-01  -6.627044473130e-02   1.649038289679e-01  -1.647170227662e-01  -1.871715184984e-01  -1.369864492706e-01   1.797475605777e-01  -1.990456497861e-01   8.993025176804e-03   2.069674696806e-02  -3.589625065151e-03  -5.968749606228e-03   1.659573153088e-02  -5.451737563447e-02  -5.186363782539e-02  -9.785738983365e-03   3.447615209811e-02   1.995778738992e-02  -7.612694786546e-02  -2.067985946040e-02   5.840991293334e-02   3.980249917018e-02  -1.371407994901e-01  -6.667394604988e-02   1.655903151733e-01   1.636415613673e-01  -1.869633792436e-01  -1.375112447604e-01   1.806578074990e-01   1.978876471172e-01   9.086675994271e-03  -2.058957394896e-02  -3.390323742805e-03   5.969089798859e-03   1.666182468189e-02   2.370416715831e-02   2.316659482453e-02   3.283539698193e-02  -1.477081041804e-02   2.239681553100e-05   5.840455845966e-02   6.126955402616e-02  -2.765994780973e-02   4.287180159132e-05   9.413710708259e-02   1.163704729183e-01  -5.348846957558e-02   8.629811246765e-05   1.023804049481e-01   7.889640741105e-02  -5.605924943927e-02   9.570170912450e-05  -1.399956230726e-02  -1.192030744911e-05  -1.149119274682e-02   1.850704441679e-05   1.331490728476e-02   3.437699366904e-03   2.501578489054e-02   6.113835087267e-02   3.992602791803e-02   1.686883824504e-02  -1.145867641201e-02   7.137000691222e-03   3.443395247062e-03   2.502949493479e-02   6.113427204775e-02   3.984820576623e-02   1.685156274235e-02  -1.154525801133e-02  -7.079326172964e-03
  -6.326306251131e-03  -2.461694122526e-03   1.552247235976e-02  -7.839081886463e-01  -4.995932099382e-05  -7.613820993697e-02  -2.693058604825e-02  -5.476105317205e-01   1.625507600656e-04  -3.049874837051e-01  -1.777737920094e-01  -4.019791661493e-01   6.290611552897e-04  -3.520550878043e-01  -1.522322006344e-01  -3.833738877058e-01   4.944733666562e-04  -7.252702627116e-02   3.860782935886e-04   1.133167362738e-01   1.377551327942e-04   7.338036172310e-02  -1.476128685916e-01  -1.695463832913e-01  -2.709355308459e-01  -2.370251985343e-01  -8.462384293464e-02  -3.663864136834e-02  -2.049905791377e-05  -1.232714956281e+00  -1.162266640032e+00   2.463399989455e-01   1.107952379892e-01  -6.456229179786e-04  -9.179578591613e-01   2.183829728590e-01   2.141873379505e-02  -5.624500225707e-04  -6.522706433444e-01   1.489037890019e-01  -4.849818099651e-02  -3.347979482040e-04  -3.628975337852e-01   8.274741452563e-02  -3.960104269559e-02  -1.739271350683e-04  -3.896266761502e-02  -8.836441783734e-05   1.356875883227e-03   2.848486126057e-04  -2.984303271463e-02  -7.127473519039e-02  -6.776580012107e-02   4.966925701128e-02  -1.099677542182e-02   9.540919297179e-06  -9.642751060438e-02   8.842325315565e-02  -2.649983267599e-02   4.579847604943e-05  -1.789371847611e-01   3.050229226307e-01  -1.015948591796e-01   3.779064808536e-04  -2.739463018320e-01   4.065205460559e-01  -1.443725451095e-01   5.183695788466e-04   1.553021944037e-02   7.084819488349e-06   1.326718313614e-02  -3.899882738558e-05  -2.982279213326e-02  -1.602112567859e-01  -1.524850693200e-01   3.552764562383e-02   8.100144658821e-02  -5.815295235319e-02  -2.197515228061e-01   4.606468909929e-02   1.254153997485e-01  -1.066726247340e-01  -3.033613445515e-01   3.020346520257e-02   2.436993668579e-01  -2.973389341254e-01  -3.607852619243e-01   3.191553519656e-02   2.498553994667e-01  -3.519919201938e-01  -1.079042128080e-02   4.504335731053e-02  -1.272321217348e-02   1.020709750492e-02   1.860045210857e-02  -1.607577525010e-01  -1.530051852028e-01   3.552752671133e-02   8.165549051473e-02   5.784746628439e-02  -2.204763751125e-01   4.599580328983e-02   1.264990139702e-01   1.061913117153e-01  -3.040949763513e-01   2.970217113560e-02   2.458908618481e-01   2.961147880663e-01  -3.612796310113e-01   3.128874228870e-02   2.521319029554e-01   3.503649524053e-01  -1.079617098801e-02  -4.516565148764e-02  -1.227799356890e-02  -1.006816322087e-02   1.896875263898e-02  -9.444243671068e-03  -9.205630417803e-03  -1.570210729696e-02   8.223900893408e-04  -9.888441933807e-07  -2.294939818262e-02  -2.924891401221e-02   8.046033703113e-04  -7.850340576746e-06  -3.812436745782e-02  -5.876727068716e-02  -1.344063551686e-03  -3.123977830613e-05  -7.667123658464e-02  -1.578251488487e-01  -1.161669523766e-02  -5.492712335795e-05   8.893587529429e-04  -1.273623266776e-06   4.584303053943e-03  -8.009392859133e-06  -9.578992477447e-03  -2.554872442913e-03  -1.315133682106e-02  -4.000169814712e-02  -9.472424369336e-02  -9.900330116494e-03   3.498575119512e-03  -4.034211803704e-03  -2.583169758262e-03  -1.322900613907e-02  -4.019032953385e-02  -9.497665258001e-02  -9.935756297830e-03   3.575752086506e-03   4.034914600978e-03
