ARMA_MAT_TXT_FN008
153 153
  -4.095489602497e+01  -4.219686493523e+01  -7.749254628336e-02  -1.982915154133e-01   3.852720153026e-04  -1.533928248388e+01  -3.529450152848e-02  -9.031318637023e-02   1.754746964678e-04  -6.697899815145e+00  -1.027396259545e-02  -2.628944365712e-02   5.107927753725e-05  -3.028869429339e+00  -2.852431549357e-03  -7.298910508112e-03   1.418147497197e-05  -7.309371575522e-03   2.721092851970e-05   8.354447583538e-03   1.517295083674e-05  -5.781971392268e-04  -4.967535382457e-01  -2.724445481209e+00  -2.469152394208e+00  -1.428116471712e+00  -3.621882413559e+00   1.268336874829e+00  -2.005820177995e-03  -1.017804784641e-03   1.022983694375e-05   2.996037639764e-02   3.907811852822e-02  -7.839126197793e-05  -6.002446617799e-01   1.184788424322e+00   1.545587026964e+00  -3.100352020851e-03  -1.831586610684e+00   2.088702034641e+00   2.724651367292e+00  -5.465460244482e-03  -1.419567699510e+00   9.013150871488e-01   1.175694404463e+00  -2.358361899777e-03  -2.077304343770e+00   5.436144377484e-03   1.242011828964e+00   4.166948179253e-03   5.587907609539e-01   0.000000000000e+00   0.000000000000e+00   0.000000000000e+00   0.000000000000e+00   0.000000000000e+00  -3.407486734253e-06   2.138381173778e-05   6.635132755494e-06   2.995857123739e-09  -4.590967155087e-02   1.932616842709e-01   6.014911025104e-02   2.655789433415e-05  -6.120285820654e-01   1.544470399889e+00   4.809478548321e-01   2.114757716013e-04   0.000000000000e+00   0.000000000000e+00   0.000000000000e+00   0.000000000000e+00   0.000000000000e+00   0.000000000000e+00   0.000000000000e+00   0.000000000000e+00   0.000000000000e+00   0.000000000000e+00  -1.486251594103e-06   2.827265756161e-06   8.299645966974e-06  -4.868892047967e-06  -3.427202222564e-02   4.385848835922e-02   1.285224870099e-01  -7.528566245842e-02  -5.530371640793e-01   4.246321923186e-01   1.243985845532e+00  -7.284822400595e-01   0.000000000000e+00   0.000000000000e+00   0.000000000000e+00   0.000000000000e+00   0.000000000000e+00   0.000000000000e+00   0.000000000000e+00   0.000000000000e+00   0.000000000000e+00   0.000000000000e+00  -1.487374275564e-06   2.819174882805e-06   8.332570232676e-06   4.832343192394e-06  -3.428115653239e-02   4.371202892420e-02   1.289685543791e-01   7.468319543778e-02  -5.530882239524e-01   4.231410816274e-01   1.248084424355e+00   7.225250813605e-01   0.000000000000e+00   0.000000000000e+00   0.000000000000e+00   0.000000000000e+00   0.000000000000e+00   0.000000000000e+00   0.000000000000e+00   0.000000000000e+00   0.000000000000e+00   0.000000000000e+00   0.000000000000e+00   0.000000000000e+00   0.000000000000e+00   0.000000000000e+00  -9.554483400394e-03  -4.445303944438e-02   1.760176805598e-02  -2.976273144137e-05  -3.276139500351e-01  -9.026784803357e-01   3.574640907309e-01  -6.044378359446e-04   0.000000000000e+00   0.000000000000e+00   0.000000000000e+00   0.000000000000e+00   0.000000000000e+00   0.000000000000e+00  -5.821867481986e-05  -7.257075877001e-02  -4.098350516724e-01   0.000000000000e+00   0.000000000000e+00   0.000000000000e+00   0.000000000000e+00  -5.847744344137e-05  -7.267716510819e-02  -4.100476965969e-01   0.000000000000e+00   0.000000000000e+00   0.000000000000e+00
  -4.219686493523e+01  -3.869992037051e+01  -9.190370063309e-02  -2.351674444713e-01   4.569203834853e-04  -1.583998192057e+01  -2.690299738512e-02  -6.884064096322e-02   1.337544492253e-04  -6.851962397839e+00  -6.435872848904e-03  -1.646842519131e-02   3.199745189865e-05  -3.080833526744e+00  -1.680162543217e-03  -4.299285678347e-03   8.353329618994e-06  -3.030371812952e-03   1.128131241225e-05   3.463651782183e-03   6.290512187820e-06  -2.397162267280e-04  -4.810429198916e-01  -2.773488596633e+00  -2.511019832349e+00  -1.449614081690e+00  -3.707688542598e+00   1.302207150919e+00  -2.060594244618e-03  -4.238830117100e-04   2.771326771355e-05   2.175285064270e-02   2.839225758666e-02  -5.695086263970e-05  -5.966098867469e-01   1.196168993346e+00   1.561040617535e+00  -3.131249480207e-03  -1.858659708471e+00   2.128713547318e+00   2.777973526883e+00  -5.572263365882e-03  -1.440488034024e+00   9.161707152414e-01   1.195599342619e+00  -2.398220473005e-03  -2.111632903721e+00   5.527742748716e-03   1.262620344423e+00   4.235670178420e-03   5.688454243502e-01   0.000000000000e+00   0.000000000000e+00   0.000000000000e+00   0.000000000000e+00   0.000000000000e+00  -6.441149195261e-07   4.893450601291e-06   1.528408453778e-06   6.589903821543e-10  -4.466302876295e-02   1.905782746579e-01   5.942964175407e-02   2.590089636267e-05  -6.192127914637e-01   1.567692023040e+00   4.888641956595e-01   2.130317528529e-04   2.525018494601e-08   3.580763961502e-12  -2.584310739745e-08   1.173144277852e-11   3.694183888408e-08   0.000000000000e+00   0.000000000000e+00   0.000000000000e+00   0.000000000000e+00   0.000000000000e+00  -2.329347451304e-07   5.447113454558e-07   1.594650244020e-06  -9.324868351959e-07  -3.316194964745e-02   4.307583335003e-02   1.261782494339e-01  -7.384784910845e-02  -5.591092705849e-01   4.309208209863e-01   1.262210503983e+00  -7.387212269171e-01   8.111791499849e-09  -1.402705892439e-08  -2.925179243828e-09  -4.764366718607e-09  -1.055456220354e-08   0.000000000000e+00   0.000000000000e+00   0.000000000000e+00   0.000000000000e+00   0.000000000000e+00  -2.331473578760e-07   5.432427005332e-07   1.601194220284e-06   9.256026331055e-07  -3.317084140511e-02   4.293222332733e-02   1.266159957713e-01   7.325655426306e-02  -5.591607090116e-01   4.294085842552e-01   1.266366349570e+00   7.326772199018e-01   8.115675392666e-09   1.396881365032e-08  -3.044704248461e-09   4.712175248059e-09  -1.065104293230e-08   0.000000000000e+00   0.000000000000e+00   0.000000000000e+00   0.000000000000e+00   0.000000000000e+00   1.177691502094e-09   7.922837507088e-09  -3.135302162149e-09   5.302365526249e-12  -9.269285238928e-03  -4.360432235389e-02   1.728732699577e-02  -2.923555353968e-05  -3.315104364273e-01  -9.155184105820e-01   3.629406635030e-01  -6.137834252983e-04   0.000000000000e+00   0.000000000000e+00   0.000000000000e+00   0.000000000000e+00   0.000000000000e+00   0.000000000000e+00  -5.012488909826e-05  -7.301470801788e-02  -4.154224977257e-01   0.000000000000e+00   0.000000000000e+00   0.000000000000e+00   0.000000000000e+00  -5.035199384044e-05  -7.312177135824e-02  -4.156375946906e-01   0.000000000000e+00   0.000000000000e+00   0.000000000000e+00
  -7.749254628336e-02  -9.190370063309e-02  -1.911433098509e+01  -4.300706103140e-02   8.927499150502e-05  -2.496219363734e-01  -1.241002796942e+01  -4.655698582912e-02   9.664347061192e-05  -1.514038805245e-01  -4.217315688804e+00  -1.838504965522e-02   3.816256357191e-05  -7.554434394441e-02  -1.234083966821e+00  -5.602655492781e-03   1.162934000239e-05  -4.003513173844e-01   4.270518429956e-05   8.857905579196e-02   7.721344544990e-04  -1.339214895777e-01   1.453768867405e+00   1.919716444207e+00   5.555356730828e-01   9.354224752323e-02   3.695332627046e+00  -1.779339049020e+00   2.805844787684e-03  -9.981979423737e-03  -1.275441685611e-03   1.279747200675e-01   2.162885554050e-01  -4.339318292128e-04  -6.647051150624e-01   5.781904201699e-01   1.539338582951e+00  -3.088268747265e-03  -6.167496302581e-01  -2.953387133151e-01   8.782715465919e-01  -1.761780914261e-03  -1.750924144463e-01  -3.212632292495e-01   1.409489858959e-01  -2.826383524041e-04  -1.447129289447e+00   6.463854187876e-03   1.023200725290e+00   2.903100346571e-03   1.449542282985e+00   0.000000000000e+00   0.000000000000e+00   0.000000000000e+00   0.000000000000e+00   0.000000000000e+00  -9.726720229356e-05   5.378287462692e-04   1.729501454539e-04   8.130211644296e-08  -1.003606466093e-01   3.505015124865e-01   1.216478725595e-01   5.738680019268e-05  -3.893281442308e-01   6.668546471287e-01   2.943499086049e-01   1.397658470703e-04  -2.932136013892e-05  -4.303359062610e-09   2.922627324548e-05  -1.367857166799e-08  -4.125182092733e-05   0.000000000000e+00   0.000000000000e+00   0.000000000000e+00   0.000000000000e+00   0.000000000000e+00  -1.409350650814e-05   1.384376225770e-05   7.239199405996e-05  -4.264479442074e-05  -2.439868301927e-02  -5.011968290132e-03   8.528654065214e-02  -5.027683868845e-02  -1.188206712021e-01  -1.755750253473e-01   2.588438503939e-01  -1.528599262629e-01  -1.991808004800e-06   5.198619722108e-06   8.790798661336e-07   1.171490819593e-06   4.249566782688e-06   0.000000000000e+00   0.000000000000e+00   0.000000000000e+00   0.000000000000e+00   0.000000000000e+00  -1.405374345821e-05   1.367749254376e-05   7.242024004648e-05   4.217481336730e-05  -2.432227144628e-02  -5.217258738285e-03   8.529305810104e-02   4.970740952338e-02  -1.184612900808e-01  -1.761883773513e-01   2.588909332492e-01   1.511466368006e-01  -1.978410709263e-06  -5.158767451105e-06   9.199188353339e-07  -1.150324713839e-06   4.270395723595e-06   0.000000000000e+00   0.000000000000e+00   0.000000000000e+00   0.000000000000e+00   0.000000000000e+00   1.100002699974e-06   7.139690554523e-06  -2.920097622360e-06   4.938824962426e-09   2.052604993819e-02   8.197536261195e-02  -3.569185051576e-02   6.032813072713e-05   1.857240690238e-01   3.626879551666e-01  -1.980920243385e-01   3.349347274125e-04   0.000000000000e+00   0.000000000000e+00   0.000000000000e+00   0.000000000000e+00   0.000000000000e+00   0.000000000000e+00   2.523370399445e-04   5.761346933111e-02   1.034358922598e-01   0.000000000000e+00   0.000000000000e+00   0.000000000000e+00   0.000000000000e+00   2.531250612088e-04   5.763148063373e-02   1.033637881825e-01   0.000000000000e+00   0.000000000000e+00   0.000000000000e+00
  -1.982915154133e-01  -2.351674444713e-01  -4.300706103140e-02  -1.910752691787e+01   1.601044079634e-04  -6.387416783863e-01  -4.655698582912e-02  -1.240266512935e+01   1.733152517976e-04  -3.874060827761e-01  -1.838504965522e-02  -4.214415189462e+00   6.842964844898e-05  -1.932947733638e-01  -5.602655492781e-03  -1.233201733312e+00   2.085053598653e-05  -1.682148391932e-01   7.803648161355e-04   2.315922365123e-01   4.270518429956e-05   3.756118455473e-01  -5.440960912471e-01  -8.520826846775e-01  -3.718554436450e-01  -1.392719435974e-01  -2.022429688589e+00  -7.735039589422e-01  -1.079878898802e-03  -1.306818586282e-02  -1.664917221115e-03   2.176266161116e-01   2.456468398745e-01  -5.689306315946e-04  -8.840641179481e-01   1.573591647688e+00   1.446091030598e+00  -4.108692190023e-03  -8.593045867025e-01   9.412316381267e-01   2.582692448006e-01  -2.454263507328e-03  -2.735534443497e-01   1.696926984141e-01  -2.070763290995e-01  -4.413932532093e-04  -2.491261783143e+00   6.505384291493e-03   1.367659636114e+00   6.575753274212e-03  -1.499372160171e-01   0.000000000000e+00   0.000000000000e+00   0.000000000000e+00   0.000000000000e+00   0.000000000000e+00  -3.125757070352e-05   1.803198867213e-04   3.255563653895e-05   2.679634152998e-08  -3.476036722336e-02   1.367777207977e-01  -2.339268636894e-03   2.063975142455e-05  -1.581714710204e-01   3.881356883850e-01  -1.703048052313e-01   6.047664846347e-05  -6.535390211455e-06  -9.434902427915e-10   9.307303100577e-06  -4.581094233772e-09  -1.504909791561e-05   0.000000000000e+00   0.000000000000e+00   0.000000000000e+00   0.000000000000e+00   0.000000000000e+00  -4.081852345128e-05   7.121451244790e-05   1.990170952537e-04  -1.233913671571e-04  -7.012685438059e-02   8.348772168521e-02   2.115968660618e-01  -1.444566344113e-01  -3.386941521762e-01   2.515742385290e-01   4.776372970188e-01  -4.356868841325e-01  -8.380396266367e-06   1.450715978265e-05   2.560900334987e-06   5.124627455942e-06   1.035143484257e-05   0.000000000000e+00   0.000000000000e+00   0.000000000000e+00   0.000000000000e+00   0.000000000000e+00  -4.097599195756e-05   7.122954729346e-05   2.004959445596e-04   1.228467170724e-04  -7.035899537209e-02   8.346040946306e-02   2.131935155393e-01   1.437410422035e-01  -3.396842579907e-01   2.513954000505e-01   4.821683122568e-01   4.333644770224e-01  -8.413174939931e-06  -1.449651325626e-05   2.697557579040e-06  -5.084557837801e-06   1.048745107760e-05   0.000000000000e+00   0.000000000000e+00   0.000000000000e+00   0.000000000000e+00   0.000000000000e+00  -4.412061423897e-07  -2.961172063269e-06   9.333625625727e-07  -1.981038245154e-09  -8.903639455805e-03  -3.935356683233e-02   6.949824372929e-03  -2.609669951655e-05  -9.787854809046e-02  -2.654517685003e-01  -3.472205295361e-02  -1.743615021279e-04   0.000000000000e+00   0.000000000000e+00   0.000000000000e+00   0.000000000000e+00   0.000000000000e+00   0.000000000000e+00  -1.447684471798e-04  -3.744159723137e-02  -8.950690734521e-02   0.000000000000e+00   0.000000000000e+00   0.000000000000e+00   0.000000000000e+00  -1.461365841711e-04  -3.767265323004e-02  -8.989192077753e-02   0.000000000000e+00   0.000000000000e+00   0.000000000000e+00
   3.852720153026e-04   4.569203834853e-04   8.927499150502e-05   1.601044079634e-04  -1.902578801776e+01   1.241048133928e-03   9.664347061192e-05   1.733152517976e-04  -1.231418170439e+01   7.527141826327e-04   3.816256357191e-05   6.842964844898e-05  -4.179479669297e+00   3.755640615258e-04   1.162934000239e-05   2.085053598653e-05  -1.222556911572e+00   4.270518429956e-05  -3.748336426539e-01   8.168725295384e-04  -1.487129036527e-01  -4.115180818208e-06   8.714636069295e-04   1.404871209050e-03   6.445702872150e-04   2.541517015135e-04   3.267332039181e-03  -1.106860126727e-03  -1.460301860687e+00   2.620383769321e-05   3.339459350595e-06  -4.363219542614e-04  -5.685470586213e-04  -3.792893527075e-02   1.770743817878e-03  -3.151639690076e-03  -4.101727558848e-03  -6.017464645197e-01   1.716241603311e-03  -1.879493615672e-03  -2.443069882126e-03  -9.648776851363e-01   5.428237175916e-04  -3.365372531406e-04  -4.364899057623e-04  -4.270136399900e-01   6.566367222971e-03   1.023486026636e+00  -6.294900097682e-03   7.861387822861e-01  -1.750506584193e-03   0.000000000000e+00   0.000000000000e+00   0.000000000000e+00   0.000000000000e+00   0.000000000000e+00  -1.078828725982e-08   6.182233211436e-08   1.971895464590e-08  -2.283199362266e-05  -5.149342650686e-06   2.027548183211e-05   7.009789149462e-06  -4.419373636534e-02   3.330148318680e-05  -8.017323371826e-05  -2.085546904182e-05  -2.882365229032e-01  -3.703562402917e-09   9.462375324844e-07   4.216635609258e-09   3.059268142020e-06  -5.266227255719e-09   0.000000000000e+00   0.000000000000e+00   0.000000000000e+00   0.000000000000e+00   0.000000000000e+00   2.355945982321e-05  -4.115072711800e-05  -1.210324942617e-04   6.046073030387e-05   3.913931516902e-02  -4.669131693757e-02  -1.370366921512e-01   4.675129744359e-02   1.752668412226e-01  -1.307750861909e-01  -3.834578888500e-01  -3.644273490472e-02   5.064990077267e-06  -7.748183813728e-06  -2.509424486498e-06  -2.632879434490e-06  -6.587140936393e-06   0.000000000000e+00   0.000000000000e+00   0.000000000000e+00   0.000000000000e+00   0.000000000000e+00  -2.337868521919e-05   4.068711988858e-05   1.204898443252e-04   5.932484910349e-05  -3.881280589475e-02   4.613483429777e-02   1.363308556876e-01   4.541163438505e-02  -1.736805156982e-01   1.291274028902e-01   3.812144535274e-01  -4.034866316371e-02  -5.025228499676e-06  -7.634991322486e-06   2.563181164889e-06  -2.576725291381e-06   6.591943974943e-06   0.000000000000e+00   0.000000000000e+00   0.000000000000e+00   0.000000000000e+00   0.000000000000e+00   7.466628357160e-10   5.011790333044e-09  -1.982423706457e-09  -2.379614678534e-07   1.521807828031e-05   6.728823833053e-05  -2.640099591782e-05  -8.498211071550e-03   1.707977404088e-04   4.634908347725e-04  -1.801657742660e-04  -1.380569217451e-01   0.000000000000e+00   0.000000000000e+00   0.000000000000e+00   0.000000000000e+00   0.000000000000e+00   0.000000000000e+00   6.904033018688e-05   1.617990514986e-02   3.104823052545e-02   0.000000000000e+00   0.000000000000e+00   0.000000000000e+00   0.000000000000e+00  -6.856644963697e-05  -1.601059699914e-02  -3.062611255487e-02   0.000000000000e+00   0.000000000000e+00   0.000000000000e+00
  -1.533928248388e+01  -1.583998192057e+01  -2.496219363734e-01  -6.387416783863e-01   1.241048133928e-03  -2.205777594697e+01  -4.087494269308e-01  -1.043382030950e+00   2.027357485191e-03  -1.538369483547e+01  -2.587831506966e-01  -6.503653296781e-01   1.264135693157e-03  -8.358860856264e+00  -9.745129815330e-02  -2.421181340201e-01   4.707292548628e-04  -1.595361781482e-01   5.922451788594e-04   1.815428537226e-01   3.309766774501e-04  -1.210579014371e-02  -2.979675435690e+00  -7.298645697915e+00  -6.854133895596e+00  -4.198050426918e+00  -8.259777669937e+00   2.687833254641e+00  -4.188838784553e-03  -1.688434636685e-01  -1.581085223994e-01   7.692571665056e-01   9.992183430108e-01  -2.006239366185e-03  -2.755208211207e+00   3.775610926341e+00   4.889068067787e+00  -9.815712207423e-03  -5.390216208001e+00   5.368581588016e+00   6.931880349290e+00  -1.391620297341e-02  -4.206903556675e+00   2.534199919858e+00   3.267763590145e+00  -6.560164734947e-03  -5.413476160351e+00   1.408597620856e-02   3.234647506062e+00   1.086808860577e-02   1.413495305222e+00  -2.500062901006e-05  -1.342860747780e-05   3.055963342331e-04   9.255567554103e-05   4.903689944369e-08  -5.010532062406e-03   1.785019649197e-02   5.171579423416e-03   3.502010481354e-06  -3.224600255441e-01   1.051121123276e+00   3.081547477600e-01   1.944546225191e-04  -1.970358354367e+00   4.515890695493e+00   1.347055815968e+00   7.647935446077e-04  -4.091407795999e-03  -6.673150409891e-07   4.401757658251e-03  -2.665632867518e-06  -6.389541656475e-03  -1.202440343512e-05  -6.026718951846e-06   4.673225111459e-05   1.386888879005e-04  -8.222178414038e-05  -3.168728829426e-03   3.284513589785e-03   9.977144696898e-03  -6.036569348006e-03  -2.614417217245e-01   2.506426486099e-01   7.511366483531e-01  -4.519145123657e-01  -1.813279172696e+00   1.242122180232e+00   3.670369555600e+00  -2.188953996244e+00  -2.117285965009e-03   3.841806647690e-03   7.068594619000e-04   1.262915318456e-03   2.838578046046e-03  -1.203255709706e-05  -6.031141366692e-06   4.658941110336e-05   1.392265681006e-04   8.160030953718e-05  -3.170158862701e-03   3.273377508056e-03   1.001468228164e-02   5.990647981641e-03  -2.615023477591e-01   2.497560867698e-01   7.537842725298e-01   4.483630593060e-01  -1.813456498151e+00   1.237655106829e+00   3.682699653840e+00   2.171330161049e+00  -2.117238065044e-03  -3.825324648215e-03   7.394070160453e-04  -1.248456758648e-03   2.863755336343e-03   0.000000000000e+00   1.094023161340e-09  -1.020552678044e-06   4.030764515765e-07  -6.809541634445e-10  -1.377209865974e-04  -6.104451229974e-04   2.396171752596e-04  -4.050724028660e-07  -7.168471876019e-02  -2.720229901753e-01   1.053964094000e-01  -1.778468722965e-04  -1.052808537890e+00  -2.710348792049e+00   1.044092295070e+00  -1.759317692454e-03   1.365250135671e-04   9.078182159756e-08   1.157279763026e-04  -2.307744367214e-07  -1.467193528350e-04   0.000000000000e+00  -1.716345260255e-03  -2.712326345590e-01  -1.255379094322e+00  -1.865702772817e-05   1.022453675164e-05  -5.163182791348e-06   0.000000000000e+00  -1.722564706170e-03  -2.716249193241e-01  -1.256062775109e+00  -1.874734954646e-05   1.034150427251e-05   5.138653818001e-06
  -3.529450152848e-02  -2.690299738512e-02  -1.241002796942e+01  -4.655698582912e-02   9.664347061192e-05  -4.087494269308e-01  -1.722348492295e+01  -1.692933317688e-01   3.508320771745e-04  -4.871122591598e-01  -1.057569402937e+01  -1.685121170104e-01   3.468111110358e-04  -3.190377747206e-01  -3.977444292705e+00  -7.410199042437e-02   1.519125721378e-04  -1.060943340454e+00   2.129800078137e-04   2.323602303942e-01   2.033422954440e-03  -3.050552971369e-01   5.020117463843e+00   5.187127242340e+00   1.709752449642e+00   2.855323476317e-01   6.001144962427e+00  -3.239588599636e+00   5.049654334365e-03  -3.636959584538e-01  -3.795120662842e-01   8.222139250157e-01   1.729420166329e+00  -3.472775001333e-03  -2.616017532648e+00   1.159811054348e+00   4.428321795323e+00  -8.892451074304e-03  -2.102997526872e+00  -1.132184623397e+00   2.582309914459e+00  -5.183385118531e-03  -6.656393166139e-01  -1.118877923414e+00   4.836298679344e-01  -9.698103217719e-04  -2.396864486127e+00   1.445734952864e-02   1.912113989330e+00   4.801876824906e-03   3.883598234734e+00  -1.573414493638e-04  -9.203772583539e-05   1.686251190323e-03   5.351081358887e-04   2.838131784458e-07  -2.012182800046e-02   6.666698745551e-02   2.068347841092e-02   1.387556881158e-05  -5.832036315249e-01   1.619559882188e+00   5.403363128259e-01   3.667031976720e-04  -1.428347073802e+00   2.193506333455e+00   9.359769905552e-01   6.132511266235e-04  -1.805283052242e-02  -3.142924708135e-06   1.844883367359e-02  -1.170586951275e-05  -2.619096278017e-02  -2.303652058991e-05  -1.259643333493e-05   4.130139873498e-05   2.456184974326e-04  -1.457424901423e-04  -4.021347444400e-03   1.177137329292e-03   1.261839785356e-02  -7.714045764306e-03  -1.592908262492e-01  -6.073904710245e-02   4.453487757111e-01  -2.746122821200e-01  -4.696765558042e-01  -6.547256156481e-01   9.167431357276e-01  -5.639553898457e-01  -1.179800501853e-03   5.623076422617e-03   6.397603844440e-04   7.037459296719e-04   4.765529952724e-03  -2.296949732871e-05  -1.256034210418e-05   4.072690060756e-05   2.456902607616e-04   1.441254315405e-04  -4.009391407089e-03   1.147273645086e-03   1.262304040998e-02   7.630142134103e-03  -1.588264048817e-01  -6.180521106904e-02   4.455289729846e-01   2.716519476658e-01  -4.683779411954e-01  -6.568914192156e-01   9.172179552873e-01   5.579380564891e-01  -1.161647338364e-03  -5.579887415719e-03   6.848026638669e-04  -6.848920203779e-04   4.785757390579e-03   0.000000000000e+00  -7.337469782786e-09   6.602183457013e-06  -2.694948289714e-06   4.552312589030e-09   6.000677919057e-04   2.520762917849e-03  -1.040048406470e-03   1.757943903253e-06   1.291691344229e-01   4.305180286986e-01  -1.876161951002e-01   3.168013083634e-04   6.673827558819e-01   1.193995068537e+00  -6.602231094511e-01   1.115710417017e-03  -6.693809824831e-04  -4.643703696256e-07  -5.493554805524e-04   1.131338557522e-06   6.766392577905e-04   0.000000000000e+00   4.261022897688e-03   2.321071064107e-01   3.614598900873e-01   7.777556361030e-05  -4.463847265833e-05   2.256431961178e-05   0.000000000000e+00   4.271664023173e-03   2.321696118205e-01   3.611894484896e-01   7.805761208770e-05  -4.509961016391e-05  -2.243254477708e-05
  -9.031318637023e-02  -6.884064096322e-02  -4.655698582912e-02  -1.240266512935e+01   1.733152517976e-04  -1.043382030950e+00  -1.692933317688e-01  -1.719985382140e+01   6.251228830047e-04  -1.224194558904e+00  -1.685121170104e-01  -1.056451769466e+01   6.021713732369e-04  -7.926506076479e-01  -7.410199042437e-02  -3.975381046677e+00   2.601468328383e-04  -4.740933283797e-01   2.076366363844e-03   6.151427727341e-01   2.129800078137e-04   9.401813408987e-01  -1.885523921617e+00  -2.386928871021e+00  -1.299740220466e+00  -5.729529158360e-01  -3.989855989185e+00  -2.731699614611e+00  -1.909399283292e-03  -4.755409207823e-01  -4.957851836189e-01   1.744703981867e+00   1.757785269326e+00  -4.548770251474e-03  -3.472033944610e+00   4.547622669992e+00   3.639752055757e+00  -1.181003509968e-02  -2.941175236091e+00   2.809954062821e+00   5.316498847753e-01  -7.256889910660e-03  -1.057033092471e+00   6.038316162819e-01  -6.945942956543e-01  -1.546782652878e-03  -4.927949658433e+00   1.278700355735e-02   2.578308453156e+00   1.476350548852e-02  -1.223664085887e+00  -4.932724685383e-05  -2.877268024863e-05   5.567567804655e-04   8.727122778596e-05   9.066446487488e-08  -6.642396547653e-03   2.369508171695e-02   2.051366497305e-03   5.262649470296e-06  -2.160672751851e-01   6.907085918829e-01  -5.980197127247e-02   1.661022476610e-04  -6.308336657313e-01   1.409739162095e+00  -6.292599032080e-01   3.340443667068e-04  -2.454767136399e-03  -3.589483847196e-07   6.044596211627e-03  -4.374106660724e-06  -1.078972696380e-02  -6.736465856562e-05  -3.688146606479e-05   2.414871404926e-04   6.754378586113e-04  -4.250580953294e-04  -1.146223404370e-02   1.180746056759e-02   3.301413661325e-02  -2.176783745631e-02  -4.378928708738e-01   4.066474137625e-01   1.031800442499e+00  -7.498819054594e-01  -1.281246249198e+00   8.430284512921e-01   1.599292152683e+00  -1.535982619653e+00  -8.250801370337e-03   1.500051562361e-02   1.872852835896e-03   5.298717433979e-03   1.003016891725e-02  -6.762573778335e-05  -3.702651424639e-05   2.415164488382e-04   6.804844471269e-04   4.231896770204e-04  -1.150310772443e-02   1.180425612974e-02   3.326026874818e-02   2.166909567461e-02  -4.392774420037e-01   4.063904903254e-01   1.039794420219e+00   7.462008936568e-01  -1.284796935538e+00   8.422093324764e-01   1.614734843501e+00   1.527838075092e+00  -8.280695097292e-03  -1.499032045824e-02   2.015277470108e-03  -5.254606159668e-03   1.016648131203e-02   0.000000000000e+00   2.917732522593e-09  -2.714039709158e-06   8.495368009493e-07  -1.810741563495e-09  -2.409651424185e-04  -1.065018375041e-03   2.884698530602e-04  -7.059635860913e-07  -5.617259889692e-02  -2.113508684391e-01   2.881432159608e-02  -1.368209853222e-04  -3.695071838925e-01  -9.519037202384e-01  -1.391486791033e-01  -5.919234080686e-04   2.048412052353e-04   1.360889684308e-07   2.199186934837e-04  -4.720176346203e-07  -3.296112215271e-04   0.000000000000e+00  -2.429704344768e-03  -1.545836604387e-01  -3.459282457577e-01  -4.510280967620e-05   2.107319518700e-05  -1.248109103194e-05   0.000000000000e+00  -2.451000310451e-03  -1.555177482015e-01  -3.473355573523e-01  -4.556109861254e-05   2.146648825407e-05   1.248740413492e-05
   1.754746964678e-04   1.337544492253e-04   9.664347061192e-05   1.733152517976e-04  -1.231418170439e+01   2.027357485191e-03   3.508320771745e-04   6.251228830047e-04  -1.688078662853e+01   2.379505743402e-03   3.468111110358e-04   6.021713732369e-04  -1.025746061778e+01   1.541081717876e-03   1.519125721378e-04   2.601468328383e-04  -3.842789359757e+00   2.129800078137e-04  -9.356661450688e-01   1.980345796144e-03  -3.766889008155e-01  -2.147170470241e-05   3.019899653634e-03   3.954361969768e-03   2.279022269523e-03   1.056814045976e-03   6.464054545656e-03  -1.989174164588e-03  -3.965141241186e+00   9.535732275823e-04   9.943297251854e-04  -3.497581802874e-03  -4.541132257937e-03  -5.076868264762e-01   6.951554015528e-03  -9.104874127565e-03  -1.177494878176e-02  -2.241494272838e+00   5.868821461610e-03  -5.604322893118e-03  -7.210313010918e-03  -3.081335241387e+00   2.094296385890e-03  -1.194340594357e-03  -1.525146072228e-03  -1.464194513920e+00   1.472644228821e-02   3.128100135763e+00  -1.602075686109e-02   2.420701979904e+00  -3.816913164771e-03  -2.070520191659e-08  -1.233299530556e-08   2.250454152851e-07   6.939172139486e-08  -8.087325166671e-05  -1.740339355416e-06   5.695653611508e-06   2.301911895157e-06  -4.592193372615e-03   1.028706743972e-05  -2.740642321062e-05   2.274356878249e-05  -2.483811719397e-01   2.626667090271e-04  -5.541361634986e-04  -9.441287895914e-05  -1.014232249779e+00  -2.275762344878e-06   1.075644497671e-03   2.843314654989e-06   3.632923217019e-03  -2.931314035517e-06   3.933351989753e-05   2.156307186601e-05  -1.408093322495e-04  -4.176865984458e-04   2.061947071226e-04   6.526052059943e-03  -6.782950000468e-03  -2.042992306542e-02   9.372707290446e-03   2.349409502925e-01  -2.233746829720e-01  -6.661103227010e-01   1.972418817863e-01   6.264674882541e-01  -4.248164685997e-01  -1.254743613521e+00  -1.863734438816e-01   5.135171567312e-03  -7.366254613206e-03  -3.035879050947e-03  -2.434108623590e-03  -6.848464471139e-03  -3.903404813883e-05  -2.140021939587e-05   1.392145883112e-04   4.158245806120e-04   2.022564374488e-04  -6.473772616052e-03   6.703557954617e-03   2.033273964536e-02   9.173577715605e-03  -2.329075837235e-01   2.206523159731e-01   6.625413892044e-01   1.905053134116e-01  -6.205217644324e-01   4.193359690755e-01   1.247015596864e+00  -1.996268411115e-01  -5.092309844451e-03  -7.241666232692e-03   3.089282458507e-03  -2.375924055076e-03   6.851134311404e-03   0.000000000000e+00  -4.937088217807e-12   4.592202878073e-09  -1.813758021802e-09  -2.221942186248e-07   4.078114096154e-07   1.802275525160e-06  -7.067957212465e-07  -1.290515155172e-04   9.581630266138e-05   3.608429419423e-04  -1.383675186676e-04  -5.224217819110e-02   6.469999821587e-04   1.670437220135e-03  -6.162845242812e-04  -4.916934584231e-01  -4.725673665646e-07   2.924456273124e-05  -4.577799930428e-07  -7.435921309730e-05   5.082040072622e-07   0.000000000000e+00   1.142122538082e-03   6.437271910479e-02   1.100408931050e-01   2.200810120369e-05  -1.204776732286e-05   2.445759795293e-06   0.000000000000e+00  -1.133484122834e-03  -6.367824195474e-02  -1.084373224522e-01  -2.187438874422e-05   1.205301727096e-05   2.329497446608e-06
  -6.697899815145e+00  -6.851962397839e+00  -1.514038805245e-01  -3.874060827761e-01   7.527141826327e-04  -1.538369483547e+01  -4.871122591598e-01  -1.224194558904e+00   2.379505743402e-03  -1.727881688324e+01  -8.024269995931e-01  -1.865487190081e+00   3.631466211156e-03  -1.299779030408e+01  -5.325769355984e-01  -1.205650033977e+00   2.348132203905e-03  -2.130616442212e-01   7.803974494263e-04   2.373714127695e-01   4.407933575355e-04  -1.291669699976e-02  -4.976226605494e+00  -9.953130128548e+00  -1.074739239412e+01  -7.551003425171e+00  -6.413272612965e+00   1.723477062377e+00  -2.577664142710e-03  -1.662467976470e+00  -1.854307907237e+00   1.576027321210e+00   2.028934790088e+00  -4.083755952282e-03  -6.616615071781e+00   4.617780842821e+00   5.903876357413e+00  -1.189188291591e-02  -9.511931859300e+00   6.750204758682e+00   8.522494067341e+00  -1.716132676222e-02  -7.753062144963e+00   4.000250732612e+00   5.006436240288e+00  -1.007743213390e-02  -3.648382557377e+00   9.465225409837e-03   2.198877830738e+00   7.335480696605e-03   8.857857253568e-01  -1.038487458209e-01  -1.012114942468e-01   1.357436305058e-01   3.794569814732e-02   3.034920157369e-05  -4.397374797892e-01   6.201437579978e-01   1.586988993504e-01   1.785318134325e-04  -1.689195424777e+00   3.330484153640e+00   7.901393563528e-01   1.121552514608e-03  -4.262732838599e+00   7.703095316743e+00   1.944505554004e+00   2.231315613109e-03  -1.192400771955e-01  -2.215867957777e-05   1.496296182880e-01  -1.515480917254e-04  -2.243084233501e-01  -8.232898401665e-02  -8.009348586439e-02   3.137204886038e-02   9.596267710055e-02  -5.881436081393e-02  -3.654694720367e-01   1.408800461233e-01   4.484346070407e-01  -2.843216955831e-01  -1.508340241064e+00   7.771577481024e-01   2.551948983715e+00  -1.665242964647e+00  -4.048603185267e+00   2.014398625018e+00   6.293914541210e+00  -4.010558291487e+00  -9.250405232600e-02   1.889332007313e-01   2.353525837162e-02   5.699803477323e-02   1.329079158449e-01  -8.234831076845e-02  -8.011239463424e-02   3.125738242048e-02   9.630804433953e-02   5.836017363865e-02  -3.655517707714e-01   1.403235268176e-01   4.500925570741e-01   2.821812356008e-01  -1.508596024029e+00   7.738568680832e-01   2.561502742253e+00   1.652903461537e+00  -4.049012689043e+00   2.006286003046e+00   6.316497570779e+00   3.979974743153e+00  -9.244593640768e-02  -1.881862768063e-01   2.514566007545e-02  -5.630676398885e-02   1.340924599757e-01  -8.752756248925e-03  -8.497920960679e-03  -1.813720410207e-02   6.977827816799e-03  -1.157828785844e-05  -6.191796682475e-02  -1.148255966707e-01   4.364093466575e-02  -7.294235722527e-05  -4.811517228972e-01  -1.185746948815e+00   4.388801060263e-01  -7.380597899850e-04  -2.266734390305e+00  -4.933620426298e+00   1.766831078665e+00  -2.955128431579e-03   4.163610178106e-02   2.566184009027e-05   3.614514548833e-02  -7.005111006689e-05  -4.684051912046e-02  -3.224981006469e-03  -6.009600977188e-02  -7.859872800895e-01  -2.496889919025e+00  -1.946527838330e-02   1.119626250238e-02  -6.656753127691e-03  -3.234921590356e-03  -6.023667045993e-02  -7.870658706651e-01  -2.498418128236e+00  -1.949594163826e-02   1.129994831921e-02   6.610211476628e-03
  -1.027396259545e-02  -6.435872848904e-03  -4.217315688804e+00  -1.838504965522e-02   3.816256357191e-05  -2.587831506966e-01  -1.057569402937e+01  -1.685121170104e-01   3.468111110358e-04  -8.024269995931e-01  -1.502947505580e+01  -5.441147948963e-01   1.095492577134e-03  -9.262831623240e-01  -9.980246705095e+00  -4.494560005308e-01   8.980178635787e-04  -7.607154587111e-01   2.139510377031e-04   1.702385791248e-01   1.451980792374e-03  -1.965613072511e-01   6.765697215180e+00   8.356454740987e+00   4.064513888006e+00   8.338017851337e-01   1.594237719050e+00  -1.845114272497e+00   2.756622187434e-03  -2.397505128961e+00  -2.708372621671e+00   4.700425882365e-02   2.633104050502e+00  -5.301268471521e-03  -6.702860773513e+00  -1.136222481343e+00   5.592871966193e+00  -1.127818518516e-02  -5.607735275249e+00  -4.251133541440e+00   4.544542006582e+00  -9.164052821515e-03  -2.266006290604e+00  -3.719912126519e+00   1.248806997016e+00  -2.516564336978e-03   5.191099682805e-01   9.181843668666e-03   3.619098372429e-01  -1.294971550804e-03   3.827106547482e+00  -3.978348698232e-01  -3.904692960758e-01   4.306991995673e-01   1.387792621462e-01   1.104207022582e-04  -1.415578777978e+00   1.666220698551e+00   5.064639675607e-01   5.429322698107e-04  -3.610497696821e+00   5.437393069086e+00   1.658129386816e+00   2.248903497324e-03  -4.838842233594e+00   5.131764481341e+00   2.040905946160e+00   2.691933581744e-03  -3.441681080771e-01  -7.675953938419e-05   3.723624023155e-01  -4.343347066653e-04  -5.281410275902e-01  -9.615906620320e-02  -9.417396292756e-02  -1.758389073596e-02   1.073729803779e-01  -6.587999721977e-02  -3.660525089728e-01  -1.015181514473e-01   4.444545283381e-01  -2.837487044084e-01  -1.097354632256e+00  -7.927494390208e-01   1.811415062940e+00  -1.228862945967e+00  -1.730743834916e+00  -2.474532648784e+00   2.520153927645e+00  -1.725437736892e+00   6.215282567866e-02   1.982048198101e-01  -5.631388523763e-03  -3.966831388735e-02   1.892656071705e-01  -9.583609473465e-02  -9.385752731847e-02  -1.785050014067e-02   1.073748213222e-01   6.513868521220e-02  -3.648559857921e-01  -1.026179407078e-01   4.445696317141e-01   2.806699079995e-01  -1.094159705657e+00  -7.972173557241e-01   1.812876100319e+00   1.216543946265e+00  -1.726338184369e+00  -2.480740368979e+00   2.522866729685e+00   1.708699173210e+00   6.313723526395e-02  -1.967538778094e-01  -3.925415918691e-03   3.984604609708e-02   1.898279713457e-01   4.070862127560e-02   3.993585974121e-02   7.234053467510e-02  -3.062789711476e-02   5.074068454504e-05   2.322528716937e-01   3.783155874989e-01  -1.609419366281e-01   2.683517554889e-04   1.107789095305e+00   2.221594049344e+00  -9.895426058087e-01   1.661844647605e-03   2.326765296455e+00   3.162671744001e+00  -1.814628476016e+00   3.058022379415e-03  -1.471939241634e-01  -1.002670941905e-04  -1.171482032256e-01   2.476615314067e-04   1.410737836856e-01   1.383731288760e-02   1.753523488684e-01   1.063732454925e+00   1.257248413290e+00   6.864028276846e-02  -4.382131933889e-02   2.649505185277e-02   1.386551562845e-02   1.755697281294e-01   1.063888371998e+00   1.256281681215e+00   6.865605187979e-02  -4.418625344235e-02  -2.628656385784e-02
  -2.628944365712e-02  -1.646842519131e-02  -1.838504965522e-02  -4.214415189462e+00   6.842964844898e-05  -6.503653296781e-01  -1.685121170104e-01  -1.056451769466e+01   6.021713732369e-04  -1.865487190081e+00  -5.441147948963e-01  -1.508343917720e+01   1.796155587089e-03  -2.096923939963e+00  -4.494560005308e-01  -1.002993606774e+01   1.482366696459e-03  -3.597177015049e-01   1.501292503068e-03   4.430092205947e-01   2.139510377031e-04   6.480845172384e-01  -2.531280881754e+00  -3.817246977175e+00  -3.167603649743e+00  -1.854147463300e+00  -2.796278144455e+00  -4.637963497315e+00  -9.612484550857e-04  -3.132861664431e+00  -3.538083610074e+00   2.677915788267e+00   1.452843242717e+00  -6.927159165107e-03  -8.843908403837e+00   5.787435162618e+00   1.936500863662e+00  -1.485912833104e-02  -7.708928216516e+00   4.995432679444e+00  -1.364109178412e+00  -1.263437026933e-02  -3.483008871467e+00   1.584165885147e+00  -2.591178367600e+00  -3.920962303072e-03  -1.501517585989e+00   3.464884292815e-03   4.366741731977e-01   9.356833162632e-03  -2.744759224994e+00  -1.245249501509e-01  -1.220949059309e-01   1.564120872161e-01  -2.166183739549e-02   3.553304355183e-05  -4.586090008514e-01   6.449794055970e-01  -1.261000993635e-01   2.005482568980e-04  -1.350873315672e+00   2.647830016489e+00  -9.080244189835e-01   1.161341459534e-03  -2.223394450774e+00   3.867330535179e+00  -2.498190788832e+00   1.741877879224e-03   9.307783152000e-02   3.400120908689e-05   1.294988695533e-01  -1.763513270033e-04  -3.034999473180e-01  -2.814023940473e-01  -2.757079994062e-01   1.024558311452e-01   2.606828489414e-01  -1.919952747299e-01  -1.055293451757e+00   4.012898215958e-01   1.033307138974e+00  -8.048000806910e-01  -2.968056482618e+00   1.479120120919e+00   3.595281197451e+00  -3.202633053400e+00  -4.461250526787e+00   2.045230458776e+00   3.555245207632e+00  -4.356456976279e+00  -2.280659278547e-01   4.677999347850e-01  -1.941566657570e-02   1.717027463915e-01   2.414492760519e-01  -2.823677605543e-01  -2.766546428220e-01   1.024071752071e-01   2.627990198168e-01   1.911187897705e-01  -1.058850315205e+00   4.009783303595e-01   1.041936268609e+00   8.012053419885e-01  -2.977202644422e+00   1.477260191049e+00   3.627638434929e+00   3.187885346613e+00  -4.473174359776e+00   2.042131032266e+00   3.596954658447e+00   4.334792583585e+00  -2.289713581988e-01  -4.680630866824e-01  -1.467342631743e-02  -1.701636724004e-01   2.456882679717e-01  -1.617499288102e-02  -1.586146506017e-02  -3.170883412972e-02   4.877485776677e-03  -2.029508496462e-05  -9.323970385989e-02  -1.703826330057e-01   1.949775159756e-02  -1.086155624521e-04  -4.716701691436e-01  -1.144182050484e+00  -1.198396012059e-02  -7.077590532364e-04  -1.257420050288e+00  -2.745531629188e+00  -7.544284858338e-01  -1.537393200584e-03   2.247758029028e-02   1.240265917453e-05   4.742154865148e-02  -1.106942529058e-04  -9.021714874522e-02  -7.514293541979e-03  -9.744573711242e-02  -6.875796574468e-01  -1.206889076125e+00  -4.125980781547e-02   1.682247237860e-02  -1.404544767285e-02  -7.576130601406e-03  -9.815828660452e-02  -6.916948528800e-01  -1.211899594753e+00  -4.153639597782e-02   1.714036586164e-02   1.401278282070e-02
