ARMA_MAT_TXT_FN008
72 72
  -9.502501198205e+00  -1.195060908414e+01   1.202324446735e-03  -7.117574838614e-19   8.962484289226e-06  -4.406329956235e+00  -1.584795204936e-03   6.624591742658e-19  -4.899103481462e-06  -1.982820756651e+00  -1.403830989566e-03   8.642912436101e-19  -5.043181360898e-06  -8.357477619789e-01  -6.808161780502e-04  -1.405545296711e-19  -2.253367949264e-06   1.408419936316e-19  -6.877050470293e-22   5.407664457910e-03   2.767545455552e-06  -2.037685201834e-03  -2.052117890555e-03  -1.317241649715e-03   3.849811994798e-02   1.376831437793e-18  -3.512252168149e-06  -2.774376087663e-01   8.576498247505e-01   6.570042514460e-19  -4.609137422229e-06  -8.111686290613e-01   1.505148148737e+00  -2.957950470219e-18  -4.105230111803e-06  -6.347177665075e-01   6.619163467190e-01  -5.414379281814e-19  -2.156122248511e-06   6.968056496125e-19   1.146175080956e-23   5.340485589442e-01   1.723746411789e-06  -9.265005906249e-01  -1.336546679611e-01  -9.609077062796e-01  -1.018740799099e+00  -6.231982333395e-01  -5.917469678871e-01   9.679845951636e-01   1.601043092705e-03  -1.336546679611e-01  -9.609077062796e-01  -1.018740799099e+00  -6.231982333395e-01  -5.917469678871e-01  -9.679845951636e-01   1.601043092705e-03  -3.017145581163e-04  -2.924782175910e-02  -3.148526129318e-01  -4.102215322262e-01   2.491195484646e-03  -1.401996559303e-03   7.250660675629e-07  -3.017145581163e-04  -2.924782175910e-02  -3.148526129318e-01  -4.102215322262e-01   2.491195484646e-03   1.401996559303e-03   7.250660675628e-07
  -1.195060908414e+01  -8.724649168145e+00   6.511434127923e-04   2.593210186902e-18   8.569575497648e-06  -3.930970057433e+00  -2.120691128496e-03  -3.607012049277e-19  -9.419653606797e-06  -1.861551557026e+00  -2.388639644804e-04  -2.746653181462e-21  -7.572415764032e-06  -7.975868306239e-01   6.537065141848e-04   8.220479569516e-20  -2.462220865405e-06  -1.252998595687e-19   2.788429057877e-22   8.443487360112e-03   9.244458667455e-06  -2.312622366638e-03  -1.317241649715e-03  -7.687501964737e-04   4.758262863225e-02   1.451776437731e-18   9.140838556608e-07  -2.810901752740e-01   8.381267489362e-01   1.405090368687e-18   1.495967629935e-06  -7.710569753804e-01   1.411850338894e+00  -4.039716198396e-18  -2.321308972892e-07  -6.059067239710e-01   6.303718741896e-01  -5.376043547831e-19  -1.010368474045e-06  -7.101636676989e-19  -3.957885815684e-23   5.162590347213e-01   1.799547022644e-06  -8.965128176147e-01  -1.558473188972e-01  -9.174825355890e-01  -9.680227281981e-01  -5.961269594769e-01  -5.794306236002e-01   9.478534981748e-01   1.568290029029e-03  -1.558473188972e-01  -9.174825355890e-01  -9.680227281981e-01  -5.961269594769e-01  -5.794306236002e-01  -9.478534981748e-01   1.568290029029e-03   4.764662192495e-04  -2.975305014503e-02  -3.018464035637e-01  -3.923122319706e-01   3.274949661021e-03  -9.674314198114e-04   1.230993863530e-06   4.764662192495e-04  -2.975305014503e-02  -3.018464035637e-01  -3.923122319706e-01   3.274949661021e-03   9.674314198114e-04   1.230993863530e-06
   1.202324446735e-03   6.511434127923e-04   9.664891037727e-01  -1.397448853014e-18   4.481704567859e-05  -2.851282644216e-02  -4.983757048203e-01   4.511178363068e-19   8.714454695530e-05  -1.283217371844e-02  -4.768467297533e-01   5.834741789408e-19   5.331972970579e-05   6.387406092360e-03  -1.654043885135e-01  -1.117335719102e-18   1.372117614074e-05   4.122562529972e-19   2.392640476123e-21   1.035610496682e-02  -1.483803075708e-04  -1.278171668194e-01  -3.849811994798e-02  -4.758262863225e-02   3.341339033435e-01   7.523529576092e-18  -3.030497292277e-05  -3.236176427706e-01   3.983425752370e-01  -1.458319714203e-17  -4.120755759355e-05  -2.315895449276e-01   1.210082573314e-01  -7.002301964442e-18  -1.925916238667e-05  -6.027957705261e-02  -5.921086425118e-02  -1.274455079751e-19  -5.658426406377e-07   5.708251683412e-17   8.023225571900e-23   5.786110715088e-02   2.674045020800e-05  -1.176891432599e-01   2.202532846424e-01   1.999237799366e-01   9.282617735188e-02   3.136605860522e-02  -8.046323815919e-02  -1.636187988006e-01  -2.830026730424e-04   2.202532846424e-01   1.999237799366e-01   9.282617735188e-02   3.136605860522e-02  -8.046323815919e-02   1.636187988006e-01  -2.830026730424e-04   5.108219346913e-03  -5.366798923801e-02  -1.026690647319e-01  -4.545267231622e-02   4.641716104708e-02  -1.323102366643e-02   6.768157130786e-06   5.108219346913e-03  -5.366798923801e-02  -1.026690647319e-01  -4.545267231622e-02   4.641716104708e-02   1.323102366643e-02   6.768157130784e-06
  -7.117574838614e-19   2.593210186902e-18  -1.397448853014e-18   1.009045707193e+00   8.465838140311e-22   4.692019898705e-18   1.958287234493e-18  -4.447632431876e-01   5.345137720741e-21   7.531393451403e-18   5.436892730189e-20  -4.700476795188e-01   6.680517422131e-22  -2.433724180385e-18  -2.435219723356e-21  -1.790001157134e-01   2.030857650788e-21   9.411936664114e-02  -2.951518551276e-04   6.063061835982e-18   8.897184045942e-22   6.783889359118e-18  -1.321327618691e-18  -1.386415107269e-18   7.592205419268e-18  -5.054377576838e-02  -1.825484214548e-22   1.208256483847e-18  -1.268674331281e-17  -1.422234791710e-01   1.577847017489e-22   3.286395931312e-18  -6.734613083635e-18  -2.107600930677e-01  -9.536358487515e-22  -9.439502980432e-20  -5.512614211452e-19  -1.309913721175e-01   5.589672989246e-22   2.022104220366e-01  -5.694380326603e-06  -1.515065219665e-17  -5.401350054554e-22   3.487216626448e-17  -3.580442459848e-01  -3.297814006972e-01  -1.566382378073e-01  -4.339646970240e-02  -1.621095834407e-01   8.771901209319e-02   4.419183326019e-04   3.580442459848e-01   3.297814006972e-01   1.566382378073e-01   4.339646970240e-02   1.621095834407e-01   8.771901209319e-02  -4.419183326018e-04   8.545068072200e-04   2.528764545724e-02   4.859897476508e-02   2.664712251716e-02  -1.963676082485e-02   5.217530358905e-03  -1.586566646475e-05  -8.545068072200e-04  -2.528764545724e-02  -4.859897476508e-02  -2.664712251716e-02   1.963676082485e-02   5.217530358905e-03   1.586566646475e-05
   8.962484289226e-06   8.569575497648e-06   4.481704567859e-05   8.465838140311e-22   1.108260953099e+00  -1.162222031952e-04   9.739503239583e-05   1.237972721914e-21  -3.028420671308e-01  -1.043015674731e-04   9.255234358147e-05  -8.225264291377e-21  -3.881222168909e-01  -4.631965841498e-05   4.946708818455e-05  -1.130209828909e-21  -1.578511054989e-01   7.507446763404e-22   2.164803794847e-18   5.439909139836e-05  -5.149078096279e-02   7.275577439454e-05  -3.512252168149e-06   9.140838556608e-07   3.030497292277e-05  -3.179475477297e-23  -1.118454816799e-01   4.748205075328e-05   4.546104843332e-05   2.864112901427e-23  -2.211470948081e-01   1.958893212796e-05   9.721461891442e-05  -1.443430163146e-22  -2.475234574822e-01  -9.819979515008e-06   7.280679270695e-05   1.699533044208e-22  -1.344872982212e-01   2.009388178531e-22  -4.278005679627e-18   1.769848864583e-05   2.069393623828e-01  -7.059745565408e-06  -5.174079783679e-04  -4.966189975908e-04  -2.846709822364e-04  -1.022202477387e-04  -2.645869711908e-04   4.047078210859e-04  -1.678198508732e-01  -5.174079783679e-04  -4.966189975908e-04  -2.846709822363e-04  -1.022202477387e-04  -2.645869711907e-04  -4.047078210858e-04  -1.678198508732e-01  -3.019924698088e-05  -6.986440764242e-05  -8.254660430586e-05  -4.707438979971e-05   6.579637735694e-05  -4.057598580814e-05  -2.625704103348e-02  -3.019924698088e-05  -6.986440764242e-05  -8.254660430586e-05  -4.707438979971e-05   6.579637735694e-05   4.057598580814e-05  -2.625704103348e-02
  -4.406329956235e+00  -3.930970057433e+00  -2.851282644216e-02   4.692019898705e-18  -1.162222031952e-04  -2.170718919659e+00  -7.906798045369e-02   1.076293002563e-17  -2.861619636258e-04  -1.516866810522e+00  -5.684787970701e-02  -2.428919914359e-18  -2.096911913680e-04  -8.394198793804e-01  -1.184035376558e-02   3.889528972180e-18  -6.868896099727e-05  -2.171314068487e-18   7.644987772809e-21   1.976765542411e-01   2.943150401683e-04  -7.470807201378e-02  -2.774376087663e-01  -2.810901752740e-01   3.236176427706e-01  -6.156510581240e-19   4.748205075328e-05  -5.700962683489e-01   7.420370291319e-01  -1.085243790378e-17   6.062842497065e-05  -8.117901145470e-01   1.076229375851e+00  -1.403867494056e-17  -9.801202841655e-07  -6.604442218892e-01   6.097775696560e-01  -4.587192538579e-18  -2.822864753419e-05   3.103885765091e-17  -3.667760245113e-22   2.551555708873e-01   6.334095087935e-06  -4.537395731544e-01  -4.288768143347e-01  -8.503192673144e-01  -9.291520738969e-01  -6.496269501790e-01  -3.192981268970e-01   5.216820435666e-01   8.645532372451e-04  -4.288768143347e-01  -8.503192673144e-01  -9.291520738969e-01  -6.496269501790e-01  -3.192981268970e-01  -5.216820435666e-01   8.645532372450e-04  -1.528660998814e-02  -1.279594295412e-01  -3.782564269841e-01  -4.469040575934e-01   9.055555363153e-02  -4.764597270131e-02   8.871582392497e-05  -1.528660998814e-02  -1.279594295412e-01  -3.782564269841e-01  -4.469040575934e-01   9.055555363153e-02   4.764597270131e-02   8.871582392496e-05
  -1.584795204936e-03  -2.120691128496e-03  -4.983757048203e-01   1.958287234493e-18   9.739503239583e-05  -7.906798045369e-02  -3.792621765647e-01  -1.042909316307e-18   2.610527912967e-04  -1.135103932103e-01  -5.909307807038e-01  -5.042360665225e-18   1.981305249468e-04  -6.734155695511e-02  -2.908555453433e-01   1.360811369323e-18   6.535194547435e-05   5.657153413028e-18  -2.384044163035e-21   6.969961504268e-02  -3.383023443027e-04  -3.800937774345e-01  -8.576498247505e-01  -8.381267489362e-01   3.983425752370e-01  -1.126801606571e-17  -4.546104843332e-05  -7.420370291319e-01   2.629294216894e-01  -3.738846953176e-17  -6.877364451908e-05  -4.704544323004e-01   5.985378119179e-02  -1.572031472752e-17  -1.328167937989e-05  -1.794975224758e-01  -8.732158776895e-02  -3.025310248980e-18   2.376829632493e-05   7.845565517684e-17  -1.100328074117e-21  -4.427364007905e-02   4.446901005256e-06   7.643590404407e-02   2.328933334359e-01   1.851653166868e-01   6.762788262904e-02  -7.062771015972e-03  -7.421252137956e-02   3.495631250088e-02   4.872854786256e-05   2.328933334359e-01   1.851653166868e-01   6.762788262904e-02  -7.062771015972e-03  -7.421252137956e-02  -3.495631250088e-02   4.872854786266e-05  -5.731535817032e-02  -2.142093080872e-01  -2.533645367171e-01  -1.388705654032e-01   1.700907769313e-01  -1.265822744558e-01   1.898755057953e-04  -5.731535817032e-02  -2.142093080872e-01  -2.533645367171e-01  -1.388705654032e-01   1.700907769313e-01   1.265822744558e-01   1.898755057953e-04
   6.624591742658e-19  -3.607012049277e-19   4.511178363068e-19  -4.447632431876e-01   1.237972721914e-21   1.076293002563e-17  -1.042909316307e-18  -2.126047905536e-01   3.558427597627e-22   1.082868095858e-17  -6.511142265544e-18  -4.395840441263e-01   4.252910345350e-21   1.766487213170e-18  -2.197415223414e-18  -2.458683221314e-01   6.385834328909e-22   2.069234136541e-01  -7.226698704122e-04  -8.741380016910e-18  -3.025902206929e-21  -9.272097916239e-18  -6.697097456548e-19  -1.461265858446e-18  -1.469945241404e-17  -1.422234791710e-01   3.474158542260e-23   1.050515439541e-17  -3.832372625442e-17  -1.696592558844e-01   2.713152402010e-22   6.695348263418e-18  -1.959586103879e-17  -2.301176478340e-01  -1.632854529675e-21   1.298426509930e-18   2.007733053254e-18  -1.832146682665e-01   6.327931685059e-22   3.051362526069e-02  -3.812764517927e-05  -1.733330237067e-17   5.272405371862e-22   6.534251464532e-17  -3.790167283916e-01  -3.199029888041e-01  -1.877478091732e-01  -6.222861182008e-02   3.425556038455e-02  -1.065271122570e-01  -9.205247387457e-05   3.790167283916e-01   3.199029888041e-01   1.877478091732e-01   6.222861182008e-02  -3.425556038455e-02  -1.065271122570e-01   9.205247387473e-05   3.386501578821e-02   6.830351023521e-02   6.909816402968e-02   3.928170746655e-02  -6.780747610230e-02   1.834688245899e-02  -7.611594554441e-05  -3.386501578821e-02  -6.830351023521e-02  -6.909816402968e-02  -3.928170746655e-02   6.780747610230e-02   1.834688245899e-02   7.611594554440e-05
  -4.899103481462e-06  -9.419653606797e-06   8.714454695530e-05   5.345137720741e-21  -3.028420671308e-01  -2.861619636258e-04   2.610527912967e-04   3.558427597627e-22   8.738814271851e-02  -3.214483868583e-04   2.427125885824e-04  -3.858797557560e-22  -2.207569072168e-01  -1.803771545859e-04   1.118957084655e-04  -2.260167626225e-21  -1.749783586739e-01  -7.152132489105e-21   8.611901090514e-19   1.498777721199e-04  -9.644061852668e-02   1.913876192490e-04  -4.609137422229e-06   1.495967629935e-06   4.120755759355e-05  -1.501332810828e-22  -2.211470948081e-01   6.062842497065e-05   6.877364451908e-05  -1.042247564653e-22  -2.667062737983e-01  -1.739172685018e-05   2.301223221392e-04  -1.147299507967e-21  -2.502463133255e-01  -8.684602815975e-05   2.016242313183e-04   4.133835121963e-22  -1.609806469916e-01   1.724993492092e-21  -1.767778238767e-17   3.601429901856e-05   4.136041707069e-02  -5.130704547006e-06  -5.339352879033e-04  -4.971514052100e-04  -4.317960667162e-04  -2.261918840649e-04   5.245263396446e-05  -1.198764709848e-04  -3.521240899297e-02  -5.339352879033e-04  -4.971514052100e-04  -4.317960667161e-04  -2.261918840649e-04   5.245263396456e-05   1.198764709850e-04  -3.521240899297e-02  -8.993341282759e-05  -1.465234872342e-04  -1.284270935192e-04  -1.086521405377e-04   1.591934433448e-04  -1.079802056193e-04  -5.897400727052e-02  -8.993341282758e-05  -1.465234872342e-04  -1.284270935192e-04  -1.086521405377e-04   1.591934433448e-04   1.079802056193e-04  -5.897400727052e-02
  -1.982820756651e+00  -1.861551557026e+00  -1.283217371844e-02   7.531393451403e-18  -1.043015674731e-04  -1.516866810522e+00  -1.135103932103e-01   1.082868095858e-17  -3.214483868583e-04  -1.164491618282e+00  -1.957882571634e-01  -4.568842773881e-18  -3.031720797345e-04  -7.248343528524e-01  -1.055216621296e-01   1.173246513710e-18  -1.246801096900e-04  -8.919992930002e-19   4.699317821367e-21   2.504130279750e-01   3.428659038610e-04  -1.191556335070e-01  -8.111686290613e-01  -7.710569753804e-01   2.315895449276e-01  -2.483885153347e-18   1.958893212796e-05  -8.117901145470e-01   4.704544323004e-01  -8.112857900645e-18  -1.739172685018e-05  -8.365350802432e-01   6.807907085623e-01  -1.098201393278e-17  -8.619572431045e-05  -6.311758310008e-01   4.213119369016e-01  -4.642801348409e-18  -7.894181868866e-05   7.212726678117e-18  -2.384044162368e-21   2.119170041375e-01  -6.671693884155e-05  -3.014812780630e-01  -4.120529350654e-01  -6.470052379878e-01  -7.246253851209e-01  -5.622871005027e-01  -2.307660529881e-01   3.815765803487e-01   6.342331645105e-04  -4.120529350654e-01  -6.470052379878e-01  -7.246253851209e-01  -5.622871005027e-01  -2.307660529881e-01  -3.815765803487e-01   6.342331645105e-04  -1.232448781218e-01  -2.769640357334e-01  -4.511236075230e-01  -4.515223032277e-01   1.298725894280e-01  -1.420303951300e-01   2.459590022327e-04  -1.232448781218e-01  -2.769640357334e-01  -4.511236075230e-01  -4.515223032277e-01   1.298725894280e-01   1.420303951300e-01   2.459590022327e-04
  -1.403830989566e-03  -2.388639644804e-04  -4.768467297533e-01   5.436892730189e-20   9.255234358147e-05  -5.684787970701e-02  -5.909307807038e-01  -6.511142265544e-18   2.427125885824e-04  -1.957882571634e-01  -5.848236122257e-01   7.187498073926e-18   1.869105252311e-04  -1.936515801041e-01  -3.460337457940e-01  -1.447155790384e-18   4.836835337589e-05   4.694733122770e-18  -1.421257097194e-21   8.310069996759e-02  -2.661889645488e-04  -3.527592778662e-01  -1.505148148737e+00  -1.411850338894e+00   1.210082573314e-01  -4.044304094256e-18  -9.721461891442e-05  -1.076229375851e+00   5.985378119179e-02  -1.479366068389e-17  -2.301223221392e-04  -6.807907085623e-01  -1.175957476744e-01  -1.761245656218e-17  -1.597795979567e-04  -3.309212078159e-01  -1.163392304649e-01  -3.358296589383e-18  -2.639881808641e-05   7.559059640630e-18   1.613814510466e-20   1.310424138566e-01  -1.747927409860e-04  -5.217500330164e-02   2.049265467601e-01   1.248002614161e-01  -2.952201033115e-02  -1.059161160751e-01   1.900556911378e-02  -7.862743331846e-02  -1.287282845161e-04   2.049265467601e-01   1.248002614161e-01  -2.952201033115e-02  -1.059161160751e-01   1.900556911378e-02   7.862743331846e-02  -1.287282845161e-04  -2.518451255387e-01  -4.313249369010e-01  -4.308488413043e-01  -2.692932866443e-01   1.608909741997e-01  -2.648181451446e-01   4.262043952990e-04  -2.518451255387e-01  -4.313249369010e-01  -4.308488413043e-01  -2.692932866443e-01   1.608909741997e-01   2.648181451446e-01   4.262043952990e-04
   8.642912436101e-19  -2.746653181462e-21   5.834741789408e-19  -4.700476795188e-01  -8.225264291377e-21  -2.428919914359e-18  -5.042360665225e-18  -4.395840441263e-01  -3.858797557560e-22  -4.568842773881e-18   7.187498073926e-18  -2.614486788643e-01  -2.373181177415e-21   6.235221331184e-19  -1.884860065878e-18  -1.600998194101e-01   1.577433428139e-21   1.498646185332e-01  -5.795117250420e-04   2.574980149744e-19   2.980055203794e-21   4.060944147995e-18   3.200625409607e-18   3.832506627771e-18  -6.992825783345e-18  -2.107600930677e-01   3.110199097441e-22   1.362701692820e-17  -1.774996448782e-17  -2.301176478340e-01  -2.977850221635e-22   1.092610975827e-17  -1.345288951646e-17  -1.899533550550e-01   3.871205245750e-22   3.109580718839e-18  -3.107786596341e-18  -1.382943368587e-01   1.257314522944e-22   8.216465837605e-03  -1.629945589845e-04  -8.715298904624e-19  -6.877050459875e-22   1.415751429232e-17  -3.355910347022e-01  -2.227831272257e-01  -1.023502716452e-01  -4.254798615296e-02  -8.095860542989e-02   9.790004333751e-02   2.153909276785e-04   3.355910347022e-01   2.227831272257e-01   1.023502716452e-01   4.254798615296e-02   8.095860542989e-02   9.790004333751e-02  -2.153909276785e-04   1.159689388656e-01   1.130337768102e-01   6.800771064108e-02   3.348589894090e-02  -4.816241195110e-02   2.968253803925e-02  -1.194046599909e-04  -1.159689388656e-01  -1.130337768102e-01  -6.800771064108e-02  -3.348589894090e-02   4.816241195110e-02   2.968253803925e-02   1.194046599909e-04
  -5.043181360898e-06  -7.572415764032e-06   5.331972970579e-05   6.680517422131e-22  -3.881222168909e-01  -2.096911913680e-04   1.981305249468e-04   4.252910345350e-21  -2.207569072168e-01  -3.031720797345e-04   1.869105252311e-04  -2.373181177415e-21  -5.195015069616e-02  -2.144009633768e-04   7.134379176460e-05   2.862458509740e-21  -7.382038550902e-02   1.650492112870e-21   2.846181956355e-18   1.281309862301e-04  -9.036111909319e-02   1.525220642637e-04  -4.105230111803e-06  -2.321308972892e-07   1.925916238667e-05   2.208572236061e-22  -2.475234574822e-01  -9.801202841654e-07   1.328167937989e-05  -9.826905672178e-22  -2.502463133255e-01  -8.619572431045e-05   1.597795979567e-04   8.271806335512e-23  -1.502906880979e-01  -1.387843743589e-04   1.830187649708e-04   2.067951801836e-23  -8.961255787116e-02  -1.604645112158e-22  -7.591568062672e-18   5.251735133362e-05   6.485214481418e-02   3.770952380469e-05  -4.919706159639e-04  -3.556058950949e-04  -2.945965618249e-04  -2.150633868917e-04  -1.479166300841e-04   2.054322109016e-04  -2.761575538052e-02  -4.919706159639e-04  -3.556058950949e-04  -2.945965618249e-04  -2.150633868917e-04  -1.479166300841e-04  -2.054322109015e-04  -2.761575538052e-02  -2.020103213038e-04  -2.064371955594e-04  -1.502545260047e-04  -1.331889160095e-04   1.177516350369e-04  -1.389213425403e-04  -6.507407599698e-02  -2.020103213038e-04  -2.064371955594e-04  -1.502545260047e-04  -1.331889160095e-04   1.177516350369e-04   1.389213425403e-04  -6.507407599698e-02
  -8.357477619789e-01  -7.975868306239e-01   6.387406092360e-03  -2.433724180385e-18  -4.631965841498e-05  -8.394198793804e-01  -6.734155695511e-02   1.766487213170e-18  -1.803771545859e-04  -7.248343528524e-01  -1.936515801041e-01   6.235221331184e-19  -2.144009633768e-04  -4.601233422541e-01  -1.361471941803e-01  -3.650711928846e-19  -1.187226931330e-04  -2.863787203843e-18  -2.636202680279e-22   1.596793463145e-01   2.166325372637e-04  -8.010201253098e-02  -6.347177665075e-01  -6.059067239710e-01   6.027957705261e-02  -1.851213180258e-18  -9.819979515008e-06  -6.604442218892e-01   1.794975224758e-01  -4.784986169854e-19  -8.684602815975e-05  -6.311758310008e-01   3.309212078159e-01  -2.103305577492e-18  -1.387843743589e-04  -4.394662675074e-01   2.046581700849e-01  -2.900029006780e-18  -9.968716459337e-05   1.986331681471e-18   4.951476338830e-21   1.434342874770e-01  -1.306465328438e-04  -1.278732614828e-01  -2.797103153001e-01  -4.007475742362e-01  -4.372267648494e-01  -3.475663543013e-01  -1.294444559859e-01   2.192847655585e-01   3.701302233761e-04  -2.797103153001e-01  -4.007475742362e-01  -4.372267648494e-01  -3.475663543013e-01  -1.294444559859e-01  -2.192847655585e-01   3.701302233761e-04  -1.795840490013e-01  -2.870882674597e-01  -3.658118900860e-01  -3.247498243868e-01   1.033392469257e-01  -1.506757586065e-01   2.587812221061e-04  -1.795840490013e-01  -2.870882674597e-01  -3.658118900860e-01  -3.247498243868e-01   1.033392469257e-01   1.506757586065e-01   2.587812221061e-04
  -6.808161780502e-04   6.537065141848e-04  -1.654043885135e-01  -2.435219723356e-21   4.946708818455e-05  -1.184035376558e-02  -2.908555453433e-01  -2.197415223414e-18   1.118957084655e-04  -1.055216621296e-01  -3.460337457940e-01  -1.884860065878e-18   7.134379176460e-05  -1.361471941803e-01  -1.679208068995e-01  -1.177587554920e-18   3.891525584000e-07  -7.042099618839e-20   4.240847790014e-22   3.310570944973e-02  -9.968557451489e-05  -1.376749433163e-01  -6.619163467190e-01  -6.303718741896e-01  -5.921086425118e-02  -2.433357049415e-18  -7.280679270695e-05  -6.097775696560e-01  -8.732158776895e-02  -1.499803911543e-18  -2.016242313183e-04  -4.213119369016e-01  -1.163392304649e-01  -4.084203826281e-18  -1.830187649708e-04  -2.046581700849e-01  -5.828584280958e-02  -3.160176044950e-18  -6.415137570894e-05  -3.191935894506e-19   2.750820188333e-21   8.818685935520e-02  -1.890801597063e-04   2.112915008773e-02   1.018364104987e-01   7.318283680290e-02  -3.187235826093e-02  -9.184152338925e-02  -6.726732772023e-03  -4.783325720897e-02  -7.514685457985e-05   1.018364104987e-01   7.318283680290e-02  -3.187235826093e-02  -9.184152338925e-02  -6.726732772023e-03   4.783325720897e-02  -7.514685457985e-05  -2.362083069086e-01  -3.108950395498e-01  -2.723241336434e-01  -1.666199962387e-01   9.306370080638e-02  -1.814958852182e-01   2.970829965109e-04  -2.362083069086e-01  -3.108950395498e-01  -2.723241336434e-01  -1.666199962387e-01   9.306370080638e-02   1.814958852182e-01   2.970829965109e-04
  -1.405545296711e-19   8.220479569516e-20  -1.117335719102e-18  -1.790001157134e-01  -1.130209828909e-21   3.889528972180e-18   1.360811369323e-18  -2.458683221314e-01  -2.260167626225e-21   1.173246513710e-18  -1.447155790384e-18  -1.600998194101e-01   2.862458509740e-21  -3.650711928846e-19  -1.177587554920e-18  -2.642930849093e-02   2.481541837659e-22   5.040365366716e-02  -2.218268861006e-04   3.625301010626e-19  -6.418580438941e-22  -5.592600831083e-18   6.074006189488e-19   9.445209678776e-19  -3.985721517129e-19  -1.309913721175e-01  -7.138568689171e-22   3.579223331347e-18  -1.281269410584e-18  -1.832146682665e-01   6.915229910214e-22   5.225560016125e-18  -1.960493703069e-18  -1.382943368587e-01  -5.293956190793e-23   2.924592962265e-18  -3.369393182929e-18  -3.415852907575e-02  -2.564260189239e-23  -6.915472222684e-03  -1.436505816977e-04   1.270527659880e-18   4.584700315686e-22   6.818934318769e-19  -1.676489442714e-01  -1.279213709637e-01  -3.811565030457e-02  -3.890525534494e-03  -4.964167360689e-02   3.873383690125e-02   1.322364831014e-04   1.676489442714e-01   1.279213709637e-01   3.811565030457e-02   3.890525534494e-03   4.964167360689e-02   3.873383690125e-02  -1.322364831014e-04   1.080506959640e-01   9.161219470380e-02   3.764466656478e-02   7.735706066111e-03  -3.698431586374e-02   2.449883292916e-02  -9.174841065326e-05  -1.080506959640e-01  -9.161219470380e-02  -3.764466656478e-02  -7.735706066111e-03   3.698431586374e-02   2.449883292916e-02   9.174841065326e-05
  -2.253367949264e-06  -2.462220865405e-06   1.372117614074e-05   2.030857650788e-21  -1.578511054989e-01  -6.868896099727e-05   6.535194547435e-05   6.385834328909e-22  -1.749783586739e-01  -1.246801096900e-04   4.836835337589e-05   1.577433428139e-21  -7.382038550902e-02  -1.187226931330e-04   3.891525584000e-07   2.481541837659e-22   2.140653926790e-02  -2.060249703392e-21   1.138472782483e-18   5.247192107955e-05  -4.340228128009e-02   5.718562273598e-05  -2.156122248511e-06  -1.010368474045e-06   5.658426406377e-07  -6.243145673163e-22  -1.344872982212e-01  -2.822864753419e-05  -2.376829632493e-05   1.361952878666e-21  -1.609806469916e-01  -7.894181868866e-05   2.639881808641e-05  -3.598235583238e-23  -8.961255787116e-02  -9.968716459337e-05   6.415137570894e-05  -1.033975475367e-23   4.223771774435e-03  -1.879727128562e-21  -3.542149016306e-18   3.821693054325e-05   5.014409949265e-02   3.674423869406e-05  -2.540645998131e-04  -2.075706889713e-04  -1.181727505843e-04  -8.664707026767e-05  -9.467415435412e-05   1.309772121048e-04  -4.343570584670e-02  -2.540645998131e-04  -2.075706889713e-04  -1.181727505843e-04  -8.664707026766e-05  -9.467415435412e-05  -1.309772121048e-04  -4.343570584670e-02  -1.732228061059e-04  -1.569736489622e-04  -9.819304272006e-05  -7.525345007942e-05   7.908141173666e-05  -9.780470059270e-05  -3.946149625327e-02  -1.732228061060e-04  -1.569736489622e-04  -9.819304272007e-05  -7.525345007943e-05   7.908141173667e-05   9.780470059270e-05  -3.946149625327e-02
   1.408419936316e-19  -1.252998595687e-19   4.122562529972e-19   9.411936664114e-02   7.507446763404e-22  -2.171314068487e-18   5.657153413028e-18   2.069234136541e-01  -7.152132489105e-21  -8.919992930002e-19   4.694733122770e-18   1.498646185332e-01   1.650492112870e-21  -2.863787203843e-18  -7.042099618839e-20   5.040365366716e-02  -2.060249703392e-21   1.245237777747e+00   4.949369110668e-04  -8.799617772373e-19   9.102055932392e-21  -3.351639687382e-18   5.794373215862e-19  -5.397962040481e-19  -5.723142790030e-17  -2.022104220366e-01  -5.757907141800e-31   3.098164059099e-17  -7.845565517685e-17  -3.051362526069e-02  -8.729852603273e-31   7.353568671750e-18  -8.028532952736e-18  -8.216465837605e-03  -2.423009060138e-31   3.300856955367e-18   3.182980793294e-18   6.915472222684e-03   3.667760250672e-22  -4.515306047287e-01  -6.322216684987e-05  -2.361834683217e-17  -1.599074557548e-22   1.456860724272e-16   2.146330498713e-02   5.510091193564e-02   6.048065294567e-02   1.498670376687e-02  -6.095370606146e-02   4.198722794400e-01   9.682425112545e-04  -2.146330498713e-02  -5.510091193564e-02  -6.048065294567e-02  -1.498670376687e-02   6.095370606146e-02   4.198722794400e-01  -9.682425112547e-04   7.089895185538e-02   8.315137546346e-02   2.195243915056e-02   9.490592533744e-04  -9.014213440834e-02   3.325017609559e-02  -1.290255814547e-04  -7.089895185538e-02  -8.315137546346e-02  -2.195243915056e-02  -9.490592533744e-04   9.014213440834e-02   3.325017609559e-02   1.290255814547e-04
  -6.877050470293e-22   2.788429057877e-22   2.392640476123e-21  -2.951518551276e-04   2.164803794847e-18   7.644987772809e-21  -2.384044163035e-21  -7.226698704122e-04   8.611901090514e-19   4.699317821367e-21  -1.421257097194e-21  -5.795117250420e-04   2.846181956355e-18  -2.636202680279e-22   4.240847790014e-22  -2.218268861006e-04   1.138472782483e-18   4.949369110668e-04   1.540221388236e+00   7.097746328549e-21   2.421995777196e-19   1.562341461114e-20  -2.573819311231e-32  -1.854278659724e-32   2.322215089965e-31  -5.694380326603e-06   4.278555843665e-18  -5.709630188463e-31   1.467104101460e-21  -3.812764517927e-05   1.766017713847e-17  -2.934208201325e-21   5.868416402359e-21  -1.629945589845e-04   7.638515393884e-18  -1.467104100548e-21   2.157565152620e-31  -1.436505816977e-04   2.063308083176e-18   6.322216684987e-05   4.631710651574e-02  -7.382509622107e-22  -5.216582098337e-17   1.165037286006e-21  -3.616776013686e-05  -1.593360731163e-04  -1.987123479010e-04  -5.766376846552e-05   9.663942676459e-04  -1.131304388382e-03   3.040867194026e-01   3.616776013668e-05   1.593360731162e-04   1.987123479010e-04   5.766376846552e-05  -9.663942676461e-04  -1.131304388382e-03  -3.040867194026e-01   2.518230490759e-05   2.768708691314e-05   3.886673137939e-05   2.997727509620e-05  -6.666171342425e-05   1.300885792165e-05   1.555865944305e-02  -2.518230490759e-05  -2.768708691314e-05  -3.886673137939e-05  -2.997727509620e-05   6.666171342425e-05   1.300885792165e-05  -1.555865944305e-02
   5.407664457910e-03   8.443487360112e-03   1.035610496682e-02   6.063061835982e-18   5.439909139836e-05   1.976765542411e-01   6.969961504268e-02  -8.741380016910e-18   1.498777721199e-04   2.504130279750e-01   8.310069996759e-02   2.574980149744e-19   1.281309862301e-04   1.596793463145e-01   3.310570944973e-02   3.625301010626e-19   5.247192107955e-05  -8.799617772373e-19   7.097746328549e-21   1.420090270286e+00  -1.263740562864e-04   7.819454114554e-02   5.340485589442e-01   5.162590347213e-01  -5.786110715088e-02   1.528617746821e-17   1.769848864583e-05   2.551555708873e-01   4.427364007905e-02   1.755014280517e-17   3.601429901856e-05   2.119170041375e-01  -1.310424138566e-01  -1.622135106256e-18   5.251735133362e-05   1.434342874770e-01  -8.818685935520e-02  -1.080792279696e-18   3.821693054325e-05  -2.392654417268e-17   1.099066458470e-22   1.054472855571e-01  -4.827811237545e-06  -1.157812499022e-01   4.568227814806e-03   6.490636962402e-02   1.540512843273e-01   1.213174848197e-01  -1.237556274402e-01   2.017299643731e-01   1.217710909125e-03   4.568227814806e-03   6.490636962402e-02   1.540512843273e-01   1.213174848197e-01  -1.237556274402e-01  -2.017299643731e-01   1.217710909125e-03   3.513290044161e-02   9.009118796672e-02   1.131484833092e-01   1.014719465839e-01  -7.813545624675e-02   6.421947318704e-02  -1.465784187667e-04   3.513290044161e-02   9.009118796672e-02   1.131484833092e-01   1.014719465839e-01  -7.813545624675e-02  -6.421947318704e-02  -1.465784187667e-04
   2.767545455552e-06   9.244458667455e-06  -1.483803075708e-04   8.897184045942e-22  -5.149078096279e-02   2.943150401683e-04  -3.383023443027e-04  -3.025902206929e-21  -9.644061852668e-02   3.428659038610e-04  -2.661889645488e-04   2.980055203794e-21  -9.036111909319e-02   2.166325372637e-04  -9.968557451489e-05  -6.418580438941e-22  -4.340228128009e-02   9.102055932392e-21   2.421995777196e-19  -1.263740562864e-04   1.459311267298e+00  -8.409605691044e-05  -1.723746411789e-06  -1.799547022644e-06   2.674045020800e-05   2.322215089965e-31  -2.069393623828e-01  -6.334095087935e-06   4.446901005256e-06   1.130339608822e-30  -4.136041707069e-02   6.671693884155e-05  -1.747927409860e-04   1.041852589052e-30  -6.485214481418e-02   1.306465328438e-04  -1.890801597063e-04  -7.335520499489e-22  -5.014409949265e-02   3.362700630384e-22  -5.215543780548e-17   4.827811237545e-06  -3.938231344147e-01   2.504443965005e-05  -6.007256496705e-06   1.049497653972e-04   2.413372670954e-04   1.708615767476e-04  -1.389987792174e-04   9.821214582378e-04  -2.001691693369e-01  -6.007256496817e-06   1.049497653971e-04   2.413372670954e-04   1.708615767476e-04  -1.389987792174e-04  -9.821214582380e-04  -2.001691693369e-01  -9.504220468777e-05  -1.234751242949e-04  -1.890286578659e-05   6.652273363319e-05   1.652385198408e-04  -1.278481704037e-04  -4.946985198946e-02  -9.504220468777e-05  -1.234751242949e-04  -1.890286578659e-05   6.652273363319e-05   1.652385198408e-04   1.278481704037e-04  -4.946985198946e-02
  -2.037685201834e-03  -2.312622366638e-03  -1.278171668194e-01   6.783889359118e-18   7.275577439454e-05  -7.470807201378e-02  -3.800937774345e-01  -9.272097916239e-18   1.913876192490e-04  -1.191556335070e-01  -3.527592778662e-01   4.060944147995e-18   1.525220642637e-04  -8.010201253098e-02  -1.376749433163e-01  -5.592600831083e-18   5.718562273598e-05  -3.351639687382e-18   1.562341461114e-20   7.819454114554e-02  -8.409605691044e-05   1.207823965933e+00  -9.265005906249e-01  -8.965128176147e-01   1.176891432599e-01  -3.503354771552e-17  -7.059745565408e-06  -4.537395731544e-01  -7.643590404407e-02  -6.571809329500e-17  -5.130704547006e-06  -3.014812780630e-01   5.217500330164e-02  -1.847666876370e-17   3.770952380469e-05  -1.278732614828e-01  -2.112915008773e-02  -7.523144286938e-19   3.674423869406e-05   1.450585357095e-16  -2.198942772160e-22  -1.157812499022e-01  -2.504443965005e-05   2.585316556845e-01   9.499603440126e-03   2.035739622128e-02  -1.158128069638e-02  -4.207644697154e-02  -3.875629525667e-01  -6.282775992525e-04   5.052152835486e-04   9.499603440126e-03   2.035739622128e-02  -1.158128069638e-02  -4.207644697154e-02  -3.875629525667e-01   6.282775992527e-04   5.052152835487e-04  -4.198612812782e-02  -1.427298029443e-01  -1.609735897780e-01  -9.568494128618e-02   1.044994353373e-01  -1.185481041186e-01   1.717879828732e-04  -4.198612812782e-02  -1.427298029443e-01  -1.609735897780e-01  -9.568494128618e-02   1.044994353373e-01   1.185481041186e-01   1.717879828732e-04
  -2.052117890555e-03  -1.317241649715e-03  -3.849811994798e-02  -1.321327618691e-18  -3.512252168149e-06  -2.774376087663e-01  -8.576498247505e-01  -6.697097456548e-19  -4.609137422229e-06  -8.111686290613e-01  -1.505148148737e+00   3.200625409607e-18  -4.105230111803e-06  -6.347177665075e-01  -6.619163467190e-01   6.074006189488e-19  -2.156122248511e-06   5.794373215862e-19  -2.573819311231e-32   5.340485589442e-01  -1.723746411789e-06  -9.265005906249e-01  -9.502501198205e+00  -1.195060908414e+01  -1.202324446735e-03  -3.763173106814e-28   8.962484289226e-06  -4.406329956235e+00   1.584795204936e-03  -1.737261714495e-28  -4.899103481462e-06  -1.982820756651e+00   1.403830989566e-03  -1.734723476032e-18  -5.043181360898e-06  -8.357477619789e-01   6.808161780502e-04  -1.392397475833e-29  -2.253367949264e-06   0.000000000000e+00   0.000000000000e+00   5.407664457910e-03  -2.767545455552e-06  -2.037685201834e-03  -3.017145581163e-04  -2.924782175910e-02  -3.148526129318e-01  -4.102215322262e-01  -2.491195484646e-03   1.401996559303e-03   7.250660675628e-07  -3.017145581163e-04  -2.924782175910e-02  -3.148526129318e-01  -4.102215322262e-01  -2.491195484646e-03  -1.401996559303e-03   7.250660675629e-07  -1.336546679611e-01  -9.609077062796e-01  -1.018740799099e+00  -6.231982333395e-01   5.917469678871e-01  -9.679845951636e-01   1.601043092705e-03  -1.336546679611e-01  -9.609077062796e-01  -1.018740799099e+00  -6.231982333395e-01   5.917469678871e-01   9.679845951636e-01   1.601043092705e-03
  -1.317241649715e-03  -7.687501964737e-04  -4.758262863225e-02  -1.386415107269e-18   9.140838556608e-07  -2.810901752740e-01  -8.381267489362e-01  -1.461265858446e-18   1.495967629935e-06  -7.710569753804e-01  -1.411850338894e+00   3.832506627771e-18  -2.321308972892e-07  -6.059067239710e-01  -6.303718741896e-01   9.445209678776e-19  -1.010368474045e-06  -5.397962040481e-19  -1.854278659724e-32   5.162590347213e-01  -1.799547022644e-06  -8.965128176147e-01  -1.195060908414e+01  -8.724649168145e+00  -6.511434127923e-04  -5.227525023575e-28   8.569575497648e-06  -3.930970057433e+00   2.120691128496e-03  -1.624351451591e-28  -9.419653606797e-06  -1.861551557026e+00   2.388639644804e-04  -4.242294890521e-29  -7.572415764032e-06  -7.975868306239e-01  -6.537065141848e-04  -9.925796747243e-30  -2.462220865405e-06   0.000000000000e+00   0.000000000000e+00   8.443487360112e-03  -9.244458667455e-06  -2.312622366638e-03   4.764662192495e-04  -2.975305014503e-02  -3.018464035637e-01  -3.923122319706e-01  -3.274949661021e-03   9.674314198114e-04   1.230993863530e-06   4.764662192495e-04  -2.975305014503e-02  -3.018464035637e-01  -3.923122319706e-01  -3.274949661021e-03  -9.674314198114e-04   1.230993863530e-06  -1.558473188972e-01  -9.174825355890e-01  -9.680227281981e-01  -5.961269594769e-01   5.794306236002e-01  -9.478534981748e-01   1.568290029029e-03  -1.558473188972e-01  -9.174825355890e-01  -9.680227281981e-01  -5.961269594769e-01   5.794306236002e-01   9.478534981748e-01   1.568290029029e-03
   3.849811994798e-02   4.758262863225e-02   3.341339033435e-01   7.592205419268e-18   3.030497292277e-05   3.236176427706e-01   3.983425752370e-01  -1.469945241404e-17   4.120755759355e-05   2.315895449276e-01   1.210082573314e-01  -6.992825783345e-18   1.925916238667e-05   6.027957705261e-02  -5.921086425118e-02  -3.985721517129e-19   5.658426406377e-07  -5.723142790030e-17   2.322215089965e-31  -5.786110715088e-02   2.674045020800e-05   1.176891432599e-01  -1.202324446735e-03  -6.511434127923e-04   9.664891037727e-01   0.000000000000e+00  -4.481704567859e-05   2.851282644216e-02  -4.983757048203e-01   0.000000000000e+00  -8.714454695530e-05   1.283217371844e-02  -4.768467297533e-01   0.000000000000e+00  -5.331972970579e-05  -6.387406092360e-03  -1.654043885135e-01   0.000000000000e+00  -1.372117614074e-05  -8.028559779750e-28   2.934208200659e-21  -1.035610496682e-02  -1.483803075708e-04   1.278171668194e-01  -5.108219346913e-03   5.366798923801e-02   1.026690647319e-01   4.545267231622e-02   4.641716104708e-02  -1.323102366643e-02  -6.768157130784e-06  -5.108219346913e-03   5.366798923801e-02   1.026690647319e-01   4.545267231622e-02   4.641716104708e-02   1.323102366643e-02  -6.768157130786e-06  -2.202532846424e-01  -1.999237799366e-01  -9.282617735188e-02  -3.136605860522e-02  -8.046323815919e-02  -1.636187988006e-01   2.830026730424e-04  -2.202532846424e-01  -1.999237799366e-01  -9.282617735188e-02  -3.136605860522e-02  -8.046323815919e-02   1.636187988006e-01   2.830026730424e-04
   1.376831437793e-18   1.451776437731e-18   7.523529576092e-18  -5.054377576838e-02  -3.179475477297e-23  -6.156510581240e-19  -1.126801606571e-17  -1.422234791710e-01  -1.501332810828e-22  -2.483885153347e-18  -4.044304094256e-18  -2.107600930677e-01   2.208572236061e-22  -1.851213180258e-18  -2.433357049415e-18  -1.309913721175e-01  -6.243145673163e-22  -2.022104220366e-01  -5.694380326603e-06   1.528617746821e-17   2.322215089965e-31  -3.503354771552e-17  -3.763173106814e-28  -5.227525023575e-28   0.000000000000e+00   1.009045707193e+00   0.000000000000e+00  -1.394675003589e-27   0.000000000000e+00  -4.447632431876e-01   0.000000000000e+00  -1.387778780870e-17   0.000000000000e+00  -4.700476795188e-01   0.000000000000e+00  -4.223898530495e-28   0.000000000000e+00  -1.790001157134e-01   0.000000000000e+00  -9.411936664114e-02  -2.951518551276e-04   4.635291150044e-28   2.934208200659e-21   8.028559779750e-28  -8.545068072200e-04  -2.528764545724e-02  -4.859897476508e-02  -2.664712251716e-02  -1.963676082485e-02   5.217530358905e-03   1.586566646475e-05   8.545068072200e-04   2.528764545724e-02   4.859897476508e-02   2.664712251716e-02   1.963676082485e-02   5.217530358905e-03  -1.586566646475e-05   3.580442459848e-01   3.297814006972e-01   1.566382378073e-01   4.339646970240e-02  -1.621095834407e-01   8.771901209319e-02  -4.419183326018e-04  -3.580442459848e-01  -3.297814006972e-01  -1.566382378073e-01  -4.339646970240e-02   1.621095834407e-01   8.771901209319e-02   4.419183326019e-04
