ARMA_MAT_TXT_FN008
80 80
  -9.673046743795e+00  -1.209909621286e+01   6.296492192646e-03  -7.370180563513e-03   1.279532083601e-28  -4.458808886168e+00   8.227119884777e-04  -5.388033783554e-03   5.906935552028e-29  -2.007039457808e+00  -3.352537318274e-04  -2.700753681315e-03   1.881517770630e-29  -8.459276826514e-01  -2.499378329256e-04  -9.313335779139e-04   4.734348362098e-30  -2.964294805228e-03   0.000000000000e+00   7.655976318496e-03   0.000000000000e+00  -2.951518226794e-03  -8.817799901312e-04  -6.532165108402e-04  -9.280173572425e-03   3.620991556054e-03   7.354228606932e-19  -6.946660488435e-02  -2.237406925559e-01   8.726580295456e-02   6.230783160955e-18  -6.679863249601e-01  -1.468045459159e+00   5.729253220188e-01  -7.255740111600e-18  -8.189066344365e-01  -1.077956036249e+00   4.202657737806e-01  -3.587525403806e-18   9.689066380793e-02  -4.077563516181e-18   8.238277577210e-02   1.043889695256e-17  -1.055502321167e-01  -2.172083276444e-03  -1.694118747112e-03   1.579667809954e-02   1.024473817540e-02  -1.991856285981e-18  -1.245631434985e-01   3.480572104662e-01   2.195481401242e-01  -1.031944526936e-17  -8.200085249931e-01   1.519494493343e+00   9.574731327895e-01   1.373896076931e-17  -8.788877312266e-01   9.749444959237e-01   6.140502463740e-01   5.163831094373e-18  -2.468601950776e-01   1.092775969473e-17   1.573994301716e-01   1.732877557460e-17  -1.183186379509e-01  -1.252946503678e-01  -9.465204787743e-01  -1.021801622452e+00  -6.287059784473e-01   6.809109992672e-03  -1.096592154363e+00   1.124385202826e-18  -5.241884346576e-04  -7.353484622883e-02  -4.351846659796e-01  -4.639534024544e-01  -7.362225062773e-03   9.664934081757e-03   2.574944509072e-19
  -1.209909621286e+01  -8.892149092012e+00   6.007333413336e-03  -7.096526403743e-03   1.777432447468e-28  -3.997144515805e+00  -6.159951305565e-04  -2.512680683599e-03   5.523024687838e-29  -1.888412267262e+00  -6.647173674506e-04   1.202059014780e-03   1.442440266882e-29  -8.071292500263e-01  -2.571443804872e-04   1.360951663055e-03   3.374911287073e-30  -3.456037987560e-03   0.000000000000e+00   1.084462074782e-02   0.000000000000e+00  -1.474158875801e-03  -3.916336492087e-04  -3.946295672086e-04  -9.355044540840e-03   3.388255010646e-03   2.135313756796e-19  -7.669724510059e-02  -2.514607289514e-01   9.796657417887e-02   8.910001202097e-18  -6.396164236342e-01  -1.378351520336e+00   5.385114734987e-01  -8.815049862716e-18  -7.791405104459e-01  -1.019496310699e+00   3.988989760251e-01  -4.377343985118e-18   1.200553977034e-01  -6.615562003531e-18   1.020844155239e-01   1.693638119042e-17  -1.307647836971e-01  -7.653196130583e-04  -6.309210281194e-04   1.583939292734e-02   9.929415730544e-03  -1.078247889332e-18  -1.366377883708e-01   3.802229024909e-01   2.395598816711e-01  -1.569876672947e-17  -7.818952212607e-01   1.420154626920e+00   8.954304200901e-01   1.695090214843e-17  -8.356867080213e-01   9.216117569625e-01   5.819263484836e-01   6.307952662234e-18  -2.957141609659e-01   1.933482973185e-17   1.885562015693e-01   3.066034892388e-17  -1.414782301470e-01  -1.477429143068e-01  -9.084285764907e-01  -9.732975330848e-01  -6.014949092460e-01   6.559306483310e-03  -1.081970573005e+00   2.677843146209e-18   2.611225818185e-04  -7.369045146394e-02  -4.155608169510e-01  -4.430823030388e-01  -8.933591910958e-03   9.776014413393e-03   2.406022375211e-19
   6.296492192646e-03   6.007333413336e-03   8.171843476377e-01  -3.261524103220e-02   0.000000000000e+00  -1.899634776624e-02  -5.977992019943e-01  -3.829542493955e-02   0.000000000000e+00  -1.293127179770e-02  -4.789753654060e-01  -1.360319776383e-02   0.000000000000e+00  -6.038335772586e-03  -1.486238906127e-01  -2.268264951568e-03   0.000000000000e+00  -1.727056765737e-01   0.000000000000e+00   5.540585680736e-03   2.729823883120e-28   1.434484760536e-02   3.020338668601e-02   2.931988897975e-02   2.157839055331e-01  -9.342076225721e-02  -1.054759656638e-17   2.765883904157e-01   3.903053653371e-01  -1.894448776289e-01  -8.951260996730e-19   2.763234772474e-01   2.059672735385e-01  -1.630478887084e-01   2.867253578720e-17   1.193004339440e-01  -4.070983030819e-02  -5.950870775658e-02   4.069455093010e-18  -1.653159413418e-01  -2.320103242071e-18  -1.127555760231e-01   1.114452548840e-17   1.212775762778e-01  -6.129597964028e-02  -6.112677835470e-02   2.338450116349e-01   1.915683744691e-01  -1.834479654902e-17  -3.315324874304e-01   3.263905352428e-01   3.071566541629e-01   1.777015927475e-17  -2.909929119455e-01   1.150054170977e-01   2.289593236275e-01   4.106455758255e-17  -1.216530349809e-01  -7.681259252340e-02   7.582830912512e-02   4.872214572862e-18  -1.770052441254e-01  -3.458534131458e-17   8.856070094893e-02  -5.870053358037e-17   7.820413880263e-03   8.496160960138e-04   1.190955266864e-03  -3.949082356539e-03  -4.143770772058e-03  -1.748871717847e-01   1.727097092769e-03  -2.103129950534e-19  -1.131483216086e-03   6.528118842720e-02   7.732038507019e-02   2.778851493775e-02   5.158650208958e-02  -6.035863583138e-02  -1.362905413819e-18
  -7.370180563513e-03  -7.096526403743e-03  -3.261524103220e-02   8.360148489438e-01   0.000000000000e+00  -2.569573368576e-02  -3.799098414162e-02  -5.596337163548e-01   0.000000000000e+00  -1.290089510839e-03  -1.364158902606e-02  -4.942584361765e-01   0.000000000000e+00   1.671231630340e-02  -2.663911607220e-03  -1.734356649272e-01   0.000000000000e+00  -3.622555127286e-02   2.729823883120e-28   3.354804815950e-02   0.000000000000e+00  -1.082514422996e-01  -1.193987366558e-02  -1.173555078607e-02  -1.017521678507e-01   1.001158134777e-02   4.120022942831e-18  -1.115067683553e-01  -1.984929360945e-01  -2.530274858434e-02   3.496474332413e-19  -1.073738877193e-01  -1.687091053719e-01  -1.483781939270e-01  -1.119985055704e-17  -4.119924542741e-02  -6.049871483861e-02  -1.766165056120e-01  -1.589579981437e-18  -3.467430206098e-02   6.111132246245e-18   4.431091353134e-02  -2.320103242276e-18  -1.397664937663e-01  -3.871126286096e-02  -3.874318768834e-02   1.935886128989e-01   5.688778162448e-02  -1.156847623036e-17  -2.131005720390e-01   3.123514349937e-01   3.778627969980e-02   1.120610221185e-17  -1.860507494755e-01   2.363835599599e-01  -1.055325861418e-01   2.589586409726e-17  -7.062670182387e-02   7.333146040560e-02  -1.652284576713e-01   3.072484251426e-18  -3.112005326521e-02  -2.566655627001e-17   5.767197273964e-02  -3.458534131502e-17  -1.687894931545e-01   4.248067262392e-01   4.058846341974e-01   1.944273715142e-01   6.438815699622e-02  -6.597616382906e-03   2.408524272102e-01   3.631754540782e-17  -6.205294405022e-03  -7.795205983984e-02  -9.809677920384e-02  -3.349596630625e-02  -5.986580795671e-02   5.857910470236e-02   1.684594186507e-18
   1.279532083601e-28   1.777432447468e-28   0.000000000000e+00   0.000000000000e+00   9.859070755323e-01   4.742092278606e-28   0.000000000000e+00   0.000000000000e+00  -3.567158460807e-01   3.025056549677e-28   0.000000000000e+00   0.000000000000e+00  -3.855440003344e-01   1.436185244271e-28   0.000000000000e+00   0.000000000000e+00  -1.442897668582e-01   0.000000000000e+00  -4.501484120322e-02   3.152129107520e-28  -2.409421318218e-02   0.000000000000e+00  -1.730231962437e-18  -1.473247655123e-18  -1.054759656632e-17   4.120022942815e-18  -5.715906442923e-02  -8.438245344585e-18  -8.951260991120e-19   3.496474331855e-19  -1.341922931527e-01   7.626303535183e-18   2.867253578810e-17  -1.119985055662e-17  -2.068578253353e-01   2.129957451708e-18   4.069455093314e-18  -1.589579980939e-18  -1.718831218195e-01  -2.320103242433e-18   4.350425779259e-02   4.033821604444e-18  -1.165941699010e-01   2.516696621527e-18   4.626857268849e-18   4.498223308306e-18  -1.834479654888e-17  -1.156847623029e-17  -1.118466060659e-01   9.495213250503e-18   1.777015927567e-17   1.120610221206e-17  -2.187911262496e-01  -1.384654958235e-17   4.106455758354e-17   2.589586409654e-17  -2.734231870169e-01  -3.056823129880e-18   4.872214573092e-18   3.072484250587e-18  -1.969450734831e-01  -3.458534131550e-17   9.017577215446e-02   1.767489998740e-17   1.441463772210e-01  -1.651698865579e-17  -4.495979342916e-18   8.717204832124e-18   1.841249307711e-18   1.739142029668e-19  -2.103129951144e-19   3.631754540928e-17  -1.609513458591e-01  -2.331802866115e-19  -7.116002171073e-19   5.699160989735e-19   1.306083260417e-19  -1.362905413804e-18   1.684594186490e-18  -2.325508219526e-02
  -4.458808886168e+00  -3.997144515805e+00  -1.899634776624e-02  -2.569573368576e-02   4.742092278606e-28  -2.340160144017e+00  -3.599650546982e-02  -9.216105891102e-02   7.537656845261e-28  -1.647825790595e+00  -1.422029568941e-02  -5.940982397502e-02   4.925563816301e-28  -8.970529438181e-01  -3.559575569960e-03  -1.116166639581e-02   1.706264504034e-28  -9.097881636172e-02   0.000000000000e+00   2.882814429758e-01   0.000000000000e+00  -1.259296163468e-01  -3.374322205957e-01  -3.255562305147e-01  -2.778329736778e-01   1.039977318293e-01   3.481443932296e-19  -5.179923612850e-01  -4.738959672099e-01   1.776834735832e-01  -9.428371497899e-18  -7.875666912066e-01  -1.040721568671e+00   4.003142854683e-01  -3.282045161806e-17  -8.480364810948e-01  -9.252472825409e-01   3.504116852794e-01  -1.722964793241e-17   1.051826058936e-01   9.489845599970e-18   9.222026289616e-02  -2.429478288262e-17  -1.208914665522e-01  -4.929007352178e-01  -4.732813446834e-01   3.058309280002e-01   1.897278063091e-01   2.611998917652e-18  -6.723969150509e-01   5.234584900742e-01   3.257059889921e-01   2.365460310002e-17  -9.299953634940e-01   1.023032678350e+00   6.368287306039e-01   5.378453146305e-17  -9.095090856004e-01   8.235820052340e-01   5.070826800193e-01   2.445690432095e-17  -1.932888116629e-01  -2.764600086287e-17   1.206172033950e-01  -4.383984987562e-17  -9.320019778612e-02  -4.397678979803e-01  -8.847363360896e-01  -9.858352454475e-01  -6.888390570293e-01   7.884413000087e-03  -6.411231520941e-01  -1.937428546470e-17  -4.555525712903e-02  -2.181756202270e-01  -5.082758857117e-01  -5.235529721305e-01  -9.584476841987e-02   1.577197319821e-01   1.860394434059e-18
   8.227119884777e-04  -6.159951305565e-04  -5.977992019943e-01  -3.799098414162e-02   0.000000000000e+00  -3.599650546982e-02  -6.803375678650e-01  -9.027317887578e-02   0.000000000000e+00  -2.389073033475e-02  -8.166160370559e-01  -5.824810327953e-02   0.000000000000e+00  -9.240948147352e-03  -3.580295270235e-01  -1.804801046189e-02   0.000000000000e+00  -5.766996203985e-01   0.000000000000e+00   2.640719080841e-02   7.321259646158e-28   5.740918123742e-02   1.005451604243e+00   9.620150411710e-01   4.231097642740e-01  -2.200366759067e-01   1.287382193818e-17   9.533427394419e-01   3.389834982808e-01  -1.904483488889e-01   5.537263838592e-17   6.458838099379e-01   9.845594578525e-02  -1.236389383878e-01   6.138689763825e-17   2.881121503506e-01  -1.688773538854e-01  -6.853643602181e-02   1.225765653988e-17   2.922778059712e-03  -3.892565299648e-17   7.716440512579e-03   8.454980662374e-17  -1.547704831391e-02  -1.240873093972e+00  -1.180064109977e+00   3.204284492610e-01   3.469504030508e-01   2.766871750170e-17  -1.035120762699e+00   2.148433361994e-01   2.904102836976e-01   9.271251773633e-17  -6.675137002131e-01   2.307421452348e-04   1.681887914401e-01   8.182100906593e-17  -2.901863257832e-01  -2.198175089006e-01   6.627730272002e-02   1.453663134960e-17  -7.083648294862e-03  -8.812318318148e-17  -3.077550056706e-03  -1.074288598811e-16   1.964307986512e-02   2.721568297105e-04   5.675193566498e-03   1.527230317673e-03  -2.846159209218e-03  -5.869877407657e-02   5.580230074482e-03  -3.534979267167e-19   8.525967359168e-02   2.569927263901e-01   2.204240232153e-01   8.089622240118e-02   7.688150610273e-02  -2.788849338695e-01  -7.462296235808e-19
  -5.388033783554e-03  -2.512680683599e-03  -3.829542493955e-02  -5.596337163548e-01   0.000000000000e+00  -9.216105891102e-02  -9.027317887578e-02  -4.354429301377e-01   0.000000000000e+00  -1.310293492183e-01  -5.922207235381e-02  -5.934933330904e-01   0.000000000000e+00  -7.406419543650e-02  -1.903597976665e-02  -2.896508996319e-01   0.000000000000e+00  -1.208211083872e-01   7.321259646158e-28   1.403899442223e-01   0.000000000000e+00  -2.893092498625e-01  -3.934934608782e-01  -3.763287180801e-01  -2.373721996730e-01  -6.392094862875e-02  -5.028675624214e-18  -3.772016452951e-01  -2.204892559955e-01  -1.134035701963e-01  -2.162924407676e-17  -2.622513839215e-01  -1.620913092565e-01  -1.884801528519e-01  -2.397848885114e-17  -1.526297370693e-01  -1.349329015794e-01  -2.420197385371e-01  -4.787993726424e-18  -5.114406862771e-02   1.017893195243e-19   3.732870777449e-03  -3.892565299703e-17  -2.927557659338e-02  -7.825209951821e-01  -7.443058546840e-01   3.485912592836e-01  -3.761006607967e-03   1.744826659092e-17  -6.569702357031e-01   2.972828986087e-01  -5.926076319559e-02   5.846576465596e-17  -4.337932510357e-01   1.980288211383e-01  -1.435231294783e-01   5.159743233103e-17  -2.259337474839e-01   1.212662648133e-01  -2.164497743957e-01   9.166995874811e-18   1.961536830913e-02  -2.325854022848e-17   8.483061071307e-04  -8.812318318228e-17  -4.031793655056e-02   4.663841911902e-01   3.997875162334e-01   1.855831213134e-01   2.859467436045e-02  -7.413334468941e-03  -7.505376457278e-02   6.104319422502e-17  -1.077063778388e-01  -2.147188883487e-01  -2.166418770102e-01  -1.217540936157e-01  -1.117938553056e-01   1.827369088796e-01   9.223634105170e-19
   5.906935552028e-29   5.523024687838e-29   0.000000000000e+00   0.000000000000e+00  -3.567158460807e-01   7.537656845261e-28   0.000000000000e+00   0.000000000000e+00   2.150337670763e-03   8.975860867198e-28   0.000000000000e+00   0.000000000000e+00  -2.541298632530e-01   5.668756182910e-28   0.000000000000e+00   0.000000000000e+00  -1.699969330387e-01   0.000000000000e+00  -8.807754451597e-02   8.453862455033e-28  -2.976774745057e-02   0.000000000000e+00  -1.365060121752e-18  -2.000809360444e-18   1.287382193959e-17  -5.028675624657e-18  -1.952710238522e-01   1.290449585143e-17   5.537263839074e-17  -2.162924407802e-17  -2.349224873384e-01   2.386469263677e-17   6.138689764475e-17  -2.397848885160e-17  -2.091847239720e-01   7.203213389618e-18   1.225765654249e-17  -4.787993725326e-18  -1.877522288014e-01  -3.892565299849e-17   1.554695514201e-02  -5.059607269438e-17  -5.529766451338e-02   4.222400865457e-17  -1.231547425292e-18  -4.937905175981e-19   2.766871750383e-17   1.744826659209e-17  -2.732685372321e-01  -3.237576368460e-17   9.271251774295e-17   5.846576465907e-17  -3.126014739176e-01  -3.910827696265e-17   8.182100907356e-17   5.159743233241e-17  -2.622835245665e-01  -1.022471853972e-17   1.453663135218e-17   9.166995873125e-18  -2.123152458306e-01  -8.812318318540e-17   3.057407237740e-02   9.369418249657e-17   5.101355734800e-02  -4.208515982873e-17   1.834428854617e-17   2.182497920590e-17   5.782988332918e-18   6.771968480653e-19  -3.534979269052e-19   6.104319423151e-17  -3.970347485567e-02  -2.104695327016e-18   1.646142084242e-20   2.156612165492e-18   5.196779877065e-19  -7.462296231513e-19   9.223634099521e-19  -6.861198076508e-02
  -2.007039457808e+00  -1.888412267262e+00  -1.293127179770e-02  -1.290089510839e-03   3.025056549677e-28  -1.647825790595e+00  -2.389073033475e-02  -1.310293492183e-01   8.975860867198e-28  -1.351405456926e+00   2.374854037991e-02  -1.892569194634e-01   1.373588113585e-27  -8.400355481895e-01   2.231441334607e-02  -8.563082628252e-02   8.970279889537e-28  -1.097058172154e-01   0.000000000000e+00   3.891827939731e-01   0.000000000000e+00  -1.945972207856e-01  -9.880029014574e-01  -9.365607673679e-01  -2.089488015935e-01   7.083572361150e-02  -2.401345858289e-18  -9.407511834358e-01  -3.355941383753e-01   9.445852793204e-02  -9.235358120616e-18  -9.199618562192e-01  -6.899739993680e-01   2.202599220925e-01  -2.133169312615e-17  -8.438150636488e-01  -6.982833598439e-01   2.116972023989e-01  -1.775124208847e-17   7.748045155976e-02   2.155835640853e-18   8.070348510521e-02  -5.519116014665e-18  -7.124495080545e-02  -1.111190147706e+00  -1.052456569490e+00   1.985983512886e-01   1.183170265834e-01   3.754502710939e-18  -1.033388052639e+00   3.448803048725e-01   2.078945995904e-01   1.414267017631e-17  -9.790367507473e-01   6.679064216469e-01   3.971583281777e-01   3.115202089255e-17  -8.624335245031e-01   6.447836595330e-01   3.353915146312e-01   2.459495589152e-17  -1.460807657724e-01  -4.429157230195e-18   9.131947966280e-02  -7.023568761932e-18  -6.901755381420e-02  -4.281058850300e-01  -6.848736897698e-01  -8.111913007939e-01  -6.409059445107e-01   9.936099591913e-03  -4.606062174551e-01  -7.258208080270e-18  -1.767506212284e-01  -3.812914612464e-01  -5.779885714486e-01  -5.470665035141e-01  -5.345104547194e-02   2.964867845801e-01  -1.410991389015e-18
  -3.352537318274e-04  -6.647173674506e-04  -4.789753654060e-01  -1.364158902606e-02   0.000000000000e+00  -1.422029568941e-02  -8.166160370559e-01  -5.922207235381e-02   0.000000000000e+00   2.374854037991e-02  -8.554097503965e-01  -3.378109872353e-02   0.000000000000e+00   4.082610032588e-02  -4.282519687896e-01  -2.077144236852e-03   0.000000000000e+00  -5.192109012326e-01   0.000000000000e+00   9.512870333496e-03   5.822070757901e-28   6.529020118293e-02   1.705070947141e+00   1.611293152711e+00   8.552201642446e-02  -1.154376059848e-01   6.503211031179e-18   1.370285737459e+00   1.047160021859e-01  -8.129762171313e-02   2.218364480313e-17   8.786025555728e-01  -1.605581444251e-02   2.187258354155e-03   3.644062777235e-17   4.084776270856e-01  -2.366769700839e-01   7.217634159713e-03   1.681295945469e-17  -4.897195138760e-02  -4.690857300346e-18  -4.955006052067e-02   5.756654680846e-18   6.712329920278e-03  -1.616770700137e+00  -1.526438956366e+00  -7.466465276570e-03   1.696775826558e-01   8.359031168416e-18  -1.248272115126e+00   2.006009232017e-02   1.810057185601e-01   2.804224816414e-17  -7.447251073703e-01  -7.769116654356e-02   6.801110847402e-02   4.428307322488e-17  -2.910354904342e-01  -3.038984470498e-01  -4.750234561307e-03   1.952056402058e-17  -7.345741505839e-02  -8.041244193866e-18   3.901756596976e-02  -3.317634513691e-18  -2.082349580817e-03  -3.802217515223e-04   8.776527283345e-03   2.904130891430e-02   3.359224918086e-02  -2.807173387318e-02   1.259648755187e-03  -8.354273090554e-20   2.311300387069e-01   4.371718609937e-01   3.564167411708e-01   1.556406696512e-01  -2.195985680821e-02  -4.170869912546e-01   4.195335707490e-18
  -2.700753681315e-03   1.202059014780e-03  -1.360319776383e-02  -4.942584361765e-01   0.000000000000e+00  -5.940982397502e-02  -5.824810327953e-02  -5.934933330904e-01   0.000000000000e+00  -1.892569194634e-01  -3.378109872353e-02  -4.760306987976e-01   0.000000000000e+00  -1.613052390012e-01  -2.569203205147e-03  -2.548732050110e-01   0.000000000000e+00  -9.441561732848e-02   5.822070757901e-28   1.392398715071e-01   0.000000000000e+00  -2.340837923481e-01  -6.672879928660e-01  -6.300759382790e-01  -1.360245300867e-01  -1.838125924105e-01  -2.540235444349e-18  -5.481060479517e-01  -1.489095366087e-01  -2.245553264968e-01  -8.665208701372e-18  -3.782788919369e-01  -9.324798222951e-02  -2.228980363048e-01  -1.423416429879e-17  -2.399334334490e-01  -1.099552608228e-01  -2.021325051771e-01  -6.567351934901e-18  -3.119063252922e-02  -4.420017204961e-18   3.896218018538e-02  -4.690857300587e-18  -8.973270800216e-03  -1.019579263943e+00  -9.626947978513e-01   1.685070383774e-01  -1.595872260815e-01   5.271317843314e-18  -7.902047271295e-01   1.835871641091e-01  -1.474708377527e-01   1.768382006681e-17  -4.847535405859e-01   1.011859643515e-01  -1.260052802935e-01   2.792550348895e-17  -2.761538775948e-01   1.047445437639e-01  -1.499962545205e-01   1.230993106658e-17  -1.331810550126e-02   4.362910716123e-18   2.724139097873e-02  -8.041244194122e-18  -6.751047531445e-02   3.996887201777e-01   2.747051376370e-01   5.491492125042e-02  -5.308161711463e-02  -6.503427683682e-03   1.645278081367e-01   1.442643581194e-17  -2.575704474959e-01  -3.255942892773e-01  -2.848227959998e-01  -1.882083953948e-01  -2.259297662675e-02   2.387722433349e-01  -5.185567590785e-18
   1.881517770630e-29   1.442440266882e-29   0.000000000000e+00   0.000000000000e+00  -3.855440003344e-01   4.925563816301e-28   0.000000000000e+00   0.000000000000e+00  -2.541298632530e-01   1.373588113585e-27   0.000000000000e+00   0.000000000000e+00  -8.319614789493e-02   1.635412279019e-27   0.000000000000e+00   0.000000000000e+00  -7.486833926665e-02   0.000000000000e+00  -7.674508260372e-02   6.722748238630e-28  -1.651205576308e-02   0.000000000000e+00   4.647907012035e-18   4.985212460571e-18   6.503211033663e-18  -2.540235445171e-18  -2.571506250653e-01   2.303447184404e-17   2.218364481225e-17  -8.665208704240e-18  -2.664325494053e-01   2.826550713721e-17   3.644062779136e-17  -1.423416430364e-17  -1.549416288395e-01   1.352380146118e-17   1.681295946905e-17  -6.567351936232e-18  -8.576111216047e-02  -4.690857301709e-18   9.071711745318e-03  -1.121519795980e-17  -5.192441350685e-02   5.088335944734e-18  -7.303199611878e-18  -7.852637182521e-18   8.359031171393e-18   5.271317845013e-18  -2.885430511852e-01  -3.527409914098e-17   2.804224817491e-17   1.768382007270e-17  -2.967784243436e-01  -4.127790811401e-17   4.428307324650e-17   2.792550349893e-17  -1.610530935550e-01  -1.873769163189e-17   1.952056403594e-17   1.230993106993e-17  -8.352127437200e-02  -8.041244196071e-18   3.753477737441e-02   1.603812382021e-17   6.213666915737e-02  -3.840272616483e-18   1.301953020009e-17   1.801204198057e-17   9.143500982857e-18   1.852721987192e-18  -8.354273110936e-20   1.442643582053e-17  -2.553467281665e-02   2.122156630688e-18   5.184324168473e-18   4.897519343513e-18   1.509106468244e-18   4.195335710092e-18  -5.185567594361e-18  -6.970472950470e-02
  -8.459276826514e-01  -8.071292500263e-01  -6.038335772586e-03   1.671231630340e-02   1.436185244271e-28  -8.970529438181e-01  -9.240948147352e-03  -7.406419543650e-02   5.668756182910e-28  -8.400355481895e-01   4.082610032588e-02  -1.613052390012e-01   1.635412279019e-27  -5.324822025400e-01   3.962243221976e-02  -8.770290753804e-02   2.504250586307e-27  -6.691592535078e-02   0.000000000000e+00   2.511566776267e-01   0.000000000000e+00  -1.232434812981e-01  -7.557861946206e-01  -7.175999634262e-01  -5.185435983743e-02   9.001154383363e-03  -2.430044098445e-19  -7.464064147024e-01  -1.294653968950e-01   7.362344319610e-03  -1.055364135068e-18  -6.795690895705e-01  -3.597765532160e-01   7.442000190496e-02  -3.618090179643e-18  -5.744272345562e-01  -4.086454764404e-01   9.025654045921e-02  -6.278620344075e-18   3.745851039836e-02   6.889181597680e-20   4.671942730359e-02  -1.763686979617e-19  -1.431207872998e-02  -7.811393433537e-01  -7.416289314463e-01   4.898993853134e-02   2.195537652767e-02   3.322930005244e-19  -7.586618652889e-01   1.364915198191e-01   7.427257100554e-02   1.440614155141e-18  -6.666952938153e-01   3.564033390086e-01   2.013668696607e-01   4.911661897194e-18  -5.523366623139e-01   4.092705392345e-01   1.814284877458e-01   8.433229777201e-18  -6.602153434494e-02  -1.275177674170e-19   4.156342352038e-02  -2.022122407253e-19  -2.951441488052e-02  -2.925572823812e-01  -4.243665506331e-01  -4.927376963921e-01  -3.974687025726e-01   6.956908904201e-03  -2.579391703751e-01  -6.739100214463e-19  -2.045633637557e-01  -3.395002596565e-01  -4.226738728473e-01  -3.704561651588e-01  -1.644686648449e-02   2.547961015364e-01  -4.665763154929e-19
  -2.499378329256e-04  -2.571443804872e-04  -1.486238906127e-01  -2.663911607220e-03   0.000000000000e+00  -3.559575569960e-03  -3.580295270235e-01  -1.903597976665e-02   0.000000000000e+00   2.231441334607e-02  -4.282519687896e-01  -2.569203205147e-03   0.000000000000e+00   3.962243221976e-02  -1.597165848475e-01   1.299050068099e-02   0.000000000000e+00  -1.909708000169e-01   0.000000000000e+00   1.138434139709e-03   2.128430845917e-28   2.299393901992e-02   7.261852016072e-01   6.894456719258e-01  -6.679975428779e-02  -1.656330565424e-02   3.357415520446e-19   6.762483634796e-01  -5.156694133450e-02  -1.628556534005e-04   1.409578089549e-18   4.655350029279e-01  -3.191448510987e-02   2.667807571539e-02   4.309125667440e-18   2.081476069982e-01  -9.143789642844e-02   2.731708110131e-02   5.728830579989e-18  -1.489761987048e-02  -8.444786061208e-20  -1.870734346487e-02  -1.480693054117e-19  -1.812602330396e-02  -6.327371469645e-01  -6.006779872295e-01  -8.405109614810e-02   3.182861795442e-02   3.852872041026e-19  -5.717719965525e-01  -7.013333448194e-02   5.103715507790e-02   1.615061528517e-18  -3.579253858947e-01  -4.915985643478e-02   3.746036357164e-02   4.913000207608e-18  -1.095247390431e-01  -1.198819484572e-01  -1.302640051716e-03   6.469539486203e-18  -1.623348016353e-02  -1.314948541209e-19   7.708954428723e-03   2.866561758171e-19   6.091565815833e-03   7.777044201678e-04   4.867323406320e-03   2.002924313334e-02   3.022562129745e-02  -3.358518281842e-02  -3.735755239026e-04  -4.561703655411e-21   1.716698271638e-01   2.601098233548e-01   1.937033034580e-01   8.398145296890e-02  -2.981640661041e-02  -2.284947610895e-01   6.263676685896e-19
  -9.313335779139e-04   1.360951663055e-03  -2.268264951568e-03  -1.734356649272e-01   0.000000000000e+00  -1.116166639581e-02  -1.804801046189e-02  -2.896508996319e-01   0.000000000000e+00  -8.563082628252e-02  -2.077144236852e-03  -2.548732050110e-01   0.000000000000e+00  -8.770290753804e-02   1.299050068099e-02  -7.654579055309e-02   0.000000000000e+00  -3.190044736571e-02   2.128430845917e-28   5.328799098782e-02   0.000000000000e+00  -8.011278299182e-02  -2.843441272389e-01  -2.696530835689e-01  -2.661539384090e-02  -1.134947438532e-01  -1.311448431488e-19  -2.725665781002e-01  -4.178756195199e-02  -1.577023275141e-01  -5.505988053531e-19  -2.077000562103e-01  -3.949306966022e-02  -1.610176920244e-01  -1.683198300546e-18  -1.298123166590e-01  -4.151468875935e-02  -9.289590362160e-02  -2.237752770461e-18  -1.559872678793e-02  -3.312763642001e-19   2.027039624341e-02  -8.444786064431e-20   1.318590342245e-02  -3.990518033272e-01  -3.788693934529e-01   2.981125683079e-02  -1.069080470168e-01   2.429673095927e-19  -3.621145596323e-01   5.015956931252e-02  -1.131062810333e-01   1.018479591941e-18  -2.325451857889e-01   5.118495998206e-02  -8.115440331144e-02   3.098204222312e-18  -1.220119494063e-01   6.006906038146e-02  -4.357761984245e-02   4.079778895210e-18   3.861836404715e-03   4.122526818347e-19   6.318733783621e-03  -1.314948541506e-19  -2.327768136585e-02   1.938333872627e-01   1.523117300879e-01   1.197015489783e-02  -5.241973849830e-02  -2.675469668621e-03   7.317782653984e-02   7.877301148356e-19  -1.943626785614e-01  -2.104153666783e-01  -1.507062309587e-01  -8.887461338658e-02  -1.329392495823e-02   1.373898477409e-01  -7.742102440819e-19
   4.734348362098e-30   3.374911287073e-30   0.000000000000e+00   0.000000000000e+00  -1.442897668582e-01   1.706264504034e-28   0.000000000000e+00   0.000000000000e+00  -1.699969330387e-01   8.970279889537e-28   0.000000000000e+00   0.000000000000e+00  -7.486833926665e-02   2.504250586307e-27   0.000000000000e+00   0.000000000000e+00   2.426687885572e-02   0.000000000000e+00  -3.306225788051e-02   2.457700243683e-28  -5.494095934495e-03   0.000000000000e+00   8.362545642856e-19   8.855444972224e-19   3.357415531649e-19  -1.311448435252e-19  -1.276022316782e-01   4.798970838133e-18   1.409578094399e-18  -5.505988069585e-19  -1.504251398102e-01   8.740416004796e-18   4.309125683908e-18  -1.683198305700e-18  -1.019439096045e-01   8.720783893792e-18   5.728830608105e-18  -2.237752777843e-18  -1.504946543576e-02  -8.444786083121e-20   2.624231422516e-03  -4.925464196112e-19  -2.242068743618e-02   9.160352978972e-20  -1.143948323060e-18  -1.211606891313e-18   3.852872053417e-19   2.429673103085e-19  -1.310358933733e-01  -6.550786678021e-18   1.615061533870e-18   1.018479594996e-18  -1.540122595725e-01  -1.186536711415e-17   4.913000225662e-18   3.098204232151e-18  -9.635517215334e-02  -1.171346097102e-17   6.469539516542e-18   4.079778909538e-18  -3.611738783565e-03  -1.314948544505e-19   1.622386145079e-02   6.559108417887e-19   2.694479810906e-02  -6.279825337931e-20   1.980104764919e-18   4.157688173733e-18   4.651961980622e-18   2.332438291500e-18  -4.561703743732e-21   7.877301188571e-19  -3.781831022354e-02   1.354400117654e-18   2.985530276509e-18   3.700754865653e-18   2.131135699508e-18   6.263676710540e-19  -7.742102475140e-19  -4.310396022235e-02
  -2.964294805228e-03  -3.456037987560e-03  -1.727056765737e-01  -3.622555127286e-02   0.000000000000e+00  -9.097881636172e-02  -5.766996203985e-01  -1.208211083872e-01   0.000000000000e+00  -1.097058172154e-01  -5.192109012326e-01  -9.441561732848e-02   0.000000000000e+00  -6.691592535078e-02  -1.909708000169e-01  -3.190044736571e-02   0.000000000000e+00   8.346643231248e-01   0.000000000000e+00   9.502918984075e-02   0.000000000000e+00   9.078880326043e-03   8.117506173743e-01   7.767025416010e-01   3.356620192577e-01   1.070009312361e-01   2.198029883953e-17   5.571781297630e-01   8.097839475656e-02   1.381593711192e-01   7.092551006698e-17   3.269437305743e-01   1.312808449714e-02   1.464844824784e-02   3.341778484570e-17   1.089255391904e-01  -1.464307699754e-01   1.857833203205e-02   2.294169883239e-18   3.927459817451e-02  -2.910468648961e-18   9.215197411362e-02   1.301078133535e-16  -2.132753718259e-01  -1.513847360118e+00  -1.434950283580e+00   3.584349400587e-01   1.602227842024e-02   6.804538748584e-17  -8.881578308422e-01   1.137562465456e-02  -1.132944225674e-01   1.650402579464e-16  -5.384194127388e-01   4.498700821338e-02   2.531002654554e-02   6.069754563691e-17  -2.547786373263e-01  -7.698587835099e-02  -1.875924635796e-03   3.696762041013e-18   1.561692078326e-01  -8.856160116790e-17  -1.269345180275e-01  -2.407871323595e-16   2.021820634992e-01  -5.876244442467e-03  -1.698143619226e-02  -4.353110061368e-02  -4.407442250976e-02  -3.243834303482e-01  -1.363373517244e-02   9.882188857368e-19   1.516098894484e-01   2.220583329973e-01   1.155925072615e-01   7.650181178583e-03   6.757759878263e-02  -2.510375232592e-01   6.622154915052e-19
   0.000000000000e+00   0.000000000000e+00   0.000000000000e+00   2.729823883120e-28  -4.501484120322e-02   0.000000000000e+00   0.000000000000e+00   7.321259646158e-28  -8.807754451597e-02   0.000000000000e+00   0.000000000000e+00   5.822070757901e-28  -7.674508260372e-02   0.000000000000e+00   0.000000000000e+00   2.128430845917e-28  -3.306225788051e-02   0.000000000000e+00   1.396130055541e+00   0.000000000000e+00  -3.128492386837e-02   0.000000000000e+00   1.337132244790e-20  -8.234231073735e-19   2.198029884060e-17  -6.235356543996e-18  -1.085997256366e-01   2.163039465816e-17   7.092551006984e-17  -2.552779506372e-18  -7.434863021819e-02   1.416672358009e-17   3.341778484756e-17   1.795388786946e-17  -2.923132273923e-02   1.456816965122e-18   2.294169883523e-18   4.649625438525e-18  -4.137489773902e-02  -2.910468648238e-18  -3.355996625759e-02  -6.338785641196e-17   4.220066140680e-02   8.656979823296e-17  -7.459305486401e-18  -6.361422918241e-18   6.804538748823e-17   3.128527366020e-17  -1.937193141403e-01  -6.575900939519e-17   1.650402579520e-16   4.792042910155e-17  -9.932678566922e-02  -3.106634927025e-17   6.069754563988e-17  -1.166067269626e-17  -3.819590185658e-02  -2.797366946184e-18   3.696762041382e-18  -5.489483146361e-18  -5.359991000982e-02  -8.856160116886e-17  -7.050618258324e-02   1.621346485184e-16  -1.174003822482e-01  -1.587234020489e-16  -6.865934669659e-17  -3.526946637955e-17  -3.202461825336e-18  -1.308819150759e-19   9.882188860219e-19  -1.313262029306e-16  -3.233299805422e-01  -3.207012782207e-18   2.582084871002e-18   1.790055736824e-18   1.399807836966e-19   6.622154920404e-19  -1.876428468680e-18  -5.384069065256e-02
   7.655976318496e-03   1.084462074782e-02   5.540585680736e-03   3.354804815950e-02   3.152129107520e-28   2.882814429758e-01   2.640719080841e-02   1.403899442223e-01   8.453862455033e-28   3.891827939731e-01   9.512870333496e-03   1.392398715071e-01   6.722748238630e-28   2.511566776267e-01   1.138434139709e-03   5.328799098782e-02   2.457700243683e-28   9.502918984075e-02   0.000000000000e+00   1.195757402057e+00   0.000000000000e+00   1.720669392851e-01   6.897993052962e-01   6.602717294405e-01   1.970881864908e-01  -7.317269844930e-02   2.143667986184e-17   4.663434362600e-01  -1.690926740132e-04   1.095155032470e-02   8.945636931365e-17   3.163133225731e-01   1.220912039544e-01  -2.938875130649e-02   6.426914279637e-17   2.649103698626e-01   2.026778022386e-01  -4.181708303590e-02   8.357844259651e-18   1.103583316331e-01  -6.338785641165e-17   7.147491016100e-02   1.622781100786e-16  -1.121864803084e-01   9.680254610133e-01   9.174576934405e-01  -1.578175054672e-01  -1.035035179092e-01  -5.695966805986e-17   5.576510027656e-01   4.042414884843e-02   2.243175257686e-02  -1.704381752824e-16   3.719748606098e-01  -1.151795901568e-01  -5.945451898762e-02  -9.649766813412e-17   2.877013865455e-01  -1.767900814105e-01  -7.254867635814e-02  -1.139580900430e-17  -1.310356576210e-01   1.621346485189e-16   8.601792339013e-02   2.571062153229e-16  -6.011751991457e-02   1.626906459850e-02   7.880583482759e-02   2.112157647266e-01   1.823019682789e-01  -3.603116013935e-03  -2.280782979796e-01   9.466970620472e-17   7.454612013216e-02   1.450816985287e-01   1.893830695419e-01   1.674153082790e-01   3.832824183132e-02  -1.536805907338e-01  -8.306217347352e-19
   0.000000000000e+00   0.000000000000e+00   2.729823883120e-28   0.000000000000e+00  -2.409421318218e-02   0.000000000000e+00   7.321259646158e-28   0.000000000000e+00  -2.976774745057e-02   0.000000000000e+00   5.822070757901e-28   0.000000000000e+00  -1.651205576308e-02   0.000000000000e+00   2.128430845917e-28   0.000000000000e+00  -5.494095934495e-03   0.000000000000e+00  -3.128492386837e-02   0.000000000000e+00   1.262116299950e+00   0.000000000000e+00  -3.423168186998e-20   2.108030673750e-18  -5.392094468275e-17   2.198029884038e-17   3.017813973984e-01  -5.537558396856e-17  -1.564235110295e-16   7.092551006872e-17   2.133702771761e-01  -3.626797400283e-17  -5.454497742024e-17   3.341778484568e-17   5.763426101459e-02  -3.729570885075e-18  -3.275061710187e-19   2.294169882791e-18   4.623316352519e-02   1.301078133556e-16   5.351430301280e-02   1.622781100770e-16  -1.323151408136e-01  -1.085504200889e-16  -1.182864871915e-17  -1.008767333515e-17   9.627840950664e-17   6.804538748788e-17  -3.230082898374e-01  -1.042778344001e-16   2.055576224675e-16   1.650402579502e-16  -1.763823778855e-01  -4.926369259964e-17   4.631421692846e-17   6.069754563721e-17  -5.696430274969e-02  -4.435945276034e-18  -1.958543485164e-18   3.696762040410e-18  -5.485912637471e-02  -2.407871323632e-16  -1.191219031859e-01   2.571062153196e-16  -1.831402609385e-01  -4.157156474878e-17   3.976026650788e-19   2.042436244717e-19   1.854528791953e-20   7.579302698026e-22   3.931698858078e-17   9.882188857900e-19  -2.102293807989e-03   2.594604159303e-18  -2.089011987447e-18  -1.448228109848e-18  -1.132501639631e-19  -1.593668527013e-18   6.622154920643e-19   7.692886753124e-02
  -2.951518226794e-03  -1.474158875801e-03   1.434484760536e-02  -1.082514422996e-01   0.000000000000e+00  -1.259296163468e-01   5.740918123742e-02  -2.893092498625e-01   0.000000000000e+00  -1.945972207856e-01   6.529020118293e-02  -2.340837923481e-01   0.000000000000e+00  -1.232434812981e-01   2.299393901992e-02  -8.011278299182e-02   0.000000000000e+00   9.078880326043e-03   0.000000000000e+00   1.720669392851e-01   0.000000000000e+00   8.789624540946e-01  -8.780528816045e-01  -8.416211964495e-01  -1.870742473660e-01   2.859120353809e-01  -2.384279406818e-17  -6.086936671968e-01   4.697059491392e-02   1.229761455139e-01  -7.693536575840e-17  -3.570621472900e-01  -3.472372197478e-02   3.197000620363e-02  -3.624943264317e-17  -1.991020409877e-01  -4.821389146414e-02   9.195435763255e-03  -2.488565805045e-18  -2.066372148951e-01   8.656979822980e-17  -1.220160302520e-01  -1.085504200862e-16   5.141788305163e-02  -7.227707442607e-01  -6.852843779480e-01  -6.995032515733e-02   3.888615112652e-01   3.249656792199e-17  -4.229534318726e-01  -1.343987706081e-01   1.575033394400e-01   7.881859668003e-17  -2.580777701879e-01   1.664211720430e-02   5.815466626804e-02   2.898744481117e-17  -1.630803883491e-01   6.069107415941e-02   3.410949073476e-02   1.765469831117e-18   2.046833118047e-01  -1.587234020437e-16  -6.323433115026e-02  -4.157156474760e-17  -1.746097021111e-01   7.641370596681e-02   7.009756783293e-02  -1.600409852962e-02  -6.813274729042e-02   4.555712834187e-03  -4.283832124015e-01   8.532159575093e-17   2.845785627022e-02  -8.701863414604e-02  -1.372330228521e-01  -9.824012977953e-02   2.765252494070e-02   1.435273362956e-01   1.413799706922e-19
  -8.817799901312e-04  -3.916336492087e-04   3.020338668601e-02  -1.193987366558e-02  -1.730231962437e-18  -3.374322205957e-01   1.005451604243e+00  -3.934934608782e-01  -1.365060121752e-18  -9.880029014574e-01   1.705070947141e+00  -6.672879928660e-01   4.647907012035e-18  -7.557861946206e-01   7.261852016072e-01  -2.843441272389e-01   8.362545642856e-19   8.117506173743e-01   1.337132244790e-20   6.897993052962e-01  -3.423168186998e-20  -8.780528816045e-01  -1.766789115457e+01  -2.208106307466e+01  -2.705075130481e-02  -1.565879754512e-02   1.934201710331e-27  -8.175317736459e+00  -1.305528069636e-02  -6.709002275064e-03   8.809450241472e-28  -3.543674796925e+00  -5.376832480977e-03  -2.771064523621e-03   2.564360755247e-28  -1.602298731546e+00  -1.838631020666e-03  -1.128788096261e-03   7.119604005685e-29  -3.007904853979e-04   0.000000000000e+00   4.939718830960e-04   0.000000000000e+00  -7.663608630131e-04   1.128714996262e-05   1.501479940040e-05  -1.473636705714e-04  -3.775858607925e-05   0.000000000000e+00   1.299052012305e-04   3.755406640190e-05  -6.584524174553e-05  -5.924716041837e-21  -3.970133231487e-02   1.638288983301e-01   1.247712406846e-02  -1.176783955545e-18  -3.489185199585e-01   8.533058149462e-01   6.512349700225e-02   1.025486803921e-18   2.871624333232e-05   9.515106905277e-23   6.549754610050e-05   1.241728924523e-21  -9.630035927773e-05  -1.540868509328e-04  -5.099632874367e-02  -4.382867069505e-01  -5.135284177282e-01   2.455114087901e-03  -3.168229777730e-03  -6.014716191072e-20  -2.368474241525e-01  -1.394714568363e+00  -1.292782507386e+00  -7.531277629854e-01   6.109487815591e-02   1.907425078910e+00   1.166669326422e-18
