ARMA_MAT_TXT_FN008
117 117
   3.184677462629e-01   2.841489386086e-01  -2.161066518821e-03   6.236486561500e-03  -3.404780908324e-06  -6.561935759558e-02  -2.546173980325e-03   7.064083514665e-03  -3.841016978547e-06  -6.012376271729e-02  -6.484694854849e-04   8.065590878653e-03  -3.331853197919e-06   3.449228285873e-03  -2.222386707225e-03   7.155945197267e-04  -1.561871719123e-06  -4.781532137456e-04  -1.891984602365e-07   4.910386374786e-04  -9.295029414541e-07  -6.678470053410e-04  -7.090721045419e-03  -4.308524953880e-03   1.647432509549e-03  -9.053200424793e-05   1.054295596082e-03   2.291793166005e-03  -2.595786976870e-08   1.303800029153e-03   2.041466515698e-03  -4.260086787412e-03   2.006938359199e-03  -4.142926234226e-06  -4.998959920824e-03  -6.539851289079e-03   3.210798844915e-03  -6.465928168432e-06   1.171095193538e-02   3.915142455857e-03   1.760210901297e-03   6.522229287071e-06  -2.050433348151e-03  -2.036673688159e-04   6.960794535288e-04  -4.342149249501e-07   2.772312724930e-03   3.101254654541e-06   1.521597911039e-03  -4.215849359172e-06  -1.805778723065e-03  -3.339442449397e-04  -5.665476186529e-04   2.815891962783e-03   1.943590236465e-05   3.951721438959e-06   1.752582248793e-03   4.158567122568e-03  -4.536724158653e-05   5.778801381358e-06   7.564243618211e-04   3.814235979304e-03  -5.592714935189e-04   4.787792191137e-06   2.744551542777e-04  -7.072462303474e-04   3.422821829797e-04   1.559804850209e-07   7.612735158949e-05   1.159215109270e-07  -7.735346357438e-06   5.097728547385e-08  -7.014309596157e-06  -1.355826888005e-04  -2.314796913607e-04   1.399170314785e-03  -8.398808307166e-04  -1.853680344831e-04   7.887931061094e-04   2.104780514030e-03  -1.215131322163e-03  -2.735923575154e-04  -1.167527062122e-03   1.380629065746e-03  -6.664946564332e-04   7.474396707851e-04  -3.209867042534e-03  -9.432405363505e-04   8.225809580862e-04   9.988873717457e-04   1.031824662722e-05   3.632495415622e-05   2.684162525458e-05  -1.797265684317e-05  -8.418541392309e-06  -1.354124949560e-04  -2.311869188141e-04   1.398087196050e-03  -8.393087923042e-04   1.870313683964e-04   7.878743615965e-04   2.102971424041e-03  -1.214190747799e-03   2.760657471949e-04  -1.169887454760e-03   1.381688498626e-03  -6.637418449453e-04  -7.454759354275e-04  -3.205576217682e-03  -9.397790383977e-04   8.237892601811e-04  -9.976905668325e-04   1.034158211457e-05  -3.636811001021e-05   2.677111016804e-05   1.784333812641e-05  -8.508481319477e-06
   2.841489386086e-01   2.627251841039e-01  -3.400312598324e-03   9.954108417833e-03  -5.431474977916e-06  -1.124526745274e-01  -4.463709608821e-03   1.259503995829e-02  -6.844045036333e-06  -1.002058042341e-01  -1.220170612168e-03   1.375416197298e-02  -5.814409038010e-06   5.069512367060e-03  -3.623946619685e-03   1.169380145014e-03  -2.505634133460e-06  -8.039827652161e-04  -3.528472925159e-07   7.398646043786e-04  -1.435037307370e-06  -1.097654189348e-03  -1.182530245703e-02  -7.099214139876e-03   2.912412801194e-03  -1.959936849330e-04   1.769652052182e-03   3.860141133631e-03  -4.822593467049e-08   2.136589515406e-03   3.356901405606e-03  -7.046044434896e-03   3.348785077983e-03  -6.869320294171e-06  -8.197654431610e-03  -1.091785427706e-02   5.372674568489e-03  -1.083304321016e-05   1.944333513300e-02   6.620114595258e-03   3.121843889913e-03   1.107849536376e-05  -3.207335009807e-03  -2.536298934715e-04   1.141589552038e-03  -6.666564670898e-07   4.690426582085e-03   5.248172339415e-06   2.557482558022e-03  -7.100189979929e-06  -3.040360637836e-03  -5.642736651543e-04  -9.553253676458e-04   4.776259520758e-03   2.615340182161e-05   6.706015706750e-06   2.944465507789e-03   7.050324440519e-03  -9.146715863587e-05   9.794898692624e-06   1.326394784891e-03   6.486707723033e-03  -9.429806070038e-04   8.165890037214e-06   6.783614231265e-04  -1.095294466643e-03   6.358419344344e-04   4.649631156427e-07   1.277920100015e-04   1.891574012702e-07  -1.207405600657e-05   8.584685014403e-08  -7.770774938646e-06  -2.250583606864e-04  -3.827687538642e-04   2.334962103358e-03  -1.415164549013e-03  -3.008652248210e-04   1.299177259143e-03   3.511107095319e-03  -2.043156438415e-03  -4.444202427945e-04  -1.979469036455e-03   2.297838474896e-03  -1.140879179491e-03   1.281079726183e-03  -5.366315549992e-03  -1.564775708719e-03   1.360341791784e-03   1.668008841444e-03   1.377469893043e-05   6.180048028963e-05   4.090065517458e-05  -3.273707178815e-05  -1.290941698450e-05  -2.247619042863e-04  -3.822577735422e-04   2.333161756791e-03  -1.414161611088e-03   3.035803727189e-04   1.297573051418e-03   3.508071175127e-03  -2.041500863918e-03   4.484355743304e-04  -1.983569508340e-03   2.299676497813e-03  -1.136159772102e-03  -1.277921672760e-03  -5.359087261350e-03  -1.559001098576e-03   1.362349785081e-03  -1.665968750916e-03   1.380690764584e-05  -6.186830829782e-05   4.078556116785e-05   3.253645487899e-05  -1.306729577133e-05
  -2.161066518821e-03  -3.400312598324e-03   5.119031038049e-02  -2.880629088505e-03  -2.232868607193e-05   9.282132930420e-03   7.935484248112e-02  -4.152044619133e-03  -3.572338338127e-05   1.810075154138e-02   4.752041674876e-02  -4.867007987101e-03  -5.154287337621e-05   1.245045353407e-02  -4.922507996421e-04   1.980200208189e-03  -5.029292159544e-06   5.721955807043e-03   2.330402567708e-07   1.015538137907e-03  -3.073424716034e-06  -2.960216162845e-03   2.558404071896e-02   3.558807915942e-02   5.737213122144e-04   2.888031265008e-03  -1.139858877513e-03  -6.217830289985e-03  -4.578137686637e-06   9.434868484846e-03   1.602675057960e-02  -3.021078641010e-02   1.109482373167e-02  -3.417755697899e-05  -4.829926804780e-02  -5.282687082485e-02   1.934419255085e-02  -6.052144632738e-05  -2.830098308778e-02  -1.187906576725e-02   1.006676304022e-04  -1.217229583629e-05  -5.214865212362e-03  -5.594105952450e-04  -1.196362929498e-03  -4.656337525485e-06   8.092219067100e-03   1.388799725213e-05   5.943627746934e-03  -2.606103628529e-05  -7.766104794802e-03  -1.144156336053e-03  -1.953253855761e-03   8.504567185826e-03   7.385056050258e-04   1.477736527930e-05   6.097224754717e-03   1.267620822159e-02   1.044397052296e-03   2.211551022847e-05   4.709334517312e-03   1.328238491901e-02  -7.307197045490e-04   2.054400893514e-05   1.779635676955e-04   2.729760143350e-03   3.968194042632e-05   6.359742164462e-06   2.075291366744e-06   4.501840508363e-07   1.435508109813e-05  -8.734620560546e-07  -4.851948932025e-04  -7.936552224872e-04  -1.349015730839e-03   5.620943976910e-03  -3.961829916440e-03  -2.311418651830e-03   4.057518106752e-03   8.340642696742e-03  -5.914022388885e-03  -3.370957161089e-03   4.374919577068e-03   9.519947248158e-03  -5.538442727390e-03  -2.912180530872e-03   2.655169622336e-03   2.079294256584e-03  -8.945443389476e-04  -1.084562351820e-03   2.656739426055e-04   9.318140562659e-05   2.332926350817e-04   2.658878592988e-04  -5.725579150770e-05  -7.910533359612e-04  -1.344586555702e-03   5.602836748206e-03  -3.956982290534e-03   2.314745015353e-03   4.043841422754e-03   8.313717080033e-03  -5.906387662302e-03   3.375808379120e-03   4.357540862955e-03   9.490938179135e-03  -5.530458931034e-03   2.921704913947e-03   2.671625261965e-03   2.079330986618e-03  -8.990417478568e-04   1.095362195951e-03   2.662700828279e-04  -9.312721671491e-05   2.315734896023e-04  -2.669549524082e-04  -5.650526551595e-05
   6.236486561500e-03   9.954108417833e-03  -2.880629088505e-03   6.602987449895e-02   2.242090658927e-06  -2.966219066227e-02  -3.928623621797e-03   1.025705503225e-01   4.488347714061e-06  -5.803812403868e-02  -5.987362936571e-03   7.669433826386e-02   6.330961292042e-06  -1.370512425827e-02  -5.784331353345e-03  -2.062921839315e-03  -2.620117976157e-07  -1.088394800279e-03  -2.032281785302e-06  -3.543596141436e-03   1.249252243807e-06  -3.828678487295e-03   3.213586086214e-02   4.978260455114e-02   1.412953517068e-02   2.612254984362e-03  -9.549187419940e-03  -2.454638946885e-03  -2.255456990937e-06  -3.939020759678e-03  -6.728659536678e-03   1.402233498031e-02  -1.198029908223e-04   1.423206759288e-05   2.007088962112e-02   2.602560577543e-02   3.482038039329e-04   2.569777892349e-05   1.540094391702e-02   1.278421980200e-02   1.629331967180e-02   2.175790198108e-05  -4.147966163780e-03  -1.147542160227e-03   4.591988468647e-03  -8.222266953284e-07   5.608426660285e-03   7.571979549147e-06  -3.972068824112e-03   1.699366602925e-05   9.260406359304e-03  -7.042923454380e-04  -1.185015445264e-03   2.758434165416e-03   9.706993719171e-04   6.196922156702e-06   3.365605507828e-03   4.171224820905e-03   1.224132558423e-03   8.866192709980e-06   8.452075362519e-03   7.040741873355e-03   2.496170624236e-03   1.475336099250e-05   1.161990842207e-02   6.984955372592e-04   3.473433121938e-03   6.434454834614e-06   1.839578204598e-04  -1.676681421592e-07   9.590912923131e-05   1.813217733928e-07   2.670039300746e-04   9.414357002189e-04   1.595166322472e-03  -6.003041158934e-03   1.283676371783e-03   3.806188174599e-03  -4.725806318786e-03  -8.932683116249e-03   2.021429242868e-03   5.477634104633e-03  -7.765484083110e-03  -1.126239821643e-02   1.593029767334e-03   6.657604818506e-03  -6.527996055712e-03  -1.421706184745e-03   7.203625802104e-04   3.100034284833e-03  -3.817669323696e-06   1.638171532867e-05  -1.309158364058e-04  -1.151633090653e-04   1.338485740721e-04   9.436333345802e-04   1.598935047880e-03  -6.002758994130e-03   1.297276114034e-03  -3.822792738216e-03  -4.737560427383e-03  -8.934091214334e-03   2.041797671925e-03  -5.503031894357e-03  -7.783840266726e-03  -1.126039964774e-02   1.617725986624e-03  -6.689333140269e-03  -6.528861642958e-03  -1.413614234313e-03   7.254883594572e-04  -3.101785739402e-03  -3.941077333056e-06  -1.608389116610e-05  -1.306526085770e-04   1.157293769838e-04   1.338021774587e-04
  -3.404780908324e-06  -5.431474977916e-06  -2.232868607193e-05   2.242090658927e-06   8.322837676959e-02   1.645029588504e-05  -3.588119418205e-05   4.762004438552e-06   1.303195124846e-01   2.288749967388e-05  -5.207498172175e-05  -6.999061687695e-07   1.194445385312e-01   1.001718328771e-06   2.766244867068e-06   1.073405493605e-05   6.159158593571e-03   1.474427842130e-07   4.929937885549e-03  -5.245841983046e-06  -3.043133713234e-03  -4.351480888238e-07   8.435487490741e-06   1.675198529329e-05  -4.133826785652e-06  -4.709207968271e-07  -4.617520286720e-06  -1.222714944648e-06   8.252871770694e-03   8.372312584164e-06   1.421717754714e-05  -3.399725780521e-05   1.084903262590e-05   8.028716148369e-03  -4.402815368526e-05  -6.106448473983e-05   1.729973744582e-05   1.527458099223e-02  -1.058714600317e-05   4.341280991442e-06   3.962523681209e-05   5.809424185128e-03   7.586304691757e-06  -2.842629093703e-06  -2.560516417916e-06   6.094727622598e-03   1.713791243694e-05  -6.973332076698e-03   1.945187400326e-05   1.303798915607e-02  -2.085761909948e-05  -2.978031831498e-06  -5.090348242554e-06   2.349178509494e-05   7.120051650650e-06  -4.027274249004e-03   1.593797293313e-05   3.509720436368e-05   1.009253871796e-05  -6.083265783924e-03   1.873525032345e-05   4.147240454902e-05   1.086127198378e-05  -6.091499112524e-03   5.663242017796e-05   2.656146901683e-05   2.073546011443e-05  -4.172730659022e-03   7.717732756121e-09  -3.702317614240e-05   7.439118154077e-07   2.907818438455e-04  -8.172126009060e-07   1.400959886594e-03   2.379771423536e-03  -5.484680932978e-03   5.931287650767e-03   2.794761890897e-03  -7.140306406442e-03  -8.397491002132e-03   8.973489900159e-03   4.251223990664e-03  -1.244988906621e-02  -1.067382371250e-02   9.796886612969e-03   4.323671062389e-03   5.386677035135e-03   2.240589603019e-03  -3.063481753139e-05  -3.774368814637e-03  -1.120919160411e-04   1.520692902288e-05  -5.503058273211e-05   1.881414040490e-04   3.615055032857e-05  -1.400824360955e-03  -2.379593815684e-03   5.477728327567e-03  -5.944514535963e-03   2.792595412845e-03   7.140503873865e-03   8.388250975536e-03  -8.993486882238e-03   4.250307649074e-03   1.244179743631e-02   1.065563219773e-02  -9.817308161920e-03   4.313821101891e-03  -5.443849134549e-03  -2.235508728609e-03   4.985450770683e-05  -3.793283312303e-03   1.124737612061e-04   1.501826776853e-05   5.631420174738e-05   1.875792046942e-04  -3.633483431762e-05
  -6.561935759558e-02  -1.124526745274e-01   9.282132930420e-03  -2.966219066227e-02   1.645029588504e-05   3.296019816355e-01   1.372964663081e-02  -4.248141609712e-02   2.352819956159e-05   2.866903034239e-01   4.254261453337e-03  -4.319018488561e-02   1.964051983330e-05  -1.167498253698e-02   1.028927794910e-02  -3.127818876108e-03   6.943473149923e-06   2.380217683012e-03   1.332658414259e-06  -1.695588450745e-03   3.543581675353e-06   3.197263391230e-03   3.230238895571e-02   1.793216525897e-02  -9.432769980308e-03   6.234083077098e-04  -4.672153475846e-03  -1.098712129967e-02   4.126521960306e-07  -5.433455560912e-03  -8.455807012630e-03   1.944873922791e-02  -9.533971599591e-03   1.940319383477e-05   2.000483756021e-02   3.035524397853e-02  -1.539416689266e-02   3.101142379761e-05  -5.572329154988e-02  -1.961959002133e-02  -1.006680981783e-02  -3.276423742610e-05   8.569383249604e-03   4.593116968655e-04  -3.340287234336e-03   1.871370206908e-06  -1.380920812151e-02  -1.552583874143e-05  -7.232766322543e-03   2.009030612214e-05   8.431440685162e-03   1.840623639058e-03   3.103625667876e-03  -1.438761170837e-02  -2.487200171951e-04  -2.045069496139e-05  -9.440099860552e-03  -2.128144688892e-02  -1.123194360962e-05  -2.994224906532e-05  -4.907101865920e-03  -1.965049724457e-02   2.495197104469e-03  -2.528770091681e-05  -2.963884833002e-03   2.851353808964e-03  -2.133388524760e-03  -2.240494614378e-06  -4.284458530927e-04  -6.330819601262e-07   5.827832391287e-05  -3.612161236443e-07   1.210427173936e-06   7.217421555495e-04   1.217431154753e-03  -6.446606866388e-03   4.406284850536e-03   9.620263854872e-04  -4.013813809612e-03  -9.700878966554e-03   6.397017610959e-03   1.474316390221e-03   5.628681058109e-03  -6.115081618188e-03   3.744396401616e-03  -3.697514893559e-03   1.562846717289e-02   4.495639026614e-03  -3.864542120848e-03  -4.889149562792e-03  -1.834502877379e-05  -2.304563174038e-04  -1.230247861010e-04   1.176601266744e-04   4.733885466659e-05   7.208872289789e-04   1.215947899495e-03  -6.440077062674e-03   4.403518466371e-03  -9.684611168039e-04  -4.009106685111e-03  -9.689855966121e-03   6.392490256334e-03  -1.483688374699e-03   5.641530145615e-03  -6.118669518788e-03   3.730367178604e-03   3.690794359747e-03   1.560775855288e-02   4.478821314443e-03  -3.870461060065e-03   4.883201067512e-03  -1.851917522933e-05   2.307281381417e-04  -1.226066807453e-04  -1.169639635642e-04   4.795986810449e-05
  -2.546173980325e-03  -4.463709608821e-03   7.935484248112e-02  -3.928623621797e-03  -3.588119418205e-05   1.372964663081e-02   1.231758218566e-01  -5.657096048939e-03  -5.723606948595e-05   2.717176976009e-02   7.364888423328e-02  -6.913589698393e-03  -8.156241308127e-05   1.936966565623e-02  -8.804992708611e-04   3.040838758311e-03  -7.942953920460e-06   8.922568614832e-03   3.246460238099e-07   1.597572559700e-03  -4.813512204547e-06  -4.688157730035e-03   3.987860165135e-02   5.557599589519e-02   9.722720553545e-04   4.647588952575e-03  -1.835129336791e-03  -9.646809846701e-03  -7.234095375199e-06   1.553331445817e-02   2.649119158724e-02  -4.614109412082e-02   1.698328669973e-02  -5.319320067844e-05  -7.991212101672e-02  -8.053842788017e-02   2.952650824945e-02  -9.419280014191e-05  -4.428154009459e-02  -1.843041378905e-02   1.636607035653e-04  -1.954893229343e-05  -8.381094955678e-03  -1.138728509559e-03  -1.792308982672e-03  -7.588730603386e-06   1.228810974745e-02   2.129818067894e-05   8.935763399228e-03  -3.969624594329e-05  -1.173963074978e-02  -1.507724745332e-03  -2.583407245467e-03   1.249067312815e-02   3.594591601824e-05   2.053319285766e-05   8.224072311677e-03   1.853533894405e-02  -1.506544537652e-04   3.049667590953e-05   6.575763210611e-03   1.985476803507e-02  -2.369197021148e-03   2.928704927288e-05   4.600074291602e-04   4.284221983399e-03   7.421935489041e-05   9.956588320175e-06  -1.349074936766e-04   3.131531774623e-07   1.037717465469e-04  -1.634102759978e-06  -7.029317398625e-04  -9.749676831439e-04  -1.660435525000e-03   7.682309024586e-03  -5.208595774618e-03  -2.801969333236e-03   5.092907188710e-03   1.134413829201e-02  -7.688802572876e-03  -3.951790162251e-03   5.990638064172e-03   1.338206395786e-02  -7.497259447405e-03  -3.689977482345e-03   4.370845492989e-03   3.236884341996e-03  -1.393918773907e-03  -1.729159570930e-03   4.538896322700e-04   1.636452115655e-05   2.994932128006e-04   4.725503791848e-04  -4.913295396511e-05  -9.712140661564e-04  -1.654042541201e-03   7.656034175368e-03  -5.200513343958e-03   2.806852993037e-03   5.073099288098e-03   1.130535531442e-02  -7.675980430152e-03   3.958988784714e-03   5.963888753810e-03   1.333868486308e-02  -7.484035154432e-03   3.703676064971e-03   4.395491737137e-03   3.236768005601e-03  -1.400911734547e-03   1.745769109507e-03   4.545664742361e-04  -1.614388801214e-05   2.970002664453e-04  -4.737233424721e-04  -4.762079939601e-05
   7.064083514665e-03   1.259503995829e-02  -4.152044619133e-03   1.025705503225e-01   4.762004438552e-06  -4.248141609712e-02  -5.657096048939e-03   1.594151747376e-01   8.895441389275e-06  -8.707467786463e-02  -9.083927556709e-03   1.190479558858e-01   1.152431515573e-05  -2.168878253788e-02  -8.912735976662e-03  -3.380483379512e-03  -2.596701175398e-07  -1.668302339411e-03  -3.093496518187e-06  -5.559651389502e-03   1.984057159840e-06  -5.932647828308e-03   5.057662230423e-02   7.796683545858e-02   2.211373239981e-02   4.049181756892e-03  -1.493850776197e-02  -3.979574520726e-03  -3.378763414438e-06  -6.518782788221e-03  -1.114394572587e-02   2.174345258327e-02   4.071167839008e-05   2.201058355084e-05   3.317121630845e-02   4.028244891829e-02   1.021525707893e-03   3.967655516911e-05   2.354854889731e-02   1.968704147763e-02   2.541669099297e-02   3.351280037566e-05  -6.330797003028e-03  -1.725842398111e-03   7.125378792702e-03  -1.117846161124e-06   8.579403570078e-03   1.155956155517e-05  -6.208552069887e-03   2.668561558230e-05   1.427564402485e-02  -1.148257085568e-03  -1.933188754441e-03   4.838121204764e-03   1.282080923662e-03   9.621870722924e-06   5.477930233016e-03   7.347120325201e-03   1.588942181743e-03   1.382071845785e-05   1.339604356979e-02   1.169135589133e-02   3.567276724618e-03   2.300167293296e-05   1.807199983998e-02   1.142731919808e-03   5.352828625030e-03   9.867955101759e-06   3.216902750482e-04  -2.215960798632e-07   1.280582712653e-04   3.673495167241e-07   4.284763273593e-04   1.381787903998e-03   2.341680920152e-03  -9.423907767503e-03   1.966912032396e-03   5.196583487415e-03  -6.970582630232e-03  -1.401765421901e-02   3.075823493856e-03   7.385555168085e-03  -1.183668883421e-02  -1.763769649896e-02   2.470802380665e-03   9.486175473636e-03  -1.010956155062e-02  -2.169996119619e-03   1.102590325343e-03   4.766778671443e-03  -1.051867443601e-05   7.149162572484e-05  -1.512414393656e-04  -1.920680652562e-04   1.982869376112e-04   1.384925105954e-03   2.347064749404e-03  -9.427341548824e-03   1.985953885415e-03  -5.221535220689e-03  -6.987444307382e-03  -1.402580511496e-02   3.104206247277e-03  -7.423729564810e-03  -1.186404838212e-02  -1.763949275083e-02   2.506732058766e-03  -9.534429110250e-03  -1.011198116632e-02  -2.157920284229e-03   1.110526572333e-03  -4.769809247497e-03  -1.056679169333e-05  -7.126122418542e-05  -1.508799769477e-04   1.926301713716e-04   1.980469267813e-04
  -3.841016978547e-06  -6.844045036333e-06  -3.572338338127e-05   4.488347714061e-06   1.303195124846e-01   2.352819956159e-05  -5.723606948595e-05   8.895441389275e-06   2.040670667289e-01   3.313860187288e-05  -8.222693533578e-05   8.263607973765e-09   1.870113682028e-01   1.086429801074e-06   4.131149704293e-06   1.658938741140e-05   9.619943418185e-03   1.767103104841e-07   7.721176720470e-03  -8.249931665838e-06  -4.780085501685e-03  -7.470329915012e-07   1.309315683757e-05   2.641299359685e-05  -6.046820740956e-06  -6.205910619132e-07  -7.334202696252e-06  -1.803710840903e-06   1.291468458861e-02   1.373174414894e-05   2.340150478341e-05  -5.249339143322e-05   1.675504917407e-05   1.291672727669e-02  -7.242472867821e-05  -9.420192013890e-05   2.659937843090e-05   2.457576606150e-02  -1.609248727422e-05   7.065379116895e-06   6.211636145188e-05   9.259253890611e-03   1.162677937164e-05  -4.623551325640e-06  -3.888993176060e-06   9.537748918364e-03   2.648827501248e-05  -1.082028040998e-02   3.000212560504e-05   2.023067367768e-02  -3.206667439458e-05  -4.309677969043e-06  -7.382685675744e-06   3.586514028209e-05   9.195288441413e-06  -5.978771715051e-03   2.330581461156e-05   5.349505011963e-05   1.274596588727e-05  -9.022262858499e-03   2.848768554187e-05   6.404487203583e-05   1.480278414649e-05  -9.157041963110e-03   8.897204830212e-05   4.151095203107e-05   3.243782323636e-05  -6.501123478631e-03  -1.708506586693e-07  -3.743277733034e-05   1.317833482543e-06   4.696204305860e-04  -1.199643213230e-06   2.159957415713e-03   3.666919518312e-03  -9.040418661630e-03   8.988712230936e-03   4.006982154238e-03  -1.100181900996e-02  -1.383504926179e-02   1.359057481055e-02   6.090868695548e-03  -1.947709656645e-02  -1.734469367598e-02   1.502894123710e-02   6.354757415783e-03   8.268613605354e-03   3.454638531675e-03  -4.822986677764e-05  -5.890975840311e-03  -1.696730719859e-04   5.203616071200e-05  -7.326652418714e-05   3.029953106158e-04   3.990984102277e-05  -2.159411653260e-03  -3.666075376971e-03   9.029046850683e-03  -9.007012319427e-03   4.004541262573e-03   1.100056324886e-02   1.381983811357e-02  -1.361810648154e-02   6.090757587990e-03   1.946310557402e-02   1.731517809196e-02  -1.505805743997e-02   6.340683479794e-03  -8.357918191605e-03  -3.446774873597e-03   7.830928785712e-05  -5.920434972726e-03   1.702269274553e-04   5.193481290648e-05   7.533723431683e-05   3.021501211038e-04  -4.008446070798e-05
  -6.012376271729e-02  -1.002058042341e-01   1.810075154138e-02  -5.803812403868e-02   2.288749967388e-05   2.866903034239e-01   2.717176976009e-02  -8.707467786463e-02   3.313860187288e-05   2.724238405822e-01   1.285225393474e-02  -7.365030978079e-02   2.281942944263e-05   2.652605023629e-03   1.110176096236e-02  -1.246764894040e-03   5.997697516295e-06   3.557799053376e-03   3.006307854553e-06   5.885531573956e-04   1.198538990862e-06   3.980910467032e-03   1.464945031104e-02  -4.645055862567e-03  -1.496495504134e-02   7.839937362736e-04   8.798308362552e-04  -8.832357374067e-03   2.317889897189e-06  -1.934911712368e-03  -2.543356189397e-03  -3.941137462312e-05  -4.349314313799e-03  -1.172416230319e-06   2.618947220960e-03  -4.437522501171e-03  -6.462544550399e-03  -5.546332107104e-06  -6.257778297914e-02  -2.924667571554e-02  -1.558386889799e-02  -4.526008673273e-05   6.751736746846e-03  -2.246986472822e-03  -4.912940344318e-03  -8.755407375973e-07  -1.391757168938e-02  -1.826530973016e-05  -3.353215649107e-03   8.600451734404e-06   2.424601809038e-03  -8.973704322563e-04  -1.464127152851e-03  -2.029870375367e-02   5.309546647331e-03  -2.399130902866e-05   4.051126424901e-03  -3.030562353016e-02   8.792406858118e-03  -3.494102280328e-05   1.809383768733e-03  -2.841121931392e-02   7.788056658632e-03  -3.343849004575e-05  -9.685349665585e-03   2.396344356440e-03  -3.562911328842e-03  -5.368617008620e-06  -4.412180752716e-04   2.815762648883e-07  -9.364807285660e-05  -1.100958937658e-06  -8.250393953424e-04  -1.700345759662e-03  -2.840659781958e-03  -1.162560481318e-02   1.650869988201e-03  -4.588178432048e-03   7.933128633732e-03  -1.778148974211e-02   2.119908130450e-03  -6.992413492077e-03   1.514540485534e-02  -1.100176650044e-02   6.628036912527e-04  -1.047449052614e-02   1.628743551937e-02   4.763767347714e-03  -3.858728898326e-03  -5.882294259454e-03   2.924138725414e-04   7.522845192015e-05   3.055767809226e-04   5.828717705018e-04  -1.860836824017e-04  -1.704160749282e-03  -2.847127481799e-03  -1.163662653000e-02   1.631093924189e-03   4.567568441762e-03   7.952758976305e-03  -1.779671869786e-02   2.089222757303e-03   6.961225068113e-03   1.517323554239e-02  -1.102641948182e-02   6.260943381954e-04   1.045526886671e-02   1.626715674876e-02   4.743600960080e-03  -3.866723474289e-03   5.876787078001e-03   2.939579101925e-04  -7.549794884490e-05   3.030671574469e-04  -5.840683575456e-04  -1.852031810314e-04
  -6.484694854849e-04  -1.220170612168e-03   4.752041674876e-02  -5.987362936571e-03  -5.207498172175e-05   4.254261453337e-03   7.364888423328e-02  -9.083927556709e-03  -8.222693533578e-05   1.285225393474e-02   4.530459891633e-02  -8.525157114062e-03  -9.260205592915e-05   1.124423619665e-02  -3.234000628075e-04   1.968098396341e-03  -7.230331566646e-06   5.311094178321e-03  -1.508025515114e-06   1.158013318967e-03  -1.838642856421e-06  -2.543357441161e-03   2.136603959299e-02   2.998177712037e-02   2.333479846321e-04   2.183693221735e-03  -4.234398934273e-04  -5.441933572785e-03  -7.224034630746e-06   9.273597060168e-03   1.565292960497e-02  -2.812812071858e-02   9.627382911727e-03  -3.323918317157e-05  -4.666262540731e-02  -4.904189336079e-02   1.654536712716e-02  -5.874610139307e-05  -2.354023831072e-02  -9.904697699464e-03  -1.445642830615e-03  -1.088190105273e-05  -4.487335263840e-03   6.798695223073e-04  -1.700794826177e-03  -5.164117158686e-06   7.948378275539e-03   1.594147545825e-05   6.251795339104e-03  -3.145920477116e-05  -8.558051739779e-03  -7.576214728685e-05  -1.766011016888e-04   1.264894153285e-02  -2.029334403514e-03   2.214117393586e-05   9.036444159866e-04   1.897354286260e-02  -3.249033994011e-03   3.328167317807e-05  -5.790127728608e-05   1.812666145026e-02  -4.441947063458e-03   2.943971547475e-05  -4.350897207553e-04   2.397805533977e-03  -2.022093483911e-04   6.930220010365e-06   6.741583731257e-05   4.287732662595e-07   1.531972812629e-05  -3.592354998240e-07  -1.863259804398e-04   2.676607348966e-04   4.230191832475e-04   9.255558672347e-03  -4.975897136719e-03  -1.166921178950e-03  -1.132285851006e-03   1.388409827064e-02  -7.423872948707e-03  -1.537259348823e-03   4.032606832027e-04   1.416985734737e-02  -6.801486375817e-03  -1.529791646594e-03   2.753095421800e-03   1.925323121700e-03  -7.526909461029e-04  -1.001771993681e-03   1.417298305818e-04   5.063247653896e-05   9.334397297551e-05   1.251009999274e-04  -5.178816486897e-05   2.696352690032e-04   4.264740792816e-04   9.230249415291e-03  -4.959144867503e-03   1.178519014026e-03  -1.143267854089e-03   1.384640253733e-02  -7.397934302240e-03   1.554832177391e-03   3.862683368744e-04   1.412915315037e-02  -6.777927572042e-03   1.550899815844e-03   2.774105249194e-03   1.926883793014e-03  -7.568019276715e-04   1.014825806743e-03   1.421483220342e-04  -5.024794630828e-05   9.262006983003e-05  -1.261260717822e-04  -5.116575252484e-05
   8.065590878653e-03   1.375416197298e-02  -4.867007987101e-03   7.669433826386e-02  -6.999061687695e-07  -4.319018488561e-02  -6.913589698393e-03   1.190479558858e-01   8.263607973765e-09  -7.365030978079e-02  -8.525157114062e-03   9.018990583667e-02   3.084049497763e-06  -1.518122053282e-02  -7.153362397006e-03  -2.450307085402e-03  -6.548574995452e-07  -1.369797978093e-03  -2.530811749483e-06  -4.062058567974e-03   1.647378655992e-06  -4.361344859807e-03   3.546194731835e-02   5.577106263553e-02   1.702509929628e-02   3.286686393528e-03  -1.071219286125e-02  -2.369122138242e-03  -2.658771255475e-06  -5.043962726520e-03  -8.577551063629e-03   1.460391198866e-02  -2.243768952858e-03   1.314515613976e-05   2.557596903821e-02   2.705353881737e-02  -3.650810995980e-03   2.349072557804e-05   1.892256838847e-02   1.351489223823e-02   1.711899169166e-02   2.248518867734e-05  -5.557788558981e-03  -2.252772021506e-03   5.078478951932e-03  -2.165704686811e-06   6.701920832224e-03   9.401439995775e-06  -4.861098004106e-03   2.108430330334e-05   1.095155725343e-02  -1.323488237251e-03  -2.230266019333e-03   5.783641588780e-03   2.299959906652e-03   1.370004306512e-05   6.380197801540e-03   8.837123158615e-03   3.290744746486e-03   2.037118270093e-05   9.832074285701e-03   1.080624562008e-02   3.290576778182e-03   2.372699274707e-05   1.165870063049e-02   6.069107319734e-04   3.942679821216e-03   6.914778200441e-06   4.538389662151e-04   3.882531900929e-07  -1.845974064530e-05   8.288828072789e-07   3.240717640394e-04   7.950648405580e-04   1.354411778844e-03  -1.170807588514e-02  -2.504129432280e-04   5.460798730689e-03  -4.015306187869e-03  -1.761348494107e-02  -3.492433359905e-04   7.932447495601e-03  -7.459929602609e-03  -1.919237789825e-02  -4.601547754387e-04   8.794007493673e-03  -7.391676136501e-03  -1.806761064329e-03   9.383740524878e-04   3.693244274394e-03   9.625788876749e-05   9.210037464495e-05  -2.097057587637e-04   9.168638103645e-05   3.153235703875e-05   7.961237228851e-04   1.356301979008e-03  -1.171493382710e-02  -2.304764796380e-04  -5.494882314393e-03  -4.021566189711e-03  -1.762605963190e-02  -3.193282464663e-04  -7.984578812848e-03  -7.474399607064e-03  -1.920078144447e-02  -4.270631686761e-04  -8.849471688381e-03  -7.393705976131e-03  -1.797821606137e-03   9.446864882117e-04  -3.696256691866e-03   9.699200729648e-05  -9.100430801440e-05  -2.105077934004e-04  -9.122459883398e-05   3.187352801195e-05
  -3.331853197919e-06  -5.814409038010e-06  -5.154287337621e-05   6.330961292042e-06   1.194445385312e-01   1.964051983330e-05  -8.156241308127e-05   1.152431515573e-05   1.870113682028e-01   2.281942944263e-05  -9.260205592915e-05   3.084049497763e-06   1.719271677416e-01  -5.196991676967e-06   3.632701766341e-06   1.415669525354e-05   8.998128207210e-03  -1.935383569531e-06   7.040144355831e-03  -7.915692888142e-06  -4.277197413371e-03   3.180299647537e-07   3.624718413542e-06   1.237479028473e-05  -4.830051107134e-06  -1.943818884920e-06  -6.491240977079e-06   5.416526559686e-07   1.183237968099e-02   8.625723483505e-06   1.455064978812e-05  -3.362560576956e-05   9.918539727062e-06   8.889791787089e-03  -4.514408961619e-05  -6.040953963761e-05   1.471757879293e-05   1.684125507670e-02  -2.244096193462e-06   1.371790192192e-05   5.605628450082e-05   6.661889564834e-03   1.274922017099e-05  -2.775695522693e-06  -3.359138138739e-06   8.532840763057e-03   2.339074038125e-05  -1.070158910774e-02   2.403340721032e-05   1.882219529403e-02  -2.821316687736e-05  -2.707486561646e-06  -4.678536904134e-06   4.347575846708e-05   9.560081202089e-06  -7.962935686558e-03   1.496854096949e-05   6.541294548044e-05   1.347651094800e-05  -1.209985328608e-02   1.880179410310e-05   7.024166716854e-05   1.403093167192e-05  -1.138385730391e-02   8.010238317235e-05   3.696875884029e-05   2.954275916146e-05  -5.855875902914e-03   6.322435074863e-07  -1.806380688404e-04   4.643404249381e-07   2.968218593264e-04  -5.054363398217e-07   1.685598521058e-03   2.879575728445e-03  -1.081368598030e-02   1.130123653173e-02   4.717605392656e-03  -8.643447527163e-03  -1.653490584653e-02   1.715251409715e-02   7.177882479568e-03  -1.533326106922e-02  -1.909198388609e-02   1.711487952030e-02   6.438530854578e-03   8.322625039880e-03   3.096183101250e-03   3.068312694682e-05  -5.267394376346e-03  -3.878252795209e-05  -1.440688889908e-04  -4.738212370956e-05   3.977890308172e-04   1.250536318191e-04  -1.683036077142e-03  -2.875349219131e-03   1.079674528238e-02  -1.132007891254e-02   4.709473125590e-03   8.632070471995e-03   1.651115846798e-02  -1.718104907274e-02   7.168787057330e-03   1.531373000613e-02   1.905696299044e-02  -1.714303445833e-02   6.420435544473e-03  -8.404874167100e-03  -3.091017577422e-03  -2.420425695026e-06  -5.295322258814e-03   3.930953161558e-05  -1.441393557340e-04   4.861763070908e-05   3.967433785086e-04  -1.259942000179e-04
   3.449228285873e-03   5.069512367060e-03   1.245045353407e-02  -1.370512425827e-02   1.001718328771e-06  -1.167498253698e-02   1.936966565623e-02  -2.168878253788e-02   1.086429801074e-06   2.652605023629e-03   1.124423619665e-02  -1.518122053282e-02  -5.196991676967e-06   1.428742125011e-02   1.080954501016e-03   4.450253936661e-03   1.103570378701e-06   1.572765695524e-03   9.295337515206e-07   1.355628143409e-03  -1.931843588193e-06  -1.553987822068e-04  -3.508063032860e-03  -4.679666619441e-03  -7.129519809448e-03   1.124918970235e-03   2.147487853140e-03  -2.099255070431e-04   9.236669980083e-08   5.703518633123e-03   9.368014229209e-03  -1.161771018271e-02   5.184388110258e-03  -8.727402084906e-06  -2.671224582136e-02  -2.047519559248e-02   8.760662953968e-03  -1.661335134878e-05  -1.293565822005e-02  -7.931386861256e-03  -3.545151098478e-03  -1.329072000476e-05  -2.043159474870e-03  -2.439697198422e-03  -1.858898690603e-03  -5.948711704658e-06   2.197293693239e-04  -5.038284418475e-07   5.462846417613e-03  -8.238109400112e-06  -3.997313038022e-04   3.915179146326e-04   5.947256183193e-04  -1.605231597314e-02   6.546468258828e-03  -2.951334391532e-05  -1.259784355543e-03  -2.465238813226e-02   9.916149965627e-03  -4.517717877401e-05  -2.127859165413e-03  -2.057354442252e-02   8.387974502292e-03  -3.758394518273e-05  -1.268145930300e-03   2.154579625940e-04   4.324840021434e-04   1.566481423471e-07  -6.313958338520e-04  -9.745117553104e-07   2.731076824187e-04  -2.886193038352e-06  -9.650086327527e-04  -2.408067383879e-03  -4.008811429563e-03  -1.330564015780e-03  -9.354917634778e-03   5.163588017602e-03   1.185525125543e-02  -2.181155728236e-03  -1.418870937523e-02   7.949501792471e-03   1.081351630750e-02  -2.398235523189e-04  -1.241110432454e-02   6.341309114951e-03   3.089732388349e-04   4.886504195084e-04  -5.154375721719e-04  -4.381963823887e-05   1.240445441742e-04   1.306648150080e-04  -2.902872812149e-04   3.442204799082e-04  -2.227176916757e-04  -2.395614921752e-03  -3.988545288129e-03  -1.352160060368e-03  -9.380869187428e-03  -5.210572374924e-03   1.179767463398e-02  -2.213523094896e-03  -1.422775713638e-02  -8.021488040206e-03   1.076487363309e-02  -2.706967152740e-04  -1.244757476188e-02  -6.401188105845e-03   3.186608884116e-04   4.863920321216e-04  -5.189218739108e-04   4.788481517279e-05   1.255308504516e-04  -1.292355074487e-04  -2.936959996791e-04  -3.448067484156e-04  -2.234076421639e-04
  -2.222386707225e-03  -3.623946619685e-03  -4.922507996421e-04  -5.784331353345e-03   2.766244867068e-06   1.028927794910e-02  -8.804992708611e-04  -8.912735976662e-03   4.131149704293e-06   1.110176096236e-02  -3.234000628075e-04  -7.153362397006e-03   3.632701766341e-06   1.080954501016e-03   1.119738886024e-03   5.855479850138e-04   9.571585916193e-07  -2.577526897747e-06   2.927181707880e-07   2.171979224658e-04  -3.019614867222e-08   4.496338243405e-04  -2.215088781983e-03  -4.059579682806e-03  -2.238765357941e-03  -4.761326710780e-04   5.988031142952e-04   3.432776954660e-05   4.486540601252e-07  -4.128022897382e-04  -6.061191197381e-04  -1.249431939956e-04   2.718604925475e-04   1.330444229775e-06   1.465193211019e-03  -5.076959921816e-04   4.890480315887e-04   2.084333675383e-06  -5.514413815001e-04  -1.295676866750e-03  -9.975766493244e-04  -1.549514912065e-06   9.959708093930e-04   4.358239990220e-04  -1.598571925885e-04   6.235599252222e-07  -8.359894035757e-04  -9.928245358216e-07   3.589691418535e-04   3.612606809189e-07  -9.958764317853e-05   1.930819254487e-03   3.189178059185e-03  -2.639019655483e-03   2.926231258854e-03  -3.060067420286e-06  -9.281288271533e-03  -4.054378676490e-03   4.438140350339e-03  -4.679692905420e-06  -7.888335310290e-03  -3.909786611841e-03   3.767290122596e-03  -4.696937805630e-06  -6.321498677740e-05   6.477910589869e-05  -9.657573301758e-06  -4.164410172052e-07  -3.515202260162e-05   6.898007665719e-08  -1.835157983491e-05  -2.510242508960e-07  -1.810217841531e-04  -4.169914918276e-04  -6.801843189508e-04   1.873910418944e-03  -1.809763407327e-05  -3.533290800879e-04   1.911473419759e-03   2.853771554954e-03  -5.525086744063e-05  -5.666560548455e-04   1.639294870894e-03   2.779717636535e-03   1.055998522744e-04  -4.462688879920e-04   2.028411023680e-05   1.772511866597e-04  -2.589581028007e-06  -1.332016926887e-04  -4.543558712575e-05   3.381156663076e-05   2.484876480680e-05  -6.937018176373e-05   3.520938656072e-06  -4.164515971231e-04  -6.793505178552e-04   1.866904504623e-03  -2.344520000216e-05   3.554885139167e-04   1.909319099061e-03   2.843134663958e-03  -6.342792160283e-05   5.699439698711e-04   1.638992229280e-03   2.770978234169e-03   9.779454103752e-05   4.503397421749e-04   2.054103815376e-05   1.762528538804e-04  -3.011148355840e-06   1.335453793194e-04  -4.530646427290e-05  -3.403121564208e-05   2.492601988281e-05   6.892106128388e-05   3.086421286166e-06
   7.155945197267e-04   1.169380145014e-03   1.980200208189e-03  -2.062921839315e-03   1.073405493605e-05  -3.127818876108e-03   3.040838758311e-03  -3.380483379512e-03   1.658938741140e-05  -1.246764894040e-03   1.968098396341e-03  -2.450307085402e-03   1.415669525354e-05   4.450253936661e-03   5.855479850138e-04   2.504805126903e-03   1.976705193155e-06   2.259584826650e-04   7.421781221112e-07   2.718556610729e-04  -7.332433099192e-07  -2.666623774227e-06  -7.742185562608e-04  -8.701983679672e-04  -3.389788332460e-03  -9.452668293268e-05   2.859097263045e-04   9.299341984519e-06   9.285770321815e-07   1.412257250467e-03   2.335889607874e-03  -9.796616362070e-04   9.400225306025e-04   1.693207842464e-06  -6.648232029850e-03  -1.596153102656e-03   1.319931955321e-03   2.503907395282e-06  -3.741896320694e-03  -5.650727259997e-04  -1.371555476821e-03  -1.220952266155e-06   3.798569058384e-04   1.507441633955e-04  -6.556886280615e-04  -6.679355629948e-07   3.481014690606e-04  -1.261772558774e-06   2.485352668665e-03   6.232996759080e-08   8.876310367897e-04   1.642534868846e-03   2.703212210867e-03  -6.159091471651e-03   3.061874612923e-03  -1.407565982411e-05  -7.734608841146e-03  -9.478117882869e-03   4.550632262655e-03  -2.161093449968e-05  -6.145185549226e-03  -7.973562174860e-03   4.305202046105e-03  -1.780498226333e-05   1.251066157931e-03   9.465429703845e-05   8.278869488434e-04   1.825353086388e-07  -2.340958738962e-04  -5.919986270032e-07   1.335817411979e-04  -1.095637178449e-06  -2.958527691361e-04  -1.752778126017e-03  -2.895890771167e-03   2.974914828335e-03  -4.982473934202e-03   5.218274555154e-03   8.440146375859e-03   4.516509370220e-03  -7.584357282389e-03   7.927196905733e-03   7.766388849636e-03   4.275663401824e-03  -6.737012453281e-03   6.362453010140e-03  -6.472016737093e-04  -5.887175960337e-06  -6.495948924951e-05   4.095534200629e-04  -9.289724139509e-05   3.940328398124e-05  -3.166646253148e-04  -3.174784484242e-05  -7.852854653909e-05  -1.747460694758e-03  -2.887278691084e-03   2.967035352882e-03  -4.991360910689e-03  -5.231552052252e-03   8.415818827321e-03   4.504528137003e-03  -7.597691726143e-03  -7.947580592299e-03   7.747349515278e-03   4.264358642522e-03  -6.751017488219e-03  -6.379829515307e-03  -6.430079581658e-04  -6.566114024654e-06  -6.597198657034e-05  -4.083262514464e-04  -9.241901927251e-05  -3.857271609962e-05  -3.172857463691e-04   3.185747658905e-05  -7.936692760529e-05
