ARMA_MAT_TXT_FN008
110 110
  -2.315755599870e+01  -2.322114282802e+01  -7.318805035837e-02   4.843351034631e-06   9.031509745852e-06  -8.198035849957e+00  -3.378716137816e-02   2.235918186697e-06   4.169409381111e-06  -3.722174018688e+00  -1.076215261552e-02   7.121951845817e-07   1.328090738326e-06  -1.571910426586e+00  -2.708020377500e-03   1.792045319272e-07   3.341825773259e-07   3.356980355203e-07   5.295506347920e-10   1.419203403792e-03   6.088951056603e-07  -2.458066639065e-03   0.000000000000e+00   0.000000000000e+00   0.000000000000e+00   0.000000000000e+00   0.000000000000e+00  -4.744070086899e-03   0.000000000000e+00   0.000000000000e+00   0.000000000000e+00   0.000000000000e+00   0.000000000000e+00   0.000000000000e+00   0.000000000000e+00   0.000000000000e+00   0.000000000000e+00   9.346519900793e-05  -8.482278240194e-09  -1.572869005223e-08   1.900204674154e-01  -1.725716424717e-05  -3.201576863050e-05  -2.606443722553e-01   7.078375760078e-01  -6.428872281464e-05  -1.192755336485e-04   0.000000000000e+00   0.000000000000e+00   0.000000000000e+00   0.000000000000e+00   0.000000000000e+00   0.000000000000e+00   0.000000000000e+00   0.000000000000e+00   0.000000000000e+00   0.000000000000e+00   0.000000000000e+00   0.000000000000e+00   0.000000000000e+00   0.000000000000e+00   0.000000000000e+00   0.000000000000e+00   0.000000000000e+00   0.000000000000e+00   0.000000000000e+00   0.000000000000e+00   0.000000000000e+00   0.000000000000e+00   0.000000000000e+00   4.495344836342e-04  -2.362813279609e-10  -4.707534778121e-10  -1.387262031354e-02   6.037476078325e-02  -3.267976680338e-08  -6.584526596633e-08   0.000000000000e+00   0.000000000000e+00   0.000000000000e+00   0.000000000000e+00   0.000000000000e+00  -2.560409725193e-01  -1.797618860991e+00  -1.911950269247e+00  -1.171635517625e+00   6.983215985274e-01  -1.915486777259e+00  -6.034003421491e-01  -2.560396980027e-01  -1.797617735928e+00  -1.911949845164e+00  -1.171635417457e+00   6.977095302635e-01   4.350974113839e-01   1.960795572687e+00  -2.509147062742e-01  -1.787829039665e+00  -1.908220611464e+00  -1.170784926764e+00  -2.108472406227e+00  -9.042627233870e-05  -4.435609961748e-04  -2.560401474420e-01  -1.797617007751e+00  -1.911949612052e+00  -1.171635373363e+00   6.983385066713e-01   1.480476436493e+00  -1.356956801562e+00
  -2.322114282802e+01  -2.140020300932e+01  -1.016674884807e-01   6.728029516532e-06   1.254591140264e-05  -8.934908290566e+00  -3.159118655400e-02   2.090604359589e-06   3.898395436590e-06  -4.061203927744e+00  -8.250621079907e-03   5.460004754866e-07   1.018136779676e-06  -1.709791927860e+00  -1.930416610296e-03   1.277490837449e-07   2.382156178772e-07   1.675488769724e-07   2.475752617816e-10   7.083904446207e-04   3.038726848914e-07  -1.226935421047e-03   0.000000000000e+00   0.000000000000e+00   0.000000000000e+00   0.000000000000e+00   7.356987437190e-09  -4.888702281148e-03   0.000000000000e+00   0.000000000000e+00   0.000000000000e+00   0.000000000000e+00   0.000000000000e+00   0.000000000000e+00   0.000000000000e+00   0.000000000000e+00   0.000000000000e+00   6.232268841774e-05  -5.659661619983e-09  -1.050023359546e-08   2.048238195830e-01  -1.860188710373e-05  -3.451257770171e-05  -2.825380056242e-01   7.687051729030e-01  -6.981350030869e-05  -1.295274370485e-04   0.000000000000e+00   0.000000000000e+00   0.000000000000e+00   0.000000000000e+00   0.000000000000e+00   0.000000000000e+00   0.000000000000e+00   0.000000000000e+00   0.000000000000e+00   0.000000000000e+00   1.913389198571e-09   0.000000000000e+00   0.000000000000e+00   0.000000000000e+00   0.000000000000e+00   0.000000000000e+00   0.000000000000e+00   0.000000000000e+00   0.000000000000e+00   0.000000000000e+00   0.000000000000e+00   0.000000000000e+00   0.000000000000e+00   4.635089484096e-04  -2.574320793747e-10  -5.187582038042e-10  -1.495010512167e-02   6.520550230838e-02  -3.624592224408e-08  -7.310511537687e-08   0.000000000000e+00   0.000000000000e+00   0.000000000000e+00   0.000000000000e+00   0.000000000000e+00  -2.644509005225e-01  -1.959509190869e+00  -2.081677524836e+00  -1.273701788403e+00   7.776182073651e-01  -2.127189520176e+00  -6.700893543899e-01  -2.644510771978e-01  -1.959509511396e+00  -2.081677659861e+00  -1.273701820176e+00   7.769391550431e-01   4.831856439659e-01   2.177508775608e+00  -2.618387962812e-01  -1.952161001540e+00  -2.079072865185e+00  -1.273135703460e+00  -2.346699679817e+00  -1.007717588365e-04  -4.940750285350e-04  -2.644501544935e-01  -1.959507326632e+00  -2.081676870495e+00  -1.273701646159e+00   7.776370472867e-01   1.644101132185e+00  -1.506930291122e+00
  -7.318805035837e-02  -1.016674884807e-01  -1.080841787619e+01   2.399389242352e-06   4.351739075819e-06  -2.712445696731e-01  -7.089253886499e+00   2.642982300433e-06   4.795637211898e-06  -1.730334583893e-01  -2.598096443198e+00   1.136471392842e-06   2.063796413885e-06  -8.215058607960e-02  -6.903967940608e-01   3.175553597631e-07   5.769245946701e-07   1.477491679968e-05   2.934254807119e-06   7.269210906142e-02   3.920307869392e-05  -1.258944754242e-01   0.000000000000e+00   0.000000000000e+00   0.000000000000e+00   0.000000000000e+00  -7.944805463961e-06  -1.639130526588e-02   0.000000000000e+00   0.000000000000e+00   0.000000000000e+00   0.000000000000e+00   0.000000000000e+00   0.000000000000e+00   0.000000000000e+00   0.000000000000e+00   0.000000000000e+00   1.282880920921e-03  -1.215823923113e-07  -2.253188981690e-07   2.670750767100e-01  -2.757625251106e-05  -5.109568737292e-05  -1.863568136113e-01   3.691945202781e-01  -4.479452092215e-05  -8.300216045277e-05   0.000000000000e+00   0.000000000000e+00   0.000000000000e+00   0.000000000000e+00   0.000000000000e+00   0.000000000000e+00   0.000000000000e+00   0.000000000000e+00   0.000000000000e+00   0.000000000000e+00  -1.300658019329e-06   0.000000000000e+00   0.000000000000e+00   0.000000000000e+00   0.000000000000e+00   0.000000000000e+00   0.000000000000e+00   0.000000000000e+00   0.000000000000e+00   0.000000000000e+00   0.000000000000e+00   0.000000000000e+00   0.000000000000e+00   1.467615169622e-03  -5.605809967663e-10  -9.619163159645e-10  -1.651816931473e-02   6.314449533615e-02  -2.523174524618e-08  -4.349713197626e-08   0.000000000000e+00   0.000000000000e+00   0.000000000000e+00   0.000000000000e+00   0.000000000000e+00  -4.668758195050e-01  -7.707820972030e-01  -3.582257148642e-01  -1.228115107100e-01  -6.113566052270e-01  -1.452029642666e+00  -4.574043664232e-01  -4.664701960378e-01  -7.701715816081e-01  -3.579945062680e-01  -1.227581917236e-01  -6.122385704666e-01   3.295467654848e-01   1.485121677001e+00   1.292476360909e+00   1.967030559298e+00   6.959318434333e-01   1.217491844814e-01   3.316913517662e+00   1.867170459509e-04   9.193096894713e-04  -4.668853375845e-01  -7.707980893888e-01  -3.582320669644e-01  -1.228130000516e-01  -6.113279849579e-01   1.122298714027e+00  -1.028659711350e+00
   4.843351034631e-06   6.728029516532e-06   2.399389242352e-06  -1.077327790202e+01   3.612225851768e-09   1.794982471636e-05   2.642982300433e-06  -7.050562702745e+00   5.040382323324e-09   1.145017222976e-05   1.136471392842e-06  -2.581475469261e+00   2.922152233728e-09   5.436026120764e-06   3.175553597631e-07  -6.857551931129e-01   9.208638730024e-10  -1.763165113849e-01   2.536770639462e-02  -1.687528422638e-02   2.934254807119e-06  -9.745396293487e-03   0.000000000000e+00   0.000000000000e+00   0.000000000000e+00   0.000000000000e+00   7.228151633520e-10   1.494204392611e-06   0.000000000000e+00   0.000000000000e+00   0.000000000000e+00   0.000000000000e+00   0.000000000000e+00   0.000000000000e+00   0.000000000000e+00   0.000000000000e+00   0.000000000000e+00  -1.222922930521e-07  -5.765470506980e-05   1.013513204254e-10  -2.750897994387e-05  -3.705652579969e-02   3.716950065470e-08   1.662681557773e-05  -4.397937083761e-05  -1.247403685056e-01   5.363466562936e-08   0.000000000000e+00   0.000000000000e+00   0.000000000000e+00   0.000000000000e+00   0.000000000000e+00   0.000000000000e+00   0.000000000000e+00   0.000000000000e+00   0.000000000000e+00   0.000000000000e+00   2.665323121301e-12   0.000000000000e+00   0.000000000000e+00   0.000000000000e+00   0.000000000000e+00   0.000000000000e+00   0.000000000000e+00   0.000000000000e+00   0.000000000000e+00   0.000000000000e+00   0.000000000000e+00   0.000000000000e+00   0.000000000000e+00  -4.100706901827e-09  -7.429934078559e-05   7.768615857306e-11   7.180389983599e-08  -3.002674891149e-07  -7.114588522829e-03   3.379031626963e-09   0.000000000000e+00   0.000000000000e+00   0.000000000000e+00   0.000000000000e+00   0.000000000000e+00   1.231648116624e+00   1.873794153492e+00   7.132495895051e-01   1.647809522660e-01  -1.338188452149e+00   2.620553289355e+00   1.179822050635e+00  -2.797586600960e-01  -4.256171351889e-01  -1.620044217467e-01  -3.742444354620e-02   3.036887127274e-01  -9.315283237354e-01   8.708489540363e-01   5.667608312411e-05   9.216163586144e-05   3.976806600626e-05   1.187190877891e-05   1.963416882752e-04  -1.080905611818e+00   4.892416501631e-08  -9.519346831336e-01  -1.448242709293e+00  -5.512587279058e-01  -1.273518023779e-01   1.034307682836e+00   1.112574591940e+00  -2.050684994372e+00
   9.031509745852e-06   1.254591140264e-05   4.351739075819e-06   3.612225851768e-09  -1.077327743199e+01   3.347268282469e-05   4.795637211898e-06   5.040382323324e-09  -7.050562185599e+00   2.135385002498e-05   2.063796413885e-06   2.922152233728e-09  -2.581475248191e+00   1.013829781475e-05   5.769245946701e-07   9.208638730024e-10  -6.857551316083e-01   2.934254807119e-06  -1.946867846196e-02  -2.194740253858e-02  -1.763045606053e-01  -1.266425165797e-02   0.000000000000e+00   0.000000000000e+00   0.000000000000e+00   0.000000000000e+00   1.343824565677e-09   2.787789754004e-06   0.000000000000e+00   0.000000000000e+00   0.000000000000e+00   0.000000000000e+00   0.000000000000e+00   0.000000000000e+00   0.000000000000e+00   0.000000000000e+00   0.000000000000e+00  -2.278327345579e-07   1.014599940902e-10  -5.765418248684e-05  -5.122270369001e-05   3.719236904353e-08  -3.705631778388e-02   3.092782520323e-05  -8.170848708813e-05   5.365452619048e-08  -1.247400655779e-01   0.000000000000e+00   0.000000000000e+00   0.000000000000e+00   0.000000000000e+00   0.000000000000e+00   0.000000000000e+00   0.000000000000e+00   0.000000000000e+00   0.000000000000e+00   0.000000000000e+00   6.210976219279e-12   0.000000000000e+00   0.000000000000e+00   0.000000000000e+00   0.000000000000e+00   0.000000000000e+00   0.000000000000e+00   0.000000000000e+00   0.000000000000e+00   0.000000000000e+00   0.000000000000e+00   0.000000000000e+00   0.000000000000e+00  -9.147220673635e-09   7.768676780786e-11  -7.429902041265e-05   1.448936972809e-07  -5.987208520100e-07   3.379032612706e-09  -7.114574194847e-03   0.000000000000e+00   0.000000000000e+00   0.000000000000e+00   0.000000000000e+00   0.000000000000e+00   3.879851314880e-01   5.902756444183e-01   2.246918689022e-01   5.191432336594e-02  -4.215473220808e-01   1.179833677094e+00  -7.531254450423e-01  -1.260754214033e+00  -1.918087328745e+00  -7.301008832129e-01  -1.686667130175e-01   1.368597847947e+00   8.708534530111e-01   2.799785921381e+00   2.757399596005e-04   4.377539845863e-04   1.768011922932e-04   4.597450588152e-05   9.489405439165e-04   4.817020918042e-08  -1.080905335976e+00   8.725158049562e-01   1.327428482265e+00   5.052839539142e-01   1.167380804174e-01  -9.480175851169e-01  -2.050701119189e+00   7.548205817425e-01
  -8.198035849957e+00  -8.934908290566e+00  -2.712445696731e-01   1.794982471636e-05   3.347268282469e-05  -1.228007508897e+01  -4.312322853806e-01   2.852086274943e-05   5.322411332686e-05  -8.791784476870e+00  -2.819197774571e-01   1.862224698549e-05   3.477351676395e-05  -4.545291427259e+00  -9.768555026474e-02   6.448006875726e-06   1.204112769173e-05   8.816167673774e-06   4.367113351862e-08   3.700934828935e-02   1.606995698724e-05  -6.410044944177e-02  -3.516557725641e-09  -1.064818207260e-07  -4.217697029857e-07  -2.484964577797e-06  -5.960492569758e-04  -5.367909018268e-02   6.173385315998e-07  -5.650262732693e-11  -1.048280283153e-10   4.487526049223e-06  -4.109331719020e-10  -7.623588832764e-10   1.840791426855e-04  -1.682950069392e-08  -3.121588843054e-08   1.296434792126e-02  -1.180097017665e-06  -2.185733608925e-06   7.969746987641e-01  -7.233851592217e-05  -1.339249721218e-04  -8.805126704715e-01   2.196449735257e+00  -1.998015937152e-04  -3.704540996475e-04   2.519367868134e-07  -2.326005939745e-11   7.965087365408e-04   4.671546890249e-07  -1.379593537611e-03   0.000000000000e+00   0.000000000000e+00   0.000000000000e+00   0.000000000000e+00   0.000000000000e+00  -1.764316965160e-05   0.000000000000e+00   0.000000000000e+00   0.000000000000e+00   0.000000000000e+00   0.000000000000e+00   0.000000000000e+00   0.000000000000e+00   0.000000000000e+00   0.000000000000e+00   0.000000000000e+00   0.000000000000e+00   0.000000000000e+00   5.408574861808e-03   2.628592211506e-09   5.884175934694e-09  -5.933008774597e-02   2.375585842166e-01   8.212355349225e-09   2.767141571904e-08   0.000000000000e+00   0.000000000000e+00   0.000000000000e+00   0.000000000000e+00   0.000000000000e+00  -2.078985498732e+00  -4.860673083444e+00  -5.211315800435e+00  -3.484288294362e+00   1.391713411135e+00  -4.158587360373e+00  -1.309990090574e+00  -2.078891199893e+00  -4.860559921114e+00  -5.211265118470e+00  -3.484275109533e+00   1.390371433224e+00   9.445882793253e-01   4.256828538344e+00  -1.901371955758e+00  -4.612469526461e+00  -5.085826662617e+00  -3.449594243032e+00  -4.359807807453e+00  -1.800437177656e-04  -8.956731849728e-04  -2.078973082209e+00  -4.860657956108e+00  -5.211309048728e+00  -3.484286541121e+00   1.391750565882e+00   3.214170678164e+00  -2.945982035407e+00
  -3.378716137816e-02  -3.159118655400e-02  -7.089253886499e+00   2.642982300433e-06   4.795637211898e-06  -4.312322853806e-01  -9.640293404272e+00   9.115957425074e-06   1.665019770003e-05  -5.137427495694e-01  -6.133510526902e+00   9.331432665894e-06   1.716036644379e-05  -3.245426284934e-01  -2.129596792783e+00   3.889997870519e-06   7.170592822424e-06   4.651551988267e-05   1.191254228358e-05   1.734135522347e-01   1.339478784440e-04  -3.003126120772e-01  -2.878123644426e-08  -9.108245176634e-07  -3.405369366555e-06  -1.804062210568e-05  -2.735038270878e-03  -1.220270863227e-01   4.829502292548e-06  -4.550960241865e-10  -8.443290827178e-10   3.086213538068e-05  -2.921552037435e-09  -5.420028338118e-09   1.024217732242e-03  -9.753695204829e-08  -1.809170860341e-07   4.545984212606e-02  -4.407007336750e-06  -8.164824676337e-06   1.009481599150e+00  -1.059736710017e-04  -1.958521529545e-04  -6.619369150099e-01   1.201568261144e+00  -1.475385461316e-04  -2.726114808374e-04   1.242175438922e-06  -1.329750604352e-10   3.743617443637e-03   2.303410091350e-06  -6.484135375987e-03   0.000000000000e+00   0.000000000000e+00   0.000000000000e+00   0.000000000000e+00   0.000000000000e+00  -6.723845874891e-05   0.000000000000e+00   0.000000000000e+00   0.000000000000e+00   0.000000000000e+00   0.000000000000e+00   0.000000000000e+00   0.000000000000e+00   0.000000000000e+00   0.000000000000e+00   0.000000000000e+00   0.000000000000e+00   0.000000000000e+00   1.262640649004e-02   1.128303635213e-08   2.339907940391e-08  -7.047216352510e-02   2.500673208110e-01   1.421941167966e-07   3.488820478200e-07   0.000000000000e+00   0.000000000000e+00   0.000000000000e+00   0.000000000000e+00   0.000000000000e+00  -1.317322982598e+00  -1.781696429380e+00  -1.057352107389e+00  -4.466871848530e-01  -1.885071630781e+00  -2.080630509551e+00  -6.554114356979e-01  -1.316140158859e+00  -1.780268207981e+00  -1.056696818169e+00  -4.465135246354e-01  -1.886183644966e+00   4.722058823083e-01   2.128008345634e+00   3.437774542975e+00   4.219211381241e+00   1.806578105326e+00   3.279468141974e-01   3.662107122278e+00   2.458191101703e-04   1.224876726943e-03  -1.317345603727e+00  -1.781725650974e+00  -1.057366335467e+00  -4.466910693216e-01  -1.885021834001e+00   1.608158579770e+00  -1.473966191077e+00
   2.235918186697e-06   2.090604359589e-06   2.642982300433e-06  -7.050562702745e+00   5.040382323324e-09   2.852086274943e-05   9.115957425074e-06  -9.508237340923e+00   5.381615311717e-08   3.393534308155e-05   9.331432665894e-06  -6.000548273542e+00   6.835940060540e-08   2.142234029824e-05   3.889997870519e-06  -2.074581055674e+00   2.726460059457e-08  -4.979722095197e-01   1.027318933130e-01  -6.834981526048e-02   1.191254228358e-05  -3.946142885612e-02   2.613592598916e-12   8.270600968117e-11   3.090847166041e-10   1.635926360532e-09   2.473887260757e-07   1.112544046435e-05  -4.512386985267e-10  -1.420111933336e-07   7.669838896237e-14  -2.891708173811e-09  -1.031226016438e-06   4.951665943400e-13  -9.654842502590e-08  -4.211812253844e-05   1.801628087451e-11  -4.382451955013e-06  -2.897300186203e-03   3.043871313330e-09  -1.062688541399e-04  -1.603752898980e-01   3.996787677231e-07   5.902017787379e-05  -1.445383760022e-04  -4.277223301028e-01   5.418562201099e-07   6.278666281979e-04  -8.786992957079e-08  -3.508779722956e-07  -2.999007040257e-10   6.940225568367e-07   0.000000000000e+00   0.000000000000e+00   0.000000000000e+00   0.000000000000e+00   0.000000000000e+00   3.451814019064e-10   0.000000000000e+00   0.000000000000e+00   0.000000000000e+00   0.000000000000e+00   0.000000000000e+00   0.000000000000e+00   0.000000000000e+00   0.000000000000e+00   0.000000000000e+00   0.000000000000e+00   0.000000000000e+00   0.000000000000e+00  -6.879215174350e-08  -7.169236871600e-04   1.192028883145e-09   4.980878587871e-07  -1.877473830888e-06  -2.947848572288e-02   4.098220524514e-08   0.000000000000e+00   0.000000000000e+00   0.000000000000e+00   0.000000000000e+00   0.000000000000e+00   3.444290764407e+00   4.190132206509e+00   1.936761942605e+00   5.153128927965e-01  -1.734337695562e+00   2.744493122540e+00   1.663963816980e+00  -7.823176669327e-01  -9.517315897097e-01  -4.398970932463e-01  -1.170305174048e-01   3.935604818149e-01  -2.265156488887e+00   1.228183934309e+00   1.508462750629e-04   1.987979288462e-04   1.086743563074e-04   4.000020666723e-05   2.678980366903e-04  -2.317971250373e+00   8.434328909916e-08  -2.662067839802e+00  -3.238511973569e+00  -1.496879862485e+00  -3.982547723141e-01   1.340503710422e+00   6.177054267844e-01  -2.892195063646e+00
   4.169409381111e-06   3.898395436590e-06   4.795637211898e-06   5.040382323324e-09  -7.050562185599e+00   5.322411332686e-05   1.665019770003e-05   5.381615311717e-08  -9.508235741197e+00   6.336782142654e-05   1.716036644379e-05   6.835940060540e-08  -6.000547037501e+00   4.000447579514e-05   7.170592822424e-06   2.726460059457e-08  -2.074580624195e+00   1.191254228358e-05  -7.887740834309e-02  -8.893517090035e-02  -4.979237384055e-01  -5.129897271729e-02   4.849102895587e-12   1.534477958956e-10   5.734585040026e-10   3.035240374260e-09   4.593159933174e-07   2.081352415619e-05  -8.372034127962e-10   7.670120228336e-14  -1.420110920138e-07  -5.365196784270e-09   4.952155367192e-13  -1.031225345774e-06  -1.791575793031e-07   1.802305040567e-11  -4.211809092627e-05  -8.151912878374e-06   3.046835932075e-09  -2.897285109942e-03  -1.989049561914e-04   3.999062565787e-07  -1.603729189380e-01   1.102801182665e-04  -2.691863156319e-04   5.420506574558e-07  -4.277190850373e-01  -3.001172280012e-10  -7.159005106525e-08  -8.287832546733e-07   6.278658357040e-04   1.185695962198e-06   0.000000000000e+00   0.000000000000e+00   0.000000000000e+00   0.000000000000e+00   0.000000000000e+00   6.751404242848e-10   0.000000000000e+00   0.000000000000e+00   0.000000000000e+00   0.000000000000e+00   0.000000000000e+00   0.000000000000e+00   0.000000000000e+00   0.000000000000e+00   0.000000000000e+00   0.000000000000e+00   0.000000000000e+00   0.000000000000e+00  -1.460478973734e-07   1.192033647708e-09  -7.169188114212e-04   1.037655380686e-06  -3.871291253649e-06   4.098229461050e-08  -2.947831567416e-02   0.000000000000e+00   0.000000000000e+00   0.000000000000e+00   0.000000000000e+00   0.000000000000e+00   1.084997459384e+00   1.319965756647e+00   6.101382207980e-01   1.623559913892e-01  -5.463381190818e-01   1.663999197058e+00  -2.013628077906e+00  -3.525577619166e+00  -4.289086291193e+00  -1.982486837058e+00  -5.274509313026e-01   1.773609587640e+00   1.228197651666e+00   2.997230587057e+00   7.337753963275e-04   9.426494671508e-04   4.759256721604e-04   1.485593855842e-04   1.293270078769e-03   8.263181248610e-08  -2.317970717294e+00   2.439976558484e+00   2.968361900416e+00   1.372056149576e+00   3.650749838034e-01  -1.228665556806e+00  -2.892244160646e+00   1.131258708630e-01
  -3.722174018688e+00  -4.061203927744e+00  -1.730334583893e-01   1.145017222976e-05   2.135385002498e-05  -8.791784476870e+00  -5.137427495694e-01   3.393534308155e-05   6.336782142654e-05  -9.562331274211e+00  -7.871648856349e-01   5.181976590313e-05   9.667186854711e-05  -6.813561447720e+00  -5.136903666041e-01   3.374323439679e-05   6.286243343250e-05   1.294946334655e-05   9.105590153098e-08   5.371915600456e-02   2.373844380796e-05  -9.304229408859e-02  -1.237888168163e-02  -1.869769001446e-02  -3.220828712118e-02  -4.825835724807e-02  -1.372442295038e-01  -4.762880903483e-01   1.381530451096e-02  -1.302004177588e-06  -2.415392888244e-06   1.072972731870e-02  -1.046930455863e-06  -1.941769283751e-06   1.026583434624e-01  -9.824630953191e-06  -1.822143557599e-05   3.663455649014e-01  -3.466306214918e-05  -6.424239340582e-05   2.002318571907e+00  -1.851058446525e-04  -3.424306744852e-04  -1.859051586549e+00   3.736826186446e+00  -3.440985447920e-04  -6.375868165777e-04   2.188035780188e-05  -4.262510485898e-10   6.701535916919e-02   4.056402430376e-05  -1.160739904957e-01  -1.602714426130e-06  -2.494135846844e-06  -4.952628898233e-06  -9.739758592418e-06  -1.350239122178e-04  -4.761005900460e-03   3.544477323116e-06   3.882524148830e-12   6.881548680548e-12   5.792396013457e-06   2.458901940973e-11   4.508607799991e-11   7.726008615741e-05   6.801507932964e-10   1.254502259817e-09   1.522141932580e-03   4.818231099661e-08   8.922176924233e-08   8.481931788295e-02   1.213775757038e-06   2.253372327167e-06  -2.117084713264e-01   6.817406052217e-01   3.300947495575e-06   6.188874560698e-06  -1.031667316313e-08  -1.443163022291e-12   1.449955467787e-04  -1.908774120126e-08  -2.511396555464e-04  -2.667143787208e+00  -5.634782117931e+00  -6.980573534043e+00  -5.534795137296e+00   6.708829868977e-01  -2.530982238763e+00  -7.972627929037e-01  -2.666969942294e+00  -5.634494650653e+00  -6.980358277489e+00  -5.534713672067e+00   6.701342648643e-01   5.748936930303e-01   2.590752932508e+00  -2.370218639634e+00  -5.101926752995e+00  -6.526566405983e+00  -5.342008792869e+00  -2.658941994305e+00  -1.024060628583e-04  -5.231445406219e-04  -2.667124053894e+00  -5.634749640187e+00  -6.980549458163e+00  -5.534786085818e+00   6.709138001428e-01   1.956212191585e+00  -1.792954651351e+00
  -1.076215261552e-02  -8.250621079907e-03  -2.598096443198e+00   1.136471392842e-06   2.063796413885e-06  -2.819197774571e-01  -6.133510526902e+00   9.331432665894e-06   1.716036644379e-05  -7.871648856349e-01  -8.254962437682e+00   3.184638655183e-05   5.898225519107e-05  -9.365321299933e-01  -5.160165431128e+00   3.192803623684e-05   5.920568863263e-05   3.786052622986e-05   9.150102640126e-06   1.438797371407e-01   1.067854661025e-04  -2.491698131926e-01  -5.907776423151e-02  -8.892205831496e-02  -1.508201962779e-01  -2.198152844241e-01  -5.364255690467e-01  -1.324137545039e+00   5.868981251705e-02  -6.084378232286e-06  -1.128734328126e-05   4.084660866797e-02  -4.453447090923e-06  -8.259873900889e-06   3.874336105206e-01  -4.133309878629e-05  -7.666078505762e-05   1.128557969439e+00  -1.217067040515e-04  -2.256096798453e-04   3.272568781314e+00  -3.757422830245e-04  -6.952811525304e-04  -2.332218902581e+00   3.050294447669e+00  -4.079430619527e-04  -7.546398228044e-04   7.809449444728e-05  -3.500607086604e-09   2.112508751722e-01   1.447860817074e-04  -3.658971941669e-01  -1.226008318048e-05  -1.901050142944e-05  -3.713365066178e-05  -7.076639461665e-05  -8.086458226955e-04  -2.079031904405e-02   2.560660694086e-05   2.893674952004e-11   5.127943410524e-11   3.906097668850e-05   1.733279446070e-10   3.178404744057e-10   4.935379458741e-04   4.287985118198e-09   7.906730829518e-09   7.888342897237e-03   2.462048231036e-07   4.558722812132e-07   2.707080335219e-01   4.979654285642e-06   9.231371671610e-06  -4.270485542853e-01   1.174580981571e+00   1.056593989128e-05   1.974797099533e-05  -5.852022089876e-08  -8.063058721583e-12   8.388357756118e-04  -1.082586025746e-07  -1.452906191684e-03  -1.209150855380e+00  -2.071311102427e+00  -2.016884720555e+00  -1.306303087671e+00  -2.208353850313e+00  -9.809302137332e-01  -3.089877408073e-01  -1.208041451968e+00  -2.069581566707e+00  -2.015603865849e+00  -1.305809413840e+00  -2.208649373516e+00   2.226274258008e-01   1.003256982542e+00   3.069811624381e+00   4.571338857523e+00   2.999982934240e+00   6.941240531361e-01   6.991401493251e-01   1.074348687582e-04   5.509877144715e-04  -1.209169474608e+00  -2.071332801820e+00  -2.016894491883e+00  -1.306305523189e+00  -2.208314267626e+00   7.581897463913e-01  -6.949024308748e-01
   7.121951845817e-07   5.460004754866e-07   1.136471392842e-06  -2.581475469261e+00   2.922152233728e-09   1.862224698549e-05   9.331432665894e-06  -6.000548273542e+00   6.835940060540e-08   5.181976590313e-05   3.184638655183e-05  -7.813492363810e+00   1.265821424484e-07   6.151881607474e-05   3.192803623684e-05  -4.720075080400e+00   6.325526248976e-08  -3.893835376980e-01   7.876558746675e-02  -5.240471615747e-02   9.150102640126e-06  -3.025469076652e-02   5.364753723871e-06   8.074406944751e-06   1.368730059386e-05   1.991909508322e-05   4.822444415057e-05   1.180534939688e-04  -5.857539284690e-06  -5.842802811965e-03   1.026467040423e-09  -4.106503586459e-06  -4.568084391791e-03   7.688252600864e-10  -3.893169737736e-05  -4.336014878697e-02   7.451627871603e-09  -1.150350173286e-04  -1.516945251701e-01   3.883696660469e-08  -3.600744634318e-04  -7.602216715891e-01   7.975675133997e-07   2.035197098159e-04  -3.851812571947e-04  -1.350873986224e+00   1.037470645376e-06   9.654591080057e-02  -1.530432567024e-05  -2.000021614082e-05  -1.907204459819e-08   5.030091140008e-05   7.043719673188e-12   1.096378436644e-11   2.242592235233e-11   5.185566249625e-11   5.466791732156e-09   4.141544709875e-07  -1.641016490439e-11  -9.140770275787e-07  -8.762959080588e-17  -4.057207675275e-11  -1.460396307760e-06  -1.271633670178e-15  -1.263575245790e-09  -1.885631324656e-05  -1.092817039384e-13  -1.296847287325e-07  -3.101514994507e-04  -2.085778082240e-11  -4.694009693626e-06  -1.926865402805e-02   3.617017444949e-09   6.655902618295e-06  -1.772719538855e-05  -1.550514252529e-01   8.578275642483e-08   1.122230763714e-04   2.333657511025e-09  -6.948108931334e-09   3.079005660040e-12   9.490297081537e-09   3.152146779658e+00   4.753132831665e+00   3.384249778015e+00   1.275517337441e+00  -6.169977389964e-01   7.019221261146e-02   7.807004436511e-01  -7.159487297847e-01  -1.079575909204e+00  -7.686357223172e-01  -2.896582150648e-01   1.399864602159e-01  -2.280189356574e+00   5.762505659434e-01   1.345639931271e-04   2.142246178946e-04   1.823698197970e-04   1.022395792300e-04   1.264052038122e-04  -2.120544800328e+00   4.988409853255e-08  -2.436268527814e+00  -3.673634334940e+00  -2.615585492941e+00  -9.857473440881e-01   4.769048738851e-01  -9.276562052690e-01  -1.356983277193e+00
   1.328090738326e-06   1.018136779676e-06   2.063796413885e-06   2.922152233728e-09  -2.581475248191e+00   3.477351676395e-05   1.716036644379e-05   6.835940060540e-08  -6.000547037501e+00   9.667186854711e-05   5.898225519107e-05   1.265821424484e-07  -7.813490823379e+00   1.146073442418e-04   5.920568863263e-05   6.325526248976e-08  -4.720074362859e+00   9.150102640126e-06  -6.047507964821e-02  -6.818682022590e-02  -3.893463359832e-01  -3.932940100033e-02   9.953442343749e-06   1.498077275789e-05   2.539464493724e-05   3.695700300461e-05   8.948571004619e-05   2.194530108170e-04  -1.086775888651e-05   1.026583183066e-09  -5.842801447676e-03  -7.619247981260e-06   7.691042470543e-10  -4.568083252657e-03  -7.223689705307e-05   7.454490902820e-09  -4.336013627703e-02  -2.135630629571e-04   3.886708159531e-08  -1.516943840651e-01  -6.710096858617e-04   7.980031841789e-07  -7.602170770719e-01   3.790444249731e-04  -7.163909362610e-04   1.037832246470e-06  -1.350867902697e+00  -1.908570973385e-08  -1.066858313474e-05  -6.614990040452e-05   9.654586365553e-02   7.657601903127e-05   1.417499989474e-11   2.205728352034e-11   4.495875634652e-11   1.025920865857e-10   1.021201612242e-08   7.704461567022e-07  -3.283953040242e-11  -9.173087588294e-17  -9.140770276474e-07  -7.892381742954e-11  -1.290992123149e-15  -1.460396308793e-06  -2.389962060032e-09  -1.097846650009e-13  -1.885631336407e-05  -2.412592214291e-07  -2.089186175153e-11  -3.101515231482e-04  -8.785991287668e-06   3.616184242629e-09  -1.926863774895e-02   1.260629923058e-05  -3.371105558021e-05   8.578075746112e-08  -1.550510676129e-01   3.086374251114e-12   1.215597911113e-09  -8.970010186129e-09   1.122230800544e-04   2.005675970582e-08   9.929685678095e-01   1.497326054839e+00   1.066157759479e+00   4.018884544093e-01  -1.943583658839e-01   7.807375727270e-01  -2.162291437260e+00  -3.226481270960e+00  -4.865240115121e+00  -3.464045242646e+00  -1.305510825914e+00   6.308530694667e-01   5.762649855126e-01   1.888649353938e-01   6.548402423322e-04   1.018081457486e-03   7.971590052949e-04   3.691221822789e-04   6.100452560840e-04   4.842623412386e-08  -2.120544457904e+00   2.233015895236e+00   3.367196514069e+00   2.397505049377e+00   9.036582931025e-01  -4.371101333674e-01  -1.357034826638e+00  -1.164428193323e+00
  -1.571910426586e+00  -1.709791927860e+00  -8.215058607960e-02   5.436026120764e-06   1.013829781475e-05  -4.545291427259e+00  -3.245426284934e-01   2.142234029824e-05   4.000447579514e-05  -6.813561447720e+00  -9.365321299933e-01   6.151881607474e-05   1.146073442418e-04  -7.509517860820e+00  -1.358277972544e+00   8.713909640130e-05   1.620141760332e-04   8.688646422894e-06   6.355769318323e-08   3.583492133424e-02   1.596333850580e-05  -6.206668909693e-02  -2.711181898057e-01  -4.036857755107e-01  -6.536940826963e-01  -8.820412909147e-01  -1.520949136410e+00  -2.376847798779e+00   8.242000773711e-02  -8.530565147211e-06  -1.582179221510e-05   4.340499732879e-02  -5.522552062247e-06  -1.023689195053e-05   4.352537586342e-01  -5.015769989522e-05  -9.298896984630e-05   1.015732212829e+00  -1.182100334020e-04  -2.190346989062e-04   2.827918661395e+00  -3.028164894412e-04  -5.603962320140e-04  -3.862832606533e+00   4.391007835454e+00  -4.441426195373e-04  -8.228627683123e-04   2.645869421158e-05   1.681413003993e-08   9.357688442462e-02   4.896223473865e-05  -1.620797735877e-01  -1.825758570984e-02  -2.719802426227e-02  -4.442636120207e-02  -6.136538277454e-02  -1.263534008804e-01  -3.121422779791e-01   9.691825035352e-03   4.303182518458e-08   7.894958289745e-08   6.513008546017e-03   9.556868801520e-08   1.766909215509e-07   6.279150402522e-02   8.292248350553e-07   1.532495745052e-06   2.014456940951e-01   5.421801928292e-06   1.003834761288e-05   9.471847193205e-01   3.131693926953e-05   5.803260473524e-05  -1.076971350799e+00   2.106080975796e+00   4.381419086705e-05   8.128581302963e-05  -2.881310835577e-06  -3.981066988518e-10   2.676751504372e-02  -5.335798929863e-06  -4.636269633083e-02  -1.732248569769e+00  -4.013161710884e+00  -6.332228303951e+00  -6.811145916091e+00   1.243720383216e-01  -8.845847858801e-01  -2.786341925547e-01  -1.732123285319e+00  -4.012876067965e+00  -6.331842854494e+00  -6.810888295594e+00   1.241676379181e-01   2.009341630636e-01   9.054887157484e-01  -1.525311092449e+00  -3.526870189151e+00  -5.619693497900e+00  -6.253082004208e+00  -9.734823344500e-01  -3.329726174463e-05  -1.784108495437e-04  -1.732234943078e+00  -4.013130829072e+00  -6.332187042815e+00  -6.811119055592e+00   1.243892722711e-01   6.837133776219e-01  -6.266333065740e-01
  -2.708020377500e-03  -1.930416610296e-03  -6.903967940608e-01   3.175553597631e-07   5.769245946701e-07  -9.768555026474e-02  -2.129596792783e+00   3.889997870519e-06   7.170592822424e-06  -5.136903666041e-01  -5.160165431128e+00   3.192803623684e-05   5.920568863263e-05  -1.358277972544e+00  -7.227318192808e+00   8.279353954628e-05   1.536182927255e-04   1.378612701763e-05   3.115270136570e-06   5.481081658471e-02   3.801477876094e-05  -9.492245693632e-02  -7.105381328616e-01  -1.056871028570e+00  -1.703724119419e+00  -2.281036833669e+00  -3.767690125166e+00  -5.275440379936e+00   1.490627763286e-01  -2.223228985231e-05  -4.123469073298e-05   7.141504036590e-02  -1.402476144014e-05  -2.599737631471e-05   7.355335464348e-01  -1.274461568070e-04  -2.362853641043e-04   1.556365393740e+00  -2.856930156479e-04  -5.294756966140e-04   3.071570277128e+00  -5.860606630793e-04  -1.085382316696e-03  -5.898394031187e+00   2.828607292610e+00  -6.330586331475e-04  -1.172548706041e-03   3.759316345282e-05   3.378149818120e-08   1.040807749207e-01   6.951023469829e-05  -1.802728777728e-01  -7.669489626644e-02  -1.141287962413e-01  -1.855183399486e-01  -2.539652073898e-01  -4.941879591990e-01  -1.051509773568e+00   3.598771844482e-02   1.786389179085e-07   3.277274057500e-07   2.341384332213e-02   3.829856028985e-07   7.080737357602e-07   2.245066502161e-01   3.191863552519e-06   5.898063883208e-06   6.612487045978e-01   1.804809154610e-05   3.340998867529e-05   2.441991438456e+00   8.687744715022e-05   1.609494671899e-04  -2.501743381746e+00   3.913412735841e+00   1.076496262196e-04   1.995612102537e-04  -9.954617638423e-06  -1.400377638912e-09   8.359290511749e-02  -1.843437110464e-05  -1.447871597423e-01  -4.736390407395e-01  -1.064558559517e+00  -1.803551957595e+00  -2.160408865523e+00  -1.014031708968e+00  -2.028428898716e-01  -6.388985578270e-02  -4.732011127923e-01  -1.063640348729e+00  -1.802320252585e+00  -2.159521234001e+00  -1.013995569578e+00   4.603885806110e-02   2.074634913272e-01   1.194266105460e+00   2.268401770720e+00   2.440105139773e+00   9.947321148933e-01  -2.653392409063e-01   2.025508891659e-05   1.101425261346e-04  -4.736460911476e-01  -1.064565659031e+00  -1.803543690233e+00  -2.160397138459e+00  -1.014016497765e+00   1.567879929133e-01  -1.436924406581e-01
   1.792045319272e-07   1.277490837449e-07   3.175553597631e-07  -6.857551931129e-01   9.208638730024e-10   6.448006875726e-06   3.889997870519e-06  -2.074581055674e+00   2.726460059457e-08   3.374323439679e-05   3.192803623684e-05  -4.720075080400e+00   6.325526248976e-08   8.713909640130e-05   8.279353954628e-05  -6.029419294982e+00   3.636945775792e-08  -1.398486842923e-01   2.679966305263e-02  -1.783030121305e-02   3.115270136570e-06  -1.029394456635e-02   6.452278629149e-05   9.596715709159e-05   1.546103531969e-04   2.066328068374e-04   3.368278677814e-04   4.595966559148e-04  -1.948934285919e-05  -6.547511529395e-02   3.763825493189e-09  -9.879268910461e-06  -3.686918563016e-02   2.517481861954e-09  -9.956611281025e-05  -3.562388242146e-01   2.375532845297e-08  -2.175909429799e-04  -8.199444209178e-01   7.974815548393e-08  -4.654021050295e-04  -2.067742299479e+00   6.269962161228e-07   4.923933136918e-04  -5.140160337749e-04  -2.995122554609e+00   8.120744639981e-07   2.214582546486e-01  -4.090895033090e-05  -1.044370142858e-05  -2.196488328922e-08   5.889840268560e-05   4.406311753656e-08   6.581069324028e-08   1.113665409721e-07   1.736857580583e-07   1.008341530128e-06   9.818700061723e-06  -2.560996244290e-08  -4.445185076792e-03  -4.253367651776e-13  -3.439449612814e-08  -2.760649891483e-03  -2.480147457417e-12  -4.447933622729e-07  -2.694798267740e-02  -4.092445834995e-11  -5.225090485039e-06  -7.741056797840e-02  -7.986785025783e-10  -4.702878117627e-05  -3.394880278363e-01   2.915489131782e-10   4.431182175548e-05  -8.157774384550e-05  -7.986818847385e-01   7.006978649262e-08   3.442199659374e-02   1.013263946348e-06  -8.550446407134e-07   2.856792040785e-10   3.760349297072e-07   1.234317791741e+00   2.419062986497e+00   2.854570573283e+00   1.902724624447e+00  -4.794887431646e-02  -5.002522945817e-01   1.611193719416e-01  -2.803496125376e-01  -5.494295392252e-01  -6.483109779160e-01  -4.320710683324e-01   1.086793433376e-02  -9.852975841394e-01   1.189332900539e-01   5.231135329394e-05   1.056803369944e-04   1.449222928580e-04   1.445939306549e-04   2.766676121374e-05  -8.795209161034e-01   1.429540760299e-08  -9.539938306671e-01  -1.869657969736e+00  -2.206195739375e+00  -1.470445334345e+00   3.707055765287e-02  -7.061852121329e-01  -2.800602878883e-01
   3.341825773259e-07   2.382156178772e-07   5.769245946701e-07   9.208638730024e-10  -6.857551316083e-01   1.204112769173e-05   7.170592822424e-06   2.726460059457e-08  -2.074580624195e+00   6.286243343250e-05   5.920568863263e-05   6.325526248976e-08  -4.720074362859e+00   1.620141760332e-04   1.536182927255e-04   3.636945775792e-08  -6.029418830741e+00   3.115270136570e-06  -2.057525692190e-02  -2.319875085602e-02  -1.398360220995e-01  -1.338082413694e-02   1.197117083592e-04   1.780517355127e-04   2.868552973041e-04   3.833768944829e-04   6.249756163839e-04   8.531318764172e-04  -3.615950563476e-05   3.765089024588e-09  -6.547511020227e-02  -1.833051549264e-05   2.519700985789e-09  -3.686918127739e-02  -1.847435672807e-04   2.377214299676e-08  -3.562387791215e-01  -4.038707651484e-04   7.981604132712e-08  -8.199441492827e-01  -8.652726921064e-04   6.273370241857e-07  -2.067738882122e+00   9.146738421299e-04  -9.547593891173e-04   8.123537176888e-07  -2.995118004617e+00  -2.199527522856e-08  -3.158598417054e-05  -1.001971676420e-04   2.214581725156e-01   6.262040945000e-05   8.867398239860e-08   1.324015695702e-07   2.233649001356e-07   3.451582252211e-07   1.915085814552e-06   1.830901257876e-05  -5.116331671567e-08  -4.438054665353e-13  -4.445185077145e-03  -6.616674192112e-08  -2.517898417591e-12  -2.760649892975e-03  -8.477793596376e-07  -4.125347582683e-11  -2.694798270570e-02  -9.758088156180e-06  -8.007856258951e-10  -7.741056865533e-02  -8.755314230407e-05   2.794985606491e-10  -3.394880034328e-01   8.261609545825e-05  -1.523002464487e-04   7.005315636308e-08  -7.986815619120e-01   2.867963024367e-10   5.218593170422e-07   1.343445312201e-07   3.442199687452e-02   1.714139710180e-06   3.888266944081e-01   7.620512705809e-01   8.993002753240e-01   5.995247239405e-01  -1.510221268814e-02   1.611351482800e-01  -9.610130876270e-01  -1.263418390517e+00  -2.476072826158e+00  -2.921789934761e+00  -1.947405190379e+00   4.897320371440e-02   1.189394209781e-01  -4.757059510310e-01   2.546393348458e-04   5.033616927218e-04   6.385971990483e-04   5.257212106763e-04   1.332680630042e-04   1.372805709490e-08  -8.795208096877e-01   8.744042062764e-01   1.713701484625e+00   2.022267364221e+00   1.348022600384e+00  -3.397364669303e-02  -2.800821957365e-01  -7.550632485925e-01
