ARMA_MAT_TXT_FN008
55 55
  -2.394112286051e+02  -5.029530160518e+02  -2.258149682016e+02  -1.275901209125e+02  -5.883052699415e+01  -3.115566971547e+01  -9.773884441864e+00  -4.507501152175e+00   2.415698757806e-15  -1.069825690480e-15  -3.990397359486e-03   2.352384349161e-15  -1.296251840290e-16  -1.119815958831e-03   5.915639189363e-16   5.109118164293e-16   7.133086254694e-04   3.737177488798e-17   3.345391120113e-16  -2.868431073970e-04  -1.074575150590e-16   1.313867504182e-16  -9.187340048503e-04  -2.026066502715e-16  -3.817080038764e-17  -1.210701622741e-03  -1.852726810367e-16  -2.182724009276e-17  -8.433455556755e-04   3.591583995628e-16  -4.801845926289e-16  -3.428126939147e-05  -4.334723629463e-16   4.628944959478e-14   1.571756161566e-16  -1.401546824297e-16   4.747512831827e-05  -3.319643470496e-16  -2.406990369855e-14  -1.727638032225e+00  -1.396710280248e-16  -8.549180695074e-18  -4.075346318636e-04   3.160672720561e-17  -2.161195604983e-17   1.889575030402e-04  -1.826420312105e-16  -7.026832957416e-14  -2.997542757962e-03  -7.897628142388e-01  -1.689634755217e+00  -1.251411127360e+00   4.366910799747e-17   1.642369518401e-16   3.149904939957e-01
  -5.029530160518e+02  -4.075843881038e+02  -2.354821051294e+02  -1.479253808646e+02  -7.278096056632e+01  -3.932769355846e+01  -1.247644606383e+01  -5.770856248601e+00   3.012654972913e-15  -2.118156890288e-15  -4.183179091464e-03   3.352248142230e-15  -6.867204899464e-16  -1.738822708596e-03   1.472094942922e-15   1.847198381372e-17  -6.290991870445e-04   7.037954035405e-16   1.416762149608e-16   1.486614409794e-04   4.246551724655e-16   1.455251926387e-16   5.168703659628e-04   1.416432528435e-16   9.511561158764e-17   6.509236432611e-04   3.893772906689e-18   5.461520135874e-17   4.347276938366e-04   4.650380909994e-16  -1.691449612019e-16  -3.541724329380e-04  -1.528960287997e-16   2.865300691226e-14   7.100608461187e-17   1.638703267014e-17   1.574299891876e-05  -2.350028749027e-16   6.078988681084e-15  -2.216589143825e+00  -2.966069572567e-17  -1.243887377423e-17   2.076004315659e-04  -3.772504596472e-17  -7.220913937816e-17  -3.299920584477e-05  -1.615079600166e-16   2.578240266740e-14  -6.263254807579e-03  -1.015447929384e+00  -2.166240714856e+00  -1.605741504083e+00  -2.230094627694e-17  -1.516968362409e-16   4.093104615924e-01
  -2.258149682016e+02  -2.354821051294e+02  -1.683691371796e+02  -1.263710026383e+02  -7.413397830602e+01  -4.314348987999e+01  -1.437870792149e+01  -6.714956678730e+00   1.351224524556e-15  -5.997555205690e-16  -7.534782688976e-04   5.099228163696e-15  -2.288990912947e-15  -4.850280834272e-03   2.525513669110e-15  -1.414634765438e-15  -3.748091451274e-03   1.173570589195e-15  -3.447273979466e-16  -1.194268916243e-04   8.519641421801e-16   2.106502112077e-17   1.376891062286e-03   4.735418531373e-16   1.676867154134e-16   2.107311712244e-03   1.996945576198e-16   8.468607997176e-17   1.498501110966e-03   9.025115572696e-16   2.643070866623e-17  -1.561447584268e-03   4.278241515096e-16   1.537651093419e-13  -2.733562849067e-16   2.379684977500e-16  -1.897942941247e-04   2.345077535990e-17   5.797494725134e-14  -2.590453499673e+00   1.093625679525e-16  -2.396986660558e-17   7.272399895905e-04  -1.536670875503e-16  -3.727292436537e-17  -3.468043916545e-04  -6.333475709735e-17   1.268018488251e-13  -9.880736580420e-03  -1.196628070092e+00  -2.529609719561e+00  -1.877213154416e+00  -1.244290008955e-16  -4.810763266549e-16   5.049736550126e-01
  -1.275901209125e+02  -1.479253808646e+02  -1.263710026383e+02  -1.008550377628e+02  -6.539972298189e+01  -4.093116794709e+01  -1.453634827432e+01  -6.866208526202e+00   7.290946571168e-16  -4.882215276936e-16  -1.413592767954e-03   4.288478569448e-15  -2.700960040032e-15  -6.155034059825e-03   1.446023373764e-15  -1.681192998203e-15  -4.532554840877e-03   7.081439846330e-17  -4.236240553670e-16  -2.870306790791e-03   2.525216748619e-17  -2.364386321096e-16  -2.814706346392e-03  -9.062835787390e-17  -2.205775089156e-16  -2.295054868742e-03  -1.979505312369e-16  -1.365524669263e-16  -1.322827213776e-03   9.176275613098e-16  -7.881307723937e-16  -2.757145917103e-03   5.826533792686e-17   4.782651027727e-13  -2.361091459940e-16  -1.460385861510e-17  -9.354224795636e-04  -2.674110882359e-16   1.070585038052e-13  -2.656857056369e+00  -1.342174338136e-16  -3.634537671057e-17  -6.065945505283e-04  -9.029412361357e-17   1.653012208322e-16  -2.070192417732e-04  -1.843767414147e-16  -2.738293121751e-14  -7.848283842212e-03  -1.240866888436e+00  -2.595430889921e+00  -1.926134977005e+00  -4.304139619390e-17   1.355395485827e-16   5.578631698538e-01
  -5.883052699415e+01  -7.278096056632e+01  -7.413397830602e+01  -6.539972298189e+01  -4.751443379658e+01  -3.280725339760e+01  -1.323102863592e+01  -6.455363421072e+00   4.196326263560e-16  -5.535922598829e-16  -2.183141392935e-03   1.774381518014e-15  -2.243063439936e-15  -5.366913438063e-03  -1.588258688033e-15  -2.400861819956e-15  -7.567979192935e-03  -1.890590266656e-15  -1.495132963392e-15  -9.000066375991e-03  -1.028433453711e-15  -1.151923811113e-15  -8.758176216983e-03  -5.427729209860e-16  -8.264937751306e-16  -6.624223605956e-03  -5.796244677506e-16  -3.830446267865e-16  -3.668943076339e-03   7.884709503690e-16  -1.223172290823e-15  -6.087268269214e-03  -5.803497500099e-16   1.118000854886e-12   4.427352912027e-16  -2.551662548148e-16  -4.699510582674e-03  -8.071524112550e-16   6.817675215671e-13  -2.530780662315e+00  -4.173278814735e-16  -3.795085946105e-17  -1.651221514345e-03   2.243306376318e-17   3.777805834504e-16  -6.042108353158e-04  -3.545429299492e-16  -5.168587894352e-14  -1.484737209893e-02  -1.217561487530e+00  -2.469556461841e+00  -1.837237819814e+00   3.046869708876e-17   8.864986046324e-16   6.371371208777e-01
  -3.115566971547e+01  -3.932769355846e+01  -4.314348987999e+01  -4.093116794709e+01  -3.280725339760e+01  -2.414417310821e+01  -1.092369520080e+01  -5.622799356715e+00   2.422610623333e-17  -5.212019382857e-17  -7.946407240953e-04   5.607325444502e-16  -1.319925684629e-15  -3.624029761395e-03  -1.685401151267e-15  -3.391119128850e-15  -1.096805165415e-02  -2.524619236760e-15  -2.907060730156e-15  -1.144235135874e-02  -1.448795617191e-15  -1.797775407010e-15  -7.430832681203e-03  -2.576840810221e-16  -5.336152389269e-16  -1.930442232951e-03  -1.917733708877e-16  -8.870552807742e-17   1.608543495938e-04   7.212691903216e-16  -3.505410837958e-16  -8.404945057251e-03  -4.171838682936e-16   1.373367711788e-12   5.442082159219e-16   2.436874239303e-16  -1.108107720190e-02  -8.107118216099e-16   1.957027180308e-12  -2.276105471459e+00  -1.303876289869e-16  -3.399950623204e-17   3.709097215303e-04  -3.154614235666e-16   1.857755764902e-16  -3.688575160646e-03  -1.597510686913e-16   7.394914416892e-13  -5.869990094142e-02  -1.146391608428e+00  -2.207945955190e+00  -1.657534339269e+00  -2.803787159837e-16  -3.916054695503e-17   7.088409618069e-01
  -9.773884441864e+00  -1.247644606383e+01  -1.437870792149e+01  -1.453634827432e+01  -1.323102863592e+01  -1.092369520080e+01  -5.977147348209e+00  -3.536808353108e+00  -5.430453805086e-16   6.647633038150e-16   1.838252106655e-03   1.580505496452e-16  -1.033240981401e-16  -1.166409802924e-03   2.059813220368e-15  -3.031875474565e-15  -9.592600158859e-03   9.260838228681e-17  -2.204464021540e-15  -5.606154502431e-03  -1.706722015023e-15  -6.327719741700e-16  -6.925400294464e-03  -2.534429013415e-15   8.158430995607e-16  -2.153366357479e-02  -1.211559096998e-15   1.795854341341e-16  -2.101987796003e-02  -1.513464029710e-16   8.156461737429e-16  -4.901020268032e-03   4.071105465234e-16   5.760216253607e-13  -8.704532808542e-16   8.760968126249e-16  -1.681488439756e-02   1.425442078598e-16   3.484556003590e-12  -1.626263077609e+00   1.030993263871e-16  -6.961746846665e-16  -9.191021753035e-03  -1.690888002928e-15  -4.919657782837e-16  -4.496859395500e-02   2.429994304699e-16   7.463151097597e-12  -2.448397220735e-01  -9.359533686713e-01  -1.553544897715e+00  -1.208310210888e+00  -2.231315579042e-15  -4.540179070358e-15   5.845986439118e-01
  -4.507501152175e+00  -5.770856248601e+00  -6.714956678730e+00  -6.866208526202e+00  -6.455363421072e+00  -5.622799356715e+00  -3.536808353108e+00  -2.227450344798e+00   5.803103854846e-18   1.039643270278e-16   1.158785747847e-03  -1.236993889606e-16  -2.401528193371e-16  -4.076266713455e-04  -7.163586567108e-16  -1.139256476671e-15  -4.848897758263e-03  -2.072633015877e-15  -8.504472749647e-16  -4.926326361516e-03  -3.661708624149e-15  -4.796160188523e-16  -1.548759360923e-02  -5.504829406460e-15  -4.251897290704e-16  -5.772135684629e-02  -4.183816190954e-15  -1.008904770550e-15  -6.517152197702e-02   7.742002792979e-16   7.423940080467e-17  -1.457464186791e-03  -1.850083434086e-16   1.184188854576e-13  -2.882212307812e-16   2.666793779549e-17  -1.249237873521e-02   1.124053474079e-16   2.595504123205e-12  -1.098388657582e+00  -1.378663892063e-15  -1.449071493918e-15  -3.320761677209e-02  -1.556109730776e-15  -8.708964541042e-16  -7.446507342137e-02   9.146987820115e-17   1.234936404813e-11  -3.009631296776e-01  -7.149426010149e-01  -1.065782744062e+00  -8.391377700107e-01  -3.193270263686e-15  -5.488693913874e-15   4.192091324496e-01
   2.415698757806e-15   3.012654972913e-15   1.351224524556e-15   7.290946571168e-16   4.196326263560e-16   2.422610623333e-17  -5.430453805086e-16   5.803103854846e-18   1.681852962342e+02  -8.406711126175e-15   8.808715299408e-16  -5.665589842247e+01  -6.001597243450e-15   4.858830748976e-16  -1.487503571637e+01   2.316034135069e-15  -5.883618330914e-16  -3.081531402249e+00   1.554902746027e-15   2.100054695513e-16  -1.393337525585e+00   1.477293743669e-15   7.169739786244e-16  -4.179063071392e-01   8.498580149541e-16   7.796980680650e-16  -1.185223408777e-01   3.026465469999e-16  -3.668120569849e-16   9.420470205923e-16  -8.508557168330e-16   3.624139181102e-17  -1.509261329914e-04   1.432085011996e-15   5.507938513207e-16  -8.563139458202e-16  -2.773485622152e-17  -1.678671639509e-04  -1.065681429147e-15   8.628985145832e-16  -3.568843417586e-02   4.492893070045e-16  -1.464695951971e-15   8.550479478482e-17   3.839492560694e-16  -2.420669460851e-18  -4.472157470384e-04  -1.018604616173e-17   2.561228081342e-16   1.623953367436e-16  -1.326262104692e-16   8.119211976329e-17  -7.952434497066e-03   7.079538895414e-16  -3.264692815576e-16
  -1.069825690480e-15  -2.118156890288e-15  -5.997555205690e-16  -4.882215276936e-16  -5.535922598829e-16  -5.212019382857e-17   6.647633038150e-16   1.039643270278e-16  -8.406711126175e-15   1.681852962342e+02  -7.952710794317e-16  -7.104942875014e-15  -5.665589842247e+01  -2.292442528915e-16   1.263124324879e-15  -1.487503571637e+01   2.269579612312e-16   9.781850901826e-16  -3.081531402249e+00  -1.398787420708e-16   6.955441773057e-16  -1.393337525584e+00  -2.905689236443e-16   2.678163567875e-16  -4.179063071381e-01  -2.042762079647e-16  -1.213434958797e-16  -1.185223408774e-01   4.476071634159e-16   2.040269086104e-15  -1.509261330293e-04   3.906709197299e-16  -3.748668044001e-17  -2.209448847786e-15   5.736925151420e-16  -1.678671639430e-04  -1.235792137740e-16  -1.777475651252e-16   8.153204943536e-16  -6.575142280363e-16  -3.244360149009e-16  -3.568843417596e-02   1.129772486796e-15   2.794788277289e-16  -4.472157470072e-04  -3.059842554301e-16  -3.516937146209e-17   7.632658018017e-17  -1.955736288626e-16  -1.393290779818e-16   4.867340285957e-17  -1.011946862731e-16   5.934941313854e-17  -7.952434496924e-03   4.688370079122e-18
  -3.990397359486e-03  -4.183179091464e-03  -7.534782688976e-04  -1.413592767954e-03  -2.183141392935e-03  -7.946407240953e-04   1.838252106655e-03   1.158785747847e-03   8.808715299408e-16  -7.952710794317e-16   1.681924019475e+02   2.965058437301e-16  -4.582190363887e-16  -5.665300730650e+01  -8.930947085602e-16   2.289609164830e-16  -1.487967001654e+01  -4.745599293555e-16   2.589954114868e-16  -3.079734584404e+00  -1.428150943880e-16   2.080639726368e-16  -1.387765572027e+00   1.240553436251e-16   1.295707324886e-16  -4.111353972012e-01   1.070523645119e-16   6.365668554178e-17  -1.143249277296e-01  -5.306270338567e-16  -2.873537570475e-16   2.919205003495e-03   1.242721405803e-15   5.089986807926e-14  -2.103430349536e-16  -7.453518087764e-17  -7.419336138924e-04   4.586812213392e-16  -1.008331980856e-14   2.054522675327e-04   1.994264778792e-17   2.437751351805e-17  -3.375811577188e-02  -3.885708400390e-16  -1.573825473102e-17  -4.149915278146e-03   6.667416605024e-17  -4.189414330165e-14  -8.694183361275e-03  -6.748140891170e-02  -4.503038736593e-02  -1.221128477106e-02   1.379455604834e-16  -7.403041293983e-17   4.992708372998e-02
   2.352384349161e-15   3.352248142230e-15   5.099228163696e-15   4.288478569448e-15   1.774381518014e-15   5.607325444502e-16   1.580505496452e-16  -1.236993889606e-16  -5.665589842247e+01  -7.104942875014e-15   2.965058437301e-16  -5.438160494701e+01  -4.554792005404e-15   1.604715015916e-16  -2.697647843954e+01   2.625288827609e-16  -3.349327827555e-16  -8.798170914954e+00   4.221537468353e-16  -4.794252330213e-16  -4.425839293653e+00   2.511493282765e-16  -4.779252069769e-16  -1.414744674324e+00  -1.466798656957e-16  -3.305169551259e-16  -3.850677490609e-01   1.764028442792e-16   2.320075613541e-16   6.627992795674e-16  -8.720993134486e-16  -4.900540095117e-16  -2.933154786133e-03   5.463940549432e-16   9.711578030966e-16  -3.567454934410e-16   7.011954328460e-17  -4.809094437005e-04   5.760572348240e-16  -4.271284817989e-16  -1.068734757205e-01   1.679201754392e-16   8.062659558321e-16   5.865773489031e-16   4.520610907093e-16  -4.675095308237e-17  -1.967397253819e-04   1.615528702878e-16  -1.945711758595e-16  -1.686430387548e-16   2.304326528229e-17  -1.429029966914e-17  -2.095901592406e-02   3.542774303198e-16   1.163722883293e-16
  -1.296251840290e-16  -6.867204899464e-16  -2.288990912947e-15  -2.700960040032e-15  -2.243063439936e-15  -1.319925684629e-15  -1.033240981401e-16  -2.401528193371e-16  -6.001597243450e-15  -5.665589842247e+01  -4.582190363887e-16  -4.554792005404e-15  -5.438160494701e+01  -3.453539140005e-16  -2.977292849409e-15  -2.697647843955e+01   2.957916360736e-16  -2.359683674564e-15  -8.798170914954e+00  -1.391109789678e-16  -1.450457016199e-15  -4.425839293653e+00  -3.594559406677e-16  -5.089394022118e-16  -1.414744674324e+00  -3.232977586540e-16  -2.339616777613e-16  -3.850677490609e-01   2.889521143266e-16   3.040442709171e-15  -2.933154786133e-03   1.547424581303e-15  -8.903008763313e-17   2.596795284555e-17   6.109716542931e-16  -4.809094437079e-04  -1.035106070676e-18  -3.269748356181e-16   1.466043603148e-15  -6.214441366780e-16  -7.914765180232e-17  -1.068734757205e-01   9.478788468040e-16   2.037556788825e-16  -1.967397253927e-04  -2.055947118764e-16  -4.430918542553e-16   3.633925142057e-16  -2.032953917257e-16  -2.225872825676e-16  -4.577737735993e-17  -1.123069754370e-16  -1.443004486683e-16  -2.095901592407e-02   1.349737296124e-16
  -1.119815958831e-03  -1.738822708596e-03  -4.850280834272e-03  -6.155034059825e-03  -5.366913438063e-03  -3.624029761395e-03  -1.166409802924e-03  -4.076266713455e-04   4.858830748976e-16  -2.292442528915e-16  -5.665300730650e+01   1.604715015916e-16  -3.453539140005e-16  -5.438406877102e+01   4.393274822821e-17   3.041574662789e-16  -2.697970883190e+01   2.280837164528e-16   2.653680718386e-16  -8.799519344162e+00   2.284836776188e-16   1.351333512376e-16  -4.426777945540e+00   1.011009046079e-16   1.774029733657e-17  -1.415288971982e+00  -1.486906363234e-17  -3.902680354926e-18  -3.853146195702e-01  -5.984729570645e-16  -1.513445994094e-15  -3.203744017692e-03   2.695907483748e-15   7.770205919660e-15   4.694002558569e-17  -1.600969140362e-16  -1.623434964693e-04   3.543610492012e-16   3.681923472706e-15  -7.735707334511e-05  -3.515517328509e-17   7.172486918453e-18  -1.069764331480e-01  -2.619479872981e-17  -1.116784153782e-17   4.788523679018e-04  -1.994436793442e-17   5.132660518391e-15  -5.519341673298e-03  -2.183698094276e-01  -1.462597494494e-01  -3.820731263291e-02  -3.027630355680e-17   8.333027510517e-17   1.979801992741e-01
   5.915639189363e-16   1.472094942922e-15   2.525513669110e-15   1.446023373764e-15  -1.588258688033e-15  -1.685401151267e-15   2.059813220368e-15  -7.163586567108e-16  -1.487503571637e+01   1.263124324879e-15  -8.930947085602e-16  -2.697647843954e+01  -2.977292849409e-15   4.393274822821e-17  -1.829098636570e+01  -4.354858129388e-15   1.032954861231e-15  -9.766030272869e+00   2.662302762000e-16  -2.383936638376e-15  -6.176750448471e+00  -1.587929453062e-15  -4.111736616537e-15  -2.456847652968e+00  -2.209458516722e-15  -3.618342499974e-15  -7.332223027527e-01   4.106666127773e-16   3.068297283728e-15  -1.309318718332e-15   1.977629428010e-16   1.034579740410e-15  -8.638144864782e-03  -6.361791791808e-15  -1.529035017412e-16   1.138183608750e-15   7.939427868458e-16  -5.894686593205e-03   4.875347308470e-15  -5.270147842723e-15  -2.071911456103e-01   1.865687396003e-17   9.597995215971e-15   8.149932357216e-16  -5.925483640167e-17  -1.042631748216e-15  -6.547886550734e-04   3.817387218056e-16  -2.115100176835e-15  -1.528238338717e-15   5.712528038063e-16  -3.071696240891e-16  -5.770339001612e-02  -6.543107542614e-16   1.423135031642e-15
   5.109118164293e-16   1.847198381372e-17  -1.414634765438e-15  -1.681192998203e-15  -2.400861819956e-15  -3.391119128850e-15  -3.031875474565e-15  -1.139256476671e-15   2.316034135069e-15  -1.487503571637e+01   2.289609164830e-16   2.625288827609e-16  -2.697647843955e+01   3.041574662789e-16  -4.354858129388e-15  -1.829098636570e+01  -1.624352216401e-16  -1.426451743494e-15  -9.766030272872e+00   2.378418546314e-16  -8.413728806405e-16  -6.176750448474e+00   4.916822866375e-16  -2.443029496946e-16  -2.456847652970e+00   3.880759812810e-16  -3.836774335437e-17  -7.332223027534e-01  -9.511876716991e-16  -7.779848080399e-16  -8.638144864741e-03   1.908655752432e-15  -8.337658162299e-16   5.442498011485e-15  -3.123823448244e-16  -5.894686593273e-03   7.441633408305e-16  -2.184243983175e-16   5.080228154344e-16   8.217303133450e-16   1.468731313196e-16  -2.071911456101e-01  -2.271309705081e-15  -6.556221039866e-17  -6.547886551552e-04   6.171127788981e-16  -6.304055992180e-16   2.330026345433e-16   5.115133332316e-16   1.128357304574e-16  -5.205890063899e-16  -1.801773448505e-16  -2.922252539108e-16  -5.770339001637e-02   3.864790059669e-17
   7.133086254694e-04  -6.290991870445e-04  -3.748091451274e-03  -4.532554840877e-03  -7.567979192935e-03  -1.096805165415e-02  -9.592600158859e-03  -4.848897758263e-03  -5.883618330914e-16   2.269579612312e-16  -1.487967001654e+01  -3.349327827555e-16   2.957916360736e-16  -2.697970883190e+01   1.032954861231e-15  -1.624352216401e-16  -1.829460393282e+01   9.186439091453e-16  -2.075869873622e-16  -9.781420644086e+00   6.552901493017e-16  -2.943236564919e-16  -6.195230761603e+00   1.749099316050e-16  -3.293705108645e-16  -2.472040410442e+00  -6.954171001600e-17  -2.107372270928e-16  -7.412289009271e-01   2.873889015181e-17  -2.457003300827e-15  -1.420037503446e-02  -2.110828843696e-16  -6.333269412379e-14   4.982674673767e-16  -1.153469281458e-15  -3.544688231984e-03  -1.621695249139e-15   4.338027062133e-14  -1.253082833255e-03  -3.958688754597e-17  -8.963409765910e-17  -2.106324050074e-01   9.110369814047e-16  -3.641664780789e-16   7.247227072768e-03  -3.643417922865e-16   8.545818404055e-14  -2.305248738567e-02  -4.333241199916e-01  -2.851541343595e-01  -7.578637662861e-02  -7.036000420083e-16   2.217604453813e-16   4.892122958324e-01
   3.737177488798e-17   7.037954035405e-16   1.173570589195e-15   7.081439846330e-17  -1.890590266656e-15  -2.524619236760e-15   9.260838228681e-17  -2.072633015877e-15  -3.081531402249e+00   9.781850901826e-16  -4.745599293555e-16  -8.798170914954e+00  -2.359683674564e-15   2.280837164528e-16  -9.766030272869e+00  -1.426451743494e-15   9.186439091453e-16  -5.724235334826e+00   2.488443895051e-15  -1.427299183140e-15  -4.080292814761e+00   2.360755203692e-16  -2.453254070471e-15  -2.183546149114e+00  -8.803172125707e-16  -1.586697202909e-15  -8.501307637536e-01   2.213484492993e-15   4.560836331485e-15  -1.054971865703e-15   1.397945003161e-16   1.793730515726e-15  -7.583578596967e-03  -5.929265230219e-15  -4.668002774459e-16  -8.022981930711e-16   2.049509777183e-15  -1.219972024128e-02   1.198667939286e-15  -5.743988394687e-15  -2.825692974021e-01   3.300041576157e-15   1.068640093022e-14  -4.267482066779e-16   1.090881223944e-15  -2.597109497279e-15  -4.502746483618e-03  -7.504471722678e-16  -3.099660098040e-15  -2.572627676606e-15  -9.727661836128e-17  -3.500238356405e-16  -1.243361314649e-01   2.671051003660e-15   8.098335439856e-16
   3.345391120113e-16   1.416762149608e-16  -3.447273979466e-16  -4.236240553670e-16  -1.495132963392e-15  -2.907060730156e-15  -2.204464021540e-15  -8.504472749647e-16   1.554902746027e-15  -3.081531402249e+00   2.589954114868e-16   4.221537468353e-16  -8.798170914954e+00   2.653680718386e-16   2.662302762000e-16  -9.766030272872e+00  -2.075869873622e-16   2.488443895051e-15  -5.724235334829e+00   6.924103379927e-16   1.842811606281e-15  -4.080292814762e+00   1.328265682561e-15   7.264856194914e-16  -2.183546149113e+00   1.266318668791e-15  -1.013384409687e-15  -8.501307637535e-01  -7.636628425584e-16  -7.593321792257e-16  -7.583578597032e-03   1.305673558765e-15   8.772767750071e-17   3.047025208309e-15  -2.007768810928e-15  -1.219972024131e-02   1.271607680052e-15   1.047574835098e-15   3.379069300515e-16   3.016795451385e-16  -2.715582527648e-15  -2.825692974032e-01  -2.548713678917e-15  -5.478594817736e-16  -4.502746483461e-03   3.455646896409e-16   1.057372895151e-15  -9.189181195272e-16   8.195449527756e-16   2.350159061372e-16  -9.974408576315e-16  -8.779357059619e-16   6.768093734814e-16  -1.243361314644e-01  -7.069830181034e-16
  -2.868431073970e-04   1.486614409794e-04  -1.194268916243e-04  -2.870306790791e-03  -9.000066375991e-03  -1.144235135874e-02  -5.606154502431e-03  -4.926326361516e-03   2.100054695513e-16  -1.398787420708e-16  -3.079734584404e+00  -4.794252330213e-16  -1.391109789678e-16  -8.799519344162e+00  -2.383936638376e-15   2.378418546314e-16  -9.781420644086e+00  -1.427299183140e-15   6.924103379927e-16  -5.735887705684e+00  -1.309628861350e-16   7.545525375938e-16  -4.080457736388e+00   1.090565070052e-15   4.422452462753e-16  -2.170796452963e+00   8.525755293957e-16   9.483006179811e-17  -8.385012979509e-01  -2.317767787608e-16  -2.712716154852e-15  -4.712636681273e-03  -4.569315849134e-17   6.721164423629e-14  -4.793321940684e-16  -2.633761568656e-15  -1.735373643923e-02  -3.962488624983e-15  -2.432244943645e-14  -4.224522988885e-03   2.602577148435e-16  -7.103159653793e-17  -2.761353835260e-01  -5.933513287477e-16  -1.287947696792e-15  -2.858033699144e-02  -1.795687831746e-15  -1.887739368035e-13  -1.674615108051e-01  -5.494230650092e-01  -3.546682022199e-01  -1.046830180511e-01  -9.754859556287e-16  -1.205599031293e-15   6.165529220781e-01
  -1.074575150590e-16   4.246551724655e-16   8.519641421801e-16   2.525216748619e-17  -1.028433453711e-15  -1.448795617191e-15  -1.706722015023e-15  -3.661708624149e-15  -1.393337525585e+00   6.955441773057e-16  -1.428150943880e-16  -4.425839293653e+00  -1.450457016199e-15   2.284836776188e-16  -6.176750448471e+00  -8.413728806405e-16   6.552901493017e-16  -4.080292814761e+00   1.842811606281e-15  -1.309628861350e-16  -2.855508425019e+00   2.154237879082e-16  -3.738100851617e-16  -1.707009182861e+00  -4.762910889716e-16   5.595616929317e-16  -8.367344245490e-01   3.174743121005e-15   5.045455053518e-15  -5.971228938861e-16   3.253387910970e-16   1.638417436871e-15  -4.601923398575e-03  -3.863018907293e-15   2.547212034592e-17  -2.145985852050e-15   1.940562120259e-15  -1.218255996758e-02  -7.589318528755e-16  -5.521499291786e-15  -3.203723255942e-01   6.038390988895e-15   9.675833723320e-15  -1.642977568111e-15   2.344910759077e-15  -3.159436297965e-15  -1.027302781497e-02  -2.349415723301e-15  -3.656285043217e-15  -3.525725464529e-15  -1.249660874151e-15  -6.593690679666e-16  -1.605863120578e-01   5.707059589631e-15   2.012553005862e-16
   1.313867504182e-16   1.455251926387e-16   2.106502112077e-17  -2.364386321096e-16  -1.151923811113e-15  -1.797775407010e-15  -6.327719741700e-16  -4.796160188523e-16   1.477293743669e-15  -1.393337525584e+00   2.080639726368e-16   2.511493282765e-16  -4.425839293653e+00   1.351333512376e-16  -1.587929453062e-15  -6.176750448474e+00  -2.943236564919e-16   2.360755203692e-16  -4.080292814762e+00   7.545525375938e-16   2.154237879082e-16  -2.855508425018e+00   1.668686791219e-15  -2.791958007654e-16  -1.707009182860e+00   1.824536925188e-15  -2.650038904099e-15  -8.367344245508e-01  -3.221984179247e-16   3.240897207993e-16  -4.601923398683e-03   8.309049458827e-16   8.756756397239e-16   1.101369535359e-15  -1.802386012686e-15  -1.218255996752e-02   9.964991197772e-16   2.153448137009e-15  -2.421764157735e-16  -6.527334808677e-16  -5.624769518379e-15  -3.203723255977e-01  -2.012693274852e-15  -1.866995436731e-15  -1.027302781461e-02  -2.572968120668e-17   2.652348061333e-15  -2.016895152081e-15   7.739782939293e-16   1.259893974358e-16  -1.428326463184e-15  -1.596875394786e-15   1.501341605232e-15  -1.605863120569e-01  -1.319323611602e-15
  -9.187340048503e-04   5.168703659628e-04   1.376891062286e-03  -2.814706346392e-03  -8.758176216983e-03  -7.430832681203e-03  -6.925400294464e-03  -1.548759360923e-02   7.169739786244e-16  -2.905689236443e-16  -1.387765572027e+00  -4.779252069769e-16  -3.594559406677e-16  -4.426777945540e+00  -4.111736616537e-15   4.916822866375e-16  -6.195230761603e+00  -2.453254070471e-15   1.328265682561e-15  -4.080457736388e+00  -3.738100851617e-16   1.668686791219e-15  -2.841720369098e+00   1.724359661224e-15   1.333141975996e-15  -1.688110028920e+00   1.467040703560e-15   5.074464380663e-16  -8.229846862073e-01  -2.888013075072e-16  -2.639472265230e-15   3.448372735353e-03   1.404468451097e-15   1.413658957689e-13  -9.597477719829e-16  -2.749957629334e-15  -2.756421117831e-02  -3.951195572982e-15  -1.131380687920e-13  -1.463116906792e-02   4.224748846621e-16  -8.632205726640e-18  -3.118339116294e-01  -1.723720082144e-15  -1.781365119999e-15  -7.735084804729e-02  -3.745383423202e-15  -4.298115682810e-13  -3.182969483303e-01  -5.962244297503e-01  -3.895478991382e-01  -1.291809986557e-01  -1.449167009821e-15  -2.634188870080e-15   5.135394563391e-01
  -2.026066502715e-16   1.416432528435e-16   4.735418531373e-16  -9.062835787390e-17  -5.427729209860e-16  -2.576840810221e-16  -2.534429013415e-15  -5.504829406460e-15  -4.179063071392e-01   2.678163567875e-16   1.240553436251e-16  -1.414744674324e+00  -5.089394022118e-16   1.011009046079e-16  -2.456847652968e+00  -2.443029496946e-16   1.749099316050e-16  -2.183546149114e+00   7.264856194914e-16   1.090565070052e-15  -1.707009182861e+00  -2.791958007654e-16   1.724359661224e-15  -9.842276455137e-01  -6.805981026748e-16   2.401968392012e-15  -5.790958577022e-01   3.443486225771e-15   4.578113215184e-15  -9.892504171635e-16   2.742956248507e-16   1.368031563943e-15  -9.396034659481e-04  -2.012991862959e-15   5.224396720080e-17  -3.076083674096e-15   3.927193626511e-16  -7.338478277772e-03  -9.652670064841e-16  -5.439791552356e-15  -2.851224139631e-01   8.492597301544e-15   7.310313436881e-15  -2.875394156408e-15   3.467505205622e-15  -3.372928677759e-15  -1.983995818859e-02  -3.700534244395e-15  -4.128034352517e-15  -4.725179856527e-15  -3.191607876033e-15  -1.612211188242e-15  -1.233807423052e-01   8.369161146080e-15  -4.440553286359e-16
  -3.817080038764e-17   9.511561158764e-17   1.676867154134e-16  -2.205775089156e-16  -8.264937751306e-16  -5.336152389269e-16   8.158430995607e-16  -4.251897290704e-16   8.498580149541e-16  -4.179063071381e-01   1.295707324886e-16  -1.466798656957e-16  -1.414744674324e+00   1.774029733657e-17  -2.209458516722e-15  -2.456847652970e+00  -3.293705108645e-16  -8.803172125707e-16  -2.183546149113e+00   4.422452462753e-16  -4.762910889716e-16  -1.707009182860e+00   1.333141975996e-15  -6.805981026748e-16  -9.842276455221e-01   1.944525983586e-15  -3.995664661632e-15  -5.790958577197e-01   2.211575195921e-16  -1.916818529600e-16  -9.396034660495e-04   3.107085614797e-16   5.626162311382e-16   8.917797811204e-17  -5.472278496831e-16  -7.338478277599e-03   1.464130203426e-16   2.473620014401e-15  -8.773372975760e-16  -2.002168496793e-15  -8.508483586507e-15  -2.851224139771e-01  -1.121592762384e-15  -3.496098629003e-15  -1.983995818810e-02  -5.965196558505e-16   4.020327692753e-15  -3.138982700407e-15   3.048765916508e-16  -3.306770436739e-16  -2.042543741845e-15  -2.494988321037e-15   2.369079183150e-15  -1.233807423056e-01  -1.632582113825e-15
  -1.210701622741e-03   6.509236432611e-04   2.107311712244e-03  -2.295054868742e-03  -6.624223605956e-03  -1.930442232951e-03  -2.153366357479e-02  -5.772135684629e-02   7.796980680650e-16  -2.042762079647e-16  -4.111353972012e-01  -3.305169551259e-16  -3.232977586540e-16  -1.415288971982e+00  -3.618342499974e-15   3.880759812810e-16  -2.472040410442e+00  -1.586697202909e-15   1.266318668791e-15  -2.170796452963e+00   5.595616929317e-16   1.824536925188e-15  -1.688110028920e+00   2.401968392012e-15   1.944525983586e-15  -1.009258300109e+00   1.765292107591e-15   9.895610195316e-16  -6.207065604848e-01   4.718523718964e-16  -1.826274146214e-15   1.015600358527e-02   1.717756195850e-15   1.734484815974e-13  -5.621416212290e-16  -1.943049064260e-15  -3.505495489965e-02  -2.451963701253e-15  -2.174328425641e-13  -5.167598915018e-02   3.949661863767e-16   7.673679537764e-17  -3.031877554618e-01  -2.321694408134e-15  -1.753862599904e-15  -1.667754264364e-01  -5.810526484322e-15  -6.399446944583e-13  -4.405705851307e-01  -5.635407983665e-01  -3.859883849715e-01  -1.617557566341e-01  -2.448964330029e-15  -3.598726372368e-15   2.334449847832e-01
  -1.852726810367e-16   3.893772906689e-18   1.996945576198e-16  -1.979505312369e-16  -5.796244677506e-16  -1.917733708877e-16  -1.211559096998e-15  -4.183816190954e-15  -1.185223408777e-01  -1.213434958797e-16   1.070523645119e-16  -3.850677490609e-01  -2.339616777613e-16  -1.486906363234e-17  -7.332223027527e-01  -3.836774335437e-17  -6.954171001600e-17  -8.501307637536e-01  -1.013384409687e-15   8.525755293957e-16  -8.367344245490e-01  -2.650038904099e-15   1.467040703560e-15  -5.790958577022e-01  -3.995664661632e-15   1.765292107591e-15  -2.390568835085e-01  -1.987304398876e-16   2.568395900385e-15  -4.669690873153e-16   8.371435362116e-16   9.455843702909e-16   3.214868828583e-04  -5.176065738098e-16   2.280727590450e-16  -1.759386723735e-15  -4.406227597435e-16  -3.007174824312e-03   9.260524743086e-17  -4.482214694627e-15  -1.163079802069e-01   5.722280344982e-15   4.223133635842e-15  -2.363377720002e-15   2.956253037810e-15  -3.057122531289e-15  -1.658864678489e-02  -1.979118644897e-15  -3.334297766779e-15  -4.070682212549e-15  -3.385459448193e-15  -2.090911481622e-15  -7.640182486542e-02   6.125717002170e-15  -6.231548511256e-16
  -2.182724009276e-17   5.461520135874e-17   8.468607997176e-17  -1.365524669263e-16  -3.830446267865e-16  -8.870552807742e-17   1.795854341341e-16  -1.008904770550e-15   3.026465469999e-16  -1.185223408774e-01   6.365668554178e-17   1.764028442792e-16  -3.850677490609e-01  -3.902680354926e-18   4.106666127773e-16  -7.332223027534e-01  -2.107372270928e-16   2.213484492993e-15  -8.501307637535e-01   9.483006179811e-17   3.174743121005e-15  -8.367344245508e-01   5.074464380663e-16   3.443486225771e-15  -5.790958577197e-01   9.895610195316e-16  -1.987304398876e-16  -2.390568835603e-01   3.225206171155e-16  -1.477086040370e-15   3.214868828167e-04   2.155909555180e-16  -1.009723316300e-15   1.080252808284e-15  -4.274194114022e-16  -3.007174824199e-03  -1.010087895322e-16   8.910395985304e-16   1.366707043339e-16  -1.949020118219e-15  -5.657058573435e-15  -1.163079802632e-01  -3.737260468108e-16  -2.412610856493e-15  -1.658864678463e-02  -6.828039211870e-16   3.013633183688e-15  -2.097149461233e-15  -3.079498326197e-16  -8.237818740181e-16  -1.874086217987e-15  -2.049929563444e-15   2.639595767264e-15  -7.640182486799e-02  -7.534439338254e-16
  -8.433455556755e-04   4.347276938366e-04   1.498501110966e-03  -1.322827213776e-03  -3.668943076339e-03   1.608543495938e-04  -2.101987796003e-02  -6.517152197702e-02  -3.668120569849e-16   4.476071634159e-16  -1.143249277296e-01   2.320075613541e-16   2.889521143266e-16  -3.853146195702e-01   3.068297283728e-15  -9.511876716991e-16  -7.412289009271e-01   4.560836331485e-15  -7.636628425584e-16  -8.385012979509e-01   5.045455053518e-15  -3.221984179247e-16  -8.229846862073e-01   4.578113215184e-15   2.211575195921e-16  -6.207065604848e-01   2.568395900385e-15   3.225206171155e-16  -3.149665419249e-01   1.890917568023e-15  -8.159503022189e-16   8.480336014577e-03  -9.460037954691e-17   1.199947645011e-13   7.202928371124e-16  -1.050881954989e-15  -2.556694909426e-02  -1.889925343352e-15  -1.832968354193e-13  -6.432836593999e-02   7.159995431283e-16  -4.865312123161e-17  -1.586473024951e-01  -1.446458898549e-15  -1.525553585641e-15  -1.519927600141e-01  -4.694384748378e-15  -5.160050446824e-13  -3.981150347941e-01  -3.987649563308e-01  -2.445200804463e-01  -1.207689905290e-01  -2.031067580287e-15  -2.732765636344e-15   2.058130567492e-01
   3.591583995628e-16   4.650380909994e-16   9.025115572696e-16   9.176275613098e-16   7.884709503690e-16   7.212691903216e-16  -1.513464029710e-16   7.742002792979e-16   9.420470205923e-16   2.040269086104e-15  -5.306270338567e-16   6.627992795674e-16   3.040442709171e-15  -5.984729570645e-16  -1.309318718332e-15  -7.779848080399e-16   2.873889015181e-17  -1.054971865703e-15  -7.593321792257e-16  -2.317767787608e-16  -5.971228938861e-16   3.240897207993e-16  -2.888013075072e-16  -9.892504171635e-16  -1.916818529600e-16   4.718523718964e-16  -4.669690873153e-16  -1.477086040370e-15   1.890917568023e-15  -2.662906434871e+00  -3.888776625515e-16   1.834367848418e-16   1.410952533115e-14   7.484818731653e-17  -2.861661750217e+00  -2.397352764994e-15  -6.228464534066e-16  -3.394012066082e-15  -7.041016238395e-15   2.816686657670e-15   1.845277405897e-17  -6.728732554741e-16   2.483981110531e-15  -9.000755402428e-01   1.792951306612e-15  -2.114482990252e-15  -2.670030683499e-15  -1.149079142759e-15  -3.762845866359e-16  -2.356507059616e-16   1.600623363237e-15   3.227067542445e-15  -2.987689574587e-15   2.729499200072e-15   5.111510887165e-16
  -4.801845926289e-16  -1.691449612019e-16   2.643070866623e-17  -7.881307723937e-16  -1.223172290823e-15  -3.505410837958e-16   8.156461737429e-16   7.423940080467e-17  -8.508557168330e-16  -1.509261330293e-04  -2.873537570475e-16  -8.720993134486e-16  -2.933154786133e-03  -1.513445994094e-15   1.977629428010e-16  -8.638144864741e-03  -2.457003300827e-15   1.397945003161e-16  -7.583578597032e-03  -2.712716154852e-15   3.253387910970e-16  -4.601923398683e-03  -2.639472265230e-15   2.742956248507e-16  -9.396034660495e-04  -1.826274146214e-15   8.371435362116e-16   3.214868828167e-04  -8.159503022189e-16  -3.888776625515e-16  -2.669438241894e+00  -1.455126194588e-15  -4.351748813805e-15   5.648081155117e-15   1.747108601804e-15  -2.868600645299e+00   7.489237852630e-16   2.402485244821e-15  -2.021017902946e-16  -3.013228082122e-16   1.361912593369e-15   2.935113888293e-04  -4.725729369330e-16   3.050576853534e-15  -9.019995966779e-01   2.343545824342e-15   2.847226911307e-16  -3.420982932313e-16   1.351723045345e-15   6.631014915726e-16  -4.306069311803e-16  -3.851599914876e-16   4.561037876142e-16  -6.178794930241e-02  -2.581414160066e-16
  -3.428126939147e-05  -3.541724329380e-04  -1.561447584268e-03  -2.757145917103e-03  -6.087268269214e-03  -8.404945057251e-03  -4.901020268032e-03  -1.457464186791e-03   3.624139181102e-17   3.906709197299e-16   2.919205003495e-03  -4.900540095117e-16   1.547424581303e-15  -3.203744017692e-03   1.034579740410e-15   1.908655752432e-15  -1.420037503446e-02   1.793730515726e-15   1.305673558765e-15  -4.712636681273e-03   1.638417436871e-15   8.309049458827e-16   3.448372735353e-03   1.368031563943e-15   3.107085614797e-16   1.015600358527e-02   9.455843702909e-16   2.155909555180e-16   8.480336014577e-03   1.834367848418e-16  -1.455126194588e-15  -2.672659205940e+00   1.034790484174e-15  -6.428949313949e-13   1.660171532134e-16  -4.250323538708e-16  -2.870259755386e+00   8.187887708278e-16  -7.546564498312e-13   1.620896774269e-04   4.415423713483e-16   3.826645526599e-16   4.180542094587e-03  -5.417998273833e-17  -8.387944076784e-17  -9.002259616641e-01   5.419806204471e-16  -2.519562499329e-13  -2.813690651327e-02  -1.042926032925e-01  -2.031734694726e-02  -5.606964343212e-04  -1.212999728863e-15  -1.090523504846e-15   2.196658566433e-01
  -4.334723629463e-16  -1.528960287997e-16   4.278241515096e-16   5.826533792686e-17  -5.803497500099e-16  -4.171838682936e-16   4.071105465234e-16  -1.850083434086e-16  -1.509261329914e-04  -3.748668044001e-17   1.242721405803e-15  -2.933154786133e-03  -8.903008763313e-17   2.695907483748e-15  -8.638144864782e-03  -8.337658162299e-16  -2.110828843696e-16  -7.583578596967e-03   8.772767750071e-17  -4.569315849134e-17  -4.601923398575e-03   8.756756397239e-16   1.404468451097e-15  -9.396034659481e-04   5.626162311382e-16   1.717756195850e-15   3.214868828583e-04  -1.009723316300e-15  -9.460037954691e-17   1.410952533115e-14  -4.351748813805e-15   1.034790484174e-15  -2.669438241893e+00  -3.139699250678e-15  -6.711660507994e-16   2.173740399719e-15  -1.594253809549e-15  -2.868600645298e+00   2.895910670266e-15  -6.581840642254e-16   2.935113888324e-04   1.630009596362e-16  -1.423111878297e-15  -2.890773944580e-15   2.014420486705e-15  -2.383030809207e-15  -9.019995966774e-01   2.673045608317e-15  -1.967566038142e-15  -6.768316145166e-16  -1.596357754815e-17  -8.758132078588e-16  -6.178794930236e-02   4.647060456894e-16   1.470163415339e-17
   4.628944959478e-14   2.865300691226e-14   1.537651093419e-13   4.782651027727e-13   1.118000854886e-12   1.373367711788e-12   5.760216253607e-13   1.184188854576e-13   1.432085011996e-15  -2.209448847786e-15   5.089986807926e-14   5.463940549432e-16   2.596795284555e-17   7.770205919660e-15  -6.361791791808e-15   5.442498011485e-15  -6.333269412379e-14  -5.929265230219e-15   3.047025208309e-15   6.721164423629e-14  -3.863018907293e-15   1.101369535359e-15   1.413658957689e-13  -2.012991862959e-15   8.917797811204e-17   1.734484815974e-13  -5.176065738098e-16   1.080252808284e-15   1.199947645011e-13   7.484818731653e-17   5.648081155117e-15  -6.428949313949e-13  -3.139699250678e-15  -2.662906434871e+00   6.601896025376e-15  -1.110265509265e-15  -7.505761633753e-13  -2.832062705690e-15  -2.861661750217e+00  -3.176541183763e-14  -1.776341194701e-16   7.604480686564e-16   5.661810513222e-14   4.187183068029e-15  -1.070147238647e-15  -2.431602532328e-13  -3.862002503668e-16  -9.000755402428e-01  -2.707914156727e-14   2.816656734815e-15   3.892989507806e-14  -9.781190499229e-15   3.276520617706e-15   1.484106923364e-15   4.390931058745e-14
