ARMA_MAT_TXT_FN008
55 55
  -3.727140946257e+02  -5.934273120153e+02  -2.534214307320e+02  -1.427507100932e+02  -6.573217866876e+01  -3.477033168789e+01  -1.089539825448e+01  -5.027139916220e+00   1.404282907106e-19   2.106424358944e-20  -1.821564418169e-03   3.296158268282e-20   4.944237398400e-21  -4.275608987174e-04   3.003000323725e-21   4.504500481921e-22  -3.895339400463e-05   5.697090469141e-22   8.545635696757e-23  -7.389976217159e-06   2.588057470662e-22   3.882086202834e-23  -3.357096619833e-06   7.650662210010e-23   1.147599330568e-23  -9.924050194347e-07   2.017460678203e-23   3.026191014842e-24  -2.616947459713e-07  -1.029341839448e-39   1.335209920573e-23  -6.666341972276e-07   8.901399470484e-23   7.577592403328e-17  -1.520221780385e-41   1.971954432290e-25  -9.845435086378e-09   1.314636288193e-24   1.119124917782e-18  -1.928411753654e+00   5.546357103683e-24   8.319535648755e-25  -7.194452556109e-08  -1.552208685735e-42   2.013446220260e-26  -1.005259236370e-09   1.342297480173e-25   1.142672365452e-19  -4.575740115061e-03  -8.815845591808e-01  -1.885177897464e+00  -1.396845669002e+00  -2.709602589557e-17  -4.064403884335e-18   3.514758770834e-01
  -5.934273120153e+02  -5.262384202532e+02  -3.016974915204e+02  -1.876674263926e+02  -9.176305247977e+01  -4.950854456786e+01  -1.569822458838e+01  -7.258196267163e+00   3.622788614805e-19   5.434182917785e-20  -4.699297272567e-03   2.451950776110e-19   3.677926161172e-20  -3.180545932919e-03   3.965781802134e-20   5.948672698361e-21  -5.144210603458e-04   8.321741832992e-21   1.248261273933e-21  -1.079454057545e-04   3.831545572917e-21   5.747318354699e-22  -4.970086189116e-05   1.143550083942e-21   1.715325124517e-22  -1.483355051010e-05   3.027034242117e-22   4.540551359481e-23  -3.926514977942e-06  -3.398477473429e-38   4.408332259960e-22  -2.200961056197e-05   2.938888173307e-21   2.501819716116e-15  -1.125806579830e-39   1.460339079233e-23  -7.291078015360e-07   9.735593861552e-23   8.287726253811e-17  -2.786556668062e+00   8.332604452414e-23   1.249890666845e-23  -1.080863101330e-06  -1.187634854641e-40   1.540539575060e-24  -7.691497397636e-08   1.027026383373e-23   8.742880652052e-18  -6.911486404369e-03  -1.276281751532e+00  -2.723806180740e+00  -2.018597944947e+00  -3.964233802830e-17  -5.946350704245e-18   5.142202617400e-01
  -2.534214307320e+02  -3.016974915204e+02  -2.631437594233e+02  -2.044279073065e+02  -1.203417895598e+02  -6.984329882114e+01  -2.321394260827e+01  -1.082519034309e+01   2.979358693035e-19   4.469038035915e-20  -3.864672678655e-03   9.358944735685e-19   1.403841709210e-19  -1.213994746776e-02   4.322236593076e-19   6.483354884338e-20  -5.606585642405e-03   1.190890020910e-19   1.786335029911e-20  -1.544762011319e-03   5.719750970674e-20   8.579626449030e-21  -7.419370268089e-04   1.759994020686e-20   2.639991028881e-21  -2.282974796638e-04   4.716289898328e-21   7.074434841735e-22  -6.117731563271e-05  -6.453240589701e-37   8.370815724184e-21  -4.179321868652e-04   5.580543816123e-20   4.750611021077e-14  -5.663256155370e-38   7.346088064826e-22  -3.667703066244e-05   4.897392043217e-21   4.169056884354e-15  -4.170323747981e+00   1.303687571748e-21   1.955531356031e-22  -1.691077261632e-05  -6.501604140003e-39   8.433550463687e-23  -4.210643627167e-06   5.622366975791e-22   4.786214283018e-16  -1.238238252657e-02  -1.924817304411e+00  -4.074693080293e+00  -3.021973176996e+00  -6.238004635806e-17  -9.357006953709e-18   8.091622583586e-01
  -1.427507100932e+02  -1.876674263926e+02  -2.044279073065e+02  -1.821223319843e+02  -1.259874643301e+02  -7.960385800375e+01  -2.821067169822e+01  -1.332137709658e+01   1.862364171297e-19   2.793546254672e-20  -2.415764153321e-03   1.145591372016e-18   1.718387056625e-19  -1.486002906157e-02   1.154565998105e-18   1.731848995748e-19  -1.497644335008e-02   4.519992204306e-19   6.779988300941e-20  -5.863104170891e-03   2.335029783442e-19   3.502544672313e-20  -3.028881963428e-03   7.590154934791e-20   1.138523239292e-20  -9.845563232054e-04   2.080441409683e-20   3.120662111985e-21  -2.698642863762e-04  -2.303818994410e-36   2.988396914081e-20  -1.492025745959e-03   1.992264609387e-19   1.695977044910e-13  -4.773747256184e-37   6.192262327725e-21  -3.091629085560e-04   4.128174885150e-20   3.514236918931e-14  -5.158428613706e+00   5.795553595378e-21   8.693330385992e-22  -7.517697580388e-05  -6.409350974810e-38   8.313884346320e-22  -4.150897571633e-05   5.542589564213e-21   4.718301286873e-15  -1.985925637712e-02  -2.407740182011e+00  -5.036961243145e+00  -3.739796307887e+00  -8.285703596947e-17  -1.242855539542e-17   1.074779360713e+00
  -6.573217866876e+01  -9.176305247977e+01  -1.203417895598e+02  -1.259874643301e+02  -1.110679618269e+02  -8.328702118189e+01  -3.485002575202e+01  -1.709027574095e+01   9.058609755802e-20   1.358791462265e-20  -1.175036819557e-03   9.695046507693e-19   1.454256974971e-19  -1.257592160493e-02   2.496480281999e-18   3.744720419951e-19  -3.238307344865e-02   1.845166762608e-18   2.767750141660e-19  -2.393456548782e-02   1.165406316800e-18   1.748109473778e-19  -1.511705845489e-02   4.477086541195e-19   6.715629806327e-20  -5.807449125269e-03   1.320570787172e-19   1.980856179145e-20  -1.712977310635e-03  -6.980465074601e-36   9.054704531215e-20  -4.520769051494e-03   6.036469687477e-19   5.138732061000e-13  -4.827217709041e-36   6.261621481677e-20  -3.126258235034e-03   4.174414321118e-19   3.553599673056e-13  -6.725264877504e+00   3.774988358509e-20   5.662482533155e-21  -4.896723044955e-04  -1.015695736685e-36   1.317508889595e-20  -6.577965512414e-04   8.783392597301e-20   7.477135392188e-14  -5.301444744076e-02  -3.244473670109e+00  -6.553814926684e+00  -4.883257418106e+00  -1.313165368197e-16  -1.969748052296e-17   1.703371377491e+00
  -3.477033168789e+01  -4.950854456786e+01  -6.984329882114e+01  -7.960385800375e+01  -8.328702118189e+01  -7.379014215753e+01  -3.880479169933e+01  -2.034825062850e+01   4.873179202428e-20   7.309768797693e-21  -6.321240395069e-04   6.561535621383e-19   9.842303424064e-20  -8.511290535531e-03   2.997856869899e-18   4.496785301190e-19  -3.888667573563e-02   3.845381066482e-18   5.768071595030e-19  -4.988032888217e-02   3.205357019410e-18   4.808035525202e-19  -4.157826221867e-02   1.625002066468e-18   2.437503097718e-19  -2.107870094231e-02   5.507468794539e-19   8.261203185086e-20  -7.144008617881e-03  -1.026005014539e-35   1.330881560886e-19  -6.644731642990e-03   8.872543739238e-19   7.553028067057e-13  -1.794375729651e-35   2.327573002133e-19  -1.162094241381e-02   1.551715334755e-18   1.320945809899e-12  -8.258556001993e+00   1.658099678791e-19   2.487149516163e-20  -2.150802634839e-03  -7.376837374162e-36   9.568858533639e-20  -4.777472237535e-03   6.379239022426e-19   5.430543702834e-13  -1.761934661105e-01  -4.210100779606e+00  -8.016234874119e+00  -6.015057911149e+00  -2.123043914676e-16  -3.184565872014e-17   2.753904668062e+00
  -1.089539825448e+01  -1.569822458838e+01  -2.321394260827e+01  -2.821067169822e+01  -3.485002575202e+01  -3.880479169933e+01  -3.480259149355e+01  -2.385703873076e+01   1.542106941116e-20   2.313160409792e-21  -2.000342750549e-04   2.423638554635e-19   3.635457828994e-20  -3.143820758114e-03   1.864293859572e-18   2.796440787082e-19  -2.418267246879e-02   4.775425315162e-18   7.163137966913e-19  -6.194439020588e-02   7.044341335049e-18   1.056651199397e-18  -9.137561569988e-02   8.185530946805e-18   1.227829641006e-18  -1.061785473644e-01   4.899759954343e-18   7.349639925137e-19  -6.355719595560e-02  -7.484181765359e-36   9.708100222407e-20  -4.846991846384e-03   6.472066814938e-19   5.509547627127e-13  -4.056728190987e-35   5.262181636937e-19  -2.627264954430e-02   3.508121091291e-18   2.986499973306e-12  -1.137522233383e+01   1.890786348669e-18   2.836179520445e-19  -2.452631957328e-02  -8.299387106218e-35   1.076554315993e-18  -5.374944502162e-02   7.177028773285e-18   6.349994267633e-12  -1.621190039676e+00  -6.797724967900e+00  -1.077530235714e+01  -8.437854202858e+00  -4.353989125038e-16  -6.530983687566e-17   5.647773413106e+00
  -5.027139916220e+00  -7.258196267163e+00  -1.082519034309e+01  -1.332137709658e+01  -1.709027574095e+01  -2.034825062850e+01  -2.385703873076e+01  -2.104217207813e+01   7.127413020434e-21   1.069111952195e-21  -9.245317938372e-05   1.152792746504e-19   1.729189118349e-20  -1.495344163152e-03   9.953532342078e-19   1.493029850097e-19  -1.291121629244e-02   3.094173071166e-18   4.641259602972e-19  -4.013604054832e-02   5.737472420486e-18   8.606208623708e-19  -7.442357632139e-02   1.055362366772e-17   1.583043548754e-18  -1.368962426203e-01   9.664604651740e-18   1.449690696068e-18  -1.253643397655e-01  -4.118941854979e-36   5.342882040023e-20  -2.667556482825e-03   3.561921360015e-19   3.032196041578e-13  -3.060054327218e-35   3.969346954151e-19  -1.981787567236e-02   2.646231302768e-18   2.253091582826e-12  -1.271424625822e+01   4.763120563916e-18   7.144680835192e-19  -6.178477922662e-02  -1.257621433021e-34   1.631322607652e-18  -8.144752522262e-02   1.087548405102e-17   1.090686025079e-11  -2.826692415414e+00  -7.657877130429e+00  -1.142724242556e+01  -9.746401045604e+00  -3.630363940914e-16  -5.445545911390e-17   4.709123600615e+00
   1.404282907106e-19   3.622788614805e-19   2.979358693035e-19   1.862364171297e-19   9.058609755802e-20   4.873179202428e-20   1.542106941116e-20   7.127413020434e-21   4.250071924118e+01  -1.298146691489e-37   1.122593275566e-20  -1.059914506283e+02  -1.033816680536e-37   8.940096380068e-21  -2.012014798153e+01  -1.490355088589e-38   1.288808585058e-21  -4.200650273235e+00  -3.015936157816e-39   2.608079404661e-22  -1.931409050067e+00  -1.381329830155e-39   1.194527235510e-22  -5.758318891479e-01  -4.107104811756e-40   3.551685086094e-23  -1.523587807148e-01  -1.085524085616e-40   9.387244499924e-24   3.950748552292e-21  -1.166457511169e-39  -1.514820021175e-20  -3.416473493308e-04   2.633832370340e-20   8.317042671411e-23  -2.886969710336e-41  -3.186817360533e-22  -7.192296713771e-06   5.544695118790e-22   2.735936744080e-21  -4.193392841489e-02  -2.986616582142e-41   2.582724829011e-24   8.576808123851e-24  -2.992303760943e-42  -3.286275225453e-23  -7.416933075968e-07   5.717872087225e-23   1.258778182414e-19   6.582603147447e-18   4.439464767404e-18   1.154746405304e-18  -7.259032969745e-03   7.034850272622e-35  -6.083500164070e-18
   2.106424358944e-20   5.434182917785e-20   4.469038035915e-20   2.793546254672e-20   1.358791462265e-20   7.309768797693e-21   2.313160409792e-21   1.069111952195e-21  -1.298146691489e-37   4.250071924118e+01   1.683889913350e-21  -1.033816680536e-37  -1.059914506283e+02   1.341014457010e-21  -1.490355088589e-38  -2.012014798153e+01   1.933212877587e-22  -3.015936157816e-39  -4.200650273235e+00   3.912119106991e-23  -1.381329830155e-39  -1.931409050067e+00   1.791790853266e-23  -4.107104811756e-40  -5.758318891479e-01   5.327527629141e-24  -1.085524085616e-40  -1.523587807148e-01   1.408086674989e-24   2.633832370340e-20  -3.416473493308e-04  -2.272230029905e-21  -1.166457511169e-39  -3.950748552292e-21   5.544695118790e-22  -7.192296713771e-06  -4.780226036888e-23  -2.886969710336e-41  -8.317042671411e-23   4.103905112780e-22  -2.986616582142e-41  -4.193392841489e-02   3.874087243517e-25   5.717872087225e-23  -7.416933075968e-07  -4.929412834146e-24  -2.992303760943e-42  -8.576808123851e-24   1.888167273620e-20   9.873904721168e-19   6.659197151101e-19   1.732119607954e-19   7.034850272621e-35  -7.259032969745e-03  -9.125250246105e-19
  -1.821564418169e-03  -4.699297272567e-03  -3.864672678655e-03  -2.415764153321e-03  -1.175036819557e-03  -6.321240395069e-04  -2.000342750549e-04  -9.245317938372e-05   1.122593275566e-20   1.683889913350e-21   4.250057362409e+01   8.940096380068e-21   1.341014457010e-21  -1.059915665947e+02   1.288808585058e-21   1.933212877587e-22  -2.012016469930e+01   2.608079404661e-22   3.912119106991e-23  -4.200653656303e+00   1.194527235510e-22   1.791790853266e-23  -1.931410599547e+00   3.551685086094e-23   5.327527629141e-24  -5.758323498545e-01   9.387244499924e-24   1.408086674989e-24  -1.523589024813e-01  -1.166457511169e-39   3.965879246306e-21  -3.952558128336e-04   2.643919499683e-20   0.000000000000e+00  -2.886969710336e-41   8.354490975268e-23  -8.323645812762e-06   5.569660654695e-22   0.000000000000e+00  -3.548918097741e-05   2.582724829011e-24   3.874087243517e-25  -4.193396191668e-02  -2.992303760943e-42   8.615622767479e-24  -8.583715717619e-07   5.743748516310e-23   0.000000000000e+00  -1.632823084176e-03  -8.538618259584e-02  -5.758648072296e-02  -1.497878350047e-02  -6.083500164070e-18  -9.125250246105e-19   7.165303938154e-02
   3.296158268282e-20   2.451950776110e-19   9.358944735685e-19   1.145591372016e-18   9.695046507693e-19   6.561535621383e-19   2.423638554635e-19   1.152792746504e-19  -1.059914506283e+02  -1.033816680536e-37   8.940096380068e-21  -1.442370301310e+02  -9.864979998041e-37   8.530900461406e-20  -6.221281406100e+01  -1.068653816776e-36   9.241356130911e-20  -1.876677441090e+01  -4.367868587584e-37   3.777184764346e-20  -9.252066295667e+00  -2.282793050390e-37   1.974082085391e-20  -2.907461905362e+00  -7.487943692952e-38   6.475320002460e-21  -7.861750598435e-01  -2.060261312611e-38   1.781644178282e-21   9.194220919017e-20  -2.252866469424e-37  -3.426377755520e-19  -7.950850742793e-03   6.129480617698e-19   1.204675541770e-20  -5.159670890877e-38  -4.379189914669e-20  -1.041762593101e-03   8.031170285073e-20   4.476909537287e-20  -2.179994500850e-01  -5.746897463811e-39   4.969722212859e-22   1.518295872631e-21  -7.112882791105e-39  -5.488796544987e-21  -1.312970829511e-04   1.012197249254e-20   8.678041452900e-19   3.430734981865e-17   2.302946824880e-17   6.029779105948e-18  -4.142826001945e-02   3.889539671267e-34  -3.363542124045e-17
   4.944237398400e-21   3.677926161172e-20   1.403841709210e-19   1.718387056625e-19   1.454256974971e-19   9.842303424064e-20   3.635457828994e-20   1.729189118349e-20  -1.033816680536e-37  -1.059914506283e+02   1.341014457010e-21  -9.864979998041e-37  -1.442370301310e+02   1.279635069211e-20  -1.068653816776e-36  -6.221281406100e+01   1.386203419637e-20  -4.367868587584e-37  -1.876677441090e+01   5.665777146519e-21  -2.282793050390e-37  -9.252066295667e+00   2.961123128086e-21  -7.487943692952e-38  -2.907461905362e+00   9.712980003690e-22  -2.060261312611e-38  -7.861750598435e-01   2.672466267422e-22   6.129480617698e-19  -7.950850742793e-03  -5.139566628933e-20  -2.252866469424e-37  -9.194220919017e-20   8.031170285073e-20  -1.041762593101e-03  -6.568784866280e-21  -5.159670890877e-38  -1.204675541770e-20   6.715364300466e-21  -5.746897463811e-39  -2.179994500850e-01   7.454583319289e-23   1.012197249254e-20  -1.312970829511e-04  -8.233194810260e-22  -7.112882791105e-39  -1.518295872631e-21   1.301706217935e-19   5.146102472794e-18   3.454420237315e-18   9.044668658882e-19   3.889539671267e-34  -4.142826001945e-02  -5.045313186066e-18
  -4.275608987174e-04  -3.180545932919e-03  -1.213994746776e-02  -1.486002906157e-02  -1.257592160493e-02  -8.511290535531e-03  -3.143820758114e-03  -1.495344163152e-03   8.940096380068e-21   1.341014457010e-21  -1.059915665947e+02   8.530900461406e-20   1.279635069211e-20  -1.442381367161e+02   9.241356130911e-20   1.386203419637e-20  -6.221401280275e+01   3.777184764346e-20   5.665777146519e-21  -1.876726436811e+01   1.974082085391e-20   2.961123128086e-21  -9.252322363563e+00   6.475320002460e-21   9.712980003690e-22  -2.907545899922e+00   1.781644178282e-21   2.672466267422e-22  -7.861981704263e-01  -2.252866469424e-37   9.486451307837e-20  -9.326754361953e-03   6.324300876911e-19   0.000000000000e+00  -5.159670890877e-38   1.271604170301e-20  -1.236339481008e-03   8.477361141947e-20   0.000000000000e+00  -5.807219524797e-04   4.969722212859e-22   7.454583319289e-23  -2.180058965561e-01  -7.112882791105e-39   1.610560573264e-21  -1.562153393095e-04   1.073707049676e-20   0.000000000000e+00  -1.125671433434e-02  -4.450175060501e-01  -2.987265580092e-01  -7.821523008763e-02  -3.363542124045e-17  -5.045313186067e-18   3.948733300041e-01
   3.003000323725e-21   3.965781802134e-20   4.322236593076e-19   1.154565998105e-18   2.496480281999e-18   2.997856869899e-18   1.864293859572e-18   9.953532342078e-19  -2.012014798153e+01  -1.490355088589e-38   1.288808585058e-21  -6.221281406100e+01  -1.068653816776e-36   9.241356130911e-20  -7.406347483146e+01  -6.911510938210e-36   5.976840486600e-19  -4.322364044502e+01  -8.146127433003e-36   7.044495000565e-19  -2.630317956616e+01  -6.141122369879e-36   5.310634554673e-19  -9.941701637329e+00  -2.754334117549e-36   2.381854823723e-19  -2.924973606786e+00  -8.717935168074e-37   7.538974956117e-20   3.272243789066e-19  -2.445038420713e-36  -1.137413067865e-18  -2.829725562430e-02   2.181495861187e-18   2.246017270246e-19  -3.351804601025e-36  -6.971459135954e-19  -1.942279638398e-02   1.497344848097e-18   4.059575344207e-19  -8.359774343127e-01  -2.555761327093e-37   2.210135802492e-20   5.057461750405e-20  -9.993864772942e-37  -1.447651301031e-19  -4.373521570834e-03   3.371641169821e-19   8.119201498949e-18   1.322928415320e-16   8.732417265653e-17   2.337024966504e-17  -2.168468292901e-01   1.798690736274e-33  -1.555446806284e-16
   4.504500481921e-22   5.948672698361e-21   6.483354884338e-20   1.731848995748e-19   3.744720419951e-19   4.496785301190e-19   2.796440787082e-19   1.493029850097e-19  -1.490355088589e-38  -2.012014798153e+01   1.933212877587e-22  -1.068653816776e-36  -6.221281406100e+01   1.386203419637e-20  -6.911510938210e-36  -7.406347483146e+01   8.965260729899e-20  -8.146127433003e-36  -4.322364044503e+01   1.056674250085e-19  -6.141122369879e-36  -2.630317956616e+01   7.965951832009e-20  -2.754334117549e-36  -9.941701637329e+00   3.572782235585e-20  -8.717935168074e-37  -2.924973606786e+00   1.130846243418e-20   2.181495861187e-18  -2.829725562430e-02  -1.706119600230e-19  -2.445038420713e-36  -3.272243789066e-19   1.497344848097e-18  -1.942279638398e-02  -1.045718869297e-19  -3.351804601025e-36  -2.246017270246e-19   6.089363011355e-20  -2.555761327093e-37  -8.359774343127e-01   3.315203703739e-21   3.371641169821e-19  -4.373521570834e-03  -2.171476949048e-20  -9.993864772942e-37  -5.057461750405e-20   1.217880224842e-18   1.984392622978e-17   1.309862589843e-17   3.505537449720e-18   1.798690736273e-33  -2.168468292901e-01  -2.333170209424e-17
  -3.895339400463e-05  -5.144210603458e-04  -5.606585642405e-03  -1.497644335008e-02  -3.238307344865e-02  -3.888667573563e-02  -2.418267246879e-02  -1.291121629244e-02   1.288808585058e-21   1.933212877587e-22  -2.012016469930e+01   9.241356130911e-20   1.386203419637e-20  -6.221401280275e+01   5.976840486600e-19   8.965260729899e-20  -7.407122768518e+01   7.044495000565e-19   1.056674250085e-19  -4.323277820592e+01   5.310634554673e-19   7.965951832009e-20  -2.631006825140e+01   2.381854823723e-19   3.572782235585e-20  -9.944791258353e+00   7.538974956117e-20   1.130846243418e-20  -2.925951524302e+00  -2.445038420713e-36   3.589401746744e-19  -3.425834019952e-02   2.392934499639e-18   0.000000000000e+00  -3.351804601025e-36   2.680796328437e-19  -2.459824767673e-02   1.787197553557e-18   0.000000000000e+00  -5.265874819428e-03   2.210135802492e-20   3.315203703739e-21  -8.362641218964e-01  -9.993864772942e-37   6.353815097593e-20  -5.697341873993e-03   4.235876734613e-19   0.000000000000e+00  -1.053181554763e-01  -1.716035506038e+00  -1.132724787514e+00  -3.031470013475e-01  -1.555446806283e-16  -2.333170209425e-17   1.800799716377e+00
   5.697090469141e-22   8.321741832992e-21   1.190890020910e-19   4.519992204306e-19   1.845166762608e-18   3.845381066482e-18   4.775425315162e-18   3.094173071166e-18  -4.200650273235e+00  -3.015936157816e-39   2.608079404661e-22  -1.876677441090e+01  -4.367868587584e-37   3.777184764346e-20  -4.322364044502e+01  -8.146127433003e-36   7.044495000565e-19  -4.339970190820e+01  -2.129157095301e-35   1.841222916855e-18  -3.423226600336e+01  -2.458970129532e-35   2.126434054278e-18  -1.698559068575e+01  -1.700536218873e-35   1.470566105264e-18  -5.767448170182e+00  -6.714972823219e-36   5.806880983773e-19   2.991965576258e-19  -3.657101608710e-36  -9.690188968790e-19  -2.587350460080e-02   1.994643719180e-18   5.862496448060e-19  -1.589764945604e-35  -1.462749300692e-18  -5.069688302216e-02   3.908330968778e-18   1.378350331789e-18  -1.741410890311e+00  -2.139789496137e-36   1.850417456856e-19   2.690474530530e-19  -1.182332375988e-35  -4.452575558324e-19  -2.326631218657e-02   1.793649688646e-18   4.249987638282e-17   2.747482588687e-16   1.779413133594e-16   4.939998428052e-17  -6.505411021860e-01   4.446590698124e-33  -3.845260978313e-16
   8.545635696757e-23   1.248261273933e-21   1.786335029911e-20   6.779988300941e-20   2.767750141660e-19   5.768071595030e-19   7.163137966913e-19   4.641259602972e-19  -3.015936157816e-39  -4.200650273235e+00   3.912119106991e-23  -4.367868587584e-37  -1.876677441090e+01   5.665777146519e-21  -8.146127433003e-36  -4.322364044503e+01   1.056674250085e-19  -2.129157095301e-35  -4.339970190820e+01   2.761834375282e-19  -2.458970129532e-35  -3.423226600336e+01   3.189651081417e-19  -1.700536218873e-35  -1.698559068575e+01   2.205849157896e-19  -6.714972823219e-36  -5.767448170183e+00   8.710321475660e-20   1.994643719180e-18  -2.587350460080e-02  -1.453528343868e-19  -3.657101608710e-36  -2.991965576258e-19   3.908330968778e-18  -5.069688302216e-02  -2.194123948090e-19  -1.589764945604e-35  -5.862496448060e-19   2.067525496001e-19  -2.139789496137e-36  -1.741410890312e+00   2.775626185283e-20   1.793649688646e-18  -2.326631218657e-02  -6.678863323404e-20  -1.182332375988e-35  -2.690474530530e-19   6.374981457420e-18   4.121223883024e-17   2.669119700375e-17   7.409997641957e-18   4.446590698119e-33  -6.505411021860e-01  -5.767891467465e-17
  -7.389976217159e-06  -1.079454057545e-04  -1.544762011319e-03  -5.863104170891e-03  -2.393456548782e-02  -4.988032888217e-02  -6.194439020588e-02  -4.013604054832e-02   2.608079404661e-22   3.912119106991e-23  -4.200653656303e+00   3.777184764346e-20   5.665777146519e-21  -1.876726436811e+01   7.044495000565e-19   1.056674250085e-19  -4.323277820592e+01   1.841222916855e-18   2.761834375282e-19  -4.342358531611e+01   2.126434054278e-18   3.189651081417e-19  -3.425984902519e+01   1.470566105264e-18   2.205849157896e-19  -1.700466612188e+01   5.806880983773e-19   8.710321475660e-20  -5.774980561071e+00  -3.657101608710e-36   3.466346210694e-19  -3.224460388609e-02   2.310897475471e-18   0.000000000000e+00  -1.589764945604e-35   7.924658739926e-19  -6.883553665437e-02   5.283105830021e-18   0.000000000000e+00  -1.787925999422e-02   1.850417456856e-19   2.775626185283e-20  -1.743811157793e+00  -1.182332375988e-35   4.224135999765e-19  -3.452278008785e-02   2.816090668136e-18   0.000000000000e+00  -5.512867970067e-01  -3.563894780554e+00  -2.308164282960e+00  -6.407914898595e-01  -3.845260978310e-16  -5.767891467467e-17   4.337336013726e+00
   2.588057470662e-22   3.831545572917e-21   5.719750970674e-20   2.335029783442e-19   1.165406316800e-18   3.205357019410e-18   7.044341335049e-18   5.737472420486e-18  -1.931409050067e+00  -1.381329830155e-39   1.194527235510e-22  -9.252066295667e+00  -2.282793050390e-37   1.974082085391e-20  -2.630317956616e+01  -6.141122369879e-36   5.310634554673e-19  -3.423226600336e+01  -2.458970129532e-35   2.126434054278e-18  -3.249162867720e+01  -4.012597465631e-35   3.469958335221e-18  -2.071871406423e+01  -4.356338448754e-35   3.767213890945e-18  -8.298225331128e+00  -2.266651401284e-35   1.960123334148e-18   2.057068382355e-19  -2.954886283695e-36  -6.442365106456e-19  -1.778883041891e-02   1.371378922728e-18   6.758914506495e-19  -2.463689605523e-35  -1.371453828462e-18  -5.844880267906e-02   4.505943008343e-18   2.875291372410e-18  -2.690354703066e+00  -8.080499382937e-36   6.987742086449e-19   5.804173101977e-19  -4.315518390120e-35  -7.940566785178e-20  -5.019252249077e-02   3.869448738414e-18   1.199099751364e-16   4.143083059929e-16   2.668953186198e-16   7.762211232194e-17  -1.280389204646e+00   7.069351414227e-33  -6.113335582379e-16
   3.882086202834e-23   5.747318354699e-22   8.579626449030e-21   3.502544672313e-20   1.748109473778e-19   4.808035525202e-19   1.056651199397e-18   8.606208623708e-19  -1.381329830155e-39  -1.931409050067e+00   1.791790853266e-23  -2.282793050390e-37  -9.252066295667e+00   2.961123128086e-21  -6.141122369879e-36  -2.630317956616e+01   7.965951832009e-20  -2.458970129532e-35  -3.423226600336e+01   3.189651081417e-19  -4.012597465631e-35  -3.249162867721e+01   5.204937502831e-19  -4.356338448754e-35  -2.071871406424e+01   5.650820836418e-19  -2.266651401284e-35  -8.298225331132e+00   2.940185001222e-19   1.371378922728e-18  -1.778883041891e-02  -9.663547649659e-20  -2.954886283695e-36  -2.057068382355e-19   4.505943008343e-18  -5.844880267906e-02  -2.057180739218e-19  -2.463689605523e-35  -6.758914506495e-19   4.312937055089e-19  -8.080499382937e-36  -2.690354703067e+00   1.048161312967e-19   3.869448738414e-18  -5.019252249077e-02  -1.191084985193e-20  -4.315518390120e-35  -5.804173101977e-19   1.798649627045e-17   6.214624589880e-17   4.003429779267e-17   1.164331684804e-17   7.069351414216e-33  -1.280389204646e+00  -9.170003373560e-17
  -3.357096619833e-06  -4.970086189116e-05  -7.419370268089e-04  -3.028881963428e-03  -1.511705845489e-02  -4.157826221867e-02  -9.137561569988e-02  -7.442357632139e-02   1.194527235510e-22   1.791790853266e-23  -1.931410599547e+00   1.974082085391e-20   2.961123128086e-21  -9.252322363563e+00   5.310634554673e-19   7.965951832009e-20  -2.631006825140e+01   2.126434054278e-18   3.189651081417e-19  -3.425984902519e+01   3.469958335221e-18   5.204937502831e-19  -3.253663921319e+01   3.767213890945e-18   5.650820836418e-19  -2.076758044821e+01   1.960123334148e-18   2.940185001222e-19  -8.323651054825e+00  -2.954886283695e-36   2.440361213653e-19  -2.245444949267e-02   1.626907476926e-18   0.000000000000e+00  -2.463689605523e-35   9.954687452313e-19  -8.344649382354e-02   6.636458305555e-18   0.000000000000e+00  -3.729681839285e-02   6.987742086449e-19   1.048161312967e-19  -2.699418846962e+00  -4.315518390120e-35   1.140204423291e-18  -8.590598914628e-02   7.601362825700e-18   0.000000000000e+00  -1.555411256415e+00  -5.374196784164e+00  -3.462030430689e+00  -1.006874591666e+00  -6.113335582367e-16  -9.170003373558e-17   6.649519018800e+00
   7.650662210010e-23   1.143550083942e-21   1.759994020686e-20   7.590154934791e-20   4.477086541195e-19   1.625002066468e-18   8.185530946805e-18   1.055362366772e-17  -5.758318891479e-01  -4.107104811756e-40   3.551685086094e-23  -2.907461905362e+00  -7.487943692952e-38   6.475320002460e-21  -9.941701637329e+00  -2.754334117549e-36   2.381854823723e-19  -1.698559068575e+01  -1.700536218873e-35   1.470566105264e-18  -2.071871406423e+01  -4.356338448754e-35   3.767213890945e-18  -2.055110434210e+01  -9.614880732855e-35   8.314623090626e-18  -1.219335310951e+01  -8.091786831421e-35   6.997503089461e-18   8.505896933426e-20  -1.388442572340e-36  -2.580709438160e-19  -7.355611481269e-03   5.670597960427e-19   4.660929894714e-19  -2.242197042562e-35  -6.745244198025e-19  -4.030614257097e-02   3.107286599320e-18   6.927540284906e-18  -4.871108761960e+00  -3.554080305328e-35   3.073448230267e-18   9.842585343510e-19  -1.248616620311e-34   2.445592180917e-18  -8.511534332601e-02   6.561723569733e-18   3.324168683152e-16   6.424484116710e-16   4.385386063772e-16   1.460257853300e-16  -2.568686450671e+00   8.897683091339e-33  -7.694414870035e-16
   1.147599330568e-23   1.715325124517e-22   2.639991028881e-21   1.138523239292e-20   6.715629806327e-20   2.437503097718e-19   1.227829641006e-18   1.583043548754e-18  -4.107104811756e-40  -5.758318891479e-01   5.327527629141e-24  -7.487943692952e-38  -2.907461905362e+00   9.712980003690e-22  -2.754334117549e-36  -9.941701637329e+00   3.572782235585e-20  -1.700536218873e-35  -1.698559068575e+01   2.205849157896e-19  -4.356338448754e-35  -2.071871406424e+01   5.650820836418e-19  -9.614880732855e-35  -2.055110434211e+01   1.247193463594e-18  -8.091786831421e-35  -1.219335310952e+01   1.049625463419e-18   5.670597960427e-19  -7.355611481269e-03  -3.871064153075e-20  -1.388442572340e-36  -8.505896933426e-20   3.107286599320e-18  -4.030614257097e-02  -1.011786627240e-19  -2.242197042562e-35  -4.660929894714e-19   1.039131041733e-18  -3.554080305328e-35  -4.871108761969e+00   4.610172345401e-19   6.561723569733e-18  -8.511534332601e-02   3.668388277779e-19  -1.248616620311e-34  -9.842585343510e-19   4.986253024725e-17   9.636726175039e-17   6.578079095590e-17   2.190386779878e-17   8.897683091311e-33  -2.568686450673e+00  -1.154162230504e-16
  -9.924050194347e-07  -1.483355051010e-05  -2.282974796638e-04  -9.845563232054e-04  -5.807449125269e-03  -2.107870094231e-02  -1.061785473644e-01  -1.368962426203e-01   3.551685086094e-23   5.327527629141e-24  -5.758323498545e-01   6.475320002460e-21   9.712980003690e-22  -2.907545899922e+00   2.381854823723e-19   3.572782235585e-20  -9.944791258353e+00   1.470566105264e-18   2.205849157896e-19  -1.700466612188e+01   3.767213890945e-18   5.650820836418e-19  -2.076758044821e+01   8.314623090626e-18   1.247193463594e-18  -2.065895740708e+01   6.997503089461e-18   1.049625463419e-18  -1.228412116322e+01  -1.388442572340e-36   1.030691407437e-19  -9.392727680773e-03   6.871276054388e-19   0.000000000000e+00  -2.242197042562e-35   7.569393944628e-19  -6.106269882527e-02   5.046262632597e-18   0.000000000000e+00  -8.986053183855e-02   3.073448230267e-18   4.610172345401e-19  -4.910975970371e+00  -1.248616620311e-34   2.603900556602e-18  -1.791470780076e-01   1.735933705141e-17   0.000000000000e+00  -4.311942673753e+00  -8.333514288863e+00  -5.688499926321e+00  -1.894172273570e+00  -7.694414869985e-16  -1.154162230500e-16   7.412117470570e+00
   2.017460678203e-23   3.027034242117e-22   4.716289898328e-21   2.080441409683e-20   1.320570787172e-19   5.507468794539e-19   4.899759954343e-18   9.664604651740e-18  -1.523587807148e-01  -1.085524085616e-40   9.387244499924e-24  -7.861750598435e-01  -2.060261312611e-38   1.781644178282e-21  -2.924973606786e+00  -8.717935168074e-37   7.538974956117e-20  -5.767448170182e+00  -6.714972823219e-36   5.806880983773e-19  -8.298225331128e+00  -2.266651401284e-35   1.960123334148e-18  -1.219335310951e+01  -8.091786831421e-35   6.997503089461e-18  -1.232197760155e+01  -1.023380313484e-34   8.849846213809e-18   2.593171978946e-20  -4.469775814704e-37  -7.749485446633e-20  -2.242487268605e-03   1.728781320767e-19   1.836872441567e-19  -1.011171674321e-35  -2.021618669842e-19  -1.588465052855e-02   1.224581628850e-18   8.973314665669e-18  -7.440930332448e+00  -5.789815667723e-35   5.006836421467e-18   7.236041714395e-19  -1.115323625625e-34   2.783355423764e-18  -6.257483714471e-02   4.824027815895e-18   3.379449614317e-16   6.150373033667e-16   5.293916572555e-16   2.344593882627e-16  -2.469174565186e+00   4.686605409922e-33  -4.052817569044e-16
   3.026191014842e-24   4.540551359481e-23   7.074434841735e-22   3.120662111985e-21   1.980856179145e-20   8.261203185086e-20   7.349639925137e-19   1.449690696068e-18  -1.085524085616e-40  -1.523587807148e-01   1.408086674989e-24  -2.060261312611e-38  -7.861750598435e-01   2.672466267422e-22  -8.717935168074e-37  -2.924973606786e+00   1.130846243418e-20  -6.714972823219e-36  -5.767448170183e+00   8.710321475660e-20  -2.266651401284e-35  -8.298225331132e+00   2.940185001222e-19  -8.091786831421e-35  -1.219335310952e+01   1.049625463419e-18  -1.023380313484e-34  -1.232197760159e+01   1.327476932071e-18   1.728781320767e-19  -2.242487268605e-03  -1.162422815722e-20  -4.469775814704e-37  -2.593171978946e-20   1.224581628850e-18  -1.588465052855e-02  -3.032427994899e-20  -1.011171674321e-35  -1.836872441567e-19   1.345997197477e-18  -5.789815667723e-35  -7.440930332496e+00   7.510254632200e-19   4.824027815895e-18  -6.257483714471e-02   4.175033141100e-19  -1.115323625625e-34  -7.236041714395e-19   5.069174421472e-17   9.225559550472e-17   7.940874858728e-17   3.516890823771e-17   4.686605409894e-33  -2.469174565188e+00  -6.079226353562e-17
  -2.616947459713e-07  -3.926514977942e-06  -6.117731563271e-05  -2.698642863762e-04  -1.712977310635e-03  -7.144008617881e-03  -6.355719595560e-02  -1.253643397655e-01   9.387244499924e-24   1.408086674989e-24  -1.523589024813e-01   1.781644178282e-21   2.672466267422e-22  -7.861981704263e-01   7.538974956117e-20   1.130846243418e-20  -2.925951524302e+00   5.806880983773e-19   8.710321475660e-20  -5.774980561071e+00   1.960123334148e-18   2.940185001222e-19  -8.323651054825e+00   6.997503089461e-18   1.049625463419e-18  -1.228412116322e+01   8.849846213809e-18   1.327476932071e-18  -1.243677330875e+01  -4.469775814704e-37   3.172968581183e-20  -2.878878017101e-03   2.115312388925e-19   0.000000000000e+00  -1.011171674321e-35   3.148512947387e-19  -2.489068078072e-02   2.099008632731e-18   0.000000000000e+00  -1.163972773964e-01   5.006836421467e-18   7.510254632200e-19  -7.505876469720e+00  -1.115323625625e-34   2.170345295246e-18  -1.444870692004e-01   1.446896864127e-17   0.000000000000e+00  -4.383650288152e+00  -7.977951322880e+00  -6.866999528590e+00  -3.041288026722e+00  -4.052817568974e-16  -6.079226353492e-17   2.787934411710e+00
  -1.029341839448e-39  -3.398477473429e-38  -6.453240589701e-37  -2.303818994410e-36  -6.980465074601e-36  -1.026005014539e-35  -7.484181765359e-36  -4.118941854979e-36   3.950748552292e-21   2.633832370340e-20  -1.166457511169e-39   9.194220919017e-20   6.129480617698e-19  -2.252866469424e-37   3.272243789066e-19   2.181495861187e-18  -2.445038420713e-36   2.991965576258e-19   1.994643719180e-18  -3.657101608710e-36   2.057068382355e-19   1.371378922728e-18  -2.954886283695e-36   8.505896933426e-20   5.670597960427e-19  -1.388442572340e-36   2.593171978946e-20   1.728781320767e-19  -4.469775814704e-37  -6.002939003566e+01   4.098563593878e-19   4.868977696164e-36   6.147845390817e-20   0.000000000000e+00  -2.319097860563e+01   3.979485059040e-19   4.223487711977e-36   5.969227588560e-20  -1.336382355046e-51  -1.700575539078e-36   7.500227247204e-21   5.000151502390e-20  -1.317502945651e-37  -4.477116954352e+00   9.891558873592e-20   9.741747817751e-37   1.483733831039e-20   3.340955887615e-52  -1.250586073134e-34  -7.185045537183e-34  -1.587926810559e-34  -1.634844636253e-35   2.444622319081e-18   1.629748212722e-17   1.773447109181e-33
   1.335209920573e-23   4.408332259960e-22   8.370815724184e-21   2.988396914081e-20   9.054704531215e-20   1.330881560886e-19   9.708100222407e-20   5.342882040023e-20  -1.166457511169e-39  -3.416473493308e-04   3.965879246306e-21  -2.252866469424e-37  -7.950850742793e-03   9.486451307837e-20  -2.445038420713e-36  -2.829725562430e-02   3.589401746744e-19  -3.657101608710e-36  -2.587350460080e-02   3.466346210694e-19  -2.954886283695e-36  -1.778883041891e-02   2.440361213653e-19  -1.388442572340e-36  -7.355611481269e-03   1.030691407437e-19  -4.469775814704e-37  -2.242487268605e-03   3.172968581183e-20   4.098563593878e-19  -6.003470648406e+01   4.332590159341e-20  -5.785199122494e-36  -6.147845390817e-20   3.979485059040e-19  -2.319614059140e+01   4.860511852873e-20  -6.490119737147e-36  -5.969227588560e-20   2.205900162067e-20  -1.317502945651e-37  -6.485942409555e-04   9.209225109722e-21   9.891558873592e-20  -4.478400037097e+00   1.306252363190e-20  -1.744206063199e-36  -1.483733831039e-20   1.622196696361e-18   9.320075910019e-18   2.059777956504e-18   2.120637375521e-19   1.773447109180e-33  -2.114026553928e-01  -2.055963227392e-17
  -6.666341972276e-07  -2.200961056197e-05  -4.179321868652e-04  -1.492025745959e-03  -4.520769051494e-03  -6.644731642990e-03  -4.846991846384e-03  -2.667556482825e-03  -1.514820021175e-20  -2.272230029905e-21  -3.952558128336e-04  -3.426377755520e-19  -5.139566628933e-20  -9.326754361953e-03  -1.137413067865e-18  -1.706119600230e-19  -3.425834019952e-02  -9.690188968790e-19  -1.453528343868e-19  -3.224460388609e-02  -6.442365106456e-19  -9.663547649659e-20  -2.245444949267e-02  -2.580709438160e-19  -3.871064153075e-20  -9.392727680773e-03  -7.749485446633e-20  -1.162422815722e-20  -2.878878017101e-03   4.868977696164e-36   4.332590159341e-20  -6.003686962913e+01   2.888393439561e-19  -4.155767671029e-13   4.223487711977e-36   4.860511852873e-20  -2.319856731349e+01   3.240341235249e-19  -4.141039938044e-13  -1.101346283468e-03  -2.229045231915e-20  -3.343567844187e-21  -8.342577598740e-04   9.741747817751e-37   1.306252363190e-20  -4.479052213569e+00   8.708349087931e-20  -1.045220203945e-13  -8.099189321294e-02  -4.653261805640e-01  -1.028391419298e-01  -1.058776881010e-02  -9.795277290513e-17  -1.469291593577e-17   9.044334482406e-01
   8.901399470484e-23   2.938888173307e-21   5.580543816123e-20   1.992264609387e-19   6.036469687477e-19   8.872543739238e-19   6.472066814938e-19   3.561921360015e-19  -3.416473493308e-04  -1.166457511169e-39   2.643919499683e-20  -7.950850742793e-03  -2.252866469424e-37   6.324300876911e-19  -2.829725562430e-02  -2.445038420713e-36   2.392934499639e-18  -2.587350460080e-02  -3.657101608710e-36   2.310897475471e-18  -1.778883041891e-02  -2.954886283695e-36   1.626907476926e-18  -7.355611481269e-03  -1.388442572340e-36   6.871276054388e-19  -2.242487268605e-03  -4.469775814704e-37   2.115312388925e-19   6.147845390817e-20  -5.785199122494e-36   2.888393439561e-19  -6.003470648406e+01   4.098563593878e-19   5.969227588560e-20  -6.490119737147e-36   3.240341235249e-19  -2.319614059140e+01   3.979485059040e-19   1.470600108045e-19  -6.485942409555e-04  -1.317502945651e-37   6.139483410736e-20   1.483733831039e-20  -1.744206063199e-36   8.708349087931e-20  -4.478400037097e+00   9.891558873592e-20   1.081464464241e-17   6.213383940020e-17   1.373185304341e-17   1.413758250362e-18  -2.114026553928e-01   1.773447109182e-33  -1.370642151595e-16
   7.577592403328e-17   2.501819716116e-15   4.750611021077e-14   1.695977044910e-13   5.138732061000e-13   7.553028067057e-13   5.509547627127e-13   3.032196041578e-13   2.633832370340e-20  -3.950748552292e-21   0.000000000000e+00   6.129480617698e-19  -9.194220919017e-20   0.000000000000e+00   2.181495861187e-18  -3.272243789066e-19   0.000000000000e+00   1.994643719180e-18  -2.991965576258e-19   0.000000000000e+00   1.371378922728e-18  -2.057068382355e-19   0.000000000000e+00   5.670597960427e-19  -8.505896933426e-20   0.000000000000e+00   1.728781320767e-19  -2.593171978946e-20   0.000000000000e+00   0.000000000000e+00  -6.147845390817e-20  -4.155767671029e-13   4.098563593878e-19  -6.002939003566e+01  -1.336382355046e-51  -5.969227588560e-20  -4.141039938044e-13   3.979485059040e-19  -2.319097860563e+01   1.251893957125e-13   5.000151502390e-20  -7.500227247204e-21   0.000000000000e+00   3.340955887615e-52  -1.483733831039e-20  -1.045220203945e-13   9.891558873592e-20  -4.477116954352e+00   7.399852363275e-16   5.428447925170e-14   1.186729089602e-13   9.106187954361e-14   1.629748212722e-17  -2.444622319081e-18  -2.539376980395e-14
