ARMA_MAT_TXT_FN008
50 50
   3.279186500879e-01   2.802357609732e-01  -1.097391507908e-08   3.202520492256e-08   4.855071892911e-06  -4.069734390556e-02  -1.947639690631e-08   5.602717795501e-08   3.137849402678e-05  -2.981590827313e-02  -2.162529984877e-08   6.140684602862e-08   4.335491908788e-05  -7.594853375306e-03   1.972960300932e-08  -5.611333324572e-08  -4.296139227149e-05   3.154093590969e-09   5.041980466502e-09   1.797636498151e-05  -3.769870326992e-09  -1.578687293392e-09  -8.361163451172e-03  -1.194299943644e-02   1.440410070693e-03   8.141726244138e-04   4.140215764703e-04  -1.831242235951e-03  -6.502933013372e-04  -8.361092262391e-03  -1.194291348720e-02   1.440420795387e-03   8.142084208707e-04   1.378828335632e-03   1.273170420985e-03  -6.523632671376e-04  -8.324291002012e-03  -1.187725389836e-02   1.488745537163e-03   8.842509822602e-04  -7.867608938073e-07   1.594134107470e-06   1.986852722682e-03  -8.361087977979e-03  -1.194291083984e-02   1.440415725715e-03   8.142037390867e-04  -1.792076455131e-03   5.565156501311e-04  -6.530357589656e-04
   2.802357609732e-01   2.463372758266e-01  -1.824914728729e-08   5.308352478091e-08   1.057161460816e-05  -6.908480103431e-02  -3.348339645535e-08   9.627071505340e-08   5.332673582052e-05  -4.836431882805e-02  -3.744955398418e-08   1.062055548072e-07   7.687930782833e-05  -1.202634837597e-02   3.125735775689e-08  -8.891061200964e-08  -6.794724434411e-05   5.919231728927e-09   6.243758251060e-09   3.062619167337e-05  -5.395082874557e-09  -1.629416325674e-09  -1.394073242829e-02  -1.965238960329e-02   2.103601985388e-03   1.302311641418e-03   6.815742270106e-04  -3.014642633654e-03  -1.069675235410e-03  -1.394061461300e-02  -1.965225346139e-02   2.103622122208e-03   1.302367931621e-03   2.269868816341e-03   2.095931256394e-03  -1.073082110336e-03  -1.387659352884e-02  -1.953784359634e-02   2.182722462927e-03   1.414796880682e-03  -1.295212379223e-06   2.624467002178e-06   3.269427493128e-03  -1.394060789478e-02  -1.965225055352e-02   2.103614174120e-03   1.302360272291e-03  -2.950170968518e-03   9.161530440740e-04  -1.074188794208e-03
  -1.097391507908e-08  -1.824914728729e-08   3.592817007348e-02  -1.676609711005e-08  -1.454618075329e-08   5.903031143292e-08   5.626736826661e-02  -1.458284006044e-08  -2.279805360279e-08   1.545760157076e-08   3.785716158593e-02   3.464944987838e-09   1.643924330796e-08  -9.062441008068e-08  -1.996055317736e-03   6.605467420746e-11   1.994591776976e-08   3.983489041606e-03  -9.240996668808e-07  -4.837837551992e-06  -3.524494508202e-03  -3.136223839499e-03   6.821403615028e-03   1.079105428383e-02   4.225915561356e-03   1.290748607880e-03   1.864628697735e-03   1.082054826568e-03   3.859275396358e-04   2.271750844116e-02   3.593779692105e-02   1.407373232665e-02   4.298580553157e-03  -6.040656893361e-04  -2.505398132346e-03   1.289361953691e-03  -1.292196982223e-05  -2.041167765043e-05  -7.983083838504e-06  -2.440693034470e-06   2.114016121358e-03   3.059782629799e-09   2.225806609880e-06  -2.952607896465e-02  -4.670853877459e-02  -1.829161320768e-02  -5.586832665269e-03  -2.474200339586e-03   1.423351223965e-03  -1.677527224890e-03
   3.202520492256e-08   5.308352478091e-08  -1.676609711005e-08   3.592827952212e-02   3.935497793170e-08  -1.707330846576e-07  -1.458278704836e-08   5.626748972523e-02   5.396831450108e-08  -3.640074004440e-08   3.464975063956e-09   3.785727809570e-02  -3.389063585687e-08   2.632479985840e-07   6.592367564207e-11  -1.996014180466e-03  -3.807293926212e-08   3.139001068192e-03  -3.515728533464e-03   9.769998540405e-06  -9.241035573111e-07   3.989065205046e-03  -3.017154786182e-02  -4.772964185629e-02  -1.869158571744e-02  -5.709027599815e-03   1.082056123678e-03  -2.676724684383e-03  -1.706995781342e-03   2.097662423426e-02   3.318379698758e-02   1.299513978712e-02   3.969076770877e-03  -2.505399460913e-03  -2.041463135417e-04   1.190570289340e-03   2.614588912682e-05   4.128242066910e-05   1.610860586171e-05   4.917862077685e-06   3.059367767753e-09   2.114010037198e-03  -4.506727912627e-06   9.169028310778e-03   1.450484166154e-02   5.680188235411e-03   1.734871573332e-03   1.423351255891e-03   1.667250521874e-03   5.209478770895e-04
   4.855071892911e-06   1.057161460816e-05  -1.454618075329e-08   3.935497793170e-08   3.595025631414e-02  -5.520956925777e-05  -2.272700991379e-08   5.371518946602e-08   5.633131048754e-02  -9.898955332169e-05   1.683214079863e-08  -3.491342554922e-08   3.798445446421e-02   1.368519538816e-04   2.036196799993e-08  -3.886336161568e-08  -1.981551337227e-03  -9.281018560961e-07   1.141124238794e-05   6.236468815503e-03  -5.639382118297e-06  -4.409476359736e-06  -1.084344810125e-02  -1.721570428800e-02  -6.857322163482e-03  -2.095507137013e-03   3.868432516222e-04  -1.711044143099e-03   1.513191431807e-03  -1.087776511686e-02  -1.727013701663e-02  -6.878840775549e-03  -2.102001855964e-03   1.292418297792e-03   1.193391972515e-03   1.509306230971e-03   3.283111541543e-02   5.197432375461e-02   2.050125817721e-02   6.208557106982e-03   2.229137770247e-06  -4.514583045488e-06  -3.521137255235e-03  -1.088890623372e-02  -1.728780056149e-02  -6.885807786294e-03  -2.104105977699e-03  -1.681502698619e-03   5.221825157687e-04   1.508043187434e-03
  -4.069734390556e-02  -6.908480103431e-02   5.903031143292e-08  -1.707330846576e-07  -5.520956925777e-05   1.768341299793e-01   1.074850537726e-07  -3.087600882618e-07  -1.718195134845e-04   1.182915697262e-01   1.116082003955e-07  -3.166452589739e-07  -2.285385497541e-04   2.866327612864e-02  -7.528779988180e-08   2.141879666027e-07   1.629673681823e-04  -1.780424650820e-08  -1.372500534076e-08  -8.255807049872e-05   1.357451572765e-08  -1.018243859983e-09   3.507221791753e-02   4.879388542341e-02  -4.544210716897e-03  -3.136912872737e-03  -1.692857940890e-03   7.487608276790e-03   2.653318640635e-03   3.507189700017e-02   4.879351858393e-02  -4.544283407662e-03  -3.137051065978e-03  -5.637783406868e-03  -5.205768407202e-03   2.661777019065e-03   3.487695341693e-02   4.845023137033e-02  -4.756663376701e-03  -3.414180343228e-03   3.215967610652e-06  -6.517393109149e-06  -8.113571504410e-03   3.507188134531e-02   4.879351533820e-02  -4.544264518929e-03  -3.137032133619e-03   7.327486299381e-03  -2.275496830623e-03   2.664524763688e-03
  -1.947639690631e-08  -3.348339645535e-08   5.626736826661e-02  -1.458278704836e-08  -2.272700991379e-08   1.074850537726e-07   8.812073437570e-02  -4.554448543163e-09  -3.562702987693e-08   3.425769465230e-08   5.928837589355e-02   1.772800193997e-08   2.578803435022e-08  -1.394934751834e-07  -3.126036739809e-03  -5.451290625071e-10   3.124804366734e-08   6.238572158794e-03  -1.448381607216e-06  -7.576566237326e-06  -5.519736464510e-03  -4.911661651896e-03   1.068304293687e-02   1.689993714893e-02   6.618230603355e-03   2.021448650600e-03   2.920208763426e-03   1.694613691665e-03   6.044035978913e-04   3.557806485321e-02   5.628245984395e-02   2.204097830671e-02   6.732039264900e-03  -9.460329573591e-04  -3.923722730302e-03   2.019279741880e-03  -2.023416412841e-05  -3.196266122857e-05  -1.250273002023e-05  -3.822665353497e-06   3.310776011934e-03   5.478324705701e-09   3.485155193757e-06  -4.624100090967e-02  -7.315057320597e-02  -2.864662693263e-02  -8.749578946517e-03  -3.874862051039e-03   2.229121045552e-03  -2.627187180462e-03
   5.602717795501e-08   9.627071505340e-08  -1.458284006044e-08   5.626748972523e-02   5.371518946602e-08  -3.087600882618e-07  -4.554448543163e-09   8.812084636644e-02   7.213174326914e-08  -8.464077879117e-08   1.772795651411e-08   5.928850572891e-02  -6.140341991175e-08   4.055471118662e-07  -5.453502265258e-10  -3.125969539485e-03  -5.922712648961e-08   4.916009316746e-03  -5.506003122488e-03   1.529949391575e-05  -1.448388035750e-06   6.247297444911e-03  -4.725184203323e-02  -7.474967674497e-02  -2.927299830524e-02  -8.940940063558e-03   1.694615371457e-03  -4.192035282485e-03  -2.673336954877e-03   3.285161607877e-02   5.196934357412e-02   2.035177194842e-02   6.215997052515e-03  -3.923719983929e-03  -3.197146014145e-04   1.864558591078e-03   4.093182356507e-05   6.462983671830e-05   2.522436516247e-05   7.701320011688e-06   5.476987359926e-09   3.310763546703e-03  -7.055337935944e-06   1.435965373099e-02   2.271609500237e-02   8.895772814842e-03   2.716991949528e-03   2.229116620795e-03   2.611091720919e-03   8.158580311617e-04
   3.137849402678e-05   5.332673582052e-05  -2.279805360279e-08   5.396831450108e-08   5.633131048754e-02  -1.718195134845e-04  -3.562702987693e-08   7.213174326914e-08   8.826690956054e-02  -2.122102597938e-04   2.634525174211e-08  -6.275193776118e-08   5.951882598393e-02   2.005954423114e-04   3.194070350015e-08  -6.056708343783e-08  -3.105017083897e-03  -1.454932758014e-06   1.788130627608e-05   9.772106322293e-03  -8.836486248561e-06  -6.910175358545e-06  -1.700776554147e-02  -2.699922187371e-02  -1.074269446206e-02  -3.281982576827e-03   6.069703657090e-04  -2.684687525900e-03   2.369774288367e-03  -1.706154857397e-02  -2.708453109729e-02  -1.077641929087e-02  -3.292161328529e-03   2.027841416840e-03   1.872465790658e-03   2.363681768696e-03   5.142700068445e-02   8.141638062564e-02   3.212619311930e-02   9.729979397280e-03   3.491336542696e-06  -7.071316433615e-06  -5.513435201470e-03  -1.707900331555e-02  -2.711220451898e-02  -1.078733450627e-02  -3.295457856988e-03  -2.638321968886e-03   8.193176388431e-04   2.361701493685e-03
  -2.981590827313e-02  -4.836431882805e-02   1.545760157076e-08  -3.640074004440e-08  -9.898955332169e-05   1.182915697262e-01   3.425769465230e-08  -8.464077879117e-08  -2.122102597938e-04   7.915125545501e-02   4.927271115850e-08  -1.296666979458e-07  -2.184400413877e-04   1.918190508324e-02  -4.908252238035e-08   1.390783592779e-07   1.124839170504e-04  -6.164418019976e-09  -3.652921967900e-08  -6.599459314986e-05   2.118626059904e-08   1.769114324084e-08   2.348224246740e-02   3.267563792697e-02  -3.031210031292e-03  -2.095550037175e-03  -1.133286934083e-03   5.012591810473e-03   1.772615594495e-03   2.348218726390e-02   3.267564501137e-02  -3.031159380599e-03  -2.095612339823e-03  -3.774240453733e-03  -3.485020135628e-03   1.778287133138e-03   2.327628876667e-02   3.232641378499e-02  -3.220555506593e-03  -2.295412470532e-03   2.146403582685e-06  -4.348133280338e-06  -5.422383194980e-03   2.348220541152e-02   3.267568817557e-02  -3.031128893443e-03  -2.095594263010e-03   4.905421148210e-03  -1.523338233582e-03   1.780128253455e-03
  -2.162529984877e-08  -3.744955398418e-08   3.785716158593e-02   3.464975063956e-09   1.683214079863e-08   1.116082003955e-07   5.928837589355e-02   1.772795651411e-08   2.634525174211e-08   4.927271115850e-08   3.988972108553e-02   2.591666185759e-08   5.125321932857e-08  -8.735482354527e-08  -2.103223975603e-03  -1.104331849793e-09   1.928890456270e-08   4.197365307397e-03  -9.757723562436e-07  -5.092017969189e-06  -3.713725414725e-03  -3.304606058889e-03   7.187628663553e-03   1.137039857359e-02   4.452787516047e-03   1.360043080064e-03   1.964741540145e-03   1.140149581051e-03   4.066491680664e-04   2.393722897646e-02   3.786732300569e-02   1.482935439033e-02   4.529371883688e-03  -6.365000050697e-04  -2.639914027886e-03   1.358590881610e-03  -1.357660134208e-05  -2.144749708861e-05  -8.394668455879e-06  -2.567129456245e-06   2.227518124131e-03   4.461557661870e-09   2.339887908799e-06  -3.111133531368e-02  -4.921632399867e-02  -1.927369811608e-02  -5.886792704354e-03  -2.607039329761e-03   1.499772082186e-03  -1.767591636850e-03
   6.140684602862e-08   1.062055548072e-07   3.464944987838e-09   3.785727809570e-02  -3.491342554922e-08  -3.166452589739e-07   1.772800193997e-08   5.928850572891e-02  -6.275193776118e-08  -1.296666979458e-07   2.591666185759e-08   3.988984509941e-02  -1.162817933660e-07   2.549185788721e-07  -1.104506275110e-09  -2.103180695565e-03  -3.603069359583e-08   3.307537188237e-03  -3.704488927976e-03   1.028135565627e-05  -9.757798765049e-07   4.203237307272e-03  -3.179146610877e-02  -5.029225342216e-02  -1.969512118951e-02  -6.015539120249e-03   1.140153579658e-03  -2.820440241553e-03  -1.798649867028e-03   2.210287393247e-02   3.496546368211e-02   1.369287859966e-02   4.182186947704e-03  -2.639913743017e-03  -2.151069639937e-04   1.254487804737e-03   2.745287775509e-05   4.335089387949e-05   1.693357087795e-05   5.171344837039e-06   4.459762035534e-09   2.227511794769e-03  -4.734930480362e-06   9.661294441730e-03   1.528358186658e-02   5.985166395709e-03   1.828020888470e-03   1.499767800574e-03   1.756767119283e-03   5.489114484244e-04
   4.335491908788e-05   7.687930782833e-05   1.643924330796e-08  -3.389063585687e-08   3.798445446421e-02  -2.285385497541e-04   2.578803435022e-08  -6.140341991175e-08   5.951882598393e-02  -2.184400413877e-04   5.125321932857e-08  -1.162817933660e-07   4.013391887880e-02   1.170095372250e-04   1.981621795140e-08  -3.706643631726e-08  -2.093828734881e-03  -9.836740227461e-07   1.206432946104e-05   6.589421451060e-03  -5.961607875885e-06  -4.670152702025e-06  -1.149068139769e-02  -1.823665946414e-02  -7.240908826780e-03  -2.211043355883e-03   4.103603986592e-04  -1.815058806331e-03   1.596261349347e-03  -1.152703341640e-02  -1.829431980093e-02  -7.263702912688e-03  -2.217923134185e-03   1.370977117865e-03   1.265925331787e-03   1.592142875598e-03   3.465520382001e-02   5.486851399582e-02   2.166584182961e-02   6.563136881826e-03   2.354046990893e-06  -4.768205784285e-06  -3.712561914184e-03  -1.153882638538e-02  -1.831301676225e-02  -7.271077456282e-03  -2.220150394050e-03  -1.783703514683e-03   5.539166066445e-04   1.590804499963e-03
  -7.594853375306e-03  -1.202634837597e-02  -9.062441008068e-08   2.632479985840e-07   1.368519538816e-04   2.866327612864e-02  -1.394934751834e-07   4.055471118662e-07   2.005954423114e-04   1.918190508324e-02  -8.735482354527e-08   2.549185788721e-07   1.170095372250e-04   4.649786857475e-03  -6.565899710409e-09   1.842983727296e-08   1.839780680381e-05   7.653874259900e-09   1.559383635185e-08   1.190980612660e-05  -1.085038129644e-08   2.298099997406e-08   5.641620530521e-03   7.841136822770e-03  -7.657883243234e-04  -5.173062525309e-04  -2.729040356794e-04   1.207061299384e-03   4.363285114671e-04   5.641798970350e-03   7.841441325364e-03  -7.656583726224e-04  -5.172850656661e-04  -9.088755692259e-04  -8.392072422300e-04   4.377051140275e-04   5.787356370127e-03   8.066453523270e-03  -6.891227683416e-04  -5.285464978982e-04   5.245782436663e-07  -1.057915530214e-06  -1.329802420367e-03   5.641801297840e-03   7.841448334792e-03  -7.656525573055e-04  -5.172810587707e-04   1.181262341159e-03  -3.668170463274e-04   4.381483566081e-04
   1.972960300932e-08   3.125735775689e-08  -1.996055317736e-03   6.592367564207e-11   2.036196799993e-08  -7.528779988180e-08  -3.126036739809e-03  -5.453502265258e-10   3.194070350015e-08  -4.908252238035e-08  -2.103223975603e-03  -1.104506275110e-09   1.981621795140e-08  -6.565899710409e-09   1.108945104844e-04   4.431284911182e-11  -2.251066060580e-09  -2.213101085678e-04   5.143096163231e-08   2.721965020198e-07   1.958097470996e-04   1.742385632334e-04  -3.789950185841e-04  -5.995448624572e-04  -2.347799042717e-04  -7.170962721584e-05  -1.035919904112e-04  -6.011945219209e-05  -2.144112866949e-05  -1.262133498639e-03  -1.996620203617e-03  -7.818941834035e-04  -2.388154786777e-04   3.356303413597e-05   1.391947565757e-04  -7.163315822426e-05   7.215412597246e-07   1.142517370167e-06   4.565918938321e-07   1.403605942227e-07  -1.174480391196e-04  -2.207248986520e-10  -1.222681624592e-07   1.640355001274e-03   2.594948844879e-03   1.016222061505e-03   3.103868178670e-04   1.374548019592e-04  -7.907571517388e-05   9.319782049338e-05
  -5.611333324572e-08  -8.891061200964e-08   6.605467420746e-11  -1.996014180466e-03  -3.886336161568e-08   2.141879666027e-07  -5.451290625071e-10  -3.125969539485e-03  -6.056708343783e-08   1.390783592779e-07  -1.104331849793e-09  -2.103180695565e-03  -3.706643631726e-08   1.842983727296e-08   4.431284911182e-11   1.108896020482e-04   4.321979734612e-09  -1.743889254262e-04   1.953181082604e-04  -5.492242164569e-07   5.142971286746e-08  -2.216145038223e-04   1.676247444817e-03   2.651718735612e-03   1.038422341157e-03   3.171664563485e-04  -6.011658703144e-05   1.487172106677e-04   9.483455601880e-05  -1.165316099832e-03  -1.843469824463e-03  -7.219503238329e-04  -2.205057113674e-04   1.391809368436e-04   1.133427291611e-05  -6.614123603441e-05  -1.445615549263e-06  -2.290311649778e-06  -9.213148339126e-07  -2.834907714812e-07  -2.194369412273e-10  -1.174449256517e-04   2.445672383790e-07  -5.093377219645e-04  -8.057487764890e-04  -3.155636143555e-04  -9.638304397093e-05  -7.906476187169e-05  -9.262816663478e-05  -2.893994011068e-05
  -4.296139227149e-05  -6.794724434411e-05   1.994591776976e-08  -3.807293926212e-08  -1.981551337227e-03   1.629673681823e-04   3.124804366734e-08  -5.922712648961e-08  -3.105017083897e-03   1.124839170504e-04   1.928890456270e-08  -3.603069359583e-08  -2.093828734881e-03   1.839780680381e-05  -2.251066060580e-09   4.321979734612e-09   1.093663733729e-04   5.013220077427e-08  -6.254780785020e-07  -3.438155339201e-04   3.089711610227e-07   2.374043767387e-07   6.294251900514e-04   9.930873233383e-04   3.738648719676e-04   1.126676065265e-04  -2.285349139152e-05   1.010859478101e-04  -8.100165756917e-05   6.312739335848e-04   9.960200587897e-04   3.750245700928e-04   1.130174248469e-04  -7.633334426640e-05  -7.048770556026e-05  -8.078226484892e-05  -1.778033844051e-03  -2.820883467489e-03  -1.134294792066e-03  -3.452919687390e-04  -1.188327222274e-07   2.408348050746e-07   1.867376712391e-04   6.318719827074e-04   9.969683037984e-04   3.753986748670e-04   1.131303870527e-04   9.930686392016e-05  -3.084099937530e-05  -8.071107304431e-05
   3.154093590969e-09   5.919231728927e-09   3.983489041606e-03   3.139001068192e-03  -9.281018560961e-07  -1.780424650820e-08   6.238572158794e-03   4.916009316746e-03  -1.454932758014e-06  -6.164418019976e-09   4.197365307397e-03   3.307537188237e-03  -9.836740227461e-07   7.653874259900e-09  -2.213101085678e-04  -1.743889254262e-04   5.013220077427e-08   7.159144235942e-04  -3.072669792838e-04   1.558871770046e-07  -3.908544715004e-04   7.942353469878e-07  -1.879452579902e-03  -2.973184402436e-03  -1.164336676464e-03  -3.556251408356e-04   3.012661625398e-04  -1.138463836665e-04  -1.063878812955e-04   4.351752265033e-03   6.884222978693e-03   2.695952490673e-03   8.234268776792e-04  -2.859013106492e-04  -2.956493800342e-04   2.469356152826e-04   2.333905442106e-10  -3.734065568885e-09  -7.746333333402e-09  -1.330381975154e-09   2.343890784430e-04   1.846985211596e-04  -5.538312808462e-08  -2.472302198286e-03  -3.911038601371e-03  -1.531611124940e-03  -4.678051262498e-04  -1.499246090477e-04   3.034642208375e-04  -1.405184072516e-04
   5.041980466502e-09   6.243758251060e-09  -9.240996668808e-07  -3.515728533464e-03   1.141124238794e-05  -1.372500534076e-08  -1.448381607216e-06  -5.506003122488e-03   1.788130627608e-05  -3.652921967900e-08  -9.757723562436e-07  -3.704488927976e-03   1.206432946104e-05   1.559383635185e-08   5.143096163231e-08   1.953181082604e-04  -6.254780785020e-07  -3.072669792838e-04   3.440320095240e-04   1.024328479839e-06   1.794498052893e-07  -3.902668756201e-04   2.948787511638e-03   4.664791915235e-03   1.826761905827e-03   5.579532100556e-04  -1.058086892612e-04   2.613566905522e-04   1.675068301135e-04  -2.056690018994e-03  -3.253582991565e-03  -1.274173871503e-03  -3.891683003996e-04   2.455898971636e-04   2.042041529974e-05  -1.160563288892e-04   7.863988770258e-06   1.246045405895e-05   4.933917374835e-06   1.490449571409e-06  -5.406215471144e-08  -2.068659290841e-04  -6.765099403590e-07  -8.999260601762e-04  -1.423647221804e-03  -5.575443335974e-04  -1.702881758965e-04  -1.397514232322e-04  -1.630179593638e-04  -5.045500289270e-05
   1.797636498151e-05   3.062619167337e-05  -4.837837551992e-06   9.769998540405e-06   6.236468815503e-03  -8.255807049872e-05  -7.576566237326e-06   1.529949391575e-05   9.772106322293e-03  -6.599459314986e-05  -5.092017969189e-06   1.028135565627e-05   6.589421451060e-03   1.190980612660e-05   2.721965020198e-07  -5.492242164569e-07  -3.438155339201e-04   1.558871770046e-07   1.024328479839e-06   1.081904522103e-03  -5.042111120512e-07   7.411316482161e-07  -1.904651359214e-03  -3.021043049411e-03  -1.193341366314e-03  -3.639470141405e-04   6.784913750397e-05  -3.007855004550e-04   2.608889653896e-04  -1.898844746823e-03  -3.011882576402e-03  -1.189789096726e-03  -3.628485099797e-04   2.259286949091e-04   2.094530935157e-04   2.608772862844e-04   5.680969787302e-03   8.996227594928e-03   3.558410658599e-03   1.078436003905e-03   1.008631422564e-07  -2.060167033996e-07  -6.074797418432e-04  -1.896954970147e-03  -3.008899828944e-03  -1.188629663120e-03  -3.624902498036e-04  -2.940019761733e-04   9.178589900433e-05   2.608743742944e-04
  -3.769870326992e-09  -5.395082874557e-09  -3.524494508202e-03  -9.241035573111e-07  -5.639382118297e-06   1.357451572765e-08  -5.519736464510e-03  -1.448388035750e-06  -8.836486248561e-06   2.118626059904e-08  -3.713725414725e-03  -9.757798765049e-07  -5.961607875885e-06  -1.085038129644e-08   1.958097470996e-04   5.142971286746e-08   3.089711610227e-07  -3.908544715004e-04   1.794498052893e-07  -5.042111120512e-07   3.457480347354e-04   3.075563188467e-04  -6.666875624334e-04  -1.054650692020e-03  -4.129980884614e-04  -1.261446116963e-04  -1.830056957870e-04  -1.058099065050e-04  -3.805214287973e-05  -2.227381872942e-03  -3.523581174828e-03  -1.379865824882e-03  -4.214563391771e-04   5.911927824408e-05   2.455931390016e-04  -1.267516256787e-04  -3.882331512677e-06  -6.150851104705e-06  -2.434344320928e-06  -7.350645872925e-07  -2.073818611614e-04  -5.406259925540e-08   3.337636392169e-07   2.897934285033e-03   4.584372760180e-03   1.795311019914e-03   5.483443689707e-04   2.429425988956e-04  -1.397534490913e-04   1.643127849211e-04
  -1.578687293392e-09  -1.629416325674e-09  -3.136223839499e-03   3.989065205046e-03  -4.409476359736e-06  -1.018243859983e-09  -4.911661651896e-03   6.247297444911e-03  -6.910175358545e-06   1.769114324084e-08  -3.304606058889e-03   4.203237307272e-03  -4.670152702025e-06   2.298099997406e-08   1.742385632334e-04  -2.216145038223e-04   2.374043767387e-07   7.942353469878e-07  -3.902668756201e-04   7.411316482161e-07   3.075563188467e-04   7.166660717519e-04  -3.944017601607e-03  -6.239199512300e-03  -2.443343671504e-03  -7.462791439397e-04  -4.267471230913e-05  -3.914360884390e-04  -2.233989836325e-04   3.472985218654e-04   5.494110663005e-04   2.151590648560e-04   6.570926543226e-05  -2.256002732259e-04   1.958867237689e-04   1.945187241884e-05   2.091669045178e-09  -1.328904687890e-08  -3.286476963548e-08  -3.724059876837e-09  -1.845354615346e-04   2.347156950843e-04  -2.629815286490e-07   3.596738354164e-03   5.689834739191e-03   2.228209534462e-03   6.805610557776e-04   3.742162993306e-04   6.080163087328e-05   2.040888931956e-04
  -8.361163451172e-03  -1.394073242829e-02   6.821403615028e-03  -3.017154786182e-02  -1.084344810125e-02   3.507221791753e-02   1.068304293687e-02  -4.725184203323e-02  -1.700776554147e-02   2.348224246740e-02   7.187628663553e-03  -3.179146610877e-02  -1.149068139769e-02   5.641620530521e-03  -3.789950185841e-04   1.676247444817e-03   6.294251900514e-04  -1.879452579902e-03   2.948787511638e-03  -1.904651359214e-03  -6.666875624334e-04  -3.944017601607e-03   3.685256731035e-02   5.699165193472e-02   1.766401133043e-02   5.048806522870e-03  -1.006833351059e-03   4.453278484705e-03   1.576832156503e-03  -3.071810316953e-03  -6.166318742469e-03  -7.069366883312e-03  -2.505576425859e-03   4.821383504149e-04  -1.695888773814e-03  -6.820826038368e-04  -3.002783771099e-03  -6.093971710602e-03  -7.135767524904e-03  -2.552260018688e-03   4.013334300792e-04  -1.775213841245e-03  -5.433453896348e-04  -3.071830826802e-03  -6.166317526880e-03  -7.069315939865e-03  -2.505578293707e-03   2.943152439818e-04  -1.738333430995e-03  -6.821261198914e-04
  -1.194299943644e-02  -1.965238960329e-02   1.079105428383e-02  -4.772964185629e-02  -1.721570428800e-02   4.879388542341e-02   1.689993714893e-02  -7.474967674497e-02  -2.699922187371e-02   3.267563792697e-02   1.137039857359e-02  -5.029225342216e-02  -1.823665946414e-02   7.841136822770e-03  -5.995448624572e-04   2.651718735612e-03   9.930873233383e-04  -2.973184402436e-03   4.664791915235e-03  -3.021043049411e-03  -1.054650692020e-03  -6.239199512300e-03   5.699165193472e-02   8.834322291892e-02   2.812723080177e-02   8.109230245652e-03  -1.529432682037e-03   6.764760725156e-03   2.391434493607e-03  -6.166341745040e-03  -1.156893983551e-02  -1.099950853929e-02  -3.841351878567e-03   9.735851997115e-04  -2.488086183071e-03  -1.182351512952e-03  -6.127680101151e-03  -1.156492933207e-02  -1.114532423041e-02  -3.919539902582e-03   6.347601408207e-04  -2.808031410730e-03  -5.464782023029e-04  -6.166338427535e-03  -1.156888208285e-02  -1.099940675874e-02  -3.841348901264e-03   1.915236440865e-04  -2.664834205643e-03  -1.182521128168e-03
   1.440410070693e-03   2.103601985388e-03   4.225915561356e-03  -1.869158571744e-02  -6.857322163482e-03  -4.544210716897e-03   6.618230603355e-03  -2.927299830524e-02  -1.074269446206e-02  -3.031210031292e-03   4.452787516047e-03  -1.969512118951e-02  -7.240908826780e-03  -7.657883243234e-04  -2.347799042717e-04   1.038422341157e-03   3.738648719676e-04  -1.164336676464e-03   1.826761905827e-03  -1.193341366314e-03  -4.129980884614e-04  -2.443343671504e-03   1.766401133043e-02   2.812723080177e-02   1.164709670491e-02   3.602625163371e-03  -3.737860999971e-04   1.653272396298e-03   5.763685344230e-04  -7.069402797874e-03  -1.099956711423e-02  -3.675411205424e-03  -1.077353160616e-03   1.131120532874e-03  -2.819789305584e-04  -8.242955734047e-04  -7.177471358303e-03  -1.118857944986e-02  -3.797612401410e-03  -1.099272295463e-03   2.481428219485e-04  -1.098777781350e-03   8.835154075474e-04  -7.069350677911e-03  -1.099946684556e-02  -3.675343466978e-03  -1.077345321549e-03  -8.995788319903e-04  -7.409379048175e-04  -8.247246919386e-04
   8.141726244138e-04   1.302311641418e-03   1.290748607880e-03  -5.709027599815e-03  -2.095507137013e-03  -3.136912872737e-03   2.021448650600e-03  -8.940940063558e-03  -3.281982576827e-03  -2.095550037175e-03   1.360043080064e-03  -6.015539120249e-03  -2.211043355883e-03  -5.173062525309e-04  -7.170962721584e-05   3.171664563485e-04   1.126676065265e-04  -3.556251408356e-04   5.579532100556e-04  -3.639470141405e-04  -1.261446116963e-04  -7.462791439397e-04   5.048806522870e-03   8.109230245652e-03   3.602625163371e-03   1.131472034544e-03  -9.744221916171e-05   4.309948028602e-04   1.497359231682e-04  -2.505586073657e-03  -3.841373309215e-03  -1.077370500546e-03  -2.979454521128e-04   4.011766762253e-04  -3.469931686181e-05  -2.781563862335e-04  -2.538620288134e-03  -3.898805079394e-03  -1.113818983267e-03  -3.022716730617e-04   7.575999399318e-05  -3.355384702885e-04   3.502476051251e-04  -2.505590776219e-03  -3.841375517391e-03  -1.077362866057e-03  -2.979471764808e-04  -3.471498011143e-04  -2.038269506373e-04  -2.783157778394e-04
   4.140215764703e-04   6.815742270106e-04   1.864628697735e-03   1.082056123678e-03   3.868432516222e-04  -1.692857940890e-03   2.920208763426e-03   1.694615371457e-03   6.069703657090e-04  -1.133286934083e-03   1.964741540145e-03   1.140153579658e-03   4.103603986592e-04  -2.729040356794e-04  -1.035919904112e-04  -6.011658703144e-05  -2.285349139152e-05   3.012661625398e-04  -1.058086892612e-04   6.784913750397e-05  -1.830056957870e-04  -4.267471230913e-05  -1.006833351059e-03  -1.529432682037e-03  -3.737860999971e-04  -9.744221916171e-05   1.497195120138e-04  -1.145073611735e-04  -4.051476640658e-05   1.358223856654e-03   2.211949044437e-03   1.091385217536e-03   3.500685278580e-04  -3.895895743573e-05  -7.352773804985e-05   9.351595176166e-05   1.912671127551e-05   9.497718637826e-05   2.659242202170e-04   9.941800659899e-05   1.097082257381e-04   6.368183658164e-05   3.979651016910e-05  -1.708887011359e-03  -2.640044333313e-03  -8.087183299440e-04  -2.302833664492e-04  -1.737405576073e-04   1.514727762990e-04  -8.066906366731e-05
  -1.831242235951e-03  -3.014642633654e-03   1.082054826568e-03  -2.676724684383e-03  -1.711044143099e-03   7.487608276790e-03   1.694613691665e-03  -4.192035282485e-03  -2.684687525900e-03   5.012591810473e-03   1.140149581051e-03  -2.820440241553e-03  -1.815058806331e-03   1.207061299384e-03  -6.011945219209e-05   1.487172106677e-04   1.010859478101e-04  -1.138463836665e-04   2.613566905522e-04  -3.007855004550e-04  -1.058099065050e-04  -3.914360884390e-04   4.453278484705e-03   6.764760725156e-03   1.653272396298e-03   4.309948028602e-04  -1.145073611735e-04   6.303035854925e-04   1.791975275755e-04   1.123017956323e-03   1.496495601262e-03  -4.098331758645e-04  -1.991498086959e-04  -1.316263484163e-04  -3.373409703969e-04  -8.924338864898e-06  -8.643162563159e-05  -4.229860117655e-04  -1.177332495346e-03  -4.400787148482e-04   6.369788485411e-05  -1.575584045065e-04  -1.757073828388e-04   4.298092913363e-04   3.998838877830e-04  -8.392741176412e-04  -3.303165436770e-04   2.095549064609e-04  -2.024924907504e-04  -4.821397297627e-05
  -6.502933013372e-04  -1.069675235410e-03   3.859275396358e-04  -1.706995781342e-03   1.513191431807e-03   2.653318640635e-03   6.044035978913e-04  -2.673336954877e-03   2.369774288367e-03   1.772615594495e-03   4.066491680664e-04  -1.798649867028e-03   1.596261349347e-03   4.363285114671e-04  -2.144112866949e-05   9.483455601880e-05  -8.100165756917e-05  -1.063878812955e-04   1.675068301135e-04   2.608889653896e-04  -3.805214287973e-05  -2.233989836325e-04   1.576832156503e-03   2.391434493607e-03   5.763685344230e-04   1.497359231682e-04  -4.051476640658e-05   1.791975275755e-04   1.888254593238e-04  -6.839777491194e-04  -1.185039229338e-03  -8.242308600459e-04  -2.780487980393e-04   8.229882398961e-05  -4.514159274367e-05   6.082645683144e-05   1.905086985658e-03   2.914382973173e-03   7.910634421432e-04   2.099243047738e-04   2.284997672652e-05  -1.007270795859e-04  -2.699139941256e-04  -6.846348104365e-04  -1.186078980066e-03  -8.246380504635e-04  -2.781726933525e-04  -5.496262718147e-05  -7.610925563371e-05   6.075990738507e-05
  -8.361092262391e-03  -1.394061461300e-02   2.271750844116e-02   2.097662423426e-02  -1.087776511686e-02   3.507189700017e-02   3.557806485321e-02   3.285161607877e-02  -1.706154857397e-02   2.348218726390e-02   2.393722897646e-02   2.210287393247e-02  -1.152703341640e-02   5.641798970350e-03  -1.262133498639e-03  -1.165316099832e-03   6.312739335848e-04   4.351752265033e-03  -2.056690018994e-03  -1.898844746823e-03  -2.227381872942e-03   3.472985218654e-04  -3.071810316953e-03  -6.166341745040e-03  -7.069402797874e-03  -2.505586073657e-03   1.358223856654e-03   1.123017956323e-03  -6.839777491194e-04   3.685245508897e-02   5.699161760871e-02   1.766414942938e-02   5.048760915886e-03  -3.353090274099e-03  -3.096144712371e-03   1.581858422884e-03  -3.002695036447e-03  -6.093960068302e-03  -7.135961026167e-03  -2.552270767285e-03   1.336665011035e-03   1.234336582469e-03  -5.454032389594e-04  -3.071825386144e-03  -6.166282798175e-03  -7.069282349014e-03  -2.505617037411e-03   1.227536043724e-03   1.264449095637e-03  -6.841471987577e-04
  -1.194291348720e-02  -1.965225346139e-02   3.593779692105e-02   3.318379698758e-02  -1.727013701663e-02   4.879351858393e-02   5.628245984395e-02   5.196934357412e-02  -2.708453109729e-02   3.267564501137e-02   3.786732300569e-02   3.496546368211e-02  -1.829431980093e-02   7.841441325364e-03  -1.996620203617e-03  -1.843469824463e-03   9.960200587897e-04   6.884222978693e-03  -3.253582991565e-03  -3.011882576402e-03  -3.523581174828e-03   5.494110663005e-04  -6.166318742469e-03  -1.156893983551e-02  -1.099956711423e-02  -3.841373309215e-03   2.211949044437e-03   1.496495601262e-03  -1.185039229338e-03   5.699161760871e-02   8.834338500968e-02   2.812751336134e-02   8.109180531289e-03  -5.093533994540e-03  -4.703220670808e-03   2.399068771974e-03  -6.127644574691e-03  -1.156508227735e-02  -1.114571689848e-02  -3.919584689748e-03   2.114402021732e-03   1.952902652909e-03  -5.497258306670e-04  -6.166280696376e-03  -1.156875450379e-02  -1.099934350119e-02  -3.841408488354e-03   1.667835480864e-03   2.085390602929e-03  -1.185723619814e-03
   1.440420795387e-03   2.103622122208e-03   1.407373232665e-02   1.299513978712e-02  -6.878840775549e-03  -4.544283407662e-03   2.204097830671e-02   2.035177194842e-02  -1.077641929087e-02  -3.031159380599e-03   1.482935439033e-02   1.369287859966e-02  -7.263702912688e-03  -7.656583726224e-04  -7.818941834035e-04  -7.219503238329e-04   3.750245700928e-04   2.695952490673e-03  -1.274173871503e-03  -1.189789096726e-03  -1.379865824882e-03   2.151590648560e-04  -7.069366883312e-03  -1.099950853929e-02  -3.675411205424e-03  -1.077370500546e-03   1.091385217536e-03  -4.098331758645e-04  -8.242308600459e-04   1.766414942938e-02   2.812751336134e-02   1.164727552326e-02   3.602641082813e-03  -1.244850137411e-03  -1.149464789908e-03   5.782277026575e-04  -7.177628031554e-03  -1.118891209331e-02  -3.797883311666e-03  -1.099326096258e-03   8.275913035525e-04   7.656642052866e-04   8.822601422040e-04  -7.069281172349e-03  -1.099934501275e-02  -3.675299363514e-03  -1.077363445182e-03  -3.214264469233e-04   1.119307699931e-03  -8.259878470520e-04
   8.142084208707e-04   1.302367931621e-03   4.298580553157e-03   3.969076770877e-03  -2.102001855964e-03  -3.137051065978e-03   6.732039264900e-03   6.215997052515e-03  -3.292161328529e-03  -2.095612339823e-03   4.529371883688e-03   4.182186947704e-03  -2.217923134185e-03  -5.172850656661e-04  -2.388154786777e-04  -2.205057113674e-04   1.130174248469e-04   8.234268776792e-04  -3.891683003996e-04  -3.628485099797e-04  -4.214563391771e-04   6.570926543226e-05  -2.505576425859e-03  -3.841351878567e-03  -1.077353160616e-03  -2.979454521128e-04   3.500685278580e-04  -1.991498086959e-04  -2.780487980393e-04   5.048760915886e-03   8.109180531289e-03   3.602641082813e-03   1.131467364158e-03  -3.245117191743e-04  -2.996506152995e-04   1.502192115834e-04  -2.538620048822e-03  -3.898826118469e-03  -1.113854298471e-03  -3.022724492567e-04   2.527417272911e-04   2.339196759323e-04   3.498619176155e-04  -2.505619871733e-03  -3.841413673179e-03  -1.077363649495e-03  -2.979559221263e-04  -1.705729671218e-04   3.643523000779e-04  -2.787002882252e-04
   1.378828335632e-03   2.269868816341e-03  -6.040656893361e-04  -2.505399460913e-03   1.292418297792e-03  -5.637783406868e-03  -9.460329573591e-04  -3.923719983929e-03   2.027841416840e-03  -3.774240453733e-03  -6.365000050697e-04  -2.639913743017e-03   1.370977117865e-03  -9.088755692259e-04   3.356303413597e-05   1.391809368436e-04  -7.633334426640e-05  -2.859013106492e-04   2.455898971636e-04   2.259286949091e-04   5.911927824408e-05  -2.256002732259e-04   4.821383504149e-04   9.735851997115e-04   1.131120532874e-03   4.011766762253e-04  -3.895895743573e-05  -1.316263484163e-04   8.229882398961e-05  -3.353090274099e-03  -5.093533994540e-03  -1.244850137411e-03  -3.245117191743e-04   4.109666630567e-04   2.651340652361e-04  -1.353573900762e-04   6.544971091375e-05   3.190887705470e-04   8.867327693649e-04   3.314310210759e-04  -3.556588724378e-05  -1.473718253027e-04   1.324783476261e-04  -1.651726692880e-03  -2.402075761716e-03  -1.908410239669e-04  -2.584206867873e-06  -3.515831286439e-04  -4.891731744518e-05  -3.891251848064e-05
   1.273170420985e-03   2.095931256394e-03  -2.505398132346e-03  -2.041463135417e-04   1.193391972515e-03  -5.205768407202e-03  -3.923722730302e-03  -3.197146014145e-04   1.872465790658e-03  -3.485020135628e-03  -2.639914027886e-03  -2.151069639937e-04   1.265925331787e-03  -8.392072422300e-04   1.391947565757e-04   1.133427291611e-05  -7.048770556026e-05  -2.956493800342e-04   2.042041529974e-05   2.094530935157e-04   2.455931390016e-04   1.958867237689e-04  -1.695888773814e-03  -2.488086183071e-03  -2.819789305584e-04  -3.469931686181e-05  -7.352773804985e-05  -3.373409703969e-04  -4.514159274367e-05  -3.096144712371e-03  -4.703220670808e-03  -1.149464789908e-03  -2.996506152995e-04   2.651340652361e-04   3.686465292252e-04  -1.249836743475e-04   6.267855692343e-05   2.981808427213e-04   8.201656562040e-04   3.064558741300e-04  -1.474384540792e-04  -1.197040938150e-05   1.219402285434e-04   6.137069315784e-04   1.165548403006e-03   1.148817034610e-03   4.023185854860e-04  -1.069566645819e-04  -2.444650921041e-05   8.559003319299e-05
  -6.523632671376e-04  -1.073082110336e-03   1.289361953691e-03   1.190570289340e-03   1.509306230971e-03   2.661777019065e-03   2.019279741880e-03   1.864558591078e-03   2.363681768696e-03   1.778287133138e-03   1.358590881610e-03   1.254487804737e-03   1.592142875598e-03   4.377051140275e-04  -7.163315822426e-05  -6.614123603441e-05  -8.078226484892e-05   2.469356152826e-04  -1.160563288892e-04   2.608772862844e-04  -1.267516256787e-04   1.945187241884e-05  -6.820826038368e-04  -1.182351512952e-03  -8.242955734047e-04  -2.781563862335e-04   9.351595176166e-05  -8.924338864898e-06   6.082645683144e-05   1.581858422884e-03   2.399068771974e-03   5.782277026575e-04   1.502192115834e-04  -1.353573900762e-04  -1.249836743475e-04   1.892304213995e-04   1.904992026390e-03   2.913901387069e-03   7.897182953779e-04   2.094250850337e-04   7.600836196264e-05   6.976518556726e-05  -2.702293618144e-04  -6.847607515194e-04  -1.186593764284e-03  -8.259659161386e-04  -2.786647906745e-04  -1.854052804489e-06   9.397787740283e-05   6.055577120207e-05
  -8.324291002012e-03  -1.387659352884e-02  -1.292196982223e-05   2.614588912682e-05   3.283111541543e-02   3.487695341693e-02  -2.023416412841e-05   4.093182356507e-05   5.142700068445e-02   2.327628876667e-02  -1.357660134208e-05   2.745287775509e-05   3.465520382001e-02   5.787356370127e-03   7.215412597246e-07  -1.445615549263e-06  -1.778033844051e-03   2.333905442106e-10   7.863988770258e-06   5.680969787302e-03  -3.882331512677e-06   2.091669045178e-09  -3.002783771099e-03  -6.127680101151e-03  -7.177471358303e-03  -2.538620288134e-03   1.912671127551e-05  -8.643162563159e-05   1.905086985658e-03  -3.002695036447e-03  -6.127644574691e-03  -7.177628031554e-03  -2.538620048822e-03   6.544971091375e-05   6.267855692343e-05   1.904992026390e-03   3.688156729970e-02   5.705099290473e-02   1.778887152327e-02   4.997330888650e-03   1.911421086704e-06  -3.873338986809e-06  -4.819366263797e-03  -3.002680326983e-03  -6.127652645847e-03  -7.177672679738e-03  -2.538609308178e-03  -8.681056655985e-05   2.826154684653e-05   1.904960622774e-03
  -1.187725389836e-02  -1.953784359634e-02  -2.041167765043e-05   4.128242066910e-05   5.197432375461e-02   4.845023137033e-02  -3.196266122857e-05   6.462983671830e-05   8.141638062564e-02   3.232641378499e-02  -2.144749708861e-05   4.335089387949e-05   5.486851399582e-02   8.066453523270e-03   1.142517370167e-06  -2.290311649778e-06  -2.820883467489e-03  -3.734065568885e-09   1.246045405895e-05   8.996227594928e-03  -6.150851104705e-06  -1.328904687890e-08  -6.093971710602e-03  -1.156492933207e-02  -1.118857944986e-02  -3.898805079394e-03   9.497718637826e-05  -4.229860117655e-04   2.914382973173e-03  -6.093960068302e-03  -1.156508227735e-02  -1.118891209331e-02  -3.898826118469e-03   3.190887705470e-04   2.981808427213e-04   2.913901387069e-03   5.705099290473e-02   8.846095457397e-02   2.834161856621e-02   8.041307621888e-03   2.905621848566e-06  -5.889146762182e-06  -7.319042496086e-03  -6.093966176947e-03  -1.156514237700e-02  -1.118900207380e-02  -3.898815514402e-03  -4.174836250620e-04   1.317035750085e-04   2.913744951240e-03
