ARMA_MAT_TXT_FN008
72 72
  -3.323651373434e+01  -3.523504888782e+01   8.674373940939e-02  -3.709739374233e-02  -4.253392621507e-09  -1.261870025392e+01   3.950801799832e-02  -1.689624274072e-02  -1.937236454082e-09  -5.478819704268e+00   1.150048033485e-02  -4.918337037886e-03  -5.639151671006e-10  -2.473592520771e+00   3.192956845436e-03  -1.365504675341e-03  -1.565637387513e-10  -1.099703432091e-03  -4.387319058323e-10   5.281528428586e-03   7.162896959816e-10  -4.011367900436e-03  -4.587729369969e-01  -2.323443797572e+00  -2.044903143305e+00  -1.171536505725e+00   1.400274420569e+00   3.069690620103e+00  -1.345742145892e-07  -2.654714888579e-04   7.731134130296e-06  -1.511408549835e-02   1.522647503994e-03   8.993681599522e-10  -3.205532055298e-01  -1.110492129068e+00   1.118775960821e-01   6.607144512108e-08  -1.309380041645e+00  -2.618673470393e+00   2.637682991535e-01   1.558020027690e-07  -1.112737257554e+00  -1.238227260193e+00   1.247042322646e-01   7.367026698841e-08   2.350387618646e-01  -1.399251812427e-08   6.803029139003e-01   1.388024379308e-07  -1.154605296350e+00  -1.645239172753e-05  -6.935566549509e-02  -6.514903642924e-01  -7.816947743395e-01  -3.607170611055e-03  -1.700643755115e-03  -3.126656943623e-08  -7.051608436115e-06  -5.112333276307e-02  -5.897042453389e-01  -7.546252832629e-01  -1.856026236297e-03   6.971214653946e-04   9.339427890856e-04  -7.051483284667e-06  -5.112300556585e-02  -5.897030115565e-01  -7.546247247428e-01  -1.856001104851e-03   6.971407827420e-04  -9.339137724126e-04
  -3.523504888782e+01  -3.098153807988e+01   1.028753220905e-01  -4.399633173312e-02  -5.044388664972e-09  -1.274115665943e+01   3.011472407102e-02  -1.287906327534e-02  -1.476645346692e-09  -5.537541376546e+00   7.204200712665e-03  -3.081005310323e-03  -3.532506099427e-10  -2.493330437458e+00   1.880744447857e-03  -8.043362934483e-04  -9.222033840804e-11  -4.559287138362e-04  -1.818922481925e-10   2.189659862185e-03   2.969649979812e-10  -1.663058313807e-03  -4.531446963153e-01  -2.343905949945e+00  -2.061037440887e+00  -1.179532987037e+00   1.420207645935e+00   3.117221651274e+00  -1.365556512213e-07  -9.247574209825e-05   7.390959878036e-06  -1.030306348810e-02   1.039485099996e-03   6.129429007815e-10  -3.179554574695e-01  -1.113796186355e+00   1.123141688338e-01   6.626279579989e-08  -1.317783849295e+00  -2.641933007313e+00   2.663817403266e-01   1.571759617841e-07  -1.120099703726e+00  -1.247756843433e+00   1.258069397124e-01   7.423249049471e-08   2.370917680509e-01  -1.410640074345e-08   6.856259306581e-01   1.398768833595e-07  -1.163621258732e+00  -5.022226037756e-06  -6.837565861138e-02  -6.551117632907e-01  -7.866871864225e-01  -2.887087669747e-03  -1.358508202522e-03  -2.498767215677e-08  -1.826503901682e-06  -5.022955924118e-02  -5.927667684681e-01  -7.593714877278e-01  -1.423232846736e-03   5.341521365400e-04   7.150103015275e-04  -1.826465016858e-06  -5.022923402305e-02  -5.927655238445e-01  -7.593709242661e-01  -1.423212237030e-03   5.341664197607e-04  -7.149874127529e-04
   8.674373940939e-02   1.028753220905e-01  -1.140571003032e+01  -6.470506501257e-03   4.214526536572e-09   2.794219196165e-01  -7.697005961506e+00  -7.002244732313e-03   4.562203626815e-09   1.694767940668e-01  -2.699468350744e+00  -2.759862066037e-03   1.801109995414e-09   8.456118607047e-02  -7.987263734056e-01  -8.398413813717e-04   5.487598804456e-10  -7.440919555363e-02   2.630486035985e-09  -1.020861548820e-01  -9.777698630636e-09   1.871806343335e-01  -4.496322823102e-01  -4.994255117470e-01  -1.051086738237e-01   4.580594622007e-03  -3.907086569575e-01   1.375145733653e+00  -6.024943782615e-08   4.814518850843e-03   3.350549525202e-04   1.386344004177e-01  -1.510059191437e-02  -8.936768181173e-09   5.159788727810e-01   1.321898505313e+00  -1.595404686019e-01  -9.463118756976e-08   6.101319037014e-01   6.178002190959e-01  -1.176021337470e-01  -6.934627095722e-08   1.897087233264e-01  -6.058063555958e-02  -2.111284785993e-02  -1.220563497117e-08  -3.515430182063e-01   2.440906742911e-08  -8.624236746233e-01  -2.085895059238e-07   1.452723404170e+00   3.301824758932e-04   1.071253056987e-01   2.877533249509e-01   1.408105736902e-01   2.154037495474e-02   1.101406837208e-02   2.022524489405e-07   1.484052803782e-04   7.846900011749e-02   2.535101096211e-01   1.323903992423e-01   1.150641620625e-02  -4.699289164704e-03  -6.306875239374e-03   1.484028435210e-04   7.846851512414e-02   2.535095200185e-01   1.323902668385e-01   1.150627394334e-02  -4.699425508317e-03   6.306687085870e-03
  -3.709739374233e-02  -4.399633173312e-02  -6.470506501257e-03  -1.135850571280e+01  -2.581418661620e-09  -1.194977059473e-01  -7.002244732313e-03  -7.645902626130e+00  -2.794642421666e-09  -7.247134633953e-02  -2.759862066037e-03  -2.679282390584e+00  -1.103895565019e-09  -3.615693795927e-02  -8.398413813717e-04  -7.925736738960e-01  -3.364693134503e-10   1.527176807457e-01  -1.157175477758e-09   4.717565111847e-02   2.630486035985e-09   7.298105825773e-02  -1.022383369667e+00  -1.279204562015e+00  -4.102720834228e-01  -9.757920427433e-02   1.485524932300e+00   2.201952763892e+00  -1.417665496734e-07  -4.885424226278e-04  -3.374226267882e-05  -1.529950195626e-02  -9.933959091868e-03   9.016465569161e-10  -5.496691881080e-02  -1.701932033360e-01  -2.509869242476e-01   9.939159451989e-09  -7.503450722164e-02  -1.450250832107e-01  -5.343181558034e-01   8.315366377674e-09  -3.163757671948e-02  -3.510026986279e-02  -2.631194125487e-01   1.949925987189e-09  -5.151684681618e-01   3.089653319205e-08   9.294078380450e-02   2.517583577794e-08  -2.683470411220e-01   1.526977758828e-04   4.753936104892e-02   1.140727185890e-01   4.108215869164e-02   1.063830720597e-02   3.352943869442e-03   9.246616360701e-08  -5.523804073658e-05  -2.920122568400e-02  -9.522999028210e-02  -5.065653612971e-02  -4.638698363849e-03   7.812865420970e-04   2.342297199543e-03  -5.523939819863e-05  -2.920221651405e-02  -9.523334340167e-02  -5.065810904960e-02  -4.638830635241e-03   7.814196330199e-04  -2.342322893677e-03
  -4.253392621507e-09  -5.044388664972e-09   4.214526536572e-09  -2.581418661620e-09  -1.132828329817e+01  -1.370120519921e-08   4.562203626815e-09  -2.794642421666e-09  -7.613191150565e+00  -8.310272717129e-09   1.801109995414e-09  -1.103895565019e-09  -2.666377442179e+00  -4.146499952304e-09   5.487598804456e-10  -3.364693134503e-10  -7.886438924421e-01   2.630486035985e-09  -6.567962919403e-02  -1.439188535692e-08   1.630799080743e-01  -4.310261576439e-09   4.395500269988e-08   5.095896881164e-08   1.314693703953e-08   1.448282208026e-09  -6.216956924181e-08  -1.353684786411e-07  -1.017377101177e+00  -2.861201641199e-10  -1.993237077904e-11  -8.918061130454e-09   8.879247370199e-10  -1.146366657473e-02  -3.056616787292e-08  -9.415381761840e-08   9.257246195263e-09  -2.672866322747e-01  -3.582301210689e-08  -6.838118818746e-08   6.586580922703e-09  -5.464589285164e-01  -1.087463756549e-08  -1.174533659229e-08   1.071364015405e-09  -2.653393447408e-01   2.377089701913e-08   5.578473783491e-02   1.082763964076e-07  -5.567033883941e-01  -1.193129023669e-07   2.819158932682e-09   8.917540367590e-07   2.261548904220e-06   9.648789097732e-07   1.970123050607e-07   9.325291569410e-08  -1.679581975036e-03  -7.350058275158e-05  -3.789783380138e-02  -1.154886649769e-01  -5.242993056964e-02  -6.138757448256e-03   2.309630658562e-03   2.135803545637e-03   7.349808618647e-05   3.789693488718e-02   1.154863681545e-01   5.242895356386e-02   6.138574220091e-03  -2.309657112811e-03   2.135667980173e-03
  -1.261870025392e+01  -1.274115665943e+01   2.794219196165e-01  -1.194977059473e-01  -1.370120519921e-08  -1.433931991974e+01   4.570804990610e-01  -1.941453635789e-01  -2.243640793983e-08  -9.561332891134e+00   2.874150483078e-01  -1.171131578823e-01  -1.419643688128e-08  -5.134842839269e+00   1.076874504714e-01  -4.252261514826e-02  -5.342676659984e-09  -2.330331100520e-02  -9.614450429144e-09   1.145058721989e-01   1.556802298707e-08  -8.790037720456e-02  -1.922049339504e+00  -4.652179061731e+00  -4.264594236161e+00  -2.583124400310e+00   2.416319336160e+00   5.096431501512e+00  -2.254386004812e-07  -6.050636886100e-02  -5.508076779376e-02  -4.724031739112e-01   4.729116875252e-02   2.829754501392e-08  -1.216260159440e+00  -2.935067874455e+00   2.901370385008e-01   1.752238809903e-07  -2.917711457534e+00  -5.122427704871e+00   4.996168125710e-01   3.055339616678e-07  -2.472141910846e+00  -2.612932865075e+00   2.532520682537e-01   1.558305418232e-07   5.321673446147e-01  -3.508171353584e-08   1.571170416818e+00   3.212569476526e-07  -2.666707798652e+00  -7.871644676407e-03  -3.120712972191e-01  -1.520462879843e+00  -1.758351263812e+00  -1.051909844698e-01  -5.307857979442e-02  -9.643848192852e-07  -4.974535719599e-03  -2.491674491642e-01  -1.395393454399e+00  -1.703402310276e+00  -6.981801116507e-02   2.742351909506e-02   3.743102473874e-02  -4.974488167005e-03  -2.491662826064e-01  -1.395390942605e+00  -1.703401168906e+00  -6.981744301265e-02   2.742445067715e-02  -3.743007050006e-02
   3.950801799832e-02   3.011472407102e-02  -7.697005961506e+00  -7.002244732313e-03   4.562203626815e-09   4.570804990610e-01  -9.545868125847e+00  -2.341732200578e-02   1.639340807980e-08   5.410066038723e-01  -5.802487072131e+00  -1.574216309323e-02   1.559775988404e-08   3.525490703026e-01  -2.201413239771e+00  -5.154363457001e-03   6.694675921265e-09  -1.953160057211e-01   1.296815010863e-08  -2.739607351556e-01  -2.874672613227e-08   5.236692018331e-01  -1.232986657050e+00  -1.084173015220e+00  -1.923494320681e-01   7.755493834591e-02  -1.252139367604e+00   2.154477623876e+00  -9.555624126180e-08   2.244014568536e-01   2.282025723988e-01   1.198016203024e+00  -1.373483988594e-01  -8.236040112287e-08   1.876852097601e+00   3.321534400979e+00  -4.199437262303e-01  -2.530628428096e-07   1.798089944951e+00   1.483336097206e+00  -2.994784183488e-01  -1.773521042668e-07   6.322448156994e-01  -1.504984876398e-01  -6.620514179422e-02  -3.679584002216e-08  -7.050240562200e-01   6.298289432529e-08  -1.615758409904e+00  -4.247081373520e-07   2.710373339580e+00   2.732299848087e-02   4.820722115532e-01   9.078797024786e-01   4.751632868389e-01   2.584779732128e-01   1.486142954428e-01   2.690513768639e-06   1.682364063597e-02   3.770568266046e-01   8.105180310922e-01   4.488519279854e-01   1.664581589177e-01  -7.468274031977e-02  -1.024921632327e-01   1.682347664593e-02   3.770550175186e-01   8.105163477902e-01   4.488515075359e-01   1.664567704542e-01  -7.468529014597e-02   1.024895455733e-01
  -1.689624274072e-02  -1.287906327534e-02  -7.002244732313e-03  -7.645902626130e+00  -2.794642421666e-09  -1.941453635789e-01  -2.341732200578e-02  -9.358057644333e+00  -1.027312881681e-08  -2.204442397420e-01  -1.574216309323e-02  -5.607968521204e+00  -1.070212307035e-08  -1.392112857323e-01  -5.154363457001e-03  -2.113959318687e+00  -4.857084297152e-09   3.556924710334e-01   1.390802279035e-08   1.325371548456e-01   1.296815010863e-08   1.872472731370e-01  -2.820272599301e+00  -2.935792977013e+00  -1.123028970742e+00  -3.057764154412e-01   2.465614332005e+00   2.883757083088e+00  -2.205723724607e-07  -2.270446345173e-02  -2.305341673852e-02  -1.394605738853e-01  -1.589920167121e-01   7.394829043277e-09  -1.981025867215e-01  -4.518509995814e-01  -8.600618782690e-01   2.206905354110e-08  -2.256548421050e-01  -3.895401433422e-01  -1.455037029440e+00   1.767907873683e-08  -1.121149400427e-01  -1.203036308623e-01  -7.626544030596e-01   4.847531130842e-09  -1.516809855870e+00   1.094863828868e-07   1.777278823967e-01   4.953010345910e-08  -6.161813825993e-01   1.204596862323e-02   1.973590250715e-01   3.198281583946e-01   1.067583495892e-01   1.248405277767e-01   3.212325534810e-02   1.121821511265e-06  -6.052699634775e-03  -1.329128392915e-01  -2.904822967313e-01  -1.639135594134e-01  -6.691038003732e-02   5.848594723764e-03   3.568132130473e-02  -6.052885025061e-03  -1.329174322947e-01  -2.904922155644e-01  -1.639182167166e-01  -6.691251821684e-02   5.850678815197e-03  -3.568182537470e-02
  -1.937236454082e-09  -1.476645346692e-09   4.562203626815e-09  -2.794642421666e-09  -7.613191150565e+00  -2.243640793983e-08   1.639340807980e-08  -1.027312881681e-08  -9.244039647422e+00  -2.672221287503e-08   1.559775988404e-08  -1.070212307035e-08  -5.512668848460e+00  -1.749094886245e-08   6.694675921265e-09  -4.857084297152e-09  -2.076269351572e+00   1.296815010863e-08  -1.530021927749e-01  -4.847377413191e-08   4.048477602981e-01  -2.132737446131e-08   1.233800153160e-07   1.151371889873e-07   2.969865156381e-08   5.429999070793e-10  -1.056527666605e-07  -2.128391338696e-07  -2.245481583715e+00  -1.331952615364e-08  -1.355387211547e-08  -8.136457361203e-08   7.168617153435e-09  -1.727901479324e-01  -1.107959803429e-07  -2.498845988544e-07   1.985001029043e-08  -9.003197829582e-01  -1.049368548960e-07  -1.732096014179e-07   1.190318859128e-08  -1.474491804522e+00  -3.582222568156e-08  -3.479125715582e-08   1.426906843297e-09  -7.618031174354e-01   4.553070687169e-08   1.581130244530e-01   2.440761784703e-07  -1.600433935586e+00  -2.659711868945e-07   2.242409439782e-07   3.748008104245e-06   6.518493777520e-06   2.813729818458e-06   2.333062194493e-06   1.159410652136e-06  -2.937424778388e-02  -7.955997249221e-03  -1.690480269915e-01  -3.366494614056e-01  -1.534468607176e-01  -8.740947621350e-02   3.392399617590e-02   2.582038661264e-02   7.955778737091e-03   1.690442281057e-01   3.366428340728e-01   1.534440024262e-01   8.740720889202e-02  -3.392453676843e-02   2.581854224945e-02
  -5.478819704268e+00  -5.537541376546e+00   1.694767940668e-01  -7.247134633953e-02  -8.310272717129e-09  -9.561332891134e+00   5.410066038723e-01  -2.204442397420e-01  -2.672221287503e-08  -9.568622354095e+00   8.524404148805e-01  -2.698267941856e-01  -4.334532925268e-08  -6.820039241209e+00   5.398988815104e-01  -1.453530475357e-01  -2.776163378223e-08  -2.705419980692e-02  -1.306379244226e-08   1.483854624669e-01   2.039812140036e-08  -1.193486567530e-01  -2.727132020488e+00  -5.424125639101e+00  -5.667812809106e+00  -3.893494182124e+00   1.868456617450e+00   3.648150395253e+00  -1.497944097020e-07  -9.009714233461e-01  -9.694085049053e-01  -1.216519882296e+00   1.210446586977e-01   7.700103863459e-08  -2.933021256225e+00  -3.661561617781e+00   3.561808667862e-01   2.249329545603e-07  -4.505496859086e+00  -5.771975904470e+00   5.385815439116e-01   3.485952975913e-07  -3.836435796742e+00  -3.494805426255e+00   3.198805077311e-01   2.101855431603e-07   4.038491079965e-01  -8.849046189633e-08   1.232007544703e+00   2.456029984617e-07  -2.086655539380e+00  -2.546651676822e-01  -1.103329436133e+00  -2.607249449173e+00  -2.814104987738e+00  -6.684865555064e-01  -4.180198508224e-01  -7.353588995166e-06  -2.095153182974e-01  -9.715992085564e-01  -2.450100198881e+00  -2.743326691716e+00  -5.379759039152e-01   2.446953997987e-01   3.504480834689e-01  -2.095144792102e-01  -9.715966953916e-01  -2.450097047197e+00  -2.743325214378e+00  -5.379737651087e-01   2.447052774923e-01  -3.504407009640e-01
   1.150048033485e-02   7.204200712665e-03  -2.699468350744e+00  -2.759862066037e-03   1.801109995414e-09   2.874150483078e-01  -5.802487072131e+00  -1.574216309323e-02   1.559775988404e-08   8.524404148805e-01  -7.583731485794e+00   1.245902617392e-02   4.325083400453e-08   9.390178392513e-01  -4.858429582127e+00   2.418610055364e-02   3.159616921225e-08  -1.371684106346e-01   1.260767022281e-08  -2.018440084431e-01  -2.251385423912e-08   3.913681647206e-01  -1.446639397910e+00  -1.464451710390e+00  -2.661215433451e-01   3.144995280250e-01  -1.909404972280e+00   1.399318232686e+00  -6.573964631502e-08   2.279904948803e+00   2.466787015864e+00   1.878047738586e+00  -2.682781305325e-01  -1.735258272372e-07   5.028714163950e+00   3.455709110586e+00  -5.521143955402e-01  -3.554373673140e-07   4.308901161137e+00   1.564209378795e+00  -4.722633420118e-01  -2.953891013550e-07   1.853085821951e+00  -5.948048862141e-01  -1.468730934950e-01  -8.633019358456e-08  -4.066720749801e-01   2.355810407231e-07  -6.287155690248e-01  -2.294374150893e-07   1.015148981083e+00   6.976736009201e-01   2.060631893940e+00   2.563806001079e+00   1.451924758663e+00   1.302621833545e+00   1.040168843665e+00   1.824638575539e-05   5.567131917881e-01   1.775504532305e+00   2.354642425389e+00   1.385995506314e+00   1.001288968402e+00  -5.905358566639e-01  -8.493673041075e-01   5.567107986822e-01   1.775499651323e+00   2.354638905983e+00   1.385994478470e+00   1.001284567213e+00  -5.905597006943e-01   8.493492541255e-01
  -4.918337037886e-03  -3.081005310323e-03  -2.759862066037e-03  -2.679282390584e+00  -1.103895565019e-09  -1.171131578823e-01  -1.574216309323e-02  -5.607968521204e+00  -1.070212307035e-08  -2.698267941856e-01   1.245902617392e-02  -6.892364693323e+00  -4.483514015434e-08  -2.528049405173e-01   2.418610055364e-02  -4.299563486606e+00  -4.174969579079e-08   2.342313403023e-01   1.942868243984e-08   9.526866206750e-02   1.260767022281e-08   1.261631487032e-01  -3.302675879364e+00  -4.002821146404e+00  -2.197529416350e+00  -7.463784710877e-01   1.749340145846e+00   7.418651833216e-01  -1.134735165294e-07  -2.303667852765e-01  -2.491847540426e-01  -2.731667191126e-01  -7.854093873851e-01   8.518748616286e-09  -5.177000050738e-01  -5.888878767511e-01  -2.079473089627e+00  -1.459907154473e-08  -4.938351105017e-01  -5.922118980381e-01  -3.115650648735e+00  -2.315890183132e-08  -2.669555466070e-01  -2.363373756539e-01  -1.959554207478e+00  -1.215069991561e-08  -2.053264596689e+00   7.732739974576e-07   6.528966209299e-02   6.314014393855e-08  -5.469580132469e-01   3.060203004053e-01   7.734023488063e-01   8.106414042056e-01   3.041535305081e-01   6.777293638018e-01   5.583943028477e-02   6.801700248626e-06  -2.000798892962e-01  -5.860179611086e-01  -7.544943089139e-01  -4.271368437188e-01  -4.457888997516e-01  -7.859486543534e-02   2.764559464172e-01  -2.000871191390e-01  -5.860389729878e-01  -7.545203493391e-01  -4.271494919864e-01  -4.458048070049e-01  -7.857856974420e-02  -2.764607326127e-01
  -5.639151671006e-10  -3.532506099427e-10   1.801109995414e-09  -1.103895565019e-09  -2.666377442179e+00  -1.419643688128e-08   1.559775988404e-08  -1.070212307035e-08  -5.512668848460e+00  -4.334532925268e-08   4.325083400453e-08  -4.483514015434e-08  -6.738122973118e+00  -4.828435519158e-08   3.159616921225e-08  -4.174969579079e-08  -4.213876054651e+00   1.260767022281e-08  -9.832139626776e-02  -4.085354950167e-08   2.759954271961e-01  -2.097126833948e-08   1.482781844407e-07   1.746238650222e-07   5.906101454750e-08  -6.729649323702e-09  -8.850626085535e-08  -1.298638933183e-07  -2.582313819960e+00  -1.352055317506e-07  -1.463488135768e-07  -1.609812475531e-07   6.961124451115e-09  -8.119231161742e-01  -2.939726276084e-07  -3.361721867149e-07  -1.873213226664e-08  -2.128511719331e+00  -2.493910048910e-07  -2.812174946131e-07  -3.172547751415e-08  -3.135052844250e+00  -1.047089349999e-07  -8.013578522940e-08  -1.809826113636e-08  -1.951812672135e+00   6.103318594914e-08   1.928203657380e-01  -3.157311628641e-07  -2.109588053908e+00  -5.170510532980e-07   5.701675327317e-06   1.488820957395e-05   1.656853046405e-05   7.578691752122e-06   1.275678665915e-05   7.355891761079e-06  -3.251285255303e-01  -2.630225126328e-01  -7.351815667569e-01  -8.740411536431e-01  -4.155685217436e-01  -5.778160221973e-01   2.472333441769e-01   7.462459947054e-02   2.630167440669e-01   7.351664395737e-01   8.740243036982e-01   4.155607998648e-01   5.778033788197e-01  -2.472386712861e-01   7.461193012236e-02
  -2.473592520771e+00  -2.493330437458e+00   8.456118607047e-02  -3.615693795927e-02  -4.146499952304e-09  -5.134842839269e+00   3.525490703026e-01  -1.392112857323e-01  -1.749094886245e-08  -6.820039241209e+00   9.390178392513e-01  -2.528049405173e-01  -4.828435519158e-08  -6.692237153861e+00   9.277196973535e-01  -1.993839969611e-01  -4.708734867854e-08  -1.621817323911e-02  -8.733134392901e-09   9.623050795633e-02   1.332202556079e-08  -7.969663350588e-02  -2.069863715046e+00  -4.337207620525e+00  -5.553947911284e+00  -4.706948912398e+00   9.414956755370e-01   1.666723554079e+00  -5.614283134700e-08  -1.299819604888e+00  -1.402333717397e+00  -6.763600136245e-01   6.626420895302e-02   5.025869318881e-08  -3.521706277186e+00  -2.112388864903e+00   2.008146820946e-01   1.462662859958e-07  -5.037457220703e+00  -3.971597180291e+00   3.536683845360e-01   2.533388973877e-07  -4.765661943906e+00  -3.315414191538e+00   2.898389048473e-01   2.054788595841e-07   1.385999693791e-01  -9.027299643133e-08   4.472073270966e-01   6.494726026404e-08  -7.531674216573e-01  -7.798798084082e-01  -1.996929900448e+00  -3.467211996972e+00  -3.715221624262e+00  -8.108370820163e-01  -6.309245156168e-01  -1.079119144506e-05  -7.204432253210e-01  -1.875714868309e+00  -3.336616482104e+00  -3.646109332862e+00  -7.114730379964e-01   3.765996350388e-01   5.631027682093e-01  -7.204420849081e-01  -1.875712543718e+00  -3.336613878877e+00  -3.646107890559e+00  -7.114715850989e-01   3.766162880519e-01  -5.630920081158e-01
   3.192956845436e-03   1.880744447857e-03  -7.987263734056e-01  -8.398413813717e-04   5.487598804456e-10   1.076874504714e-01  -2.201413239771e+00  -5.154363457001e-03   6.694675921265e-09   5.398988815104e-01  -4.858429582127e+00   2.418610055364e-02   3.159616921225e-08   9.277196973535e-01  -5.462426000480e+00   4.516860997588e-02   3.338010987064e-08  -5.150891300463e-02   5.282798082348e-09  -7.794582574724e-02  -8.873486456441e-09   1.511477992599e-01  -7.410721591426e-01  -9.976940111763e-01  -3.681239547995e-01   2.970934930689e-01  -1.199689396278e+00   4.316974024570e-01  -2.207315290735e-08   1.974436711953e+00   2.135415855147e+00   2.502392191387e-01  -9.381402843770e-02  -7.477371913512e-08   4.519428302028e+00   4.547320288210e-01  -2.303876588908e-01  -1.846984767159e-07   4.709318482663e+00  -4.294770387757e-01  -2.982638271695e-01  -2.195431464481e-07   2.746652891691e+00  -1.617064433851e+00  -1.575518015598e-01  -1.075668792253e-07  -4.798484370604e-02   1.956553918269e-07   8.784525138676e-02   2.617420848993e-08  -1.758104509643e-01   1.417687369571e+00   3.000433955279e+00   3.572332776474e+00   2.347463612680e+00   7.948218101205e-01   1.074833656074e+00   1.837651565979e-05   1.269283134628e+00   2.745139776655e+00   3.353218670899e+00   2.252191366329e+00   6.345927022292e-01  -6.251485576601e-01  -9.349243126303e-01   1.269280733968e+00   2.745135693979e+00   3.353215247800e+00   2.252189981485e+00   6.345907930028e-01  -6.251760674110e-01   9.349062175655e-01
  -1.365504675341e-03  -8.043362934483e-04  -8.398413813717e-04  -7.925736738960e-01  -3.364693134503e-10  -4.252261514826e-02  -5.154363457001e-03  -2.113959318687e+00  -4.857084297152e-09  -1.453530475357e-01   2.418610055364e-02  -4.299563486606e+00  -4.174969579079e-08  -1.993839969611e-01   4.516860997588e-02  -4.762858863117e+00  -5.385312469228e-08   8.678355680396e-02   8.800560877243e-09   3.576876594321e-02   5.282798082348e-09   4.621082357430e-02  -1.687575816322e+00  -2.672868884287e+00  -2.281390342381e+00  -1.110394555652e+00   6.079685716979e-01  -3.977718216811e-01  -1.774704917238e-08  -1.994791493526e-01  -2.157070510354e-01  -9.698663069178e-02  -6.954153003052e-01   1.891504416239e-09  -4.616220471690e-01  -2.498544832541e-01  -1.896356667541e+00  -2.140388769089e-08  -5.116843102233e-01  -3.720586967076e-01  -3.459078216515e+00  -3.189937909087e-08  -3.398295080879e-01  -2.275557988976e-01  -3.138584731038e+00  -1.695385240121e-08  -8.419564793519e-01   1.372847308429e-06  -2.682632893773e-02   6.533297153910e-08  -1.727844704437e-01   6.314907308060e-01   1.174367372382e+00   1.206007715868e+00   6.104630893679e-01   5.730209570004e-01  -1.971147266384e-01   6.697075098935e-06  -4.610591993842e-01  -9.271254517807e-01  -1.075266489826e+00  -6.819138560770e-01  -4.120281565350e-01  -3.359402225936e-01   3.017258200712e-01  -4.610770670709e-01  -9.271604366298e-01  -1.075305437657e+00  -6.819363635502e-01  -4.120436876131e-01  -3.359226120528e-01  -3.017316105386e-01
  -1.565637387513e-10  -9.222033840804e-11   5.487598804456e-10  -3.364693134503e-10  -7.886438924421e-01  -5.342676659984e-09   6.694675921265e-09  -4.857084297152e-09  -2.076269351572e+00  -2.776163378223e-08   3.159616921225e-08  -4.174969579079e-08  -4.213876054651e+00  -4.708734867854e-08   3.338010987064e-08  -5.385312469228e-08  -4.696634918128e+00   5.282798082348e-09  -3.576641664126e-02  -1.649029136793e-08   1.029252256317e-01  -8.837023666842e-09   7.650034202614e-08   1.300090666006e-07   8.842397797767e-08   8.101510151741e-09  -3.710806980075e-08  -3.385194268163e-08  -1.421644652251e+00  -1.169675071548e-07  -1.266415191351e-07  -5.916941148397e-08   1.269738085535e-10  -7.045214560863e-01  -2.602356841422e-07  -1.526212080189e-07  -2.580124404874e-08  -1.915180791009e+00  -2.671354115336e-07  -1.929570246596e-07  -3.897405971368e-08  -3.468346734575e+00  -1.519292198597e-07  -9.471949732322e-08  -2.241561723613e-08  -3.133784665096e+00   6.795810831609e-08   5.392504806103e-02  -1.062725414454e-06  -8.540604613972e-01  -6.996279629346e-07   1.173297305995e-05   2.239462848596e-05   2.398041023685e-05   1.343473700865e-05   1.078551838725e-05   7.468883199387e-06  -5.820769976713e-01  -6.087288244105e-01  -1.181193641415e+00  -1.295359304141e+00  -7.406937168410e-01  -5.346663965671e-01   2.585361338366e-01  -1.615376293018e-01   6.087169748803e-01   1.181170991533e+00   1.295335016473e+00   7.406800864635e-01   5.346557580192e-01  -2.585426719019e-01  -1.615508895235e-01
  -1.099703432091e-03  -4.559287138362e-04  -7.440919555363e-02   1.527176807457e-01   2.630486035985e-09  -2.330331100520e-02  -1.953160057211e-01   3.556924710334e-01   1.296815010863e-08  -2.705419980692e-02  -1.371684106346e-01   2.342313403023e-01   1.260767022281e-08  -1.621817323911e-02  -5.150891300463e-02   8.678355680396e-02   5.282798082348e-09  -6.851315314599e+00  -2.351645907953e-09   2.701730352752e-02  -1.357740637368e-08   3.187552545056e-02  -1.490514018792e+00  -5.987665476062e-01  -6.829552249216e-02  -8.544005644851e-03  -1.077900598045e+00   1.263855627420e+00  -9.421145003205e-08   2.557256264599e-02   2.459250882633e-02   2.100994323881e-01   2.196373704609e-01  -1.287922124912e-08   2.085944631654e-01   4.136400948013e-01   8.889654756464e-01  -2.495859948378e-08   9.598800295231e-02   7.359308441667e-02   6.428148309623e-01  -3.895649206191e-09   1.006059346779e-02  -1.836177275816e-02   1.300902512563e-01   1.763182244245e-09   1.629150893146e+00  -1.324963139451e-07  -1.378035304818e-01  -5.760162146257e-08   6.422707407061e-01  -1.163212874094e-02  -1.835489602443e-01  -1.344477668363e-01  -2.533140785440e-02  -1.451890869775e-01  -4.485670679193e-02  -1.421243166320e-06   5.155988167444e-03   1.184247115692e-01   1.131101537444e-01   2.218301048948e-02   7.093155304245e-02  -9.527815562399e-03  -4.117378824009e-02   5.156134822713e-03   1.184286965823e-01   1.131140389008e-01   2.218380732796e-02   7.093370914426e-02  -9.530195076075e-03   4.117431302068e-02
  -4.387319058323e-10  -1.818922481925e-10   2.630486035985e-09  -1.157175477758e-09  -6.567962919403e-02  -9.614450429144e-09   1.296815010863e-08   1.390802279035e-08  -1.530021927749e-01  -1.306379244226e-08   1.260767022281e-08   1.942868243984e-08  -9.832139626776e-02  -8.733134392901e-09   5.282798082348e-09   8.800560877243e-09  -3.576641664126e-02  -2.351645907953e-09  -6.638946977793e+00  -5.741759749064e-09  -9.004945131698e-03  -2.725364728817e-10   1.508906313597e-07   6.818327063532e-08   6.367056734365e-09  -2.621414047137e-09  -1.089088650586e-07  -1.285925919299e-07  -2.053224474860e+00  -1.555691376547e-09  -1.466721883339e-09  -1.447978053022e-08  -1.172904510190e-08  -2.473177585398e-02  -1.547662558980e-08  -3.638215392441e-08  -4.274064835960e-08  -9.983009475302e-02  -1.280127461439e-08  -1.838562346714e-08  -2.402624514498e-08  -8.187734693721e-02  -6.092860450360e-09  -4.394919053460e-09  -1.329124810343e-09  -2.237660673992e-02  -1.004254205501e-07  -3.308294727925e-01   3.247979716765e-08  -2.200834581729e-01  -5.306306688250e-08  -9.786684356489e-08  -1.492519751910e-06  -1.011409924956e-06  -1.356415109625e-07  -1.331810356785e-06  -3.703152771480e-07   1.461525831929e-02  -2.488085090560e-03  -5.449368913277e-02  -4.934609580060e-02  -9.991136101727e-03  -3.749839642225e-02   4.345138844500e-03   1.177042393188e-02   2.488112548576e-03   5.449459247466e-02   4.934691802115e-02   9.991248811646e-03   3.749888920591e-02  -4.346188401767e-03   1.177010032895e-02
   5.281528428586e-03   2.189659862185e-03  -1.020861548820e-01   4.717565111847e-02  -1.439188535692e-08   1.145058721989e-01  -2.739607351556e-01   1.325371548456e-01  -4.847377413191e-08   1.483854624669e-01  -2.018440084431e-01   9.526866206750e-02  -4.085354950167e-08   9.623050795633e-02  -7.794582574724e-02   3.576876594321e-02  -1.649029136793e-08   2.701730352752e-02  -5.741759749064e-09  -6.690719486068e+00   1.587660042701e-08   7.767590589640e-02   1.179636524145e+00   5.690597022210e-01   1.420351237275e-01   5.632296211962e-02  -3.415994678895e-01  -5.691928476049e-01   1.715201659968e-07   7.366232398132e-02   7.099101227843e-02   5.327975386537e-01  -5.328690051695e-02  -5.805676333736e-08   5.849600007202e-01   8.885050889830e-01  -8.452799334456e-02  -1.577907573367e-07   2.923792242613e-01   1.037069055760e-01   4.034441534519e-03  -8.491174563886e-08   8.155984453617e-02  -1.069587503495e-03   9.328973360131e-03  -1.843325244035e-08  -1.185564283771e-01   3.163432856348e-08  -7.229922508570e-01  -3.038380972948e-07   6.299253005093e-01   9.093537836544e-03   1.564257603596e-01   1.518597247335e-01   6.055360472154e-02   1.078375714641e-01   5.488202123808e-02   1.466698875407e-06   2.763565261495e-03   7.199887648186e-02   1.011345866791e-01   5.472845504378e-02   3.097529479524e-02  -1.275865880683e-02  -3.496801383228e-02   2.763643423608e-03   7.200089351307e-02   1.011364948236e-01   5.472882135608e-02   3.097665730924e-02  -1.275971742311e-02   3.496793180151e-02
   7.162896959816e-10   2.969649979812e-10  -9.777698630636e-09   2.630486035985e-09   1.630799080743e-01   1.556802298707e-08  -2.874672613227e-08   1.296815010863e-08   4.048477602981e-01   2.039812140036e-08  -2.251385423912e-08   1.260767022281e-08   2.759954271961e-01   1.332202556079e-08  -8.873486456441e-09   5.282798082348e-09   1.029252256317e-01  -1.357740637368e-08  -9.004945131698e-03   1.587660042701e-08  -6.763457804275e+00   2.008369536302e-08   6.458628470843e-08   2.996792586954e-08   1.218229216454e-08   6.976661849051e-09   4.457652705496e-08  -9.183121198957e-08  -8.550601404642e-01   1.498866159393e-08   1.446275233119e-08   1.224535493151e-07  -1.254981051172e-08   2.429722734754e-01   1.176420277017e-07   2.326426955915e-07  -2.298982555181e-08   9.380523788622e-01   5.562271415984e-08   5.358577451631e-08  -3.705524897369e-09   6.626001815819e-01   1.328494362795e-08   4.499187728705e-09   9.303177189579e-10   1.355641995271e-01  -5.372346498369e-08  -2.075951681734e-01  -2.759741809517e-07   1.734350689177e+00   2.538721970476e-07  -2.162936113043e-07  -3.502097269028e-06  -2.726693168720e-06  -5.188980753540e-07  -2.713544521078e-06  -1.461231588275e-06   3.287995635927e-02   6.787135694004e-03   1.505155220397e-01   1.364041983929e-01   2.781317373915e-02   9.268355070355e-02  -3.947066544998e-02  -3.261908855472e-02  -6.786934079830e-03  -1.505120344646e-01  -1.364014523283e-01  -2.781263798499e-02  -9.268100338061e-02   3.947122897949e-02  -3.261688225392e-02
  -4.011367900436e-03  -1.663058313807e-03   1.871806343335e-01   7.298105825773e-02  -4.310261576439e-09  -8.790037720456e-02   5.236692018331e-01   1.872472731370e-01  -2.132737446131e-08  -1.193486567530e-01   3.913681647206e-01   1.261631487032e-01  -2.097126833948e-08  -7.969663350588e-02   1.511477992599e-01   4.621082357430e-02  -8.837023666842e-09   3.187552545056e-02  -2.725364728817e-10   7.767590589640e-02   2.008369536302e-08  -6.883229987053e+00   1.381265788023e+00   6.480573062348e-01   6.110099758635e-02  -2.427453203828e-02  -1.858673286530e+00  -3.992426351737e-02   8.646944353374e-08  -1.249896900868e-01  -1.204753087006e-01  -8.986705576891e-01   1.393000131722e-01   6.782550880976e-08  -9.862566409701e-01  -1.468032513470e+00   3.421840178497e-01   1.400395207162e-07  -4.598511299819e-01  -8.449835535042e-02   1.657080545385e-01   3.919521439534e-08  -9.894609477234e-02   5.361975643271e-02   3.608530055355e-02   2.411187935009e-09   6.346473748779e-01  -5.508824605624e-08   6.183336396953e-01   2.399043718827e-07  -1.318406864459e+00  -1.046489309999e-02  -1.909227500181e-01  -1.983052119144e-01  -7.421353009150e-02  -1.150675595024e-01  -8.977315917299e-02  -1.364351128259e-06  -6.196545740924e-03  -1.507237093863e-01  -1.723663167909e-01  -6.611863176090e-02  -7.433919286995e-02   4.510354551251e-02   5.118774320077e-02  -6.196394928933e-03  -1.507211957672e-01  -1.723643437591e-01  -6.611823453782e-02  -7.433730024710e-02   4.510455712226e-02  -5.118576121408e-02
  -4.587729369969e-01  -4.531446963153e-01  -4.496322823102e-01  -1.022383369667e+00   4.395500269988e-08  -1.922049339504e+00  -1.232986657050e+00  -2.820272599301e+00   1.233800153160e-07  -2.727132020488e+00  -1.446639397910e+00  -3.302675879364e+00   1.482781844407e-07  -2.069863715046e+00  -7.410721591426e-01  -1.687575816322e+00   7.650034202614e-08  -1.490514018792e+00   1.508906313597e-07   1.179636524145e+00   6.458628470843e-08   1.381265788023e+00  -6.478506535561e+00  -5.219566036176e+00  -2.895722732678e+00  -1.449106387086e+00   5.947368997015e-01   9.318032658244e-01  -1.997640692394e-08  -2.578933544129e-04  -4.841915639050e-05  -7.081691784759e-03  -2.693639045475e-03   4.945244883093e-10  -8.904926928471e-02  -2.866836939112e-01  -1.022237396448e-01   1.973855923660e-08  -7.005765731420e-01  -1.570572983343e+00  -5.758670179746e-01   1.075900456981e-07  -9.704390256926e-01  -1.304763715409e+00  -4.873191562118e-01   8.924467425437e-08  -1.716104170048e-01   1.221918251124e-08   1.594652975476e-01   3.344484126943e-08  -2.114520724952e-01  -1.468174767241e-06  -6.821519783654e-03  -2.359516389681e-01  -5.675133768287e-01  -1.934563773428e-04  -1.463355126316e-04  -1.425494619430e-09  -1.534393864117e-04  -4.623986468763e-02  -4.898700745644e-01  -7.476755919158e-01  -6.353660317925e-03  -4.947067003298e-04   2.661600068863e-03  -1.534517558121e-04  -4.624144416435e-02  -4.898763446862e-01  -7.476791764506e-01  -6.354052485320e-03  -4.946572700355e-04  -2.661716991715e-03
  -2.323443797572e+00  -2.343905949945e+00  -4.994255117470e-01  -1.279204562015e+00   5.095896881164e-08  -4.652179061731e+00  -1.084173015220e+00  -2.935792977013e+00   1.151371889873e-07  -5.424125639101e+00  -1.464451710390e+00  -4.002821146404e+00   1.746238650222e-07  -4.337207620525e+00  -9.976940111763e-01  -2.672868884287e+00   1.300090666006e-07  -5.987665476062e-01   6.818327063532e-08   5.690597022210e-01   2.996792586954e-08   6.480573062348e-01  -5.219566036176e+00  -6.924738691278e+00  -5.336984187192e+00  -3.107360615271e+00   1.039157829766e+00   1.599192074596e+00  -3.204147051345e-08  -1.005734552475e-01  -1.054179510202e-01  -2.815403353606e-01  -1.031318663296e-01   2.265502515719e-08  -7.271474667334e-01  -1.358201462647e+00  -4.271049982487e-01   1.131761801168e-07  -1.951665455154e+00  -3.378626311797e+00  -1.057164507776e+00   2.578204306883e-07  -2.260650597757e+00  -2.680483488307e+00  -8.896718463734e-01   1.967553756888e-07  -5.522430298033e-01   1.050094457639e-07   6.125029726328e-01   1.363926632077e-07  -8.593867080870e-01  -5.919740048375e-03  -1.120936639006e-01  -7.837555837786e-01  -1.401696509270e+00  -3.618725947429e-02  -3.146222357255e-02  -3.365514778028e-07  -4.273489394946e-02  -3.465071763445e-01  -1.318987251330e+00  -1.749386278347e+00  -1.879443277742e-01  -3.818119756239e-03   9.137622844693e-02  -4.273638140267e-02  -3.465142318889e-01  -1.318999497444e+00  -1.749393065073e+00  -1.879498618521e-01  -3.815539839426e-03  -9.137720308999e-02
  -2.044903143305e+00  -2.061037440887e+00  -1.051086738237e-01  -4.102720834228e-01   1.314693703953e-08  -4.264594236161e+00  -1.923494320681e-01  -1.123028970742e+00   2.969865156381e-08  -5.667812809106e+00  -2.661215433451e-01  -2.197529416350e+00   5.906101454750e-08  -5.553947911284e+00  -3.681239547995e-01  -2.281390342381e+00   8.842397797767e-08  -6.829552249216e-02   6.367056734365e-09   1.420351237275e-01   1.218229216454e-08   6.110099758635e-02  -2.895722732678e+00  -5.336984187192e+00  -5.917763962589e+00  -4.450673440599e+00   7.480272292371e-01   1.128912388343e+00  -2.086076147990e-08  -6.945403645505e-01  -7.480917851867e-01  -5.401024741072e-01  -1.808759231235e-01   4.515065459103e-08  -2.082600856994e+00  -1.763673406733e+00  -5.044161432873e-01   1.649310023326e-07  -3.395231758962e+00  -3.623782501155e+00  -1.016318172072e+00   3.076008555194e-07  -3.601576940415e+00  -3.289316642454e+00  -1.017898621427e+00   2.570717355329e-07  -2.870989555188e-01   3.469861682702e-07   4.580619169147e-01   8.514745382474e-08  -6.940290882346e-01  -2.058693304420e-01  -7.209433901352e-01  -1.782448051280e+00  -2.446037257517e+00  -3.183592330865e-01  -3.107571763637e-01  -3.674940856653e-06  -4.359062449742e-01  -1.233359432725e+00  -2.456835777657e+00  -2.886579435243e+00  -5.898201183694e-01   5.936856108074e-02   3.707888622854e-01  -4.359119743516e-01  -1.233371251276e+00  -2.456849823260e+00  -2.886587824690e+00  -5.898267848265e-01   5.938023095475e-02  -3.707861801325e-01
  -1.171536505725e+00  -1.179532987037e+00   4.580594622007e-03  -9.757920427433e-02   1.448282208026e-09  -2.583124400310e+00   7.755493834591e-02  -3.057764154412e-01   5.429999070793e-10  -3.893494182124e+00   3.144995280250e-01  -7.463784710877e-01  -6.729649323702e-09  -4.706948912398e+00   2.970934930689e-01  -1.110394555652e+00   8.101510151741e-09  -8.544005644851e-03  -2.621414047137e-09   5.632296211962e-02   6.976661849051e-09  -2.427453203828e-02  -1.449106387086e+00  -3.107360615271e+00  -4.450673440599e+00  -4.443220817764e+00   4.094075286669e-01   6.121877698710e-01  -1.085402638913e-08  -7.798459891199e-01  -8.410756672200e-01  -2.630690357962e-01  -6.971536654022e-02   2.471649431197e-08  -2.200319720448e+00  -9.141836798430e-01  -1.983836556221e-01   8.367051444914e-08  -3.434819587150e+00  -2.073824980510e+00  -4.696778323764e-01   1.657945887241e-07  -3.943151288435e+00  -2.437725399800e+00  -6.795404184806e-01   1.806372186731e-07  -2.919695859223e-02   1.893983632651e-07   1.730293990704e-01   1.870634121265e-08  -2.862898579962e-01  -5.021556544555e-01  -1.283516806885e+00  -2.382318258444e+00  -3.022789857506e+00  -3.511751737527e-01  -3.896293354529e-01  -5.131424712944e-06  -6.632312836848e-01  -1.607794596431e+00  -2.810634024862e+00  -3.365525797718e+00  -4.205815009668e-01   1.207134286541e-01   3.532328777175e-01  -6.632345278741e-01  -1.607801019109e+00  -2.810642238440e+00  -3.365532119457e+00  -4.205830599614e-01   1.207245536680e-01  -3.532279213327e-01
