ARMA_MAT_TXT_FN008
72 72
   3.184673154137e-01   2.841198727800e-01  -3.119315799564e-03   5.540995472891e-03   8.770891955039e-10  -6.569452056063e-02  -3.336442843516e-03   6.123484327447e-03   4.753245248685e-10  -5.912363151858e-02  -2.722949046386e-03   8.167150664237e-03   5.814124344663e-10   3.021797691081e-03  -1.789579745252e-03   8.618821115064e-04  -4.573074941378e-10  -6.265935505592e-04   6.492252704559e-10   4.534914075736e-04   2.814266532402e-10  -2.534561514080e-04  -7.173814214129e-03  -3.583861522642e-03   2.318695524103e-03   2.151286607352e-04   4.472915223251e-04   2.377189121478e-03   2.737852560857e-10   6.480544891078e-04   9.621472218287e-04  -4.205092426674e-03   7.525134749399e-05  -5.794255569945e-10  -1.627738482671e-03  -7.267355704773e-03   4.479214127342e-04  -7.373267614495e-10   6.470328424089e-03   6.041397741889e-04  -3.805501497211e-05   6.459356418125e-09  -9.313021131045e-03  -1.226097169906e-03   5.023133652673e-04   6.934750997970e-09   1.080863387826e-03   8.370350968931e-10   1.304265616130e-03   7.608266558585e-10  -2.205154325286e-03   1.598458544013e-03   2.091425023432e-03   2.689793925101e-03   1.918006849455e-03  -6.359121899504e-05  -2.875379872837e-05  -1.762076943054e-10   7.325350262413e-04  -5.605188938266e-04   2.768523438299e-04   1.142793073617e-03  -2.544903422160e-04   6.076341921983e-05   1.830270198663e-04   7.325200186515e-04  -5.605612900587e-04   2.768273375843e-04   1.142786784288e-03  -2.544926015073e-04   6.077007799780e-05  -1.830264144015e-04
   2.841198727800e-01   2.626593415174e-01  -4.911779589573e-03   8.842685018175e-03   1.196489834365e-09  -1.125190763015e-01  -5.858989249312e-03   1.093503073439e-02   7.231001644376e-10  -9.869645523227e-02  -4.649868762958e-03   1.386863759112e-02   8.167708439474e-10   4.345430802526e-03  -2.935459300176e-03   1.479159106745e-03  -7.283563734818e-10  -1.035239128794e-03   1.132483232863e-09   6.739503991465e-04   4.916328365763e-10  -4.045815146707e-04  -1.194306451714e-02  -5.835755617284e-03   4.052831365038e-03   3.328481896923e-04   7.487829208745e-04   3.997359083331e-03   4.414576548418e-10   1.029806268662e-03   1.537184973674e-03  -7.018564631780e-03   1.172438792826e-04  -9.728492463222e-10  -2.572169784188e-03  -1.223519462364e-02   7.328841040113e-04  -1.640286536440e-09   1.104301966757e-02   1.066322220808e-03  -2.941427822746e-05   1.088306159846e-08  -1.505373385443e-02  -1.967577756530e-03   7.708403654826e-04   1.146130898008e-08   1.839083833542e-03   1.479633114049e-09   2.196989676514e-03   1.375563889213e-09  -3.732615721670e-03   2.724038020809e-03   3.620335133943e-03   4.524272842077e-03   3.060774423347e-03  -1.033802132017e-04  -5.230844248929e-05  -3.144806011740e-10   1.241826993452e-03  -9.277998906838e-04   3.945969511198e-04   1.878327035256e-03  -4.185236102163e-04   9.602057576803e-05   3.121277598349e-04   1.241801128007e-03  -9.278730823766e-04   3.945538292037e-04   1.878318004936e-03  -4.185274430163e-04   9.603204875305e-05  -3.121271085749e-04
  -3.119315799564e-03  -4.911779589573e-03   5.280543374092e-02  -6.000718783007e-03  -2.800037353587e-09   1.393499788408e-02   8.301641172761e-02  -9.350734355669e-03  -3.984824830841e-09   1.924329957131e-02   5.981258181103e-02  -1.449852131833e-02  -3.450665514470e-09   2.112728817891e-02   1.594852111212e-03  -7.912995509778e-05   4.181151048471e-10   3.907580410543e-03  -7.205482023987e-10   1.630610976007e-03   3.679425768633e-10  -3.781906822053e-03   1.664594735775e-02   2.361473408215e-02  -2.359661730888e-03   3.103442060184e-03   2.957250183603e-03  -5.044542946544e-03  -4.202159005445e-11   7.444956986995e-03   1.261449873511e-02  -3.044706948353e-02   2.284468042584e-03   6.517178229532e-09  -3.340486419428e-02  -5.634880444298e-02   3.598457027248e-03   1.641980165652e-08  -1.672703145039e-02  -2.576627806424e-02  -2.521826567019e-03   2.679574080430e-09  -1.477658545498e-02  -1.081049300543e-03  -1.054742551405e-04  -1.248381498313e-08   4.775142740690e-04   1.721386483226e-09   5.739084674474e-03   1.987138931411e-09  -9.558931213387e-03   2.889359244410e-03   1.820113366891e-03   3.364113287613e-03   3.294752063933e-03  -1.474318875905e-03  -8.186736889135e-04  -1.569408460862e-08   4.089361725389e-03   6.448334535942e-03   8.715629941720e-03   1.424458374618e-03  -1.309930568082e-03   5.940319155148e-04   3.777074496137e-04   4.089383618543e-03   6.448417695937e-03   8.715687673133e-03   1.424405683666e-03  -1.309928691207e-03   5.940368002158e-04  -3.776837105211e-04
   5.540995472891e-03   8.842685018175e-03  -6.000718783007e-03   6.271742645514e-02  -3.942509085165e-09  -2.640375175632e-02  -9.345373988883e-03   9.640636727625e-02  -6.328445666502e-09  -5.352825428277e-02  -1.451673126311e-02   7.326217883241e-02  -8.816836362773e-09  -1.193390277604e-02  -5.903606311291e-03   7.000068729436e-03  -4.798592964744e-09  -5.114333966664e-04   4.193123087361e-09  -3.157142366606e-03   9.798881055998e-10  -3.924674388715e-03   3.898686199815e-02   6.025128728350e-02   1.468450202266e-02   2.764942150154e-03  -7.793315797899e-03  -5.693708948910e-03   5.343375122152e-09  -1.054781605297e-03  -1.794466659557e-03   4.286238581319e-03  -1.673697755495e-03   1.364368194766e-09   4.613185992148e-03   8.797389142919e-03   2.076043805270e-05   1.908181240128e-09   3.665893661599e-03   5.479579539674e-03   1.667055317512e-04   4.481232853615e-08  -8.894878841272e-04  -1.552422707808e-03   1.068671881766e-03   4.249183710789e-08   6.737228739379e-03   1.396718158738e-08  -1.265918077105e-03  -9.664645237783e-10   1.911686861956e-03   4.356033016402e-03   1.342590994133e-02   1.094124820100e-02   9.793243429345e-04   1.019833043519e-03   8.473627625142e-04   1.933834990903e-08  -2.964222841738e-03  -7.726502026939e-03  -7.841518445502e-03  -1.472552732282e-03  -1.608015455822e-04  -3.610299191570e-04   3.426928529551e-04  -2.964364034029e-03  -7.726865174119e-03  -7.841756010704e-03  -1.472538465029e-03  -1.608125602326e-04  -3.610061185512e-04  -3.427142694296e-04
   8.770891955039e-10   1.196489834365e-09  -2.800037353587e-09  -3.942509085165e-09   8.397730769404e-02   1.189616379484e-09  -5.571465329300e-09  -9.267370838270e-09   1.302246043495e-01  -4.800431861232e-08  -9.421075469476e-09  -3.740746906948e-08   1.235181316607e-01   3.378377424477e-08   4.425768338003e-08   1.914914514693e-08   2.373071980505e-02   7.927427284592e-10   3.927464899620e-03  -2.724888521377e-09  -2.408519664466e-03  -1.093890996108e-09   8.725431155934e-10   7.390671915385e-08  -1.174374488231e-07  -4.632595836718e-08  -7.322938351500e-09  -3.600302466262e-09   9.158115675872e-03   3.497334962813e-10   3.810110769723e-10   6.834908313914e-10  -8.970258371989e-09  -1.109309988432e-03  -6.008337602314e-09   2.301207493487e-09  -1.380796323050e-08   1.651062583515e-03   5.002370306183e-08   1.340140379272e-08   5.606510872752e-08  -5.449198281265e-03   1.130787874880e-07   4.017800257561e-08   2.287005145186e-07  -4.222081107283e-03   3.545698291284e-10  -1.386646274418e-03  -3.020874942784e-08   9.911259683667e-03  -1.541555127239e-08   1.129665417822e-07   2.838991695019e-07   4.237947313195e-07   1.881346900093e-07   1.522933284925e-08   1.921840763021e-08  -3.119933498313e-04  -6.353514481482e-03  -1.692898530236e-02  -1.374445618429e-02   2.767999111274e-03  -6.642674222698e-04   4.022454222713e-04   3.988570740179e-04   6.353403298796e-03   1.692867725358e-02   1.374398523885e-02  -2.768204744758e-03   6.642480689743e-04  -4.022622956653e-04   3.988161441711e-04
  -6.569452056063e-02  -1.125190763015e-01   1.393499788408e-02  -2.640375175632e-02   1.189616379484e-09   3.301627446774e-01   1.887647297850e-02  -3.704429631379e-02   4.012705613918e-09   2.833736182324e-01   1.472905026122e-02  -4.312390714063e-02   4.121869641627e-09  -9.459869292204e-03   8.401797178361e-03  -4.563024374871e-03   3.602512948331e-09   2.989260298473e-03  -3.359921355149e-09  -1.525238737900e-03  -1.535932938884e-09   1.191424739713e-03   3.263294892261e-02   1.418226321915e-02  -1.269273658395e-02  -9.177483775972e-04  -1.809792926675e-03  -1.131333434698e-02  -9.741075093805e-10  -2.416890455032e-03  -3.526330146956e-03   1.967348790546e-02  -3.893579811213e-04   1.125741238494e-09   5.116771974614e-03   3.445755696710e-02  -2.271683985372e-03   3.493338383602e-09  -3.333018770250e-02  -3.567307964831e-03  -2.411216350390e-04  -3.518223932869e-08   4.107539755345e-02   5.400530382863e-03  -2.034889880024e-03  -3.437461145539e-08  -5.580423674493e-03  -4.228779600482e-09  -6.238339903097e-03  -3.582704672475e-09   1.062571605206e-02  -8.214152914140e-03  -1.139286596373e-02  -1.329592432213e-02  -8.254836047288e-03   2.240107026050e-04   7.156910770359e-05  -6.875774225101e-10  -3.793197800263e-03   2.462920708951e-03  -5.605319555962e-04  -5.186052254044e-03   1.150216288619e-03  -2.097806410685e-04  -8.536732618480e-04  -3.793116874593e-03   2.463150308909e-03  -5.603949367037e-04  -5.186032767565e-03   1.150227751472e-03  -2.098132397894e-04   8.536743464243e-04
  -3.336442843516e-03  -5.858989249312e-03   8.301641172761e-02  -9.345373988883e-03  -5.571465329300e-09   1.887647297850e-02   1.305626830623e-01  -1.460252838685e-02  -8.099857648783e-09   2.784837778124e-02   9.397044143825e-02  -2.258713137482e-02  -7.162675166155e-09   3.358330259062e-02   2.369879564073e-03  -9.661710766413e-05   2.984552122686e-10   6.125161371293e-03  -1.176633046019e-09   2.599619687409e-03   6.084761040673e-10  -5.973306223970e-03   2.579583373856e-02   3.687202288473e-02  -3.670948413536e-03   4.929487966347e-03   4.689395875228e-03  -7.818136685512e-03  -1.948241833578e-10   1.194829882747e-02   2.041520497505e-02  -4.781243733824e-02   3.654697192999e-03   1.059101967830e-08  -5.444754945641e-02  -8.860837699627e-02   5.766988159529e-03   2.632660294074e-08  -2.724033894925e-02  -4.029586965257e-02  -3.931711858529e-03   4.533994512327e-09  -2.395136323011e-02  -1.773622161439e-03  -1.513615980252e-04  -1.952939012726e-08   7.735164776261e-04   2.306554314390e-09   9.080627581118e-03   2.899548793199e-09  -1.510025553200e-02   4.129853352530e-03   2.235315287541e-03   5.356344613980e-03   5.290399080193e-03  -2.347027263728e-03  -1.388169971515e-03  -2.630559329134e-08   6.074561532878e-03   9.568764159317e-03   1.377186475571e-02   2.317497072556e-03  -2.086851168503e-03   9.853846688372e-04   6.785413912907e-04   6.074596225124e-03   9.568894511192e-03   1.377195525601e-02   2.317413548463e-03  -2.086848338268e-03   9.853948946671e-04  -6.785024589409e-04
   6.123484327447e-03   1.093503073439e-02  -9.350734355669e-03   9.640636727625e-02  -9.267370838270e-09  -3.704429631379e-02  -1.460252838685e-02   1.482495128251e-01  -1.461619523996e-08  -7.934268474664e-02  -2.250191595268e-02   1.124769912265e-01  -1.879399161026e-08  -1.856833583497e-02  -9.033017082492e-03   1.064177842327e-02  -9.079365074506e-09  -7.979449420929e-04   6.229715637337e-09  -4.890610387458e-03   1.441108645244e-09  -6.021425931740e-03   6.036056619385e-02   9.283125222716e-02   2.248547119162e-02   4.257859105414e-03  -1.205189302348e-02  -8.874531983716e-03   7.778301914329e-09  -1.684138025661e-03  -2.861396813379e-03   7.022719397967e-03  -2.035431200657e-03   5.408556216227e-09   7.318185105815e-03   1.429389419819e-02   8.766051061018e-04   8.079612824950e-09   5.355900380229e-03   8.595309997526e-03   8.479887295947e-04   7.260020966503e-08  -8.971781299864e-04  -2.339631235868e-03   1.623748075573e-03   6.545789372510e-08   1.026185610928e-02   1.825320514549e-08  -1.982174317782e-03  -2.415615126827e-09   3.150349332673e-03   6.134114270633e-03   1.981340335263e-02   1.644250263312e-02   1.346729412597e-03   1.559957250548e-03   1.264979040400e-03   2.884275378971e-08  -4.405809491822e-03  -1.155995346606e-02  -1.198755476555e-02  -2.302194999919e-03  -2.166991337463e-04  -5.475236990791e-04   4.850475151128e-04  -4.406018979389e-03  -1.156049953446e-02  -1.198791549319e-02  -2.302171569865e-03  -2.167156007518e-04  -5.474889040355e-04  -4.850796702371e-04
   4.753245248685e-10   7.231001644376e-10  -3.984824830841e-09  -6.328445666502e-09   1.302246043495e-01   4.012705613918e-09  -8.099857648783e-09  -1.461619523996e-08   2.019500327927e-01  -7.208186069091e-08  -1.420627385580e-08  -5.825017382781e-08   1.914592265229e-01   5.407364583812e-08   6.885245123096e-08   2.999626073405e-08   3.669456267717e-02   1.213057381754e-09   6.094670088686e-03  -4.172050772630e-09  -3.759132875034e-03  -1.672348848481e-09   1.489239384527e-09   1.141295983136e-07  -1.837943482860e-07  -7.189116523198e-08  -1.116902453886e-08  -5.639309467467e-09   1.419995534502e-02   3.539683222163e-10   2.772428008621e-10   1.045428304264e-09  -1.296236638507e-08  -1.129056676553e-03  -8.495382115643e-09   3.428099876036e-09  -1.987361167426e-08   3.494643846288e-03   7.813941326227e-08   2.020058761038e-08   8.861015424970e-08  -7.884755006977e-03   1.758406245171e-07   6.233635997527e-08   3.553109571939e-07  -6.556284710682e-03   2.359792878294e-10  -2.059630419749e-03  -4.329076291298e-08   1.531254690184e-02  -2.195236733293e-08   1.669358986625e-07   4.271433234244e-07   6.525368336211e-07   2.911425919292e-07   2.323619057131e-08   2.846337326159e-08  -4.490258623574e-04  -9.419716718301e-03  -2.554609103059e-02  -2.102453148333e-02   4.348413455127e-03  -1.010162068341e-03   5.895979756420e-04   5.890038310953e-04   9.419552905885e-03   2.554562653973e-02   2.102380534917e-02  -4.348731867107e-03   1.010132318649e-03  -5.896227285344e-04   5.889426628396e-04
  -5.912363151858e-02  -9.869645523227e-02   1.924329957131e-02  -5.352825428277e-02  -4.800431861232e-08   2.833736182324e-01   2.784837778124e-02  -7.934268474664e-02  -7.208186069091e-08   2.603508668424e-01   2.430693460478e-02  -7.340884341585e-02  -7.114477937841e-08   1.615351579875e-03   9.409832942250e-03  -7.774028605493e-03  -1.486349690335e-08   2.918267161447e-03  -7.553886156429e-09   5.601948457406e-04  -1.449506857643e-09   2.471091492327e-03   8.364569934471e-03  -1.716066126284e-02  -1.826124236301e-02  -1.491471040984e-03   2.677809158757e-03  -6.775045002637e-03  -9.560839007092e-09   1.782288920980e-03   3.297503033115e-03   1.311256561501e-02   4.161018883773e-03   2.918436535663e-08  -1.153183353885e-02   2.137592776218e-02   3.906609635565e-03   4.656540754214e-08  -3.743367137482e-02  -6.273145825173e-03   2.953966180913e-03  -1.955100071554e-08   3.045772655186e-02   4.865575229203e-03  -2.220445677184e-03  -4.824056516285e-08  -8.291420450224e-03  -2.911172159227e-08  -3.628674050334e-03  -1.245361035080e-08   7.320842311043e-03  -1.402796904254e-02  -2.403617077532e-02  -1.766812533595e-02  -7.050797959808e-03  -7.097350239853e-04  -1.250097193600e-03  -2.585178989587e-08  -2.265298573049e-03   5.174852149197e-03   5.271984864411e-03  -3.038498473241e-03   8.821319793412e-04   4.145153980028e-04  -5.740636887253e-04  -2.265129669885e-03   5.175269643160e-03   5.272230748453e-03  -3.038490960514e-03   8.821480566640e-04   4.144830436821e-04   5.740905546637e-04
  -2.722949046386e-03  -4.649868762958e-03   5.981258181103e-02  -1.451673126311e-02  -9.421075469476e-09   1.472905026122e-02   9.397044143825e-02  -2.250191595268e-02  -1.420627385580e-08   2.430693460478e-02   6.921796815799e-02  -2.527471230057e-02  -1.271710146784e-08   2.445260723745e-02   2.783060952401e-03  -1.063203044466e-03  -9.606104405879e-10   4.378002203532e-03  -1.673920009703e-09   2.212470858277e-03   6.033741708458e-10  -3.669696381438e-03   1.318702187292e-02   1.849867016524e-02  -4.212233419072e-03   2.959817435235e-03   4.357970656791e-03  -4.777203634880e-03  -1.578606966980e-09   6.416765986875e-03   1.099381293243e-02  -3.645647731228e-02   3.221348811866e-03   4.776848945435e-09  -2.947070764690e-02  -6.689958431872e-02   4.754378400839e-03   1.414361803639e-08  -1.292907270163e-02  -3.069103208680e-02  -2.318904982425e-03  -2.063365212276e-09  -1.563748758632e-02  -9.836136159598e-04  -2.193421042507e-04  -1.772628937990e-08  -2.634982526915e-04  -2.358110390906e-09   6.847120783800e-03   2.079532123437e-09  -1.132569279109e-02   4.559744054637e-03   2.957176561631e-03   2.408684790224e-03   3.484474880927e-03  -1.712223009536e-03  -6.176683158826e-04  -1.407694118299e-08   7.262038154080e-03   1.142963204597e-02   1.085483561125e-02   1.791282860818e-03  -1.381665913238e-03   5.045076325589e-04  -1.889893683672e-05   7.262091530118e-03   1.142978801531e-02   1.085493481621e-02   1.791225949652e-03  -1.381661658106e-03   5.044970979716e-04   1.892256611260e-05
   8.167150664237e-03   1.386863759112e-02  -1.449852131833e-02   7.326217883241e-02  -3.740746906948e-08  -4.312390714063e-02  -2.258713137482e-02   1.124769912265e-01  -5.825017382781e-08  -7.340884341585e-02  -2.527471230057e-02   8.722568833299e-02  -5.975742861637e-08  -1.628264620671e-02  -7.175444515721e-03   8.651887636446e-03  -1.585357629213e-08  -1.091338581827e-03   3.890430540278e-09  -3.777708719014e-03   1.649034721572e-09  -3.993899685046e-03   4.125103190900e-02   6.550936515700e-02   1.757918830955e-02   2.677357069315e-03  -9.217805150440e-03  -5.456734122880e-03   2.928022156595e-09  -1.873568102917e-03  -3.232592096170e-03   8.347510116268e-03  -5.042497344836e-03   1.239694045223e-08   8.660614477151e-03   1.648637974008e-02  -4.883634826538e-03   1.678385777194e-08   6.865674444145e-03   9.711866200262e-03  -2.407538450493e-03   6.176424824865e-08  -2.103582261179e-04  -1.749415127595e-03   1.303445654787e-03   5.185137257459e-08   8.098284166256e-03   3.716171584823e-08  -2.374414858305e-03  -5.402777875916e-09   2.972230359534e-03   6.986605011394e-03   1.884660136312e-02   1.375959896987e-02   1.227822830329e-03   1.456326924905e-03   1.254007802595e-03   3.042562619200e-08  -5.210838748973e-03  -1.193042073369e-02  -1.086578458701e-02  -1.859672351049e-03  -1.115417789195e-04  -5.310808025021e-04   5.758929683988e-04  -5.211091054585e-03  -1.193099913552e-02  -1.086613283035e-02  -1.859656655433e-03  -1.115596720817e-04  -5.310404832337e-04  -5.759279628677e-04
   5.814124344663e-10   8.167708439474e-10  -3.450665514470e-09  -8.816836362773e-09   1.235181316607e-01   4.121869641627e-09  -7.162675166155e-09  -1.879399161026e-08   1.914592265229e-01  -7.114477937841e-08  -1.271710146784e-08  -5.975742861637e-08   1.824042538880e-01   3.568150628538e-08   6.403796639559e-08   2.481672785840e-08   3.583762698410e-02   1.701788194169e-09   5.738443455474e-03  -4.344914671758e-09  -3.327251049792e-03  -1.745415413725e-09   9.810492208516e-10   1.120772399090e-07  -1.593378806739e-07  -6.771428976005e-08  -1.201035854083e-08  -5.452679673841e-09   1.348483695036e-02   2.108946713077e-09   3.325073196349e-09   3.335590378694e-10  -2.118341853718e-08  -6.888785874887e-03  -1.654247420823e-08   3.081804535652e-09  -3.352342024048e-08  -5.880358299204e-03   6.635457421484e-08   2.293574213853e-08   6.775215834001e-08  -1.304283753687e-02   1.638955252368e-07   5.916497180347e-08   3.303156755513e-07  -6.129540744248e-03   2.657827546595e-09  -2.845765956110e-03  -7.600765688806e-08   1.508453499165e-02  -4.000877716281e-08   2.389910458502e-07   5.329500215388e-07   6.634022148000e-07   2.816354364943e-07   2.567164402039e-08   4.013712466525e-08  -7.682433998875e-04  -1.319350550286e-02  -3.117739664373e-02  -2.278751424360e-02   3.572916989697e-03  -1.154232047416e-03   8.955024735544e-04   8.490758444999e-04   1.319326655549e-02   3.117682901761e-02   2.278678621176e-02  -3.573223917928e-03   1.154201304486e-03  -8.955398359125e-04   8.489954065834e-04
   3.021797691081e-03   4.345430802526e-03   2.112728817891e-02  -1.193390277604e-02   3.378377424477e-08  -9.459869292204e-03   3.358330259062e-02  -1.856833583497e-02   5.407364583812e-08   1.615351579875e-03   2.445260723745e-02  -1.628264620671e-02   3.568150628538e-08   1.324822364920e-02   3.345591434512e-04  -1.387035363172e-03  -8.890615936636e-09   1.362943286271e-03   1.128598961557e-09   1.406432652513e-03  -5.350311705670e-09  -1.059254800010e-03  -2.462372158894e-03  -2.843285443824e-03  -3.276043133547e-03   1.298637557172e-03   2.624584020942e-03  -2.597377885278e-04   2.198712218578e-09   7.905713307263e-03   1.290209853159e-02  -1.057292036822e-02   4.027747346627e-03   1.084870982585e-07  -3.253410887416e-02  -2.106621903683e-02   6.002412512604e-03   1.756107906001e-07  -1.754957471354e-02  -8.184641183561e-03   1.738817637866e-03   9.435527665568e-08  -1.142949708140e-02  -7.708636756627e-04  -1.360739074520e-04  -1.463065967417e-08  -1.064314800363e-03  -6.067969847713e-09   2.974800818973e-03  -6.770882810864e-09  -4.058307487493e-03  -5.993930473498e-03  -1.116804381985e-02  -1.269969308525e-03   1.678376380636e-03  -1.082883353790e-03  -1.643095424768e-03  -2.451508437991e-08  -8.088049342405e-04  -6.163654339667e-04   5.752409440830e-03   1.494881110987e-03  -6.516544089230e-04   8.481183847739e-04   7.837981245182e-04  -8.088619920519e-04  -6.164179407411e-04   5.752418397667e-03   1.494836010622e-03  -6.516563414589e-04   8.481447876320e-04  -7.837741364349e-04
  -1.789579745252e-03  -2.935459300176e-03   1.594852111212e-03  -5.903606311291e-03   4.425768338003e-08   8.401797178361e-03   2.369879564073e-03  -9.033017082492e-03   6.885245123096e-08   9.409832942250e-03   2.783060952401e-03  -7.175444515721e-03   6.403796639559e-08   3.345591434512e-04   1.003208319305e-03  -4.881388931350e-04   1.141056892370e-08   2.063584762612e-04   1.891318829903e-09   2.249722184317e-04  -1.744939781554e-09   3.677563353496e-04  -2.385666862526e-03  -4.211946494925e-03  -1.321663512251e-03  -4.022586901484e-04   6.924010541792e-04   1.793188663395e-04   4.459049424704e-09  -1.555942404866e-03  -2.462235950693e-03  -1.784294804188e-03  -1.144112413088e-03   9.347439245999e-09   5.974379818304e-03  -2.858511524908e-03  -2.072221100949e-03   1.652814843785e-08   3.405952574831e-03  -2.001324344382e-03  -1.364598651877e-03   2.193370404311e-09   1.842551358137e-03   3.293887923885e-04  -1.190904894711e-04  -6.560360736130e-09  -4.924432743626e-04   8.956051984293e-09   1.326307957485e-05   5.003845031584e-09  -3.998286577476e-04   2.313816098447e-03   2.842161172978e-03  -4.518724186387e-04  -1.756848177455e-04   1.848029315331e-05   3.732511621371e-04   6.976882455798e-09   1.327158115334e-03   2.274005755484e-03   3.947142838327e-04  -9.639872099433e-05   4.295870764460e-05  -1.709117037645e-04  -2.639724606889e-04   1.327133705294e-03   2.273987089564e-03   3.947215849337e-04  -9.640656613733e-05   4.295857982706e-05  -1.709181037046e-04   2.639655594421e-04
   8.618821115064e-04   1.479159106745e-03  -7.912995509778e-05   7.000068729436e-03   1.914914514693e-08  -4.563024374871e-03  -9.661710766413e-05   1.064177842327e-02   2.999626073405e-08  -7.774028605493e-03  -1.063203044466e-03   8.651887636446e-03   2.481672785840e-08  -1.387035363172e-03  -4.881388931350e-04   1.987702842948e-03   2.655365807495e-09   2.712664508300e-04   2.485442494211e-09  -3.373769377001e-04  -1.540980048702e-09  -4.537959778070e-04   4.646648203417e-03   7.967606207472e-03   1.870661807475e-03   1.181893986628e-04  -7.749780097619e-04  -6.954502473752e-04   3.724186223299e-09   2.772244374196e-04   4.567694004362e-04  -2.814357363514e-04  -6.931215632321e-03   2.915691874140e-08  -1.099518973932e-03  -3.586564956172e-04  -1.068293805884e-02   4.622467234421e-08  -5.327743013662e-04  -2.533801703227e-04  -7.051287619295e-03   2.446826765235e-08   9.392716179669e-05  -6.620051505498e-05   1.332878281645e-04   1.056325000564e-09   1.477255655835e-03   5.132479989362e-08  -8.763415064147e-04   1.561531623746e-09  -3.645208540373e-04   5.952419162634e-03   1.009542078180e-02   4.410766450459e-03   8.480447907125e-04   3.438026625997e-04   5.694076015880e-04   1.748762842585e-08  -3.322611551278e-03  -5.537955991712e-03  -2.558998351589e-03  -5.107902451480e-04  -1.924560417818e-04  -1.697877567198e-04   4.915328188757e-04  -3.322819936772e-03  -5.538308176768e-03  -2.559149156078e-03  -5.108130330464e-04  -1.924670320873e-04  -1.697567309958e-04  -4.915525345503e-04
  -4.573074941378e-10  -7.283563734818e-10   4.181151048471e-10  -4.798592964744e-09   2.373071980505e-02   3.602512948331e-09   2.984552122686e-10  -9.079365074506e-09   3.669456267717e-02  -1.486349690335e-08  -9.606104405879e-10  -1.585357629213e-08   3.583762698410e-02  -8.890615936636e-09   1.141056892370e-08   2.655365807495e-09   7.903258881911e-03   1.314966100388e-09   1.060740279726e-03  -1.229929651519e-09  -4.043668609018e-04  -4.762680409055e-10   5.485564380558e-10   2.702350729314e-08  -1.568997929685e-08  -1.282359859069e-08  -3.620089816474e-09  -1.368875465008e-09   2.606689723790e-03   2.518113474951e-09   4.190539897670e-09  -1.297545953177e-09  -2.143221981284e-08  -7.058033211680e-03  -1.266454519567e-08  -7.818465711965e-10  -3.455302036066e-08  -1.019307024550e-02   3.994556623076e-09   6.969572395168e-09  -1.203388748280e-08  -7.990271866019e-03   2.963310168765e-08   1.162987110803e-08   5.685124580895e-08  -1.089804287631e-03   3.759398399958e-09  -1.426162735601e-03  -5.008290675539e-08   3.450634910468e-03  -2.717247926039e-08   1.324315745384e-07   2.394128969149e-07   1.751617700287e-07   6.031737545577e-08   8.821653329804e-09   2.130950193070e-08  -4.850356648664e-04  -6.732675092312e-03  -1.283731173816e-02  -7.182983352234e-03   1.427847905395e-04  -4.150388047768e-04   5.034982429693e-04   4.493732074485e-04   6.732539407883e-03   1.283706606350e-02   7.182800369954e-03  -1.428496562419e-04   4.150300186080e-04  -5.035194844440e-04   4.493345924834e-04
  -6.265935505592e-04  -1.035239128794e-03   3.907580410543e-03  -5.114333966664e-04   7.927427284592e-10   2.989260298473e-03   6.125161371293e-03  -7.979449420929e-04   1.213057381754e-09   2.918267161447e-03   4.378002203532e-03  -1.091338581827e-03   1.701788194169e-09   1.362943286271e-03   2.063584762612e-04   2.712664508300e-04   1.314966100388e-09   3.743197807771e-04   1.867039798284e-10   1.003986568564e-04   7.965103448342e-11  -2.640168790187e-04   1.536523499459e-03   2.152557586391e-03  -1.771100414487e-04   1.658299806720e-04   2.026505871360e-04  -4.589581166130e-04   3.765793820438e-10   5.619742445066e-04   9.816786467991e-04  -2.149402498149e-03  -1.520944401236e-03  -1.134256236637e-09  -2.672015781583e-03  -3.974429156210e-03  -2.419095020098e-03  -1.470345775373e-09  -1.636252345760e-03  -2.021925470524e-03  -1.931339040010e-03  -3.381518597719e-09  -6.723132644976e-04  -1.065951061095e-05  -1.728933672004e-05  -1.638400642818e-09   1.825093961807e-04   1.116981572094e-08   1.674472863226e-04   9.189742638128e-10  -7.247700144220e-04   1.503755399625e-03   2.197918800258e-03   9.438010581474e-04   3.520403692719e-04  -4.192927721597e-05   6.306568496958e-05   2.237385296789e-09  -4.911254223051e-04  -7.059938104761e-04   1.702457457580e-04  -2.823962612261e-05  -1.259241508368e-04   6.882831335001e-06   1.327920898613e-04  -4.911589709530e-04  -7.060446996423e-04   1.702269275644e-04  -2.824723330260e-05  -1.259258403484e-04   6.889017686342e-06  -1.327939241930e-04
   6.492252704559e-10   1.132483232863e-09  -7.205482023987e-10   4.193123087361e-09   3.927464899620e-03  -3.359921355149e-09  -1.176633046019e-09   6.229715637337e-09   6.094670088686e-03  -7.553886156429e-09  -1.673920009703e-09   3.890430540278e-09   5.738443455474e-03   1.128598961557e-09   1.891318829903e-09   2.485442494211e-09   1.060740279726e-03   1.867039798284e-10   1.856940202931e-04  -3.305257397534e-10  -1.239708658800e-04  -2.618465727331e-10   2.660555811684e-09   7.968074255064e-09  -4.990521045862e-09  -2.215791592032e-09  -7.497003574569e-10  -5.217744677163e-10   4.275395881254e-04  -1.645914869984e-10  -2.817352035108e-10  -7.874208294861e-11  -5.475976957576e-09   2.247146225824e-04   5.597124876937e-10   4.130817344411e-11  -8.450511624081e-09   5.143698681740e-04   3.111943894248e-09   3.000478493756e-10  -2.151688649224e-09   9.682944760630e-06   5.837142806486e-09   1.881552999398e-09   1.110001212837e-08  -2.016950215257e-04   9.247834995081e-10  -2.243344862746e-05  -4.695077123452e-10   4.368805412510e-04  -6.005277176139e-11   6.286827628730e-09   1.524430114593e-08   2.093373066986e-08   9.135529351899e-09   8.177657126996e-10   7.682546259694e-10   1.684362890149e-06  -9.466692793295e-05  -4.614696298202e-04  -5.075124831166e-04   1.556760970797e-04  -2.174400773380e-05   2.825158320400e-06   4.847619111747e-06   9.466095798217e-05   4.614533646211e-04   5.074883966756e-04  -1.556862736486e-04   2.174297200378e-05  -2.825606214250e-06   4.846105177941e-06
   4.534914075736e-04   6.739503991465e-04   1.630610976007e-03  -3.157142366606e-03  -2.724888521377e-09  -1.525238737900e-03   2.599619687409e-03  -4.890610387458e-03  -4.172050772630e-09   5.601948457406e-04   2.212470858277e-03  -3.777708719014e-03  -4.344914671758e-09   1.406432652513e-03   2.249722184317e-04  -3.373769377001e-04  -1.229929651519e-09   1.003986568564e-04  -3.305257397534e-10   2.295068580397e-04  -9.330434107005e-11   7.796954247494e-05  -1.896301721741e-03  -2.645730881732e-03  -7.252285108592e-04  -2.370709581995e-05   5.022214231175e-04   2.710496402648e-04  -6.034031333220e-10   4.412184630534e-04   7.841433990822e-04  -1.088874950724e-03   2.830228217264e-04   3.710231106393e-09  -2.124134463907e-03  -2.113216507572e-03   3.258632431351e-04   5.932178408426e-09  -9.350346918935e-04  -8.227304078708e-04   5.032874710685e-05   1.657724708395e-09  -9.337839448099e-04  -1.760393066389e-05  -3.938344660541e-05  -2.165133737738e-09  -2.992956793265e-04  -9.822322477042e-10   2.901444000460e-04  -6.210815673395e-10  -4.345059739660e-04  -3.984969767297e-04  -1.028403557849e-03  -4.103024649287e-04   1.261436727810e-04  -1.106994510053e-04  -1.246869045278e-04  -2.239186560524e-09   1.405730605819e-04   3.273179434036e-04   6.940257607034e-04   1.846844944655e-04  -4.417388596501e-05   6.380779625529e-05   3.403870202377e-05   1.405775280374e-04   3.273319515827e-04   6.940359895354e-04   1.846816839869e-04  -4.417354044354e-05   6.380823756920e-05  -3.403629527664e-05
   2.814266532402e-10   4.916328365763e-10   3.679425768633e-10   9.798881055998e-10  -2.408519664466e-03  -1.535932938884e-09   6.084761040673e-10   1.441108645244e-09  -3.759132875034e-03  -1.449506857643e-09   6.033741708458e-10   1.649034721572e-09  -3.327251049792e-03  -5.350311705670e-09  -1.744939781554e-09  -1.540980048702e-09  -4.043668609018e-04   7.965103448342e-11  -1.239708658800e-04  -9.330434107005e-11   1.328128630339e-04  -1.343660465876e-10   8.180138291329e-10   3.859115070287e-10   7.766280301026e-09   1.558754311172e-09  -3.428335454208e-10  -6.152490811668e-11  -2.583355477352e-04   1.368549479616e-10   2.441908897361e-10  -5.854081935803e-10  -9.968688269654e-10  -1.524287797578e-03  -6.061895393800e-10  -7.035096495945e-10  -1.675814889724e-09  -2.506742753315e-03  -2.308622841102e-09   4.803176206476e-10  -4.776105657335e-09  -1.331951351925e-03  -4.143360316253e-09  -1.212905750916e-09  -8.317094887958e-09   1.449233631249e-04   7.217290893025e-10  -1.988676888320e-04  -8.289145471308e-09  -1.343247217962e-04  -4.719667275500e-09   1.793378081767e-08   2.549975449833e-08  -4.267671712103e-10  -3.989237645191e-09   5.218221131457e-10   2.970350839492e-09  -8.261786384336e-05  -9.569012729999e-04  -1.372551433302e-03  -3.669464994679e-04  -2.269122762014e-04  -3.339715861911e-05   7.840483962893e-05   6.623494092201e-05   9.568837697596e-04   1.372528566796e-03   3.669498254864e-04   2.269169416628e-04   3.339707902123e-05  -7.840810449017e-05   6.623036832195e-05
  -2.534561514080e-04  -4.045815146707e-04  -3.781906822053e-03  -3.924674388715e-03  -1.093890996108e-09   1.191424739713e-03  -5.973306223970e-03  -6.021425931740e-03  -1.672348848481e-09   2.471091492327e-03  -3.669696381438e-03  -3.993899685046e-03  -1.745415413725e-09  -1.059254800010e-03   3.677563353496e-04  -4.537959778070e-04  -4.762680409055e-10  -2.640168790187e-04  -2.618465727331e-10   7.796954247494e-05  -1.343660465876e-10   5.933424385997e-04  -3.982724774565e-03  -6.006162314326e-03  -8.096828874660e-04  -4.852659883942e-04   3.069607082234e-04   7.790874439519e-04  -5.203642558513e-10  -7.863369418219e-04  -1.408013497447e-03   1.870741959798e-03  -3.110508041369e-04   1.497276813447e-09   3.911871374503e-03   3.523740887992e-03  -6.800033549180e-04   1.798801496128e-09   2.082539674950e-03   1.434839180862e-03  -5.070250509670e-05  -1.231368851954e-09   1.582404168965e-03   2.275616131321e-04  -6.662547846710e-05  -1.891258243337e-09  -4.813202477373e-04   1.000242205788e-09  -3.890014306864e-04  -3.384897434317e-10   5.858022055397e-04   4.431724929461e-05  -2.192826328524e-04  -9.230362207105e-04  -3.474589161878e-04   7.339743575390e-05   1.064728607384e-04   1.847005077344e-09   1.442539944002e-04   3.987938312298e-04  -2.274355808885e-04  -4.972776086283e-05   1.253817748984e-04  -6.861649863580e-05  -1.100691678568e-04   1.442532206999e-04   3.987980299128e-04  -2.274299662573e-04  -4.972498472910e-05   1.253820053431e-04  -6.861958011727e-05   1.100667176208e-04
  -7.173814214129e-03  -1.194306451714e-02   1.664594735775e-02   3.898686199815e-02   8.725431155934e-10   3.263294892261e-02   2.579583373856e-02   6.036056619385e-02   1.489239384527e-09   8.364569934471e-03   1.318702187292e-02   4.125103190900e-02   9.810492208516e-10  -2.462372158894e-03  -2.385666862526e-03   4.646648203417e-03   5.485564380558e-10   1.536523499459e-03   2.660555811684e-09  -1.896301721741e-03   8.180138291329e-10  -3.982724774565e-03   3.855291787559e-02   5.388124437095e-02   7.939493772673e-03   2.886377185629e-03  -4.756166993151e-03  -7.497924253157e-03   4.463482788071e-09   1.468568258677e-03   2.580045940638e-03  -5.301587209307e-03  -2.223159530045e-03  -4.027773277486e-09  -7.556742411264e-03  -9.397297407657e-03  -1.852806862011e-03  -4.107774321965e-09  -7.829036991518e-03  -6.087758026302e-03  -2.675744293206e-03   1.884840424000e-08   1.222747570889e-04  -6.892432899229e-04   4.419873041787e-04   2.043040856425e-08   4.392861715062e-03   2.090755144769e-08   6.429089745206e-05   1.363401090806e-09  -6.961050807921e-04   4.603411050086e-03   1.116870382923e-02   7.985098191730e-03   8.807410255761e-04   3.055636170497e-04   4.884558793189e-04   1.191807551571e-08  -1.821996904570e-03  -3.869929686178e-03  -3.039211297264e-03  -1.384436330018e-03  -4.576757863832e-04  -1.297986174450e-04   3.455702245778e-04  -1.822107537362e-03  -3.870173792454e-03  -3.039359611285e-03  -1.384445431649e-03  -4.576829130500e-04  -1.297797148180e-04  -3.455806085940e-04
  -3.583861522642e-03  -5.835755617284e-03   2.361473408215e-02   6.025128728350e-02   7.390671915385e-08   1.418226321915e-02   3.687202288473e-02   9.283125222716e-02   1.141295983136e-07  -1.716066126284e-02   1.849867016524e-02   6.550936515700e-02   1.120772399090e-07  -2.843285443824e-03  -4.211946494925e-03   7.967606207472e-03   2.702350729314e-08   2.152557586391e-03   7.968074255064e-09  -2.645730881732e-03   3.859115070287e-10  -6.006162314326e-03   5.388124437095e-02   7.892210237257e-02   1.316124000408e-02   4.226642297179e-03  -6.787257126778e-03  -9.985685780048e-03   1.526794571438e-08   2.284286535701e-03   3.952333465304e-03  -1.055003533306e-02  -6.885895527567e-03  -3.257904864911e-08  -1.108807428106e-02  -1.856320856546e-02  -8.276620000288e-03  -4.571109774556e-08  -7.723950263119e-03  -9.361224517006e-03  -7.741532492637e-03  -1.394096460930e-09  -3.624425320660e-03  -1.486453611434e-03   8.670812024074e-04   2.928185107445e-08   7.453110141911e-03   5.096054289655e-08   3.556261694764e-04   1.467141347697e-08  -2.470805992480e-03   1.096549870204e-02   2.284195546699e-02   1.487981289467e-02   2.510250106706e-03   5.669256151487e-04   1.048416206457e-03   2.452040528520e-08  -3.555713811922e-03  -7.959799874896e-03  -5.338355911260e-03  -1.724886817765e-03  -8.759257187621e-04  -2.787502145021e-04   7.743226164772e-04  -3.555919626867e-03  -7.960228126113e-03  -5.338595297807e-03  -1.724911344448e-03  -8.759388474161e-04  -2.787110992282e-04  -7.743438927098e-04
   2.318695524103e-03   4.052831365038e-03  -2.359661730888e-03   1.468450202266e-02  -1.174374488231e-07  -1.269273658395e-02  -3.670948413536e-03   2.248547119162e-02  -1.837943482860e-07  -1.826124236301e-02  -4.212233419072e-03   1.757918830955e-02  -1.593378806739e-07  -3.276043133547e-03  -1.321663512251e-03   1.870661807475e-03  -1.568997929685e-08  -1.771100414487e-04  -4.990521045862e-09  -7.252285108592e-04   7.766280301026e-09  -8.096828874660e-04   7.939493772673e-03   1.316124000408e-02   3.703938759077e-03   4.671343381930e-04  -1.742481767777e-03  -1.000000230056e-03  -1.102686940423e-08  -1.127921693047e-03  -1.897771168229e-03   2.713914416561e-04  -1.707316415603e-03  -9.970385656654e-08   4.982163252371e-03   1.038890376935e-03  -2.073641356756e-03  -1.626362603125e-07   4.120465675119e-03   1.034617936268e-03  -1.248215072737e-03  -7.939668117979e-08  -7.435781698266e-05  -3.641538948505e-04   2.876530960386e-04   1.773666702032e-08   1.771500028856e-03  -1.343844261287e-09  -3.533722045494e-04  -3.578760610539e-09   1.655990849583e-04   3.083404924851e-03   6.216688166587e-03   3.304358345290e-03   3.975298789463e-04   3.344206320914e-04   4.903813257773e-04   4.840220760448e-09  -3.317850144197e-04  -1.493536839064e-03  -2.245201717228e-03  -3.635403014161e-04  -3.819182407339e-05  -2.095362777446e-04   5.534965215019e-06  -3.317176040069e-04  -1.493477332244e-03  -2.245217833755e-03  -3.635120492092e-04  -3.819098444560e-05  -2.095412599958e-04  -5.537042912443e-06
   2.151286607352e-04   3.328481896923e-04   3.103442060184e-03   2.764942150154e-03  -4.632595836718e-08  -9.177483775972e-04   4.929487966347e-03   4.257859105414e-03  -7.189116523198e-08  -1.491471040984e-03   2.959817435235e-03   2.677357069315e-03  -6.771428976005e-08   1.298637557172e-03  -4.022586901484e-04   1.181893986628e-04  -1.282359859069e-08   1.658299806720e-04  -2.215791592032e-09  -2.370709581995e-05   1.558754311172e-09  -4.852659883942e-04   2.886377185629e-03   4.226642297179e-03   4.671343381930e-04   4.745650496729e-04  -2.050108028958e-04  -5.731051212597e-04  -4.939116557752e-09   1.392771933470e-03   2.235351785375e-03  -1.049049884355e-03   1.509590495928e-03  -3.571651601719e-09  -5.578048893981e-03  -2.206747667842e-03   2.527366399640e-03  -6.955547171058e-09  -3.284718653538e-03  -7.459602320732e-04   1.311834916968e-03   1.771927085160e-09  -1.826302644054e-03  -2.360167149564e-04   4.323214079178e-05   3.844414662718e-09   2.045655957693e-04  -9.161139126492e-09   4.482713074897e-04  -5.511034183082e-09  -3.458985000105e-04  -1.693311577748e-03  -2.398350479557e-03   8.794429395443e-05   2.035913120242e-04  -1.405871037574e-04  -3.150087518908e-04  -6.305061966909e-09  -1.473127319546e-04  -2.787731479635e-04   5.884670971075e-04   1.523611079928e-04  -9.475840282965e-05   1.500288882046e-04   1.203140897869e-04  -1.472856266586e-04  -2.787399755215e-04   5.884707756012e-04   1.523648173784e-04  -9.475767014854e-05   1.500302310879e-04  -1.203072884194e-04
