ARMA_MAT_TXT_FN008
65 65
  -9.578798327845e+00  -1.201675306156e+01  -1.225608517733e-02   1.198676888385e-06  -1.195137668013e-06  -4.429613293388e+00  -4.956392554361e-03   3.276360967443e-07   3.179043285602e-08  -1.993463782423e+00  -1.820525077395e-03   1.296575197262e-07   1.318665279064e-07  -8.400353247719e-01  -4.920717298908e-04   4.838218760375e-08   5.346565135291e-08  -3.980642265192e-07  -5.775941961196e-07  -7.327184652952e-04   4.292751791043e-07   1.269922660604e-03  -3.366315873347e-04  -2.670497474435e-04   4.439870385403e-03  -1.034097725574e-07   7.897370723831e-08  -2.079664809724e-02   6.882627046113e-02  -1.313949882143e-06   8.668492041746e-07  -4.424978516354e-01   1.212325937507e+00  -2.299360784151e-05   1.507699866130e-05  -7.874582771128e-01   1.314236028014e+00  -2.491424882295e-05   1.637431026589e-05   1.080538647735e-06   1.479944296942e-08   1.704269182686e-02  -6.819418899168e-07  -2.951882509620e-02  -1.311794699473e-01  -9.572180077699e-01  -1.021118160751e+00  -6.257364671962e-01  -3.668617305028e-01  -4.353192080277e-01  -9.669190077580e-01  -1.311831675508e-01  -9.572279342494e-01  -1.021121626997e+00  -6.257372148451e-01  -3.668587358967e-01   1.055060304501e+00   1.064486888157e-01  -1.311428592854e-01  -9.571222358488e-01  -1.021084301478e+00  -6.257290729884e-01  -3.670240411327e-01  -6.196127294041e-01   8.602083694110e-01
  -1.201675306156e+01  -8.798697331315e+00  -1.093162446402e-02   8.043374186695e-07  -8.661088429398e-07  -3.959098028940e+00  -1.434873074638e-04  -2.463126912307e-07   6.288536934686e-07  -1.873499733316e+00   2.633028343083e-03  -1.926585690245e-07   4.719362355830e-07  -8.023829071809e-01   1.776664748590e-03  -6.766070590699e-08   1.664914150351e-07  -6.951085790842e-07  -7.408330255718e-07  -1.879143993955e-03   8.034087893733e-07   3.256154149233e-03  -2.308285746622e-04  -2.173469904754e-04   5.670483747817e-03  -3.964221973359e-08  -2.420781121424e-08  -2.131642701760e-02   8.219807458082e-02  -1.475196186280e-06   9.021574908200e-07  -4.285824006904e-01   1.148187623331e+00  -2.183341155342e-05   1.433918061671e-05  -7.479663858665e-01   1.239031627370e+00  -2.360854559534e-05   1.558939754921e-05   1.243781607615e-06   8.741203784769e-09   1.940350418327e-02  -7.864292484773e-07  -3.360786288990e-02  -1.530558963067e-01  -9.154828047249e-01  -9.713553076747e-01  -5.990988732683e-01  -3.595599308627e-01  -4.275654315298e-01  -9.496963611272e-01  -1.530602024964e-01  -9.154921375399e-01  -9.713586117842e-01  -5.990995949982e-01  -3.595564886644e-01   1.036266183688e+00   1.045525588788e-01  -1.530155680737e-01  -9.153943622424e-01  -9.713236188357e-01  -5.990919016824e-01  -3.597246294134e-01  -6.085850432233e-01   8.448986373691e-01
  -1.225608517733e-02  -1.093162446402e-02   1.022979037651e+00  -5.186183363608e-06   6.276271026929e-06   1.446507164169e-02  -3.935898706651e-01  -7.649736738471e-06   9.126913692204e-06   2.584473958076e-02  -3.993138157141e-01  -6.229593599282e-06   7.216297698234e-06   2.734574183511e-02  -1.341587412122e-01  -2.851265627648e-06   3.199498397710e-06   1.151694140348e-05  -5.931769503700e-06   6.445994425848e-02  -1.127954277033e-05  -1.116489786541e-01  -1.547995505474e-02  -1.406715771366e-02   1.697121484327e-01  -2.971525285327e-06   1.543636688714e-06  -1.984098825232e-01   3.799595121704e-01  -7.573688100776e-06   4.381002904569e-06  -2.504733487987e-01   2.907483055846e-01  -8.390447661343e-06   5.342236457295e-06  -1.312802529895e-01   2.705229580322e-02  -5.267547578448e-06   4.066999096127e-06   7.792106428264e-06   3.335144174865e-09   1.030202441288e-01  -4.926340380588e-06  -1.784363237275e-01   1.336634840033e-01   1.271351202439e-01   7.163388448973e-02   3.524537881728e-02  -1.222740780473e-01   4.645860636847e-02   1.031985243385e-01   1.336619884728e-01   1.271324844197e-01   7.163220222997e-02   3.524485754700e-02  -1.222775647689e-01  -1.125988603749e-01  -1.135869893576e-02   1.337279666325e-01   1.272044207145e-01   7.166862819722e-02   3.525468229959e-02  -1.222066377725e-01   6.618462442546e-02  -9.188524756465e-02
   1.198676888385e-06   8.043374186695e-07  -5.186183363608e-06   9.465405044633e-01  -7.286238524018e-06  -5.715482374457e-06  -7.717687913655e-06  -4.733578330042e-01  -8.718956077321e-06  -4.449724136326e-06  -7.283436991039e-06  -4.770063109920e-01  -3.838363456203e-06  -2.471558027893e-06  -3.908256075677e-06  -1.809361197980e-01  -7.987532490636e-07   5.944392184062e-02  -2.650918344993e-02   7.378139300253e-02  -8.339356828691e-06   4.261646992083e-02   3.483814433949e-07   3.507704686502e-07  -6.157766218855e-06  -1.332068408524e-02   1.041745106533e-06   5.222812295556e-06  -1.134198252122e-05  -5.825291632949e-02   1.001020459350e-06   3.710641939938e-06  -6.126873166222e-06  -1.639925157719e-01  -1.580429156103e-06  -1.012235717091e-06  -8.486684300709e-07  -2.022127391526e-01  -2.460089457509e-06   6.623989065642e-02  -1.807426557186e-04   5.031893434958e-04   2.535065995859e-07   2.978816678100e-04   1.661476952968e-01   1.547534535921e-01   7.267552993838e-02   2.005243341100e-02   4.913215591667e-02  -1.263831014216e-01   1.315789468552e-01  -4.026838448455e-01  -3.750652698081e-01  -1.761414400305e-01  -4.860409752544e-02  -1.190784150903e-01   1.623302799676e-01   3.510554571071e-02   2.365094779592e-01   2.203007132014e-01   1.034616571748e-01   2.854787587381e-02   6.999194608848e-02  -6.554852984182e-02  -1.666786674308e-01
  -1.195137668013e-06  -8.661088429398e-07   6.276271026929e-06  -7.286238524018e-06   9.465503684950e-01   9.321158958665e-06   9.212232087958e-06  -8.718888393949e-06  -4.733435889133e-01   8.036539084449e-06   8.696353409460e-06  -3.838209990878e-06  -4.769987138987e-01   4.572497524681e-06   4.682108532481e-06  -7.986505398157e-07  -1.809340866423e-01  -8.339769721118e-06   8.519786595916e-02   2.298564450111e-02   5.944613613324e-02   1.324531251660e-02  -2.740611371696e-07  -2.969002874569e-07   6.190969929476e-06   1.041745871454e-06  -1.332150339195e-02  -4.589524354843e-06   9.929075554742e-06   1.001011796182e-06  -5.825379959054e-02  -1.511029714800e-06   1.703979047466e-06  -1.580414024744e-06  -1.639911194942e-01   4.186082560239e-06  -3.651486572487e-06  -2.460010538466e-06  -2.022097964439e-01   2.535273121312e-07   5.822345264225e-04   1.602563900138e-04   6.623984115917e-02   8.737115637976e-05   3.690484991502e-01   3.437382912299e-01   1.614307825776e-01   4.454599395451e-02   1.091365540308e-01   1.315774229317e-01   1.066337802740e-01  -4.062916076678e-02  -3.784136181009e-02  -1.776844389827e-02  -4.900710958997e-03  -1.201259460805e-02   3.510676050456e-02  -1.820798138139e-01  -3.283518963485e-01  -3.058459669021e-01  -1.436347299752e-01  -3.963196939024e-02  -9.717093864362e-02  -1.666783579634e-01   4.578975752007e-02
  -4.429613293388e+00  -3.959098028940e+00   1.446507164169e-02  -5.715482374457e-06   9.321158958665e-06  -2.218370611399e+00  -1.160458496025e-02  -7.054504450723e-06   1.695301270984e-05  -1.557802418107e+00  -1.387882969125e-02  -2.290931685170e-06   9.653953500682e-06  -8.615367731963e-01   3.485378863389e-03  -4.441649310720e-07   3.012131278208e-06  -1.167283810660e-05  -1.366640355547e-05   1.849641530604e-02   1.343227140351e-05  -3.200212687908e-02  -2.609745025288e-01  -2.494158708914e-01   2.354976812248e-01  -3.489792620141e-06   1.530530242119e-06  -3.919390056132e-01   3.612394524558e-01  -5.673817525641e-06   2.761214851250e-06  -5.989083153324e-01   8.859225192129e-01  -1.859645803546e-05   1.404453366470e-05  -7.781872194574e-01   1.032921928620e+00  -2.232925939197e-05   1.864259960171e-05   3.213310020745e-06  -1.543722643477e-08   5.151256464737e-02  -1.876182122317e-06  -8.922229721335e-02  -4.282926365163e-01  -8.652144215811e-01  -9.553317642583e-01  -6.674192482142e-01  -1.984952496294e-01  -2.436131727036e-01  -5.411083454880e-01  -4.282989519291e-01  -8.652203579563e-01  -9.553331509356e-01  -6.674194671937e-01  -1.984925931203e-01   5.904287309500e-01   5.957088855988e-02  -4.282542484699e-01  -8.651545696522e-01  -9.553020019078e-01  -6.674111575322e-01  -1.985982295966e-01  -3.467706204734e-01   4.814235414916e-01
  -4.956392554361e-03  -1.434873074638e-04  -3.935898706651e-01  -7.717687913655e-06   9.212232087958e-06  -1.160458496025e-02  -2.371237527305e-01  -1.508783402330e-05   1.800002541358e-05  -5.780616121250e-02  -4.952822450876e-01  -1.280322554883e-05   1.561952155198e-05  -3.484735268823e-02  -2.481021309020e-01  -5.637834681533e-06   6.781731050685e-06   3.261651482270e-05  -1.726181378407e-05   2.043595864078e-01  -3.057597733966e-05  -3.539615370174e-01  -8.904329177678e-01  -8.485299813779e-01   4.913664511678e-01  -1.135519045361e-05   7.232191466240e-06  -9.173606560811e-01   4.372876833643e-01  -1.054974859382e-05   6.382110268163e-06  -6.279573384946e-01   1.727050883172e-01  -6.738664590888e-06   4.443537161994e-06  -3.287481619276e-01  -1.944259577079e-02  -7.055453111243e-06   6.100424364416e-06   8.749618495223e-07   3.715499796159e-08   3.791489630031e-03  -2.033541773709e-07  -6.567060308274e-03   1.457301972248e-01   1.201447917907e-01   4.248976900892e-02  -1.683246678125e-03  -4.300163645015e-02  -8.744847437438e-03  -1.941361574965e-02   1.457279492049e-01   1.201413950474e-01   4.248697380700e-02  -1.684233238339e-03  -4.300063793931e-02   2.118501481077e-02   2.140287556607e-03   1.458062760704e-01   1.202219062587e-01   4.254518129801e-02  -1.664675109561e-03  -4.300529385689e-02  -1.245108498329e-02   1.728354472794e-02
   3.276360967443e-07  -2.463126912307e-07  -7.649736738471e-06  -4.733578330042e-01  -8.718888393949e-06  -7.054504450723e-06  -1.508783402330e-05  -2.283282928848e-01  -1.461759392633e-05  -3.101603692615e-06  -1.410434790247e-05  -4.371265614202e-01  -6.892047119985e-06  -7.921674982452e-07  -7.015722471739e-06  -2.418674137706e-01  -1.381668415466e-06   1.246641379984e-01  -6.181755722479e-02   1.720527298921e-01  -2.041151074438e-05   9.937565949004e-02   1.693777727776e-05   1.618112207182e-05  -1.509753579454e-05  -1.213295016948e-01   1.361048120365e-06   1.928479665861e-05  -1.513129628820e-05  -1.549830666537e-01   1.288414420675e-06   9.728697184911e-06  -1.457907829112e-06  -1.723827713576e-01  -3.482876319288e-06   2.009262342508e-07   1.193483332393e-06  -2.320899444093e-01  -5.361620548161e-06   5.669243115871e-02  -1.630386561117e-04   4.553061317936e-04   3.690639769877e-07   2.654870594117e-04   1.784451967476e-01   1.519975962179e-01   8.651961948216e-02   2.815945695005e-02  -6.416894100926e-03  -7.134985268394e-02  -1.489079503213e-02  -4.324878111963e-01  -3.683824965476e-01  -2.096864587657e-01  -6.824648816665e-02   1.554372298794e-02  -1.040313223487e-01  -3.974723398431e-03   2.540311499745e-01   2.163809831344e-01   1.231692105009e-01   4.008852165032e-02  -9.138811772219e-03  -7.823623614372e-02   1.886149743813e-02
   3.179043285602e-08   6.288536934686e-07   9.126913692204e-06  -8.718956077321e-06  -4.733435889133e-01   1.695301270984e-05   1.800002541358e-05  -1.461759392633e-05  -2.282961528464e-01   1.505540110146e-05   1.745820427854e-05  -6.891906161210e-06  -4.371051494436e-01   8.282830748665e-06   8.720709077911e-06  -1.381557177837e-06  -2.418607284189e-01  -2.041199268807e-05   1.986726656758e-01   5.359821612169e-02   1.246680736169e-01   3.088898880582e-02  -1.111276000186e-05  -1.064705391253e-05   1.273671001269e-05   1.361060102908e-06  -1.213306081684e-01  -1.418557761543e-05   1.316438474619e-05   1.288413961154e-06  -1.549842072684e-01  -4.023064320592e-06  -4.953558813602e-06  -3.482804040351e-06  -1.723789714041e-01   8.168135707963e-06  -1.166123086405e-05  -5.361426756649e-06  -2.320815129816e-01   3.690941289778e-07   5.250326876226e-04   1.432608389525e-04   5.669230502696e-02   8.071123390597e-05   3.963654419230e-01   3.376144095088e-01   1.921762614449e-01   6.255087881694e-02  -1.424484126347e-02  -1.489417358885e-02  -9.772875137579e-02  -4.363609901483e-02  -3.716615120486e-02  -2.115030840180e-02  -6.880200524441e-03   1.570962148030e-03  -3.973552057307e-03  -6.504371188397e-02  -3.526785412591e-01  -3.004007077840e-01  -1.709870335635e-01  -5.564838043030e-02   1.268626407899e-02   1.886370481114e-02  -9.084041127159e-02
  -1.993463782423e+00  -1.873499733316e+00   2.584473958076e-02  -4.449724136326e-06   8.036539084449e-06  -1.557802418107e+00  -5.780616121250e-02  -3.101603692615e-06   1.505540110146e-05  -1.213113742180e+00  -1.437854693087e-01   3.796774315560e-06   7.176297854734e-06  -7.435300863370e-01  -6.574599269473e-02   2.631752932382e-06   1.704120572571e-06  -1.392015866751e-05  -1.252725345005e-05   5.034088136423e-02   1.682149185534e-05  -8.715563081856e-02  -9.568688628857e-01  -9.049349620494e-01   2.036142526360e-01  -3.107998199404e-06   1.370604447943e-06  -8.825011956174e-01   2.739147046822e-01  -4.269687313476e-06   1.950671572693e-06  -7.884486636677e-01   5.913009493378e-01  -1.340297008872e-05   1.126982274236e-05  -7.612581247792e-01   7.187968959508e-01  -1.628472336622e-05   1.603536779783e-05   2.218347930689e-06  -1.035677625963e-08   3.599947256010e-02  -1.260631716981e-06  -6.235279438159e-02  -4.108228210230e-01  -6.642432428273e-01  -7.627629090430e-01  -5.823685926517e-01  -1.405121730530e-01  -1.778521472887e-01  -3.950434501355e-01  -4.108274827168e-01  -6.642460898295e-01  -7.627621952033e-01  -5.823681265315e-01  -1.405101934701e-01   4.310491486893e-01   4.349021228169e-02  -4.107996279870e-01  -6.642044471922e-01  -7.627347919923e-01  -5.823588952384e-01  -1.405870984795e-01  -2.531652631217e-01   3.514718588215e-01
  -1.820525077395e-03   2.633028343083e-03  -3.993138157141e-01  -7.283436991039e-06   8.696353409460e-06  -1.387882969125e-02  -4.952822450876e-01  -1.410434790247e-05   1.745820427854e-05  -1.437854693087e-01  -4.900864248254e-01  -1.154185220224e-05   1.595929892852e-05  -1.290403155187e-01  -2.616654641337e-01  -5.065544516646e-06   7.191070112061e-06   2.991653383538e-05  -1.573390523721e-05   2.038654357212e-01  -2.770632590795e-05  -3.531037084468e-01  -1.874346194012e+00  -1.769874973953e+00   1.775577210016e-01  -6.824357785362e-06   4.080019964959e-06  -1.530205008465e+00   1.845972159882e-01  -6.682822607455e-06   3.760030678684e-06  -9.433842029463e-01   6.585804167908e-02  -4.181827506944e-06   2.998299746529e-06  -4.685237312587e-01  -8.509866745302e-02  -4.490616801783e-06   4.959895520449e-06   1.978777305436e-06   5.332467273618e-09   2.036984358958e-02  -1.184179634976e-06  -3.528152922864e-02   1.294622750244e-01   8.209415823750e-02  -3.558114317684e-02  -7.631277998367e-02   3.361583410342e-03   2.298576009434e-02   5.106535975422e-02   1.294599483098e-01   8.209135499367e-02  -3.558331754243e-02  -7.631362295174e-02   3.360271977243e-03  -5.571615877165e-02  -5.618382439001e-03   1.295314663412e-01   8.215498812937e-02  -3.553176496692e-02  -7.629247068890e-02   3.395165354312e-03   3.274287093232e-02  -4.545883815052e-02
   1.296575197262e-07  -1.926585690245e-07  -6.229593599282e-06  -4.770063109920e-01  -3.838209990878e-06  -2.290931685170e-06  -1.280322554883e-05  -4.371265614202e-01  -6.891906161210e-06   3.796774315560e-06  -1.154185220224e-05  -2.369184353194e-01  -1.979955300410e-06   4.579383522961e-06  -5.666779093712e-06  -1.365039768103e-01   4.052130949381e-07   9.005381994103e-02  -4.971193360009e-02   1.383514210107e-01  -1.810547140656e-05   7.990910490046e-02   3.556456502020e-05   3.360764046019e-05  -9.801704646957e-06  -2.102915053813e-01   8.404219695668e-07   3.027404893565e-05  -1.030399849613e-05  -2.112489001335e-01   8.129359013858e-07   1.622689377976e-05  -3.225580815445e-07  -1.276890300371e-01  -2.697754098233e-06   4.970028646467e-06   1.037438986090e-06  -1.136633648523e-01  -3.958714538213e-06   3.953878852290e-02  -2.778849134505e-05   7.805288744001e-05   2.237782211526e-07   4.760062274270e-05   1.571354840468e-01   1.065395412905e-01   4.592147058727e-02   1.751954815317e-02   2.388928253725e-02  -1.373648212620e-02   6.531077155879e-02  -3.808408578598e-01  -2.582075449861e-01  -1.112807056959e-01  -4.244637907582e-02  -5.790410008484e-02   1.295672901911e-01   1.742487523989e-02   2.236973924711e-01   1.516720793788e-01   6.537485556069e-02   2.494041953720e-02   3.402757522269e-02   1.645017954735e-02  -8.272112584459e-02
   1.318665279064e-07   4.719362355830e-07   7.216297698234e-06  -3.838363456203e-06  -4.769987138987e-01   9.653953500682e-06   1.561952155198e-05  -6.892047119985e-06  -4.371051494436e-01   7.176297854734e-06   1.595929892852e-05  -1.979955300410e-06  -2.369012198467e-01   3.139840355006e-06   8.038880840339e-06   4.052509648159e-07  -1.364979481983e-01  -1.810580219699e-05   1.597608742873e-01   4.309694365313e-02   9.005851253824e-02   2.483886743342e-02  -2.325508244090e-05  -2.199540728110e-05   8.495559463996e-06   8.404527079341e-07  -2.102921645764e-01  -2.089658132191e-05   9.149414526113e-06   8.129603569485e-07  -2.112495833086e-01  -8.681481490358e-06  -4.308462257509e-06  -2.697702225720e-06  -1.276859013944e-01   3.705089081667e-06  -9.322450769926e-06  -3.958588752378e-06  -1.136558591861e-01   2.238025148432e-07   9.003915078804e-05   2.561262251703e-05   3.953874481939e-02   1.300441962952e-05   3.490325634522e-01   2.366423101990e-01   1.019895082461e-01   3.890550906847e-02   5.306935084430e-02   6.530829685794e-02   1.019193315197e-01  -3.842455402814e-02  -2.605074848714e-02  -1.122555958648e-02  -4.281065327919e-03  -5.839788052291e-03   1.742554666618e-02  -4.138098064846e-02  -3.105647509884e-01  -2.105648867533e-01  -9.074959820801e-02  -3.461631784677e-02  -4.724148165554e-02  -8.271932267540e-02   7.170366319091e-02
  -8.400353247719e-01  -8.023829071809e-01   2.734574183511e-02  -2.471558027893e-06   4.572497524681e-06  -8.615367731963e-01  -3.484735268823e-02  -7.921674982452e-07   8.282830748665e-06  -7.435300863370e-01  -1.290403155187e-01   4.579383522961e-06   3.139840355006e-06  -4.468720442723e-01  -6.319712387222e-02   2.895389310575e-06   4.442543431214e-07  -9.076486098725e-06  -6.552802998534e-06   3.609991552645e-02   1.112990694759e-05  -6.250478478992e-02  -7.808830496172e-01  -7.391217447558e-01   4.936351107044e-02  -3.852574200401e-07  -2.653820138579e-07  -7.359701385356e-01   9.695054271526e-02  -1.195364242998e-06   1.577353671964e-07  -6.016037720947e-01   3.127289384839e-01  -7.317977207513e-06   6.433682371246e-06  -5.061329941078e-01   4.177862948563e-01  -9.491816494451e-06   9.950235199881e-06   1.002101419657e-06  -1.497433843551e-08   1.558879692738e-02  -5.981282743986e-07  -2.700048687211e-02  -2.777261675653e-01  -4.098350535798e-01  -4.575442795527e-01  -3.458711018100e-01  -7.657066178286e-02  -1.013205976389e-01  -2.250525559820e-01  -2.777284735988e-01  -4.098362298441e-01  -4.575433962820e-01  -3.458705806598e-01  -7.656929954809e-02   2.455638518599e-01   2.477588655810e-02  -2.777173434085e-01  -4.098161188120e-01  -4.575261334214e-01  -3.458645216173e-01  -7.661579972295e-02  -1.442293396023e-01   2.002351984141e-01
  -4.920717298908e-04   1.776664748590e-03  -1.341587412122e-01  -3.908256075677e-06   4.682108532481e-06   3.485378863389e-03  -2.481021309020e-01  -7.015722471739e-06   8.720709077911e-06  -6.574599269473e-02  -2.616654641337e-01  -5.666779093712e-06   8.038880840339e-06  -6.319712387222e-02  -7.109101241562e-02  -2.726028015264e-06   3.947617873085e-06   1.181585986238e-05  -6.457027233309e-06   8.000425578076e-02  -1.105793053391e-05  -1.385703107643e-01  -8.493568079581e-01  -8.039470742243e-01  -3.662414162028e-02  -7.714526148716e-07   6.655681990011e-08  -7.725692284111e-01  -1.952774209968e-02  -1.212117813287e-06   2.497521502042e-07  -4.970373521208e-01   1.356661779900e-02  -2.038654534978e-06   1.452866078928e-06  -2.191521307270e-01  -1.443116224263e-02  -2.381945853946e-06   2.755848469616e-06   5.848764552120e-07  -1.384521527221e-08   3.237674766048e-03  -4.476377482025e-07  -5.607764886111e-03   6.389020510918e-02   4.840620542853e-02  -2.069694251758e-02  -4.351258604693e-02  -1.815494659241e-02   1.380752033616e-02   3.067405360176e-02   6.388874614822e-02   4.840460953444e-02  -2.069782618499e-02  -4.351279172411e-02  -1.815585139711e-02  -3.346782269902e-02  -3.374990050834e-03   6.392692941301e-02   4.844040657650e-02  -2.067554174853e-02  -4.350671550730e-02  -1.813592873029e-02   1.966889238413e-02  -2.730707062074e-02
   4.838218760375e-08  -6.766070590699e-08  -2.851265627648e-06  -1.809361197980e-01  -7.986505398157e-07  -4.441649310720e-07  -5.637834681533e-06  -2.418674137706e-01  -1.381557177837e-06   2.631752932382e-06  -5.065544516646e-06  -1.365039768103e-01   4.052509648159e-07   2.895389310575e-06  -2.726028015264e-06  -1.737019904484e-03   6.977968818754e-07   3.291368678240e-02  -1.939410727538e-02   5.397307968375e-02  -7.437571927947e-06   3.117346124805e-02   1.611487684623e-05   1.526320297355e-05  -2.437509838433e-06  -1.086870336929e-01   2.934464485541e-07   1.515088429989e-05  -3.204793661946e-06  -1.222626701245e-01   2.950382621820e-07   8.784891992336e-06  -7.905021748526e-07  -8.307404484873e-02  -9.825620437525e-07   2.734309021685e-06  -2.964197252444e-07  -2.869338720934e-02  -1.397795221938e-06   1.477699701551e-02   2.083513194659e-05  -5.766321730877e-05   6.777908906298e-08  -3.253221825578e-05   7.870314937407e-02   6.080488367216e-02   1.615540426154e-02  -1.939846233984e-04   1.414613240741e-02  -2.792502644302e-02   3.850075166184e-02  -1.907483500458e-01  -1.473663503694e-01  -3.914633564710e-02   4.784743155306e-04  -3.428710813664e-02   5.655304236275e-02   1.027227055216e-02   1.120442566821e-01   8.656469894255e-02   2.299982986900e-02  -2.766009334495e-04   2.015078889561e-02  -1.012740835784e-02  -4.876698787096e-02
   5.346565135291e-08   1.664914150351e-07   3.199498397710e-06  -7.987532490636e-07  -1.809340866423e-01   3.012131278208e-06   6.781731050685e-06  -1.381668415466e-06  -2.418607284189e-01   1.704120572571e-06   7.191070112061e-06   4.052130949381e-07  -1.364979481983e-01   4.442543431214e-07   3.947617873085e-06   6.977968818754e-07  -1.734457073688e-03  -7.437715625266e-06   6.232622971798e-02   1.681225008134e-02   3.291605861194e-02   9.690102955646e-03  -1.053767449176e-05  -9.988393372902e-06   2.509610477842e-06   2.934677093938e-07  -1.086872157024e-01  -1.035418323166e-05   3.177568079048e-06   2.950580797255e-07  -1.222628675142e-01  -4.984027037489e-06  -1.085190415036e-06  -9.825483739717e-07  -8.307288408404e-02   1.035770046472e-06  -3.016476914504e-06  -1.397763364432e-06  -2.869038269825e-02   6.779037240954e-08  -6.668727714169e-05  -1.754269227924e-05   1.477701878405e-02  -1.066993792225e-05   1.748175334223e-01   1.350587915794e-01   3.587810396154e-02  -4.367258533127e-04   3.142443281875e-02   3.850001697726e-02   4.025520429569e-02  -1.924514827288e-02  -1.486799028149e-02  -3.949398844176e-03   4.823749969972e-05  -3.458235827394e-03   1.027244933964e-02  -4.422204862560e-02  -1.555538512527e-01  -1.201777097105e-01  -3.192620873061e-02   3.880518371874e-04  -2.797586386755e-02  -4.876643207326e-02   2.244710922998e-02
  -3.980642265192e-07  -6.951085790842e-07   1.151694140348e-05   5.944392184062e-02  -8.339769721118e-06  -1.167283810660e-05   3.261651482270e-05   1.246641379984e-01  -2.041199268807e-05  -1.392015866751e-05   2.991653383538e-05   9.005381994103e-02  -1.810580219699e-05  -9.076486098725e-06   1.181585986238e-05   3.291368678240e-02  -7.437715625266e-06   1.354630054658e+00   2.647551025722e-02  -7.364066888333e-02   1.767733781590e-05  -4.251007086282e-02   3.633935490602e-05   3.473013410553e-05  -2.121777462393e-05  -2.561339373855e-01   8.033462545760e-07   3.034648450121e-05  -9.417359372797e-06  -2.284434770654e-01   8.245618873233e-07   1.646597164679e-05   1.106541201451e-06  -8.660827070505e-03  -1.417523090884e-06   5.189776925252e-06   9.733881461967e-06  -4.622103806562e-03  -4.851263800852e-06  -1.827139450141e-02   5.334061546726e-05  -1.448878963988e-04   1.587245948664e-07  -9.250375758717e-05  -1.134054245407e-02  -1.805882058143e-02  -1.724016219536e-02  -4.430966235429e-03  -6.734407282920e-02  -2.200641829732e-02   1.634428686507e-01   2.748443702754e-02   4.375434824864e-02   4.175454616201e-02   1.071508461955e-02   1.632353766437e-01   3.366345169413e-01   4.360719478617e-02  -1.616056632853e-02  -2.572113524539e-02  -2.455625062024e-02  -6.309666757918e-03  -9.574099469472e-02   5.357459591723e-02  -2.071607413725e-01
  -5.775941961196e-07  -7.408330255718e-07  -5.931769503700e-06  -2.650918344993e-02   8.519786595916e-02  -1.366640355547e-05  -1.726181378407e-05  -6.181755722479e-02   1.986726656758e-01  -1.252725345005e-05  -1.573390523721e-05  -4.971193360009e-02   1.597608742873e-01  -6.552802998534e-06  -6.457027233309e-06  -1.939410727538e-02   6.232622971798e-02   2.647551025722e-02   1.339602997500e+00  -3.158123285428e-05  -8.504621801937e-02   1.675224223553e-05   2.399940091591e-08   4.216736165045e-08  -4.105190317724e-07   1.955568448671e-03  -6.290010545410e-03   5.557212244449e-07   1.417299587253e-07   1.890963871107e-03  -6.081759505548e-03  -3.595794328739e-06   8.980539184289e-06  -5.476374792093e-03   1.760449318017e-02  -8.881702087686e-06   1.058142114985e-05  -1.624137842393e-02   5.220052510830e-02   6.074625528329e-04  -2.229124635836e-02   1.307773759509e-07  -1.951693168715e-03  -3.090834102369e-07  -2.199578787669e-02  -4.568141716346e-02  -5.119933442334e-02  -1.456105666214e-02   1.638582132235e-01  -1.010973161167e-01   3.193631665078e-01  -5.868654089171e-03  -1.219044869798e-02  -1.366477923953e-02  -3.888401086488e-03   4.371711788911e-02  -9.941820628799e-02   3.216853845010e-01   2.788580436018e-02   5.785674677726e-02   6.484238186790e-02   1.843499738840e-02  -2.076856988517e-01  -9.828213447289e-02   3.189783612264e-01
  -7.327184652952e-04  -1.879143993955e-03   6.445994425848e-02   7.378139300253e-02   2.298564450111e-02   1.849641530604e-02   2.043595864078e-01   1.720527298921e-01   5.359821612169e-02   5.034088136423e-02   2.038654357212e-01   1.383514210107e-01   4.309694365313e-02   3.609991552645e-02   8.000425578076e-02   5.397307968375e-02   1.681225008134e-02  -7.364066888333e-02  -3.158123285428e-05   1.280233221666e+00  -2.291599458542e-02   1.028193702259e-01   5.530738787568e-01   5.286940390143e-01  -2.407706903857e-01  -5.446065572090e-03  -1.706907316286e-03   4.557592618476e-01  -6.271734870477e-02  -5.268692888487e-03  -1.647613678354e-03   2.546684684346e-01  -3.172514572177e-03   1.524760763569e-02   4.751082070470e-03   1.445587512487e-01  -4.046757510252e-03   4.520808193939e-02   1.408293119740e-02  -1.685581848482e-03  -3.606509235521e-08   3.977782922700e-02  -5.290217943368e-04  -1.075070350914e-01  -2.609995143713e-02  -4.790451406428e-02  -3.201717705158e-02   9.161730205000e-03   2.487973429719e-01   2.963182298061e-01   1.262129527775e-01   1.569887617247e-02   3.890559061732e-02   6.527235516192e-02   3.682560556993e-02  -6.257803899308e-02   2.307279747351e-01   8.184883458295e-02  -1.729983009209e-02  -2.960777141364e-02  -1.151576498075e-02   1.499023141583e-02   1.832391583384e-01   3.043127673210e-01   5.079725818504e-02
   4.292751791043e-07   8.034087893733e-07  -1.127954277033e-05  -8.339356828691e-06   5.944613613324e-02   1.343227140351e-05  -3.057597733966e-05  -2.041151074438e-05   1.246680736169e-01   1.682149185534e-05  -2.770632590795e-05  -1.810547140656e-05   9.005851253824e-02   1.112990694759e-05  -1.105793053391e-05  -7.437571927947e-06   3.291605861194e-02   1.767733781590e-05  -8.504621801937e-02  -2.291599458542e-02   1.354627526164e+00  -1.322992217170e-02  -2.373766349993e-05  -2.267942324918e-05   1.420220624107e-05   8.033104493295e-07  -2.561343662680e-01  -2.012138372310e-05   6.860498072752e-06   8.245152045179e-07  -2.284438625224e-01  -1.084105345337e-05  -1.039117787089e-06  -1.417457246529e-06  -8.659917590377e-03  -1.780608650929e-06  -1.057825066403e-05  -4.851071810281e-06  -4.620467178189e-03   1.587314023552e-07  -1.716798417626e-04  -4.873028893721e-05  -1.827151969774e-02  -2.268778016555e-05  -2.519081220014e-02  -4.009869982844e-02  -3.826468399894e-02  -9.817982401763e-03  -1.495902778652e-01   1.634467629866e-01   2.674565401252e-01   2.772569654083e-03   4.417792788628e-03   4.222073895576e-03   1.089748448182e-03   1.646671988374e-02   4.360556296867e-02  -9.119059990775e-02   2.243604481941e-02   3.570504349645e-02   3.408714895513e-02   8.757637481889e-03   1.329179467149e-01  -2.071630029153e-01   1.919598034350e-01
   1.269922660604e-03   3.256154149233e-03  -1.116489786541e-01   4.261646992083e-02   1.324531251660e-02  -3.200212687908e-02  -3.539615370174e-01   9.937565949004e-02   3.088898880582e-02  -8.715563081856e-02  -3.531037084468e-01   7.990910490046e-02   2.483886743342e-02  -6.250478478992e-02  -1.385703107643e-01   3.117346124805e-02   9.690102955646e-03  -4.251007086282e-02   1.675224223553e-05   1.028193702259e-01  -1.322992217170e-02   1.161462534762e+00  -9.579520886630e-01  -9.157249906153e-01   4.170281110342e-01  -3.166420166388e-03  -9.694954146536e-04  -7.893990531060e-01   1.086303306768e-01  -3.054919374871e-03  -9.414407766353e-04  -4.410941583856e-01   5.482939760881e-03   8.805939731762e-03   2.737845006870e-03  -2.503670777269e-01   6.983939539171e-03   2.610804721835e-02   8.117760693332e-03  -9.830638309714e-04  -2.010085207916e-08  -1.075070979861e-01  -2.983958974037e-04   1.639164039178e-01   6.249181186173e-03   2.075867589431e-03  -3.519711774681e-02  -4.163486929216e-02  -1.407413706121e-01   1.281892007492e-01  -2.240981511591e-02   3.038097832736e-02   5.219542131202e-02   2.097219774978e-02  -2.566352893545e-02  -3.205127609199e-01   2.371783569860e-01   5.773954591691e-02   1.133324281755e-02   1.263358196644e-02  -2.335980311393e-02  -3.826763598019e-02  -1.786475837091e-01   1.147357676739e-01   1.139568340524e-01
  -3.366315873347e-04  -2.308285746622e-04  -1.547995505474e-02   3.483814433949e-07  -2.740611371696e-07  -2.609745025288e-01  -8.904329177678e-01   1.693777727776e-05  -1.111276000186e-05  -9.568688628857e-01  -1.874346194012e+00   3.556456502020e-05  -2.325508244090e-05  -7.808830496172e-01  -8.493568079581e-01   1.611487684623e-05  -1.053767449176e-05   3.633935490602e-05   2.399940091591e-08   5.530738787568e-01  -2.373766349993e-05  -9.579520886630e-01  -2.256476087714e+01  -2.815938066844e+01   2.649266431946e-02   2.276087856729e-09  -3.900059290489e-07  -1.044965006338e+01   1.149268987557e-02  -4.754206983659e-08  -1.033061247713e-07  -4.472047568307e+00   4.532640350885e-03  -6.822617660829e-09  -6.400659643459e-08  -2.038764487106e+00   1.444477792709e-03   1.782384090959e-08  -5.528965904474e-08   9.809350367122e-08  -7.776473410854e-08  -1.133588057741e-03  -1.973182236576e-07   1.963483839548e-03   6.635301639266e-05  -4.760865783926e-02  -4.508976586746e-01  -5.397256767956e-01  -2.729407250538e-03  -6.185988611919e-04  -1.374173132850e-03   6.635199313262e-05  -4.760864552964e-02  -4.508976100277e-01  -5.397256561569e-01  -2.729393327095e-03   1.499406567307e-03   1.512346672730e-04   6.643451836628e-05  -4.757345480119e-02  -4.507889892828e-01  -5.396797160095e-01  -2.726164668134e-03  -8.794439011042e-04   1.220965496857e-03
  -2.670497474435e-04  -2.173469904754e-04  -1.406715771366e-02   3.507704686502e-07  -2.969002874569e-07  -2.494158708914e-01  -8.485299813779e-01   1.618112207182e-05  -1.064705391253e-05  -9.049349620494e-01  -1.769874973953e+00   3.360764046019e-05  -2.199540728110e-05  -7.391217447558e-01  -8.039470742243e-01   1.526320297355e-05  -9.988393372902e-06   3.473013410553e-05   4.216736165045e-08   5.286940390143e-01  -2.267942324918e-05  -9.157249906153e-01  -2.815938066844e+01  -2.133612816964e+01   2.530544947474e-02  -1.503990979132e-08  -3.444708785471e-07  -9.527830178416e+00   6.377192069040e-03  -4.650090025788e-08  -2.781970582393e-08  -4.203127428081e+00   1.874482244504e-03   5.341005368838e-09  -4.072337752588e-08  -1.927113124075e+00   1.843279028774e-04   3.763707753184e-08  -6.419392963397e-08   8.285765321266e-08  -1.038188231563e-07  -2.229048073730e-03  -2.331758124900e-07   3.860887879249e-03   2.153713933140e-04  -4.536066404368e-02  -4.268390385588e-01  -5.109753731297e-01  -2.563327844897e-03  -5.296272526774e-04  -1.176568810021e-03   2.153742435430e-04  -4.536064890006e-02  -4.268389910288e-01  -5.109753531110e-01  -2.563314802509e-03   1.283792793981e-03   1.294705264561e-04   2.153849383962e-04  -4.532708890915e-02  -4.267362667886e-01  -5.109318635951e-01  -2.560221130420e-03  -7.528709042504e-04   1.045238883929e-03
   4.439870385403e-03   5.670483747817e-03   1.697121484327e-01  -6.157766218855e-06   6.190969929476e-06   2.354976812248e-01   4.913664511678e-01  -1.509753579454e-05   1.273671001269e-05   2.036142526360e-01   1.775577210016e-01  -9.801704646957e-06   8.495559463996e-06   4.936351107044e-02  -3.662414162028e-02  -2.437509838433e-06   2.509610477842e-06  -2.121777462393e-05  -4.105190317724e-07  -2.407706903857e-01   1.420220624107e-05   4.170281110342e-01   2.649266431946e-02   2.530544947474e-02   2.012099217462e+00   1.085443104265e-06  -3.337659724284e-06   7.331836806842e-03  -1.125764799847e+00   1.140181464970e-06  -3.126718756177e-06   1.178762554717e-02  -9.523660615996e-01  -9.501815875973e-08  -4.881415280394e-07   4.306014181670e-03  -3.671025846080e-01  -1.214121314641e-06   1.397801527118e-06  -8.845129858452e-07  -6.318650938038e-08  -3.610727490485e-02  -1.093309030886e-07   6.253970665448e-02  -5.434522481267e-03   3.989910904464e-02   8.687337033185e-02   3.404097994071e-02   3.074142306519e-02   3.655442745891e-03   8.123765402310e-03  -5.434655933147e-03   3.989878241883e-02   8.687279087686e-02   3.404072057695e-02   3.074119075994e-02  -8.863788860899e-03  -8.925587246969e-04  -5.436292619986e-03   3.987832703455e-02   8.686616061838e-02   3.404362627060e-02   3.072649006720e-02   5.197747545710e-03  -7.216159523045e-03
  -1.034097725574e-07  -3.964221973359e-08  -2.971525285327e-06  -1.332068408524e-02   1.041745871454e-06  -3.489792620141e-06  -1.135519045361e-05  -1.213295016948e-01   1.361060102908e-06  -3.107998199404e-06  -6.824357785362e-06  -2.102915053813e-01   8.404527079341e-07  -3.852574200401e-07  -7.714526148716e-07  -1.086870336929e-01   2.934677093938e-07  -2.561339373855e-01   1.955568448671e-03  -5.446065572090e-03   8.033104493295e-07  -3.166420166388e-03   2.276087856729e-09  -1.503990979132e-08   1.085443104265e-06   1.892187285635e+00  -1.487906838029e-06  -8.657874865050e-07   1.094364565030e-06  -1.225815891525e+00  -1.311333744039e-06  -1.598685824664e-07  -1.105974101613e-07  -9.947849043052e-01  -1.996842125251e-07   6.921914271436e-07  -7.276065603782e-07  -3.931165574539e-01   3.623972341683e-07   3.305935366148e-02   1.502555119390e-04  -4.174150214422e-04  -3.197432795686e-07  -2.410179722632e-04  -4.165242087519e-03   7.795668390253e-03   2.250312159457e-02   1.039434587615e-02   6.591387535467e-03  -5.866523416524e-04   2.337956382152e-03   1.009551469749e-02  -1.889490216128e-02  -5.454174640493e-02  -2.519208875917e-02  -1.597580804128e-02   4.543923527108e-03   6.239124553299e-04  -5.930480921636e-03   1.108887534366e-02   3.202967737931e-02   1.479682500894e-02   9.376900954981e-03   4.949914492439e-04  -2.957785338600e-03
   7.897370723831e-08  -2.420781121424e-08   1.543636688714e-06   1.041745106533e-06  -1.332150339195e-02   1.530530242119e-06   7.232191466240e-06   1.361048120365e-06  -1.213306081684e-01   1.370604447943e-06   4.080019964959e-06   8.404219695668e-07  -2.102921645764e-01  -2.653820138579e-07   6.655681990011e-08   2.934464485541e-07  -1.086872157024e-01   8.033462545760e-07  -6.290010545410e-03  -1.706907316286e-03  -2.561343662680e-01  -9.694954146536e-04  -3.900059290489e-07  -3.444708785471e-07  -3.337659724284e-06  -1.487906838029e-06   1.892188198151e+00   1.151268671321e-06  -3.054832309342e-06  -1.311335225034e-06  -1.225815047622e+00   6.179885626994e-08  -4.724053192384e-07  -1.996875708796e-07  -9.947847327824e-01  -1.086003462058e-06   7.205439753323e-07   3.623883693685e-07  -3.931167604224e-01  -3.197385486875e-07  -4.828614313977e-04  -1.298679466573e-04   3.305947694051e-02  -7.517982167928e-05  -9.252599058740e-03   1.731628872829e-02   4.998573268559e-02   2.308761740745e-02   1.464122890045e-02   2.337945967930e-03   3.554214174619e-03   1.018715841889e-03  -1.905933776824e-03  -5.502381645866e-03  -2.541959659382e-03  -1.611685437326e-03   6.238825460389e-04  -1.576305454135e-03   8.234149489728e-03  -1.539447698408e-02  -4.446760944600e-02  -2.054283370908e-02  -1.301809980121e-02  -2.957745134556e-03   2.471232797760e-03
  -2.079664809724e-02  -2.131642701760e-02  -1.984098825232e-01   5.222812295556e-06  -4.589524354843e-06  -3.919390056132e-01  -9.173606560811e-01   1.928479665861e-05  -1.418557761543e-05  -8.825011956174e-01  -1.530205008465e+00   3.027404893565e-05  -2.089658132191e-05  -7.359701385356e-01  -7.725692284111e-01   1.515088429989e-05  -1.035418323166e-05   3.034648450121e-05   5.557212244449e-07   4.557592618476e-01  -2.012138372310e-05  -7.893990531060e-01  -1.044965006338e+01  -9.527830178416e+00   7.331836806842e-03  -8.657874865050e-07   1.151268671321e-06  -4.989499132506e+00   4.865175984462e-02  -1.682301003798e-06   1.692883235104e-06  -3.095768638165e+00   4.340913030939e-02  -8.097250833216e-07   4.742385984671e-07  -1.749222073004e+00   8.708407142536e-03   3.073754701563e-07  -6.403601852912e-07   1.278431550524e-06  -1.271584296913e-07   1.981648791501e-02  -7.657628954924e-07  -3.432296369159e-02   1.654882113499e-03  -8.951926393588e-02  -4.417958099368e-01  -5.166877392954e-01  -3.982556570418e-02  -7.767289155982e-03  -1.725550121820e-02   1.655003908486e-03  -8.951921495298e-02  -4.417957985436e-01  -5.166877333739e-01  -3.982538001199e-02   1.882803728206e-02   1.898590401031e-03   1.657543249345e-03  -8.946888062389e-02  -4.416991788576e-01  -5.166453095033e-01  -3.979856848962e-02  -1.104750065797e-02   1.533759847520e-02
   6.882627046113e-02   8.219807458082e-02   3.799595121704e-01  -1.134198252122e-05   9.929075554742e-06   3.612394524558e-01   4.372876833643e-01  -1.513129628820e-05   1.316438474619e-05   2.739147046822e-01   1.845972159882e-01  -1.030399849613e-05   9.149414526113e-06   9.695054271526e-02  -1.952774209968e-02  -3.204793661946e-06   3.177568079048e-06  -9.417359372797e-06   1.417299587253e-07  -6.271734870477e-02   6.860498072752e-06   1.086303306768e-01   1.149268987557e-02   6.377192069040e-03  -1.125764799847e+00   1.094364565030e-06  -3.054832309342e-06   4.865175984462e-02   5.618910193444e-02   2.104511117886e-06  -3.272655809165e-06   1.038254868392e-01  -5.557304933830e-01   1.310308183023e-06  -9.969168168591e-07   7.582343299100e-02  -3.842114290361e-01  -6.238157887545e-07   1.268175313305e-06  -2.634758506000e-06  -8.482692971814e-08  -7.705610042984e-02   8.015290086115e-07   1.334651283790e-01   3.589571247257e-03   8.891773530256e-02   1.329332857632e-01   6.914525507137e-02   8.275022074658e-02   1.829191260385e-02   4.063703538173e-02   3.589328450274e-03   8.891723768609e-02   1.329326862014e-01   6.914497113805e-02   8.274939936586e-02  -4.434009840342e-02  -4.470909096796e-03   3.578953811152e-03   8.888580992961e-02   1.329230636732e-01   6.914692712152e-02   8.271689427648e-02   2.602259794748e-02  -3.612784617978e-02
