ARMA_MAT_TXT_FN008
58 58
  -1.760840840145e+01  -2.202712025989e+01   3.255197896054e-02  -1.096422061986e-05   4.547968944210e-07  -8.150982066084e+00   1.669974222694e-02  -5.615828392426e-06   2.112268080656e-07  -3.531745861702e+00   7.229702225072e-03  -2.390686922917e-06   1.002359061928e-07  -1.596530988430e+00   2.582308175060e-03  -9.273860215698e-07   4.552344406417e-08   1.451587200440e-06  -2.240256372035e-10   5.512942357181e-03  -2.901502451974e-08  -1.212819729269e-03  -2.380571302039e-03  -8.040514125883e-04  -7.870864583841e-02   2.586256582258e-05  -6.947351583504e-07  -5.123853013312e-01  -1.513188759383e+00   4.893098874771e-04  -1.368498192453e-05  -1.125332306106e+00  -1.920154825888e+00   6.204827681222e-04  -1.737079685794e-05  -7.844032510968e-01  -7.451514152880e-01   2.406883357977e-04  -6.736846143031e-06   1.121279118780e-03   1.019379605884e-08   1.001310947612e+00  -3.144519775036e-05  -1.735143590521e+00   2.890795096428e-05  -4.591823775435e-02  -4.223012163551e-01  -5.056096119183e-01  -3.199663842915e-03  -1.633503206106e-03   2.091828829195e-08   2.811333325118e-05  -4.614343052421e-02  -4.229815707112e-01  -5.058978562413e-01  -3.225417430616e-03   1.647452552713e-03   2.118959315284e-08
  -2.202712025989e+01  -1.653936111425e+01   3.066942823414e-02  -1.040838628814e-05   4.189337715728e-07  -7.399385172184e+00   9.530194498771e-03  -3.277248968159e-06   1.058827318803e-07  -3.321365507587e+00   3.184035247862e-03  -1.141181699187e-06   3.973099274559e-08  -1.513452957580e+00   6.155981346775e-04  -3.948585747770e-07   1.790446913733e-08   4.020557692241e-07  -3.354196999477e-10   6.364556367196e-03   9.187342857029e-09   8.569488135719e-04  -1.877624810288e-03  -6.470151866960e-04  -7.895478483718e-02   2.600432776338e-05  -6.996088097822e-07  -4.918558325938e-01  -1.438738307587e+00   4.652355753601e-04  -1.301747589247e-05  -1.065897436672e+00  -1.813237628995e+00   5.857574715112e-04  -1.640936895544e-05  -7.447589950893e-01  -7.075762697492e-01   2.284163181510e-04  -6.400061038673e-06   1.061832312232e-03   9.669685799753e-09   9.482568160882e-01  -2.980123749460e-05  -1.643388370783e+00   3.307804994947e-04  -4.412836472322e-02  -4.010050279316e-01  -4.802607581330e-01  -3.056373877063e-03  -1.330445200430e-03   1.036087080876e-08   3.304109608156e-04  -4.434539290120e-02  -4.016498623844e-01  -4.805344698698e-01  -3.081714261638e-03   1.343524722684e-03   1.058945972783e-08
   3.255197896054e-02   3.066942823414e-02   1.612336093964e+00  -5.900313288517e-06   4.966117414503e-07   3.327625165073e-02  -9.015247070525e-01   4.629788399508e-06   2.616951891495e-07   2.380683218261e-02  -7.806969519230e-01   1.949804979297e-07   2.695978363924e-07   3.560200103710e-03  -2.951477981746e-01  -3.080241926781e-06   2.755350188929e-07  -5.272030669744e-05  -3.409801818907e-10  -6.142912376152e-02   1.383534069799e-06   1.094941277550e-01   2.029969426422e-02   1.983748654024e-02   3.706012183163e-01  -1.536700265498e-04   4.008462886164e-06   3.663308332186e-01   5.509982109903e-01  -2.621663552040e-04   7.138831648391e-06   2.304329053887e-01   1.040042732115e-01  -1.183067811974e-04   3.435614331563e-06   5.038678514788e-02  -6.000848962112e-02  -1.628444129634e-05   6.225925636531e-07  -3.474968304660e-04  -4.629241696126e-09  -1.904368841723e-01   1.001000617981e-05   3.420710122755e-01  -7.398945182530e-03   4.460237648782e-02   9.540523537503e-02   3.870492008759e-02   3.278762198663e-02   7.014149859216e-03   1.707245472595e-07  -7.389983195411e-03   4.478280030543e-02   9.549618799070e-02   3.870159637731e-02   3.294186312985e-02  -7.081057413343e-03   1.707719316237e-07
  -1.096422061986e-05  -1.040838628814e-05  -5.900313288517e-06   1.552754576846e+00  -4.759463171028e-09  -1.274630658726e-05   3.904187139464e-06  -9.282735069397e-01  -4.590701585655e-09  -8.102606315718e-06  -5.205883680331e-06  -8.003696261898e-01  -2.218139132330e-09  -4.486565901900e-06  -2.994829386815e-06  -3.160976802196e-01  -6.215373735779e-10   5.513639285747e-02   6.291352285534e-07   2.052294893911e-05  -9.992980997211e-10   3.578781926961e-06  -8.482446662666e-06  -6.042714975764e-06  -1.559255504880e-04  -6.480216396369e-02   9.307230699011e-10  -1.025312528370e-04  -2.674499034501e-04  -2.263064775542e-01  -5.739267004251e-11  -7.341091215304e-05  -1.198765047243e-04  -2.638096191681e-01  -2.648328575730e-10  -2.602796048731e-05  -1.485550477688e-05  -1.210858125325e-01  -9.313796990021e-11  -4.169290953812e-01  -3.004436337940e-06   6.594140879660e-05  -5.610648350481e-09  -3.816259252591e-04  -1.272382986183e-02   1.783379549204e-02   5.053516063153e-02   2.378652471843e-02   2.186528780813e-02   6.570873811908e-03  -1.947503358376e-07   1.270727361624e-02  -1.795496133227e-02  -5.062423122054e-02  -2.381381462348e-02  -2.196626749326e-02   6.588129430720e-03   1.967869627259e-07
   4.547968944210e-07   4.189337715728e-07   4.966117414503e-07  -4.759463171028e-09   1.716733309523e+00  -4.090579974120e-09   1.771190053935e-07  -4.546187373414e-09  -7.656536848988e-01   2.808035394729e-07  -2.421614276584e-07  -1.847283251406e-09  -7.236869609502e-01   4.984153247324e-07  -3.399013190931e-07   5.940511260408e-11  -3.029271312522e-01  -8.561403990401e-10  -2.626573624736e-05   6.957506981128e-07   7.540756972336e-02   2.482683872005e-07   9.498337542007e-08   1.811479043777e-07   3.549849038050e-06   6.752684413107e-10  -1.216835868119e-01   4.038043880525e-06   6.320539900402e-06   1.621947071834e-10  -2.877701733435e-01   2.892427076297e-06   3.011043832777e-06   6.620718751577e-10  -2.992248573017e-01   1.099938095072e-06   5.446360794127e-07   6.245734580768e-10  -1.361259508435e-01  -5.072353179444e-09   1.153821066870e-04  -7.102020822654e-06  -3.691615274442e-01   5.860362862188e-06  -5.352166427081e-07  -9.992586043053e-07  -8.100367230023e-07  -8.499118454837e-08  -7.321626842027e-07  -7.563442822397e-07  -2.284518086112e-02  -5.350659055517e-07  -1.000404850034e-06  -8.114105449284e-07  -8.536402414878e-08  -7.345497901598e-07   7.599367329201e-07  -2.292622684988e-02
  -8.150982066084e+00  -7.399385172184e+00   3.327625165073e-02  -1.274630658726e-05  -4.090579974120e-09  -3.909912355928e+00   1.272819158463e-01  -4.559310563994e-05   7.575792273997e-07  -2.497176754674e+00   1.035087928744e-01  -3.758710250174e-05   7.768195343760e-07  -1.418179931646e+00   3.178424814148e-02  -1.415674036793e-05   3.089588279627e-07   6.682859029705e-05   3.504131268108e-10   6.227329085039e-02  -1.761443742667e-06  -9.927054682973e-02  -1.320479661597e-01  -1.442979648014e-01  -4.053373683226e-01   1.371951305382e-04  -3.411544479708e-06  -6.898490183621e-01  -1.253158322204e+00   4.078542019649e-04  -1.105135858352e-05  -1.045275896415e+00  -1.486273351078e+00   4.759685597214e-04  -1.326459254637e-05  -7.613604474045e-01  -6.760885876658e-01   2.143703229051e-04  -6.038654120364e-06   6.444982254817e-04   6.457825228973e-09   5.707243640115e-01  -1.833343962043e-05  -1.005188473005e+00   4.863827612449e-05  -1.078691296840e-01  -4.397574376056e-01  -5.036116693670e-01  -5.845471880765e-02  -2.706246639326e-02   3.313140470538e-07   1.011709545684e-05  -1.082650921702e-01  -4.403917502125e-01  -5.038875605494e-01  -5.873239003037e-02   2.722323831558e-02   3.346825168456e-07
   1.669974222694e-02   9.530194498771e-03  -9.015247070525e-01   3.904187139464e-06   1.771190053935e-07   1.272819158463e-01  -1.482539685748e-01   5.980130547015e-05  -1.339133770625e-06   2.049999904868e-01  -6.128704678757e-01   6.556752160914e-05  -1.612544680840e-06   1.373296417228e-01  -3.738681437721e-01   2.590618676624e-05  -5.619101996279e-07  -1.390602136846e-04  -1.040501667121e-09  -1.537276756520e-01   3.724947462714e-06   2.735809003689e-01   4.336761995020e-01   4.708046156929e-01   5.233751508888e-01  -2.347077367261e-04   6.051977417863e-06   6.240438860865e-01   4.010005927214e-01  -2.187585595713e-04   5.802060557368e-06   4.036485520372e-01   1.375905523708e-01  -1.272256935992e-04   3.637727183463e-06   1.529946966266e-01  -3.460714562965e-02  -3.006699999232e-05   9.985794916663e-07  -2.297983666345e-05  -8.768274447582e-10   4.541708570748e-02   8.062438455234e-07  -6.364446208361e-02   1.184348321582e-02   1.361639066568e-01   1.953534055424e-01   1.133640444989e-01   1.200922443452e-01   6.849957981869e-02  -1.025022950892e-06   1.195868355466e-02   1.365508884523e-01   1.955369203381e-01   1.133888437861e-01   1.205321046264e-01  -6.884176322502e-02  -1.032779934383e-06
  -5.615828392426e-06  -3.277248968159e-06   4.629788399508e-06  -9.282735069397e-01  -4.546187373414e-09  -4.559310563994e-05   5.980130547015e-05  -1.964656715908e-03  -3.679428203138e-09  -7.057268685669e-05   6.003952299148e-05  -4.296913553085e-01  -1.252450975743e-09  -5.101678401020e-05   2.636185317848e-05  -3.043116544224e-01  -1.205244004381e-10   1.206906789299e-01   1.218319393977e-06   5.159397810482e-05  -1.777563968974e-09  -3.923144046054e-06  -1.421408137950e-04  -1.514391412420e-04  -2.368424649663e-04  -1.590294611998e-01   6.820323379538e-10  -1.843425207942e-04  -2.278853130983e-04  -2.442413398932e-01   9.684616872750e-10  -1.306180184782e-04  -1.320039661409e-04  -2.570183815873e-01   1.393503298156e-10  -6.204795904147e-05  -2.955499579557e-05  -1.378212960543e-01  -2.800077966958e-11  -2.248774518617e-01  -1.256626066409e-06  -6.606118524521e-06  -1.853055321396e-09  -1.245774626233e-04  -1.559209690982e-03   4.661590153326e-02   6.017203616558e-02   2.827772720453e-02   6.507729696631e-02   2.109160187282e-02  -7.830308756564e-07   1.476939847344e-03  -4.681496885051e-02  -6.031663443681e-02  -2.835371831061e-02  -6.533133453557e-02   2.115578800483e-02   7.887527881533e-07
   2.112268080656e-07   1.058827318803e-07   2.616951891495e-07  -4.590701585655e-09  -7.656536848988e-01   7.575792273997e-07  -1.339133770625e-06  -3.679428203138e-09   1.494997639433e-01   1.991154125605e-06  -2.186789739762e-06  -8.261943113560e-10  -3.647437819767e-01   1.896940228379e-06  -1.312340620245e-06   7.293280439216e-10  -3.004521267515e-01  -1.623682809547e-09  -5.222605434565e-05   9.573370492228e-07   1.480099611861e-01   1.107454352373e-06   3.822684430372e-06   4.285239146843e-06   5.787644593216e-06   2.844853931324e-10  -2.327964840293e-01   6.761625873491e-06   5.181364387005e-06   1.155497676524e-09  -3.300078059837e-01   4.826806609219e-06   3.307439362740e-06   1.272885514439e-09  -3.126932138255e-01   2.276981590111e-06   9.629977900544e-07   8.783471761172e-10  -1.623416534833e-01  -1.346953265372e-09   5.243180771635e-05  -1.883510425765e-06  -1.825995668806e-01   5.095425628496e-07  -9.436121396040e-07  -1.337917294726e-06  -2.180647652095e-07   5.587036956194e-07  -1.392934811721e-06  -1.289482865429e-06  -4.327978433076e-02  -9.450503202889e-07  -1.339316394658e-06  -2.183584215600e-07   5.586540860988e-07  -1.397963378506e-06   1.295608332998e-06  -4.344344333795e-02
  -3.531745861702e+00  -3.321365507587e+00   2.380683218261e-02  -8.102606315718e-06   2.808035394729e-07  -2.497176754674e+00   2.049999904868e-01  -7.057268685669e-05   1.991154125605e-06  -1.651868603094e+00   3.715500454232e-01  -1.319895622515e-04   3.426776094513e-06  -1.044627566214e+00   2.258115761370e-01  -8.043877569850e-05   1.940830335402e-06   9.306900210552e-05   7.728594954058e-10   8.294944938655e-02  -2.570756642066e-06  -1.406391678273e-01  -8.343297737370e-01  -7.942392395195e-01  -3.473567912216e-01   8.585432026697e-05  -3.180067942763e-06  -9.362621992116e-01  -8.080897524101e-01   2.181238318393e-04  -7.849482133705e-06  -9.785084214186e-01  -8.878724474620e-01   2.709690750772e-04  -8.555068549547e-06  -6.635826375575e-01  -4.222359716349e-01   1.342169110677e-04  -4.014574038825e-06   4.288291184220e-04   8.221032276326e-10   3.731618243358e-01  -1.064664079671e-05  -6.210451358300e-01  -8.690156009555e-02  -2.569099037309e-01  -4.803827109236e-01  -4.632964287848e-01  -1.340401151727e-01  -1.289114191648e-01   3.137095485307e-06  -8.719146321636e-02  -2.575522718067e-01  -4.809495813230e-01  -4.635182890195e-01  -1.344418482823e-01   1.294355792767e-01   3.156385428405e-06
   7.229702225072e-03   3.184035247862e-03  -7.806969519230e-01  -5.205883680331e-06  -2.421614276584e-07   1.035087928744e-01  -6.128704678757e-01   6.003952299148e-05  -2.186789739762e-06   3.715500454232e-01  -5.543623174804e-01   1.834078912814e-04  -4.839941174627e-06   3.904817890803e-01  -4.464332996156e-01   1.233386942788e-04  -2.772169217913e-06  -1.247073647382e-04  -1.176709751724e-09  -1.304296937199e-01   3.424005697325e-06   2.385848151418e-01   1.812047390532e+00   1.690905801389e+00   2.562728300287e-01  -8.736452063865e-05   5.242038040533e-06   1.187573223885e+00   1.303536350339e-01  -4.869147807352e-06   5.483813690124e-06   7.511971590169e-01  -1.032888974356e-02  -1.332647427681e-05   3.159500725933e-06   3.929603680309e-01  -1.870364184217e-02  -2.550957995093e-05   1.420920388823e-06  -1.652942610321e-04   7.424802520135e-09  -1.128761231378e-01   8.295357628955e-07   9.029948094306e-02   2.000297078021e-01   4.158574092496e-01   4.480682791435e-01   3.034374366994e-01   1.880317484504e-01   2.610317790225e-01  -6.774612440240e-06   2.005800265525e-01   4.167101065966e-01   4.484360433423e-01   3.035270409462e-01   1.885072526540e-01  -2.620391433691e-01  -6.814166123010e-06
  -2.390686922917e-06  -1.141181699187e-06   1.949804979297e-07  -8.003696261898e-01  -1.847283251406e-09  -3.758710250174e-05   6.556752160914e-05  -4.296913553085e-01  -8.261943113560e-10  -1.319895622515e-04   1.834078912814e-04  -2.408640513793e-02   1.143011661785e-09  -1.397924039908e-04   1.242816526394e-04  -8.394733736190e-02   9.024293913852e-10   9.308339158922e-02   9.380280489330e-07   4.364341299798e-05  -1.532896180396e-09  -1.109318039572e-05  -5.871975693914e-04  -5.474718057046e-04  -1.551296668634e-04  -2.535907696892e-01  -1.796963164697e-09  -4.070021274948e-04  -1.126091657779e-04  -2.499835117279e-01  -2.605649853393e-09  -2.601577021776e-04  -5.530910333294e-05  -1.563680162325e-01  -1.200901751033e-09  -1.361948925674e-04  -3.087000159576e-05  -9.298904269590e-02  -3.631449723880e-10  -4.011131641142e-02  -1.980548526290e-06   6.674683626963e-05   7.883858823830e-10  -2.968277042604e-05   9.258589449689e-02   1.093568970348e-01   5.960668798756e-02   2.324720517304e-02   7.278540537097e-02   3.146528711383e-02  -2.193921936676e-06  -9.288488676157e-02  -1.096832056395e-01  -5.987145361912e-02  -2.343205982316e-02  -7.297383138257e-02   3.161872539047e-02   2.207300713424e-06
   1.002359061928e-07   3.973099274559e-08   2.695978363924e-07  -2.218139132330e-09  -7.236869609502e-01   7.768195343760e-07  -1.612544680840e-06  -1.252450975743e-09  -3.647437819767e-01   3.426776094513e-06  -4.839941174627e-06   1.143011661785e-09  -5.472869163343e-03   3.621122685777e-06  -3.158329097009e-06   1.332523359363e-09  -8.445234829815e-02  -1.467825447011e-09  -4.121509101852e-05   6.362990491158e-07   1.163277961983e-01   1.155821552505e-06   1.633877021503e-05   1.532347176203e-05   4.611553314591e-06  -1.025476639264e-09  -2.807601737506e-01   1.095403668343e-05   3.522711267899e-06  -8.396952969714e-10  -2.682579864909e-01   6.790029517779e-06   1.515544957795e-06   3.079501864047e-10  -1.664409324978e-01   3.590933899762e-06   8.094448143892e-07   3.973799322217e-10  -1.005670722285e-01  -4.694820943574e-11   3.250226936988e-06  -1.124593395991e-06  -6.174523321322e-02   1.698914474252e-06  -1.728136815837e-06  -4.140821030918e-07   1.767138473615e-06   1.895226468232e-06  -5.880014938443e-07  -7.132162389577e-07  -6.637189217723e-02  -1.734679131748e-06  -4.144679673935e-07   1.768748320584e-06   1.895746640384e-06  -5.882835752311e-07   7.159819461303e-07  -6.656358313255e-02
  -1.596530988430e+00  -1.513452957580e+00   3.560200103710e-03  -4.486565901900e-06   4.984153247324e-07  -1.418179931646e+00   1.373296417228e-01  -5.101678401020e-05   1.896940228379e-06  -1.044627566214e+00   3.904817890803e-01  -1.397924039908e-04   3.621122685777e-06  -6.782492227811e-01   3.272596854046e-01  -1.031210616522e-04   2.252828537297e-06   6.138984729960e-05   5.812099719180e-10   5.498350167619e-02  -1.770208930584e-06  -9.516113673357e-02  -8.816143272758e-01  -8.381074756897e-01  -1.394363463124e-01  -8.246577413463e-06  -2.148843885571e-06  -8.957842813253e-01  -3.921944883575e-01   4.942483798861e-05  -6.180700935340e-06  -8.149600907303e-01  -4.256562937280e-01   1.453348927309e-04  -6.378579279762e-06  -5.083587525776e-01  -1.688202311322e-01   7.550201764333e-05  -2.605505598410e-06   2.896216582223e-04  -5.685925712027e-09   2.593282469158e-01  -4.269734765200e-06  -3.339044035858e-01  -1.874457804291e-01  -3.352050291483e-01  -4.503202107868e-01  -3.766499514983e-01  -1.246053239935e-01  -1.790727874517e-01   4.921961536365e-06  -1.878170890848e-01  -3.358168399929e-01  -4.507302859047e-01  -3.767890947392e-01  -1.249357419105e-01   1.796979294268e-01   4.948250950069e-06
   2.582308175060e-03   6.155981346775e-04  -2.951477981746e-01  -2.994829386815e-06  -3.399013190931e-07   3.178424814148e-02  -3.738681437721e-01   2.636185317848e-05  -1.312340620245e-06   2.258115761370e-01  -4.464332996156e-01   1.242816526394e-04  -3.158329097009e-06   3.272596854046e-01  -3.100305745594e-01   9.130907074343e-05  -1.951634933858e-06  -4.923016831224e-05  -5.882075815601e-10  -5.247992104667e-02   1.438987596427e-06   1.006024163880e-01   1.145868601775e+00   1.084240026562e+00  -3.836977052580e-02   3.069740700695e-05   3.087391370839e-06   9.275766856658e-01  -8.207061477298e-02   6.565883510805e-05   5.912576480236e-06   6.225406601317e-01  -1.238338078979e-01  -3.098126367024e-05   4.153089890823e-06   3.568483736504e-01  -2.801391036197e-02  -4.454027704485e-05   1.668392280366e-06  -1.426251422860e-04   1.187632088732e-08  -1.257504377097e-01  -2.132813261517e-06   3.138423734282e-03   2.942520059036e-01   4.216096362745e-01   4.068445680645e-01   2.871908064096e-01   1.317513998037e-01   2.560430847749e-01  -7.186779713808e-06   2.946761809935e-01   4.221871413971e-01   4.070618037423e-01   2.872485614510e-01   1.320439718835e-01  -2.568636542024e-01  -7.222386521188e-06
  -9.273860215698e-07  -3.948585747770e-07  -3.080241926781e-06  -3.160976802196e-01   5.940511260408e-11  -1.415674036793e-05   2.590618676624e-05  -3.043116544224e-01   7.293280439216e-10  -8.043877569850e-05   1.233386942788e-04  -8.394733736190e-02   1.332523359363e-09  -1.031210616522e-04   9.130907074343e-05   3.588613550502e-02   7.313585701959e-10   4.217678496870e-02   4.417631701031e-07   1.798074503249e-05  -6.754452932997e-10  -1.856456753632e-06  -3.714281570943e-04  -3.516639794542e-04  -4.054676638604e-05  -2.170514917811e-01  -2.878856129206e-09  -3.262997105261e-04  -4.290730680942e-05  -2.654085879961e-01  -5.199936557516e-09  -1.902916737802e-04  -3.322378397882e-05  -1.297798784130e-01  -2.285785091837e-09  -8.948341261885e-05  -2.443755151114e-05  -2.035403605384e-02  -3.780942577855e-10  -1.400335705347e-02  -3.751830685373e-06   6.980632882202e-05   2.983593154406e-09   6.431244844059e-06   1.416007600383e-01   1.227176761288e-01   4.505350781534e-02   9.002006064029e-03   5.039888372284e-02   4.072771093761e-02  -2.366932249421e-06  -1.418613757504e-01  -1.229529617039e-01  -4.520932378595e-02  -9.118985973740e-03  -5.056821721012e-02   4.088159037558e-02   2.379679693078e-06
   4.552344406417e-08   1.790446913733e-08   2.755350188929e-07  -6.215373735779e-10  -3.029271312522e-01   3.089588279627e-07  -5.619101996279e-07  -1.205244004381e-10  -3.004521267515e-01   1.940830335402e-06  -2.772169217913e-06   9.024293913852e-10  -8.445234829815e-02   2.252828537297e-06  -1.951634933858e-06   7.313585701959e-10   4.929238204144e-02  -6.711920878280e-10  -1.927552064560e-05   3.606677136399e-07   5.374257134014e-02   4.731345322612e-07   1.032610775730e-05   9.779112935583e-06   1.913647176779e-06  -1.214206120384e-09  -1.964011257400e-01   7.339940657252e-06   2.424246560524e-06  -2.339798249501e-09  -2.040831544687e-01   3.935109928146e-06   8.080649884790e-07  -7.590662323670e-10  -6.986663441886e-02   1.969785579780e-06   2.341300293179e-07   7.636228764675e-11   3.497483706146e-03   1.013952350841e-09   1.296274020214e-05  -1.486298741449e-06  -8.690003134844e-02   1.759585035431e-06  -1.843332175013e-06  -3.233627931305e-07   1.402120746039e-06   1.413883569210e-06  -2.352429725086e-07  -4.452143007358e-07  -4.257612852667e-02  -1.850297369545e-06  -3.250451207931e-07   1.403355482574e-06   1.414576437149e-06  -2.365004122134e-07   4.480605471031e-07  -4.270905318610e-02
   1.451587200440e-06   4.020557692241e-07  -5.272030669744e-05   5.513639285747e-02  -8.561403990401e-10   6.682859029705e-05  -1.390602136846e-04   1.206906789299e-01  -1.623682809547e-09   9.306900210552e-05  -1.247073647382e-04   9.308339158922e-02  -1.467825447011e-09   6.138984729960e-05  -4.923016831224e-05   4.217678496870e-02  -6.711920878280e-10   3.095478833109e+00  -7.720026496777e-07  -5.792390645969e-05   1.401336797814e-09   4.338300539228e-05   1.884498788220e-04   2.240018280449e-04   1.646829385011e-04   1.663121525212e-01   1.859709764851e-09   1.429042621470e-04   1.427363943316e-05   4.965576263054e-02   9.012988047445e-11   1.057004394040e-04   7.702795346688e-05   6.710368088395e-02   5.890385663447e-10   4.535579275226e-05   2.133666264446e-05   2.860308741254e-02   7.208544866624e-11  -2.885200656898e-01  -2.445508439377e-06   8.674039405391e-05  -5.926133788705e-09  -3.502180972374e-04  -1.973188741258e-02  -4.429371282539e-02  -2.238082743185e-02  -6.648179540455e-03  -5.810039754811e-02  -2.303487461295e-02   8.399250130443e-07   1.980780830233e-02   4.439219552668e-02   2.246392197940e-02   6.703717873261e-03   5.832116237710e-02  -2.312088892176e-02  -8.448907587474e-07
  -2.240256372035e-10  -3.354196999477e-10  -3.409801818907e-10   6.291352285534e-07  -2.626573624736e-05   3.504131268108e-10  -1.040501667121e-09   1.218319393977e-06  -5.222605434565e-05   7.728594954058e-10  -1.176709751724e-09   9.380280489330e-07  -4.121509101852e-05   5.812099719180e-10  -5.882075815601e-10   4.417631701031e-07  -1.927552064560e-05  -7.720026496777e-07   3.175449048037e+00   2.872820708054e-11   3.089376081226e-05  -2.707183940799e-12   1.747009763114e-09   2.078604012928e-09   2.127994278852e-09   1.461228121258e-06  -5.632800533201e-05   1.598219349572e-09   4.576415169341e-10   4.352267308841e-07  -2.052404247389e-05   1.232837627840e-09   8.617997410398e-10   6.341130821009e-07  -2.651304013676e-05   5.530626400263e-10   1.854742227021e-10   2.869120226287e-07  -1.190393144345e-05  -2.607947840617e-06   7.108367577186e-03   2.311123598964e-09   8.746028883759e-05  -4.044870955425e-09   4.089845992726e-08   5.698583288016e-08  -8.214061119972e-08  -3.831008692876e-08   3.799359617761e-07   1.086001180553e-07   7.331438536745e-03  -4.162596133563e-08  -5.722318035459e-08   8.276834139420e-08   3.889406732840e-08  -3.822091028892e-07   1.095249790671e-07  -7.375512686306e-03
   5.512942357181e-03   6.364556367196e-03  -6.142912376152e-02   2.052294893911e-05   6.957506981128e-07   6.227329085039e-02  -1.537276756520e-01   5.159397810482e-05   9.573370492228e-07   8.294944938655e-02  -1.304296937199e-01   4.364341299798e-05   6.362990491158e-07   5.498350167619e-02  -5.247992104667e-02   1.798074503249e-05   3.606677136399e-07  -5.792390645969e-05   2.872820708054e-11   3.122201827051e+00   1.774111964411e-07   8.909255624055e-02   1.677825107910e-01   1.995495173946e-01   9.953580323889e-02  -3.389690816307e-05   3.540972417454e-06   1.213031742549e-01  -3.215103920024e-03   7.650703917799e-07   8.714589815441e-07   9.102237408222e-02   4.797645087089e-02  -1.444478469421e-05   1.609075243127e-06   4.094863282244e-02   1.069797979357e-02  -2.487973428360e-06   6.061093457861e-07   9.069509401941e-05   2.366145106788e-09   8.656993864630e-02  -6.870931989903e-06  -1.384566197301e-01   6.066219851216e-03   3.638607804948e-02   4.362731352099e-02   2.904373193370e-02   4.127302013185e-02   2.426806425167e-02  -5.980361652832e-07   6.111591737013e-03   3.647969807654e-02   4.367698034689e-02   2.905639915808e-02   4.143009702057e-02  -2.438428308406e-02  -6.022959987224e-07
  -2.901502451974e-08   9.187342857029e-09   1.383534069799e-06  -9.992980997211e-10   7.540756972336e-02  -1.761443742667e-06   3.724947462714e-06  -1.777563968974e-09   1.480099611861e-01  -2.570756642066e-06   3.424005697325e-06  -1.532896180396e-09   1.163277961983e-01  -1.770208930584e-06   1.438987596427e-06  -6.754452932997e-10   5.374257134014e-02   1.401336797814e-09   3.089376081226e-05   1.774111964411e-07   3.082126166317e+00  -1.999291664198e-06  -5.261983867187e-06  -6.293661962489e-06  -4.722322200866e-06   2.143296628558e-09   1.751432560487e-01  -4.179083077301e-06  -5.007484568640e-07   3.370846376707e-10   6.153360994772e-02  -3.128187252448e-06  -2.119115623043e-06   7.135472571551e-10   7.665434796679e-02  -1.409606640761e-06  -5.486433830310e-07   1.172587541481e-10   3.332373733546e-02  -6.039270150856e-09   9.134353428221e-05  -7.053035433383e-06  -2.697399835212e-01   6.856540864859e-06   4.463717451419e-07   3.641600470826e-07  -6.831994818331e-07  -7.504015527630e-07   7.930919867971e-07   6.933993261590e-07   2.112260629790e-02   4.489968235889e-07   3.653499094331e-07  -6.836389580291e-07  -7.506016803283e-07   7.968755999001e-07  -6.969480832459e-07   2.121864066059e-02
  -1.212819729269e-03   8.569488135719e-04   1.094941277550e-01   3.578781926961e-06   2.482683872005e-07  -9.927054682973e-02   2.735809003689e-01  -3.923144046054e-06   1.107454352373e-06  -1.406391678273e-01   2.385848151418e-01  -1.109318039572e-05   1.155821552505e-06  -9.516113673357e-02   1.006024163880e-01  -1.856456753632e-06   4.731345322612e-07   4.338300539228e-05  -2.707183940799e-12   8.909255624055e-02  -1.999291664198e-06   3.026640263260e+00  -2.919738017437e-01  -3.471467307227e-01  -1.756176660965e-01   1.676782373419e-04  -2.867676745781e-06  -2.184883773217e-01   3.017119880810e-03   3.437450169419e-05  -2.420955892585e-07  -1.650869342301e-01  -7.995468518770e-02   7.291245439900e-05  -1.276354471159e-06  -7.443559972874e-02  -1.474366459825e-02   2.529306601475e-05  -3.894149883983e-07  -3.478306054196e-04  -3.996782239940e-09  -1.406919925776e-01   6.967344215268e-06   2.525611439320e-01  -7.466872891225e-03  -5.535227636382e-02  -7.751425503302e-02  -5.273707966733e-02  -4.630748307612e-02  -4.053066880772e-02   6.192443250693e-07  -7.497073398913e-03  -5.546816230721e-02  -7.757766047400e-02  -5.275088937120e-02  -4.645320044559e-02   4.072871882675e-02   6.232079893957e-07
  -2.380571302039e-03  -1.877624810288e-03   2.029969426422e-02  -8.482446662666e-06   9.498337542007e-08  -1.320479661597e-01   4.336761995020e-01  -1.421408137950e-04   3.822684430372e-06  -8.343297737370e-01   1.812047390532e+00  -5.871975693914e-04   1.633877021503e-05  -8.816143272758e-01   1.145868601775e+00  -3.714281570943e-04   1.032610775730e-05   1.884498788220e-04   1.747009763114e-09   1.677825107910e-01  -5.261983867187e-06  -2.919738017437e-01  -9.616504436485e+00  -1.204993271989e+01  -5.244239737459e-03   6.408488341721e-06   2.611975307337e-07  -4.440812490893e+00  -6.249839507536e-03  -4.403146522067e-06  -1.041912340082e-07  -1.998332406632e+00  -3.569914657124e-03  -1.561221761041e-06  -1.219325499339e-07  -8.420850048955e-01  -1.303265920316e-03  -1.918604830740e-07  -5.257196178299e-08   1.373276338906e-05  -7.494573320990e-10   7.057051083100e-03  -5.818436089069e-08  -4.356924755141e-03  -1.189993273370e-01  -9.262949207863e-01  -1.011509435376e+00  -6.245752755311e-01  -5.579159803872e-01  -8.999783304040e-01   2.574871941002e-05  -1.201044680523e-01  -9.293917345069e-01  -1.012627529093e+00  -6.248209764998e-01  -5.607578501553e-01   9.055072777399e-01   2.595616953529e-05
  -8.040514125883e-04  -6.470151866960e-04   1.983748654024e-02  -6.042714975764e-06   1.811479043777e-07  -1.442979648014e-01   4.708046156929e-01  -1.514391412420e-04   4.285239146843e-06  -7.942392395195e-01   1.690905801389e+00  -5.474718057046e-04   1.532347176203e-05  -8.381074756897e-01   1.084240026562e+00  -3.516639794542e-04   9.779112935583e-06   2.240018280449e-04   2.078604012928e-09   1.995495173946e-01  -6.293661962489e-06  -3.471467307227e-01  -1.204993271989e+01  -8.836859939071e+00  -5.277451269383e-03  -7.507745537335e-06   2.992393587966e-07  -3.975352814734e+00  -3.824476736835e-03  -1.538077654148e-05  -1.815959801470e-07  -1.879851349547e+00   5.892922882643e-04  -6.174309960376e-06  -1.612454452106e-07  -8.045123093349e-01   1.220558129204e-03  -1.258706598215e-06  -5.636698714561e-08   1.853785783930e-05  -1.112697260363e-09   1.052614930496e-02   9.373066893833e-08  -3.671555214526e-03  -1.401352458181e-01  -8.882870252356e-01  -9.633047913300e-01  -5.982157537926e-01  -5.508438898247e-01  -8.893610556406e-01   2.546085788415e-05  -1.413693262605e-01  -8.911610549374e-01  -9.643578088445e-01  -5.984497729892e-01  -5.533932885747e-01   8.944067611956e-01   2.565400978413e-05
  -7.870864583841e-02  -7.895478483718e-02   3.706012183163e-01  -1.559255504880e-04   3.549849038050e-06  -4.053373683226e-01   5.233751508888e-01  -2.368424649663e-04   5.787644593216e-06  -3.473567912216e-01   2.562728300287e-01  -1.551296668634e-04   4.611553314591e-06  -1.394363463124e-01  -3.836977052580e-02  -4.054676638604e-05   1.913647176779e-06   1.646829385011e-04   2.127994278852e-09   9.953580323889e-02  -4.722322200866e-06  -1.756176660965e-01  -5.244239737459e-03  -5.277451269383e-03   8.444675165208e-01   1.906851440697e-04   5.445080384078e-07  -4.678668559978e-02  -5.862188381703e-01   2.254929179356e-04   9.826868506831e-07  -1.633567621669e-02  -4.910664788087e-01   8.129389608445e-05   1.184265115531e-06   9.503544768790e-03  -1.632231432209e-01   8.302219413337e-06   6.381431078465e-07  -2.997194616745e-05   7.916730633307e-09   4.454268783426e-02  -4.469457709959e-06  -1.799805908931e-01   2.177646938964e-01   2.061597166624e-01   9.603991192155e-02   3.418815786976e-02  -6.134344415496e-02   1.834768771812e-01  -5.189732469787e-06   2.182762438594e-01   2.062363185763e-01   9.595583540580e-02   3.415160328904e-02  -6.213507934006e-02  -1.832007194803e-01  -5.192436975883e-06
   2.586256582258e-05   2.600432776338e-05  -1.536700265498e-04  -6.480216396369e-02   6.752684413107e-10   1.371951305382e-04  -2.347077367261e-04  -1.590294611998e-01   2.844853931324e-10   8.585432026697e-05  -8.736452063865e-05  -2.535907696892e-01  -1.025476639264e-09  -8.246577413463e-06   3.069740700695e-05  -2.170514917811e-01  -1.214206120384e-09   1.663121525212e-01   1.461228121258e-06  -3.389690816307e-05   2.143296628558e-09   1.676782373419e-04   6.408488341721e-06  -7.507745537335e-06   1.906851440697e-04   9.096501852856e-01  -1.071593829196e-08  -2.200629148119e-04   2.216816103207e-04  -5.000607416139e-01  -1.324198473073e-08  -1.486987104494e-04   6.961822640724e-05  -4.889262644955e-01  -6.611821905073e-09  -5.936255865426e-05  -5.516137835952e-07  -1.843943009144e-01  -1.813183361760e-09   8.171367886034e-02  -4.904643834832e-06   1.002256775147e-04   9.273302964405e-09   2.142722067005e-04   3.521216910664e-01   3.376339906876e-01   1.613581164051e-01   4.490343769542e-02   1.811118180023e-01   1.171129657119e-01  -8.536297364949e-06  -3.532477061272e-01  -3.381455428529e-01  -1.614984562729e-01  -4.495638642311e-02  -1.808520102178e-01   1.165143294487e-01   8.548009019334e-06
  -6.947351583504e-07  -6.996088097822e-07   4.008462886164e-06   9.307230699011e-10  -1.216835868119e-01  -3.411544479708e-06   6.051977417863e-06   6.820323379538e-10  -2.327964840293e-01  -3.180067942763e-06   5.242038040533e-06  -1.796963164697e-09  -2.807601737506e-01  -2.148843885571e-06   3.087391370839e-06  -2.878856129206e-09  -1.964011257400e-01   1.859709764851e-09  -5.632800533201e-05   3.540972417454e-06   1.751432560487e-01  -2.867676745781e-06   2.611975307337e-07   2.992393587966e-07   5.445080384078e-07  -1.071593829196e-08   1.034775292113e+00  -2.421800750365e-06   8.984007468061e-07  -1.388886914787e-08  -3.246224273003e-01  -2.535598867187e-06   9.726711717610e-07  -8.082781378757e-09  -3.698855895358e-01  -1.466329049058e-06   5.015090435322e-07  -2.785402538473e-09  -1.389705784779e-01   9.495101073940e-09  -2.111719957102e-05   5.426055753322e-07  -7.034396327586e-02   3.175313438663e-07  -8.171410785123e-06  -8.208672493007e-06  -5.037238860344e-06  -2.132091448126e-06  -4.682464053039e-06  -7.412971351085e-06  -1.560929403393e-01  -8.222756342723e-06  -8.243745444666e-06  -5.050241712369e-06  -2.135036063331e-06  -4.685854369068e-06   7.423397948005e-06  -1.565209852379e-01
  -5.123853013312e-01  -4.918558325938e-01   3.663308332186e-01  -1.025312528370e-04   4.038043880525e-06  -6.898490183621e-01   6.240438860865e-01  -1.843425207942e-04   6.761625873491e-06  -9.362621992116e-01   1.187573223885e+00  -4.070021274948e-04   1.095403668343e-05  -8.957842813253e-01   9.275766856658e-01  -3.262997105261e-04   7.339940657252e-06   1.429042621470e-04   1.598219349572e-09   1.213031742549e-01  -4.179083077301e-06  -2.184883773217e-01  -4.440812490893e+00  -3.975352814734e+00  -4.678668559978e-02  -2.200629148119e-04  -2.421800750365e-06  -2.277973785421e+00  -1.388680978430e-01  -3.004498606502e-04  -6.677810296012e-06  -1.590229312387e+00  -8.313523841610e-02  -1.005101072207e-04  -5.156954667865e-06  -8.711454865196e-01  -1.682264516277e-02  -1.034678757445e-05  -1.826067742959e-06   4.120606159971e-04  -2.018316725885e-08   2.404224562940e-01   7.889123436785e-07  -1.663575321149e-01  -4.254202197750e-01  -8.568800297284e-01  -9.535786354019e-01  -6.692328115880e-01  -3.189734623174e-01  -5.264058774254e-01   1.517558524609e-05  -4.267748289403e-01  -8.588429966234e-01  -9.544903722023e-01  -6.694801891344e-01  -3.199061666538e-01   5.284470689804e-01   1.526309003385e-05
  -1.513188759383e+00  -1.438738307587e+00   5.509982109903e-01  -2.674499034501e-04   6.320539900402e-06  -1.253158322204e+00   4.010005927214e-01  -2.278853130983e-04   5.181364387005e-06  -8.080897524101e-01   1.303536350339e-01  -1.126091657779e-04   3.522711267899e-06  -3.921944883575e-01  -8.207061477298e-02  -4.290730680942e-05   2.424246560524e-06   1.427363943316e-05   4.576415169341e-10  -3.215103920024e-03  -5.007484568640e-07   3.017119880810e-03  -6.249839507536e-03  -3.824476736835e-03  -5.862188381703e-01   2.216816103207e-04   8.984007468061e-07  -1.388680978430e-01  -5.938235583504e-01   4.023580503185e-04   7.791390083706e-07  -1.770854266076e-01  -7.140008890568e-01   1.818320022443e-04   6.978319338051e-07  -9.853916120764e-02  -3.228246673931e-01   2.919128302983e-05   4.856584737398e-07   9.204064719243e-05   1.811966963959e-08   1.857518861426e-01  -1.332872085378e-05  -5.705537516234e-01   2.421424811545e-01   1.977541405589e-01   5.415543768641e-02  -2.484144730077e-02  -6.700778383032e-02  -1.248352647862e-02   3.916520505217e-07   2.422320010389e-01   1.976516106765e-01   5.392015357462e-02  -2.494471172473e-02  -6.699740357971e-02   1.256442936715e-02   3.942789091042e-07
   4.893098874771e-04   4.652355753601e-04  -2.621663552040e-04  -2.263064775542e-01   1.621947071834e-10   4.078542019649e-04  -2.187585595713e-04  -2.442413398932e-01   1.155497676524e-09   2.181238318393e-04  -4.869147807352e-06  -2.499835117279e-01  -8.396952969714e-10   4.942483798861e-05   6.565883510805e-05  -2.654085879961e-01  -2.339798249501e-09   4.965576263054e-02   4.352267308841e-07   7.650703917799e-07   3.370846376707e-10   3.437450169419e-05  -4.403146522067e-06  -1.538077654148e-05   2.254929179356e-04  -5.000607416139e-01  -1.388886914787e-08  -3.004498606502e-04   4.023580503185e-04  -2.771177647262e-01  -2.286289279443e-08  -1.702850931750e-04   1.715642626514e-04  -4.713531596018e-01  -1.188851874829e-08  -3.881389983969e-05   2.026831996275e-05  -2.538503646780e-01  -3.161783633599e-09   1.768177141407e-01  -1.215934602844e-05   1.831317204546e-04   1.982740028850e-08   4.957063068677e-04   3.904178180184e-01   3.389288797845e-01   1.966127493770e-01   6.454442570509e-02  -1.618133359419e-02  -8.297924611479e-02   4.268842556718e-07  -3.909126537175e-01  -3.392598785770e-01  -1.967214190191e-01  -6.454657924186e-02   1.621914839284e-02  -8.301043304444e-02  -4.323620570437e-07
  -1.368498192453e-05  -1.301747589247e-05   7.138831648391e-06  -5.739267004251e-11  -2.877701733435e-01  -1.105135858352e-05   5.802060557368e-06   9.684616872750e-10  -3.300078059837e-01  -7.849482133705e-06   5.483813690124e-06  -2.605649853393e-09  -2.682579864909e-01  -6.180700935340e-06   5.912576480236e-06  -5.199936557516e-09  -2.040831544687e-01   9.012988047445e-11  -2.052404247389e-05   8.714589815441e-07   6.153360994772e-02  -2.420955892585e-07  -1.041912340082e-07  -1.815959801470e-07   9.826868506831e-07  -1.324198473073e-08  -3.246224273003e-01  -6.677810296012e-06   7.791390083706e-07  -2.286289279443e-08   5.546336331317e-02  -8.374090677201e-06   5.250993755140e-07  -1.326865327273e-08  -2.107267831955e-01  -5.288283115645e-06   3.557960993262e-07  -4.235285984171e-09  -1.521919328204e-01   1.969810196650e-08  -4.373771940675e-05   3.053774452640e-06  -1.274562173252e-01  -4.807096197633e-07  -8.788461809261e-06  -8.518096366487e-06  -8.440425602389e-06  -5.252971444024e-06   8.550831946288e-07   1.428961527137e-06  -3.527318552672e-02  -8.824001233924e-06  -8.550454175695e-06  -8.458067584959e-06  -5.257839457543e-06   8.560210187253e-07  -1.434878873461e-06  -3.511592798067e-02
  -1.125332306106e+00  -1.065897436672e+00   2.304329053887e-01  -7.341091215304e-05   2.892427076297e-06  -1.045275896415e+00   4.036485520372e-01  -1.306180184782e-04   4.826806609219e-06  -9.785084214186e-01   7.511971590169e-01  -2.601577021776e-04   6.790029517779e-06  -8.149600907303e-01   6.225406601317e-01  -1.902916737802e-04   3.935109928146e-06   1.057004394040e-04   1.232837627840e-09   9.102237408222e-02  -3.128187252448e-06  -1.650869342301e-01  -1.998332406632e+00  -1.879851349547e+00  -1.633567621669e-02  -1.486987104494e-04  -2.535598867187e-06  -1.590229312387e+00  -1.770854266076e-01  -1.702850931750e-04  -8.374090677201e-06  -1.224392520431e+00  -2.008095503832e-01   5.836616070775e-05  -8.091923001859e-06  -7.398377049889e-01  -7.820468929165e-02   6.889852510385e-05  -3.274827385365e-06   3.781833177819e-04  -1.859027162459e-08   3.054018128002e-01   2.214747100545e-07  -2.310411641242e-01  -4.148443926789e-01  -6.595802742015e-01  -7.482599118491e-01  -5.723992658143e-01  -2.245040452328e-01  -3.839771062139e-01   1.103418465302e-05  -4.157254193911e-01  -6.607565165643e-01  -7.488429021786e-01  -5.725762305976e-01  -2.251236005865e-01   3.853986506419e-01   1.109535510106e-05
