ARMA_MAT_TXT_FN008
50 50
  -9.475399520725e+00  -1.192703592041e+01  -3.899946597890e-07  -1.577115927565e-06   4.199666226358e-05  -4.399757100231e+00  -3.592072079855e-07  -1.573731628798e-06   5.912832206370e-05  -1.980356951385e+00  -2.498751922021e-07  -1.069543076308e-06   3.697044993562e-05  -8.347598784399e-01  -1.036923129377e-07  -4.364108007611e-07   1.410693491639e-05   2.094212617255e-08   9.570673970641e-07   1.412667532784e-05   2.587872271850e-07   1.036460615004e-07  -1.307975689006e-01  -9.522711227235e-01  -1.015068530377e+00  -6.219600183653e-01   9.528860143888e-01   4.413629222300e-01   3.804942637285e-01  -1.308502624632e-01  -9.524094327985e-01  -1.015117210023e+00  -6.219706108597e-01  -9.024216078852e-02  -1.058402169436e+00   3.461830650369e-01  -1.311836972480e-01  -9.532503996053e-01  -1.015420052569e+00  -6.220380620489e-01   5.153219038994e-03   2.242773718788e-02  -1.118660662474e+00  -1.308089148341e-01  -9.523008905777e-01  -1.015079011464e+00  -6.219622998355e-01  -8.677473119877e-01   5.948803182459e-01   3.752825087787e-01
  -1.192703592041e+01  -8.697832559136e+00  -1.474302142701e-07  -7.183697439098e-07   3.604243080604e-05  -3.920709711881e+00  -1.519986691845e-07  -8.293217416288e-07   5.234544243467e-05  -1.858108287282e+00  -1.575831688716e-07  -7.353883523743e-07   3.354277295239e-05  -7.970033020950e-01  -7.052406309422e-08  -3.095635732313e-07   1.174548826087e-05   2.777925602401e-08   7.879377632107e-07   4.251467348788e-05   2.346761778581e-07   1.088380969903e-07  -1.520039455279e-01  -9.083036755196e-01  -9.639726608039e-01  -5.951411732497e-01   9.332892070557e-01   4.322861300439e-01   3.726686329443e-01  -1.520625906152e-01  -9.084316792189e-01  -9.640185154696e-01  -5.951512990999e-01  -8.838440273154e-02  -1.036613908219e+00   3.390559145481e-01  -1.523986703549e-01  -9.091864720409e-01  -9.642967687072e-01  -5.952141902754e-01   5.046494277356e-03   2.196323363975e-02  -1.095492813455e+00  -1.520165555268e-01  -9.083312134542e-01  -9.639825301186e-01  -5.951433533993e-01  -8.498976023273e-01   5.826437492597e-01   3.675624038943e-01
  -3.899946597890e-07  -1.474302142701e-07   1.047292239529e+00   2.672273284274e-07   2.487163474291e-06   9.234506954505e-08  -4.125416036874e-01   3.331200681989e-07   3.018007101132e-06  -9.187764267969e-07  -4.575965447315e-01   1.545341090260e-07   1.349580772700e-06  -9.445765846552e-07  -1.779496037950e-01   3.465097646576e-08   2.837822661051e-07  -8.221686234008e-02   7.412637483446e-05  -9.608931098770e-04  -6.161890860992e-02  -2.121952621681e-02  -3.532842393994e-01  -3.242322290100e-01  -1.547848948503e-01  -4.341784866659e-02   8.136686482556e-02   1.197996128961e-01   1.033042166074e-01   3.345458106502e-02   3.070036631042e-02   1.465432191311e-02   4.109836326200e-03  -1.749837570391e-01   2.719187716469e-02  -8.894714319788e-03  -1.906899162658e-03  -1.750202353672e-03  -8.362247673086e-04  -2.351087047396e-04  -1.776897345951e-01   3.292544791730e-05  -1.637231913085e-03   3.217124030541e-01   2.952505408344e-01   1.409461886355e-01   3.953465670210e-02   3.718204397485e-02  -1.470245191977e-01  -9.277172211263e-02
  -1.577115927565e-06  -7.183697439098e-07   2.672273284274e-07   1.047283329500e+00   8.600214943431e-06  -2.314290609737e-06   3.331248872965e-07  -4.125479125894e-01   1.035358277478e-05  -5.591061031791e-06   1.545446166110e-07  -4.575969792939e-01   4.578398494690e-06  -4.569795296288e-06   3.465766753482e-08  -1.779489880902e-01   9.430653438906e-07   2.177183235313e-02  -5.800904949777e-02  -4.126525004879e-03   7.413114667990e-05  -8.458644956347e-02  -1.636346479052e-01  -1.501795329300e-01  -7.169699438124e-02  -2.011363778907e-02   1.197995791006e-01  -1.217922082812e-01   4.785466290736e-02   3.923693371843e-01   3.600675492395e-01   1.718765578077e-01   4.820718779192e-02   2.719181214033e-02   1.416113357504e-01  -1.043323382797e-01  -8.299695140878e-03  -7.617769446491e-03  -3.639926797693e-03  -1.023480364238e-03   3.292578585077e-05  -1.775482950157e-01  -7.125487519405e-03  -2.205467369919e-01  -2.024075074310e-01  -9.662860454691e-02  -2.710677039510e-02  -1.470244206954e-01  -7.649499351306e-02   6.360658784121e-02
   4.199666226358e-05   3.604243080604e-05   2.487163474291e-06   8.600214943431e-06   1.047601846440e+00   4.395305985057e-04   3.014996975213e-06   1.034340505093e-05  -4.119046485247e-01   4.137615176576e-04   1.342469594976e-06   4.554317956262e-06  -4.571694399109e-01   2.282403384669e-04   2.788613360533e-07   9.263915977843e-07  -1.778151465954e-01   7.434937258005e-05  -4.797106523804e-03   1.053700811512e-01  -1.116754918931e-03  -1.812287932944e-03  -1.414327794352e-01  -1.295654883806e-01  -6.160556150929e-02  -1.716312597618e-02   1.032377829173e-01   4.782393189104e-02  -1.362837540257e-01  -1.286791519250e-01  -1.178592434386e-01  -5.601852938901e-02  -1.559591322874e-02  -8.888727509224e-03  -1.042624206340e-01  -1.434160248399e-01   4.145797095192e-01   3.802652796854e-01   1.815579288220e-01   5.101672610598e-02  -1.636820843634e-03  -7.123623736380e-03   1.775446671864e-01  -1.394941092701e-01  -1.277853363632e-01  -6.075574705000e-02  -1.692470992838e-02  -9.271169537962e-02   6.356551370429e-02  -1.374134479569e-01
  -4.399757100231e+00  -3.920709711881e+00   9.234506954505e-08  -2.314290609737e-06   4.395305985057e-04  -2.144127787192e+00  -3.794857302811e-06  -1.991650143759e-05   1.176916885207e-03  -1.500563323601e+00  -4.488235374467e-06  -2.039573127025e-05   8.636850222193e-04  -8.379941358418e-01  -1.917152403969e-06  -8.297788722272e-06   2.996876645349e-04   5.692092992078e-07   1.486585896535e-05   1.379195186311e-03   4.521126798860e-06  -6.242996423308e-06  -4.158611042136e-01  -8.393300928544e-01  -9.258255176490e-01  -6.502879504130e-01   5.113228128200e-01   2.368377830632e-01   2.043145331382e-01  -4.159230433661e-01  -8.394127626606e-01  -9.258604706645e-01  -6.502972077740e-01  -4.842016359053e-02  -5.678964235623e-01   1.858789313614e-01  -4.159749614572e-01  -8.399871026968e-01  -9.263297995379e-01  -6.504491421307e-01   2.763437382084e-03   1.202697827894e-02  -6.001085183173e-01  -4.158742727422e-01  -8.393479295698e-01  -9.258331741920e-01  -6.502899920084e-01  -4.656282945580e-01   3.192101879180e-01   2.015128283062e-01
  -3.592072079855e-07  -1.519986691845e-07  -4.125416036874e-01   3.331248872965e-07   3.014996975213e-06  -3.794857302811e-06  -1.529354981635e-01   5.861350389691e-07   5.297997937416e-06  -7.241482711750e-06  -3.959247852663e-01   2.910200892256e-07   2.555842279185e-06  -5.451976357878e-06  -2.310949107128e-01   6.312482438192e-08   5.197123135201e-07  -1.967153928311e-01   1.773430163649e-04  -2.298711461792e-03  -1.474169129058e-01  -5.077075267690e-02  -3.739175190079e-01  -3.106626530098e-01  -1.798975504965e-01  -5.964181720278e-02  -1.171272088145e-01  -3.077927910598e-02  -2.644990957722e-02   3.540569320151e-02   2.941305980529e-02   1.702742156510e-02   5.641995927943e-03  -5.127722308102e-02  -6.986351487594e-03   2.280202039582e-03  -2.016399934550e-03  -1.678260756257e-03  -9.759539647790e-04  -3.262141165776e-04  -5.113753425436e-02  -8.199065283040e-06   4.165686309267e-04   3.404958656125e-01   2.828893511066e-01   1.638058418448e-01   5.430137097767e-02  -1.057776758147e-01   3.777410487458e-02   2.375863761412e-02
  -1.573731628798e-06  -8.293217416288e-07   3.331200681989e-07  -4.125479125894e-01   1.034340505093e-05  -1.991650143759e-05   5.861350389691e-07  -1.529278289455e-01   1.816228927041e-05  -3.292953218400e-05   2.910298620385e-07  -3.959070348225e-01   8.684204920705e-06  -2.360791583778e-05   6.313225694782e-08  -2.310861047367e-01   1.729902391282e-06   5.208924992633e-02  -1.387745701091e-01  -9.871741521420e-03   1.773488971981e-04  -2.023738431563e-01  -1.731912666948e-01  -1.438982407681e-01  -8.334166214855e-02  -2.764066730491e-02  -3.077813640088e-02  -6.493995601091e-02  -1.224121119604e-02   4.152522315193e-01   3.449763253032e-01   1.997338080870e-01   6.620151116645e-02  -6.986281975982e-03  -1.326260086519e-01   2.672439938954e-02  -8.776463914353e-03  -7.304449966740e-03  -4.247430004974e-03  -1.419405975625e-03  -8.200021103644e-06  -5.115878605327e-02   1.813436914179e-03  -2.334231324355e-01  -1.939383900000e-01  -1.123165879486e-01  -3.724609707841e-02   3.777289362747e-02  -7.657962417702e-02  -1.627469294681e-02
   5.912832206370e-05   5.234544243467e-05   3.018007101132e-06   1.035358277478e-05  -4.119046485247e-01   1.176916885207e-03   5.297997937416e-06   1.816228927041e-05  -1.509438999618e-01   1.396690393306e-03   2.549133624630e-06   8.661462589896e-06  -3.942686178560e-01   8.534992440526e-04   5.142265032635e-07   1.711289619841e-06  -2.304965206459e-01   1.776178533051e-04  -1.146374452008e-02   2.517825780690e-01  -2.668835613529e-03  -4.330241536383e-03  -1.497621381148e-01  -1.238536822814e-01  -7.094504944637e-02  -2.312236030241e-02  -2.673599245620e-02  -1.237414103758e-02  -6.168247540639e-02  -1.362483848860e-01  -1.126405181640e-01  -6.446112919890e-02  -2.097287515063e-02   2.305822752915e-03   2.702508840293e-02  -5.982661263625e-02   4.385288413885e-01   3.643259896606e-01   2.112578125068e-01   7.039122485010e-02   4.188479900588e-04   1.823150809100e-03  -1.420796813753e-01  -1.477069278894e-01  -1.221482587624e-01  -6.995880031133e-02  -2.279536606626e-02   2.401681815368e-02  -1.645216470070e-02  -6.138848461075e-02
  -1.980356951385e+00  -1.858108287282e+00  -9.187764267969e-07  -5.591061031791e-06   4.137615176576e-04  -1.500563323601e+00  -7.241482711750e-06  -3.292953218400e-05   1.396690393306e-03  -1.099973505762e+00  -9.142349916940e-06  -3.844364903588e-05   1.239996654862e-03  -6.587314959095e-01  -4.182210709293e-06  -1.707290437739e-05   4.814357104200e-04   5.298721186204e-07   1.381445760813e-05   1.637462044273e-03   4.203948354092e-06  -1.251182380829e-05  -3.992392723479e-01  -6.390765630960e-01  -7.023294411133e-01  -5.217331744184e-01   3.762250382301e-01   1.742615289011e-01   1.504051520431e-01  -3.992805430837e-01  -6.391242081630e-01  -7.023466416602e-01  -5.217375863694e-01  -3.562707688025e-02  -4.178508098469e-01   1.368357406811e-01  -3.992442437027e-01  -6.396155771020e-01  -7.028947832092e-01  -5.219364226541e-01   2.033017749150e-03   8.848338351990e-03  -4.416592201071e-01  -3.992480120735e-01  -6.390869295696e-01  -7.023333728995e-01  -5.217342121543e-01  -3.426036761974e-01   2.348699425129e-01   1.483428591462e-01
  -2.498751922021e-07  -1.575831688716e-07  -4.575965447315e-01   1.545446166110e-07   1.342469594976e-06  -4.488235374467e-06  -3.959247852663e-01   2.910298620385e-07   2.549133624630e-06  -9.142349916940e-06  -1.935735744612e-01   9.773630058473e-08   7.527924731849e-07  -7.286101619450e-06  -1.183952821623e-01  -9.589078880817e-09  -1.663968857887e-07  -1.609176875739e-01   1.449616020731e-04  -1.879408517512e-03  -1.206350012137e-01  -4.153183027631e-02  -3.372569083973e-01  -2.189911311225e-01  -8.903280624269e-02  -3.454775581263e-02   9.335879310373e-02   5.904262063104e-02   5.097772653791e-02   3.193396891417e-02   2.073231195483e-02   8.422540438537e-03   3.264479000305e-03  -3.298797119166e-02   1.340437167650e-02  -4.389268465675e-03  -1.818750225482e-03  -1.183181424471e-03  -4.863488973693e-04  -1.920759232888e-04  -3.457528620188e-02   1.635455865481e-05  -8.108859432346e-04   3.071112981009e-01   1.994104837550e-01   8.106087841765e-02   3.144782027874e-02   7.158657073295e-02  -7.246388777107e-02  -4.578042209327e-02
  -1.069543076308e-06  -7.353883523743e-07   1.545341090260e-07  -4.575969792939e-01   4.554317956262e-06  -2.039573127025e-05   2.910200892256e-07  -3.959070348225e-01   8.661462589896e-06  -3.844364903588e-05   9.773630058473e-08  -1.935424186758e-01   2.448967494985e-06  -2.979209990842e-05  -9.586513985920e-09  -1.183793427647e-01  -6.503770505252e-07   4.260822628812e-02  -1.135605300628e-01  -8.071840853184e-03   1.449662377537e-04  -1.655394964435e-01  -1.562108549824e-01  -1.014376765952e-01  -4.125704429665e-02  -1.602126350171e-02   5.904383838565e-02  -6.769214248987e-03   2.361989563516e-02   3.745342428270e-01   2.431661730853e-01   9.882023777981e-02   3.832763013726e-02   1.340450377169e-02   1.230798850536e-01  -5.149356480437e-02  -7.916257878290e-03  -5.149410950980e-03  -2.115271328523e-03  -8.343327384292e-04   1.635345100929e-05  -3.449619627366e-02  -3.528533799962e-03  -2.105367653689e-01  -1.367103823949e-01  -5.559488495715e-02  -2.158422976252e-02  -7.246523652497e-02   1.555719085476e-02   3.139454904026e-02
   3.697044993562e-05   3.354277295239e-05   1.349580772700e-06   4.578398494690e-06  -4.571694399109e-01   8.636850222193e-04   2.555842279185e-06   8.684204920705e-06  -3.942686178560e-01   1.239996654862e-03   7.527924731849e-07   2.448967494985e-06  -1.918225316008e-01   8.466843484532e-04  -1.683426211496e-07  -6.569962365590e-07  -1.176621073099e-01   1.451781873626e-04  -9.377812725960e-03   2.058816553012e-01  -2.183442778430e-03  -3.544382882728e-03  -1.350507950147e-01  -8.728042737955e-02  -3.468800786410e-02  -1.308454267984e-02   5.075228096644e-02   2.351501981573e-02  -1.411890372915e-02  -1.228613338882e-01  -7.937232655170e-02  -3.148321453945e-02  -1.184143032838e-02  -4.369087231940e-03  -5.125643331983e-02  -1.761871292113e-02   3.955341183672e-01   2.567856094071e-01   1.046558391741e-01   4.095431712225e-02  -8.090409544803e-04  -3.520744450038e-03   1.410117907679e-01  -1.331968859081e-01  -8.607738078139e-02  -3.420034048188e-02  -1.289537618218e-02  -4.557699153748e-02   3.125454895209e-02  -1.467283559364e-02
  -8.347598784399e-01  -7.970033020950e-01  -9.445765846552e-07  -4.569795296288e-06   2.282403384669e-04  -8.379941358418e-01  -5.451976357878e-06  -2.360791583778e-05   8.534992440526e-04  -6.587314959095e-01  -7.286101619450e-06  -2.979209990842e-05   8.466843484532e-04  -3.703546846830e-01  -3.601430397854e-06  -1.442156108648e-05   3.676521204960e-04   2.787188427147e-07   6.925122474004e-06   1.025679558055e-03   2.134595135253e-06  -9.405963668765e-06  -2.711085468073e-01  -3.954386851965e-01  -4.093014445723e-01  -2.900382050494e-01   2.171069299147e-01   1.005601428923e-01   8.679753780321e-02  -2.711263651045e-01  -3.954605559551e-01  -4.093085718821e-01  -2.900393715580e-01  -2.055858557760e-02  -2.411195208969e-01   7.896390190737e-02  -2.710688127959e-01  -3.957362443416e-01  -4.096754550555e-01  -2.901832515235e-01   1.172835870413e-03   5.104689252599e-03  -2.548281990580e-01  -2.711122993765e-01  -3.954434710929e-01  -4.093031460524e-01  -2.900385261704e-01  -1.977038512091e-01   1.355341924211e-01   8.560673671290e-02
  -1.036923129377e-07  -7.052406309422e-08  -1.779496037950e-01   3.465766753482e-08   2.788613360533e-07  -1.917152403969e-06  -2.310949107128e-01   6.313225694782e-08   5.142265032635e-07  -4.182210709293e-06  -1.183952821623e-01  -9.586513985920e-09  -1.683426211496e-07  -3.601430397854e-06   8.869844299056e-03  -2.627199580604e-08  -3.004497280955e-07  -6.391248971652e-02   5.755037880117e-05  -7.462729449154e-04  -4.792890201067e-02  -1.649545418083e-02  -1.729558056909e-01  -1.298041781590e-01  -2.954571656325e-02   3.129654224622e-03   3.818885914302e-02   3.753366117364e-02   3.238464476584e-02   1.637614612301e-02   1.228894317561e-02   2.794063806878e-03  -2.995033928759e-04  -4.212857140677e-02   8.520276458477e-03  -2.788488094879e-03  -9.325413239009e-04  -7.008418956778e-04  -1.620511865468e-04   1.412501959950e-05  -4.305787741432e-02   1.034516100409e-05  -5.143587121406e-04   1.574949895472e-01   1.181981441312e-01   2.689845489595e-02  -2.855465576569e-03   2.434690359389e-02  -4.606451903554e-02  -2.908308211466e-02
  -4.364108007611e-07  -3.095635732313e-07   3.465097646576e-08  -1.779489880902e-01   9.263915977843e-07  -8.297788722272e-06   6.312482438192e-08  -2.310861047367e-01   1.711289619841e-06  -1.707290437739e-05  -9.589078880817e-09  -1.183793427647e-01  -6.569962365590e-07  -1.442156108648e-05  -2.627199580604e-08   8.878988200795e-03  -1.092562026615e-06   1.692268605063e-02  -4.511829093136e-02  -3.205363651550e-03   5.755267663420e-05  -6.574740911545e-02  -8.010980679429e-02  -6.012509973279e-02  -1.369342390032e-02   1.440284882397e-03   3.753418163771e-02  -2.546180429916e-02   1.500320447439e-02   1.920659024964e-01   1.441339456996e-01   3.278736917815e-02  -3.492587031689e-03   8.520342377022e-03   5.707423448013e-02  -3.271017252161e-02  -4.059023037860e-03  -3.050237365571e-03  -7.044398682279e-04   6.247086042779e-05   1.034490217529e-05  -4.300997034942e-02  -2.238300697755e-03  -1.079689888905e-01  -8.103243740027e-02  -1.845099978108e-02   1.945223831892e-03  -4.606510517067e-02  -1.126933917389e-02   1.994175969576e-02
   1.410693491639e-05   1.174548826087e-05   2.837822661051e-07   9.430653438906e-07  -1.778151465954e-01   2.996876645349e-04   5.197123135201e-07   1.729902391282e-06  -2.304965206459e-01   4.814357104200e-04  -1.663968857887e-07  -6.503770505252e-07  -1.176621073099e-01   3.676521204960e-04  -3.004497280955e-07  -1.092562026615e-06   9.238336439613e-03   5.765764042311e-05  -3.726237794920e-03   8.178546490309e-02  -8.676332412735e-04  -1.408845179986e-03  -6.926035874116e-02  -5.181441722216e-02  -1.144997919451e-02   1.568869412334e-03   3.231264930700e-02   1.496966762069e-02  -3.007698607051e-02  -6.300635065006e-02  -4.712367963851e-02  -1.038641152101e-02   1.453751229039e-03  -2.782014922637e-03  -3.263403888173e-02  -3.230701452018e-02   2.028318435819e-01   1.522017175353e-01   3.474921108398e-02  -3.466495125150e-03  -5.138329143530e-04  -2.236068773333e-03   6.842384104054e-02  -6.830898853396e-02  -5.110073911100e-02  -1.128807621976e-02   1.551391220678e-03  -2.901807629184e-02   1.989696587708e-02  -3.043006879129e-02
   2.094212617255e-08   2.777925602401e-08  -8.221686234008e-02   2.177183235313e-02   7.434937258005e-05   5.692092992078e-07  -1.967153928311e-01   5.208924992633e-02   1.776178533051e-04   5.298721186204e-07  -1.609176875739e-01   4.260822628812e-02   1.451781873626e-04   2.787188427147e-07  -6.391248971652e-02   1.692268605063e-02   5.765764042311e-05   1.401524703464e+00   2.082051339282e-02   4.909474150667e-05  -8.309866737060e-02   1.590868323159e-03  -9.496978604667e-03  -3.788310233322e-02  -5.072389458439e-02  -1.489332092770e-02  -3.269634160652e-01   9.973848995247e-02  -1.792238703274e-01  -2.149823495513e-03  -8.597206592680e-03  -1.151113088865e-02  -3.379539873193e-03  -3.450058852367e-01   8.933331192690e-02  -3.699361223601e-02  -2.473700738530e-06  -9.990213568258e-06  -1.337420032204e-05  -3.791180834660e-06  -1.135497056795e-02   6.525701677677e-03   1.610521572157e-04   1.164834603969e-02   4.649100031998e-02   6.224956292959e-02   1.827746145334e-02  -3.309561208437e-01   7.302055158178e-02   2.169709012699e-01
   9.570673970641e-07   7.879377632107e-07   7.412637483446e-05  -5.800904949777e-02  -4.797106523804e-03   1.486585896535e-05   1.773430163649e-04  -1.387745701091e-01  -1.146374452008e-02   1.381445760813e-05   1.449616020731e-04  -1.135605300628e-01  -9.377812725960e-03   6.925122474004e-06   5.755037880117e-05  -4.511829093136e-02  -3.726237794920e-03   2.082051339282e-02   1.464694456832e+00   4.371008429003e-03   5.738056183541e-05  -8.059836095815e-02  -3.803148782781e-03  -1.506058427302e-02  -2.020285194603e-02  -5.929589557290e-03  -1.793245771836e-01   2.496188327676e-02   6.758335890832e-02   8.282778590640e-03   3.289037689654e-02   4.411085123705e-02   1.295748653766e-02  -3.701091965971e-02  -3.371567654677e-01  -1.953843935389e-01   5.482684293012e-04   2.240074339719e-03   3.006426329674e-03   8.848973123307e-04   1.607521397107e-04  -3.677647881108e-01  -2.524541705013e-02  -5.053512424223e-03  -2.002432710366e-02  -2.686007807695e-02  -7.884619378857e-03   2.170885917642e-01  -4.244071159519e-02   9.410369063993e-02
   1.412667532784e-05   4.251467348788e-05  -9.608931098770e-04  -4.126525004879e-03   1.053700811512e-01   1.379195186311e-03  -2.298711461792e-03  -9.871741521420e-03   2.517825780690e-01   1.637462044273e-03  -1.879408517512e-03  -8.071840853184e-03   2.058816553012e-01   1.025679558055e-03  -7.462729449154e-04  -3.205363651550e-03   8.178546490309e-02   4.909474150667e-05   4.371008429003e-03   1.338336380053e+00   9.660220411491e-04  -2.904802758140e-03   5.150729409817e-03   2.104934213784e-02   2.875693202396e-02   8.916528710310e-03   7.570389734753e-02   3.424427758187e-02   2.633566790742e-01   5.630789681443e-03   2.301331815325e-02   3.138103581492e-02   9.687621100323e-03  -9.587117620139e-03  -1.108500965225e-01   2.501024820697e-01  -1.593511093582e-02  -6.434867798500e-02  -8.579761915447e-02  -2.469052379760e-02  -5.310573835348e-03  -2.310037721363e-02   5.142556586369e-01   5.226057140527e-03   2.136038032217e-02   2.917227741218e-02   9.038567514850e-03  -7.266844852969e-02   4.875082734250e-02   2.615063893238e-01
   2.587872271850e-07   2.346761778581e-07  -6.161890860992e-02   7.413114667990e-05  -1.116754918931e-03   4.521126798860e-06  -1.474169129058e-01   1.773488971981e-04  -2.668835613529e-03   4.203948354092e-06  -1.206350012137e-01   1.449662377537e-04  -2.183442778430e-03   2.134595135253e-06  -4.792890201067e-02   5.755267663420e-05  -8.676332412735e-04  -8.309866737060e-02   5.738056183541e-05   9.660220411491e-04   1.457964802600e+00  -2.137157447727e-02  -8.218251434167e-03  -3.255194705450e-02  -4.365816493789e-02  -1.282056417020e-02  -2.799393797877e-01  -1.793118236911e-01   1.479847616480e-01   7.067423125698e-04   2.807238839967e-03   3.764533013279e-03   1.106586450021e-03   9.315493456652e-02  -3.700855513069e-02  -1.681786401728e-02   1.258810007698e-04   5.146668491214e-04   6.910496013491e-04   2.036321865302e-04  -3.691700432789e-01   1.607554710372e-04  -5.804068100446e-03   7.377948622499e-03   2.924174155612e-02   3.921722402769e-02   1.151836240194e-02  -2.110535481873e-01   2.170734837633e-01  -1.390902893304e-01
   1.036460615004e-07   1.088380969903e-07  -2.121952621681e-02  -8.458644956347e-02  -1.812287932944e-03  -6.242996423308e-06  -5.077075267690e-02  -2.023738431563e-01  -4.330241536383e-03  -1.251182380829e-05  -4.153183027631e-02  -1.655394964435e-01  -3.544382882728e-03  -9.405963668765e-06  -1.649545418083e-02  -6.574740911545e-02  -1.408845179986e-03   1.590868323159e-03  -8.059836095815e-02  -2.904802758140e-03  -2.137157447727e-02   1.395383614513e+00  -8.050929385585e-03  -3.211499776609e-02  -4.300785921472e-02  -1.263241033244e-02  -8.253935133126e-02  -3.354055813667e-01  -1.523834886993e-01   1.251650286042e-02   5.005374976559e-02   6.701337424420e-02   1.967051431017e-02  -8.957269937471e-02  -3.412756169723e-01   2.150517914930e-01   3.180415773662e-06   7.805379771065e-06   1.087062790407e-05  -2.092823057785e-06  -3.130798386175e-03  -2.612275448473e-02  -7.165143519176e-04  -4.501557035192e-03  -1.796679470860e-02  -2.406371107599e-02  -7.069982660854e-03  -8.654339708374e-02  -3.408450226682e-01  -8.427618161451e-02
  -1.307975689006e-01  -1.520039455279e-01  -3.532842393994e-01  -1.636346479052e-01  -1.414327794352e-01  -4.158611042136e-01  -3.739175190079e-01  -1.731912666948e-01  -1.497621381148e-01  -3.992392723479e-01  -3.372569083973e-01  -1.562108549824e-01  -1.350507950147e-01  -2.711085468073e-01  -1.729558056909e-01  -8.010980679429e-02  -6.926035874116e-02  -9.496978604667e-03  -3.803148782781e-03   5.150729409817e-03  -8.218251434167e-03  -8.050929385585e-03   5.451691114283e-01  -4.949599148202e-01  -4.796502846495e-01  -2.791056006827e-01   2.251312105319e-01   1.042786245580e-01   8.973596589336e-02  -1.037658149814e-02  -1.145722783961e-01  -2.131603483411e-01  -1.951063169245e-01  -7.653966095817e-02  -9.038512409628e-02  -1.006949307620e-02  -1.110744984103e-02  -1.162936709892e-01  -2.143386461293e-01  -1.955447068747e-01  -7.256247709592e-02  -3.249714210820e-02  -9.126666942372e-02  -1.036276244709e-02  -1.145339432008e-01  -2.131330455705e-01  -1.950960912126e-01  -1.185065707903e-01  -1.046859479594e-03  -8.494767702325e-03
  -9.522711227235e-01  -9.083036755196e-01  -3.242322290100e-01  -1.501795329300e-01  -1.295654883806e-01  -8.393300928544e-01  -3.106626530098e-01  -1.438982407681e-01  -1.238536822814e-01  -6.390765630960e-01  -2.189911311225e-01  -1.014376765952e-01  -8.728042737955e-02  -3.954386851965e-01  -1.298041781590e-01  -6.012509973279e-02  -5.181441722216e-02  -3.788310233322e-02  -1.506058427302e-02   2.104934213784e-02  -3.255194705450e-02  -3.211499776609e-02  -4.949599148202e-01  -5.244726832514e-01  -5.337240023130e-01  -3.625373218133e-01   3.972922251468e-01   1.840208846871e-01   1.586061620321e-01  -1.145752576025e-01  -2.920235231887e-01  -3.741188523260e-01  -2.984233935200e-01  -9.764674056652e-02  -2.212170528504e-01   2.705859526144e-02  -1.163100426000e-01  -2.940517692105e-01  -3.752790594777e-01  -2.988533581483e-01  -8.149228303690e-02  -3.425142421419e-02  -2.280332997609e-01  -1.145345812629e-01  -2.919709372735e-01  -3.740902080719e-01  -2.984131795973e-01  -2.322242938108e-01   6.499166732387e-02   3.209786983425e-02
  -1.015068530377e+00  -9.639726608039e-01  -1.547848948503e-01  -7.169699438124e-02  -6.160556150929e-02  -9.258255176490e-01  -1.798975504965e-01  -8.334166214855e-02  -7.094504944637e-02  -7.023294411133e-01  -8.903280624269e-02  -4.125704429665e-02  -3.468800786410e-02  -4.093014445723e-01  -2.954571656325e-02  -1.369342390032e-02  -1.144997919451e-02  -5.072389458439e-02  -2.020285194603e-02   2.875693202396e-02  -4.365816493789e-02  -4.300785921472e-02  -4.796502846495e-01  -5.337240023130e-01  -4.718286550700e-01  -3.350287193507e-01   3.159108908080e-01   1.463251915925e-01   1.262192685411e-01  -2.131700136763e-01  -3.741318980004e-01  -4.294858854700e-01  -3.207006167284e-01  -5.018807649746e-02  -2.453915682342e-01   6.350567993766e-02  -2.143393851970e-01  -3.754436641260e-01  -4.302448649384e-01  -3.209522363186e-01  -2.944389764571e-02  -9.246633085833e-03  -2.574660244517e-01  -2.131350915537e-01  -3.740930556283e-01  -4.294690764016e-01  -3.206958394061e-01  -2.200853674080e-01   1.158839279717e-01   6.987135135164e-02
  -6.219600183653e-01  -5.951411732497e-01  -4.341784866659e-02  -2.011363778907e-02  -1.716312597618e-02  -6.502879504130e-01  -5.964181720278e-02  -2.764066730491e-02  -2.312236030241e-02  -5.217331744184e-01  -3.454775581263e-02  -1.602126350171e-02  -1.308454267984e-02  -2.900382050494e-01   3.129654224622e-03   1.440284882397e-03   1.568869412334e-03  -1.489332092770e-02  -5.929589557290e-03   8.916528710310e-03  -1.282056417020e-02  -1.263241033244e-02  -2.791056006827e-01  -3.625373218133e-01  -3.350287193507e-01  -2.223868237758e-01   1.837697224473e-01   8.511898851943e-02   7.345154919897e-02  -1.951148844033e-01  -2.984352945469e-01  -3.207038078885e-01  -2.260947402074e-01  -2.650880320304e-02  -1.807323560837e-01   5.280470752628e-02  -1.955192050754e-01  -2.990338322379e-01  -3.211181812057e-01  -2.262037470802e-01  -1.075666341854e-02  -1.659299661460e-03  -1.902656413936e-01  -1.950978921484e-01  -2.984157937302e-01  -3.206966007948e-01  -2.260938477253e-01  -1.553511854098e-01   9.322806591018e-02   5.763513323599e-02
   9.528860143888e-01   9.332892070557e-01   8.136686482556e-02   1.197995791006e-01   1.032377829173e-01   5.113228128200e-01  -1.171272088145e-01  -3.077813640088e-02  -2.673599245620e-02   3.762250382301e-01   9.335879310373e-02   5.904383838565e-02   5.075228096644e-02   2.171069299147e-01   3.818885914302e-02   3.753418163771e-02   3.231264930700e-02  -3.269634160652e-01  -1.793245771836e-01   7.570389734753e-02  -2.799393797877e-01  -8.253935133126e-02   2.251312105319e-01   3.972922251468e-01   3.159108908080e-01   1.837697224473e-01   1.179749736982e+00  -1.339011554095e-01  -1.154174394629e-01   5.829294270437e-02   1.727612440581e-01   2.111373747367e-01   1.590114828357e-01   4.778549445844e-02   1.832999466673e-01  -1.493516605650e-02   5.267428813997e-02   1.660128911599e-01   2.088915936258e-01   1.581233317634e-01   3.054131200360e-02   3.324012673735e-02   1.775649001880e-01   1.167049805105e-01   2.396374467962e-01   2.359723022419e-01   1.684312335654e-01   2.469029661857e-01  -6.745333077418e-02  -3.005266654793e-02
   4.413629222300e-01   4.322861300439e-01   1.197996128961e-01  -1.217922082812e-01   4.782393189104e-02   2.368377830632e-01  -3.077927910598e-02  -6.493995601091e-02  -1.237414103758e-02   1.742615289011e-01   5.904262063104e-02  -6.769214248987e-03   2.351501981573e-02   1.005601428923e-01   3.753366117364e-02  -2.546180429916e-02   1.496966762069e-02   9.973848995247e-02   2.496188327676e-02   3.424427758187e-02  -1.793118236911e-01  -3.354055813667e-01   1.042786245580e-01   1.840208846871e-01   1.463251915925e-01   8.511898851943e-02  -1.339011554095e-01   1.406811916672e+00  -5.345589204493e-02   1.034363047151e-01   1.675010322899e-01   1.302874092576e-01   8.597401311726e-02   9.664183611747e-02   1.515282769022e-01  -1.891772892797e-02   2.287162327222e-02   7.516815823025e-02   9.611462617607e-02   7.299654686639e-02   3.497630203969e-02  -3.186397797895e-02   7.996223701595e-02  -2.087575012550e-02   2.521157326910e-02   7.743407352886e-02   6.592972437392e-02   1.749685664507e-02  -4.736492032845e-02   3.352847745015e-04
   3.804942637285e-01   3.726686329443e-01   1.033042166074e-01   4.785466290736e-02  -1.362837540257e-01   2.043145331382e-01  -2.644990957722e-02  -1.224121119604e-02  -6.168247540639e-02   1.504051520431e-01   5.097772653791e-02   2.361989563516e-02  -1.411890372915e-02   8.679753780321e-02   3.238464476584e-02   1.500320447439e-02  -3.007698607051e-02  -1.792238703274e-01   6.758335890832e-02   2.633566790742e-01   1.479847616480e-01  -1.523834886993e-01   8.973596589336e-02   1.586061620321e-01   1.262192685411e-01   7.345154919897e-02  -1.154174394629e-01  -5.345589204493e-02   1.422581128413e+00  -5.614625307980e-03   3.598257646793e-02   7.212319263439e-02   5.892148343598e-02   1.759160655767e-02   3.069822162700e-02  -4.785093500182e-02   1.066095926922e-01   1.630291331488e-01   1.193509793614e-01   7.682959198533e-02   8.050314362176e-02   3.431081923542e-02   1.516997060501e-01  -7.817204248319e-03   3.345516650306e-02   7.118161650080e-02   5.856509885879e-02   3.136099951863e-02  -5.086342817681e-03  -4.806600994027e-02
  -1.308502624632e-01  -1.520625906152e-01   3.345458106502e-02   3.923693371843e-01  -1.286791519250e-01  -4.159230433661e-01   3.540569320151e-02   4.152522315193e-01  -1.362483848860e-01  -3.992805430837e-01   3.193396891417e-02   3.745342428270e-01  -1.228613338882e-01  -2.711263651045e-01   1.637614612301e-02   1.920659024964e-01  -6.300635065006e-02  -2.149823495513e-03   8.282778590640e-03   5.630789681443e-03   7.067423125698e-04   1.251650286042e-02  -1.037658149814e-02  -1.145752576025e-01  -2.131700136763e-01  -1.951148844033e-01   5.829294270437e-02   1.034363047151e-01  -5.614625307980e-03   5.451144721823e-01  -4.950062461319e-01  -4.796745075997e-01  -2.791173034282e-01  -2.131827579114e-02  -2.500327178568e-01   8.162971240225e-02  -1.107958289340e-02  -1.162353801671e-01  -2.143071591010e-01  -1.955379698533e-01   7.179375535886e-03   8.209501147833e-02  -8.854910715698e-02  -1.037933885267e-02  -1.145831988951e-01  -2.131757129593e-01  -1.951170197296e-01  -4.012287453059e-02   1.117433595149e-01  -5.897051259866e-03
  -9.524094327985e-01  -9.084316792189e-01   3.070036631042e-02   3.600675492395e-01  -1.178592434386e-01  -8.394127626606e-01   2.941305980529e-02   3.449763253032e-01  -1.126405181640e-01  -6.391242081630e-01   2.073231195483e-02   2.431661730853e-01  -7.937232655170e-02  -3.954605559551e-01   1.228894317561e-02   1.441339456996e-01  -4.712367963851e-02  -8.597206592680e-03   3.289037689654e-02   2.301331815325e-02   2.807238839967e-03   5.005374976559e-02  -1.145722783961e-01  -2.920235231887e-01  -3.741318980004e-01  -2.984352945469e-01   1.727612440581e-01   1.675010322899e-01   3.598257646793e-02  -4.950062461319e-01  -5.245285688990e-01  -5.337554967305e-01  -3.625528740208e-01  -3.762104636517e-02  -4.412393325142e-01   1.442869365543e-01  -1.162486975875e-01  -2.939964416087e-01  -3.752604582900e-01  -2.988527211518e-01   8.698060790707e-03   9.538855003235e-02  -2.249995223149e-01  -1.145808578243e-01  -2.920351071698e-01  -3.741381946664e-01  -2.984375101214e-01  -1.424877934352e-01   1.940865519812e-01   3.507912097862e-02
  -1.015117210023e+00  -9.640185154696e-01   1.465432191311e-02   1.718765578077e-01  -5.601852938901e-02  -9.258604706645e-01   1.702742156510e-02   1.997338080870e-01  -6.446112919890e-02  -7.023466416602e-01   8.422540438537e-03   9.882023777981e-02  -3.148321453945e-02  -4.093085718821e-01   2.794063806878e-03   3.278736917815e-02  -1.038641152101e-02  -1.151113088865e-02   4.411085123705e-02   3.138103581492e-02   3.764533013279e-03   6.701337424420e-02  -2.131603483411e-01  -3.741188523260e-01  -4.294858854700e-01  -3.207038078885e-01   2.111373747367e-01   1.302874092576e-01   7.212319263439e-02  -4.796745075997e-01  -5.337554967305e-01  -4.718432874170e-01  -3.350346898416e-01  -2.991440302995e-02  -3.508501554832e-01   1.148254539614e-01  -2.142981673285e-01  -3.754119795875e-01  -4.302355564956e-01  -3.209519794018e-01   4.023230079383e-03   3.885862193057e-02  -2.563311425172e-01  -2.131680936683e-01  -3.741279965790e-01  -4.294899236968e-01  -3.207049525811e-01  -1.867594877084e-01   1.638384458981e-01   7.098211113889e-02
  -6.219706108597e-01  -5.951512990999e-01   4.109836326200e-03   4.820718779192e-02  -1.559591322874e-02  -6.502972077740e-01   5.641995927943e-03   6.620151116645e-02  -2.097287515063e-02  -5.217375863694e-01   3.264479000305e-03   3.832763013726e-02  -1.184143032838e-02  -2.900393715580e-01  -2.995033928759e-04  -3.492587031689e-03   1.453751229039e-03  -3.379539873193e-03   1.295748653766e-02   9.687621100323e-03   1.106586450021e-03   1.967051431017e-02  -1.951063169245e-01  -2.984233935200e-01  -3.207006167284e-01  -2.260947402074e-01   1.590114828357e-01   8.597401311726e-02   5.892148343598e-02  -2.791173034282e-01  -3.625528740208e-01  -3.350346898416e-01  -2.223885663917e-01  -1.740158010715e-02  -2.040929673446e-01   6.682133812147e-02  -1.955038804225e-01  -2.990212807109e-01  -3.211147308952e-01  -2.262047669356e-01   1.953446550790e-03   1.660905540146e-02  -1.898353248749e-01  -1.951102532037e-01  -2.984282232366e-01  -3.207025228105e-01  -2.260950457411e-01  -1.427110858997e-01   1.114141424302e-01   5.805553783654e-02
  -9.024216078852e-02  -8.838440273154e-02  -1.749837570391e-01   2.719181214033e-02  -8.888727509224e-03  -4.842016359053e-02  -5.127722308102e-02  -6.986281975982e-03   2.305822752915e-03  -3.562707688025e-02  -3.298797119166e-02   1.340450377169e-02  -4.369087231940e-03  -2.055858557760e-02  -4.212857140677e-02   8.520342377022e-03  -2.782014922637e-03  -3.450058852367e-01  -3.701091965971e-02  -9.587117620139e-03   9.315493456652e-02  -8.957269937471e-02  -7.653966095817e-02  -9.764674056652e-02  -5.018807649746e-02  -2.650880320304e-02   4.778549445844e-02   9.664183611747e-02   1.759160655767e-02  -2.131827579114e-02  -3.762104636517e-02  -2.991440302995e-02  -1.740158010715e-02   1.466209278054e+00  -3.039911138368e-02   9.942466880011e-03  -5.410896336432e-03  -1.620052947227e-02  -1.995803986584e-02  -1.504065003472e-02  -4.608009832461e-02   8.777213299915e-03  -1.717166796827e-02   6.038514910172e-02   5.907019738351e-02   8.024908154050e-03  -4.431228083370e-03   4.481531720537e-03  -7.155010159143e-02  -1.187022683253e-02
  -1.058402169436e+00  -1.036613908219e+00   2.719187716469e-02   1.416113357504e-01  -1.042624206340e-01  -5.678964235623e-01  -6.986351487594e-03  -1.326260086519e-01   2.702508840293e-02  -4.178508098469e-01   1.340437167650e-02   1.230798850536e-01  -5.125643331983e-02  -2.411195208969e-01   8.520276458477e-03   5.707423448013e-02  -3.263403888173e-02   8.933331192690e-02  -3.371567654677e-01  -1.108500965225e-01  -3.700855513069e-02  -3.412756169723e-01  -9.038512409628e-02  -2.212170528504e-01  -2.453915682342e-01  -1.807323560837e-01   1.832999466673e-01   1.515282769022e-01   3.069822162700e-02  -2.500327178568e-01  -4.412393325142e-01  -3.508501554832e-01  -2.040929673446e-01  -3.039911138368e-02   1.112262706264e+00   1.166028577489e-01  -6.056864234058e-02  -1.867332397256e-01  -2.328617847855e-01  -1.759412135233e-01   9.088842726154e-03   5.411530809488e-02  -1.971288056551e-01  -1.019394756825e-01  -2.344389059047e-01  -2.503040691063e-01  -1.825951703948e-01  -1.585161926620e-01   1.948415632897e-01   3.219198683343e-02
   3.461830650369e-01   3.390559145481e-01  -8.894714319788e-03  -1.043323382797e-01  -1.434160248399e-01   1.858789313614e-01   2.280202039582e-03   2.672439938954e-02  -5.982661263625e-02   1.368357406811e-01  -4.389268465675e-03  -5.149356480437e-02  -1.761871292113e-02   7.896390190737e-02  -2.788488094879e-03  -3.271017252161e-02  -3.230701452018e-02  -3.699361223601e-02  -1.953843935389e-01   2.501024820697e-01  -1.681786401728e-02   2.150517914930e-01  -1.006949307620e-02   2.705859526144e-02   6.350567993766e-02   5.280470752628e-02  -1.493516605650e-02  -1.891772892797e-02  -4.785093500182e-02   8.162971240225e-02   1.442869365543e-01   1.148254539614e-01   6.682133812147e-02   9.942466880011e-03   1.166028577489e-01   1.430506716733e+00   1.046282598207e-01   1.570020550507e-01   1.118008379104e-01   7.111767022134e-02  -8.165898501649e-03  -9.030825636619e-02   1.424015037512e-01  -9.674412518278e-03   2.751237020606e-02   6.367482986236e-02   5.286871700547e-02   1.193376448373e-02  -2.167946440129e-02  -4.786125144696e-02
  -1.311836972480e-01  -1.523986703549e-01  -1.906899162658e-03  -8.299695140878e-03   4.145797095192e-01  -4.159749614572e-01  -2.016399934550e-03  -8.776463914353e-03   4.385288413885e-01  -3.992442437027e-01  -1.818750225482e-03  -7.916257878290e-03   3.955341183672e-01  -2.710688127959e-01  -9.325413239009e-04  -4.059023037860e-03   2.028318435819e-01  -2.473700738530e-06   5.482684293012e-04  -1.593511093582e-02   1.258810007698e-04   3.180415773662e-06  -1.110744984103e-02  -1.163100426000e-01  -2.143393851970e-01  -1.955192050754e-01   5.267428813997e-02   2.287162327222e-02   1.066095926922e-01  -1.107958289340e-02  -1.162486975875e-01  -2.142981673285e-01  -1.955038804225e-01  -5.410896336432e-03  -6.056864234058e-02   1.046282598207e-01   5.449854470802e-01  -4.951937361636e-01  -4.797194129231e-01  -2.790928869456e-01   1.217439823953e-03   5.298153646115e-03  -2.639787061001e-01  -1.110306431753e-02  -1.163006815635e-01  -2.143331500520e-01  -1.955168883171e-01  -4.870644038788e-02   3.141351061852e-02   1.063080416566e-01
  -9.532503996053e-01  -9.091864720409e-01  -1.750202353672e-03  -7.617769446491e-03   3.802652796854e-01  -8.399871026968e-01  -1.678260756257e-03  -7.304449966740e-03   3.643259896606e-01  -6.396155771020e-01  -1.183181424471e-03  -5.149410950980e-03   2.567856094071e-01  -3.957362443416e-01  -7.008418956778e-04  -3.050237365571e-03   1.522017175353e-01  -9.990213568258e-06   2.240074339719e-03  -6.434867798500e-02   5.146668491214e-04   7.805379771065e-06  -1.162936709892e-01  -2.940517692105e-01  -3.754436641260e-01  -2.990338322379e-01   1.660128911599e-01   7.516815823025e-02   1.630291331488e-01  -1.162353801671e-01  -2.939964416087e-01  -3.754119795875e-01  -2.990212807109e-01  -1.620052947227e-02  -1.867332397256e-01   1.570020550507e-01  -4.951937361636e-01  -5.249695986485e-01  -5.341812590857e-01  -3.628029654599e-01   2.147519956938e-03   9.346208379574e-03  -4.661126960584e-01  -1.162849642329e-01  -2.940441426659e-01  -3.754392474198e-01  -2.990320305331e-01  -1.520153863501e-01   1.019769382183e-01   1.621130402182e-01
