ARMA_MAT_TXT_FN008
50 50
   3.279187367931e-01   2.802361315319e-01   1.816004013278e-07   6.433451761958e-07  -4.421039374684e-06  -4.069619987337e-02   2.856722616629e-07   1.141695628937e-06  -2.873900756077e-05  -2.981293187061e-02   3.011228754590e-07   1.259840685200e-06  -3.972075204461e-05  -7.596652364614e-03  -2.697439427223e-07  -1.152441361351e-06   3.938983963692e-05   2.517631183384e-09  -1.406032957757e-07   1.648507030120e-05  -2.655206125846e-08  -4.393671506611e-08  -8.360627571838e-03  -1.194161491710e-02   1.441785018752e-03   8.162630762125e-04   1.695322797511e-03   7.852940423223e-04   6.761541209715e-04  -8.362157507610e-03  -1.194340046265e-02   1.441690378630e-03   8.156579199299e-04  -1.605199952783e-04  -1.882760571328e-03   6.150241877545e-04  -8.327507637318e-03  -1.188215335149e-02   1.486047963123e-03   8.802808925706e-04   9.158690619197e-06   3.985353920511e-05  -1.986592764022e-03  -8.360934708675e-03  -1.194196298252e-02   1.441786964934e-03   8.161674774986e-04  -1.543781743365e-03   1.058393481101e-03   6.668619031936e-04
   2.802361315319e-01   2.463379036583e-01   2.976231974724e-07   1.068520110896e-06  -9.643251841323e-06  -6.908306942207e-02   4.919149224862e-07   1.961663050541e-06  -4.883540616093e-05  -4.835872640573e-02   5.182974372068e-07   2.180562263192e-06  -7.043557536786e-05  -1.202841995239e-02  -4.275794324300e-07  -1.825820835370e-06   6.229438304901e-05   5.482763363421e-09  -1.890297770058e-07   2.808735058134e-05  -3.145750460624e-08  -5.233799029078e-08  -1.393972641772e-02  -1.964972754470e-02   2.105627435263e-03   1.305554996295e-03   2.790806326806e-03   1.292731316153e-03   1.112262448019e-03  -1.394224930608e-02  -1.965252457755e-02   2.105412252687e-03   1.304610466711e-03  -2.642382944340e-04  -3.099272519283e-03   1.011656641158e-03  -1.388205330751e-02  -1.954598725046e-02   2.178049083050e-03   1.408317412594e-03   1.507729901453e-05   6.560773415422e-05  -3.268974306825e-03  -1.394023136517e-02  -1.965026745442e-02   2.105617763899e-03   1.305407160145e-03  -2.541329711390e-03   1.742291529196e-03   1.096968216710e-03
   1.816004013278e-07   2.976231974724e-07   3.593113006278e-02  -2.850643785221e-08  -2.364469418996e-07  -9.280792806114e-07   5.627138716953e-02  -2.866862964636e-08  -3.171350486978e-07  -7.974396926106e-08   3.785922909506e-02   1.187531145469e-08   1.958597699512e-07   1.360617047318e-06  -1.996655272387e-03   9.053913354440e-09   2.181481892739e-07   4.840484118489e-03  -4.362048204815e-06   5.657932172189e-05   3.627020566740e-03   1.249296454930e-03   2.793545418203e-02   4.419125803436e-02   1.730867003594e-02   5.286433850427e-03  -1.992271042185e-03  -1.900113817459e-03  -1.642617423099e-03  -2.645499667764e-03  -4.184987544649e-03  -1.639532933139e-03  -5.009573502222e-04   2.073483852379e-03  -4.313939454078e-04   1.414537430949e-04   1.503140876158e-04   2.373712214575e-04   9.268271781204e-05   2.831392521365e-05   2.114422580318e-03  -5.206536056676e-07   2.589862750506e-05  -2.543910112795e-02  -4.024227411344e-02  -1.576252937649e-02  -4.814612369467e-03  -1.291665821978e-03   2.332038320826e-03   1.475184836409e-03
   6.433451761958e-07   1.068520110896e-06  -2.850643785221e-08   3.593346023700e-02  -7.903367312363e-07  -3.452552206871e-06  -2.867024663756e-08   5.627399939294e-02  -1.143409167396e-06  -8.170895583572e-07   1.185904100079e-08   3.786177090839e-02   7.632067126532e-07   5.352278320269e-06   9.044698475336e-09  -1.995780809675e-03   8.890913043168e-07  -1.281690820677e-03   3.414286262389e-03   2.430212666726e-04  -4.362424367855e-06   4.979558993373e-03   1.293907120867e-02   2.046810025099e-02   8.015649380524e-03   2.447242093470e-03  -1.900134751918e-03   1.229982702356e-03  -7.610298171848e-04  -3.102766007166e-02  -4.908298249194e-02  -1.922655515682e-02  -5.872721830779e-03  -4.314001938084e-04  -2.949341421795e-03   1.659424891868e-03   6.543429659491e-04   1.033470599153e-03   4.038071590851e-04   1.233286426005e-04  -5.206757320997e-07   2.112219346941e-03   1.127212239280e-04   1.743941805353e-02   2.758715199766e-02   1.080403963644e-02   3.298861557358e-03   2.332065526388e-03   5.114101670773e-04  -1.011559374293e-03
  -4.421039374684e-06  -9.643251841323e-06  -2.364469418996e-07  -7.903367312363e-07   3.595247994879e-02   5.047484394249e-05  -3.158113395830e-07  -1.139025976228e-06   5.633126035691e-02   9.071642121803e-05   2.013374131645e-07   7.826282561944e-07   3.797724867536e-02  -1.253220995539e-04   2.223071251802e-07   9.060373022367e-07  -1.982948424469e-03  -4.379856934766e-06   2.833913461480e-04  -6.225750230979e-03   6.598181872889e-05   1.069538995844e-04   1.126285681314e-02   1.787520251250e-02   7.109394381700e-03   2.171462981713e-03  -1.646164020215e-03  -7.626664917081e-04   1.464028115691e-03   1.024994619226e-02   1.626912441467e-02   6.475205788288e-03   1.979843555987e-03   1.417661794227e-04   1.663070082532e-03   1.577642278319e-03  -3.282413330862e-02  -5.195897493608e-02  -2.048679869235e-02  -6.208392203814e-03   2.593866751205e-05   1.128905617890e-04  -3.519571644048e-03   1.110881714242e-02   1.763087206626e-02   7.012829475000e-03   2.142317645222e-03   1.478378409733e-03  -1.013739971917e-03   1.482007565602e-03
  -4.069619987337e-02  -6.908306942207e-02  -9.280792806114e-07  -3.452552206871e-06   5.047484394249e-05   1.768244740864e-01  -1.577389372845e-06  -6.292917176562e-06   1.573317023703e-04   1.182720780956e-01  -1.546503782193e-06  -6.499987286080e-06   2.093655336672e-04   2.866525442195e-02   1.031023236159e-06   4.397517813256e-06  -1.493932152017e-04  -1.775473154054e-08   4.507571555146e-07  -7.571077143294e-05   6.561101945210e-08   2.661012936603e-08   3.506747602298e-02   4.878346382627e-02  -4.548993730134e-03  -3.144519515140e-03  -6.931121466038e-03  -3.210599902455e-03  -2.759106555252e-03   3.507428437319e-02   4.879089052266e-02  -4.547983319115e-03  -3.142203639907e-03   6.562290214250e-04   7.697015708473e-03  -2.509338582978e-03   3.489150916245e-02   4.847179411668e-02  -4.743238722658e-03  -3.397797042963e-03  -3.743809281460e-05  -1.629046406310e-04   8.112302219122e-03   3.506882868364e-02   4.878487954868e-02  -4.548875640952e-03  -3.144157466607e-03   6.311492121004e-03  -4.327088145911e-03  -2.721134495451e-03
   2.856722616629e-07   4.919149224862e-07   5.627138716953e-02  -2.867024663756e-08  -3.158113395830e-07  -1.577389372845e-06   8.812606251062e-02  -1.988155194099e-08  -4.113467114309e-07  -2.074724174014e-07   5.929096398209e-02   3.543286155059e-08   3.641796526013e-07   2.110643547373e-06  -3.126942060918e-03   1.329043570735e-08   3.387372994630e-07   7.580633693790e-03  -6.829413442539e-06   8.859903555987e-05   5.680241109848e-03   1.956513188933e-03   4.374943657142e-02   6.920749388703e-02   2.710695433457e-02   8.279038309782e-03  -3.120074449741e-03  -2.975747805696e-03  -2.572483075394e-03  -4.143113666870e-03  -6.554098874634e-03  -2.567651870225e-03  -7.845417602381e-04   3.247262103095e-03  -6.756059656203e-04   2.215341937702e-04   2.353314733878e-04   3.716324521866e-04   1.451218908604e-04   4.433517227859e-05   3.311376341223e-03  -8.141663483364e-07   4.054861785250e-05  -3.983992446841e-02  -6.302302235069e-02  -2.468552265594e-02  -7.540109867770e-03  -2.022866199705e-03   3.652183852553e-03   2.310276074644e-03
   1.141695628937e-06   1.961663050541e-06  -2.866862964636e-08   5.627399939294e-02  -1.139025976228e-06  -6.292917176562e-06  -1.988155194099e-08   8.812852942524e-02  -1.636410446280e-06  -1.871509853433e-06   3.540746713085e-08   5.929385201809e-02   1.298694181746e-06   8.238215614477e-06   1.327255695756e-08  -3.125514993607e-03   1.387661861990e-06  -2.007204179365e-03   5.346982161268e-03   3.805694577466e-04  -6.830030373539e-06   7.798295192607e-03   2.026324566809e-02   3.205412302198e-02   1.255304779587e-02   3.832555057077e-03  -2.975698092891e-03   1.926241374974e-03  -1.191802183738e-03  -4.859136455328e-02  -7.686715797849e-02  -3.010992305633e-02  -9.197021093014e-03  -6.756010982662e-04  -4.618883454578e-03   2.598777979513e-03   1.024476097978e-03   1.618092605161e-03   6.323540850723e-04   1.931401401608e-04  -8.142114074581e-07   3.307865980741e-03   1.764780370756e-04   2.731104028467e-02   4.320295583675e-02   1.691982273857e-02   5.166238721035e-03   3.652129320059e-03   8.009195594824e-04  -1.584145568101e-03
  -2.873900756077e-05  -4.883540616093e-05  -3.171350486978e-07  -1.143409167396e-06   5.633126035691e-02   1.573317023703e-04  -4.113467114309e-07  -1.636410446280e-06   8.826128668757e-02   1.945041889920e-04   3.714071454291e-07   1.324979064018e-06   5.950378856318e-02  -1.836611863767e-04   3.457863478640e-07   1.416193212670e-06  -3.106998983422e-03  -6.858675677636e-06   4.440339528157e-04  -9.754692771785e-03   1.033873944022e-04   1.675932697992e-04   1.766252131339e-02   2.802902774705e-02   1.113720532513e-02   3.400923997729e-03  -2.582327013892e-03  -1.196385607814e-03   2.292649675345e-03   1.607530708055e-02   2.551232898066e-02   1.014344188464e-02   3.100659964699e-03   2.224152138088e-04   2.609138260605e-03   2.470782898530e-03  -5.141422158511e-02  -8.138915079836e-02  -3.210132719315e-02  -9.728967386150e-03   4.062793639428e-05   1.768132875964e-04  -5.510960687993e-03   1.742110097114e-02   2.764609817394e-02   1.098586309895e-02   3.355245697579e-03   2.319158302707e-03  -1.590263616635e-03   2.320841124695e-03
  -2.981293187061e-02  -4.835872640573e-02  -7.974396926106e-08  -8.170895583572e-07   9.071642121803e-05   1.182720780956e-01  -2.074724174014e-07  -1.871509853433e-06   1.945041889920e-04   7.912949571848e-02  -4.634682387983e-07  -2.772153428404e-06   2.001937657322e-04   1.918116821243e-02   6.601639308836e-07   2.861052361158e-06  -1.031094477522e-04   8.650945045608e-10   8.929248770514e-07  -6.049472438814e-05   2.030561672645e-07   4.133196427305e-07   2.347664390426e-02   3.266530735073e-02  -3.034015981143e-03  -2.100392770187e-03  -4.639530474547e-03  -2.149027692125e-03  -1.843543956063e-03   2.347730479942e-02   3.266411164482e-02  -3.035763649411e-03  -2.099579712513e-03   4.392450772572e-04   5.151691416953e-03  -1.676145255352e-03   2.328816305117e-02   3.234472841503e-02  -3.208274293158e-03  -2.283312888041e-03  -2.497255013994e-05  -1.087139694034e-04   5.421445222463e-03   2.347668739362e-02   3.266489104174e-02  -3.034472633146e-03  -2.100313486220e-03   4.224710752529e-03  -2.896305085202e-03  -1.818076147234e-03
   3.011228754590e-07   5.182974372068e-07   3.785922909506e-02   1.185904100079e-08   2.013374131645e-07  -1.546503782193e-06   5.929096398209e-02   3.540746713085e-08   3.714071454291e-07  -4.634682387983e-07   3.989079178525e-02   5.668541628627e-08   6.817112215150e-07   1.339848809519e-06  -2.103797717127e-03   7.210131849422e-09   2.054811690450e-07   5.100227607389e-03  -4.588588637963e-06   5.953791481859e-05   3.821650804043e-03   1.316342051524e-03   2.943454093153e-02   4.656269439983e-02   1.823758300848e-02   5.570149168194e-03  -2.099178766369e-03  -2.002073546873e-03  -1.730735512627e-03  -2.787480321724e-03  -4.409568334501e-03  -1.727438487869e-03  -5.278111254544e-04   2.184748154169e-03  -4.545503247541e-04   1.490740721579e-04   1.578571177477e-04   2.493027324329e-04   9.741509016801e-05   2.976653614774e-05   2.227884976666e-03  -5.441905172233e-07   2.721828112412e-05  -2.680414109166e-02  -4.240161713953e-02  -1.660824676394e-02  -5.072928290358e-03  -1.360976916877e-03   2.457179558172e-03   1.554370828892e-03
   1.259840685200e-06   2.180562263192e-06   1.187531145469e-08   3.786177090839e-02   7.826282561944e-07  -6.499987286080e-06   3.543286155059e-08   5.929385201809e-02   1.324979064018e-06  -2.772153428404e-06   5.668541628627e-08   3.989356135318e-02   2.507987198497e-06   5.169753122850e-06   7.194634048143e-09  -2.102881168548e-03   8.500811885230e-07  -1.350465223291e-03   3.597521103978e-03   2.557840295608e-04  -4.589331448177e-06   5.246785185632e-03   1.363339629404e-02   2.156655254657e-02   8.446209532403e-03   2.578724054253e-03  -2.002066460223e-03   1.296003219250e-03  -8.017606602998e-04  -3.269281936268e-02  -5.171700457767e-02  -2.025795419160e-02  -6.187732592150e-03  -4.545524198564e-04  -3.107663429352e-03   1.748586953680e-03   6.874166802648e-04   1.085809613605e-03   4.246327053463e-04   1.297228343611e-04  -5.443784831942e-07   2.225575872520e-03   1.184806529302e-04   1.837517772843e-02   2.906752713406e-02   1.138419129807e-02   3.476031193327e-03   2.457174759294e-03   5.388813903011e-04  -1.065730648674e-03
  -3.972075204461e-05  -7.043557536786e-05   1.958597699512e-07   7.632067126532e-07   3.797724867536e-02   2.093655336672e-04   3.641796526013e-07   1.298694181746e-06   5.950378856318e-02   2.001937657322e-04   6.817112215150e-07   2.507987198497e-06   4.011618594801e-02  -1.070850807088e-04   2.109285502462e-07   8.720161403550e-07  -2.094753274601e-03  -4.623497516955e-06   2.995034801460e-04  -6.576419082092e-03   6.974262459662e-05   1.132146096655e-04   1.192901350717e-02   1.892638525670e-02   7.506330630774e-03   2.291152487874e-03  -1.745096396438e-03  -8.084193792842e-04   1.543988184675e-03   1.085672612563e-02   1.722616464530e-02   6.834978263703e-03   2.088301112631e-03   1.503356193779e-04   1.763384232524e-03   1.664351146815e-03  -3.464185731352e-02  -5.484230817180e-02  -2.164471283012e-02  -6.561020677799e-03   2.739265770690e-05   1.191985339792e-04  -3.710618065383e-03   1.176583737446e-02   1.866756430351e-02   7.404040948551e-03   2.260278543137e-03   1.567293299762e-03  -1.074597178355e-03   1.563041262095e-03
  -7.596652364614e-03  -1.202841995239e-02   1.360617047318e-06   5.352278320269e-06  -1.253220995539e-04   2.866525442195e-02   2.110643547373e-06   8.238215614477e-06  -1.836611863767e-04   1.918116821243e-02   1.339848809519e-06   5.169753122850e-06  -1.070850807088e-04   4.650594781319e-03   8.250510400102e-08   3.818009287641e-07  -1.687188691850e-05   6.071882010929e-09  -4.177367064556e-07   1.088618318366e-05  -8.258323903284e-08   4.786394595687e-07   5.647268093316e-03   7.849502193678e-03  -7.630367877417e-04  -5.174934724618e-04  -1.118219328410e-03  -5.176696098749e-04  -4.530442172257e-04   5.643617630273e-03   7.843199849684e-03  -7.657946540011e-04  -5.180176712348e-04   1.059025052897e-04   1.241453292306e-03  -4.124911327047e-04   5.779260353869e-03   8.053247932643e-03  -6.940427748023e-04  -5.280618044484e-04  -6.078405864316e-06  -2.648811141798e-05   1.328566769423e-03   5.646556067037e-03   7.848260962948e-03  -7.635906188386e-04  -5.176110219732e-04   1.018297645813e-03  -6.977249641363e-04  -4.468636545330e-04
  -2.697439427223e-07  -4.275794324300e-07  -1.996655272387e-03   9.044698475336e-09   2.223071251802e-07   1.031023236159e-06  -3.126942060918e-03   1.327255695756e-08   3.457863478640e-07   6.601639308836e-07  -2.103797717127e-03   7.194634048143e-09   2.109285502462e-07   8.250510400102e-08   1.109520493377e-04  -8.891727912629e-10  -2.447111488207e-08  -2.689809253846e-04   2.447546345863e-07  -3.180594746876e-06  -2.015493513892e-04  -6.942043684971e-05  -1.552081581463e-03  -2.455283592079e-03  -9.618069221720e-04  -2.937658887852e-04   1.106600634446e-04   1.055653762109e-04   9.127159469380e-05   1.472549906665e-04   2.329099321796e-04   9.111551858145e-05   2.783054552030e-05  -1.152169573643e-04   2.402379201525e-05  -7.864823775070e-06  -8.350131125101e-06  -1.322365584573e-05  -5.295536836569e-06  -1.628246934939e-06  -1.174963050631e-04   2.912569417369e-08  -1.414650978423e-06   1.413886606229e-03   2.236599430701e-03   8.759250131153e-04   2.675386805798e-04   7.182055170452e-05  -1.296186783439e-04  -8.198114889149e-05
  -1.152441361351e-06  -1.825820835370e-06   9.053913354440e-09  -1.995780809675e-03   9.060373022367e-07   4.397517813256e-06   1.329043570735e-08  -3.125514993607e-03   1.416193212670e-06   2.861052361158e-06   7.210131849422e-09  -2.102881168548e-03   8.720161403550e-07   3.818009287641e-07  -8.891727912629e-10   1.108478101452e-04  -1.004207481991e-07   7.118730875411e-05  -1.896261145852e-04  -1.364852122200e-05   2.446319853018e-07  -2.765669180496e-04  -7.175395837281e-04  -1.135221393264e-03  -4.451317622499e-04  -1.359440112599e-04   1.053307133166e-04  -6.840950631082e-05   4.223745574813e-05   1.724386644155e-03   2.727667676201e-03   1.067908701408e-03   3.261494549019e-04   2.397983875543e-05   1.640322117727e-04  -9.218801205270e-05  -3.629907626234e-05  -5.749129297937e-05  -2.303140000429e-05  -7.079301410933e-06   2.909079446581e-08  -1.173159693065e-04  -6.151976500698e-06  -9.675081922947e-04  -1.530644161729e-03  -6.000109871457e-04  -1.832466145102e-04  -1.293400262136e-04  -2.853094597212e-05   5.615410497970e-05
   3.938983963692e-05   6.229438304901e-05   2.181481892739e-07   8.890913043168e-07  -1.982948424469e-03  -1.493932152017e-04   3.387372994630e-07   1.387661861990e-06  -3.106998983422e-03  -1.031094477522e-04   2.054811690450e-07   8.500811885230e-07  -2.094753274601e-03  -1.687188691850e-05  -2.447111488207e-08  -1.004207481991e-07   1.094906051365e-04   2.390512629975e-07  -1.555037098550e-05   3.434409661538e-04  -3.618661287569e-06  -5.775033658795e-06  -6.498043489127e-04  -1.025609084273e-03  -3.880435193174e-04  -1.170676630218e-04   9.648434274732e-05   4.474456634816e-05  -7.848518941624e-05  -5.951493179452e-04  -9.389404350924e-04  -3.538131952772e-04  -1.067291102883e-04  -8.361487341624e-06  -9.817948583566e-05  -8.489165761846e-05   1.781449073236e-03   2.825545776044e-03   1.133868964220e-03   3.452367435699e-04  -1.387547011830e-06  -6.041677788116e-06   1.873915139878e-04  -6.415076424094e-04  -1.012447796758e-03  -3.828404067245e-04  -1.154979685788e-04  -8.672501799760e-05   5.952535607716e-05  -7.949645679139e-05
   2.517631183384e-09   5.482763363421e-09   4.840484118489e-03  -1.281690820677e-03  -4.379856934766e-06  -1.775473154054e-08   7.580633693790e-03  -2.007204179365e-03  -6.858675677636e-06   8.650945045608e-10   5.100227607389e-03  -1.350465223291e-03  -4.623497516955e-06   6.071882010929e-09  -2.689809253846e-04   7.118730875411e-05   2.390512629975e-07   6.978049559698e-04  -1.224040729526e-04  -2.882382585172e-07   4.887637530539e-04  -9.325951361486e-06   3.300452825301e-03   5.221009263729e-03   2.044977475050e-03   6.246117911937e-04  -2.004145341186e-04  -2.997533761353e-04  -1.943195386345e-04   7.490657079654e-04   1.184942766886e-03   4.641208571712e-04   1.417426937939e-04   2.947006216015e-04   4.687978847693e-05  -4.032481239824e-05   9.038040676557e-07   1.437278364235e-06   5.766163211884e-07   1.712797170724e-07   2.848610834089e-04  -7.542324197361e-05  -1.036690122485e-07  -4.050432595997e-03  -6.407398157628e-03  -2.509673890989e-03  -7.665288317013e-04  -2.573687284122e-04   2.960443751871e-04   2.346307893506e-04
  -1.406032957757e-07  -1.890297770058e-07  -4.362048204815e-06   3.414286262389e-03   2.833913461480e-04   4.507571555146e-07  -6.829413442539e-06   5.346982161268e-03   4.440339528157e-04   8.929248770514e-07  -4.588588637963e-06   3.597521103978e-03   2.995034801460e-04  -4.177367064556e-07   2.447546345863e-07  -1.896261145852e-04  -1.555037098550e-05  -1.224040729526e-04   3.266504349386e-04  -2.600260367690e-05  -3.341323157207e-07   4.738349288389e-04   1.314922213013e-03   2.080501675256e-03   8.155684574667e-04   2.490027431459e-04  -1.932977308907e-04   1.110796515901e-04  -6.057448959777e-05  -2.866945857699e-03  -4.534835511307e-03  -1.775608630203e-03  -5.423449010137e-04  -4.012267783907e-05  -2.670564667673e-04   1.700900180579e-04  -1.965702160655e-04  -3.113959405409e-04  -1.231805552507e-04  -3.724233832690e-05  -1.014633638380e-07   2.015867107511e-04  -1.702516503448e-05   1.747790403290e-03   2.765246279154e-03   1.083762438121e-03   3.309163272858e-04   2.334125476147e-04   4.030775171223e-05  -8.461534143995e-05
   1.648507030120e-05   2.808735058134e-05   5.657932172189e-05   2.430212666726e-04  -6.225750230979e-03  -7.571077143294e-05   8.859903555987e-05   3.805694577466e-04  -9.754692771785e-03  -6.049472438814e-05   5.953791481859e-05   2.557840295608e-04  -6.576419082092e-03   1.088618318366e-05  -3.180594746876e-06  -1.364852122200e-05   3.434409661538e-04  -2.882382585172e-07  -2.600260367690e-05   1.079844834232e-03  -5.748103338324e-06   1.710313476898e-05  -1.832198553873e-03  -2.905951932676e-03  -1.147963236590e-03  -3.499718422775e-04   2.717045008001e-04   1.386069150283e-04  -2.602030486506e-04  -2.002101703767e-03  -3.174071377073e-03  -1.252096205032e-03  -3.821341138605e-04  -2.445073299954e-05  -3.115145082287e-04  -2.608039382568e-04   5.675453258814e-03   8.986503393391e-03   3.552276034428e-03   1.077243349035e-03  -1.153946085538e-06  -5.210867318436e-06   6.071992580495e-04  -1.859091500514e-03  -2.948380997355e-03  -1.164432232731e-03  -3.550628698588e-04  -2.446630410573e-04   1.843092207419e-04  -2.601183224895e-04
  -2.655206125846e-08  -3.145750460624e-08   3.627020566740e-03  -4.362424367855e-06   6.598181872889e-05   6.561101945210e-08   5.680241109848e-03  -6.830030373539e-06   1.033873944022e-04   2.030561672645e-07   3.821650804043e-03  -4.589331448177e-06   6.974262459662e-05  -8.258323903284e-08  -2.015493513892e-04   2.446319853018e-07  -3.618661287569e-06   4.887637530539e-04  -3.341323157207e-07  -5.748103338324e-06   3.662465200715e-04   1.257010243333e-04   2.839029415923e-03   4.491182013131e-03   1.759279423859e-03   5.373207838872e-04  -2.039015590845e-04  -1.933550764024e-04  -1.630327807892e-04  -2.444522545545e-04  -3.866082125621e-04  -1.512824934411e-04  -4.622259311544e-05   2.096179572294e-04  -4.013265631894e-05   1.697307394357e-05  -4.515522112691e-05  -7.153809642447e-05  -2.830699118181e-05  -8.556183044440e-06   2.134852961032e-04  -1.015356995386e-07  -3.857944556558e-06  -2.549623977417e-03  -4.033162602264e-03  -1.579565076577e-03  -4.824729292329e-04  -1.279518165361e-04   2.334797762934e-04   1.517531041600e-04
  -4.393671506611e-08  -5.233799029078e-08   1.249296454930e-03   4.979558993373e-03   1.069538995844e-04   2.661012936603e-08   1.956513188933e-03   7.798295192607e-03   1.675932697992e-04   4.133196427305e-07   1.316342051524e-03   5.246785185632e-03   1.132146096655e-04   4.786394595687e-07  -6.942043684971e-05  -2.765669180496e-04  -5.775033658795e-06  -9.325951361486e-06   4.738349288389e-04   1.710313476898e-05   1.257010243333e-04   7.338096196743e-04   2.797977730266e-03   4.426256217763e-03   1.733760681804e-03   5.293979934852e-04  -3.375031739479e-04   1.021036636817e-04  -1.582201266776e-04  -4.361109401851e-03  -6.898738382949e-03  -2.702095720823e-03  -8.253545922564e-04   1.273498987062e-05  -4.187413684923e-04   2.395698366009e-04  -1.775070111514e-06  -3.166136966356e-06  -1.841964188309e-06  -4.219038743909e-07   7.352205742551e-05   2.930234247104e-04   6.057072225105e-06   1.565367732441e-03   2.476370772552e-03   9.700174704763e-04   2.961197807028e-04   2.826776679236e-04   1.489247053494e-04  -8.448033320880e-05
  -8.360627571838e-03  -1.393972641772e-02   2.793545418203e-02   1.293907120867e-02   1.126285681314e-02   3.506747602298e-02   4.374943657142e-02   2.026324566809e-02   1.766252131339e-02   2.347664390426e-02   2.943454093153e-02   1.363339629404e-02   1.192901350717e-02   5.647268093316e-03  -1.552081581463e-03  -7.175395837281e-04  -6.498043489127e-04   3.300452825301e-03   1.314922213013e-03  -1.832198553873e-03   2.839029415923e-03   2.797977730266e-03   3.685611620431e-02   5.699510110673e-02   1.766678667726e-02   5.047599221860e-03  -4.122583264972e-03  -1.909599761071e-03  -1.639910055468e-03  -3.068542317563e-03  -6.163776421099e-03  -7.073570401659e-03  -2.507606825809e-03   1.631212640018e-03   6.490172158249e-04   7.038798612655e-04  -3.004476806283e-03  -6.097029467645e-03  -7.135667507087e-03  -2.550504313517e-03   1.644429756919e-03   7.632671102627e-04   5.673727843717e-04  -3.068838234322e-03  -6.162800981200e-03  -7.071470535507e-03  -2.508132204327e-03   1.549570903465e-03   8.221121581622e-04   7.070551144629e-04
  -1.194161491710e-02  -1.964972754470e-02   4.419125803436e-02   2.046810025099e-02   1.787520251250e-02   4.878346382627e-02   6.920749388703e-02   3.205412302198e-02   2.802902774705e-02   3.266530735073e-02   4.656269439983e-02   2.156655254657e-02   1.892638525670e-02   7.849502193678e-03  -2.455283592079e-03  -1.135221393264e-03  -1.025609084273e-03   5.221009263729e-03   2.080501675256e-03  -2.905951932676e-03   4.491182013131e-03   4.426256217763e-03   5.699510110673e-02   8.834547519592e-02   2.813080601949e-02   8.107334292827e-03  -6.262121883266e-03  -2.900665340722e-03  -2.487359288836e-03  -6.163361614581e-03  -1.156803573928e-02  -1.100687412569e-02  -3.844596236006e-03   2.555845293061e-03   7.383868007976e-04   1.211009305442e-03  -6.127760340378e-03  -1.156546495840e-02  -1.114320027061e-02  -3.916603573747e-03   2.602790542221e-03   1.213742910311e-03   5.847930819187e-04  -6.162728246378e-03  -1.156484423943e-02  -1.100295474878e-02  -3.845184178193e-03   2.215011324338e-03   1.462457475604e-03   1.223912501332e-03
   1.441785018752e-03   2.105627435263e-03   1.730867003594e-02   8.015649380524e-03   7.109394381700e-03  -4.548993730134e-03   2.710695433457e-02   1.255304779587e-02   1.113720532513e-02  -3.034015981143e-03   1.823758300848e-02   8.446209532403e-03   7.506330630774e-03  -7.630367877417e-04  -9.618069221720e-04  -4.451317622499e-04  -3.880435193174e-04   2.044977475050e-03   8.155684574667e-04  -1.147963236590e-03   1.759279423859e-03   1.733760681804e-03   1.766678667726e-02   2.813080601949e-02   1.164986906994e-02   3.603140309349e-03  -1.530394466924e-03  -7.089803584526e-04  -6.003076841107e-04  -7.072873988752e-03  -1.100565753601e-02  -3.680255837339e-03  -1.078661201727e-03   9.137162284254e-04  -7.353216761612e-04   8.150764203195e-04  -7.173569515185e-03  -1.118227626709e-02  -3.794575376618e-03  -1.099094638751e-03   1.024536889750e-03   4.974554208958e-04  -8.677562801882e-04  -7.071340715346e-03  -1.100271475779e-02  -3.678240004035e-03  -1.078525036798e-03   2.760827466447e-05   1.148572389409e-03   8.482868267692e-04
   8.162630762125e-04   1.305554996295e-03   5.286433850427e-03   2.447242093470e-03   2.171462981713e-03  -3.144519515140e-03   8.279038309782e-03   3.832555057077e-03   3.400923997729e-03  -2.100392770187e-03   5.570149168194e-03   2.578724054253e-03   2.291152487874e-03  -5.174934724618e-04  -2.937658887852e-04  -1.359440112599e-04  -1.170676630218e-04   6.246117911937e-04   2.490027431459e-04  -3.499718422775e-04   5.373207838872e-04   5.293979934852e-04   5.047599221860e-03   8.107334292827e-03   3.603140309349e-03   1.131650744406e-03  -3.986027032781e-04  -1.847177893890e-04  -1.559183665418e-04  -2.507341730144e-03  -3.844036271245e-03  -1.078306477591e-03  -2.980772870347e-04   2.725685094873e-04  -3.008683096928e-04   2.738290609811e-04  -2.537836884933e-03  -3.897273041050e-03  -1.112252313442e-03  -3.020765754031e-04   3.132867030905e-04   1.534967775399e-04  -3.456055991143e-04  -2.508068202328e-03  -3.845053444165e-03  -1.078455683277e-03  -2.982526494210e-04  -5.424361150914e-05   3.937124602215e-04   2.861422317557e-04
   1.695322797511e-03   2.790806326806e-03  -1.992271042185e-03  -1.900134751918e-03  -1.646164020215e-03  -6.931121466038e-03  -3.120074449741e-03  -2.975698092891e-03  -2.582327013892e-03  -4.639530474547e-03  -2.099178766369e-03  -2.002066460223e-03  -1.745096396438e-03  -1.118219328410e-03   1.106600634446e-04   1.053307133166e-04   9.648434274732e-05  -2.004145341186e-04  -1.932977308907e-04   2.717045008001e-04  -2.039015590845e-04  -3.375031739479e-04  -4.122583264972e-03  -6.262121883266e-03  -1.530394466924e-03  -3.986027032781e-04   5.578748354837e-04   2.010164482583e-04   1.725024979758e-04  -5.572439065463e-05   1.715637220926e-04   9.898940103871e-04   3.709645297030e-04  -1.243584344167e-04  -1.978157513687e-04  -6.940926871842e-05   9.088011135756e-05   4.088194125916e-04   1.096437947256e-03   4.090183716625e-04  -1.169326339049e-04  -1.104524769672e-04  -1.643603477630e-04  -1.394060296789e-03  -1.945792679288e-03   1.602972182324e-04   1.177646672592e-04  -3.666713141346e-04   5.959025165540e-05   1.056430069073e-05
   7.852940423223e-04   1.292731316153e-03  -1.900113817459e-03   1.229982702356e-03  -7.626664917081e-04  -3.210599902455e-03  -2.975747805696e-03   1.926241374974e-03  -1.196385607814e-03  -2.149027692125e-03  -2.002073546873e-03   1.296003219250e-03  -8.084193792842e-04  -5.176696098749e-04   1.055653762109e-04  -6.840950631082e-05   4.474456634816e-05  -2.997533761353e-04   1.110796515901e-04   1.386069150283e-04  -1.933550764024e-04   1.021036636817e-04  -1.909599761071e-03  -2.900665340722e-03  -7.089803584526e-04  -1.847177893890e-04   2.010164482583e-04   2.170217786841e-04   7.988457292497e-05  -1.775917663207e-03  -2.689044783210e-03  -6.259544790447e-04  -1.594162228776e-04  -1.393329678249e-04  -2.530917600806e-04   6.144235043398e-05   7.655939092803e-05   2.437958296916e-04   5.291303209078e-04   1.959493350860e-04  -1.117041378109e-04   7.288819673510e-05  -7.020135624762e-05   1.070263540768e-03   1.813222914169e-03   1.137396126769e-03   3.792121626804e-04   2.233583918489e-06  -5.793716221505e-06  -9.463834372635e-05
   6.761541209715e-04   1.112262448019e-03  -1.642617423099e-03  -7.610298171848e-04   1.464028115691e-03  -2.759106555252e-03  -2.572483075394e-03  -1.191802183738e-03   2.292649675345e-03  -1.843543956063e-03  -1.730735512627e-03  -8.017606602998e-04   1.543988184675e-03  -4.530442172257e-04   9.127159469380e-05   4.223745574813e-05  -7.848518941624e-05  -1.943195386345e-04  -6.057448959777e-05  -2.602030486506e-04  -1.630327807892e-04  -1.582201266776e-04  -1.639910055468e-03  -2.487359288836e-03  -6.003076841107e-04  -1.559183665418e-04   1.725024979758e-04   7.988457292497e-05   1.939511270396e-04   6.479437113623e-04   1.131708869439e-03   8.170481654469e-04   2.770267609038e-04  -9.012723570165e-05   2.973415943674e-05   6.185481337156e-05  -1.902963586518e-03  -2.906695078236e-03  -7.733487951331e-04  -2.037784464777e-04  -9.501013886002e-05  -3.756831822015e-05  -2.736633830119e-04   6.985420274391e-04   1.211838439039e-03   8.485781408022e-04   2.866297715428e-04  -2.868128829556e-05  -9.116518392395e-05   5.686365948203e-05
  -8.362157507610e-03  -1.394224930608e-02  -2.645499667764e-03  -3.102766007166e-02   1.024994619226e-02   3.507428437319e-02  -4.143113666870e-03  -4.859136455328e-02   1.607530708055e-02   2.347730479942e-02  -2.787480321724e-03  -3.269281936268e-02   1.085672612563e-02   5.643617630273e-03   1.472549906665e-04   1.724386644155e-03  -5.951493179452e-04   7.490657079654e-04  -2.866945857699e-03  -2.002101703767e-03  -2.444522545545e-04  -4.361109401851e-03  -3.068542317563e-03  -6.163361614581e-03  -7.072873988752e-03  -2.507341730144e-03  -5.572439065463e-05  -1.775917663207e-03   6.479437113623e-04   3.685880269263e-02   5.699608607257e-02   1.766397500288e-02   5.048490197696e-03   3.903276093326e-04   4.578106951278e-03  -1.491463734130e-03  -3.006561445201e-03  -6.097127571677e-03  -7.130865724325e-03  -2.550449605913e-03  -1.552511558902e-04  -1.823905983352e-03   5.068302274749e-04  -3.068500661686e-03  -6.163561504914e-03  -7.073265270969e-03  -2.507255956779e-03  -2.461006499583e-04  -1.759912909398e-03   6.473781963611e-04
  -1.194340046265e-02  -1.965252457755e-02  -4.184987544649e-03  -4.908298249194e-02   1.626912441467e-02   4.879089052266e-02  -6.554098874634e-03  -7.686715797849e-02   2.551232898066e-02   3.266411164482e-02  -4.409568334501e-03  -5.171700457767e-02   1.722616464530e-02   7.843199849684e-03   2.329099321796e-04   2.727667676201e-03  -9.389404350924e-04   1.184942766886e-03  -4.534835511307e-03  -3.174071377073e-03  -3.866082125621e-04  -6.898738382949e-03  -6.163776421099e-03  -1.156803573928e-02  -1.100565753601e-02  -3.844036271245e-03   1.715637220926e-04  -2.689044783210e-03   1.131708869439e-03   5.699608607257e-02   8.834210978538e-02   2.812492848997e-02   8.108267570292e-03   5.928498598110e-04   6.953506851692e-03  -2.261928129851e-03  -6.128292401164e-03  -1.156111456266e-02  -1.113337775318e-02  -3.915805268206e-03  -2.441405067168e-04  -2.878921421532e-03   4.892346790974e-04  -6.163903577376e-03  -1.156863093486e-02  -1.100637065372e-02  -3.843941114264e-03  -6.258337230279e-04  -2.621877280207e-03   1.129399679310e-03
   1.441690378630e-03   2.105412252687e-03  -1.639532933139e-03  -1.922655515682e-02   6.475205788288e-03  -4.547983319115e-03  -2.567651870225e-03  -3.010992305633e-02   1.014344188464e-02  -3.035763649411e-03  -1.727438487869e-03  -2.025795419160e-02   6.834978263703e-03  -7.657946540011e-04   9.111551858145e-05   1.067908701408e-03  -3.538131952772e-04   4.641208571712e-04  -1.775608630203e-03  -1.252096205032e-03  -1.512824934411e-04  -2.702095720823e-03  -7.073570401659e-03  -1.100687412569e-02  -3.680255837339e-03  -1.078306477591e-03   9.898940103871e-04  -6.259544790447e-04   8.170481654469e-04   1.766397500288e-02   2.812492848997e-02   1.164625794977e-02   3.602862310906e-03   1.448169467604e-04   1.698735525765e-03  -5.454224308021e-04  -7.169486098349e-03  -1.117370637608e-02  -3.787765372766e-03  -1.097863180733e-03  -9.056383352381e-05  -1.105599336806e-03  -9.047717751473e-04  -7.073831876919e-03  -1.100734726988e-02  -3.680573325908e-03  -1.078323459502e-03  -1.085393301681e-03  -4.510080607669e-04   8.110904223266e-04
   8.156579199299e-04   1.304610466711e-03  -5.009573502222e-04  -5.872721830779e-03   1.979843555987e-03  -3.142203639907e-03  -7.845417602381e-04  -9.197021093014e-03   3.100659964699e-03  -2.099579712513e-03  -5.278111254544e-04  -6.187732592150e-03   2.088301112631e-03  -5.180176712348e-04   2.783054552030e-05   3.261494549019e-04  -1.067291102883e-04   1.417426937939e-04  -5.423449010137e-04  -3.821341138605e-04  -4.622259311544e-05  -8.253545922564e-04  -2.507606825809e-03  -3.844596236006e-03  -1.078661201727e-03  -2.980772870347e-04   3.709645297030e-04  -1.594162228776e-04   2.770267609038e-04   5.048490197696e-03   8.108267570292e-03   3.602862310906e-03   1.131778153462e-03   3.772937364633e-05   4.426986876354e-04  -1.416166849850e-04  -2.538082131426e-03  -3.897094577648e-03  -1.111404735884e-03  -3.020961207557e-04  -2.729988825465e-05  -3.360829492928e-04  -3.570209631653e-04  -2.507457062717e-03  -3.844370368209e-03  -1.078608839790e-03  -2.980400667882e-04  -3.939886598095e-04  -9.494895898924e-05   2.748169890009e-04
  -1.605199952783e-04  -2.642382944340e-04   2.073483852379e-03  -4.314001938084e-04   1.417661794227e-04   6.562290214250e-04   3.247262103095e-03  -6.756010982662e-04   2.224152138088e-04   4.392450772572e-04   2.184748154169e-03  -4.545524198564e-04   1.503356193779e-04   1.059025052897e-04  -1.152169573643e-04   2.397983875543e-05  -8.361487341624e-06   2.947006216015e-04  -4.012267783907e-05  -2.445073299954e-05   2.096179572294e-04   1.273498987062e-05   1.631212640018e-03   2.555845293061e-03   9.137162284254e-04   2.725685094873e-04  -1.243584344167e-04  -1.393329678249e-04  -9.012723570165e-05   3.903276093326e-04   5.928498598110e-04   1.448169467604e-04   3.772937364633e-05   1.278273609938e-04   4.562195007423e-05  -1.485679067510e-05   1.016187836631e-06  -2.346822913700e-05  -9.778747399997e-05  -3.690492724683e-05   1.219870642239e-04  -2.554722132437e-05   1.638230040313e-05  -1.503516361801e-03  -2.403005862205e-03  -1.028587407111e-03  -3.206725797427e-04  -7.329391047564e-05   1.083879780048e-04   9.301198056850e-05
  -1.882760571328e-03  -3.099272519283e-03  -4.313939454078e-04  -2.949341421795e-03   1.663070082532e-03   7.697015708473e-03  -6.756059656203e-04  -4.618883454578e-03   2.609138260605e-03   5.151691416953e-03  -4.545503247541e-04  -3.107663429352e-03   1.763384232524e-03   1.241453292306e-03   2.402379201525e-05   1.640322117727e-04  -9.817948583566e-05   4.687978847693e-05  -2.670564667673e-04  -3.115145082287e-04  -4.013265631894e-05  -4.187413684923e-04   6.490172158249e-04   7.383868007976e-04  -7.353216761612e-04  -3.008683096928e-04  -1.978157513687e-04  -2.530917600806e-04   2.973415943674e-05   4.578106951278e-03   6.953506851692e-03   1.698735525765e-03   4.426986876354e-04   4.562195007423e-05   6.590329760687e-04  -1.742182845363e-04  -5.342109772738e-05  -3.784208547384e-04  -1.187169378839e-03  -4.451428088995e-04  -2.577148235056e-05  -1.752238110149e-04   1.808956212591e-04   9.133541089448e-04   1.156487304134e-03  -5.716157806225e-04  -2.508328441494e-04   1.670723137484e-04  -3.051096727743e-04   1.535036035645e-05
   6.150241877545e-04   1.011656641158e-03   1.414537430949e-04   1.659424891868e-03   1.577642278319e-03  -2.509338582978e-03   2.215341937702e-04   2.598777979513e-03   2.470782898530e-03  -1.676145255352e-03   1.490740721579e-04   1.748586953680e-03   1.664351146815e-03  -4.124911327047e-04  -7.864823775070e-06  -9.218801205270e-05  -8.489165761846e-05  -4.032481239824e-05   1.700900180579e-04  -2.608039382568e-04   1.697307394357e-05   2.395698366009e-04   7.038798612655e-04   1.211009305442e-03   8.150764203195e-04   2.738290609811e-04  -6.940926871842e-05   6.144235043398e-05   6.185481337156e-05  -1.491463734130e-03  -2.261928129851e-03  -5.454224308021e-04  -1.416166849850e-04  -1.485679067510e-05  -1.742182845363e-04   1.820952143522e-04  -1.905834451451e-03  -2.920974015535e-03  -8.129913805052e-04  -2.184862723869e-04   9.970484233278e-06   1.048105650161e-04  -2.644406260415e-04   6.948015578678e-04   1.196626418368e-03   8.094100602184e-04   2.721068380754e-04   7.786310504955e-05   4.975594663344e-05   6.280934273070e-05
  -8.327507637318e-03  -1.388205330751e-02   1.503140876158e-04   6.543429659491e-04  -3.282413330862e-02   3.489150916245e-02   2.353314733878e-04   1.024476097978e-03  -5.141422158511e-02   2.328816305117e-02   1.578571177477e-04   6.874166802648e-04  -3.464185731352e-02   5.779260353869e-03  -8.350131125101e-06  -3.629907626234e-05   1.781449073236e-03   9.038040676557e-07  -1.965702160655e-04   5.675453258814e-03  -4.515522112691e-05  -1.775070111514e-06  -3.004476806283e-03  -6.127760340378e-03  -7.173569515185e-03  -2.537836884933e-03   9.088011135756e-05   7.655939092803e-05  -1.902963586518e-03  -3.006561445201e-03  -6.128292401164e-03  -7.169486098349e-03  -2.538082131426e-03   1.016187836631e-06  -5.342109772738e-05  -1.905834451451e-03   3.688389565228e-02   5.704995137049e-02   1.778003653424e-02   5.000821782739e-03  -2.225240063809e-05  -9.682961820780e-05   4.819426372512e-03  -3.004824237252e-03  -6.127856911144e-03  -7.172904265151e-03  -2.537888688040e-03  -6.595475109638e-05   8.985744128851e-05  -1.903402003675e-03
  -1.188215335149e-02  -1.954598725046e-02   2.373712214575e-04   1.033470599153e-03  -5.195897493608e-02   4.847179411668e-02   3.716324521866e-04   1.618092605161e-03  -8.138915079836e-02   3.234472841503e-02   2.493027324329e-04   1.085809613605e-03  -5.484230817180e-02   8.053247932643e-03  -1.322365584573e-05  -5.749129297937e-05   2.825545776044e-03   1.437278364235e-06  -3.113959405409e-04   8.986503393391e-03  -7.153809642447e-05  -3.166136966356e-06  -6.097029467645e-03  -1.156546495840e-02  -1.118227626709e-02  -3.897273041050e-03   4.088194125916e-04   2.437958296916e-04  -2.906695078236e-03  -6.097127571677e-03  -1.156111456266e-02  -1.117370637608e-02  -3.897094577648e-03  -2.346822913700e-05  -3.784208547384e-04  -2.920974015535e-03   5.704995137049e-02   8.845195052194e-02   2.832479419316e-02   8.045523544375e-03  -3.382779188317e-05  -1.471889362657e-04   7.318690061658e-03  -6.097049522443e-03  -1.156475188265e-02  -1.118086742560e-02  -3.897258797300e-03  -3.456667932352e-04   3.074791209737e-04  -2.908874577087e-03
