ARMA_MAT_TXT_FN008
50 50
   3.279188879106e-01   2.802367643683e-01  -4.041959611647e-10   1.354033049980e-08  -2.600678195610e-06  -4.069427649083e-02   6.597189649071e-09   3.284099611680e-08  -1.912564984423e-05  -2.980790483792e-02   1.020968190643e-08   3.958969846715e-08  -2.665182306308e-05  -7.599753735394e-03  -1.046824650446e-08  -3.757641706485e-08   2.657217325672e-05  -1.061727021413e-09  -6.656811001591e-09   1.105417663177e-05  -2.970228663931e-09  -5.497902281397e-09  -8.359823991925e-03  -1.193851557726e-02   1.445896468067e-03   8.219149656329e-04   1.715743433040e-03   7.570584451184e-04   6.575060563458e-04  -8.359847193180e-03  -1.193854405616e-02   1.445892387037e-03   8.219024990242e-04  -2.019677515648e-04  -1.865703847054e-03   6.539088763556e-04  -8.337833832978e-03  -1.189875735462e-02   1.475895276046e-03   8.652682823319e-04   7.300500948541e-07   2.214750168792e-06  -1.987374561726e-03  -8.359818078366e-03  -1.193850988018e-02   1.445894891126e-03   8.219147680422e-04  -1.514498137309e-03   1.106456851849e-03   6.567132021838e-04
   2.802367643683e-01   2.463389730637e-01   1.552065238204e-10   2.343934001012e-08  -5.914539748202e-06  -6.908015121732e-02   1.115011365805e-08   5.616171448584e-08  -3.247428785544e-05  -4.834926711240e-02   1.827583823565e-08   6.920963980410e-08  -4.729602515561e-05  -1.203203362125e-02  -1.653870620127e-08  -5.947547431079e-08   4.201562275689e-05  -2.137665858804e-09  -9.814818675441e-09   1.880079637173e-05  -4.796050242229e-09  -9.447789610270e-09  -1.393806573306e-02  -1.964359391703e-02   2.111918295497e-03   1.314466138764e-03   2.824120729316e-03   1.246121075052e-03   1.081722468581e-03  -1.393810419617e-02  -1.964363923447e-02   2.111910797855e-03   1.314446510480e-03  -3.324395682726e-04  -3.070953913054e-03   1.075802914299e-03  -1.389972887311e-02  -1.957412306688e-02   2.160969790391e-03   1.384055246178e-03   1.201680062414e-06   3.645533398889e-06  -3.270326032599e-03  -1.393805616110e-02  -1.964358558030e-02   2.111916011274e-03   1.314465694310e-03  -2.492870196472e-03   1.821232209126e-03   1.080417891997e-03
  -4.041959611647e-10   1.552065238204e-10   3.593976963008e-02   8.558530556453e-09  -1.743517079015e-10  -7.312132689663e-09   5.628438165630e-02   8.422601353255e-09  -4.804902176574e-09  -3.066421876682e-08   3.787279095353e-02  -3.042933205061e-09   6.331206349091e-09   2.678771012080e-08  -1.995710476156e-03  -1.910383047279e-09   9.287684045764e-09   4.801819219736e-03  -3.191470172236e-08   4.519503835363e-06   3.548393115055e-03   1.608572129237e-03   2.828844478024e-02   4.475150665242e-02   1.754320606501e-02   5.355863973184e-03  -2.090918679118e-03  -1.854740506124e-03  -1.615150574994e-03  -3.329971943268e-03  -5.267922175702e-03  -2.065108492769e-03  -6.304758755536e-04   2.054299729918e-03  -5.380572457300e-04   1.890855387953e-04   1.202146421644e-05   1.900486627141e-05   7.453684511064e-06   2.276905742983e-06   2.115585021945e-03  -2.340199362349e-09   2.069669778864e-06  -2.497043856675e-02  -3.950254131714e-02  -1.548557999460e-02  -4.727684429706e-03  -1.162680663614e-03   2.392796515741e-03   1.423985583666e-03
   1.354033049980e-08   2.343934001012e-08   8.558530556453e-09   3.593981474014e-02  -1.949973238551e-08  -8.379242700156e-08   8.422593418559e-09   5.628444180466e-02  -3.335905287326e-08  -5.285686309184e-08  -3.042873615485e-09   3.787291993397e-02   2.579588171041e-08   1.491598170349e-07  -1.910335872250e-09  -1.995662330433e-03   3.230638648682e-08  -1.611171611171e-03   3.536558026957e-03   1.368255969384e-05  -3.191489089386e-08   4.809682257143e-03   1.248204240620e-02   1.974623293447e-02   7.740771689322e-03   2.363189294550e-03  -1.854741608790e-03   1.294154833330e-03  -7.126789249394e-04  -3.076111658649e-02  -4.866327773382e-02  -1.907681533466e-02  -5.824054469560e-03  -5.380578350120e-04  -2.857830622689e-03   1.746721703631e-03   3.644358661651e-05   5.759912398798e-05   2.256215104864e-05   6.891168955101e-06  -2.339897551616e-09   2.115577236784e-03   6.275574892487e-06   1.824280961659e-02   2.885962679545e-02   1.131337976506e-02   3.453878926090e-03   2.392798207373e-03   3.644236879017e-04  -1.040340169338e-03
  -2.600678195610e-06  -5.914539748202e-06  -1.743517079015e-10  -1.949973238551e-08   3.595495327315e-02   3.251408885363e-05  -4.819767654617e-09  -3.329052453419e-08   5.632551825891e-02   6.221292845470e-05   6.348709582785e-09   2.613020457631e-08   3.795120467739e-02  -8.309348892067e-05   9.405754780884e-09   3.271167506165e-08  -1.987234789599e-03  -3.199137599918e-08   1.589729541105e-05  -6.221943915509e-03   5.248986854919e-06   5.940591076812e-06   1.092044031293e-02   1.731412382244e-02   6.858433018082e-03   2.094469106448e-03  -1.617504582224e-03  -7.137172432182e-04   1.499841325667e-03   1.086093336375e-02   1.721986454416e-02   6.821311625687e-03   2.083208517064e-03   1.893615822136e-04   1.749269885261e-03   1.506608647726e-03  -3.282546282574e-02  -5.195056266157e-02  -2.045543379499e-02  -6.212910273363e-03   2.071431981021e-06   6.281759793677e-06  -3.524448439513e-03   1.090733162566e-02   1.729336882379e-02   6.850269060169e-03   2.091989343151e-03   1.426061742163e-03  -1.041856302714e-03   1.501333909433e-03
  -4.069427649083e-02  -6.908015121732e-02  -7.312132689663e-09  -8.379242700156e-08   3.251408885363e-05   1.768081379830e-01  -3.602465982006e-08  -1.802877746783e-07   1.046056345254e-04   1.182390677043e-01  -5.420236514118e-08  -2.059373254594e-07   1.405446764033e-04   2.866892314428e-02   3.958906708256e-08   1.429432177142e-07  -1.007277083230e-04   6.647931511049e-09   2.531282193718e-08  -5.057946771838e-05   1.319454374385e-08   2.347418268017e-08   3.505871359917e-02   4.875998724712e-02  -4.564350054632e-03  -3.165846406623e-03  -7.012427734978e-03  -3.094179248149e-03  -2.683810032050e-03   3.505881866715e-02   4.876010982869e-02  -4.564324045956e-03  -3.165798240619e-03   8.254628361545e-04   7.625320470457e-03  -2.669115580627e-03   3.494146216333e-02   4.855095008787e-02  -4.695716167315e-03  -3.337319239868e-03  -2.983100840092e-06  -9.050296546894e-06   8.116047813761e-03   3.505868880507e-02   4.875996689554e-02  -4.564346073708e-03  -3.165845273429e-03   6.189916113025e-03  -4.522207493514e-03  -2.680571797405e-03
   6.597189649071e-09   1.115011365805e-08   5.628438165630e-02   8.422593418559e-09  -4.819767654617e-09  -3.602465982006e-08   8.814557385979e-02   5.390270893331e-09  -1.465500913445e-08  -6.447362041922e-08   5.931163839832e-02  -1.001405957047e-08   5.101222657507e-09   3.797326794543e-08  -3.125432668929e-03  -2.715258441679e-09   1.481027049599e-08   7.520010184118e-03  -5.047294877125e-08   7.078673995159e-06   5.557050431493e-03   2.519144240289e-03   4.430182363352e-02   7.008421271031e-02   2.747397851942e-02   8.387685553251e-03  -3.274534437414e-03  -2.904662754909e-03  -2.529446965871e-03  -5.214988435656e-03  -8.249964448139e-03  -3.234112762947e-03  -9.873716440951e-04   3.217187781691e-03  -8.426389899934e-04   2.961221103381e-04   1.882580179901e-05   2.976285439236e-05   1.167626590811e-05   3.567053762746e-06   3.313165221497e-03  -3.957650967818e-09   3.240574481694e-06  -3.910559317459e-02  -6.186396297680e-02  -2.425158447430e-02  -7.403909607788e-03  -1.820846716908e-03   3.747299974810e-03   2.230068824828e-03
   3.284099611680e-08   5.616171448584e-08   8.422601353255e-09   5.628444180466e-02  -3.329052453419e-08  -1.802877746783e-07   5.390270893331e-09   8.814565161696e-02  -5.656959424852e-08  -1.155938956668e-07  -1.001394111484e-08   5.931182932938e-02   3.746350413031e-08   2.256457528322e-07  -2.715165917851e-09  -3.125356686244e-03   5.077380467937e-08  -2.523216086625e-03   5.538514760093e-03   2.142840147536e-05  -5.047326660127e-08   7.532322440444e-03   1.954779884143e-02   3.092405873090e-02   1.212262656801e-02   3.700931416573e-03  -2.904661921950e-03   2.026744572359e-03  -1.116107722561e-03  -4.817422270282e-02  -7.621035196497e-02  -2.987572065054e-02  -9.120904718828e-03  -8.426393988041e-04  -4.475578983859e-03   2.735497618269e-03   5.706619355846e-05   9.019503120784e-05   3.533688161812e-05   1.079348661736e-05  -3.956972716108e-09   3.313152413304e-03   9.826036825810e-06   2.856959916095e-02   4.519632779578e-02   1.771760298380e-02   5.409034470726e-03   3.747299549957e-03   5.707157936552e-04  -1.629250195576e-03
  -1.912564984423e-05  -3.247428785544e-05  -4.804902176574e-09  -3.335905287326e-08   5.632551825891e-02   1.046056345254e-04  -1.465500913445e-08  -5.656959424852e-08   8.823720530587e-02   1.333738051242e-04   5.155995529233e-09   3.793595460570e-08   5.945279402710e-02  -1.214597561645e-04   1.499821017207e-08   5.144286890815e-08  -3.113148540026e-03  -5.059460073986e-08   2.490376385196e-05  -9.747049418166e-03   8.222397501185e-06   9.305710143108e-06   1.711813978342e-02   2.713837384378e-02   1.074273928678e-02   3.280144031718e-03  -2.536043327037e-03  -1.119018724419e-03   2.348773203911e-03   1.702492608398e-02   2.699072289151e-02   1.068459104235e-02   3.262505072676e-03   2.968962972746e-04   2.742648092143e-03   2.359378648597e-03  -5.141237206786e-02  -8.136880941409e-02  -3.204604579298e-02  -9.733896219775e-03   3.243845167086e-06   9.837826733082e-06  -5.518787142840e-03   1.709761052682e-02   2.710586984714e-02   1.072995386269e-02   3.276260526104e-03   2.235887666645e-03  -1.633501609861e-03   2.351112048230e-03
  -2.980790483792e-02  -4.834926711240e-02  -3.066421876682e-08  -5.285686309184e-08   6.221292845470e-05   1.182390677043e-01  -6.447362041922e-08  -1.155938956668e-07   1.333738051242e-04   7.909262484308e-02  -6.340006068622e-08  -1.343024308415e-07   1.367000040399e-04   1.918017332060e-02   2.792867580245e-08   9.549194614391e-08  -6.962738988329e-05   8.186275159510e-10   3.515579120826e-08  -4.082987578958e-05   1.219064789830e-08   2.165971992385e-08   2.345988638592e-02   3.263315845972e-02  -3.047876811394e-03  -2.115537805979e-03  -4.692154729067e-03  -2.070375966176e-03  -1.793409698487e-03   2.345990849222e-02   3.263316413055e-02  -3.047889539173e-03  -2.115514693550e-03   5.523310493986e-04   5.102244226294e-03  -1.783574604327e-03   2.333224837599e-02   3.241542689818e-02  -3.166486568227e-03  -2.239596536103e-03  -1.994463124553e-06  -6.046123139234e-06   5.424543418687e-03   2.345989375944e-02   3.263318271971e-02  -3.047859326223e-03  -2.115532510674e-03   4.141796148164e-03  -3.025900029870e-03  -1.791244295860e-03
   1.020968190643e-08   1.827583823565e-08   3.787279095353e-02  -3.042873615485e-09   6.348709582785e-09  -5.420236514118e-08   5.931163839832e-02  -1.001394111484e-08   5.155995529233e-09  -6.340006068622e-08   3.990977987266e-02  -1.591705041733e-08   1.353890174964e-08   2.067322370871e-08  -2.103049809319e-03  -1.343401440503e-09   9.452182454935e-09   5.060085715929e-03  -3.481525176001e-08   4.761462256308e-06   3.739243520068e-03   1.695087604536e-03   2.980992800010e-02   4.715845114959e-02   1.848676765073e-02   5.643929658833e-03  -2.203376615076e-03  -1.954497516619e-03  -1.702020267342e-03  -3.509071480960e-03  -5.551250849102e-03  -2.176171556120e-03  -6.643828685819e-04   2.164790285335e-03  -5.669973950688e-04   1.992558986543e-04   1.265286504079e-05   2.000480377727e-05   7.852087195330e-06   2.399114333127e-06   2.229371811422e-03  -3.172551757768e-09   2.178209131704e-06  -2.631348752957e-02  -4.162720576036e-02  -1.631847361556e-02  -4.981962989759e-03  -1.225217641062e-03   2.521494008075e-03   1.500576007822e-03
   3.958969846715e-08   6.920963980410e-08  -3.042933205061e-09   3.787291993397e-02   2.613020457631e-08  -2.059373254594e-07  -1.001405957047e-08   5.931182932938e-02   3.793595460570e-08  -1.343024308415e-07  -1.591705041733e-08   3.991000161522e-02   7.638308778856e-08   1.379988233907e-07  -1.343317922491e-09  -2.103003596541e-03   3.152994071679e-08  -1.697833775473e-03   3.726779915449e-03   1.441045820175e-05  -3.481557981333e-08   5.068381493448e-03   1.315339898292e-02   2.080830428717e-02   8.157132867680e-03   2.490301869099e-03  -1.954499863695e-03   1.363765667697e-03  -7.510077158554e-04  -3.241568175571e-02  -5.128075182151e-02  -2.010289292114e-02  -6.137309545159e-03  -5.669994999984e-04  -3.011548205672e-03   1.840676798014e-03   3.833789388174e-05   6.059743123467e-05   2.375225993678e-05   7.255976506058e-06  -3.171093708984e-09   2.229368414718e-03   6.603141363960e-06   1.922404010010e-02   3.041191114514e-02   1.192191291990e-02   3.639660119745e-03   2.521498458592e-03   3.840259032953e-04  -1.096293990412e-03
  -2.665182306308e-05  -4.729602515561e-05   6.331206349091e-09   2.579588171041e-08   3.795120467739e-02   1.405446764033e-04   5.101222657507e-09   3.746350413031e-08   5.945279402710e-02   1.367000040399e-04   1.353890174964e-08   7.638308778856e-08   4.005835357900e-02  -7.048443572569e-05   9.589715593000e-09   3.203562785814e-08  -2.097627286530e-03  -3.497386450866e-08   1.678450281463e-05  -6.567418836775e-03   5.541064061282e-06   6.276934076313e-06   1.154783091516e-02   1.830473731895e-02   7.236487289308e-03   2.208856939528e-03  -1.711524646611e-03  -7.552006344735e-04   1.581499487549e-03   1.148495858293e-02   1.820514735741e-02   7.197266718423e-03   2.196959524551e-03   2.003705958556e-04   1.850967249147e-03   1.588654866186e-03  -3.462695206716e-02  -5.480570847662e-02  -2.159394725172e-02  -6.559858142294e-03   2.185030240922e-06   6.627821190542e-06  -3.715251193172e-03   1.153399219463e-02   1.828282647217e-02   7.227868691613e-03   2.206239079369e-03   1.508958796168e-03  -1.102416438972e-03   1.583077013557e-03
  -7.599753735394e-03  -1.203203362125e-02   2.678771012080e-08   1.491598170349e-07  -8.309348892067e-05   2.866892314428e-02   3.797326794543e-08   2.256457528322e-07  -1.214597561645e-04   1.918017332060e-02   2.067322370871e-08   1.379988233907e-07  -7.048443572569e-05   4.651946587662e-03   4.847461319230e-09   1.407889703005e-08  -1.146027246566e-05  -2.401330964186e-09  -1.894846041479e-08   7.089431785104e-06  -7.997789373512e-09   1.223167085625e-08   5.658841835558e-03   7.866140850951e-03  -7.581449852650e-04  -5.187590857132e-04  -1.133403107196e-03  -5.000964623547e-04  -4.389882306259e-04   5.658784749644e-03   7.866043770384e-03  -7.581862047200e-04  -5.187653188864e-04   1.334182673373e-04   1.232462958135e-03  -4.366089781347e-04   5.747261684815e-03   8.002348801751e-03  -7.123765823851e-04  -5.261767441101e-04  -4.872828346619e-07  -1.473757030458e-06   1.325032824588e-03   5.658854658751e-03   7.866164237694e-03  -7.581338066765e-04  -5.187557182545e-04   1.000467688683e-03  -7.309074364121e-04  -4.384657953551e-04
  -1.046824650446e-08  -1.653870620127e-08  -1.995710476156e-03  -1.910335872250e-09   9.405754780884e-09   3.958906708256e-08  -3.125432668929e-03  -2.715165917851e-09   1.499821017207e-08   2.792867580245e-08  -2.103049809319e-03  -1.343317922491e-09   9.589715593000e-09   4.847461319230e-09   1.108204183286e-04   1.858085093692e-10  -1.056998559922e-09  -2.666416259252e-04   1.635144707461e-09  -2.526013947928e-07  -1.970398067851e-04  -8.932308496295e-05  -1.570827592583e-03  -2.485005580711e-03  -9.741615943531e-04  -2.974076603770e-04   1.161053612824e-04   1.029915298544e-04   8.968801628643e-05   1.849228655565e-04   2.925413106343e-04   1.146755718882e-04   3.500996268538e-05  -1.140735850538e-04   2.988020652069e-05  -1.050005669334e-05  -6.683735323433e-07  -1.058134600560e-06  -4.202825790487e-07  -1.287975276499e-07  -1.174769688082e-04   4.510997299568e-11  -1.140491281171e-07   1.386601020554e-03   2.193562886719e-03   8.599038386967e-04   2.625247432836e-04   6.456449942797e-05  -1.328716195150e-04  -7.907309216546e-05
  -3.757641706485e-08  -5.947547431079e-08  -1.910383047279e-09  -1.995662330433e-03   3.271167506165e-08   1.429432177142e-07  -2.715258441679e-09  -3.125356686244e-03   5.144286890815e-08   9.549194614391e-08  -1.343401440503e-09  -2.103003596541e-03   3.203562785814e-08   1.407889703005e-08   1.858085093692e-10   1.108149324307e-04  -3.619459118732e-09   8.946477947303e-05  -1.963776157882e-04  -7.652724292813e-07   1.635097069848e-09  -2.670715998716e-04  -6.930656755747e-04  -1.096415215468e-03  -4.298270205106e-04  -1.312237816889e-04   1.029830774919e-04  -7.186466985326e-05   3.957284541253e-05   1.708137212394e-03   2.702222959944e-03   1.059297939381e-03   3.233968757754e-04   2.987795013388e-05   1.586968480984e-04  -9.699255392569e-05  -2.025160561832e-06  -3.206044666320e-06  -1.274487130275e-06  -3.907244787660e-07   4.493776234121e-11  -1.174735564138e-04  -3.452189401875e-07  -1.012946848574e-03  -1.602459464757e-03  -6.282051219618e-04  -1.917870827100e-04  -1.328609106002e-04  -2.024022965565e-05   5.776706772242e-05
   2.657217325672e-05   4.201562275689e-05   9.287684045764e-09   3.230638648682e-08  -1.987234789599e-03  -1.007277083230e-04   1.481027049599e-08   5.077380467937e-08  -3.113148540026e-03  -6.962738988329e-05   9.452182454935e-09   3.152994071679e-08  -2.097627286530e-03  -1.146027246566e-05  -1.056998559922e-09  -3.619459118732e-09   1.098901141531e-04   1.605636082852e-09  -8.755833180226e-07   3.439127915992e-04  -2.892012909338e-07  -3.237593367339e-07  -6.231704521157e-04  -9.842076186523e-04  -3.764932904085e-04  -1.139846032792e-04   9.332159736478e-05   4.117934894767e-05  -8.139454958973e-05  -6.199272615206e-04  -9.790702726706e-04  -3.744699466745e-04  -1.133709098147e-04  -1.092789411472e-05  -1.009520210813e-04  -8.177420209979e-05   1.794696504340e-03   2.844113618875e-03   1.133196065865e-03   3.452536736043e-04  -1.122716993877e-07  -3.402894979131e-07   1.902523378834e-04  -6.224546709797e-04  -9.830743205346e-04  -3.760474969592e-04  -1.138492040182e-04  -8.228063419695e-05   6.011503231546e-05  -8.147835664473e-05
  -1.061727021413e-09  -2.137665858804e-09   4.801819219736e-03  -1.611171611171e-03  -3.199137599918e-08   6.647931511049e-09   7.520010184118e-03  -2.523216086625e-03  -5.059460073986e-08   8.186275159510e-10   5.060085715929e-03  -1.697833775473e-03  -3.497386450866e-08  -2.401330964186e-09  -2.666416259252e-04   8.946477947303e-05   1.605636082852e-09   7.137870518164e-04  -1.585472755007e-04  -3.864155928382e-09   4.740930463353e-04  -6.996788357210e-07   3.219969903454e-03   5.093899638775e-03   1.996879167158e-03   6.096399658583e-04  -1.962133154585e-04  -3.058231269680e-04  -1.838483022807e-04   9.340949521582e-04   1.477714261541e-03   5.792886480038e-04   1.768526581764e-04   2.985905112308e-04   5.622595406088e-05  -5.304329528597e-05   3.154265000810e-09   5.560351936028e-09   2.994057989665e-09   8.838718851608e-10   2.826579423082e-04  -9.484110810167e-05  -1.411049989572e-09  -4.154065376528e-03  -6.571616759985e-03  -2.576170559414e-03  -7.864921752342e-04  -2.626124556998e-04   3.033591804254e-04   2.368917831570e-04
  -6.656811001591e-09  -9.814818675441e-09  -3.191470172236e-08   3.536558026957e-03   1.589729541105e-05   2.531282193718e-08  -5.047294877125e-08   5.538514760093e-03   2.490376385196e-05   3.515579120826e-08  -3.481525176001e-08   3.726779915449e-03   1.678450281463e-05  -1.894846041479e-08   1.635144707461e-09  -1.963776157882e-04  -8.755833180226e-07  -1.585472755007e-04   3.480122379092e-04  -1.404946725697e-06  -4.053536756286e-09   4.732846364801e-04   1.233067869098e-03   1.950694199375e-03   7.647255199966e-04   2.334640488550e-04  -1.832248296931e-04   1.270334759530e-04  -6.946479026604e-05  -3.022153047347e-03  -4.780950522571e-03  -1.874183478740e-03  -5.721785455216e-04  -5.286414002008e-05  -2.804420735130e-04   1.725470738645e-04  -1.092544399143e-05  -1.729930071107e-05  -6.825706378004e-06  -2.069595334874e-06  -1.242812373176e-09   2.081803016653e-04  -9.400942249476e-07   1.799982973675e-03   2.847540122791e-03   1.116304626973e-03   3.407984384226e-04   2.360890211230e-04   3.539672596566e-05  -1.017094980969e-04
   1.105417663177e-05   1.880079637173e-05   4.519503835363e-06   1.368255969384e-05  -6.221943915509e-03  -5.057946771838e-05   7.078673995159e-06   2.142840147536e-05  -9.747049418166e-03  -4.082987578958e-05   4.761462256308e-06   1.441045820175e-05  -6.567418836775e-03   7.089431785104e-06  -2.526013947928e-07  -7.652724292813e-07   3.439127915992e-04  -3.864155928382e-09  -1.404946725697e-06   1.076714086337e-03  -4.621279691047e-07   1.004893887499e-06  -1.890366906756e-03  -2.995430320962e-03  -1.180525558647e-03  -3.600659090922e-04   2.807201595092e-04   1.245534573617e-04  -2.593366415580e-04  -1.900504334594e-03  -3.011446520619e-03  -1.186774672220e-03  -3.619862591966e-04  -3.292500064617e-05  -3.058019889657e-04  -2.593484850146e-04   5.671514713129e-03   8.977624939881e-03   3.540977268400e-03   1.075983687724e-03  -9.166241976474e-08  -2.795293216594e-07   6.078381086233e-04  -1.892603211626e-03  -2.998965072579e-03  -1.181906430037e-03  -3.604896785226e-04  -2.475865653755e-04   1.818806453325e-04  -2.593382908454e-04
  -2.970228663931e-09  -4.796050242229e-09   3.548393115055e-03  -3.191489089386e-08   5.248986854919e-06   1.319454374385e-08   5.557050431493e-03  -5.047326660127e-08   8.222397501185e-06   1.219064789830e-08   3.739243520068e-03  -3.481557981333e-08   5.541064061282e-06  -7.997789373512e-09  -1.970398067851e-04   1.635097069848e-09  -2.892012909338e-07   4.740930463353e-04  -4.053536756286e-09  -4.621279691047e-07   3.503395088523e-04   1.588134800407e-04   2.794549810035e-03   4.420902730375e-03   1.733063814699e-03   5.290967904810e-04  -2.066746821580e-04  -1.832271434576e-04  -1.592470277957e-04  -3.271582329067e-04  -5.175499188515e-04  -2.028786077426e-04  -6.193866174282e-05   2.028526002536e-04  -5.286491174086e-05   1.888694583767e-05  -3.603454927975e-06  -5.705325658692e-06  -2.250603926950e-06  -6.823889993763e-07   2.088755233101e-04  -1.242682748497e-09  -3.097709256964e-07  -2.463795316127e-03  -3.897650622504e-03  -1.527927508351e-03  -4.664700380006e-04  -1.145870633742e-04   2.360921064060e-04   1.408124467837e-04
  -5.497902281397e-09  -9.447789610270e-09   1.608572129237e-03   4.809682257143e-03   5.940591076812e-06   2.347418268017e-08   2.519144240289e-03   7.532322440444e-03   9.305710143108e-06   2.165971992385e-08   1.695087604536e-03   5.068381493448e-03   6.276934076313e-06   1.223167085625e-08  -8.932308496295e-05  -2.670715998716e-04  -3.237593367339e-07  -6.996788357210e-07   4.732846364801e-04   1.004893887499e-06   1.588134800407e-04   7.156570718459e-04   2.938350372246e-03   4.648391126973e-03   1.822237923050e-03   5.563164585303e-04  -3.420653081155e-04   9.005969960734e-05  -1.674174623781e-04  -4.263877158579e-03  -6.745336121163e-03  -2.644276148343e-03  -8.072846026966e-04   1.997044187978e-05  -4.062436823130e-04   2.424683573883e-04  -4.904379463184e-09  -2.020153120010e-08  -2.897450061213e-08  -3.401481394817e-09   9.468813375679e-05   2.831201849133e-04   3.512522480796e-07   1.325559027591e-03   2.097003880848e-03   8.220615443554e-04   2.509651819357e-04   2.684168134490e-04   1.556917675083e-04  -7.524294956009e-05
  -8.359823991925e-03  -1.393806573306e-02   2.828844478024e-02   1.248204240620e-02   1.092044031293e-02   3.505871359917e-02   4.430182363352e-02   1.954779884143e-02   1.711813978342e-02   2.345988638592e-02   2.980992800010e-02   1.315339898292e-02   1.154783091516e-02   5.658841835558e-03  -1.570827592583e-03  -6.930656755747e-04  -6.231704521157e-04   3.219969903454e-03   1.233067869098e-03  -1.890366906756e-03   2.794549810035e-03   2.938350372246e-03   3.686595995754e-02   5.700422701638e-02   1.767348000132e-02   5.044498325674e-03  -4.171099731424e-03  -1.840463789569e-03  -1.595592239262e-03  -3.057700926795e-03  -6.153930648238e-03  -7.085491811532e-03  -2.514266410984e-03   1.651207258237e-03   6.266165664836e-04   6.836627051602e-04  -3.015183686755e-03  -6.109482615208e-03  -7.126675633018e-03  -2.543372434761e-03   1.665228304473e-03   7.348602179756e-04   5.429369023117e-04  -3.057722364741e-03  -6.153903452052e-03  -7.085402448232e-03  -2.514284060127e-03   1.575868258281e-03   7.971982479540e-04   6.838298428051e-04
  -1.193851557726e-02  -1.964359391703e-02   4.475150665242e-02   1.974623293447e-02   1.731412382244e-02   4.875998724712e-02   7.008421271031e-02   3.092405873090e-02   2.713837384378e-02   3.263315845972e-02   4.715845114959e-02   2.080830428717e-02   1.830473731895e-02   7.866140850951e-03  -2.485005580711e-03  -1.096415215468e-03  -9.842076186523e-04   5.093899638775e-03   1.950694199375e-03  -2.995430320962e-03   4.420902730375e-03   4.648391126973e-03   5.700422701638e-02   8.835041076670e-02   2.813917281437e-02   8.102481014418e-03  -6.334613604298e-03  -2.795096720486e-03  -2.420833683517e-03  -6.153923187275e-03  -1.156408252446e-02  -1.102884876379e-02  -3.855281137023e-03   2.581091076512e-03   7.042637620384e-04   1.184332563600e-03  -6.130251216125e-03  -1.156189812588e-02  -1.111901572773e-02  -3.903950798689e-03   2.634458621352e-03   1.162877447197e-03   5.474914970296e-04  -6.153904515850e-03  -1.156395856930e-02  -1.102867679683e-02  -3.855298256013e-03   2.259989239785e-03   1.431360881253e-03   1.185025475333e-03
   1.445896468067e-03   2.111918295497e-03   1.754320606501e-02   7.740771689322e-03   6.858433018082e-03  -4.564350054632e-03   2.747397851942e-02   1.212262656801e-02   1.074273928678e-02  -3.047876811394e-03   1.848676765073e-02   8.157132867680e-03   7.236487289308e-03  -7.581449852650e-04  -9.741615943531e-04  -4.298270205106e-04  -3.764932904085e-04   1.996879167158e-03   7.647255199966e-04  -1.180525558647e-03   1.733063814699e-03   1.822237923050e-03   1.767348000132e-02   2.813917281437e-02   1.165743682357e-02   3.604857393479e-03  -1.547291660457e-03  -6.827315232106e-04  -5.863406818017e-04  -7.085480147597e-03  -1.102882999929e-02  -3.697021464865e-03  -1.082771902226e-03   9.016453666291e-04  -7.417024532134e-04   8.249774515214e-04  -7.152139928884e-03  -1.114508626935e-02  -3.771993362546e-03  -1.096275587634e-03   1.033147900954e-03   4.570874426627e-04  -8.799608981805e-04  -7.085404391122e-03  -1.102868129032e-02  -3.696919065549e-03  -1.082762654366e-03   5.976103994078e-05   1.164703050152e-03   8.267752790085e-04
   8.219149656329e-04   1.314466138764e-03   5.355863973184e-03   2.363189294550e-03   2.094469106448e-03  -3.165846406623e-03   8.387685553251e-03   3.700931416573e-03   3.280144031718e-03  -2.115537805979e-03   5.643929658833e-03   2.490301869099e-03   2.208856939528e-03  -5.187590857132e-04  -2.974076603770e-04  -1.312237816889e-04  -1.139846032792e-04   6.096399658583e-04   2.334640488550e-04  -3.600659090922e-04   5.290967904810e-04   5.563164585303e-04   5.044498325674e-03   8.102481014418e-03   3.604857393479e-03   1.132327187545e-03  -4.021364466402e-04  -1.774419880240e-04  -1.520672945771e-04  -2.514263920211e-03  -3.855275223294e-03  -1.082766373682e-03  -2.987782441949e-04   2.670002620487e-04  -3.028183694749e-04   2.786524304839e-04  -2.534617512822e-03  -3.890537864095e-03  -1.105074158010e-03  -3.014057947071e-04   3.154454788343e-04   1.396355964226e-04  -3.500880445342e-04  -2.514286272250e-03  -3.855302395560e-03  -1.082763898015e-03  -2.987838068730e-04  -4.376164959368e-05   4.008771106722e-04   2.793187163704e-04
   1.715743433040e-03   2.824120729316e-03  -2.090918679118e-03  -1.854741608790e-03  -1.617504582224e-03  -7.012427734978e-03  -3.274534437414e-03  -2.904661921950e-03  -2.536043327037e-03  -4.692154729067e-03  -2.203376615076e-03  -1.954499863695e-03  -1.711524646611e-03  -1.133403107196e-03   1.161053612824e-04   1.029830774919e-04   9.332159736478e-05  -1.962133154585e-04  -1.832248296931e-04   2.807201595092e-04  -2.066746821580e-04  -3.420653081155e-04  -4.171099731424e-03  -6.334613604298e-03  -1.547291660457e-03  -4.021364466402e-04   5.681689712582e-04   1.959086886863e-04   1.697602712012e-04  -9.727103113447e-05   1.100775386742e-04   9.791311416822e-04   3.691624612245e-04  -1.329962757930e-04  -2.022466019553e-04  -6.301649773230e-05   8.733540359572e-05   4.057392633246e-04   1.104223718537e-03   4.111553805712e-04  -1.230560556346e-04  -1.091018755507e-04  -1.638798891693e-04  -1.369288320358e-03  -1.902228302156e-03   1.902657952803e-04   1.283325585685e-04  -3.654227742942e-04   6.815683028422e-05   9.662264764277e-06
   7.570584451184e-04   1.246121075052e-03  -1.854740506124e-03   1.294154833330e-03  -7.137172432182e-04  -3.094179248149e-03  -2.904662754909e-03   2.026744572359e-03  -1.119018724419e-03  -2.070375966176e-03  -1.954497516619e-03   1.363765667697e-03  -7.552006344735e-04  -5.000964623547e-04   1.029915298544e-04  -7.186466985326e-05   4.117934894767e-05  -3.058231269680e-04   1.270334759530e-04   1.245534573617e-04  -1.832271434576e-04   9.005969960734e-05  -1.840463789569e-03  -2.795096720486e-03  -6.827315232106e-04  -1.774419880240e-04   1.959086886863e-04   2.106185648603e-04   7.490459501982e-05  -1.764694983485e-03  -2.675232100787e-03  -6.357428821607e-04  -1.630965935595e-04  -1.435912953044e-04  -2.432681619995e-04   6.996248769299e-05   4.037173001490e-05   1.819302646964e-04   4.883656113523e-04   1.817658617236e-04  -1.091678045571e-04   7.621351535264e-05  -7.199484264229e-05   1.115762699184e-03   1.881570863010e-03   1.150590083323e-03   3.822626298220e-04   9.564364126348e-06  -1.056539383599e-05  -9.382086486639e-05
   6.575060563458e-04   1.081722468581e-03  -1.615150574994e-03  -7.126789249394e-04   1.499841325667e-03  -2.683810032050e-03  -2.529446965871e-03  -1.116107722561e-03   2.348773203911e-03  -1.793409698487e-03  -1.702020267342e-03  -7.510077158554e-04   1.581499487549e-03  -4.389882306259e-04   8.968801628643e-05   3.957284541253e-05  -8.139454958973e-05  -1.838483022807e-04  -6.946479026604e-05  -2.593366415580e-04  -1.592470277957e-04  -1.674174623781e-04  -1.595592239262e-03  -2.420833683517e-03  -5.863406818017e-04  -1.520672945771e-04   1.697602712012e-04   7.490459501982e-05   1.900672586659e-04   6.803726685011e-04   1.179674611620e-03   8.251041234933e-04   2.788424070292e-04  -8.628764793840e-05   3.802576283590e-05   6.027381972982e-05  -1.901698641414e-03  -2.907226548691e-03  -7.829875110113e-04  -2.087966691028e-04  -9.494361406085e-05  -4.155175963734e-05  -2.705587134619e-04   6.831061262134e-04   1.184001248717e-03   8.268040298771e-04   2.793605735985e-04  -2.970717038011e-05  -8.954811665817e-05   5.999757196485e-05
  -8.359847193180e-03  -1.393810419617e-02  -3.329971943268e-03  -3.076111658649e-02   1.086093336375e-02   3.505881866715e-02  -5.214988435656e-03  -4.817422270282e-02   1.702492608398e-02   2.345990849222e-02  -3.509071480960e-03  -3.241568175571e-02   1.148495858293e-02   5.658784749644e-03   1.849228655565e-04   1.708137212394e-03  -6.199272615206e-04   9.340949521582e-04  -3.022153047347e-03  -1.900504334594e-03  -3.271582329067e-04  -4.263877158579e-03  -3.057700926795e-03  -6.153923187275e-03  -7.085480147597e-03  -2.514263920211e-03  -9.727103113447e-05  -1.764694983485e-03   6.803726685011e-04   3.686599529210e-02   5.700423686693e-02   1.767343335454e-02   5.044513276338e-03   4.909979324795e-04   4.535655231993e-03  -1.586856002168e-03  -3.015249709319e-03  -6.109477539841e-03  -7.126513437205e-03  -2.543381358770e-03  -1.959814319728e-04  -1.810632225794e-03   5.394030478426e-04  -3.057688753031e-03  -6.153925113962e-03  -7.085510829082e-03  -2.514258806726e-03  -2.826491965939e-04  -1.744645341944e-03   6.803242690254e-04
  -1.193854405616e-02  -1.964363923447e-02  -5.267922175702e-03  -4.866327773382e-02   1.721986454416e-02   4.876010982869e-02  -8.249964448139e-03  -7.621035196497e-02   2.699072289151e-02   3.263316413055e-02  -5.551250849102e-03  -5.128075182151e-02   1.820514735741e-02   7.866043770384e-03   2.925413106343e-04   2.702222959944e-03  -9.790702726706e-04   1.477714261541e-03  -4.780950522571e-03  -3.011446520619e-03  -5.175499188515e-04  -6.745336121163e-03  -6.153930648238e-03  -1.156408252446e-02  -1.102882999929e-02  -3.855275223294e-03   1.100775386742e-04  -2.675232100787e-03   1.179674611620e-03   5.700423686693e-02   8.835035654905e-02   2.813907789097e-02   8.102497205710e-03   7.456734337147e-04   6.888248895992e-03  -2.407570892851e-03  -6.130253883032e-03  -1.156172735562e-02  -1.111868920141e-02  -3.903943203761e-03  -3.099218312649e-04  -2.864022931078e-03   5.419108898511e-04  -6.153933638762e-03  -1.156412150487e-02  -1.102889310544e-02  -3.855271564932e-03  -6.801432645975e-04  -2.589758928988e-03   1.179477474058e-03
   1.445892387037e-03   2.111910797855e-03  -2.065108492769e-03  -1.907681533466e-02   6.821311625687e-03  -4.564324045956e-03  -3.234112762947e-03  -2.987572065054e-02   1.068459104235e-02  -3.047889539173e-03  -2.176171556120e-03  -2.010289292114e-02   7.197266718423e-03  -7.581862047200e-04   1.146755718882e-04   1.059297939381e-03  -3.744699466745e-04   5.792886480038e-04  -1.874183478740e-03  -1.186774672220e-03  -2.028786077426e-04  -2.644276148343e-03  -7.085491811532e-03  -1.102884876379e-02  -3.697021464865e-03  -1.082766373682e-03   9.791311416822e-04  -6.357428821607e-04   8.251041234933e-04   1.767343335454e-02   2.813907789097e-02   1.165737593265e-02   3.604851487761e-03   1.821365723719e-04   1.682505071197e-03  -5.831107053562e-04  -7.151989806861e-03  -1.114477924869e-02  -3.771767877093e-03  -1.096242765661e-03  -1.210903604084e-04  -1.121519862604e-03  -8.821328911051e-04  -7.085524435809e-03  -1.102891636328e-02  -3.697068374935e-03  -1.082771670341e-03  -1.092826380675e-03  -4.116276166597e-04   8.245965991190e-04
   8.219024990242e-04   1.314446510480e-03  -6.304758755536e-04  -5.824054469560e-03   2.083208517064e-03  -3.165798240619e-03  -9.873716440951e-04  -9.120904718828e-03   3.262505072676e-03  -2.115514693550e-03  -6.643828685819e-04  -6.137309545159e-03   2.196959524551e-03  -5.187653188864e-04   3.500996268538e-05   3.233968757754e-04  -1.133709098147e-04   1.768526581764e-04  -5.721785455216e-04  -3.619862591966e-04  -6.193866174282e-05  -8.072846026966e-04  -2.514266410984e-03  -3.855281137023e-03  -1.082771902226e-03  -2.987782441949e-04   3.691624612245e-04  -1.630965935595e-04   2.788424070292e-04   5.044513276338e-03   8.102497205710e-03   3.604851487761e-03   1.132328454738e-03   4.733681029667e-05   4.372831098996e-04  -1.512259900665e-04  -2.534629796444e-03  -3.890537638282e-03  -1.105047549356e-03  -3.014090350027e-04  -3.693883294054e-05  -3.423034579943e-04  -3.507563893739e-04  -2.514263509561e-03  -3.855281618084e-03  -1.082778442486e-03  -2.987774845260e-04  -3.956338245319e-04  -8.037286139862e-05   2.786543077080e-04
  -2.019677515648e-04  -3.324395682726e-04   2.054299729918e-03  -5.380578350120e-04   1.893615822136e-04   8.254628361545e-04   3.217187781691e-03  -8.426393988041e-04   2.968962972746e-04   5.523310493986e-04   2.164790285335e-03  -5.669994999984e-04   2.003705958556e-04   1.334182673373e-04  -1.140735850538e-04   2.987795013388e-05  -1.092789411472e-05   2.985905112308e-04  -5.286414002008e-05  -3.292500064617e-05   2.028526002536e-04   1.997044187978e-05   1.651207258237e-03   2.581091076512e-03   9.016453666291e-04   2.670002620487e-04  -1.329962757930e-04  -1.435912953044e-04  -8.628764793840e-05   4.909979324795e-04   7.456734337147e-04   1.821365723719e-04   4.733681029667e-05   1.303280674127e-04   5.683212480096e-05  -1.987405481743e-05  -9.491406096142e-06  -4.651165258131e-05  -1.294897955181e-04  -4.824923762580e-05   1.209228290350e-04  -3.168180119467e-05   1.936519342587e-05  -1.479358823326e-03  -2.371376319446e-03  -1.039792853607e-03  -3.257123455232e-04  -6.588033574185e-05   1.047217313171e-04   9.235632282367e-05
  -1.865703847054e-03  -3.070953913054e-03  -5.380572457300e-04  -2.857830622689e-03   1.749269885261e-03   7.625320470457e-03  -8.426389899934e-04  -4.475578983859e-03   2.742648092143e-03   5.102244226294e-03  -5.669973950688e-04  -3.011548205672e-03   1.850967249147e-03   1.232462958135e-03   2.988020652069e-05   1.586968480984e-04  -1.009520210813e-04   5.622595406088e-05  -2.804420735130e-04  -3.058019889657e-04  -5.286491174086e-05  -4.062436823130e-04   6.266165664836e-04   7.042637620384e-04  -7.417024532134e-04  -3.028183694749e-04  -2.022466019553e-04  -2.432681619995e-04   3.802576283590e-05   4.535655231993e-03   6.888248895992e-03   1.682505071197e-03   4.372831098996e-04   5.683212480096e-05   6.491703993847e-04  -1.835870342025e-04  -9.208030943474e-05  -4.366178930663e-04  -1.198910555366e-03  -4.465431299899e-04  -3.170029669692e-05  -1.683092109195e-04   1.781317827175e-04   9.652410060749e-04   1.239956192898e-03  -5.317064496806e-04  -2.387058760721e-04   1.633954469682e-04  -3.104624814174e-04   1.879353024124e-05
   6.539088763556e-04   1.075802914299e-03   1.890855387953e-04   1.746721703631e-03   1.506608647726e-03  -2.669115580627e-03   2.961221103381e-04   2.735497618269e-03   2.359378648597e-03  -1.783574604327e-03   1.992558986543e-04   1.840676798014e-03   1.588654866186e-03  -4.366089781347e-04  -1.050005669334e-05  -9.699255392569e-05  -8.177420209979e-05  -5.304329528597e-05   1.725470738645e-04  -2.593484850146e-04   1.888694583767e-05   2.424683573883e-04   6.836627051602e-04   1.184332563600e-03   8.249774515214e-04   2.786524304839e-04  -6.301649773230e-05   6.996248769299e-05   6.027381972982e-05  -1.586856002168e-03  -2.407570892851e-03  -5.831107053562e-04  -1.512259900665e-04  -1.987405481743e-05  -1.835870342025e-04   1.893579275491e-04  -1.901874165131e-03  -2.908071372114e-03  -7.853091799810e-04  -2.096573622951e-04   1.126221427875e-05   1.032197803161e-04  -2.700139940329e-04   6.828905891022e-04   1.183111199077e-03   8.244986763623e-04   2.785061881366e-04   7.644896198603e-05   5.494016978314e-05   6.035210361193e-05
  -8.337833832978e-03  -1.389972887311e-02   1.202146421644e-05   3.644358661651e-05  -3.282546282574e-02   3.494146216333e-02   1.882580179901e-05   5.706619355846e-05  -5.141237206786e-02   2.333224837599e-02   1.265286504079e-05   3.833789388174e-05  -3.462695206716e-02   5.747261684815e-03  -6.683735323433e-07  -2.025160561832e-06   1.794696504340e-03   3.154265000810e-09  -1.092544399143e-05   5.671514713129e-03  -3.603454927975e-06  -4.904379463184e-09  -3.015183686755e-03  -6.130251216125e-03  -7.152139928884e-03  -2.534617512822e-03   8.733540359572e-05   4.037173001490e-05  -1.901698641414e-03  -3.015249709319e-03  -6.130253883032e-03  -7.151989806861e-03  -2.534629796444e-03  -9.491406096142e-06  -9.208030943474e-05  -1.901874165131e-03   3.688566445738e-02   5.704180626924e-02   1.774955658215e-02   5.013079460516e-03  -1.773865172630e-06  -5.381157978896e-06   4.823714923153e-03  -3.015193624864e-03  -6.130247270224e-03  -7.152110690595e-03  -2.534620174571e-03  -7.576095060307e-05   5.801581694194e-05  -1.901736616491e-03
  -1.189875735462e-02  -1.957412306688e-02   1.900486627141e-05   5.759912398798e-05  -5.195056266157e-02   4.855095008787e-02   2.976285439236e-05   9.019503120784e-05  -8.136880941409e-02   3.241542689818e-02   2.000480377727e-05   6.059743123467e-05  -5.480570847662e-02   8.002348801751e-03  -1.058134600560e-06  -3.206044666320e-06   2.844113618875e-03   5.560351936028e-09  -1.729930071107e-05   8.977624939881e-03  -5.705325658692e-06  -2.020153120010e-08  -6.109482615208e-03  -1.156189812588e-02  -1.114508626935e-02  -3.890537864095e-03   4.057392633246e-04   1.819302646964e-04  -2.907226548691e-03  -6.109477539841e-03  -1.156172735562e-02  -1.114477924869e-02  -3.890537638282e-03  -4.651165258131e-05  -4.366178930663e-04  -2.908071372114e-03   5.704180626924e-02   8.842175339341e-02   2.826918204281e-02   8.060936362150e-03  -2.694708642683e-06  -8.175592368230e-06   7.324354639018e-03  -6.109479763809e-03  -1.156186320985e-02  -1.114502921310e-02  -3.890538781309e-03  -3.560428992869e-04   2.643312510709e-04  -2.907411191554e-03
