ARMA_MAT_TXT_FN008
50 50
   1.000000000000e+00   8.784438346368e-01  -5.681276813565e-23  -3.309242908829e-22   9.920399692308e-20   3.291794955376e-01  -2.747317331450e-23  -9.659992539996e-23   4.214704190046e-20   1.537612665257e-01   1.151206047644e-23   2.697671668553e-23  -2.394555935338e-20   6.556249676812e-02  -1.801199653065e-25  -5.019758505730e-24   4.728765617097e-21   0.000000000000e+00   0.000000000000e+00   0.000000000000e+00  -4.052690524820e-46   0.000000000000e+00   1.206191488853e-02   7.482197385282e-02   7.947575654287e-02   4.891178468372e-02  -7.706935672032e-02  -3.400619658671e-02  -2.955781941545e-02   1.206197664243e-02   7.482211521651e-02   7.947580710388e-02   4.891179582023e-02   9.072194384509e-03   8.380557986917e-02  -2.939629112907e-02   1.208490124599e-02   7.487455947537e-02   7.949456023732e-02   4.891592605171e-02  -3.283812428797e-05  -9.958530956648e-05   8.937774861219e-02   1.206189045875e-02   7.482191792933e-02   7.947573654092e-02   4.891178027811e-02   6.802960007332e-02  -4.970076418816e-02  -2.952218835460e-02
   8.784438346368e-01   1.000000000000e+00  -3.231552412607e-22   0.000000000000e+00   2.974555910727e-19   4.187995882560e-01   3.587976357127e-25   2.400347712466e-22  -2.435911530827e-19   1.871454501484e-01   0.000000000000e+00   0.000000000000e+00   1.495950995675e-21   7.831571041382e-02  -2.620527076807e-26   0.000000000000e+00  -6.821394981550e-21   0.000000000000e+00   0.000000000000e+00   0.000000000000e+00   0.000000000000e+00   0.000000000000e+00   1.095505426462e-02   8.968421680729e-02   9.548580544514e-02   5.829209384731e-02  -9.273151029900e-02  -4.091698832331e-02  -3.556460508015e-02   1.095512038733e-02   8.968439250774e-02   9.548586698730e-02   5.829210718470e-02   1.091586278111e-02   1.008367073467e-01  -3.537026067104e-02   1.097967002537e-02   8.974957602307e-02   9.550869307869e-02   5.829705366180e-02  -3.951565230359e-05  -1.198356651819e-04   1.075524292090e-01   1.095502810655e-02   8.968414730020e-02   9.548578109903e-02   5.829208857103e-02   8.185467129130e-02  -5.980102354216e-02  -3.552172908500e-02
  -5.681276813565e-23  -3.231552412607e-22   1.000000000000e+00   0.000000000000e+00  -1.581292573928e-40  -1.678107699176e-22   6.291202128136e-01   1.976644672967e-43  -5.060210362796e-41   0.000000000000e+00   2.202302509580e-01   0.000000000000e+00   0.000000000000e+00   4.071930255709e-23   5.734990148843e-02   0.000000000000e+00  -3.695793101788e-42  -4.381339119883e-22   0.000000000000e+00  -7.494787416643e-24   0.000000000000e+00   1.298135259755e-23   9.362329215923e-02   1.523595758165e-01   5.750061979177e-02   1.317066237469e-02  -2.054526044863e-01  -1.323904768411e-01  -1.150723750248e-01  -1.102084034215e-02  -1.793491915891e-02  -6.768644636447e-03  -1.550374564301e-03   9.043100282536e-02  -3.840610464386e-02   1.347162128115e-02   3.989798188555e-05   6.486570950002e-05   2.447029048124e-05   5.604166390115e-06   9.470208330499e-02  -1.649137855669e-07   1.480100120515e-04  -8.264184749539e-02  -1.344888600051e-01  -5.075622028583e-02  -1.162584241187e-02  -1.391951978380e-01   1.707964013559e-01   1.014528370636e-01
  -3.309242908829e-22   0.000000000000e+00   0.000000000000e+00   1.000000000000e+00   0.000000000000e+00  -1.149427608921e-21   1.976644672967e-43   6.291202128136e-01  -5.212476013684e-40   0.000000000000e+00   0.000000000000e+00   2.202302509580e-01   0.000000000000e+00   0.000000000000e+00   0.000000000000e+00   5.734990148843e-02   0.000000000000e+00   1.298135259755e-23   0.000000000000e+00   2.529567320275e-22   0.000000000000e+00   4.381339119883e-22   4.131047946612e-02   6.722736386507e-02   2.537165825313e-02   5.811442484412e-03  -1.323904768411e-01   3.617209857961e-02  -5.077470441326e-02  -1.018064512701e-01  -1.656761568717e-01  -6.252623837672e-02  -1.432178741645e-02  -3.840610464386e-02  -2.601928311968e-01   1.244458601077e-01   1.209951226906e-04   1.967125681163e-04   7.420891130645e-05   1.699526562259e-05  -1.649137855669e-07   9.470163756546e-02   4.488570278810e-04   6.037611525007e-02   9.825427622450e-02   3.708125481834e-02   8.493556504495e-03   1.707964013559e-01  -3.019153241838e-02  -7.411896476948e-02
   9.920399692308e-20   2.974555910727e-19  -1.581292573928e-40   0.000000000000e+00   1.000000000000e+00   1.459845011608e-19  -5.060210362796e-41  -5.212476013684e-40   6.291202128136e-01  -1.806893145220e-19   0.000000000000e+00   0.000000000000e+00   2.202302509580e-01  -1.019864834957e-19  -3.695793101788e-42   0.000000000000e+00   5.734990148843e-02   0.000000000000e+00  -4.381339119883e-22   0.000000000000e+00   1.298135259755e-23   0.000000000000e+00   3.590662333882e-02   5.843329982032e-02   2.205277179423e-02   5.051243147981e-03  -1.150723750248e-01  -5.077470441326e-02   5.045544215248e-02   3.571041552394e-02   5.811384573856e-02   2.193218529598e-02   5.023620539824e-03   1.347162128115e-02   1.244458601077e-01   5.093698474422e-02  -1.085930415461e-01  -1.765493980839e-01  -6.660244817640e-02  -1.525323950918e-02   1.480100120515e-04   4.488570278810e-04  -3.081467440969e-01   3.586333280075e-02   5.836291044465e-02   2.202621643859e-02   5.045161357617e-03   1.014528370636e-01  -7.411896476948e-02   5.056157942052e-02
   3.291794955376e-01   4.187995882560e-01  -1.678107699176e-22  -1.149427608921e-21   1.459845011608e-19   1.000000000000e+00  -1.472376202327e-22  -5.889504809309e-22   3.015426462366e-19   7.746967835845e-01   0.000000000000e+00   2.503746595526e-22   1.281918256909e-19   4.100964372946e-01  -1.817453733024e-23  -7.269814932098e-23   3.722145245234e-20   0.000000000000e+00   0.000000000000e+00   0.000000000000e+00   0.000000000000e+00   0.000000000000e+00   1.892821852263e-01   4.280454211027e-01   4.641091762272e-01   3.143784383130e-01  -3.365266077481e-01  -1.484894965618e-01  -1.290654693850e-01   1.892826069277e-01   4.280459544245e-01   4.641094279501e-01   3.143785057361e-01   3.961404083516e-02   3.659398732483e-01  -1.283598904338e-01   1.894390630623e-01   4.282437864856e-01   4.642027906068e-01   3.144035110773e-01  -1.432815699834e-04  -4.345174948741e-04   3.899791605160e-01   1.892820184013e-01   4.280452101204e-01   4.641090766455e-01   3.143784116404e-01   2.970543647624e-01  -2.170206633320e-01  -1.289099876909e-01
  -2.747317331450e-23   3.587976357127e-25   6.291202128136e-01   1.976644672967e-43  -5.060210362796e-41  -1.472376202327e-22   1.000000000000e+00   8.671566724718e-44  -4.439842163056e-41   0.000000000000e+00   6.534608721805e-01   0.000000000000e+00   0.000000000000e+00  -6.038162349318e-23   2.263653730943e-01   1.070390250134e-44  -5.480398080688e-42   0.000000000000e+00   0.000000000000e+00   0.000000000000e+00   0.000000000000e+00   0.000000000000e+00   3.356785570081e-01   4.245297891067e-01   2.003741362658e-01   5.366953062355e-02  -2.308256386789e-01  -2.224101727287e-01  -1.933165240903e-01  -3.951422717709e-02  -4.997325418942e-02  -2.358689744859e-02  -6.317668155271e-03   2.662458051967e-01  -6.452047646224e-02   2.263169961751e-02   1.429395441179e-04   1.807076048670e-04   8.527000727828e-05   2.283649653229e-05   2.734209740193e-01  -2.769065473917e-07   2.485234407523e-04  -2.963057425047e-01  -3.747354759977e-01  -1.768717299872e-01  -4.737449721456e-02  -1.195163256578e-01   2.869305909093e-01   1.704363924356e-01
  -9.659992539996e-23   2.400347712466e-22   1.976644672967e-43   6.291202128136e-01  -5.212476013684e-40  -5.889504809309e-22   8.671566724718e-44   1.000000000000e+00  -1.775936865222e-40   4.562580432677e-22   0.000000000000e+00   6.534608721805e-01   7.549863739208e-41  -2.415264939727e-22   1.070390250134e-44   2.263653730943e-01  -2.192159232275e-41   0.000000000000e+00   0.000000000000e+00   0.000000000000e+00   0.000000000000e+00   0.000000000000e+00   1.481153014029e-01   1.873201500522e-01   8.841337930815e-02   2.368122282017e-02  -2.224101727287e-01   1.750932251751e-01  -8.529926810640e-02  -3.650178315527e-01  -4.616344588521e-01  -2.178870441058e-01  -5.836028426348e-02  -6.452047646224e-02  -3.227859916988e-01   2.090632794541e-01   4.334802629239e-04   5.480161599331e-04   2.585908987090e-04   6.925424718657e-05  -2.769065473917e-07   2.734202255786e-01   7.536753185051e-04   2.164737381956e-01   2.737725858366e-01   1.292181658303e-01   3.461065054118e-02   2.869305909093e-01   6.360513288488e-02  -1.245166653985e-01
   4.214704190046e-20  -2.435911530827e-19  -5.060210362796e-41  -5.212476013684e-40   6.291202128136e-01   3.015426462366e-19  -4.439842163056e-41  -1.775936865222e-40   1.000000000000e+00   2.336041181531e-19   0.000000000000e+00   7.549863739208e-41   6.534608721805e-01   1.236615649140e-19  -5.480398080688e-42  -2.192159232275e-41   2.263653730943e-01   0.000000000000e+00   0.000000000000e+00   0.000000000000e+00   0.000000000000e+00   0.000000000000e+00   1.287402229876e-01   1.628166547235e-01   7.684795601402e-02   2.058346354232e-02  -1.933165240903e-01  -8.529926810640e-02   1.990886135670e-01   1.280364679819e-01   1.619264608492e-01   7.642773896185e-02   2.047090312200e-02   2.263169961751e-02   2.090632794541e-01   1.998976845624e-01  -3.890482455356e-01  -4.918441363606e-01  -2.320851583314e-01  -6.215564044852e-02   2.485234407523e-04   7.536753185051e-04  -4.030020280552e-01   1.285851148815e-01   1.626205547825e-01   7.675542001801e-02   2.055868075757e-02   1.704363924356e-01  -1.245166653985e-01   1.992668793489e-01
   1.537612665257e-01   1.871454501484e-01   0.000000000000e+00   0.000000000000e+00  -1.806893145220e-19   7.746967835845e-01   0.000000000000e+00   4.562580432677e-22   2.336041181531e-19   1.000000000000e+00   8.079763104027e-23   3.231905241611e-22   0.000000000000e+00   7.744077347687e-01   0.000000000000e+00   0.000000000000e+00   0.000000000000e+00   7.772352719040e-44  -1.591777836859e-40   0.000000000000e+00  -3.979444592148e-41   0.000000000000e+00   2.674894846524e-01   5.814656323926e-01   7.586136972135e-01   6.305419453306e-01  -1.892230603485e-01  -8.349306212978e-02  -7.257126937386e-02   2.674897077098e-01   5.814660069150e-01   7.586139896990e-01   6.305420618232e-01   2.227426186260e-02   2.057614015348e-01  -7.217445511487e-02   2.675724429762e-01   5.816049179030e-01   7.587224678073e-01   6.305852654377e-01  -8.053175026058e-05  -2.442216007620e-04   2.191887230516e-01   2.674893964108e-01   5.814654842313e-01   7.586135815062e-01   6.305418992460e-01   1.670285771888e-01  -1.220269988152e-01  -7.248387629876e-02
   1.151206047644e-23   0.000000000000e+00   2.202302509580e-01   0.000000000000e+00   0.000000000000e+00   0.000000000000e+00   6.534608721805e-01   0.000000000000e+00   0.000000000000e+00   8.079763104027e-23   1.000000000000e+00   2.611302872688e-44   0.000000000000e+00   0.000000000000e+00   6.530545656898e-01   0.000000000000e+00   0.000000000000e+00  -3.630084411300e-22   1.286118783606e-62   5.239575530113e-23   1.858603218586e-19  -9.075211028251e-23   3.235606111861e-01   5.432715810442e-01   4.242710751310e-01   1.689809167592e-01   6.575943383169e-02  -9.451614301763e-02  -8.215241242977e-02  -3.808771593712e-02  -6.395083023739e-02  -4.994275686782e-02  -1.989146006184e-02   2.769965181335e-01  -2.741879919586e-02   9.617629337204e-03   1.377074534030e-04   2.312001181987e-04   1.805397075490e-04   7.190093587808e-05   2.800456810823e-01  -1.176269185821e-07   1.055700806156e-04  -2.856093082220e-01  -4.795498177365e-01  -3.745072347959e-01  -1.491607243704e-01   1.130617251237e-01   1.219350007629e-01   7.242922957709e-02
   2.697671668553e-23   0.000000000000e+00   0.000000000000e+00   2.202302509580e-01   0.000000000000e+00   2.503746595526e-22   0.000000000000e+00   6.534608721805e-01   7.549863739208e-41   3.231905241611e-22   2.611302872688e-44   1.000000000000e+00   0.000000000000e+00   0.000000000000e+00   0.000000000000e+00   6.530545656898e-01   0.000000000000e+00  -9.075211028251e-23   1.858603218586e-19   2.095830212045e-22   1.286118783606e-62   3.630084411300e-22   1.427683611223e-01   2.397139533940e-01   1.872059947161e-01   7.456138884837e-02  -9.451614301763e-02   2.382600210075e-01  -3.624905158217e-02  -3.518402477633e-01  -5.907541421634e-01  -4.613527358629e-01  -1.837499588604e-01  -2.741879919586e-02   2.667994509169e-02   8.884410644324e-02   4.176133586829e-04   7.011403922075e-04   5.475069924106e-04   2.180476842937e-04  -1.176269185821e-07   2.800453631527e-01   3.201531569485e-04   2.086591845695e-01   3.503473838169e-01   2.736058383894e-01   1.089731819690e-01   1.219350007629e-01   1.908816435798e-01  -5.291502604251e-02
  -2.394555935338e-20   1.495950995675e-21   0.000000000000e+00   0.000000000000e+00   2.202302509580e-01   1.281918256909e-19   0.000000000000e+00   7.549863739208e-41   6.534608721805e-01   0.000000000000e+00   0.000000000000e+00   0.000000000000e+00   1.000000000000e+00   0.000000000000e+00   0.000000000000e+00   0.000000000000e+00   6.530545656898e-01   1.286118783606e-62  -3.630084411300e-22   2.146130137134e-19  -9.075211028251e-23   0.000000000000e+00   1.240927201468e-01   2.083567836737e-01   1.627174321362e-01   6.480795525972e-02  -8.215241242977e-02  -3.624905158217e-02   2.484571785079e-01   1.234141971253e-01   2.072174761615e-01   1.618276415221e-01   6.445355182849e-02   9.617629337204e-03   8.884410644324e-02   2.488010382418e-01  -3.748077096104e-01  -6.292730322312e-01  -4.913871588502e-01  -1.956976505582e-01   1.055700806156e-04   3.201531569485e-04  -7.291523984077e-03   1.239432803378e-01   2.081058837531e-01   1.625215070189e-01   6.472992631481e-02   7.242922957709e-02  -5.291502604251e-02   2.485329212151e-01
   6.556249676812e-02   7.831571041382e-02   4.071930255709e-23   0.000000000000e+00  -1.019864834957e-19   4.100964372946e-01  -6.038162349318e-23  -2.415264939727e-22   1.236615649140e-19   7.744077347687e-01   0.000000000000e+00   0.000000000000e+00   0.000000000000e+00   1.000000000000e+00   0.000000000000e+00   0.000000000000e+00   0.000000000000e+00   0.000000000000e+00   0.000000000000e+00   0.000000000000e+00  -3.997408365945e-41   0.000000000000e+00   1.765259521877e-01   4.417102771408e-01   7.697851184568e-01   9.135730244790e-01  -4.388818200397e-02  -1.936528613410e-02  -1.683209790959e-02   1.765259999782e-01   4.417103863055e-01   7.697852697689e-01   9.135731400270e-01   5.166264370117e-03   4.772404149919e-02  -1.674005263082e-02   1.765437243054e-01   4.417508726942e-01   7.698413869897e-01   9.136159928274e-01  -1.867486260450e-05  -5.663362368910e-05   5.082863931555e-02   1.765259332818e-01   4.417102339551e-01   7.697850585977e-01   9.135729787682e-01   3.874042665297e-02  -2.830280947636e-02  -1.681183148738e-02
  -1.801199653065e-25  -2.620527076807e-26   5.734990148843e-02   0.000000000000e+00  -3.695793101788e-42  -1.817453733024e-23   2.263653730943e-01   1.070390250134e-44  -5.480398080688e-42   0.000000000000e+00   6.530545656898e-01   0.000000000000e+00   0.000000000000e+00   0.000000000000e+00   1.000000000000e+00   0.000000000000e+00   0.000000000000e+00   0.000000000000e+00   0.000000000000e+00   1.662798167559e-23   1.179668852304e-19  -2.880050908945e-23   1.263867759290e-01   2.886973706878e-01   4.001603347986e-01   3.055784797536e-01   8.764005474850e-02  -1.356606758146e-02  -1.179147967130e-02  -1.487752445743e-02  -3.398379348044e-02  -4.710456994002e-02  -3.597093617526e-02   1.179592837248e-01  -3.935466252297e-03   1.380434475386e-03   5.377896059589e-05   1.228428223118e-04   1.702679185560e-04   1.300200224960e-04   1.183969340880e-01  -1.687996157635e-08   1.514975420493e-05  -1.115625525571e-01  -2.548353311050e-01  -3.532245313176e-01  -2.697364253724e-01   9.442943059675e-02   1.750154783538e-02   1.039589632339e-02
  -5.019758505730e-24   0.000000000000e+00   0.000000000000e+00   5.734990148843e-02   0.000000000000e+00  -7.269814932098e-23   1.070390250134e-44   2.263653730943e-01  -2.192159232275e-41   0.000000000000e+00   0.000000000000e+00   6.530545656898e-01   0.000000000000e+00   0.000000000000e+00   0.000000000000e+00   1.000000000000e+00   0.000000000000e+00  -2.880050908945e-23   1.179668852304e-19   0.000000000000e+00   0.000000000000e+00   0.000000000000e+00   5.576708734965e-02   1.273852534841e-01   1.765673361041e-01   1.348338989370e-01  -1.356606758146e-02   1.123993662137e-01  -5.202889874967e-03  -1.374330742187e-01  -3.139297283627e-01  -4.351346136335e-01  -3.322862183985e-01  -3.935466252297e-03   8.203092601078e-02   1.275194366191e-02   1.630907536661e-04   3.725346911006e-04   5.163566356575e-04   3.943003588318e-04  -1.687996157635e-08   1.183968884637e-01   4.594333553050e-05   8.150487597886e-02   1.861764685433e-01   2.580572150589e-01   1.970628440552e-01   1.750154783538e-02   1.055990620962e-01  -7.594987933727e-03
   4.728765617097e-21  -6.821394981550e-21  -3.695793101788e-42   0.000000000000e+00   5.734990148843e-02   3.722145245234e-20  -5.480398080688e-42  -2.192159232275e-41   2.263653730943e-01   0.000000000000e+00   0.000000000000e+00   0.000000000000e+00   6.530545656898e-01   0.000000000000e+00   0.000000000000e+00   0.000000000000e+00   1.000000000000e+00   0.000000000000e+00   0.000000000000e+00   1.362164258865e-19  -2.880050908945e-23   0.000000000000e+00   4.847215103880e-02   1.107218888497e-01   1.534704247776e-01   1.171961711654e-01  -1.179147967130e-02  -5.202889874967e-03   1.138629820932e-01   4.820708438273e-02   1.101164111438e-01   1.526311708919e-01   1.165552750720e-01   1.380434475386e-03   1.275194366191e-02   1.139123391891e-01  -1.463738421420e-01  -3.343496356587e-01  -4.634297345356e-01  -3.538843078641e-01   1.514975420493e-05   4.594333553050e-05   7.716282679824e-02   4.841378879722e-02   1.105885766811e-01   1.532856452748e-01   1.170550693721e-01   1.039589632339e-02  -7.594987933727e-03   1.138738526567e-01
   0.000000000000e+00   0.000000000000e+00  -4.381339119883e-22   1.298135259755e-23   0.000000000000e+00   0.000000000000e+00   0.000000000000e+00   0.000000000000e+00   0.000000000000e+00   7.772352719040e-44  -3.630084411300e-22  -9.075211028251e-23   1.286118783606e-62   0.000000000000e+00   0.000000000000e+00  -2.880050908945e-23   0.000000000000e+00   1.000000000000e+00  -5.748902059490e-41  -1.296535215465e-43  -2.299560823796e-40   0.000000000000e+00   2.353431960956e-01   1.523567708000e-01   2.759471272323e-02   2.713282498261e-03  -1.810595215115e-01   2.096532652134e-01  -1.302848232495e-01   6.827236140504e-02   4.419818711874e-02   8.005126953328e-03   7.871132248893e-04  -3.793704705180e-01   6.483702176692e-02  -3.758852926080e-02   2.930985617351e-07   1.896522422133e-07   3.433932929730e-08   3.376019157691e-09   4.642912887672e-04   1.530989527601e-04   4.898337408270e-07  -3.036153401502e-01  -1.965549801856e-01  -3.559986153001e-02  -3.500398625601e-03  -1.549843883927e-01  -3.475048729124e-02   1.678776211407e-01
   0.000000000000e+00   0.000000000000e+00   0.000000000000e+00   0.000000000000e+00  -4.381339119883e-22   0.000000000000e+00   0.000000000000e+00   0.000000000000e+00   0.000000000000e+00  -1.591777836859e-40   1.286118783606e-62   1.858603218586e-19  -3.630084411300e-22   0.000000000000e+00   0.000000000000e+00   1.179668852304e-19   0.000000000000e+00  -5.748902059490e-41   1.000000000000e+00  -1.327652060637e-40   1.122832433494e-43   2.299560823796e-40   9.025937138793e-02   5.843222403386e-02   1.058318857460e-02   1.040604431119e-03  -1.302848232495e-01   8.040670918696e-02   1.086793025745e-01  -2.212203714857e-01  -1.432137276664e-01  -2.593871256187e-02  -2.550453454778e-03  -3.758852926080e-02  -2.100889693299e-01  -2.691742273719e-01  -7.977462214234e-04  -5.161893620853e-04  -9.346368003639e-05  -9.188740164937e-06   4.898337408270e-07  -4.166997966322e-01  -8.689222241496e-04   1.317571946564e-01   8.529718153305e-02   1.544894893331e-02   1.519036234666e-03   1.678776211407e-01   1.508035370075e-02   1.590129061485e-01
   0.000000000000e+00   0.000000000000e+00  -7.494787416643e-24   2.529567320275e-22   0.000000000000e+00   0.000000000000e+00   0.000000000000e+00   0.000000000000e+00   0.000000000000e+00   0.000000000000e+00   5.239575530113e-23   2.095830212045e-22   2.146130137134e-19   0.000000000000e+00   1.662798167559e-23   0.000000000000e+00   1.362164258865e-19  -1.296535215465e-43  -1.327652060637e-40   1.000000000000e+00  -3.319130151591e-41   0.000000000000e+00  -1.386518866967e-01  -8.976063074224e-02  -1.625735965774e-02  -1.598523958909e-03  -7.446799680392e-03  -3.285836870188e-03   2.359830132838e-01  -1.393930253463e-01  -9.024030940946e-02  -1.634422541335e-02  -1.607064578542e-03   7.507297731535e-04   6.934964276296e-03   2.351008452648e-01   4.133690555408e-01   2.674744215080e-01   4.843018005786e-02   4.761339811566e-03  -3.422097363320e-04  -1.037789559185e-03   2.096676418432e-01  -1.388153581256e-01  -8.986650658803e-02  -1.627654098460e-02  -1.600410205080e-03   6.364865430817e-03  -4.650015221690e-03   2.357891728771e-01
  -4.052690524820e-46   0.000000000000e+00   0.000000000000e+00   0.000000000000e+00   1.298135259755e-23   0.000000000000e+00   0.000000000000e+00   0.000000000000e+00   0.000000000000e+00  -3.979444592148e-41   1.858603218586e-19   1.286118783606e-62  -9.075211028251e-23  -3.997408365945e-41   1.179668852304e-19   0.000000000000e+00  -2.880050908945e-23  -2.299560823796e-40   1.122832433494e-43  -3.319130151591e-41   1.000000000000e+00  -5.748902059490e-41   2.045577685558e-01   1.324268624556e-01   2.398502677048e-02   2.358355892644e-03  -1.573749838985e-01  -1.302848232495e-01   2.463034616904e-01  -2.394773969782e-02  -1.550329677270e-02  -2.807940029919e-03  -2.760939014623e-04   1.330709102488e-01  -3.758852926080e-02  -2.913888213446e-02  -2.630557627767e-04  -1.702127603165e-04  -3.081952503644e-05  -3.029974932042e-06  -4.167011205862e-01   4.898337408270e-07  -2.865259556597e-04  -1.803471114715e-01  -1.167533989036e-01  -2.114627077981e-02  -2.079232165323e-03  -9.206052222516e-02   1.678776211407e-01  -2.176542873833e-01
   0.000000000000e+00   0.000000000000e+00   1.298135259755e-23   4.381339119883e-22   0.000000000000e+00   0.000000000000e+00   0.000000000000e+00   0.000000000000e+00   0.000000000000e+00   0.000000000000e+00  -9.075211028251e-23   3.630084411300e-22   0.000000000000e+00   0.000000000000e+00  -2.880050908945e-23   0.000000000000e+00   0.000000000000e+00   0.000000000000e+00   2.299560823796e-40   0.000000000000e+00  -5.748902059490e-41   1.000000000000e+00   2.147614059259e-01   1.390325058985e-01   2.518143459798e-02   2.475994095720e-03   4.954843187717e-02  -2.954300604905e-01  -1.188908465427e-01  -3.116420857512e-01  -2.017509712076e-01  -3.654091361565e-02  -3.592926948455e-03  -9.527620601123e-02  -9.818453267085e-02   1.715799397894e-01  -3.961027643037e-07  -2.563021017365e-07  -4.640726719574e-08  -4.562460131918e-09   1.530997417520e-04  -4.642907311569e-04  -6.619769733485e-07   9.688490123697e-02   6.272150094096e-02   1.136006193455e-02   1.116991568883e-03  -1.939280704016e-01  -3.220513571612e-01  -5.357043796295e-02
   1.206191488853e-02   1.095505426462e-02   9.362329215923e-02   4.131047946612e-02   3.590662333882e-02   1.892821852263e-01   3.356785570081e-01   1.481153014029e-01   1.287402229876e-01   2.674894846524e-01   3.235606111861e-01   1.427683611223e-01   1.240927201468e-01   1.765259521877e-01   1.263867759290e-01   5.576708734965e-02   4.847215103880e-02   2.353431960956e-01   9.025937138793e-02  -1.386518866967e-01   2.045577685558e-01   2.147614059259e-01   1.000000000000e+00   7.063772200372e-01   3.736639626622e-01   1.837659445759e-01  -1.540612516978e-18  -1.589679562113e-16  -7.703062584890e-19   1.076114960745e-03   3.873720993906e-02   1.285167577648e-01   1.239775812515e-01   1.040386647967e-02   1.422884868650e-02   1.952265333542e-05   1.109922094961e-03   3.927084435219e-02   1.291669957603e-01   1.242085536274e-01   9.534377280407e-03   4.196446125632e-03   1.470395445616e-02   1.076069932073e-03   3.873649297587e-02   1.285158803362e-01   1.239772690803e-01   1.752397027026e-02  -1.895480756175e-03   4.297752266880e-06
   7.482197385282e-02   8.968421680729e-02   1.523595758165e-01   6.722736386507e-02   5.843329982032e-02   4.280454211027e-01   4.245297891067e-01   1.873201500522e-01   1.628166547235e-01   5.814656323926e-01   5.432715810442e-01   2.397139533940e-01   2.083567836737e-01   4.417102771408e-01   2.886973706878e-01   1.273852534841e-01   1.107218888497e-01   1.523567708000e-01   5.843222403386e-02  -8.976063074224e-02   1.324268624556e-01   1.390325058985e-01   7.063772200372e-01   1.000000000000e+00   7.889632276872e-01   4.631805400595e-01   0.000000000000e+00   0.000000000000e+00   0.000000000000e+00   3.873720993906e-02   1.598978072891e-01   3.275979747207e-01   3.216092400087e-01   7.102048204264e-02   9.713116701390e-02   1.332685548534e-04   3.927084435219e-02   1.612901425403e-01   3.289625651418e-01   3.221645511692e-01   6.428621432480e-02   2.829483532073e-02   9.914245469741e-02   3.873649297587e-02   1.598959318851e-01   3.275961325251e-01   3.216084894255e-01   1.196268338341e-01  -1.293943997608e-02   2.933847115473e-05
   7.947575654287e-02   9.548580544514e-02   5.750061979177e-02   2.537165825313e-02   2.205277179423e-02   4.641091762272e-01   2.003741362658e-01   8.841337930815e-02   7.684795601402e-02   7.586136972135e-01   4.242710751310e-01   1.872059947161e-01   1.627174321362e-01   7.697851184568e-01   4.001603347986e-01   1.765673361041e-01   1.534704247776e-01   2.759471272323e-02   1.058318857460e-02  -1.625735965774e-02   2.398502677048e-02   2.518143459798e-02   3.736639626622e-01   7.889632276872e-01   1.000000000000e+00   8.208664008791e-01   2.020337470076e-16   0.000000000000e+00  -1.010168735038e-16   1.285167577648e-01   3.275979747207e-01   5.609997003938e-01   6.081293839684e-01   7.851828434692e-02   1.073855368366e-01   1.473380352192e-04   1.291669957603e-01   3.289625651418e-01   5.625354240385e-01   6.089927370554e-01   7.055757000827e-02   3.105510014835e-02   1.088141643053e-01   1.285158803362e-01   3.275961325251e-01   5.609976256900e-01   6.081282168430e-01   1.322574274832e-01  -1.430562850708e-02   3.243612320795e-05
   4.891178468372e-02   5.829209384731e-02   1.317066237469e-02   5.811442484412e-03   5.051243147981e-03   3.143784383130e-01   5.366953062355e-02   2.368122282017e-02   2.058346354232e-02   6.305419453306e-01   1.689809167592e-01   7.456138884837e-02   6.480795525972e-02   9.135730244790e-01   3.055784797536e-01   1.348338989370e-01   1.171961711654e-01   2.713282498261e-03   1.040604431119e-03  -1.598523958909e-03   2.358355892644e-03   2.475994095720e-03   1.837659445759e-01   4.631805400595e-01   8.208664008791e-01   1.000000000000e+00   1.039764176481e-16   0.000000000000e+00  -5.198820882407e-17   1.239775812515e-01   3.216092400087e-01   6.081293839684e-01   8.166530644003e-01   2.885034493462e-02   3.945717617871e-02   5.413711180039e-05   1.242085536274e-01   3.221645511692e-01   6.089927370554e-01   8.174357025449e-01   2.584814145378e-02   1.137676115266e-02   3.986310626639e-02   1.239772690803e-01   3.216084894255e-01   6.081282168430e-01   8.166520061454e-01   4.859616866151e-02  -5.256406002813e-03   1.191820636568e-05
  -7.706935672032e-02  -9.273151029900e-02  -2.054526044863e-01  -1.323904768411e-01  -1.150723750248e-01  -3.365266077481e-01  -2.308256386789e-01  -2.224101727287e-01  -1.933165240903e-01  -1.892230603485e-01   6.575943383169e-02  -9.451614301763e-02  -8.215241242977e-02  -4.388818200397e-02   8.764005474850e-02  -1.356606758146e-02  -1.179147967130e-02  -1.810595215115e-01  -1.302848232495e-01  -7.446799680392e-03  -1.573749838985e-01   4.954843187717e-02  -1.540612516978e-18   0.000000000000e+00   2.020337470076e-16   1.039764176481e-16   1.000000000000e+00   0.000000000000e+00   0.000000000000e+00  -1.040386647967e-02  -7.102048204264e-02  -7.851828434692e-02  -2.885034493462e-02  -2.852682285336e-02  -5.912530565898e-02  -8.112271562957e-05  -9.534377280407e-03  -6.428621432480e-02  -7.055757000827e-02  -2.584814145378e-02  -2.027144004957e-02  -1.552470421331e-02  -5.439711052252e-02  -1.752397027026e-02  -1.196268338341e-01  -1.322574274832e-01  -4.859616866151e-02  -1.079524947205e-01   1.326715321877e-02  -3.008151764943e-05
  -3.400619658671e-02  -4.091698832331e-02  -1.323904768411e-01   3.617209857961e-02  -5.077470441326e-02  -1.484894965618e-01  -2.224101727287e-01   1.750932251751e-01  -8.529926810640e-02  -8.349306212978e-02  -9.451614301763e-02   2.382600210075e-01  -3.624905158217e-02  -1.936528613410e-02  -1.356606758146e-02   1.123993662137e-01  -5.202889874967e-03   2.096532652134e-01   8.040670918696e-02  -3.285836870188e-03  -1.302848232495e-01  -2.954300604905e-01  -1.589679562113e-16   0.000000000000e+00   0.000000000000e+00   0.000000000000e+00   0.000000000000e+00   1.000000000000e+00   0.000000000000e+00  -1.422884868650e-02  -9.713116701390e-02  -1.073855368366e-01  -3.945717617871e-02  -5.912530565898e-02  -6.615823988652e-02  -1.109474874545e-04  -4.196446125632e-03  -2.829483532073e-02  -3.105510014835e-02  -1.137676115266e-02  -1.552470421331e-02   8.167859731637e-03  -2.394226041033e-02   1.895480756175e-03   1.293943997608e-02   1.430562850708e-02   5.256406002813e-03   1.326715321877e-02   1.326904936724e-02   3.253768235261e-06
  -2.955781941545e-02  -3.556460508015e-02  -1.150723750248e-01  -5.077470441326e-02   5.045544215248e-02  -1.290654693850e-01  -1.933165240903e-01  -8.529926810640e-02   1.990886135670e-01  -7.257126937386e-02  -8.215241242977e-02  -3.624905158217e-02   2.484571785079e-01  -1.683209790959e-02  -1.179147967130e-02  -5.202889874967e-03   1.138629820932e-01  -1.302848232495e-01   1.086793025745e-01   2.359830132838e-01   2.463034616904e-01  -1.188908465427e-01  -7.703062584890e-19   0.000000000000e+00  -1.010168735038e-16  -5.198820882407e-17   0.000000000000e+00   0.000000000000e+00   1.000000000000e+00  -1.952265333542e-05  -1.332685548534e-04  -1.473380352192e-04  -5.413711180039e-05  -8.112271562957e-05  -1.109474874545e-04   1.470433612578e-02  -1.470395445616e-02  -9.914245469741e-02  -1.088141643053e-01  -3.986310626639e-02  -5.439711052252e-02  -2.394226041033e-02  -6.889056046871e-02  -4.297752266880e-06  -2.933847115472e-05  -3.243612320792e-05  -1.191820636568e-05  -3.008151764943e-05   3.253768235260e-06   1.470408400521e-02
   1.206197664243e-02   1.095512038733e-02  -1.102084034215e-02  -1.018064512701e-01   3.571041552394e-02   1.892826069277e-01  -3.951422717709e-02  -3.650178315527e-01   1.280364679819e-01   2.674897077098e-01  -3.808771593712e-02  -3.518402477633e-01   1.234141971253e-01   1.765259999782e-01  -1.487752445743e-02  -1.374330742187e-01   4.820708438273e-02   6.827236140504e-02  -2.212203714857e-01  -1.393930253463e-01  -2.394773969782e-02  -3.116420857512e-01   1.076114960745e-03   3.873720993906e-02   1.285167577648e-01   1.239775812515e-01  -1.040386647967e-02  -1.422884868650e-02  -1.952265333542e-05   1.000000000000e+00   7.063772200372e-01   3.736639626622e-01   1.837659445759e-01  -4.814091006912e-18   2.763419593333e-16  -1.589679562113e-16   1.109848807765e-03   3.926969743468e-02   1.291656042490e-01   1.242080601307e-01  -1.126808996513e-03  -1.038386468030e-02   1.468318283117e-02   1.076127947608e-03   3.873741671760e-02   1.285170108210e-01   1.239776712835e-01   7.120751000186e-03  -1.612454583790e-02  -1.522490414628e-05
   7.482211521651e-02   8.968439250774e-02  -1.793491915891e-02  -1.656761568717e-01   5.811384573856e-02   4.280459544245e-01  -4.997325418942e-02  -4.616344588521e-01   1.619264608492e-01   5.814660069150e-01  -6.395083023739e-02  -5.907541421634e-01   2.072174761615e-01   4.417103863055e-01  -3.398379348044e-02  -3.139297283627e-01   1.101164111438e-01   4.419818711874e-02  -1.432137276664e-01  -9.024030940946e-02  -1.550329677270e-02  -2.017509712076e-01   3.873720993906e-02   1.598978072891e-01   3.275979747207e-01   3.216092400087e-01  -7.102048204264e-02  -9.713116701390e-02  -1.332685548534e-04   7.063772200372e-01   1.000000000000e+00   7.889632276872e-01   4.631805400595e-01  -4.235294103029e-17   0.000000000000e+00   1.694117641212e-16   3.926969743468e-02   1.612871575560e-01   3.289596462119e-01   3.221633647693e-01  -7.597789798007e-03  -7.001578916749e-02   9.900501066474e-02   3.873741671760e-02   1.598983481699e-01   3.275985060218e-01   3.216094564813e-01   4.860853732180e-02  -1.100713377196e-01  -1.039300940864e-04
   7.947580710388e-02   9.548586698730e-02  -6.768644636447e-03  -6.252623837672e-02   2.193218529598e-02   4.641094279501e-01  -2.358689744859e-02  -2.178870441058e-01   7.642773896185e-02   7.586139896990e-01  -4.994275686782e-02  -4.613527358629e-01   1.618276415221e-01   7.697852697689e-01  -4.710456994002e-02  -4.351346136335e-01   1.526311708919e-01   8.005126953328e-03  -2.593871256187e-02  -1.634422541335e-02  -2.807940029919e-03  -3.654091361565e-02   1.285167577648e-01   3.275979747207e-01   5.609997003938e-01   6.081293839684e-01  -7.851828434692e-02  -1.073855368366e-01  -1.473380352192e-04   3.736639626622e-01   7.889632276872e-01   1.000000000000e+00   8.208664008791e-01  -2.525421837595e-17   0.000000000000e+00   0.000000000000e+00   1.291656042490e-01   3.289596462119e-01   5.625321413760e-01   6.089908928183e-01  -8.339111602277e-03  -7.684727997376e-02   1.086650006209e-01   1.285170108210e-01   3.275985060218e-01   5.610002987511e-01   6.081297205741e-01   5.374010434079e-02  -1.216914867202e-01  -1.149019165785e-04
   4.891179582023e-02   5.829210718470e-02  -1.550374564301e-03  -1.432178741645e-02   5.023620539824e-03   3.143785057361e-01  -6.317668155271e-03  -5.836028426348e-02   2.047090312200e-02   6.305420618232e-01  -1.989146006184e-02  -1.837499588604e-01   6.445355182849e-02   9.135731400270e-01  -3.597093617526e-02  -3.322862183985e-01   1.165552750720e-01   7.871132248893e-04  -2.550453454778e-03  -1.607064578542e-03  -2.760939014623e-04  -3.592926948455e-03   1.239775812515e-01   3.216092400087e-01   6.081293839684e-01   8.166530644003e-01  -2.885034493462e-02  -3.945717617871e-02  -5.413711180039e-05   1.837659445759e-01   4.631805400595e-01   8.208664008791e-01   1.000000000000e+00  -1.299705220602e-17   0.000000000000e+00   5.198820882407e-17   1.242080601307e-01   3.221633647693e-01   6.089908928183e-01   8.174340311099e-01  -3.054979185798e-03  -2.815250017051e-02   3.980871475937e-02   1.239776712835e-01   3.216094564813e-01   6.081297205741e-01   8.166533696070e-01   1.974595798795e-02  -4.471362707132e-02  -4.221890607254e-05
   9.072194384509e-03   1.091586278111e-02   9.043100282536e-02  -3.840610464386e-02   1.347162128115e-02   3.961404083516e-02   2.662458051967e-01  -6.452047646224e-02   2.263169961751e-02   2.227426186260e-02   2.769965181335e-01  -2.741879919586e-02   9.617629337204e-03   5.166264370117e-03   1.179592837248e-01  -3.935466252297e-03   1.380434475386e-03  -3.793704705180e-01  -3.758852926080e-02   7.507297731535e-04   1.330709102488e-01  -9.527620601123e-02   1.040386647967e-02   7.102048204264e-02   7.851828434692e-02   2.885034493462e-02  -2.852682285336e-02  -5.912530565898e-02  -8.112271562957e-05  -4.814091006912e-18  -4.235294103029e-17  -2.525421837595e-17  -1.299705220602e-17   1.000000000000e+00   0.000000000000e+00   0.000000000000e+00   1.126808996513e-03   7.597789798007e-03   8.339111602277e-03   3.054979185798e-03   1.450754668929e-02  -4.540309795835e-03   6.420172151207e-03  -7.120751000186e-03  -4.860853732180e-02  -5.374010434079e-02  -1.974595798795e-02  -5.546821193512e-03   4.585822690825e-02   4.329964490258e-05
   8.380557986917e-02   1.008367073467e-01  -3.840610464386e-02  -2.601928311968e-01   1.244458601077e-01   3.659398732483e-01  -6.452047646224e-02  -3.227859916988e-01   2.090632794541e-01   2.057614015348e-01  -2.741879919586e-02   2.667994509169e-02   8.884410644324e-02   4.772404149919e-02  -3.935466252297e-03   8.203092601078e-02   1.275194366191e-02   6.483702176692e-02  -2.100889693299e-01   6.934964276296e-03  -3.758852926080e-02  -9.818453267085e-02   1.422884868650e-02   9.713116701390e-02   1.073855368366e-01   3.945717617871e-02  -5.912530565898e-02  -6.615823988652e-02  -1.109474874545e-04   2.763419593333e-16   0.000000000000e+00   0.000000000000e+00   0.000000000000e+00   0.000000000000e+00   1.000000000000e+00   0.000000000000e+00   1.038386468030e-02   7.001578916749e-02   7.684727997376e-02   2.815250017051e-02  -4.540309795835e-03  -2.684000314327e-02   5.916370835579e-02   1.612454583790e-02   1.100713377196e-01   1.216914867202e-01   4.471362707132e-02   4.585822690825e-02  -8.913880943521e-02  -9.804964518185e-05
  -2.939629112907e-02  -3.537026067104e-02   1.347162128115e-02   1.244458601077e-01   5.093698474422e-02  -1.283598904338e-01   2.263169961751e-02   2.090632794541e-01   1.998976845624e-01  -7.217445511487e-02   9.617629337204e-03   8.884410644324e-02   2.488010382418e-01  -1.674005263082e-02   1.380434475386e-03   1.275194366191e-02   1.139123391891e-01  -3.758852926080e-02  -2.691742273719e-01   2.351008452648e-01  -2.913888213446e-02   1.715799397894e-01   1.952265333542e-05   1.332685548534e-04   1.473380352192e-04   5.413711180039e-05  -8.112271562957e-05  -1.109474874545e-04   1.470433612578e-02  -1.589679562113e-16   1.694117641212e-16   0.000000000000e+00   5.198820882407e-17   0.000000000000e+00   0.000000000000e+00   1.000000000000e+00  -1.468318283117e-02  -9.900501066474e-02  -1.086650006209e-01  -3.980871475937e-02   6.420172151207e-03   5.916370835579e-02  -6.865951214873e-02   1.522490414628e-05   1.039300940865e-04   1.149019165785e-04   4.221890607261e-05   4.329964490258e-05  -9.804964518185e-05   1.470451026164e-02
   1.208490124599e-02   1.097967002537e-02   3.989798188555e-05   1.209951226906e-04  -1.085930415461e-01   1.894390630623e-01   1.429395441179e-04   4.334802629239e-04  -3.890482455356e-01   2.675724429762e-01   1.377074534030e-04   4.176133586829e-04  -3.748077096104e-01   1.765437243054e-01   5.377896059589e-05   1.630907536661e-04  -1.463738421420e-01   2.930985617351e-07  -7.977462214234e-04   4.133690555408e-01  -2.630557627767e-04  -3.961027643037e-07   1.109922094961e-03   3.927084435219e-02   1.291669957603e-01   1.242085536274e-01  -9.534377280407e-03  -4.196446125632e-03  -1.470395445616e-02   1.109848807765e-03   3.926969743468e-02   1.291656042490e-01   1.242080601307e-01   1.126808996513e-03   1.038386468030e-02  -1.468318283117e-02   1.000000000000e+00   7.063772200372e-01   3.736639626622e-01   1.837659445759e-01  -1.552421447376e-19  -6.209685789503e-19   6.327905998112e-16   1.109905983204e-03   3.927059221279e-02   1.291666898514e-01   1.242084451377e-01   8.423611036176e-03  -6.138812502908e-03  -1.469938165746e-02
   7.487455947537e-02   8.974957602307e-02   6.486570950002e-05   1.967125681163e-04  -1.765493980839e-01   4.282437864856e-01   1.807076048670e-04   5.480161599331e-04  -4.918441363606e-01   5.816049179030e-01   2.312001181987e-04   7.011403922075e-04  -6.292730322312e-01   4.417508726942e-01   1.228428223118e-04   3.725346911006e-04  -3.343496356587e-01   1.896522422133e-07  -5.161893620853e-04   2.674744215080e-01  -1.702127603165e-04  -2.563021017365e-07   3.927084435219e-02   1.612901425403e-01   3.289625651418e-01   3.221645511692e-01  -6.428621432480e-02  -2.829483532073e-02  -9.914245469741e-02   3.926969743468e-02   1.612871575560e-01   3.289596462119e-01   3.221633647693e-01   7.597789798007e-03   7.001578916749e-02  -9.900501066474e-02   7.063772200372e-01   1.000000000000e+00   7.889632276872e-01   4.631805400595e-01   0.000000000000e+00   6.617647035983e-19  -6.776470564846e-16   3.927059221279e-02   1.612894863213e-01   3.289619234467e-01   3.221642903526e-01   5.679712340850e-02  -4.139161813288e-02  -9.911219671016e-02
