ARMA_MAT_TXT_FN008
50 50
  -9.475429718872e+00  -1.192706116787e+01   3.144186300148e-18  -3.144186300190e-18   1.603623522393e-05  -4.399762067376e+00   2.818925648435e-18  -3.388131789009e-18   2.103190335565e-05  -1.980358424670e+00   2.222614453586e-18  -5.502326025361e-18   1.338832126372e-05  -8.347603488167e-01   6.098637220209e-19  -1.653408313040e-18   5.183534438806e-06  -1.352083138863e-17   1.032841286632e-18  -7.183744120788e-06  -1.877893248421e-19   1.927429259936e-13  -1.308631198189e-01  -9.524331655630e-01  -1.015128184213e+00  -6.219736928092e-01   1.052715337494e+00  -4.170090554883e-16  -3.742466342387e-01  -1.308631198189e-01  -9.524331655630e-01  -1.015128184213e+00  -6.219736928092e-01  -5.263576687471e-01  -9.116782252234e-01  -3.742466342388e-01  -1.308518247762e-01  -9.524148320405e-01  -1.015119358106e+00  -6.219712397920e-01  -2.733347626292e-19  -2.944552783179e-18   1.117241015725e+00  -1.308631198189e-01  -9.524331655630e-01  -1.015128184213e+00  -6.219736928092e-01  -5.263576687471e-01   9.116782252234e-01  -3.742466342388e-01
  -1.192706116787e+01  -8.697859707875e+00  -1.734723476060e-18   5.421010862453e-18   1.209349029017e-05  -3.920716435164e+00  -8.673617380142e-19   4.770489558944e-18   1.717894822599e-05  -1.858110600190e+00  -1.951563910481e-18   3.035766082961e-18   1.155410579553e-05  -7.970042436992e-01   2.981555974319e-19   2.981555974340e-19   4.183771365876e-06  -1.201558258170e-17  -4.958811859113e-19  -1.802792232060e-05   4.841443531087e-20   9.621432264110e-14  -1.520659643204e-01  -9.084468147072e-01  -9.640272204017e-01  -5.951541379455e-01   1.031040778074e+00  -4.285062664417e-16  -3.665415659880e-01  -1.520659643204e-01  -9.084468147072e-01  -9.640272204018e-01  -5.951541379455e-01  -5.155203890370e-01  -8.929075061497e-01  -3.665415659880e-01  -1.520652553101e-01  -9.084378145011e-01  -9.640212824735e-01  -5.951523305164e-01  -2.881213380799e-18  -2.869225344351e-18   1.094241267121e+00  -1.520659643204e-01  -9.084468147072e-01  -9.640272204018e-01  -5.951541379455e-01  -5.155203890370e-01   8.929075061497e-01  -3.665415659880e-01
   3.144186300148e-18  -1.734723476060e-18   1.047453065146e+00   3.365363543395e-16   2.168404344971e-18  -3.469446952175e-18  -4.122138102429e-01  -4.683753385137e-17   3.469446951954e-18   3.469446951812e-18  -4.573845705865e-01  -6.938893903907e-18   1.843143693225e-18   1.127570259378e-17  -1.778847413607e-01   5.637851296925e-18  -2.466559942405e-18   6.566757953078e-17  -2.570366383777e-18   1.302397859706e-17   6.096568239602e-02  -8.569021064894e-02  -3.904240486790e-01  -3.582046890121e-01  -1.709406729042e-01  -4.794179464121e-02   1.381021253363e-01  -4.692089089011e-16  -1.121884118264e-01   1.952120243398e-01   1.791023445061e-01   8.547033645209e-02   2.397089732060e-02  -9.859766651250e-02   1.366586885412e-01   5.609420591341e-02   5.580958529924e-18  -5.420918371881e-18   4.834706779340e-18   3.942658356481e-18  -1.773961394023e-01   3.634110156900e-17   4.072322172816e-17   1.952120243398e-01   1.791023445061e-01   8.547033645209e-02   2.397089732060e-02  -9.859766651250e-02  -1.366586885412e-01   5.609420591341e-02
  -3.144186300190e-18   5.421010862453e-18   3.365363543395e-16   1.047453065143e+00  -4.770489558936e-18   1.908195823581e-17   6.505213034913e-18  -4.122138102460e-01  -5.637851296925e-18   6.938893903950e-18   3.556183125752e-17  -4.573845705878e-01  -3.469446951954e-18  -1.864827736673e-17  -1.821459649776e-17  -1.778847413611e-01   2.764715539838e-18   8.569021064894e-02   6.096568239602e-02  -2.750739496231e-18  -2.391379683537e-18   5.415448010336e-17   9.658866147238e-17   1.137851904713e-16   4.976968350442e-17  -2.734047964359e-18  -4.197421847816e-16  -1.774975971292e-01   1.370028183468e-16   3.381171444052e-01   3.102143604401e-01   1.480389652754e-01   4.151881206238e-02   1.366586885422e-01   5.920219472073e-02   9.715801465272e-02   3.705961229625e-18  -2.146362011099e-17  -1.874168658292e-17  -1.066157352765e-17  -1.915649713510e-17  -1.773961394027e-01   5.272102509814e-17  -3.381171444052e-01  -3.102143604401e-01  -1.480389652754e-01  -4.151881206238e-02  -1.366586885422e-01   5.920219472073e-02  -9.715801465272e-02
   1.603623522393e-05   1.209349029017e-05   2.168404344971e-18  -4.770489558936e-18   1.047292201350e+00   1.322872772916e-04   3.469446951954e-18  -6.505213034913e-18  -4.125020275206e-01   1.334312049318e-04   1.951563910474e-18  -4.119968255445e-18  -4.575642883877e-01   7.747461290411e-05  -1.653408313040e-18   2.764715539838e-18  -1.779386013173e-01  -2.276945563711e-18   8.647111567380e-18  -1.049860791911e-01   6.003389978420e-18  -2.656295322589e-18   1.386685070667e-01   1.273064904713e-01   6.083746569058e-02   1.710334753315e-02  -1.122131112683e-01   2.003134489561e-16  -1.375287346454e-01   1.386685070669e-01   1.273064904714e-01   6.083746569059e-02   1.710334753315e-02   5.610655563433e-02   9.717940499610e-02  -1.375287346455e-01  -4.142864309252e-01  -3.801104120392e-01  -1.813679061549e-01  -5.083157149139e-02   3.758242356037e-17   5.592619777188e-17   1.780226131495e-01   1.386685070669e-01   1.273064904714e-01   6.083746569059e-02   1.710334753315e-02   5.610655563433e-02  -9.717940499610e-02  -1.375287346455e-01
  -4.399762067376e+00  -3.920716435164e+00  -3.469446952175e-18   1.908195823581e-17   1.322872772916e-04  -2.144101719678e+00  -1.387778780817e-17   1.214306433195e-17   3.898592386715e-04  -1.500543592768e+00  -1.040834085609e-17   1.647987302185e-17   3.011318142766e-04  -8.379867672443e-01   3.469446951874e-18  -6.938893903883e-18   1.076863198034e-04   1.206546412111e-17  -3.779260162448e-18  -5.487532593010e-04   3.755786496843e-18   5.023200535857e-12  -4.158313063602e-01  -8.394468808574e-01  -9.259409819067e-01  -6.503246054320e-01   5.649450180836e-01  -4.993361318015e-16  -2.007932919649e-01  -4.158313063630e-01  -8.394468808593e-01  -9.259409819071e-01  -6.503246054320e-01  -2.824725090437e-01  -4.892567374012e-01  -2.007932919662e-01  -4.159335116031e-01  -8.394114839479e-01  -9.258487900498e-01  -6.502907522472e-01   1.861176911701e-17   3.067728037837e-17   5.995022479423e-01  -4.158313063630e-01  -8.394468808593e-01  -9.259409819071e-01  -6.503246054320e-01  -2.824725090437e-01   4.892567374012e-01  -2.007932919662e-01
   2.818925648435e-18  -8.673617380142e-19  -4.122138102429e-01   6.505213034913e-18   3.469446951954e-18  -1.387778780817e-17  -1.519602123775e-01  -1.006139616067e-16   6.938893903907e-18  -3.469446952373e-18  -3.951417505362e-01   1.994931997373e-16   4.336808689942e-18   1.734723475712e-18  -2.308180090444e-01  -4.293440603043e-17  -1.301042606983e-18   1.636583966000e-16  -2.652524213395e-18   3.333921680590e-18   1.457890835851e-01  -2.049018793576e-01  -4.132096002408e-01  -3.431241022128e-01  -1.985425304397e-01  -6.580903234268e-02  -1.318849002604e-01  -5.900642891639e-16   2.878842323985e-02   2.066048001231e-01   1.715620511075e-01   9.927126521996e-02   3.290451617134e-02  -7.121718731015e-02  -3.502652040426e-02  -1.439421161882e-02  -1.873313015287e-17  -2.085809520384e-17  -5.054157871498e-18   6.248572390496e-18  -5.081910191654e-02  -1.843143693225e-18   6.396171623205e-17   2.066048001231e-01   1.715620511075e-01   9.927126521996e-02   3.290451617134e-02  -7.121718731015e-02   3.502652040426e-02  -1.439421161882e-02
  -3.388131789009e-18   4.770489558944e-18  -4.683753385137e-17  -4.122138102460e-01  -6.505213034913e-18   1.214306433195e-17  -1.006139616067e-16  -1.519602123878e-01  -8.673617379884e-18   1.561251128392e-17  -1.613292832658e-16  -3.951417505466e-01  -1.040834085586e-17  -1.561251128371e-17  -8.673617379884e-19  -2.308180090487e-01   4.987329993433e-18   2.049018793576e-01   1.457890835851e-01  -1.526014557779e-17  -8.720466772357e-18   1.348796825678e-16   2.720403099370e-16   1.748721631135e-16  -1.284398217612e-16  -2.089677204990e-17  -4.781204148555e-16  -5.099461632725e-02   1.771840088945e-16   3.578500109027e-01   2.971541891738e-01   1.719428750958e-01   5.699229380822e-02  -3.502652039889e-02  -1.116623292790e-01  -2.493150585719e-02  -3.096376625553e-17  -4.289207599235e-17  -2.840639000155e-17  -1.789946591394e-17  -2.778268066994e-18  -5.081910191875e-02   8.477890309674e-17  -3.578500109027e-01  -2.971541891738e-01  -1.719428750958e-01  -5.699229380822e-02   3.502652039889e-02  -1.116623292790e-01   2.493150585719e-02
   2.103190335565e-05   1.717894822599e-05   3.469446951954e-18  -5.637851296925e-18  -4.125020275206e-01   3.898592386715e-04   6.938893903907e-18  -8.673617379884e-18  -1.527709576203e-01   4.867314477490e-04   8.673617379884e-19  -3.469446951954e-18  -3.957771431634e-01   3.064829390306e-04  -2.168404344971e-18   4.119968255445e-18  -2.310393277307e-01  -6.431784375843e-18   1.993501051538e-17  -2.511462212489e-01  -1.652546058645e-17  -7.155734338404e-18   1.467362020523e-01   1.220501814203e-01   7.089860376855e-02   2.364480722887e-02   2.867754811770e-02   1.806534558452e-16  -6.107891130279e-02   1.467362020542e-01   1.220501814210e-01   7.089860376862e-02   2.364480722887e-02  -1.433877405774e-02  -2.483548518859e-02  -6.107891130483e-02  -4.384670655852e-01  -3.640892256220e-01  -2.105553753527e-01  -6.965656349496e-02   6.055325565595e-17   9.222601677610e-17  -1.420619276461e-01   1.467362020542e-01   1.220501814210e-01   7.089860376862e-02   2.364480722887e-02  -1.433877405774e-02   2.483548518859e-02  -6.107891130483e-02
  -1.980358424670e+00  -1.858110600190e+00   3.469446951812e-18   6.938893903950e-18   1.334312049318e-04  -1.500543592768e+00  -3.469446952373e-18   1.561251128392e-17   4.867314477490e-04  -1.099966174850e+00  -1.040834085650e-17   1.387778780801e-17   4.559389048537e-04  -6.587343309638e-01   6.071532165500e-18  -1.734723475849e-18   1.825884796039e-04  -8.405919653247e-17  -7.570257157699e-18  -6.354908170035e-04   3.779260162448e-18   7.278985422114e-12  -3.991957232626e-01  -6.391936125861e-01  -7.024894862521e-01  -5.217956625666e-01   4.157396971102e-01  -2.726558092415e-16  -1.477349274108e-01  -3.991957232686e-01  -6.391936125939e-01  -7.024894862558e-01  -5.217956625673e-01  -2.078698485571e-01  -3.600411390523e-01  -1.477349274122e-01  -3.992880405615e-01  -6.391188459948e-01  -7.023362017155e-01  -5.217364843884e-01   4.876031090195e-18   1.320580773229e-17   4.411243921536e-01  -3.991957232686e-01  -6.391936125939e-01  -7.024894862558e-01  -5.217956625673e-01  -2.078698485571e-01   3.600411390523e-01  -1.477349274122e-01
   2.222614453586e-18  -1.951563910481e-18  -4.573845705865e-01   3.556183125752e-17   1.951563910474e-18  -1.040834085609e-17  -3.951417505362e-01  -1.613292832658e-16   8.673617379884e-19  -1.040834085650e-17  -1.927769516922e-01   2.038300084273e-16   2.168404344971e-18  -1.734723476741e-18  -1.180691386466e-01   4.163336342344e-17  -2.602085213965e-18   1.409124146285e-16  -3.462365676777e-18   3.442341897799e-18   1.192478533919e-01  -1.676172612024e-01  -3.726912283596e-01  -2.418670056632e-01  -9.816607449334e-02  -3.808006915661e-02   1.212929976969e-01  -1.931936284376e-16  -5.531745704565e-02   1.863456141838e-01   1.209335028356e-01   4.908303724778e-02   1.904003457841e-02   4.529639840427e-03   6.741335608327e-02   2.765872852372e-02  -1.242626827869e-17  -1.456719129113e-17  -2.403279256191e-18   2.448920124888e-18  -3.424914085239e-02   2.854162219068e-17   1.683158862402e-17   1.863456141838e-01   1.209335028356e-01   4.908303724778e-02   1.904003457841e-02   4.529639840427e-03  -6.741335608327e-02   2.765872852372e-02
  -5.502326025361e-18   3.035766082961e-18  -6.938893903907e-18  -4.573845705878e-01  -4.119968255445e-18   1.647987302185e-17   1.994931997373e-16  -3.951417505466e-01  -3.469446951954e-18   1.387778780801e-17   2.038300084273e-16  -1.927769517265e-01  -1.170938346284e-17  -5.204170427697e-18  -3.729655473350e-17  -1.180691386811e-01   2.385244779468e-18   1.676172612024e-01   1.192478533919e-01  -1.572770776467e-17  -4.952943442712e-18   1.093990185533e-16   1.834301524089e-16   1.089851365732e-16  -1.734863640891e-16  -5.691621050939e-17  -2.313575449101e-16  -3.439147944252e-02   9.147307631361e-17   3.227600715361e-01   2.094629712594e-01   8.501431431910e-02   3.297830727647e-02   6.741335609086e-02   8.237187839908e-02   4.790632307671e-02  -2.135751929404e-17  -3.245070381004e-17  -2.548548618093e-17  -1.093620484079e-17  -2.609539103901e-17  -3.424914085551e-02   1.784217817088e-17  -3.227600715361e-01  -2.094629712594e-01  -8.501431431910e-02  -3.297830727647e-02  -6.741335609086e-02   8.237187839908e-02  -4.790632307671e-02
   1.338832126372e-05   1.155410579553e-05   1.843143693225e-18  -3.469446951954e-18  -4.575642883877e-01   3.011318142766e-04   4.336808689942e-18  -1.040834085586e-17  -3.957771431634e-01   4.559389048537e-04   2.168404344971e-18  -1.170938346284e-17  -1.934072450561e-01   3.204512055201e-04  -4.336808689942e-18   2.385244779468e-18  -1.183231291226e-01  -3.039839695882e-18   1.204492466379e-17  -2.054483702414e-01  -7.511572993958e-18  -6.938893903907e-18   1.323566864915e-01   8.604451072856e-02   3.521630148549e-02   1.380448624031e-02  -5.540553644414e-02   8.456128746226e-17  -1.459888861264e-02   1.323566864943e-01   8.604451073138e-02   3.521630148628e-02   1.380448624038e-02   2.770276822296e-02   4.798260206796e-02  -1.459888861751e-02  -3.954627216927e-01  -2.566270577145e-01  -1.040355201985e-01  -4.022197842313e-02   1.404823836461e-17   2.394420353290e-17   1.409867500048e-01   1.323566864943e-01   8.604451073138e-02   3.521630148628e-02   1.380448624038e-02   2.770276822296e-02  -4.798260206796e-02  -1.459888861751e-02
  -8.347603488167e-01  -7.970042436992e-01   1.127570259378e-17  -1.864827736673e-17   7.747461290411e-05  -8.379867672443e-01   1.734723475712e-18  -1.561251128371e-17   3.064829390306e-04  -6.587343309638e-01  -1.734723476741e-18  -5.204170427697e-18   3.204512055201e-04  -3.703623946123e-01   5.204170426760e-18  -3.469446951596e-18   1.429375004115e-04  -1.795735418803e-17   7.482230911679e-18  -3.923065978011e-04  -7.511572993686e-19   4.851183168867e-12  -2.710753691169e-01  -3.955078962654e-01  -4.094153531840e-01  -2.900889144001e-01   2.399086102346e-01  -8.652270877770e-17  -8.525007279224e-02  -2.710753691215e-01  -3.955078962750e-01  -4.094153531947e-01  -2.900889144053e-01  -1.199543051179e-01  -2.077669510419e-01  -8.525007279266e-02  -2.711294963010e-01  -3.954566041904e-01  -4.093043416736e-01  -2.900422115935e-01   1.564957868715e-18  -4.246102484876e-18   2.545497897668e-01  -2.710753691215e-01  -3.955078962750e-01  -4.094153531947e-01  -2.900889144053e-01  -1.199543051179e-01   2.077669510419e-01  -8.525007279266e-02
   6.098637220209e-19   2.981555974319e-19  -1.778847413607e-01  -1.821459649776e-17  -1.653408313040e-18   3.469446951874e-18  -2.308180090444e-01  -8.673617379884e-19  -2.168404344971e-18   6.071532165500e-18  -1.180691386466e-01  -3.729655473350e-17  -4.336808689942e-18   5.204170426760e-18   9.030632218882e-03  -6.722053469410e-17  -1.951563910474e-18   4.623725282601e-17   4.700601537455e-18   5.637851296982e-18   4.736801931948e-02  -6.658849467813e-02  -1.911330342935e-01  -1.433908720561e-01  -3.256553502984e-02   3.493965102637e-03   5.596031317478e-02  -5.293237953969e-17  -3.516195904040e-02   9.556651714855e-02   7.169543603150e-02   1.628276751793e-02  -1.746982550367e-03  -1.824147131805e-02   4.284042024668e-02   1.758097952036e-02  -1.491444471453e-18  -3.047484224697e-18  -4.041906232715e-19   1.745072053041e-18  -4.291373699248e-02  -2.620719938805e-18   7.876163146355e-19   9.556651714855e-02   7.169543603150e-02   1.628276751793e-02  -1.746982550367e-03  -1.824147131805e-02  -4.284042024668e-02   1.758097952036e-02
  -1.653408313040e-18   2.981555974340e-19   5.637851296925e-18  -1.778847413611e-01   2.764715539838e-18  -6.938893903883e-18  -4.293440603043e-17  -2.308180090487e-01   4.119968255445e-18  -1.734723475849e-18   4.163336342344e-17  -1.180691386811e-01   2.385244779468e-18  -3.469446951596e-18  -6.722053469410e-17   9.030632104727e-03   3.469446951954e-18   6.658849467813e-02   4.736801931948e-02   1.956646107982e-19   4.584700313529e-18   4.542007584206e-17  -3.763441592834e-17  -1.185148074433e-16  -1.466431712214e-16  -8.416687886338e-17  -5.942742817974e-17  -4.297539948017e-02   1.762946339416e-17   1.655260632046e-01   1.241801378847e-01   2.820258065470e-02  -3.025862500973e-03   4.284042025030e-02   3.122638500207e-02   3.045114977624e-02  -4.158876494446e-18  -1.104301855406e-17  -1.240891106159e-17  -9.463341157653e-18   3.452506293009e-18  -4.291373699397e-02   1.596782236152e-18  -1.655260632046e-01  -1.241801378847e-01  -2.820258065470e-02   3.025862500973e-03  -4.284042025030e-02   3.122638500207e-02  -3.045114977624e-02
   5.183534438806e-06   4.183771365876e-06  -2.466559942405e-18   2.764715539838e-18  -1.779386013173e-01   1.076863198034e-04  -1.301042606983e-18   4.987329993433e-18  -2.310393277307e-01   1.825884796039e-04  -2.602085213965e-18   2.385244779468e-18  -1.183231291226e-01   1.429375004115e-04  -1.951563910474e-18   3.469446951954e-18   8.907129933895e-03   3.180681689514e-18  -2.247603481674e-18  -8.160630634854e-02  -2.934208300102e-21   8.673617379884e-19   6.787737781531e-02   5.098307640399e-02   1.170769882754e-02  -1.119976167048e-03  -3.519001255639e-02   2.283363382126e-17  -3.041626956320e-02   6.787737781659e-02   5.098307640643e-02   1.170769882968e-02  -1.119976166371e-03   1.759500627836e-02   3.047544483118e-02  -3.041626956605e-02  -2.027974798978e-01  -1.521360081115e-01  -3.449632857379e-02   3.793747635400e-03   9.241402570541e-20   3.201062643015e-18   6.846998725970e-02   6.787737781659e-02   5.098307640643e-02   1.170769882968e-02  -1.119976166371e-03   1.759500627836e-02  -3.047544483118e-02  -3.041626956605e-02
  -1.352083138863e-17  -1.201558258170e-17   6.566757953078e-17   8.569021064894e-02  -2.276945563711e-18   1.206546412111e-17   1.636583966000e-16   2.049018793576e-01  -6.431784375843e-18  -8.405919653247e-17   1.409124146285e-16   1.676172612024e-01  -3.039839695882e-18  -1.795735418803e-17   4.623725282601e-17   6.658849467813e-02   3.180681689514e-18   1.399957417239e+00  -8.560479739532e-02  -6.816752491770e-17  -7.106945240642e-17   1.746649699874e-16   3.763956187685e-16   1.435447059081e-16   1.391695760318e-16  -4.865991394536e-17  -2.597964417401e-16   3.537079675877e-01   1.034157341355e-16  -1.077562056284e-02  -4.301965461744e-02  -5.768547538337e-02  -1.693303428149e-02  -6.933947177714e-03   3.416980187789e-01   2.010617900924e-01  -9.022690217025e-18  -3.005509459935e-17   3.607315561890e-17  -1.499380390537e-17  -4.475879035164e-17   1.912514129971e-02   3.039839695882e-18   1.077562056284e-02   4.301965461744e-02   5.768547538337e-02   1.693303428149e-02   6.933947177713e-03   3.416980187789e-01  -2.010617900924e-01
   1.032841286632e-18  -4.958811859113e-19  -2.570366383777e-18   6.096568239602e-02   8.647111567380e-18  -3.779260162448e-18  -2.652524213395e-18   1.457890835851e-01   1.993501051538e-17  -7.570257157699e-18  -3.462365676777e-18   1.192478533919e-01   1.204492466379e-17   7.482230911679e-18   4.700601537455e-18   4.736801931948e-02  -2.247603481674e-18  -8.560479739532e-02   1.459304671971e+00   3.755786496843e-18  -2.107689023312e-16  -5.301748623454e-17  -1.669193668580e-16  -1.113934323692e-16  -1.881245930519e-17  -4.127680793575e-18   2.101094127266e-16  -1.052688867847e-01   1.837516625892e-16  -7.650060411743e-03  -3.062065695822e-02  -4.103628316134e-02  -1.204489979642e-02   2.010276626600e-01   2.429212386728e-01  -1.467710669204e-01  -1.006799987802e-16  -4.780309506660e-17   2.478108773502e-18   3.176333951564e-18  -9.613639748638e-17   3.686557258444e-01   1.891550361081e-16   7.650060411743e-03   3.062065695822e-02   4.103628316134e-02   1.204489979642e-02  -2.010276626600e-01   2.429212386728e-01   1.467710669204e-01
  -7.183744120788e-06  -1.802792232060e-05   1.302397859706e-17  -2.750739496231e-18  -1.049860791911e-01  -5.487532593010e-04   3.333921680590e-18  -1.526014557779e-17  -2.511462212489e-01  -6.354908170035e-04   3.442341897799e-18  -1.572770776467e-17  -2.054483702414e-01  -3.923065978011e-04   5.637851296982e-18   1.956646107982e-19  -8.160630634854e-02  -6.816752491770e-17   3.755786496843e-18   1.339509043635e+00   8.928820039288e-18  -4.611132441773e-12   5.422142278517e-03   2.145536513182e-02   2.855501251260e-02   8.201765353449e-03   8.852906024988e-02   8.315776313635e-17  -2.609044446700e-01   5.422142281719e-03   2.145536513398e-02   2.855501251305e-02   8.201765353497e-03  -4.426453012341e-02  -7.666841515139e-02  -2.609044446669e-01  -1.619070753989e-02  -6.481466257050e-02  -8.702445072170e-02  -2.573298504090e-02   1.234208030303e-16   1.817526495218e-16  -5.148260201097e-01   5.422142281719e-03   2.145536513398e-02   2.855501251305e-02   8.201765353497e-03  -4.426453012341e-02   7.666841515139e-02  -2.609044446669e-01
  -1.877893248421e-19   4.841443531087e-20   6.096568239602e-02  -2.391379683537e-18   6.003389978420e-18   3.755786496843e-18   1.457890835851e-01  -8.720466772357e-18  -1.652546058645e-17   3.779260162448e-18   1.192478533919e-01  -4.952943442712e-18  -7.511572993958e-18  -7.511572993686e-19   4.736801931948e-02   4.584700313529e-18  -2.934208300102e-21  -7.106945240642e-17  -2.107689023312e-16   8.928820039288e-18   1.459304671979e+00   8.560479739532e-02   8.833528871975e-03   3.535768907317e-02   4.738461825910e-02   1.390825227962e-02   3.589846138252e-01   2.702284045495e-16   1.694766299956e-01  -4.416764437452e-03  -1.767884453682e-02  -2.369230912956e-02  -6.954126139808e-03   1.079448836743e-02   2.010276626625e-01  -8.473831499668e-02  -7.196765717077e-17  -3.810936559387e-17  -5.502824940032e-18  -2.567869942267e-18   3.686557258474e-01   2.329908021733e-17   1.390047631922e-16  -4.416764437452e-03  -1.767884453682e-02  -2.369230912956e-02  -6.954126139808e-03   1.079448836743e-02  -2.010276626625e-01  -8.473831499668e-02
   1.927429259936e-13   9.621432264110e-14  -8.569021064894e-02   5.415448010336e-17  -2.656295322589e-18   5.023200535857e-12  -2.049018793576e-01   1.348796825678e-16  -7.155734338404e-18   7.278985422114e-12  -1.676172612024e-01   1.093990185533e-16  -6.938893903907e-18   4.851183168867e-12  -6.658849467813e-02   4.542007584206e-17   8.673617379884e-19   1.746649699874e-16  -5.301748623454e-17  -4.611132441773e-12   8.560479739532e-02   1.399957417239e+00  -1.244261485924e-02  -4.967481834222e-02  -6.660944947659e-02  -1.955258379740e-02  -3.376947025089e-01  -4.950854785244e-16   2.321661572703e-01   6.221307434571e-03   2.483740917857e-02   3.330472474615e-02   9.776291904453e-03  -3.497046513138e-01   6.933947177539e-03  -1.160830786319e-01   2.836672092709e-13   2.590553022187e-12   4.719932113474e-12   3.780179149962e-12  -1.912514129971e-02   7.168601900891e-17  -1.262839222656e-12   6.221307434572e-03   2.483740917857e-02   3.330472474615e-02   9.776291904453e-03  -3.497046513138e-01  -6.933947177539e-03  -1.160830786319e-01
  -1.308631198189e-01  -1.520659643204e-01  -3.904240486790e-01   9.658866147238e-17   1.386685070667e-01  -4.158313063602e-01  -4.132096002408e-01   2.720403099370e-16   1.467362020523e-01  -3.991957232626e-01  -3.726912283596e-01   1.834301524089e-16   1.323566864915e-01  -2.710753691169e-01  -1.911330342935e-01  -3.763441592834e-17   6.787737781531e-02   3.763956187685e-16  -1.669193668580e-16   5.422142278517e-03   8.833528871975e-03  -1.244261485924e-02   5.451671317854e-01  -4.949863680033e-01  -4.796462146734e-01  -2.790880555763e-01   2.485930225723e-01   9.990923019627e-17  -8.843476615035e-02  -1.085256584283e-02  -1.156844343527e-01  -2.139079838345e-01  -1.953702190908e-01  -1.090318343522e-01  -5.018602133860e-02   7.801134518333e-03  -1.059489143253e-02  -1.150872770705e-01  -2.135009072303e-01  -1.952187951728e-01  -7.960967987403e-02  -7.196614893678e-18   8.916236974948e-02  -1.085256584283e-02  -1.156844343527e-01  -2.139079838345e-01  -1.953702190908e-01  -1.090318343522e-01   5.018602133860e-02   7.801134518333e-03
  -9.524331655630e-01  -9.084468147072e-01  -3.582046890121e-01   1.137851904713e-16   1.273064904713e-01  -8.394468808574e-01  -3.431241022128e-01   1.748721631135e-16   1.220501814203e-01  -6.391936125861e-01  -2.418670056632e-01   1.089851365732e-16   8.604451072856e-02  -3.955078962654e-01  -1.433908720561e-01  -1.185148074433e-16   5.098307640399e-02   1.435447059081e-16  -1.113934323692e-16   2.145536513182e-02   3.535768907317e-02  -4.967481834222e-02  -4.949863680033e-01  -5.245711291680e-01  -5.338341294400e-01  -3.626036866471e-01   4.388642817379e-01   1.661539829366e-16  -1.560328533366e-01  -1.156844343533e-01  -2.932994153176e-01  -3.748886541013e-01  -2.987400431021e-01  -1.825013378121e-01  -1.586794114261e-01  -3.286971282057e-02  -1.150886355669e-01  -2.926207297107e-01  -3.744983094148e-01  -2.985940654503e-01  -9.076302488924e-02  -7.025865317029e-17   2.261424022911e-01  -1.156844343533e-01  -2.932994153176e-01  -3.748886541013e-01  -2.987400431021e-01  -1.825013378121e-01   1.586794114261e-01  -3.286971282057e-02
  -1.015128184213e+00  -9.640272204017e-01  -1.709406729042e-01   4.976968350442e-17   6.083746569058e-02  -9.259409819067e-01  -1.985425304397e-01  -1.284398217612e-16   7.089860376855e-02  -7.024894862521e-01  -9.816607449334e-02  -1.734863640891e-16   3.521630148549e-02  -4.094153531840e-01  -3.256553502984e-02  -1.466431712214e-16   1.170769882754e-02   1.391695760318e-16  -1.881245930519e-17   2.855501251260e-02   4.738461825910e-02  -6.660944947659e-02  -4.796462146734e-01  -5.338341294400e-01  -4.720045771601e-01  -3.351447785298e-01   3.490353297207e-01   1.560641264681e-16  -1.240577855799e-01  -2.139079838375e-01  -3.748886541060e-01  -4.299542864699e-01  -3.209089921436e-01  -1.490445878412e-01  -1.997351971700e-01  -6.999084614728e-02  -2.135228401910e-01  -3.744722320037e-01  -4.297074958250e-01  -3.208258005934e-01  -3.369639603196e-02  -7.615007555063e-17   2.563978131498e-01  -2.139079838375e-01  -3.748886541060e-01  -4.299542864699e-01  -3.209089921436e-01  -1.490445878412e-01   1.997351971700e-01  -6.999084614728e-02
  -6.219736928092e-01  -5.951541379455e-01  -4.794179464121e-02  -2.734047964359e-18   1.710334753315e-02  -6.503246054320e-01  -6.580903234268e-02  -2.089677204990e-17   2.364480722887e-02  -5.217956625666e-01  -3.808006915661e-02  -5.691621050939e-17   1.380448624031e-02  -2.900889144001e-01   3.493965102637e-03  -8.416687886338e-17  -1.119976167048e-03  -4.865991394536e-17  -4.127680793575e-18   8.201765353449e-03   1.390825227962e-02  -1.955258379740e-02  -2.790880555763e-01  -3.626036866471e-01  -3.351447785298e-01  -2.224572374659e-01   2.030581490440e-01   7.686956345363e-17  -7.216212923814e-02  -1.953702190941e-01  -2.987400431093e-01  -3.209089921518e-01  -2.261657443153e-01  -1.001399565088e-01  -1.512753561696e-01  -5.752580811465e-02  -1.952470674882e-01  -2.985599349843e-01  -3.207766590005e-01  -2.261307456622e-01  -1.278230968007e-02  -2.354381767730e-17   1.897811769768e-01  -1.953702190941e-01  -2.987400431093e-01  -3.209089921518e-01  -2.261657443153e-01  -1.001399565088e-01   1.512753561696e-01  -5.752580811465e-02
   1.052715337494e+00   1.031040778074e+00   1.381021253363e-01  -4.197421847816e-16  -1.122131112683e-01   5.649450180836e-01  -1.318849002604e-01  -4.781204148555e-16   2.867754811770e-02   4.157396971102e-01   1.212929976969e-01  -2.313575449101e-16  -5.540553644414e-02   2.399086102346e-01   5.596031317478e-02  -5.942742817974e-17  -3.519001255639e-02  -2.597964417401e-16   2.101094127266e-16   8.852906024988e-02   3.589846138252e-01  -3.376947025089e-01   2.485930225723e-01   4.388642817379e-01   3.490353297207e-01   2.030581490440e-01   1.116127002662e+00  -1.639313684798e-16   1.253546326910e-01   9.797828657034e-02   2.286710702586e-01   2.474980487022e-01   1.810782796683e-01   1.743885678401e-01   1.729820922284e-01   2.792567601954e-02   5.735124676274e-02   1.826833282053e-01   2.303339603083e-01   1.745766649937e-01   4.847665991506e-02   4.677813657593e-17  -1.944697560550e-01   9.797828657034e-02   2.286710702586e-01   2.474980487022e-01   1.810782796683e-01   1.743885678401e-01  -1.729820922284e-01   2.792567601954e-02
  -4.170090554883e-16  -4.285062664417e-16  -4.692089089011e-16  -1.774975971292e-01   2.003134489561e-16  -4.993361318015e-16  -5.900642891639e-16  -5.099461632725e-02   1.806534558452e-16  -2.726558092415e-16  -1.931936284376e-16  -3.439147944252e-02   8.456128746226e-17  -8.652270877770e-17  -5.293237953969e-17  -4.297539948017e-02   2.283363382126e-17   3.537079675877e-01  -1.052688867847e-01   8.315776313635e-17   2.702284045495e-16  -4.950854785244e-16   9.990923019627e-17   1.661539829366e-16   1.560641264681e-16   7.686956345363e-17  -1.639313684798e-16   1.468716949521e+00   2.558717127066e-17   6.933132770105e-02   7.871108905611e-02   2.920880077861e-02   1.108606818214e-02   8.623545733986e-02   2.472924581811e-02   1.334489212783e-02   1.118783414115e-17   8.869347823525e-17   1.221566700837e-16   7.005947901151e-17   4.471815244842e-17  -4.651761646220e-02  -8.270389995481e-17  -6.933132770105e-02  -7.871108905611e-02  -2.920880077861e-02  -1.108606818214e-02  -8.623545733986e-02   2.472924581811e-02  -1.334489212783e-02
  -3.742466342387e-01  -3.665415659880e-01  -1.121884118264e-01   1.370028183468e-16  -1.375287346454e-01  -2.007932919649e-01   2.878842323985e-02   1.771840088945e-16  -6.107891130279e-02  -1.477349274108e-01  -5.531745704565e-02   9.147307631361e-17  -1.459888861264e-02  -8.525007279224e-02  -3.516195904040e-02   1.762946339416e-17  -3.041626956320e-02   1.034157341355e-16   1.837516625892e-16  -2.609044446700e-01   1.694766299956e-01   2.321661572703e-01  -8.843476615035e-02  -1.560328533366e-01  -1.240577855799e-01  -7.216212923814e-02   1.253546326910e-01   2.558717127066e-17   1.424211146204e+00   7.801134518333e-03  -3.286971282057e-02  -6.999084614728e-02  -5.752580811465e-02  -2.551985360324e-02  -1.751189878686e-02  -4.839123834696e-02  -1.048482028318e-01  -1.612422389088e-01  -1.176131946126e-01  -7.560107051744e-02  -8.878187375592e-02  -6.795875040869e-17   1.491803463552e-01   7.801134518333e-03  -3.286971282057e-02  -6.999084614728e-02  -5.752580811465e-02  -2.551985360324e-02   1.751189878686e-02  -4.839123834696e-02
  -1.308631198189e-01  -1.520659643204e-01   1.952120243398e-01   3.381171444052e-01   1.386685070669e-01  -4.158313063630e-01   2.066048001231e-01   3.578500109027e-01   1.467362020542e-01  -3.991957232686e-01   1.863456141838e-01   3.227600715361e-01   1.323566864943e-01  -2.710753691215e-01   9.556651714855e-02   1.655260632046e-01   6.787737781659e-02  -1.077562056284e-02  -7.650060411743e-03   5.422142281719e-03  -4.416764437452e-03   6.221307434571e-03  -1.085256584283e-02  -1.156844343533e-01  -2.139079838375e-01  -1.953702190941e-01   9.797828657034e-02   6.933132770105e-02   7.801134518333e-03   5.451671317574e-01  -4.949863680231e-01  -4.796462146839e-01  -2.790880555815e-01  -1.242965112861e-01  -2.152878727381e-01  -8.843476615035e-02  -1.059489143254e-02  -1.150872770712e-01  -2.135009072334e-01  -1.952187951761e-01   3.980483993707e-02   6.894400515820e-02   8.916236974963e-02  -1.085256584282e-02  -1.156844343530e-01  -2.139079838370e-01  -1.953702190939e-01   1.105354778200e-02   1.195173490395e-01   7.801134518333e-03
  -9.524331655630e-01  -9.084468147072e-01   1.791023445061e-01   3.102143604401e-01   1.273064904714e-01  -8.394468808593e-01   1.715620511075e-01   2.971541891738e-01   1.220501814210e-01  -6.391936125939e-01   1.209335028356e-01   2.094629712594e-01   8.604451073138e-02  -3.955078962750e-01   7.169543603150e-02   1.241801378847e-01   5.098307640643e-02  -4.301965461744e-02  -3.062065695822e-02   2.145536513398e-02  -1.767884453682e-02   2.483740917857e-02  -1.156844343527e-01  -2.932994153176e-01  -3.748886541060e-01  -2.987400431093e-01   2.286710702586e-01   7.871108905611e-02  -3.286971282057e-02  -4.949863680231e-01  -5.245711291961e-01  -5.338341294621e-01  -3.626036866601e-01  -2.194321408690e-01  -3.800676167749e-01  -1.560328533366e-01  -1.150886355670e-01  -2.926207297119e-01  -3.744983094201e-01  -2.985940654576e-01   4.538151244471e-02   7.860308527911e-02   2.261424022914e-01  -1.156844343530e-01  -2.932994153165e-01  -3.748886541032e-01  -2.987400431078e-01  -4.616973244766e-02   2.373905004818e-01  -3.286971282057e-02
  -1.015128184213e+00  -9.640272204018e-01   8.547033645209e-02   1.480389652754e-01   6.083746569059e-02  -9.259409819071e-01   9.927126521996e-02   1.719428750958e-01   7.089860376862e-02  -7.024894862558e-01   4.908303724778e-02   8.501431431910e-02   3.521630148628e-02  -4.094153531947e-01   1.628276751793e-02   2.820258065470e-02   1.170769882968e-02  -5.768547538337e-02  -4.103628316134e-02   2.855501251305e-02  -2.369230912956e-02   3.330472474615e-02  -2.139079838345e-01  -3.748886541013e-01  -4.299542864699e-01  -3.209089921518e-01   2.474980487022e-01   2.920880077861e-02  -6.999084614728e-02  -4.796462146839e-01  -5.338341294621e-01  -4.720045771881e-01  -3.351447785528e-01  -1.745176648604e-01  -3.022734623385e-01  -1.240577855799e-01  -2.135228401910e-01  -3.744722320043e-01  -4.297074958289e-01  -3.208258006028e-01   1.684819801599e-02   2.918193498046e-02   2.563978131498e-01  -2.139079838370e-01  -3.748886541032e-01  -4.299542864660e-01  -3.209089921464e-01  -9.845346086343e-02   2.289439979493e-01  -6.999084614728e-02
  -6.219736928092e-01  -5.951541379455e-01   2.397089732060e-02   4.151881206238e-02   1.710334753315e-02  -6.503246054320e-01   3.290451617134e-02   5.699229380822e-02   2.364480722887e-02  -5.217956625673e-01   1.904003457841e-02   3.297830727647e-02   1.380448624038e-02  -2.900889144053e-01  -1.746982550367e-03  -3.025862500973e-03  -1.119976166371e-03  -1.693303428149e-02  -1.204489979642e-02   8.201765353497e-03  -6.954126139808e-03   9.776291904453e-03  -1.953702190908e-01  -2.987400431021e-01  -3.209089921436e-01  -2.261657443153e-01   1.810782796683e-01   1.108606818214e-02  -5.752580811465e-02  -2.790880555815e-01  -3.626036866601e-01  -3.351447785528e-01  -2.224572374940e-01  -1.015290745220e-01  -1.758535155076e-01  -7.216212923814e-02  -1.952470674882e-01  -2.985599349844e-01  -3.207766590017e-01  -2.261307456679e-01   6.391154840037e-03   1.106980490229e-02   1.897811769768e-01  -1.953702190939e-01  -2.987400431078e-01  -3.209089921464e-01  -2.261657443096e-01  -8.093832316059e-02   1.623614243522e-01  -5.752580811465e-02
  -5.263576687471e-01  -5.155203890370e-01  -9.859766651250e-02   1.366586885422e-01   5.610655563433e-02  -2.824725090437e-01  -7.121718731015e-02  -3.502652039889e-02  -1.433877405774e-02  -2.078698485571e-01   4.529639840427e-03   6.741335609086e-02   2.770276822296e-02  -1.199543051179e-01  -1.824147131805e-02   4.284042025030e-02   1.759500627836e-02  -6.933947177714e-03   2.010276626600e-01  -4.426453012341e-02   1.079448836743e-02  -3.497046513138e-01  -1.090318343522e-01  -1.825013378121e-01  -1.490445878412e-01  -1.001399565088e-01   1.743885678401e-01   8.623545733986e-02  -2.551985360324e-02  -1.242965112861e-01  -2.194321408690e-01  -1.745176648604e-01  -1.015290745220e-01   1.380569462783e+00  -1.526759255526e-01  -6.267731634552e-02  -2.867562338139e-02  -9.134166410314e-02  -1.151669801550e-01  -8.728833249720e-02  -2.276904736784e-02   4.113372827861e-02   9.723487802771e-02   1.105354778200e-02  -4.616973244766e-02  -9.845346086343e-02  -8.093832316059e-02  -5.010041519264e-02   4.337331744464e-02  -2.405822416308e-03
  -9.116782252234e-01  -8.929075061497e-01   1.366586885412e-01   5.920219472073e-02   9.717940499610e-02  -4.892567374012e-01  -3.502652040426e-02  -1.116623292790e-01  -2.483548518859e-02  -3.600411390523e-01   6.741335608327e-02   8.237187839908e-02   4.798260206796e-02  -2.077669510419e-01   4.284042024668e-02   3.122638500207e-02   3.047544483118e-02   3.416980187789e-01   2.429212386728e-01  -7.666841515139e-02   2.010276626625e-01   6.933947177539e-03  -5.018602133860e-02  -1.586794114261e-01  -1.997351971700e-01  -1.512753561696e-01   1.729820922284e-01   2.472924581811e-02  -1.751189878686e-02  -2.152878727381e-01  -3.800676167749e-01  -3.022734623385e-01  -1.758535155076e-01  -1.526759255526e-01   1.204274489344e+00  -1.085602963925e-01  -4.966763663525e-02  -1.582084030732e-01  -1.994750609770e-01  -1.511878267866e-01   4.113372827838e-02   2.472809082078e-02   1.684157490114e-01  -1.195173490395e-01  -2.373905004818e-01  -2.289439979493e-01  -1.623614243522e-01  -4.337331744464e-02   2.492182288502e-01  -3.085679091469e-02
  -3.742466342388e-01  -3.665415659880e-01   5.609420591341e-02   9.715801465272e-02  -1.375287346455e-01  -2.007932919662e-01  -1.439421161882e-02  -2.493150585719e-02  -6.107891130483e-02  -1.477349274122e-01   2.765872852372e-02   4.790632307671e-02  -1.459888861751e-02  -8.525007279266e-02   1.758097952036e-02   3.045114977624e-02  -3.041626956605e-02   2.010617900924e-01  -1.467710669204e-01  -2.609044446669e-01  -8.473831499668e-02  -1.160830786319e-01   7.801134518333e-03  -3.286971282057e-02  -6.999084614728e-02  -5.752580811465e-02   2.792567601954e-02   1.334489212783e-02  -4.839123834696e-02  -8.843476615035e-02  -1.560328533366e-01  -1.240577855799e-01  -7.216212923814e-02  -6.267731634552e-02  -1.085602963925e-01   1.424211146176e+00  -1.048482028319e-01  -1.612422389102e-01  -1.176131946150e-01  -7.560107051846e-02   4.439093687816e-02   7.688735806890e-02   1.491803463557e-01   7.801134518333e-03  -3.286971282057e-02  -6.999084614728e-02  -5.752580811465e-02  -2.405822416308e-03   3.085679091469e-02  -4.839123834685e-02
  -1.308518247762e-01  -1.520652553101e-01   5.580958529924e-18   3.705961229625e-18  -4.142864309252e-01  -4.159335116031e-01  -1.873313015287e-17  -3.096376625553e-17  -4.384670655852e-01  -3.992880405615e-01  -1.242626827869e-17  -2.135751929404e-17  -3.954627216927e-01  -2.711294963010e-01  -1.491444471453e-18  -4.158876494446e-18  -2.027974798978e-01  -9.022690217025e-18  -1.006799987802e-16  -1.619070753989e-02  -7.196765717077e-17   2.836672092709e-13  -1.059489143253e-02  -1.150886355669e-01  -2.135228401910e-01  -1.952470674882e-01   5.735124676274e-02   1.118783414115e-17  -1.048482028318e-01  -1.059489143254e-02  -1.150886355670e-01  -2.135228401910e-01  -1.952470674882e-01  -2.867562338139e-02  -4.966763663525e-02  -1.048482028319e-01   5.451043895955e-01  -4.950128082385e-01  -4.796780591236e-01  -2.791191019534e-01  -1.971892700278e-18   1.998997758780e-18   2.638895103608e-01  -1.059489143254e-02  -1.150886355670e-01  -2.135228401910e-01  -1.952470674882e-01  -2.867562338139e-02   4.966763663525e-02  -1.048482028319e-01
  -9.524148320405e-01  -9.084378145011e-01  -5.420918371881e-18  -2.146362011099e-17  -3.801104120392e-01  -8.394114839479e-01  -2.085809520384e-17  -4.289207599235e-17  -3.640892256220e-01  -6.391188459948e-01  -1.456719129113e-17  -3.245070381004e-17  -2.566270577145e-01  -3.954566041904e-01  -3.047484224697e-18  -1.104301855406e-17  -1.521360081115e-01  -3.005509459935e-17  -4.780309506660e-17  -6.481466257050e-02  -3.810936559387e-17   2.590553022187e-12  -1.150872770705e-01  -2.926207297107e-01  -3.744722320037e-01  -2.985599349843e-01   1.826833282053e-01   8.869347823525e-17  -1.612422389088e-01  -1.150872770712e-01  -2.926207297119e-01  -3.744722320043e-01  -2.985599349844e-01  -9.134166410314e-02  -1.582084030732e-01  -1.612422389102e-01  -4.950128082385e-01  -5.245299664012e-01  -5.337506874931e-01  -3.625489187648e-01  -1.311207000652e-18   2.625802142434e-18   4.657573354413e-01  -1.150872770712e-01  -2.926207297119e-01  -3.744722320043e-01  -2.985599349844e-01  -9.134166410314e-02   1.582084030732e-01  -1.612422389102e-01
