ARMA_MAT_TXT_FN008
95 95
   3.281331345158e-01   2.804094950790e-01   3.738019590812e-08  -1.746838955590e-07   5.164741720861e-03  -4.707645700804e-02  -8.258262769616e-08  -2.127716899181e-07   2.035454288967e-03  -2.118675083088e-02   1.341720799752e-08  -1.078454166601e-07   5.357912936043e-03  -4.781815685853e-03   7.076576502594e-08   2.879384731369e-08   2.354730444023e-03  -9.890754397406e-08  -1.064082246881e-07   8.772918890724e-04  -6.403531390139e-08   1.178409502952e-07   5.481836689700e-04   8.666695885310e-04   5.802192803227e-03  -6.351090778836e-03   2.145205970803e-03  -1.867701912616e-03   9.144819213017e-03  -1.000994345771e-02   3.413086579262e-03   2.088139499335e-03   5.749172070280e-03  -6.292968093418e-03   1.593551667517e-03   3.489274180359e-03  -3.606882427611e-04   3.948161918086e-04  -1.683133091332e-03   7.631012314801e-04   4.757617169319e-04   2.489411166494e-04  -4.346415248134e-04   6.907257952986e-05   5.483401923139e-04   8.669279388049e-04   2.599442234629e-03   8.200932322627e-03   2.145497742977e-03  -1.868449815197e-03   4.096961908433e-03   1.292542377601e-02   3.413532914559e-03   2.088378111983e-03   2.575585716410e-03   8.125576820095e-03   1.593624306996e-03   3.489621915924e-03  -1.616007494172e-04  -5.098135252124e-04  -1.683237814693e-03  -4.414254200575e-04  -6.143507513582e-04   2.489462266157e-04  -1.947327142783e-04   6.263512200244e-04   5.481807170375e-04   8.666625369517e-04  -8.401293893826e-03  -1.849322739527e-03   2.145174330360e-03  -1.867662074003e-03  -1.324126781160e-02  -2.914722375858e-03   3.413048460852e-03   2.088130685243e-03  -8.324476891138e-03  -1.832382153578e-03   1.593447862555e-03   3.489446217767e-03   5.223230187591e-04   1.149852697470e-04  -1.683162433287e-03  -3.217454342016e-04   1.385388120202e-04   2.489379269459e-04   6.293500367327e-04  -6.953973610376e-04  -1.087416614924e-02  -1.829197295295e-02   1.488047371549e-03   2.335330679663e-03  -1.458394017318e-07  -7.923119015078e-08  -3.348020967772e-03
   2.804094950790e-01   2.470505139031e-01   4.169884088494e-08  -3.031117888252e-07   7.461228122921e-03  -8.123249910323e-02  -1.116185560567e-07  -3.222082029168e-07   3.519897731629e-03  -3.496611190712e-02  -2.850331960358e-08  -1.456551370580e-07   8.502147109234e-03  -7.597697404204e-03   1.104803030178e-07   4.403317498663e-08   3.768440471143e-03  -1.700904759342e-07  -1.867767293458e-07   1.391445780480e-03  -1.162298412168e-07   1.982902759130e-07   7.604980715904e-04   1.198174954633e-03   1.005114940438e-02  -1.100200987095e-02   3.773987791267e-03  -2.347247728507e-03   1.592588770973e-02  -1.743252569574e-02   6.050997315392e-03   4.150506650169e-03   1.000210649601e-02  -1.094818341976e-02   2.852989301401e-03   5.800939419370e-03  -6.056126487895e-04   6.629210652883e-04  -2.697934086267e-03   1.389552050810e-03   8.450697946286e-04   4.764541123369e-04  -7.720290049561e-04   1.257765936871e-04   7.607450205444e-04   1.198583915383e-03   4.503009727143e-03   1.420645591221e-02   3.774466901585e-03  -2.348439277307e-03   7.134924925899e-03   2.250982851894e-02   6.051730684469e-03   4.151033099840e-03   4.480856189322e-03   1.413639240675e-02   2.853085245759e-03   5.801363172728e-03  -2.713159565496e-04  -8.559339298256e-04  -2.698085707144e-03  -8.037996636790e-04  -1.091234654158e-03   4.764637003264e-04  -3.458919926730e-04   1.140535498100e-03   7.604928975871e-04   1.198163587128e-03  -1.455357333782e-02  -3.203588635652e-03   3.773954303842e-03  -2.347187945643e-03  -2.305992820221e-02  -5.076051907282e-03   6.050960721329e-03   4.150515180426e-03  -1.448247882845e-02  -3.187892651620e-03   2.852839758498e-03   5.801072997448e-03   8.769406337127e-04   1.930575938113e-04  -2.697962606050e-03  -5.858743465670e-04   2.460793445840e-04   4.764489258407e-04   1.117878416728e-03  -1.266266955488e-03  -1.824498974307e-02  -3.048173773044e-02   2.161183605873e-03   3.751741574473e-03  -2.454228923964e-07  -1.336136571345e-07  -5.605454313790e-03
   3.738019590812e-08   4.169884088494e-08   2.365779951412e-02   4.175123954582e-07   4.925097375743e-07   2.997979377985e-08   4.467222012640e-02   6.282276748101e-07   8.420637153198e-07  -8.004740762657e-07   1.152586534604e-02  -1.865138449025e-07   1.343651003163e-07   6.433933991927e-08   8.929189391031e-05  -2.051213482699e-08  -7.172941071216e-08  -5.052301084600e-03   1.992111670425e-07  -3.236781534828e-07   7.351399104175e-03  -6.646436292111e-03  -1.778981164318e-03  -2.953896182672e-03  -1.028449191523e-02   1.664934771638e-02  -8.712032612369e-03   8.259953316968e-03  -1.562078901075e-02   2.566949691154e-02  -1.342170005055e-02  -1.271686652013e-03  -1.087647698664e-02   1.652269395959e-02  -8.933834551998e-03  -6.560952112955e-03  -3.421301817724e-04  -2.457377821957e-04   1.507423150929e-04  -1.063564056249e-03  -9.326208760546e-04  -3.749996940842e-04   5.485439414361e-04  -6.788746278407e-04  -7.970598063532e-04  -1.323472358992e-03   1.874294047679e-03  -9.630685912237e-03  -3.903167062881e-03   3.700837103213e-03   3.125317911289e-03  -1.484823620412e-02  -6.013168442639e-03  -5.700132578918e-04   1.190112090260e-03  -9.556988906645e-03  -4.002376112541e-03  -2.938939030139e-03  -5.217140528521e-04   1.420909110060e-04   6.748754162606e-05  -3.233087289763e-04   5.395151046682e-04  -1.679838454047e-04  -1.325226562336e-04  -8.419348694064e-04   2.575886483907e-03   4.277110837958e-03  -2.696386935654e-02  -7.019968518117e-03   1.261440388804e-02  -1.196002864929e-02  -4.133657154282e-02  -1.082318966082e-02   1.943366491890e-02   1.841655870867e-03  -2.742891352300e-02  -6.966576584203e-03   1.293522917838e-02   9.500104919788e-03  -9.591727276203e-05   1.036180397938e-04  -2.183940062922e-04  -8.345866763789e-04   3.932263152625e-04   5.429703718833e-04   1.482861336327e-03  -1.401432714337e-03  -7.017168496653e-07  -7.538182151519e-07  -2.384448470410e-07  -6.449410737980e-08   6.025168249573e-04  -9.364635966746e-09  -4.102371982346e-08
  -1.746838955590e-07  -3.031117888252e-07   4.175123954582e-07   2.365878785972e-02   7.051098899982e-07   1.207664215677e-06   6.284417047530e-07   4.467353351325e-02   1.021921058428e-06  -1.584187534452e-06  -1.865501423550e-07   1.152545900743e-02  -4.473255778684e-08  -1.881917941379e-07  -2.055237739841e-08   8.926818686457e-05   2.755737771124e-08   6.646814022811e-03   7.351730299872e-03  -2.109956297252e-07   1.992694274253e-07  -5.052892724667e-03   1.947299546045e-03   3.233376985299e-03   1.664955791237e-02  -1.329923279727e-02   9.535943719329e-03  -9.041428576200e-03   2.566982042508e-02  -2.026882841507e-02   1.469101434747e-02   1.392212393312e-03   1.652295794542e-02  -1.386832495575e-02   9.778495987597e-03   7.181984451611e-03  -2.457806411559e-04  -2.975564684491e-04  -1.651133048016e-04   1.269260131784e-03   7.174003366494e-04   4.104898752075e-04  -9.326236350184e-04  -4.173334769018e-04  -2.514674795982e-03  -4.175477614462e-03  -9.630915312094e-03  -2.545740868515e-02  -1.231387689737e-02   1.167589924692e-02  -1.484860445537e-02  -3.901373254328e-02  -1.897060563444e-02  -1.798099457947e-03  -9.557300903025e-03  -2.593269047136e-02  -1.262667251742e-02  -9.272505954551e-03   1.420896603697e-04  -1.184154003028e-04   2.130252750406e-04   1.106412325721e-03   1.398586377158e-03  -5.299864244566e-04   5.395189816161e-04  -1.157663708423e-03   5.670154829527e-04   9.414938669726e-04  -7.019949536848e-03   3.380590416801e-03   2.776593105946e-03  -2.632670749335e-03  -1.082314500680e-02   5.447663135628e-03   4.277599891718e-03   4.056146746469e-04  -6.966528836167e-03   2.684787282799e-03   2.847114668153e-03   2.091286412906e-03   1.036622144694e-04  -5.438110518002e-04  -4.811589251799e-05   5.466256837534e-04  -2.169146504630e-04   1.195252770035e-04   3.932252227122e-04  -6.464156247465e-04  -4.558152452881e-07  -5.017746760171e-07  -4.878525979063e-08   9.448110326588e-08  -9.347154805404e-09   6.026165605898e-04  -6.539843669232e-08
   5.164741720861e-03   7.461228122921e-03   4.925097375743e-07   7.051098899982e-07   4.018365272367e-02  -1.717843451544e-02   6.562552296453e-07   7.592621678712e-07   6.701434625055e-02  -3.680412826085e-02  -8.203523432838e-08  -4.281191403963e-07   2.565777957494e-02  -5.347618889127e-03  -4.716085333460e-09  -5.701756848038e-08   2.033315973697e-03   2.401109149958e-07   1.888449589679e-07  -9.487956052616e-03  -3.517468658595e-07  -3.667116957753e-09  -1.584647005435e-03  -2.671765444364e-03  -9.050915225280e-03   9.906814526140e-03  -4.351213691102e-03   7.713359177344e-03  -1.421048314909e-02   1.555430494676e-02  -6.484818082996e-03   6.310737109034e-03  -1.052424443051e-02   1.151933265035e-02  -8.587713375301e-03   1.681296093227e-03  -4.927883084423e-04   5.394599947396e-04  -4.892911478283e-03  -1.198035807125e-03   1.564628561753e-04  -1.086901564743e-03  -1.429451738091e-04  -1.084433146174e-04  -1.584838221704e-03  -2.672088459892e-03  -4.055010228575e-03  -1.279251489414e-02  -4.350951760674e-03   7.714300508768e-03  -6.366599164710e-03  -2.008498626625e-02  -6.484409718813e-03   6.310583843756e-03  -4.714854147242e-03  -1.487390579365e-02  -8.587365633561e-03   1.681416846443e-03  -2.207656822503e-04  -6.963184941670e-04  -4.893155428392e-03   6.930673512472e-04  -2.020013439402e-04  -1.087042511956e-03  -6.403204259102e-05  -9.834214760180e-04  -1.584745906297e-03  -2.671934559297e-03   1.310559109524e-02   2.884792648675e-03  -4.351794710368e-03   7.713873687397e-03   2.057656503224e-02   4.529302674969e-03  -6.485716667374e-03   6.311142011925e-03   1.523883074924e-02   3.354341980296e-03  -8.588511396403e-03   1.681149155502e-03   7.135785005595e-04   1.571649685712e-04  -4.892950214075e-03   5.051329176410e-04   4.555229035609e-05  -1.086920357526e-03   2.069388078693e-04   1.091763623952e-03  -3.536229186149e-02  -5.052442792778e-02  -1.197576425719e-02   1.785473363515e-03  -1.255864019403e-07  -8.341524896332e-08  -2.909930627893e-03
  -4.707645700804e-02  -8.123249910323e-02   2.997979377985e-08   1.207664215677e-06  -1.717843451544e-02   2.333389167479e-01   4.101671291681e-07   1.451792805677e-06  -9.441566779918e-03   9.750709650172e-02   2.714154289839e-07   4.711583061844e-07  -2.183972268782e-02   1.940147316722e-02  -2.851067070975e-07  -1.316456663919e-07  -9.974089793473e-03   5.675495277747e-07   6.458151380451e-07  -3.734704695444e-03   3.614978224722e-07  -6.571346175929e-07  -9.872418892050e-04  -1.442221471799e-03  -2.936319506885e-02   3.214100195823e-02  -1.135021121781e-02   7.613668402633e-04  -4.669897484748e-02   5.111682510480e-02  -1.827685183000e-02  -1.660624462957e-02  -2.930231264581e-02   3.207390798150e-02  -8.859349023512e-03  -1.613044861088e-02   1.742915649080e-03  -1.907887749627e-03   7.129676867162e-03  -4.200462459313e-03  -2.495640047801e-03  -1.504051581901e-03   2.279930892217e-03  -3.802161928880e-04  -9.877486905742e-04  -1.443061075368e-03  -1.315520491948e-02  -4.150308153010e-02  -1.135179440157e-02   7.638094664897e-04  -2.092183595479e-02  -6.600586341112e-02  -1.827927379780e-02  -1.660892732481e-02  -1.312739221387e-02  -4.141481827606e-02  -8.859800085935e-03  -1.613137165207e-02   7.807735520412e-04   2.463143880326e-03   7.130037403011e-03   2.429812345463e-03   3.222629931082e-03  -1.504097937428e-03   1.021486324305e-03  -3.447735763685e-03  -9.872319005533e-04  -1.442198857057e-03   4.251653991249e-02   9.358898451330e-03  -1.135010346561e-02   7.612398775268e-04   6.761799503123e-02   1.488435876841e-02  -1.827672060861e-02  -1.660632742469e-02   4.242812539215e-02   9.339284220259e-03  -8.858901507044e-03  -1.613041733136e-02  -2.523619611643e-03  -5.556018886112e-04   7.129709157453e-03   1.771039671841e-03  -7.267182973375e-04  -1.504041425864e-03  -3.301282929362e-03   3.827783731990e-03   5.067626690313e-02   8.395723605064e-02  -5.216089858079e-03  -9.771835982935e-03   6.862961059548e-07   3.826830339752e-07   1.558221554906e-02
  -8.258262769616e-08  -1.116185560567e-07   4.467222012640e-02   6.284417047530e-07   6.562552296453e-07   4.101671291681e-07   8.447439318518e-02   8.986762667255e-07   1.163248207866e-06  -1.102037805465e-06   2.208867467761e-02  -3.836984277442e-07   1.088095263925e-07   7.646838041456e-08   1.148841322702e-04  -3.195817245395e-08  -1.058666239013e-07  -9.302586449447e-03   3.207572005565e-07  -5.164469166620e-07   1.386926517027e-02  -1.223765085603e-02  -2.605641964130e-03  -4.361280523311e-03  -1.897163826175e-02   3.224653944516e-02  -1.636511689482e-02   1.214856770428e-02  -2.879493305829e-02   4.967955247650e-02  -2.520185792097e-02  -5.268663614229e-03  -1.990930448256e-02   3.218209811740e-02  -1.673286066622e-02  -1.220424266383e-02  -6.952817647796e-04  -3.619983593899e-04   3.151571072095e-04  -2.002694614055e-03  -1.766751446871e-03  -7.129136870449e-04   1.020666193652e-03  -1.321318996469e-03  -1.167402818966e-03  -1.953978148149e-03   4.577061494890e-03  -1.865233371778e-02  -7.331751331095e-03   5.442937654580e-03   7.484661114536e-03  -2.873593741347e-02  -1.129066164126e-02  -2.361131593541e-03   3.592676252853e-03  -1.861414128920e-02  -7.496169346808e-03  -5.466760415888e-03  -9.599287870815e-04   2.093184689150e-04   1.411326525577e-04  -6.529822551865e-04   1.022039357560e-03  -3.193479657962e-04  -2.695397625428e-04  -1.618613245041e-03   3.772848624136e-03   6.314928990497e-03  -5.127609730289e-02  -1.359618248166e-02   2.369578993539e-02  -1.759052238869e-02  -7.856369953351e-02  -2.094650745224e-02   3.649089144953e-02   7.629219846430e-03  -5.214910963734e-02  -1.356900399352e-02   2.422781567758e-02   1.767130817916e-02  -3.326005725207e-04   1.526497677031e-04  -4.564698226104e-04  -1.585198617719e-03   7.449235966474e-04   1.032244848298e-03   2.790619282607e-03  -2.638749980208e-03  -1.022046007388e-06  -9.441837437642e-07  -2.913796435616e-07  -7.594323385730e-08   1.137859155280e-03  -2.232347679129e-08  -4.254770968563e-08
  -2.127716899181e-07  -3.222082029168e-07   6.282276748101e-07   4.467353351325e-02   7.592621678712e-07   1.451792805677e-06   8.986762667255e-07   8.447586896228e-02   9.094633110084e-07  -2.573552169063e-06  -3.838550081781e-07   2.208778862062e-02  -3.026021804859e-07  -5.414921020574e-07  -3.202348017074e-08   1.148711108551e-04   1.451740891950e-07   1.223824192935e-02   1.386968514910e-02  -1.525004106881e-07   3.207758213057e-07  -9.303370246475e-03   2.852184828214e-03   4.773936880851e-03   3.224685620998e-02  -2.481030539825e-02   1.791316639400e-02  -1.329797739919e-02   4.968005605138e-02  -3.779010115216e-02   2.758581170130e-02   5.767312771039e-03   3.218256451192e-02  -2.573632657366e-02   1.831549895226e-02   1.335927810103e-02  -3.620489488277e-04  -6.296015077076e-04  -3.450791026949e-04   2.397777687358e-03   1.340544849076e-03   7.803931676282e-04  -1.766753654358e-03  -8.244150077322e-04  -3.683010156505e-03  -6.164560718745e-03  -1.865267143654e-02  -4.835740960416e-02  -2.313066651426e-02   1.717174646324e-02  -2.873648058816e-02  -7.406668062690e-02  -3.562048506198e-02  -7.448840897203e-03  -1.861465437845e-02  -4.923384372725e-02  -2.364913676071e-02  -1.724772346064e-02   2.093063939714e-04  -3.658369286605e-04   4.453779946008e-04   2.100802538070e-03   2.630918453445e-03  -1.007521557895e-03   1.022040187970e-03  -2.174193354391e-03   8.305258816464e-04   1.390116679780e-03  -1.359616165965e-02   7.494903058238e-03   5.215962044864e-03  -3.872204263388e-03  -2.094646756538e-02   1.197987401399e-02   8.032441808537e-03   1.679602884121e-03  -1.356895749586e-02   6.504588360637e-03   5.333012076698e-03   3.889981169867e-03   1.527125448749e-04  -9.923779244623e-04  -1.005164698468e-04   1.080172046834e-03  -4.294094896184e-04   2.272415571083e-04   7.449250146895e-04  -1.242116594620e-03  -4.827027126591e-07  -4.214269647517e-07   2.611050648610e-07   3.095877116154e-07  -2.230188370757e-08   1.138023854838e-03  -1.512404542887e-07
   2.035454288967e-03   3.519897731629e-03   8.420637153198e-07   1.021921058428e-06   6.701434625055e-02  -9.441566779918e-03   1.163248207866e-06   9.094633110084e-07   1.136040545787e-01  -5.352165014101e-02  -5.698941000455e-09  -6.701048290911e-07   4.238144689702e-02  -8.516700811989e-03   4.639961301990e-08  -3.760611154402e-08   3.345407520389e-03   3.482179720770e-07   2.033356536324e-07  -1.583585311158e-02  -6.394969600615e-07   8.641532764566e-09  -2.645497195016e-03  -4.462363326990e-03  -1.828984699115e-02   2.001978087612e-02  -6.055117408806e-03   1.265442469235e-02  -2.874315521559e-02   3.146181509513e-02  -9.049759247547e-03   8.589862277746e-03  -2.081823861947e-02   2.278710590078e-02  -1.230415776988e-02   1.354711951844e-03  -6.789033952251e-04   7.431529810024e-04  -7.602089589879e-03  -2.421822257785e-03   1.241489531374e-04  -2.026750670906e-03  -1.134327118981e-04  -2.192190639342e-04  -2.645711010850e-03  -4.462727215328e-03  -8.193956011639e-03  -2.585023359929e-02  -6.055335260649e-03   1.265549434716e-02  -1.287708096947e-02  -4.062452283027e-02  -9.050064327485e-03   8.588918261019e-03  -9.326237279161e-03  -2.942188893493e-02  -1.230440904272e-02   1.354998011636e-03  -3.041595726009e-04  -9.592295270332e-04  -7.602559325713e-03   1.400985016208e-03  -1.602470164549e-04  -2.026966879431e-03  -5.080191635188e-05  -1.987920668552e-03  -2.645607765953e-03  -4.462553855224e-03   2.648360507731e-02   5.829670487047e-03  -6.055458309717e-03   1.265500788859e-02   4.161992290627e-02   9.161537926118e-03  -9.050301382273e-03   8.590439366040e-03   3.014462672601e-02   6.635542920468e-03  -1.230465441701e-02   1.354542502599e-03   9.830502420251e-04   2.165198846294e-04  -7.602102091416e-03   1.021119304891e-03   3.614207249587e-05  -2.026795731974e-03   1.641980987258e-04   2.206989778361e-03  -5.548445543361e-02  -7.766915080794e-02  -1.958528765189e-02   3.055441624342e-03  -1.625233893649e-07  -1.223845410950e-07  -3.591881833692e-03
  -2.118675083088e-02  -3.496611190712e-02  -8.004740762657e-07  -1.584187534452e-06  -3.680412826085e-02   9.750709650172e-02  -1.102037805465e-06  -2.573552169063e-06  -5.352165014101e-02   9.009078592457e-02  -6.701558480294e-08  -1.246212831547e-07  -1.991606790213e-02  -3.048557624770e-03  -1.289434943737e-08   7.038649277359e-08  -9.066590385056e-04  -4.038456701496e-07  -1.657487027331e-07   9.529147397592e-03   5.031974402880e-07   8.148468440223e-08   1.204721054656e-02   2.028564989065e-02  -9.296042077303e-03   1.017481388755e-02   6.562172370355e-03  -6.082064707353e-02  -1.407938257701e-02   1.541029714870e-02   9.820486561861e-03  -6.058772729316e-02  -7.587817643233e-03   8.304808247308e-03   1.387272551872e-02  -8.559449795183e-03   1.791259987555e-03  -1.960785590038e-03   6.538749242851e-03  -7.226985206709e-04  -7.466910190412e-04   8.038805872019e-05   6.821953281802e-04  -6.535771125280e-05   1.204749938421e-02   2.028613608448e-02  -4.164190389309e-03  -1.313677446560e-02   6.562973965345e-03  -6.082202144703e-02  -6.306870591666e-03  -1.989626426625e-02   9.821776203452e-03  -6.058894569916e-02  -3.398968702305e-03  -1.072238805877e-02   1.387401140737e-02  -8.559565543996e-03   8.024797532019e-04   2.531683583142e-03   6.539021332109e-03   4.179523788498e-04   9.640674025494e-04   8.047969132347e-05   3.055953670024e-04  -5.930167392403e-04   1.204743409327e-02   2.028603200417e-02   1.345879170947e-02   2.962382073432e-03   6.561911173940e-03  -6.082181338091e-02   2.038408298991e-02   4.486674762351e-03   9.820099316408e-03  -6.058867483158e-02   1.098501245083e-02   2.417783786957e-03   1.387247370161e-02  -8.559387640210e-03  -2.593770092420e-03  -5.710115043376e-04   6.538814067692e-03   3.046514804577e-04  -2.174175901152e-04   8.042941881032e-05  -9.877663093314e-04   6.585503826938e-04   4.713049494959e-02   7.121541414499e-02   1.387143598528e-02   2.730911010105e-03   3.295615034706e-07   1.907110261034e-07   7.412040971071e-03
   1.341720799752e-08  -2.850331960358e-08   1.152586534604e-02  -1.865501423550e-07  -8.203523432838e-08   2.714154289839e-07   2.208867467761e-02  -3.838550081781e-07  -5.698941000455e-09  -6.701558480294e-08   8.152935597421e-03  -1.843821250096e-07   4.473008076232e-08  -1.908112229506e-07   1.023759904240e-03   1.601527243672e-09   1.010260981953e-07  -1.300449929563e-03  -3.089967381744e-08  -4.622867252485e-08   2.197750931366e-03  -1.710473129674e-03   7.062265567847e-04   1.234375710793e-03   1.322334919881e-03   1.014223147211e-02  -9.058952066812e-03  -3.974774260581e-03   2.078032051509e-03   1.558312680106e-02  -1.386055600717e-02  -7.745509228301e-03   3.285048779288e-03   1.042451425289e-02  -1.078385116995e-02  -2.983569728079e-03  -3.105585464742e-04   5.599976567135e-05  -1.506700112565e-04  -3.446736495282e-04  -6.437253006830e-04  -2.836578579943e-05   2.712013488450e-04  -5.737435618552e-04   3.164011894205e-04   5.530199375011e-04   8.727326354260e-03  -5.865656318795e-03  -4.057670718743e-03  -1.780741127960e-03   1.345558149751e-02  -9.012316916458e-03  -6.208399961487e-03  -3.470110292530e-03   1.089555703209e-02  -6.028526969240e-03  -4.830123931844e-03  -1.336361836871e-03  -2.699587238814e-04  -3.234370428430e-05  -6.743214000404e-05  -4.683612383323e-04   3.723311461095e-04  -1.269273864861e-05  -1.988830892594e-04  -5.465244172555e-04  -1.022601697817e-03  -1.787349422195e-03  -8.837548813182e-03  -4.276070506275e-03   1.311734753489e-02   5.755374247787e-03  -1.353223861345e-02  -6.570021633667e-03   2.007006383217e-02   1.121498009620e-02  -7.157599303711e-03  -4.395052161861e-03   1.561503544027e-02   4.319997189613e-03  -3.666534335888e-04  -2.356568068013e-05   2.181441213392e-04  -3.829521291276e-04   2.714182603967e-04   4.105598859146e-05   9.160796939255e-04  -4.529763546072e-04  -1.460245031689e-08   3.339875168744e-07   1.974885008878e-07   1.485521466253e-07   1.288098738287e-04  -1.616869007387e-08   7.487782026875e-08
  -1.078454166601e-07  -1.456551370580e-07  -1.865138449025e-07   1.152545900743e-02  -4.281191403963e-07   4.711583061844e-07  -3.836984277442e-07   2.208778862062e-02  -6.701048290911e-07  -1.246212831547e-07  -1.843821250096e-07   8.152720377632e-03  -1.093272136814e-07  -2.731178570028e-07   1.577629764079e-09   1.023837297657e-03   1.842290489099e-07   1.710391096834e-03   2.197658743174e-03   1.140349481688e-07  -3.084869399674e-08  -1.300004922429e-03  -7.731187688758e-04  -1.351291181718e-03   1.014210457567e-02  -5.132366874746e-04   9.916238501210e-03   4.351230097409e-03   1.558294688230e-02  -7.422760105494e-04   1.517224047425e-02   8.478390367782e-03   1.042447233432e-02   1.398486930384e-03   1.180448770693e-02   3.265803369041e-03   5.602022079403e-05  -3.206166167745e-04   1.648946118684e-04   4.750953788464e-04   3.877331852678e-04   3.105413698336e-05  -6.437082029215e-04  -4.526463376852e-04   9.982274007979e-04   1.744742637673e-03  -5.865742573435e-03  -7.918815162874e-03  -1.280227856206e-02  -5.618132849561e-03  -9.012462444719e-03  -1.212049852548e-02  -1.958800631637e-02  -1.094784500948e-02  -6.028637675706e-03  -6.212771599065e-03  -1.523949116518e-02  -4.216358807822e-03  -3.233265358419e-05  -3.617186769835e-04  -2.127026836877e-04   5.023121631185e-04   8.577904179971e-04  -4.003754337487e-05   3.723437364324e-04  -3.288648101395e-04  -2.251492603338e-04  -3.935257749327e-04  -4.275857822255e-03   9.647272478092e-03   2.887389618307e-03   1.267160793695e-03  -6.569696760708e-03   1.486895825725e-02   4.417821508316e-03   2.468761101945e-03  -4.394900099748e-03   1.184188294230e-02   3.437241697698e-03   9.508296833905e-04  -2.359717741102e-05  -2.645411250477e-04   4.801027319456e-05   5.958493831499e-04  -2.571513594119e-04   9.042807949995e-06   2.713885880143e-04  -4.143927890232e-04   3.974035162838e-07   8.849783387555e-07   5.069904956988e-07   2.178439399657e-07  -1.615893007280e-08   1.287959636364e-04   5.895538415067e-08
   5.357912936043e-03   8.502147109234e-03   1.343651003163e-07  -4.473255778684e-08   2.565777957494e-02  -2.183972268782e-02   1.088095263925e-07  -3.026021804859e-07   4.238144689702e-02  -1.991606790213e-02   4.473008076232e-08  -1.093272136814e-07   1.944854415447e-02  -9.170675859168e-03   1.521060685228e-07   1.790767936754e-07   3.903919165936e-03   4.898790569723e-08  -2.979106597185e-07  -3.775919743913e-03  -3.121733631935e-07   1.741514166548e-07   1.812578094313e-03   2.991334132680e-03  -6.040068198245e-03   6.611690053840e-03   3.370849153484e-03  -8.616600891298e-03  -9.252012184932e-03   1.012759096747e-02   5.357841482798e-03  -7.745724264435e-03  -6.864556670178e-03   7.514266452982e-03   2.609612226469e-03   1.262657636778e-03  -1.908726633543e-04   2.088344758463e-04  -3.099258787807e-03  -6.030516354650e-04   3.938619395268e-04  -7.226015356550e-04  -3.598285652034e-04  -5.458655026432e-05   1.812674831095e-03   2.991492323925e-03  -2.705374995578e-03  -8.535534265127e-03   3.368652599797e-03  -8.617045298017e-03  -4.144028015063e-03  -1.307449786269e-02   5.354529237456e-03  -7.746389556967e-03  -3.074473097730e-03  -9.700073634944e-03   2.606464989522e-03   1.262812865983e-03  -8.547106085619e-05  -2.695358005767e-04  -3.099707053449e-03   3.488134310237e-04  -5.085097434725e-04  -7.226093963467e-04  -1.611876983812e-04  -4.949624548013e-04   1.812499247166e-03   2.991208612444e-03   8.746271275749e-03   1.925290370108e-03   3.370390723397e-03  -8.616250695232e-03   1.339730227936e-02   2.949105189103e-03   5.357138603756e-03  -7.745426305236e-03   9.940211185137e-03   2.188142604665e-03   2.608973396930e-03   1.262533370309e-03   2.762776820763e-04   6.078522967910e-05  -3.099272853456e-03   2.542618765157e-04   1.146810431344e-04  -7.226150883745e-04   5.209812597668e-04   5.495698403080e-04  -2.308233457264e-02  -3.257439953826e-02  -3.543251903843e-03   4.690531152731e-03  -1.231732754114e-07  -1.012043920028e-07  -2.578129548558e-03
  -4.781815685853e-03  -7.597697404204e-03   6.433933991927e-08  -1.881917941379e-07  -5.347618889127e-03   1.940147316722e-02   7.646838041456e-08  -5.414921020574e-07  -8.516700811989e-03  -3.048557624770e-03  -1.908112229506e-07  -2.731178570028e-07  -9.170675859168e-03   1.162340246593e-02  -2.435332967998e-07  -1.509693168809e-07  -5.375924370233e-03  -1.461449984044e-07  -1.905346880527e-07  -3.221875809505e-03  -1.512408587902e-07  -3.180209881429e-07  -5.164356764814e-03  -8.396860314144e-03   2.286685332652e-03  -2.504997271751e-03  -1.198543130522e-02   2.364566909683e-02   3.164730519939e-03  -3.467137880494e-03  -1.851217265166e-02   2.099264275944e-02   2.295899219072e-03  -2.515636149833e-03  -1.546284441565e-02  -3.023888705218e-04  -1.821195523713e-04   1.992466584451e-04   4.605040137903e-04  -6.440955143823e-05  -5.724325227763e-04   2.503865574712e-04   5.229776612341e-04  -5.770008996382e-06  -5.164088771665e-03  -8.396444249004e-03   1.023957486308e-03   3.234405930447e-03  -1.198521514365e-02   2.364455447139e-02   1.417088664619e-03   4.476728634217e-03  -1.851188583488e-02   2.099190954956e-02   1.027877486254e-03   3.248079623217e-03  -1.546241235339e-02  -3.017833238281e-04  -8.167962630984e-05  -2.574602087003e-04   4.606613013896e-04   3.726389472274e-05   7.391235757474e-04   2.504450747590e-04   2.342970636183e-04  -5.278795257592e-05  -5.164248822988e-03  -8.396705561661e-03  -3.312760375868e-03  -7.293687633692e-04  -1.198428006528e-02   2.364530457114e-02  -4.585054701124e-03  -1.009510814242e-03  -1.851042249807e-02   2.099236040099e-02  -3.326562108815e-03  -7.323843976301e-04  -1.546133854500e-02  -3.022833514136e-04   2.637169775264e-04   5.805107658415e-05   4.605978395321e-04   2.713386901977e-05  -1.666752771480e-04   2.503773473666e-04  -7.571730227335e-04   5.866839400932e-05   4.889947935810e-03   5.694036274259e-03  -6.578421446350e-03  -7.122727218147e-03   5.166846335504e-08  -9.239587742723e-11   1.498303477669e-03
   7.076576502594e-08   1.104803030178e-07   8.929189391031e-05  -2.055237739841e-08  -4.716085333460e-09  -2.851067070975e-07   1.148841322702e-04  -3.202348017074e-08   4.639961301990e-08  -1.289434943737e-08   1.023759904240e-03   1.577629764079e-09   1.521060685228e-07  -2.435332967998e-07   8.453663097721e-04   1.955403635561e-09   1.339303492075e-07   4.445025240108e-04  -2.588086046820e-08   6.284082646298e-08  -6.593876957296e-04   5.846998754098e-04  -7.341196715779e-04  -1.194006714016e-03   4.023993160382e-03   3.024745584058e-04  -2.697632397676e-03   3.426564308896e-03   6.111862183303e-03   5.081540494033e-04  -4.131556004861e-03   2.476375939199e-03   5.358886797944e-03   3.659113061734e-04  -3.674364264374e-03  -4.004121579132e-04   1.358992828203e-04  -5.732458907243e-05  -1.209727991275e-04   1.035234428310e-04  -1.075270268135e-04   9.573222862855e-05   8.856080247266e-06  -1.241507138380e-04  -3.288572718675e-04  -5.348690300416e-04   4.244919982999e-03  -1.750202385105e-04  -1.208273249733e-03   1.534972960894e-03   6.483027786595e-03  -2.940240960011e-04  -1.850537920227e-03   1.109316866306e-03   5.626113002261e-03  -2.117440315223e-04  -1.645756041260e-03  -1.793824688200e-04   9.398519084275e-05   3.315518725111e-05  -5.418045255087e-05  -1.640770997986e-04   6.219065107131e-05   4.288745049156e-05  -6.967409640640e-05  -6.525927527614e-05   1.063113744968e-03   1.729099276981e-03   3.721108433699e-03  -1.274876830201e-04   3.906863919060e-03  -4.962163783764e-03   5.602972837329e-03  -2.141913882409e-04   5.983561821726e-03  -3.586309177392e-03   4.992457794228e-03  -1.542238266416e-04   5.321370586062e-03   5.798438353467e-04   1.933368816461e-04   2.417003586176e-05   1.751490121619e-04   2.073829078462e-05   4.534568596366e-05  -1.386291827005e-04   1.166163124099e-04   1.370320174146e-04  -3.365443068719e-09   1.370828435403e-07   1.872663410475e-07   1.754632896218e-07  -9.040001113444e-05  -3.209180362413e-09   2.358653854997e-08
   2.879384731369e-08   4.403317498663e-08  -2.051213482699e-08   8.926818686457e-05  -5.701756848038e-08  -1.316456663919e-07  -3.195817245395e-08   1.148711108551e-04  -3.760611154402e-08   7.038649277359e-08   1.601527243672e-09   1.023837297657e-03   1.790767936754e-07  -1.509693168809e-07   1.955403635561e-09   8.453622852555e-04   8.944959686862e-08  -5.846912294408e-04  -6.594196838640e-04  -5.748767441267e-09  -2.586349549186e-08   4.444391029490e-04   8.036678284278e-04   1.307123248518e-03   3.024559862007e-04   3.969325882064e-03   2.953404679328e-03  -3.751177649312e-03   5.081361727954e-04   6.019997272707e-03   4.523289895184e-03  -2.711071824202e-03   3.659049812191e-04   5.292751945333e-03   4.022698989577e-03   4.383674568852e-04  -5.733739068702e-05   1.462873103218e-04   1.323901534372e-04  -8.923675347433e-05   2.834314532826e-05  -1.047971930735e-04  -1.075448878467e-04  -1.300619734734e-04  -1.037586261525e-03  -1.687578707288e-03  -1.749743654212e-04   3.748403422808e-03  -3.812868902573e-03   4.843009072937e-03  -2.939613968746e-04   5.648862661843e-03  -5.839626063426e-03   3.500094218262e-03  -2.116847622139e-04   5.025425541827e-03  -5.193354948386e-03  -5.660249526817e-04   3.316945574336e-05   1.881245107770e-04  -1.709217391825e-04  -3.034216772227e-05   1.068612118404e-04   1.353163127925e-04   6.220483054341e-05   1.375341718745e-04   2.340599014625e-04   3.806865866309e-04  -1.275150486942e-04   4.272323944017e-03   8.601058270650e-04  -1.092494097699e-03  -2.142363048184e-04   6.529043907502e-03   1.317298872644e-03  -7.896230503366e-04  -1.542768213595e-04   5.659304479699e-03   1.171497283743e-03   1.276602690069e-04   2.416855497094e-05   8.884312434409e-05   3.853929328857e-05   1.719484473931e-04  -7.939572429605e-05  -3.051787931470e-05   4.534936550140e-05  -4.728324542506e-05   1.004215618711e-08   1.129585543332e-07   1.239909670050e-07   9.764510555853e-08  -3.207334288569e-09  -9.041777196023e-05   2.729969681509e-08
   2.354730444023e-03   3.768440471143e-03  -7.172941071216e-08   2.755737771124e-08   2.033315973697e-03  -9.974089793473e-03  -1.058666239013e-07   1.451740891950e-07   3.345407520389e-03  -9.066590385056e-04   1.010260981953e-07   1.842290489099e-07   3.903919165936e-03  -5.375924370233e-03   1.339303492075e-07   8.944959686862e-08   3.337502203417e-03   4.107268905116e-08   5.530247243758e-08   2.396493511399e-03   6.598219272473e-08   1.090277734277e-07   8.273196625455e-04   1.349772781208e-03  -6.734988144601e-04   7.378711557353e-04   9.235661811935e-03  -3.706791797557e-03  -9.238638815102e-04   1.012263398984e-03   1.417134568011e-02  -3.597669198376e-03  -7.919364335859e-04   8.676883751095e-04   1.193446016768e-02   1.459475751776e-04  -1.342396096884e-05   1.468537788362e-05   3.959190469254e-05   3.777691738285e-05   3.739671331598e-04  -1.571634638897e-04  -3.416482489785e-04   3.401030890601e-06   8.272166842858e-04   1.349612622144e-03  -3.015144961946e-04  -9.527031293310e-04   9.235321797833e-03  -3.706360662275e-03  -4.135759977842e-04  -1.306999287851e-03   1.417085351099e-02  -3.597353692318e-03  -3.544923212073e-04  -1.120332863006e-03   1.193388230396e-02   1.457060941894e-04  -5.983690223426e-06  -1.893200446126e-05   3.945393211477e-05  -2.185500447111e-05  -4.828594439308e-04  -1.571870562769e-04  -1.530571484134e-04   3.097970745481e-05   8.272581117047e-04   1.349680382708e-03   9.758115468540e-04   2.148015031346e-04   9.235233636471e-03  -3.706561156995e-03   1.338661015497e-03   2.946757133230e-04   1.417069260956e-02  -3.597484437650e-03   1.147464309488e-03   2.525553169489e-04   1.193389237153e-02   1.458824270400e-04   1.937428083473e-05   4.242079396681e-06   3.957211358035e-05  -1.592073558250e-05   1.088910671744e-04  -1.571618710926e-04   4.946618380855e-04  -3.441096840210e-05  -1.391489155781e-03  -1.505465505295e-04   4.784341264055e-03   3.861924141828e-03  -1.854971528984e-08   4.647874174932e-09  -5.849674498194e-04
  -9.890754397406e-08  -1.700904759342e-07  -5.052301084600e-03   6.646814022811e-03   2.401109149958e-07   5.675495277747e-07  -9.302586449447e-03   1.223824192935e-02   3.482179720770e-07  -4.038456701496e-07  -1.300449929563e-03   1.710391096834e-03   4.898790569723e-08  -1.461449984044e-07   4.445025240108e-04  -5.846912294408e-04   4.107268905116e-08   6.642906274828e-03   1.690962094814e-03  -8.256164810788e-08  -1.285281867941e-03   1.929414127676e-08   2.295743920669e-03   3.874831675235e-03   7.003375350303e-03  -9.358063673717e-03   7.407348039340e-03  -1.132342006660e-02   1.076872840723e-02  -1.435261470827e-02   1.136943758989e-02  -5.706924994336e-03   7.366179821842e-03  -1.037045372798e-02   8.292474373039e-03   3.226382138845e-03  -1.437964444878e-04  -1.001270110538e-05   6.366792674685e-04   6.912643456817e-04   5.165027967340e-04   1.557402031290e-04  -4.560021726215e-04   9.460725302198e-05  -1.327938751043e-03  -2.241337340160e-03   7.831162778499e-03  -9.540412935493e-03  -4.284892965205e-03   6.549856100670e-03   1.183182004841e-02  -1.458677702183e-02  -6.576796818687e-03   3.300674301980e-03   1.124433040806e-02  -1.122381140159e-02  -4.796797458299e-03  -1.865923864720e-03   9.917354521099e-04  -2.600614346144e-04  -3.683187100599e-04  -4.192888004882e-06   4.119474538486e-04  -9.007261620675e-05   1.922956203913e-05  -4.961625722811e-04  -9.679204860555e-04  -1.633688652807e-03   7.259436464529e-03  -1.016521702701e-02  -3.123205049054e-03   4.774144103203e-03   1.109755677057e-02  -1.538896671889e-02  -4.793759679645e-03   2.406213348534e-03   8.565926685425e-03  -1.415454666799e-02  -3.496427933293e-03  -1.360346368609e-03   2.074863453148e-04  -1.118484893340e-03  -2.684611747755e-04  -1.680338845933e-04   5.262939786527e-05  -6.565655907371e-05  -3.089812037909e-04   4.015246020807e-04  -8.373540406951e-08  -1.373487785309e-07   3.260516550455e-09   8.193606054797e-08  -1.175378578106e-04   1.546754808699e-04  -6.996205793628e-09
  -1.064082246881e-07  -1.867767293458e-07   1.992111670425e-07   7.351730299872e-03   1.888449589679e-07   6.458151380451e-07   3.207572005565e-07   1.386968514910e-02   2.033356536324e-07  -1.657487027331e-07  -3.089967381744e-08   2.197658743174e-03  -2.979106597185e-07  -1.905346880527e-07  -2.588086046820e-08  -6.594196838640e-04   5.530247243758e-08   1.690962094814e-03   4.124919719440e-03   1.583643389297e-07   1.534354009156e-07  -1.285507652174e-03   1.220809323514e-03   2.057315360536e-03   7.544364762111e-03  -6.023470850341e-03  -4.382047044279e-03  -5.967218548217e-03   1.158072954450e-02  -9.189399621436e-03  -6.623813598160e-03  -2.538028839096e-03   8.355646756964e-03  -7.037641032906e-03  -6.708204587569e-03   2.393410112366e-03   1.780569239524e-04   2.979180813783e-04  -6.851586573884e-04   5.295135162866e-04   5.421580130739e-05   3.413567591286e-04  -1.115907408666e-04  -1.471675369216e-04  -1.576368389209e-03  -2.656504976343e-03  -4.364101126007e-03  -1.153302529048e-02   5.658211221799e-03   7.705160858138e-03  -6.698946893650e-03  -1.764659722459e-02   8.552885432766e-03   3.276656074918e-03  -4.833270846574e-03  -1.313920065846e-02   8.662002270795e-03  -3.090168703936e-03  -1.029939639471e-04   1.678417941703e-04   8.846661519546e-04   4.535697477882e-04   1.357258633173e-04  -4.407831947280e-04   6.455903950766e-05  -4.924684413291e-04   3.555231466680e-04   5.991293470692e-04  -3.181093631171e-03   1.534546523096e-03  -1.275915264987e-03  -1.737769483474e-03  -4.883021923886e-03   2.412290399086e-03  -1.928652242701e-03  -7.391305296038e-04  -3.523173290507e-03   1.333165055923e-03  -1.953249266662e-03   6.970015980995e-04  -7.503502176615e-05   4.762829367008e-04  -1.994824574222e-04   1.924858592678e-04  -5.757784030723e-05   9.940104873482e-05   4.705831207162e-05  -2.540075500754e-04   8.060888279261e-08   1.219705034895e-07   1.133567821655e-07   1.395634902319e-07   7.976458348989e-09   3.847891441263e-04  -5.494647008419e-08
   8.772918890724e-04   1.391445780480e-03  -3.236781534828e-07  -2.109956297252e-07  -9.487956052616e-03  -3.734704695444e-03  -5.164469166620e-07  -1.525004106881e-07  -1.583585311158e-02   9.529147397592e-03  -4.622867252485e-08   1.140349481688e-07  -3.775919743913e-03  -3.221875809505e-03   6.284082646298e-08  -5.748767441267e-09   2.396493511399e-03  -8.256164810788e-08   1.583643389297e-07   4.800157429133e-03   1.534708384141e-07   4.221946385052e-08   1.059322470141e-03   1.792364924314e-03   1.916135925574e-03  -2.097514701286e-03   9.495774705975e-03  -5.142713136012e-03   3.122795963913e-03  -3.418390577104e-03   1.451337132895e-02  -4.719272202629e-03   2.219301181957e-03  -2.429393907168e-03   1.310798757634e-02  -3.618012179384e-04   1.243932024035e-04  -1.361609498626e-04   1.422816642706e-03   3.634502215630e-04   2.872268845166e-04   1.619034189621e-04  -2.623852292969e-04   3.290697077559e-05   1.059332841188e-03   1.792382662803e-03   8.581755867076e-04   2.707502876914e-03   9.496956262872e-03  -5.142767453177e-03   1.398619596324e-03   4.412579560413e-03   1.451519511860e-02  -4.718993732943e-03   9.938515788451e-04   3.135441282206e-03   1.310945350311e-02  -3.620105218385e-04   5.571627697786e-05   1.757889213041e-04   1.422886625737e-03  -2.102230606579e-04  -3.709085914784e-04   1.618750000983e-04  -1.175616469993e-04   2.983055357531e-04   1.059322165387e-03   1.792364130419e-03  -2.774433349501e-03  -6.107747760691e-04   9.495665119719e-03  -5.142722251833e-03  -4.521595222116e-03  -9.953979831533e-04   1.451320536279e-02  -4.719398668524e-03  -3.213441543371e-03  -7.074663205289e-04   1.310786920643e-02  -3.619144136103e-04  -1.801781934554e-04  -3.965811866313e-05   1.422854226784e-03  -1.532362724930e-04   8.363736707440e-05   1.619024760835e-04   3.799169571757e-04  -3.311915366678e-04   8.765654962301e-03   1.420845856409e-02   7.634131373826e-03   2.917439611643e-03   2.189633718222e-08   4.703213416605e-08   3.221175004289e-04
