ARMA_MAT_TXT_FN008
36 36
   3.185150477060e-01   2.842147705409e-01   3.411239058260e-05   6.392796818798e-03   5.835151764459e-17  -6.624463593494e-02   3.768159163640e-05   7.087860901424e-03  -3.876939598561e-17  -5.602244179326e-02   3.240491631752e-05   9.122744564932e-03  -8.114528332223e-17   1.702846723535e-03   1.069485324789e-05   2.289737713810e-03   9.802260618418e-17   9.705987399490e-06  -1.869944503382e-16   5.217011229291e-04   5.679894907567e-16  -6.081361034411e-04  -7.059749365573e-03  -3.256262965705e-03   1.069236693674e-03  -8.977202302654e-04  -1.367205046783e-03   1.980167083185e-03   4.532820610634e-16  -7.006252424453e-03  -3.252976360886e-03   1.066274185614e-03  -8.907199242773e-04   1.384192143709e-03   1.963896098715e-03  -3.825510390780e-16
   2.842147705409e-01   2.628289276623e-01   5.419086064873e-05   1.022278268121e-02   5.091468566844e-17  -1.134337155336e-01   6.531526712504e-05   1.267602502109e-02   1.127419255298e-16  -9.363491595688e-02   5.493292089582e-05   1.556208638456e-02  -1.682596831382e-16   2.403720313302e-03   1.799553574689e-05   3.869566720694e-03   1.150258544270e-16   1.677235564312e-05  -1.757697879158e-16   7.953028469149e-04   5.382416163715e-16  -1.008562175514e-03  -1.176334003842e-02  -5.324615246810e-03   1.933006543717e-03  -1.465130213286e-03  -2.289944089376e-03   3.345075898081e-03   4.251318450614e-16  -1.167490084490e-02  -5.322349313722e-03   1.928644116542e-03  -1.454220667446e-03   2.319317494520e-03   3.318542791230e-03  -3.517993096762e-16
   3.411239058260e-05   5.419086064873e-05   5.223781571734e-02  -2.671097702368e-06   1.235358508925e-16  -1.530269474003e-04   8.034546743187e-02   7.879495295889e-06   4.560722613868e-16  -1.242047619787e-04   4.912239908167e-02   1.242139054844e-04  -8.247739052071e-16  -7.971374905078e-06   3.290527251762e-03   5.777596415173e-05   3.316914658444e-16   6.521218206328e-03   3.539437117032e-18  -5.670399236496e-06  -5.597472082329e-18   4.025443393262e-05  -3.353287546577e-02  -4.946927904175e-02  -6.954112353109e-03  -2.896819793286e-03  -4.234901042637e-03   6.246251453496e-03  -3.271495651145e-16   3.366821575493e-02   4.984392678638e-02   7.064157645950e-03   2.898692865353e-03  -4.396003115592e-03  -6.193337807477e-03   5.919118431821e-17
   6.392796818798e-03   1.022278268121e-02  -2.671097702368e-06   6.475045820637e-02   9.299496770671e-17  -3.068705631632e-02   1.192995187339e-05   9.871756560034e-02   3.997891103175e-16  -6.491732393871e-02   1.142462045634e-04   7.456240313517e-02  -6.478321971489e-16  -4.141917991227e-03   5.467605526279e-05   1.488289511281e-02   3.180518639813e-16  -1.785531165456e-05  -2.813382341496e-17  -3.397275343381e-03  -7.196058390876e-18  -2.981806105635e-03   2.608314210381e-02   4.252048395641e-02   4.154689050358e-03   4.162783812529e-04   8.963024618772e-03   1.480783280301e-03  -3.083980395520e-16   2.567861443755e-02   4.203151317422e-02   4.194247922415e-03   3.874160508666e-04  -8.897753450319e-03   1.598232325941e-03   5.029159899521e-17
   5.835151764459e-17   5.091468566844e-17   1.235358508925e-16   9.299496770671e-17   8.279345641230e-02   1.627546993276e-16   3.615962689304e-16   1.319164255571e-16   1.280766052630e-01  -2.621144732388e-16   4.747037363694e-16   4.527699651108e-17   1.185076339783e-01  -2.151848031389e-16  -2.420034011464e-16  -4.203334393815e-17   2.367002773613e-02   1.184256085507e-16   4.765907057123e-03  -6.140289431476e-18   1.323901437516e-05  -2.309794974162e-17  -6.843913854409e-17   3.967570230154e-16  -1.221237749976e-16  -5.194958469055e-17   1.532783726518e-16  -1.563722445534e-16   9.408487972225e-03   1.723956082236e-16  -4.013336666209e-17   5.097756614048e-16   7.431054600137e-17   1.425239371145e-16   1.342156838224e-16   9.366477378921e-03
  -6.624463593494e-02  -1.134337155336e-01  -1.530269474003e-04  -3.068705631632e-02   1.627546993276e-16   3.339351319508e-01  -2.045934596149e-04  -4.308076766973e-02  -6.080858589462e-16   2.706443586059e-01  -1.707043876425e-04  -4.872518582392e-02   8.544081677952e-16  -5.361419932869e-03  -5.464750449821e-05  -1.184791849101e-02  -1.468432543367e-16  -4.967218369341e-05   1.021856363426e-16  -1.894803968255e-03  -3.017057902111e-16   2.991620790424e-03   3.239434285847e-02   1.301475834390e-02  -6.148937810649e-03   4.066131534855e-03   6.171120818565e-03  -9.739426964496e-03  -1.820282118953e-16   3.215352063712e-02   1.302678398689e-02  -6.141756239057e-03   4.037837387375e-03  -6.259846398181e-03  -9.669101224030e-03   1.577974849956e-16
   3.768159163640e-05   6.531526712504e-05   8.034546743187e-02   1.192995187339e-05   3.615962689304e-16  -2.045934596149e-04   1.235770391570e-01   3.707133427820e-05   9.668935387081e-16  -1.782334325278e-04   7.555376808020e-02   2.079355042311e-04  -1.023116349049e-15  -1.418549728327e-05   5.061075731075e-03   9.197760672224e-05   5.592855935573e-16   1.003008735920e-02   1.532712931654e-17  -9.988756938382e-06  -8.634926895514e-18   6.136530081211e-05  -5.156409416773e-02  -7.607273738194e-02  -1.069538911999e-02  -4.454897399698e-03  -6.510102534464e-03   9.606459923739e-03  -4.838132878585e-16   5.179582524919e-02   7.667790953330e-02   1.086572303754e-02   4.459002231945e-03  -6.764834461204e-03  -9.526471373540e-03   1.104915309862e-16
   7.087860901424e-03   1.267602502109e-02   7.879495295889e-06   9.871756560034e-02   1.319164255571e-16  -4.308076766973e-02   3.707133427820e-05   1.505584059368e-01   5.876545208807e-16  -9.617643505489e-02   1.857829624092e-04   1.135270705354e-01  -9.989021681929e-16  -6.403830022812e-03   8.389458583884e-05   2.263545566018e-02   4.812524406321e-16  -2.617749772147e-05  -4.148533475243e-17  -5.221115625512e-03  -1.771793101158e-17  -4.527690446514e-03   4.028110050788e-02   6.520332245946e-02   6.284925719173e-03   6.839342237655e-04   1.378581176942e-02   2.154122391990e-03  -4.780442799247e-16   3.967700639703e-02   6.448141649864e-02   6.349242288290e-03   6.409618375688e-04  -1.368923933716e-02   2.331385080563e-03   7.968605417224e-17
  -3.876939598561e-17   1.127419255298e-16   4.560722613868e-16   3.997891103175e-16   1.280766052630e-01  -6.080858589462e-16   9.668935387081e-16   5.876545208807e-16   1.981269719435e-01  -1.214717570620e-15   9.839068472705e-16   3.971996715628e-16   1.833243364320e-01  -3.330232150683e-16  -3.574129108815e-16   5.300168396387e-18   3.661614009481e-02   2.162965273005e-16   7.372577777594e-03  -1.502080060548e-17   2.047997621641e-05  -5.095857246341e-17  -2.752618584608e-16   4.554942165528e-16  -1.979029607323e-16  -1.031471269966e-16   2.272078630187e-16  -1.835709052828e-16   1.455437727035e-02   4.371165477636e-16   2.813203265914e-16   8.507205295883e-16   1.215102542023e-16   1.870506584016e-16   2.031108791118e-16   1.448938935453e-02
  -5.602244179326e-02  -9.363491595688e-02  -1.242047619787e-04  -6.491732393871e-02  -2.621144732388e-16   2.706443586059e-01  -1.782334325278e-04  -9.617643505489e-02  -1.214717570620e-15   2.452594221400e-01  -2.123891852970e-04  -8.480336564554e-02   5.970135868148e-16  -1.352999635460e-03  -7.708686819087e-05  -1.852125550815e-02  -4.089942829380e-16  -2.713007199423e-05   7.747781215953e-17   7.725677254735e-04  -2.255477449257e-16   4.174988547175e-03   7.475886519822e-03  -1.770391164218e-02  -7.302070606462e-03   2.785949118119e-03  -1.158783019417e-03  -8.273922762086e-03   2.308010897291e-17   7.542426272933e-03  -1.739961559892e-02  -7.325190023429e-03   2.782133894686e-03   1.051758860569e-03  -8.294417516045e-03   5.183482344321e-17
   3.240491631752e-05   5.493292089582e-05   4.912239908167e-02   1.142462045634e-04   4.747037363694e-16  -1.707043876425e-04   7.555376808020e-02   1.857829624092e-04   9.839068472705e-16  -2.123891852970e-04   4.619299629704e-02   2.500770584325e-04  -2.637755345312e-16  -1.563100286699e-05   3.094380355825e-03   8.074115694655e-05   4.149322625566e-16   6.132263523100e-03   2.391662944721e-17  -1.177424956118e-05  -5.255820166346e-18   3.261794547497e-05  -3.148197147197e-02  -4.643934129407e-02  -6.532256389946e-03  -2.722923875785e-03  -3.965240545964e-03   5.875594829600e-03  -2.675095102612e-16   3.171056252920e-02   4.695004771933e-02   6.650055207230e-03   2.726895837562e-03  -4.150814737031e-03  -5.821889801140e-03   9.631486842525e-17
   9.122744564932e-03   1.556208638456e-02   1.242139054844e-04   7.456240313517e-02   4.527699651108e-17  -4.872518582392e-02   2.079355042311e-04   1.135270705354e-01   3.971996715628e-16  -8.480336564554e-02   2.500770584325e-04   8.642524889137e-02  -8.472157489644e-16  -4.464498923071e-03   7.177843915207e-05   1.733964632291e-02   3.514566622586e-16  -3.039630221502e-06  -3.868868392646e-17  -3.765659603659e-03   3.002193850601e-18  -3.499719347742e-03   2.808435431588e-02   4.746177645842e-02   4.943878196514e-03   2.942293618858e-04   9.875271550144e-03   2.098312158055e-03  -3.493915933990e-16   2.779207995540e-02   4.713762123772e-02   5.020776081485e-03   2.761540823090e-04  -9.817649046958e-03   2.199511875363e-03   4.544466340762e-17
  -8.114528332223e-17  -1.682596831382e-16  -8.247739052071e-16  -6.478321971489e-16   1.185076339783e-01   8.544081677952e-16  -1.023116349049e-15  -9.989021681929e-16   1.833243364320e-01   5.970135868148e-16  -2.637755345312e-16  -8.472157489644e-16   1.696276483638e-01  -2.636747528246e-16  -4.101633492305e-16  -2.444966317657e-16   3.388044302971e-02   4.465471509144e-17   6.821751302271e-03   2.955044445113e-17   1.894985833169e-05   3.359622824274e-18   2.652323730605e-16   1.029373581373e-15  -9.482036717756e-17  -2.051432136220e-17   2.006069713801e-16  -3.684741043323e-16   1.346697791368e-02  -6.738918333378e-16  -1.494296329373e-15   5.404412571422e-16   4.941291309511e-17   3.874347892799e-16   2.846384266551e-16   1.340684543184e-02
   1.702846723535e-03   2.403720313302e-03  -7.971374905078e-06  -4.141917991227e-03  -2.151848031389e-16  -5.361419932869e-03  -1.418549728327e-05  -6.403830022812e-03  -3.330232150683e-16  -1.352999635460e-03  -1.563100286699e-05  -4.464498923071e-03  -2.636747528246e-16   4.343511630474e-04  -3.575666057249e-06  -8.423624170076e-04  -7.887326295012e-17   1.016033208167e-06  -1.238109122134e-17   2.980455950875e-04   8.528022229293e-18   1.545285995492e-04  -2.689012244148e-03  -3.471371154872e-03  -1.687178411682e-04  -1.239565088104e-04  -8.117374584323e-04   1.112335442684e-04   4.977476634392e-18  -2.668236608266e-03  -3.457259519534e-03  -1.749834773213e-04  -1.224411965843e-04   8.108168681796e-04   1.036085807828e-04  -3.131121805187e-17
   1.069485324789e-05   1.799553574689e-05   3.290527251762e-03   5.467605526279e-05  -2.420034011464e-16  -5.464750449821e-05   5.061075731075e-03   8.389458583884e-05  -3.574129108815e-16  -7.708686819087e-05   3.094380355825e-03   7.177843915207e-05  -4.101633492305e-16  -3.575666057249e-06   2.073221342818e-04   1.653106200310e-05  -5.026797049959e-17   4.107674031092e-04  -1.418821693636e-17  -3.026378496342e-06  -3.815252726820e-19  -8.392284645006e-08  -2.092844918434e-03  -3.082084536825e-03  -4.342792912104e-04  -1.823750700428e-04  -2.597894609416e-04   3.952508194799e-04  -4.924269442021e-17   2.139912518019e-03   3.173367885550e-03   4.487796908026e-04   1.826690140257e-04  -2.838224308808e-04  -3.882412876525e-04  -2.450481073776e-17
   2.289737713810e-03   3.869566720694e-03   5.777596415173e-05   1.488289511281e-02  -4.203334393815e-17  -1.184791849101e-02   9.197760672224e-05   2.263545566018e-02   5.300168396387e-18  -1.852125550815e-02   8.074115694655e-05   1.733964632291e-02  -2.444966317657e-16  -8.423624170076e-04   1.653106200310e-05   3.492920149344e-03   5.610611932533e-17   3.768914660257e-06  -1.120309339005e-17  -7.283279593525e-04   2.696315619262e-18  -7.090185727748e-04   5.287720489404e-03   9.222752762238e-03   1.010305417438e-03   2.861457972383e-05   1.899288899785e-03   4.827066957657e-04  -7.335003168677e-17   5.273367269896e-03   9.220266691254e-03   1.034057656269e-03   2.883124803065e-05  -1.892683411812e-03   4.944589524975e-04   2.211770588728e-18
   9.802260618418e-17   1.150258544270e-16   3.316914658444e-16   3.180518639813e-16   2.367002773613e-02  -1.468432543367e-16   5.592855935573e-16   4.812524406321e-16   3.661614009481e-02  -4.089942829380e-16   4.149322625566e-16   3.514566622586e-16   3.388044302971e-02  -7.887326295012e-17  -5.026797049959e-17   5.610611932533e-17   6.767083261258e-03   7.078307439904e-17   1.362537054477e-03  -1.646195417626e-17   3.784934837102e-06  -2.006690121212e-17  -1.001150572050e-16   1.842120921566e-17  -5.497547528382e-17  -3.015112521352e-17   5.834403445954e-17  -1.058663759240e-18   2.689816090642e-03   3.482407494844e-16   4.547845540882e-16   2.053825547125e-16   3.870257889784e-17  -2.243820188942e-17   1.195207856561e-17   2.677805577350e-03
   9.705987399490e-06   1.677235564312e-05   6.521218206328e-03  -1.785531165456e-05   1.184256085507e-16  -4.967218369341e-05   1.003008735920e-02  -2.617749772147e-05   2.162965273005e-16  -2.713007199423e-05   6.132263523100e-03  -3.039630221502e-06   4.465471509144e-17   1.016033208167e-06   4.107674031092e-04   3.768914660257e-06   7.078307439904e-17   8.140995405227e-04   6.371130270904e-18   6.377470730742e-07  -6.440682093580e-19   5.640016164892e-06  -4.198639056474e-03  -6.191125061195e-03  -8.687439932361e-04  -3.622609283062e-04  -5.323644563485e-04   7.804608584796e-04  -2.900670691573e-17   4.190688313026e-03   6.206971014404e-03   8.812373008432e-04   3.612449050515e-04  -5.451001247309e-04  -7.725040451420e-04   1.901271172634e-17
  -1.869944503382e-16  -1.757697879158e-16   3.539437117032e-18  -2.813382341496e-17   4.765907057123e-03   1.021856363426e-16   1.532712931654e-17  -4.148533475243e-17   7.372577777594e-03   7.747781215953e-17   2.391662944721e-17  -3.868868392646e-17   6.821751302271e-03  -1.238109122134e-17  -1.418821693636e-17  -1.120309339005e-17   1.362537054477e-03   6.371130270904e-18   2.743437834510e-04   4.676911578186e-19   7.620881501275e-07   5.907507811790e-19  -3.942699565565e-18   1.268488137056e-17  -9.620366230738e-18  -1.929306708751e-18   7.090979672561e-18  -1.239220614621e-17   5.415884439030e-04   5.475225480129e-18  -1.898717753081e-17   2.579262315939e-17   4.950598165456e-18   1.047322376809e-17   5.147919347366e-18   5.391701539586e-04
   5.217011229291e-04   7.953028469149e-04  -5.670399236496e-06  -3.397275343381e-03  -6.140289431476e-18  -1.894803968255e-03  -9.988756938382e-06  -5.221115625512e-03  -1.502080060548e-17   7.725677254735e-04  -1.177424956118e-05  -3.765659603659e-03   2.955044445113e-17   2.980455950875e-04  -3.026378496342e-06  -7.283279593525e-04  -1.646195417626e-17   6.377470730742e-07   4.676911578186e-19   2.167949876792e-04   3.998777034735e-18   1.391190954509e-04  -1.855242119562e-03  -2.588255631694e-03  -1.712068927114e-04  -6.826079181937e-05  -5.840918749634e-04   2.061000088369e-05   2.016444833902e-17  -1.838922703727e-03  -2.574455090857e-03  -1.755821128205e-04  -6.711776985978e-05   5.825411110216e-04   1.485103367959e-05  -4.717821146264e-18
   5.679894907567e-16   5.382416163715e-16  -5.597472082329e-18  -7.196058390876e-18   1.323901437516e-05  -3.017057902111e-16  -8.634926895514e-18  -1.771793101158e-17   2.047997621641e-05  -2.255477449257e-16  -5.255820166346e-18   3.002193850601e-18   1.894985833169e-05   8.528022229293e-18  -3.815252726820e-19   2.696315619262e-18   3.784934837102e-06  -6.440682093580e-19   7.620881501275e-07   3.998777034735e-18   2.116972877092e-09  -1.186428916720e-18  -4.326639511158e-17  -3.237706106034e-17   3.999752041879e-18  -3.966265949447e-18  -1.077693303287e-17   7.830358415731e-18   1.504455942659e-06  -5.018103466965e-17  -4.314140675118e-17   2.519960234865e-18  -4.540490355790e-18   1.182424977743e-17   9.112838673690e-18   1.497738275916e-06
  -6.081361034411e-04  -1.008562175514e-03   4.025443393262e-05  -2.981806105635e-03  -2.309794974162e-17   2.991620790424e-03   6.136530081211e-05  -4.527690446514e-03  -5.095857246341e-17   4.174988547175e-03   3.261794547497e-05  -3.499719347742e-03   3.359622824274e-18   1.545285995492e-04  -8.392284645006e-08  -7.090185727748e-04  -2.006690121212e-17   5.640016164892e-06   5.907507811790e-19   1.391190954509e-04  -1.186428916720e-18   1.451472510686e-04  -1.006190533222e-03  -1.832897332547e-03  -2.174286444634e-04  -3.654887430848e-07  -3.645727802427e-04  -1.079696414284e-04   1.005669878773e-17  -9.370916590597e-04  -1.733719143733e-03  -2.081480840090e-04   5.293165190884e-06   3.545247211540e-04  -1.224937991521e-04  -3.625530838211e-18
  -7.059749365573e-03  -1.176334003842e-02  -3.353287546577e-02   2.608314210381e-02  -6.843913854409e-17   3.239434285847e-02  -5.156409416773e-02   4.028110050788e-02  -2.752618584608e-16   7.475886519822e-03  -3.148197147197e-02   2.808435431588e-02   2.652323730605e-16  -2.689012244148e-03  -2.092844918434e-03   5.287720489404e-03  -1.001150572050e-16  -4.198639056474e-03  -3.942699565565e-18  -1.855242119562e-03  -4.326639511158e-17  -1.006190533222e-03   3.827706025221e-02   5.350096976019e-02   5.550519555107e-03   2.622313419912e-03   7.784204438572e-03  -4.674216314349e-03   3.240473509806e-17  -5.055440099461e-03  -1.043549883901e-02  -3.422544752972e-03  -1.112968223102e-03  -2.229322843464e-03   3.370630050161e-03   2.312947202826e-18
  -3.256262965705e-03  -5.324615246810e-03  -4.946927904175e-02   4.252048395641e-02   3.967570230154e-16   1.301475834390e-02  -7.607273738194e-02   6.520332245946e-02   4.554942165528e-16  -1.770391164218e-02  -4.643934129407e-02   4.746177645842e-02   1.029373581373e-15  -3.471371154872e-03  -3.082084536825e-03   9.222752762238e-03   1.842120921566e-17  -6.191125061195e-03   1.268488137056e-17  -2.588255631694e-03  -3.237706106034e-17  -1.832897332547e-03   5.350096976019e-02   7.818298035776e-02   8.879691078246e-03   3.456705621918e-03   1.097224623776e-02  -5.875232195278e-03   1.210844279902e-16  -1.042613020961e-02  -1.617688920897e-02  -4.362212538273e-03  -2.052982884799e-03  -2.764808377267e-03   5.991011915419e-03   4.560588135738e-17
   1.069236693674e-03   1.933006543717e-03  -6.954112353109e-03   4.154689050358e-03  -1.221237749976e-16  -6.148937810649e-03  -1.069538911999e-02   6.284925719173e-03  -1.979029607323e-16  -7.302070606462e-03  -6.532256389946e-03   4.943878196514e-03  -9.482036717756e-17  -1.687178411682e-04  -4.342792912104e-04   1.010305417438e-03  -5.497547528382e-17  -8.687439932361e-04  -9.620366230738e-18  -1.712068927114e-04   3.999752041879e-18  -2.174286444634e-04   5.550519555107e-03   8.879691078246e-03   1.247632567426e-03   3.564296115523e-04   1.002057934071e-03  -6.179095820176e-04   1.549079825681e-17  -3.418222599598e-03  -4.373305199017e-03  -6.168370284093e-04  -4.165993174017e-04   1.521783201289e-04   1.044421594631e-03  -1.916742541080e-17
  -8.977202302654e-04  -1.465130213286e-03  -2.896819793286e-03   4.162783812529e-04  -5.194958469055e-17   4.066131534855e-03  -4.454897399698e-03   6.839342237655e-04  -1.031471269966e-16   2.785949118119e-03  -2.722923875785e-03   2.942293618858e-04  -2.051432136220e-17  -1.239565088104e-04  -1.823750700428e-04   2.861457972383e-05  -3.015112521352e-17  -3.622609283062e-04  -1.929306708751e-18  -6.826079181937e-05  -3.966265949447e-18  -3.654887430848e-07   2.622313419912e-03   3.456705621918e-03   3.564296115523e-04   2.200276752390e-04   4.311364682497e-04  -4.570295680541e-04   6.141568008707e-18  -1.109983261465e-03  -2.052783676718e-03  -4.197892450013e-04  -1.018743837115e-04   4.679287290245e-05   2.347413792317e-04  -5.906866709582e-18
  -1.367205046783e-03  -2.289944089376e-03  -4.234901042637e-03   8.963024618772e-03   1.532783726518e-16   6.171120818565e-03  -6.510102534464e-03   1.378581176942e-02   2.272078630187e-16  -1.158783019417e-03  -3.965240545964e-03   9.875271550144e-03   2.006069713801e-16  -8.117374584323e-04  -2.597894609416e-04   1.899288899785e-03   5.834403445954e-17  -5.323644563485e-04   7.090979672561e-18  -5.840918749634e-04  -1.077693303287e-17  -3.645727802427e-04   7.784204438572e-03   1.097224623776e-02   1.002057934071e-03   4.311364682497e-04   1.923142382797e-03  -5.952581904375e-04  -1.082106352829e-17   2.273088978362e-03   2.856377787011e-03  -1.266275824187e-04  -4.346831310433e-05  -1.217177695697e-03   4.322932735158e-04   2.456495564793e-17
   1.980167083185e-03   3.345075898081e-03   6.246251453496e-03   1.480783280301e-03  -1.563722445534e-16  -9.739426964496e-03   9.606459923739e-03   2.154122391990e-03  -1.835709052828e-16  -8.273922762086e-03   5.875594829600e-03   2.098312158055e-03  -3.684741043323e-16   1.112335442684e-04   3.952508194799e-04   4.827066957657e-04  -1.058663759240e-18   7.804608584796e-04  -1.239220614621e-17   2.061000088369e-05   7.830358415731e-18  -1.079696414284e-04  -4.674216314349e-03  -5.875232195278e-03  -6.179095820176e-04  -4.570295680541e-04  -5.952581904375e-04   1.035460905533e-03  -5.584364530035e-17   3.358679475912e-03   5.986834545924e-03   1.057321557831e-03   2.360080008855e-04  -4.329333442013e-04  -4.518311530471e-04  -1.589924991639e-17
   4.532820610634e-16   4.251318450614e-16  -3.271495651145e-16  -3.083980395520e-16   9.408487972225e-03  -1.820282118953e-16  -4.838132878585e-16  -4.780442799247e-16   1.455437727035e-02   2.308010897291e-17  -2.675095102612e-16  -3.493915933990e-16   1.346697791368e-02   4.977476634392e-18  -4.924269442021e-17  -7.335003168677e-17   2.689816090642e-03  -2.900670691573e-17   5.415884439030e-04   2.016444833902e-17   1.504455942659e-06   1.005669878773e-17   3.240473509806e-17   1.210844279902e-16   1.549079825681e-17   6.141568008707e-18  -1.082106352829e-17  -5.584364530035e-17   1.069162343974e-03  -3.769086458553e-16  -5.749172155167e-16  -4.537274027341e-18  -1.719382750409e-17   1.005799070094e-16   5.774987043331e-17   1.064388341548e-03
  -7.006252424453e-03  -1.167490084490e-02   3.366821575493e-02   2.567861443755e-02   1.723956082236e-16   3.215352063712e-02   5.179582524919e-02   3.967700639703e-02   4.371165477636e-16   7.542426272933e-03   3.171056252920e-02   2.779207995540e-02  -6.738918333378e-16  -2.668236608266e-03   2.139912518019e-03   5.273367269896e-03   3.482407494844e-16   4.190688313026e-03   5.475225480129e-18  -1.838922703727e-03  -5.018103466965e-17  -9.370916590597e-04  -5.055440099461e-03  -1.042613020961e-02  -3.418222599598e-03  -1.109983261465e-03   2.273088978362e-03   3.358679475912e-03  -3.769086458553e-16   3.806524191115e-02   5.340134908917e-02   5.642151446702e-03   2.610540146940e-03  -7.821733813775e-03  -4.600113997670e-03   8.736014942135e-17
  -3.252976360886e-03  -5.322349313722e-03   4.984392678638e-02   4.203151317422e-02  -4.013336666209e-17   1.302678398689e-02   7.667790953330e-02   6.448141649864e-02   2.813203265914e-16  -1.739961559892e-02   4.695004771933e-02   4.713762123772e-02  -1.494296329373e-15  -3.457259519534e-03   3.173367885550e-03   9.220266691254e-03   4.547845540882e-16   6.206971014404e-03  -1.898717753081e-17  -2.574455090857e-03  -4.314140675118e-17  -1.733719143733e-03  -1.043549883901e-02  -1.617688920897e-02  -4.373305199017e-03  -2.052783676718e-03   2.856377787011e-03   5.986834545924e-03  -5.749172155167e-16   5.340134908917e-02   7.827861389331e-02   9.035683879296e-03   3.456016744046e-03  -1.105829894730e-02  -5.797604265813e-03   8.188108312359e-17
   1.066274185614e-03   1.928644116542e-03   7.064157645950e-03   4.194247922415e-03   5.097756614048e-16  -6.141756239057e-03   1.086572303754e-02   6.349242288290e-03   8.507205295883e-16  -7.325190023429e-03   6.650055207230e-03   5.020776081485e-03   5.404412571422e-16  -1.749834773213e-04   4.487796908026e-04   1.034057656269e-03   2.053825547125e-16   8.812373008432e-04   2.579262315939e-17  -1.755821128205e-04   2.519960234865e-18  -2.081480840090e-04  -3.422544752972e-03  -4.362212538273e-03  -6.168370284093e-04  -4.197892450013e-04  -1.266275824187e-04   1.057321557831e-03  -4.537274027341e-18   5.642151446702e-03   9.035683879296e-03   1.280603068809e-03   3.624126043515e-04  -1.035258186347e-03  -6.184795968870e-04   6.451496699805e-17
  -8.907199242773e-04  -1.454220667446e-03   2.898692865353e-03   3.874160508666e-04   7.431054600137e-17   4.037837387375e-03   4.459002231945e-03   6.409618375688e-04   1.215102542023e-16   2.782133894686e-03   2.726895837562e-03   2.761540823090e-04   4.941291309511e-17  -1.224411965843e-04   1.826690140257e-04   2.883124803065e-05   3.870257889784e-17   3.612449050515e-04   4.950598165456e-18  -6.711776985978e-05  -4.540490355790e-18   5.293165190884e-06  -1.112968223102e-03  -2.052982884799e-03  -4.165993174017e-04  -1.018743837115e-04  -4.346831310433e-05   2.360080008855e-04  -1.719382750409e-17   2.610540146940e-03   3.456016744046e-03   3.624126043515e-04   2.192199401624e-04  -4.361781777445e-04  -4.523869578050e-04   1.336225264788e-17
   1.384192143709e-03   2.319317494520e-03  -4.396003115592e-03  -8.897753450319e-03   1.425239371145e-16  -6.259846398181e-03  -6.764834461204e-03  -1.368923933716e-02   1.870506584016e-16   1.051758860569e-03  -4.150814737031e-03  -9.817649046958e-03   3.874347892799e-16   8.108168681796e-04  -2.838224308808e-04  -1.892683411812e-03  -2.243820188942e-17  -5.451001247309e-04   1.047322376809e-17   5.825411110216e-04   1.182424977743e-17   3.545247211540e-04  -2.229322843464e-03  -2.764808377267e-03   1.521783201289e-04   4.679287290245e-05  -1.217177695697e-03  -4.329333442013e-04   1.005799070094e-16  -7.821733813775e-03  -1.105829894730e-02  -1.035258186347e-03  -4.361781777445e-04   1.937326079402e-03   5.949188331480e-04   1.427534226870e-18
   1.963896098715e-03   3.318542791230e-03  -6.193337807477e-03   1.598232325941e-03   1.342156838224e-16  -9.669101224030e-03  -9.526471373540e-03   2.331385080563e-03   2.031108791118e-16  -8.294417516045e-03  -5.821889801140e-03   2.199511875363e-03   2.846384266551e-16   1.036085807828e-04  -3.882412876525e-04   4.944589524975e-04   1.195207856561e-17  -7.725040451420e-04   5.147919347366e-18   1.485103367959e-05   9.112838673690e-18  -1.224937991521e-04   3.370630050161e-03   5.991011915419e-03   1.044421594631e-03   2.347413792317e-04   4.322932735158e-04  -4.518311530471e-04   5.774987043331e-17  -4.600113997670e-03  -5.797604265813e-03  -6.184795968870e-04  -4.523869578050e-04   5.949188331480e-04   1.023399065270e-03   6.326207670358e-18
  -3.825510390780e-16  -3.517993096762e-16   5.919118431821e-17   5.029159899521e-17   9.366477378921e-03   1.577974849956e-16   1.104915309862e-16   7.968605417224e-17   1.448938935453e-02   5.183482344321e-17   9.631486842525e-17   4.544466340762e-17   1.340684543184e-02  -3.131121805187e-17  -2.450481073776e-17   2.211770588728e-18   2.677805577350e-03   1.901271172634e-17   5.391701539586e-04  -4.717821146264e-18   1.497738275916e-06  -3.625530838211e-18   2.312947202826e-18   4.560588135738e-17  -1.916742541080e-17  -5.906866709582e-18   2.456495564793e-17  -1.589924991639e-17   1.064388341548e-03   8.736014942135e-17   8.188108312359e-17   6.451496699805e-17   1.336225264788e-17   1.427534226870e-18   6.326207670358e-18   1.059635655902e-03
