ARMA_MAT_TXT_FN008
50 50
   1.000000000000e+00   8.784438346368e-01   2.587936008630e-21   5.836293432979e-21  -2.102311590708e-19   3.291794955376e-01   1.018310273124e-22  -2.687396783714e-21   1.474048740648e-20   1.537612665257e-01   3.681954058653e-22   7.712848292908e-22  -2.762493932017e-20   6.556249676812e-02   4.634613818907e-23  -1.577902006026e-22   7.433807387775e-22   2.068657725840e-41  -3.085788729439e-39   0.000000000000e+00  -6.619704722689e-40   0.000000000000e+00   1.204690189739e-02   7.478759250397e-02   7.946345760235e-02   4.890907559674e-02  -7.610268302614e-02  -3.524966825404e-02  -3.038840207585e-02   1.205153527011e-02   7.479820648610e-02   7.946725485279e-02   4.890991204564e-02   7.207102319294e-03   8.452829157334e-02  -2.764761330954e-02   1.207853000309e-02   7.485999078399e-02   7.948935161323e-02   4.891477895566e-02  -4.115057186590e-04  -1.790946196066e-03   8.933003046253e-02   1.204789840504e-02   7.478987550296e-02   7.946427439678e-02   4.890925552036e-02   6.930277274675e-02  -4.751022700276e-02  -2.997204546585e-02
   8.784438346368e-01   1.000000000000e+00  -9.537179312602e-21  -1.859097444204e-20   7.653877030092e-19   4.187995882560e-01   1.821412491238e-21   9.185219474246e-23  -2.428563355248e-19   1.871454501484e-01  -3.411210658560e-24  -1.364484263424e-23   2.555267027055e-21   7.831571041382e-02  -8.385686645784e-25  -1.792180774933e-23   0.000000000000e+00   0.000000000000e+00   0.000000000000e+00   0.000000000000e+00   0.000000000000e+00   0.000000000000e+00   1.093898055550e-02   8.964148466245e-02   9.547083535750e-02   5.828884937246e-02  -9.156214906516e-02  -4.241027058225e-02  -3.656148890001e-02   1.094394099710e-02   8.965467658027e-02   9.547545731121e-02   5.828985112589e-02   8.671332394699e-03   1.017014717588e-01  -3.326463734050e-02   1.097284650615e-02   8.973146829908e-02   9.550235319652e-02   5.829567986829e-02  -4.951698197385e-04  -2.155067268463e-03   1.074919085584e-01   1.094004738423e-02   8.964432215372e-02   9.547182954665e-02   5.828906485376e-02   8.338128532333e-02  -5.716169262043e-02  -3.606071699099e-02
   2.587936008630e-21  -9.537179312602e-21   1.000000000000e+00   2.931398104357e-40  -9.380473933943e-39  -4.027467640448e-21   6.291202128136e-01   2.024084145118e-40  -9.314461787576e-40   2.907360991673e-21   2.202302509580e-01   3.006820873038e-41   0.000000000000e+00   1.303017681827e-21   5.734990148843e-02   0.000000000000e+00   0.000000000000e+00   0.000000000000e+00   0.000000000000e+00  -2.479608983268e-22   0.000000000000e+00   4.294808741924e-22   9.243917999894e-02   1.505281508359e-01   5.682474304900e-02   1.301709017466e-02  -1.983709255009e-01  -1.356600151140e-01  -1.169512023542e-01  -8.754493499169e-03  -1.425304028554e-02  -5.380109894890e-03  -1.232408868031e-03   9.191096941425e-02  -3.079721621760e-02   1.007318980599e-02   4.999527459825e-04   8.130363798384e-04   3.067492146564e-04   7.025429165418e-05   9.466204106702e-02  -3.718304489864e-05   1.854641161628e-03  -8.418016753133e-02  -1.370733765456e-01  -5.174460730174e-02  -1.185328651981e-02  -1.483469234491e-01   1.664955773133e-01   1.050345015781e-01
   5.836293432979e-21  -1.859097444204e-20   2.931398104357e-40   1.000000000000e+00  -1.955936968060e-38  -4.295955709891e-20   2.024084145118e-40   6.291202128136e-01   0.000000000000e+00   1.162944396669e-20   3.006820873038e-41   2.202302509580e-01   0.000000000000e+00  -1.376332741555e-22   0.000000000000e+00   5.734990148843e-02   0.000000000000e+00   4.294808741924e-22   0.000000000000e+00   0.000000000000e+00   0.000000000000e+00   0.000000000000e+00   4.281649869715e-02   6.972247454189e-02   2.632040371573e-02   6.029328954566e-03  -1.356600151140e-01   3.167808085327e-02  -5.417011491543e-02  -1.026768243728e-01  -1.671663716828e-01  -6.310046364604e-02  -1.445427184454e-02  -3.079721621760e-02  -2.666674413897e-01   1.181431159532e-01   2.175883415541e-03   3.538479164956e-03   1.335027228602e-03   3.057591928623e-04  -3.718304489864e-05   9.450875738003e-02   8.071728733952e-03   5.770936298839e-02   9.397008196937e-02   3.547329986433e-02   8.125971169189e-03   1.664955773133e-01  -1.962155947969e-02  -7.200596477334e-02
  -2.102311590708e-19   7.653877030092e-19  -9.380473933943e-39  -1.955936968060e-38   1.000000000000e+00  -1.976919556304e-19  -9.314461787576e-40   0.000000000000e+00   6.291202128136e-01   1.076357789025e-20   0.000000000000e+00   0.000000000000e+00   2.202302509580e-01   0.000000000000e+00   0.000000000000e+00   0.000000000000e+00   5.734990148843e-02   0.000000000000e+00   0.000000000000e+00   0.000000000000e+00   4.294808741924e-22   0.000000000000e+00   3.691169427502e-02   6.010707887610e-02   2.269056846572e-02   5.197826861758e-03  -1.169512023542e-01  -5.417011491543e-02   4.781431046936e-02   3.358365682390e-02   5.467697402396e-02   2.063897407680e-02   4.727720283832e-03   1.007318980599e-02   1.181431159532e-01   5.589443057309e-02  -1.085301904770e-01  -1.764946665013e-01  -6.658939462351e-02  -1.525086463936e-02   1.854641161628e-03   8.071728733952e-03  -3.079365820727e-01   3.640621736437e-02   5.928145889624e-02   2.237849455645e-02   5.126306328171e-03   1.050345015781e-01  -7.200596477334e-02   4.909349516514e-02
   3.291794955376e-01   4.187995882560e-01  -4.027467640448e-21  -4.295955709891e-20  -1.976919556304e-19   1.000000000000e+00  -4.711603847447e-21  -1.884641538979e-20   6.030852924732e-19   7.746967835845e-01  -2.002997276421e-21   0.000000000000e+00   0.000000000000e+00   4.100964372946e-01  -1.163170389136e-21  -2.326340778271e-21   7.444290490468e-20   0.000000000000e+00   0.000000000000e+00   0.000000000000e+00   0.000000000000e+00   0.000000000000e+00   1.891796266643e-01   4.279157004875e-01   4.640479440562e-01   3.143620368302e-01  -3.324686449715e-01  -1.539946947217e-01  -1.327573543963e-01   1.892112869558e-01   4.279557491749e-01   4.640668494025e-01   3.143671009044e-01   3.148079066755e-02   3.692215448894e-01  -1.207654184019e-01   1.893955985289e-01   4.281888347656e-01   4.641768597483e-01   3.143965663147e-01  -1.795883139460e-03  -7.816003353920e-03   3.898519225393e-01   1.891864365200e-01   4.279243148673e-01   4.640520106367e-01   3.143631261339e-01   3.027521151450e-01  -2.075504506677e-01  -1.309341574711e-01
   1.018310273124e-22   1.821412491238e-21   6.291202128136e-01   2.024084145118e-40  -9.314461787576e-40  -4.711603847447e-21   1.000000000000e+00   8.879684326112e-41  -2.841498984356e-39  -3.650064346142e-21   6.534608721805e-01   0.000000000000e+00   0.000000000000e+00  -3.864423903563e-21   2.263653730943e-01   2.192159232275e-41  -7.014909543281e-40  -2.100396757808e-20   0.000000000000e+00   0.000000000000e+00   0.000000000000e+00   0.000000000000e+00   3.316019137804e-01   4.194755172199e-01   1.980224564411e-01   5.304387238027e-02  -2.190930469253e-01  -2.279789527761e-01  -1.965384761032e-01  -3.139956670909e-02  -3.971740075638e-02  -1.874846401009e-02  -5.021989201717e-03   2.687310462157e-01  -5.174990863324e-02   1.692642115516e-02   1.791530084839e-03   2.265127260462e-03   1.068916911084e-03   2.862805170615e-04   2.733537333713e-01  -6.244283370581e-05   3.114566059750e-03  -3.019646018290e-01  -3.819782635392e-01  -1.803190200765e-01  -4.830143300491e-02  -1.350178146299e-01   2.797924331992e-01   1.765083447898e-01
  -2.687396783714e-21   9.185219474246e-23   2.024084145118e-40   6.291202128136e-01   0.000000000000e+00  -1.884641538979e-20   8.879684326112e-41   1.000000000000e+00  -1.136599593742e-38   0.000000000000e+00   0.000000000000e+00   6.534608721805e-01   0.000000000000e+00  -7.728847807127e-21   2.192159232275e-41   2.263653730943e-01  -1.402981908656e-39   0.000000000000e+00   0.000000000000e+00   1.212664633526e-20   0.000000000000e+00   2.100396757808e-20   1.535932372995e-01   1.942950265974e-01   9.172115382582e-02   2.456915879920e-02  -2.279789527761e-01   1.675082040899e-01  -9.103379547619e-02  -3.682689120365e-01  -4.658243886288e-01  -2.198908191097e-01  -5.890025543060e-02  -5.174990863324e-02  -3.338039318111e-01   1.985210420651e-01   7.797058084727e-03   9.858237362899e-03   4.652116821258e-03   1.245943810234e-03  -6.244283370581e-05   2.730963185253e-01   1.355514634228e-02   2.070105741962e-01   2.618636064850e-01   1.236169526442e-01   3.311284607627e-02   2.797924331992e-01   8.130254282733e-02  -1.210045600843e-01
   1.474048740648e-20  -2.428563355248e-19  -9.314461787576e-40   0.000000000000e+00   6.291202128136e-01   6.030852924732e-19  -2.841498984356e-39  -1.136599593742e-38   1.000000000000e+00   0.000000000000e+00   0.000000000000e+00   0.000000000000e+00   6.534608721805e-01   2.473231298281e-19  -7.014909543281e-40  -1.402981908656e-39   2.263653730943e-01   0.000000000000e+00  -2.100396757808e-20   0.000000000000e+00   0.000000000000e+00   0.000000000000e+00   1.324112617898e-01   1.674998853046e-01   7.907193001739e-02   2.118083696206e-02  -1.965384761032e-01  -9.103379547619e-02   1.946254112238e-01   1.204538301248e-01   1.523623904760e-01   7.192214847722e-02   1.926516501952e-02   1.692642115516e-02   1.985210420651e-01   2.082108816285e-01  -3.889069575382e-01  -4.917158571647e-01  -2.320414417089e-01  -6.214603139239e-02   3.114566059750e-03   1.355514634228e-02  -4.027447126659e-01   1.305935739133e-01   1.651978619037e-01   7.798432377070e-02   2.088939141554e-02   1.765083447898e-01  -1.210045600843e-01   1.967767953374e-01
   1.537612665257e-01   1.871454501484e-01   2.907360991673e-21   1.162944396669e-20   1.076357789025e-20   7.746967835845e-01  -3.650064346142e-21   0.000000000000e+00   0.000000000000e+00   1.000000000000e+00   2.585524193289e-21   1.034209677315e-20   0.000000000000e+00   7.744077347687e-01   1.098239419175e-21   0.000000000000e+00   0.000000000000e+00   0.000000000000e+00   0.000000000000e+00   0.000000000000e+00   0.000000000000e+00   0.000000000000e+00   2.674352273681e-01   5.813745300706e-01   7.585425480922e-01   6.305136069920e-01  -1.869914268739e-01  -8.661173958072e-02  -7.466715283387e-02   2.674519788166e-01   5.814026575432e-01   7.585645155725e-01   6.305223566770e-01   1.770437948273e-02   2.076453038602e-01  -6.791687090575e-02   2.675494629060e-01   5.815663357720e-01   7.586923393652e-01   6.305732664951e-01  -1.009494923370e-03  -4.393501744886e-03   2.191420633238e-01   2.674388306095e-01   5.813805803320e-01   7.585472733661e-01   6.305154890878e-01   1.702748321207e-01  -1.167312014553e-01  -7.364041592765e-02
   3.681954058653e-22  -3.411210658560e-24   2.202302509580e-01   3.006820873038e-41   0.000000000000e+00  -2.002997276421e-21   6.534608721805e-01   0.000000000000e+00   0.000000000000e+00   2.585524193289e-21   1.000000000000e+00   2.673974141632e-41   0.000000000000e+00   2.002249933714e-21   6.530545656898e-01   0.000000000000e+00   0.000000000000e+00   0.000000000000e+00   0.000000000000e+00   0.000000000000e+00   3.717206437171e-19   0.000000000000e+00   3.197404437161e-01   5.368822188340e-01   4.193076380455e-01   1.670122110780e-01   7.068930344370e-02  -9.690862813381e-02  -8.354400203501e-02  -3.027320137240e-02  -5.083157762265e-02  -3.969893970349e-02  -1.581203654539e-02   2.780523002231e-01  -2.199588065998e-02   7.194438590568e-03   1.726203655249e-03   2.898218668964e-03   2.263223257818e-03   9.013598065731e-04   2.800171160115e-01  -2.652805190570e-05   1.323184186132e-03  -2.911566524997e-01  -4.888851317520e-01  -3.818200833389e-01  -1.520802477164e-01   1.064308447102e-01   1.189312350615e-01   7.502831725822e-02
   7.712848292908e-22  -1.364484263424e-23   3.006820873038e-41   2.202302509580e-01   0.000000000000e+00   0.000000000000e+00   0.000000000000e+00   6.534608721805e-01   0.000000000000e+00   1.034209677315e-20   2.673974141632e-41   1.000000000000e+00   0.000000000000e+00   0.000000000000e+00   0.000000000000e+00   6.530545656898e-01   0.000000000000e+00   0.000000000000e+00   3.717206437171e-19   0.000000000000e+00   0.000000000000e+00   0.000000000000e+00   1.480991749597e-01   2.486761222189e-01   1.942172673783e-01   7.735765416905e-02  -9.690862813381e-02   2.350246353438e-01  -3.869638019645e-02  -3.550583686893e-01  -5.961766912782e-01  -4.656078687027e-01  -1.854510143278e-01  -2.199588065998e-02   2.194967472728e-02   8.437976539642e-02   7.512745825449e-03   1.261356395596e-02   9.849950804200e-03   3.922878452649e-03  -2.652805190570e-05   2.799077565544e-01   5.758733299188e-03   1.996012295810e-01   3.351531644007e-01   2.617551667079e-01   1.042579799519e-01   1.189312350615e-01   1.983820350522e-01  -5.143535017855e-02
  -2.762493932017e-20   2.555267027055e-21   0.000000000000e+00   0.000000000000e+00   2.202302509580e-01   0.000000000000e+00   0.000000000000e+00   0.000000000000e+00   6.534608721805e-01   0.000000000000e+00   0.000000000000e+00   0.000000000000e+00   1.000000000000e+00   0.000000000000e+00   0.000000000000e+00   0.000000000000e+00   6.530545656898e-01   0.000000000000e+00   0.000000000000e+00   4.292260274269e-19   0.000000000000e+00   0.000000000000e+00   1.276748831604e-01   2.143813080506e-01   1.674328498251e-01   6.668929425355e-02  -8.354400203501e-02  -3.869638019645e-02   2.465515386398e-01   1.161329100248e-01   1.949981753780e-01   1.522915708832e-01   6.065753650715e-02   7.194438590568e-03   8.437976539642e-02   2.523286931107e-01  -3.747258376151e-01  -6.291479079059e-01  -4.913025345631e-01  -1.956679951892e-01   1.323184186132e-03   5.758733299188e-03  -7.214798451852e-03   1.259193547464e-01   2.114329169771e-01   1.651294521711e-01   6.577162670921e-02   7.502831725822e-02  -5.143535017855e-02   2.474666200490e-01
   6.556249676812e-02   7.831571041382e-02   1.303017681827e-21  -1.376332741555e-22   0.000000000000e+00   4.100964372946e-01  -3.864423903563e-21  -7.728847807127e-21   2.473231298281e-19   7.744077347687e-01   2.002249933714e-21   0.000000000000e+00   0.000000000000e+00   1.000000000000e+00   1.418166903386e-21   0.000000000000e+00   0.000000000000e+00   0.000000000000e+00   0.000000000000e+00   0.000000000000e+00   0.000000000000e+00   0.000000000000e+00   1.765143266632e-01   4.416837216094e-01   7.697483098926e-01   9.135449157436e-01  -4.337601875250e-02  -2.009114804378e-02  -1.732038669186e-02   1.765179161095e-01   4.416919207957e-01   7.697596748153e-01   9.135535945794e-01   4.106689672373e-03   4.816519131389e-02  -1.575392758614e-02   1.765388016702e-01   4.417396283129e-01   7.698258015258e-01   9.136040914093e-01  -2.341086579315e-04  -1.018882585046e-03   5.082051742249e-02   1.765150987670e-01   4.416854852872e-01   7.697507545367e-01   9.135467826026e-01   3.949797548344e-02  -2.707767246522e-02  -1.708207435400e-02
   4.634613818907e-23  -8.385686645784e-25   5.734990148843e-02   0.000000000000e+00   0.000000000000e+00  -1.163170389136e-21   2.263653730943e-01   2.192159232275e-41  -7.014909543281e-40   1.098239419175e-21   6.530545656898e-01   0.000000000000e+00   0.000000000000e+00   1.418166903386e-21   1.000000000000e+00   0.000000000000e+00   0.000000000000e+00   0.000000000000e+00   0.000000000000e+00   0.000000000000e+00   0.000000000000e+00   0.000000000000e+00   1.249116985401e-01   2.853295823597e-01   3.954971455335e-01   3.020226306876e-01   8.834388090374e-02  -1.391120960549e-02  -1.199272083375e-02  -1.182620771893e-02  -2.701397040198e-02  -3.744409362482e-02  -2.859414854239e-02   1.181107981941e-01  -3.157380971055e-03   1.032719892167e-03   6.741743149500e-04   1.539964253386e-03   2.134498939640e-03   1.629958278843e-03   1.183928347470e-01  -3.807090063868e-06   1.898926233105e-04  -1.137439491872e-01  -2.598195486938e-01  -3.601372316224e-01  -2.750196105452e-01   9.347477773497e-02   1.707240718666e-02   1.077020668372e-02
  -1.577902006026e-22  -1.792180774933e-23   0.000000000000e+00   5.734990148843e-02   0.000000000000e+00  -2.326340778271e-21   2.192159232275e-41   2.263653730943e-01  -1.402981908656e-39   0.000000000000e+00   0.000000000000e+00   6.530545656898e-01   0.000000000000e+00   0.000000000000e+00   0.000000000000e+00   1.000000000000e+00   0.000000000000e+00   0.000000000000e+00   0.000000000000e+00   0.000000000000e+00   0.000000000000e+00   0.000000000000e+00   5.785730225930e-02   1.321605588832e-01   1.831885896939e-01   1.398925387860e-01  -1.391120960549e-02   1.119341771619e-01  -5.554855808539e-03  -1.387033359575e-01  -3.168325723057e-01  -4.391619715381e-01  -3.353656460255e-01  -3.157380971055e-03   8.134875311501e-02   1.211222545363e-02   2.934126720718e-03   6.702198770573e-03   9.289719639654e-03   7.093868801518e-03  -3.807090063868e-06   1.183771403679e-01   8.264465254267e-04   7.797669028081e-02   1.781182086798e-01   2.468905780877e-01   1.885385477282e-01   1.707240718666e-02   1.066742384318e-01  -7.383470301831e-03
   7.433807387775e-22   0.000000000000e+00   0.000000000000e+00   0.000000000000e+00   5.734990148843e-02   7.444290490468e-20  -7.014909543281e-40  -1.402981908656e-39   2.263653730943e-01   0.000000000000e+00   0.000000000000e+00   0.000000000000e+00   6.530545656898e-01   0.000000000000e+00   0.000000000000e+00   0.000000000000e+00   1.000000000000e+00   0.000000000000e+00   0.000000000000e+00   0.000000000000e+00   0.000000000000e+00   0.000000000000e+00   4.987822726184e-02   1.139343545865e-01   1.579251322085e-01   1.206000205563e-01  -1.199272083375e-02  -5.554855808539e-03   1.135888612797e-01   4.536725072657e-02   1.036299714561e-01   1.436416156454e-01   1.096917910683e-01   1.032719892167e-03   1.211222545363e-02   1.144183237323e-01  -1.463503649179e-01  -3.342968212313e-01  -4.633589441276e-01  -3.538328049881e-01   1.898926233105e-04   8.264465254267e-04   7.717164852998e-02   4.919195410783e-02   1.123666920921e-01   1.557520579959e-01   1.189404109613e-01   1.077020668372e-02  -7.383470301831e-03   1.137202597837e-01
   2.068657725840e-41   0.000000000000e+00   0.000000000000e+00   4.294808741924e-22   0.000000000000e+00   0.000000000000e+00  -2.100396757808e-20   0.000000000000e+00   0.000000000000e+00   0.000000000000e+00   0.000000000000e+00   0.000000000000e+00   0.000000000000e+00   0.000000000000e+00   0.000000000000e+00   0.000000000000e+00   0.000000000000e+00   1.000000000000e+00   0.000000000000e+00   0.000000000000e+00   0.000000000000e+00   0.000000000000e+00   2.411873056352e-01   1.561909054880e-01   2.829470021332e-02   2.782344462693e-03  -1.796288563338e-01   1.957809658778e-01  -1.374197987056e-01   5.475152702107e-02   3.545307754617e-02   6.422098717352e-03   6.314972388963e-04  -3.870608486578e-01   5.311190225835e-02  -2.837243602924e-02   6.608853113842e-05   4.276910584903e-05   7.744619496586e-06   7.614277518296e-07   8.350802065708e-03   1.916666562995e-03   1.104401523201e-04  -2.960066414013e-01  -1.916873153988e-01  -3.472458532800e-02  -3.414604688204e-03  -1.628668551420e-01  -5.977851313837e-02   1.663312326680e-01
  -3.085788729439e-39   0.000000000000e+00   0.000000000000e+00   0.000000000000e+00   0.000000000000e+00   0.000000000000e+00   0.000000000000e+00   0.000000000000e+00  -2.100396757808e-20   0.000000000000e+00   0.000000000000e+00   3.717206437171e-19   0.000000000000e+00   0.000000000000e+00   0.000000000000e+00   0.000000000000e+00   0.000000000000e+00   0.000000000000e+00   1.000000000000e+00   0.000000000000e+00   0.000000000000e+00   0.000000000000e+00   9.630799503765e-02   6.236826150964e-02   1.129829714943e-02   1.111012107376e-03  -1.374197987056e-01   7.817688514149e-02   1.096432921376e-01  -2.100357369887e-01  -1.360037550745e-01  -2.463621218444e-02  -2.422525821551e-03  -2.837243602924e-02  -2.037458704925e-01  -2.856156298199e-01  -1.434655761057e-02  -9.284355854883e-03  -1.681208946027e-03  -1.652914192484e-04   1.104401523201e-04  -4.160716964440e-01  -1.562313649629e-02   1.280168767084e-01   8.290088122959e-02   1.501767979813e-02   1.476747363871e-03   1.663312326680e-01   2.585299610177e-02   1.497971525239e-01
   0.000000000000e+00   0.000000000000e+00  -2.479608983268e-22   0.000000000000e+00   0.000000000000e+00   0.000000000000e+00   0.000000000000e+00   1.212664633526e-20   0.000000000000e+00   0.000000000000e+00   0.000000000000e+00   0.000000000000e+00   4.292260274269e-19   0.000000000000e+00   0.000000000000e+00   0.000000000000e+00   0.000000000000e+00   0.000000000000e+00   0.000000000000e+00   1.000000000000e+00   0.000000000000e+00   0.000000000000e+00  -1.346312232747e-01  -8.718606733820e-02  -1.579415671102e-02  -1.553110092579e-03  -1.296317001877e-02  -6.004353913847e-03   2.404765892659e-01  -1.470576056651e-01  -9.522373130149e-02  -1.724917115747e-02  -1.696143961437e-03  -4.474194385471e-04  -5.247545973621e-03   2.251845757701e-01   4.130571296848e-01   2.673093772381e-01   4.840431833870e-02   4.758967346004e-03  -4.287590225048e-03  -1.866035648026e-02   2.092640942589e-01  -1.365977456809e-01  -8.845766106854e-02  -1.602430287731e-02  -1.575732559892e-03   9.257128829996e-03  -6.346186085715e-03   2.382769229861e-01
  -6.619704722689e-40   0.000000000000e+00   0.000000000000e+00   0.000000000000e+00   4.294808741924e-22   0.000000000000e+00   0.000000000000e+00   0.000000000000e+00   0.000000000000e+00   0.000000000000e+00   3.717206437171e-19   0.000000000000e+00   0.000000000000e+00   0.000000000000e+00   0.000000000000e+00   0.000000000000e+00   0.000000000000e+00   0.000000000000e+00   0.000000000000e+00   0.000000000000e+00   1.000000000000e+00   0.000000000000e+00   2.079252708539e-01   1.346506867058e-01   2.439259060543e-02   2.398632566879e-03  -1.548563201037e-01  -1.374197987056e-01   2.367156662965e-01  -1.790819403788e-02  -1.159603442097e-02  -2.100547623384e-03  -2.065508617538e-04   1.266003189201e-01  -2.837243602924e-02  -2.435233257158e-02  -3.296408631809e-03  -2.133266502780e-03  -3.862913900319e-04  -3.797901043334e-05  -4.165269758270e-01   1.104401523201e-04  -3.589728170356e-03  -1.867371526925e-01  -1.209268255449e-01  -2.190616454375e-02  -2.154119090123e-03  -1.027453054878e-01   1.663312326680e-01  -2.185078597682e-01
   0.000000000000e+00   0.000000000000e+00   4.294808741924e-22   0.000000000000e+00   0.000000000000e+00   0.000000000000e+00   0.000000000000e+00   2.100396757808e-20   0.000000000000e+00   0.000000000000e+00   0.000000000000e+00   0.000000000000e+00   0.000000000000e+00   0.000000000000e+00   0.000000000000e+00   0.000000000000e+00   0.000000000000e+00   0.000000000000e+00   0.000000000000e+00   0.000000000000e+00   0.000000000000e+00   1.000000000000e+00   2.044998298135e-01   1.324323994026e-01   2.399073766760e-02   2.359116569609e-03   6.338756951837e-02  -2.996719945168e-01  -1.165166026226e-01  -3.187417234335e-01  -2.063937875877e-01  -3.738691730810e-02  -3.676327021744e-03  -7.668928163007e-02  -1.105342350793e-01   1.651730947063e-01  -1.362219493839e-04  -8.815585505997e-05  -1.596324122943e-05  -1.569457981299e-06   1.919929378467e-03  -8.346746949154e-03  -2.276396914888e-04   1.144281525871e-01   7.410112581131e-02   1.342358444940e-02   1.319993715129e-03  -1.747631640956e-01  -3.236559244007e-01  -6.429915079481e-02
   1.204690189739e-02   1.093898055550e-02   9.243917999894e-02   4.281649869715e-02   3.691169427502e-02   1.891796266643e-01   3.316019137804e-01   1.535932372995e-01   1.324112617898e-01   2.674352273681e-01   3.197404437161e-01   1.480991749597e-01   1.276748831604e-01   1.765143266632e-01   1.249116985401e-01   5.785730225930e-02   4.987822726184e-02   2.411873056352e-01   9.630799503765e-02  -1.346312232747e-01   2.079252708539e-01   2.044998298135e-01   1.000000000000e+00   7.063772200372e-01   3.736639626622e-01   1.837659445759e-01  -4.159395308925e-17  -7.703062584890e-19   1.925636402765e-17   1.066559524896e-03   3.858468734879e-02   1.283298666566e-01   1.239110587911e-01   1.000043594220e-02   1.437543819741e-02   3.299819246825e-04   1.116821131252e-03   3.937862282356e-02   1.292976446227e-01   1.242548730396e-01   9.422873147095e-03   4.165710505437e-03   1.488153079208e-02   1.065463249879e-03   3.856714000930e-02   1.283083353257e-01   1.239033909494e-01   1.744009079684e-02  -1.470230182703e-03   5.016618733292e-05
   7.478759250397e-02   8.964148466245e-02   1.505281508359e-01   6.972247454189e-02   6.010707887610e-02   4.279157004875e-01   4.194755172199e-01   1.942950265974e-01   1.674998853046e-01   5.813745300706e-01   5.368822188340e-01   2.486761222189e-01   2.143813080506e-01   4.416837216094e-01   2.853295823597e-01   1.321605588832e-01   1.139343545865e-01   1.561909054880e-01   6.236826150964e-02  -8.718606733820e-02   1.346506867058e-01   1.324323994026e-01   7.063772200372e-01   1.000000000000e+00   7.889632276872e-01   4.631805400595e-01   0.000000000000e+00   3.388235282423e-16   1.694117641212e-16   3.858468734879e-02   1.594985562137e-01   3.272055393234e-01   3.214492905516e-01   6.851002894602e-02   9.848187546113e-02   2.260608571699e-03   3.937862282356e-02   1.615705052211e-01   3.292365984608e-01   3.222759046797e-01   6.337739489204e-02   2.801819313363e-02   1.000918338690e-01   3.856714000930e-02   1.594525861253e-01   3.271603211846e-01   3.214308532605e-01   1.195259638167e-01  -1.007624797756e-02   3.438148322636e-04
   7.946345760235e-02   9.547083535750e-02   5.682474304900e-02   2.632040371573e-02   2.269056846572e-02   4.640479440562e-01   1.980224564411e-01   9.172115382582e-02   7.907193001739e-02   7.585425480922e-01   4.193076380455e-01   1.942172673783e-01   1.674328498251e-01   7.697483098926e-01   3.954971455335e-01   1.831885896939e-01   1.579251322085e-01   2.829470021332e-02   1.129829714943e-02  -1.579415671102e-02   2.439259060543e-02   2.399073766760e-02   3.736639626622e-01   7.889632276872e-01   1.000000000000e+00   8.208664008791e-01   2.020337470076e-16   1.010168735038e-16   0.000000000000e+00   1.283298666566e-01   3.272055393234e-01   5.605576444784e-01   6.078806583172e-01   7.590195324772e-02   1.091076273357e-01   2.504518079473e-03   1.292976446227e-01   3.292365984608e-01   5.628435607057e-01   6.091658286932e-01   6.945873353233e-02   3.070666148776e-02   1.096960837427e-01   1.283083353257e-01   3.271603211846e-01   5.605066971859e-01   6.078519864269e-01   1.324543317900e-01  -1.116613202856e-02   3.810031093898e-04
   4.890907559674e-02   5.828884937246e-02   1.301709017466e-02   6.029328954566e-03   5.197826861758e-03   3.143620368302e-01   5.304387238027e-02   2.456915879920e-02   2.118083696206e-02   6.305136069920e-01   1.670122110780e-01   7.735765416905e-02   6.668929425355e-02   9.135449157436e-01   3.020226306876e-01   1.398925387860e-01   1.206000205563e-01   2.782344462693e-03   1.111012107376e-03  -1.553110092579e-03   2.398632566879e-03   2.359116569609e-03   1.837659445759e-01   4.631805400595e-01   8.208664008791e-01   1.000000000000e+00   1.039764176481e-16   5.198820882407e-17   0.000000000000e+00   1.239110587911e-01   3.214492905516e-01   6.078806583172e-01   8.164275251817e-01   2.791299501370e-02   4.012440428032e-02   9.210382298845e-04   1.242548730396e-01   3.222759046797e-01   6.091658286932e-01   8.175925684531e-01   2.543040378083e-02   1.124239905744e-02   4.016220222980e-02   1.239033909494e-01   3.214308532605e-01   6.078519864269e-01   8.164015241846e-01   4.871499826138e-02  -4.106759628064e-03   1.401280393074e-04
  -7.610268302614e-02  -9.156214906516e-02  -1.983709255009e-01  -1.356600151140e-01  -1.169512023542e-01  -3.324686449715e-01  -2.190930469253e-01  -2.279789527761e-01  -1.965384761032e-01  -1.869914268739e-01   7.068930344370e-02  -9.690862813381e-02  -8.354400203501e-02  -4.337601875250e-02   8.834388090374e-02  -1.391120960549e-02  -1.199272083375e-02  -1.796288563338e-01  -1.374197987056e-01  -1.296317001877e-02  -1.548563201037e-01   6.338756951837e-02  -4.159395308925e-17   0.000000000000e+00   2.020337470076e-16   1.039764176481e-16   1.000000000000e+00   0.000000000000e+00   0.000000000000e+00  -1.000043594220e-02  -6.851002894602e-02  -7.590195324772e-02  -2.791299501370e-02  -2.565789391584e-02  -5.789887904662e-02  -1.329043559048e-03  -9.422873147095e-03  -6.337739489204e-02  -6.945873353233e-02  -2.543040378083e-02  -1.919213773006e-02  -1.514278186459e-02  -5.409587975485e-02  -1.744009079684e-02  -1.195259638167e-01  -1.324543317900e-01  -4.871499826138e-02  -1.080050165067e-01   1.033669576936e-02  -3.527016534346e-04
  -3.524966825404e-02  -4.241027058225e-02  -1.356600151140e-01   3.167808085327e-02  -5.417011491543e-02  -1.539946947217e-01  -2.279789527761e-01   1.675082040899e-01  -9.103379547619e-02  -8.661173958072e-02  -9.690862813381e-02   2.350246353438e-01  -3.869638019645e-02  -2.009114804378e-02  -1.391120960549e-02   1.119341771619e-01  -5.554855808539e-03   1.957809658778e-01   7.817688514149e-02  -6.004353913847e-03  -1.374197987056e-01  -2.996719945168e-01  -7.703062584890e-19   3.388235282423e-16   1.010168735038e-16   5.198820882407e-17   0.000000000000e+00   1.000000000000e+00   0.000000000000e+00  -1.437543819741e-02  -9.848187546113e-02  -1.091076273357e-01  -4.012440428032e-02  -5.789887904662e-02  -6.860843224096e-02  -1.910475068806e-03  -4.165710505437e-03  -2.801819313363e-02  -3.070666148776e-02  -1.124239905744e-02  -1.514278186459e-02   8.366569526075e-03  -2.391497487845e-02   1.470230182703e-03   1.007624797756e-02   1.116613202856e-02   4.106759628064e-03   1.033669576936e-02   1.373901650671e-02   2.973336678172e-05
  -3.038840207585e-02  -3.656148890001e-02  -1.169512023542e-01  -5.417011491543e-02   4.781431046936e-02  -1.327573543963e-01  -1.965384761032e-01  -9.103379547619e-02   1.946254112238e-01  -7.466715283387e-02  -8.354400203501e-02  -3.869638019645e-02   2.465515386398e-01  -1.732038669186e-02  -1.199272083375e-02  -5.554855808539e-03   1.135888612797e-01  -1.374197987056e-01   1.096432921376e-01   2.404765892659e-01   2.367156662965e-01  -1.165166026226e-01   1.925636402765e-17   1.694117641212e-16   0.000000000000e+00   0.000000000000e+00   0.000000000000e+00   0.000000000000e+00   1.000000000000e+00  -3.299819246825e-04  -2.260608571699e-03  -2.504518079473e-03  -9.210382298844e-04  -1.329043559048e-03  -1.910475068806e-03   1.457626109549e-02  -1.488153079208e-02  -1.000918338690e-01  -1.096960837427e-01  -4.016220222980e-02  -5.409587975485e-02  -2.391497487845e-02  -7.037258393800e-02  -5.016618733292e-05  -3.438148322636e-04  -3.810031093898e-04  -1.401280393073e-04  -3.527016534346e-04   2.973336678172e-05   1.460940351267e-02
   1.205153527011e-02   1.094394099710e-02  -8.754493499169e-03  -1.026768243728e-01   3.358365682390e-02   1.892112869558e-01  -3.139956670909e-02  -3.682689120365e-01   1.204538301248e-01   2.674519788166e-01  -3.027320137240e-02  -3.550583686893e-01   1.161329100248e-01   1.765179161095e-01  -1.182620771893e-02  -1.387033359575e-01   4.536725072657e-02   5.475152702107e-02  -2.100357369887e-01  -1.470576056651e-01  -1.790819403788e-02  -3.187417234335e-01   1.066559524896e-03   3.858468734879e-02   1.283298666566e-01   1.239110587911e-01  -1.000043594220e-02  -1.437543819741e-02  -3.299819246825e-04   1.000000000000e+00   7.063772200372e-01   3.736639626622e-01   1.837659445759e-01   0.000000000000e+00   3.081225033956e-18  -1.381709796667e-16   1.114943332069e-03   3.934932431362e-02   1.292621514528e-01   1.242422924432e-01  -9.468136807378e-04  -1.072805727295e-02   1.452000625553e-02   1.066784999025e-03   3.858829511239e-02   1.283342927674e-01   1.239126349384e-01   7.455074550253e-03  -1.584950989968e-02  -2.798216882953e-04
   7.479820648610e-02   8.965467658027e-02  -1.425304028554e-02  -1.671663716828e-01   5.467697402396e-02   4.279557491749e-01  -3.971740075638e-02  -4.658243886288e-01   1.523623904760e-01   5.814026575432e-01  -5.083157762265e-02  -5.961766912782e-01   1.949981753780e-01   4.416919207957e-01  -2.701397040198e-02  -3.168325723057e-01   1.036299714561e-01   3.545307754617e-02  -1.360037550745e-01  -9.522373130149e-02  -1.159603442097e-02  -2.063937875877e-01   3.858468734879e-02   1.594985562137e-01   3.272055393234e-01   3.214492905516e-01  -6.851002894602e-02  -9.848187546113e-02  -2.260608571699e-03   7.063772200372e-01   1.000000000000e+00   7.889632276872e-01   4.631805400595e-01  -4.235294103029e-17  -3.388235282423e-16   1.694117641212e-16   3.934932431362e-02   1.614943194128e-01   3.291621571035e-01   3.222456607801e-01  -6.372463580231e-03  -7.220444280572e-02   9.772589151437e-02   3.858829511239e-02   1.595080067894e-01   3.272148344719e-01   3.214530803805e-01   5.106820132179e-02  -1.085711426428e-01  -1.916813871645e-03
   7.946725485279e-02   9.547545731121e-02  -5.380109894890e-03  -6.310046364604e-02   2.063897407680e-02   4.640668494025e-01  -1.874846401009e-02  -2.198908191097e-01   7.192214847722e-02   7.585645155725e-01  -3.969893970349e-02  -4.656078687027e-01   1.522915708832e-01   7.697596748153e-01  -3.744409362482e-02  -4.391619715381e-01   1.436416156454e-01   6.422098717352e-03  -2.463621218444e-02  -1.724917115747e-02  -2.100547623384e-03  -3.738691730810e-02   1.283298666566e-01   3.272055393234e-01   5.605576444784e-01   6.078806583172e-01  -7.590195324772e-02  -1.091076273357e-01  -2.504518079473e-03   3.736639626622e-01   7.889632276872e-01   1.000000000000e+00   8.208664008791e-01  -2.525421837595e-17   0.000000000000e+00   0.000000000000e+00   1.292621514528e-01   3.291621571035e-01   5.627598638371e-01   6.091188176108e-01  -6.986695557481e-03  -7.916411815144e-02   1.071455401036e-01   1.283342927674e-01   3.272148344719e-01   5.605681170268e-01   6.078865518559e-01   5.657541624597e-02  -1.202794973845e-01  -2.123523833765e-03
   4.890991204564e-02   5.828985112589e-02  -1.232408868031e-03  -1.445427184454e-02   4.727720283832e-03   3.143671009044e-01  -5.021989201717e-03  -5.890025543060e-02   1.926516501952e-02   6.305223566770e-01  -1.581203654539e-02  -1.854510143278e-01   6.065753650715e-02   9.135535945794e-01  -2.859414854239e-02  -3.353656460255e-01   1.096917910683e-01   6.314972388963e-04  -2.422525821551e-03  -1.696143961437e-03  -2.065508617538e-04  -3.676327021744e-03   1.239110587911e-01   3.214492905516e-01   6.078806583172e-01   8.164275251817e-01  -2.791299501370e-02  -4.012440428032e-02  -9.210382298844e-04   1.837659445759e-01   4.631805400595e-01   8.208664008791e-01   1.000000000000e+00  -1.299705220602e-17   1.039764176481e-16   5.198820882407e-17   1.242422924432e-01   3.222456607801e-01   6.091188176108e-01   8.175499656542e-01  -2.558401114515e-03  -2.898846335037e-02   3.923475224605e-02   1.239126349384e-01   3.214530803805e-01   6.078865518559e-01   8.164328696660e-01   2.080522405993e-02  -4.423196608967e-02  -7.809114291974e-04
   7.207102319294e-03   8.671332394699e-03   9.191096941425e-02  -3.079721621760e-02   1.007318980599e-02   3.148079066755e-02   2.687310462157e-01  -5.174990863324e-02   1.692642115516e-02   1.770437948273e-02   2.780523002231e-01  -2.199588065998e-02   7.194438590568e-03   4.106689672373e-03   1.181107981941e-01  -3.157380971055e-03   1.032719892167e-03  -3.870608486578e-01  -2.837243602924e-02  -4.474194385471e-04   1.266003189201e-01  -7.668928163007e-02   1.000043594220e-02   6.851002894602e-02   7.590195324772e-02   2.791299501370e-02  -2.565789391584e-02  -5.789887904662e-02  -1.329043559048e-03   0.000000000000e+00  -4.235294103029e-17  -2.525421837595e-17  -1.299705220602e-17   1.000000000000e+00   0.000000000000e+00   0.000000000000e+00   9.468136807378e-04   6.372463580231e-03   6.986695557481e-03   2.558401114515e-03   1.469825004267e-02  -3.924660988329e-03   5.311875267954e-03  -7.455074550253e-03  -5.106820132179e-02  -5.657541624597e-02  -2.080522405993e-02  -7.757283212187e-03   4.757865257411e-02   8.399968815678e-04
   8.452829157334e-02   1.017014717588e-01  -3.079721621760e-02  -2.666674413897e-01   1.181431159532e-01   3.692215448894e-01  -5.174990863324e-02  -3.338039318111e-01   1.985210420651e-01   2.076453038602e-01  -2.199588065998e-02   2.194967472728e-02   8.437976539642e-02   4.816519131389e-02  -3.157380971055e-03   8.134875311501e-02   1.211222545363e-02   5.311190225835e-02  -2.037458704925e-01  -5.247545973621e-03  -2.837243602924e-02  -1.105342350793e-01   1.437543819741e-02   9.848187546113e-02   1.091076273357e-01   4.012440428032e-02  -5.789887904662e-02  -6.860843224096e-02  -1.910475068806e-03   3.081225033956e-18  -3.388235282423e-16   0.000000000000e+00   1.039764176481e-16   0.000000000000e+00   1.000000000000e+00   0.000000000000e+00   1.072805727295e-02   7.220444280572e-02   7.916411815144e-02   2.898846335037e-02  -3.924660988329e-03  -2.942451332435e-02   6.018723985587e-02   1.584950989968e-02   1.085711426428e-01   1.202794973845e-01   4.423196608967e-02   4.757865257411e-02  -8.653024276328e-02  -1.785835782105e-03
  -2.764761330954e-02  -3.326463734050e-02   1.007318980599e-02   1.181431159532e-01   5.589443057309e-02  -1.207654184019e-01   1.692642115516e-02   1.985210420651e-01   2.082108816285e-01  -6.791687090575e-02   7.194438590568e-03   8.437976539642e-02   2.523286931107e-01  -1.575392758614e-02   1.032719892167e-03   1.211222545363e-02   1.144183237323e-01  -2.837243602924e-02  -2.856156298199e-01   2.251845757701e-01  -2.435233257158e-02   1.651730947063e-01   3.299819246825e-04   2.260608571699e-03   2.504518079473e-03   9.210382298845e-04  -1.329043559048e-03  -1.910475068806e-03   1.457626109549e-02  -1.381709796667e-16   1.694117641212e-16   0.000000000000e+00   5.198820882407e-17   0.000000000000e+00   0.000000000000e+00   1.000000000000e+00  -1.452000625553e-02  -9.772589151437e-02  -1.071455401036e-01  -3.923475224605e-02   5.311875267954e-03   6.018723985587e-02  -6.641645268068e-02   2.798216882953e-04   1.916813871645e-03   2.123523833765e-03   7.809114291975e-04   8.399968815678e-04  -1.785835782105e-03   1.459058045042e-02
   1.207853000309e-02   1.097284650615e-02   4.999527459825e-04   2.175883415541e-03  -1.085301904770e-01   1.893955985289e-01   1.791530084839e-03   7.797058084727e-03  -3.889069575382e-01   2.675494629060e-01   1.726203655249e-03   7.512745825449e-03  -3.747258376151e-01   1.765388016702e-01   6.741743149500e-04   2.934126720718e-03  -1.463503649179e-01   6.608853113842e-05  -1.434655761057e-02   4.130571296848e-01  -3.296408631809e-03  -1.362219493839e-04   1.116821131252e-03   3.937862282356e-02   1.292976446227e-01   1.242548730396e-01  -9.422873147095e-03  -4.165710505437e-03  -1.488153079208e-02   1.114943332069e-03   3.934932431362e-02   1.292621514528e-01   1.242422924432e-01   9.468136807378e-04   1.072805727295e-02  -1.452000625553e-02   1.000000000000e+00   7.063772200372e-01   3.736639626622e-01   1.837659445759e-01   0.000000000000e+00  -9.887353122050e-18   0.000000000000e+00   1.116532382008e-03   3.937411938271e-02   1.292921900954e-01   1.242529398177e-01   8.676290511607e-03  -5.690488495953e-03  -1.482643449614e-02
   7.485999078399e-02   8.973146829908e-02   8.130363798384e-04   3.538479164956e-03  -1.764946665013e-01   4.281888347656e-01   2.265127260462e-03   9.858237362899e-03  -4.917158571647e-01   5.815663357720e-01   2.898218668964e-03   1.261356395596e-02  -6.291479079059e-01   4.417396283129e-01   1.539964253386e-03   6.702198770573e-03  -3.342968212313e-01   4.276910584903e-05  -9.284355854883e-03   2.673093772381e-01  -2.133266502780e-03  -8.815585505997e-05   3.937862282356e-02   1.615705052211e-01   3.292365984608e-01   3.222759046797e-01  -6.337739489204e-02  -2.801819313363e-02  -1.000918338690e-01   3.934932431362e-02   1.614943194128e-01   3.291621571035e-01   3.222456607801e-01   6.372463580231e-03   7.220444280572e-02  -9.772589151437e-02   7.063772200372e-01   1.000000000000e+00   7.889632276872e-01   4.631805400595e-01   2.647058814393e-18   0.000000000000e+00  -6.776470564846e-16   3.937411938271e-02   1.615587961452e-01   3.292251586799e-01   3.222712572064e-01   5.836197260131e-02  -3.827766408290e-02  -9.973155724572e-02
