ARMA_MAT_TXT_FN008
60 60
   1.857571338809e-01   3.139140101880e-01  -6.530197059656e-02  -8.970566298109e-02   1.840145724124e-02   2.354074726835e-02  -5.217599268559e-16  -1.668159890838e-15  -1.681342390039e-03  -6.205945442211e-16  -1.403947900389e-15  -4.427768492698e-04  -1.769916441365e-16   1.031837901051e-15   1.380560444699e-03   8.190953451639e-16  -3.357220066182e-16   2.165769733532e-03  -2.781083290397e-16   5.094137428755e-16   4.706046764886e-04  -2.661486257103e-03  -2.457430629426e-16  -1.819208434477e-16   1.056369976392e-03   2.098389105806e-17  -6.735729033475e-17  -2.080985708442e-05  -2.700393894292e-16  -1.115758556839e-13  -5.340450094129e-05  -1.618513165829e-04   3.798373423287e-04   5.478367934260e-04  -8.072406441343e-04  -2.832012311634e-03  -2.016270688951e-16  -1.239632802864e-15  -6.671806125586e-04  -2.079541924856e-16  -1.184685636220e-15  -1.582091539357e-04   4.107744199523e-16   1.580676894277e-15   2.841980993895e-04  -9.343931429662e-17  -1.520798156494e-15   7.695730810387e-04  -1.147332615684e-15   1.456117904276e-15  -1.717391584986e-03   2.051042292039e-03   1.467811806991e-15  -1.466626019024e-15   1.428561650858e-03   2.732986325958e-16   2.343942319639e-16   5.786810273224e-04  -2.256115650272e-17   6.854472954692e-15
   3.139140101880e-01   5.498933095427e-01  -1.845220265046e-01  -2.462151555288e-01   5.412923114927e-02   6.800593954054e-02  -2.913577400464e-16  -2.695586932219e-15  -4.898662346870e-03  -7.364976580572e-16  -2.320810400039e-15  -1.251328760986e-03  -6.499198560256e-16   1.670294231436e-15   3.972547770055e-03   1.867846275358e-15  -6.814430433301e-16   6.476135026465e-03  -5.709519663073e-16   8.671046236154e-16   1.407932647528e-03  -7.542373678091e-03  -6.059470986147e-16  -6.191244767143e-17   2.999691599829e-03   2.417844766783e-17  -1.356028491894e-16  -8.696327625519e-05  -5.261621354208e-16  -3.239117241666e-13  -1.618513165834e-04  -4.899960039256e-04   1.141028053331e-03   1.667307363468e-03  -2.453099781516e-03  -8.268813749278e-03   1.749003128058e-16  -1.774673423481e-15  -1.868511342234e-03   1.395169501158e-18  -1.813220070205e-15  -4.441363814501e-04   3.115790000189e-16   2.682769680512e-15   7.811961792633e-04   2.185784652612e-16  -2.650379841364e-15   2.084179218018e-03  -2.526134041420e-15   3.379515441443e-15  -4.998527144108e-03   5.840172956974e-03   3.355995151883e-15  -3.814353941223e-15   4.095870894915e-03   4.600679185275e-16   4.803996334159e-16   1.655309223287e-03  -3.293541084893e-17   2.024646590500e-14
  -6.530197059656e-02  -1.845220265046e-01   3.073847785217e-01   3.992670775202e-01  -1.135881801767e-01  -1.335346575116e-01  -1.924175093091e-15  -1.016778005046e-15   1.094938173393e-02  -9.033100679285e-16   1.318849731938e-17   2.699367706361e-03   1.451738385551e-15  -3.357638772162e-16  -8.045260679646e-03  -1.979824397840e-15   3.039309976926e-16  -1.434244881974e-02   5.766909820145e-16  -5.620726948705e-16  -3.309729409010e-03   1.361266223594e-02   8.983351065729e-16  -9.293035421560e-16  -5.405097703099e-03   3.494044400562e-17   5.684920496895e-17   3.766614584014e-04   3.530329130584e-16   6.496756683009e-13   3.798373423286e-04   1.141028053332e-03  -2.580138042799e-03  -3.971956163627e-03   5.826698537771e-03   1.692943531924e-02  -8.929993572371e-16  -2.387076005949e-15   3.157194174134e-03  -9.771749329834e-16  -6.820099997712e-16   7.653651068009e-04   1.487993006890e-15  -2.698412350949e-16  -1.206875205938e-03  -1.263763938152e-15   2.025979893722e-15  -2.871600033081e-03   2.990847428961e-15  -3.642535284752e-15   1.010240097564e-02  -1.077514869721e-02  -4.332974837773e-15   6.043807487729e-15  -7.790827653329e-03  -6.884722122828e-17  -4.562361655459e-16  -3.091872683979e-03   5.465966595105e-19  -4.337258349071e-14
  -8.970566298109e-02  -2.462151555288e-01   3.992670775202e-01   5.439679913753e-01  -2.438316307279e-01  -2.598717986185e-01  -1.586542465043e-15   7.349332260803e-15   1.578754066745e-02  -7.539710877724e-16   2.437859245748e-15   3.828751268381e-03   2.135470156160e-15  -9.603252763998e-16  -1.416884264378e-02  -1.737439657701e-15  -5.591057167266e-16  -2.404898052362e-02   1.290292115328e-15  -1.755593271390e-15  -6.021922700361e-03   2.322912798621e-02   1.495411748388e-15  -1.360645379499e-15  -9.315058098093e-03   3.474660363738e-17   1.921514510029e-16  -1.405695626612e-04   4.300585067072e-16   1.303490027048e-12   5.478367934266e-04   1.667307363470e-03  -3.971956163630e-03  -5.747212795847e-03   8.895734280255e-03   3.026975962661e-02  -4.638794892719e-15   4.967663470085e-15   8.322896618531e-03  -2.029839481242e-15   1.408074913301e-15   2.058234727745e-03   2.255058607485e-15  -1.244076097829e-15  -4.053639278627e-03  -1.171111621232e-15   1.192846275875e-15  -9.779356795057e-03   5.254175218636e-15  -6.865036157905e-15   1.803355023964e-02  -1.782381500129e-02  -7.701692508895e-15   9.862383587274e-15  -1.367340438045e-02   5.793623358991e-17  -9.518809454403e-16  -6.877289034947e-03   5.052187800019e-17  -7.606896780370e-14
   1.840145724124e-02   5.412923114927e-02  -1.135881801767e-01  -2.438316307279e-01   4.127500431542e-01   3.833264780155e-01   5.738099198303e-15  -2.104307849351e-14  -2.895759940937e-02   1.077000623445e-15  -6.048747331364e-15  -7.024155958614e-03  -9.488082472507e-17   2.126228263688e-15   2.276788491039e-02  -1.279994097020e-16   2.522497578062e-15   4.316007241297e-02  -6.600557475071e-16   4.115299404913e-15   1.268187131283e-02  -2.537584148667e-02  -1.921018738979e-15   1.430371044490e-15   9.942288870807e-03   1.571514297057e-17   1.093833292444e-18  -5.285034503638e-04   1.920670575684e-18  -2.025826620135e-12  -8.072406441388e-04  -2.453099781525e-03   5.826698537777e-03   8.895734280263e-03  -1.418081234906e-02  -4.384931513858e-02   9.270436708716e-15  -8.460016574837e-15  -9.699333276464e-03   2.114361224017e-15  -2.843961697851e-15  -2.548210068706e-03  -2.589305090313e-15   6.161580630165e-16   4.526276448018e-03  -2.340472242531e-15  -3.702919089425e-15   8.235436517281e-03  -7.396764713506e-15   5.234860234765e-15  -2.773763489091e-02   2.047025073293e-02   1.000697392330e-14  -1.064809367644e-14   1.790844691579e-02  -5.244390398408e-16   1.381214948109e-15   9.506186488002e-03  -1.030525171076e-16   1.104891618989e-13
   2.354074726835e-02   6.800593954054e-02  -1.335346575116e-01  -2.598717986185e-01   3.833264780155e-01   3.615210793043e-01  -1.231584228292e-14   3.720009247902e-14  -3.087544684095e-02  -3.654807340091e-15   9.319392305722e-15  -7.459600455530e-03  -6.015135279274e-16   2.157781475869e-16   2.464563498582e-02   8.671814748664e-16  -6.717943477119e-15   4.942213153223e-02  -9.850016287222e-16  -2.541172671459e-15   1.236527667386e-02  -2.506120038916e-02  -2.079505962682e-15   2.493969840349e-15   1.022503871643e-02   6.414532160372e-18  -3.152630429412e-16  -2.577257801995e-03  -5.540885791880e-16  -1.901793495494e-12  -2.832012311626e-03  -8.268813749262e-03   1.692943531923e-02   3.026975962659e-02  -4.384931513856e-02  -6.937218525870e-02  -1.788134192791e-14   8.414860611447e-15  -6.933458980388e-03  -4.856950865530e-15   1.879559343562e-15  -1.876896753197e-03   8.787671155976e-16   5.612836768475e-15   2.898672209252e-03   8.338249133838e-15   6.606078854830e-15   2.316704063056e-03  -1.443275722029e-15   1.218057590754e-14  -2.771653718834e-02   2.210855307530e-02   9.613782751303e-15  -1.165726797204e-14   1.824719835331e-02  -1.708780616387e-16   1.126496305333e-15   7.537635163526e-03   1.586989247192e-16   2.464331894897e-13
  -5.217599268559e-16  -2.913577400464e-16  -1.924175093091e-15  -1.586542465043e-15   5.738099198303e-15  -1.231584228292e-14   1.634911789469e+00  -1.390367313468e-15   5.317528096815e-16   4.313028088445e-01  -1.480508559715e-15   7.548472816985e-16  -2.636520608460e-02  -2.487234322581e-15  -1.310912526574e-15  -2.119569180772e-01   3.877730385057e-15  -5.680932622618e-16  -1.261102279409e-01  -3.225752184897e-15   2.882222579647e-15   6.288689593828e-14   1.702699631192e-02   4.350860119504e-15  -2.803665781674e-14  -2.464853305179e-16   1.217575980360e-16   2.491908495737e-16   3.208643896929e-03   3.564536502481e-17  -9.576281349981e-16  -1.452475608943e-15  -1.392902791245e-15   1.784229751423e-15  -4.417539308363e-15   1.225804209431e-14  -9.153073088476e-03  -4.513262593514e-16   2.226445238335e-16  -2.221754398980e-03   7.688450299592e-16   4.697057419947e-16   8.325318778595e-03  -6.956512189210e-16  -1.596658560639e-15   1.647780496355e-02   1.875764626090e-15  -1.571589852681e-16   2.768849050649e-02  -3.356588282061e-15   4.027044389970e-15  -6.360225991953e-14  -4.113211833206e-03  -5.106795520314e-16  -2.973987091200e-14  -4.642983864435e-16  -7.857615484652e-16   3.721098987630e-16  -1.006332173813e-02   2.026276606596e-17
  -1.668159890838e-15  -2.695586932219e-15  -1.016778005046e-15   7.349332260803e-15  -2.104307849351e-14   3.720009247902e-14  -1.390367313468e-15   1.634911789465e+00   2.380509798847e-15  -1.434285971783e-15   4.313028088436e-01   7.565152105585e-16   2.689946247518e-15  -2.636520608095e-02   2.246803780894e-15  -2.427853924847e-15  -2.119569180680e-01  -4.398269229174e-15   1.893538765455e-15  -1.261102279456e-01  -8.250987236724e-15  -1.884611453982e-13   9.551634792349e-16   1.702699630524e-02   8.680408688725e-14  -2.015689285570e-16   3.208643896638e-03   8.724317340088e-16   2.424934625794e-15   1.008145935834e-16  -1.910029060991e-15  -3.572426351729e-15   2.727812052239e-15  -5.217385225855e-16   1.290757824155e-14  -3.604234836024e-14   3.972923335802e-17  -9.153073088214e-03  -7.390711973620e-15   1.325145776530e-15  -2.221754398905e-03  -3.823732672411e-15  -3.301056802039e-16   8.325318778238e-03   2.890078346835e-15   1.502107899870e-15   1.647780496319e-02  -2.632951769245e-15   1.179700055091e-15   2.768849050821e-02  -4.943186092695e-15   1.914477517070e-13  -3.509700498706e-15  -4.113211830413e-03   8.058678157068e-14   9.171830221164e-17  -1.006332173776e-02  -7.153236739554e-16  -6.057263895922e-16   5.990417965225e-17
  -1.681342390039e-03  -4.898662346870e-03   1.094938173393e-02   1.578754066745e-02  -2.895759940937e-02  -3.087544684095e-02   5.317528096815e-16   2.380509798847e-15   1.570294923489e+00  -5.346493900907e-16   1.533229677779e-15   4.161403451274e-01   1.905483945053e-15  -1.853506900138e-15   2.715474070262e-02  -1.524111715006e-15   2.967087872378e-15  -1.118732811124e-01   3.448369693076e-16  -4.246859059205e-15  -3.047925293525e-02  -7.134417023998e-03   2.998451607287e-16   2.148369821070e-15   5.547284793787e-03   5.880657500910e-16  -1.118184752064e-15   1.596452619029e-02  -3.376798733878e-16   2.334486067066e-13   6.671806125604e-04   1.868511342235e-03  -3.157194174133e-03  -8.322896618528e-03   9.699333276456e-03   6.933458980398e-03   1.976542225357e-15   6.222094900444e-15  -5.434819997559e-02   4.079370862867e-16   3.224036411697e-15  -1.297709078978e-02   1.783368405977e-15  -3.442390811344e-15   3.513251902943e-02   5.994216297604e-16   1.936523665108e-15   1.021420113933e-01   5.634298624020e-15  -3.673823989967e-16   3.472321922537e-02  -9.449539112241e-03  -5.535148888370e-15   2.267877525449e-15  -8.342789664615e-03  -1.200098769871e-15  -1.300252249323e-15   1.542052641424e-02   2.119896695708e-16   4.494951763410e-14
  -6.205945442211e-16  -7.364976580572e-16  -9.033100679285e-16  -7.539710877724e-16   1.077000623445e-15  -3.654807340091e-15   4.313028088445e-01  -1.434285971783e-15  -5.346493900907e-16   1.138609729186e-01  -6.752936290667e-16   1.322727589354e-17  -4.675880583574e-03  -7.066719645977e-16  -5.489785624731e-16  -5.068107305687e-02   1.023879874114e-15  -5.831543561305e-16  -3.007741070946e-02  -8.451864154293e-16   6.396319461376e-16   1.661918825093e-14   4.048106166615e-03   1.127903566850e-15  -7.409025151421e-15  -6.620695656341e-17   3.349062394325e-17   1.326812897480e-16   7.480360678707e-04   1.015914747407e-17  -6.579021700849e-16  -9.837753546599e-16  -5.487645637087e-16   2.174446152488e-16  -1.000480577733e-15   3.426507227287e-15  -2.221754398980e-03  -5.392160920244e-16  -1.367177948207e-15  -5.390567559414e-04   9.598069138517e-17  -2.510264497010e-16   2.014919395248e-03  -2.194094854261e-16  -3.419168699802e-16   4.003965883077e-03   4.558019814447e-16   3.462324806560e-16   6.643476562286e-03  -8.941872714279e-16   1.192056023508e-15  -1.688579295406e-14  -9.808948818695e-04  -1.385390147870e-16  -7.868053715457e-15  -1.284772113666e-16  -2.075134370775e-16   1.455387119753e-16  -2.400385935983e-03   4.855099167268e-18
  -1.403947900389e-15  -2.320810400039e-15   1.318849731938e-17   2.437859245748e-15  -6.048747331364e-15   9.319392305722e-15  -1.480508559715e-15   4.313028088436e-01   1.533229677779e-15  -6.752936290667e-16   1.138609729184e-01   4.371255110333e-16   6.804749296051e-16  -4.675880582731e-03   5.442844127832e-16  -5.948204168799e-16  -5.068107305477e-02  -1.378460606393e-15   4.433539852518e-16  -3.007741071063e-02  -2.269896386700e-15  -4.984422053838e-14   2.409283574511e-16   4.048106165027e-03   2.294435710929e-14  -5.221494507676e-17   7.480360678041e-04   2.539093259294e-16   5.893829947541e-16   2.839819340050e-17  -1.450088876346e-15  -2.635157635136e-15   1.408625129679e-15   7.296229803914e-16   3.322996004569e-15  -9.600166027145e-15  -1.559723080942e-15  -2.221754398907e-03  -4.758755584432e-15  -5.503300113253e-17  -5.390567559214e-04  -1.754191802687e-15   1.511284654821e-16   2.014919395156e-03   7.038491387316e-16   1.150243637317e-15   4.003965882974e-03  -5.084280887100e-16   7.443674718494e-16   6.643476562698e-03  -1.285803587895e-15   5.057032395488e-14  -9.387824973097e-16  -9.808948811998e-04   2.139045071230e-14   7.601022084448e-18  -2.400385935899e-03  -1.936990302500e-16  -1.347804119627e-16   1.423016839469e-17
  -4.427768492698e-04  -1.251328760986e-03   2.699367706361e-03   3.828751268381e-03  -7.024155958614e-03  -7.459600455530e-03   7.548472816985e-16   7.565152105585e-16   4.161403451274e-01   1.322727589354e-17   4.371255110333e-16   1.103171913527e-01   5.001032966973e-16  -4.925343499776e-16   8.186111474351e-03  -4.947352496492e-16   7.512401214462e-16  -2.700823725419e-02   8.137924034705e-17  -1.153379865555e-15  -7.241739615794e-03  -1.729253512360e-03   7.076477341527e-17   6.586392253619e-16   1.303869058325e-03   1.558150082042e-16  -2.859865299157e-16   3.822811676097e-03  -6.705560048201e-17   5.629445933369e-14   1.582091539369e-04   4.441363814514e-04  -7.653651067996e-04  -2.058234727742e-03   2.548210068703e-03   1.876896753199e-03   1.776997359536e-15   2.483012192591e-15  -1.297709078977e-02   4.303699615684e-16   1.069341157448e-15  -3.095451254940e-03   3.241278928495e-16  -9.249569194626e-16   8.427657201359e-03  -2.870750320348e-16   3.299308418457e-16   2.450619334592e-02   1.212314373350e-15  -3.480005013594e-17   8.344729306985e-03  -2.265111471983e-03  -1.393734332780e-15   3.552970528881e-16  -1.999400615216e-03  -3.237164602668e-16  -3.367477275618e-16   3.695013572868e-03   4.093329349030e-17   9.718294744744e-15
  -1.769916441365e-16  -6.499198560256e-16   1.451738385551e-15   2.135470156160e-15  -9.488082472507e-17  -6.015135279274e-16  -2.636520608460e-02   2.689946247518e-15   1.905483945053e-15  -4.675880583574e-03   6.804749296051e-16   5.001032966973e-16   6.556796371795e-02   1.081491667054e-17   1.191910966588e-16   1.529351174837e-01   1.348137638850e-16   5.645090028119e-16   9.360863076488e-02   2.782604875684e-16   2.662999197699e-16   5.495369781354e-16  -1.301855549241e-02  -4.838777355144e-16  -5.967204403454e-16  -3.107385272662e-17  -1.637971137577e-17  -5.767001790767e-17  -2.620258716231e-03   2.200389687343e-17   8.388813242634e-16   1.260539508780e-15   3.901730836891e-16   5.502519458599e-16  -4.542801492689e-16  -3.313249927366e-17   8.325318778591e-03   2.673608676031e-15  -9.870782031513e-16   2.014919395247e-03   8.675895898512e-16  -2.993467839082e-16  -7.320372854396e-03  -3.579561235097e-17   1.434447252204e-16  -1.492221352071e-02  -4.144091753783e-16   1.583649252466e-16  -2.225460051512e-02   6.496471654897e-16  -5.456863142178e-16  -9.749471783484e-16   3.448341285513e-03  -7.373743678369e-16   9.587926776335e-16  -1.240671348879e-16   2.533772006769e-17  -2.318802773872e-16   7.322151663869e-03  -1.310374967507e-17
   1.031837901051e-15   1.670294231436e-15  -3.357638772162e-16  -9.603252763998e-16   2.126228263688e-15   2.157781475869e-16  -2.487234322581e-15  -2.636520608095e-02  -1.853506900138e-15  -7.066719645977e-16  -4.675880582731e-03  -4.925343499776e-16   1.081491667054e-17   6.556796371531e-02   2.415970421715e-16   2.551195474494e-16   1.529351174762e-01   6.868322708682e-16  -3.315625768732e-16   9.360863076795e-02  -3.966703241977e-17  -3.766782693262e-16  -6.480682960761e-16  -1.301855548747e-02  -5.203600253079e-16   2.864623889723e-17  -2.620258716019e-03  -4.207279959076e-17  -3.514047471791e-16   5.321829567544e-17   1.333456242716e-15   2.450327017747e-15  -1.120461433156e-15  -1.496563187113e-15  -2.380668308049e-16   1.156625524041e-15   4.231071873070e-15   8.325318778246e-03   3.832819061586e-15   1.125408631304e-15   2.014919395158e-03   1.017756884815e-15  -7.395749594338e-16  -7.320372854013e-03  -1.072907424312e-16  -4.396710859972e-16  -1.492221352013e-02  -2.356569822727e-16  -6.880008173414e-16  -2.225460051629e-02  -1.954312374815e-15  -9.008072478198e-16   1.629610922387e-15   3.448341283370e-03   3.005654855192e-15  -5.095907795567e-16   7.322151663571e-03  -5.429023243822e-16   2.152554240946e-16  -4.263592800682e-17
   1.380560444699e-03   3.972547770055e-03  -8.045260679646e-03  -1.416884264378e-02   2.276788491039e-02   2.464563498582e-02  -1.310912526574e-15   2.246803780894e-15   2.715474070262e-02  -5.489785624731e-16   5.442844127832e-16   8.186111474351e-03   1.191910966588e-16   2.415970421715e-16   2.726159395985e-02  -1.062541497966e-16  -8.096516673944e-17   6.913410537164e-02   1.579569240905e-16  -6.096158383322e-16   2.168685867592e-02   3.635581348196e-03  -3.181639007335e-16   2.421538389856e-15  -4.035035502272e-03   9.564339879726e-18   5.245540699683e-17  -1.069753553071e-02  -9.093954705135e-18  -1.744667855897e-13  -2.841980993899e-04  -7.811961792637e-04   1.206875205937e-03   4.053639278624e-03  -4.526276448013e-03  -2.898672209253e-03  -3.472214220156e-15  -1.220228617241e-16   3.513251902942e-02  -1.044266504608e-15  -1.390863844705e-16   8.427657201357e-03  -6.103267141132e-16   3.487092757906e-16  -2.273264544498e-02  -7.136187842037e-16  -1.123182808182e-15  -6.604775860278e-02  -1.058827853257e-15   3.896401024462e-15  -2.254242684844e-02   6.718819687667e-03   1.205283880988e-15  -6.948962911968e-15   5.838244908944e-03  -1.428369395667e-16   3.195727224663e-16  -1.003617995326e-02  -5.704747496784e-17  -3.760937059072e-14
   8.190953451639e-16   1.867846275358e-15  -1.979824397840e-15  -1.737439657701e-15  -1.279994097020e-16   8.671814748664e-16  -2.119569180772e-01  -2.427853924847e-15  -1.524111715006e-15  -5.068107305687e-02  -5.948204168799e-16  -4.947352496492e-16   1.529351174837e-01   2.551195474494e-16  -1.062541497966e-16   3.707656379834e-01   7.962109704190e-16   5.199380760175e-16   2.260462390557e-01   1.385569718855e-15   2.416600041214e-16  -5.393623141457e-15  -3.137510077535e-02  -1.795726788838e-15   1.599977892692e-15  -4.681785167626e-17  -1.244808089614e-16   5.715900840373e-18  -6.634530444295e-03   4.590130834514e-17  -9.012438741541e-16  -1.333043093544e-15  -1.721596531371e-16  -7.151818744593e-16   1.175199561769e-15   1.824172606783e-16   1.647780496355e-02  -1.927440412136e-16   1.432587454100e-15   4.003965883078e-03   2.488819968258e-16   2.664251849060e-16  -1.492221352071e-02   1.371583510830e-16   8.131725289406e-16  -2.935686958855e-02   5.442694905877e-17   8.355291711496e-16  -4.978369179332e-02   1.902327579316e-15  -1.488545535563e-15   4.408508193438e-15   7.761284874154e-03  -9.685347413402e-16   5.223570569288e-15  -2.942314072625e-16   2.159874723192e-16  -4.018488198906e-16   1.788407302974e-02  -3.359041489725e-17
  -3.357220066182e-16  -6.814430433301e-16   3.039309976926e-16  -5.591057167266e-16   2.522497578062e-15  -6.717943477119e-15   3.877730385057e-15  -2.119569180680e-01   2.967087872378e-15   1.023879874114e-15  -5.068107305477e-02   7.512401214462e-16   1.348137638850e-16   1.529351174762e-01  -8.096516673944e-17   7.962109704190e-16   3.707656379629e-01   1.640963649438e-16  -1.045767205471e-15   2.260462390617e-01   1.083853815985e-17   1.610795271012e-14  -1.455768421392e-15  -3.137510076324e-02  -8.953527352825e-15   8.715087824645e-17  -6.634530443686e-03   1.205692514990e-17  -1.120182438019e-15   1.083960728932e-16  -1.222567351665e-15  -2.211240701881e-15   1.122911560706e-15   1.631371395305e-15  -2.382750177951e-15   5.191681409045e-15  -4.624054503015e-15   1.647780496318e-02  -1.222087761841e-15  -1.326843230556e-15   4.003965882972e-03  -1.303961479599e-16  -1.742367101293e-15  -1.492221352013e-02  -4.985481464478e-16   5.556536133988e-17  -2.935686958808e-02   1.184044118660e-15  -1.038435288279e-15  -4.978369179618e-02  -3.490458571217e-15  -1.953205793955e-14   3.790064169082e-15   7.761284869189e-03  -4.673019567480e-16  -1.133337031793e-15   1.788407302888e-02  -1.065190807372e-15   5.617958728158e-16  -1.077510676791e-16
   2.165769733532e-03   6.476135026465e-03  -1.434244881974e-02  -2.404898052362e-02   4.316007241297e-02   4.942213153223e-02  -5.680932622618e-16  -4.398269229174e-15  -1.118732811124e-01  -5.831543561305e-16  -1.378460606393e-15  -2.700823725419e-02   5.645090028119e-16   6.868322708682e-16   6.913410537164e-02   5.199380760175e-16   1.640963649438e-16   1.976477954695e-01   1.327878381976e-15  -8.010233801806e-16   6.182021008978e-02   1.226462324371e-02  -8.900569800785e-16   6.133710747982e-15  -1.228641811193e-02  -4.450408894600e-17   2.913554000362e-16  -3.066042637824e-02   3.071033511068e-16  -3.907507534296e-13  -7.695730810384e-04  -2.084179218018e-03   2.871600033082e-03   9.779356795055e-03  -8.235436517271e-03  -2.316704063067e-03   1.058055665271e-14  -2.011588612861e-15   1.021420113933e-01   2.416448498909e-15  -9.900686370423e-16   2.450619334592e-02  -3.549811881439e-15   9.911179077403e-16  -6.604775860278e-02  -8.022171043795e-15  -3.704373416740e-15  -1.914146621932e-01  -6.782393092353e-15   9.841810084918e-15  -6.366867757686e-02   1.789585386780e-02   3.768586206516e-15  -1.841451321878e-14   1.569537411393e-02  -2.597591098875e-16   9.712594005593e-16  -2.944686358172e-02  -2.688696632451e-16  -1.340754711938e-13
  -2.781083290397e-16  -5.709519663073e-16   5.766909820145e-16   1.290292115328e-15  -6.600557475071e-16  -9.850016287222e-16  -1.261102279409e-01   1.893538765455e-15   3.448369693076e-16  -3.007741070946e-02   4.433539852518e-16   8.137924034705e-17   9.360863076488e-02  -3.315625768732e-16   1.579569240905e-16   2.260462390557e-01  -1.045767205471e-15   1.327878381976e-15   1.405805197369e-01  -1.900741933639e-16   1.298033537685e-16   3.988800311219e-16  -1.958723516346e-02   1.599655602208e-16  -7.435120628268e-16  -3.753771196894e-17   6.076148495481e-17  -5.686288471047e-17  -2.452877979999e-03   3.465881391801e-17   8.416342089405e-16   1.305005237367e-15   3.108548236734e-16   3.650927344432e-16  -5.685666028891e-16   2.959089161053e-17   2.768849050648e-02  -2.011655815884e-15  -2.460079323550e-15   6.643476562284e-03  -3.992083221068e-16  -7.249917958660e-16  -2.225460051512e-02  -3.227466579582e-16   3.353026712100e-16  -4.978369179332e-02  -1.828127493136e-15   9.777916412917e-16  -4.957554785022e-02   2.781927249326e-15  -1.089711221742e-15  -1.459621662075e-15   7.394890331131e-03  -4.232572815453e-15   1.679189639614e-15   7.895330149066e-17  -8.779200036759e-17  -3.978330822524e-16   1.020685469475e-02  -1.241602208632e-17
   5.094137428755e-16   8.671046236154e-16  -5.620726948705e-16  -1.755593271390e-15   4.115299404913e-15  -2.541172671459e-15  -3.225752184897e-15  -1.261102279456e-01  -4.246859059205e-15  -8.451864154293e-16  -3.007741071063e-02  -1.153379865555e-15   2.782604875684e-16   9.360863076795e-02  -6.096158383322e-16   1.385569718855e-15   2.260462390617e-01  -8.010233801806e-16  -1.900741933639e-16   1.405805197522e-01  -1.813692566417e-16   1.185432228693e-14  -1.474857155891e-15  -1.958723515734e-02  -6.258675468374e-15   3.947622461230e-17  -2.452877979862e-03   2.212437664489e-16  -6.747032471025e-16   8.845900951225e-17   1.367065239365e-15   2.572830818407e-15  -1.371325102078e-15  -1.667722654677e-15  -1.079261826542e-15   3.804553147065e-15   5.109140107512e-15   2.768849050822e-02  -1.455244374774e-15   1.316512816731e-15   6.643476562699e-03  -2.871965356949e-16   2.965699517563e-16  -2.225460051629e-02   3.640949722944e-16   2.220906835174e-15  -4.978369179619e-02   1.636975111255e-15   8.519389620848e-16  -4.957554785702e-02  -1.009129952612e-15  -1.380335631329e-14   3.053499564743e-15   7.394890327764e-03  -1.686039646980e-15  -9.160317719517e-16   1.020685469510e-02  -4.084184220930e-16   4.864696563330e-16  -4.431381165751e-17
   4.706046764886e-04   1.407932647528e-03  -3.309729409010e-03  -6.021922700361e-03   1.268187131283e-02   1.236527667386e-02   2.882222579647e-15  -8.250987236724e-15  -3.047925293525e-02   6.396319461376e-16  -2.269896386700e-15  -7.241739615794e-03   2.662999197699e-16  -3.966703241977e-17   2.168685867592e-02   2.416600041214e-16   1.083853815985e-17   6.182021008978e-02   1.298033537685e-16  -1.813692566417e-16   2.160374288727e-02   5.438261769386e-03   7.806618075105e-17   1.971367426356e-15  -5.232439502992e-03  -9.607373750334e-18   1.240965688248e-16  -8.984118105336e-03  -6.180288240904e-17  -1.153745526998e-13   1.717391584983e-03   4.998527144100e-03  -1.010240097563e-02  -1.803355023962e-02   2.773763489089e-02   2.771653718832e-02  -3.420546062661e-15  -1.415344308717e-15   3.472321922533e-02  -9.813928520815e-16  -5.667682607855e-16   8.344729306973e-03  -3.662432319858e-17   3.137534110561e-17  -2.254242684844e-02   4.452063840739e-16  -2.150536052005e-15  -6.366867757685e-02   2.057053634984e-16   2.839361120831e-15  -2.104333290104e-02   3.717264670726e-03  -1.504037133993e-18  -6.037584670032e-15   4.199423934703e-03  -3.903934860892e-16   2.682731569039e-16  -9.343467915583e-03  -1.850576352678e-17  -1.921002493338e-13
  -2.661486257103e-03  -7.542373678091e-03   1.361266223594e-02   2.322912798621e-02  -2.537584148667e-02  -2.506120038916e-02   6.288689593828e-14  -1.884611453982e-13  -7.134417023998e-03   1.661918825093e-14  -4.984422053838e-14  -1.729253512360e-03   5.495369781354e-16  -3.766782693262e-16   3.635581348196e-03  -5.393623141457e-15   1.610795271012e-14   1.226462324371e-02   3.988800311219e-16   1.185432228693e-14   5.438261769386e-03   3.952102374967e-03   1.621571898285e-16  -1.320562169562e-15  -2.640098341106e-03  -1.595097967865e-18   1.279912232151e-15  -1.917117310363e-03   2.114916854106e-15   1.147331054403e-13   2.051042292015e-03   5.840172956927e-03  -1.077514869717e-02  -1.782381500125e-02   2.047025073293e-02   2.210855307529e-02   1.165272951479e-13  -6.838457843368e-14   9.449539112225e-03   3.034000873054e-14  -1.867792101524e-14   2.265111471980e-03  -1.274672130606e-14  -1.613872917787e-14  -6.718819687638e-03  -4.059945636726e-14  -3.091273408074e-14  -1.789585386772e-02  -2.313105205905e-14  -1.954392647192e-14  -3.717264670699e-03  -1.457325660909e-03   2.132115066181e-15   1.960307077863e-15  -5.764736797424e-04  -1.969239785074e-16   5.292818878060e-17  -3.022856148226e-03  -1.118498296022e-15  -1.188222124974e-13
  -2.457430629426e-16  -6.059470986147e-16   8.983351065729e-16   1.495411748388e-15  -1.921018738979e-15  -2.079505962682e-15   1.702699631192e-02   9.551634792349e-16   2.998451607287e-16   4.048106166615e-03   2.409283574511e-16   7.076477341527e-17  -1.301855549241e-02  -6.480682960761e-16  -3.181639007335e-16  -3.137510077535e-02  -1.455768421392e-15  -8.900569800785e-16  -1.958723516346e-02  -1.474857155891e-15   7.806618075105e-17   1.621571898285e-16   2.731218874250e-03   1.689578737471e-16  -5.748164291578e-17   5.513788351256e-18  -2.896370929621e-16   1.687412849693e-16   2.980854314560e-04  -4.997493369718e-18   5.587494899139e-17   7.530704221129e-16  -2.723085240271e-15  -4.314678418923e-15   4.135095249745e-15   4.013747802061e-15  -4.113211833198e-03  -4.069718872882e-15   2.050098763281e-15  -9.808948818673e-04  -1.003885237877e-15   5.533806300779e-16   3.448341285513e-03   2.618587109844e-15  -8.897862097775e-17   7.761284874155e-03   6.575017020096e-15  -2.218948072084e-16   7.394890331130e-03   3.491601945722e-15   2.931593860169e-16  -9.514131903194e-17  -1.097706901565e-03   1.391537489485e-16  -4.166751863757e-16  -1.774035513166e-17   7.327533795931e-17   7.235387594016e-17  -1.398070981335e-03   1.501696937754e-18
  -1.819208434477e-16  -6.191244767143e-17  -9.293035421560e-16  -1.360645379499e-15   1.430371044490e-15   2.493969840349e-15   4.350860119504e-15   1.702699630524e-02   2.148369821070e-15   1.127903566850e-15   4.048106165027e-03   6.586392253619e-16  -4.838777355144e-16  -1.301855548747e-02   2.421538389856e-15  -1.795726788838e-15  -3.137510076324e-02   6.133710747982e-15   1.599655602208e-16  -1.958723515734e-02   1.971367426356e-15  -1.320562169562e-15   1.689578737471e-16   2.731218872235e-03   4.938742149481e-16  -5.021340262543e-18   2.980854314217e-04  -9.450479008837e-16   7.567778809552e-16  -1.294484781105e-17  -7.613879037967e-16  -1.221378188537e-15  -3.697769007740e-17   3.648884459132e-19   5.563480588119e-16  -3.612430365226e-17   1.065321808091e-15  -4.113211830417e-03   4.995259802960e-15   9.548305952866e-17  -9.808948812009e-04   1.234628581359e-15  -5.467441820464e-15   3.448341283373e-03  -2.013035729004e-15  -1.297106275470e-14   7.761284869198e-03  -6.069345615045e-15  -7.630516634131e-15   7.394890327768e-03  -1.875506803454e-15   2.472624383299e-15   5.900533154527e-16  -1.097706900442e-03   7.474075212108e-16   1.333114913471e-16  -1.398070980853e-03  -8.168922157702e-16  -4.272855055446e-16   5.581105312195e-18
   1.056369976392e-03   2.999691599829e-03  -5.405097703099e-03  -9.315058098093e-03   9.942288870807e-03   1.022503871643e-02  -2.803665781674e-14   8.680408688725e-14   5.547284793787e-03  -7.409025151421e-15   2.294435710929e-14   1.303869058325e-03  -5.967204403454e-16  -5.203600253079e-16  -4.035035502272e-03   1.599977892692e-15  -8.953527352825e-15  -1.228641811193e-02  -7.435120628268e-16  -6.258675468374e-15  -5.232439502992e-03  -2.640098341106e-03  -5.748164291578e-17   4.938742149481e-16   2.005896356010e-03   1.063134962317e-18  -4.984582219016e-16   1.729352256839e-03  -9.747100961444e-16  -3.894785116361e-14  -1.428561650847e-03  -4.095870894892e-03   7.790827653310e-03   1.367340438042e-02  -1.790844691577e-02  -1.824719835329e-02  -4.828059677102e-14   3.220557986985e-14  -8.342789664586e-03  -1.252815949466e-14   8.795985365048e-15  -1.999400615209e-03   6.314727060774e-15   6.856199861333e-15   5.838244908927e-03   1.919371731053e-14   1.314785005042e-14   1.569537411388e-02   1.095487962740e-14   7.959302673942e-15   4.199423934689e-03   5.764736797391e-04  -8.912468484976e-16  -8.761772397913e-17  -8.334651327556e-05   1.888405239838e-16  -1.590947699865e-16   2.396848093079e-03   4.886721637947e-16   1.024101765087e-13
   2.098389105806e-17   2.417844766783e-17   3.494044400562e-17   3.474660363738e-17   1.571514297057e-17   6.414532160372e-18  -2.464853305179e-16  -2.015689285570e-16   5.880657500910e-16  -6.620695656341e-17  -5.221494507676e-17   1.558150082042e-16  -3.107385272662e-17   2.864623889723e-17   9.564339879726e-18  -4.681785167626e-17   8.715087824645e-17  -4.450408894600e-17  -3.753771196894e-17   3.947622461230e-17  -9.607373750334e-18  -1.595097967865e-18   5.513788351256e-18  -5.021340262543e-18   1.063134962317e-18   6.519697840533e-31  -9.159931344198e-18   7.455169162037e-18  -3.931686782859e-18  -2.285503045087e-29   4.617013244957e-17   9.252678839440e-17  -7.199064601496e-17  -9.537369194671e-17   2.828131627703e-17   2.978483154704e-17  -1.155601597974e-16   3.221638400030e-16   3.817975497903e-16  -2.917482264366e-17   8.786457938415e-17   1.021063748547e-16   3.983602913716e-17   7.563358915488e-17   3.046507217628e-17   1.014536494358e-16   1.455184280424e-16   3.870334487892e-17   6.519880101670e-17   8.106550033311e-17   1.283905243294e-17  -6.007771800668e-18  -9.160160522452e-18  -1.117314096802e-17  -4.038914142684e-18  -5.182469427270e-31   7.677964751015e-18   7.150585137817e-18  -1.754515209423e-19  -1.179620752323e-28
  -6.735729033475e-17  -1.356028491894e-16   5.684920496895e-17   1.921514510029e-16   1.093833292444e-18  -3.152630429412e-16   1.217575980360e-16   3.208643896638e-03  -1.118184752064e-15   3.349062394325e-17   7.480360678041e-04  -2.859865299157e-16  -1.637971137577e-17  -2.620258716019e-03   5.245540699683e-17  -1.244808089614e-16  -6.634530443686e-03   2.913554000362e-16   6.076148495481e-17  -2.452877979862e-03   1.240965688248e-16   1.279912232151e-15  -2.896370929621e-16   2.980854314217e-04  -4.984582219016e-16  -9.159931344198e-18   1.038811308357e-03  -4.221766561622e-17   1.272888025909e-16   1.069829929489e-17  -5.469199118890e-17  -1.185547154298e-16   1.261512475923e-16   2.182441063867e-16  -1.806394010997e-16  -3.692107748226e-17   7.138014409148e-16   1.006332173776e-02   4.063541255723e-16   1.718535617564e-16   2.400385935899e-03   8.371928542657e-17  -1.384394884157e-16  -7.322151663571e-03   8.729776038910e-17  -5.830568233084e-16  -1.788407302888e-02  -4.236370107935e-16  -1.916869440954e-16  -1.020685469510e-02   5.321836561207e-16  -9.572563335577e-16   5.115226674513e-16   1.398070980854e-03  -8.969605251690e-16  -1.087798211063e-16  -7.224042586538e-04  -2.505165558720e-17   6.802733357636e-20   1.427516937011e-17
  -2.080985708442e-05  -8.696327625519e-05   3.766614584014e-04  -1.405695626612e-04  -5.285034503638e-04  -2.577257801995e-03   2.491908495737e-16   8.724317340088e-16   1.596452619029e-02   1.326812897480e-16   2.539093259294e-16   3.822811676097e-03  -5.767001790767e-17  -4.207279959076e-17  -1.069753553071e-02   5.715900840373e-18   1.205692514990e-17  -3.066042637824e-02  -5.686288471047e-17   2.212437664489e-16  -8.984118105336e-03  -1.917117310363e-03   1.687412849693e-16  -9.450479008837e-16   1.729352256839e-03   7.455169162037e-18  -4.221766561622e-17   5.024654553007e-03   2.726970419107e-17   3.163120035475e-14   5.786810273234e-04   1.655309223289e-03  -3.091872683981e-03  -6.877289034949e-03   9.506186488003e-03   7.537635163530e-03  -5.451125456830e-16  -2.313309972341e-17  -1.542052641424e-02  -1.088265396805e-16   4.398132341695e-17  -3.695013572867e-03  -1.222503466399e-16  -1.727760920501e-16   1.003617995326e-02  -3.634666068290e-16   3.649634340729e-16   2.944686358171e-02   1.306411673278e-16  -1.485523504440e-15   9.343467915582e-03  -3.022856148238e-03  -5.515634700993e-16   2.677078034191e-15  -2.396848093085e-03  -4.992830469389e-17  -1.367737430177e-16   4.787121332253e-03   9.804657167785e-18  -1.859234147056e-14
  -2.700393894292e-16  -5.261621354208e-16   3.530329130584e-16   4.300585067072e-16   1.920670575684e-18  -5.540885791880e-16   3.208643896929e-03   2.424934625794e-15  -3.376798733878e-16   7.480360678707e-04   5.893829947541e-16  -6.705560048201e-17  -2.620258716231e-03  -3.514047471791e-16  -9.093954705135e-18  -6.634530444295e-03  -1.120182438019e-15   3.071033511068e-16  -2.452877979999e-03  -6.747032471025e-16  -6.180288240904e-17   2.114916854106e-15   2.980854314560e-04   7.567778809552e-16  -9.747100961444e-16  -3.931686782859e-18   1.272888025909e-16   2.726970419107e-17   1.038811308410e-03   2.940965888115e-18   1.301042817866e-16   2.168955946454e-16  -5.421638460660e-17  -3.070067353858e-17  -1.268463754593e-16   4.793636022622e-16   1.006332173813e-02   1.405814653327e-15  -8.427221026764e-16   2.400385935982e-03   3.265009197387e-16  -2.201244279663e-16  -7.322151663868e-03  -4.981959804548e-16   2.027226967125e-17  -1.788407302974e-02  -1.915985562074e-15   4.942314269433e-16  -1.020685469475e-02   4.233678193449e-16  -3.589337109825e-17  -2.424226604282e-15   1.398070981336e-03  -2.017509872341e-15  -9.420676865249e-16   1.553758971500e-16  -1.575182835128e-16  -2.385861085337e-17  -7.224042587091e-04   5.249639848622e-18
  -1.115758556839e-13  -3.239117241666e-13   6.496756683009e-13   1.303490027048e-12  -2.025826620135e-12  -1.901793495494e-12   3.564536502481e-17   1.008145935834e-16   2.334486067066e-13   1.015914747407e-17   2.839819340050e-17   5.629445933369e-14   2.200389687343e-17   5.321829567544e-17  -1.744667855897e-13   4.590130834514e-17   1.083960728932e-16  -3.907507534296e-13   3.465881391801e-17   8.845900951225e-17  -1.153745526998e-13   1.147331054403e-13  -4.997493369718e-18  -1.294484781105e-17  -3.894785116361e-14  -2.285503045087e-29   1.069829929489e-17   3.163120035475e-14   2.940965888115e-18   1.014116316552e-23   6.902890204351e-15   2.042201467765e-14  -4.381584942451e-14  -7.690884990828e-14   1.118158922182e-13   2.477898638577e-13   1.012606416681e-16  -5.444346140166e-17  -4.370236250557e-14   2.570832881024e-17  -1.845369142961e-17  -9.409274259227e-15  -3.086567187207e-17  -1.171374024727e-16   3.703324231839e-14  -7.954608122144e-17  -2.623523932765e-16   1.324489615605e-13  -5.183464324591e-17  -1.680125933548e-16   1.916416560378e-13  -1.188224833363e-13   7.277414929063e-18   2.361010579720e-17  -1.023688324913e-13   2.341842309952e-27  -3.793795055179e-19  -1.884244716523e-14   5.843039738614e-19  -5.871115632011e-25
  -5.340450094129e-05  -1.618513165834e-04   3.798373423286e-04   5.478367934266e-04  -8.072406441388e-04  -2.832012311626e-03  -9.576281349981e-16  -1.910029060991e-15   6.671806125604e-04  -6.579021700849e-16  -1.450088876346e-15   1.582091539369e-04   8.388813242634e-16   1.333456242716e-15  -2.841980993899e-04  -9.012438741541e-16  -1.222567351665e-15  -7.695730810384e-04   8.416342089405e-16   1.367065239365e-15   1.717391584983e-03   2.051042292015e-03   5.587494899139e-17  -7.613879037967e-16  -1.428561650847e-03   4.617013244957e-17  -5.469199118890e-17   5.786810273234e-04   1.301042817866e-16   6.902890204351e-15   1.857571338809e-01   3.139140101880e-01  -6.530197059656e-02  -8.970566298109e-02   1.840145724124e-02   2.354074726834e-02   8.138002761504e-16  -7.364294386957e-16   1.681342390039e-03   4.369081653376e-16  -6.776813975009e-16   4.427768492697e-04  -6.882006363320e-16   4.345634481684e-16  -1.380560444698e-03   8.428630648372e-17  -2.135883370740e-16  -2.165769733533e-03   8.145911313434e-16  -3.340262370451e-17  -4.706046764913e-04  -2.661486257077e-03  -1.767021595415e-15  -1.662751704139e-16  -1.056369976381e-03  -2.446089015754e-16  -7.175877140598e-17  -2.080985708512e-05  -4.540970723453e-17  -1.115414811134e-13
