ARMA_MAT_TXT_FN008
146 146
  -2.749658044532e+01  -2.703273210148e+01   1.414988099325e-01  -4.987421014125e-05   1.109774832731e-04  -9.626353738191e+00   6.532270891223e-02  -2.302498777216e-05   5.123381005968e-05  -4.389347932537e+00   2.080708630276e-02  -7.334545502874e-06   1.632021935823e-05  -1.856387715669e+00   5.235568118075e-03  -1.845615400361e-06   4.106681746762e-06   2.890855824692e-06  -9.154081026567e-08   2.692286375444e-03  -6.278613848708e-06  -4.662715361696e-03  -3.093230794005e-01  -2.123958097586e+00  -2.257457917184e+00  -1.384017703431e+00  -8.387218837289e-01   2.270122462339e+00  -6.898592954235e-01  -3.092319813177e-01  -2.123891035557e+00  -2.257431954567e+00  -1.384011423012e+00  -7.878903410178e-01  -5.341716379359e-01   2.329436579074e+00  -2.991832726143e-01  -2.104503334795e+00  -2.250063658564e+00  -1.382333346413e+00   2.480877193067e+00   1.185698305266e-02  -3.145299467426e-02  -3.093174585593e-01  -2.123968065724e+00  -2.257461123864e+00  -1.384018314970e+00  -8.313235442324e-01  -1.747662403726e+00  -1.608580879749e+00   0.000000000000e+00   0.000000000000e+00   0.000000000000e+00   0.000000000000e+00   0.000000000000e+00   0.000000000000e+00  -7.813805235115e-06  -1.778128539154e-02   0.000000000000e+00   0.000000000000e+00   0.000000000000e+00   0.000000000000e+00   0.000000000000e+00   0.000000000000e+00   0.000000000000e+00   0.000000000000e+00   0.000000000000e+00   0.000000000000e+00   0.000000000000e+00   0.000000000000e+00   0.000000000000e+00   0.000000000000e+00   0.000000000000e+00  -3.983824294185e-04   1.672254177966e-07  -3.672261858106e-07  -1.937877453075e-01   8.173612801727e-05  -1.796455800175e-04   0.000000000000e+00   0.000000000000e+00   0.000000000000e+00   0.000000000000e+00   0.000000000000e+00   0.000000000000e+00   0.000000000000e+00   0.000000000000e+00   0.000000000000e+00   0.000000000000e+00  -3.541680521751e-01  -8.830573467239e-01   3.727302221377e-04  -8.193253752960e-04   8.320967098196e-08   3.593433720393e-11   5.731230575511e-05  -1.826804579236e-07  -9.926770452767e-05   0.000000000000e+00   0.000000000000e+00   0.000000000000e+00   0.000000000000e+00   0.000000000000e+00   0.000000000000e+00   0.000000000000e+00  -9.522270453516e-07   0.000000000000e+00   0.000000000000e+00   0.000000000000e+00   0.000000000000e+00   0.000000000000e+00   0.000000000000e+00   0.000000000000e+00   0.000000000000e+00   0.000000000000e+00   0.000000000000e+00   0.000000000000e+00   0.000000000000e+00   0.000000000000e+00   0.000000000000e+00   0.000000000000e+00   0.000000000000e+00   0.000000000000e+00   0.000000000000e+00  -1.315695352391e-04   1.133048085228e-08  -2.494789759006e-08   0.000000000000e+00   0.000000000000e+00   0.000000000000e+00   0.000000000000e+00   0.000000000000e+00   0.000000000000e+00   0.000000000000e+00   0.000000000000e+00   0.000000000000e+00   0.000000000000e+00  -2.057605207143e-02  -8.599166403727e-02   7.456493028772e-06  -1.643639524679e-05   0.000000000000e+00   0.000000000000e+00   0.000000000000e+00   0.000000000000e+00   0.000000000000e+00
  -2.703273210148e+01  -2.573922745592e+01   1.965598020912e-01  -6.928156762073e-05   1.541617284148e-04  -1.075208994160e+01   6.107712123703e-02  -2.152785598475e-05   4.790267530309e-05  -4.873232609687e+00   1.595141823364e-02  -5.622368012321e-06   1.251061749060e-05  -2.049605709015e+00   3.732189931397e-03  -1.315473818171e-06   2.927130435624e-06   1.442165624290e-06  -4.538664877328e-08   1.343844440502e-03  -3.132143109628e-06  -2.327379072776e-03  -3.123106392474e-01  -2.349659450374e+00  -2.496352059123e+00  -1.526710621565e+00  -9.469824646062e-01   2.551728254370e+00  -7.754382351862e-01  -3.123373239909e-01  -2.349718727428e+00  -2.496374483215e+00  -1.526715666949e+00  -8.899035944515e-01  -6.004984865598e-01   2.618680399119e+00  -3.070569503086e-01  -2.334971184795e+00  -2.491146598692e+00  -1.525579142223e+00   2.799421078725e+00   1.339203053951e-02  -3.552464334656e-02  -3.123235368127e-01  -2.349690702919e+00  -2.496363294844e+00  -1.526713091448e+00  -9.386762013724e-01  -1.964487738275e+00  -1.808155489689e+00   0.000000000000e+00   0.000000000000e+00   0.000000000000e+00   0.000000000000e+00   0.000000000000e+00   0.000000000000e+00  -4.004598617724e-06  -1.885621411650e-02   0.000000000000e+00   0.000000000000e+00   0.000000000000e+00   0.000000000000e+00   0.000000000000e+00   0.000000000000e+00   0.000000000000e+00   0.000000000000e+00   0.000000000000e+00   0.000000000000e+00   0.000000000000e+00   0.000000000000e+00   0.000000000000e+00   0.000000000000e+00   0.000000000000e+00  -3.137330708563e-04   1.323749131876e-07  -2.909687848252e-07  -2.106167462888e-01   8.889723985980e-05  -1.954139427526e-04   0.000000000000e+00   0.000000000000e+00   0.000000000000e+00   0.000000000000e+00   0.000000000000e+00   0.000000000000e+00   0.000000000000e+00   0.000000000000e+00   0.000000000000e+00   0.000000000000e+00  -3.892767683947e-01  -9.728822932262e-01   4.106614200248e-04  -9.027273056736e-04   4.689513518393e-08   4.333375925508e-11   3.208564334924e-05  -1.030779528731e-07  -5.557403947956e-05   0.000000000000e+00   0.000000000000e+00   0.000000000000e+00   0.000000000000e+00   0.000000000000e+00   0.000000000000e+00   0.000000000000e+00  -8.535828454776e-07   0.000000000000e+00   0.000000000000e+00   0.000000000000e+00   0.000000000000e+00   0.000000000000e+00   0.000000000000e+00   0.000000000000e+00   0.000000000000e+00   0.000000000000e+00   0.000000000000e+00   0.000000000000e+00   0.000000000000e+00   0.000000000000e+00   0.000000000000e+00   0.000000000000e+00   0.000000000000e+00   0.000000000000e+00   0.000000000000e+00  -1.327036475223e-04   1.152235345847e-08  -2.540110372754e-08   0.000000000000e+00   0.000000000000e+00   0.000000000000e+00   0.000000000000e+00   0.000000000000e+00   0.000000000000e+00   0.000000000000e+00   0.000000000000e+00   0.000000000000e+00   0.000000000000e+00  -2.246168355015e-02  -9.410541720921e-02   8.174652801355e-06  -1.802261495654e-05   0.000000000000e+00   0.000000000000e+00   0.000000000000e+00   0.000000000000e+00   0.000000000000e+00
   1.414988099325e-01   1.965598020912e-01  -1.516845474657e+01   2.065525887944e-05  -4.486008121418e-05   5.244125952045e-01  -9.842158508018e+00   2.279837932650e-05  -4.952053141346e-05   3.345343397062e-01  -3.563620313966e+00   9.839871906224e-06  -2.137861414538e-05   1.588255429892e-01  -9.420151595626e-01   2.754930902541e-06  -5.986357555451e-06  -5.390478080097e-04   1.385848530815e-04  -1.589611731653e-01   1.375535546227e-03   2.745026030097e-01   6.517937606552e-01   1.121004132136e+00   5.503274554351e-01   2.043075170548e-01  -7.996828663497e-01  -2.092612333300e+00   6.358976641347e-01   6.135323244582e-01   1.062519884341e+00   5.282528905672e-01   1.992305949965e-01  -8.851262993517e-01   4.644447529616e-01  -2.025348320349e+00  -1.703970767826e+00  -2.631815190011e+00  -8.947312454320e-01  -1.304673538341e-01   4.513911474976e+00   2.837399895906e-02  -7.527247613148e-02   6.462165115963e-01   1.112475797490e+00   5.471078120075e-01   2.035669703806e-01  -8.124907360314e-01   1.597651156502e+00   1.470477090530e+00   0.000000000000e+00   0.000000000000e+00   0.000000000000e+00   0.000000000000e+00   0.000000000000e+00   0.000000000000e+00   1.473054375504e-04   4.895210643066e-02   0.000000000000e+00   0.000000000000e+00   0.000000000000e+00   0.000000000000e+00   0.000000000000e+00   0.000000000000e+00   0.000000000000e+00   0.000000000000e+00   0.000000000000e+00   0.000000000000e+00   0.000000000000e+00   0.000000000000e+00   0.000000000000e+00   0.000000000000e+00   0.000000000000e+00   4.156691952867e-03  -1.816023919389e-06   3.982231127953e-06   3.304057596324e-01  -1.553708657068e-04   3.406300002444e-04   0.000000000000e+00   0.000000000000e+00   0.000000000000e+00   0.000000000000e+00   0.000000000000e+00   0.000000000000e+00   0.000000000000e+00   0.000000000000e+00   0.000000000000e+00   0.000000000000e+00   2.537326318000e-01   4.446516252335e-01  -2.581994363506e-04   5.661037356550e-04  -1.460629227815e-06  -1.328922893332e-10  -9.708712807592e-04   3.203787134583e-06   1.681592921639e-03   0.000000000000e+00   0.000000000000e+00   0.000000000000e+00   0.000000000000e+00   0.000000000000e+00   0.000000000000e+00   0.000000000000e+00   7.045287969776e-06   0.000000000000e+00   0.000000000000e+00   0.000000000000e+00   0.000000000000e+00   0.000000000000e+00   0.000000000000e+00   0.000000000000e+00   0.000000000000e+00   0.000000000000e+00   0.000000000000e+00   0.000000000000e+00   0.000000000000e+00   0.000000000000e+00   0.000000000000e+00   0.000000000000e+00   0.000000000000e+00   0.000000000000e+00   0.000000000000e+00   5.596664757507e-04  -4.822505429357e-08   1.054805269187e-07   0.000000000000e+00   0.000000000000e+00   0.000000000000e+00   0.000000000000e+00   0.000000000000e+00   0.000000000000e+00   0.000000000000e+00   0.000000000000e+00   0.000000000000e+00   0.000000000000e+00   2.471017915482e-02   9.066717920493e-02  -8.385022472460e-06   1.834147694339e-05   0.000000000000e+00   0.000000000000e+00   0.000000000000e+00   0.000000000000e+00   0.000000000000e+00
  -4.987421014125e-05  -6.928156762073e-05   2.065525887944e-05  -1.510179758384e+01  -6.511749824002e-07  -1.848583758427e-04   2.279837932650e-05  -9.768765365527e+00  -7.355479700517e-07  -1.179471319255e-04   9.839871906224e-06  -3.532092547569e+00  -3.281614860606e-07  -5.600271249663e-05   2.754930902541e-06  -9.332107561312e-01  -9.322701634740e-08   3.204137152857e-01   2.494663280571e-02   1.745896274582e-02   1.385848530815e-04   9.718275060232e-03  -1.668449960757e+00  -2.571749643230e+00  -9.743718073360e-01  -2.244174802969e-01  -1.872400394827e+00   3.658919464506e+00  -1.580848661673e+00   3.921565765459e-01   6.048452762278e-01   2.291716986330e-01   5.275417823306e-02   4.129093442791e-01  -1.254162240191e+00  -1.255084830182e+00  -8.262252166328e-03  -1.329901503231e-02  -5.183404271865e-03  -1.229668796102e-03   2.926428647528e-02  -1.457590956106e+00  -3.688049128438e-04   1.284233677788e+00   1.979631656052e+00   7.499829092449e-01   1.726899557968e-01   1.428226154299e+00   1.539622792519e+00   2.837370670240e+00   0.000000000000e+00   0.000000000000e+00   0.000000000000e+00   0.000000000000e+00   0.000000000000e+00   0.000000000000e+00  -6.483151742485e-08  -2.172613657039e-05   0.000000000000e+00   0.000000000000e+00   0.000000000000e+00   0.000000000000e+00   0.000000000000e+00   0.000000000000e+00   0.000000000000e+00   0.000000000000e+00   0.000000000000e+00   0.000000000000e+00   0.000000000000e+00   0.000000000000e+00   0.000000000000e+00   0.000000000000e+00   0.000000000000e+00  -1.937971897669e-06  -2.046248177910e-04  -1.030142683507e-08  -1.625915540041e-04  -4.289038742129e-02  -1.185113534122e-06   0.000000000000e+00   0.000000000000e+00   0.000000000000e+00   0.000000000000e+00   0.000000000000e+00   0.000000000000e+00   0.000000000000e+00   0.000000000000e+00   0.000000000000e+00   0.000000000000e+00  -1.070355482258e-04  -2.580588426308e-04  -1.751191996666e-01  -1.687125028140e-06  -1.395204567979e-04  -9.429675212276e-08   4.516668469798e-07  -6.482887535822e-09  -8.455059000673e-07   0.000000000000e+00   0.000000000000e+00   0.000000000000e+00   0.000000000000e+00   0.000000000000e+00   0.000000000000e+00   0.000000000000e+00  -8.536009027253e-10   0.000000000000e+00   0.000000000000e+00   0.000000000000e+00   0.000000000000e+00   0.000000000000e+00   0.000000000000e+00   0.000000000000e+00   0.000000000000e+00   0.000000000000e+00   0.000000000000e+00   0.000000000000e+00   0.000000000000e+00   0.000000000000e+00   0.000000000000e+00   0.000000000000e+00   0.000000000000e+00   0.000000000000e+00   0.000000000000e+00  -7.101620569729e-08  -2.440584974418e-05  -9.245462490323e-10   0.000000000000e+00   0.000000000000e+00   0.000000000000e+00   0.000000000000e+00   0.000000000000e+00   0.000000000000e+00   0.000000000000e+00   0.000000000000e+00   0.000000000000e+00   0.000000000000e+00  -3.051255082043e-06  -1.219936423177e-05  -1.072670422623e-02  -1.519304583865e-07   0.000000000000e+00   0.000000000000e+00   0.000000000000e+00   0.000000000000e+00   0.000000000000e+00
   1.109774832731e-04   1.541617284148e-04  -4.486008121418e-05  -6.511749824002e-07  -1.510179431185e+01   4.113307352749e-04  -4.952053141346e-05  -7.355479700517e-07  -9.768761605008e+00   2.624347516933e-04  -2.137861414538e-05  -3.281614860606e-07  -3.532090824341e+00   1.246038103840e-04  -5.986357555451e-06  -9.322701634740e-08  -9.332102604351e-01   1.385848530815e-04   1.998248765497e-02  -2.211203618807e-02   3.195874899424e-01  -1.178554862974e-02   5.070426209176e-01   7.816340636680e-01   2.962266721881e-01   6.827951524290e-02   5.690322840328e-01  -1.580994902460e+00  -1.062859835847e+00  -1.710157861345e+00  -2.637760425507e+00  -9.995237534666e-01  -2.301437991346e-01  -1.800667341443e+00  -1.255123236656e+00   3.931380603347e+00   2.191379955249e-02   3.525710579220e-02   1.372334902500e-02   3.244126633102e-03  -7.760805688298e-02  -3.686802528628e-04  -1.456750738139e+00   1.182070855046e+00   1.822277081865e+00   6.905083829518e-01   1.590814732852e-01   1.314622959027e+00   2.837555216256e+00   1.068582102966e+00   0.000000000000e+00   0.000000000000e+00   0.000000000000e+00   0.000000000000e+00   0.000000000000e+00   0.000000000000e+00   1.435755554910e-07   4.825019816490e-05   0.000000000000e+00   0.000000000000e+00   0.000000000000e+00   0.000000000000e+00   0.000000000000e+00   0.000000000000e+00   0.000000000000e+00   0.000000000000e+00   0.000000000000e+00   0.000000000000e+00   0.000000000000e+00   0.000000000000e+00   0.000000000000e+00   0.000000000000e+00   0.000000000000e+00   4.299518674547e-06  -1.032219900057e-08  -2.045684197244e-04   3.601254624082e-04  -1.186642502880e-06  -4.288375856523e-02   0.000000000000e+00   0.000000000000e+00   0.000000000000e+00   0.000000000000e+00   0.000000000000e+00   0.000000000000e+00   0.000000000000e+00   0.000000000000e+00   0.000000000000e+00   0.000000000000e+00   2.364943774244e-04   5.688326449297e-04  -1.688407243684e-06  -1.751099690797e-01  -6.496748502681e-09   8.465930941771e-08  -1.199451313433e-06  -1.394864177225e-04   1.756156921094e-06   0.000000000000e+00   0.000000000000e+00   0.000000000000e+00   0.000000000000e+00   0.000000000000e+00   0.000000000000e+00   0.000000000000e+00   1.957742134763e-09   0.000000000000e+00   0.000000000000e+00   0.000000000000e+00   0.000000000000e+00   0.000000000000e+00   0.000000000000e+00   0.000000000000e+00   0.000000000000e+00   0.000000000000e+00   0.000000000000e+00   0.000000000000e+00   0.000000000000e+00   0.000000000000e+00   0.000000000000e+00   0.000000000000e+00   0.000000000000e+00   0.000000000000e+00   0.000000000000e+00   1.626799633613e-07  -9.251508281628e-10  -2.440024873645e-05   0.000000000000e+00   0.000000000000e+00   0.000000000000e+00   0.000000000000e+00   0.000000000000e+00   0.000000000000e+00   0.000000000000e+00   0.000000000000e+00   0.000000000000e+00   0.000000000000e+00   6.886061636289e-06   2.742271907728e-05  -1.519888713081e-07  -1.072579595992e-02   0.000000000000e+00   0.000000000000e+00   0.000000000000e+00   0.000000000000e+00   0.000000000000e+00
  -9.626353738191e+00  -1.075208994160e+01   5.244125952045e-01  -1.848583758427e-04   4.113307352749e-04  -1.661911139970e+01   8.336852795722e-01  -2.941917202342e-04   6.542079918932e-04  -1.215324497811e+01   5.449652272030e-01  -1.919955314339e-04   4.263553180206e-04  -6.324734437030e+00   1.888191617326e-01  -6.637970912425e-05   1.472863918783e-04   7.760094285862e-05  -2.804402674733e-06   7.020052780961e-02  -1.688226418643e-04  -1.215748800224e-01  -2.939581806200e+00  -6.775721350432e+00  -7.254741090719e+00  -4.856604542481e+00  -1.895102591224e+00   5.771546372928e+00  -1.753738933035e+00  -2.932064294300e+00  -6.766684954757e+00  -7.250682350285e+00  -4.855546745164e+00  -1.764812347861e+00  -1.355425444911e+00   5.910618917684e+00  -2.592296099464e+00  -6.291783502217e+00  -7.010576636586e+00  -4.789165568727e+00   5.898300312929e+00   2.754653104596e-02  -7.309124439485e-02  -2.938482644282e+00  -6.774406971938e+00  -7.254152136681e+00  -4.856451222213e+00  -1.876080596966e+00  -4.441994721017e+00  -4.088239482258e+00  -5.426454646983e-10  -1.039368874004e-09  -7.671390860350e-09  -1.760597916085e-07  -6.570211356795e-07  -5.184949148925e-06  -2.965111015792e-03  -1.531668922505e-01  -4.867578717236e-10   2.054426837332e-13  -4.516138011805e-13  -9.961766638898e-08   4.220071931844e-11  -9.276538841806e-11  -1.726639432274e-06   7.329960137696e-10  -1.611177543813e-09  -2.951144351925e-05   1.252035525266e-08  -2.751689767831e-08  -3.936519606134e-04   1.665338286519e-07  -3.658592767873e-07  -3.122431665232e-02   1.295103654295e-05  -2.836270030529e-05  -1.010805057197e+00   4.179736705880e-04  -9.148870676388e-04   1.011313604060e-09   9.288756591425e-13   6.877985799204e-07  -2.222933312709e-09  -1.191303634741e-06   5.109375806208e-08   4.408047629720e-11   3.478271330371e-05  -1.122857121295e-07  -6.024548745289e-05  -1.388948458847e+00  -3.212587460329e+00   1.352498978409e-03  -2.970201723785e-03   1.762088274632e-05  -1.096713144845e-08   1.220006895787e-02  -3.862319779686e-05  -2.113099736775e-02   0.000000000000e+00   0.000000000000e+00   0.000000000000e+00   0.000000000000e+00   0.000000000000e+00   0.000000000000e+00   0.000000000000e+00  -5.749117144547e-05   0.000000000000e+00   0.000000000000e+00   0.000000000000e+00   0.000000000000e+00   0.000000000000e+00   0.000000000000e+00   0.000000000000e+00   0.000000000000e+00   0.000000000000e+00   0.000000000000e+00   0.000000000000e+00   0.000000000000e+00   0.000000000000e+00   0.000000000000e+00   0.000000000000e+00   0.000000000000e+00   0.000000000000e+00   0.000000000000e+00  -2.488121089280e-03   1.889679659646e-07  -4.104233596610e-07   0.000000000000e+00   0.000000000000e+00   0.000000000000e+00   0.000000000000e+00   0.000000000000e+00   0.000000000000e+00   0.000000000000e+00   0.000000000000e+00   0.000000000000e+00   0.000000000000e+00  -9.849519908936e-02  -3.833094979629e-01   3.127493288846e-05  -6.850745149919e-05   0.000000000000e+00   0.000000000000e+00   0.000000000000e+00   0.000000000000e+00   0.000000000000e+00
   6.532270891223e-02   6.107712123703e-02  -9.842158508018e+00   2.279837932650e-05  -4.952053141346e-05   8.336852795722e-01  -1.405828490356e+01   8.093484009975e-05  -1.762172028417e-04   9.930907890477e-01  -9.048349231165e+00   8.515015652063e-05  -1.859762676444e-04   6.273176216191e-01  -3.144663441155e+00   3.581270241063e-05  -7.831915465229e-05  -2.045284773198e-03   5.620121658018e-04  -4.096677999592e-01   5.263452479980e-03   7.062135586876e-01   1.982560832577e+00   2.770002123082e+00   1.732530892726e+00   7.802484195627e-01  -2.791888995795e+00  -3.183534606949e+00   9.673009214251e-01   1.863567782681e+00   2.625331818203e+00   1.666000504070e+00   7.626177379154e-01  -2.907052702951e+00   7.058541025151e-01  -3.077973725186e+00  -4.825769639444e+00  -5.981403224211e+00  -2.488738158165e+00  -3.660401876003e-01   5.208041939337e+00   3.983520710854e-02  -1.056992388024e-01   1.965154733274e+00   2.748858916842e+00   1.722813924804e+00   7.776741503792e-01  -2.809192431922e+00   2.430198660460e+00   2.236584496735e+00   4.553663072044e-09   8.709007738263e-09   6.335867077920e-08   1.511090836741e-06   5.281043637656e-06   3.663420987030e-05   1.183678564602e-02   3.013821928592e-01   3.955546539600e-09  -1.715733797498e-12   3.771606990437e-12   8.394711669913e-07  -3.651425128000e-10   8.026542957947e-10   1.315307041488e-05  -5.749717824542e-09   1.263830414534e-08   1.935906727008e-04  -8.497329488524e-08   1.867534008340e-07   2.127163972866e-03  -9.378353994979e-07   2.060437077950e-06   1.026949769651e-01  -4.566297271346e-05   1.000754010986e-04   1.405213519680e+00  -6.574211229167e-04   1.434980445434e-03  -7.833963793161e-09  -7.407709642486e-12  -5.172284497876e-06   1.721956976083e-08   8.958671902035e-06  -3.307648899992e-07  -2.966385519894e-10  -2.172812794981e-04   7.269085004640e-07   3.763426307892e-04   9.744570461640e-01   1.579681187332e+00  -9.042786042048e-04   1.972519002882e-03  -6.800832932513e-05   1.609474424473e-08  -4.422594228713e-02   1.491414099664e-04   7.660117939846e-02   0.000000000000e+00   0.000000000000e+00   0.000000000000e+00   0.000000000000e+00   0.000000000000e+00   0.000000000000e+00   0.000000000000e+00   1.947658160421e-04   0.000000000000e+00   0.000000000000e+00   0.000000000000e+00   0.000000000000e+00   0.000000000000e+00   0.000000000000e+00   0.000000000000e+00   0.000000000000e+00   0.000000000000e+00   0.000000000000e+00   0.000000000000e+00   0.000000000000e+00   0.000000000000e+00   0.000000000000e+00   0.000000000000e+00   0.000000000000e+00   0.000000000000e+00   0.000000000000e+00   6.532372893587e-03  -5.149903751701e-07   1.120284081126e-06   0.000000000000e+00   0.000000000000e+00   0.000000000000e+00   0.000000000000e+00   0.000000000000e+00   0.000000000000e+00   0.000000000000e+00   0.000000000000e+00   0.000000000000e+00   0.000000000000e+00   1.106273292012e-01   3.808870209343e-01  -3.148025034971e-05   6.781005587765e-05   0.000000000000e+00   0.000000000000e+00   0.000000000000e+00   0.000000000000e+00   0.000000000000e+00
  -2.302498777216e-05  -2.152785598475e-05   2.279837932650e-05  -9.768765365527e+00  -7.355479700517e-07  -2.941917202342e-04   8.093484009975e-05  -1.380784742277e+01  -2.956442699602e-06  -3.498736878752e-04   8.515015652063e-05  -8.796313692669e+00  -2.753533911800e-06  -2.205346156051e-04   3.581270241063e-05  -3.040403711734e+00  -1.019082917514e-06   8.800057298290e-01   1.007487735968e-01   7.065596764025e-02   5.620121658018e-04   3.922449149560e-02  -5.032537175145e+00  -6.154305455330e+00  -2.845615762394e+00  -7.563514458798e-01  -2.512686653941e+00   4.024136265143e+00  -2.366681556395e+00   1.180954898295e+00   1.445887766702e+00   6.689247234211e-01   1.777252324978e-01   5.498069886461e-01  -3.325550581734e+00  -1.876358042978e+00  -2.339687778462e-02  -3.026162634350e-02  -1.477017252264e-02  -4.123075342388e-03   4.191407535420e-02  -3.334996917126e+00  -5.182891752071e-04   3.872644402857e+00   4.736543675042e+00   2.190067752210e+00   5.819429279376e-01   1.914543066939e+00   8.511674121187e-01   4.247030067699e+00  -1.921934531898e-12  -3.675753441990e-12  -2.674137619299e-11  -6.376939577133e-10  -2.227736821523e-09  -1.544187588711e-08  -5.058917192012e-06  -1.383905905913e-04  -1.715733797501e-12  -1.095618778322e-10  -1.591857280827e-15  -3.637586174002e-10  -2.245932908110e-08  -3.387763385859e-13  -5.712001654959e-09  -3.895167558421e-07  -5.343149247438e-12  -8.439880472163e-08  -6.649990716998e-06  -8.026902053018e-11  -9.343901224446e-07  -8.843282870793e-05  -9.949555560278e-10  -4.768534941006e-05  -6.875011220703e-03  -2.275985776008e-07  -7.342818267309e-04  -2.085208511100e-01  -1.278433642750e-05  -5.374451065374e-07  -5.016771705608e-10   2.180993393972e-09  -7.490727871356e-12  -4.234020098296e-09  -2.713601670131e-05  -2.526162439729e-08   9.157756589532e-08  -3.260602559045e-10  -1.815752645591e-07  -4.233120163542e-04  -9.346368707963e-04  -6.443950572131e-01  -1.687857542233e-05  -9.362991317642e-03  -7.328844054458e-06   1.993561397097e-05  -2.261994461553e-07  -4.033874066537e-05   0.000000000000e+00   0.000000000000e+00   0.000000000000e+00   0.000000000000e+00   0.000000000000e+00   0.000000000000e+00   0.000000000000e+00  -2.422404945578e-08   0.000000000000e+00   0.000000000000e+00   0.000000000000e+00   0.000000000000e+00   0.000000000000e+00   0.000000000000e+00   0.000000000000e+00   0.000000000000e+00   0.000000000000e+00   0.000000000000e+00   0.000000000000e+00   0.000000000000e+00   0.000000000000e+00   0.000000000000e+00   0.000000000000e+00   0.000000000000e+00   0.000000000000e+00   0.000000000000e+00  -9.239247044979e-07  -3.175016925992e-04  -1.487373886129e-08   0.000000000000e+00   0.000000000000e+00   0.000000000000e+00   0.000000000000e+00   0.000000000000e+00   0.000000000000e+00   0.000000000000e+00   0.000000000000e+00   0.000000000000e+00   0.000000000000e+00  -1.690126844228e-05  -6.226408279864e-05  -4.632630580603e-02  -1.785025439415e-06   0.000000000000e+00   0.000000000000e+00   0.000000000000e+00   0.000000000000e+00   0.000000000000e+00
   5.123381005968e-05   4.790267530309e-05  -4.952053141346e-05  -7.355479700517e-07  -9.768761605008e+00   6.542079918932e-04  -1.762172028417e-04  -2.956442699602e-06  -1.380783001710e+01   7.769478088738e-04  -1.859762676444e-04  -2.753533911800e-06  -8.796296176514e+00   4.893324819480e-04  -7.831915465229e-05  -1.019082917514e-06  -3.040397076157e+00   5.620121658018e-04   8.110994954207e-02  -8.997448732952e-02   8.766538447624e-01  -4.774266055841e-02   1.529400293943e+00   1.870538086455e+00   8.651993224178e-01   2.301809366566e-01   7.636019213462e-01  -2.367121610810e+00  -3.045429895530e+00  -5.150044356084e+00  -6.305650684887e+00  -2.917582128094e+00  -7.754070653609e-01  -2.397647745136e+00  -1.876473567492e+00   4.426887413811e+00   6.205522177264e-02   8.022597843309e-02   3.909596401017e-02   1.086690266791e-02  -1.111536069519e-01  -5.180012710056e-04  -3.333813487978e+00   3.564586162114e+00   4.360141162773e+00   2.016525624898e+00   5.361819905497e-01   1.762229714745e+00   4.247585544469e+00   1.458835889078e-01   4.224887174350e-12   8.080214656324e-12   5.878415493720e-11   1.401810222458e-09   4.897147584057e-09   3.394646866167e-08   1.115479919858e-05   3.091252358756e-04   3.771606990432e-12  -1.591857280823e-15  -1.095591026849e-10   7.996319131497e-10  -3.387846792010e-13  -2.245873830074e-08   1.255653984187e-08  -5.343632577623e-12  -3.895073818200e-07   1.855432914884e-07  -8.029128945602e-11  -6.649843718397e-06   2.054847129569e-06  -9.957927703647e-10  -8.843052457785e-05   1.054707584617e-04  -2.279994000227e-07  -6.873781143667e-03   1.638791454293e-03  -1.279904625849e-05  -2.084447659933e-01  -7.491417803694e-12   2.283132210782e-10  -5.663444135937e-09  -5.374319760653e-07   8.805752810481e-09  -3.261765045160e-10   1.155021747505e-08  -2.451379093463e-07  -2.713540758350e-05   3.738894407887e-07   9.408441281963e-04   2.065247084013e-03  -1.688954616155e-05  -6.442955545236e-01  -2.266189401622e-07   4.937017194511e-06  -5.807439346574e-05  -9.361877593802e-03   8.084507119671e-05   0.000000000000e+00   0.000000000000e+00   0.000000000000e+00   0.000000000000e+00   0.000000000000e+00   0.000000000000e+00   0.000000000000e+00   5.470710903613e-08   0.000000000000e+00   0.000000000000e+00   0.000000000000e+00   0.000000000000e+00   0.000000000000e+00   0.000000000000e+00   0.000000000000e+00   0.000000000000e+00   0.000000000000e+00   0.000000000000e+00   0.000000000000e+00   0.000000000000e+00   0.000000000000e+00   0.000000000000e+00   0.000000000000e+00   0.000000000000e+00   0.000000000000e+00   0.000000000000e+00   2.114301126506e-06  -1.488177752868e-08  -3.174108856049e-04   0.000000000000e+00   0.000000000000e+00   0.000000000000e+00   0.000000000000e+00   0.000000000000e+00   0.000000000000e+00   0.000000000000e+00   0.000000000000e+00   0.000000000000e+00   0.000000000000e+00   3.883464661461e-05   1.423272329757e-04  -1.785603556590e-06  -4.631551075547e-02   0.000000000000e+00   0.000000000000e+00   0.000000000000e+00   0.000000000000e+00   0.000000000000e+00
  -4.389347932537e+00  -4.873232609687e+00   3.345343397062e-01  -1.179471319255e-04   2.624347516933e-04  -1.215324497811e+01   9.930907890477e-01  -3.498736878752e-04   7.769478088738e-04  -1.390148760083e+01   1.521186330627e+00  -5.278292316617e-04   1.167497369151e-03  -1.017376227918e+01   9.928573843819e-01  -3.405393864640e-04   7.516998540013e-04   1.167035853440e-04  -4.132289781064e-06   1.018653815372e-01  -2.544982571809e-04  -1.764105733762e-01  -3.892212489907e+00  -8.279211400412e+00  -1.037989992311e+01  -8.316983467381e+00  -8.022932350823e-01   3.487812253345e+00  -1.059582440461e+00  -3.878192272147e+00  -8.256039722614e+00  -1.036251788973e+01  -8.310380288647e+00  -7.287163623056e-01  -8.182500425716e-01   3.567904898264e+00  -3.310582079773e+00  -7.237685124581e+00  -9.495026086284e+00  -7.941917898126e+00   3.574016134924e+00   1.597505227242e-02  -4.240860510853e-02  -3.890115897408e+00  -8.275750938395e+00  -1.037730881469e+01  -8.316000872414e+00  -7.915645349329e-01  -2.684050955713e+00  -2.469931899705e+00  -1.371802299040e-02  -2.009314044274e-02  -3.128462671205e-02  -4.049118021355e-02  -5.938705744507e-02  -8.883455708980e-02  -2.985119345310e-01  -1.000125721032e+00  -1.426393766820e-03   6.047962430901e-07  -1.329459163247e-06  -7.930619887898e-03   3.392348516873e-06  -7.456662577847e-06  -3.637702045434e-02   1.575698009304e-05  -3.463149947496e-05  -9.749522523563e-02   4.249009012387e-05  -9.337285037845e-05  -1.997708807615e-01   8.703814571380e-05  -1.912224335935e-04  -7.216703726492e-01   3.101983121983e-04  -6.805516482455e-04  -2.971991443855e+00   1.243641407363e-03  -2.720107477976e-03   8.064693510131e-06   6.831837970394e-09   5.414637680381e-03  -1.772359639932e-05  -9.378435273076e-03   5.100711908755e-05   3.566985367314e-08   3.406233522084e-02  -1.120654203666e-04  -5.899769553139e-02  -3.089242876559e+00  -5.852706528149e+00   2.480114828227e-03  -5.442221001546e-03   4.092832245444e-04  -2.248620197607e-07   2.761994417659e-01  -8.977499088690e-04  -4.783883154713e-01  -1.150483217644e-09  -4.356805819634e-07  -7.025709246964e-07  -9.615771490082e-07  -1.705068785318e-06  -3.827770181087e-06  -1.573265056416e-04  -7.815110552840e-03  -5.200036419581e-08   4.486273645453e-12  -9.891408438903e-12  -3.111169046829e-07   2.635794262119e-11  -5.811768002203e-11  -1.941497791443e-06   1.566781315549e-10  -3.455210343215e-10  -9.095122161040e-06   6.639844231491e-10  -1.464822464849e-09  -4.063394141801e-05   2.233286518390e-09  -4.933448022433e-09  -1.365058700362e-03  -4.077049052224e-08   8.867465801701e-08  -6.955240421343e-02   1.443033471041e-06  -3.165283464803e-06   1.318817690845e-10   2.464074121241e-14   4.818215083235e-07  -2.908595917247e-10  -8.345393707436e-07   1.408123147070e-09   2.871255963771e-13   6.073487129599e-06  -3.107602389242e-09  -1.051958865391e-05  -3.495172665762e-01  -1.122741408015e+00   7.131890338161e-05  -1.557421142082e-04  -5.448673359568e-08   8.052625235632e-11   5.201926691939e-04   1.184971848146e-07  -9.010002306703e-04
   2.080708630276e-02   1.595141823364e-02  -3.563620313966e+00   9.839871906224e-06  -2.137861414538e-05   5.449652272030e-01  -9.048349231165e+00   8.515015652063e-05  -1.859762676444e-04   1.521186330627e+00  -1.285729664003e+01   2.979782569039e-04  -6.537422560505e-04   1.810123182028e+00  -8.256340995166e+00   3.005468835172e-04  -6.601436584479e-04  -1.588430242126e-03   4.312930322893e-04  -3.348658414337e-01   4.079483137592e-03   5.774315565716e-01   1.853471589472e+00   3.353325641714e+00   3.476503272334e+00   2.373380482352e+00  -3.434028241352e+00  -1.481132631329e+00   4.498957060236e-01   1.740519427570e+00   3.174010746777e+00   3.342603833138e+00   2.321618898534e+00  -3.465798192427e+00   3.280066990451e-01  -1.430169845229e+00  -4.360265659346e+00  -6.696420603131e+00  -4.397392208237e+00  -8.347394158574e-01   8.555721253186e-01   1.765878917137e-02  -4.688004289690e-02   1.836912986284e+00   3.327035803776e+00   3.456878632250e+00   2.365798284812e+00  -3.438817278618e+00   1.130517777200e+00   1.040222772811e+00   6.686259085666e-02   9.785731394608e-02   1.518560442100e-01   1.955489528657e-01   2.821062572639e-01   4.079867991503e-01   1.116204382678e+00   2.573162237066e+00   6.360518970423e-03  -2.945485383682e-06   6.474746728016e-06   3.511225387931e-02  -1.641995268089e-05   3.609241948063e-05   1.564876526724e-01  -7.434309840834e-05   1.633955011341e-04   3.980964130308e-01  -1.913221135445e-04   4.204396177085e-04   7.596820939702e-01  -3.676812755980e-04   8.078309190946e-04   2.189426916005e+00  -1.073572255549e-03   2.356422102138e-03   5.270716279239e+00  -2.713426773148e-03   5.939687969780e-03  -3.476123305635e-05  -3.239299374136e-08  -2.112181216932e-02   7.639376960316e-05   3.658408875241e-02  -2.063877256400e-04  -1.629945526774e-07  -1.238226515754e-01   4.534488973091e-04   2.144671466676e-01   3.692083538293e+00   4.394927317661e+00  -2.761564038340e-03   6.040618432379e-03  -1.331530817421e-03   2.829321562844e-07  -7.833595921966e-01   2.921686404420e-03   1.356810417654e+00   8.780591516381e-09   3.556029169183e-06   5.714960059017e-06   7.780250215831e-06   1.354741079027e-05   2.922495566345e-05   9.203004166000e-04   3.282872556903e-02   4.117244687450e-07  -3.661729927097e-11   8.073441241248e-11   2.447336532579e-06  -2.137693019287e-10   4.713483959366e-10   1.483919640175e-05  -1.236409137906e-09   2.726634970061e-09   6.592102117221e-05  -4.994388400406e-09   1.101795372013e-08   2.722027810116e-04  -1.595454621601e-08   3.523856043774e-08   7.207922889974e-03   1.788556615574e-07  -3.880213912859e-07   2.440954172246e-01  -3.151232729633e-06   6.973296613565e-06  -1.011481876871e-09  -1.949465074510e-13  -3.578843451042e-06   2.230778547830e-09   6.198738991553e-06  -1.018654423510e-08  -2.128989162560e-12  -4.226444873892e-05   2.248022601025e-08   7.320417529905e-05   6.760411103909e-01   1.862080097055e+00  -1.089271478033e-04   2.368844126467e-04   2.416657777423e-07  -4.290048414497e-10  -2.833965556873e-03  -5.241306824158e-07   4.908572844865e-03
  -7.334545502874e-06  -5.622368012321e-06   9.839871906224e-06  -3.532092547569e+00  -3.281614860606e-07  -1.919955314339e-04   8.515015652063e-05  -8.796313692669e+00  -2.753533911800e-06  -5.278292316617e-04   2.979782569039e-04  -1.202117989349e+01  -4.071743338659e-06  -6.208527503836e-04   3.005468835172e-04  -7.421674803314e+00  -1.885483658847e-06   6.896363401117e-01   7.726862648648e-02   5.418956389367e-02   4.312930322893e-04   3.007615316465e-02  -4.691322724992e+00  -7.283787929697e+00  -5.296807623437e+00  -2.016332770375e+00  -7.747686415916e-01  -7.701930970957e-02  -1.092790972415e+00   1.099839255160e+00   1.708797568765e+00   1.243728074908e+00   4.734355040915e-01   1.645223781489e-01  -3.462549201490e+00  -8.655898632308e-01  -2.112684340561e-02  -3.374472971780e-02  -2.605834722762e-02  -1.069417696432e-02   1.947160868968e-02  -3.110500013027e+00  -2.296690026748e-04   3.609529346455e+00   5.604574648798e+00   4.075788431794e+00   1.551102067911e+00   5.879792065610e-01  -1.541308781479e+00   1.960930078433e+00  -2.822024178201e-05  -4.130182812806e-05  -6.409033649612e-05  -8.252279283968e-05  -1.189941165523e-04  -1.718831214985e-04  -4.678781885737e-04  -1.091984065040e-03  -2.931990490639e-06  -5.862929967728e-04  -2.732767122916e-09  -1.619992920024e-05  -3.272757419043e-03  -1.523629172016e-08  -7.237530053475e-05  -1.509331788756e-02  -6.917240711757e-08  -1.847838185392e-04  -4.052639809084e-02  -1.806324810842e-07  -3.544080828700e-04  -8.288365184752e-02  -3.661824232755e-07  -1.046229513124e-03  -2.952959368838e-01  -2.026839250063e-06  -2.765733260483e-03  -1.157003843940e+00  -2.617571660030e-05  -7.747984689988e-03  -7.398111716113e-06   8.855706045800e-06  -3.555575571388e-08  -2.206932053090e-05  -4.876856099890e-02  -4.680459774036e-05   5.178626676864e-05  -2.196964490900e-07  -1.322311946318e-04  -1.539162628931e-03  -2.713284220159e-03  -2.189271857420e+00  -3.286620542602e-05  -3.901747359645e-01  -3.554952300136e-04   3.387064305023e-04  -2.661025635349e-06  -8.997476004603e-04  -7.637792570832e-13  -3.093232062870e-10  -4.971528016937e-10  -6.769559225624e-10  -1.180420374373e-09  -2.564767963421e-09  -1.166493554017e-07  -5.466208360235e-06  -3.691945073137e-11  -1.270782450910e-08  -7.022698032768e-15  -2.195266614402e-10  -7.578238710096e-08  -4.100428227154e-14  -1.336128617004e-09  -4.689351234816e-07  -2.373579639674e-13  -6.033461989939e-09  -2.161521101268e-06  -9.546102515888e-13  -2.658808080906e-08  -9.291599445534e-06  -2.662716523331e-12  -1.124621460448e-06  -2.547132833627e-04   2.374518234281e-10  -4.079833558973e-05  -1.457517971787e-02  -5.637851285185e-08  -4.017222494621e-07  -7.139043794220e-11   3.140269313262e-10  -2.003371200793e-13  -6.086539813984e-10  -4.936229506927e-06  -7.833817763358e-10   3.833589523793e-09  -1.991613955877e-12  -7.350038496260e-09  -1.097016974297e-04  -3.241932135066e-04  -2.465030225935e-01  -3.732794355173e-06  -3.360248514137e-04  -2.035661223288e-08   4.259717756204e-07   3.132661584871e-10  -7.560351327570e-07
   1.632021935823e-05   1.251061749060e-05  -2.137861414538e-05  -3.281614860606e-07  -3.532090824341e+00   4.263553180206e-04  -1.859762676444e-04  -2.753533911800e-06  -8.796296176514e+00   1.167497369151e-03  -6.537422560505e-04  -4.071743338659e-06  -1.202115157307e+01   1.370457986272e-03  -6.601436584479e-04  -1.885483658847e-06  -7.421660759758e+00   4.312930322893e-04   6.219449449705e-02  -6.899557041425e-02   6.870632456009e-01  -3.659457167445e-02   1.425707467387e+00   2.213877299390e+00   1.610623768874e+00   6.137983624169e-01   2.354110656451e-01  -1.093250559031e+00  -3.342132795389e+00  -4.796309229367e+00  -7.452274548547e+00  -5.424815609734e+00  -2.065774578090e+00  -7.174185212364e-01  -8.657102229752e-01   1.137516954068e-01   5.603488074017e-02   8.946436244525e-02   6.897789103184e-02   2.817089579855e-02  -5.163704238127e-02  -2.294211493835e-04  -3.109973815048e+00   3.322406218879e+00   5.159264988299e+00   3.753065991979e+00   1.429408073770e+00   5.411360474134e-01   1.961510094505e+00  -1.867281480891e+00   6.203506718200e-05   9.079162933526e-05   1.408864325863e-04   1.814056404721e-04   2.615795728843e-04   3.778481532344e-04   1.028960564366e-03   2.410764338975e-03   6.445239967115e-06  -2.732833956547e-09  -5.862882325551e-04   3.561147426980e-05  -1.523744006441e-08  -3.272730835156e-03   1.591002095903e-04  -6.918524400394e-08  -1.509319599493e-02   4.062173531639e-04  -1.806960117749e-07  -4.052606617706e-02   7.791842758991e-04  -3.664065876290e-07  -8.288289114080e-02   2.302854264828e-03  -2.029598814233e-06  -2.952877325478e-01   6.121587042307e-03  -2.620395959925e-05  -1.156853266244e+00  -3.556520878805e-08   3.368759374973e-06  -3.228435378431e-05  -7.747921754108e-03   4.111340967909e-05  -2.198216466368e-07   2.141813165209e-05  -1.950294515013e-04  -4.876813746841e-02   2.438140360796e-04   3.402171064019e-03   5.981708427306e-03  -3.288613566902e-05  -2.189081495900e+00  -2.665050578979e-06   1.815045945975e-04  -1.378435573826e-03  -3.901643508883e-01   1.614081919448e-03   1.683950933749e-12   6.819838140297e-10   1.096102999251e-09   1.492524925997e-09   2.602531555096e-09   5.654542962913e-09   2.569025517091e-07   1.204331646210e-05   8.139857394859e-11  -7.022523166503e-15  -1.270781221080e-08   4.840035211979e-10  -4.100093525842e-14  -7.578231527191e-08   2.945813084553e-09  -2.372988549105e-13  -4.689347061097e-07   1.330154662673e-08  -9.539738425689e-13  -2.161519392910e-06   5.860464461734e-08  -2.655903760059e-12  -9.291594250563e-06   2.475909567093e-06   2.383151430551e-10  -2.547135609304e-04   9.010905114442e-05  -5.639007139187e-08  -1.457481344781e-02  -2.002718856730e-13   3.237422706669e-11  -8.159893190524e-10  -4.017218970971e-07   1.270547634739e-09  -1.989462308321e-12   3.552423670297e-10  -9.808014072084e-09  -4.936225901841e-06   1.542069093471e-08   2.447623313344e-04   7.237445096853e-04  -3.733859904214e-06  -2.464803975905e-01   3.144269667266e-10   9.355885144145e-09  -9.731993640888e-07  -3.360252849591e-04   1.644314568946e-06
