ARMA_MAT_TXT_FN008
146 146
   3.279175713149e-01   2.802377409382e-01  -6.385558573324e-05   9.047823548774e-07  -2.163803320712e-06  -4.057815590627e-02  -3.257158379390e-05   1.492148130369e-06  -3.694584673301e-06  -3.066477762643e-02   5.795894103454e-04   2.784794168671e-06  -7.209163510195e-06  -7.594123057211e-03  -1.477533146346e-04   4.795467508010e-07  -1.456044065014e-06  -2.440752551150e-07   1.866117845547e-07   1.581664459732e-05   6.020009381947e-07  -2.862269515472e-05  -8.349226281079e-03  -1.173981927642e-02   1.770297436406e-03   8.179968211420e-04  -6.663867642702e-04   1.774017917349e-03  -5.387463240982e-04  -8.353133132497e-03  -1.174010949744e-02   1.769257588848e-03   8.138375883478e-04  -6.292809914470e-04  -4.172231745726e-04   1.819173552849e-03  -8.372353546343e-03  -1.201195713667e-02   1.218008012944e-03   1.031238252858e-03   1.992092047262e-03   9.628244038500e-06  -2.553120667883e-05  -8.349919765501e-03  -1.173989648965e-02   1.770139417611e-03   8.170463017223e-04  -6.610101162694e-04  -1.365778347696e-03  -1.256545639139e-03  -2.981937840661e-05  -9.707839546873e-05   2.617151234957e-04   3.277562782779e-04  -6.413320713581e-04  -8.641053210330e-04   1.689896164137e-03   1.113622907102e-03   1.840263638562e-05   1.724829883264e-08  -6.028865507857e-08   1.530775255170e-04   1.447886780982e-07  -5.052947737269e-07  -3.911526504439e-04  -3.819533413328e-07   1.326400565398e-06  -1.878479604876e-04  -1.667614887893e-07   5.828690310605e-07   3.706464361411e-04   3.408794074853e-07  -1.193551073697e-06   8.942211676051e-04   1.010597641694e-06  -3.321944606886e-06   2.954981236939e-04  -1.023954957885e-06   2.143983129633e-06   1.180835774187e-07   2.326860300522e-08  -7.662010924873e-05  -3.073347238299e-07   1.325641722825e-04   1.661520286863e-07   4.688506854192e-08  -1.812962974613e-05  -4.397899701376e-07   3.111249692987e-05   1.170975160828e-03  -9.975736547035e-04  -1.090342454201e-06   2.680572418701e-06  -7.664545014234e-07  -1.827448619834e-07   1.709584429603e-04   2.008388665556e-06  -2.949792077580e-04   8.462646164788e-07   2.775056478774e-06  -7.621968681520e-06  -7.266203457037e-06   1.005695017285e-05   2.609507151200e-05   1.512671998569e-05  -1.065992831004e-04  -2.478682777656e-05  -1.292036547609e-08   3.342879337492e-08  -2.068249916128e-04  -1.092562897863e-07   2.828491706990e-07   5.329282344440e-04   2.907644078683e-07  -7.550230890815e-07   2.368116788029e-04   4.146424392398e-08  -1.025965456473e-07  -4.458323066227e-04  -7.483141468003e-08   1.938849187358e-07  -1.115432012041e-03  -8.193659740026e-07   2.138886830737e-06  -7.301312340015e-04   7.674356902992e-08  -1.703761847643e-07   2.411538259899e-08   1.678525799204e-10  -2.185395572416e-05  -2.735050901773e-08   3.785108286565e-05  -1.451406534396e-08  -6.476259096083e-11  -3.381725963235e-06   4.538640524899e-08   5.857834322881e-06  -1.315454487002e-03  -4.062840759075e-04   4.073681740783e-08  -1.791770619831e-07  -2.114635856113e-08  -4.303918832551e-10   7.297400253148e-05  -4.032020821623e-08  -1.263923134700e-04
   2.802377409382e-01   2.463416550081e-01  -9.257556202956e-05   1.440917734793e-06  -3.460639544068e-06  -6.889895297130e-02  -6.904971187657e-05   2.719370598506e-06  -6.728911061883e-06  -4.970036152111e-02   9.555205310132e-04   4.743100053618e-06  -1.228090126935e-05  -1.196684639488e-02  -1.715135665682e-04   8.665822526504e-07  -2.586032519928e-06  -4.960304917975e-07   3.532097378698e-07   2.807884343307e-05   1.225078824485e-06  -5.096475319460e-05  -1.391828688302e-02  -1.931754395078e-02   2.620363779832e-03   1.266529307617e-03  -1.095795724693e-03   2.922013705480e-03  -8.873620121976e-04  -1.392513483045e-02  -1.931852552280e-02   2.618559716171e-03   1.261087336115e-03  -1.034657360124e-03  -6.871944035085e-04   2.996283333042e-03  -1.395781673168e-02  -1.976224773210e-02   1.702438798904e-03   1.625131583777e-03   3.276291942498e-03   1.584953258355e-05  -4.202789007988e-05  -1.391949257951e-02  -1.931773965465e-02   2.620091097403e-03   1.265216712649e-03  -1.086934712831e-03  -2.249588945887e-03  -2.069644827548e-03  -4.959936235733e-05  -1.614870429450e-04   4.354943563113e-04   5.444436628050e-04  -1.065122903908e-03  -1.441603178571e-03   2.820650618724e-03   1.841551941113e-03   2.900709015855e-05   3.485020693401e-08  -1.156964078681e-07   2.432358470091e-04   2.896305254783e-07  -9.629650854430e-07  -6.560428997189e-04  -7.255928283782e-07   2.441257408369e-06  -3.035536590857e-04  -3.651646076351e-07   1.196539074886e-06   6.049295948583e-04   7.281641721410e-07  -2.404457939913e-06   1.548076463490e-03   1.725816420128e-06  -5.653032463023e-06   4.423931942024e-04  -1.335650117229e-06   2.612673491438e-06   1.990131366424e-07   7.994712587503e-08  -1.466876301640e-04  -5.389609106124e-07   2.535772817161e-04   2.557640992595e-07   8.395403408626e-08  -3.698077132454e-05  -6.855115233439e-07   6.353673102217e-05   1.699443493331e-03  -1.310995794934e-03  -1.746860608224e-06   4.295297790691e-06  -1.219600531788e-06  -2.772165592402e-07   2.826107797383e-04   3.192478356447e-06  -4.877828973791e-04   1.090083233458e-06   3.582676957943e-06  -9.911775246902e-06  -9.273860318598e-06   1.185858938585e-05   3.394393696265e-05   4.441183142592e-05  -1.887435006461e-04  -4.143139503842e-05  -2.213285581302e-08   5.764495156401e-08  -3.459934370016e-04  -1.862469165812e-07   4.851453064760e-07   8.960327127599e-04   4.859298178815e-07  -1.266255931631e-06   3.949059933423e-04   9.303836937131e-08  -2.363432981790e-07  -7.438570909193e-04  -1.669017973626e-07   4.385540875400e-07  -1.887009855155e-03  -1.321342627903e-06   3.454736524910e-06  -1.208443576950e-03   2.802311953127e-08  -1.699319172442e-08   7.461300814954e-09   1.004415179296e-09  -3.855628136690e-05   4.072312871565e-08   6.677542558228e-05  -3.130788197023e-08   2.079096651281e-10  -6.101920762860e-06   9.398001562371e-08   1.056781526489e-05  -1.779863818019e-03  -5.420639247424e-04   1.686623631332e-07  -5.165015685470e-07  -4.515155775146e-08  -7.838328719747e-10   1.228056363834e-04  -4.127729969478e-08  -2.127012112017e-04
  -6.385558573324e-05  -9.257556202956e-05   3.610870678200e-02   2.803592826540e-06  -7.002838446781e-06   5.679539160071e-04   5.646620660295e-02   5.503668773505e-06  -1.373490915932e-05  -1.893048802276e-03   4.151730416194e-02   2.189317160754e-05  -5.679436307219e-05  -3.889834469304e-03   1.550160479628e-03   1.819671632486e-05  -4.816273553843e-05   6.921882539538e-05  -2.172284361107e-05  -3.058361836227e-03  -1.827432267328e-04   5.426437082434e-03  -1.116602787127e-02  -1.649690441023e-02  -5.851688573337e-03  -8.278827792789e-04   1.449778585400e-03   1.589942290990e-03  -4.813320345375e-04  -1.050531049972e-02  -1.544170407244e-02  -5.338084866405e-03  -7.181466725291e-04   1.511196150120e-03  -3.485833862737e-04   1.518698039989e-03   3.287337847638e-02   5.126397592502e-02   1.763078681604e-02   3.511271415572e-03  -3.501608356967e-03  -2.654450524817e-05   7.043426036487e-05  -1.106975796798e-02  -1.634261192524e-02  -5.775511295994e-03  -8.118653346892e-04   1.458950821190e-03  -1.212638397595e-03  -1.113323073622e-03  -9.706134257200e-05  -3.158558871214e-04   8.502881898956e-04   1.080942152177e-03  -2.137802477694e-03  -2.771106722257e-03   5.389270923588e-03   3.947252912756e-03   1.782959954754e-05   2.391737672727e-07  -6.658635470946e-07   1.483462468178e-04   2.004761449148e-06  -5.580740641997e-06  -3.893506191634e-04  -5.230873049764e-06   1.456337635582e-05  -2.352615466988e-04  -1.528825803763e-06   4.342942016280e-06   5.746356493648e-04   2.960095648315e-06  -8.467514720846e-06   6.175133483922e-04   1.454130995684e-05  -3.991097130008e-05   2.188628114786e-03   4.729429261365e-07  -2.869321944961e-06   1.961650246730e-08   1.416733434296e-07  -3.501012522439e-04  -1.318528541589e-07   6.054819876084e-04   2.424143413756e-07   5.332609896965e-08  -5.303344641494e-05  -6.342944666830e-07   9.151747343825e-05   3.903632755603e-04   2.078650389272e-03  -1.488124118334e-06   3.866014082295e-06  -3.226952645280e-06  -5.248109946136e-07   5.948829377083e-04   8.408850842279e-06  -1.027113629342e-03   9.058088587918e-06   2.955902083983e-05  -8.038991560666e-05  -8.252737929039e-05   1.376990451186e-04   3.296179341036e-04  -6.387228296044e-04   7.327649636146e-05  -8.262212264045e-05  -9.761908620211e-08   2.501464928215e-07  -6.914415284284e-04  -8.207058918933e-07   2.102563302020e-06   1.806810267102e-03   2.197201069202e-06  -5.623081391075e-06   7.271854067318e-04   7.485807787961e-07  -1.929485169155e-06  -1.376777439618e-03  -1.528982358033e-06   3.968674677596e-06  -4.064452008624e-03  -5.249093080896e-06   1.338249061479e-05  -1.563249087160e-03  -1.868357278740e-06   5.082811385986e-06   6.945808847559e-08   8.052584082616e-09  -4.912231167233e-05  -5.470678817035e-08   8.503228975186e-05  -2.273314855275e-08   2.581090921224e-09  -3.466060650866e-06   8.585998574419e-08   5.987615773389e-06   2.291268900132e-03   5.743755157154e-04   2.642186950754e-06  -6.646275057890e-06   7.334352724981e-07  -4.451041681643e-09   1.289982087235e-04  -2.164742581399e-06  -2.234115654075e-04
   9.047823548774e-07   1.440917734793e-06   2.803592826540e-06   3.593611410924e-02  -1.295294247870e-06  -2.756979509250e-06   3.820652211758e-06   5.621232909806e-02  -3.303448375040e-06  -2.859552478970e-05   1.152564267724e-05   3.772500403671e-02  -7.190257842888e-06  -1.898730579864e-04   1.573539295784e-04  -2.331964229907e-03  -4.748166382781e-06  -3.669698915818e-03  -3.895136825711e-03  -2.742221102483e-03  -2.112158716165e-05  -1.516213639919e-03   2.951382362357e-02   4.695362134952e-02   1.844710323992e-02   5.770982582989e-03   1.576402547139e-03  -2.587908132767e-03   1.433477627439e-03  -6.947075605700e-03  -1.104484594742e-02  -4.273059262711e-03  -1.288204836841e-03  -3.481586223225e-04   1.867720690123e-03   1.136329593000e-03   1.565868055058e-04   2.535232405379e-04   6.621150705956e-05  -9.212056441551e-05  -2.758466265680e-05   2.111775924272e-03   4.206591392895e-07  -2.272218938250e-02  -3.614794561370e-02  -1.411488590924e-02  -4.356927872696e-03  -1.203203746332e-03  -6.656337498832e-04  -2.572310186274e-03   4.777905923342e-07   1.561371747932e-06  -4.266063529349e-06  -5.054089342566e-06   9.626624040216e-06   1.553648233832e-05  -3.399189587091e-05  -1.005146288861e-05  -9.886727135827e-08  -6.480723081452e-05  -1.854024554958e-07  -8.326085878752e-07  -5.423745084112e-04  -1.546493994739e-06   2.236784070040e-06   1.422777203941e-03   4.038710789952e-06   3.715442667350e-07   5.701787316703e-04   2.110557287156e-06  -4.051381328071e-07  -1.177083873841e-03  -4.398957707307e-06  -1.400321828578e-05  -3.217170674087e-03  -7.903882795305e-06   3.488582654169e-05  -1.669162752971e-03  -6.557773074541e-06  -1.606577280321e-04   1.174032607286e-05   9.885697306052e-06  -5.674997394353e-07   1.577806411358e-06  -5.689733771070e-05   2.727477659439e-06   2.445232294585e-06  -2.588286741574e-07   8.605707602045e-08  -3.849096802565e-05   1.141140257565e-04  -4.456536455809e-04  -3.588729662721e-06   5.555621566932e-04  -4.047295896678e-05  -3.233831358059e-05   2.054870422601e-06  -8.551199293865e-06  -5.419484711149e-08  -1.739586401758e-07   4.439756596536e-07   7.584063981549e-07  -1.656667409731e-06  -4.994565065179e-07  -3.305985259122e-06   2.156909079915e-05   4.645461388358e-07   1.595432493444e-05   4.708573726481e-08   3.861692289011e-06   1.335785643577e-04   3.939810902284e-07  -9.779664875367e-06  -3.515085001753e-04  -1.038372055555e-06  -5.092371624425e-06  -1.435402996236e-04  -4.630818547400e-07   9.805645518012e-06   3.062091407853e-04   9.923261877516e-07   1.822171355957e-05   7.717649577555e-04   2.137948900232e-06   3.256315371958e-05   5.516090644545e-04   2.029665148704e-06   8.346371180626e-05   8.000098507372e-07   7.803169831813e-07   2.391823090038e-07  -1.765263611826e-08   2.208283402755e-05   2.146252404420e-07   2.299469941118e-07   3.352035252030e-08  -4.035648665164e-08   1.152612545878e-04   3.208448961334e-05   8.718912842212e-05   1.284491896044e-06  -2.378873216812e-04   4.102796450486e-08  -1.568659503732e-06  -6.016573982797e-07   2.635472402272e-06
  -2.163803320712e-06  -3.460639544068e-06  -7.002838446781e-06  -1.295294247870e-06   3.594470896891e-02   6.354335669487e-06  -9.406323583761e-06  -3.304877739058e-06   5.623406454383e-02   7.417539702667e-05  -3.068080160120e-05  -7.204948584356e-06   3.776932330795e-02   4.911844368713e-04  -4.069675162758e-04  -4.671882715742e-06  -2.309096438672e-03  -2.112208203776e-05  -3.167468533098e-03   3.528816504110e-03  -3.544015631599e-03   1.860355411583e-03  -8.968914297984e-03  -1.426285440647e-02  -5.710983856283e-03  -1.855552538543e-03  -4.781472636333e-04   1.433378716997e-03   1.693758226827e-03   3.029536904337e-02   4.815937075192e-02   1.871791268849e-02   5.696574707444e-03   1.517594575881e-03   1.136318062978e-03  -2.826816431096e-03  -4.154273763946e-04  -6.719516254968e-04  -1.768628621440e-04   2.366851225850e-04   7.312365356652e-05   4.207037558770e-07   2.110543598823e-03  -2.091409670531e-02  -3.326217946637e-02  -1.315380351881e-02  -4.166434805041e-03  -1.106077304533e-03  -2.572201947374e-03  -2.382801253094e-04  -1.217363494497e-06  -3.978572937826e-06   1.087397736904e-05   1.285721107882e-05  -2.445884987338e-05  -3.970003247782e-05   8.699756924107e-05   2.504121237097e-05   2.658457202410e-07  -1.856356756170e-07  -6.366719850136e-05   2.238049647591e-06  -1.548440299345e-06  -5.328652421581e-04  -5.991802508183e-06   4.043766421042e-06   1.397930433933e-03  -9.758294536146e-07   2.112957612918e-06   5.571049352479e-04   1.012696593759e-06  -4.403976346128e-06  -1.149809180798e-03   3.705311626031e-05  -7.914321082454e-06  -3.168841049915e-03  -9.141812606763e-05  -6.566687447854e-06  -1.628367427577e-03  -5.674982664659e-07   9.322023106968e-06  -1.456119859940e-05  -1.570078409558e-04   1.986260141555e-06  -2.592127173176e-07   2.135406621084e-06  -3.752284419548e-06  -5.527832028324e-05   1.205920551980e-06   9.435670321844e-05  -2.898362836219e-04  -3.584041000529e-06  -4.211953879649e-04   2.057228594391e-06  -3.227232504323e-05   4.599776779204e-05   5.428771839292e-04   8.895191701855e-07   1.375196464537e-07   4.411806890994e-07  -1.123739698592e-06  -1.940613625599e-06   4.256138987732e-06   1.178515195016e-06   8.828261279721e-06  -5.629759739057e-05  -1.178618950257e-06   4.707924996592e-08   1.566268702644e-05  -9.797515416313e-06   3.939397637157e-07   1.311388323971e-04   2.480934060389e-05  -1.038429852874e-06  -3.450847222506e-04   1.291585144612e-05  -4.625756737345e-07  -1.406558865844e-04  -2.487090278311e-05   9.914169936048e-07   3.000335532630e-04  -4.626597787427e-05   2.139855417333e-06   7.585945961183e-04  -8.357210258444e-05   2.023988651392e-06   5.389206789061e-04   2.391913745851e-07   7.411680148659e-07  -1.334548296510e-06   8.194897340186e-05   3.882821486097e-07   3.359253805511e-08   1.989986771198e-07  -4.175233985765e-07   2.187681695542e-05   2.067652532308e-07  -2.913247712537e-04  -8.062671318196e-05   1.273690100848e-06   7.775074190432e-05  -6.037961790605e-07  -2.374362671872e-07   4.230979495498e-06  -2.342475705261e-04  -6.549292521342e-06
  -4.057815590627e-02  -6.889895297130e-02   5.679539160071e-04  -2.756979509250e-06   6.354335669487e-06   1.759605332706e-01   7.880260361347e-04  -6.306143266370e-06   1.519505764214e-05   1.211238966780e-01  -1.938463431078e-03  -1.115872715634e-05   2.870433888327e-05   2.818093783746e-02   2.955707316368e-04  -2.080052273510e-06   6.194596501569e-06   2.107712371419e-06  -1.117358718725e-06  -1.061302301027e-04  -5.308387985125e-06   1.911592902870e-04   3.480034191303e-02   4.766510039940e-02  -5.796112993543e-03  -2.922276011091e-03   2.726147765381e-03  -7.226451030439e-03   2.194424295855e-03   3.482241740200e-02   4.767526039296e-02  -5.787427778420e-03  -2.912230806954e-03   2.575009998968e-03   1.699665062403e-03  -7.410742593912e-03   3.535205586875e-02   4.944456559768e-02  -3.279706420811e-03  -3.835123858742e-03  -8.143622386366e-03  -3.949100875236e-05   1.047090965928e-04   3.480414732593e-02   4.766680893770e-02  -5.794769962970e-03  -2.919635223060e-03   2.704242770914e-03   5.563600989224e-03   5.118393016089e-03   1.168476434914e-04   3.801999703197e-04  -1.023343412442e-03  -1.280457832440e-03   2.510772081476e-03   3.406753855233e-03  -6.766076638903e-03  -4.418019419467e-03  -7.256086825858e-05  -9.949288135316e-08   3.300242791889e-07  -6.149358160279e-04  -8.011214059966e-07   2.680827632112e-06   1.774923382431e-03   1.537517687133e-06  -5.593041206678e-06   7.904621556513e-04   8.828806866104e-07  -3.001099578229e-06  -1.603608897131e-03  -1.554106301560e-06   5.506249531162e-06  -4.396475797908e-03  -2.905605633941e-06   1.092323350260e-05  -1.074608558457e-03   3.535469108836e-06  -6.766682079296e-06  -2.549322662165e-06  -9.277855682057e-07   4.371926890435e-04   6.732629629655e-06  -7.514988680416e-04  -1.338885774385e-06  -4.588555554427e-07   1.158062852775e-04   3.553361530100e-06  -1.977507159937e-04  -3.669608638173e-03   2.470930638056e-03   4.172707847072e-06  -1.024659058803e-05   2.993738585904e-06   5.966961677928e-07  -7.290671783801e-04  -7.813623116098e-06   1.259093535092e-03  -7.280990662794e-06  -2.404847426197e-05   6.776320435423e-05   7.546445458836e-05  -1.284206651475e-04  -2.203912591102e-04   6.703901931872e-05   6.101199688213e-04   1.098629793423e-04  -2.005510912194e-09   1.750366052331e-09   9.189591106923e-04  -2.285271336716e-08   3.078610986802e-08  -2.406006910806e-03   2.229801100278e-07  -5.123495477984e-07  -1.050132082449e-03   3.428316130815e-07  -8.750261127019e-07   1.981087497514e-03  -8.243630404427e-07   2.069691441777e-06   5.138790292976e-03   6.101860798820e-08  -3.093786727547e-07   3.121479848392e-03  -1.861227978863e-06   4.580876069771e-06   5.858128249360e-07  -1.006134028224e-08   9.970971282369e-05  -1.717718386445e-06  -1.726443637621e-04   3.042927485023e-07  -3.513092928835e-09   1.284786168997e-05  -8.343302677184e-07  -2.223353267200e-05   3.469105466219e-03   1.031153051027e-03  -6.645391405699e-07   1.808693711143e-06   2.192864997434e-07   1.930392439080e-09  -3.432197878535e-04  -1.332881020761e-07   5.944628337044e-04
  -3.257158379390e-05  -6.904971187657e-05   5.646620660295e-02   3.820652211758e-06  -9.406323583761e-06   7.880260361347e-04   8.830237062280e-02   7.719741694079e-06  -1.904775533260e-05  -3.021699833161e-03   6.491319455741e-02   3.357870619801e-05  -8.701900249445e-05  -6.051964335420e-03   2.400731354495e-03   2.841759900735e-05  -7.521813875164e-05   1.082994405943e-04  -3.404774553747e-05  -4.781806282464e-03  -2.859216555545e-04   8.484829165105e-03  -1.748157687960e-02  -2.583124780100e-02  -9.154170635954e-03  -1.310634009734e-03   2.266182564578e-03   2.491274137584e-03  -7.541315995888e-04  -1.644604150908e-02  -2.417750790769e-02  -8.350048996454e-03  -1.138019087666e-03   2.362454926175e-03  -5.462338377520e-04   2.379774192251e-03   5.138694135346e-02   8.014108988162e-02   2.757791407991e-02   5.514560677013e-03  -5.471680796743e-03  -4.152325473091e-05   1.101822635906e-04  -1.733071732915e-02  -2.558947423907e-02  -9.034923640923e-03  -1.285444229222e-03   2.280559185744e-03  -1.900131932789e-03  -1.744412857585e-03  -1.368457569462e-04  -4.453927382605e-04   1.199846317559e-03   1.534667460678e-03  -3.052458238359e-03  -3.920999874968e-03   7.717645732611e-03   5.804218020767e-03   2.462344320817e-05   2.880403704869e-07  -8.032962349387e-07   2.083135686372e-04   2.446550138322e-06  -6.818790211528e-06  -6.154474034368e-04  -6.970122728896e-06   1.936606683523e-05  -3.712961694094e-04  -1.901704177602e-06   5.410580837988e-06   9.165540172549e-04   3.803172896827e-06  -1.089002696821e-05   1.065513496657e-03   2.093071632995e-05  -5.721727758325e-05   3.411690064423e-03  -6.890132516388e-07  -4.864835230036e-07   5.833348160079e-06   6.142637212643e-07  -5.169497343035e-04  -1.529131917988e-05   8.917735668666e-04   2.545722263099e-06   2.304756249917e-07  -7.030856519066e-05  -6.625266801815e-06   1.204293600552e-04   6.242744490745e-04   3.242479438829e-03  -2.336713947975e-06   6.070591073413e-06  -5.031428928012e-06  -8.061299039343e-07   9.466607601310e-04   1.308687225890e-05  -1.634654675514e-03   2.557091952537e-05   8.420230614648e-05  -2.355759214837e-04  -2.639900466162e-04   4.754137555797e-04   8.544993104755e-04  -1.475574943239e-03  -1.301060005301e-04  -1.368881423470e-04  -7.765656340040e-08   1.940574713334e-07  -1.142067383480e-03  -6.433616803558e-07   1.608858484839e-06   2.915986004175e-03   1.508471999405e-06  -3.796309427239e-06   1.170129618611e-03   3.178443597582e-07  -8.085136319022e-07  -2.184896364709e-03  -5.795711076145e-07   1.531009723313e-06  -6.470719987013e-03  -3.978843761450e-06   1.002082021480e-05  -2.459077473611e-03  -1.977819937752e-07   8.962947319599e-07  -1.970550729568e-06  -2.697761578647e-08  -1.809084615630e-05   5.099177895906e-06   3.152131702381e-05  -8.309571709857e-07  -1.073417719201e-08   1.813346302498e-05   2.120008706702e-06  -3.133354233552e-05   3.581545402016e-03   8.953435208560e-04   4.173010660852e-06  -1.050662861753e-05   1.041517471834e-06  -8.620297223746e-09   2.216717990231e-04  -3.102338045413e-06  -3.839046300875e-04
   1.492148130369e-06   2.719370598506e-06   5.503668773505e-06   5.621232909806e-02  -3.304877739058e-06  -6.306143266370e-06   7.719741694079e-06   8.792920947172e-02  -7.169180252497e-06  -4.621911063361e-05   1.938291118523e-05   5.900989873082e-02  -1.259331300730e-05  -2.974941574887e-04   2.463091364939e-04  -3.648262336086e-03  -7.336578767300e-06  -5.740409404138e-03  -6.092831162249e-03  -4.289725344339e-03  -3.291525937066e-05  -2.371623497039e-03   4.616626451766e-02   7.344555380240e-02   2.885697832828e-02   9.027837642184e-03   2.465767520004e-03  -4.047973810867e-03   2.242191499239e-03  -1.086869282373e-02  -1.727936565232e-02  -6.685104798345e-03  -2.015408218561e-03  -5.446097398785e-04   2.921513360037e-03   1.777711113673e-03   2.455737169214e-04   3.976348280024e-04   1.041206361351e-04  -1.440326815100e-04  -4.316659331115e-05   3.303268571019e-03   5.848681265969e-07  -3.554293781355e-02  -5.654342858919e-02  -2.207959990642e-02  -6.815518174600e-03  -1.881949176243e-03  -1.041176895529e-03  -4.023774002926e-03   6.600663265266e-07   2.148107209266e-06  -5.790186500333e-06  -6.785130970477e-06   1.282584733493e-05   2.163000992031e-05  -4.958355765948e-05  -1.357696361335e-05  -9.242979277342e-08  -9.928602360656e-05  -3.464617356125e-07  -8.088738016718e-07  -8.310435319492e-04  -2.886707236848e-06   2.724538247556e-06   2.182216445996e-03   7.455238204692e-06   2.727080328892e-07   8.737937174748e-04   3.787148550866e-06  -1.807072302732e-07  -1.805489112436e-03  -7.829395936229e-06  -2.078830066112e-05  -4.950686015271e-03  -1.457722611440e-05   5.497469426163e-05  -2.555057591923e-03  -1.165952093566e-05  -5.976661153134e-04   6.735824547967e-05   4.824916622241e-05  -1.231874237447e-06   2.452260630918e-05  -2.190387889417e-04   2.261154873843e-05   1.611219747170e-05  -5.382401901733e-07   8.373071204791e-06  -6.014200555434e-05   1.786513437953e-04  -6.952657161655e-04  -5.626024567076e-06   8.579299338703e-04  -6.132302733366e-05  -4.914655300544e-05   3.198568009312e-06  -1.267332909800e-05  -3.044327094959e-08  -9.127653315011e-08   1.718680372296e-07   5.407100336987e-07  -1.348754374380e-06   7.834648558503e-07  -7.303287529934e-06   3.247900505590e-05   6.437359372529e-07   2.351585099970e-05   9.013428585347e-08   5.389352689569e-06   1.965087743972e-04   7.526046405882e-07  -1.443024691511e-05  -5.096250859804e-04  -1.953329011410e-06  -7.674320381040e-06  -2.065610982862e-04  -8.718491657198e-07   1.512765927247e-05   4.405408928029e-04   1.850715999119e-06   2.777850692034e-05   1.118530349533e-03   3.983949277350e-06   5.055021928155e-05   8.028525662501e-04   3.716332661100e-06   1.647342490995e-04  -2.700513633788e-06  -1.341850527637e-06   6.636842390081e-07  -1.915806319734e-06   4.787188498094e-05  -1.141553827145e-06  -5.968453882089e-07   1.530438467836e-07  -7.709053424264e-07   1.805003789944e-04   5.026968361809e-05   1.344688638634e-04   2.046980271821e-06  -3.686084727903e-04  -1.060063036203e-07  -2.519408461903e-06  -1.030720906342e-06   3.965067502222e-06
  -3.694584673301e-06  -6.728911061883e-06  -1.373490915932e-05  -3.303448375040e-06   5.623406454383e-02   1.519505764214e-05  -1.904775533260e-05  -7.169180252497e-06   8.797618820085e-02   1.199566266105e-04  -5.137633519257e-05  -1.261482172692e-05   5.908793990711e-02   7.696553650661e-04  -6.370993222766e-04  -7.217454954058e-06  -3.613089724867e-03  -3.291623364465e-05  -4.955287606385e-03   5.521087213632e-03  -5.544639091818e-03   2.910109583650e-03  -1.403075327424e-02  -2.231260966116e-02  -8.935443838731e-03  -2.903458095675e-03  -7.480777600519e-04   2.242224284946e-03   2.649915132753e-03   4.739832249695e-02   7.534625495533e-02   2.928513747302e-02   8.912892771278e-03   2.374062363843e-03   1.777735399887e-03  -4.422777607657e-03  -6.514112338949e-04  -1.053762414428e-03  -2.780477918044e-04   3.701148138947e-04   1.144239505535e-04   5.849496642861e-07   3.301819789426e-03  -3.271678816123e-02  -5.203329615816e-02  -2.057883992836e-02  -6.518652366184e-03  -1.730303282479e-03  -4.023834515335e-03  -3.724103837826e-04  -1.666665541681e-06  -5.424732242969e-06   1.462888975764e-05   1.709857241030e-05  -3.228152973929e-05  -5.492185566130e-05   1.263780604602e-04   3.337902530330e-05   2.387560852978e-07  -3.470231556417e-07  -9.713183001107e-05   2.096309308423e-06  -2.891400364975e-06  -8.131021685923e-04  -7.172528625568e-06   7.467547106543e-06   2.136007980789e-03  -6.536417253590e-07   3.792797628647e-06   8.502161092601e-04   3.139313758391e-07  -7.841067097704e-06  -1.756757025503e-03   5.481615520267e-05  -1.460261055473e-05  -4.860940225038e-03  -1.441681848428e-04  -1.167890366226e-05  -2.482249627489e-03  -1.233457440421e-06   5.459042407851e-05  -6.300539033878e-05  -5.906354105923e-04  -2.795318725779e-05  -5.394350695591e-07   1.832030707556e-05  -2.096232168770e-05  -2.159827760573e-04  -9.689643307319e-06   1.474139265497e-04  -4.537849400503e-04  -5.618697642632e-06  -6.569193893447e-04   3.202503033086e-06  -4.886263727909e-05   7.002583830053e-05   8.381818800564e-04   6.532838610153e-07   7.715639900106e-08   2.306447818311e-07  -4.268111252386e-07  -1.390271191908e-06   3.486330058928e-06  -2.150742769974e-06   1.922871726879e-05  -8.486333324340e-05  -1.626141306408e-06   9.017416474844e-08   2.294666259139e-05  -1.361506442370e-05   7.529262463583e-07   1.917553854248e-04   3.647792120463e-05  -1.953806968175e-06  -4.972681272231e-04   1.941291510587e-05  -8.712024716458e-07  -2.010154542386e-04  -3.827928212140e-05   1.849401812824e-06   4.287777855016e-04  -7.027201496131e-05   3.986989262489e-06   1.093378967282e-03  -1.296358386910e-04   3.708053451856e-06   7.792615353110e-04   6.670773485855e-07  -2.017627054722e-06   9.494487628808e-07   1.608217022605e-04   3.305144552036e-06   1.543993064021e-07  -8.756423138396e-07   4.771863234482e-07   4.702291092413e-05   1.338362342291e-06  -4.562703098543e-04  -1.263452649410e-04   2.030142063294e-06   1.194567585188e-04  -1.034364680345e-06  -5.058434181052e-07   6.618159046058e-06  -3.623409518072e-04  -9.909203334799e-06
  -3.066477762643e-02  -4.970036152111e-02  -1.893048802276e-03  -2.859552478970e-05   7.417539702667e-05   1.211238966780e-01  -3.021699833161e-03  -4.621911063361e-05   1.199566266105e-04   8.359329590263e-02  -4.032015350320e-03  -3.724202972244e-05   9.710263545844e-05   1.997557685811e-02  -4.078565923696e-05  -1.269035819157e-06   3.954156517679e-06  -2.370622525194e-07  -2.654944507947e-06   1.323663816343e-04   1.025090835962e-06  -2.122419582165e-04   2.463490220050e-02   3.377966713565e-02  -3.693134857066e-03  -2.079579211807e-03   1.787327306560e-03  -5.068554318557e-03   1.542637346940e-03   2.471145453006e-02   3.388340584631e-02  -3.657814160900e-03  -2.055921021072e-03   1.684695383533e-03   1.192402683240e-03  -5.201652114490e-03   2.226457861928e-02   3.082695794185e-02  -3.349944645313e-03  -2.732317615622e-03  -5.389786310253e-03  -2.708456951098e-05   7.175330993790e-05   2.464700630350e-02   3.379578905423e-02  -3.687669989380e-03  -2.075151229542e-03   1.772510130771e-03   3.900658891393e-03   3.593862004564e-03   1.869447681013e-04   6.135337607772e-04  -1.697641969983e-03  -2.102258884221e-03   4.083095383874e-03   5.486608206607e-03  -9.553281634433e-03  -5.701018767429e-03  -7.152955000973e-05  -1.924253370766e-07   5.540070847981e-07  -5.799516880875e-04  -1.857903182174e-06   5.281506747413e-06   1.174990034674e-03   9.747754701055e-06  -2.656580090360e-05   5.193265594707e-04   4.784451982785e-06  -1.298274232447e-05  -9.708745827322e-04  -1.137271210982e-05   3.070673120898e-05  -2.286090317487e-03  -2.504304533844e-05   6.776731263229e-05  -8.399253557475e-04  -1.445290160686e-05   3.945146160587e-05   2.723213573424e-05   7.117963637520e-06   4.428222966738e-04  -7.049730947704e-05  -8.111461583800e-04   9.788250678652e-06   2.587185436832e-06   1.350332626585e-04  -2.531665039499e-05  -2.499398538423e-04  -2.455534670169e-03   1.506921113731e-03   2.810552844258e-06  -6.864300080677e-06   1.014711156643e-06   7.265380736557e-07  -4.336534492698e-04  -2.710339362815e-06   7.466340293677e-04   4.077826906598e-05   1.350847728444e-04  -3.849534889994e-04  -4.731709157424e-04   9.199415788784e-04   1.236235316754e-03  -2.046434139438e-03  -6.176107696257e-04   8.287177231028e-05   8.244912012451e-07  -2.147823909798e-06   6.794345202738e-04   6.997981676194e-06  -1.823205212615e-05  -1.510756748597e-03  -2.031242983271e-05   5.296090310393e-05  -6.416334990838e-04  -8.780536003772e-06   2.289071007982e-05   1.146321044333e-03   1.846523632348e-05  -4.817660340660e-05   2.823072370055e-03   4.448679397898e-05  -1.160641987365e-04   2.076511172242e-03   2.740072518865e-05  -7.156613682301e-05  -7.308769060389e-06   8.503833815833e-08   3.082418346962e-05   1.908933915140e-05  -5.385657197232e-05  -2.820153149213e-06   3.268588614718e-08   4.857460408928e-06   7.381317702340e-06  -8.592860873069e-06   2.244744826918e-03   6.581791594450e-04  -2.801794544220e-08   9.259986540687e-08  -4.838111324957e-07   4.188674356866e-09  -1.216448527054e-04   1.513535838307e-06   2.106735450436e-04
   5.795894103454e-04   9.555205310132e-04   4.151730416194e-02   1.152564267724e-05  -3.068080160120e-05  -1.938463431078e-03   6.491319455741e-02   1.938291118523e-05  -5.137633519257e-05  -4.032015350320e-03   4.788938867767e-02   3.463563847103e-05  -9.105840434039e-05  -5.220594648616e-03   1.949007327253e-03   2.081849410445e-05  -5.515843907205e-05   7.873487127178e-05  -2.384803416067e-05  -3.524721065632e-03  -2.078565774793e-04   6.246858299347e-03  -1.334513450804e-02  -1.960739289648e-02  -6.600680335952e-03  -7.694017392485e-04   1.621554659328e-03   1.926777904131e-03  -5.844907358573e-04  -1.261929168150e-02  -1.844707982968e-02  -6.026159561541e-03  -6.565042004457e-04   1.692576862413e-03  -4.245960872430e-04   1.850679832795e-03   3.728657775535e-02   5.820169230631e-02   2.027999597380e-02   3.927878014560e-03  -3.901647955982e-03  -2.944004638175e-05   7.808087374625e-05  -1.323910861050e-02  -1.943726561346e-02  -6.515230073553e-03  -7.529951469608e-04   1.632163047798e-03  -1.469964037459e-03  -1.351361826129e-03  -2.452499883471e-04  -8.014555855500e-04   2.186643593709e-03   2.717397052769e-03  -5.279127359451e-03  -7.068399051065e-03   1.264968112451e-02   7.911303517788e-03   5.678094873632e-05   8.116031923695e-07  -2.101631998894e-06   4.469975969241e-04   6.897128165102e-06  -1.786087715409e-05  -6.536061597731e-04  -2.008762277988e-05   5.202708122025e-05  -3.518616252015e-04  -8.031721439733e-06   2.074241865210e-05   7.188788138189e-04   1.685702094984e-05  -4.356435088815e-05   4.327035441778e-04   4.753912796862e-05  -1.233738467658e-04   2.849480036936e-03   2.130595165503e-05  -5.550505492505e-05  -8.704840129894e-06   1.919594073707e-07  -1.186013099792e-03   2.102756616686e-05   2.052985753641e-03  -2.877107608934e-06   7.388533573443e-08  -3.618077453470e-04   6.918555375715e-06   6.261933734155e-04   4.538129176643e-04   2.354405375328e-03  -1.791014385490e-06   4.685534776347e-06  -3.133390285761e-06  -5.948433259737e-07   5.693759686190e-04   8.191081812599e-06  -9.825096198987e-04  -9.817763080666e-05  -3.242799031255e-04   9.148935554289e-04   1.135365967386e-03  -2.195850258845e-03  -2.780559436876e-03   4.138069556721e-03   2.609027433276e-03  -7.496465122140e-05  -6.621698736829e-07   1.685966287415e-06  -6.367070902612e-04  -5.565012357332e-06   1.416337137732e-05   1.848492129151e-03   1.508229206206e-05  -3.827412146359e-05   7.561721434299e-04   6.387752081983e-06  -1.621117306778e-05  -1.548193777427e-03  -1.322080741029e-05   3.353904578747e-05  -4.342815677906e-03  -3.227005046275e-05   8.174697210488e-05  -1.955492712972e-03  -2.030214056790e-05   5.168805565988e-05   2.248180162885e-06   9.054097192998e-08  -5.668870505037e-04  -5.241522644288e-06   9.813093984482e-04   9.290789658715e-07   3.323082679727e-08  -2.045174058584e-04  -2.196327716182e-06   3.540252873772e-04   2.565938521831e-03   6.653244531437e-04   2.569985851548e-06  -6.474648432195e-06   2.117474355457e-06  -3.855553832844e-09   2.182682525684e-05  -5.621144642742e-06  -3.779920085624e-05
   2.784794168671e-06   4.743100053618e-06   2.189317160754e-05   3.772500403671e-02  -7.204948584356e-06  -1.115872715634e-05   3.357870619801e-05   5.900989873082e-02  -1.261482172692e-05  -3.724202972244e-05   3.463563847103e-05   3.960992739714e-02  -1.359104674434e-05  -2.077203045225e-04   1.674800892847e-04  -2.442953507329e-03  -4.478484118079e-06  -3.850775619565e-03  -4.088259385074e-03  -2.880730944450e-03  -2.167387239838e-05  -1.589018191460e-03   3.097400509509e-02   4.928098324869e-02   1.935443475130e-02   6.052877575778e-03   1.656915747247e-03  -2.715819374217e-03   1.504013465197e-03  -7.304502474154e-03  -1.161231573296e-02  -4.488580048377e-03  -1.350567614309e-03  -3.653910770392e-04   1.959691208268e-03   1.194330763768e-03   1.799655645004e-04   2.904148972858e-04   7.888265468131e-05  -9.602351871590e-05  -3.038151125859e-05   2.217220605876e-03   1.334175451442e-07  -2.385525364125e-02  -3.795130156214e-02  -1.480988211994e-02  -4.566208742044e-03  -1.263365436645e-03  -6.994694674415e-04  -2.700782686499e-03  -3.135583948075e-07  -1.048661448729e-06   3.063078773436e-06   3.812647746278e-06  -7.183536024994e-06  -7.487736814218e-06   4.330969440825e-07   7.730732779309e-06  -3.823854210897e-07  -7.978199532127e-05  -4.284198413001e-07  -3.353805584412e-06  -6.738118168030e-04  -3.628558612863e-06   1.164845840366e-05   1.888634806734e-03   1.046935355266e-05   4.203633638518e-06   7.814187456540e-04   4.999873602838e-06  -7.776653922795e-06  -1.654249508590e-03  -1.061501680928e-05  -3.908984716714e-05  -4.328857586966e-03  -2.207519270144e-05   3.204439264599e-05  -2.418023161943e-03  -1.610153626849e-05   1.615712463931e-04   4.179642151641e-05   2.915034733298e-05   3.439576360223e-06   1.717399451470e-05   5.943995151981e-05   1.390460303217e-05   9.423528042175e-06   1.196869625159e-06   6.206161853066e-06  -4.219428570992e-05   1.216581419561e-04  -4.946557620505e-04  -3.926285379951e-06   5.478083684515e-04  -4.117518140707e-05  -3.525019533474e-05   1.927589231361e-06  -4.646020743272e-06  -9.028000433513e-07  -2.981486412360e-06   8.406462836663e-06   1.042433651401e-05  -2.004022773603e-05  -2.527460966593e-05   3.244634930403e-05   4.102820538054e-05   1.141504512295e-06   4.608037893878e-05   2.937552320058e-07   9.396597804067e-06   3.852424922594e-04   2.463568694654e-06  -2.169798970717e-05  -1.005543799577e-03  -6.597084406767e-06  -9.849841392444e-06  -4.268805750158e-04  -2.910624098155e-06   1.721179222261e-05   8.817097268140e-04   6.043696476386e-06   4.091991781477e-05   2.113395697560e-03   1.369339028397e-05   4.044401717554e-05   1.434098873246e-03   1.004183599243e-05   2.919568942940e-06   1.467365761534e-05   6.912624027251e-06  -1.849228162913e-07   1.149455388760e-05  -1.293512848655e-05   5.411559077656e-06   2.324266785353e-06  -1.873383199443e-07   4.620346153399e-06   1.210970428735e-04   3.365069632882e-05   1.194271047563e-04   1.638279721815e-06  -2.739613470322e-04   6.162047762339e-07  -3.758772016744e-06  -1.117275188336e-06   7.329006026859e-06
  -7.209163510195e-06  -1.228090126935e-05  -5.679436307219e-05  -7.190257842888e-06   3.776932330795e-02   2.870433888327e-05  -8.701900249445e-05  -1.259331300730e-05   5.908793990711e-02   9.710263545844e-05  -9.105840434039e-05  -1.359104674434e-05   3.969275453492e-02   5.379137226795e-04  -4.335622282715e-04  -4.399857406529e-06  -2.422183848738e-03  -2.167503290976e-05  -3.327381070308e-03   3.712377657540e-03  -3.722220225583e-03   1.947427267802e-03  -9.408253151038e-03  -1.496614522588e-02  -5.995769241793e-03  -1.952703914235e-03  -5.046113812147e-04   1.503393067011e-03   1.779886389519e-03   3.185089963543e-02   5.063117178174e-02   1.966480383260e-02   5.977090434874e-03   1.594275262150e-03   1.194237182332e-03  -2.973425691896e-03  -4.769248015137e-04  -7.690055210116e-04  -2.101914021108e-04   2.468880705053e-04   8.050158447323e-05   1.339073446078e-07   2.217907814550e-03  -2.195034608282e-02  -3.491604125639e-02  -1.380742622992e-02  -4.376596546834e-03  -1.164514959933e-03  -2.700071166227e-03  -2.481387296373e-04   8.478720777459e-07   2.832242993232e-06  -8.243929497649e-06  -1.027283803506e-05   1.939249709925e-05   2.036294068906e-05  -2.928030147604e-06  -2.147578541150e-05   9.912186274874e-07  -4.285796619732e-07  -7.715324944525e-05   8.701687840355e-06  -3.629921321481e-06  -6.515430817088e-04  -3.035920305826e-05   1.047349057215e-05   1.824286445815e-03  -1.090140371211e-05   5.001996086301e-06   7.505873379993e-04   2.015517437879e-05  -1.061995649059e-05  -1.588750386078e-03   1.022418639904e-04  -2.208419110970e-05  -4.193392490032e-03  -8.410531775050e-05  -1.611171565211e-05  -2.318609608251e-03   3.450530958706e-06   3.460600649471e-05  -3.736297334123e-05   1.413802289463e-04  -2.290601632137e-05   1.200376461084e-06   1.153454845438e-05  -1.175039334961e-05   5.239661305394e-05  -8.874263499312e-06   1.038101729271e-04  -3.094411033460e-04  -3.921452004007e-06  -4.679713590874e-04   1.928354568663e-06  -3.287747497305e-05   5.291121658329e-05   5.358300156801e-04  -9.550507366791e-06   2.340321844109e-06   7.729683174512e-06  -2.180193469234e-05  -2.704787056412e-05   5.202157551591e-05   6.552800892448e-05  -8.398729449364e-05  -1.068764021948e-04  -2.931697980427e-06   2.939889152272e-07   4.430381116808e-05  -2.413337403827e-05   2.465614050080e-06   3.703444153247e-04   5.572851829224e-05  -6.604145746358e-06  -9.656650107105e-04   2.526543265998e-05  -2.913238652260e-06  -4.092587919712e-04  -4.413082100825e-05   6.049858264633e-06   8.451191110324e-04  -1.052338333037e-04   1.371151919547e-05   2.030702869702e-03  -1.041276410766e-04   1.004671102659e-05   1.373082360874e-03  -1.930708919937e-07   1.177242577945e-05  -4.346830408270e-06   3.429875612543e-06  -2.193279740265e-05  -1.904523100122e-07   4.325892668586e-06  -1.017459256102e-06  -1.200479000584e-05  -9.052791016282e-06  -3.064539826407e-04  -8.467911039328e-05   1.626742570662e-06   1.077241594220e-04  -1.120834112149e-06   1.868944321746e-07   1.046162220029e-05  -2.671743445289e-04  -1.837767533949e-05
