ARMA_MAT_TXT_FN008
50 50
   3.279160019064e-01   2.802238712856e-01  -6.139151736878e-07   4.183005191561e-08  -3.755642760107e-16  -4.073551933553e-02  -8.200339920769e-06   8.293962821097e-07   9.059954990032e-16  -2.991429449162e-02  -1.171740996563e-05   1.201609573071e-06  -1.157750008191e-15  -7.536344546192e-03   1.193327818379e-05  -1.222824890421e-06   2.215598488444e-15  -1.194201260490e-07   9.326861235756e-17   2.928231377286e-06  -4.763575479202e-16  -3.957850395777e-06  -8.329078829596e-03  -1.191413919487e-02   1.431346672226e-03   8.046078363288e-04   1.981700686452e-03   5.226096096359e-06   4.899605612123e-16  -8.319962655836e-03  -1.189673806287e-02   1.445677096163e-03   8.247884714205e-04  -6.658151112741e-04   9.324537419816e-04   1.617193250867e-03  -8.319962655835e-03  -1.189673806287e-02   1.445677096162e-03   8.247884714256e-04  -6.658151112740e-04   9.324537419767e-04  -1.617193250870e-03  -8.320901123977e-03  -1.189857377646e-02   1.444118510469e-03   8.226152704678e-04  -6.587060267293e-04  -1.869244019910e-03   2.994823644097e-15
   2.802238712856e-01   2.463170593927e-01  -1.810312570867e-06   1.535457939442e-07  -3.386890754141e-16  -6.914253353567e-02  -1.390884538575e-05   1.406041993509e-06   8.753388684805e-16  -4.854879515026e-02  -2.086475783370e-05   2.141895715176e-06  -6.444853701709e-16  -1.195960925811e-02   1.890056007432e-05  -1.936671985590e-06   2.691557715270e-15  -1.826277176296e-07   1.812826921014e-16   4.956928851198e-06  -4.396909687933e-16  -6.682173754151e-06  -1.388946914262e-02  -1.961518700675e-02   2.097176595050e-03   1.290317893903e-03   3.265143223280e-03   8.620678354145e-06   3.286210341007e-16  -1.387344920186e-02  -1.958450060328e-02   2.120560908294e-03   1.322782726273e-03  -1.097113017893e-03   1.536162446406e-03   2.664160741522e-03  -1.387344920186e-02  -1.958450060328e-02   2.120560908294e-03   1.322782726279e-03  -1.097113017893e-03   1.536162446403e-03  -2.664160741523e-03  -1.387510458897e-02  -1.958775054510e-02   2.118019258265e-03   1.319285386918e-03  -1.085406360175e-03  -3.079455220721e-03   1.448889991517e-15
  -6.139151736878e-07  -1.810312570867e-06   3.581505636497e-02  -2.207312751486e-07   2.756852634131e-16   1.244848366655e-05   5.615900770920e-02  -4.456466328137e-07  -1.312276734992e-15   2.947283710180e-05   3.788102637139e-02   3.860498050486e-07   1.642260494052e-16  -3.542167063160e-05  -1.976518595799e-03   5.078498572105e-07  -3.136636772050e-15   3.755443161704e-05  -5.496406949427e-16  -3.095810875302e-03   2.465758222759e-16   5.337751411513e-03   3.267588349278e-02   5.182109418187e-02   2.039283359128e-02   6.199366510219e-03  -3.521008774837e-03  -1.476687295489e-05   2.380492687589e-16  -1.095152844618e-02  -1.735355392635e-02  -6.810925188599e-03  -2.065863113559e-03   1.466547314898e-03   8.869959757016e-04   1.538763230927e-03  -1.095152844618e-02  -1.735355392636e-02  -6.810925188598e-03  -2.065863113570e-03   1.466547314897e-03   8.869959757049e-04  -1.538763230926e-03  -1.083445129801e-02  -1.716841956564e-02  -6.737378996426e-03  -2.043126330712e-03   1.479867842519e-03  -1.759622627501e-03  -1.316896952930e-15
   4.183005191561e-08   1.535457939442e-07  -2.207312751486e-07   3.582366099916e-02   3.811583861362e-16  -1.196552230806e-06  -4.454654455815e-07   5.617855934965e-02   6.564630759807e-14  -3.138117871901e-06   3.874121646593e-07   3.791287913610e-02   7.111385623297e-14   3.540057075505e-06   5.103998950585e-07  -1.973848784210e-03   4.736491459179e-14  -3.572361653727e-03   1.805423056521e-14   4.359233881100e-03  -2.211564252479e-14   2.552559436623e-03   8.420377978357e-05   1.327816978034e-04   5.040585962748e-05   1.465646774527e-05  -1.472354122976e-05   2.101497736851e-03  -4.587611640540e-15   1.538323868014e-02   2.439788822360e-02   9.616473994090e-03   2.917273825423e-03   8.875440265487e-04   8.586491958198e-04  -2.158639615677e-03   1.538323868013e-02   2.439788822371e-02   9.616473994162e-03   2.917273825542e-03   8.875440265692e-04   8.586491957803e-04   2.158639615719e-03  -3.084430923688e-02  -4.892295779703e-02  -1.928679538230e-02  -5.851673352058e-03  -1.760762738785e-03  -2.899169132126e-03  -1.285478130606e-14
  -3.755642760107e-16  -3.386890754141e-16   2.756852634131e-16   3.811583861362e-16   3.582490134827e-02   9.873548745422e-16   1.504494100070e-15  -6.569822078391e-14   5.618126835149e-02  -7.164075872291e-15   1.248237667557e-15  -7.049182340231e-14   3.791872214510e-02   1.677676868148e-14   8.930641720143e-16  -4.629653375155e-14  -1.972642100765e-03   2.230378821092e-14   5.036415225040e-03  -1.567752553992e-14  -3.597425482657e-03  -8.147772126872e-15  -3.733666035820e-17  -4.099043630182e-16  -9.345612154834e-16  -4.247060706003e-15   8.816604524718e-16   4.528093129272e-15   2.101940489804e-03   2.668910323621e-02   4.233376135861e-02   1.669393245903e-02   5.063251322705e-03   1.539842313748e-03  -2.158818720741e-03  -1.640895331415e-03  -2.668910323622e-02  -4.233376135855e-02  -1.669393245899e-02  -5.063251322643e-03  -1.539842313736e-03   2.158818720744e-03  -1.640895331375e-03   5.455702337087e-15  -6.483949396523e-14  -4.043752733273e-14  -7.049876752519e-14  -1.153126084527e-14  -3.230554728226e-14   2.103398136309e-03
  -4.073551933553e-02  -6.914253353567e-02   1.244848366655e-05  -1.196552230806e-06   9.873548745422e-16   1.771531216775e-01   4.490641008998e-05  -4.540521820654e-06   7.149507978908e-16   1.189333964165e-01   6.212009464027e-05  -6.374439312329e-06  -6.846376722964e-16   2.860285316161e-02  -4.543405261131e-05   4.654861802394e-06  -4.324533486048e-15   4.848663406314e-07  -4.014260583515e-16  -1.325322325601e-05   1.375497659758e-16   1.787382740316e-05   3.498470870523e-02   4.877728943851e-02  -4.555529329451e-03  -3.120221419300e-03  -8.124969850102e-03  -2.151284922325e-05   4.407611991622e-16   3.493484683299e-02   4.868399141322e-02  -4.617803873252e-03  -3.200434061238e-03   2.730297841360e-03  -3.821689135955e-03  -6.627704117183e-03   3.493484683299e-02   4.868399141321e-02  -4.617803873258e-03  -3.200434061247e-03   2.730297841359e-03  -3.821689135963e-03   6.627704117177e-03   3.494003597073e-02   4.869390718768e-02  -4.611049277063e-03  -3.191791443479e-03   2.701232421372e-03   7.661105038655e-03   5.243863360544e-15
  -8.200339920769e-06  -1.390884538575e-05   5.615900770920e-02  -4.454654455815e-07   1.504494100070e-15   4.490641008998e-05   8.805889470813e-02  -8.549733187494e-07  -3.765292887059e-16   6.326920672931e-05   5.939851333766e-02   4.994580525177e-07   1.391950850330e-15  -5.143904246197e-05  -3.099242728896e-03   8.024552970931e-07  -4.978121953423e-15   5.889635481754e-05  -7.112432094919e-16  -4.854331647675e-03   2.790666247049e-16   8.369738378927e-03   5.124170991899e-02   8.126391175151e-02   3.197587641691e-02   9.720331793279e-03  -5.522204631688e-03  -2.316377046452e-05   4.362423441513e-16  -1.716733664492e-02  -2.720394373199e-02  -1.068041046344e-02  -3.239798006387e-03   2.299976011068e-03   1.390284116935e-03   2.411879392290e-03  -1.716733664492e-02  -2.720394373200e-02  -1.068041046344e-02  -3.239798006404e-03   2.299976011067e-03   1.390284116940e-03  -2.411879392289e-03  -1.698362768649e-02  -2.691344348106e-02  -1.056500699539e-02  -3.204120580345e-03   2.320866134480e-03  -2.758030920139e-03  -2.001217690023e-15
   8.293962821097e-07   1.406041993509e-06  -4.456466328137e-07   5.617855934965e-02  -6.569822078391e-14  -4.540521820654e-06  -8.549733187494e-07   8.809905085144e-02  -1.020166471348e-15  -6.711026866499e-06   5.015666351823e-07   5.945486513518e-02   4.134988214490e-14   5.121015539292e-06   8.065721793097e-07  -3.095383902773e-03   7.792807536970e-14  -5.602167101591e-03   1.899243714648e-14   6.836146475685e-03  -2.802445589342e-14   4.002901096908e-03   1.314312719772e-04   2.073503209959e-04   7.905846252218e-05   2.301400315629e-05  -2.295741211024e-05   3.295562906253e-03  -1.108404170322e-14   2.412345432049e-02   3.826001189202e-02   1.508061461510e-02   4.574914092582e-03   1.391798776774e-03   1.346586168992e-03  -3.385076821249e-03   2.412345432058e-02   3.826001189235e-02   1.508061461527e-02   4.574914092787e-03   1.391798776812e-03   1.346586168922e-03   3.385076821322e-03  -4.837045013753e-02  -7.672152285951e-02  -3.024540732631e-02  -9.176523154739e-03  -2.761267667344e-03  -4.546578847694e-03  -2.405135640517e-14
   9.059954990032e-16   8.753388684805e-16  -1.312276734992e-15   6.564630759807e-14   5.618126835149e-02   7.149507978908e-16  -3.765292887059e-16  -1.020166471348e-15   8.810449700609e-02  -1.181014244642e-14   1.131595659686e-16  -4.170441036797e-14   5.946483658586e-02   2.617974679886e-14   1.497920242926e-15  -7.618723362943e-14  -3.093533577305e-03   2.848868998876e-14   7.898198868346e-03  -1.651946795886e-14  -5.641548721959e-03  -8.402579067372e-15  -1.662146788024e-15  -3.156926365939e-15  -2.344250494340e-15  -6.920621949006e-15   1.565932703215e-15   1.091775656657e-14   3.296301686041e-03   4.185434193939e-02   6.638858217910e-02   2.617973152823e-02   7.940283729654e-03   2.414809001334e-03  -3.385499172575e-03  -2.573282199856e-03  -4.185434193934e-02  -6.638858217891e-02  -2.617973152813e-02  -7.940283729546e-03  -2.414809001312e-03   3.385499172582e-03  -2.573282199784e-03  -4.708869642668e-14  -1.899118298650e-13  -9.808451242099e-14  -1.210680948530e-13  -2.136561346035e-14  -5.587713060767e-14   3.298587594064e-03
  -2.991429449162e-02  -4.854879515026e-02   2.947283710180e-05  -3.138117871901e-06  -7.164075872291e-15   1.189333964165e-01   6.326920672931e-05  -6.711026866499e-06  -1.181014244642e-14   7.986772666740e-02   6.403680481060e-05  -6.750000225721e-06  -8.739395953153e-15   1.921049668641e-02  -3.168086762052e-05   3.255354095779e-06  -2.487041311702e-15   5.807458021162e-07  -1.371543258898e-15  -1.100779583124e-05   8.836074565966e-16   1.498171461233e-05   2.350887583327e-02   3.278327776978e-02  -3.049458777519e-03  -2.091834292205e-03  -5.457763988397e-03  -1.459088161544e-05  -1.677202344642e-16   2.344867827074e-02   3.267827310376e-02  -3.107943618655e-03  -2.150766193874e-03   1.834124309606e-03  -2.565691391907e-03  -4.449272425704e-03   2.344867827075e-02   3.267827310378e-02  -3.107943618652e-03  -2.150766193877e-03   1.834124309607e-03  -2.565691391913e-03   4.449272425701e-03   2.345524420880e-02   3.268981806879e-02  -3.101480239427e-03  -2.144377035761e-03   1.814788134358e-03   5.143371475057e-03   3.027114613789e-15
  -1.171740996563e-05  -2.086475783370e-05   3.788102637139e-02   3.874121646593e-07   1.248237667557e-15   6.212009464027e-05   5.939851333766e-02   5.015666351823e-07   1.131595659686e-16   6.403680481060e-05   4.006618415470e-02   1.063992622171e-06   1.187008823348e-15  -2.956149140740e-05  -2.090545238950e-03   5.042031343154e-07  -3.370605468755e-15   3.965891960437e-05  -4.466936288300e-16  -3.274318638629e-03   1.644178804701e-16   5.645705084502e-03   3.457043784184e-02   5.482383863421e-02   2.156792223697e-02   6.556110727747e-03  -3.726361111489e-03  -1.558819289366e-05   3.079363142425e-16  -1.157333943754e-02  -1.834070585654e-02  -7.204917737796e-03  -2.185864738440e-03   1.551913918896e-03   9.371205765923e-04   1.625656874049e-03  -1.157333943754e-02  -1.834070585654e-02  -7.204917737796e-03  -2.185864738452e-03   1.551913918895e-03   9.371205765959e-04  -1.625656874049e-03  -1.145030895909e-02  -1.814616084288e-02  -7.127628420851e-03  -2.161966071558e-03   1.565948876875e-03  -1.859058540933e-03  -1.335480942171e-15
   1.201609573071e-06   2.141895715176e-06   3.860498050486e-07   3.791287913610e-02  -7.049182340231e-14  -6.374439312329e-06   4.994580525177e-07   5.945486513518e-02  -4.170441036797e-14  -6.750000225721e-06   1.063992622171e-06   4.012393959633e-02   2.224792200277e-16   2.921169258106e-06   5.072596586104e-07  -2.088962789791e-03   5.403101567966e-14  -3.780699373879e-03   9.140402967000e-15   4.613409023622e-03  -1.628634067556e-14   2.701515323610e-03   8.867138125726e-05   1.400160768385e-04   5.382987596935e-05   1.570851491850e-05  -1.540888245714e-05   2.224056405170e-03  -9.014773202710e-15   1.627918457488e-02   2.581905672830e-02   1.017731720725e-02   3.087464303568e-03   9.392518134855e-04   9.088507433191e-04  -2.284312658045e-03   1.627918457498e-02   2.581905672858e-02   1.017731720739e-02   3.087464303714e-03   9.392518135133e-04   9.088507432689e-04   2.284312658097e-03  -3.264432908585e-02  -5.177782167503e-02  -2.041157539671e-02  -6.192883371002e-03  -1.863501817580e-03  -3.068498603742e-03  -1.776713029850e-14
  -1.157750008191e-15  -6.444853701709e-16   1.642260494052e-16   7.111385623297e-14   3.791872214510e-02  -6.846376722964e-16   1.391950850330e-15   4.134988214490e-14   5.946483658586e-02  -8.739395953153e-15   1.187008823348e-15   2.224792200277e-16   4.013491831114e-02   1.748901582978e-14   9.537143050866e-16  -5.289850029020e-14  -2.087935064593e-03   1.655592318218e-14   5.330773354241e-03  -7.978247150872e-15  -3.807680473101e-03  -3.604719486347e-15  -3.292651696667e-16  -8.285939721409e-16  -9.189827726507e-16  -4.458232253481e-15   9.954227765077e-16   8.941036915782e-15   2.224790422271e-03   2.824897353042e-02   4.480799873559e-02   1.766962538905e-02   5.359177913436e-03   1.629839877986e-03  -2.284992956089e-03  -1.736799036414e-03  -2.824897353036e-02  -4.480799873543e-02  -1.766962538897e-02  -5.359177913359e-03  -1.629839877970e-03   2.284992956095e-03  -1.736799036362e-03  -5.540857826510e-14  -1.656068564917e-13  -8.080265448253e-14  -8.613139669915e-14  -1.571214096215e-14  -3.998425785517e-14   2.226333262326e-03
  -7.536344546192e-03  -1.195960925811e-02  -3.542167063160e-05   3.540057075505e-06   1.677676868148e-14   2.860285316161e-02  -5.143904246197e-05   5.121015539292e-06   2.617974679886e-14   1.921049668641e-02  -2.956149140740e-05   2.921169258106e-06   1.748901582978e-14   4.621097990972e-03  -5.274777986906e-06   5.458481060390e-07  -1.608694963114e-15  -3.331221169677e-07   2.273748038362e-15   1.549639083530e-06  -1.647656973039e-15  -2.426297841358e-06   5.615297419492e-03   7.823470559816e-03  -7.579886179013e-04  -5.105249197806e-04  -1.308508701514e-03  -3.239895312626e-06   1.043629025628e-15   5.654436093123e-03   7.883230840377e-03  -7.386203011968e-04  -5.145420279134e-04   4.395040498510e-04  -6.180429923607e-04  -1.072212184169e-03   5.654436093099e-03   7.883230840337e-03  -7.386203012132e-04  -5.145420279195e-04   4.395040498495e-04  -6.180429923599e-04   1.072212184166e-03   5.650334562054e-03   7.876998040245e-03  -7.406178608410e-04  -5.140834032420e-04   4.345200756126e-04   1.238810755454e-03   1.809701246612e-15
   1.193327818379e-05   1.890056007432e-05  -1.976518595799e-03   5.103998950585e-07   8.930641720143e-16  -4.543405261131e-05  -3.099242728896e-03   8.065721793097e-07   1.497920242926e-15  -3.168086762052e-05  -2.090545238950e-03   5.072596586104e-07   9.537143050866e-16  -5.274777986906e-06   1.090890675706e-04  -5.663787126720e-08   1.248311214294e-16  -2.122281072949e-06   1.584092141026e-16   1.709115821011e-04  -1.051831706208e-16  -2.945420240965e-04  -1.812111850794e-03  -2.872158495642e-03  -1.124260261558e-03  -3.413339192753e-04   1.963655744664e-04   8.495795779825e-07   3.999616217522e-17   5.957671083708e-04   9.457241964715e-04   3.771746260642e-04   1.148576008129e-04  -8.161143583747e-05  -4.797287299239e-05  -8.327473713692e-05   5.957671083695e-04   9.457241964695e-04   3.771746260633e-04   1.148576008133e-04  -8.161143583752e-05  -4.797287299246e-05   8.327473713682e-05   5.886621729443e-04   9.344856407920e-04   3.727124167963e-04   1.134787677277e-04  -8.237601741624e-05   9.513184426273e-05   1.245356308834e-16
  -1.222824890421e-06  -1.936671985590e-06   5.078498572105e-07  -1.973848784210e-03  -4.629653375155e-14   4.654861802394e-06   8.024552970931e-07  -3.095383902773e-03  -7.618723362943e-14   3.255354095779e-06   5.042031343154e-07  -2.088962789791e-03  -5.289850029020e-14   5.458481060390e-07  -5.663787126720e-08   1.087572688319e-04  -6.182523812483e-17   1.968341717974e-04  -7.500401476894e-15  -2.402326935239e-04   5.865405906953e-15  -1.405692425675e-04  -3.281248839433e-06  -5.335561755760e-06  -2.613455732486e-06  -8.026798408734e-07   5.520345643486e-07  -1.157912354673e-04  -2.462320694171e-15  -8.468478484605e-04  -1.343278429437e-03  -5.300723463415e-04  -1.608504597178e-04  -4.881178322531e-05  -4.739748451565e-05   1.187884941555e-04  -8.468478483911e-04  -1.343278429334e-03  -5.300723463024e-04  -1.608504597112e-04  -4.881178322246e-05  -4.739748451905e-05  -1.187884941536e-04   1.700246668444e-03   2.696631428386e-03   1.062470773381e-03   3.223105080346e-04   9.710676543367e-05   1.599155511584e-04  -2.008589546306e-15
   2.215598488444e-15   2.691557715270e-15  -3.136636772050e-15   4.736491459179e-14  -1.972642100765e-03  -4.324533486048e-15  -4.978121953423e-15   7.792807536970e-14  -3.093533577305e-03  -2.487041311702e-15  -3.370605468755e-15   5.403101567966e-14  -2.087935064593e-03  -1.608694963114e-15   1.248311214294e-16  -6.182523812483e-17   1.086204486617e-04  -5.956759446445e-15  -2.773223187209e-04   6.899531506057e-15   1.980866016201e-04   3.359495894887e-15  -3.577735358776e-15  -5.495079730164e-15  -1.547666193109e-15  -2.114634493075e-16   4.349498950562e-16   2.532236150882e-15  -1.157400620083e-04  -1.469593681860e-03  -2.331042286111e-03  -9.192252527199e-04  -2.788000064167e-04  -8.478900603448e-05   1.188719727403e-04   9.035333222918e-05   1.469593681902e-03   2.331042286173e-03   9.192252527445e-04   2.788000064215e-04   8.478900603579e-05  -1.188719727382e-04   9.035333223259e-05  -4.099848741121e-14  -6.082234874580e-14  -2.258541252870e-14  -3.603153217821e-15  -1.888270959666e-15  -2.087660060230e-15  -1.158203250308e-04
  -1.194201260490e-07  -1.826277176296e-07   3.755443161704e-05  -3.572361653727e-03   2.230378821092e-14   4.848663406314e-07   5.889635481754e-05  -5.602167101591e-03   2.848868998876e-14   5.807458021162e-07   3.965891960437e-05  -3.780699373879e-03   1.655592318218e-14  -3.331221169677e-07  -2.122281072949e-06   1.968341717974e-04  -5.956759446445e-15   3.562778475258e-04   1.339905186288e-15  -4.379502417854e-04  -3.781820290784e-17  -2.489493424798e-04   2.591547950627e-05   4.116196985121e-05   1.633506024814e-05   5.028856012919e-06  -2.237778703448e-06  -2.095783941078e-04   1.768564759694e-15  -1.545434815219e-03  -2.451063798603e-03  -9.661084907779e-04  -2.930839579621e-04  -8.696422781382e-05  -8.470320213374e-05   2.168604554630e-04  -1.545434815252e-03  -2.451063798667e-03  -9.661084908059e-04  -2.930839579803e-04  -8.696422781779e-05  -8.470320212712e-05  -2.168604554692e-04   3.064532444584e-03   4.860738100307e-03   1.916223550752e-03   5.813856496997e-04   1.771407422259e-04   2.872785041099e-04   2.592261610153e-15
   9.326861235756e-17   1.812826921014e-16  -5.496406949427e-16   1.805423056521e-14   5.036415225040e-03  -4.014260583515e-16  -7.112432094919e-16   1.899243714648e-14   7.898198868346e-03  -1.371543258898e-15  -4.466936288300e-16   9.140402967000e-15   5.330773354241e-03   2.273748038362e-15   1.584092141026e-16  -7.500401476894e-15  -2.773223187209e-04   1.339905186288e-15   7.080404234035e-04   3.729906747814e-17  -5.057411964842e-04   4.943453337395e-17  -6.061748007867e-16  -9.906221595489e-16  -4.271034110120e-16  -6.820203630466e-16   1.991286880533e-16   1.692844978568e-15   2.954996297705e-04   3.752066323228e-03   5.951458125941e-03   2.346903199684e-03   7.118131548229e-04   2.164775053459e-04  -3.034958105685e-04  -2.306839633566e-04  -3.752066323214e-03  -5.951458125907e-03  -2.346903199669e-03  -7.118131548112e-04  -2.164775053434e-04   3.034958105698e-04  -2.306839633487e-04  -1.466009253389e-14  -3.356450430754e-14  -1.525136184124e-14  -1.280807360073e-14  -2.538393537929e-15  -5.992855488532e-15   2.957045518435e-04
   2.928231377286e-06   4.956928851198e-06  -3.095810875302e-03   4.359233881100e-03  -1.567752553992e-14  -1.325322325601e-05  -4.854331647675e-03   6.836146475685e-03  -1.651946795886e-14  -1.100779583124e-05  -3.274318638629e-03   4.613409023622e-03  -7.978247150872e-15   1.549639083530e-06   1.709115821011e-04  -2.402326935239e-04   6.899531506057e-15  -4.379502417854e-04   3.729906747814e-17   7.980516151127e-04  -1.135926389392e-15  -1.507768804463e-04  -2.816568990241e-03  -4.466469077527e-03  -1.756273332168e-03  -5.338656525738e-04   3.031093031787e-04   2.569993679217e-04  -1.500011963997e-15   2.816170660859e-03   4.465566033047e-03   1.759220755260e-03   5.337760291478e-04  -1.894981014211e-05   2.807440941452e-05  -3.952323300936e-04   2.816170660881e-03   4.465566033098e-03   1.759220755283e-03   5.337760291676e-04  -1.894981013821e-05   2.807440940755e-05   3.952323301001e-04  -2.819164949719e-03  -4.472510087717e-03  -1.764241336831e-03  -5.352422855650e-04  -3.423593714027e-04  -2.012084334941e-04  -2.372562737777e-15
  -4.763575479202e-16  -4.396909687933e-16   2.465758222759e-16  -2.211564252479e-14  -3.597425482657e-03   1.375497659758e-16   2.790666247049e-16  -2.802445589342e-14  -5.641548721959e-03   8.836074565966e-16   1.644178804701e-16  -1.628634067556e-14  -3.807680473101e-03  -1.647656973039e-15  -1.051831706208e-16   5.865405906953e-15   1.980866016201e-04  -3.781820290784e-17  -5.057411964842e-04  -1.135926389392e-15   3.612423095728e-04  -7.140384371117e-16   2.489303511353e-16   4.218929729990e-16   2.122385545665e-16   4.606108677641e-16  -1.173891711280e-16  -1.749947754085e-15  -2.110703448292e-04  -2.680036970882e-03  -4.251025017717e-03  -1.676352921401e-03  -5.084359941815e-04  -1.546261893345e-04   2.167818803718e-04   1.647736199541e-04   2.680036970863e-03   4.251025017680e-03   1.676352921385e-03   5.084359941716e-04   1.546261893323e-04  -2.167818803732e-04   1.647736199474e-04   1.842486298954e-14   3.659561170211e-14   1.588839761767e-14   1.066551551551e-14   2.258031130221e-15   5.027607689927e-15  -2.112167171703e-04
  -3.957850395777e-06  -6.682173754151e-06   5.337751411513e-03   2.552559436623e-03  -8.147772126872e-15   1.787382740316e-05   8.369738378927e-03   4.002901096908e-03  -8.402579067372e-15   1.498171461233e-05   5.645705084502e-03   2.701515323610e-03  -3.604719486347e-15  -2.426297841358e-06  -2.945420240965e-04  -1.405692425675e-04   3.359495894887e-15  -2.489493424798e-04   4.943453337395e-17  -1.507768804463e-04  -7.140384371117e-16   9.774047202119e-04   4.879093586375e-03   7.737152386725e-03   3.042462614853e-03   9.246951993084e-04  -5.265480968999e-04   1.475381349112e-04  -7.734300255717e-16  -5.328833229934e-04  -8.434382941341e-04  -3.302835385134e-04  -1.003123580409e-04   2.820593124446e-04   1.930302326111e-04   7.491750872670e-05  -5.328833229818e-04  -8.434382941071e-04  -3.302835385005e-04  -1.003123580317e-04   2.820593124467e-04   1.930302326078e-04  -7.491750872285e-05  -3.809348896659e-03  -6.040276323266e-03  -2.378806113988e-03  -7.217487701606e-04   9.533848701816e-05  -4.681307503374e-04  -1.594145976652e-15
  -8.329078829596e-03  -1.388946914262e-02   3.267588349278e-02   8.420377978357e-05  -3.733666035820e-17   3.498470870523e-02   5.124170991899e-02   1.314312719772e-04  -1.662146788024e-15   2.350887583327e-02   3.457043784184e-02   8.867138125726e-05  -3.292651696667e-16   5.615297419492e-03  -1.812111850794e-03  -3.281248839433e-06  -3.577735358776e-15   2.591547950627e-05  -6.061748007867e-16  -2.816568990241e-03   2.489303511353e-16   4.879093586375e-03   3.671671157817e-02   5.690594257031e-02   1.770444015454e-02   5.039535909538e-03  -4.816311176902e-03  -1.275359946070e-05   2.643671831757e-16  -3.057481928361e-03  -6.161921955378e-03  -7.102749468522e-03  -2.509662643072e-03   1.879047896937e-03   5.669760723771e-05   9.016846735544e-05  -3.057481928360e-03  -6.161921955380e-03  -7.102749468522e-03  -2.509662643083e-03   1.879047896937e-03   5.669760723898e-05  -9.016846735615e-05  -3.058872956406e-03  -6.164306449424e-03  -7.102611354185e-03  -2.507932442410e-03   1.879204331999e-03  -9.957893468290e-05  -2.287591149368e-16
  -1.191413919487e-02  -1.961518700675e-02   5.182109418187e-02   1.327816978034e-04  -4.099043630182e-16   4.877728943851e-02   8.126391175151e-02   2.073503209959e-04  -3.156926365939e-15   3.278327776978e-02   5.482383863421e-02   1.400160768385e-04  -8.285939721409e-16   7.823470559816e-03  -2.872158495642e-03  -5.335561755760e-06  -5.495079730164e-15   4.116196985121e-05  -9.906221595489e-16  -4.466469077527e-03   4.218929729990e-16   7.737152386725e-03   5.690594257031e-02   8.840280860595e-02   2.825009558321e-02   8.110380435504e-03  -7.330845259966e-03  -1.945936615637e-05   3.838381925306e-16  -6.171480785271e-03  -1.161523334204e-02  -1.109015479074e-02  -3.859127877655e-03   2.876690415360e-03   2.345225699775e-04   3.938602141153e-04  -6.171480785270e-03  -1.161523334204e-02  -1.109015479074e-02  -3.859127877673e-03   2.876690415359e-03   2.345225699798e-04  -3.938602141161e-04  -6.172844914114e-03  -1.161774341484e-02  -1.108954208205e-02  -3.856513910412e-03   2.878097912537e-03  -4.477777983795e-04  -5.826630575993e-16
   1.431346672226e-03   2.097176595050e-03   2.039283359128e-02   5.040585962748e-05  -9.345612154834e-16  -4.555529329451e-03   3.197587641691e-02   7.905846252218e-05  -2.344250494340e-15  -3.049458777519e-03   2.156792223697e-02   5.382987596935e-05  -9.189827726507e-16  -7.579886179013e-04  -1.124260261558e-03  -2.613455732486e-06  -1.547666193109e-15   1.633506024814e-05  -4.271034110120e-16  -1.756273332168e-03   2.122385545665e-16   3.042462614853e-03   1.770444015454e-02   2.825009558321e-02   1.172957348716e-02   3.610416705473e-03  -1.795492436961e-03  -4.891373925671e-06   5.586428306228e-17  -7.114231134983e-03  -1.110145763608e-02  -3.745202066785e-03  -1.089658763929e-03   7.659406028516e-04   6.047602732786e-04   1.043941063745e-03  -7.114231134982e-03  -1.110145763608e-02  -3.745202066784e-03  -1.089658763934e-03   7.659406028514e-04   6.047602732805e-04  -1.043941063744e-03  -7.112868036658e-03  -1.109965787611e-02  -3.744243972174e-03  -1.089296898982e-03   7.705410832066e-04  -1.203461595341e-03  -9.605928506428e-16
   8.046078363288e-04   1.290317893903e-03   6.199366510219e-03   1.465646774527e-05  -4.247060706003e-15  -3.120221419300e-03   9.720331793279e-03   2.301400315629e-05  -6.920621949006e-15  -2.091834292205e-03   6.556110727747e-03   1.570851491850e-05  -4.458232253481e-15  -5.105249197806e-04  -3.413339192753e-04  -8.026798408734e-07  -2.114634493075e-16   5.028856012919e-06  -6.820203630466e-16  -5.338656525738e-04   4.606108677641e-16   9.246951993084e-04   5.039535909538e-03   8.110380435504e-03   3.610416705473e-03   1.128134739927e-03  -4.662567084000e-04  -1.316109192573e-06  -2.192521380231e-16  -2.505223255070e-03  -3.852167012460e-03  -1.093537339970e-03  -2.999731306883e-04   2.060902031078e-04   2.212636992810e-04   3.823162863024e-04  -2.505223255063e-03  -3.852167012451e-03  -1.093537339965e-03  -2.999731306887e-04   2.060902031081e-04   2.212636992811e-04  -3.823162863018e-04  -2.503983757536e-03  -3.850327695496e-03  -1.092764553095e-03  -2.997816023991e-04   2.078236215165e-04  -4.408366827476e-04  -5.756469269913e-16
   1.981700686452e-03   3.265143223280e-03  -3.521008774837e-03  -1.472354122976e-05   8.816604524718e-16  -8.124969850102e-03  -5.522204631688e-03  -2.295741211024e-05   1.565932703215e-15  -5.457763988397e-03  -3.726361111489e-03  -1.540888245714e-05   9.954227765077e-16  -1.308508701514e-03   1.963655744664e-04   5.520345643486e-07   4.349498950562e-16  -2.237778703448e-06   1.991286880533e-16   3.031093031787e-04  -1.173891711280e-16  -5.265480968999e-04  -4.816311176902e-03  -7.330845259966e-03  -1.795492436961e-03  -4.662567084000e-04   7.187322730008e-04   1.569924349568e-06   1.448325084837e-17  -5.319922253791e-04  -5.370752120042e-04   8.774030573650e-04   3.486533137863e-04  -2.697382323076e-04   8.772916630676e-05   1.536003844018e-04  -5.319922253805e-04  -5.370752120060e-04   8.774030573643e-04   3.486533137875e-04  -2.697382323076e-04   8.772916630693e-05  -1.536003844016e-04  -5.246399449960e-04  -5.254360912808e-04   8.818050560177e-04   3.496447736876e-04  -2.686204525966e-04  -1.771954845219e-04  -4.818854128848e-17
   5.226096096359e-06   8.620678354145e-06  -1.476687295489e-05   2.101497736851e-03   4.528093129272e-15  -2.151284922325e-05  -2.316377046452e-05   3.295562906253e-03   1.091775656657e-14  -1.459088161544e-05  -1.558819289366e-05   2.224056405170e-03   8.941036915782e-15  -3.239895312626e-06   8.495795779825e-07  -1.157912354673e-04   2.532236150882e-15  -2.095783941078e-04   1.692844978568e-15   2.569993679217e-04  -1.749947754085e-15   1.475381349112e-04  -1.275359946070e-05  -1.945936615637e-05  -4.891373925671e-06  -1.316109192573e-06   1.569924349568e-06   1.232873270972e-04  -4.893758022309e-18   9.026990179564e-04   1.432491725441e-03   5.674888733502e-04   1.723722344624e-04   5.113084205325e-05   5.046747494592e-05  -1.264624257080e-04   9.026990179492e-04   1.432491725437e-03   5.674888733502e-04   1.723722344681e-04   5.113084205407e-05   5.046747494415e-05   1.264624257101e-04  -1.809163025306e-03  -2.868753463314e-03  -1.128073813658e-03  -3.420445795821e-04  -1.042268304328e-04  -1.702742420624e-04  -4.896188187065e-16
   4.899605612123e-16   3.286210341007e-16   2.380492687589e-16  -4.587611640540e-15   2.101940489804e-03   4.407611991622e-16   4.362423441513e-16  -1.108404170322e-14   3.296301686041e-03  -1.677202344642e-16   3.079363142425e-16  -9.014773202710e-15   2.224790422271e-03   1.043629025628e-15   3.999616217522e-17  -2.462320694171e-15  -1.157400620083e-04   1.768564759694e-15   2.954996297705e-04  -1.500011963997e-15  -2.110703448292e-04  -7.734300255717e-16   2.643671831757e-16   3.838381925306e-16   5.586428306228e-17  -2.192521380231e-16   1.448325084837e-17  -4.893758022309e-18   1.233263360512e-04   1.565919363834e-03   2.483832299222e-03   9.794766000478e-04   2.970741736809e-04   9.034656859797e-05  -1.266635303518e-04  -9.627561296244e-05  -1.565919363838e-03  -2.483832299224e-03  -9.794766000480e-04  -2.970741736780e-04  -9.034656859748e-05   1.266635303518e-04  -9.627561296059e-05   4.297121985811e-15   2.488865991225e-15   5.838515044287e-17  -3.402703750338e-15  -4.350568475980e-16  -1.516925818073e-15   1.234118599771e-04
  -8.319962655836e-03  -1.387344920186e-02  -1.095152844618e-02   1.538323868014e-02   2.668910323621e-02   3.493484683299e-02  -1.716733664492e-02   2.412345432049e-02   4.185434193939e-02   2.344867827074e-02  -1.157333943754e-02   1.627918457488e-02   2.824897353042e-02   5.654436093123e-03   5.957671083708e-04  -8.468478484605e-04  -1.469593681860e-03  -1.545434815219e-03   3.752066323228e-03   2.816170660859e-03  -2.680036970882e-03  -5.328833229934e-04  -3.057481928361e-03  -6.171480785271e-03  -7.114231134983e-03  -2.505223255070e-03  -5.319922253791e-04   9.026990179564e-04   1.565919363834e-03   3.672871354884e-02   5.692495360538e-02   1.773827833646e-02   5.025343137422e-03   1.618274568914e-03  -2.264639534248e-03  -3.927272509436e-03  -3.037382364655e-03  -6.151291394814e-03  -7.135263253227e-03  -2.518774622854e-03  -6.760519432108e-04   9.519463340961e-04   1.482379529920e-03  -3.040165871855e-03  -6.153295302781e-03  -7.131304434791e-03  -2.517528833399e-03  -6.759322120420e-04   8.042755335975e-04   1.567005292238e-03
  -1.189673806287e-02  -1.958450060328e-02  -1.735355392635e-02   2.439788822360e-02   4.233376135861e-02   4.868399141322e-02  -2.720394373199e-02   3.826001189202e-02   6.638858217910e-02   3.267827310376e-02  -1.834070585654e-02   2.581905672830e-02   4.480799873559e-02   7.883230840377e-03   9.457241964715e-04  -1.343278429437e-03  -2.331042286111e-03  -2.451063798603e-03   5.951458125941e-03   4.465566033047e-03  -4.251025017717e-03  -8.434382941341e-04  -6.161921955378e-03  -1.161523334204e-02  -1.110145763608e-02  -3.852167012460e-03  -5.370752120042e-04   1.432491725441e-03   2.483832299222e-03   5.692495360538e-02   8.843400796223e-02   2.830706298896e-02   8.091337934057e-03   2.463868270946e-03  -3.446626769467e-03  -5.976749685381e-03  -6.151291394927e-03  -1.161636389187e-02  -1.114688810418e-02  -3.875001964972e-03  -1.175349959183e-03   1.655462174279e-03   2.098705712673e-03  -6.152276058777e-03  -1.161416574312e-02  -1.113859685587e-02  -3.872665631419e-03  -1.173845186651e-03   9.841472483726e-04   2.485554778749e-03
   1.445677096163e-03   2.120560908294e-03  -6.810925188599e-03   9.616473994090e-03   1.669393245903e-02  -4.617803873252e-03  -1.068041046344e-02   1.508061461510e-02   2.617973152823e-02  -3.107943618655e-03  -7.204917737796e-03   1.017731720725e-02   1.766962538905e-02  -7.386203011968e-04   3.771746260642e-04  -5.300723463415e-04  -9.192252527199e-04  -9.661084907779e-04   2.346903199684e-03   1.759220755260e-03  -1.676352921401e-03  -3.302835385134e-04  -7.102749468522e-03  -1.109015479074e-02  -3.745202066785e-03  -1.093537339970e-03   8.774030573650e-04   5.674888733502e-04   9.794766000478e-04   1.773827833646e-02   2.830706298896e-02   1.177649229771e-02   3.618838462816e-03   6.057449430171e-04  -8.445320403179e-04  -1.463929409414e-03  -7.135263253292e-03  -1.114688810422e-02  -3.781813263926e-03  -1.099978473008e-03  -8.293475549727e-04   1.167430173608e-03  -6.534184066677e-05  -7.130081360196e-03  -1.113741351385e-02  -3.775532894812e-03  -1.099030087684e-03  -8.244805029221e-04  -6.433507115542e-04   9.801558441295e-04
   8.247884714205e-04   1.322782726273e-03  -2.065863113559e-03   2.917273825423e-03   5.063251322705e-03  -3.200434061238e-03  -3.239798006387e-03   4.574914092582e-03   7.940283729654e-03  -2.150766193874e-03  -2.185864738440e-03   3.087464303568e-03   5.359177913436e-03  -5.145420279134e-04   1.148576008129e-04  -1.608504597178e-04  -2.788000064167e-04  -2.930839579621e-04   7.118131548229e-04   5.337760291478e-04  -5.084359941815e-04  -1.003123580409e-04  -2.509662643072e-03  -3.859127877655e-03  -1.089658763929e-03  -2.999731306883e-04   3.486533137863e-04   1.723722344624e-04   2.970741736809e-04   5.025343137422e-03   8.091337934057e-03   3.618838462816e-03   1.130146095813e-03   1.560006425376e-04  -2.173077571354e-04  -3.767148592763e-04  -2.518774622954e-03  -3.875001965110e-03  -1.099978473059e-03  -3.010658819842e-04  -2.792613310258e-04   3.929181657199e-04  -8.711142603710e-05  -2.518024350081e-03  -3.873448253178e-03  -1.098622857301e-03  -3.010118349937e-04  -2.775339271684e-04  -2.730030507320e-04   2.972801876625e-04
  -6.658151112741e-04  -1.097113017893e-03   1.466547314898e-03   8.875440265487e-04   1.539842313748e-03   2.730297841360e-03   2.299976011068e-03   1.391798776774e-03   2.414809001334e-03   1.834124309606e-03   1.551913918896e-03   9.392518134855e-04   1.629839877986e-03   4.395040498510e-04  -8.161143583747e-05  -4.881178322531e-05  -8.478900603448e-05  -8.696422781382e-05   2.164775053459e-04  -1.894981014211e-05  -1.546261893345e-04   2.820593124446e-04   1.879047896937e-03   2.876690415360e-03   7.659406028516e-04   2.060902031078e-04  -2.697382323076e-04   5.113084205325e-05   9.034656859797e-05   1.618274568914e-03   2.463868270946e-03   6.057449430171e-04   1.560006425376e-04   1.902970655763e-04  -9.409765627329e-05  -1.631513612284e-04  -6.760519432289e-04  -1.175349959205e-03  -8.293475549803e-04  -2.792613310241e-04   5.792465075014e-05   9.148501325464e-05   2.209193225005e-05  -6.693547828831e-04  -1.164614608079e-03  -8.247970413070e-04  -2.778267662657e-04   5.859352709369e-05  -2.580802645844e-05   9.040922182727e-05
   9.324537419816e-04   1.536162446406e-03   8.869959757016e-04   8.586491958198e-04  -2.158818720741e-03  -3.821689135955e-03   1.390284116935e-03   1.346586168992e-03  -3.385499172575e-03  -2.565691391907e-03   9.371205765923e-04   9.088507433191e-04  -2.284992956089e-03  -6.180429923607e-04  -4.797287299239e-05  -4.739748451565e-05   1.188719727403e-04  -8.470320213374e-05  -3.034958105685e-04   2.807440941452e-05   2.167818803718e-04   1.930302326111e-04   5.669760723771e-05   2.345225699775e-04   6.047602732786e-04   2.212636992810e-04   8.772916630676e-05   5.046747494592e-05  -1.266635303518e-04  -2.264639534248e-03  -3.446626769467e-03  -8.445320403179e-04  -2.173077571354e-04  -9.409765627329e-05   2.551050431091e-04   2.282671685721e-04   9.519463341136e-04   1.655462174305e-03   1.167430173617e-03   3.929181657218e-04   9.148501325527e-05  -5.077014266699e-06  -3.050553200668e-05  -1.761549476007e-03  -2.648578842407e-03  -5.296341694338e-04  -1.219939460037e-04  -6.382434567260e-05  -2.783818576048e-04  -1.267513685441e-04
   1.617193250867e-03   2.664160741522e-03   1.538763230927e-03  -2.158639615677e-03  -1.640895331415e-03  -6.627704117183e-03   2.411879392290e-03  -3.385076821249e-03  -2.573282199856e-03  -4.449272425704e-03   1.625656874049e-03  -2.284312658045e-03  -1.736799036414e-03  -1.072212184169e-03  -8.327473713692e-05   1.187884941555e-04   9.035333222918e-05   2.168604554630e-04  -2.306839633566e-04  -3.952323300936e-04   1.647736199541e-04   7.491750872670e-05   9.016846735544e-05   3.938602141153e-04   1.043941063745e-03   3.823162863024e-04   1.536003844018e-04  -1.264624257080e-04  -9.627561296244e-05  -3.927272509436e-03  -5.976749685381e-03  -1.463929409414e-03  -3.767148592763e-04  -1.631513612284e-04   2.282671685721e-04   5.193729258920e-04  -1.482379529872e-03  -2.098705712608e-03   6.534184069128e-05   8.711142603629e-05  -2.209193224911e-05   3.050553200807e-05  -3.690563925729e-04   8.560742340053e-05   3.880513641831e-04   1.045277688700e-03   3.842543321212e-04   6.862105973620e-05  -1.876009044116e-04  -9.634237784509e-05
  -8.319962655835e-03  -1.387344920186e-02  -1.095152844618e-02   1.538323868013e-02  -2.668910323622e-02   3.493484683299e-02  -1.716733664492e-02   2.412345432058e-02  -4.185434193934e-02   2.344867827075e-02  -1.157333943754e-02   1.627918457498e-02  -2.824897353036e-02   5.654436093099e-03   5.957671083695e-04  -8.468478483911e-04   1.469593681902e-03  -1.545434815252e-03  -3.752066323214e-03   2.816170660881e-03   2.680036970863e-03  -5.328833229818e-04  -3.057481928360e-03  -6.171480785270e-03  -7.114231134982e-03  -2.505223255063e-03  -5.319922253805e-04   9.026990179492e-04  -1.565919363838e-03  -3.037382364655e-03  -6.151291394927e-03  -7.135263253292e-03  -2.518774622954e-03  -6.760519432289e-04   9.519463341136e-04  -1.482379529872e-03   3.672871354884e-02   5.692495360538e-02   1.773827833646e-02   5.025343137429e-03   1.618274568914e-03  -2.264639534270e-03   3.927272509422e-03  -3.040165871856e-03  -6.153295302672e-03  -7.131304434727e-03  -2.517528833293e-03  -6.759322120244e-04   8.042755336464e-04  -1.567005292247e-03
  -1.189673806287e-02  -1.958450060328e-02  -1.735355392636e-02   2.439788822371e-02  -4.233376135855e-02   4.868399141321e-02  -2.720394373200e-02   3.826001189235e-02  -6.638858217891e-02   3.267827310378e-02  -1.834070585654e-02   2.581905672858e-02  -4.480799873543e-02   7.883230840337e-03   9.457241964695e-04  -1.343278429334e-03   2.331042286173e-03  -2.451063798667e-03  -5.951458125907e-03   4.465566033098e-03   4.251025017680e-03  -8.434382941071e-04  -6.161921955380e-03  -1.161523334204e-02  -1.110145763608e-02  -3.852167012451e-03  -5.370752120060e-04   1.432491725437e-03  -2.483832299224e-03  -6.151291394814e-03  -1.161636389187e-02  -1.114688810422e-02  -3.875001965110e-03  -1.175349959205e-03   1.655462174305e-03  -2.098705712608e-03   5.692495360538e-02   8.843400796222e-02   2.830706298896e-02   8.091337934068e-03   2.463868270946e-03  -3.446626769494e-03   5.976749685364e-03  -6.152276058887e-03  -1.161416574312e-02  -1.113859685583e-02  -3.872665631271e-03  -1.173845186629e-03   9.841472484398e-04  -2.485554778759e-03
