ARMA_MAT_TXT_FN008
79 79
  -1.323517235409e+01  -1.659923260315e+01   6.243165330232e-03  -7.262387946139e-07   2.458745545369e-02  -6.162252487846e+00   2.546099456729e-03  -1.931313866768e-07   1.186149247351e-02  -2.738823795681e+00   8.628385021041e-04  -1.216516915364e-07   5.059113200649e-03  -1.204218273020e+00   1.275298452654e-04  -6.369036018156e-08   1.818695768887e-03   2.606416899780e-07  -2.637039233672e-07  -7.209886727945e-04   2.068181140218e-04   6.065445388059e-04  -2.101578986361e-01  -1.238191299797e+00  -1.177287688425e+00  -6.930384132419e-01   6.421827819494e-01   1.316629818182e+00  -7.507959434824e-01  -3.444537184563e-04  -2.251727929708e-04  -1.107814056563e-02   7.721051685809e-08  -9.951222999555e-04  -1.625066342093e-01  -5.636215250535e-01   3.861154324442e-06  -5.459752204566e-02  -7.331512615088e-01  -1.503111024481e+00   1.029014859767e-05  -1.458219087104e-01  -6.531857938136e-01  -7.486545628716e-01   5.113973274412e-06  -7.245777970819e-02   7.838821027439e-06   7.529072263179e-07   3.246947926418e-01  -1.109892742939e-01  -5.732512994085e-01  -1.470412406930e-04  -3.231076450666e-02  -3.530690706468e-01  -4.519704376609e-01  -2.081501930965e-03  -1.009280507985e-03   4.336385347165e-04  -1.470336442950e-04  -3.230947685285e-02  -3.530643679626e-01  -4.519682996995e-01  -2.081379561347e-03   1.009135300602e-03   4.337389009560e-04   1.027006194132e-04  -2.400626087913e-02  -3.199357282098e-01  -4.364758047152e-01  -1.432602315653e-03   5.545012546783e-08  -8.705942089826e-04  -2.102014769714e-01  -1.238277310769e+00  -1.177314440976e+00  -6.930439956781e-01   6.422940030482e-01  -1.316726681722e+00  -7.509638680123e-01
  -1.659923260315e+01  -1.229015342995e+01   5.849729089774e-03  -4.848589208401e-07   2.319640306949e-02  -5.548346107180e+00   9.717324362794e-04   9.568346376702e-08   6.128320838858e-03  -2.572787671464e+00  -5.464984465986e-04   2.144594199805e-08   1.818382642334e-03  -1.144555757129e+00  -1.037191765676e-03  -1.518498500251e-08   4.463797007038e-04   3.019798944048e-07  -2.564881304135e-07  -1.453551699433e-03  -1.740712967945e-04   6.228047006829e-04  -2.213429478541e-01  -1.175352549786e+00  -1.117577143313e+00  -6.605089930743e-01   6.150198134298e-01   1.261659675079e+00  -7.208663348823e-01  -2.607494169195e-04  -2.976739255422e-04  -1.174643779134e-02   6.061253809608e-08  -1.028401447607e-03  -1.615275821534e-01  -5.521159800394e-01   3.763248592170e-06  -5.377642489147e-02  -6.970986519011e-01  -1.419923345454e+00   9.723762150179e-06  -1.385011936139e-01  -6.219263976882e-01  -7.121163051990e-01   4.871536824716e-06  -6.944361774247e-02   7.759718747382e-06   7.668809997775e-07   3.200624094412e-01  -1.104413615302e-01  -5.654745630832e-01   2.846640738923e-04  -3.186803385426e-02  -3.368837996876e-01  -4.307834824233e-01  -2.547141831649e-03  -8.565982418403e-04   3.048687402041e-04   2.846760255140e-04  -3.186677074270e-02  -3.368793481130e-01  -4.307814552268e-01  -2.547023923044e-03   8.564606559857e-04   3.049509369533e-04   2.616674582289e-04  -2.372063422695e-02  -3.051106449190e-01  -4.158422959619e-01  -1.671549312149e-03   3.656537546554e-08  -6.651206330901e-04  -2.213875559443e-01  -1.175432789326e+00  -1.117602412893e+00  -6.605143078366e-01   6.151226955333e-01  -1.261744857181e+00  -7.210230550798e-01
   6.243165330232e-03   5.849729089774e-03   1.384752837696e+00   3.210658702829e-06  -1.068395038647e-02  -1.883079555669e-03  -5.818938065485e-01   3.976281024996e-06  -5.348111622664e-03  -5.084967410892e-03  -5.898179326891e-01   1.937001848912e-06  -2.375644522969e-03  -1.375141085695e-02  -2.205835801149e-01   4.809494362360e-07  -3.608685463487e-04   1.148362274445e-06  -2.867882431791e-06  -1.978681567607e-02   5.266609532141e-02   7.533164433684e-02  -1.789191518682e-01  -1.650166210678e-01  -7.268015235283e-02  -2.836027983677e-02  -1.565042570375e-01   1.777781388831e-01  -1.069981990947e-01   6.159176977118e-03   7.297136521470e-03   1.775508807076e-01  -9.327899395035e-07   1.605049086632e-02   2.174640304937e-01   3.997754690719e-01  -2.759900133423e-06   4.218514073051e-02   1.930780592414e-01   1.661551793105e-01  -1.650108482821e-06   2.834475173446e-02   4.774259284594e-02  -4.214674173948e-02  -1.400707240053e-07   5.053314770003e-03  -4.516710898529e-06  -3.952751652850e-07  -1.525036038186e-01   6.138347307328e-02   2.701186650616e-01  -2.536286012183e-03   4.457217671110e-02   8.775421362929e-02   3.366434753610e-02   3.747668537101e-02   1.021830048339e-02  -3.364087777169e-03  -2.536523642455e-03   4.457116540896e-02   8.775417570474e-02   3.366467472742e-02   3.747597279500e-02  -1.021665054216e-02  -3.365012649188e-03  -5.615018194081e-03   3.363865113415e-02   7.881698867993e-02   3.131625794001e-02   3.038397280622e-02  -5.059060754275e-07   9.133540266001e-03  -1.789410619381e-01  -1.650285164463e-01  -7.268323875053e-02  -2.836087434971e-02  -1.565125202526e-01  -1.777780972801e-01  -1.070141429223e-01
  -7.262387946139e-07  -4.848589208401e-07   3.210658702829e-06   1.371731394603e+00  -2.274275655204e-06   4.085986721242e-06   3.944745994813e-06  -5.968328192172e-01  -3.240513169657e-06   2.161071153241e-06   1.804635871543e-06  -6.064978508496e-01  -1.193021708045e-06   3.046661871622e-07   3.532892748115e-07  -2.425087346066e-01  -2.723626111673e-08  -5.222110029708e-02   9.595038278410e-02   3.194204552976e-06  -3.093658757173e-06   2.446322270865e-06  -3.736514269998e-01  -3.436778325013e-01  -1.400337429768e-01  -3.535923575271e-02   1.825039397882e-01   1.276320238193e-01  -2.104354622880e-01  -4.806916206387e-08  -3.699874372943e-08  -1.146788247238e-06  -1.464196929989e-02  -5.945078018718e-08  -1.323840721424e-06  -3.167601133607e-06  -9.332753729124e-02  -1.628542523466e-07  -1.241927765570e-06  -1.876382141413e-06  -1.828833772578e-01  -1.450381791047e-07  -5.215229733133e-07  -4.431460640408e-07  -1.157323089874e-01   2.325315585073e-08  -1.727435836072e-01  -1.067949971098e-02   1.732858354038e-06  -2.391925454689e-07  -3.495379905064e-06  -2.649323320032e-03   1.803740600241e-02   4.429605166714e-02   2.336357037598e-02   1.247386019423e-02   2.561557843557e-03  -2.290104631907e-03   2.649170700147e-03  -1.803548350339e-02  -4.429230584899e-02  -2.336194380986e-02  -1.247245386048e-02   2.560594550056e-03   2.290456708912e-03   3.664039618806e-07  -1.223801626763e-06  -3.571679573571e-06  -2.040456362545e-06  -9.481795032170e-07  -2.208612064552e-03  -4.063804071437e-07   3.736614161508e-01   3.436699559405e-01   1.400266881295e-01   3.535658707179e-02  -1.825044196824e-01   1.275793196508e-01   2.104480260669e-01
   2.458745545369e-02   2.319640306949e-02  -1.068395038647e-02  -2.274275655204e-06   1.318854971065e+00   1.818655334165e-02  -5.504367429499e-03  -3.297274293262e-06  -6.318957790864e-01   1.827757586017e-02  -2.769290942366e-03  -1.257551529126e-06  -6.259496785666e-01   1.217680395977e-02  -5.081695443233e-04  -2.760467257086e-08  -2.528191669196e-01  -3.128246945994e-06   4.979388445589e-06   2.155370607137e-02  -1.003724177583e-02  -2.044744067490e-02   2.116016029526e-01   2.038910588186e-01   9.278050108197e-02   2.866489554565e-02  -1.167410233679e-01  -2.252858237689e-01  -1.473142762400e-01   6.003866477308e-04   8.192285876554e-04   1.973356367668e-02   3.266400341121e-08  -1.498947844193e-02   2.258874670894e-02   5.211534927850e-02  -6.750758646379e-08  -9.737933449491e-02   2.622353411141e-02   4.951675639712e-02  -2.054573257643e-07  -1.890422147527e-01   1.341895122602e-02   1.715054824549e-02  -1.073469481861e-08  -1.195083709846e-01  -3.695236195474e-07   2.377091481802e-06  -5.225227623520e-02  -1.847625673376e-01   4.226363128658e-02   3.355046761417e-03  -6.252125451766e-03  -1.582803838965e-02  -5.457204559631e-03  -5.475462097236e-03  -2.860326392362e-03  -2.297936337909e-03   3.355810778055e-03  -6.254196168054e-03  -1.583406487549e-02  -5.460421864604e-03  -5.477229539758e-03   2.860849899342e-03  -2.297092520623e-03  -8.377257534919e-03   1.843633393326e-02   6.063653779966e-02   3.634132268631e-02   1.760671975549e-02  -4.397696486517e-07   5.685222791987e-03   2.116399618028e-01   2.039164964677e-01   9.278848770346e-02   2.866659496268e-02  -1.167588818021e-01   2.252993622728e-01  -1.473077765237e-01
  -6.162252487846e+00  -5.548346107180e+00  -1.883079555669e-03   4.085986721242e-06   1.818655334165e-02  -2.953325026332e+00   8.513843609741e-03   5.224577497943e-06   7.192601044410e-02  -1.979474154042e+00   9.499316626136e-03   1.136157714594e-06   5.688665829357e-02  -1.122003423905e+00  -6.761712109481e-03  -2.022813371586e-07   1.926483155806e-02   6.302711069247e-06  -8.911582227984e-06   7.031847259910e-02   4.230710561113e-02   1.176280755492e-02  -5.093587344891e-01  -1.073771107297e+00  -1.072590923205e+00  -6.981898113077e-01   3.712981392661e-01   7.627509307912e-01  -4.384234225694e-01  -6.147917346560e-02  -6.708451657712e-02  -2.135651884102e-01   1.114378577398e-06  -1.970936738371e-02  -3.450378312933e-01  -6.403785095186e-01   3.920717481390e-06  -6.095128457132e-02  -7.107665184687e-01  -1.186811021237e+00   7.629681484746e-06  -1.053902471078e-01  -6.494761617621e-01  -7.020687009285e-01   4.451499278934e-06  -5.992164375391e-02   5.917201019082e-06   7.940146481608e-07   2.439032905751e-01  -8.735777682668e-02  -4.319820233514e-01  -4.138282290866e-03  -9.398085127705e-02  -3.747297279811e-01  -4.607186956121e-01  -6.265866820714e-02  -2.603390507571e-02   1.031769496252e-02  -4.137668786294e-03  -9.397854054676e-02  -3.747252850960e-01  -4.607165085011e-01  -6.265771289887e-02   2.603094543049e-02   1.032077432978e-02  -3.880662583372e-03  -7.967987495331e-02  -3.481313292982e-01  -4.482080591625e-01  -4.706768042251e-02   1.494443662304e-06  -2.606924661921e-02  -5.094025185510e-01  -1.073825983597e+00  -1.072612211905e+00  -6.981950930687e-01   3.713461051071e-01  -7.627728822812e-01  -4.385017499018e-01
   2.546099456729e-03   9.717324362794e-04  -5.818938065485e-01   3.944745994813e-06  -5.504367429499e-03   8.513843609741e-03  -7.988668958091e-02   7.211855146951e-06   2.290217838557e-02   3.362947461858e-02  -4.808416448702e-01   3.943062457755e-06   2.187798599190e-02   1.954363566861e-02  -2.950735119804e-01   9.652178106297e-07   9.169726071691e-03   3.154722686330e-06  -7.576041659933e-06  -5.326135208924e-02   1.229759166506e-01   1.927666019450e-01  -1.902963368712e-01  -1.495976621126e-01  -6.388363394084e-02  -1.517615164421e-02  -1.170821827490e-01  -1.525189215883e-02   7.738711899512e-03   2.235719998109e-01   2.418893070096e-01   3.686936361912e-01  -2.587951392397e-06   3.925094041899e-02   4.227551906301e-01   3.288051230623e-01  -2.513837260283e-06   3.602424368658e-02   2.962174447845e-01   1.220704623477e-01  -1.349948297180e-06   2.728131527869e-02   1.007700500128e-01  -5.519245441142e-02  -2.409043634415e-07   1.164021992675e-02   1.814891105814e-07   2.717988180885e-07   1.645402212062e-02  -9.233311503984e-03  -3.440299791692e-02   2.641031116084e-02   1.290822872194e-01   1.569400071854e-01   7.524132714595e-02   1.209361986182e-01   6.620794829439e-02  -2.885900136374e-02   2.640919468034e-02   1.290810615179e-01   1.569403770967e-01   7.524192214214e-02   1.209359592083e-01  -6.620120285072e-02  -2.886707292242e-02   1.370175213474e-02   1.088503364544e-01   1.446307563302e-01   7.025957482735e-02   9.703541680783e-02  -4.122770916099e-06   6.798730090211e-02  -1.903091732450e-01  -1.496069965863e-01  -6.388713672085e-02  -1.517690850101e-02  -1.170824415716e-01   1.525663197820e-02   7.742471126544e-03
  -1.931313866768e-07   9.568346376702e-08   3.976281024996e-06  -5.968328192172e-01  -3.297274293262e-06   5.224577497943e-06   7.211855146951e-06  -9.783131299472e-02  -8.189980632535e-06   1.385406706471e-06   3.800608600945e-06  -4.689461495039e-01  -4.409917683075e-06  -1.229841182837e-06   8.235100892694e-07  -3.014354606155e-01  -9.147236584076e-07  -1.220622449683e-01   2.286647709854e-01   7.983884368791e-06  -7.830197649993e-06   5.916622904076e-06  -3.977893820382e-01  -3.261400099016e-01  -1.668134668215e-01  -4.918660095651e-02  -6.295182758299e-03  -1.341858187921e-01   2.152035916126e-02  -1.544241200316e-06  -1.636286975582e-06  -2.730530789352e-06  -7.299368923398e-02  -2.214963918300e-07  -2.672317769669e-06  -3.120019236077e-06  -1.318156949522e-01  -1.466947377923e-07  -2.525148205794e-06  -2.749232170568e-06  -2.067434235441e-01  -5.694289838950e-07  -1.837758366718e-06  -1.582190568491e-06  -1.575199900334e-01  -3.836413975037e-07  -1.106114010440e-01  -4.345108076398e-03   4.112886806313e-07   3.983298111942e-07  -9.510730405402e-07   1.239301063371e-02   4.507348543592e-02   5.855854630431e-02   3.276606546670e-02   4.795422218951e-02   9.841163312007e-03  -1.249489910310e-02  -1.239166669369e-02  -4.506979020820e-02  -5.855508789646e-02  -3.276552144781e-02  -4.795018486422e-02   9.836955928016e-03   1.249731805045e-02  -5.279408838986e-07  -3.548161894620e-06  -5.504245958312e-06  -3.650464879015e-06  -3.528652645475e-06  -1.449406068985e-02  -2.463392629150e-06   3.977788461714e-01   3.261280118148e-01   1.668026107091e-01   4.918068329213e-02   6.300149461362e-03  -1.341903742846e-01  -2.152523149676e-02
   1.186149247351e-02   6.128320838858e-03  -5.348111622664e-03  -3.240513169657e-06  -6.318957790864e-01   7.192601044410e-02   2.290217838557e-02  -8.189980632535e-06  -3.936576559137e-02   1.133390075726e-01   2.162075952497e-02  -4.457240551174e-06  -3.991392810933e-01   7.940389451684e-02   9.003849406454e-03  -9.070983433719e-07  -2.757246836322e-01  -7.832005573827e-06   1.194185683816e-05   3.985455677558e-02  -2.052356533649e-02  -5.164804846111e-02   2.260406030092e-01   2.171491340508e-01   1.586071833926e-01   7.759784827272e-02  -1.130465228915e-02  -7.694904663019e-03  -1.399292030848e-01   2.191198102080e-02   2.377710543280e-02   4.405183212361e-02  -1.128781249617e-07  -7.109857727842e-02   4.469253558307e-02   5.545119602073e-02  -4.757239065325e-08  -1.335662077707e-01   5.886375400294e-02   9.563560830110e-02  -8.001963086718e-07  -1.910382372876e-01   5.245191723696e-02   6.270791481133e-02  -5.689978041687e-07  -1.415280884088e-01   2.080321400891e-07   1.666034800699e-06  -2.527013161965e-02  -1.285991155025e-01   1.122584985717e-02  -2.426713855294e-03  -1.287230081105e-02  -1.359265790614e-03   1.896447831493e-02  -1.809748635068e-02  -1.089573560128e-02  -1.321645950461e-02  -2.427721457836e-03  -1.287786431624e-02  -1.367064240538e-03   1.896016114589e-02  -1.810394737449e-02   1.089845110301e-02  -1.321290397343e-02   5.821342746616e-03   5.456739731830e-02   9.233644280327e-02   7.114073033317e-02   5.935087332162e-02  -2.482519680164e-06   2.713557740017e-02   2.260694587571e-01   2.171722601538e-01   1.586174715223e-01   7.760046886331e-02  -1.130343301609e-02   7.690948648458e-03  -1.399322180517e-01
  -2.738823795681e+00  -2.572787671464e+00  -5.084967410892e-03   2.161071153241e-06   1.827757586017e-02  -1.979474154042e+00   3.362947461858e-02   1.385406706471e-06   1.133390075726e-01  -1.421825169429e+00   1.492195231064e-01  -4.780614069519e-06   1.380727974505e-01  -9.123177102153e-01   1.129450613349e-01  -3.612870468161e-06   6.672419091994e-02   6.210896551457e-06  -9.115445807004e-06   9.766535759327e-02   5.117015410125e-02  -8.224760007104e-04  -4.701259092033e-01  -7.996951923122e-01  -8.361422316191e-01  -6.015078070553e-01   2.558311195233e-01   5.202593421875e-01  -2.899234724869e-01  -5.670363557682e-01  -5.421134187949e-01  -2.184870741751e-01   1.602510459160e-06  -2.212460302531e-02  -6.184805442700e-01  -4.462439644454e-01   3.380595941664e-06  -4.292364663961e-02  -7.493843943164e-01  -7.910566780614e-01   4.478705429299e-06  -5.338290133986e-02  -6.151077769174e-01  -5.055246074295e-01   2.137644459677e-06  -2.531748713165e-02   3.413644005465e-06   3.298602737775e-07   1.534555339764e-01  -4.928174825770e-02  -2.643749871759e-01  -8.992627566496e-02  -2.250145972739e-01  -4.270293653084e-01  -4.499666364487e-01  -1.016773376617e-01  -1.042834082310e-01   5.478815155834e-02  -8.992508337199e-02  -2.250131244286e-01  -4.270263177406e-01  -4.499650745518e-01  -1.016796574319e-01   1.042748950101e-01   5.480248239826e-02  -8.077175953220e-02  -2.103203152474e-01  -4.145053688240e-01  -4.465378395027e-01  -8.666549135014e-02   7.164605920884e-06  -1.178482199582e-01  -4.701545015262e-01  -7.997273912763e-01  -8.361544505022e-01  -6.015111253986e-01   2.558640259045e-01  -5.202764742978e-01  -2.899770098373e-01
   8.628385021041e-04  -5.464984465986e-04  -5.898179326891e-01   1.804635871543e-06  -2.769290942366e-03   9.499316626136e-03  -4.808416448702e-01   3.800608600945e-06   2.162075952497e-02   1.492195231064e-01  -4.913982136117e-01   2.042470714570e-06   1.348564987352e-02   2.039317589698e-01  -4.020099962760e-01   4.004572659315e-07  -1.354970959655e-03   1.124648013918e-06  -5.465086974950e-06  -6.239881114549e-02   1.009148376626e-01   1.953368426921e-01  -1.633045291782e-01  -8.161432448839e-02   6.289427849604e-02   1.195101879332e-01  -6.111275289056e-03   5.448557542613e-02  -2.918083645003e-02   1.336090539495e+00   1.256390600605e+00   2.162215755389e-01  -2.734125998658e-06   3.749813789149e-02   9.757832559569e-01   1.286099824977e-01  -3.135662305078e-06   2.911538992364e-02   6.421429779458e-01  -3.805114117184e-02  -2.272992133548e-06   1.458374099805e-02   3.184462016178e-01  -6.935536043307e-02  -1.347889770612e-06   1.296811407693e-02  -1.319176527255e-06   1.098696442955e-06  -2.867273185992e-02  -2.078890558862e-03   3.111786874352e-02   2.037733045414e-01   3.777155472525e-01   3.931704706402e-01   2.511067256352e-01   1.245965359596e-01   2.165517797454e-01  -1.187828178853e-01   2.037734690495e-01   3.777173725974e-01   3.931716219476e-01   2.511072586316e-01   1.246036693750e-01  -2.165357133720e-01  -1.188136688400e-01   1.733309450232e-01   3.526267587355e-01   3.811626091822e-01   2.448400838974e-01   1.086128842551e-01  -1.480500476080e-05   2.424213674316e-01  -1.633153434636e-01  -8.161719860052e-02   6.289470420874e-02   1.195104825508e-01  -6.110006661907e-03  -5.449109542922e-02  -2.918827834256e-02
  -1.216516915364e-07   2.144594199805e-08   1.937001848912e-06  -6.064978508496e-01  -1.257551529126e-06   1.136157714594e-06   3.943062457755e-06  -4.689461495039e-01  -4.457240551174e-06  -4.780614069519e-06   2.042470714570e-06  -2.457912569220e-01  -1.827225005662e-06  -6.401154288014e-06   3.910882706394e-07  -1.870298450836e-01   1.823386830357e-07  -9.920606596259e-02   1.895825383936e-01   7.914447630308e-06  -5.664108611265e-06   7.137492197708e-06  -3.379855834749e-01  -2.057320230593e-01  -9.530195441892e-02  -3.794069955548e-02   6.315306188638e-02   7.888321670197e-02  -5.557414095250e-02  -9.169642703558e-06  -8.580889867353e-06  -2.088410595123e-06  -1.693745676964e-01  -3.392312052551e-07  -6.001784042366e-06  -2.015024627927e-06  -1.840311001520e-01  -1.712781630793e-07  -5.362980073500e-06  -4.317310371932e-06  -1.756307147111e-01  -1.395994165984e-07  -5.032193195306e-06  -4.457375393505e-06  -1.347555945722e-01  -1.236219562649e-07  -3.662419603318e-03  -2.714282581242e-02  -4.573873036416e-06   1.031633712783e-06  -4.486014531924e-06   9.180415973542e-02   9.374214851867e-02   6.088066610115e-02   3.073200544096e-02   3.487941428999e-02   1.279316653929e-02  -3.158827304951e-02  -9.179726760272e-02  -9.373726978272e-02  -6.088098259553e-02  -3.073640344936e-02  -3.487953441465e-02   1.278568141388e-02   3.159435013778e-02  -6.790578357964e-06  -8.638423587035e-06  -7.989527138402e-06  -6.048742228560e-06  -3.425747626130e-06  -4.159518367901e-02  -6.023755050091e-06   3.379763599221e-01   2.057161434860e-01   9.528463828037e-02   3.792811326311e-02  -6.315753386853e-02   7.887716378882e-02   5.558464534958e-02
   5.059113200649e-03   1.818382642334e-03  -2.375644522969e-03  -1.193021708045e-06  -6.259496785666e-01   5.688665829357e-02   2.187798599190e-02  -4.409917683075e-06  -3.991392810933e-01   1.380727974505e-01   1.348564987352e-02  -1.827225005662e-06  -1.327295294609e-01   1.217124473289e-01  -1.646647436084e-03   1.975941828658e-07  -1.321109504279e-01  -5.608845663094e-06   8.368914568466e-06   2.228694858598e-02  -1.151490983864e-02  -4.339318494284e-02   1.916808234561e-01   1.491838566817e-01   1.397667776006e-01   1.005199403459e-01  -4.551339135832e-02  -7.972058052106e-02  -1.363805084062e-02   1.307774490531e-01   1.229379804487e-01   3.727318100974e-02  -3.160118963251e-07  -1.652145037108e-01   9.616577405975e-02   3.809585509355e-02  -2.188050075364e-07  -1.788599115665e-01   9.416346001261e-02   8.316026283922e-02  -3.232310376400e-07  -1.438473248857e-01   8.609860227626e-02   7.699478030783e-02  -2.226173853509e-07  -1.020794393697e-01   8.433108155882e-07  -4.828550587400e-06   1.402446764565e-02  -1.754845946347e-02   2.327019489782e-02  -3.377202463587e-02  -1.736937179458e-02   2.595845831138e-02   4.879162667298e-02  -6.427517817708e-03  -1.299474543384e-02  -3.460381106476e-02  -3.378369988682e-02  -1.738140809805e-02   2.595100965792e-02   4.878809497415e-02  -6.432816231666e-03   1.300105773702e-02  -3.459799742769e-02   1.077222444797e-01   1.356261979663e-01   1.197151868406e-01   9.252139819717e-02   5.631908738019e-02  -5.882074315211e-06   5.669322129370e-02   1.917047829866e-01   1.491951993384e-01   1.397711421034e-01   1.005216039258e-01  -4.552242169224e-02   7.973151704812e-02  -1.363245653921e-02
  -1.204218273020e+00  -1.144555757129e+00  -1.375141085695e-02   3.046661871622e-07   1.217680395977e-02  -1.122003423905e+00   1.954363566861e-02  -1.229841182837e-06   7.940389451684e-02  -9.123177102153e-01   2.039317589698e-01  -6.401154288014e-06   1.217124473289e-01  -6.178349913353e-01   2.130191467401e-01  -4.731238819588e-06   7.644104903373e-02   3.345701245495e-06  -5.109668981457e-06   6.641557778353e-02   3.296417033119e-02  -5.815973024649e-03  -3.393577542760e-01  -5.101380911145e-01  -5.348608562933e-01  -4.120710746099e-01   1.542194088943e-01   3.182343448890e-01  -1.742091260965e-01  -6.791038052720e-01  -6.466833419427e-01  -7.910971687093e-02   9.711747501120e-07  -9.976938008084e-03  -6.854197535224e-01  -1.985694475545e-01   2.409987612378e-06  -2.164206686906e-02  -6.852773686306e-01  -4.068616892984e-01   2.561177973845e-06  -2.009371004605e-02  -4.964201233440e-01  -2.526724593706e-01   4.965627669594e-07   4.842567532468e-04   2.168644858300e-06  -9.906415744180e-08   7.745505755758e-02  -2.499922915340e-02  -1.308884546838e-01  -1.739329929306e-01  -2.951396997553e-01  -4.101028411361e-01  -3.734066366139e-01  -8.442553836056e-02  -1.474615634921e-01   8.315661221909e-02  -1.739326205768e-01  -2.951396212026e-01  -4.101014996627e-01  -3.734059196010e-01  -8.442934122897e-02   1.474501877392e-01   8.317756230269e-02  -1.667918785280e-01  -2.871887800518e-01  -4.079914716515e-01  -3.763760824186e-01  -7.071246163944e-02   1.035286681013e-05  -1.690044188305e-01  -3.393714062733e-01  -5.101541213634e-01  -5.348666228705e-01  -4.120724959235e-01   1.542366917438e-01  -3.182404999367e-01  -1.742388534799e-01
   1.275298452654e-04  -1.037191765676e-03  -2.205835801149e-01   3.532892748115e-07  -5.081695443233e-04  -6.761712109481e-03  -2.950735119804e-01   8.235100892694e-07   9.003849406454e-03   1.129450613349e-01  -4.020099962760e-01   3.910882706394e-07  -1.646647436084e-03   2.130191467401e-01  -2.970138968853e-01   2.537966845680e-07  -1.176569525962e-02   1.371266276059e-07  -1.956993877368e-06  -2.984673773496e-02   4.030001182049e-02   8.735896872878e-02  -9.747258330487e-02  -5.197160706486e-02   8.850835151919e-02   1.537959789509e-01  -2.612261497061e-02   4.960612215909e-02  -2.705415376973e-02   9.328240652441e-01   8.847290949811e-01  -2.532810268738e-02  -9.251699954219e-07   1.334522339854e-02   8.205751796612e-01  -5.380504677239e-02  -1.893226293415e-06   1.536410285293e-02   5.823524364954e-01  -1.073550335972e-01  -1.873766057108e-06   3.539255362405e-03   3.094982914415e-01  -6.000670290816e-02  -9.847823006331e-07   1.646845968861e-03  -1.855686255233e-06   1.375715741938e-06   3.423757430999e-03  -1.180673573030e-03  -1.734548562329e-02   2.634167465488e-01   3.748419691931e-01   3.665210759692e-01   2.485431555508e-01   8.345568930261e-02   2.126731600561e-01  -1.208528421028e-01   2.634189686062e-01   3.748448967010e-01   3.665223419797e-01   2.485434758966e-01   8.346169818145e-02  -2.126577522948e-01  -1.208837729676e-01   2.426898956481e-01   3.600318624652e-01   3.629457109312e-01   2.468983526776e-01   6.614263083243e-02  -1.460324000616e-05   2.393298568443e-01  -9.747722926857e-02  -5.197309874062e-02   8.850954020008e-02   1.537967016484e-01  -2.612329045199e-02  -4.960774773833e-02  -2.705896831420e-02
  -6.369036018156e-08  -1.518498500251e-08   4.809494362360e-07  -2.425087346066e-01  -2.760467257086e-08  -2.022813371586e-07   9.652178106297e-07  -3.014354606155e-01  -9.070983433719e-07  -3.612870468161e-06   4.004572659315e-07  -1.870298450836e-01   1.975941828658e-07  -4.731238819588e-06   2.537966845680e-07  -4.121027451990e-02   6.146745070534e-07  -3.735311419185e-02   7.872944350632e-02   3.510760308331e-06  -2.083098958168e-06   3.565106415430e-06  -2.011455278141e-01  -1.302246113316e-01  -2.924199365192e-02  -5.933927152380e-03   5.360778391462e-02   4.397701337941e-02  -5.255076749752e-02  -6.392728833373e-06  -6.039435593804e-06  -3.717262267800e-07  -1.542754676119e-01  -2.012638092668e-07  -5.004320297695e-06  -5.291122527907e-07  -2.002937086339e-01  -1.224240099301e-07  -4.143006597122e-06  -2.242243852127e-06  -1.426795902946e-01   2.146472867563e-07  -3.720040401642e-06  -2.714258804557e-06  -4.605151062278e-02   1.616530095948e-07  -3.064656415499e-03  -4.672965583603e-02  -7.802044771809e-06   1.108773852755e-06  -6.244509992307e-06   1.188474129191e-01   9.845330250190e-02   4.056692626307e-02   1.115821921154e-02   2.864005069955e-02   2.295767387471e-02  -3.431900009660e-02  -1.188391417191e-01  -9.844804747720e-02  -4.056798899776e-02  -1.116276255212e-02  -2.863991385948e-02   2.294928864868e-02   3.432542687675e-02  -9.498974459996e-06  -9.107708863515e-06  -5.929937273351e-06  -3.838623854066e-06  -2.393306408263e-06  -3.546288790273e-02  -6.211051832171e-06   2.011364032183e-01   1.302136691490e-01   2.923197861672e-02   5.925950680292e-03  -5.360888568867e-02   4.396498762352e-02   5.255617687002e-02
   1.818695768887e-03   4.463797007038e-04  -3.608685463487e-04  -2.723626111673e-08  -2.528191669196e-01   1.926483155806e-02   9.169726071691e-03  -9.147236584076e-07  -2.757246836322e-01   6.672419091994e-02  -1.354970959655e-03   1.823386830357e-07  -1.321109504279e-01   7.644104903373e-02  -1.176569525962e-02   6.146745070534e-07  -7.467552328182e-03  -2.041627744157e-06   3.006720954051e-06   8.163880871188e-03  -1.095776173333e-03  -1.852091226326e-02   1.141594604017e-01   8.868963157893e-02   6.498051920900e-02   5.761382415162e-02  -3.433353641921e-02  -6.304097155760e-02  -3.277948974765e-02   9.127918010927e-02   8.652724556519e-02   1.145615011763e-02  -2.120598849099e-07  -1.523845253016e-01   7.940257759725e-02   1.535866534695e-02  -2.105179806786e-07  -1.972829744524e-01   7.119444650221e-02   3.442167412540e-02   7.086577347529e-08  -1.256169662966e-01   6.178591340186e-02   3.814822413367e-02   9.490804127545e-08  -2.517566756526e-02   9.425756438553e-07  -8.244769543031e-06   3.317436305608e-02  -1.202550831392e-02   2.555165463548e-02  -4.549468042952e-02  -2.162592049514e-02   2.461435714565e-02   4.357309830728e-02  -6.550314373368e-03  -1.526588968416e-02  -2.605940416053e-02  -4.551030000339e-02  -2.163863762775e-02   2.460959539714e-02   4.357210890778e-02  -6.554501955328e-03   1.527235753445e-02  -2.605308465328e-02   1.520569725676e-01   1.449225224933e-01   8.986615202608e-02   5.730657183540e-02   3.914344136159e-02  -6.043316249046e-06   6.537080556732e-02   1.141714649737e-01   8.869582659660e-02   6.498107065266e-02   5.761384739508e-02  -3.433899742480e-02   6.304648850835e-02  -3.277686789297e-02
   2.606416899780e-07   3.019798944048e-07   1.148362274445e-06  -5.222110029708e-02  -3.128246945994e-06   6.302711069247e-06   3.154722686330e-06  -1.220622449683e-01  -7.832005573827e-06   6.210896551457e-06   1.124648013918e-06  -9.920606596259e-02  -5.608845663094e-06   3.345701245495e-06   1.371266276059e-07  -3.735311419185e-02  -2.041627744157e-06   2.124856488203e+00   8.738998457584e-02   6.004950715061e-07  -6.950345556326e-06   1.821268990829e-06  -7.713886824590e-03  -3.501861039153e-02  -2.941938692114e-02  -6.438899983598e-03   6.189779637185e-02  -2.906549852914e-01   2.338238512876e-01   2.365966199568e-06   2.679976536481e-06   3.309272442001e-06   1.131451332473e-01   4.739018625102e-07   2.269684820392e-06  -1.051908284376e-07   5.195619067268e-02  -3.892603907372e-08   2.398920249435e-06   3.007311809342e-06   1.132431952454e-02  -5.510724354027e-07   1.903243832199e-06   1.960102232541e-06  -6.146567768700e-04  -5.992627156783e-07  -1.609966630297e-01  -7.553860823388e-03   3.317101875180e-06  -1.541748814915e-06  -4.661151365707e-06  -2.981326919420e-02  -4.377925715741e-02  -1.154988460961e-02  -8.092514845427e-04  -5.594931648738e-02  -1.592905166155e-02   1.849300242882e-02   2.981050007302e-02   4.377667376028e-02   1.155129126296e-02   8.117041626217e-04   5.594567481294e-02  -1.592300807082e-02  -1.849680289798e-02   1.785022538642e-06   3.514491117805e-06   2.152162913912e-06   1.495113083569e-06   3.703250054076e-06   1.917700791865e-02   3.478241334578e-06   7.697911208526e-03   3.502518469938e-02   2.942563019446e-02   6.442724249585e-03  -6.190232450536e-02  -2.906294667703e-01  -2.338579082196e-01
  -2.637039233672e-07  -2.564881304135e-07  -2.867882431791e-06   9.595038278410e-02   4.979388445589e-06  -8.911582227984e-06  -7.576041659933e-06   2.286647709854e-01   1.194185683816e-05  -9.115445807004e-06  -5.465086974950e-06   1.895825383936e-01   8.368914568466e-06  -5.109668981457e-06  -1.956993877368e-06   7.872944350632e-02   3.006720954051e-06   8.738998457584e-02   2.145563390683e+00  -3.999915525959e-06   8.391823479509e-06   2.523533624430e-06   1.790297747472e-02   6.433793286606e-02   4.961540533067e-02   1.254483686514e-02   2.175480978292e-01   3.301959307911e-01  -1.340309347120e-03   2.348551099745e-07   2.727840597462e-07   6.386418367030e-07   8.179198642592e-03  -1.030304270461e-06   3.143403601826e-07   5.242023030562e-09   1.019936735048e-02  -5.351322614781e-07  -1.286699688710e-06  -3.692033256617e-06   4.330811864503e-02   7.530599620373e-07  -2.291560086834e-06  -3.399795341149e-06   3.586692873585e-02   7.957120739514e-07   4.981253015926e-03  -1.175733390238e-02   4.285930875435e-07   1.509747681167e-06  -8.355491160745e-07   4.452931917904e-03   2.821709793396e-03  -9.422359255551e-03  -6.615682496712e-03   8.305460191921e-03   1.912152898050e-03   5.361338677946e-03  -4.453716781808e-03  -2.823253260699e-03   9.419560496917e-03   6.611902623312e-03  -8.307979251410e-03   1.912265828657e-03  -5.359487131653e-03   6.866259861033e-07   1.559812936202e-06   1.686444822635e-07  -1.195222073061e-06   2.445913374083e-06   7.482598499945e-03   1.176648397106e-06  -1.788518511921e-02  -6.434829378983e-02  -4.962565112425e-02  -1.255091384633e-02  -2.175809722149e-01   3.301839433299e-01   1.370877469477e-03
  -7.209886727945e-04  -1.453551699433e-03  -1.978681567607e-02   3.194204552976e-06   2.155370607137e-02   7.031847259910e-02  -5.326135208924e-02   7.983884368791e-06   3.985455677558e-02   9.766535759327e-02  -6.239881114549e-02   7.914447630308e-06   2.228694858598e-02   6.641557778353e-02  -2.984673773496e-02   3.510760308331e-06   8.163880871188e-03   6.004950715061e-07  -3.999915525959e-06   2.224224278834e+00   1.242708643182e-03   1.571304353999e-02  -5.679772810009e-03   1.997843442608e-02   5.159495221422e-02   3.992264212312e-02  -1.032026061091e-02  -4.434330046685e-03  -2.498010413121e-01   9.739389185345e-02   1.105915602324e-01   1.065591188905e-01  -1.081514700431e-06   3.040790375042e-02   9.347607403715e-02  -3.034217535306e-02   6.114230225124e-08   9.179071411631e-03   7.862569001621e-02   5.353814517047e-02   1.122088316718e-06   1.892640278983e-02   5.084338360312e-02   2.888559775049e-02   1.217234913478e-06   1.097163758987e-02   3.069271139580e-06   5.199621191609e-07   7.783221069381e-02  -5.382028377819e-02  -1.624515473801e-01   1.494097114248e-02   4.144589099270e-02   4.754489318056e-02   3.806652646439e-02   4.322516289636e-02   2.653980846079e-02  -1.590334139168e-02   1.493977829722e-02   4.144503746315e-02   4.754570917514e-02   3.806713031701e-02   4.322306156789e-02  -2.653641339528e-02  -1.590776203613e-02   3.224280890579e-04   1.743716138850e-02   3.550567635192e-02   3.363945564124e-02   5.578616686641e-03  -4.286193164982e-07   1.996344606122e-02  -5.687507256856e-03   1.997405275159e-02   5.159114660967e-02   3.992169652441e-02  -1.035036718617e-02   4.497571241176e-03  -2.498254142817e-01
   2.068181140218e-04  -1.740712967945e-04   5.266609532141e-02  -3.093658757173e-06  -1.003724177583e-02   4.230710561113e-02   1.229759166506e-01  -7.830197649993e-06  -2.052356533649e-02   5.117015410125e-02   1.009148376626e-01  -5.664108611265e-06  -1.151490983864e-02   3.296417033119e-02   4.030001182049e-02  -2.083098958168e-06  -1.095776173333e-03  -6.950345556326e-06   8.391823479509e-06   1.242708643182e-03   2.205504799614e+00  -2.859341963429e-02   6.524113743615e-03   3.898824316025e-02   4.527082639242e-02   2.446488676543e-02  -2.496982343955e-02   2.176731634876e-01  -3.211819183384e-03  -3.379287429426e-02  -3.860398960749e-02  -5.460254868580e-02   4.943258438074e-07   1.046998670041e-01  -3.890972155740e-02  -6.906045409829e-03   2.851645656327e-08   4.946202217372e-02  -1.935358054875e-02   9.715166280750e-03  -8.032889429350e-07   2.305869623658e-02   7.456234776037e-03   2.865958511947e-02  -8.972500402563e-07   1.462380345569e-02  -1.416274278289e-06   2.205754776974e-06  -5.893405066369e-02  -1.397383384959e-01   6.024891459416e-02   1.252688284661e-02   1.180768558051e-02  -6.527249705550e-04   7.196902073983e-03   1.766736428620e-02   1.427866974645e-02   1.630949390070e-02   1.253051621564e-02   1.181339771090e-02  -6.513308703984e-04   7.196941487574e-03   1.767480848085e-02  -1.428260062013e-02   1.630480589413e-02  -2.687506583064e-02  -5.563822447372e-02  -2.456130344984e-02   1.192374181428e-03  -6.119015367343e-02   3.415113549504e-06  -3.708444959464e-02   6.516134680936e-03   3.899491121699e-02   4.527486118405e-02   2.446578583887e-02  -2.497693219822e-02  -2.177070147467e-01  -3.226311400613e-03
   6.065445388059e-04   6.228047006829e-04   7.533164433684e-02   2.446322270865e-06  -2.044744067490e-02   1.176280755492e-02   1.927666019450e-01   5.916622904076e-06  -5.164804846111e-02  -8.224760007104e-04   1.953368426921e-01   7.137492197708e-06  -4.339318494284e-02  -5.815973024649e-03   8.735896872878e-02   3.565106415430e-06  -1.852091226326e-02   1.821268990829e-06   2.523533624430e-06   1.571304353999e-02  -2.859341963429e-02   2.099528410886e+00   9.166391395411e-03   3.810095051478e-02   2.825613368434e-02   4.325258487356e-03   2.975665228746e-01   4.711266696262e-02  -1.831209455777e-01  -1.720260549472e-01  -1.956031320185e-01  -1.963244651889e-01   2.504944353015e-06  -2.799025993472e-02  -1.670635722406e-01   5.368772020303e-02   3.688196777485e-07   9.517970175543e-04  -1.043498639287e-01  -1.152151089443e-02   2.475817704071e-06  -1.706640712121e-02  -3.361579466138e-02   2.553077234901e-02   1.914500694292e-06  -1.094702434278e-02  -5.036532643006e-06  -8.269515903031e-07  -1.631377336462e-01   6.928497874862e-02   2.831448442537e-01  -1.747784679095e-02  -5.939075937345e-02  -5.807225122935e-02  -2.604387254884e-02  -5.489794657528e-02  -4.872830736803e-02   1.837298796404e-02  -1.747800858122e-02  -5.939142275837e-02  -5.807205531884e-02  -2.604365287487e-02  -5.490033545905e-02   4.872474982156e-02   1.837867825497e-02  -1.310824560537e-02  -5.456712341760e-02  -5.109223713103e-02  -2.229017510073e-02  -4.913077728130e-02   3.331748885751e-06  -4.655178832715e-02   9.153403862564e-03   3.809949036078e-02   2.825274008252e-02   4.324263634402e-03   2.975812874338e-01  -4.703587713127e-02  -1.831175785463e-01
  -2.101578986361e-01  -2.213429478541e-01  -1.789191518682e-01  -3.736514269998e-01   2.116016029526e-01  -5.093587344891e-01  -1.902963368712e-01  -3.977893820382e-01   2.260406030092e-01  -4.701259092033e-01  -1.633045291782e-01  -3.379855834749e-01   1.916808234561e-01  -3.393577542760e-01  -9.747258330487e-02  -2.011455278141e-01   1.141594604017e-01  -7.713886824590e-03   1.790297747472e-02  -5.679772810009e-03   6.524113743615e-03   9.166391395411e-03   4.791759992310e-01  -5.406449815511e-01  -4.927335997386e-01  -2.819140070186e-01   1.376814188220e-01   2.729601675746e-01  -1.462938784704e-01  -2.345592534185e-04   3.489834556740e-04   2.184515160234e-03  -2.256777298044e-04   8.543901365433e-04  -2.219897825363e-02  -7.206751291265e-02  -3.316585700376e-02   1.399537071633e-02  -1.346352280510e-01  -2.719293228111e-01  -1.079845306152e-01   4.014496448829e-02  -1.838307589550e-01  -2.390550489429e-01  -9.610325482174e-02   3.579974846994e-02  -6.870123784064e-02   8.736283226918e-03   4.494591592718e-02   2.917925166202e-02  -5.691041404230e-02  -6.192394980642e-03  -4.372317470187e-03  -4.582257174643e-02  -1.079369016996e-01   5.415429474629e-03   4.041405117431e-04   2.493762219047e-04   3.942962759239e-03  -1.252384142892e-02  -9.962393587548e-02  -1.465220582133e-01  -3.189416011617e-03  -3.274520769453e-04   6.085055588598e-04   3.782646509903e-03  -1.024095753160e-02  -9.290744495649e-02  -1.424577823385e-01  -2.569878682791e-03  -3.305171333811e-04  -4.723621500535e-04  -2.697681299308e-02  -1.712769368824e-01  -2.576718141449e-01  -2.129911451465e-01  -3.390650123371e-03  -1.994386589393e-01   5.986201483803e-03
  -1.238191299797e+00  -1.175352549786e+00  -1.650166210678e-01  -3.436778325013e-01   2.038910588186e-01  -1.073771107297e+00  -1.495976621126e-01  -3.261400099016e-01   2.171491340508e-01  -7.996951923122e-01  -8.161432448839e-02  -2.057320230593e-01   1.491838566817e-01  -5.101380911145e-01  -5.197160706486e-02  -1.302246113316e-01   8.868963157893e-02  -3.501861039153e-02   6.433793286606e-02   1.997843442608e-02   3.898824316025e-02   3.810095051478e-02  -5.406449815511e-01  -5.949356610937e-01  -5.714163677079e-01  -3.786744029747e-01   2.415566607925e-01   4.803700936322e-01  -2.578554194514e-01  -3.800791801473e-02  -3.860728649726e-02  -6.033628253458e-02  -2.500864577887e-02   9.866065057972e-03  -1.366275667128e-01  -2.157130104441e-01  -5.979609592238e-02   1.677888713962e-02  -2.929408776802e-01  -4.650124622751e-01  -9.499739659327e-02   1.893480181592e-02  -3.016137275918e-01  -3.303139502884e-01  -7.557107918356e-02   2.001444366269e-02  -6.388196100518e-02   2.434826783219e-03   8.858858867216e-02   1.234439899454e-02  -1.408269757059e-01  -4.141699378234e-03  -2.542768885718e-02  -1.307492128542e-01  -1.976782905142e-01  -5.702659269124e-03  -7.100019949080e-03   3.737798946188e-03  -1.371662347320e-02  -6.306601680477e-02  -1.853677847994e-01  -2.301970032442e-01  -3.959409138068e-02   9.222085723773e-03   1.670882369425e-02  -1.129948872543e-02  -5.671776485787e-02  -1.762096069518e-01  -2.258367502033e-01  -3.399907413167e-02  -1.057069607075e-02  -1.829106426036e-02  -1.712804005964e-01  -3.944428311531e-01  -4.446616452262e-01  -3.293462877468e-01   7.731208023253e-02  -3.335018129619e-01  -8.529862240450e-02
