ARMA_MAT_TXT_FN008
136 136
  -3.721299715270e+01  -3.556805845025e+01   1.414533317488e-01   5.831625398358e-05   2.011305064088e-05  -1.282480200717e+01   6.530181826393e-02   2.692459909476e-05   9.285716024287e-06  -5.883363354033e+00   2.080073898996e-02   8.581875363300e-06   2.958810361328e-06  -2.493424922257e+00   5.234051724712e-03   2.160694824697e-06   7.447484058452e-07  -3.738764101467e-05   4.083469767268e-06   3.274847897562e-03  -9.157481419564e-06  -5.553690995001e-03   0.000000000000e+00   0.000000000000e+00   0.000000000000e+00   0.000000000000e+00  -6.497343294153e-07  -5.930572453536e-05  -1.119178787002e-01  -9.796850365634e-01  -4.302923026602e-11  -1.491190190347e-14  -2.590305723797e-15   0.000000000000e+00   0.000000000000e+00   0.000000000000e+00  -5.185710955398e-06  -1.793244241033e-09  -3.111352455654e-10  -6.439760850565e-04  -2.222010646680e-07  -3.849591994940e-08  -1.762229078415e-02  -6.074352022877e-06  -1.051204623840e-06  -8.015935578546e-01  -2.770347723311e-04  -4.799466831530e-05  -2.781789482225e+00  -9.627865158546e-04  -1.668972204642e-04  -2.637936091691e-09  -1.633040076620e-13   2.201667835564e-06  -4.577504881062e-10  -3.813399627218e-06  -1.277067156761e-06  -8.228179971087e-11   1.068889235742e-03  -2.211775392993e-07  -1.851369842968e-03  -1.381138789469e+00  -1.953216508425e+00  -6.764312858557e-04  -1.172852823928e-04  -5.320490866492e-04  -2.628050806105e-08   4.445136644135e-01  -9.216580378899e-05  -7.699197356495e-01  -6.767535134231e-04  -3.168302749724e-04   3.304437235888e-03  -4.100831517129e-03  -7.775572742722e-03  -9.307926802106e-02   1.162137852759e-01  -1.440532319626e-01  -2.731390001646e-01  -1.543259614601e+00   1.415158667530e+00  -1.757927002434e+00  -3.333185956883e+00  -2.465391465883e+00   1.385488980252e+00  -1.720753056107e+00  -3.262696731735e+00   4.930616042408e-02  -1.157990927315e-01  -9.763091562200e-02   9.348948149370e-02   1.060724000681e-02  -6.861579417081e-04  -3.220088234277e-04   3.346429422617e-03   8.882842785553e-03   3.437959077795e-04  -9.382557160732e-02   1.172305893260e-01   3.108183994822e-01   1.202974654205e-02  -1.547985159915e+00   1.420148216822e+00   3.773321760766e+00   1.460392333472e-01  -2.468058659686e+00   1.387614497323e+00   3.686188776681e+00   1.426666214118e-01  -1.066069494367e-01  -1.093150957547e-02   9.292036203838e-02  -4.126078175479e-03   1.210760417768e-01  -6.782642967607e-04  -3.176619750962e-04   3.312135039732e-03  -4.700589947712e-03   7.446735128977e-03  -9.319927165075e-02   1.164107665073e-01  -1.650172113853e-01   2.614225803084e-01  -1.544021627877e+00   1.416372380819e+00  -2.012067990977e+00   3.187530343282e+00  -2.465821840587e+00   1.386232548621e+00  -1.968887429000e+00   3.119119283423e+00   5.651674463963e-02   1.268251225247e-01  -8.135772296630e-02  -8.953481952173e-02   2.005268800177e-02
  -3.556805845025e+01  -3.545564416057e+01   1.964966285886e-01   8.100865514299e-05   2.793957564493e-05  -1.482132102816e+01   6.105746893691e-02   2.517143659995e-05   8.681599074510e-06  -6.691615278277e+00   1.594622403632e-02   6.573134840301e-06   2.267201565397e-06  -2.810553441731e+00   3.730957300935e-03   1.537721663546e-06   5.304233730382e-07  -1.866353520062e-05   2.038422019874e-06   1.634580777187e-03  -4.571253018168e-06  -2.772017321414e-03   1.939045874738e-11   7.009498341097e-11   2.042959348623e-09   6.344335827504e-09   9.999791683169e-08   1.793779413181e-06  -1.133585453500e-01  -1.094928787208e+00   3.084902456065e-11   1.069081703814e-14   1.857072608526e-15   4.646631135324e-09   1.608956167286e-12   2.793732274901e-13   5.222769757251e-07   1.805092722973e-10   3.131107387467e-11  -2.024245869681e-05  -7.040858768274e-09  -1.225060413134e-09  -1.011231653195e-02  -3.500062927363e-06  -6.072265993344e-07  -8.758273061682e-01  -3.032519725574e-04  -5.260772507784e-05  -3.144939247532e+00  -1.089398685258e-03  -1.890171549598e-04   2.801233761944e-10   1.761851648265e-14  -2.339374583787e-07   4.859411583159e-11   4.051914643509e-07  -1.090257928440e-07  -6.152513444140e-12   9.077712021710e-05  -1.893727077892e-08  -1.572305448572e-04  -1.553058018302e+00  -2.203599070467e+00  -7.634570641521e-04  -1.324746648731e-04  -5.815458842675e-04  -3.081138189212e-08   4.848963305542e-01  -1.008827227611e-04  -8.398647401974e-01   2.677161511208e-05   2.215438984036e-05   8.608373237841e-05  -1.082059872391e-04  -2.051657583932e-04  -7.054682521472e-02   1.057107824968e-01  -1.316178520322e-01  -2.495588479387e-01  -1.727094661797e+00   1.611245920315e+00  -2.005113477398e+00  -3.801865740459e+00  -2.784418066216e+00   1.572222542722e+00  -1.956445135785e+00  -3.709584765159e+00   3.594609098897e-02  -8.489367398950e-02  -7.167672209024e-02   6.815691292183e-02   7.955074944799e-03   2.702414915602e-05   2.245427337077e-05   8.895282118909e-05   2.391101687781e-04   9.254046224039e-06  -7.122234176208e-02   1.067708507686e-01   2.843415953370e-01   1.100485712174e-02  -1.732478399656e+00   1.617001664269e+00   4.304074767632e+00   1.665801952711e-01  -2.787450764327e+00   1.574648882546e+00   4.191112908622e+00   1.622081196892e-01  -7.795196691178e-02  -8.037627628409e-03   6.821860047801e-02  -3.016971273349e-03   8.920575800783e-02   2.681227333476e-05   2.220258745128e-05   8.656892719760e-05  -1.244360182949e-04   1.971297028608e-04  -7.065558562797e-02   1.059120812770e-01  -1.508029678131e-01   2.389026305837e-01  -1.727963513227e+00   1.612641561275e+00  -2.295006418492e+00   3.635754799887e+00  -2.784907887082e+00   1.573069907944e+00  -2.238569457542e+00   3.546345546739e+00   4.122298288345e-02   9.302178400964e-02  -5.977552495198e-02  -6.530561558014e-02   1.488712223058e-02
   1.414533317488e-01   1.964966285886e-01  -2.489365167204e+01  -2.672596114137e-04  -6.546007108262e-05   5.242545087387e-01  -1.596498388114e+01  -2.939923729193e-04  -7.201920474080e-05   3.344843307779e-01  -5.708116686795e+00  -1.257731048680e-04  -3.083084744529e-05   1.588259601877e-01  -1.500601830321e+00  -3.501108175725e-05  -8.586491669215e-06   1.550678423234e-04   2.186583376883e-05  -2.509399453670e-01   3.379246851055e-05   4.350168177594e-01   4.305250536294e-08   1.541815948963e-07   4.586508948995e-06   1.339234590001e-05   1.750503934690e-04   3.901699642791e-03   5.751583409152e-01   1.476244302615e+00   6.605850283316e-08   2.354961121611e-11   4.090738600695e-12   9.747844381059e-06   3.474063051600e-09   6.032236072575e-10   8.290653652532e-04   2.975866379263e-07   5.161969106597e-08   2.781594421107e-02   1.009770559929e-05   1.748627066171e-06   2.752010439038e-01   1.018165240017e-04   1.759829659631e-05   2.342821832143e+00   9.357120703564e-04   1.613937336397e-04   2.040909434800e+00   1.070418517607e-03   1.837926189296e-04   4.676760983922e-07   3.048329345446e-11  -3.762585339210e-04   8.112901826604e-08   6.516987257708e-04   4.605008229988e-05   3.273569966166e-09  -3.649548734390e-02   7.970792666294e-06   6.321201462097e-02   6.609760298531e-01   1.187918838427e-01   2.992315210742e-04   5.060619113009e-05   2.008273219364e-03   1.500100766693e-07  -1.470034253866e+00   3.464407675110e-04   2.546171317646e+00  -1.463568843157e-02  -1.087726617736e-02   1.464878306655e-02  -4.936537491093e-02  -9.360178035437e-02  -3.640508686232e-01  -3.207647301923e-03  -4.603179130599e-01  -8.728126571313e-01  -1.034748646447e+00  -1.369299552729e+00  -1.044032686673e+00  -1.979562684569e+00  -4.871777894319e-01  -1.934244107860e+00  -3.228437207358e-01  -6.120823477037e-01   4.141686420461e-02  -5.574643720038e-01  -5.617578228177e-01   7.853108276782e-02   2.099838030669e-01  -1.482112473978e-02  -1.102786929730e-02   1.484154709977e-02   1.068037843004e-01   4.133689923364e-03  -3.666851876680e-01  -2.850565201531e-03   9.921439994632e-01   3.839978889936e-02  -1.038204695602e+00  -1.372167012250e+00   2.241426532586e+00   8.674714971581e-02  -4.880381036720e-01  -1.935934707037e+00   6.919171354416e-01   2.677169685229e-02  -8.986483622917e-02  -5.255784984817e-02   3.542159266077e-01  -3.478162584793e-03   7.423921699566e-01  -1.466975774249e-02  -1.090463890875e-02   1.470286212705e-02  -5.659078272383e-02   8.965211933815e-02  -3.645823252254e-01  -2.931819803813e-03  -5.273716439811e-01   8.354745840876e-01  -1.035634073039e+00  -1.369243582806e+00  -1.195386681057e+00   1.893719131729e+00  -4.875042118460e-01  -1.934337495693e+00  -3.695731728903e-01   5.854150266874e-01   4.764582481176e-02   6.105968074213e-01  -4.836027712251e-01  -7.548191923952e-02   2.557250553568e-01
   5.831625398358e-05   8.100865514299e-05  -2.672596114137e-04  -2.481425911130e+01   2.918997790219e-05   2.163248328253e-04  -2.939923729193e-04  -1.587752853881e+01   3.211006044122e-05   1.386914517482e-04  -1.257731048680e-04  -5.670450414804e+00   1.373631744474e-05   6.613248209523e-05  -3.501108175725e-05  -1.490059096191e+00   3.823402630025e-06   2.128691743718e-01  -1.477080105076e-02   1.096335058726e-01   2.186583376883e-05   6.324412695055e-02   1.491996795438e-11   5.343206941419e-11   1.589505662657e-09   4.641619938798e-09   6.070680384025e-08   1.356996679775e-06   2.054468875935e-04   5.389187231454e-04   2.354961121611e-11  -1.895372437364e-09   1.417657075182e-15   3.477240662409e-09  -2.851796635939e-07   2.088135192062e-13   2.987361461765e-07  -3.195603302166e-05   1.749562796942e-11   1.020510797255e-05  -1.478486955608e-03   5.399108533681e-10   1.040707014646e-04  -2.092145947783e-02   5.082022787549e-09   9.775786639508e-04  -3.851955780096e-01   2.170060232587e-07   1.139218755571e-03  -1.109740866900e+00   1.678003658453e-06  -4.959825976847e-05  -3.009789671556e-09  -1.302849355130e-07   2.864782255497e-11   2.605536604240e-07  -7.263384818516e-03  -4.906607187571e-07  -1.231610585353e-05   2.539556653996e-09   2.732026573577e-05   2.466949345889e-04   3.244895554183e-04  -7.903696234519e-01   1.710945876039e-06  -7.607834884992e-01  -1.065372487818e-04  -7.381309061522e-05   3.616550714564e-07   1.702030626115e-03   1.830671673482e-02   1.359067598936e-02  -4.997426218462e-02   3.666676125567e-02   1.173080760861e-01   4.622702698659e-01  -4.747453578831e-01   2.096489621504e-01   1.109419393214e+00   1.394953867014e+00  -1.146332488048e+00  -7.968258168555e-01   2.672460291231e+00   7.904717421372e-01  -4.277204415321e-01  -1.658152611358e+00   9.961712936360e-01  -1.418851043360e-01   3.313886172456e-01   7.064065879512e-01  -5.708784131828e-01   1.332884811920e-01  -3.965215707929e-02  -2.947154374894e-02   1.081182408605e-01   2.608306199874e-01   1.108074252186e-02  -9.958655962433e-01   1.023166913674e+00   2.319309870291e+00   1.043949128021e-01  -2.993226446276e+00   2.460662760258e+00   4.259218936574e+00   2.504750321682e-01  -1.693129214266e+00   9.163929113402e-01   2.221976119159e-01   9.320175744091e-02  -1.229995314174e+00  -1.255697211523e-01   9.635704972293e-01  -5.381985543124e-02   1.145890056474e+00   2.098398469320e-02   1.558119294351e-02  -5.728834076569e-02   5.586279022742e-02  -1.284906769691e-01   5.294110657619e-01  -5.438898376399e-01   3.907201498660e-01  -1.214426958565e+00   1.596543887309e+00  -1.312449458502e+00  -3.618239657492e-01  -2.923539054184e+00   9.044523317716e-01  -4.895608819990e-01  -1.496196918374e+00  -1.089449506908e+00  -2.352341826881e-01  -5.252228901249e-01   6.949420954725e-01   6.252797847415e-01   8.711497198444e-02
   2.011305064088e-05   2.793957564493e-05  -6.546007108262e-05   2.918997790219e-05  -2.481341195111e+01   7.457833659161e-05  -7.201920474080e-05   3.211006044122e-05  -1.587659659533e+01   4.770417763408e-05  -3.083084744529e-05   1.373631744474e-05  -5.670051668986e+00   2.270154247829e-05  -8.586491669215e-06   3.823402630025e-06  -1.489948092587e+00   2.186583376883e-05   1.268017432751e-01   1.288666253474e-02   2.132452571071e-01   7.402296759635e-03   2.591706855455e-12   9.281538742266e-12   2.761118652980e-10   8.063227354606e-10   1.054905180005e-08   2.362000148468e-07   3.655948579947e-05   9.948850506051e-05   4.090738600694e-12   1.417657075183e-15  -1.895380352291e-09   6.040448576953e-10   2.089068376894e-13  -2.851808305247e-07   5.192481049979e-08   1.753216901967e-11  -3.195612986112e-05   1.778155870650e-06   5.436786561502e-10  -1.478488941979e-03   1.824799078923e-05   5.171477496918e-09  -2.092139429883e-02   1.750769620433e-04   2.192276684535e-07  -3.851866933663e-01   2.123600950727e-04   1.683762110328e-06  -1.109684784909e+00   2.870124645679e-11  -1.684593533881e-08  -2.781239673199e-08  -4.959841925824e-05   4.229341793395e-08   2.560796099030e-09  -2.010210647336e-06  -2.923695556357e-06  -7.263391907575e-03   4.312795693565e-06   5.000622660932e-05   6.524130439945e-05   1.714497214084e-06  -7.903174340849e-01   3.660590353557e-07   2.648327135830e-04  -1.197276359633e-04  -7.607691535027e-01   2.403498832688e-04   3.471096873182e-02   2.576902067350e-02  -9.475487192338e-02   1.173063169482e-01   1.972234908841e-01   8.764856122258e-01  -9.001366683492e-01   1.109379921342e+00   1.728055116832e+00   2.644794711358e+00  -2.173379984753e+00   2.672271084640e+00   2.860705523095e+00   1.498629971853e+00  -8.108397325887e-01   9.960495704302e-01  -2.948025849286e-01  -5.708611628952e-01   1.138433333234e+00   6.938561840285e-01  -9.232236378853e-01  -1.199681310271e-01  -1.534638535402e-03  -1.140626542818e-03   4.184423081565e-03   1.108036897053e-02  -2.503791228119e-02  -3.854095000673e-02   3.959719029511e-02   1.043861812502e-01  -3.739064729850e-01  -1.158278118161e-01   9.521414561331e-02   2.504268562339e-01  -2.202509552003e+00  -6.550427223221e-02   3.544546247301e-02   9.316422683886e-02  -2.182038058822e+00  -5.381594358891e-02   4.185207666814e-01   6.571588427855e-02   1.584660499607e-01   6.075775792549e-02  -3.324274373938e-02  -2.468369950936e-02   9.075569729835e-02  -1.284885446964e-01   1.783099469805e-01  -8.386748189337e-01   8.616089489136e-01  -1.214378763304e+00   1.547998193010e+00  -2.529076898479e+00   2.079003703025e+00  -2.923301695836e+00   2.424000333963e+00  -1.432639224839e+00   7.753879583769e-01  -1.089290251817e+00  -4.580848681947e-01   6.252586216079e-01   1.171963716285e+00  -4.830951111322e-01  -8.310956132992e-01   2.186833409464e-01
  -1.282480200717e+01  -1.482132102816e+01   5.242545087387e-01   2.163248328253e-04   7.457833659161e-05  -2.633873001450e+01   8.406310162008e-01   4.016470437111e-04   1.291733377345e-04  -1.967163013275e+01   5.771073335847e-01   3.948646361122e-04   1.080873489622e-04  -1.029261746376e+01   2.079244354026e-01   1.645100028186e-04   4.223458218670e-05  -9.267244740569e-04   1.009267795099e-04   8.897701382775e-02  -2.286055039813e-04  -1.511769202858e-01  -2.231104255233e-02  -3.289437881476e-02  -5.287884074470e-02  -7.207341529362e-02  -1.244028848043e-01  -2.464699256661e-01  -1.681599426357e+00  -4.827938721063e+00  -4.397280311721e-03  -1.522743741902e-06  -2.644168921295e-07  -2.570950726030e-02  -8.888432840645e-06  -1.542214970736e-06  -1.437888730744e-01  -4.952038773823e-05  -8.575510676085e-06  -5.051811865131e-01  -1.730432108485e-04  -2.987720101647e-05  -1.288072357513e+00  -4.384208078228e-04  -7.540063525774e-05  -5.167542224148e+00  -1.739979071275e-03  -2.966212564269e-04  -1.061449275784e+01  -3.570317510654e-03  -6.060326570506e-04  -4.479270808783e-05  -3.558513743275e-09   3.759321242561e-02  -7.751398103318e-06  -6.511333608218e-02  -3.503688128472e-04  -3.747134227693e-08   2.963097384409e-01  -6.036766339946e-05  -5.132232993925e-01  -6.027024227017e+00  -7.875821487426e+00  -2.660121432153e-03  -4.527184076286e-04  -3.034008745292e-03  -4.932028708919e-07   2.602871453196e+00  -5.169738098874e-04  -4.508294727117e+00  -6.273490351525e-01  -6.118293280949e-01   3.558297537392e-01  -4.327191743082e-01  -8.204973800176e-01  -2.691052142298e+00   1.450679516818e+00  -1.746854899286e+00  -3.312330206732e+00  -7.148448253622e+00   4.499480767648e+00  -5.374914643054e+00  -1.019180404497e+01  -9.721905147412e+00   4.859900460654e+00  -5.768090476952e+00  -1.093726678105e+01   5.706600183710e-01  -1.303757384701e+00  -1.089770560258e+00   1.082070995481e+00   1.029625203222e-01  -6.303434477629e-01  -6.147869619010e-01   3.575797927619e-01   9.301576246971e-01   3.600216948329e-02  -2.700863892315e+00   1.456575443717e+00   3.751899789716e+00   1.452234211227e-01  -7.163205623920e+00   4.510499024252e+00   1.152579121928e+01   4.461336486512e-01  -9.730729206309e+00   4.866248384896e+00   1.235467594015e+01   4.782154234052e-01  -1.226742397943e+00  -1.223818590495e-01   1.049712423466e+00  -4.748382842524e-02   1.338872855106e+00  -6.278302651577e-01  -6.123046820552e-01   3.562090433449e-01  -4.953875907251e-01   7.848205260319e-01  -2.692617332945e+00   1.452018678105e+00  -1.999571886501e+00   3.167879351985e+00  -7.150789310400e+00   4.502461311386e+00  -6.150917210959e+00   9.744840042901e+00  -9.723298323595e+00   4.862237130561e+00  -6.599652795928e+00   1.045570288524e+01   6.534885562507e-01   1.426566984933e+00  -9.056999533680e-01  -1.035312784744e+00   2.090824649747e-01
   6.530181826393e-02   6.105746893691e-02  -1.596498388114e+01  -2.939923729193e-04  -7.201920474080e-05   8.406310162008e-01  -2.383120485242e+01  -9.148823937665e-04  -2.268420763487e-04   1.051663388169e+00  -1.546185918231e+01  -7.106071185368e-04  -1.801654876364e-04   6.907914487936e-01  -5.365185194458e+00  -2.516757605016e-04  -6.421924355120e-05   5.577433821901e-04   1.029294631048e-04  -8.592163621838e-01   8.340364544271e-05   1.489930573904e+00   1.123847695905e-01   1.652542265031e-01   2.627051231107e-01   3.519598428629e-01   5.743051090416e-01   1.017273517239e+00   3.958689745772e+00   5.640000659118e+00   2.034947515561e-02   7.650106772004e-06   1.328402337560e-06   1.163337925583e-01   4.373383124429e-05   7.588207320412e-06   5.927578211068e-01   2.236509158964e-04   3.873313065204e-05   1.775186196089e+00   6.759106374847e-04   1.167419687392e-04   3.685062984950e+00   1.424906722770e-03   2.453104025459e-04   8.335823951379e+00   3.453936805518e-03   5.907740947214e-04   5.876599800902e+00   3.214112050848e-03   5.440952277951e-04   1.864263349688e-04   1.610597284952e-08  -1.417042103164e-01   3.226165132322e-05   2.454388110055e-01   1.202914256411e-03   1.383704469960e-07  -9.021092230796e-01   2.073256988852e-04   1.562498203437e+00   2.582663864042e+00   2.876677454831e-01   9.899700376722e-04   1.615418371882e-04   5.725926528226e-03   1.106024802167e-06  -3.954991919216e+00   9.781022526485e-04   6.850232900697e+00  -7.215453728097e-01  -7.135148402888e-01  -1.664821279223e-01  -4.572210172938e-01  -8.669563838827e-01  -2.267729153965e+00  -9.392060912756e-01  -1.417567980553e+00  -2.687943006312e+00  -3.079992009215e+00  -4.426975816249e+00  -2.177826577613e+00  -4.129473881543e+00  -1.487257551236e+00  -6.179775259161e+00  -8.251380164871e-01  -1.564330804352e+00  -3.098311479423e-01  -1.170570723857e+00  -1.373809595078e+00  -5.874885048827e-01   7.772376160637e-01  -7.253263251750e-01  -7.172910298133e-01  -1.668664450872e-01   9.832716389120e-01   3.805794361789e-02  -2.277079320671e+00  -9.414059337896e-01   3.045937752161e+00   1.178970250646e-01  -3.088163344567e+00  -4.433834137322e+00   4.672232165365e+00   1.808343894266e-01  -1.489878560856e+00  -6.184267013824e+00   1.768085092939e+00   6.839567720610e-02   6.645635877650e-01  -1.099228201116e-01   5.457639150961e-01   2.572229366458e-02   1.890349739523e+00  -7.223634229007e-01  -7.143296017255e-01  -1.663280981789e-01  -5.236293124688e-01   8.295625857550e-01  -2.269897239228e+00  -9.388758003145e-01  -1.623242240770e+00   2.571663021056e+00  -3.082287036127e+00  -4.426943453106e+00  -2.493255712033e+00   3.949945152968e+00  -1.488290029645e+00  -6.179976330413e+00  -9.445777214355e-01   1.496162334888e+00  -3.542417673658e-01   1.281295428147e+00  -1.209217136439e+00   5.612134100465e-01   8.732464201504e-01
   2.692459909476e-05   2.517143659995e-05  -2.939923729193e-04  -1.587752853881e+01   3.211006044122e-05   4.016470437111e-04  -9.148823937665e-04  -2.350596935654e+01   9.918337214787e-05   7.195623013531e-04  -7.106071185368e-04  -1.503286433934e+01   7.270998479536e-05   5.465548239585e-04  -2.516757605016e-04  -5.162286178491e+00   2.423600693965e-05   3.737085316863e-01  -7.267740229615e-02   5.389627802834e-01   1.029294631048e-04   3.110215108594e-01   3.894726907242e-05   5.726944587476e-05   9.104328377621e-05   1.219830492397e-04   1.991230334968e-04   3.532888785255e-04   1.412441665662e-03   2.147888783219e-03   7.655888022517e-06  -1.742029109445e-03   4.603305915320e-10   4.384111003683e-05  -1.016391532030e-02   2.622702066996e-09   2.252147354393e-04  -5.654782186028e-02   1.290313350649e-08   6.861430990534e-04  -1.969604438123e-01   3.220095163102e-08   1.465076335172e-03  -4.952933252786e-01   2.772626335154e-08   3.710395296222e-03  -1.899784309703e+00  -2.528189656176e-07   3.759663620611e-03  -3.820324978135e+00   4.123576354540e-06  -5.111301795767e-02  -3.116460725811e-06  -4.871104854817e-05   1.170663764244e-08   1.207574803783e-04  -3.975100837303e-01  -2.778685274122e-05  -2.836330504619e-04   5.489349778679e-08   8.373741482838e-04   1.138906970185e-03   1.339330875799e-03  -2.855377483706e+00   8.402723251774e-06  -3.295381415541e+00  -7.158575577428e-04   2.436664244147e-03  -4.779175883205e-07   7.005935977503e-03   9.020549093983e-01   8.915708618324e-01  -4.714782684346e-01   3.117210714170e-02   1.086746755719e+00   2.873949154534e+00  -1.496813413983e+00  -3.061906504043e-01   3.414930633502e+00   4.146182056094e+00  -2.476366619633e+00  -3.223433276591e+00   5.588208860269e+00   2.496331078241e+00  -1.193226317964e+00  -5.303956948296e+00   2.670250000203e+00   3.207791500588e-02  -7.640173626654e-02   1.709785307237e+00  -1.228743354119e+00   7.045824342093e-01  -1.939509563223e+00  -1.917070331312e+00   1.013853589478e+00   2.091908692550e+00   1.020382254084e-01  -6.172191235557e+00   3.215753123251e+00   6.162007603158e+00   3.203596459594e-01  -8.890146171215e+00   5.311122474730e+00   7.338608941698e+00   5.233751540435e-01  -5.345651644215e+00   2.555315042228e+00  -2.655105151119e-01   2.497743143760e-01  -2.297566069592e+00  -2.289064877437e-01   1.532039942431e+00  -1.153716351354e-01   1.485965465798e+00   1.032744720021e+00   1.020750446077e+00  -5.399457645924e-01   2.082757747776e-01  -1.189179311042e+00   3.289710805471e+00  -1.713919614935e+00   2.500029451431e-01  -3.736274929699e+00   4.744797245621e+00  -2.834796050016e+00  -2.314258399702e+00  -6.112460383822e+00   2.856203748595e+00  -1.365650300131e+00  -4.869869396550e+00  -2.920163213666e+00  -1.681646501065e-01  -3.638134788278e-01   1.717374832795e+00   1.344923779524e+00   6.688825908996e-01
   9.285716024287e-06   8.681599074510e-06  -7.201920474080e-05   3.211006044122e-05  -1.587659659533e+01   1.291733377345e-04  -2.268420763487e-04   9.918337214787e-05  -2.350307862598e+01   1.969677060274e-04  -1.801654876364e-04   7.270998479536e-05  -1.503071715431e+01   1.403167846119e-04  -6.421924355120e-05   2.423600693965e-05  -5.161563847729e+00   1.029294631048e-04   6.230471513622e-01   6.324842366558e-02   3.754327115937e-01   3.638040297080e-02   6.765424334822e-06   9.948129222643e-06   1.581505245194e-05   2.119020800076e-05   3.459729853568e-05   6.143529031642e-05   2.496646763123e-04   3.977437926688e-04   1.329884530521e-06   4.604962256763e-10  -1.742031680584e-03   7.615771806546e-06   2.625796569084e-09  -1.016393000387e-02   3.913863979079e-05   1.294952387352e-08  -5.654789518572e-02   1.194356701317e-04   3.251848013590e-08  -1.969606204659e-01   2.561024243414e-04   2.904810882904e-08  -4.952931606239e-01   6.636973704921e-04  -2.429856770421e-07  -1.899759039855e+00   7.102672888338e-04   4.148322233397e-06  -3.820079755858e+00   1.175806243767e-08  -1.699779384264e-05  -1.377811303290e-05  -5.111308473276e-02   1.791119429489e-05   5.575686824122e-08  -9.874677142115e-05  -9.199400674985e-05  -3.975103611879e-01   1.211452374940e-04   2.308056101528e-04   2.694575815848e-04   8.419090674826e-06  -2.855072053007e+00  -4.603414162917e-07   3.397979329432e-03  -1.362776468262e-04  -3.295345756517e+00   9.120782130485e-04   1.710367894508e+00   1.690490315884e+00  -8.939570647216e-01   1.086706498015e+00   1.518587682970e+00   5.449146110507e+00  -2.838015300909e+00   3.414701416896e+00   4.367689383665e+00   7.860856273794e+00  -4.694888134852e+00   5.587406932551e+00   4.424362421989e+00   4.732198950326e+00  -2.261651910474e+00   2.669495103953e+00  -1.649826160376e+00  -1.228662708786e+00   1.984537610176e+00   5.471532300952e-01  -1.649670530114e+00  -2.197908096024e-01  -7.506402745926e-02  -7.419566974370e-02   3.923840570527e-02   1.020298335579e-01  -5.404169738501e-01  -2.388708303516e-01   1.244512259248e-01   3.203112692550e-01  -2.102209433209e+00  -3.440056508939e-01   2.054944837440e-01   5.231970437611e-01  -6.162159063236e+00  -2.067717708543e-01   9.879482483269e-02   2.495906234374e-01  -6.707693800651e+00  -1.153533489196e-01   1.751290878216e+00   1.774675640307e-01   6.785904369443e-01   1.257313709696e-01  -1.636071216470e+00  -1.617070989053e+00   8.553770374975e-01  -1.189130666898e+00   1.341539470253e+00  -5.211454908015e+00   2.715119704686e+00  -3.735997364541e+00   3.810516691156e+00  -7.516015883923e+00   4.490326953479e+00  -6.111480421023e+00   3.510101549710e+00  -4.523655590989e+00   2.162568042869e+00  -2.919224657618e+00  -2.087609532560e+00   1.344824835368e+00   1.994395029338e+00  -1.433291035668e-01  -1.449838137610e+00   4.283057460456e-01
  -5.883363354033e+00  -6.691615278277e+00   3.344843307779e-01   1.386914517482e-04   4.770417763408e-05  -1.967163013275e+01   1.051663388169e+00   7.195623013531e-04   1.969677060274e-04  -2.319440418916e+01   1.921987001264e+00   1.919658932886e-03   4.301289392927e-04  -1.679763906893e+01   1.235838854021e+00   1.230528936019e-03   2.631096299432e-04  -1.152385519429e-03   1.226080403413e-04   1.513073889079e-01  -2.890015688384e-04  -2.584792815454e-01  -7.677041383853e-01  -1.117780765959e+00  -1.706211913064e+00  -2.152585423402e+00  -2.935224371405e+00  -3.850706068543e+00  -6.885594372592e+00  -1.020601244492e+01  -4.522085127949e-02  -1.563215795503e-05  -2.712175431170e-06  -2.448382581675e-01  -8.419943379966e-05  -1.457223507532e-05  -1.017233364824e+00  -3.463397639663e-04  -5.964516912623e-05  -2.312024208909e+00  -7.784493828354e-04  -1.332894317405e-04  -3.873329747547e+00  -1.289460255421e-03  -2.194076123532e-04  -8.258780309208e+00  -2.673652444412e-03  -4.470261757539e-04  -1.389858412760e+01  -4.327041385217e-03  -7.078674138531e-04  -1.057292329632e-04  -2.496006392221e-08   9.054580772905e-02  -1.810436202871e-05  -1.568298606799e-01  -5.507209849946e-04  -2.142122446423e-07   4.811342416942e-01  -9.324547620978e-05  -8.333482023248e-01  -1.113192140306e+01  -1.190962094734e+01  -3.647099597962e-03  -5.984632409318e-04  -2.598679413799e-03  -2.111318057469e-06   2.360006809497e+00  -4.285832202790e-04  -4.087637238469e+00  -1.944445729167e+00  -1.933120362488e+00   3.659419462462e-01  -4.232496794714e-01  -8.025912703753e-01  -5.645881174380e+00   1.319358084501e+00  -1.493922179487e+00  -2.832946579862e+00  -1.053226432876e+01   4.032717391704e+00  -4.459746321311e+00  -8.457365293676e+00  -1.434058199684e+01   6.038840330067e+00  -6.397678898054e+00  -1.213268224979e+01   2.382164543517e-01  -5.135374845052e-01  -4.171695674742e-01   4.517435778270e-01   1.951042539837e-02  -1.947389467065e+00  -1.936058325895e+00   3.666732858225e-01   9.072823146303e-01   3.512154041256e-02  -5.653819283102e+00   1.321876459647e+00   3.202313075850e+00   1.239718921417e-01  -1.054353480565e+01   4.038619526054e+00   9.556047624267e+00   3.699749654138e-01  -1.434916238880e+01   6.044447068827e+00   1.370190307415e+01   5.305184741345e-01  -5.110545088833e-01  -4.812415335820e-02   4.248364028971e-01  -1.978650241853e-02   5.053315617189e-01  -1.944914143218e+00  -1.933587722061e+00   3.661513703426e-01  -4.843248941565e-01   7.673464930923e-01  -5.647118701150e+00   1.320080635921e+00  -1.709480651465e+00   2.708525132354e+00  -1.053399140282e+01   4.034602847339e+00  -5.102905908244e+00   8.085418050393e+00  -1.434186311118e+01   6.041105642841e+00  -7.319741176432e+00   1.159822356196e+01   2.726913751217e-01   5.617386535885e-01  -3.445609068480e-01  -4.320685825174e-01   6.128000768893e-02
   2.080073898996e-02   1.594622403632e-02  -5.708116686795e+00  -1.257731048680e-04  -3.083084744529e-05   5.771073335847e-01  -1.546185918231e+01  -7.106071185368e-04  -1.801654876364e-04   1.921987001264e+00  -2.213108212195e+01  -1.096998064155e-03  -2.714915852889e-04   2.253113683903e+00  -1.338199307731e+01  -6.677543936911e-04  -1.557588288320e-04   6.509834322270e-04   9.058245682819e-05  -7.984588442511e-01   9.077572240654e-05   1.384404287851e+00   2.123993785981e+00   3.090072269906e+00   4.701005825130e+00   5.900655383214e+00   7.914114272555e+00   1.004062560800e+01   1.462386807911e+01   1.483870865213e+01   9.243730343258e-02   4.321459945748e-05   7.497719854817e-06   4.973966462206e-01   2.313173134947e-04   4.003419938413e-05   2.002593839392e+00   9.268092474558e-04   1.596404826323e-04   4.270672960239e+00   1.982072537337e-03   3.396335985070e-04   6.524443278647e+00   3.063990798424e-03   5.224113016294e-04   1.006266062578e+01   5.062517265601e-03   8.542521713059e-04   6.981457514132e+00   5.022843813214e-03   8.374337760567e-04   2.092000095197e-04   6.561466504895e-08  -1.165941725823e-01   3.577373383664e-05   2.019468231199e-01   1.007262406228e-03   5.032009633101e-07  -5.575568610105e-01   1.703162462101e-04   9.657150595686e-01   7.716295789193e+00  -5.138209577077e-01   2.182157040046e-03   3.543695780085e-04   3.435735884416e-03   3.164187999839e-06  -1.638598812657e+00   5.694883262764e-04   2.838118741663e+00  -1.278034974642e+00  -1.276228094867e+00  -6.559784031701e-01  -2.685561501265e-01  -5.092517463550e-01  -3.279013876660e+00  -2.234120377810e+00  -8.375326774925e-01  -1.588219339626e+00  -4.282390152830e+00  -6.988812248720e+00  -1.658350749440e+00  -3.144777147649e+00  -2.530724781823e+00  -1.185824475411e+01  -9.625640507487e-01  -1.825006667875e+00  -3.463916009618e-01  -2.958741915182e-01  -4.887510273974e-01  -6.568618831497e-01   4.414801851105e-01  -1.280552715315e+00  -1.278749918408e+00  -6.567398263316e-01   5.759351050705e-01   2.229477146106e-02  -3.285101291593e+00  -2.236501405799e+00   1.796011636428e+00   6.952813684611e-02  -4.289098316107e+00  -6.994425794582e+00   3.554844947208e+00   1.376125744103e-01  -2.534274648390e+00  -1.186366475604e+01   2.062404555569e+00   7.978801633039e-02   7.421728622856e-01  -2.773504653440e-02  -4.025189689677e-03   2.873070795022e-02   7.222954123275e-01  -1.278809208946e+00  -1.277002073317e+00  -6.559687457111e-01  -3.074209916829e-01   4.870659412288e-01  -3.280944633450e+00  -2.234075297377e+00  -9.587289497338e-01   1.519015801299e+00  -4.284818067925e+00  -6.988751569127e+00  -1.898271430778e+00   3.007654326797e+00  -2.532424821234e+00  -1.185828494870e+01  -1.101959381722e+00   1.745580588885e+00  -3.962575039535e-01   3.237577052161e-01  -4.471207196884e-01   6.278288010911e-01   4.657911297457e-01
   8.581875363300e-06   6.573134840301e-06  -1.257731048680e-04  -5.670450414804e+00   1.373631744474e-05   3.948646361122e-04  -7.106071185368e-04  -1.503286433934e+01   7.270998479536e-05   1.919658932886e-03  -1.096998064155e-03  -2.013589535459e+01   6.643926707306e-05   2.243432932346e-03  -6.677543936911e-04  -1.175043901699e+01   2.349031793797e-05   2.291987972671e-01  -6.962606808640e-02   5.163608425133e-01   9.058245682819e-05   2.978952571466e-01   7.360762299515e-04   1.070875630298e-03   1.629183318103e-03   2.045052514317e-03   2.743763894857e-03   3.484807002048e-03   5.156158020829e-03   5.576743328011e-03   4.332325186885e-05  -3.257436595542e-02   2.597764257816e-09   2.331162462367e-04  -1.752201093302e-01   1.375789662917e-08   9.439288062685e-04  -7.186648474494e-01   4.980729934376e-08   2.045147507652e-03  -1.608803264539e+00   6.647772994638e-08   3.210275710757e-03  -2.649811072381e+00  -4.497613079219e-08   5.584105418482e-03  -5.382746910772e+00  -1.717381340729e-06   6.377807715091e-03  -8.610998738197e+00  -3.843316259239e-06  -2.181484913241e-01  -1.352055208392e-05  -3.567220369953e-05   1.389643817765e-08   2.231746572572e-04  -1.124014618211e+00  -8.761556938216e-05  -3.056533975033e-05  -2.485112153838e-10   1.205142539029e-03   3.601916760791e-03   3.511272688191e-03  -7.321943173193e+00   3.343468166831e-06  -5.089470347481e+00  -1.328626752628e-03   7.087778494195e-03  -2.268348721659e-06   9.014213793964e-03   1.597646559522e+00   1.594701200676e+00  -2.911891669595e-01  -5.505094584828e-01   6.384417722266e-01   4.149507636366e+00  -9.406125734013e-01  -1.895819538603e+00   2.017177211847e+00   5.736090175435e+00  -2.044819128507e+00  -6.066735583582e+00   4.266186130788e+00   4.491531634632e+00  -1.729342627190e+00  -1.010763415386e+01   3.506820904968e+00   2.509574656138e-01  -5.409576901608e-01   5.826214555812e-01  -3.298121631422e-01   4.694480461544e-01  -3.423928955641e+00  -3.417640893319e+00   6.243399178347e-01   6.558345621610e-01   5.978306374380e-02  -8.891556520655e+00   2.016430940538e+00   1.915140221139e+00   1.888718997657e-01  -1.228594217843e+01   4.380944844847e+00   1.987652579075e+00   3.992475287699e-01  -9.613002765091e+00   3.701246419934e+00  -3.494072274874e+00   3.279132721238e-01  -3.725857683327e-01  -3.504781573198e-02   6.661144379217e-02  -3.090677625653e-02  -2.480582160575e-01   1.828149323964e+00   1.824780777458e+00  -3.333104748906e-01  -4.466558209995e-01  -6.983023612663e-01   4.748061883750e+00  -1.076637351978e+00  -1.567702631690e+00  -2.206269571689e+00   6.563092556345e+00  -2.340313519434e+00  -5.372982322065e+00  -4.665742456552e+00   5.138617920040e+00  -1.979007569704e+00  -9.537595448367e+00  -3.834841015095e+00   1.973586235200e-01   4.065789087882e-01   6.059930170774e-01   3.608630080917e-01   5.023302685457e-01
   2.958810361328e-06   2.267201565397e-06  -3.083084744529e-05   1.373631744474e-05  -5.670051668986e+00   1.080873489622e-04  -1.801654876364e-04   7.270998479536e-05  -1.503071715431e+01   4.301289392927e-04  -2.714915852889e-04   6.643926707306e-05  -2.013380964226e+01   4.796870608679e-04  -1.557588288320e-04   2.349031793797e-05  -1.174965315515e+01   9.058245682819e-05   5.971189405577e-01   6.061939486527e-02   2.306317991229e-01   3.485842190440e-02   1.278618028246e-04   1.860190700816e-04   2.830039934379e-04   3.552540480734e-04   4.767039242763e-04   6.057757133824e-04   9.036791277008e-04   1.008841650045e-03   7.525572191761e-06   2.600875825287e-09  -3.257438047906e-02   4.049564364848e-05   1.380951795290e-08  -1.752201868467e-01   1.640440018538e-04   5.030277545029e-08  -7.186651457676e-01   3.559399367445e-04   6.833170360740e-08  -1.608803774426e+00   5.605011778939e-04  -4.058214439082e-08  -2.649811166842e+00   9.930333571039e-04  -1.700685279788e-06  -5.382730662500e+00   1.193948835484e-03  -3.801332081694e-06  -8.610812728023e+00   1.414733356351e-08  -6.753918700221e-05  -2.868698453756e-05  -2.181485795036e-01   2.572320496454e-05   2.071504588419e-09  -1.764299276340e-04  -1.273177748845e-04  -1.124014808146e+00   1.387743429699e-04   6.934266039057e-04   6.822966658703e-04   3.377101134127e-06  -7.321652485915e+00  -2.246454318651e-06   7.346927605532e-03   2.968727958996e-04  -5.089450396973e+00   1.037015296306e-03   3.029265318615e+00   3.023682214823e+00  -5.521153885958e-01   6.383788144453e-01   3.233366262961e-01   7.867683299621e+00  -1.783434179080e+00   2.016886115634e+00   8.650802980708e-01   1.087520815331e+01  -3.876667496119e+00   4.265080432917e+00  -2.282729815443e-01   8.513800122784e+00  -3.277434627861e+00   3.505013751149e+00  -5.309767001352e+00  -3.297571962571e-01   2.275195305523e-01  -4.811249632626e-01  -2.004619931240e-01  -2.537998795303e-02  -1.325149203062e-01  -1.322717042551e-01   2.416328805482e-02   5.977002890400e-02  -8.862087487787e-01  -3.441151795716e-01   7.803631090392e-02   1.888114091219e-01  -2.956326706572e+00  -4.754113576446e-01   1.694975274970e-01   3.990142433967e-01  -8.309256700239e+00  -3.717954174298e-01   1.430694218640e-01   3.275227979934e-01  -1.195056946435e+01  -3.089366579149e-02   1.032081087145e+00   7.197042531435e-02   4.244953425647e-01   3.045507259325e-02  -2.896149221322e+00  -2.890814394964e+00   5.280268372168e-01  -6.982263748417e-01   2.188406804800e-01  -7.521746268381e+00   1.705560050348e+00  -2.205918012558e+00   5.348848120501e-01  -1.039630583098e+01   3.706999614026e+00  -4.664403567756e+00  -9.271290459259e-01  -8.137924937652e+00   3.133461032175e+00  -3.832643515019e+00  -5.884862777948e+00   3.607949206317e-01   1.901807709415e-01   5.561541749768e-01  -1.465554102217e-01   7.948061973681e-02
