ARMA_MAT_TXT_FN008
136 136
   3.280700634476e-01   2.802856398432e-01   1.697028487246e-03  -4.892908270499e-06  -1.001658177750e-06  -4.797418935817e-02   2.609327906119e-03  -3.035661085821e-06  -6.890176635809e-07  -2.698170268541e-02   4.308565677558e-03  -1.345611312082e-06  -7.232027846958e-07  -5.564963025725e-03   2.488483779805e-03  -1.443977100995e-06  -3.741025311200e-07  -2.335802565569e-06   3.619329321953e-07  -1.486526827343e-04  -6.145890028292e-07   2.667994447520e-04   3.622142946800e-05   1.203213629411e-04  -3.453607830496e-04  -2.438677425218e-04   2.014227686982e-04   1.484604766275e-03  -1.285692583756e-03   3.211676832858e-03  -4.119943256646e-04  -1.197324567977e-07  -2.581526194595e-08  -3.435488028615e-03  -9.999603089954e-07  -2.158901647443e-07   8.807462219160e-03   2.570966773995e-06   5.573925817056e-07   3.955339757767e-03   1.065180501151e-06   2.110205568627e-07  -6.949784495209e-03  -1.731299286136e-06  -3.370439634443e-07  -1.823522412088e-02  -5.569626228516e-06  -1.249145832983e-06  -3.992209493675e-03   5.839227181958e-07   1.642690095974e-07   1.123283420668e-06  -3.410140774475e-09  -8.511287624939e-04   2.193592131499e-07   1.474232678923e-03   1.096866250059e-07   2.632922625178e-10  -8.119246458181e-05   2.728962902826e-08   1.406731591587e-04   4.789883104201e-03   1.191111546032e-03   1.047673733232e-06   2.051849730812e-07  -2.689402629836e-06   6.591501531587e-09   2.108502271067e-03  -5.573781468527e-07  -3.652312141139e-03   5.842555381912e-04   9.273705035772e-04   3.062631226160e-03  -4.163138736233e-03  -7.893810413729e-03  -1.978109025838e-03   4.879146340469e-03  -6.634457771078e-03  -1.257944004839e-02   1.998592676032e-03   2.809355055326e-03  -4.102580565341e-03  -7.777956237277e-03   5.341804663485e-03  -2.175353779845e-03   7.241380476705e-04   1.371343709488e-03   3.393219676916e-04  -7.212840297498e-04  -5.780887410314e-04   6.432535496808e-04   1.442304169429e-05   5.886740034406e-04   9.347132784986e-04   3.072693666166e-03   8.933336568996e-03   3.457559272308e-04  -1.999696351821e-03   4.894903863785e-03   1.423536480635e-02   5.509347247176e-04   2.006206303357e-03   2.813680555878e-03   8.791335335035e-03   3.402196088792e-04   5.348936477912e-03  -2.178140860146e-03  -1.547669067076e-03  -5.961814300182e-05  -7.288560905683e-04  -6.763439402049e-05   6.050342352627e-04  -2.819256969672e-05   6.977361125114e-04   5.849851794953e-04   9.285847609498e-04   3.065413709789e-03  -4.764801782275e-03   7.548555939252e-03  -1.981704552598e-03   4.883516276319e-03  -7.593213292438e-03   1.202910915649e-02   1.999914348648e-03   2.811277175550e-03  -4.694464356164e-03   7.436150684105e-03   5.342898163449e-03  -2.175910256213e-03   8.283761303619e-04  -1.310318203226e-03   3.885361138465e-04   7.891576220595e-04  -4.761899360839e-04  -6.153759207176e-04   7.313064122689e-05
   2.802856398432e-01   2.470256357038e-01   2.201106213794e-03  -8.452882448479e-06  -1.703915055930e-06  -8.334223553336e-02   4.201701633227e-03  -3.368346930903e-06  -8.029024009517e-07  -4.556016727079e-02   6.971863743653e-03  -3.091314369305e-06  -1.403389630050e-06  -9.209044636291e-03   4.143249978852e-03  -2.683908028046e-06  -6.821140666747e-07  -3.966406621378e-06   6.161970828145e-07  -2.753253635687e-04  -1.047464010495e-06   4.928206260800e-04   5.360008091404e-05   1.784606860995e-04  -5.153722571565e-04  -3.161985331453e-04   1.378546526229e-04   2.285921820208e-03  -1.672158913817e-03   5.442489136719e-03  -6.986036385290e-04  -2.139161860384e-07  -4.657436980776e-08  -5.821792045472e-03  -1.781953636496e-06  -3.884607704127e-07   1.485746569667e-02   4.500425998817e-06   9.847522373068e-07   6.669199303563e-03   1.876720760464e-06   3.763482893897e-07  -1.166353057066e-02  -3.058250131459e-06  -6.048197606539e-07  -3.082486210090e-02  -9.692156115531e-06  -2.188786425820e-06  -6.715234074565e-03   8.699128013417e-07   2.386393515651e-07   2.081070512600e-06  -6.300137119712e-09  -1.519640456493e-03   4.038942819632e-07   2.632105171285e-03   2.568473047778e-07  -6.681793847795e-11  -1.730949515793e-04   5.985702507172e-08   2.998675103417e-04   7.998068955672e-03   1.996536872198e-03   1.750045176292e-06   3.424620935040e-07  -4.483172406921e-06   1.124800258511e-08   3.600993417705e-03  -9.318351314185e-07  -6.237606428449e-03   8.404011545116e-04   1.331516422370e-03   5.347472711917e-03  -7.262744048253e-03  -1.377073092627e-02  -2.610559721818e-03   8.555697915970e-03  -1.162446956229e-02  -2.204038382711e-02   4.027942397482e-03   4.937057139199e-03  -7.163901656650e-03  -1.358137320877e-02   9.055632995800e-03  -3.622641473116e-03   1.230820208466e-03   2.330653491731e-03   6.063171657733e-04  -1.309258261260e-03  -1.056038630233e-03   1.149372899546e-03   3.779301500851e-05   8.473151697113e-04   1.343053416324e-03   5.364632777086e-03   1.558255152808e-02   6.030778795424e-04  -2.644592670482e-03   8.582645577669e-03   2.493907606355e-02   9.651388758204e-04   4.044285275431e-03   4.944115087450e-03   1.534850855151e-02   5.939362060709e-04   9.068051286697e-03  -3.627381105809e-03  -2.630431757373e-03  -1.013076787456e-04  -1.302249809869e-03  -1.227580675276e-04   1.091421249553e-03  -5.037001405245e-05   1.278030927589e-03   8.415443119933e-04   1.333426933342e-03   5.352264079346e-03  -8.312214616952e-03   1.316816450847e-02  -2.616238777718e-03   8.563248543311e-03  -1.330409532380e-02   2.107571396042e-02   4.030753752267e-03   4.940333840460e-03  -8.197222953479e-03   1.298413911268e-02   9.057581558028e-03  -3.623593727587e-03   1.408008664977e-03  -2.226942681772e-03   6.942520172307e-04   1.432440319031e-03  -8.710661116579e-04  -1.099554155847e-03   1.443602808244e-04
   1.697028487246e-03   2.201106213794e-03   3.015380050669e-02   1.364035743098e-05   2.451314446635e-06  -2.563748261599e-03   5.569444240703e-02   1.442667395975e-05   2.640160174404e-06  -4.583521581305e-02   2.261825162644e-02  -7.435455365179e-07  -4.711696456108e-07  -1.236308291823e-02   4.404561425220e-03  -3.794280961177e-07  -3.114035570087e-07   7.476307693697e-06  -9.798711809781e-07   3.573722497153e-03   2.228094217179e-06  -6.205376576850e-03   2.060630677008e-04   6.737873966154e-04  -1.839632225551e-03  -1.868268199075e-03   2.931874790706e-03   6.839970832449e-03  -1.144842881918e-02   1.294966557057e-02  -1.514813046421e-03  -5.909306934360e-07  -1.152927005202e-07  -1.262429825690e-02  -4.928746112662e-06  -9.620000476798e-07   3.234787891710e-02   1.264883176806e-05   2.470337824156e-06   1.550340184673e-02   5.749031405510e-06   1.094074822013e-06  -2.923617835890e-02  -1.033928043742e-05  -1.929434430697e-06  -6.232268999708e-02  -2.576268887824e-05  -5.174125942301e-06  -1.904443079835e-02  -5.027523948059e-06  -7.250913046026e-07   4.694456610137e-06  -2.092988376553e-08  -2.678436348334e-03   9.501263419828e-07   4.639206560779e-03   2.964153960605e-07  -4.363083011617e-09  -1.306831001761e-05   6.403593279300e-08   2.254618676223e-05   1.067924356499e-02   2.540479671711e-03   2.836448380194e-06   6.277175417477e-07  -9.569534047752e-06   3.233817779217e-08   4.714319850115e-03  -1.970874505652e-06  -8.165197527826e-03  -1.398199466149e-03  -2.350089202435e-03  -1.011446294299e-03   5.960579145951e-03   1.130584998797e-02   6.714872117146e-03  -1.495893751659e-03   9.321244324266e-03   1.767963236477e-02   5.550224215764e-03  -3.642742614527e-03   6.992426955267e-03   1.326354873807e-02   4.963597180290e-03  -5.308097248456e-03   9.304147629696e-04   1.761138072583e-03   9.972300032870e-05   9.382564675820e-04   1.063979001959e-03   1.891128697252e-04  -5.588544899328e-04  -1.403748834771e-03  -2.359422887079e-03  -1.000883809713e-03  -1.280847609867e-02  -4.962180427367e-04   6.742217851861e-03  -1.479525799152e-03  -2.002795964026e-02  -7.758439994991e-04   5.544676826705e-03  -3.626188315723e-03  -1.500146911265e-02  -5.812637209606e-04   4.963931968382e-03  -5.314992568260e-03  -1.986822682063e-03  -7.635911501179e-05  -2.130830358542e-04   8.823016242597e-05  -4.756491451963e-04  -8.238873437604e-06  -1.452104597404e-03  -1.399280191373e-03  -2.351897596397e-03  -1.011858826375e-03   6.824799764046e-03  -1.081635699463e-02   6.720047610524e-03  -1.496553135973e-03   1.067256194903e-02  -1.691385003869e-02   5.548551263905e-03  -3.642168977030e-03   8.003608472956e-03  -1.268522116269e-02   4.961789272049e-03  -5.309062941792e-03   1.063979979172e-03  -1.681925433069e-03   1.138130501385e-04  -1.027196423670e-03   9.321510715912e-04  -1.803136783644e-04  -6.357691427194e-04
  -4.892908270499e-06  -8.452882448479e-06   1.364035743098e-05   2.578923404178e-02  -1.268851807960e-06   3.561235273516e-05   1.874745687848e-05   4.857487133174e-02  -1.821571360001e-06  -5.455783603046e-05  -3.323340825352e-06   1.331697814520e-02   7.659710012735e-07  -1.412835425252e-05   4.670261658660e-06  -3.975010098751e-04   1.527477901438e-07   7.152090307477e-03   1.036584667671e-03  -7.675404812765e-03  -1.160489511918e-06  -4.434294277806e-03  -1.961842981918e-09  -7.890941926502e-09   3.673917365366e-08   8.309215905768e-08  -2.841090763631e-07  -3.062576925704e-07   4.687593177314e-07   8.481377891971e-06  -3.129001747616e-07   1.267698585261e-04   7.273430622521e-09  -2.600861268728e-06   1.056849265402e-03   6.035400333606e-08   6.572058556866e-06  -2.725873773846e-03  -1.533361444180e-07   3.435234653527e-06  -1.306209417530e-03  -9.448100062648e-08  -6.514725026185e-06   2.440351712901e-03   1.889499373832e-07  -9.526868670607e-06   5.241871835800e-03   2.461155003824e-07   3.396084576926e-07   1.693085914683e-03   1.367044663963e-07  -8.497530072646e-04   2.623108835117e-06  -2.083888291834e-05  -4.719401640353e-08  -9.021605204471e-06  -9.684061584965e-05   3.106551972736e-06  -2.309622516568e-05   1.014807271284e-08  -1.315997436290e-05   9.390469336595e-06   2.953381278066e-06   1.541786384545e-04  -8.258148069090e-08   1.455192470846e-03   1.725583313316e-06  -1.111781628147e-05   1.101381600945e-08  -9.686298129918e-06   1.209890649671e-03   2.005587597101e-03   6.185463026694e-03  -2.584358812065e-03  -1.414809902582e-02  -5.565098476667e-03   9.523310673051e-03  -3.705333474378e-03  -2.181756315335e-02   1.642290891931e-03   6.196452452614e-03  -3.394419409504e-03  -1.359870841065e-02   5.184348643535e-03  -3.067966191716e-04  -2.533092492634e-04   5.528760607797e-04   1.112458180906e-04  -2.673511489922e-04  -1.061643633655e-03   8.344646040805e-04  -3.061618844861e-04  -2.604340500865e-03  -4.317355672772e-03  -1.329290885778e-02  -2.938115196545e-02  -1.326889219145e-03   1.198249955989e-02  -2.046379843949e-02  -4.502137530195e-02  -2.045905297513e-03  -3.523272757336e-03  -1.330271856515e-02  -2.911576619420e-02  -1.274218294457e-03  -1.108014839642e-02   6.500299010456e-04   7.791315941276e-04   5.147045863460e-05   1.695920847339e-03   1.690862141619e-04  -1.243954268258e-03   7.843396124168e-05  -1.374573744412e-03   1.385328281526e-03   2.296419839741e-03   7.082353449716e-03  -4.888078633359e-03   1.547901563200e-02  -6.372297923773e-03   1.090402482634e-02  -7.257487835981e-03   2.386943234743e-02   1.880666405110e-03   7.093422542718e-03  -5.606108557811e-03   1.487535408555e-02   5.929734870943e-03  -3.506329725579e-04  -1.643282873835e-04  -6.044397832876e-04   2.473957619676e-04   5.515219567270e-04  -1.053142352215e-03  -9.135583683991e-04  -2.573395752023e-04
  -1.001658177750e-06  -1.703915055930e-06   2.451314446635e-06  -1.268851807960e-06   2.575404181023e-02   6.930374864178e-06   3.481594763650e-06  -1.821440980645e-06   4.852309815380e-02  -8.035670043876e-06  -1.259016922739e-06   7.812908047845e-07   1.333727855385e-02  -1.565518851671e-06   4.336056431940e-07   1.525150481926e-07  -3.932122976444e-04  -1.160117356727e-06  -8.854732679277e-03  -8.972748235104e-04   7.135682022637e-03  -5.172597964013e-04  -9.645297841912e-09  -3.194572988194e-08   9.134565646566e-08   1.007721935076e-07  -1.893265161650e-07  -3.868919397988e-07   6.125686745736e-07   1.126956575152e-06   1.336795966607e-08   7.290355935332e-09   1.271214799497e-04   1.135835424948e-07   6.049313673138e-08   1.059784507467e-03  -3.168710912237e-07  -1.536814442625e-07  -2.733470001246e-03  -3.849284031493e-08  -9.481715579505e-08  -1.309570926305e-03   6.474918483003e-08   1.896124057429e-07   2.447007453074e-03   1.429836653467e-06   2.462162389113e-07   5.257101743963e-03   1.139032446294e-06   1.367111333931e-07   1.700407989013e-03  -4.739363664251e-08  -2.315776640581e-05  -2.516006222724e-06  -8.506618669309e-04  -1.089050507053e-06   1.019987529109e-08  -2.662813507178e-05  -2.711812333681e-06  -9.690672867363e-05  -1.535892204013e-06   8.685170121573e-07   3.314554253675e-07  -8.243192526481e-08   1.524219537504e-04   1.097807175544e-08  -1.352842990442e-05  -1.297260709722e-06   1.456615870346e-03  -8.517123331703e-07   2.295785970682e-03   3.805721797662e-03   1.173880844515e-02  -1.415514750844e-02  -2.195593329657e-02  -1.056064156586e-02   1.807325667504e-02  -2.182901217444e-02  -3.357874697565e-02   3.097300274511e-03   1.176321168028e-02  -1.360892861379e-02  -2.202046013817e-02   9.829799648898e-03  -5.788529271206e-04   5.508549563103e-04   4.997549690407e-04   8.345831133644e-04  -1.512072060044e-03  -7.414813763560e-04   1.253452760079e-03   1.538931899203e-04  -1.009142645422e-04  -1.672958628585e-04  -5.154667440940e-04  -1.328188630411e-03   4.865115063380e-03   4.643532819444e-04  -7.935044705920e-04  -2.047981431151e-03   7.782952926795e-03  -1.353671470483e-04  -5.161122711697e-04  -1.275949326461e-03   3.772277682337e-03  -4.293695517450e-04   2.525361355301e-05   5.123886284375e-05  -5.489330723498e-04   7.847193766052e-05  -8.258751999255e-04  -1.040302442091e-04  -3.280003493128e-04  -8.546688796399e-05  -2.196375769464e-03  -3.640955678798e-03  -1.123104418719e-02   1.548736340771e-02  -1.964563904936e-02   1.010376559533e-02  -1.729118731603e-02   2.388295838990e-02  -3.001511334150e-02  -2.962969764587e-03  -1.125219842574e-02   1.488730447307e-02  -1.979441194080e-02  -9.394696568465e-03   5.531440178738e-04  -6.021709397809e-04   4.082471899081e-04  -9.137150827702e-04  -1.543371495434e-03   4.518511656244e-04   1.118080634698e-03  -2.949647015060e-04
  -4.797418935817e-02  -8.334223553336e-02  -2.563748261599e-03   3.561235273516e-05   6.930374864178e-06   2.444403909082e-01  -7.845548275758e-03   2.526490197507e-05   5.104052408147e-06   1.284501722834e-01  -1.757269885330e-02   1.669975526459e-05   5.571401638928e-06   2.404387426269e-02  -1.139354781333e-02   7.740350715263e-06   1.991868881092e-06   1.424555642625e-05  -2.037793366821e-06   1.196286112190e-03   3.581175348796e-06  -2.125771953285e-03  -6.058196179830e-05  -2.078455586749e-04   6.528028002900e-04  -9.285719359529e-05   1.470602526329e-03  -3.968832828554e-03   3.703410760572e-04  -1.625728468194e-02   1.848701475964e-03   6.779811437560e-07   1.513465678628e-07   1.543026156533e-02   5.640985226767e-06   1.260194250285e-06  -3.985381517585e-02  -1.415323473298e-05  -3.163723793121e-06  -1.788315956608e-02  -5.993326236415e-06  -1.242224938313e-06   3.114745225844e-02   9.986753137706e-06   2.059507749951e-06   8.357366143006e-02   3.011886678782e-05   6.906685691509e-06   1.757021698239e-02  -1.256720529888e-06  -3.027058397913e-07  -6.945172719501e-06  -4.765424386262e-08   3.557202159305e-03  -1.311335153134e-06  -6.161214406207e-03  -1.104362176929e-06  -2.375317149781e-08   2.739991098730e-04  -2.314976056265e-07  -4.747466564325e-04  -2.140061004885e-02  -5.285766352222e-03  -4.400762646121e-06  -8.612281618963e-07   1.247337299000e-05  -3.030947030866e-08  -1.008602714472e-02   2.595958213329e-06   1.747108960112e-02  -1.400794165943e-03  -2.124430363960e-03  -1.679627715385e-02   2.188301183405e-02   4.148862163752e-02   2.283621465149e-03  -2.687797669269e-02   3.511335057526e-02   6.657076880744e-02  -1.604098825289e-02  -1.608615309429e-02   2.163439460320e-02   4.101226007511e-02  -2.553831878017e-02   9.800321374296e-03  -3.497194912308e-03  -6.621051969369e-03  -1.834594456525e-03   4.045357399841e-03   3.292383779959e-03  -3.477477922441e-03  -1.683395845909e-04  -1.414856477598e-03  -2.147928334114e-03  -1.685548194417e-02  -4.696650907977e-02  -1.817273885508e-03   2.352516282522e-03  -2.697070139124e-02  -7.535476945136e-02  -2.915533687510e-03  -1.612566660253e-02  -1.611477634507e-02  -4.636556074349e-02  -1.793790113636e-03  -2.558011247547e-02   9.814089641131e-03   7.473052443358e-03   2.877207621519e-04   3.940994239381e-03   3.793090249046e-04  -3.343014047305e-03   1.524073591765e-04  -4.001055631358e-03  -1.403116677735e-03  -2.128319585023e-03  -1.681213257256e-02   2.504668826944e-02  -3.967516506510e-02   2.295140376774e-03  -2.690293202106e-02   4.018924808357e-02  -6.365997589354e-02  -1.605533771716e-02  -1.609748522718e-02   2.475632076871e-02  -3.921041080836e-02  -2.554512919351e-02   9.803111411819e-03  -4.000712538225e-03   6.326442344234e-03  -2.100769297776e-03  -4.426079185657e-03   2.720915611189e-03   3.326883546699e-03  -4.976643334957e-04
   2.609327906119e-03   4.201701633227e-03   5.569444240703e-02   1.874745687848e-05   3.481594763650e-06  -7.845548275758e-03   1.030254653801e-01   1.561828308849e-05   3.113411439919e-06  -8.435780880013e-02   4.206759188645e-02  -2.841803300303e-06  -1.078756065429e-06  -2.440604010590e-02   8.659473123517e-03   1.720665085237e-07  -4.128212168421e-07   1.048407160788e-05  -1.654145691696e-06   6.537413654224e-03   3.479694666897e-06  -1.134583235421e-02   4.639468223120e-04   1.523567005836e-03  -4.220093225088e-03  -4.471006939014e-03   7.422591803978e-03   1.527366254810e-02  -2.488804679824e-02   2.180280644845e-02  -2.794068191838e-03  -1.039960781713e-06  -2.022197496820e-07  -2.328107356697e-02  -8.660015829525e-06  -1.684337257945e-06   5.958419774130e-02   2.195476357203e-05   4.266000730715e-06   2.859240828806e-02   9.987033568215e-06   1.883156625646e-06  -5.398230540754e-02  -1.777914711367e-05  -3.276780368934e-06  -1.154323907284e-01  -4.472959221777e-05  -8.947392989030e-06  -3.516672433225e-02  -7.423042332983e-06  -9.550003263012e-07   7.302737724376e-06   3.113468281702e-08  -4.141390530579e-03   1.402160269429e-06   7.172973382552e-03   3.673576394543e-08   1.800433619093e-08   2.803496012775e-04  -9.821330723764e-09  -4.857920889842e-04   2.080511276592e-02   5.055737322860e-03   5.288572016985e-06   1.170376185945e-06  -1.785404840111e-05   5.687741570188e-08   8.857070107174e-03  -3.659877073489e-06  -1.534056625803e-02  -1.898619479044e-03  -3.214197748610e-03  -1.454722581513e-03   1.093300588985e-02   2.073594176141e-02   9.194306240063e-03  -2.101392622287e-03   1.705623763578e-02   3.234853502637e-02   7.544831981261e-03  -6.187513501056e-03   1.280442777697e-02   2.428528087162e-02   9.518826009151e-03  -9.933039207799e-03   1.740691180877e-03   3.295243865058e-03   2.130628067298e-04   1.684112006299e-03   1.927856956587e-03   4.040093210405e-04  -1.034192229679e-03  -1.905003530861e-03  -3.225025076575e-03  -1.441322011154e-03  -2.347638263853e-02  -9.093532921425e-04   9.226294326399e-03  -2.080244010228e-03  -3.662160149427e-02  -1.418425609138e-03   7.524943036452e-03  -6.167092190701e-03  -2.745074218281e-02  -1.063375600542e-03   9.523447708472e-03  -9.946733593477e-03  -3.717668726922e-03  -1.429274932340e-04  -4.557942505661e-04   1.583255468779e-04  -8.353441399765e-04  -1.762597697011e-05  -2.636889554644e-03  -1.899953031541e-03  -3.216442466413e-03  -1.456808207901e-03   1.251701278183e-02  -1.983615405101e-02   9.200700693303e-03  -2.104583061239e-03   1.952715111337e-02  -3.094433780987e-02   7.539890915990e-03  -6.188480277574e-03   1.465478531513e-02  -2.322404117280e-02   9.516035131526e-03  -9.934993525074e-03   1.990595417989e-03  -3.147119879388e-03   2.432752361739e-04  -1.843681725780e-03   1.691186718738e-03  -3.853910289102e-04  -1.172225274606e-03
  -3.035661085821e-06  -3.368346930903e-06   1.442667395975e-05   4.857487133174e-02  -1.821440980645e-06   2.526490197507e-05   1.561828308849e-05   9.161318065315e-02  -2.401043849585e-06  -9.827222649533e-05  -1.031619966622e-05   2.542275434581e-02   1.441132385680e-06  -3.264981087444e-05   1.183835977694e-05  -7.720846865202e-04   2.321883502737e-07   1.347471335958e-02   1.904453201891e-03  -1.410647873086e-02  -1.964249549262e-06  -8.144208949153e-03  -3.022658521737e-08  -9.454089479424e-08   2.219692919624e-07   3.260956803868e-07  -7.526935521708e-07  -1.069612155669e-06   3.362819374449e-06   1.245440071024e-05  -1.921022466389e-07   2.246996532675e-04   3.728671111952e-09  -1.602015720906e-06   1.868713680396e-03   3.096576864712e-08   4.208155447161e-06  -4.736974526327e-03  -8.511826784537e-08   2.477427999845e-06  -2.291597831255e-03  -8.934172454149e-08  -4.375365363629e-06   4.265666327445e-03   1.803796319616e-07  -3.979182062491e-06   9.070975670071e-03   6.370132228502e-08   6.856716124240e-06   2.619734719191e-03   1.475398247872e-08  -1.461054072459e-03  -2.844851805102e-05   2.098121509310e-04   2.798517222761e-08   1.225638179686e-04  -1.232492237719e-04  -6.652794027899e-06   4.951653914999e-05   6.290404465393e-08   2.790885713476e-05   2.174903177688e-05   6.986067059066e-06   3.202374870522e-04  -1.561342902999e-07   2.715450821769e-03  -3.335621995440e-07   5.352703468006e-06   4.474925377878e-08  -2.683366830499e-06   1.774353796093e-03   2.964271294861e-03   1.167133348260e-02  -3.938872349230e-03  -2.733856992084e-02  -8.180121609617e-03   1.796341146682e-02  -5.556268733326e-03  -4.212964658290e-02   5.020130663898e-03   1.168341692283e-02  -5.171298801647e-03  -2.643916336195e-02   9.600960973509e-03  -5.780903884829e-04  -5.110339780018e-04   9.487711286825e-04   1.918437893084e-04  -4.725093260775e-04  -2.037859014290e-03   1.579787991114e-03  -5.955346431867e-04  -3.812299223474e-03  -6.369136596809e-03  -2.505822411114e-02  -5.568427740074e-02  -2.561830862892e-03   1.758056831213e-02  -3.856236343069e-02  -8.528207140101e-02  -3.947271525626e-03  -1.080544706508e-02  -2.505058626105e-02  -5.514453074715e-02  -2.474874225700e-03  -2.051017841851e-02   1.226193137424e-03   1.257446922660e-03   8.823678089844e-05   3.189307153500e-03   3.201630613134e-04  -2.334457196123e-03   1.483701710657e-04  -2.588749940233e-03   2.031191242372e-03   3.393361718087e-03   1.336223285357e-02  -8.391538399702e-03   2.990627799353e-02  -9.364535692267e-03   2.056555130883e-02  -1.241714043258e-02   4.608553891909e-02   5.749627122549e-03   1.337288591896e-02  -9.473583536656e-03   2.891653996486e-02   1.098074356016e-02  -6.607979954262e-04  -3.586387204217e-04  -1.037261897107e-03   4.495353323497e-04   1.015307416562e-03  -2.023637540937e-03  -1.729348348911e-03  -5.042854047631e-04
  -6.890176635809e-07  -8.029024009517e-07   2.640160174404e-06  -1.821571360001e-06   4.852309815380e-02   5.104052408147e-06   3.113411439919e-06  -2.401043849585e-06   9.154176901303e-02  -1.466401932706e-05  -2.992505429683e-06   1.470555264680e-06   2.546065121172e-02  -4.091960568499e-06   1.403075980484e-06   2.315816406064e-07  -7.656244872511e-04  -1.963319264914e-06  -1.627964990813e-02  -1.650418046511e-03   1.344868069269e-02  -9.503760009039e-04  -2.540195864710e-08  -8.244736295416e-08   2.202785639946e-07   2.469992290264e-07  -4.482007261384e-07  -8.797516313906e-07   1.722392444824e-06   1.650687579247e-06   9.170938192683e-08   3.755330954138e-09   2.250825125842e-04   7.660633481407e-07   3.118208455792e-08   1.871915383843e-03  -1.964948002215e-06  -8.561078449796e-08  -4.745381710497e-03  -7.427038580856e-07  -8.991308056986e-08  -2.295402427991e-03   1.454893637793e-06   1.815265365340e-07   4.273082755639e-03   5.015242088775e-06   6.351712578923e-08   9.087619644528e-03   3.235613672652e-06   1.468111598796e-08   2.626364665860e-03   2.788630264568e-08   2.421353012236e-04   2.452909474416e-05  -1.460105183443e-03   1.408931458690e-05   6.309509563629e-08   5.684348346859e-05   5.809279381696e-06  -1.223509630553e-04   3.223102193669e-06   2.413701995549e-06   8.880939842496e-07  -1.557740380185e-07   3.169609586402e-04   4.453401344102e-08   4.782423420472e-06   6.061458080987e-07   2.718709251698e-03   1.711733134992e-07   3.364748290480e-03   5.621364654596e-03   2.214318365115e-02  -2.735016091837e-02  -4.136798814600e-02  -1.551376423627e-02   3.408015364796e-02  -4.214795500337e-02  -6.323596895910e-02   9.499647077532e-03   2.216907013251e-02  -2.645655500649e-02  -4.138104443039e-02   1.820119211609e-02  -1.090754122880e-03   9.447740966369e-04   7.797614922248e-04   1.579818959563e-03  -2.860273372784e-03  -1.376887082612e-03   2.353748168708e-03   3.064839032760e-04  -1.475571267665e-04  -2.465306135726e-04  -9.709880379986e-04  -2.564061552821e-03   1.043124375494e-02   6.805873375250e-04  -1.494180656010e-03  -3.950725482029e-03   1.659030365129e-02  -4.172738769063e-04  -9.708395748893e-04  -2.477896178447e-03   8.728276351601e-03  -7.945436788762e-04   4.760924156319e-05   8.775091278303e-05  -1.020651721271e-03   1.484005430253e-04  -1.614308579172e-03  -1.995061537150e-04  -6.394771372763e-04  -1.631555806918e-04  -3.218206808440e-03  -5.376567259114e-03  -2.118232129102e-02   2.992009903506e-02  -3.690151944123e-02   1.483874798156e-02  -3.260067043888e-02   4.610730247695e-02  -5.635099105390e-02  -9.090276223328e-03  -2.120208146637e-02   2.893695179917e-02  -3.705133935399e-02  -1.739432627412e-02   1.042424487172e-03  -1.032747700624e-03   6.223766928050e-04  -1.729409979778e-03  -2.916578446206e-03   8.265571640095e-04   2.097217761741e-03  -5.744779147755e-04
  -2.698170268541e-02  -4.556016727079e-02  -4.583521581305e-02  -5.455783603046e-05  -8.035670043876e-06   1.284501722834e-01  -8.435780880013e-02  -9.827222649533e-05  -1.466401932706e-05   1.728004353761e-01  -3.756592737070e-02  -1.464624281621e-05  -8.090879598873e-07   1.310355457437e-03  -1.922155783001e-04   9.948847511287e-06   2.165338426461e-06  -1.471125822621e-05   1.055609514583e-06  -7.821514119355e-03  -3.473291749449e-06   1.358794155921e-02   2.690005925669e-04   8.633323536422e-04  -2.222297269375e-03  -3.740379951952e-03   8.919825719601e-03   5.808264042298e-03  -1.559402276582e-02  -4.776164798552e-02   3.975444413539e-03   1.526647847576e-06   3.130274955445e-07   3.295512007282e-02   1.275316240330e-05   2.619317249308e-06  -8.086401499877e-02  -3.296067870389e-05  -6.840422094354e-06  -3.749260503212e-02  -1.402882394175e-05  -2.844615467394e-06   6.880670347992e-02   2.527698856626e-05   5.037545741202e-06   1.552988394989e-01   6.847679537408e-05   1.454175328704e-05   4.548988128114e-02   1.576056268306e-05   2.729751150666e-06  -1.797918530083e-05   6.524875241321e-08   1.455748038371e-02  -4.400363724709e-06  -2.523301491003e-02  -3.981596416169e-06   6.881887437526e-09   3.202543472511e-03  -1.079374696015e-06  -5.553871676007e-03  -6.557773349152e-03   3.212095408909e-04  -4.407195216765e-06  -9.268898638736e-07   2.146837319012e-05  -9.937437053225e-08  -1.249147197065e-02   4.688197888763e-06   2.163604118284e-02   1.272128268055e-02   2.146363528957e-02   1.000941422750e-02   7.296452918652e-03   1.384569603865e-02  -6.483507702810e-02   1.485023789774e-02   1.131329112307e-02   2.146841062010e-02  -6.941492584301e-02   2.097689508545e-02   5.086872539932e-03   9.653894550865e-03  -2.058774981655e-02   1.309656725748e-02  -3.664632232538e-03  -6.941943238238e-03  -7.190409580968e-04   8.675301401322e-04   4.238180020500e-04  -1.364254232257e-03   4.556022148876e-04   1.273120546822e-02   2.148018778120e-02   1.001305285311e-02  -1.557571799982e-02  -6.054104884242e-04  -6.488196650471e-02   1.485715356008e-02  -2.415252041051e-02  -9.387544312409e-04  -6.944897526248e-02   2.098724728221e-02  -1.084201323143e-02  -4.227603652964e-04  -2.059332659540e-02   1.310713706223e-02   7.838639747332e-03   3.019546678636e-04   1.540028267478e-03   8.099817141121e-05  -9.964754285033e-04   5.965925433490e-05  -3.592820049247e-04   1.272267191561e-02   2.146592854894e-02   1.000744693975e-02   8.343157750111e-03  -1.323156215999e-02  -6.484135565034e-02   1.484742214676e-02   1.293633906859e-02  -2.051626478162e-02  -6.941946468830e-02   2.097614434241e-02   5.815155257070e-03  -9.225720910214e-03  -2.058692104387e-02   1.309820743075e-02  -4.192192134834e-03   6.632929183951e-03  -8.227328338677e-04  -9.480528082680e-04   3.004638842090e-04   1.304256014857e-03   3.855270335550e-04
   4.308565677558e-03   6.971863743653e-03   2.261825162644e-02  -3.323340825352e-06  -1.259016922739e-06  -1.757269885330e-02   4.206759188645e-02  -1.031619966622e-05  -2.992505429683e-06  -3.756592737070e-02   2.062841194358e-02   1.165335129216e-06   1.748511288552e-07  -1.703499589988e-02   6.643952696019e-03   4.629790046788e-06   8.293225781149e-07  -7.511491484056e-06   1.456830022034e-07   1.743606310736e-03  -1.417347878774e-06  -3.019591520605e-03  -4.510765700135e-04  -1.474468654881e-03   4.027190114438e-03   5.277932868953e-03  -1.069224016444e-02  -1.227209828306e-02   2.171223317756e-02   2.823804168269e-02  -1.345390554821e-03  -4.236960018481e-07  -2.063293921282e-08  -1.116502071650e-02  -3.548754439318e-06  -1.782192439453e-07   2.767608513320e-02   9.360527885052e-06   5.636279505732e-07   1.302142988320e-02   4.002515525476e-06   2.107036056659e-07  -2.423744604027e-02  -7.418405125629e-06  -3.070211194234e-07  -5.281963445104e-02  -1.996498122831e-05  -1.502735518323e-06  -1.520663281069e-02  -3.247260649208e-06   1.031305343530e-06   4.754066243732e-06  -4.802935104061e-07  -4.664889586580e-03   5.227814263390e-07   8.075596371797e-03   8.602316440353e-07  -1.766865336979e-07  -9.601994099952e-04   2.223958137364e-08   1.661485182962e-03   1.389280217746e-02   3.641828423631e-03   2.068627889766e-06   4.612457946815e-07  -6.408335704379e-06  -5.137062910180e-08   4.026108928960e-03  -1.281598614467e-06  -6.975104551822e-03   1.107029644929e-03   1.831587384596e-03   3.816244437728e-03   3.966830366022e-03   7.521424114982e-03  -5.259792829395e-03   5.985646064259e-03   6.053753096330e-03   1.147814452038e-02  -4.203782645153e-03   3.078018510021e-03   4.714504175424e-03   8.937234044062e-03   5.339526370619e-03  -4.713866866153e-03   7.918205359684e-04   1.502347261312e-03   2.695545418152e-04   4.824224112360e-04   6.504411215436e-04   5.112145501605e-04  -4.658007380084e-04   1.111448491563e-03   1.838850809654e-03   3.751334841542e-03  -8.462571768769e-03  -3.269049171866e-04  -5.280494503984e-03   5.887687394008e-03  -1.291427757307e-02  -4.988486323646e-04  -4.228317575750e-03   2.985863923391e-03  -1.003894541170e-02  -3.875490316129e-04   5.346485491114e-03  -4.726988373952e-03  -1.693486425142e-03  -6.544718470495e-05  -5.762001882019e-04   4.523159225994e-05  -1.405073925711e-04  -2.231725739735e-05  -9.224814395547e-04   1.108234792605e-03   1.833575020085e-03   3.803668000993e-03   4.536991758038e-03  -7.186280405119e-03  -5.265572982613e-03   5.966627791016e-03   6.923868532905e-03  -1.096666522336e-02  -4.210649027053e-03   3.060783244197e-03   5.390340092006e-03  -8.535841893384e-03   5.339145361967e-03  -4.715871577725e-03   9.054197096636e-04  -1.435050794945e-03   3.081563934048e-04  -5.278373989955e-04   5.824067934962e-04  -4.883157313806e-04  -5.051848431969e-04
  -1.345611312082e-06  -3.091314369305e-06  -7.435455365179e-07   1.331697814520e-02   7.812908047845e-07   1.669975526459e-05  -2.841803300303e-06   2.542275434581e-02   1.470555264680e-06  -1.464624281621e-05   1.165335129216e-06   1.963773399609e-02  -1.305195256462e-06  -1.311183364075e-05   6.704610289398e-06   2.184215523459e-03  -1.777854923344e-07   2.914503484939e-04   1.393258375602e-04  -1.039924848733e-03   2.084074655323e-07  -5.970033429363e-04  -2.385162929491e-07  -7.824211872676e-07   2.164437552581e-06   2.700898348241e-06  -5.341630166731e-06  -7.406339657464e-06   1.017759387982e-05   1.970529714940e-05  -6.512921232806e-07   1.409408345286e-03  -1.069021281257e-07  -5.227485138294e-06   1.174034118877e-02  -8.837300565845e-07   9.566617317181e-06  -2.986107763286e-02   2.115932192773e-06   4.696929500183e-06  -1.291262647704e-02   9.081788849188e-07  -8.541147814464e-06   2.558500842371e-02  -1.765330556880e-06  -1.096260050884e-05   6.059247352446e-02  -4.167633889000e-06  -3.329296650503e-06   3.408509362902e-02  -2.301294376430e-06  -7.433626715695e-03   4.005532338410e-04  -2.976232501384e-03   1.380346782497e-06  -1.699538328485e-03  -2.543299904934e-03   1.494183025502e-04  -1.110075745880e-03   5.072477214686e-07  -6.342186950031e-04   1.205535414508e-05   2.273195925203e-06   1.990706100408e-04  -7.442026269553e-08   2.073799483425e-03  -1.061319116583e-05   7.844827414304e-05   2.289597616440e-08   4.670447983198e-05  -1.039604919743e-03  -1.773587491084e-03   4.469921932800e-03   7.263753814125e-03  -9.190292407026e-03   5.476891291883e-03   6.838595106747e-03   1.134601125198e-02  -1.419202903964e-02   9.173890848090e-03   4.442526103675e-03   8.836469120179e-03  -8.521824443136e-03   6.188625298585e-03  -1.084132484680e-03  -4.847904805072e-04   1.537664823061e-03  -1.371657608915e-04   1.857929912133e-04  -6.925616343104e-04   5.548084689347e-04  -3.915447927084e-04   2.217649987524e-03   3.783749383445e-03  -9.558643558244e-03  -1.013452046010e-02  -8.590616323153e-04  -1.168804023761e-02  -1.462395848284e-02  -1.551921708116e-02  -1.326627442794e-03  -1.963620137647e-02  -9.482576119463e-03  -7.289048460587e-03  -7.948323018005e-04  -1.325818303096e-02   2.325345475307e-03   2.422019710453e-03   1.442666098174e-04   9.140909678954e-04   8.221625695983e-05  -5.380307377533e-04   5.201677457443e-05  -3.282187884439e-04  -1.189560114664e-03  -2.029398085977e-03   5.113205463761e-03   5.759298654053e-03   1.004637626381e-02   6.266731789097e-03   7.822833484464e-03   9.023169789823e-03   1.551411640722e-02   1.049890038682e-02   5.079792539154e-03   7.438171668411e-03   9.311779367605e-03   7.082420497866e-03  -1.241145406188e-03  -2.350720891778e-04  -1.682960490085e-03  -4.673395193269e-05  -7.533653179287e-06  -6.991834879783e-04  -6.069854250533e-04  -3.943888184118e-04
  -7.232027846958e-07  -1.403389630050e-06  -4.711696456108e-07   7.659710012735e-07   1.333727855385e-02   5.571401638928e-06  -1.078756065429e-06   1.441132385680e-06   2.546065121172e-02  -8.090879598873e-07   1.748511288552e-07  -1.305195256462e-06   1.962613730589e-02  -1.048305107391e-06   9.265462229822e-07  -1.761302807295e-07   2.182916990860e-03   2.000530061526e-07  -1.216700945434e-03  -1.244116151632e-04   2.948542596794e-04  -7.092026972311e-05  -1.226635955793e-08  -3.954463895397e-08   1.034113803186e-07   1.129302587628e-07  -2.163255123910e-07  -5.210664582336e-07   4.767606958249e-07   2.615025298823e-06  -8.894086782467e-08  -1.068198592451e-07   1.407913248793e-03  -6.943144160269e-07  -8.830415703224e-07   1.172803390469e-02   8.866102193297e-07   2.114109241705e-06  -2.983263415237e-02   4.975360754531e-07   9.072976368718e-07  -1.290047588767e-02  -8.859610968335e-07  -1.763603003067e-06   2.556146224731e-02   2.053760752536e-07  -4.164188105539e-06   6.053767933679e-02  -1.786730491234e-07  -2.299071408375e-06   3.405353901443e-02   1.380394085571e-06  -3.430151265971e-03  -3.493111113765e-04  -7.412998732524e-03  -1.978508078598e-04   5.073450005767e-07  -1.279467040342e-03  -1.302922294198e-04  -2.535580838412e-03  -7.380270241935e-05   1.216189764713e-06   5.980505660878e-08  -7.480105930077e-08   1.972125905340e-04   2.290830193014e-08   9.368686479176e-05   9.153275084134e-06   2.076546810834e-03   6.186364470207e-06  -1.962323790200e-03  -3.348311876908e-03   8.491981046890e-03  -9.200006856487e-03  -5.339145969973e-03   1.034425743101e-02   1.299192047282e-02  -1.420749434907e-02  -8.116386972320e-03   1.736011307869e-02   8.445082317374e-03  -8.534153237297e-03  -2.855511914886e-03   1.173251824603e-02  -2.053281443112e-03   1.537051932197e-03   1.617301210626e-03   5.557966117763e-04  -6.912710515535e-04   4.771317168128e-06   6.238244768222e-04   1.909636597467e-05   8.470815890696e-05   1.445945634154e-04  -3.711314138471e-04  -8.614793149677e-04   1.201569800190e-02  -4.472007610363e-04  -5.677917843640e-04  -1.330442050070e-03   1.868724583842e-02  -7.557203694834e-04  -3.685854847758e-04  -7.979455047273e-04   1.320924660725e-02  -5.128738583943e-04   8.994867020726e-05   1.440233564225e-04  -1.302013166644e-03   5.223605628392e-05  -8.557856327956e-04  -7.861302075337e-05  -4.282134907346e-04  -4.615284340135e-05   1.874661513988e-03   3.198788958517e-03  -8.117076314074e-03   1.005854924292e-02  -3.840356848367e-03  -9.882802317383e-03  -1.241845226292e-02   1.553345920147e-02  -5.801558628097e-03  -1.659439549078e-02  -8.069283184853e-03   9.327269399240e-03  -1.465371018168e-03  -1.121806890821e-02   1.964100962871e-03  -1.682099470905e-03   1.365988663100e-03  -6.081935767048e-04  -6.833300743811e-04  -1.522519327467e-04   5.333718512471e-04  -1.032918991601e-04
