ARMA_MAT_TXT_FN008
58 58
  -1.760845256276e+01  -2.202715113105e+01   3.253211441345e-02  -3.333143193349e-06  -2.148185474726e-07  -8.150944316361e+00   1.667607821639e-02  -2.479244849564e-06  -9.969782131364e-08  -3.531720520257e+00   7.222320654796e-03  -9.305159607475e-07  -4.733488264228e-08  -1.596518899205e+00   2.581214367729e-03  -2.050972853417e-07  -2.151621444175e-08   2.237196995648e-06   3.686598580649e-11   5.503082768889e-03   1.337123740556e-08  -1.189530916644e-03  -2.356354259793e-03  -7.986162042937e-04  -7.797759497444e-02   2.049873939983e-05   3.250452995403e-07  -5.101787070494e-01  -1.508003582813e+00   3.842234112713e-04   6.442743427095e-06  -1.123788550424e+00  -1.919276272321e+00   4.885848019075e-04   8.202403341164e-06  -7.840707017259e-01  -7.455181365154e-01   1.897903072081e-04   3.184126787676e-06   8.793667379038e-04  -3.774939229471e-09   9.975840148906e-01   1.479987711073e-05  -1.728689471417e+00   2.796795231274e-05  -4.610450980593e-02  -4.228608366449e-01  -5.058444311728e-01  -3.221891069079e-03   1.645228710874e-03  -1.001184995441e-08   2.888714721560e-05  -4.583972950876e-02  -4.220591905056e-01  -5.055047024764e-01  -3.192727513231e-03  -1.627175668862e-03  -9.874932774732e-09
  -2.202715113105e+01  -1.653938596973e+01   3.064478155071e-02  -3.549961524082e-06  -1.978530948636e-07  -7.399357879622e+00   9.508944252704e-03  -1.899032546495e-06  -4.992792923428e-08  -3.321348750524e+00   3.178442944869e-03  -4.725333593578e-07  -1.874143209474e-08  -1.513446149322e+00   6.156547725889e-04   1.364849783573e-07  -8.459605446787e-09   1.750351890424e-06   5.784742438962e-11   6.356711424335e-03  -4.728078018699e-09   8.793828235242e-04  -1.856858381999e-03  -6.447435163890e-04  -7.819572245128e-02   2.091933124944e-05   3.272338565991e-07  -4.897617990165e-01  -1.433897437274e+00   3.657085609802e-04   6.128890107836e-06  -1.064443958260e+00  -1.812420299088e+00   4.614918334776e-04   7.748491775419e-06  -7.444462252204e-01  -7.079255483522e-01   1.802211821494e-04   3.024960765537e-06   8.324950064989e-04  -3.583247867977e-09   9.448345380389e-01   1.402776548423e-05  -1.637462054482e+00   3.299742830099e-04  -4.430884486118e-02  -4.015375171952e-01  -4.804858267915e-01  -3.078687616911e-03   1.341900172085e-03  -5.002137950566e-09   3.302433953211e-04  -4.405375605752e-02  -4.007776208904e-01  -4.801631589213e-01  -3.049773547174e-03  -1.324797573419e-03  -4.881427210471e-09
   3.253211441345e-02   3.064478155071e-02   1.612927191503e+00   1.812391048929e-05  -2.395871365166e-07   3.298370686683e-02  -9.008576117812e-01   2.384455953459e-05  -1.289694777680e-07   2.365784962508e-02  -7.804756742989e-01   5.443722656839e-06  -1.299156446365e-07   3.530654669328e-03  -2.951081528913e-01  -5.454015014778e-06  -1.310440884041e-07  -3.282576914364e-05   9.778860470046e-11  -6.127927577201e-02  -6.521774370036e-07   1.092310155797e-01   2.014622979460e-02   1.967902295341e-02   3.691960289040e-01  -1.359764150368e-04  -1.885063978426e-06   3.655224322313e-01   5.506047258711e-01  -2.247312795999e-04  -3.366989822797e-06   2.303052436266e-01   1.044298246096e-01  -1.064408746221e-04  -1.623375777180e-06   5.040462871366e-02  -5.989190488369e-02  -1.898187362230e-05  -2.945537798529e-07  -2.737312753939e-04   1.713953665312e-09  -1.906507340373e-01  -4.728614210580e-06   3.424436040135e-01  -7.387109380409e-03   4.476865276564e-02   9.547100767225e-02   3.869701858636e-02   3.296474038368e-02  -7.088464933933e-03  -8.041263425766e-08  -7.404182946901e-03   4.457341857067e-02   9.539508107557e-02   3.871386660021e-02   3.280000865396e-02   6.976944183877e-03  -8.078797481459e-08
  -3.333143193349e-06  -3.549961524082e-06   1.812391048929e-05   1.552791409333e+00   8.476096731526e-10  -1.779969903719e-05   2.195957746187e-05  -9.282056395086e-01   7.845431010230e-10  -5.332749259838e-06  -2.678381875009e-06  -8.003757990629e-01   3.649635322403e-10   5.782676293988e-06  -7.583349662382e-06  -3.161438837360e-01   1.163980030207e-10   5.497352745128e-02  -2.963625569756e-07   1.317384506424e-05   2.962155802067e-10   1.390392323991e-06  -6.729426421727e-06  -4.453780932616e-06  -1.225283418154e-04  -6.437956750362e-02  -4.573830790559e-11  -7.610087104091e-05  -2.131877807836e-04  -2.255773117715e-01   3.228444021700e-10  -4.904166849911e-05  -9.170529063118e-05  -2.635161369523e-01   2.067222792219e-10  -1.054100191256e-05  -7.703140418759e-06  -1.210779825736e-01   4.882401479543e-11  -4.158778281204e-01   1.414742076925e-06   5.596715643528e-05   1.810747893622e-09  -3.241880032195e-04   1.268968265985e-02  -1.795465606792e-02  -5.062440598699e-02  -2.381352205399e-02  -2.194212156868e-02   6.569952038306e-03  -9.270752355077e-08  -1.270319676725e-02   1.780265927631e-02   5.049460799170e-02   2.378331627609e-02   2.181585644937e-02   6.531324544313e-03   9.196176229599e-08
  -2.148185474726e-07  -1.978530948636e-07  -2.395871365166e-07   8.476096731526e-10   1.716887824963e+00   3.445685366042e-09  -8.905933173731e-08   7.654837226919e-10  -7.654497278084e-01  -1.318575670187e-07   1.118877128503e-07   2.352292210565e-10  -7.235947189770e-01  -2.356061588392e-07   1.601751723571e-07  -1.193313382490e-10  -3.029221929555e-01   2.371288661321e-10  -1.891198977830e-05  -3.278069879797e-07   7.521449338159e-02  -1.169950680646e-07  -4.417163607010e-08  -8.493579137933e-08  -1.668817393025e-06  -2.426288489132e-11  -1.212977413897e-01  -1.904671854853e-06  -2.979823507458e-06   1.749827008711e-10  -2.871073108813e-01  -1.366317936348e-06  -1.422087180656e-06  -1.188784129455e-10  -2.989372248008e-01  -5.202424876541e-07  -2.575987481633e-07  -1.811496157621e-10  -1.360987395438e-01   1.654678387059e-09   9.129217557141e-05   3.348577513349e-06  -3.682360532885e-01  -2.765175750388e-06   2.532825779622e-07   4.731103951854e-07   3.838286243597e-07   4.030111409121e-08   3.473034169787e-07  -3.592536710305e-07  -2.294127513585e-02   2.531740081967e-07   4.724602797733e-07   3.834388805650e-07   4.029397901539e-08   3.466609223746e-07   3.577939901840e-07  -2.287057913698e-02
  -8.150944316361e+00  -7.399357879622e+00   3.298370686683e-02  -1.779969903719e-05   3.445685366042e-09  -3.909501900252e+00   1.266675093887e-01  -4.331470055414e-05  -3.547107054978e-07  -2.496777259563e+00   1.031384873229e-01  -2.935705573684e-05  -3.649511909114e-07  -1.417963385279e+00   3.167083353153e-02  -7.112513571303e-06  -1.452792284810e-07   5.042164706262e-05  -1.609348425287e-10   6.204730766914e-02   8.282468327023e-07  -9.886163324957e-02  -1.311643928274e-01  -1.433613949166e-01  -4.039527978688e-01   1.182234071240e-04   1.605502826674e-06  -6.876632076771e-01  -1.250239416670e+00   3.337185964986e-04   5.208152239313e-06  -1.043822391140e+00  -1.485701278415e+00   3.848654633734e-04   6.263968400178e-06  -7.609361501484e-01  -6.763769814612e-01   1.736916721506e-04   2.854035916647e-06   5.066935748682e-04  -2.376648717351e-09   5.693037538695e-01   8.640104853789e-06  -1.002723441989e+00   1.305241295276e-05  -1.081613951786e-01  -4.401771424605e-01  -5.037543882175e-01  -5.868495547411e-02   2.718969060193e-02  -1.580280919110e-07   5.849988203585e-05  -1.077159683179e-01  -4.394452021744e-01  -5.034336458999e-01  -5.839043769508e-02  -2.697597811498e-02  -1.564222507625e-07
   1.667607821639e-02   9.508944252704e-03  -9.008576117812e-01   2.195957746187e-05  -8.905933173731e-08   1.266675093887e-01  -1.468563069357e-01   6.139019344043e-05   6.249036769609e-07   2.043409812046e-01  -6.119188015364e-01   5.335583936875e-05   7.569020505890e-07   1.369592337844e-01  -3.735330597492e-01   1.640111812471e-05   2.637506432963e-07  -9.775072007766e-05   3.259909084252e-10  -1.532594165394e-01  -1.754287549371e-06   2.727593265434e-01   4.310220081131e-01   4.681317960738e-01   5.227985411639e-01  -2.019015985510e-04  -2.852477173636e-06   6.225062678168e-01   4.009930705174e-01  -1.914086954710e-04  -2.736934239752e-06   4.029469259978e-01   1.378514606364e-01  -1.133436400894e-04  -1.717517310737e-06   1.527483646097e-01  -3.448555496226e-02  -2.992791630958e-05  -4.718266163150e-07  -2.426099231153e-05   2.238480950999e-10   4.523984820484e-02  -3.844582696944e-07  -6.332402822450e-02   1.193368040054e-02   1.363652274810e-01   1.952514144616e-01   1.132004893856e-01   1.204644067106e-01  -6.874875337254e-02   4.879065931532e-07   1.179260400253e-02   1.359824155703e-01   1.950979554998e-01   1.131935568844e-01   1.200701931733e-01   6.831441992849e-02   4.844950076180e-07
  -2.479244849564e-06  -1.899032546495e-06   2.384455953459e-05  -9.282056395086e-01   7.654837226919e-10  -4.331470055414e-05   6.139019344043e-05  -1.686917668133e-03   5.113214790512e-10  -5.198138629892e-05   4.579785259253e-05  -4.295156277198e-01   8.358758739980e-11  -2.836547969733e-05   1.481000951608e-05  -3.042905469838e-01  -1.442514182807e-11   1.203309713941e-01  -5.736961540829e-07   3.635346472614e-05   5.374258330381e-10  -3.923191451670e-06  -1.111873865877e-04  -1.181252348870e-04  -1.838614394215e-04  -1.583895710290e-01   1.473982303133e-10  -1.388315678936e-04  -1.779041041413e-04  -2.436479578119e-01   9.304401800813e-11  -9.228534482245e-05  -9.792746800048e-05  -2.567103045382e-01   1.762454465099e-10  -3.720415994715e-05  -1.757048488407e-05  -1.377831009354e-01   7.282566331931e-11  -2.247810522771e-01   5.930658310370e-07  -1.021811441376e-06   4.247817818118e-10  -1.199568847945e-04   1.476311753614e-03  -4.677331133139e-02  -6.028825317855e-02  -2.834103258922e-02  -6.525385539625e-02   2.111469201048e-02  -3.722415091035e-07  -1.570598931770e-03   4.652512908908e-02   6.011079118877e-02   2.827097455640e-02   6.495021885981e-02   2.098298732049e-02   3.699202616366e-07
  -9.969782131364e-08  -4.992792923428e-08  -1.289694777680e-07   7.845431010230e-10  -7.654497278084e-01  -3.547107054978e-07   6.249036769609e-07   5.113214790512e-10   1.499340610965e-01  -9.374270961986e-07   1.028238555300e-06  -5.999003891263e-11  -3.644587364792e-01  -8.948726928084e-07   6.188376206731e-07  -3.054622416883e-10  -3.003817866821e-01   4.780684750904e-10  -3.855730628498e-05  -4.510256479164e-07   1.476101692228e-01  -5.214063308758e-07  -1.794451032023e-06  -2.013012464277e-06  -2.728482896413e-06   2.141944313480e-10  -2.322102486663e-01  -3.188600324333e-06  -2.443618895402e-06  -4.856371272046e-11  -3.295032314601e-01  -2.278063236867e-06  -1.561037289131e-06  -2.223830298628e-10  -3.124105480775e-01  -1.075437288469e-06  -4.550119058460e-07  -2.206084253776e-10  -1.622923808158e-01   3.523647879941e-10   4.295222056409e-05   8.900471054572e-07  -1.826148581614e-01  -2.410671928421e-07   4.471937697012e-07   6.338653926357e-07   1.044751232518e-07  -2.633622084332e-07   6.610702564001e-07  -6.126709575634e-07  -4.345308033995e-02   4.464649944503e-07   6.333231407257e-07   1.046267289296e-07  -2.632047955479e-07   6.596709585266e-07   6.102068682341e-07  -4.330067252480e-02
  -3.531720520257e+00  -3.321348750524e+00   2.365784962508e-02  -5.332749259838e-06  -1.318575670187e-07  -2.496777259563e+00   2.043409812046e-01  -5.198138629892e-05  -9.374270961986e-07  -1.651252285456e+00   3.709109022416e-01  -1.059442928630e-04  -1.615871593183e-06  -1.044214559730e+00   2.255842341007e-01  -6.969880685555e-05  -9.159524850589e-07   7.180782726367e-05  -2.809484509417e-10   8.266881702069e-02   1.209847819428e-06  -1.401350616068e-01  -8.323916767089e-01  -7.924411683750e-01  -3.466532458275e-01   6.459691611228e-05   1.499232315850e-06  -9.343365361078e-01  -8.065066340745e-01   1.560561053148e-04   3.701485882950e-06  -9.772870787935e-01  -8.877141541485e-01   1.966331304964e-04   4.040689161402e-06  -6.631247180049e-01  -4.224655741154e-01   9.863393343233e-05   1.897373732950e-06   3.358898958523e-04  -3.648102927134e-11   3.721993308477e-01   5.015702411631e-06  -6.193997557213e-01  -8.714736649066e-02  -2.573735176416e-01  -4.806410153551e-01  -4.632949295367e-01  -1.343601666812e-01   1.294113758952e-01  -1.492571958648e-06  -8.686075659819e-02  -2.567683867727e-01  -4.800482551412e-01  -4.630533675118e-01  -1.341318060891e-01  -1.288788635785e-01  -1.486126746937e-06
   7.222320654796e-03   3.178442944869e-03  -7.804756742989e-01  -2.678381875009e-06   1.118877128503e-07   1.031384873229e-01  -6.119188015364e-01   4.579785259253e-05   1.028238555300e-06   3.709109022416e-01  -5.533715406462e-01   1.556447186828e-04   2.282871020416e-06   3.900905896901e-01  -4.461026835445e-01   1.158928331924e-04   1.308846219103e-06  -9.208486058371e-05   3.547022609437e-10  -1.300572944911e-01  -1.613335085513e-06   2.379341174513e-01   1.809497131815e+00   1.688627556342e+00   2.563682593569e-01  -6.351948394105e-05  -2.474852298757e-06   1.186500471003e+00   1.306152719233e-01   2.921525311042e-05  -2.590831856580e-06   7.506564039411e-01  -9.966077417351e-03   2.837885712340e-05  -1.493439872750e-06   3.927012918829e-01  -1.849869581205e-02  -2.750623797790e-06  -6.716181427262e-07  -1.130209517770e-04  -3.089353724526e-09  -1.126777826414e-01  -3.878523084546e-07   8.997451603085e-02   2.005291890847e-01   4.165689079509e-01   4.481746805005e-01   3.033327348495e-01   1.884652499620e-01  -2.621368075265e-01   3.224140687189e-06   2.000544830055e-01   4.159285085116e-01   4.479053504537e-01   3.032703712330e-01   1.884547008115e-01   2.612241588913e-01   3.212154048001e-06
  -9.305159607475e-07  -4.725333593578e-07   5.443722656839e-06  -8.003757990629e-01   2.352292210565e-10  -2.935705573684e-05   5.335583936875e-05  -4.295156277198e-01  -5.999003891263e-11  -1.059442928630e-04   1.556447186828e-04  -2.382879422390e-02  -4.271590375960e-10  -1.186186486613e-04   1.148103261611e-04  -8.382170889964e-02  -2.102016045222e-10   9.281663088362e-02  -4.418003133535e-07   3.113348550962e-05   4.357200542725e-10  -8.754040003394e-06  -4.618761158772e-04  -4.307531564365e-04  -1.199148021297e-04  -2.531159482815e-01   9.114313136257e-10  -3.327504963513e-04  -8.683554574083e-05  -2.496037644340e-01   1.441814698769e-09  -2.245544984049e-04  -3.897967483441e-05  -1.562012557411e-01   8.927016907329e-10  -1.199636770955e-04  -2.063841269503e-05  -9.291812678082e-02   3.310480101301e-10  -3.986463590562e-02   9.355935150038e-07   6.891830455085e-05  -1.288459316214e-10   1.777866796865e-05  -9.285516082054e-02  -1.096048353089e-01  -5.981132537142e-02  -2.340892048901e-02  -7.290262768585e-02   3.160764923902e-02  -1.043514450766e-06   9.249591177874e-02   1.092304483459e-01   5.952488467658e-02   2.322275913674e-02   7.280256582909e-02   3.137023418182e-02   1.038544295986e-06
  -4.733488264228e-08  -1.874143209474e-08  -1.299156446365e-07   3.649635322403e-10  -7.235947189770e-01  -3.649511909114e-07   7.569020505890e-07   8.358758739980e-11  -3.644587364792e-01  -1.615871593183e-06   2.282871020416e-06  -4.271590375960e-10  -5.181212497471e-03  -1.709282852006e-06   1.491524618777e-06  -3.587117710510e-10  -8.435306008360e-02   4.224304279590e-10  -3.043352594614e-05  -2.997743408016e-07   1.160435073331e-01  -5.446523975035e-07  -7.707640896410e-06  -7.229289184432e-06  -2.176957550800e-06   5.697424780103e-10  -2.803322812887e-01  -5.170950589706e-06  -1.663039668272e-06   6.213650525888e-10  -2.679861182558e-01  -3.206137711485e-06  -7.160474118324e-07   1.899420233470e-10  -1.663818480575e-01  -1.695996709435e-06  -3.827004051030e-07   9.279004676958e-14  -1.005454034548e-01   1.947075117549e-10   1.532363201973e-06   5.280683428412e-07  -6.149443082129e-02  -7.999570104498e-07   8.210807738333e-07   1.973056988920e-07  -8.344634648157e-07  -8.950471319318e-07   2.785296482628e-07  -3.391350949058e-07  -6.658789266965e-02   8.189270960532e-07   1.977114637993e-07  -8.335559225814e-07  -8.947300923529e-07   2.794344904441e-07   3.386661432951e-07  -6.643407633261e-02
  -1.596518899205e+00  -1.513446149322e+00   3.530654669328e-03   5.782676293988e-06  -2.356061588392e-07  -1.417963385279e+00   1.369592337844e-01  -2.836547969733e-05  -8.948726928084e-07  -1.044214559730e+00   3.900905896901e-01  -1.186186486613e-04  -1.709282852006e-06  -6.779637787932e-01   3.271898814072e-01  -1.034527477730e-04  -1.063992847290e-06   4.951962751898e-05  -2.023069747392e-10   5.480721624396e-02   8.334600709449e-07  -9.484489125091e-02  -8.809066996442e-01  -8.374451881304e-01  -1.391798974965e-01  -1.961204318569e-05   1.015395690134e-06  -8.949113536078e-01  -3.914433765359e-01  -2.285854916637e-07   2.919247153012e-06  -8.143872317085e-01  -4.256635289073e-01   6.771903305408e-05   3.014583092825e-06  -5.081332169576e-01  -1.689759105107e-01   3.698527350637e-05   1.231805185169e-06   2.013583720732e-04   2.252915440240e-09   2.588674924497e-01   2.008475180662e-06  -3.330534045409e-01  -1.878186807962e-01  -3.357958251854e-01  -4.506144434222e-01  -3.766771593861e-01  -1.248766454778e-01   1.798196588258e-01  -2.341742898624e-06  -1.874987993953e-01  -3.352889919542e-01  -4.502294592835e-01  -3.765394556602e-01  -1.248097329482e-01  -1.792383219361e-01  -2.333832124637e-06
   2.581214367729e-03   6.156547725889e-04  -2.951081528913e-01  -7.583349662382e-06   1.601751723571e-07   3.167083353153e-02  -3.735330597492e-01   1.481000951608e-05   6.188376206731e-07   2.255842341007e-01  -4.461026835445e-01   1.148103261611e-04   1.491524618777e-06   3.271898814072e-01  -3.100547665888e-01   1.006778847239e-04   9.223495458742e-07  -3.799887212494e-05   1.623614862906e-10  -5.234003683824e-02  -6.784836717500e-07   1.003610796792e-01   1.146007719591e+00   1.084379277344e+00  -3.824449163447e-02   2.889027071068e-05  -1.461113735236e-06   9.277909544741e-01  -8.186920290043e-02   8.084731114411e-05  -2.798941070902e-06   6.227197574791e-01  -1.236486751327e-01   2.182358549400e-05  -1.965875454687e-06   3.569104682695e-01  -2.793228428297e-02  -1.140626814318e-05  -7.893480586018e-07  -3.773867405767e-05  -4.031225108725e-09  -1.258321229015e-01   1.012025681732e-06   3.093513987170e-03   2.947546194818e-01   4.223678195419e-01   4.071854302965e-01   2.873065607903e-01   1.320150592956e-01  -2.571779643417e-01   3.419731335924e-06   2.944965156481e-01   4.220267752049e-01   4.070658175694e-01   2.872701025172e-01   1.321196744552e-01   2.564767582455e-01   3.410133583380e-06
  -2.050972853417e-07   1.364849783573e-07  -5.454015014778e-06  -3.161438837360e-01  -1.193313382490e-10  -7.112513571303e-06   1.640111812471e-05  -3.042905469838e-01  -3.054622416883e-10  -6.969880685555e-05   1.158928331924e-04  -8.382170889964e-02  -3.587117710510e-10  -1.034527477730e-04   1.006778847239e-04   3.599911970715e-02  -1.150035912331e-10   4.205890647825e-02  -2.081685263110e-07   1.262997183364e-05   1.710869761450e-10  -1.956406060791e-06  -2.928533429197e-04  -2.775529149403e-04  -3.463782448951e-05  -2.168934720062e-01   1.050713369155e-09  -2.743917681767e-04  -4.404194014301e-05  -2.652218446400e-01   2.048746057449e-09  -1.833673519023e-04  -3.360845551497e-05  -1.296963524250e-01   1.151000871576e-09  -9.758023336267e-05  -2.200080738887e-05  -2.031104243208e-02   3.269866412227e-10  -1.384846031826e-02   1.774870051415e-06   7.203859359302e-05  -4.954243913284e-10   8.648564043740e-05  -1.418552889822e-01  -1.229166075980e-01  -4.517717253639e-02  -9.110839872521e-03  -5.052231546781e-02   4.090802610963e-02  -1.126011101114e-06   1.415237204645e-01   1.226227208809e-01   4.498494269929e-02   8.972392633289e-03   5.044635120606e-02   4.065841853027e-02   1.121273979015e-06
  -2.151621444175e-08  -8.459605446787e-09  -1.310440884041e-07   1.163980030207e-10  -3.029221929555e-01  -1.452792284810e-07   2.637506432963e-07  -1.442514182807e-11  -3.003817866821e-01  -9.159524850589e-07   1.308846219103e-06  -2.102016045222e-10  -8.435306008360e-02  -1.063992847290e-06   9.223495458742e-07  -1.150035912331e-10   4.933098523073e-02   1.814007219972e-10  -1.387728678218e-05  -1.699708060022e-07   5.363028992434e-02  -2.231704310156e-07  -4.878699663486e-06  -4.620353174365e-06  -9.043938955711e-07   4.429650512920e-10  -1.962523123865e-01  -3.467940360813e-06  -1.145957847888e-06   8.759604866888e-10  -2.039515888533e-01  -1.859343553878e-06  -3.823994401122e-07   3.975696323237e-10  -6.991163464694e-02  -9.306480312584e-07  -1.107256540861e-07   6.255058947862e-11   3.459849200763e-03   3.293777157790e-11   8.417843136064e-06   7.003127086600e-07  -8.669872492362e-02  -8.311402464436e-07   8.759582424109e-07   1.546124148872e-07  -6.627121330570e-07  -6.682769431370e-07   1.119117594165e-07  -2.124371568932e-07  -4.275462865302e-02   8.741324758654e-07   1.546261653871e-07  -6.620402996376e-07  -6.679933920907e-07   1.119676385135e-07   2.118045708140e-07  -4.266265177802e-02
   2.237196995648e-06   1.750351890424e-06  -3.282576914364e-05   5.497352745128e-02   2.371288661321e-10   5.042164706262e-05  -9.775072007766e-05   1.203309713941e-01   4.780684750904e-10   7.180782726367e-05  -9.208486058371e-05   9.281663088362e-02   4.224304279590e-10   4.951962751898e-05  -3.799887212494e-05   4.205890647825e-02   1.814007219972e-10   3.096055519659e+00   3.633544952047e-07  -4.360532635197e-05  -4.190481701628e-10   3.226496765722e-05   1.468664860178e-04   1.747281022815e-04   1.260142230519e-04   1.658821107067e-01  -7.393273506406e-10   1.098848775567e-04   5.016171033826e-06   4.967227129163e-02  -1.080578195213e-10   8.312231531061e-05   5.882465415895e-05   6.689663993019e-02  -2.951159710212e-10   3.732188446212e-05   1.730662854031e-05   2.853443641208e-02  -6.760741293376e-11  -2.872575874606e-01   1.148808198953e-06   6.976638321326e-05   2.132358576880e-09  -2.843829136614e-04   1.977307661349e-02   4.431176447252e-02   2.240597289365e-02   6.683730300083e-03   5.823935612901e-02  -2.308529325631e-02   3.990062173834e-07  -1.967642548422e-02  -4.418719181954e-02  -2.231973459541e-02  -6.632079608240e-03  -5.799540074515e-02  -2.292836630233e-02  -3.967929292003e-07
   3.686598580649e-11   5.784742438962e-11   9.778860470046e-11  -2.963625569756e-07  -1.891198977830e-05  -1.609348425287e-10   3.259909084252e-10  -5.736961540829e-07  -3.855730628498e-05  -2.809484509417e-10   3.547022609437e-10  -4.418003133535e-07  -3.043352594614e-05  -2.023069747392e-10   1.623614862906e-10  -2.081685263110e-07  -1.387728678218e-05   3.633544952047e-07   3.175695338957e+00   1.043966806542e-11   2.320367404572e-05  -3.667958203746e-11  -6.379221919548e-10  -7.588872216605e-10  -7.641805011022e-10  -6.884749340950e-07  -4.366842972099e-05  -5.217931194757e-10  -1.329054722972e-10  -2.056628428211e-07  -1.474579861767e-05  -3.958811983177e-10  -3.227759457002e-10  -2.986948464155e-07  -1.935781414750e-05  -1.767945607558e-10  -8.506414089246e-11  -1.352824121279e-07  -8.562934719843e-06   1.225654788275e-06   6.826474781110e-03  -8.581869545559e-10   6.979491076407e-05   1.488760043843e-09   1.976401729001e-08   2.733691222617e-08  -3.884665593918e-08  -1.826302414424e-08   1.808140706440e-07  -5.181092691937e-08  -7.368274989656e-03  -1.940138263394e-08  -2.723623523052e-08   3.861559034862e-08   1.806765733399e-08  -1.797341604740e-07  -5.129012925865e-08   7.314887761771e-03
   5.503082768889e-03   6.356711424335e-03  -6.127927577201e-02   1.317384506424e-05  -3.278069879797e-07   6.204730766914e-02  -1.532594165394e-01   3.635346472614e-05  -4.510256479164e-07   8.266881702069e-02  -1.300572944911e-01   3.113348550962e-05  -2.997743408016e-07   5.480721624396e-02  -5.234003683824e-02   1.262997183364e-05  -1.699708060022e-07  -4.360532635197e-05   1.043966806542e-11   3.122648555897e+00  -8.332141159101e-08   8.874127175637e-02   1.665259653368e-01   1.981905956693e-01   9.989282724085e-02  -2.756848494094e-05  -1.670859988872e-06   1.208123178941e-01  -3.387138346346e-03   1.370388861712e-07  -4.107082516354e-07   9.070822404134e-02   4.790217739819e-02  -1.184703570754e-05  -7.581243964644e-07   4.081947604672e-02   1.068828722419e-02  -2.417420427162e-06  -2.857553193427e-07   6.744961975941e-05  -8.919161026285e-10   8.651421433165e-02   3.238321301782e-06  -1.388460404603e-01   6.106556259904e-03   3.640066841741e-02   4.354993900428e-02   2.896749839463e-02   4.137819241947e-02  -2.433743388446e-02   2.844997718714e-07   6.049976453613e-03   3.630735066572e-02   4.350414957265e-02   2.895645015304e-02   4.122795225601e-02   2.419270146640e-02   2.826721828270e-07
   1.337123740556e-08  -4.728078018699e-09  -6.521774370036e-07   2.962155802067e-10   7.521449338159e-02   8.282468327023e-07  -1.754287549371e-06   5.374258330381e-10   1.476101692228e-01   1.209847819428e-06  -1.613335085513e-06   4.357200542725e-10   1.160435073331e-01   8.334600709449e-07  -6.784836717500e-07   1.710869761450e-10   5.363028992434e-02  -4.190481701628e-10   2.320367404572e-05  -8.332141159101e-08   3.082709845740e+00   9.408032485680e-07   2.467180213262e-06   2.953065174441e-06   2.234282134807e-06  -8.856007003654e-10   1.747128853830e-01   1.967162564050e-06   2.339059948856e-07  -2.497549445476e-10   6.155451116893e-02   1.473299067412e-06   9.988890341250e-07  -3.611934887142e-10   7.646467650291e-02   6.640656242317e-07   2.585969855903e-07  -8.744415887296e-11   3.326795931893e-02   2.081196303217e-09   6.947347619933e-05   3.324296800061e-06  -2.685271208287e-01  -3.238615949036e-06  -2.120327982139e-07  -1.731967343502e-07   3.215709304534e-07   3.534321575974e-07  -3.767484570734e-07   3.295324550833e-07   2.119879918117e-02  -2.111155572170e-07  -1.731596922037e-07   3.211682630179e-07   3.532925273106e-07  -3.756821432574e-07  -3.281011076696e-07   2.110235113942e-02
  -1.189530916644e-03   8.793828235242e-04   1.092310155797e-01   1.390392323991e-06  -1.169950680646e-07  -9.886163324957e-02   2.727593265434e-01  -3.923191451670e-06  -5.214063308758e-07  -1.401350616068e-01   2.379341174513e-01  -8.754040003394e-06  -5.446523975035e-07  -9.484489125091e-02   1.003610796792e-01  -1.956406060791e-06  -2.231704310156e-07   3.226496765722e-05  -3.667958203746e-11   8.874127175637e-02   9.408032485680e-07   3.027501891310e+00  -2.897959037253e-01  -3.447913464506e-01  -1.762317590993e-01   1.362024159984e-04   1.355048725381e-06  -2.176363415037e-01   3.317013935887e-03   2.960587691827e-05   1.125638923035e-07  -1.645411683467e-01  -7.982474913393e-02   5.721144240977e-05   6.011587534104e-07  -7.420889900811e-02  -1.472419192868e-02   1.945144439532e-05   1.834551190174e-07  -2.707367251650e-04   1.499199186314e-09  -1.410803344272e-01  -3.290860107071e-06   2.529499568155e-01  -7.495373736002e-03  -5.534596331525e-02  -7.736209959320e-02  -5.259556406479e-02  -4.639600913373e-02   4.065664710623e-02  -2.942858917360e-07  -7.455942239939e-03  -5.524808915760e-02  -7.730732598187e-02  -5.258448154800e-02  -4.631337960065e-02  -4.043374722342e-02  -2.928123245141e-07
  -2.356354259793e-03  -1.856858381999e-03   2.014622979460e-02  -6.729426421727e-06  -4.417163607010e-08  -1.311643928274e-01   4.310220081131e-01  -1.111873865877e-04  -1.794451032023e-06  -8.323916767089e-01   1.809497131815e+00  -4.618761158772e-04  -7.707640896410e-06  -8.809066996442e-01   1.146007719591e+00  -2.928533429197e-04  -4.878699663486e-06   1.468664860178e-04  -6.379221919548e-10   1.665259653368e-01   2.467180213262e-06  -2.897959037253e-01  -9.616582508294e+00  -1.204999560047e+01  -5.210542764532e-03   7.261272587389e-06  -1.237603255691e-07  -4.440809744898e+00  -6.205845735387e-03  -3.325064170546e-06   4.921358192206e-08  -1.998324835188e+00  -3.551118267405e-03  -1.957382047853e-06   5.767649990070e-08  -8.420803631209e-01  -1.297941688298e-03  -5.633908509485e-07   2.488017037052e-08   8.017693777090e-06   2.423533321359e-10   7.050035683474e-03   2.692477779592e-08  -4.315601346418e-03  -1.204323103911e-01  -9.303020010411e-01  -1.012953149577e+00  -6.248901827506e-01  -5.610678420029e-01   9.074572024944e-01  -1.230255634316e-05  -1.196861983699e-01  -9.282189999279e-01  -1.012201063654e+00  -6.247247845129e-01  -5.601310760978e-01  -9.031343986341e-01  -1.224154999979e-05
  -7.986162042937e-04  -6.447435163890e-04   1.967902295341e-02  -4.453780932616e-06  -8.493579137933e-08  -1.433613949166e-01   4.681317960738e-01  -1.181252348870e-04  -2.013012464277e-06  -7.924411683750e-01   1.688627556342e+00  -4.307531564365e-04  -7.229289184432e-06  -8.374451881304e-01   1.084379277344e+00  -2.775529149403e-04  -4.620353174365e-06   1.747281022815e-04  -7.588872216605e-10   1.981905956693e-01   2.953065174441e-06  -3.447913464506e-01  -1.204999560047e+01  -8.836924758916e+00  -5.209716290663e-03  -1.084627190738e-06  -1.416984303709e-07  -3.975358664634e+00  -3.773315082353e-03  -1.114552882619e-05   8.595590457547e-08  -1.879852963797e+00   6.034264751355e-04  -5.571109032205e-06   7.633909195081e-08  -8.045129686068e-01   1.223083208449e-03  -1.511813851618e-06   2.668203187798e-08   9.863988606061e-06   3.486572067797e-10   1.052590834722e-02  -4.496701027597e-08  -3.633115770951e-03  -1.417336516399e-01  -8.920063078717e-01  -9.646673722190e-01  -5.985187002073e-01  -5.536237167812e-01   8.962119212374e-01  -1.215770303530e-05  -1.409022917305e-01  -8.900745548983e-01  -9.639600821416e-01  -5.983616450919e-01  -5.528726180086e-01  -8.922232310549e-01  -1.210120902741e-05
  -7.797759497444e-02  -7.819572245128e-02   3.691960289040e-01  -1.225283418154e-04  -1.668817393025e-06  -4.039527978688e-01   5.227985411639e-01  -1.838614394215e-04  -2.728482896413e-06  -3.466532458275e-01   2.563682593569e-01  -1.199148021297e-04  -2.176957550800e-06  -1.391798974965e-01  -3.824449163447e-02  -3.463782448951e-05  -9.043938955711e-07   1.260142230519e-04  -7.641805011022e-10   9.989282724085e-02   2.234282134807e-06  -1.762317590993e-01  -5.210542764532e-03  -5.209716290663e-03   8.450439684563e-01   1.150918599980e-04  -2.643212290765e-07  -4.609917807101e-02  -5.855316114002e-01   1.285171550841e-04  -4.727599197311e-07  -1.589518595250e-02  -4.907962398711e-01   3.726490078064e-05  -5.636012550999e-07   9.693762266910e-03  -1.631418552923e-01  -1.412745216675e-06  -3.027357959721e-07   6.469678653872e-05  -1.835522269991e-09   4.417084162849e-02   2.110886648189e-06  -1.794565107295e-01   2.182229236439e-01   2.061387630352e-01   9.601042844824e-02   3.424422829084e-02  -6.256316019640e-02  -1.830452523437e-01   2.452861672736e-06   2.182225504944e-01   2.064346967409e-01   9.623660375752e-02   3.431370060280e-02  -6.161863908637e-02   1.834298881556e-01   2.457394271968e-06
   2.049873939983e-05   2.091933124944e-05  -1.359764150368e-04  -6.437956750362e-02  -2.426288489132e-11   1.182234071240e-04  -2.019015985510e-04  -1.583895710290e-01   2.141944313480e-10   6.459691611228e-05  -6.351948394105e-05  -2.531159482815e-01   5.697424780103e-10  -1.961204318569e-05   2.889027071068e-05  -2.168934720062e-01   4.429650512920e-10   1.658821107067e-01  -6.884749340950e-07  -2.756848494094e-05  -8.856007003654e-10   1.362024159984e-04   7.261272587389e-06  -1.084627190738e-06   1.150918599980e-04   9.093355206737e-01   3.260198277634e-09  -1.561426797681e-04   1.215842275121e-04  -5.003710946667e-01   4.065523411450e-09  -1.174350016195e-04   1.727069825332e-05  -4.890422751627e-01   2.024978204134e-09  -5.530432528957e-05  -1.609971062163e-05  -1.844103049563e-01   5.545148735483e-10   8.213907754407e-02   2.325595938711e-06   7.458710565069e-05  -1.994403829910e-09   2.818287525970e-04  -3.537469479444e-01  -3.384302596311e-01  -1.615609399774e-01  -4.496364508422e-02  -1.806865629234e-01   1.165624616435e-01  -4.046217975064e-06   3.527735383390e-01   3.378696941629e-01   1.613459828779e-01   4.487790407186e-02   1.810616091742e-01   1.165777159834e-01   4.041569069816e-06
   3.250452995403e-07   3.272338565991e-07  -1.885063978426e-06  -4.573830790559e-11  -1.212977413897e-01   1.605502826674e-06  -2.852477173636e-06   1.473982303133e-10  -2.322102486663e-01   1.499232315850e-06  -2.474852298757e-06   9.114313136257e-10  -2.803322812887e-01   1.015395690134e-06  -1.461113735236e-06   1.050713369155e-09  -1.962523123865e-01  -7.393273506406e-10  -4.366842972099e-05  -1.670859988872e-06   1.747128853830e-01   1.355048725381e-06  -1.237603255691e-07  -1.416984303709e-07  -2.643212290765e-07   3.260198277634e-09   1.034904552258e+00   1.146516902918e-06  -4.332209409544e-07   4.261457959445e-09  -3.244284963373e-01   1.200883351251e-06  -4.639516961620e-07   2.463562014586e-09  -3.697868681419e-01   6.947668732947e-07  -2.382855634087e-07   8.409997736403e-10  -1.389494395088e-01  -2.142080421962e-09  -1.089028448412e-05  -2.585921434902e-07  -7.003670497819e-02  -1.540122185458e-07   3.894811055003e-06   3.902625006882e-06   2.390428979280e-06   1.010872276290e-06   2.213074587611e-06  -3.513263426418e-06  -1.566401086426e-01   3.880483403756e-06   3.893245196479e-06   2.387141786413e-06   1.010193853867e-06   2.216618075107e-06   3.509094461062e-06  -1.563472713156e-01
  -5.101787070494e-01  -4.897617990165e-01   3.655224322313e-01  -7.610087104091e-05  -1.904671854853e-06  -6.876632076771e-01   6.225062678168e-01  -1.388315678936e-04  -3.188600324333e-06  -9.343365361078e-01   1.186500471003e+00  -3.327504963513e-04  -5.170950589706e-06  -8.949113536078e-01   9.277909544741e-01  -2.743917681767e-04  -3.467940360813e-06   1.098848775567e-04  -5.217931194757e-10   1.208123178941e-01   1.967162564050e-06  -2.176363415037e-01  -4.440809744898e+00  -3.975358664634e+00  -4.609917807101e-02  -1.561426797681e-04   1.146516902918e-06  -2.277687284287e+00  -1.376937385207e-01  -2.328274649832e-04   3.159600591735e-06  -1.589959718138e+00  -8.259784567646e-02  -9.587858162764e-05   2.439496409630e-06  -8.709914927112e-01  -1.668434145066e-02  -1.889340093382e-05   8.635864499401e-07   2.115702315093e-04   6.643714509636e-09   2.401200942666e-01  -3.874924359885e-07  -1.653050844515e-01  -4.271714066990e-01  -8.594070690448e-01  -9.546689733556e-01  -6.694545752778e-01  -3.198644206069e-01   5.292626422271e-01  -7.229623670442e-06  -4.262850726031e-01  -8.580851156259e-01  -9.540334378520e-01  -6.692806368342e-01  -3.198043149853e-01  -5.275479210455e-01  -7.204947560806e-06
  -1.508003582813e+00  -1.433897437274e+00   5.506047258711e-01  -2.131877807836e-04  -2.979823507458e-06  -1.250239416670e+00   4.009930705174e-01  -1.779041041413e-04  -2.443618895402e-06  -8.065066340745e-01   1.306152719233e-01  -8.683554574083e-05  -1.663039668272e-06  -3.914433765359e-01  -8.186920290043e-02  -4.404194014301e-05  -1.145957847888e-06   5.016171033826e-06  -1.329054722972e-10  -3.387138346346e-03   2.339059948856e-07   3.317013935887e-03  -6.205845735387e-03  -3.773315082353e-03  -5.855316114002e-01   1.215842275121e-04  -4.332209409544e-07  -1.376937385207e-01  -5.921854346018e-01   2.054576715472e-04  -3.843861850960e-07  -1.760810445251e-01  -7.130903956497e-01   6.933530584553e-05  -3.388475233840e-07  -9.804621428753e-02  -3.225378639293e-01  -1.151334251133e-06  -2.322778511840e-07   2.863503968247e-04  -3.842659355405e-09   1.846647106588e-01   6.291685041232e-06  -5.689442341207e-01   2.420647494599e-01   1.975596167433e-01   5.409571158324e-02  -2.469755622616e-02  -6.698553217839e-02   1.252569954228e-02  -1.869879066107e-07   2.423840616655e-01   1.980081831970e-01   5.452317042957e-02  -2.453769012148e-02  -6.698386105553e-02  -1.247265932776e-02  -1.862759316742e-07
   3.842234112713e-04   3.657085609802e-04  -2.247312795999e-04  -2.255773117715e-01   1.749827008711e-10   3.337185964986e-04  -1.914086954710e-04  -2.436479578119e-01  -4.856371272046e-11   1.560561053148e-04   2.921525311042e-05  -2.496037644340e-01   6.213650525888e-10  -2.285854916637e-07   8.084731114411e-05  -2.652218446400e-01   8.759604866888e-10   4.967227129163e-02  -2.056628428211e-07   1.370388861712e-07  -2.497549445476e-10   2.960587691827e-05  -3.325064170546e-06  -1.114552882619e-05   1.285171550841e-04  -5.003710946667e-01   4.261457959445e-09  -2.328274649832e-04   2.054576715472e-04  -2.775353936314e-01   7.250788749329e-09  -1.602375219592e-04   5.116924038976e-05  -4.714858115103e-01   3.815232854189e-09  -6.074696089557e-05  -1.652967510981e-05  -2.538506728330e-01   1.024411463172e-09   1.776392230138e-01   5.763666550615e-06   1.511975053008e-04  -4.072173329464e-09   6.552800908661e-04  -3.912448093766e-01  -3.394880309625e-01  -1.967915015337e-01  -6.457052698385e-02   1.621567356808e-02  -8.301308641032e-02   2.039948469022e-07   3.906885330162e-01   3.390462537270e-01   1.965478109954e-01   6.447931466494e-02  -1.619977932306e-02  -8.296468483177e-02  -2.019812462574e-07
   6.442743427095e-06   6.128890107836e-06  -3.366989822797e-06   3.228444021700e-10  -2.871073108813e-01   5.208152239313e-06  -2.736934239752e-06   9.304401800813e-11  -3.295032314601e-01   3.701485882950e-06  -2.590831856580e-06   1.441814698769e-09  -2.679861182558e-01   2.919247153012e-06  -2.798941070902e-06   2.048746057449e-09  -2.039515888533e-01  -1.080578195213e-10  -1.474579861767e-05  -4.107082516354e-07   6.155451116893e-02   1.125638923035e-07   4.921358192206e-08   8.595590457547e-08  -4.727599197311e-07   4.065523411450e-09  -3.244284963373e-01   3.159600591735e-06  -3.843861850960e-07   7.250788749329e-09   5.575471427494e-02   3.961759554850e-06  -2.575059172464e-07   4.228103127574e-09  -2.105797560553e-01   2.501952760824e-06  -1.710492906221e-07   1.341031416547e-09  -1.521644803027e-01  -4.135061190445e-09  -2.707538073225e-05  -1.446390024256e-06  -1.268873472721e-01   2.153962816272e-07   4.177096641307e-06   4.047611943055e-06   4.002738048194e-06   2.487827273766e-06  -4.056937324516e-07   6.788848747248e-07  -3.507462962841e-02   4.168160524907e-06   4.038922458779e-06   3.997856247993e-06   2.486540629312e-06  -4.065145368299e-07  -6.768354971516e-07  -3.517822436554e-02
  -1.123788550424e+00  -1.064443958260e+00   2.303052436266e-01  -4.904166849911e-05  -1.366317936348e-06  -1.043822391140e+00   4.029469259978e-01  -9.228534482245e-05  -2.278063236867e-06  -9.772870787935e-01   7.506564039411e-01  -2.245544984049e-04  -3.206137711485e-06  -8.143872317085e-01   6.227197574791e-01  -1.833673519023e-04  -1.859343553878e-06   8.312231531061e-05  -3.958811983177e-10   9.070822404134e-02   1.473299067412e-06  -1.645411683467e-01  -1.998324835188e+00  -1.879852963797e+00  -1.589518595250e-02  -1.174350016195e-04   1.200883351251e-06  -1.589959718138e+00  -1.760810445251e-01  -1.602375219592e-04   3.961759554850e-06  -1.224119903362e+00  -2.004551265516e-01  -2.357741648871e-06   3.827231659150e-06  -7.396946422395e-01  -7.817355336588e-02   2.860520529331e-05   1.548645760103e-06   1.795209937868e-04   6.195204718342e-09   3.050572161349e-01  -1.193619808053e-07  -2.300036730776e-01  -4.159891479062e-01  -6.611050335080e-01  -7.489512142805e-01  -5.725492948301e-01  -2.250777386212e-01   3.859630723902e-01  -5.254887887202e-06  -4.154255407744e-01  -6.603099519591e-01  -7.485082848754e-01  -5.724074393385e-01  -2.250739819066e-01  -3.847637176759e-01  -5.237819042082e-06
