ARMA_MAT_TXT_FN008
58 58
  -3.283104481403e+01  -3.486932457799e+01   1.263144271467e-01  -3.726940598557e-05  -4.380598060265e-07  -1.247578021318e+01   5.753074536047e-02  -1.697459865770e-05  -1.995172501072e-07  -5.414777920059e+00   1.674674140466e-02  -4.941170369395e-06  -5.807788113407e-08  -2.444422233858e+00   4.649508317257e-03  -1.371849734224e-06  -1.612454533961e-08   5.338233331332e-06  -1.487773641936e-11   5.563547834208e-03   7.271365073800e-08  -9.359021720335e-03  -2.947340461225e-03  -1.170759384024e-04  -1.146629370810e-01   2.914314768194e-05   4.911015039319e-07  -7.806577229589e-01  -2.318936864810e+00   5.895794031736e-04   9.929029548745e-06  -1.721093705029e+00  -2.942702825860e+00   7.482048509399e-04   1.259928908587e-05  -1.199597444544e+00  -1.141090706456e+00   2.901335499556e-04   4.885591523183e-06   1.356293544937e-03  -5.806973644704e-09   1.539958982043e+00   2.284093646335e-05  -2.667275653718e+00  -1.703528235340e-05  -6.951263395208e-02  -6.467624285755e-01  -7.737115872919e-01  -3.596426265812e-03   1.885383523951e-03  -1.509202181330e-08  -1.676209816946e-05  -6.910945133012e-02  -6.455344981801e-01  -7.731916105579e-01  -3.556861080207e-03  -1.861547196932e-03  -1.490584085797e-08
  -3.486932457799e+01  -3.057606915956e+01   1.498049019856e-01  -4.420033274781e-05  -5.195250280432e-07  -1.257836641492e+01   4.385243627629e-02  -1.293877736615e-05  -1.520807255671e-07  -5.468491038356e+00   1.049061260787e-02  -3.095283006519e-06  -3.638155860565e-08  -2.462467198995e+00   2.738703657511e-03  -8.080617586613e-07  -9.497854100154e-09   2.213164867199e-06  -6.168123707355e-12   2.306577446250e-03   3.014617144528e-08  -3.880133516087e-03  -1.781129301070e-03   8.631611079932e-05  -1.007600538311e-01   2.562179532033e-05   4.313508962833e-07  -7.800917483873e-01  -2.336521497972e+00   5.941385525678e-04   1.000272024965e-05  -1.731842522106e+00  -2.968571621548e+00   7.548645071896e-04   1.270846102987e-05  -1.206899006804e+00  -1.149536745980e+00   2.923114391106e-04   4.921153524197e-06   1.374664740135e-03  -5.884952810356e-09   1.560592501841e+00   2.314351143483e-05  -2.703023175922e+00  -5.181911711993e-06  -6.843381500443e-02  -6.497496628617e-01  -7.781264600579e-01  -2.872524049756e-03   1.502256558999e-03  -1.199859086129e-08  -5.083448043589e-06  -6.803323787779e-02  -6.485136570024e-01  -7.776030278237e-01  -2.838759160850e-03  -1.482129553402e-03  -1.184149404514e-08
   1.263144271467e-01   1.498049019856e-01  -1.103266383104e+01   3.140924186091e-05   4.278345476610e-07   4.068874364733e-01  -7.483961214361e+00   3.400105485352e-05   4.631383794070e-07   2.467839498815e-01  -2.633372330856e+00   1.342480131285e-05   1.828630167047e-07   1.231322337655e-01  -7.800125781869e-01   4.090591799819e-06   5.571904550329e-08  -8.885818477723e-05   7.003272416047e-11  -1.551186617361e-01  -1.099375952715e-06   2.680624444571e-01   3.299721353583e-02   1.044927987408e-02   5.993711511336e-01  -1.695811183508e-04  -2.866116246788e-06   9.864570911056e-01   2.001309487861e+00  -6.559163282506e-04  -1.108380478996e-05   7.081182015180e-01   4.473454527773e-01  -2.907583797800e-04  -4.917805945748e-06   1.992691399109e-01  -9.951077368155e-02  -4.593035217307e-05  -7.793370740356e-07  -1.403198370999e-03   7.377655303675e-09  -1.234744100977e+00  -2.371322518305e-05   2.138492180384e+00   3.380302672106e-04   1.062963847818e-01   2.884183353013e-01   1.487001157151e-01   2.116913810606e-02  -1.210111287270e-02   9.766827128889e-08   3.334485964918e-04   1.058290057608e-01   2.881404536491e-01   1.487092445874e-01   2.099017962391e-02   1.197695687192e-02   9.669552253385e-08
  -3.726940598557e-05  -4.420033274781e-05   3.140924186091e-05  -1.092253010006e+01  -8.753802850764e-11  -1.200532150361e-04   3.400105485352e-05  -7.364739522485e+00  -9.476144208081e-11  -7.281426073502e-05   1.342480131285e-05  -2.586299472836e+00  -3.741504752728e-11  -3.633049534051e-05   4.090591799819e-06  -7.656692943702e-01  -1.140048865541e-11   2.306199341446e-01  -7.873817237727e-07   4.559809367935e-05   7.003272416047e-11   5.818117637170e-05  -8.414765340190e-06  -2.659685979767e-06  -1.705289685102e-04  -6.887408189979e-02   7.320809252195e-10  -2.529645198407e-04  -6.625662345073e-04  -5.830433804469e-01   2.846413020814e-09  -1.839202920129e-04  -2.974542509503e-04  -6.988913597091e-01   1.280973657239e-09  -5.328365485241e-05  -4.842802099956e-05  -2.809173212673e-01   2.098156890680e-10  -1.251794146875e+00   5.367335460794e-06   3.175584894888e-04   7.454102322015e-09  -1.185703086455e-03  -1.725334002387e-04  -5.240982603134e-02  -1.308489526336e-01  -5.561808773164e-02  -1.159051496464e-02   4.392295961568e-03  -4.907778167400e-08   1.699100462302e-04   5.209153647012e-02   1.304990670687e-01   5.551943916505e-02   1.147140813520e-02   4.337633120230e-03   4.850723539755e-08
  -4.380598060265e-07  -5.195250280432e-07   4.278345476610e-07  -8.753802850764e-11  -1.092089836302e+01  -1.411090047613e-06   4.631383794070e-07  -9.476144208081e-11  -7.362973138248e+00  -8.558493546734e-07   1.828630167047e-07  -3.741504752728e-11  -2.585602040279e+00  -4.270238463689e-07   5.571904550329e-08  -1.140048865541e-11  -7.654567828066e-01   7.003272416047e-11  -6.806114616802e-05  -8.235375691516e-07   2.300089752727e-01  -1.559971144710e-07  -1.408666427226e-07  -4.469495208863e-08  -2.850327028337e-06   7.240083139980e-10  -6.884810994318e-02  -4.183738870799e-06  -1.096088399185e-05   2.786688099682e-09  -5.828397061461e-01  -2.956466825688e-06  -4.787609999962e-06   1.219201770486e-09  -6.986767056061e-01  -8.013822760019e-07  -7.299182097600e-07   1.865566674342e-10  -2.808359476416e-01   7.322212596782e-09   3.177738245552e-04   1.451129665088e-05  -1.251366348571e+00  -1.440394523930e-05   1.345821028307e-09   3.962987342951e-07   9.098531061150e-07   2.961574056927e-07   8.982377796725e-08  -4.710817571220e-08  -1.712191114553e-03   1.325775830145e-09   3.940268702157e-07   9.077950534633e-07   2.957983269931e-07   8.892913791003e-08   4.656128124591e-08  -1.694063737791e-03
  -1.247578021318e+01  -1.257836641492e+01   4.068874364733e-01  -1.200532150361e-04  -1.411090047613e-06  -1.393412450054e+01   6.646930323126e-01  -1.961261197702e-04  -2.305029410997e-06  -9.256973376224e+00   4.130284372802e-01  -1.219688276380e-04  -1.430318254920e-06  -4.966702772526e+00   1.529937100245e-01  -4.522979027839e-05  -5.288137762988e-07   1.161995258561e-04  -3.238008718960e-10   1.211009950491e-01   1.582682821636e-06  -2.037147082965e-01  -2.351551355236e-01  -2.390002674673e-01  -1.218960235223e+00   3.051654461965e-04   5.288307882383e-06  -2.294346292528e+00  -4.724547278501e+00   1.191546990619e-03   2.038817162949e-05  -3.664049678020e+00  -5.439065899105e+00   1.375742823335e-03   2.342004329451e-05  -2.604784711330e+00  -2.328509712683e+00   5.894500637846e-04   1.001998481811e-05   2.148403571334e-03  -9.188887759192e-09   2.457372265289e+00   3.668376295349e-05  -4.253505129229e+00  -8.301635464909e-03  -3.191683436876e-01  -1.499626656068e+00  -1.712518310041e+00  -1.083218420972e-01   6.200839375654e-02  -5.368357307934e-07  -8.226683328562e-03  -3.177556529104e-01  -1.497048141502e+00  -1.711417871789e+00  -1.076437969272e-01  -6.152079414123e-02  -5.327726343810e-07
   5.753074536047e-02   4.385243627629e-02  -7.483961214361e+00   3.400105485352e-05   4.631383794070e-07   6.646930323126e-01  -9.267194652142e+00   1.225943424954e-04   1.669245859366e-06   7.774509841124e-01  -5.664527843628e+00   1.164018095627e-04   1.574899910930e-06   5.008735000707e-01  -2.153271257793e+00   4.950988652022e-05   6.650468549701e-07  -2.671632956977e-04   3.473041272061e-10  -4.297103061862e-01  -3.412434005668e-06   7.412443791593e-01   7.785037222708e-01   8.467538495511e-01   2.473812748179e+00  -7.407093784824e-04  -1.293587550458e-05   3.046180564247e+00   4.064358867660e+00  -1.422560681774e-03  -2.463923403454e-05   2.081508989439e+00   9.999950589839e-01  -7.035962976423e-04  -1.219187488248e-05   6.872319173858e-01  -2.539619521153e-01  -1.333851401667e-04  -2.341057589767e-06  -2.098743127792e-03   1.186012431203e-08  -1.631711528884e+00  -3.622971087253e-05   2.818913849777e+00   2.825639004849e-02   4.986246131735e-01   9.344875505310e-01   5.157637130502e-01   2.636002869483e-01  -1.727141570264e-01   1.528695183269e-06   2.802848287322e-02   4.969381257118e-01   9.336787156901e-01   5.157609399114e-01   2.622930399659e-01   1.715317124906e-01   1.518598317706e-06
  -1.697459865770e-05  -1.293877736615e-05   3.400105485352e-05  -7.364739522485e+00  -9.476144208081e-11  -1.961261197702e-04   1.225943424954e-04  -8.837414350011e+00  -3.413708069237e-10  -2.295841557609e-04   1.164018095627e-04  -5.257786366068e+00  -3.194609440470e-10  -1.480740833108e-04   4.950988652022e-05  -1.980906442880e+00  -1.336382985127e-10   5.555100793770e-01  -1.864850855354e-06   1.259492900955e-04   3.473041272061e-10   1.149720286273e-04  -1.987553462624e-04  -2.159396211799e-04  -7.618152479627e-04  -4.986189934719e-01   3.353438135659e-09  -7.883997603149e-04  -1.466171114694e-03  -1.616158880084e+00   6.458373339178e-09  -5.481403397813e-04  -7.364008472912e-04  -1.810414919335e+00   3.271292323729e-09  -1.872303787530e-04  -1.453233953498e-04  -7.908146892778e-01   6.613814369017e-10  -2.721441831235e+00   1.180751129381e-05   4.293742629945e-04   1.247286110976e-08  -2.107434469464e-03  -1.361481122468e-02  -2.213280935185e-01  -3.741389247809e-01  -1.600878185346e-01  -1.380089382106e-01   4.657751635284e-02  -6.461597221052e-07   1.348256921471e-02   2.201823009205e-01   3.731306260280e-01   1.597561957965e-01   1.370472410297e-01   4.613045401335e-02   6.407028968479e-07
  -1.995172501072e-07  -1.520807255671e-07   4.631383794070e-07  -9.476144208081e-11  -7.362973138248e+00  -2.305029410997e-06   1.669245859366e-06  -3.413708069237e-10  -8.831034980966e+00  -2.692314219826e-06   1.574899910930e-06  -3.194609440470e-10  -5.251566802950e+00  -1.731239846252e-06   6.650468549701e-07  -1.336382985127e-10  -1.978182831444e+00   3.473041272061e-10  -1.639847547024e-04  -1.728519861285e-06   5.524743756859e-01  -7.737915751570e-07  -3.321214099566e-06  -3.616099703478e-06  -1.262727292199e-05   3.184614596708e-09  -4.973309352148e-01  -1.281178798552e-05  -2.391694107194e-05   6.088013409645e-09  -1.612369780411e+00  -8.562274882357e-06  -1.158502655194e-05   2.976544799361e-09  -1.807119284752e+00  -2.699354723606e-06  -2.108863977461e-06   5.512304360804e-10  -7.895535934197e-01   1.189030991560e-08   6.834431759575e-04   2.710695619438e-05  -2.716581846733e+00  -2.342748665887e-05   9.966845319662e-08   1.474645351462e-06   2.190660877820e-06   5.393397359356e-07   9.824691152063e-07  -5.054715717924e-07  -3.006060784260e-02   9.873717072620e-08   1.467425755942e-06   2.185641206520e-06   5.384545737266e-07   9.758587649617e-07   5.011929016608e-07  -2.984322223126e-02
  -5.414777920059e+00  -5.468491038356e+00   2.467839498815e-01  -7.281426073502e-05  -8.558493546734e-07  -9.256973376224e+00   7.774509841124e-01  -2.295841557609e-04  -2.692314219826e-06  -9.160549232772e+00   1.084917400388e+00  -3.262547029902e-04  -3.629149262007e-06  -6.477471000186e+00   6.222636113583e-01  -1.905007750367e-04  -1.971278870868e-06   1.527639618346e-04  -4.245375781735e-10   1.591360320109e-01   2.078225804217e-06  -2.676531038324e-01  -1.441561491495e+00  -1.550632072825e+00  -1.663094034749e+00   3.812002344674e-04   7.703518108047e-06  -4.080088174728e+00  -4.492748517911e+00   1.066802331697e-03   2.040973365642e-05  -5.222758848527e+00  -5.634900684834e+00   1.381183397053e-03   2.511797228892e-05  -3.916678300345e+00  -2.981333226004e+00   7.391637000719e-04   1.318067629434e-05   1.271650027409e-03  -4.224471067752e-09   1.498379422950e+00   2.235453310343e-05  -2.545659704110e+00  -2.460455184109e-01  -1.095601521073e+00  -2.537807132282e+00  -2.691158256358e+00  -6.638277104974e-01   4.419991764355e-01  -4.231748786202e-06  -2.449937554757e-01  -1.092536222312e+00  -2.534316234237e+00  -2.689612017441e+00  -6.620477872546e-01  -4.400095905568e-01  -4.212989223574e-06
   1.674674140466e-02   1.049061260787e-02  -2.633372330856e+00   1.342480131285e-05   1.828630167047e-07   4.130284372802e-01  -5.664527843628e+00   1.164018095627e-04   1.574899910930e-06   1.084917400388e+00  -7.302294353738e+00   2.935015201406e-04   3.589711359588e-06   1.082270498779e+00  -4.576149733303e+00   2.021360757218e-04   2.200009452422e-06  -2.095706827816e-04   3.376134028933e-10  -3.189633703490e-01  -2.724515447863e-06   5.494347444804e-01   3.118904373739e+00   3.370824250562e+00   1.851717976296e+00  -6.880366609309e-04  -1.439343117518e-05   5.883386707696e+00   2.731364124854e+00  -1.260289195112e-03  -2.610495702395e-05   4.379855677858e+00   4.219559087409e-01  -9.141259212224e-04  -1.842884113881e-05   1.783916552258e+00  -8.890405235715e-01  -2.432306703746e-04  -5.073111542242e-06  -8.390342083162e-04   3.440923174725e-09  -2.918247708327e-01  -1.446695118681e-05   3.873816115647e-01   6.525729006734e-01   1.976171705223e+00   2.461445270718e+00   1.416446694754e+00   1.249302136360e+00  -1.048064082213e+00   1.007374247198e-05   6.504049523120e-01   1.972441006890e+00   2.460077250233e+00   1.416519509808e+00   1.247758380549e+00   1.044249538622e+00   1.003716656008e-05
  -4.941170369395e-06  -3.095283006519e-06   1.342480131285e-05  -2.586299472836e+00  -3.741504752728e-11  -1.219688276380e-04   1.164018095627e-04  -5.257786366068e+00  -3.194609440470e-10  -3.262547029902e-04   2.935015201406e-04  -6.324152248377e+00  -6.292027442347e-10  -3.313280176655e-04   2.021360757218e-04  -3.926442233710e+00  -3.110739995684e-10   3.682352082663e-01  -1.215617292125e-06   9.336730338045e-05   3.376134028933e-10   6.087272737870e-05  -7.968217872268e-04  -8.603249241279e-04  -7.847473945382e-04  -1.217831258147e+00   3.997088732062e-09  -1.551382611868e-03  -1.435829123991e-03  -2.837243404709e+00   7.683646415605e-09  -1.182644864609e-03  -1.034297311352e-03  -3.520648278578e+00   5.560615843362e-09  -4.997112241898e-04  -2.873524358068e-04  -1.952172267340e+00   1.637402661044e-09  -2.532236765054e+00   1.216349515051e-05   1.217731310618e-04   6.823894375313e-09  -1.318384197767e-03  -3.219485586214e-01  -8.461242432478e-01  -9.278777298655e-01  -4.205920133102e-01  -7.230591834639e-01   1.355797130897e-01  -4.047145408925e-06   3.203692030099e-01   8.430439203181e-01   9.255892096513e-01   4.196946283691e-01   7.205756441082e-01   1.343840148530e-01   4.026135995595e-06
  -5.807788113407e-08  -3.638155860565e-08   1.828630167047e-07  -3.741504752728e-11  -2.585602040279e+00  -1.430318254920e-06   1.574899910930e-06  -3.194609440470e-10  -5.251566802950e+00  -3.629149262007e-06   3.589711359588e-06  -6.292027442347e-10  -6.301793395200e+00  -3.428542064591e-06   2.200009452422e-06  -3.110739995684e-10  -3.904686235280e+00   3.376134028933e-10  -1.087264969397e-04  -9.899469733037e-07   3.652091895488e-01  -7.544490778691e-07  -1.329916382815e-05  -1.438504183241e-05  -1.303867952695e-05   3.238596122998e-09  -1.207538846710e+00  -2.432507012793e-05  -2.337352547459e-05   6.237622736711e-09  -2.800054286883e+00  -1.742349939793e-05  -1.611546692761e-05   4.457906843431e-09  -3.483260397223e+00  -6.621866478574e-06  -4.101182471088e-06   1.201366398877e-09  -1.936076994151e+00   6.263025906481e-09   6.073679554968e-04   2.063609101265e-05  -2.535419985360e+00  -1.266427161675e-05   2.429395388513e-06   5.420186637885e-06   5.089651373565e-06   1.427319376553e-06   5.074273009174e-06  -2.790159166581e-06  -3.101328671237e-01   2.418540865907e-06   5.402644970345e-06   5.079294507912e-06   1.424964475735e-06   5.058685397369e-06   2.777064788984e-06  -3.089792342010e-01
  -2.444422233858e+00  -2.462467198995e+00   1.231322337655e-01  -3.633049534051e-05  -4.270238463689e-07  -4.966702772526e+00   5.008735000707e-01  -1.480740833108e-04  -1.731239846252e-06  -6.477471000186e+00   1.082270498779e+00  -3.313280176655e-04  -3.428542064591e-06  -6.234534348314e+00   9.181337589697e-01  -2.802706446500e-04  -2.475323406296e-06   9.977330927616e-05  -2.763875192898e-10   1.038798969867e-01   1.355426680541e-06  -1.746834229505e-01  -1.517253292469e+00  -1.634938977482e+00  -7.452927369830e-01   1.334514119868e-04   3.991097951558e-06  -3.971075182646e+00  -2.244234410155e+00   4.559096187047e-04   1.176394728662e-05  -5.276136434601e+00  -3.586385983380e+00   8.393973699440e-04   1.773447151928e-05  -4.641257993841e+00  -2.712538283470e+00   6.639274316469e-04   1.287568470709e-05   4.592161851203e-04   6.247414326978e-10   5.862387822802e-01   7.556842486161e-06  -8.995938210527e-01  -7.292485207854e-01  -1.881724731264e+00  -3.248543392640e+00  -3.441539309648e+00  -7.984670820551e-01   6.110525838794e-01  -6.226276546396e-06  -7.277722743965e-01  -1.878694180228e+00  -3.245401781494e+00  -3.439916657283e+00  -7.977913550489e-01  -6.092921232390e-01  -6.207770401618e-06
   4.649508317257e-03   2.738703657511e-03  -7.800125781869e-01   4.090591799819e-06   5.571904550329e-08   1.529937100245e-01  -2.153271257793e+00   4.950988652022e-05   6.650468549701e-07   6.222636113583e-01  -4.576149733303e+00   2.021360757218e-04   2.200009452422e-06   9.181337589697e-01  -4.943251002186e+00   1.928560805240e-04   1.683750147506e-06  -8.206199151835e-05   1.398329670130e-10  -1.225627793101e-01  -1.071325285581e-06   2.109998141865e-01   1.967978581636e+00   2.126948412998e+00   6.409427872215e-02  -1.436174933433e-04  -4.796915761359e-06   4.270596909533e+00  -1.043070635301e-01  -3.608042439516e-04  -1.149087053926e-05   4.191360974964e+00  -1.249986045738e+00  -5.208105657964e-04  -1.285810650739e-05   2.351495530006e+00  -1.920053561232e+00  -2.666724927646e-04  -6.050427316739e-06  -9.710184599313e-05  -2.212900846070e-09   5.846885197189e-02  -2.071762287492e-07  -2.850239503004e-01   1.287090142912e+00   2.711028937927e+00   3.200480772042e+00   2.092643833393e+00   7.644484408082e-01  -9.901236601153e-01   1.001584522161e-05   1.285754662765e+00   2.709205911123e+00   3.200130044974e+00   2.093141964172e+00   7.656001393294e-01   9.881642841900e-01   9.994747975800e-06
  -1.371849734224e-06  -8.080617586613e-07   4.090591799819e-06  -7.656692943702e-01  -1.140048865541e-11  -4.522979027839e-05   4.950988652022e-05  -1.980906442880e+00  -1.336382985127e-10  -1.905007750367e-04   2.021360757218e-04  -3.926442233710e+00  -3.110739995684e-10  -2.802706446500e-04   1.928560805240e-04  -4.304614488352e+00  -1.304127983023e-10   1.356756987524e-01  -4.444613389708e-07   3.588427579684e-05   1.398329670130e-10   2.015466327256e-05  -5.031647140263e-04  -5.429439192175e-04  -2.183073455547e-04  -8.042116489703e-01   1.510294404165e-09  -1.134115773934e-03  -5.137283806883e-04  -2.105769312728e+00   3.973746528273e-09  -1.121333759876e-03  -6.176087867484e-04  -3.553270579792e+00   4.110748892472e-09  -6.340470973341e-04  -3.011967224071e-04  -3.012253573874e+00   1.882682062803e-09  -8.492054178705e-01   5.417860111807e-06   2.821922279053e-05   1.178049242505e-09  -2.763396612141e-04  -6.459872769577e-01  -1.230117799712e+00  -1.306720712850e+00  -7.269213663638e-01  -6.092195987171e-01  -1.126785739767e-01  -4.097887118374e-06   6.442850508599e-01   1.227266488731e+00   1.304254373735e+00   7.256969146751e-01   6.082839221605e-01  -1.131755769922e-01   4.083412490902e-06
  -1.612454533961e-08  -9.497854100154e-09   5.571904550329e-08  -1.140048865541e-11  -7.654567828066e-01  -5.288137762988e-07   6.650468549701e-07  -1.336382985127e-10  -1.978182831444e+00  -1.971278870868e-06   2.200009452422e-06  -3.110739995684e-10  -3.904686235280e+00  -2.475323406296e-06   1.683750147506e-06  -1.304127983023e-10  -4.265299270811e+00   1.398329670130e-10  -4.006326591797e-05  -3.415412592320e-07   1.343905520569e-01  -3.134319733053e-07  -8.385681089077e-06  -9.075232130494e-06  -3.730309819289e-06   9.193392488147e-10  -7.941325513745e-01  -1.737726065582e-05  -8.617435580878e-06   2.588410796139e-09  -2.051760787388e+00  -1.612428720687e-05  -9.684122240045e-06   2.889212962110e-09  -3.479497241559e+00  -8.307779115440e-06  -4.365731988738e-06   1.306454789851e-09  -2.971301105827e+00   1.236265279353e-09   1.910902449354e-04   6.798821179338e-06  -8.787620970720e-01  -2.908537154803e-06   4.970584588162e-06   8.601367645391e-06   8.453085243557e-06   4.067724018666e-06   4.324119854472e-06  -2.712320332620e-06  -5.363880716610e-01   4.959524722838e-06   8.585562291994e-06   8.441449780690e-06   4.063590421795e-06   4.319329065317e-06   2.704884178058e-06  -5.354019504767e-01
   5.338233331332e-06   2.213164867199e-06  -8.885818477723e-05   2.306199341446e-01   7.003272416047e-11   1.161995258561e-04  -2.671632956977e-04   5.555100793770e-01   3.473041272061e-10   1.527639618346e-04  -2.095706827816e-04   3.682352082663e-01   3.376134028933e-10   9.977330927616e-05  -8.206199151835e-05   1.356756987524e-01   1.398329670130e-10  -6.422017303279e+00   9.413623474604e-07  -1.121603826217e-04  -5.637382449496e-10   4.878639553371e-05   2.767495899274e-04   3.144443813686e-04   1.178908134783e-03   7.478885342777e-01  -5.977060875220e-09   8.091420990871e-04   1.200218383693e-03   1.554901295323e+00  -7.026414931093e-09   3.106824467412e-04   2.016251022354e-04   7.510029322368e-01  -1.784708816499e-09   8.815036431901e-05   2.089226146328e-05   1.412242586642e-01  -2.745988377682e-10   2.539616868851e+00  -1.421209185821e-05  -1.447334874433e-04  -1.310186428465e-08   1.900623292704e-03   1.304556953400e-02   2.061335124783e-01   1.609063897528e-01   3.236671892925e-02   1.582783368010e-01  -6.241495993011e-02   7.994128558729e-07  -1.290990193130e-02  -2.051814902107e-01  -1.605287994642e-01  -3.224686151661e-02  -1.571995521642e-01  -6.182277859649e-02  -7.926181651366e-07
  -1.487773641936e-11  -6.168123707355e-12   7.003272416047e-11  -7.873817237727e-07  -6.806114616802e-05  -3.238008718960e-10   3.473041272061e-10  -1.864850855354e-06  -1.639847547024e-04  -4.245375781735e-10   3.376134028933e-10  -1.215617292125e-06  -1.087264969397e-04  -2.763875192898e-10   1.398329670130e-10  -4.444613389708e-07  -4.006326591797e-05   9.413623474604e-07  -6.168645270930e+00  -4.469767709929e-12   7.129336014013e-05  -6.734697180187e-12  -1.178539663931e-09  -1.342322153048e-09  -5.798069945598e-09  -3.174861646979e-06  -1.912381352408e-04  -3.330770362198e-09  -6.604081047979e-09  -6.528219651951e-06  -4.006406236256e-04  -1.167416890653e-09  -1.500872117634e-09  -3.075960341973e-06  -1.966239798234e-04  -2.804416815178e-10  -1.817341750914e-10  -5.481027475832e-07  -3.819075339950e-05  -1.383859790339e-05  -7.436419342309e-01   6.831818396554e-09  -8.441396107388e-04  -1.151302261517e-08   4.950373659223e-08   7.002703538645e-07   4.408138072168e-07   4.790145915554e-08   6.435480704570e-07  -2.178063382964e-07  -1.631581573380e-02  -4.892794956904e-08  -6.962757805076e-07  -4.396809162325e-07  -4.799660410315e-08  -6.382171179765e-07  -2.154886172794e-07   1.616937428207e-02
   5.563547834208e-03   2.306577446250e-03  -1.551186617361e-01   4.559809367935e-05  -8.235375691516e-07   1.211009950491e-01  -4.297103061862e-01   1.259492900955e-04  -1.728519861285e-06   1.591360320109e-01  -3.189633703490e-01   9.336730338045e-05  -9.899469733037e-07   1.038798969867e-01  -1.225627793101e-01   3.588427579684e-05  -3.415412592320e-07  -1.121603826217e-04  -4.469767709929e-12  -6.281730700805e+00   9.476141100320e-08   1.976802119900e-01   3.129501379265e-01   3.560474429188e-01   1.111818834250e+00  -2.763050390987e-04  -1.034553981641e-05   9.012840426017e-01   8.885462408227e-01  -2.155827233372e-04  -1.526976986485e-05   3.377384805158e-01   7.987813808698e-04   6.117026227874e-06  -5.444704215912e-06   9.300451798774e-02  -1.923711028604e-02   7.022034755402e-06  -9.086869201436e-07  -1.135962415285e-04   6.544430582749e-09  -8.906257251433e-01  -2.638480541582e-05   2.533333009140e-01   9.722461051085e-03   1.693651281094e-01   1.734605246504e-01   7.214911979989e-02   1.132261465155e-01  -6.604905572955e-02   7.919292181141e-07   9.631291147951e-03   1.687851119982e-01   1.733207193096e-01   7.213622465182e-02   1.125839343440e-01   6.556389327156e-02   7.859718663559e-07
   7.271365073800e-08   3.014617144528e-08  -1.099375952715e-06   7.003272416047e-11   2.300089752727e-01   1.582682821636e-06  -3.412434005668e-06   3.473041272061e-10   5.524743756859e-01   2.078225804217e-06  -2.724515447863e-06   3.376134028933e-10   3.652091895488e-01   1.355426680541e-06  -1.071325285581e-06   1.398329670130e-10   1.343905520569e-01  -5.637382449496e-10   7.129336014013e-05   9.476141100320e-08  -6.416209622940e+00   1.739017317286e-06   4.624241139027e-06   5.268207497218e-06   1.952886518248e-05  -5.738165919216e-09   7.463495752956e-01   1.308843842175e-05   1.938880246319e-05  -6.597369851007e-09   1.551209083017e+00   4.739902972798e-06   2.992087154881e-06  -1.567357145511e-09   7.487720436590e-01   1.244720446200e-06   2.660476865198e-07  -2.163581540857e-10   1.405537867906e-01  -1.239074510212e-08  -8.256951571667e-04  -2.644865073819e-05   2.534353967353e+00   1.748350962287e-05  -9.503242678465e-08  -1.271685191168e-06  -4.311272082381e-07   4.092221337246e-07  -1.114026293090e-06   6.340502449697e-07   3.336427138266e-02  -9.407865904377e-08  -1.266324170412e-06  -4.305128957061e-07   4.090423648711e-07  -1.106761274264e-06  -6.286887554459e-07   3.312074886930e-02
  -9.359021720335e-03  -3.880133516087e-03   2.680624444571e-01   5.818117637170e-05  -1.559971144710e-07  -2.037147082965e-01   7.412443791593e-01   1.149720286273e-04  -7.737915751570e-07  -2.676531038324e-01   5.494347444804e-01   6.087272737870e-05  -7.544490778691e-07  -1.746834229505e-01   2.109998141865e-01   2.015466327256e-05  -3.134319733053e-07   4.878639553371e-05  -6.734697180187e-12   1.976802119900e-01   1.739017317286e-06  -6.514618631899e+00  -5.419735607494e-01  -6.166652642663e-01  -1.924884792051e+00   8.621223080782e-04   1.156861730746e-05  -1.558375054054e+00  -1.534117470548e+00   1.177128903705e-03   1.336012181533e-05  -5.804942310087e-01   4.226000574903e-03   3.838891762273e-04   3.234562372641e-06  -1.579792524509e-01   3.562994631684e-02   6.453029194246e-05   4.586884508838e-07   1.888976299609e-03  -1.170119721247e-08   2.529531107057e-01   1.798495409308e-05  -1.179976731918e+00  -1.033521707257e-02  -1.959144039687e-01  -2.303200895836e-01  -1.120406146265e-01  -1.103188631116e-01   1.008082124211e-01  -7.485114705004e-07  -1.025542244349e-02  -1.955127230144e-01  -2.303262889289e-01  -1.120548517935e-01  -1.099489330229e-01  -1.001527730014e-01  -7.441250472690e-07
  -2.947340461225e-03  -1.781129301070e-03   3.299721353583e-02  -8.414765340190e-06  -1.408666427226e-07  -2.351551355236e-01   7.785037222708e-01  -1.987553462624e-04  -3.321214099566e-06  -1.441561491495e+00   3.118904373739e+00  -7.968217872268e-04  -1.329916382815e-05  -1.517253292469e+00   1.967978581636e+00  -5.031647140263e-04  -8.385681089077e-06   2.767495899274e-04  -1.178539663931e-09   3.129501379265e-01   4.624241139027e-06  -5.419735607494e-01  -2.125648225818e+01  -2.155115631982e+01  -1.564175721578e-01  -1.440271175501e-05   1.447303390773e-06  -7.572242892526e+00  -7.221026361738e-02  -6.618577138623e-06   6.680934111659e-07  -3.429865473621e+00  -2.300051573406e-02  -2.082750402014e-06   2.127499077351e-07  -1.447273189359e+00  -5.787330341742e-03  -5.200096275401e-07   5.352278746307e-08   1.316189225719e-05   2.400940018325e-10   1.483145148334e-02   8.683062254023e-08  -1.637764949122e-02  -2.075920128005e-01  -1.591821271141e+00  -1.737872552038e+00  -1.073577998384e+00  -9.666162074570e-01   1.554812853128e+00  -2.098592915402e-05  -2.062906682439e-01  -1.588247789560e+00  -1.736576047983e+00  -1.073292506574e+00  -9.650045140001e-01  -1.547444907902e+00  -2.088218429820e-05
  -1.170759384024e-04   8.631611079932e-05   1.044927987408e-02  -2.659685979767e-06  -4.469495208863e-08  -2.390002674673e-01   8.467538495511e-01  -2.159396211799e-04  -3.616099703478e-06  -1.550632072825e+00   3.370824250562e+00  -8.603249241279e-04  -1.438504183241e-05  -1.634938977482e+00   2.126948412998e+00  -5.429439192175e-04  -9.075232130494e-06   3.144443813686e-04  -1.342322153048e-09   3.560474429188e-01   5.268207497218e-06  -6.166652642663e-01  -2.155115631982e+01  -1.949912926704e+01  -2.172838115418e-01  -2.000865910044e-05   2.010489720579e-06  -8.138739293169e+00  -6.751672895715e-02  -6.219406370476e-06   6.247248934397e-07  -3.705426454221e+00  -1.763336785345e-02  -1.626280653322e-06   1.631640642497e-07  -1.560907882047e+00  -4.125755352651e-03  -3.808529410179e-07   3.817703030274e-08   6.590360695225e-06   1.203655839701e-10   7.405318675983e-03   4.331851859564e-08  -8.174823386892e-03  -2.185052994838e-01  -1.723812428063e+00  -1.876883859352e+00  -1.157797407629e+00  -1.067854996866e+00   1.720096702462e+00  -2.323079790631e-05  -2.170543974172e-01  -1.719947832503e+00  -1.875485908363e+00  -1.157490307560e+00  -1.066113530681e+00  -1.712003700970e+00  -2.311676538916e-05
  -1.146629370810e-01  -1.007600538311e-01   5.993711511336e-01  -1.705289685102e-04  -2.850327028337e-06  -1.218960235223e+00   2.473812748179e+00  -7.618152479627e-04  -1.262727292199e-05  -1.663094034749e+00   1.851717976296e+00  -7.847473945382e-04  -1.303867952695e-05  -7.452927369830e-01   6.409427872215e-02  -2.183073455547e-04  -3.730309819289e-06   1.178908134783e-03  -5.798069945598e-09   1.111818834250e+00   1.952886518248e-05  -1.924884792051e+00  -1.564175721578e-01  -2.172838115418e-01  -9.062208201167e+00   9.429472268202e-05   6.204169838265e-07  -5.796912452576e-01  -6.063707638524e+00   1.023638259396e-04   6.846351032554e-07  -3.696914144258e-01  -2.252409386587e+00   4.276465028227e-05   2.950219546967e-07  -1.754667873174e-01  -6.016952737273e-01   1.175880933360e-05   8.247826049016e-08   6.242416024275e-05  -1.024155462823e-09   2.296243937683e-01   4.074905765722e-06  -4.344670999441e-01   5.259233052493e-01   7.446105205616e-01   1.611453486147e-01  -4.688097840265e-02   8.563337332398e-02  -1.495962053099e+00   2.007815815001e-05   5.250683786755e-01   7.458594757079e-01   1.621191494056e-01  -4.661189267595e-02   9.128024580760e-02   1.495397858324e+00   2.006630133069e-05
   2.914314768194e-05   2.562179532033e-05  -1.695811183508e-04  -6.887408189979e-02   7.240083139980e-10   3.051654461965e-04  -7.407093784824e-04  -4.986189934719e-01   3.184614596708e-09   3.812002344674e-04  -6.880366609309e-04  -1.217831258147e+00   3.238596122998e-09   1.334514119868e-04  -1.436174933433e-04  -8.042116489703e-01   9.193392488147e-10   7.478885342777e-01  -3.174861646979e-06  -2.763050390987e-04  -5.738165919216e-09   8.621223080782e-04  -1.440271175501e-05  -2.000865910044e-05   9.429472268202e-05  -8.828077365351e+00   1.721624206083e-09  -5.238734619828e-05   1.023638259396e-04  -5.806019906008e+00   1.858107277384e-09  -3.190282596527e-05   4.276465028227e-05  -2.141980452603e+00   7.669735088472e-10  -1.470874325721e-05   1.175880933360e-05  -5.709181118939e-01   2.094528206575e-10  -2.542578068578e-01   3.439707821518e-06   3.471230596564e-05  -1.024155462823e-09   1.312407330479e-04  -8.732049079929e-01  -1.410043545070e+00  -5.565103726788e-01  -1.303865945675e-01  -1.619131216309e+00   1.715150879973e+00  -3.434205557123e-05   8.689865828012e-01   1.407152774492e+00   5.560549247477e-01   1.303258668389e-01   1.617979664150e+00   1.708703054456e+00   3.420753514677e-05
   4.911015039319e-07   4.313508962833e-07  -2.866116246788e-06   7.320809252195e-10  -6.884810994318e-02   5.288307882383e-06  -1.293587550458e-05   3.353438135659e-09  -4.973309352148e-01   7.703518108047e-06  -1.439343117518e-05   3.997088732062e-09  -1.207538846710e+00   3.991097951558e-06  -4.796915761359e-06   1.510294404165e-09  -7.941325513745e-01  -5.977060875220e-09  -1.912381352408e-04  -1.034553981641e-05   7.463495752956e-01   1.156861730746e-05   1.447303390773e-06   2.010489720579e-06   6.204169838265e-07   1.721624206083e-09  -8.761480762572e+00   5.361795653216e-06   6.846351032554e-07   1.858107277384e-09  -5.733035953764e+00   3.415957153417e-06   2.950219546967e-07   7.669735088472e-10  -2.110988430529e+00   1.620257378604e-06   8.247826049016e-08   2.094528206575e-10  -5.623247734193e-01  -1.024155462823e-09  -8.693095224773e-06   2.396653461715e-06  -2.910037901380e-01   3.175989721019e-07   1.194233612621e-05   2.025800213327e-05   9.224324591019e-06   2.942773666090e-06   2.244964291961e-05  -3.548251434606e-05  -8.428959402111e-01   1.188211300369e-05   2.021238324645e-05   9.215556209024e-06   2.941502774852e-06   2.242858418759e-05   3.534298779621e-05  -8.398242423972e-01
  -7.806577229589e-01  -7.800917483873e-01   9.864570911056e-01  -2.529645198407e-04  -4.183738870799e-06  -2.294346292528e+00   3.046180564247e+00  -7.883997603149e-04  -1.281178798552e-05  -4.080088174728e+00   5.883386707696e+00  -1.551382611868e-03  -2.432507012793e-05  -3.971075182646e+00   4.270596909533e+00  -1.134115773934e-03  -1.737726065582e-05   8.091420990871e-04  -3.330770362198e-09   9.012840426017e-01   1.308843842175e-05  -1.558375054054e+00  -7.572242892526e+00  -8.138739293169e+00  -5.796912452576e-01  -5.238734619828e-05   5.361795653216e-06  -1.037867535267e+01  -9.092702720664e-01  -3.959534992993e-05   8.293927207836e-06  -7.308978690411e+00  -5.569656217684e-01   1.566766010189e-05   4.950906318635e-06  -3.754038763634e+00  -1.828644215449e-01   1.104645764826e-05   1.604685563394e-06   2.855627597813e-04   4.793921528708e-09   3.664292362416e-01   2.268194829224e-06  -4.132315039638e-01  -1.465997402282e+00  -3.688050492244e+00  -4.148742614379e+00  -2.831754685359e+00  -1.908068614595e+00   2.934902696544e+00  -3.885362189252e-05  -1.461681498509e+00  -3.681888511952e+00  -4.145821335140e+00  -2.830975383159e+00  -1.908297277235e+00  -2.926745910606e+00  -3.873815304585e-05
  -2.318936864810e+00  -2.336521497972e+00   2.001309487861e+00  -6.625662345073e-04  -1.096088399185e-05  -4.724547278501e+00   4.064358867660e+00  -1.466171114694e-03  -2.391694107194e-05  -4.492748517911e+00   2.731364124854e+00  -1.435829123991e-03  -2.337352547459e-05  -2.244234410155e+00  -1.043070635301e-01  -5.137283806883e-04  -8.617435580878e-06   1.200218383693e-03  -6.604081047979e-09   8.885462408227e-01   1.938880246319e-05  -1.534117470548e+00  -7.221026361738e-02  -6.751672895715e-02  -6.063707638524e+00   1.023638259396e-04   6.846351032554e-07  -9.092702720664e-01  -8.268960008113e+00   2.682865759648e-04   2.301902492514e-06  -1.014959122499e+00  -5.270856312005e+00   1.752234235925e-04   1.986791250163e-06  -6.075340709581e-01  -1.819491216523e+00   5.724259861443e-05   7.265892027438e-07   4.047932872098e-04  -3.162793781053e-09   6.804485372171e-01   1.244723702683e-05  -1.330091035422e+00   1.343619789758e+00   1.509472215280e+00   3.352189684743e-01  -2.047961972313e-01  -4.699599410122e-01  -1.940552789463e+00   2.567270840991e-05   1.344082686087e+00   1.512738944500e+00   3.378191499758e-01  -2.039641088086e-01  -4.610207216585e-01   1.942103824320e+00   2.568775630051e-05
   5.895794031736e-04   5.941385525678e-04  -6.559163282506e-04  -5.830433804469e-01   2.786688099682e-09   1.191546990619e-03  -1.422560681774e-03  -1.616158880084e+00   6.088013409645e-09   1.066802331697e-03  -1.260289195112e-03  -2.837243404709e+00   6.237622736711e-09   4.559096187047e-04  -3.608042439516e-04  -2.105769312728e+00   2.588410796139e-09   1.554901295323e+00  -6.528219651951e-06  -2.155827233372e-04  -6.597369851007e-09   1.177128903705e-03  -6.618577138623e-06  -6.219406370476e-06   1.023638259396e-04  -5.806019906008e+00   1.858107277384e-09  -3.959534992993e-05   2.682865759648e-04  -7.442572039319e+00   4.308175779034e-09   2.855119584963e-05   1.752234235925e-04  -4.593271238553e+00   2.237021086649e-09   3.669986391020e-05   5.724259861443e-05  -1.576457593093e+00   6.352406119945e-10  -5.230597490909e-01   9.280582882403e-06   4.190919814643e-05  -3.162793781053e-09   4.532146095783e-04  -2.225498374238e+00  -2.841977682643e+00  -1.364840098039e+00  -3.694211124696e-01  -2.173480039852e+00   1.607505636965e+00  -4.375422751193e-05   2.219141880342e+00   2.837420024764e+00   1.363916741548e+00   3.693655065379e-01   2.174171646378e+00   1.603141288668e+00   4.363451921506e-05
   9.929029548745e-06   1.000272024965e-05  -1.108380478996e-05   2.846413020814e-09  -5.828397061461e-01   2.038817162949e-05  -2.463923403454e-05   6.458373339178e-09  -1.612369780411e+00   2.040973365642e-05  -2.610495702395e-05   7.683646415605e-09  -2.800054286883e+00   1.176394728662e-05  -1.149087053926e-05   3.973746528273e-09  -2.051760787388e+00  -7.026414931093e-09  -4.006406236256e-04  -1.526976986485e-05   1.551209083017e+00   1.336012181533e-05   6.680934111659e-07   6.247248934397e-07   6.846351032554e-07   1.858107277384e-09  -5.733035953764e+00   8.293927207836e-06   2.301902492514e-06   4.308175779034e-09  -7.227066176722e+00   9.022042539684e-06   1.986791250163e-06   2.237021086649e-09  -4.433907944305e+00   5.331278466857e-06   7.265892027438e-07   6.352406119945e-10  -1.521735768317e+00  -3.162793781053e-09   2.416753812563e-05   4.063116718776e-06  -6.745793461171e-01   1.583327072213e-06   3.040256634580e-05   4.072246831775e-05   2.303488121556e-05   8.822452461449e-06   3.013817483764e-05  -4.587974968339e-05  -1.698088702392e+00   3.030924265293e-05   4.064769693884e-05   2.301373558347e-05   8.818575628920e-06   3.014041709650e-05   4.575260009078e-05  -1.694008172543e+00
  -1.721093705029e+00  -1.731842522106e+00   7.081182015180e-01  -1.839202920129e-04  -2.956466825688e-06  -3.664049678020e+00   2.081508989439e+00  -5.481403397813e-04  -8.562274882357e-06  -5.222758848527e+00   4.379855677858e+00  -1.182644864609e-03  -1.742349939793e-05  -5.276136434601e+00   4.191360974964e+00  -1.121333759876e-03  -1.612428720687e-05   3.106824467412e-04  -1.167416890653e-09   3.377384805158e-01   4.739902972798e-06  -5.804942310087e-01  -3.429865473621e+00  -3.705426454221e+00  -3.696914144258e-01  -3.190282596527e-05   3.415957153417e-06  -7.308978690411e+00  -1.014959122499e+00   2.855119584963e-05   9.022042539684e-06  -7.500469527247e+00  -1.064131380705e+00   1.635149837401e-04   8.958563111749e-06  -5.074742437905e+00  -4.817888714835e-01   9.622910152801e-05   3.963638852926e-06   3.093853750108e-04   4.486221548075e-09   4.621060362530e-01   3.064106934024e-06  -5.353789793547e-01  -1.806915556751e+00  -3.898376980591e+00  -4.960781928104e+00  -3.966158056426e+00  -1.243003075260e+00   1.805013731340e+00  -2.327786322014e-05  -1.804172860987e+00  -3.893977810783e+00  -4.957810876171e+00  -3.965105155945e+00  -1.243933449477e+00  -1.801475945432e+00  -2.322804978801e-05
