ARMA_MAT_TXT_FN008
58 58
   3.189788063797e-01   2.849754510262e-01  -6.066796515033e-03   1.494057512844e-07   4.549614545322e-08  -6.824345278036e-02  -6.930727126684e-03   3.430922599501e-08   5.510052926441e-08  -6.141733265526e-02  -7.215596373328e-03  -4.833473732235e-07   5.863862358983e-08   9.315967476592e-04  -1.877279494523e-04   8.723243186403e-07  -4.853429932528e-09   3.174424480149e-07  -8.276079778440e-13   2.764161212013e-04   1.983309881504e-09  -5.400753986836e-04   1.629401163702e-03   2.395671660237e-03  -6.252638917344e-03   3.266213526406e-06   2.605993264512e-08  -4.167073127245e-03  -7.945181689425e-03   4.489670126734e-06   2.961946383934e-08   7.436058136877e-03   1.990399458629e-03  -6.466569944910e-07   8.146741038151e-09  -4.411139675666e-03  -1.218760792164e-03  -3.885000762811e-06   2.162252241930e-08   8.443288322526e-07  -2.438030503398e-11   7.243516961728e-04   2.622934102424e-08  -2.584432342562e-03   1.162324813860e-03   1.613378118945e-03   5.705712546227e-04   7.180343769628e-04  -1.926408778657e-04  -2.032329141205e-04   4.779418781882e-09   1.160736438772e-03   1.611079287797e-03   5.681177487034e-04   7.083143936272e-04  -1.925357889165e-04   2.034686170962e-04   4.781860356663e-09
   2.849754510262e-01   2.640877034338e-01  -9.645640893095e-03   1.131914546850e-07   7.345318012141e-08  -1.167205083261e-01  -1.229861916419e-02  -6.267766170126e-08   9.855253813781e-08  -1.026834035073e-01  -1.220163265310e-02  -8.928552664852e-07   1.000428777987e-07   9.723461700871e-04  -2.782302601956e-04   1.381024923586e-06  -7.747209111820e-09   5.544899407227e-07  -2.982516983737e-13   5.443165534469e-04   2.632721041636e-09  -8.432423450729e-04   2.635649603978e-03   3.879242494581e-03  -1.038810822885e-02   5.440877882981e-06   4.419473325303e-08  -6.606998923974e-03  -1.328094513791e-02   7.517762379461e-06   5.070026210056e-08   1.277803839061e-02   3.401791206736e-03  -1.254380236831e-06   1.503960843601e-08  -7.103037817270e-03  -1.956689722496e-03  -6.350884789619e-06   3.525815124299e-08   1.408420621821e-06  -4.157515126065e-11   1.205884975451e-03   4.465460017769e-08  -4.370546426743e-03   1.986995699206e-03   2.750643469626e-03   9.523621543605e-04   1.163653596622e-03  -3.171376160254e-04  -3.392230761225e-04   7.994994660717e-09   1.984292619089e-03   2.746653958891e-03   9.481784573098e-04   1.147820668700e-03  -3.169777717658e-04   3.396275326215e-04   7.999250358695e-09
  -6.066796515033e-03  -9.645640893095e-03   6.224203861475e-02  -1.493765067656e-06   8.776889820666e-08   2.864190937993e-02   9.351376340012e-02  -1.059215290742e-06   1.475205560843e-07   6.763256306736e-02   5.503168668533e-02   5.208579022909e-06   2.664066427262e-07   2.625316701684e-02  -1.117162719438e-03   5.732644129092e-07   6.392467954974e-08   1.158985391147e-06  -1.100652689994e-12   3.166044697975e-03   2.101240798211e-08  -6.099987721456e-03   1.200749627686e-02   2.003708585430e-02  -3.875314702235e-02   2.204242557583e-05   2.181741398228e-07  -5.912488609342e-02  -6.282425121356e-02   3.663360802492e-05   3.534995961724e-07  -2.870681108726e-02  -2.489501348610e-02   1.511547836529e-05   2.034206994808e-07  -7.374396342253e-03   6.937478585938e-04   2.964197806884e-06   4.266618331488e-08   6.982180222219e-06  -9.249824277184e-11   3.137019131561e-03   1.611906782457e-07  -9.221321492535e-03   4.808217407035e-03   8.218822245651e-03   5.069457552835e-03   1.992283913504e-03  -1.278079243393e-03  -4.027753751291e-04   1.411434553868e-08   4.811653926894e-03   8.228647123365e-03   5.077440189450e-03   1.998457986433e-03  -1.275056112343e-03   4.057112715919e-04   1.412353292091e-08
   1.494057512844e-07   1.131914546850e-07  -1.493765067656e-06   8.567804908300e-02  -2.032918570864e-10   1.189696569099e-06  -2.404647872640e-06   1.323056137786e-01  -3.059109355506e-10  -2.129049509382e-05   1.449007439982e-05   1.206378049757e-01  -3.328497341924e-10  -2.567136448805e-05   2.390053452130e-06   1.198897969092e-02  -3.027776060881e-10  -5.292090138880e-03   3.041630148388e-08  -8.294382539200e-07  -2.185779878572e-11  -6.924055842633e-07   1.375089909827e-06   2.342758753824e-06   1.869744943081e-05   6.195599131710e-03   2.070785628834e-10  -9.315301493031e-06   2.336402646520e-05   7.752808974890e-03   1.996134878120e-10   3.293723905011e-05   2.253159399525e-05   4.617063222327e-03   4.691956136170e-11   1.896730156950e-05   1.989494776008e-05   2.046475623666e-02   4.220895398227e-11   1.909792662525e-02  -3.145679385831e-13  -4.444881622105e-06  -7.329419523517e-11   1.286117355460e-05  -8.468359584863e-03  -2.327589837643e-02  -3.317914993761e-02  -1.988369861287e-02  -7.551247919459e-05  -1.540762479286e-03   2.194909682853e-08   8.472896851997e-03   2.326388678869e-02   3.319190738243e-02   1.987506521628e-02   6.597677044368e-05  -1.544885917568e-03  -2.196235743672e-08
   4.549614545322e-08   7.345318012141e-08   8.776889820666e-08  -2.032918570864e-10   4.907154918544e-02  -2.307624142498e-07   1.529200075795e-07  -3.107274671149e-10   7.770878656936e-02  -3.054208973878e-07   1.696100948034e-07  -2.967151537228e-10   6.804263593995e-02  -3.494344378750e-08   6.363275118088e-08  -3.054355100482e-10   5.750975614636e-03  -1.178041719145e-11   1.611661624183e-06   3.995401834321e-08  -6.270575044489e-03  -9.368257484609e-09  -1.356354790341e-07  -2.331359290311e-07   1.096818814569e-07   1.995960179094e-10   3.111582872380e-02   6.802934579040e-07   1.778018398400e-07   1.790786718006e-10   5.423492556071e-02   6.336812326035e-07   6.623350238046e-08   3.444143253990e-10   3.763685215845e-02  -2.693443889934e-07   5.017074290462e-08   3.882874312783e-10   2.172748821672e-03  -3.685960793860e-11  -1.574514092226e-06  -7.784937790298e-08   1.170616811112e-02   7.476539248456e-08  -1.051937980653e-07  -8.534757427392e-08   9.635708622574e-08   9.409661274140e-08  -6.410999207832e-09   3.779529469809e-08   1.853122163205e-03  -1.052985456611e-07  -8.611793192010e-08   9.610578432094e-08   9.463264945061e-08  -6.584823369931e-09  -3.785730097174e-08   1.850969969779e-03
  -6.824345278036e-02  -1.167205083261e-01   2.864190937993e-02   1.189696569099e-06  -2.307624142498e-07   3.422177080405e-01   4.116066485069e-02   2.294977096526e-06  -3.460353487470e-07   2.959577602838e-01   3.750310160718e-02   4.652476526891e-06  -3.259811311920e-07   9.268891545402e-05   6.162011372650e-04  -3.573845630010e-06   1.941217273740e-08  -1.674086516151e-06  -3.111862374852e-12  -1.666030845071e-03  -5.820853455006e-10   1.964366997579e-03  -6.538511878650e-03  -9.439773382906e-03   2.814756358981e-02  -1.469789544336e-05  -1.368808837728e-07   1.406009204256e-02   3.575065492632e-02  -1.999282333715e-05  -1.663029514803e-07  -3.955506912056e-02  -1.070996416513e-02   4.929086725601e-06  -6.303964969146e-08   1.919525570939e-02   5.363911868260e-03   1.811614341896e-05  -9.748953582881e-08  -3.486700405871e-06   1.198322751065e-10  -3.257906314089e-03  -1.317844463318e-07   1.227341732239e-02  -5.967509395063e-03  -8.195260855341e-03  -2.529628546345e-03  -3.163776072863e-03   8.106352028166e-04   1.020368916032e-03  -2.446086908643e-08  -5.959066192783e-03  -8.182567231654e-03  -2.516488827061e-03  -3.119061083441e-03   8.102377136699e-04  -1.021410372023e-03  -2.447116429575e-08
  -6.930727126684e-03  -1.229861916419e-02   9.351376340012e-02  -2.404647872640e-06   1.529200075795e-07   4.116066485069e-02   1.405298236637e-01  -1.847997130811e-06   2.548630116336e-07   1.001491794659e-01   8.257178257535e-02   7.700068160133e-06   4.294702270365e-07   3.953216067897e-02  -1.711876604398e-03   9.169313076682e-07   9.788947045999e-08   1.797123598893e-06  -1.150944518002e-12   4.776174814663e-03   2.896341752114e-08  -9.201661099769e-03   1.838696724563e-02   3.070183070132e-02  -5.814292971968e-02   3.248176179022e-05   3.444671658588e-07  -9.043832290937e-02  -9.423581309638e-02   5.428875401358e-05   5.580535459552e-07  -4.391045014064e-02  -3.711990519831e-02   2.245963873076e-05   3.221812217404e-07  -1.116044880208e-02   1.005190145324e-03   4.334401430756e-06   6.578312036390e-08   1.055694204832e-05  -1.372956946157e-10   4.781149510341e-03   2.470348677231e-07  -1.390998474972e-02   6.868636497634e-03   1.183657341418e-02   7.614010091856e-03   2.977431930743e-03  -1.957188685577e-03  -5.344124205499e-04   2.103457802344e-08   6.874716466793e-03   1.185230066794e-02   7.626007063307e-03   2.986422119723e-03  -1.952705707415e-03   5.389881027806e-04   2.105085398466e-08
   3.430922599501e-08  -6.267766170126e-08  -1.059215290742e-06   1.323056137786e-01  -3.107274671149e-10   2.294977096526e-06  -1.847997130811e-06   2.043231318225e-01  -4.671145889495e-10  -3.161869230998e-05   2.343937813039e-05   1.861318885548e-01  -5.053296537397e-10  -3.900729167463e-05   3.573775968728e-06   1.835110734401e-02  -4.642154019078e-10  -8.216673836916e-03   4.710063593484e-08  -1.221702539832e-06  -3.306824621134e-11  -1.209249982324e-06   2.340450970139e-06   3.949798055023e-06   2.829700055603e-05   1.031731948963e-02   3.152270700804e-10  -1.529841593829e-05   3.525568784685e-05   1.314355691833e-02   3.044065561745e-10   4.942494003384e-05   3.462718668350e-05   7.720939854463e-03   7.555100702305e-11   2.898390240214e-05   3.075696008748e-05   3.161476524542e-02   6.610479265006e-11   2.935538334194e-02  -2.253557177980e-09  -6.820999700165e-06  -1.093923506740e-10   1.943363387097e-05  -1.252331531383e-02  -3.499842363894e-02  -5.087982120024e-02  -3.066858895146e-02  -7.310908110336e-05  -2.435113570498e-03   3.528923086000e-08   1.253084702165e-02   3.498008957009e-02   5.089953153001e-02   3.065533461052e-02   5.822049989514e-05  -2.441413562504e-03  -3.530848650171e-08
   5.510052926441e-08   9.855253813781e-08   1.475205560843e-07  -3.059109355506e-10   7.770878656936e-02  -3.460353487470e-07   2.548630116336e-07  -4.671145889495e-10   1.230581795424e-01  -4.616038222638e-07   2.764953788387e-07  -4.468051719347e-10   1.077510443759e-01  -5.228665833131e-08   1.005550248048e-07  -4.822158479665e-10   9.107137313209e-03  -1.970199911088e-11   2.552197174429e-06   6.356734700989e-08  -9.929965242343e-03  -1.547689685163e-08  -2.122807966423e-07  -3.650203199823e-07   1.720890011439e-07   3.199830685696e-10   4.927444381450e-02   1.065282725941e-06   2.783389993025e-07   2.908072721445e-10   8.588541272824e-02   9.943055570455e-07   1.027776000262e-07   5.504718744348e-10   5.960101443858e-02  -4.262273306005e-07   7.975519297556e-08   6.200806180407e-10   3.440724355658e-03  -5.464006332936e-11  -2.493371038299e-06  -1.228989837154e-07   1.853766865715e-02   1.180897628793e-07  -1.680550748895e-07  -1.371142799055e-07   1.529134724163e-07   1.489104775634e-07  -1.038506191844e-08   6.019041862853e-08   2.934569563375e-03  -1.682189530651e-07  -1.383296548823e-07   1.525262796377e-07   1.497693887824e-07  -1.066076597758e-08  -6.028890376933e-08   2.931161390160e-03
  -6.141733265526e-02  -1.026834035073e-01   6.763256306736e-02  -2.129049509382e-05  -3.054208973878e-07   2.959577602838e-01   1.001491794659e-01  -3.161869230998e-05  -4.616038222638e-07   2.869381969401e-01   6.938514680407e-02  -2.230463337148e-05  -3.264328431294e-07   1.893891804138e-02  -4.337775231536e-04  -5.617860080087e-06   3.760810729200e-08   8.329757803901e-07  -1.687384397779e-11   9.361826557083e-04   3.699742909283e-08  -2.829107412006e-03   4.507379184966e-03   8.991196132105e-03  -3.392454642488e-03   7.478589377106e-07  -5.519078659757e-08  -3.769592236295e-02  -1.362796456546e-02   6.830573929785e-06  -6.515864170282e-08  -5.693459422005e-02  -2.503357191085e-02   1.404186378642e-05  -4.150255755065e-08   1.042371499136e-02   4.778283896659e-03   1.175276190345e-05  -5.534338800208e-08  -2.604684350357e-06   4.563325766488e-11  -1.764522197129e-04  -3.894363056245e-08   3.468648701768e-03  -3.324798792970e-03  -3.542586593995e-03   1.452655167581e-03  -1.309489752691e-03  -4.035651710596e-04   9.132047086775e-04  -2.178504640838e-08  -3.317985513106e-03  -3.536743458562e-03   1.451412904788e-03  -1.278965160350e-03  -4.023373201526e-04  -9.107768715814e-04  -2.176016177234e-08
  -7.215596373328e-03  -1.220163265310e-02   5.503168668533e-02   1.449007439982e-05   1.696100948034e-07   3.750310160718e-02   8.257178257535e-02   2.343937813039e-05   2.764953788387e-07   6.938514680407e-02   4.927215234600e-02   2.724526170356e-05   3.618049394616e-07   2.271688859764e-02  -8.453053864558e-04   3.144592294058e-06   6.997437128078e-08   5.625801429013e-08   7.579325697574e-12   2.676429429909e-03   5.856764859546e-09  -5.184147058679e-03   9.278093844827e-03   1.530288879844e-02  -3.388136589525e-02   1.901365086817e-05   2.376181618595e-07  -4.558046860549e-02  -5.515686565462e-02   3.041981018884e-05   3.997909735525e-07  -2.284126185102e-02  -2.307970059493e-02   1.226439531306e-05   2.495857120953e-07  -5.879640951462e-03   8.284251586838e-04   6.885450437981e-06   3.739598367280e-08   9.855616081365e-06  -8.047339610934e-11   2.445189745592e-03   1.629312026351e-07  -7.691680729961e-03   5.468883783735e-03   9.014500971206e-03   4.411263211790e-03   1.757230795103e-03  -9.693261279140e-04  -6.058730787206e-04   1.929670772659e-08   5.476877939819e-03   9.036985407370e-03   4.433631678442e-03   1.771786095160e-03  -9.660110395492e-04   6.077994491433e-04   1.929316903503e-08
  -4.833473732235e-07  -8.928552664852e-07   5.208579022909e-06   1.206378049757e-01  -2.967151537228e-10   4.652476526891e-06   7.700068160133e-06   1.861318885548e-01  -4.468051719347e-10  -2.230463337148e-05   2.724526170356e-05   1.716256207575e-01  -4.804453995633e-10  -3.421055680093e-05   4.279052584182e-06   1.868038022805e-02  -4.422214808736e-10  -6.958317588314e-03   4.137406906973e-08  -7.322648226664e-07  -3.037037559787e-11  -1.517258502200e-06   4.022396163002e-06   6.778089423070e-06   1.927995074736e-05   4.185910734932e-04   4.129265534133e-10  -2.311133898171e-05   2.030657565781e-05  -2.057194096681e-03   4.379704352015e-10   5.279354744587e-05   2.508310450071e-05  -4.577350368589e-05   9.678202724605e-11   2.747100076517e-05   2.783843117430e-05   2.867433158818e-02   6.396569987801e-11   2.839646904621e-02   2.494994386106e-08  -5.649923090252e-06  -9.078121519203e-11   1.961793797985e-05  -1.805347527956e-02  -4.323135496241e-02  -5.065836404965e-02  -2.839695665003e-02  -5.884642275211e-04  -1.551232564549e-03   1.546142620029e-08   1.805749015307e-02   4.321790616935e-02   5.067971587174e-02   2.838534638054e-02   5.759729166500e-04  -1.557481262558e-03  -1.548394167022e-08
   5.863862358983e-08   1.000428777987e-07   2.664066427262e-07  -3.328497341924e-10   6.804263593995e-02  -3.259811311920e-07   4.294702270365e-07  -5.053296537397e-10   1.077510443759e-01  -3.264328431294e-07   3.618049394616e-07  -4.804453995633e-10   9.434795482365e-02   1.475851169106e-08   8.623823984658e-08  -4.410828435672e-10   7.974305815659e-03  -1.446181240249e-11   2.234730856723e-06   6.339006808618e-08  -8.694782658471e-03  -2.794505012517e-08  -1.684009798414e-07  -2.899003441735e-07   4.074822548488e-08   4.073787097085e-10   4.314522449327e-02   8.403277056164e-07   6.936201172543e-08   4.500939417736e-10   7.520217634126e-02   8.473893904631e-07   2.456461613102e-08   5.603645872574e-10   5.218727902148e-02  -3.972309044324e-07   7.031036199124e-08   5.308012744112e-10   3.012734660336e-03  -5.541366325676e-11  -2.183222069870e-06  -1.009175603435e-07   1.623177886734e-02   7.732818470084e-08  -1.199848221502e-07  -7.796998334499e-08   1.474917498137e-07   1.372869863426e-07  -1.124540926637e-08   4.872032381407e-08   2.569540167356e-03  -1.202422230586e-07  -7.921049401755e-08   1.470676772278e-07   1.380075776317e-07  -1.148300707743e-08  -4.880975310382e-08   2.566555934818e-03
   9.315967476592e-04   9.723461700871e-04   2.625316701684e-02  -2.567136448805e-05  -3.494344378750e-08   9.268891545402e-05   3.953216067897e-02  -3.900729167463e-05  -5.228665833131e-08   1.893891804138e-02   2.271688859764e-02  -3.421055680093e-05   1.475851169106e-08   1.153194374555e-02  -5.458282485918e-04  -4.356142505689e-06   1.712146340450e-08   1.794705421103e-06  -1.098037607996e-11   1.451409930041e-03   1.947406990800e-08  -2.758130433171e-03   6.156296501471e-03   9.995266510667e-03  -1.759215235761e-02   1.349314633885e-05   5.246098427016e-08  -2.814143879480e-02  -2.820285164581e-02   2.280911026415e-05   7.499886207692e-08  -1.230389689449e-02  -1.016948672925e-02   9.556663299915e-06   2.962610177311e-08  -3.871998065673e-03   9.886352412071e-05  -5.206472761163e-06   1.881665948325e-08  -3.398564711370e-06  -5.648740294630e-11   1.545228957143e-03   5.476309380011e-08  -4.442828508978e-03   1.833419747787e-03   3.196316688852e-03   2.290169742561e-03   9.460770474578e-04  -6.255924689690e-04  -1.173395568473e-04   2.648129255208e-09   1.821975664355e-03   3.172717447275e-03   2.268315960719e-03   9.350143305002e-04  -6.250821583285e-04   1.188453972039e-04   2.650364353956e-09
  -1.877279494523e-04  -2.782302601956e-04  -1.117162719438e-03   2.390053452130e-06   6.363275118088e-08   6.162011372650e-04  -1.711876604398e-03   3.573775968728e-06   1.005550248048e-07  -4.337775231536e-04  -8.453053864558e-04   4.279052584182e-06   8.623823984658e-08  -5.458282485918e-04   8.625485105790e-05   1.482717026885e-06   7.722064493597e-09   1.037196164231e-07   2.177983413081e-12  -7.197371142284e-05  -8.435865533896e-09   1.461568337645e-04  -1.115954304298e-03  -1.742761521365e-03   4.035111961430e-05  -4.525897611955e-06   3.027961373595e-08   4.393102321138e-03   1.147506627347e-04  -7.742069066593e-06   5.738707844964e-08   2.595532007807e-03  -2.268140506357e-04  -4.293080375184e-06   4.484813859746e-08   9.007344984315e-05   2.259340949155e-05   4.326315694159e-07   1.442597267064e-09   1.324295887830e-06   1.061127657906e-11  -1.676619817843e-04   1.445464385776e-08   1.298835934737e-04   8.217412087398e-04   1.160858099837e-03  -3.956734705781e-05   4.225335286426e-05   9.478654364870e-05  -1.698868855041e-04   4.664624283613e-09   8.287393102220e-04   1.174578878092e-03  -3.254832987895e-05   4.389566832548e-05   9.559079198918e-05   1.702954883773e-04   4.675252304226e-09
   8.723243186403e-07   1.381024923586e-06   5.732644129092e-07   1.198897969092e-02  -3.054355100482e-10  -3.573845630010e-06   9.169313076682e-07   1.835110734401e-02  -4.822158479665e-10  -5.617860080087e-06   3.144592294058e-06   1.868038022805e-02  -4.410828435672e-10  -4.356142505689e-06   1.482717026885e-06   3.514084273859e-03  -9.379267754392e-11  -2.372487159574e-04   2.773096124580e-09   1.611852523320e-08   2.918115459744e-11  -1.402256211751e-08   2.451566712885e-07   1.126338022540e-07  -2.355229598528e-06  -7.608840070757e-03  -4.481975989229e-11  -4.937128225571e-08  -5.724597783756e-06  -1.215531810313e-02  -1.478597200004e-10   1.832563739513e-05  -2.143969401779e-06  -6.035304522491e-03  -1.844638864060e-10   3.761263287624e-06   2.505426838506e-06   2.719961559930e-03  -4.790024432470e-12   4.209240090395e-03   2.546334346331e-08  -4.511865309473e-07  -7.058827977000e-11   3.981929818061e-06  -7.439511365621e-03  -1.392845496869e-02  -8.665085176200e-03  -3.190554061343e-03  -5.023804117216e-04   4.150404367521e-04  -1.269643134674e-08   7.440158931672e-03   1.393355278031e-02   8.669600306885e-03   3.189890529004e-03   5.024788843137e-04   4.145861302162e-04   1.267755300366e-08
  -4.853429932528e-09  -7.747209111820e-09   6.392467954974e-08  -3.027776060881e-10   5.750975614636e-03   1.941217273740e-08   9.788947045999e-08  -4.642154019078e-10   9.107137313209e-03   3.760810729200e-08   6.997437128078e-08  -4.422214808736e-10   7.974305815659e-03   1.712146340450e-08   7.722064493597e-09  -9.379267754392e-11   6.739897368746e-04   1.049475796936e-11   1.888798468655e-07   7.122232878336e-09  -7.348845668744e-04  -5.663247597054e-09  -1.975156524932e-08  -3.363965209489e-08  -3.255582469102e-08   1.325138077728e-10   3.646641999092e-03   9.057610903492e-08  -5.189079413283e-08   1.888813731902e-10   6.356101234666e-03   8.796619775919e-08  -2.616163186346e-08   1.113047849954e-10   4.410878045878e-03  -3.864710814492e-08   7.138764970173e-09  -1.645955124089e-11   2.546368659354e-04  -7.756741349531e-11  -1.845263155809e-07  -8.495484199200e-09   1.371912818587e-03   1.986586250583e-10   8.778712641504e-09   2.159854651815e-08   1.681644284332e-08   1.426192292026e-08  -5.076141410456e-10   7.979366590736e-10   2.171779891023e-04   8.556288822844e-09   2.112110978652e-08   1.649718868323e-08   1.419516671924e-08  -5.320885457253e-10  -8.108214579275e-10   2.169257612407e-04
   3.174424480149e-07   5.544899407227e-07   1.158985391147e-06  -5.292090138880e-03  -1.178041719145e-11  -1.674086516151e-06   1.797123598893e-06  -8.216673836916e-03  -1.970199911088e-11   8.329757803901e-07   5.625801429013e-08  -6.958317588314e-03  -1.446181240249e-11   1.794705421103e-06   1.037196164231e-07  -2.372487159574e-04   1.049475796936e-11   4.647989895659e-04  -2.285159642648e-09   1.431868936788e-07   3.860673649117e-12  -4.667985076684e-08   5.669382481047e-07   9.246586312440e-07  -2.598466265310e-06  -2.705452709630e-03   7.077574080001e-12  -2.306050803208e-06  -4.070218946091e-06  -4.107301815331e-03   6.018312444802e-12  -1.513008963465e-07  -2.700201174546e-06  -2.116194351545e-03  -1.276943771926e-11  -9.492511471530e-07  -1.323193141801e-06  -1.303426074650e-03  -2.186414648136e-12  -7.584535309704e-04   6.978190433863e-09   4.466929163015e-07   9.937043315743e-13  -3.048164679924e-07  -1.191555868375e-03  -1.487621213515e-03   9.471120960068e-04   1.116261646864e-03  -1.301860823161e-04   2.681152422352e-04  -5.676517343989e-09   1.190107591003e-03   1.488566050770e-03  -9.470876543259e-04  -1.115634091578e-03   1.310275191932e-04   2.681607472183e-04   5.673338172438e-09
  -8.276079778440e-13  -2.982516983737e-13  -1.100652689994e-12   3.041630148388e-08   1.611661624183e-06  -3.111862374852e-12  -1.150944518002e-12   4.710063593484e-08   2.552197174429e-06  -1.687384397779e-11   7.579325697574e-12   4.137406906973e-08   2.234730856723e-06  -1.098037607996e-11   2.177983413081e-12   2.773096124580e-09   1.888798468655e-07  -2.285159642648e-09   5.294395389099e-11   7.378519644910e-13  -2.059451011691e-07  -2.733357042415e-13  -3.932669951205e-12  -8.169431412391e-12   1.491919147744e-11   9.044267899293e-09   1.021940164761e-06   2.658866128488e-11   2.254810689163e-11   1.344464698730e-08   1.781242892643e-06   2.633610316782e-11   1.440526072666e-11   7.034763094799e-09   1.236110766584e-06  -2.719450071105e-12   8.971030962499e-12   7.381179016642e-09   7.135979918475e-08   5.538780578793e-09  -5.173248176255e-11  -4.616448210995e-12   3.844668086350e-07   5.633690558634e-12   2.042543859220e-09   3.539203718395e-10  -8.527518558829e-09  -6.726057181503e-09   3.703409717245e-10  -1.055315689934e-09   6.086229051388e-08  -2.045121373036e-09  -3.654644986744e-10   8.535886520842e-09   6.728835552111e-09  -3.749381682835e-10  -1.058782478888e-09   6.079156477534e-08
   2.764161212013e-04   5.443165534469e-04   3.166044697975e-03  -8.294382539200e-07   3.995401834321e-08  -1.666030845071e-03   4.776174814663e-03  -1.221702539832e-06   6.356734700989e-08   9.361826557083e-04   2.676429429909e-03  -7.322648226664e-07   6.339006808618e-08   1.451409930041e-03  -7.197371142284e-05   1.611852523320e-08   7.122232878336e-09   1.431868936788e-07   7.378519644910e-13   1.910064668423e-04  -3.070750045830e-09  -3.569955270009e-04   7.695254498263e-04   1.276178317286e-03  -2.349646845548e-03   9.704447569213e-07   3.471406879960e-08  -3.626121505407e-03  -3.721281071064e-03   1.667486900093e-06   5.807017558606e-08  -1.364603834739e-03  -1.225231174806e-03   5.439562758979e-07   3.720046900557e-08  -5.808851777259e-04  -1.383055263811e-05  -1.850212954992e-07   4.761677284047e-09   3.022087073505e-07  -6.147079038401e-12   2.109689159565e-04   1.784392222784e-08  -6.192241989283e-04   2.551522558844e-04   4.350255521516e-04   2.990676615363e-04   1.336092699433e-04  -8.309242451052e-05  -1.896949331828e-05   2.073548913216e-09   2.555835977344e-04   4.357473660372e-04   2.990378826518e-04   1.332090007549e-04  -8.291057788071e-05   1.922279859236e-05   2.074378141338e-09
   1.983309881504e-09   2.632721041636e-09   2.101240798211e-08  -2.185779878572e-11  -6.270575044489e-03  -5.820853455006e-10   2.896341752114e-08  -3.306824621134e-11  -9.929965242343e-03   3.699742909283e-08   5.856764859546e-09  -3.037037559787e-11  -8.694782658471e-03   1.947406990800e-08  -8.435865533896e-09   2.918115459744e-11  -7.348845668744e-04   3.860673649117e-12  -2.059451011691e-07  -3.070750045830e-09   8.012812320485e-04  -2.474194414298e-09   1.995697826885e-08   3.419407180509e-08  -4.596023195611e-08   1.329139039806e-11  -3.976115332013e-03  -1.012280784243e-07  -7.258381561173e-08   3.561540148934e-11  -6.930373636089e-03  -7.730733791460e-08  -2.611242271567e-08  -2.248349472132e-11  -4.809399943815e-03   2.668684390365e-08  -6.619570721183e-09  -6.152235814241e-11  -2.776432528359e-04  -4.898702381984e-12   2.011982284995e-07   1.155875683545e-08  -1.495864851169e-03  -1.721957789183e-08   2.353996511791e-08   2.617350930263e-08  -8.503413820824e-09  -9.784155959573e-09   4.311066880435e-10  -6.453487930155e-09  -2.367999743762e-04   2.350693641209e-08   2.619510897337e-08  -8.521753140167e-09  -9.878784760973e-09   4.544231600858e-10   6.460368910965e-09  -2.365249577809e-04
  -5.400753986836e-04  -8.432423450729e-04  -6.099987721456e-03  -6.924055842633e-07  -9.368257484609e-09   1.964366997579e-03  -9.201661099769e-03  -1.209249982324e-06  -1.547689685163e-08  -2.829107412006e-03  -5.184147058679e-03  -1.517258502200e-06  -2.794505012517e-08  -2.758130433171e-03   1.461568337645e-04  -1.402256211751e-08  -5.663247597054e-09  -4.667985076684e-08  -2.733357042415e-13  -3.569955270009e-04  -2.474194414298e-09   6.737579470845e-04  -1.496978026197e-03  -2.552646081907e-03   4.200369379564e-03  -3.198875188256e-06  -2.506677500945e-08   7.433612718117e-03   6.693065709899e-03  -5.354824578158e-06  -3.860235375897e-08   3.138536585291e-03   2.230554062072e-03  -2.309445192678e-06  -2.032653484543e-08   1.011584518998e-03   1.099555739370e-05  -2.853682757970e-07  -5.844899742493e-09  -8.036679863424e-07   1.245999755072e-11  -4.067737374573e-04  -1.728718418929e-08   1.113300516686e-03  -2.841378757950e-04  -5.382386025599e-04  -5.441677208341e-04  -2.241112325927e-04   1.674533006531e-04  -2.111310507951e-06  -8.883069919851e-10  -2.835249047521e-04  -5.373609616767e-04  -5.444759787350e-04  -2.244155754029e-04   1.673221250267e-04   1.888070577940e-06  -8.870586105280e-10
   1.629401163702e-03   2.635649603978e-03   1.200749627686e-02   1.375089909827e-06  -1.356354790341e-07  -6.538511878650e-03   1.838696724563e-02   2.340450970139e-06  -2.122807966423e-07   4.507379184966e-03   9.278093844827e-03   4.022396163002e-06  -1.684009798414e-07   6.156296501471e-03  -1.115954304298e-03   2.451566712885e-07  -1.975156524932e-08   5.669382481047e-07  -3.932669951205e-12   7.695254498263e-04   1.995697826885e-08  -1.496978026197e-03   3.288709734197e-01   2.817836588563e-01   3.455115556474e-04  -7.680023688743e-06   4.100184714366e-08  -4.838795570986e-02  -1.545052082480e-04  -2.385262849772e-06  -1.251177938248e-08  -3.030103525024e-02   3.081096522100e-03   2.761760468039e-06  -5.504261508224e-08  -8.284900335296e-04  -2.941112793889e-04   6.402361530579e-07   8.165953428187e-09   1.410154706859e-06   2.528079944522e-11   1.661504740363e-03  -2.573469853327e-08  -1.215203500303e-03  -9.543049596908e-03  -1.380200264308e-02   4.200833883399e-04  -6.031076713168e-04  -1.058802042911e-03   1.979914927355e-03  -3.094953459592e-08  -9.528573892892e-03  -1.378956397153e-02   4.178731758392e-04  -6.027712460206e-04  -1.060573429980e-03  -1.976120112459e-03  -3.088071638244e-08
   2.395671660237e-03   3.879242494581e-03   2.003708585430e-02   2.342758753824e-06  -2.331359290311e-07  -9.439773382906e-03   3.070183070132e-02   3.949798055023e-06  -3.650203199823e-07   8.991196132105e-03   1.530288879844e-02   6.778089423070e-06  -2.899003441735e-07   9.995266510667e-03  -1.742761521365e-03   1.126338022540e-07  -3.363965209489e-08   9.246586312440e-07  -8.169431412391e-12   1.276178317286e-03   3.419407180509e-08  -2.552646081907e-03   2.817836588563e-01   2.489630000518e-01   7.281329443127e-04  -1.159532580577e-05   5.299651441058e-08  -8.188791535089e-02   3.623161148990e-05  -4.168171278425e-06  -2.108724083715e-08  -5.023935567828e-02   5.095159675031e-03   5.317789259784e-06  -1.010409481737e-07  -1.306284421027e-03  -4.365631319880e-04   1.382613088493e-06   1.357297970454e-08   2.762746969167e-06   5.602550897034e-11   2.938519597363e-03  -4.589980027230e-08  -2.035461557298e-03  -1.608532682345e-02  -2.302381719344e-02   5.990818300501e-04  -9.751539456437e-04  -1.778297139998e-03   3.315084586350e-03  -5.264760064292e-08  -1.606194071007e-02  -2.300645212679e-02   5.958444573556e-04  -9.744260011878e-04  -1.781733010439e-03  -3.309321865563e-03  -5.254062220566e-08
  -6.252638917344e-03  -1.038810822885e-02  -3.875314702235e-02   1.869744943081e-05   1.096818814569e-07   2.814756358981e-02  -5.814292971968e-02   2.829700055603e-05   1.720890011439e-07  -3.392454642488e-03  -3.388136589525e-02   1.927995074736e-05   4.074822548488e-08  -1.759215235761e-02   4.035111961430e-05  -2.355229598528e-06  -3.255582469102e-08  -2.598466265310e-06   1.491919147744e-11  -2.349646845548e-03  -4.596023195611e-08   4.200369379564e-03   3.455115556474e-04   7.281329443127e-04   4.118442104532e-02  -1.374669278677e-05   4.968492602964e-08   8.958005390078e-04   6.429603162173e-02  -1.531631978680e-05   6.511783118786e-08  -1.416696281527e-02   2.444172827719e-02   3.667740307189e-06   2.863344915055e-08   9.318208562064e-03   4.261235206370e-05   5.542764048458e-06  -2.983650452823e-08  -4.164783088277e-06   9.542153280809e-11  -1.365479520921e-03  -1.106719589422e-07   9.257076120167e-03  -1.641392613762e-02  -2.450452192888e-02  -4.770940594887e-03  -3.027246611534e-03   1.122032322802e-04   2.790868660167e-03  -3.858246627177e-08  -1.641942338167e-02  -2.453124688119e-02  -4.780101987693e-03  -3.018748584154e-03   1.049977461631e-04  -2.793036050320e-03  -3.860674749093e-08
   3.266213526406e-06   5.440877882981e-06   2.204242557583e-05   6.195599131710e-03   1.995960179094e-10  -1.469789544336e-05   3.248176179022e-05   1.031731948963e-02   3.199830685696e-10   7.478589377106e-07   1.901365086817e-05   4.185910734932e-04   4.073787097085e-10   1.349314633885e-05  -4.525897611955e-06  -7.608840070757e-03   1.325138077728e-10  -2.705452709630e-03   9.044267899293e-09   9.704447569213e-07   1.329139039806e-11  -3.198875188256e-06  -7.680023688743e-06  -1.159532580577e-05  -1.374669278677e-05   3.956631406160e-02  -3.782249177064e-10   2.579577551764e-05  -1.553176584640e-05   6.166792810656e-02  -4.009948439989e-10  -2.695165458502e-05   2.479064995821e-06   3.117036343490e-02   8.544183394828e-11  -1.214769747155e-05   2.682154256327e-06   2.142999848353e-03   2.919313614468e-11  -5.712015020029e-03  -1.175211114413e-07  -1.042464704261e-06   1.406520887518e-10  -1.696464306053e-05   2.827553212905e-02   4.760015929310e-02   1.616899581739e-02   4.493768914003e-04   2.265002306088e-03  -3.025875688094e-03   7.437663267239e-08  -2.823243385155e-02  -4.756938683091e-02  -1.617237682618e-02  -4.461567542936e-04  -2.271102035714e-03  -3.019001973451e-03  -7.426600867234e-08
   2.605993264512e-08   4.419473325303e-08   2.181741398228e-07   2.070785628834e-10   3.111582872380e-02  -1.368808837728e-07   3.444671658588e-07   3.152270700804e-10   4.927444381450e-02  -5.519078659757e-08   2.376181618595e-07   4.129265534133e-10   4.314522449327e-02   5.246098427016e-08   3.027961373595e-08  -4.481975989229e-11   3.646641999092e-03   7.077574080001e-12   1.021940164761e-06   3.471406879960e-08  -3.976115332013e-03  -2.506677500945e-08   4.100184714366e-08   5.299651441058e-08   4.968492602964e-08  -3.782249177064e-10   1.973026760516e-02  -8.595820574153e-08   7.323674919192e-08  -6.120811005071e-10   3.438987932287e-02   9.068963488731e-08   5.205605444840e-08  -9.890782956098e-11   2.386519001195e-02  -1.811810099990e-07   3.065639378171e-08   3.288998457765e-10   1.377720518813e-03   1.590094303411e-10  -9.983852465259e-07  -2.965155686945e-08   7.422776089423e-03   3.032705947114e-08  -1.574775485369e-07  -1.818624734054e-07   6.698537501599e-08   5.525031124508e-08  -1.519725233914e-08   4.290093055196e-08   1.175048124207e-03  -1.566343602800e-07  -1.808704167658e-07   6.752576209423e-08   5.580082798909e-08  -1.527112179531e-08  -4.284816836179e-08   1.173683437682e-03
  -4.167073127245e-03  -6.606998923974e-03  -5.912488609342e-02  -9.315301493031e-06   6.802934579040e-07   1.406009204256e-02  -9.043832290937e-02  -1.529841593829e-05   1.065282725941e-06  -3.769592236295e-02  -4.558046860549e-02  -2.311133898171e-05   8.403277056164e-07  -2.814143879480e-02   4.393102321138e-03  -4.937128225571e-08   9.057610903492e-08  -2.306050803208e-06   2.658866128488e-11  -3.626121505407e-03  -1.012280784243e-07   7.433612718117e-03  -4.838795570986e-02  -8.188791535089e-02   8.958005390078e-04   2.579577551764e-05  -8.595820574153e-08   2.248839279311e-01   4.479957273353e-03   8.711053019687e-06   8.211297757838e-08   1.352117717247e-01  -1.091803920173e-02  -1.724494334576e-05   3.123970315015e-07   3.690093548051e-03   8.797676041719e-04  -5.724018471372e-06  -3.619327817141e-08  -9.743624011297e-06  -1.801749470028e-10  -8.454840538207e-03   1.281029455222e-07   6.098060906079e-03   4.260331084843e-02   6.023127781448e-02  -1.752750470739e-03   2.355252120349e-03   4.841699914519e-03  -8.774395032353e-03   1.428205459780e-07   4.254184806637e-02   6.019047215417e-02  -1.749052439519e-03   2.350260971364e-03   4.851719063982e-03   8.760437393625e-03   1.425553161610e-07
  -7.945181689425e-03  -1.328094513791e-02  -6.282425121356e-02   2.336402646520e-05   1.778018398400e-07   3.575065492632e-02  -9.423581309638e-02   3.525568784685e-05   2.783389993025e-07  -1.362796456546e-02  -5.515686565462e-02   2.030657565781e-05   6.936201172543e-08  -2.820285164581e-02   1.147506627347e-04  -5.724597783756e-06  -5.189079413283e-08  -4.070218946091e-06   2.254810689163e-11  -3.721281071064e-03  -7.258381561173e-08   6.693065709899e-03  -1.545052082480e-04   3.623161148990e-05   6.429603162173e-02  -1.553176584640e-05   7.323674919192e-08   4.479957273353e-03   1.006375077715e-01  -1.496786263141e-05   9.541135560783e-08  -1.927179070628e-02   3.869599264361e-02   9.668412046631e-06   4.260787577188e-08   1.426673987609e-02  -5.886464669764e-05   6.861955898966e-06  -4.563568990290e-08  -9.021348620923e-06   1.276521592134e-10  -2.199791471020e-03  -1.721257382367e-07   1.438726263486e-02  -2.510107321116e-02  -3.754188848958e-02  -7.487417439582e-03  -4.658911440827e-03   2.302735515895e-04   4.244930466232e-03  -5.852497132990e-08  -2.512068806519e-02  -3.760295125449e-02  -7.512326873948e-03  -4.650071855380e-03   2.183750530103e-04  -4.249189711357e-03  -5.858516793685e-08
   4.489670126734e-06   7.517762379461e-06   3.663360802492e-05   7.752808974890e-03   1.790786718006e-10  -1.999282333715e-05   5.428875401358e-05   1.314355691833e-02   2.908072721445e-10   6.830573929785e-06   3.041981018884e-05  -2.057194096681e-03   4.500939417736e-10   2.280911026415e-05  -7.742069066593e-06  -1.215531810313e-02   1.888813731902e-10  -4.107301815331e-03   1.344464698730e-08   1.667486900093e-06   3.561540148934e-11  -5.354824578158e-06  -2.385262849772e-06  -4.168171278425e-06  -1.531631978680e-05   6.166792810656e-02  -6.120811005071e-10   8.711053019687e-06  -1.496786263141e-05   9.615821742839e-02  -6.964414702146e-10  -6.441304973079e-05   8.862987230250e-06   4.858796365388e-02   4.809326487803e-11  -1.839331829870e-05   3.631108253251e-06   2.887712225204e-03   4.226737847234e-11  -9.352015556523e-03  -1.835815442804e-07  -5.537259397407e-07   1.712255533996e-10  -2.614132621041e-05   4.435124594458e-02   7.486750120705e-02   2.600295299067e-02   1.147994725115e-03   3.539224114240e-03  -4.690442400511e-03   1.156628901184e-07  -4.430145727308e-02  -7.484424308126e-02  -2.600957471544e-02  -1.144427472503e-03  -3.549878775547e-03  -4.683011697886e-03  -1.155472835827e-07
   2.961946383934e-08   5.070026210056e-08   3.534995961724e-07   1.996134878120e-10   5.423492556071e-02  -1.663029514803e-07   5.580535459552e-07   3.044065561745e-10   8.588541272824e-02  -6.515864170282e-08   3.997909735525e-07   4.379704352015e-10   7.520217634126e-02   7.499886207692e-08   5.738707844964e-08  -1.478597200004e-10   6.356101234666e-03   6.018312444802e-12   1.781242892643e-06   5.807017558606e-08  -6.930373636089e-03  -3.860235375897e-08  -1.251177938248e-08  -2.108724083715e-08   6.511783118786e-08  -4.009948439989e-10   3.438987932287e-02   8.211297757838e-08   9.541135560783e-08  -6.964414702146e-10   5.994159955225e-02   2.970656460985e-07   6.007909245761e-08  -1.317334929993e-11   4.159705387490e-02  -3.141924390399e-07   5.552264398615e-08   5.384806935359e-10   2.401368462418e-03   1.956828853347e-10  -1.740186643757e-06  -6.007427839477e-08   1.293790733451e-02   5.538976083108e-08  -2.207116262233e-07  -2.399047696903e-07   1.178819218258e-07   1.001525864368e-07  -2.142987208760e-08   6.408757927595e-08   2.048110243723e-03  -2.196741406302e-07  -2.388649576530e-07   1.185056893426e-07   1.010240243393e-07  -2.157111842310e-08  -6.403869902113e-08   2.045731593527e-03
   7.436058136877e-03   1.277803839061e-02  -2.870681108726e-02   3.293723905011e-05   6.336812326035e-07  -3.955506912056e-02  -4.391045014064e-02   4.942494003384e-05   9.943055570455e-07  -5.693459422005e-02  -2.284126185102e-02   5.279354744587e-05   8.473893904631e-07  -1.230389689449e-02   2.595532007807e-03   1.832563739513e-05   8.796619775919e-08  -1.513008963465e-07   2.633610316782e-11  -1.364603834739e-03  -7.730733791460e-08   3.138536585291e-03  -3.030103525024e-02  -5.023935567828e-02  -1.416696281527e-02  -2.695165458502e-05   9.068963488731e-08   1.352117717247e-01  -1.927179070628e-02  -6.441304973079e-05   2.970656460985e-07   9.103128748338e-02  -1.215751166343e-02  -5.025839111675e-05   3.602466752443e-07  -2.591228852576e-03  -1.075590884000e-04   2.463438112086e-06   7.513055118805e-09   1.473686954266e-05  -3.020696191310e-12  -4.392517564377e-03   1.772232231305e-07  -2.900960188412e-04   3.117947657460e-02   4.439596891508e-02   5.075980706592e-04   2.634287278334e-03   2.822534604808e-03  -6.239633569942e-03   1.089401491083e-07   3.122706726039e-02   4.453030259743e-02   5.936745081607e-04   2.648961274121e-03   2.836728073127e-03   6.237909705648e-03   1.089452005492e-07
