ARMA_MAT_TXT_FN008
150 150
   2.659609546471e-01   3.712737660523e-01  -1.319015232617e-01  -1.617194880057e-01   4.708538721313e-02   9.828881083889e-02  -2.683802898821e-02  -3.299246408747e-02   9.336282218379e-03   5.475178131280e-03  -1.020395381881e-04   2.196091675236e-08  -6.700204706720e-10  -3.950755967635e-06   1.040511778410e-09  -2.018886328359e-11   2.236560799658e-04  -4.893397342157e-08   1.482066012498e-09   1.463739555708e-04  -2.963593026967e-08   8.253768527425e-10  -4.761191885839e-04   9.680422256799e-08  -2.818720660122e-09  -3.594633101423e-04   9.266166551928e-08  -2.487350079144e-09   4.049777417816e-04  -1.167570381992e-07   2.092128112346e-09   1.028931600590e-03  -1.929819504789e-07   6.880112861197e-09   1.371231245773e-04  -8.650407651437e-08   2.115095769851e-09   6.726040800539e-09  -3.188016068224e-10   1.316438501124e-05  -7.923961275002e-10  -2.280176331105e-05  -1.484262554611e-09  -4.383292146542e-10  -3.198491940874e-06   8.738203348055e-12   5.539515870014e-06  -9.301380766710e-09   1.562420542440e-09  -1.700522722554e-05   1.355253156259e-09   2.945563157394e-05  -2.348705690854e-10   4.833219552114e-10  -2.070907150108e-06   8.041004164362e-10   3.586992319838e-06   8.004394053406e-09  -2.307609012829e-09   1.005392490163e-05  -2.466061854654e-09  -1.741503124351e-05  -3.398837867799e-05  -4.873399021033e-05   1.764490548516e-04   2.961962049204e-08   2.238751179560e-10   4.000179315132e-05   3.913785012489e-04   6.801304315133e-08   4.121121865828e-09   2.374243129763e-04  -2.542141521926e-04  -1.843655250865e-07   1.318316381116e-08  -1.801792015976e-04  -1.015671803011e-04  -1.091457689855e-08  -3.858773570179e-09   1.615344698650e-08  -4.003252810238e-10  -9.208018036623e-05  -2.683656341822e-11   1.594926578922e-04   1.420100796924e-05   2.322518488017e-05  -1.575298547478e-04   2.656966917073e-05  -9.107796741986e-06  -6.636302509669e-05  -2.340708858954e-04   3.799294934843e-05  -1.302561802812e-05  -7.648120427588e-05  -2.281270064364e-04   3.151291480890e-05  -1.079771473955e-05  -1.389976877892e-04  -5.101292748053e-05   6.844572879037e-05  -2.344250018590e-05   6.723057655193e-06   1.666650992234e-06   1.294276659708e-06  -2.303447389442e-06   2.052437414042e-06   1.422337069350e-05   2.326268653330e-05  -1.575951583161e-04  -2.125137078417e-05  -1.851216010411e-05  -6.647908409955e-05  -2.341805445749e-04  -3.040182249937e-05  -2.647846658848e-05  -7.668336401604e-05  -2.282722981736e-04  -2.522654905277e-05  -2.198354826861e-05  -1.391340825868e-04  -5.107601318636e-05  -5.456037516931e-05  -4.757905274298e-05  -5.358801897506e-06  -2.695407263782e-06  -2.482812067725e-07  -4.671460097034e-06   1.172924007895e-06   1.421576179828e-05   2.324986928236e-05  -1.575765043914e-04  -5.431841522614e-06   2.760698816329e-05  -6.643893216138e-05  -2.341480210655e-04  -7.774116638863e-06   3.948310267628e-05  -7.661661706012e-05  -2.282280509233e-04  -6.434851401176e-06   3.276067576675e-05  -1.391119426336e-04  -5.105394535747e-05  -1.391871935429e-05   7.103929997743e-05  -1.368724832304e-06   1.027725118517e-06  -2.748506738009e-06   6.975302065461e-06  -2.750339036715e-07
   3.712737660523e-01   5.457545086204e-01  -2.933559106721e-01  -3.580019297602e-01   1.149744379620e-01   2.306929954698e-01  -6.387208602825e-02  -7.906089716982e-02   2.246711775054e-02   1.308620841050e-02  -2.440256598880e-04   5.248289238055e-08  -1.607203719981e-09  -1.169548795480e-05   2.937743152573e-09  -6.767216146650e-11   5.393919014162e-04  -1.178001050336e-07   3.569970015170e-09   3.510805327823e-04  -7.124385216182e-08   1.989327164558e-09  -1.142408530734e-03   2.323580579817e-07  -6.770526795769e-09  -8.684115845361e-04   2.224512089552e-07  -5.973963564538e-09   9.808485953145e-04  -2.797091779458e-07   5.012919044943e-09   2.459632816039e-03  -4.644573424807e-07   1.652602984439e-08   3.416888662305e-04  -2.064130660801e-07   5.044462433314e-09   1.618284149962e-08  -6.736141731895e-10   3.222057691418e-05  -1.941580930287e-09  -5.580845163087e-05  -3.285611844784e-09  -9.052627585398e-10  -6.840245651794e-06  -2.255457268371e-11   1.184679726497e-05  -2.275071515369e-08   3.758265703466e-09  -4.256037577981e-05   3.295089182985e-09   7.372086422775e-05  -1.004410122962e-09   1.423918708463e-09  -6.281619844438e-06   1.975786597967e-09   1.088058998427e-05   1.987193819110e-08  -5.849143776552e-09   2.363906255105e-05  -5.923569302240e-09  -4.094714410958e-05  -8.021281810355e-05  -1.150859422071e-04   4.219777198205e-04   7.041822311578e-08   5.169030617407e-10   9.386910035444e-05   9.334118557726e-04   1.624836587660e-07   9.841627254821e-09   5.430961160695e-04  -6.155689206864e-04  -4.301299495608e-07   3.121365304161e-08  -4.163421232823e-04  -2.348022139209e-04  -2.759790468027e-08  -9.082368782646e-09   3.839072256472e-08  -1.844615529052e-09  -2.194841239758e-04  -1.424761769045e-10   3.801688796086e-04   3.420854442769e-05   5.614358261086e-05  -3.773632957482e-04   6.380819044783e-05  -2.187287583313e-05  -1.607402879412e-04  -5.621823233592e-04   9.165644736787e-05  -3.142363582750e-05  -1.814078597796e-04  -5.437164468847e-04   7.497776145730e-05  -2.569132579017e-05  -3.304185866931e-04  -1.207977541240e-04   1.614155357987e-04  -5.528429009803e-05   1.618220701943e-05   4.040041506781e-06   3.050204434541e-06  -5.544354591055e-06   5.126090530596e-06   3.426234270037e-05   5.623400617710e-05  -3.775193622403e-04  -5.103598755559e-05  -4.445740780552e-05  -1.610208581718e-04  -5.624431279836e-04  -7.334132838935e-05  -6.387698780987e-05  -1.818850837413e-04  -5.440624117881e-04  -6.002128808321e-05  -5.230358700480e-05  -3.307321092511e-04  -1.209454510955e-04  -1.286658329876e-04  -1.122026351313e-04  -1.289798729358e-05  -6.533707493555e-06  -6.889553034585e-07  -1.124356305038e-05   2.994203993971e-06   3.424403564095e-05   5.620312262927e-05  -3.774748847499e-04  -1.304507854064e-05   6.629920467473e-05  -1.609239100549e-04  -5.623661129006e-04  -1.875414247351e-05   9.525042821333e-05  -1.817275225195e-04  -5.439570338719e-04  -1.531196234803e-05   7.794559366143e-05  -3.306824822302e-04  -1.208936471162e-04  -3.282346565130e-05   1.675287500889e-04  -3.294479146269e-06   2.491325840318e-06  -6.749584688421e-06   1.678893194777e-05  -5.156990588827e-07
  -1.319015232617e-01  -2.933559106721e-01   5.090371690501e-01   6.353638271931e-01  -2.858631203133e-01  -5.104642723618e-01   1.498539422381e-01   1.886695206578e-01  -5.450452604080e-02  -3.110730418530e-02   5.919001961612e-04  -1.272079808650e-07   3.959968261945e-09   4.071963928842e-05  -9.623638769975e-09   2.683422246256e-10  -1.315370524962e-03   2.857190469361e-07  -8.674717166265e-09  -8.505472315419e-04   1.737588657735e-07  -4.952275972709e-09   2.754418681673e-03  -5.602707613411e-07   1.640862153399e-08   2.137615180555e-03  -5.365505989629e-07   1.443374094482e-08  -2.429772760560e-03   6.698503713556e-07  -1.200506376515e-08  -5.861361832702e-03   1.128091688377e-06  -3.996046523236e-08  -9.148202371618e-04   4.879200643608e-07  -1.188579577954e-08  -3.901803661032e-08   8.538532163937e-10  -8.267222200743e-05   4.977602140950e-09   1.431932208358e-04   5.689529869200e-09   9.928490783752e-10   9.542404295313e-06   4.063114128542e-10  -1.652738945543e-05   5.844775762373e-08  -9.326475162908e-09   1.177541231505e-04  -8.305660580341e-09  -2.039664660967e-04   6.306992129805e-09  -5.453150788211e-09   2.754393569464e-05  -5.158666627054e-09  -4.771122239761e-05  -5.316101572539e-08   1.620211765332e-08  -5.470241792811e-05   1.430836144241e-08   9.475752939606e-05   1.808960830415e-04   2.592756887228e-04  -1.000156083390e-03  -1.636525991157e-07  -1.080171797277e-09  -1.985385958142e-04  -2.195916463077e-03  -3.839282709159e-07  -2.336398066699e-08  -1.102847763279e-03   1.525089477352e-03   9.493447543013e-07  -7.180965779908e-08   8.877065668380e-04   5.013161190030e-04   7.670855494163e-08   2.054998392968e-08  -8.959333897145e-08   1.067276198926e-08   5.170359196646e-04   9.063027644887e-10  -8.955521777441e-04  -8.356877250699e-05  -1.385224027744e-04   9.028708533029e-04  -1.541493810052e-04   5.284195222326e-05   3.986686649065e-04   1.355499821445e-03  -2.244867062448e-04   7.696253613904e-05   4.212839037953e-04   1.280531469422e-03  -1.757100359048e-04   6.021220635762e-05   7.707993441302e-04   2.777451530739e-04  -3.675715906669e-04   1.258908336975e-04  -3.945217355625e-05  -1.004862256001e-05  -7.021801171367e-06   1.351728649651e-05  -1.372730986426e-05  -8.369954472492e-05  -1.387435819385e-04   9.032400958782e-04   1.232927227744e-04   1.073980937518e-04   3.993596753278e-04   1.356108032104e-03   1.796145792115e-04   1.564384192822e-04   4.223775046571e-04   1.281342927109e-03   1.406636038017e-04   1.225643459822e-04   7.714563424048e-04   2.780743466204e-04   2.929662962779e-04   2.554834019396e-04   3.144170076061e-05   1.625040720509e-05   2.277841198161e-06   2.740811970659e-05  -8.425418741765e-06  -8.365504349269e-05  -1.386682107860e-04   9.031358795843e-04   3.151681178217e-05  -1.601656504455e-04   3.991218246476e-04   1.355931234567e-03   4.592896422510e-05  -2.332814034143e-04   4.220165270540e-04   1.281095881683e-03   3.589626129172e-05  -1.826586465190e-04   7.713609600476e-04   2.779577086987e-04   7.473669499789e-05  -3.814690962680e-04   8.031926818011e-06  -6.197122695931e-06   1.735195863246e-05  -4.092835654909e-05   3.045026217876e-07
  -1.617194880057e-01  -3.580019297602e-01   6.353638271931e-01   8.279726898013e-01  -4.791309227090e-01  -8.030596156896e-01   2.605532030860e-01   3.262613402434e-01  -9.606797526199e-02  -5.408255242097e-02   9.859194610430e-04  -2.126616252414e-07   6.169796889645e-09   6.979949895841e-05  -1.628502240485e-08   3.415561066970e-10  -2.243381288850e-03   4.920826817114e-07  -1.453933535979e-08  -1.456546807488e-03   3.010407559774e-07  -8.417440490528e-09   4.690888611747e-03  -9.750347187629e-07   2.824763592976e-08   3.630425749843e-03  -9.331091820103e-07   2.467153337168e-08  -4.137597096621e-03   1.165765507629e-06  -2.067649352509e-08  -9.905770113119e-03   1.965434541849e-06  -6.895617879296e-08  -1.609341836953e-03   8.629904161526e-07  -2.080369478788e-08  -6.137350265800e-08   7.472394428166e-09  -9.784756834397e-05   6.365463729940e-09   1.694865560000e-04   6.932617940631e-09   6.596721720477e-09   2.630636151717e-05  -2.683074724386e-10  -4.555617605425e-05   8.509078282974e-08  -9.012290770400e-09   1.243481013543e-04  -1.253859072572e-08  -2.153862486026e-04  -3.063238175621e-09  -5.291548545952e-09  -2.746560181387e-05  -7.018028217681e-09   4.757050612152e-05  -8.354585299026e-08   3.192856552779e-08  -6.713879494435e-05   2.481880998885e-08   1.163095139273e-04   3.765066281468e-04   5.623188117201e-04  -1.858764282488e-03  -3.131956711364e-07  -2.850080443063e-09  -6.713212229489e-04  -4.028370193642e-03  -7.213301231383e-07  -4.198395801272e-08  -2.140659468936e-03   2.572029959555e-03   1.545061375837e-06  -1.262678392265e-07   1.433506627615e-03   8.165965854586e-04   1.348250775229e-07   3.513913398486e-08  -1.588657142317e-07   2.526609977186e-08   9.105334483134e-04   1.822242367631e-09  -1.577118904999e-03  -1.338353189661e-04  -2.241429230625e-04   1.586845245902e-03  -2.583312204745e-04   8.855210934962e-05   6.522948077845e-04   2.389343875881e-03  -3.738480639935e-04   1.281640849711e-04   7.088810621238e-04   2.251029081801e-03  -3.007939712304e-04   1.030739739029e-04   1.381915967926e-03   5.125799371325e-04  -6.410371163508e-04   2.195550675486e-04  -6.457970093024e-05  -1.629795619874e-05  -9.716449727099e-06   2.212651285376e-05  -2.516226616768e-05  -1.340514651800e-04  -2.245138426324e-04   1.587554968741e-03   2.066482626545e-04   1.800144391902e-04   6.534741938749e-04   2.390498844971e-03   2.991704699759e-04   2.605789495767e-04   7.106912819392e-04   2.252513128996e-03   2.408062961296e-04   2.098269465663e-04   1.382998413866e-03   5.131358154580e-04   5.109271045519e-04   4.455468181717e-04   5.146717012649e-05   2.635662976224e-05   5.369567095528e-06   4.486468808670e-05  -1.656572887896e-05  -1.339777794061e-04  -2.243868786270e-04   1.587344750783e-03   5.281324550025e-05  -2.684338961266e-04   6.530652219288e-04   2.390149643870e-03   7.648106029775e-05  -3.885302128684e-04   7.100945909413e-04   2.252051971079e-03   6.144460583306e-05  -3.126919696881e-04   1.382852371105e-03   5.129395182097e-04   1.303496914171e-04  -6.652645770450e-04   1.314732795304e-05  -1.005032052570e-05   2.981759243070e-05  -6.699582569420e-05  -2.405689180024e-06
   4.708538721313e-02   1.149744379620e-01  -2.858631203133e-01  -4.791309227090e-01   5.921569067528e-01   8.821169556792e-01  -3.740845369346e-01  -4.568183841276e-01   1.435086224740e-01   7.888099331916e-02  -1.497094093166e-03   3.253743697633e-07  -9.154832328358e-09  -1.369977433736e-04   3.111436815004e-08  -7.219615963764e-10   3.336087018989e-03  -7.410027107378e-07   2.108757014255e-08   2.215628954930e-03  -4.668137614346e-07   1.293995440867e-08  -6.750893451696e-03   1.443083663860e-06  -4.085775836506e-08  -5.293925762697e-03   1.389736706703e-06  -3.560965545390e-08   5.951668418614e-03  -1.712221162091e-06   2.955239291532e-08   1.398028244034e-02  -2.900233840428e-06   9.924257579641e-08   2.454292109500e-03  -1.289001748775e-06   3.024077919039e-08   9.308798691643e-08  -1.876742679929e-08   9.462318567220e-05  -8.023015576693e-09  -1.639167137502e-04   1.273340746678e-08  -1.565054563362e-08  -1.903052440702e-05  -2.875622579048e-10   3.294187999048e-05  -9.615442074409e-08   9.750917833189e-10  -4.421471212388e-05   1.540110091247e-08   7.657981220335e-05   2.254067876866e-08   1.099157375848e-09   1.569077872016e-04   7.901723551405e-09  -2.717789471084e-04   1.126511007357e-07  -5.440546082146e-08   5.495904958242e-05  -3.646882607736e-08  -9.523200937106e-05  -6.512644631053e-04  -1.004175895879e-03   2.910711619381e-03   5.056640480212e-07   6.239021700970e-09   1.525284700234e-03   6.221814135356e-03   1.145547052508e-06   6.364466915643e-08   3.382450187639e-03  -3.656318852178e-03  -2.031210084926e-06   1.868106309734e-07  -1.826698806864e-03  -1.056952117696e-03  -2.068340234189e-07  -4.958482326401e-08   2.370345290773e-07  -5.161129529855e-08  -1.347961588201e-03  -3.400632565940e-09   2.334767341867e-03   1.757310674850e-04   2.990360918108e-04  -2.352829595383e-03   3.601879712575e-04  -1.234617475212e-04  -8.842195674995e-04  -3.559161476209e-03   5.176217246971e-04  -1.774431770272e-04  -9.792550433737e-04  -3.324951830682e-03   4.264948538071e-04  -1.461471103580e-04  -2.080998029899e-03  -7.926518340678e-04   9.280783524857e-04  -3.178727273573e-04   8.801103300927e-05   2.182781474705e-05   9.794574208786e-06  -3.015455271834e-05   3.927677511402e-05   1.760292780168e-04   2.995572428678e-04  -2.353993617669e-03  -2.881819698169e-04  -2.510522869866e-04  -8.859124197363e-04  -3.561027131676e-03  -4.143186909744e-04  -3.608962976104e-04  -9.817134664288e-04  -3.327258389586e-03  -3.414652442062e-04  -2.975407312608e-04  -2.082426175281e-03  -7.934206019175e-04  -7.396916380628e-04  -6.450209914916e-04  -7.014010720144e-05  -3.529962476425e-05  -1.041539552901e-05  -6.114214638881e-05   2.776940148117e-05   1.759269613431e-04   2.993775476675e-04  -2.353632062214e-03  -7.362983475420e-05   3.743137529524e-04  -8.853205191803e-04  -3.560440492858e-03  -1.058804765652e-04   5.380190344120e-04  -9.809040796667e-04  -3.326523780394e-03  -8.711951471739e-05   4.433748448440e-04  -2.082263189087e-03  -7.931501404640e-04  -1.887304588551e-04   9.631263829168e-04  -1.791727105244e-05   1.345919580767e-05  -4.315715441371e-05   9.130272572292e-05   8.802751205978e-06
   9.828881083889e-02   2.306929954698e-01  -5.104642723618e-01  -8.030596156896e-01   8.821169556792e-01   1.384304756301e+00  -7.040485170988e-01  -8.271579607387e-01   2.817534126076e-01   1.554193743967e-01  -2.910285572658e-03   6.136157241885e-07  -1.940219446815e-08  -2.489963719872e-04   5.688859437328e-08  -1.681139921404e-09   6.775456273232e-03  -1.431324598452e-06   4.442546403453e-08   4.498719669206e-03  -9.069623689058e-07   2.801517468714e-08  -1.461605967832e-02   2.900906966333e-06  -8.838906934938e-08  -1.210805205984e-02   2.822966210603e-06  -7.887693254453e-08   1.369726305361e-02  -3.443836408286e-06   6.418042174304e-08   3.091637789162e-02  -5.954785957999e-06   2.128216192921e-07   5.688728193828e-03  -2.381045323837e-06   6.088518025816e-08   1.810961280298e-07   1.144664953424e-08   5.323075366676e-04  -2.710413124263e-08  -9.219660432711e-04  -5.231508557144e-09   1.586216993939e-08   6.331595478337e-05  -5.456763155191e-09  -1.096433203183e-04  -4.541945744749e-07   7.025349158070e-08  -1.136422869897e-03   5.549434597319e-08   1.968426833827e-03  -1.964308694719e-07   5.625675558865e-08  -6.744182168106e-04   4.075471429819e-08   1.168183958251e-03   3.877590000959e-07  -8.917368287592e-08   4.352075965983e-04  -7.656665518327e-08  -7.538636959561e-04  -5.180104636178e-04  -6.387492276287e-04   4.341952597990e-03   6.622860073852e-07   4.732157057576e-09  -7.254898041100e-04   9.682687534744e-03   1.668559813124e-06   1.118539840313e-07   2.326205318325e-03  -8.698485506624e-03  -4.457979842071e-06   3.411044249051e-07  -3.740827650488e-03  -2.105807159002e-03  -5.017900863376e-07  -9.374487802310e-08   4.229657846110e-07  -8.877983232135e-08  -2.495649755153e-03  -1.000040871731e-08   4.322644171083e-03   4.673806215258e-04   7.798946079648e-04  -4.522842687877e-03   8.152127485474e-04  -2.794723088112e-04  -2.239813947986e-03  -6.856501458895e-03   1.217717338435e-03  -4.174930445850e-04  -1.988462915152e-03  -6.185512963031e-03   8.333643969542e-04  -2.856289049240e-04  -3.518500505637e-03  -1.144053109267e-03   1.648688489552e-03  -5.646304613173e-04   2.261084057727e-04   5.748760607383e-05   4.359808175562e-05  -7.747212929683e-05   7.258452514394e-05   4.680989293344e-04   7.811083037223e-04  -4.524521746081e-03  -6.519613914157e-04  -5.678671068147e-04  -2.243585487283e-03  -6.859217734046e-03  -9.740928796651e-04  -8.483739384169e-04  -1.993877208284e-03  -6.189364004590e-03  -6.672855869526e-04  -5.812863860087e-04  -3.521141188443e-03  -1.145535248296e-03  -1.313746172681e-03  -1.145747468683e-03  -1.801771496938e-04  -9.296977335998e-05  -9.591540801904e-06  -1.570571391956e-04   4.225810898813e-05   4.678568192056e-04   7.806999721913e-04  -4.524088250772e-03  -1.667176114198e-04   8.469720755954e-04  -2.242307946216e-03  -6.858497338827e-03  -2.491466394076e-04   1.265280888770e-03  -1.992083288373e-03  -6.188217677304e-03  -1.704096493859e-04   8.663317546827e-04  -3.520843224047e-03  -1.144999269913e-03  -3.350838267278e-04   1.710830790116e-03  -4.603504720028e-05   3.546406420665e-05  -9.583314842855e-05   2.345506466927e-04  -7.687541482942e-06
  -2.683802898821e-02  -6.387208602825e-02   1.498539422381e-01   2.605532030860e-01  -3.740845369346e-01  -7.040485170988e-01   7.051968335430e-01   7.640796749896e-01  -3.415480845980e-01  -1.846007437882e-01   4.185999422092e-03  -8.392553767658e-07   2.754501522961e-08   3.951134617175e-04  -8.463898237329e-08   2.738641422502e-09  -9.568952351277e-03   1.919066534569e-06  -6.201074672158e-08  -6.580285635960e-03   1.271610807002e-06  -4.175648207671e-08   1.988015653079e-02  -3.783962867653e-06   1.202557146097e-07   1.768421954505e-02  -3.778170837598e-06   1.113375907643e-07  -1.841927070171e-02   4.239642028017e-06  -8.333102175589e-08  -3.999827965369e-02   7.507579380645e-06  -2.743891239468e-07  -7.974278200550e-03   2.761635977559e-06  -7.542488962965e-08  -4.191730240643e-07  -2.746903988822e-08  -1.171026637905e-03   4.780595345214e-08   2.028245277321e-03  -1.120422294874e-07  -3.456187278272e-08  -3.595029054549e-04   1.526166837917e-08   6.226339771654e-04   9.643552544394e-07  -1.055336946746e-07   2.453770710937e-03  -9.771073445892e-08  -4.250194898355e-03   6.831862526551e-07  -8.502930466874e-08   1.937443993303e-03  -8.311658869667e-08  -3.355853674127e-03  -6.318924472615e-07   1.006196048724e-07  -8.409188183665e-04   9.848626623712e-08   1.456584540266e-03  -2.721504577140e-05  -3.606414986513e-04  -3.749178308854e-03  -5.149052680011e-07  -1.118083308347e-08   3.882210985248e-03  -8.923820196120e-03  -1.502492790744e-06  -1.312450300878e-07   1.888952847195e-03   1.191845403331e-02   5.460032481208e-06  -3.787703234257e-07   4.132125495268e-03   2.297430597476e-03   7.078657874318e-07   1.033060837826e-07  -4.651591799132e-07   1.174162351730e-07   2.811909190898e-03   1.731612029126e-08  -4.870400837047e-03  -5.900084891172e-04  -9.786854363376e-04   5.275968568836e-03  -9.768524772029e-04   3.349122320430e-04   2.789947802547e-03   8.016984290150e-03  -1.478168290150e-03   5.068236644212e-04   2.065225776417e-03   6.959328592489e-03  -8.568926520064e-04   2.937419262133e-04   3.649675274367e-03   9.494931915483e-04  -1.745345441647e-03   5.976735151497e-04  -3.125583755234e-04  -7.355143573878e-05  -6.834536977199e-05   1.070938714147e-04  -7.109057959767e-05  -5.909379855150e-04  -9.802441471711e-04   5.277859149035e-03   7.812176785390e-04   6.803885158060e-04   2.794739519685e-03   8.020012831555e-03   1.182360643192e-03   1.029678015492e-03   2.071878576742e-03   6.963876451306e-03   6.865362622273e-04   5.979105535511e-04   3.652412242288e-03   9.511639532118e-04   1.390403175706e-03   1.212753406186e-03   2.490759489949e-04   1.189666884918e-04  -3.017956866295e-07   2.171113686774e-04  -3.231123055837e-05  -5.906290606328e-04  -9.797269718627e-04   5.277419531426e-03   1.998421342480e-04  -1.014880461295e-03   2.793140658235e-03   8.019288150376e-03   3.025196387465e-04  -1.535832319791e-03   2.069666629458e-03   6.962549048248e-03   1.754186429883e-04  -8.909879449756e-04   3.652160567487e-03   9.505424837821e-04   3.545205574493e-04  -1.810955074911e-03   6.364157952971e-05  -4.538968618107e-05   1.100477368550e-04  -3.242369426549e-04   3.160611452721e-05
  -3.299246408747e-02  -7.906089716982e-02   1.886695206578e-01   3.262613402434e-01  -4.568183841276e-01  -8.271579607387e-01   7.640796749896e-01   8.541462006494e-01  -4.697872753508e-01  -2.420993926988e-01   3.308272894639e-03  -8.424753194920e-07   1.937161160774e-08   2.962362304797e-04  -8.210608061997e-08   1.759418154896e-09  -7.569339199990e-03   1.974954781616e-06  -4.579947571376e-08  -5.277787433766e-03   1.286298630406e-06  -2.974064530999e-08   1.693598630584e-02  -4.157388140955e-06   9.979098579849e-08   1.370999311405e-02  -4.210534833052e-06   8.974661995025e-08  -1.776007746989e-02   5.627630489590e-06  -8.450498379292e-08  -4.027065948076e-02   9.497720192375e-06  -2.831839585766e-07  -8.002368225409e-03   4.411699714482e-06  -8.704348730034e-08   1.809241275891e-07   6.923926863062e-08   7.555374480290e-04  -5.692055803565e-09  -1.308556952241e-03   8.833217238574e-08   5.779467970171e-08   3.432890706831e-04  -6.248763316375e-09  -5.945267490580e-04  -3.915159185496e-07   2.882345607635e-08  -1.583777965762e-03   2.067148981532e-09   2.743250814704e-03  -6.094008035859e-07   2.670256839232e-08  -1.837201268391e-03   1.365436088903e-08   3.182203399896e-03  -3.561253716059e-07   1.983260132168e-07  -1.183468889156e-04   1.205821978527e-07   2.051361147789e-04   2.494619898283e-03   3.920281193273e-03  -1.015778992729e-02  -1.909200221546e-06  -3.546051074830e-08  -7.109677763645e-03  -2.138346347361e-02  -4.149259411658e-06  -2.168680966610e-07  -1.248965924078e-02   1.051417968815e-02   5.414005989376e-06  -6.301483238625e-07   4.085580752235e-03   2.586203440379e-03   7.099074150125e-07   1.451399165789e-07  -8.057355698675e-07   1.822069616806e-07   4.389307935771e-03   1.364715931816e-08  -7.602624244220e-03  -4.730258410527e-04  -8.082325399545e-04   7.864079987439e-03  -1.103313222469e-03   3.781321425687e-04   2.456911678772e-03   1.190258939256e-02  -1.550357880232e-03   5.313912780018e-04   2.826697642784e-03   1.106044842809e-02  -1.345617751979e-03   4.610728902296e-04   6.867596771415e-03   2.734796707209e-03  -2.846708115678e-03   9.750476055468e-04  -2.559104859714e-04  -6.269157875703e-05  -1.869432157331e-05   8.767882331645e-05  -1.291695100977e-04  -4.738767212010e-04  -8.097264741605e-04   7.868363438061e-03   8.829857768103e-04   7.693674314427e-04   2.461869715928e-03   1.190933674005e-02   1.241417370343e-03   1.081563841663e-03   2.833566985215e-03   1.106851965229e-02   1.077487259848e-03   9.390068582260e-04   6.871685247190e-03   2.736999150617e-03   2.268932262593e-03   1.978453308691e-03   2.039695080279e-04   1.013957196239e-04   3.937054782978e-05   1.778078661294e-04  -9.612308629926e-05  -4.735775766033e-04  -8.092001424872e-04   7.866932078423e-03   2.254219228258e-04  -1.146804530305e-03   2.460108500660e-03   1.190706781606e-02   3.169651476989e-04  -1.611846677806e-03   2.831301140720e-03   1.106582924160e-02   2.747704766348e-04  -1.399009614239e-03   6.871362524312e-03   2.736240920214e-03   5.789939055925e-04  -2.954218434819e-03   5.209619792688e-05  -3.864654942923e-05   1.334112790691e-04  -2.654989601319e-04  -4.164331052588e-05
   9.336282218379e-03   2.246711775054e-02  -5.450452604080e-02  -9.606797526199e-02   1.435086224740e-01   2.817534126076e-01  -3.415480845980e-01  -4.697872753508e-01   7.601419692391e-01   3.626721574310e-01  -5.793231816576e-03   1.829009706897e-06  -4.073092482739e-08  -5.349514737881e-04   1.793691651013e-07  -4.027713063765e-09   1.321999229470e-02  -4.222856561864e-06   9.154496925608e-08   9.350488336786e-03  -2.852730331042e-06   6.354369891108e-08  -2.843710545589e-02   8.694924838313e-06  -1.833239557467e-07  -2.630672229349e-02   9.138611451565e-06  -1.783277538526e-07   3.082419862139e-02  -1.097694881330e-05   1.465938943914e-07   6.293053464438e-02  -1.980246567662e-05   4.765199948482e-07   1.581432415650e-02  -8.999873513701e-06   1.318037018739e-07   1.585170431798e-07  -6.959861365350e-08   4.684712769658e-04  -2.254194048632e-08  -8.114864742323e-04   4.877512919928e-08  -5.468081323438e-08   3.368094162775e-04   7.308367253123e-10  -5.834333371670e-04  -4.392087076195e-07  -3.671120616747e-08   5.059469077609e-05   9.626795574629e-08  -8.770177923954e-05  -2.680390361010e-07  -1.665115719353e-08   7.392919983212e-05   8.777805726501e-08  -1.281115107377e-04   8.453861310856e-07  -3.674059501508e-07   4.563138433394e-04  -1.956734006202e-07  -7.906708657956e-04  -2.263192987881e-03  -3.281201466937e-03   1.453173943183e-02   2.580071342353e-06   7.011281113203e-08   3.688590249359e-03   3.042231040294e-02   5.837720674651e-06   3.999568534981e-07   9.857547197998e-03  -1.881887442160e-02  -7.354975784996e-06   9.632356512260e-07  -2.571442581809e-03  -2.188419142500e-03  -1.617849426724e-06  -1.755866035543e-07   1.232234215782e-06  -3.148873561598e-07  -6.687731490158e-03  -4.498761095464e-08   1.158371675044e-02   1.098043330486e-03   1.858536818662e-03  -1.334359081996e-02   2.331942143092e-03  -7.991117779835e-04  -5.565386068156e-03  -2.043012862542e-02   3.484574726269e-03  -1.194124799805e-03  -4.665042738539e-03  -1.785758461440e-02   2.481452683174e-03  -8.502573772992e-04  -9.462485622595e-03  -3.539414918356e-03   3.606806227966e-03  -1.235292432148e-03   5.449211874472e-04   1.620616758244e-04   8.806329540191e-05  -1.867030203338e-04   2.650277393907e-04   1.099657016011e-03   1.861335834079e-03  -1.334962077666e-02  -1.864464993706e-03  -1.624691490517e-03  -5.574584270651e-03  -2.043933062186e-02  -2.786506150803e-03  -2.428075615411e-03  -4.676025772383e-03  -1.786960222537e-02  -1.985730017304e-03  -1.730362803390e-03  -9.467282053362e-03  -3.542330789079e-03  -2.873951852898e-03  -2.506294958954e-03  -4.341883755514e-04  -2.620601556014e-04  -6.187633312340e-05  -3.784795365358e-04   1.794008230950e-04   1.099119954429e-03   1.860400223167e-03  -1.334762303968e-02  -4.760174390786e-04   2.422707153982e-03  -5.571475987803e-03  -2.043628584240e-02  -7.114457577474e-04   3.620473522345e-03  -4.672446127260e-03  -1.786554640433e-02  -5.066237979921e-04   2.578917712296e-03  -9.467123672576e-03  -3.541297886108e-03  -7.331786095548e-04   3.742517269986e-03  -1.109282526673e-04   9.992814741254e-05  -3.050033357882e-04   5.652292692544e-04   3.866178959897e-05
   5.475178131280e-03   1.308620841050e-02  -3.110730418530e-02  -5.408255242097e-02   7.888099331916e-02   1.554193743967e-01  -1.846007437882e-01  -2.420993926988e-01   3.626721574310e-01   1.924516374098e-01  -8.830557963728e-03   4.488571343638e-07  -1.884520605144e-08  -9.196334536169e-04   4.795834419753e-08  -1.283661468976e-09   1.971320474408e-02  -9.955155140894e-07   4.864923750584e-08   1.340427965198e-02  -6.717653037119e-07   3.381059116426e-08  -3.755024346634e-02   1.838569875005e-06  -1.235134332136e-07  -4.022087762670e-02   1.993742488043e-06  -1.129610795012e-07   4.361921358462e-02  -2.010675933650e-06   7.621175286228e-08   7.761248198240e-02  -4.432276934705e-06   3.946527783338e-07   2.026550374676e-02   1.892247520724e-06  -3.749294955971e-09   7.031449521597e-07   5.134559060727e-08  -7.766067006074e-04  -8.726635554190e-08   1.345172445378e-03   3.136671478449e-07  -3.340175572737e-08  -9.615235197226e-04  -5.690752894496e-08   1.665367824807e-03  -1.167196198694e-06  -4.239830726286e-07  -2.661811371598e-03   2.977259367005e-08   4.609937350313e-03  -9.093024919366e-07  -3.572519420626e-07  -1.359679467824e-03   3.419066655969e-08   2.354647024825e-03   2.455871831186e-06  -1.205486206594e-07   5.060581976646e-03  -2.438151326540e-07  -8.765286087663e-03   4.747345136161e-03   8.042728857291e-03  -1.608668091244e-02  -2.148367196032e-06   2.621488979620e-07  -2.262243727951e-02  -2.777416577979e-02  -3.016677768561e-06   3.539408267260e-07  -5.202840683873e-02  -3.101806068966e-02  -3.459092015660e-06  -2.970094473517e-07  -2.993967383353e-03  -1.856857397101e-03  -9.731864472027e-07  -1.052396372241e-08   3.627572115043e-07   3.619060646616e-08  -5.861466624120e-04  -8.136292017485e-08   1.015500771243e-03  -9.386391279221e-04  -1.594904362769e-03  -5.330505935395e-03  -3.190898362220e-03   1.093697657261e-03   4.803270434956e-03  -8.363420256800e-03  -4.954052385938e-03   1.697998737634e-03   7.138265408624e-03  -4.285140279360e-03  -5.221015463733e-03   1.789494274613e-03   1.336469196211e-03   3.519905510744e-03  -3.046275879938e-04   1.048094738766e-04   6.871347702832e-04  -1.654320479533e-04   6.045574425423e-05  -2.354202145811e-04  -5.309573813741e-04  -9.395876407193e-04  -1.596448800974e-03  -5.340716336787e-03   2.541656668835e-03   2.213571891198e-03   4.807532459630e-03  -8.378955283473e-03   3.945862655697e-03   3.436569904057e-03   7.143694800599e-03  -4.300057092962e-03   4.162261809507e-03   3.625399219902e-03   1.340959035476e-03   3.518949800413e-03   2.468146210416e-04   2.137969439768e-04  -5.481731727055e-04   2.667763709383e-04   2.128711558582e-04  -4.778700526882e-04  -4.421048182692e-04  -9.393578215165e-04  -1.596073194662e-03  -5.336401393605e-03   6.511040755639e-04  -3.307868839606e-03   4.806502648282e-03  -8.372430602903e-03   1.010777371761e-03  -5.135497595188e-03   7.141930622422e-03  -4.293551260830e-03   1.065567767532e-03  -5.415308313545e-03   1.339789981256e-03   3.519778796238e-03   6.396394483053e-05  -3.184936764032e-04  -1.399553981378e-04  -1.017965950602e-04   4.609368278651e-04   7.132976788860e-04  -2.992540312991e-04
  -1.020395381881e-04  -2.440256598880e-04   5.919001961612e-04   9.859194610430e-04  -1.497094093166e-03  -2.910285572658e-03   4.185999422092e-03   3.308272894639e-03  -5.793231816576e-03  -8.830557963728e-03   8.092059272795e-01   2.476705686444e-07  -1.593679400020e-08   2.447423720349e-01   1.818258783203e-08  -1.281897605150e-09  -2.911106271048e-01  -5.568280483648e-07   3.629602488270e-08  -2.468387046104e-01  -3.580417488796e-07   2.193902863264e-08   8.357207676865e-02   1.142993843115e-06  -7.102274802700e-08   1.207792608936e-01   1.010351307871e-06  -6.910929741999e-08  -5.577690490047e-03  -1.307565027996e-06   9.233149193031e-08  -1.161947496341e-02  -2.119576676095e-06   1.217161312819e-07  -5.129599018178e-03  -2.320369087366e-06   1.140860126921e-07  -1.692027331233e-07  -1.335435746082e-08  -3.821488641667e-04   7.596336903774e-09   6.618879862337e-04  -5.935232950213e-08  -4.446490738090e-09  -1.496586407771e-04   2.324591075497e-09   2.592116065046e-04   4.070365867806e-07   3.303549237709e-08   9.692581375680e-04  -1.716218309858e-08  -1.678770133402e-03   2.748689159326e-07   1.169751017883e-08   5.464675210028e-04  -1.524647519113e-08  -9.465020405701e-04  -7.297840072024e-07  -3.430649177645e-08  -1.337744861390e-03   4.398033802082e-08   2.317021368419e-03  -1.666592477298e-03  -2.821372759521e-03   6.167719342204e-03   1.129565484372e-06  -6.375871212536e-08   7.094424333478e-03   1.109745982868e-02   2.020551413484e-06  -2.356061402834e-08   1.868839886195e-02   6.877959656506e-03  -9.677277839151e-08   3.573214161921e-07   9.589191478971e-04   1.838893043299e-04  -2.912568488009e-08  -5.492963723568e-09   2.301097619883e-07  -1.040668256614e-08  -9.189230110583e-04  -4.220646880424e-09   1.591721364800e-03   2.400947284249e-04   4.077410718100e-04  -2.046072930031e-03   6.905723571798e-04  -2.367347479911e-04  -1.205745244149e-03  -3.090388556208e-03   1.048362562247e-03  -3.593909245325e-04  -2.435265920944e-03  -3.606738718131e-03   1.375756471879e-03  -4.715509039967e-04  -2.174416719940e-03  -1.798622187876e-03   5.616952800491e-04  -1.925298751027e-04  -4.873411378869e-05   4.410418617316e-05  -7.234171906850e-06   1.669795925169e-05   1.261811669681e-04   2.401933072393e-04   4.079128946136e-04  -2.045413979059e-03  -5.515533629597e-04  -4.803996546505e-04  -1.206310125390e-03  -3.089470729977e-03  -8.373028643363e-04  -7.292642682873e-04  -2.436485821663e-03  -3.605760549178e-03  -1.098678781171e-03  -9.572179351734e-04  -2.176660505958e-03  -1.798878749330e-03  -4.489155076321e-04  -3.910797173822e-04   3.895486621306e-05  -7.119840173091e-05  -4.796283525914e-05   3.394832218228e-05   1.026392510665e-04   2.401538625806e-04   4.078442558738e-04  -2.045727981728e-03  -1.411245012266e-04   7.169507058294e-04  -1.206079860385e-03  -3.089914978005e-03  -2.142553069586e-04   1.088379877856e-03  -2.436100955048e-03  -3.606315274343e-03  -2.808910444746e-04   1.428428044318e-03  -2.176385612500e-03  -1.798948484233e-03  -1.148133155754e-04   5.837045751944e-04   9.946135207381e-06   2.714077208047e-05  -1.141041036154e-04  -5.064467181719e-05   6.447472033142e-05
   2.196091675236e-08   5.248289238055e-08  -1.272079808650e-07  -2.126616252414e-07   3.253743697633e-07   6.136157241885e-07  -8.392553767658e-07  -8.424753194920e-07   1.829009706897e-06   4.488571343638e-07   2.476705686444e-07   8.107504038903e-01   1.346161415195e-08   1.869523483962e-08   2.448440433477e-01   4.127218770466e-10  -5.590113100412e-07  -2.945362479149e-01  -2.800473653712e-08  -3.530174981150e-07  -2.491683271582e-01  -2.442459218601e-08   1.129478227127e-06   9.095979351053e-02   7.462322986103e-08   1.045144338148e-06   1.263959668986e-01   2.939967275791e-08  -1.375449356837e-06  -1.185549503712e-02  -1.270843832859e-08  -2.125230488742e-06  -2.866258097982e-02  -2.331618072851e-07  -1.697222985695e-06  -1.830215775905e-02  -2.368179864527e-07   2.362232431061e-06  -1.664584114381e-05  -9.412558101711e-06  -2.269477784957e-08  -5.521737688506e-06   5.162257370593e-05  -5.116485916260e-06  -2.889630457747e-06  -8.096506811623e-09  -1.685882574930e-06  -1.088607378938e-04   3.919070518450e-05   2.215840814766e-05   5.822217615998e-08   1.297364258150e-05  -1.536250522378e-04   2.389481408139e-05   1.348162105089e-05   1.660222586841e-08   7.915207840599e-06   6.465570876543e-04  -7.980560793489e-05  -4.507405099644e-05  -2.808554346023e-08  -2.635573870605e-05   1.337581326877e-07   2.396847535236e-07  -4.159139162182e-07  -4.520864302616e-04   4.295063887869e-09  -8.214302903737e-07  -7.451713237799e-07  -6.791525216831e-04   3.261925011115e-08  -1.033427052895e-06   5.109789933279e-07  -5.736546424477e-03   1.116856579176e-06  -2.698020138757e-07  -5.438131356404e-08  -8.309307716736e-05   4.868241233324e-08  -9.138145190336e-04  -1.061240924458e-04  -6.023238683814e-05   4.183038196501e-08  -3.468975053851e-05  -1.800578581178e-04  -3.044941796193e-04   9.099881168052e-04  -1.459634608556e-04   2.250717882509e-04   9.026283993619e-04   1.417681978747e-03  -2.333125574135e-04   3.026189217264e-04   2.288385116726e-03   1.740744077941e-03  -4.893271933530e-04   6.327156842321e-04   4.328356687105e-03   1.216039589817e-03  -1.320270185767e-03   6.188340489916e-04  -2.551678088773e-05  -2.260123218365e-06   2.183299928540e-05  -2.080333800854e-06  -3.149023635121e-05   1.435534832668e-04   2.427732373573e-04  -7.250259022693e-04   9.391656942958e-05  -3.637700974823e-04  -7.197875033522e-04  -1.129688030048e-03   8.911658932423e-05  -4.892004957936e-04  -1.823946227270e-03  -1.386515717495e-03   1.850064713482e-04  -1.022650978631e-03  -3.447729013018e-03  -9.685906854166e-04  -6.604450924367e-04  -9.996395000201e-04  -2.775168096872e-05  -1.657643593376e-07  -2.183390519556e-05   3.377809682710e-06   2.260419006178e-05   3.664155982771e-05   6.196378328321e-05  -1.850535023162e-04   4.839275139659e-04   1.386130041326e-04  -1.836623713895e-04  -2.883043765807e-04   6.136092048995e-04   1.863726298108e-04  -4.660171113069e-04  -3.541352935008e-04   1.281388499146e-03   3.898883335329e-04  -8.810128656650e-04  -2.472744616573e-04   4.112880590964e-04   3.813666552131e-04  -3.136181374548e-05  -1.053469152336e-05  -7.397712820392e-06  -1.275911592277e-06   4.714341148682e-06
