ARMA_MAT_TXT_FN008
150 150
   1.000000000000e+00   6.945011172942e-01   2.695304464790e-01   1.542286599180e-01   7.431470861500e-02   4.515449331988e-02   2.153898691061e-02   1.231403521876e-02   4.042319039632e-03   1.914358853571e-03   8.695772323933e-16   4.648201368201e-20   4.471766585723e-21   4.418064757084e-19   3.723062869619e-21   1.163457146756e-22  -2.171720859001e-17   1.521771709071e-22  -4.143143008755e-23  -6.190821411512e-17  -3.720991966011e-21  -1.746765573045e-23   1.669030348277e-17   3.490508605177e-26   3.733635350163e-23   1.039793478476e-17   3.471467436141e-22   1.962667177705e-23   1.366076306671e-18   1.122536357363e-25   2.661492930018e-24   4.745837151445e-19   3.518379530545e-23   1.098248535545e-24   3.079390523058e-20   1.867469703346e-24   3.963289100504e-25   3.805835928727e-36   3.437509022766e-41   0.000000000000e+00   3.524926128044e-37   0.000000000000e+00   0.000000000000e+00   0.000000000000e+00   0.000000000000e+00   0.000000000000e+00   0.000000000000e+00   1.651225337452e-38   3.155520319905e-44   0.000000000000e+00  -2.840989842988e-38   0.000000000000e+00   2.346225259412e-38   4.475950559327e-44   0.000000000000e+00   8.084007228184e-40   0.000000000000e+00   1.328923817774e-38   2.531901427733e-44   0.000000000000e+00   4.222037726712e-40   0.000000000000e+00   0.000000000000e+00  -2.721532445784e-15   7.097111504717e-12  -2.313093017998e-16   2.422682480919e-17   2.579160297174e-06   1.438974410851e-05  -4.689910339728e-10   4.912108388522e-11   2.416273674983e-04   7.399397996555e-04  -2.411614335190e-08   2.525871530084e-09   5.056621850615e-04   8.494118349895e-04  -2.768405968559e-08   2.899567197650e-09  -4.145696056395e-10  -1.415182106180e-15  -3.671938229523e-06   4.342110381595e-11   6.359983562425e-06   0.000000000000e+00   0.000000000000e+00   0.000000000000e+00   0.000000000000e+00   0.000000000000e+00   0.000000000000e+00   0.000000000000e+00   0.000000000000e+00   0.000000000000e+00   3.312336930149e-07   1.844420334591e-06  -8.357407119442e-07   2.863202800662e-07   8.298299955557e-05   2.671937296773e-04  -1.210703838380e-04   4.147806336677e-05   0.000000000000e+00   0.000000000000e+00   0.000000000000e+00   0.000000000000e+00   0.000000000000e+00   0.000000000000e+00   0.000000000000e+00   0.000000000000e+00   0.000000000000e+00   0.000000000000e+00   0.000000000000e+00   0.000000000000e+00   0.000000000000e+00   0.000000000000e+00   3.321658143349e-07   1.849205927795e-06   6.678673444857e-07   5.822807875703e-07   8.306099756375e-05   2.673863444655e-04   9.657042795815e-05   8.419502063059e-05   0.000000000000e+00   0.000000000000e+00   0.000000000000e+00   0.000000000000e+00   0.000000000000e+00   0.000000000000e+00   0.000000000000e+00   0.000000000000e+00   0.000000000000e+00   0.000000000000e+00   0.000000000000e+00   0.000000000000e+00   0.000000000000e+00   0.000000000000e+00   3.318769433928e-07   1.847747248897e-06   1.703700023229e-07  -8.686412414645e-07   8.303684103090e-05   2.673302102328e-04   2.464896027610e-05  -1.256741395968e-04   0.000000000000e+00   0.000000000000e+00   0.000000000000e+00   0.000000000000e+00   0.000000000000e+00
   6.945011172942e-01   1.000000000000e+00   6.762480636260e-01   4.408506182716e-01   2.298376762740e-01   1.430634253577e-01   6.936428187226e-02   3.986038767044e-02   1.313212886115e-02   6.223248304280e-03  -1.995787835005e-15  -2.472231144091e-21   4.781387181623e-21  -7.569612423311e-16   0.000000000000e+00  -1.019153956844e-21   2.845181814871e-16   0.000000000000e+00   9.571704393657e-22  -1.339992274967e-16  -1.409039359368e-21   0.000000000000e+00   2.855158452447e-17   0.000000000000e+00   6.744572817057e-23  -2.259380946402e-18  -7.395962235234e-22   1.880295482598e-23  -2.873166756081e-18  -1.753641818897e-22   0.000000000000e+00   1.021798863224e-18  -7.630172822864e-23   1.948926664780e-24  -3.091015036011e-19  -1.886605856940e-23   7.209036690626e-25   9.620874516813e-35   1.040092466294e-40   0.000000000000e+00   6.013046573008e-36   0.000000000000e+00   1.391490455120e-35   0.000000000000e+00   0.000000000000e+00   0.000000000000e+00   0.000000000000e+00   0.000000000000e+00   0.000000000000e+00   0.000000000000e+00   0.000000000000e+00   0.000000000000e+00   2.873027290064e-37   5.479864673737e-43   0.000000000000e+00   8.978210281450e-39   0.000000000000e+00   1.132138127611e-37   1.079691054927e-43   0.000000000000e+00   2.491641949186e-39   0.000000000000e+00   0.000000000000e+00   0.000000000000e+00   0.000000000000e+00   0.000000000000e+00   0.000000000000e+00   8.453525162172e-06   4.710544247020e-05  -1.535262198080e-09   1.607999679202e-10   7.860436866631e-04   2.406213111403e-03  -7.842338033017e-08   8.213891449328e-09   1.644313513281e-03   2.761807799234e-03  -9.001293460323e-08   9.427755737558e-09  -1.362579553761e-09  -4.651325559082e-15  -1.206868011103e-05   1.427135695828e-10   2.090356708868e-05   0.000000000000e+00   0.000000000000e+00   0.000000000000e+00   0.000000000000e+00   0.000000000000e+00   0.000000000000e+00   0.000000000000e+00   0.000000000000e+00   0.000000000000e+00   1.084399831822e-06   6.033290858401e-06  -2.733794842098e-06   9.365834326919e-07   2.699946758170e-04   8.691043984579e-04  -3.938071572400e-04   1.349162173645e-04   0.000000000000e+00   0.000000000000e+00   0.000000000000e+00   0.000000000000e+00   0.000000000000e+00   0.000000000000e+00   0.000000000000e+00   0.000000000000e+00   0.000000000000e+00   0.000000000000e+00   0.000000000000e+00   0.000000000000e+00   0.000000000000e+00   0.000000000000e+00   1.087448894107e-06   6.048930928103e-06   2.184658493252e-06   1.904696611574e-06   2.702483808843e-04   8.697306925484e-04   3.141157614299e-04   2.738621291546e-04   0.000000000000e+00   0.000000000000e+00   0.000000000000e+00   0.000000000000e+00   0.000000000000e+00   0.000000000000e+00   0.000000000000e+00   0.000000000000e+00   0.000000000000e+00   0.000000000000e+00   0.000000000000e+00   0.000000000000e+00   0.000000000000e+00   0.000000000000e+00   1.086503969056e-06   6.044163811899e-06   5.572971104613e-07  -2.841411324150e-06   2.701698066439e-04   8.695481741679e-04   8.017596808290e-05  -4.087817779046e-04   0.000000000000e+00   0.000000000000e+00   0.000000000000e+00   0.000000000000e+00   0.000000000000e+00
   2.695304464790e-01   6.762480636260e-01   1.000000000000e+00   8.894988147085e-01   5.816757385831e-01   3.910787882540e-01   2.002318330516e-01   1.171050165942e-01   3.906401840823e-02   1.855514622641e-02  -4.551933311388e-15   1.713642683240e-19   5.221794562364e-21   0.000000000000e+00   0.000000000000e+00   4.849317601127e-21   0.000000000000e+00   0.000000000000e+00   2.324742656873e-21  -5.362828792136e-16   0.000000000000e+00   0.000000000000e+00  -3.661381776655e-16  -1.117365044145e-20  -3.491765762954e-22  -1.289126562254e-16  -3.934102057660e-21  -1.229406893019e-22   0.000000000000e+00   0.000000000000e+00   3.616220883549e-23  -6.763481751070e-18   0.000000000000e+00   0.000000000000e+00  -4.098061556033e-18  -1.250629136973e-22  -3.908216053041e-24   2.035725434822e-34   6.272930874001e-40   0.000000000000e+00   6.361641983820e-36   0.000000000000e+00   0.000000000000e+00   0.000000000000e+00   0.000000000000e+00   2.028421186119e-36   0.000000000000e+00   0.000000000000e+00   0.000000000000e+00   0.000000000000e+00   0.000000000000e+00   0.000000000000e+00   0.000000000000e+00   0.000000000000e+00   0.000000000000e+00  -4.789869062641e-38   0.000000000000e+00   3.058539921093e-37   2.916850968450e-43   0.000000000000e+00   9.557937253416e-39   0.000000000000e+00   0.000000000000e+00   0.000000000000e+00   0.000000000000e+00   0.000000000000e+00   0.000000000000e+00   2.593089121467e-05   1.438715195026e-04  -4.689065502620e-09   4.911223524815e-10   2.349419471688e-03   7.182593696454e-03  -2.340953403274e-07   2.451862832420e-08   4.907785803777e-03   8.239935358651e-03  -2.685562560794e-07   2.812798844155e-08  -4.219462062985e-09  -1.440363000088e-14  -3.737274476067e-05   4.419371265815e-10   6.473149260777e-05   0.000000000000e+00   0.000000000000e+00   0.000000000000e+00   0.000000000000e+00   0.000000000000e+00   0.000000000000e+00   0.000000000000e+00   0.000000000000e+00   0.000000000000e+00   3.313191819681e-06   1.838064733915e-05  -8.328608726069e-06   2.853336625737e-06   8.074160932177e-04   2.596541197767e-03  -1.176540481861e-03   4.030764511782e-04   0.000000000000e+00   0.000000000000e+00   0.000000000000e+00   0.000000000000e+00   0.000000000000e+00   0.000000000000e+00   0.000000000000e+00   0.000000000000e+00   0.000000000000e+00   0.000000000000e+00   0.000000000000e+00   0.000000000000e+00   0.000000000000e+00   0.000000000000e+00   3.322480865000e-06   1.842814660387e-05   6.655590462442e-06   5.802682955251e-06   8.081740635628e-04   2.598409964438e-03   9.384531688711e-04   8.181912991851e-04   0.000000000000e+00   0.000000000000e+00   0.000000000000e+00   0.000000000000e+00   0.000000000000e+00   0.000000000000e+00   0.000000000000e+00   0.000000000000e+00   0.000000000000e+00   0.000000000000e+00   0.000000000000e+00   0.000000000000e+00   0.000000000000e+00   0.000000000000e+00   3.319602134966e-06   1.841366955408e-05   1.697817126544e-06  -8.656418128033e-06   8.079393148993e-04   2.597865400366e-03   2.395340242336e-04  -1.221277979377e-03   0.000000000000e+00   0.000000000000e+00   0.000000000000e+00   0.000000000000e+00   0.000000000000e+00
   1.542286599180e-01   4.408506182716e-01   8.894988147085e-01   1.000000000000e+00   8.341666046278e-01   6.220985043066e-01   3.456229975029e-01   2.078878081723e-01   7.077705938478e-02   3.374813546942e-02  -3.812427761748e-16  -1.124066123919e-19  -1.436274799253e-21  -2.796170900490e-15   0.000000000000e+00  -5.333272744160e-21  -1.661973578696e-15   0.000000000000e+00  -3.169963033096e-21  -8.375636183355e-16   0.000000000000e+00  -1.597525822326e-21  -3.121972644373e-16   0.000000000000e+00  -5.954690254922e-22   0.000000000000e+00   0.000000000000e+00   0.000000000000e+00   0.000000000000e+00   0.000000000000e+00  -6.519957927767e-23  -1.226987961537e-17   7.488940194930e-22   0.000000000000e+00   3.728279692271e-18   2.275561335615e-22  -7.111129173796e-24   0.000000000000e+00   0.000000000000e+00   0.000000000000e+00   2.653138125417e-36   0.000000000000e+00   0.000000000000e+00   0.000000000000e+00   0.000000000000e+00   3.035584322006e-36   0.000000000000e+00   0.000000000000e+00   0.000000000000e+00   0.000000000000e+00   5.364106623881e-37   0.000000000000e+00   0.000000000000e+00   0.000000000000e+00   0.000000000000e+00   0.000000000000e+00   0.000000000000e+00   0.000000000000e+00   0.000000000000e+00   0.000000000000e+00   0.000000000000e+00   0.000000000000e+00   0.000000000000e+00   0.000000000000e+00   0.000000000000e+00   0.000000000000e+00   0.000000000000e+00   4.942304050175e-05   2.722535418080e-04  -8.873296780848e-09   9.293694845684e-10   4.290609298876e-03   1.308868358473e-02  -4.265868247175e-07   4.467976077021e-08   8.941837200851e-03   1.500308144412e-02  -4.889809454702e-07   5.121478301461e-08  -8.165729324726e-09  -2.787467741741e-14  -7.232574041009e-05   8.552604337573e-10   1.252718568221e-04   0.000000000000e+00   0.000000000000e+00   0.000000000000e+00   0.000000000000e+00   0.000000000000e+00   0.000000000000e+00   0.000000000000e+00   0.000000000000e+00   0.000000000000e+00   6.274732015601e-06   3.464415494745e-05  -1.569790257539e-05   5.378017126128e-06   1.475834284416e-03   4.738461835351e-03  -2.147084042355e-03   7.355794632796e-04   0.000000000000e+00   0.000000000000e+00   0.000000000000e+00   0.000000000000e+00   0.000000000000e+00   0.000000000000e+00   0.000000000000e+00   0.000000000000e+00   0.000000000000e+00   0.000000000000e+00   0.000000000000e+00   0.000000000000e+00   0.000000000000e+00   0.000000000000e+00   6.292240048185e-06   3.473321786512e-05   1.254440169824e-05   1.093684870320e-05   1.477217513324e-03   4.741865026393e-03   1.712592824566e-03   1.493125703643e-03   0.000000000000e+00   0.000000000000e+00   0.000000000000e+00   0.000000000000e+00   0.000000000000e+00   0.000000000000e+00   0.000000000000e+00   0.000000000000e+00   0.000000000000e+00   0.000000000000e+00   0.000000000000e+00   0.000000000000e+00   0.000000000000e+00   0.000000000000e+00   6.286814230463e-06   3.470607534032e-05   3.200044887025e-06  -1.631561264019e-05   1.476789117978e-03   4.740873457683e-03   4.371283044691e-04  -2.228723765313e-03   0.000000000000e+00   0.000000000000e+00   0.000000000000e+00   0.000000000000e+00   0.000000000000e+00
   7.431470861500e-02   2.298376762740e-01   5.816757385831e-01   8.341666046278e-01   1.000000000000e+00   9.200473029543e-01   6.255245854815e-01   4.071890760907e-01   1.473833184854e-01   7.111825507076e-02   4.595088994758e-16  -5.921620003380e-20   8.764436711804e-22   4.543624440414e-15   0.000000000000e+00   4.333137932219e-21  -1.824759768489e-15  -1.113744975884e-19   0.000000000000e+00   1.189542317332e-15   0.000000000000e+00   2.268871912636e-21   0.000000000000e+00   0.000000000000e+00   0.000000000000e+00   0.000000000000e+00  -1.353836107437e-20   0.000000000000e+00  -7.012286748988e-17  -4.279960173943e-21   0.000000000000e+00   2.565124058525e-17   0.000000000000e+00   0.000000000000e+00   0.000000000000e+00   0.000000000000e+00   1.500424673956e-23   0.000000000000e+00   0.000000000000e+00   0.000000000000e+00   0.000000000000e+00   0.000000000000e+00   0.000000000000e+00   0.000000000000e+00   0.000000000000e+00   0.000000000000e+00   0.000000000000e+00   0.000000000000e+00   0.000000000000e+00   0.000000000000e+00   9.268193461322e-37   0.000000000000e+00   0.000000000000e+00   0.000000000000e+00   0.000000000000e+00   0.000000000000e+00   0.000000000000e+00   0.000000000000e+00   0.000000000000e+00   0.000000000000e+00   1.798375339328e-38   0.000000000000e+00   0.000000000000e+00   0.000000000000e+00   0.000000000000e+00   0.000000000000e+00   0.000000000000e+00   1.200654204522e-04   6.469091422085e-04  -2.108408497072e-08   2.208300439599e-09   9.157093570873e-03   2.774527542584e-02  -9.042749691515e-07   9.471176077445e-08   1.894602422903e-02   3.172349589432e-02  -1.033933267230e-06   1.082918842202e-07  -2.072029873958e-08  -7.073117665181e-14  -1.835244456757e-04   2.170198274137e-09   3.178736636733e-04   0.000000000000e+00   0.000000000000e+00   0.000000000000e+00   0.000000000000e+00   0.000000000000e+00   0.000000000000e+00   0.000000000000e+00   0.000000000000e+00   0.000000000000e+00   1.497184565582e-05   8.144312508253e-05  -3.690337504033e-05   1.264289812130e-05   3.158493541440e-03   1.009017181049e-02  -4.572042074350e-03   1.566357063253e-03   0.000000000000e+00   0.000000000000e+00   0.000000000000e+00   0.000000000000e+00   0.000000000000e+00   0.000000000000e+00   0.000000000000e+00   0.000000000000e+00   0.000000000000e+00   0.000000000000e+00   0.000000000000e+00   0.000000000000e+00   0.000000000000e+00   0.000000000000e+00   1.501300352402e-05   8.164914156332e-05   2.948876300676e-05   2.570980643060e-05   3.161439008781e-03   1.009737124082e-02   3.646810998997e-03   3.179475682033e-03   0.000000000000e+00   0.000000000000e+00   0.000000000000e+00   0.000000000000e+00   0.000000000000e+00   0.000000000000e+00   0.000000000000e+00   0.000000000000e+00   0.000000000000e+00   0.000000000000e+00   0.000000000000e+00   0.000000000000e+00   0.000000000000e+00   0.000000000000e+00   1.500024869721e-05   8.158637472814e-05   7.522604003466e-06  -3.835442854684e-05   3.160526779105e-03   1.009527445445e-02   9.308264067405e-04  -4.745871893614e-03   0.000000000000e+00   0.000000000000e+00   0.000000000000e+00   0.000000000000e+00   0.000000000000e+00
   4.515449331988e-02   1.430634253577e-01   3.910787882540e-01   6.220985043066e-01   9.200473029543e-01   1.000000000000e+00   8.372650685669e-01   6.018388635480e-01   2.373059174008e-01   1.165511154715e-01   1.444846891437e-15   0.000000000000e+00   9.427947650214e-22   0.000000000000e+00   0.000000000000e+00   0.000000000000e+00   1.583360222211e-15  -9.664063856266e-20   0.000000000000e+00   0.000000000000e+00   0.000000000000e+00   0.000000000000e+00   0.000000000000e+00   0.000000000000e+00   1.345181460661e-21   0.000000000000e+00   1.980693821535e-20   0.000000000000e+00   1.104779565700e-16   0.000000000000e+00   2.107199794197e-22   0.000000000000e+00   0.000000000000e+00   0.000000000000e+00  -1.291622269897e-17   0.000000000000e+00   0.000000000000e+00   4.104254773092e-34   2.196067893365e-40   0.000000000000e+00   8.080258263702e-36   0.000000000000e+00   0.000000000000e+00   0.000000000000e+00   0.000000000000e+00   0.000000000000e+00   0.000000000000e+00   0.000000000000e+00   0.000000000000e+00   0.000000000000e+00   1.176448969345e-36   0.000000000000e+00   7.972963476948e-36   1.520722098722e-41   0.000000000000e+00   2.491551086546e-37   0.000000000000e+00   0.000000000000e+00   0.000000000000e+00   0.000000000000e+00   0.000000000000e+00   0.000000000000e+00   0.000000000000e+00  -7.577354810351e-12   1.632006710189e-08  -5.319041872394e-13   5.571046844747e-14   2.411010660498e-04   1.257308821295e-03  -4.097825226602e-08   4.291971532968e-09   1.529303056815e-02   4.586682824006e-02  -1.494893240571e-06   1.565718125728e-07   3.130422099897e-02   5.225398475832e-02  -1.703063665080e-06   1.783751225383e-07  -4.395506060367e-08  -1.500457689039e-13  -3.893200688522e-04   4.603755856062e-09   6.743221382413e-04   0.000000000000e+00   0.000000000000e+00   0.000000000000e+00   0.000000000000e+00   0.000000000000e+00   0.000000000000e+00   0.000000000000e+00   0.000000000000e+00   0.000000000000e+00   2.940884302401e-05   1.564778850867e-04  -7.090300222420e-05   2.429098781982e-05   5.297347230302e-03   1.679547070183e-02  -7.610336092342e-03   2.607260278476e-03   0.000000000000e+00   0.000000000000e+00   0.000000000000e+00   0.000000000000e+00   0.000000000000e+00   0.000000000000e+00   0.000000000000e+00   0.000000000000e+00   0.000000000000e+00   0.000000000000e+00   0.000000000000e+00   0.000000000000e+00   0.000000000000e+00   0.000000000000e+00   2.948791787205e-05   1.568642888050e-04   5.665379633179e-05   4.939366690001e-05   5.302250054316e-03   1.680733637637e-02   6.070211513407e-03   5.292319754707e-03   0.000000000000e+00   0.000000000000e+00   0.000000000000e+00   0.000000000000e+00   0.000000000000e+00   0.000000000000e+00   0.000000000000e+00   0.000000000000e+00   0.000000000000e+00   0.000000000000e+00   0.000000000000e+00   0.000000000000e+00   0.000000000000e+00   0.000000000000e+00   2.946341307761e-05   1.567466150156e-04   1.445269161150e-05  -7.368787822242e-05   5.300731622705e-03   1.680388276189e-02   1.549388070736e-03  -7.899644062480e-03   0.000000000000e+00   0.000000000000e+00   0.000000000000e+00   0.000000000000e+00   0.000000000000e+00
   2.153898691061e-02   6.936428187226e-02   2.002318330516e-01   3.456229975029e-01   6.255245854815e-01   8.372650685669e-01   1.000000000000e+00   9.027156615480e-01   4.546576129505e-01   2.366151515852e-01  -5.388799324311e-17  -3.289062087592e-21  -1.952817780660e-22   0.000000000000e+00   0.000000000000e+00   0.000000000000e+00   0.000000000000e+00   0.000000000000e+00  -1.929726326725e-21  -9.948791439918e-16   0.000000000000e+00  -1.897581375106e-21  -1.563944741759e-15  -4.772780583980e-20  -2.982987864987e-21   0.000000000000e+00   0.000000000000e+00  -9.047092528255e-22   0.000000000000e+00   0.000000000000e+00  -3.773884884404e-22   0.000000000000e+00   0.000000000000e+00  -1.546763302788e-22   0.000000000000e+00   0.000000000000e+00  -5.033171839178e-23   7.300571472371e-35   2.626634476456e-41   0.000000000000e+00   4.303477926225e-37   0.000000000000e+00   0.000000000000e+00   0.000000000000e+00   0.000000000000e+00   2.805475868681e-36   0.000000000000e+00   0.000000000000e+00   0.000000000000e+00   0.000000000000e+00   0.000000000000e+00   0.000000000000e+00   0.000000000000e+00   0.000000000000e+00   0.000000000000e+00   0.000000000000e+00   0.000000000000e+00   0.000000000000e+00   0.000000000000e+00   0.000000000000e+00   0.000000000000e+00   0.000000000000e+00   7.686338507274e-09  -9.144816197170e-10   1.521744743761e-06  -4.959675692892e-11   5.194654654489e-12   8.983741485338e-04   4.215272272816e-03  -1.373842986225e-07   1.438932765938e-08   3.304962258780e-02   9.575545672698e-02  -3.120865132852e-06   3.268725132903e-07   6.534176701939e-02   1.079122014222e-01  -3.517078173290e-06   3.683709910562e-07  -1.831317269012e-07  -6.251416878108e-13  -1.622039773055e-03   1.918081214252e-08   2.809455292926e-03   0.000000000000e+00   0.000000000000e+00   0.000000000000e+00   0.000000000000e+00   0.000000000000e+00   0.000000000000e+00   0.000000000000e+00   0.000000000000e+00   0.000000000000e+00   1.054427112836e-04   5.214868404608e-04  -2.362952604363e-04   8.095348734304e-05   1.162161492189e-02   3.590859670797e-02  -1.627084434866e-02   5.574303901008e-03   0.000000000000e+00   0.000000000000e+00   0.000000000000e+00   0.000000000000e+00   0.000000000000e+00   0.000000000000e+00   0.000000000000e+00   0.000000000000e+00   0.000000000000e+00   0.000000000000e+00   0.000000000000e+00   0.000000000000e+00   0.000000000000e+00   0.000000000000e+00   1.057062155369e-04   5.226756424938e-04   1.887718334301e-04   1.645809047984e-04   1.163209700123e-02   3.593311898596e-02   1.297776326342e-02   1.131467540121e-02   0.000000000000e+00   0.000000000000e+00   0.000000000000e+00   0.000000000000e+00   0.000000000000e+00   0.000000000000e+00   0.000000000000e+00   0.000000000000e+00   0.000000000000e+00   0.000000000000e+00   0.000000000000e+00   0.000000000000e+00   0.000000000000e+00   0.000000000000e+00   1.056245625708e-04   5.223141606324e-04   4.815954390587e-05  -2.455442004836e-04   1.162885066989e-02   3.592599736718e-02   3.312526785550e-03  -1.688910805983e-02   0.000000000000e+00   0.000000000000e+00   0.000000000000e+00   0.000000000000e+00   0.000000000000e+00
   1.231403521876e-02   3.986038767044e-02   1.171050165942e-01   2.078878081723e-01   4.071890760907e-01   6.018388635480e-01   9.027156615480e-01   1.000000000000e+00   6.832025855808e-01   3.894677175318e-01   2.815369070105e-16   1.718364910953e-20   2.132429497487e-22   1.102813554332e-15   3.365519880165e-20   1.051724962552e-21   6.417625496685e-16  -3.917007749442e-20   1.224064921700e-21   0.000000000000e+00   0.000000000000e+00  -1.330124424183e-21   0.000000000000e+00   0.000000000000e+00   0.000000000000e+00   0.000000000000e+00   0.000000000000e+00   0.000000000000e+00   0.000000000000e+00   0.000000000000e+00   0.000000000000e+00   0.000000000000e+00   0.000000000000e+00  -2.391373788915e-22   4.389479406011e-17   2.679125614021e-21   0.000000000000e+00   0.000000000000e+00   0.000000000000e+00   0.000000000000e+00   0.000000000000e+00   0.000000000000e+00   0.000000000000e+00   0.000000000000e+00   0.000000000000e+00   0.000000000000e+00   0.000000000000e+00   0.000000000000e+00   0.000000000000e+00   0.000000000000e+00   0.000000000000e+00   0.000000000000e+00   0.000000000000e+00   0.000000000000e+00   0.000000000000e+00   0.000000000000e+00   0.000000000000e+00   0.000000000000e+00   0.000000000000e+00   0.000000000000e+00   1.625223293639e-37   0.000000000000e+00   1.746923788552e-06   4.485618702672e-08   8.457548241799e-05  -2.756487026374e-09   2.887083561152e-10   3.297753968020e-03   1.314674677347e-02  -4.284792221579e-07   4.487796629373e-08   6.013505688705e-02   1.643733997868e-01  -5.357263488656e-06   5.611079320479e-07   1.127270374920e-01   1.827428413666e-01  -5.955960959233e-06   6.238141813017e-07  -6.866608456734e-07  -2.343997554554e-12  -6.081912845624e-03   7.191933866048e-08   1.053418203369e-02   0.000000000000e+00   0.000000000000e+00   0.000000000000e+00   0.000000000000e+00   0.000000000000e+00   2.330151896948e-08   1.257246777539e-07  -5.696815943979e-08   1.951698551063e-08   3.953235599259e-04   1.738745019385e-03  -7.878572867243e-04   2.699156757152e-04   2.173452070530e-02   6.426644127015e-02  -2.912030428961e-02   9.976459876434e-03   0.000000000000e+00   0.000000000000e+00   0.000000000000e+00   0.000000000000e+00   0.000000000000e+00   0.000000000000e+00   0.000000000000e+00   0.000000000000e+00   0.000000000000e+00   0.000000000000e+00   2.342256206304e-08   1.263501160194e-07   4.563316350709e-08   3.978531755688e-08   3.962020162290e-04   1.742227364473e-03   6.292304961343e-04   5.485952141207e-04   2.175328035987e-02   6.430783509394e-02   2.322570050650e-02   2.024934935726e-02   0.000000000000e+00   0.000000000000e+00   0.000000000000e+00   0.000000000000e+00   0.000000000000e+00   0.000000000000e+00   0.000000000000e+00   0.000000000000e+00   0.000000000000e+00   0.000000000000e+00   2.338501926966e-08   1.261578033651e-07   1.163227560760e-08  -5.930782524553e-08   3.959298319078e-04   1.741171359166e-03   1.605432608181e-04  -8.185390355372e-04   2.174747051650e-02   6.429586193977e-02   5.928346614813e-03  -3.022601569004e-02   0.000000000000e+00   0.000000000000e+00   0.000000000000e+00   0.000000000000e+00   0.000000000000e+00
   4.042319039632e-03   1.313212886115e-02   3.906401840823e-02   7.077705938478e-02   1.473833184854e-01   2.373059174008e-01   4.546576129505e-01   6.832025855808e-01   1.000000000000e+00   8.360504985241e-01  -1.017768864656e-16  -6.188556271707e-22  -1.534165277112e-23   0.000000000000e+00   0.000000000000e+00   0.000000000000e+00   2.275316284878e-16   1.388742849657e-20   0.000000000000e+00   0.000000000000e+00   0.000000000000e+00   5.126836450871e-22   0.000000000000e+00   0.000000000000e+00   0.000000000000e+00   3.340957069005e-16   0.000000000000e+00   0.000000000000e+00   0.000000000000e+00   0.000000000000e+00   0.000000000000e+00   0.000000000000e+00   0.000000000000e+00   0.000000000000e+00   0.000000000000e+00   0.000000000000e+00   0.000000000000e+00   2.612427292468e-36   4.982809624611e-42   0.000000000000e+00   8.163835288962e-38   0.000000000000e+00   2.236002588942e-35   0.000000000000e+00   0.000000000000e+00   0.000000000000e+00   0.000000000000e+00   0.000000000000e+00   0.000000000000e+00   0.000000000000e+00   0.000000000000e+00   0.000000000000e+00   0.000000000000e+00   0.000000000000e+00   0.000000000000e+00   0.000000000000e+00   0.000000000000e+00   3.628455013776e-36   6.920728709748e-42   0.000000000000e+00   1.133892191805e-37   0.000000000000e+00   4.120712201941e-03   4.440408135999e-03   2.012944400395e-02  -6.560595300040e-07   6.871422452160e-08   5.653024105088e-02   1.139666406491e-01  -3.714404664416e-06   3.890385314169e-07   2.012170243208e-01   4.021205361634e-01  -1.310592631911e-05   1.372685743394e-06   3.120131998823e-01   4.517607904123e-01  -1.472380318970e-05   1.542138589439e-06  -5.000216944881e-06  -1.706882861444e-11  -4.428807009982e-02   5.237116665392e-07   7.670918742088e-02   5.861370719629e-05   5.263743991928e-05   2.124185960795e-04  -9.625076528828e-05   3.297499533057e-05   9.850348554054e-04   1.983548762026e-03  -8.987823564193e-04   3.079180089359e-04   1.247984925695e-02   3.192231406709e-02  -1.446458650720e-02   4.955489663953e-03   8.678163285152e-02   2.005252001333e-01  -9.086164925597e-02   3.112871311692e-02  -7.166679657566e-04  -1.112526081076e-04  -5.283163635347e-04   2.455265966313e-04   6.284499189528e-04   5.874826042754e-05   5.276072961896e-05   2.128460410511e-04   7.687241214428e-05   6.702128657042e-05   9.869414429768e-04   1.986953104173e-03   7.176167204289e-04   6.256548289043e-04   1.249596969695e-02   3.195655373766e-02   1.154156947200e-02   1.006252846084e-02   8.684016151360e-02   2.006165287825e-01   7.245554771594e-02   6.317043906430e-02   5.721604899348e-04   1.801627691585e-04  -4.262878689778e-04   4.988386742466e-04   6.887833330068e-04   5.870656886076e-05   5.272252747932e-05   2.127164066340e-04   1.961333981906e-05  -9.999973949291e-05   9.863507567473e-04   1.985924588378e-03   1.831105292875e-04  -9.335995499023e-04   1.249097647756e-02   3.194636908324e-02   2.945588460850e-03  -1.501825193749e-02   8.682203643400e-02   2.005908861722e-01   1.849531626336e-02  -9.429943218432e-02   1.460011082701e-04  -6.863632675878e-05  -2.589484948401e-04  -7.443950355920e-04   7.849962924044e-04
   1.914358853571e-03   6.223248304280e-03   1.855514622641e-02   3.374813546942e-02   7.111825507076e-02   1.165511154715e-01   2.366151515852e-01   3.894677175318e-01   8.360504985241e-01   1.000000000000e+00   4.786914440884e-19   2.716469322998e-21   4.346419748509e-23   0.000000000000e+00   0.000000000000e+00  -1.701869739200e-22   0.000000000000e+00   0.000000000000e+00  -2.085582681054e-22  -1.313824864546e-16  -8.018950589268e-21   0.000000000000e+00   0.000000000000e+00   0.000000000000e+00   0.000000000000e+00   0.000000000000e+00   0.000000000000e+00   3.577935225699e-22  -2.029686408995e-16   0.000000000000e+00  -3.871319597236e-22   0.000000000000e+00   0.000000000000e+00   0.000000000000e+00   1.269692605237e-16   7.749588655010e-21   0.000000000000e+00   0.000000000000e+00   2.336318552931e-41   0.000000000000e+00   0.000000000000e+00   0.000000000000e+00   0.000000000000e+00   0.000000000000e+00   0.000000000000e+00   0.000000000000e+00   0.000000000000e+00   7.936193571656e-36   0.000000000000e+00   0.000000000000e+00   0.000000000000e+00   0.000000000000e+00   0.000000000000e+00   0.000000000000e+00   0.000000000000e+00   0.000000000000e+00   0.000000000000e+00   0.000000000000e+00   0.000000000000e+00   0.000000000000e+00   0.000000000000e+00   0.000000000000e+00   2.474336701592e-02   2.927052340729e-02   4.131825885796e-02  -1.346646111121e-06   1.410447360320e-07   1.713105629872e-01   1.650857011030e-01  -5.380478837606e-06   5.635394563641e-07   3.734548057054e-01   4.681987169011e-01  -1.525954865412e-05   1.598251384765e-06   5.385471909022e-01   6.308362415169e-01  -2.056023643961e-05   2.153433702762e-06  -3.592842171817e-06  -1.226458930592e-11  -3.182262844133e-02   3.763063447358e-07   5.511840917496e-02   3.653605690817e-03   3.655533795484e-03   4.322077851697e-03  -1.958412815730e-03   6.709417141837e-04   2.547001336154e-02   2.150675453054e-02  -9.745105280975e-03   3.338620739000e-03   8.089320554772e-02   1.075209302495e-01  -4.871970727624e-02   1.669111009278e-02   2.137306803860e-01   3.330577790692e-01  -1.509145936951e-01   5.170252940334e-02  -4.118347534569e-03  -6.393154517943e-04  -3.035981091939e-03   1.410923750220e-03   3.611400673654e-03   3.656780903896e-03   3.658731694867e-03   4.324844370550e-03   1.561979810717e-03   1.361813602450e-03   2.549067405426e-02   2.151948993603e-02   7.772073613998e-03   6.776089866316e-03   8.094748567579e-02   1.075695320396e-01   3.885028521218e-02   3.387165858229e-02   2.138278815678e-01   3.331363283257e-01   1.203169812547e-01   1.048984759945e-01   3.283884994680e-03   1.034034723906e-03  -2.446656770218e-03   2.863058295604e-03   3.953235659639e-03   3.655797542035e-03   3.657741305128e-03   4.324044510362e-03   3.986949371535e-04  -2.032769034764e-03   2.548427557619e-02   2.151582909951e-02   1.983849174095e-03  -1.011476894975e-02   8.093067629652e-02   1.075558966262e-01   9.917102227580e-03  -5.056291526234e-02   2.137977827135e-01   3.331163874886e-01   3.071472017836e-02  -1.566007648248e-01   8.382852865115e-04  -3.940848362304e-04  -1.486788119356e-03  -4.274045677342e-03   4.507163333797e-03
   8.695772323933e-16  -1.995787835005e-15  -4.551933311388e-15  -3.812427761748e-16   4.595088994758e-16   1.444846891437e-15  -5.388799324311e-17   2.815369070105e-16  -1.017768864656e-16   4.786914440884e-19   1.000000000000e+00   4.339169743557e-34   1.739205496101e-35   6.662648272438e-01   0.000000000000e+00   0.000000000000e+00   3.519913709766e-01   2.470690124411e-35   4.029891682278e-36   1.623436691107e-01   9.647036001550e-37   2.521113265817e-36   5.689012195564e-02   0.000000000000e+00   9.485766438812e-38   2.023770726513e-02   5.711061332987e-36   2.109270078510e-37   5.981526321979e-03   4.138806261582e-36   8.681074293505e-38   2.137260171633e-03   0.000000000000e+00   3.345263625622e-39   6.479933203526e-04   0.000000000000e+00  -1.011286857489e-39  -1.089623519477e-20  -3.424708108132e-54   1.119293094689e-15  -3.705520047154e-22  -1.938672508562e-15   1.559865180270e-20   3.028746801268e-55  -1.475524332304e-16   4.874578688345e-22   2.555683111355e-16   0.000000000000e+00   0.000000000000e+00   2.439547040746e-17  -1.746907523035e-23  -4.225419422026e-17  -7.757872928091e-23   0.000000000000e+00  -5.421601537033e-20   1.262722725569e-23   9.390489320535e-20  -5.648986644285e-25  -1.514875694509e-58   3.841407260401e-19  -1.286709889366e-24  -6.653512547578e-19   0.000000000000e+00   2.856655144348e-14  -7.192634471201e-11   2.395922417798e-15  -2.509436162781e-16  -6.982753158138e-06  -3.628728850222e-05   1.264232661487e-09  -1.324129335464e-10  -1.925468813047e-04  -4.631286638898e-04   1.919244217178e-08  -2.010173955557e-09  -1.211767934787e-04  -5.920171859972e-05   6.631591716597e-09  -6.945782529020e-10   1.392210580499e-09   5.002022996193e-15   1.168363171247e-05  -1.458170578045e-10  -2.023664369569e-05   0.000000000000e+00   0.000000000000e+00   0.000000000000e+00   0.000000000000e+00   0.000000000000e+00   0.000000000000e+00   0.000000000000e+00   0.000000000000e+00   0.000000000000e+00  -7.284460030328e-07  -3.782928646113e-06   1.832642822434e-06  -6.278535898530e-07  -5.982614485074e-05  -1.552876202998e-04   8.720068506575e-05  -2.987448644437e-05   0.000000000000e+00   0.000000000000e+00   0.000000000000e+00   0.000000000000e+00   0.000000000000e+00   0.000000000000e+00   0.000000000000e+00   0.000000000000e+00   0.000000000000e+00   0.000000000000e+00   0.000000000000e+00   0.000000000000e+00   0.000000000000e+00   0.000000000000e+00  -7.303301231618e-07  -3.791768369045e-06  -1.464191574447e-06  -1.276556834470e-06  -5.986921800333e-05  -1.553491383270e-04  -6.953935967799e-05  -6.062795771459e-05   0.000000000000e+00   0.000000000000e+00   0.000000000000e+00   0.000000000000e+00   0.000000000000e+00   0.000000000000e+00   0.000000000000e+00   0.000000000000e+00   0.000000000000e+00   0.000000000000e+00   0.000000000000e+00   0.000000000000e+00   0.000000000000e+00   0.000000000000e+00  -7.297558631881e-07  -3.789135879887e-06  -3.735399487693e-07   1.904514881796e-06  -5.985666607730e-05  -1.553351534877e-04  -1.775090084600e-05   9.050398742592e-05   0.000000000000e+00   0.000000000000e+00   0.000000000000e+00   0.000000000000e+00   0.000000000000e+00
   4.648201368201e-20  -2.472231144091e-21   1.713642683240e-19  -1.124066123919e-19  -5.921620003380e-20   0.000000000000e+00  -3.289062087592e-21   1.718364910953e-20  -6.188556271707e-22   2.716469322998e-21   4.339169743557e-34   1.000000000000e+00   7.809770358309e-40   0.000000000000e+00   6.662648272438e-01   0.000000000000e+00   2.470690124411e-35   3.519913709766e-01   3.978926519325e-40   9.647036001550e-37   1.623436691107e-01   1.840026092825e-42   0.000000000000e+00   5.689012195564e-02   0.000000000000e+00   5.711061332987e-36   2.023770726513e-02   1.307179747945e-41   4.138806261582e-36   5.981526321979e-03   5.298507259220e-42   0.000000000000e+00   2.137260171633e-03   0.000000000000e+00   0.000000000000e+00   6.479933203526e-04   5.721403364163e-43  -1.938672508562e-15  -3.705520047154e-22   6.290944322852e-21  -3.424708108132e-54   1.089623519477e-20   2.555683111355e-16   4.874578688345e-22  -9.005885817286e-21   3.028746801268e-55  -1.559865180270e-20  -4.225419422026e-17  -1.746907523035e-23   0.000000000000e+00   0.000000000000e+00   0.000000000000e+00   9.390489320535e-20   1.262722725569e-23   4.479010023372e-23   0.000000000000e+00   7.757872928091e-23  -6.653512547578e-19  -1.286709889366e-24   3.261443959726e-25  -1.514875694509e-58   5.648986644285e-25   0.000000000000e+00  -9.310420253123e-19   2.395922417798e-15   1.586170372323e-12   8.178762956425e-21   2.275821306423e-10   1.264232661487e-09   2.502332525262e-06   4.315606875774e-15   6.275494565460e-09   1.919244217178e-08   1.257404431302e-04   6.551565856715e-14   3.949398212957e-09   6.631591716597e-09   1.442710576797e-04   2.263771826288e-14   2.242996082211e-06   7.656730924308e-12  -3.807933258624e-10   5.002022996193e-15   8.057609997737e-10   0.000000000000e+00   0.000000000000e+00   0.000000000000e+00   0.000000000000e+00   0.000000000000e+00   0.000000000000e+00   0.000000000000e+00   0.000000000000e+00   0.000000000000e+00   3.300722561826e-07   1.832642822434e-06  -5.688203330339e-07   2.844919871786e-07   2.710832447069e-05   8.720068506575e-05  -2.354139020662e-06   1.353667821903e-05   0.000000000000e+00   0.000000000000e+00   0.000000000000e+00   0.000000000000e+00   0.000000000000e+00   0.000000000000e+00   0.000000000000e+00   0.000000000000e+00   0.000000000000e+00   0.000000000000e+00   0.000000000000e+00   0.000000000000e+00   0.000000000000e+00   0.000000000000e+00  -2.637692387973e-07  -1.464191574447e-06  -2.664961052331e-07  -4.610468798028e-07  -2.162263003991e-05  -6.953935967799e-05   1.207784335654e-05  -2.189665981047e-05   0.000000000000e+00   0.000000000000e+00   0.000000000000e+00   0.000000000000e+00   0.000000000000e+00   0.000000000000e+00   0.000000000000e+00   0.000000000000e+00   0.000000000000e+00   0.000000000000e+00   0.000000000000e+00   0.000000000000e+00   0.000000000000e+00   0.000000000000e+00  -6.728653401091e-08  -3.735399487693e-07   2.276483530979e-07   1.756042148239e-07  -5.519034242760e-06  -1.775090084600e-05   3.554547085889e-05   8.344845084838e-06   0.000000000000e+00   0.000000000000e+00   0.000000000000e+00   0.000000000000e+00   0.000000000000e+00
