ARMA_MAT_TXT_FN008
151 151
  -1.324170358924e+01  -1.660498463517e+01  -6.704710766232e-07   1.344605324352e-06   2.475464785726e-02  -6.164584177469e+00  -6.172739980788e-07   1.292771844426e-06   1.149381660915e-02  -2.739842867200e+00  -3.272907720975e-07   6.946309077138e-07   4.528659177511e-03  -1.204394106488e+00  -1.057875694589e-07   2.220666722157e-07   1.249037544741e-03   1.778082085677e-08  -4.001231045759e-07  -9.610670792091e-04   1.817037164800e-07  -1.194294417602e-07  -4.061992898046e-04  -2.514615402396e-04   9.611957660466e-03   7.571703447002e-03  -4.004680413694e-03  -1.770303748071e-01   4.537789789137e-01   3.574601323489e-01  -1.944742630901e-01  -7.538669974232e-01   1.141308951411e+00   8.990556668127e-01  -4.895618857051e-01  -6.587554534496e-01   5.575029957731e-01   4.391678866788e-01  -2.392226887199e-01  -5.495616370848e-01   2.354744584599e-01   2.523203534953e-01   2.989238718500e-01  -1.323654835294e-01  -4.063313897732e-04  -2.515023600333e-04   1.753984917992e-03  -1.211265253387e-02  -4.005592196728e-03  -1.770541221008e-01   8.279511946028e-02  -5.717659787925e-01  -1.944929041797e-01  -7.538997106589e-01   2.082205366047e-01  -1.437928351184e+00  -4.895636552430e-01  -6.587642170626e-01   1.017078484666e-01  -7.023735475051e-01  -2.392163594798e-01   1.603704963078e-01  -3.766457597372e-01   2.523576768591e-01   5.454054818699e-02   5.421313787381e-01  -4.061964166704e-04  -2.514449394156e-04  -1.136334155838e-02   4.535175702769e-03  -4.004338156009e-03  -1.770214049312e-01  -5.364867132262e-01   2.141157997071e-01  -1.944672622982e-01  -7.538546517380e-01  -1.349375843794e+00   5.385459904048e-01  -4.895612970662e-01  -6.587521361324e-01  -6.591463391527e-01   2.630702458838e-01  -2.392251123451e-01   3.891959851050e-01   1.410475327581e-01   2.523062486826e-01  -3.534075362424e-01  -4.099176227070e-01   8.311512589085e-05  -2.723508213124e-02  -3.337502656757e-01  -4.429866463847e-01   1.953086664764e-04  -1.348464731198e-03  -1.478636503546e-03  -1.498896738375e-04  -3.293418646837e-02  -3.553566048148e-01  -4.529870965909e-01   1.353880061597e-03  -2.024840852517e-03  -6.980932906510e-05  -1.498816194426e-04  -3.293515515741e-02  -3.553601059789e-01  -4.529886903631e-01  -7.241022459358e-04  -2.325799578604e-03  -7.001629699119e-05   8.311012644178e-05  -2.723024144617e-02  -3.337303921028e-01  -4.429772830564e-01  -1.265173384526e-03   5.048930103651e-04  -1.478236613316e-03  -1.499115555636e-04  -3.292847423341e-02  -3.553360424253e-01  -4.529778069009e-01  -2.429820535499e-03  -1.599295408982e-04  -6.961896006954e-05  -1.498388231236e-04  -3.292693668700e-02  -3.553305371180e-01  -4.529753058348e-01  -1.651704446268e-03   1.789062257203e-03  -6.993621182904e-05   8.304258752694e-05  -2.723128739075e-02  -3.337347018628e-01  -4.429793102854e-01   1.070191828608e-03   8.429153345389e-04  -1.478338295200e-03  -1.498375114454e-04  -3.292868575745e-02  -3.553368114098e-01  -4.529781430155e-01   1.076627988930e-03   2.184229552171e-03  -7.008575747174e-05  -1.499141283459e-04  -3.293033834064e-02  -3.553426855879e-01  -4.529808096566e-01   2.375673533717e-03   5.356686169725e-04  -6.954596765981e-05
  -1.660498463517e+01  -1.229651060142e+01  -6.133787554953e-07   1.260323462440e-06   2.325201520720e-02  -5.550808873345e+00  -4.494876999071e-07   9.688349794077e-07   5.619350758409e-03  -2.573261756987e+00  -1.709228388956e-07   3.500134408771e-07   9.392334805476e-04  -1.143635265857e+00   1.423973494736e-08  -4.795378161657e-08  -5.259388039902e-04   1.384802159632e-08  -3.988602559778e-07  -1.982747190402e-03   1.792766353527e-07  -1.809996822046e-07  -3.001078646171e-04  -3.239096012688e-04   1.011320896322e-02   7.966512424855e-03  -4.265089974605e-03  -1.756916493142e-01   4.435652116872e-01   3.494142395937e-01  -1.905153360754e-01  -7.165064545718e-01   1.077528402973e+00   8.488129010304e-01  -4.631365083922e-01  -6.266258208514e-01   5.294684729919e-01   4.170836890618e-01  -2.279623070752e-01  -5.403292881106e-01   2.320745891023e-01   2.475488291390e-01   2.946081027533e-01  -1.301418410727e-01  -3.001699265518e-04  -3.239399358926e-04   1.845414863588e-03  -1.274402477266e-02  -4.265975863450e-03  -1.757146221342e-01   8.093126740097e-02  -5.588945557400e-01  -1.905329220864e-01  -7.165371557665e-01   1.965843502357e-01  -1.357570959730e+00  -4.631379764643e-01  -6.266340567089e-01   9.659341653856e-02  -6.670539738210e-01  -2.279562658228e-01   1.576756145139e-01  -3.712058733221e-01   2.475842711605e-01   5.375286533979e-02   5.330213418416e-01  -3.000840165860e-04  -3.238978467167e-04  -1.195599257960e-02   4.771677581194e-03  -4.264756698815e-03  -1.756829867105e-01  -5.244120112941e-01   2.092966388811e-01  -1.905087367154e-01  -7.164948735374e-01  -1.273967857204e+00   5.084499618071e-01  -4.631360290527e-01  -6.266227127492e-01  -6.260004912262e-01   2.498413260230e-01  -2.279646221744e-01   3.826583791667e-01   1.390112960189e-01   2.475354383728e-01  -3.483057651060e-01  -4.030319668562e-01   2.599000437593e-04  -2.688224120404e-02  -3.180652395630e-01  -4.215412053305e-01   2.366362378871e-04  -1.633977228573e-03  -1.321242317327e-03   2.734841641985e-04  -3.246074881121e-02  -3.388858718063e-01  -4.312854092755e-01   1.279785981571e-03  -2.436370582846e-03  -3.145186602258e-04   2.734630454461e-04  -3.246171895379e-02  -3.388891990200e-01  -4.312869120018e-01  -5.362932853722e-04  -2.699396530946e-03  -3.146873118748e-04   2.599247728742e-04  -2.687749545094e-02  -3.180464814019e-01  -4.215323822715e-01  -1.533128700926e-03   6.118504870434e-04  -1.320894131676e-03   2.734833706425e-04  -3.245520604197e-02  -3.388665478326e-01  -4.312766972302e-01  -2.749212044135e-03   1.100088225744e-04  -3.143823784193e-04   2.734554659776e-04  -3.245374262741e-02  -3.388613282204e-01  -4.312743334616e-01  -2.069205567348e-03   1.813175806464e-03  -3.146336033988e-04   2.599174879495e-04  -2.687852089569e-02  -3.180505447752e-01  -4.215342923938e-01   1.296795492978e-03   1.021453058938e-03  -1.320964438671e-03   2.734476060048e-04  -3.245543647270e-02  -3.388672232139e-01  -4.312769885766e-01   1.470141331803e-03   2.325715134162e-03  -3.147508383694e-04   2.734957789186e-04  -3.245699139836e-02  -3.388728104759e-01  -4.312795251307e-01   2.605397755416e-03   8.850674592913e-04  -3.143201832206e-04
  -6.704710766232e-07  -6.133787554953e-07   1.378424233871e+00   3.945683119617e-08   1.427140000688e-06  -3.524128903450e-06  -5.884337576808e-01   1.246246489677e-07   2.078980592071e-06  -2.558252156127e-06  -5.838239276657e-01   9.720912390282e-08   9.112622141813e-07  -5.766384959102e-07  -2.055839232184e-01   4.077645018363e-08   5.889277646254e-08  -5.807141267213e-02  -8.154533726920e-08   3.033028266852e-06   7.094911574948e-02   2.672345297153e-02  -5.221012414502e-03  -5.989626242581e-03   9.835367443834e-02   9.135436851899e-02  -4.888317667100e-02  -1.698564390865e-01   1.851109003826e-01   2.243233857071e-01  -1.205774175764e-01  -1.464940930806e-01   1.217532806304e-02   1.512813531377e-01  -8.154276230057e-02  -4.027830198939e-02  -6.017175436335e-02   2.855135322479e-02  -1.587711114324e-02  -1.930160494066e-01   1.242711917511e-01   5.889947044522e-02   1.049736479283e-01   6.378629093468e-02  -9.526713301182e-04  -1.092814416044e-03  -1.375869229246e-02  -2.665670504996e-02  -8.918524030183e-03  -3.098921743147e-02  -9.018916580399e-02  -6.545456635480e-02  -2.199780398839e-02  -2.672648838999e-02  -1.734865458051e-01  -4.414161726366e-02  -1.487613050536e-02  -7.348257567812e-03  -9.521088267635e-02  -8.330515782397e-03  -2.896543677652e-03  -1.555014236776e-01  -3.626009578002e-02   1.074615817207e-02  -4.753756503234e-02   7.885849791319e-02   6.172470081214e-03   7.081406443565e-03   1.444919795126e-01  -6.469827247715e-02   5.779425664672e-02   2.008207656207e-01   2.984106484259e-01  -1.588701563661e-01   1.425602867488e-01   1.732005303497e-01   8.858487879199e-02  -1.071404675130e-01   9.640977015294e-02   4.762157356886e-02  -4.575055620374e-02  -2.022089778040e-02   1.877175177927e-02  -1.871716330427e-01  -8.801190781711e-02  -6.963604937829e-02   1.677409495030e-01   1.038704878832e-01   4.919139154059e-04  -4.362443925214e-03  -9.399283270708e-03  -4.187220634293e-03  -1.926798973382e-03  -3.718474631070e-03  -2.186472543565e-03   2.302535337368e-03  -2.498131816460e-02  -5.443189837951e-02  -2.465203700719e-02   7.369334055604e-03  -1.729130857023e-02  -1.497493713358e-03  -1.341124904937e-03   1.202845133224e-02   2.847363620718e-02   1.326619618484e-02   5.411121667654e-04   7.583133370599e-03  -3.842166065753e-04  -3.187295199618e-03   2.826545181463e-02   6.090120082157e-02   2.713163211705e-02   2.014896397860e-02  -9.025403832779e-03   1.416609960300e-02  -3.799064589520e-03   4.890873952478e-02   9.965777364634e-02   4.400467558129e-02   4.106665311496e-02  -3.953953580098e-03   6.307852285971e-03  -2.434877575476e-03   3.504822827291e-02   6.860818992178e-02   2.980309557729e-02   2.449268078802e-02  -1.961785095852e-02   5.894319542599e-03   2.695935969780e-03  -2.390785493299e-02  -5.151232387409e-02  -2.294861371167e-02   1.371248138914e-02   1.274348535183e-02  -1.198223450253e-02   1.497076436041e-03  -2.393493392683e-02  -4.523831894798e-02  -1.935701772134e-02   1.267259008107e-02   1.856296650929e-02  -4.813903253999e-03   3.774855956085e-03  -4.707416190214e-02  -9.707412073190e-02  -4.306572332238e-02   3.607508724823e-02   1.471833727969e-02  -5.505242392202e-03
   1.344605324352e-06   1.260323462440e-06   3.945683119617e-08   1.378418940908e+00  -3.321658634751e-06   8.065648485354e-06   1.285233663666e-07  -5.884331074596e-01  -4.701840116948e-06   5.668232856158e-06   1.311303886494e-07  -5.838205746954e-01  -1.995490421167e-06   1.151648551897e-06   9.086985370628e-08  -2.055836425152e-01  -1.195647195305e-07  -2.673567202961e-02   7.094322906891e-02  -6.429599372947e-06  -8.150417476383e-08  -5.809729042345e-02  -4.112922064472e-03  -4.718887690444e-03   9.136229946812e-02   5.435328915670e-02  -3.851048825708e-02  -1.338093549673e-01   2.243313511758e-01   7.705570380041e-02  -9.498814386540e-02  -1.153989276973e-01   1.512797588587e-01  -6.070264661492e-02  -6.423516399539e-02  -3.172845192949e-02   2.855153591904e-02  -7.392545066625e-02  -1.250670936738e-02  -1.004037229483e-01   4.510985907217e-02   4.639269283664e-02   1.242747241121e-01  -1.641763524560e-01   6.579146770214e-03   7.547750242451e-03  -2.665881670291e-02   1.664833172916e-01   6.159468984451e-02   2.140156475176e-01  -6.545659459995e-02   3.523627940774e-01   1.519194172295e-01   1.845666453265e-01  -4.414087443040e-02   1.249486485564e-01   1.027323699531e-01   5.074457955703e-02  -8.330440413986e-03  -3.888829230747e-02   2.000227846340e-02  -8.553783536968e-02   1.976199006537e-01  -7.420211141482e-02  -3.626114020795e-02  -2.016184078201e-01  -2.463547900634e-03  -2.826603414573e-03  -6.470386166776e-02   8.208011198063e-03  -2.306801749602e-02  -8.015287302575e-02  -1.588757819447e-01  -3.624688408670e-02  -5.689946359739e-02  -6.912538019210e-02  -1.071394234405e-01  -1.371079726434e-01  -3.847822206703e-02  -1.900595003339e-02  -2.022104916954e-02  -8.834584693994e-02  -7.491760376590e-03  -6.057445459211e-02  -1.765708893279e-02   2.778958424387e-02  -8.801434569079e-02  -1.698948394985e-01  -3.395173456632e-03   3.012304422021e-02   6.489643754869e-02   2.891030102128e-02  -3.718794640016e-03   2.321532745944e-02   1.509768681803e-02  -3.057578266943e-03   4.205776983569e-02   8.365176851384e-02   3.657883750755e-02  -1.550653458854e-02   3.337064505642e-02   6.421070856250e-03  -3.584985030207e-03   4.741648204729e-02   9.565420128073e-02   4.206809711556e-02   5.797122763620e-03   4.019971493972e-02   6.584320676659e-03   1.271597641375e-03  -1.128102106958e-02  -2.430433121601e-02  -1.082776639254e-02  -9.026589458863e-03   1.137353773982e-03  -5.653859417411e-03  -4.646782468823e-04   6.035807140090e-04   5.309122770893e-03   3.058007050168e-03  -2.168500797377e-03  -3.310844873518e-04  -1.914007417440e-03   2.953823942405e-03  -3.411584230356e-02  -7.247426741949e-02  -3.251958410212e-02  -2.140702322162e-02   1.624142603200e-02  -2.958841006459e-03   2.122752179164e-03  -1.883246448931e-02  -4.057323279220e-02  -1.807541377782e-02   1.274502044853e-02   7.574379340617e-03  -9.438558167313e-03   3.523308276124e-03  -4.265594468266e-02  -8.895641612686e-02  -3.963633141375e-02   2.035241662876e-02   2.806299842564e-02  -4.510354617812e-03   6.316229914192e-04  -1.329000392469e-02  -2.316722880577e-02  -9.545170009321e-03   1.293415007963e-02   4.662004914344e-03  -3.623933704675e-03
   2.475464785726e-02   2.325201520720e-02   1.427140000688e-06  -3.321658634751e-06   1.302009417448e+00   1.260743217070e-02   2.118017437655e-06  -4.778445575556e-06  -6.440960843497e-01   8.908536357350e-03   1.041527353098e-06  -2.140907383875e-06  -6.198858251054e-01  -5.241117562539e-03   2.010492118585e-07  -2.089246381808e-07  -2.318453130961e-01  -2.496218457664e-07   6.155204636597e-06   1.358752544882e-02  -2.756644502675e-06   7.351811244014e-06   2.161100145523e-03   2.733344419683e-03  -5.144126117241e-02  -4.052311726660e-02  -2.510902949323e-04   7.564051609741e-02  -1.278906230466e-01  -1.007470886960e-01  -5.832125006333e-02   6.706693213192e-02  -9.165846883915e-02  -7.220552032895e-02  -1.561089100881e-01   1.299930960149e-02  -1.389646307578e-02  -1.094664749600e-02  -1.020937673372e-01   1.334061753175e-01   6.224345542693e-02  -1.452797845617e-01   7.901960841721e-02   3.212971765597e-02   2.161504565152e-03   2.733512541101e-03  -9.385061242639e-03   6.481338020136e-02  -2.546550222652e-04   7.564199110579e-02  -2.333176943536e-02   1.611295835331e-01  -5.833262430059e-02   6.706629219080e-02  -1.672104852587e-02   1.154770037674e-01  -1.561174395588e-01   1.299857021014e-02  -2.535019483875e-03   1.750664075666e-02  -1.020947976898e-01  -3.892478991509e-02  -9.956715867244e-02  -1.452879999692e-01   1.441901830043e-02  -1.315867621421e-01   2.160956829552e-03   2.733294965900e-03   6.081898814599e-02  -2.427361699510e-02  -2.495129575034e-04   7.564009083712e-02   1.512072108793e-01  -6.034917942978e-02  -5.831668916485e-02   6.706721145518e-02   1.083708872524e-01  -4.325290553855e-02  -1.561057354803e-01   1.299956668773e-02   1.643031937854e-02  -6.557273387656e-03  -1.020935289922e-01  -9.448236818813e-02   3.728264042397e-02  -1.452766879137e-01  -9.341915304602e-02   9.951064713658e-02  -8.532370973528e-03   2.815431774967e-02   7.250154548610e-02   3.003928487605e-02  -3.175344732928e-03   2.192413596758e-02   1.748455037162e-02   2.429298656837e-03   4.174805839520e-03   3.165048736761e-03  -4.396671719512e-03   2.598982501788e-04   3.985475713837e-03  -2.852937126936e-03   2.428916454040e-03   4.178964239938e-03   3.173944140990e-03  -4.392453121482e-03  -1.378594043929e-03   3.751781349175e-03  -2.852668476415e-03  -8.532355657972e-03   2.815101239778e-02   7.249972805357e-02   3.003967027026e-02   2.057357525905e-02  -8.210193315777e-03   1.748172835402e-02   2.428457532331e-03   4.170455606449e-03   3.157149545753e-03  -4.400192354987e-03   3.319334298401e-03  -2.217267146869e-03  -2.852182315383e-03   2.428318967642e-03   4.177190662691e-03   3.171203820902e-03  -4.393366277217e-03   3.937834993533e-03  -6.818374537682e-04  -2.851170757839e-03  -8.532358618606e-03   2.815163312135e-02   7.249995870029e-02   3.003952531165e-02  -1.740189189955e-02  -1.370625678673e-02   1.748235722860e-02   2.428261536619e-03   4.180303170529e-03   3.177673749658e-03  -4.390345548853e-03  -3.584146797082e-03  -1.772514450963e-03  -2.851224378768e-03   2.428887938251e-03   4.169067713295e-03   3.153820027191e-03  -4.401845488829e-03  -2.552688477258e-03  -3.067179817084e-03  -2.852742207883e-03
  -6.164584177469e+00  -5.550808873345e+00  -3.524128903450e-06   8.065648485354e-06   1.260743217070e-02  -2.959418477453e+00  -1.071702002892e-05   2.364367316039e-05   6.521961043509e-02  -1.991288548737e+00  -8.386392463087e-06   1.809248575714e-05   5.614877747033e-02  -1.119481928649e+00  -2.318483102391e-06   4.808114133185e-06   1.335500332016e-02   5.813535300050e-07  -1.052067280253e-05   8.083483933710e-02   4.848143106693e-06  -2.049707498062e-05  -6.842344348705e-02  -7.451686959177e-02   1.681011699307e-01   1.324195209837e-01  -7.196195362908e-02  -3.653261381076e-01   5.011015602618e-01   3.947406760301e-01  -2.144761117941e-01  -7.320244632551e-01   9.031353632602e-01   7.114460414456e-01  -3.780527133627e-01  -6.530239281206e-01   5.191921073927e-01   4.089914507795e-01  -2.179843663481e-01  -3.998707055874e-01   1.728568290332e-01   1.818429269411e-01   2.194351170249e-01  -9.630649140068e-02  -6.843492848056e-02  -7.452893869773e-02   3.066974405167e-02  -2.117993013885e-01  -7.196598247954e-02  -3.653556960137e-01   9.142436622266e-02  -6.313638268806e-01  -2.144857490695e-01  -7.320551892389e-01   1.647660533055e-01  -1.137857371970e+00  -3.780518930360e-01  -6.530334073062e-01   9.471793412867e-02  -6.541075172089e-01  -2.179782452407e-01   1.166803136640e-01  -2.764722676148e-01   1.818606576684e-01   4.003516971354e-02   3.944424409830e-01  -6.841912210682e-02  -7.451233178937e-02  -1.987433472006e-01   7.931953024449e-02  -7.196049298494e-02  -3.653150620644e-01  -5.924465356116e-01   2.364512645391e-01  -2.144725718165e-01  -7.320126834388e-01  -1.067786512115e+00   4.261670752809e-01  -3.780531008340e-01  -6.530202356724e-01  -6.138522742728e-01   2.449945169596e-01  -2.179867374885e-01   2.831932463507e-01   1.035423300126e-01   1.818361420216e-01  -2.594361237015e-01  -2.982662410119e-01  -4.971896781574e-03  -8.680664735440e-02  -3.622223278378e-01  -4.517799236453e-01   6.063191338423e-03  -4.186520821959e-02  -4.116705557202e-02  -4.493135591172e-03  -9.603257856248e-02  -3.785224285167e-01  -4.598560406610e-01   3.631646861423e-02  -5.949704680501e-02  -4.811810346091e-03  -4.494026227684e-03  -9.603450208255e-02  -3.785253304195e-01  -4.598574977445e-01  -1.795237254040e-02  -6.735433796788e-02  -4.816965657687e-03  -4.969842788317e-03  -8.679556123327e-02  -3.622005096958e-01  -4.517696117847e-01  -3.928477619626e-02   1.567803580246e-02  -4.116115317408e-02  -4.491262339789e-03  -9.602134380431e-02  -3.785004401519e-01  -4.598457451212e-01  -6.967708833641e-02  -1.697911711410e-03  -4.808104163550e-03  -4.491670770678e-03  -9.601864983569e-02  -3.784945112383e-01  -4.598431419591e-01  -4.935399400897e-02   4.920874947242e-02  -4.816225669588e-03  -4.970299980288e-03  -8.679802412212e-02  -3.622055274242e-01  -4.517719858936e-01   3.322857542048e-02   2.617307473271e-02  -4.116236397188e-02  -4.492487710922e-03  -9.602215262242e-02  -3.785011967285e-01  -4.598463005136e-01   3.337292792550e-02   6.118686531728e-02  -4.819709836823e-03  -4.491542167102e-03  -9.602489559363e-02  -3.785076889219e-01  -4.598491074622e-01   6.730160126797e-02   1.812906706980e-02  -4.805924815844e-03
  -6.172739980788e-07  -4.494876999071e-07  -5.884337576808e-01   1.285233663666e-07   2.118017437655e-06  -1.071702002892e-05  -1.147549294034e-01   5.087621576690e-07   5.824497549098e-06  -1.567187650428e-05  -5.239158972284e-01   5.098515226844e-07   5.509501102242e-06  -1.030549782829e-05  -3.050059169340e-01   2.059050383066e-07   2.092901916849e-06  -1.442480874917e-01  -2.454911500114e-07   9.426415413981e-06   1.744655472729e-01   6.638058596960e-02  -1.844439260713e-01  -1.986358121597e-01   1.774070147748e-01   2.018893990552e-01  -1.082284492215e-01  -3.298138041409e-01   1.238966765136e-01   2.079825337146e-01  -1.079354535224e-01  -2.233042194099e-01  -4.008053708440e-02   1.440791429206e-01  -7.188960660757e-02  -7.005281885095e-02  -1.084002594633e-01   3.795446520887e-02  -1.931252738776e-02   1.629910963461e-02   1.411812861075e-02  -2.205069395854e-02  -1.216345474400e-02   7.378778734711e-02  -3.365437094574e-02  -3.624352039496e-02  -7.035797397881e-02  -5.890792071119e-02  -1.974496936280e-02  -6.017326802717e-02  -1.313502301439e-01  -6.068626539289e-02  -1.969099549273e-02  -4.074415571895e-02  -2.169121083848e-01  -4.204816548855e-02  -1.311613863071e-02  -1.278517048769e-02  -1.549814320500e-01  -1.107927602721e-02  -3.524109880082e-03  -1.058881313982e-01  -4.118262146660e-03  -4.022008925307e-03  -2.948841086628e-02   2.502079687831e-02   2.180583426868e-01   2.348375277569e-01   2.793763946408e-01  -1.429827003388e-01   1.279597824154e-01   3.899356719249e-01   2.289439142564e-01  -1.472974083706e-01   1.276145858502e-01   2.640020833451e-01   3.267541757145e-02  -1.020316639015e-01   8.499383913551e-02   8.281133674008e-02  -8.924142775245e-02  -2.687515764591e-02   2.283132997033e-02  -2.539319761419e-03  -9.999789222995e-03   2.607310334596e-02  -5.030696104728e-03  -5.641235108066e-02  -2.041229551169e-03  -1.413829918313e-02  -1.768609289197e-02  -7.896459612887e-03  -1.410728369858e-02  -1.150169769686e-02  -1.202587651561e-02  -1.733401167311e-02  -6.575991792320e-02  -8.354561328355e-02  -4.221051680251e-02   3.051384996995e-02  -6.477303359158e-02   3.335734294967e-04   9.684054800867e-03   2.801253531925e-02   3.847157810720e-02   2.161220775473e-02  -3.678476523812e-03   3.219669115147e-02  -1.658036783341e-03   1.322230039126e-02   9.160353063989e-02   1.145723263254e-01   5.113269661823e-02   5.417069608850e-02  -2.791274882977e-02   7.791596686897e-02   2.985009712698e-02   1.398877889911e-01   1.689093507076e-01   7.868184507438e-02   1.516400069328e-01   1.346798634553e-02   3.919255368575e-03   1.972993058348e-02   1.047679085146e-01   1.232141758162e-01   5.477906445377e-02   6.863561971879e-02  -9.256972014257e-02   4.687038704494e-03  -1.118453116642e-02  -7.748225751582e-02  -9.691482468774e-02  -4.325756768820e-02   3.426589109026e-02   3.941246287248e-02  -6.590468970177e-02  -1.252061238149e-02  -7.414812869096e-02  -8.539572696964e-02  -3.649279248310e-02   2.333066335694e-02   7.926262113755e-02  -4.275383167506e-03  -2.941456644049e-02  -1.327782991874e-01  -1.616828744406e-01  -7.639751128902e-02   1.405298184855e-01   3.241984194104e-02  -2.999686099566e-03
   1.292771844426e-06   9.688349794077e-07   1.246246489677e-07  -5.884331074596e-01  -4.778445575556e-06   2.364367316039e-05   5.087621576690e-07  -1.147239679431e-01  -1.277224468697e-05   3.407646774682e-05   5.524992930556e-07  -5.238712392443e-01  -1.190844176855e-05   2.224841637072e-05   2.694747885061e-07  -3.049859259034e-01  -4.521582160795e-06  -6.641010355511e-02   1.744461613747e-01  -2.030092388351e-05  -2.423877195031e-07  -1.443115083568e-01  -1.452940824865e-01  -1.564743323228e-01   2.018989207674e-01   8.016314101255e-02  -8.525999520159e-02  -2.598129832133e-01   2.079836592615e-01   2.371132679684e-02  -8.502902970833e-02  -1.758856996442e-01   1.440470081066e-01  -1.095062338892e-01  -5.662559400618e-02  -5.516237437464e-02   3.793717346749e-02  -1.266894463633e-01  -1.520924640112e-02   4.556058793492e-02  -1.896292858753e-02  -1.737974597538e-02   1.411904123364e-02  -7.771431634930e-02   2.324102962231e-01   2.502916126105e-01  -5.891050563083e-02   3.279387619765e-01   1.363612749458e-01   4.155527465624e-01  -6.068630822896e-02   2.789528480553e-01   1.359882804930e-01   2.813379035594e-01  -4.203839669948e-02   6.731379918846e-02   9.056955257655e-02   8.825746511765e-02  -1.107405619884e-02  -8.010184138652e-02   2.433018166800e-02  -3.244656191927e-03  -1.642178679399e-03   2.779052122068e-02  -4.118585061641e-03   4.448887235683e-02  -8.702875749743e-02  -9.372587803619e-02  -1.429893738379e-01  -2.181064100094e-02  -5.107209937017e-02  -1.556292449881e-01  -1.472981794585e-01  -8.133403182283e-02  -5.093424153583e-02  -1.053532419105e-01  -1.020091129177e-01  -1.822574819553e-01  -3.391884952693e-02  -3.303810937775e-02  -2.686295892200e-02  -1.458509861344e-01  -9.109776284598e-03  -8.468827175573e-02  -2.609424965042e-02  -1.041164709767e-02  -1.000040384767e-02  -5.885231340513e-02   1.409374257751e-02   9.762162267693e-02   1.220958268007e-01   5.449684650129e-02  -1.150278462247e-02   6.364993000560e-02   8.303650089377e-02   2.446527908923e-02   1.235751858964e-01   1.468185003234e-01   6.649679815564e-02  -8.341878152620e-02   1.064727418735e-01   4.731196719466e-03   2.837740022760e-02   1.371513538093e-01   1.644824369721e-01   7.573567436757e-02   5.084395495349e-02   1.406650833651e-01   4.456471090908e-03  -5.276953264825e-03  -3.655767578779e-02  -4.571653674785e-02  -2.039719064357e-02  -2.791473164243e-02  -4.630774933300e-03  -3.109564477068e-02   2.779012703354e-03  -4.840378844186e-03  -1.059588117398e-03   3.311600844106e-03  -5.170444771981e-03  -1.466229227753e-02  -2.654974051786e-03  -2.256829158880e-02  -9.281246175458e-02  -1.155288420047e-01  -5.656651585424e-02  -7.393271927095e-02   6.833702228790e-02  -7.904291319170e-04  -8.809697047922e-03  -6.103025930472e-02  -7.632335298085e-02  -3.405682092636e-02   3.941577335941e-02   1.527470485018e-02  -5.191165044557e-02  -2.723794407520e-02  -1.187152085286e-01  -1.457291620109e-01  -6.977910118870e-02   6.062293030896e-02   1.136441248773e-01  -2.095975874463e-03  -5.799919580798e-03  -4.430850273881e-02  -4.890960574409e-02  -1.913428005201e-02   5.106021327078e-02  -3.548184883510e-03  -3.655624766955e-03
   1.149381660915e-02   5.619350758409e-03   2.078980592071e-06  -4.701840116948e-06  -6.440960843497e-01   6.521961043509e-02   5.824497549098e-06  -1.277224468697e-05  -5.512776209861e-02   1.189841484574e-01   5.670064795231e-06  -1.207933789447e-05  -4.138724773890e-01   7.731897449275e-02   2.288265402477e-06  -4.650846427182e-06  -2.651408586340e-01  -4.241113230749e-07   1.811454602082e-05   3.150451806339e-02  -8.237842016946e-06   1.447079582860e-05   7.922976803027e-02   8.554332532408e-02  -1.116065485198e-01  -8.791822732931e-02  -3.700573025863e-02   1.470875778326e-01  -1.240152014148e-01  -9.769714483399e-02  -9.867488914471e-02   1.284740767447e-01  -1.261369494014e-01  -9.937373755771e-02  -1.540867011841e-01   6.932412022066e-02  -5.474799426093e-02  -4.313104986467e-02  -1.153524160318e-01   3.057918976368e-02   6.674333309097e-02  -7.099854651367e-02   8.473002677777e-02   7.358727021077e-03   7.924048008803e-02   8.555395368914e-02  -2.036104725715e-02   1.406122570258e-01  -3.701554608147e-02   1.470922686035e-01  -2.262403137193e-02   1.562470043719e-01  -9.868711043383e-02   1.284785857673e-01  -2.301052327093e-02   1.589243134799e-01  -1.540957101261e-01   6.932539990256e-02  -9.986983225998e-03   6.897499580381e-02  -1.153546096626e-01  -8.919437063555e-03  -1.067515439658e-01  -7.099991281495e-02   1.545890778203e-02  -3.015860230694e-02   7.922575647510e-02   8.553935504275e-02   1.319541641517e-01  -5.266444636846e-02  -3.700176445377e-02   1.470859727286e-01   1.466269786941e-01  -5.852286422473e-02  -9.866999609237e-02   1.284722898695e-01   1.491368236334e-01  -5.952767666003e-02  -1.540833062339e-01   6.932354337625e-02   6.473182235553e-02  -2.583711183561e-02  -1.153517345533e-01  -2.165988765663e-02   3.997981369205e-02  -7.099794410636e-02  -1.001752279283e-01   2.280662339892e-02   1.249932013347e-02   8.439159585935e-02   1.245921746354e-01   7.857347392187e-02  -1.009271984746e-02   6.968261372343e-02   6.879987802565e-02   3.422795172085e-03   1.779627155563e-02   3.558585890443e-02   3.264039988460e-02  -6.624820269519e-03   1.398878694685e-02  -1.788776391523e-02   3.425335565453e-03   1.780567560366e-02   3.559665480952e-02   3.264582322255e-02   2.390059327564e-03   1.530492029866e-02  -1.788689241120e-02   1.249570288983e-02   8.438308371863e-02   1.245851334924e-01   7.857148210927e-02   6.538951006935e-02  -2.609512545045e-02   6.879166989259e-02   3.419474074159e-03   1.778623501514e-02   3.557235580217e-02   3.263352565035e-02   1.541735894879e-02  -1.258550012470e-03  -1.788560962838e-02   3.423753729096e-03   1.780055444565e-02   3.558817053594e-02   3.264164016286e-02   1.205816227173e-02  -9.718397720511e-03  -1.788257737125e-02   1.249651222837e-02   8.438496772552e-02   1.245867866154e-01   7.857198326903e-02  -5.530948872329e-02  -4.356322708240e-02   6.879350539844e-02   3.425748739408e-03   1.780774483257e-02   3.559720914707e-02   3.264622565917e-02  -8.810484220666e-03  -1.274686186640e-02  -1.788264289005e-02   3.418830431873e-03   1.778332405965e-02   3.556967725108e-02   3.263220954610e-02  -1.442286270549e-02  -5.577825912993e-03  -1.788723511283e-02
  -2.739842867200e+00  -2.573261756987e+00  -2.558252156127e-06   5.668232856158e-06   8.908536357350e-03  -1.991288548737e+00  -1.567187650428e-05   3.407646774682e-05   1.189841484574e-01  -1.552011174550e+00  -2.733717993622e-05   5.943461125090e-05   2.417957431385e-01  -1.078430590630e+00  -1.580038905790e-05   3.449642815256e-05   1.538219085085e-01   7.251277462031e-07  -1.530932492781e-05   1.237684943419e-01   7.078623611458e-06  -3.124688020002e-05  -5.884747834111e-01  -5.622275248622e-01   1.678854774750e-01   1.322494578359e-01  -7.297261216813e-02  -6.413726533368e-01   3.500631497855e-01   2.757641275129e-01  -1.472790969792e-01  -8.000461886890e-01   6.632093551812e-01   5.224825704910e-01  -2.316893705087e-01  -7.099716826581e-01   4.842172017356e-01   3.814713381384e-01  -1.378596401618e-01  -2.470691132852e-01   1.049240623319e-01   1.191081446103e-01   1.331859381785e-01  -5.949937300142e-02  -5.885089819485e-01  -5.622594320458e-01   3.062956494364e-02  -2.115194473202e-01  -7.297281720583e-02  -6.414061759690e-01   6.386791874381e-02  -4.410639617156e-01  -1.472811239966e-01  -8.000857155279e-01   1.209909597368e-01  -8.356098873797e-01  -2.316847408889e-01  -7.099902783204e-01   8.833229750702e-02  -6.100582111271e-01  -1.378529246328e-01   7.209097460214e-02  -1.678150535229e-01   1.191270283276e-01   2.429880297735e-02   2.437119529188e-01  -5.884619166892e-01  -5.622155375439e-01  -1.984909895126e-01   7.921883270294e-02  -7.297253454621e-02  -6.413601547134e-01  -4.138768560513e-01   1.651846279597e-01  -1.472783570088e-01  -8.000308777421e-01  -7.841295120504e-01   3.129792932344e-01  -2.316912513802e-01  -7.099643445906e-01  -5.725142920208e-01   2.285149528205e-01  -1.378622417041e-01   1.749798457248e-01   6.285052013399e-02   1.191006810539e-01  -1.574660138019e-01  -1.842873361627e-01  -8.464476167428e-02  -2.204721516867e-01  -4.619002774897e-01  -5.285148441384e-01   7.984396816076e-03  -5.510883260401e-02  -1.383585668364e-01  -9.078665208600e-02  -2.303435783490e-01  -4.567857279366e-01  -5.152862388535e-01   1.216442263097e-01  -9.755562225074e-02   2.841840492070e-02  -9.078732904766e-02  -2.303440291312e-01  -4.567870583269e-01  -5.152878326129e-01  -8.898988990081e-02  -1.280466140405e-01   2.839737739358e-02  -8.463886672349e-02  -2.204553425575e-01  -4.618655003833e-01  -5.284944222636e-01  -5.171775915532e-02   2.063702106782e-02  -1.383503526127e-01  -9.078200860656e-02  -2.303317282663e-01  -4.567527975960e-01  -5.152638616915e-01  -1.453089768158e-01  -5.655566801834e-02   2.843699731227e-02  -9.077937972963e-02  -2.303247568632e-01  -4.567408929071e-01  -5.152588357853e-01  -6.641509999873e-02   1.410752239289e-01   2.840266505109e-02  -8.464006376337e-02  -2.204592304349e-01  -4.618743178444e-01  -5.284996762329e-01   4.374743155288e-02   3.445010344060e-02  -1.383519673761e-01  -9.078075592114e-02  -2.303281098956e-01  -4.567510555845e-01  -5.152660639441e-01   2.367587083399e-02   1.541211504493e-01   2.838745753175e-02  -9.078389650050e-02  -2.303366262553e-01  -4.567641908790e-01  -5.152708056692e-01   1.553822473706e-01  -1.302998785546e-02   2.844528545891e-02
  -3.272907720975e-07  -1.709228388956e-07  -5.838239276657e-01   1.311303886494e-07   1.041527353098e-06  -8.386392463087e-06  -5.239158972284e-01   5.524992930556e-07   5.670064795231e-06  -2.733717993622e-05  -6.901012409195e-01   7.932491773564e-07   1.229167229888e-05  -2.815535348522e-05  -5.696607921146e-01   3.026192323254e-07   7.730700998334e-06  -1.470442597083e-01  -2.376156678312e-07   9.498389027840e-06   1.658525665867e-01   6.766736286188e-02  -1.023808610071e+00  -9.618842189730e-01   4.232090932024e-02   1.694529813837e-01  -9.202472243971e-02  -7.420738651362e-01  -1.456481956577e-02   1.404812734715e-01  -7.156731490649e-02  -4.694230968312e-01  -1.891042432534e-01   8.016517893382e-02  -2.532712538620e-02  -1.697882268312e-01  -2.732561585672e-01   3.634031898523e-02  -1.042896104863e-02  -2.117325085012e-02   2.282172228201e-02   2.552076116731e-02   2.941337613189e-03  -3.314532922506e-03  -1.867865339429e-01  -1.754885990720e-01  -1.656385786119e-01  -4.944231407787e-02  -1.678813455942e-02  -1.353840299334e-01  -1.869823038270e-01  -4.099344687073e-02  -1.305584171589e-02  -8.564970365163e-02  -2.875342141485e-01  -2.341392758024e-02  -4.621362719772e-03  -3.099057721892e-02  -3.178747756191e-01  -1.062154804329e-02  -1.903931258198e-03  -1.571375426158e-03  -6.654882848233e-03   4.654840236272e-03  -2.503863982702e-02   4.532221707163e-03   1.210447791727e+00   1.137235341478e+00   1.279106037280e-01  -1.200117165288e-01   1.088033869047e-01   8.773573555167e-01   5.638619739114e-02  -9.948921100866e-02   8.461639785430e-02   5.549793210516e-01  -1.486509383865e-01  -5.675251906979e-02   2.994235323848e-02   2.007030344314e-01  -2.549373817573e-01  -2.571905289630e-02   1.232693382773e-02  -1.813844865031e-02  -1.616534235315e-02  -3.017301491520e-02   1.446606943737e-02   1.759723872393e-02  -2.094223672053e-02  -4.500828740836e-02  -4.660609478471e-02  -2.167573364565e-02  -4.069160187507e-02  -1.018900579521e-02  -3.407624821626e-02  -1.224847550363e-01  -1.530222851553e-01  -1.503256763211e-01  -9.445366544234e-02   5.244283660221e-02  -5.661878385372e-02   3.227576771958e-02   6.291331265042e-02   4.501825886161e-02   4.383555540031e-02   4.188701339118e-02  -2.122863240665e-02   1.901570509468e-02  -1.123629991800e-02   1.356883883616e-01   2.916415690866e-01   3.019346676423e-01   1.403438770758e-01   1.980193675740e-02  -2.472442734670e-02   2.208148255224e-01   2.277933527461e-01   3.871013237397e-01   3.814142158391e-01   1.958005428637e-01   2.166940675409e-01   1.352325364948e-01  -7.636100643555e-02   1.583491036615e-01   3.129259297470e-01   3.087102735763e-01   1.447428329807e-01   3.781964468556e-02  -2.265665673262e-01  -5.999505761104e-02  -1.147705389788e-01  -2.466779518805e-01  -2.553992632289e-01  -1.187332164954e-01   2.171041101011e-03   3.490884714564e-02  -1.867684039626e-01  -1.053282115628e-01  -2.341192611859e-01  -2.311669057988e-01  -1.014128139303e-01  -3.159074086275e-02   1.815871289903e-01   4.401204810927e-02  -2.212573300176e-01  -3.579485233458e-01  -3.525487222419e-01  -1.866535793322e-01   2.209627592999e-01  -5.264306569298e-02   7.131494948742e-02
   6.946309077138e-07   3.500134408771e-07   9.720912390282e-08  -5.838205746954e-01  -2.140907383875e-06   1.809248575714e-05   5.098515226844e-07  -5.238712392443e-01  -1.207933789447e-05   5.943461125090e-05   7.932491773564e-07  -6.899580864560e-01  -2.654562729219e-05   6.148488226628e-05   3.231760104559e-07  -5.695507761092e-01  -1.686259926654e-05  -6.769493057106e-02   1.658303683647e-01  -2.065046591824e-05  -2.233485424081e-07  -1.471038354313e-01  -8.064957581517e-01  -7.577159869988e-01   1.694594540752e-01  -3.929969215079e-02  -7.249234719875e-02  -5.845651817190e-01   1.404775626705e-01  -8.223923487695e-02  -5.637321339536e-02  -3.697317243743e-01   8.008370300633e-02  -2.277717775400e-01  -1.993966983704e-02  -1.336763720218e-01   3.627913510737e-02  -2.907699767382e-01  -8.206872920683e-03  -1.582404393897e-02  -8.017137406993e-03   2.011329841276e-02   2.280800734099e-02  -6.081147565868e-03   1.289909462265e+00   1.211889240554e+00  -4.944461674842e-02   1.686559525098e-01   1.159366448473e-01   9.349424614186e-01  -4.099349979854e-02   9.016680627303e-02   9.015594926546e-02   5.913984796501e-01  -2.339078432319e-02  -1.293864264846e-01   3.189619728211e-02   2.138990677818e-01  -1.060382333423e-02  -2.461466088123e-01   1.313470331336e-02  -8.016695366007e-03   1.997781105733e-02  -3.217204597759e-02  -6.650941758566e-03  -2.567054173443e-02  -4.830987060285e-01  -4.538794238682e-01  -1.200160231931e-01  -1.248881468494e-01  -4.342477153608e-02  -3.501616260052e-01  -9.948595152898e-02  -1.531859314693e-01  -3.376929314713e-02  -2.214651053690e-01  -5.669453472253e-02  -2.682076866526e-01  -1.194343682587e-02  -8.005842997347e-02  -2.567560224264e-02  -3.090912404667e-01  -4.914737741295e-03   5.045528883043e-03  -1.954799583257e-02   1.204555088040e-02  -1.615612205352e-02  -9.093692759677e-03   1.445920969917e-01   3.107803390257e-01   3.217499884657e-01   1.495754264732e-01  -1.019633820496e-02   2.818979873217e-02   2.353052771546e-01   1.923203547464e-01   3.586393948632e-01   3.536438743527e-01   1.715903098807e-01  -2.300769843886e-01   1.058989084400e-01  -6.949017872072e-02   2.191595069853e-01   3.873073751888e-01   3.817500590228e-01   1.913252608044e-01   1.924954442809e-01   1.795612061207e-01  -7.574560080014e-02  -5.414952668614e-02  -1.163899114567e-01  -1.204749625462e-01  -5.597559580818e-02  -2.473123760164e-02  -3.229805963751e-02  -8.812713713081e-02   9.910821662672e-03  -4.680195830593e-02  -4.664484799781e-02  -3.984856140938e-03  -3.820489580825e-02  -5.833495304377e-02   6.798426772218e-03  -1.640410499183e-01  -2.326001938045e-01  -2.287649770609e-01  -1.318787918059e-01  -5.310249232725e-02   1.205285534991e-01   4.760667708842e-02  -9.039696977656e-02  -1.943022851143e-01  -2.011331320921e-01  -9.346586155857e-02   3.492484882241e-02  -1.466819924675e-02  -1.471186542710e-01  -2.022125109005e-01  -3.117882277594e-01  -3.069160300026e-01  -1.675100498217e-01   8.107646694549e-03   1.899309437089e-01   6.263859799727e-02  -5.508972869485e-02  -1.546437646003e-01  -1.528713816650e-01  -5.933503580647e-02   1.207889293575e-01  -6.260379692568e-02   2.817851349371e-02
