ARMA_MAT_TXT_FN008
58 58
   3.288787103447e-01   2.820130556214e-01   7.316533919108e-17   1.032464238136e-16   1.560225227600e-03  -4.572659458362e-02  -2.654301476313e-16   7.012152501752e-17  -5.709091883473e-04  -3.267173474300e-02   6.234090547923e-17   5.269394443827e-17  -8.353157510205e-04   3.497491799403e-02   2.293800923515e-18   2.444644260516e-17  -1.142882203352e-02   1.054071148778e-16   7.069859980851e-17  -3.411036255450e-03  -1.615127096406e-16   2.552629354275e-13   4.510815233706e-03   7.540429902844e-03  -5.801975432917e-17   1.810305108178e-16  -1.159296154165e-02  -1.840970454209e-02   1.687715791467e-16  -2.560619071160e-16  -1.500269962957e-02  -4.444690110917e-03  -8.770984921983e-17   1.777548659196e-16  -3.946804762355e-03  -3.270416126259e-02  -6.392996198361e-17  -2.775825427142e-16  -9.264799397257e-03  -7.898956555492e-17   1.732784503203e-16  -1.545192855293e-03  -2.327471094008e-16   7.312941170908e-14   3.531400878983e-03   6.463725657111e-03   1.074374771481e-03  -3.352168201041e-03  -9.437650903979e-17  -8.232484737344e-17   8.939801685926e-04  -1.123582163834e-02  -1.617830711582e-02   2.515383606417e-04   1.727544085368e-03   2.309010482380e-16  -3.197318323242e-16   1.727050074840e-03
   2.820130556214e-01   2.496148816024e-01   2.467171797714e-16   1.456518871437e-16   2.176360228926e-03  -7.842555564771e-02   8.788622025593e-17   1.440923692992e-16  -4.980250465975e-04  -5.484561544305e-02   2.868706071669e-16   1.650100303501e-16  -1.803748334202e-03   6.286325955606e-02   1.067846116262e-16  -1.134197108272e-16  -1.997273101647e-02   8.786753882227e-17   5.058433074104e-17  -6.528895009948e-03  -1.631399789874e-16   4.222888957046e-13   7.541085274668e-03   1.240221521937e-02   1.545887137640e-16   2.104182803906e-16  -1.955753296336e-02  -2.945302189354e-02   4.149767683488e-16  -1.011944206114e-16  -2.449387770003e-02  -6.773241190368e-03   2.457954283553e-16   1.495818397113e-16  -6.834152281701e-03  -5.836752931097e-02  -1.382216317111e-16  -8.033981807476e-17  -1.692296660124e-02  -7.421255875369e-17   1.598623563702e-16  -2.373809502128e-03  -1.666140822638e-16   1.151767965491e-13   6.181323084266e-03   1.144652511400e-02   1.445231184065e-03  -6.056602494851e-03  -3.411536852743e-17  -3.482184439160e-17   1.636989400997e-03  -1.888171952558e-02  -2.664360632746e-02   3.996087925464e-04   2.861993102812e-03   1.920825531357e-16  -2.728373495153e-16   2.680251377649e-03
   7.316533919108e-17   2.467171797714e-16   3.071698418042e-02   8.129610469510e-17  -4.999246289086e-16  -1.038351078410e-15   5.026149794744e-02   1.543929304608e-17   4.334591157925e-15   8.066106892432e-14   4.076186328845e-02  -1.084032765896e-17  -9.953618287837e-14   2.526142537529e-12   3.634453314264e-03   3.654303687060e-16  -8.345950397747e-13  -6.581179059559e-18   2.824786057666e-17  -1.344378013133e-15  -5.490154951491e-03  -3.311763903250e-17  -9.350965974532e-17  -2.783289523874e-16   3.071292601705e-02   3.713837133060e-17  -3.857368544685e-16   1.127686947410e-15   5.025300414244e-02  -2.449619283459e-17   4.134457341447e-15  -8.237468685560e-14   4.075638474220e-02   2.845812591791e-16  -9.873248680068e-14  -2.552194484145e-12   3.638240614136e-03  -5.156057368340e-16  -8.157654373490e-13  -5.287094715664e-17   4.208229088549e-17   1.495412207748e-15   5.489160433743e-03  -4.053329328323e-17   2.323809333526e-17  -7.430075355565e-15  -1.008002128447e-13  -2.692538131640e-13   2.822660105182e-03   2.171887767967e-17  -1.106133709121e-15   6.677661252610e-17   5.923112122504e-15   1.098222812730e-13   2.895233939987e-13   2.833731125271e-03  -1.937534927285e-18  -1.020805930891e-15
   1.032464238136e-16   1.456518871437e-16   8.129610469510e-17   3.071698417842e-02  -8.109337541283e-17  -1.821748309922e-16   3.016911129554e-16   5.026149794374e-02   1.142196282762e-15   1.668288305152e-14  -3.156523335085e-16   4.076186328737e-02  -2.239331934169e-14   6.233565637005e-13   1.109771847232e-15   3.634453318381e-03  -1.987038116071e-13   2.370141930071e-17  -5.490154951052e-03  -4.117002522944e-16  -1.561995987977e-16   6.549603302627e-17   2.819978294462e-18  -2.003780847028e-17   6.334451192747e-17   3.071292601506e-02  -1.355180990101e-16  -4.733848610663e-18  -2.365339505208e-16   5.025300413874e-02   1.187820344958e-15  -1.661074716623e-14   7.161682627276e-16   4.075638474112e-02  -2.232810848714e-14  -6.127062031999e-13  -1.191662357298e-15   3.638240618252e-03  -2.060904013865e-13   4.371670600512e-17   5.489160433305e-03   3.532337772894e-16  -1.786436954989e-16  -4.663477402809e-18  -8.662993925352e-17  -1.021869040746e-15  -2.763672502508e-14  -7.434408479138e-14  -9.972552992410e-17   2.822660104907e-03  -2.279460836530e-16   2.008404503173e-17   1.482360977538e-15   2.501800488530e-14   6.551468243154e-14   1.613337301888e-16   2.833731124996e-03  -2.850300148969e-16
   1.560225227600e-03   2.176360228926e-03  -4.999246289086e-16  -8.109337541283e-17   4.640894773244e-02  -2.902852651007e-03  -7.435869243515e-16  -1.005007527832e-16   5.902856829209e-02   1.892640288348e-02  -8.402110817794e-16  -2.655201224072e-16   2.537287292472e-02  -4.814333213986e-02  -1.456179706544e-17   1.963380522534e-16   2.380896868032e-02   4.952902280834e-18   3.173002879555e-17  -6.351974210061e-04   9.696342669075e-17  -6.744327000025e-14   1.160001631650e-02   1.956885149543e-02  -4.583124126920e-16  -5.432629333582e-17  -3.013781204566e-02  -5.011413415819e-02  -7.255084703135e-16  -1.630863832330e-16  -3.741396931559e-02  -2.533387872908e-02  -5.972477261088e-16   3.991693175755e-17  -1.706231560078e-02   6.875306036578e-02  -2.248460485181e-17  -3.066354755499e-16   1.166082228649e-02   1.946299640987e-17   1.624342135291e-18  -5.311468075803e-03  -7.802270891898e-17   2.123793897908e-13   9.159954184086e-03   1.847633927445e-02   1.836979315799e-03  -2.334364066871e-03   1.323603948567e-17   1.269721731750e-16   3.217983161231e-03   3.218039669685e-02   5.314801648462e-02   2.454283327131e-03  -1.085397223584e-02   2.816477442689e-17   8.638598974728e-18  -7.074396360252e-03
  -4.572659458362e-02  -7.842555564771e-02  -1.038351078410e-15  -1.821748309922e-16  -2.902852651007e-03   2.039085881999e-01  -1.715066776503e-15  -2.335434640593e-16   2.055228392643e-03   1.406542347901e-01  -1.321287944916e-15  -4.663661281784e-16   6.283969615339e-03  -1.759545694755e-01  -5.454552715104e-16   7.119455288519e-16   5.456625027381e-02  -1.156375464550e-18   1.795846872289e-17   1.864934295490e-02   1.653676046523e-16  -1.063131085343e-12  -1.841554235847e-02  -2.946095309310e-02  -1.124250969596e-15  -1.813710029985e-16   5.008876609218e-02   6.684455325610e-02  -1.543410097828e-15  -3.698049663308e-16   6.082698423142e-02   1.222073426688e-02  -1.753248709457e-15   1.641644473353e-16   1.805240357698e-02   1.631821867986e-01   4.288971229903e-16  -7.711911014993e-16   4.823530965155e-02   4.478919260304e-17  -5.949336423779e-17   5.066258885665e-03  -1.494480008916e-16  -2.504134571355e-13  -1.753128491199e-02  -3.225402746485e-02  -2.771246583459e-03   1.678079866328e-02  -2.351704147070e-16  -1.610981939380e-16  -4.660750677124e-03   4.920972934453e-02   6.831790685774e-02  -8.846496970579e-04  -7.737605561146e-03  -8.298074217163e-18   4.978943190334e-17  -6.501695952307e-03
  -2.654301476313e-16   8.788622025593e-17   5.026149794744e-02   3.016911129554e-16  -7.435869243515e-16  -1.715066776503e-15   8.224173835175e-02   3.012502323063e-16   7.189053526659e-15   1.320126874560e-13   6.669770365388e-02   2.060865041988e-16  -1.628311735608e-13   4.133348312991e-12   5.946972747129e-03   6.179022235112e-16  -1.365580653679e-12  -1.076863261871e-17   1.607472657520e-17  -2.202376854207e-15  -8.983414849737e-03  -5.418963451886e-17   1.782832936920e-16  -1.556675415276e-16   5.025485766764e-02   2.294142150826e-16  -6.667065608951e-16   1.720194738854e-15   8.222784013309e-02   2.358580182289e-16   6.725217603863e-15  -1.348668003465e-13   6.668873923409e-02   6.894479731318e-16  -1.615721109704e-13  -4.175947098749e-12   5.953169819199e-03  -8.236962366454e-16  -1.334783734694e-12  -8.651152034929e-17   9.899935799051e-17   2.435349402199e-15   8.981787543116e-03  -6.632369978685e-17   3.132179584135e-17  -1.216067254051e-14  -1.649351542756e-13  -4.405733098900e-13   4.618654105157e-03   5.103736143188e-17  -1.808596947986e-15   1.588358965536e-16   9.774497470912e-15   1.797039958038e-13   4.737208801979e-13   4.636769361858e-03   1.238973620795e-17  -1.681414877666e-15
   7.012152501752e-17   1.440923692992e-16   1.543929304608e-17   5.026149794374e-02  -1.005007527832e-16  -2.335434640593e-16   3.012502323063e-16   8.224173834497e-02   1.911365029262e-15   2.736487446412e-14  -6.725301840763e-16   6.669770365152e-02  -3.662581441735e-14   1.019787437043e-12   1.801981703637e-15   5.946972753813e-03  -3.250743438029e-13   3.878208975616e-17  -8.983414848940e-03  -6.673311804576e-16  -2.345696281765e-16   1.071696593044e-16   7.188868073584e-18  -1.233437534314e-17  -1.391886890576e-17   5.025485766394e-02  -1.990283231148e-16  -1.023327670005e-16  -5.794022996575e-16   8.222784012631e-02   1.974860437384e-15  -2.726236304685e-14   1.015835178697e-15   6.668873923173e-02  -3.652245989290e-14  -1.002357851834e-12  -1.963816930270e-15   5.953169825882e-03  -3.371610299782e-13   7.153264513925e-17   8.981787542319e-03   5.687493361148e-16  -3.133229929035e-16  -7.630741303046e-18  -1.809865701058e-16  -1.730338321285e-15  -4.522220780207e-14  -1.216340306089e-13  -1.739836643302e-16   4.618654104667e-03  -3.792407480357e-16   7.141232931907e-17   2.484646284924e-15   4.093772319720e-14   1.071848813815e-13   2.531392373583e-16   4.636769361367e-03  -4.731808598094e-16
  -5.709091883473e-04  -4.980250465975e-04   4.334591157925e-15   1.142196282762e-15   5.902856829209e-02   2.055228392643e-03   7.189053526659e-15   1.911365029262e-15   7.525939161103e-02   2.798449526039e-02   5.527632999349e-15   1.314251659249e-15   3.255179215046e-02  -6.483499538015e-02   5.607827599376e-16   4.078893168204e-16   3.151720763365e-02   5.299062754266e-18  -1.826440607599e-16  -2.983274709161e-04  -7.646891593584e-16  -1.158788327728e-13   1.500648043003e-02   2.449827851342e-02   4.386585799855e-15   1.175310691818e-15  -3.735189494316e-02  -6.082969861639e-02   7.211934418634e-15   1.831791945897e-15  -4.644549839159e-02  -3.098778827639e-02   5.832289666451e-15   1.708371223371e-15  -2.148099427001e-02   9.083730080874e-02   5.715383734088e-16  -2.520896215325e-16   1.571682382183e-02   2.645007241198e-17   2.235004529251e-16  -6.521606645568e-03   7.910788746567e-16   2.569852808751e-13   1.171778534201e-02   2.345331297791e-02   2.275619614261e-03  -2.633655624613e-03   4.722702715471e-16   2.756451817780e-16   4.063214439564e-03   4.238978087586e-02   6.965181025384e-02   3.103737320476e-03  -1.397566053326e-02   4.963168900907e-16   1.287804100901e-16  -9.202064098920e-03
  -3.267173474300e-02  -5.484561544305e-02   8.066106892432e-14   1.668288305152e-14   1.892640288348e-02   1.406542347901e-01   1.320126874560e-13   2.736487446412e-14   2.798449526039e-02   1.074982653035e-01   1.070129879486e-13   2.187924794531e-14   1.521742242115e-02  -1.591900766816e-01   9.245595436862e-15   2.637288288644e-15   5.233015921975e-02   2.876668066373e-18  -2.992919195662e-15   1.281921836694e-02  -1.442426844395e-14  -7.716423604631e-13  -4.501099337669e-03  -6.860702600107e-03   8.059925625481e-14   1.669661683069e-14   2.522940956195e-02   1.241850759523e-02   1.321283482989e-13   2.721609473717e-14   3.085484920831e-02  -1.268235367074e-02   1.067320949422e-13   2.252059913427e-14   7.544927181222e-03   1.584385196320e-01   9.994974892003e-15   1.251741124790e-15   4.397626825998e-02   4.285420066953e-17   2.966984245583e-15   1.213552929512e-04   1.445500893033e-14  -1.112942643559e-14  -1.377321057272e-02  -2.280632143814e-02  -1.267100538591e-03   1.201911698945e-02   7.322497952153e-15   1.463572545315e-15  -2.799999552728e-03   4.868797366839e-02   7.132301689744e-02   4.777865408423e-04  -1.098696858123e-02   7.539234804410e-15   1.595512356749e-15  -7.651051343850e-03
   6.234090547923e-17   2.868706071669e-16   4.076186328845e-02  -3.156523335085e-16  -8.402110817794e-16  -1.321287944916e-15   6.669770365388e-02  -6.725301840763e-16   5.527632999349e-15   1.070129879486e-13   5.409155693759e-02  -5.764203201667e-16  -1.321896354286e-13   3.352155140421e-12   4.822969867554e-03   4.348183813028e-16  -1.107546075328e-12  -8.733315729400e-18   1.131848834560e-16  -1.775709219548e-15  -7.285511632608e-03  -4.394756551457e-17   2.230078196582e-17  -2.564566175372e-16   4.075647804948e-02  -3.741945921415e-16  -3.293200997833e-16   1.537035880396e-15   6.668643225704e-02  -7.254079098745e-16   5.720239037212e-15  -1.093540035158e-13   5.408428683088e-02  -1.843164869049e-16  -1.309121652057e-13  -3.386824668215e-12   4.827995666919e-03  -7.343809534013e-16  -1.082491801298e-12  -7.016047888269e-17  -1.984222324546e-17   1.991651673010e-15   7.284191893788e-03  -5.378824137598e-17  -9.005201577242e-17  -1.006274958120e-14  -1.337732663924e-13  -3.572708152165e-13   3.745709039709e-03  -1.009830032739e-17  -1.495764533722e-15  -2.384834702492e-17   7.670268738402e-15   1.457261705169e-13   3.842311199120e-13   3.760400436648e-03  -4.164334253035e-17  -1.328190363807e-15
   5.269394443827e-17   1.650100303501e-16  -1.084032765896e-17   4.076186328737e-02  -2.655201224072e-16  -4.663661281784e-16   2.060865041988e-16   6.669770365152e-02   1.314251659249e-15   2.187924794531e-14  -5.764203201667e-16   5.409155693823e-02  -2.979216303170e-14   8.280652167048e-13   1.458635416160e-15   4.822969873202e-03  -2.639474660339e-13   3.145211156278e-17  -7.285511632305e-03  -5.702273661524e-16  -1.860595218917e-16   8.691414263261e-17   6.322034877130e-16   4.021581852431e-16  -3.464661215802e-17   4.075647804840e-02  -2.617198087378e-16   4.706639053040e-16  -5.081121951683e-16   6.668643225468e-02   1.463981894446e-15  -2.165170631137e-14   7.928414733549e-16   5.408428683152e-02  -2.967912520498e-14  -8.139527185173e-13  -1.595414296482e-15   4.827995672567e-03  -2.737490681747e-13   5.801267413506e-17   7.284191893485e-03   5.165115690563e-16  -2.582783450680e-16  -6.188499082902e-18   5.834798615208e-17  -1.102665094760e-15  -3.667232188934e-14  -9.871172764844e-14  -1.432467444985e-16   3.745709039488e-03  -2.761881471545e-16  -1.376568107428e-16   1.712430143588e-15   3.319317554134e-14   8.700907305174e-14   2.031397030450e-16   3.760400436427e-03  -3.484312682946e-16
  -8.353157510205e-04  -1.803748334202e-03  -9.953618287837e-14  -2.239331934169e-14   2.537287292472e-02   6.283969615339e-03  -1.628311735608e-13  -3.662581441735e-14   3.255179215046e-02   1.521742242115e-02  -1.321896354286e-13  -2.979216303170e-14   1.453971346591e-02  -2.430239351318e-02  -1.175429258531e-14  -2.544768890452e-15   1.303750038067e-02   1.483718254441e-18   4.016259916670e-15   2.968523659390e-04   1.779241514115e-14  -7.754378669593e-14   3.959546687630e-03   6.849373175901e-03  -9.949710967384e-14  -2.237784610211e-14  -1.697766254775e-02  -1.806934378942e-02  -1.627947946687e-13  -3.664569532800e-14  -2.141079472584e-02  -7.616718171570e-03  -1.320096426655e-13  -2.963771092300e-14  -1.027093992147e-02   3.582185324934e-02  -1.177219171164e-14  -2.802010316885e-15   5.202588995398e-03   1.092946097369e-17  -3.992632638094e-15  -2.118182837491e-03  -1.778514303850e-14   6.674136052924e-14   7.755838130260e-03   1.408663218011e-02   1.000129546077e-03  -1.463704935229e-03  -9.107791881970e-15  -1.971504790409e-15   2.188570358861e-03   1.963344122364e-02   3.196763125818e-02   1.322143713910e-03  -5.841601257953e-03  -9.140999037059e-15  -2.055293916933e-15  -4.178046243604e-03
   3.497491799403e-02   6.286325955606e-02   2.526142537529e-12   6.233565637005e-13  -4.814333213986e-02  -1.759545694755e-01   4.133348312991e-12   1.019787437043e-12  -6.483499538015e-02  -1.591900766816e-01   3.352155140421e-12   8.280652167048e-13  -2.430239351318e-02   4.267631521402e-01   2.995824819620e-13   7.196571250828e-14  -1.266756755305e-01  -3.726082124842e-17  -1.113036074627e-13  -1.754289859800e-02  -4.515269258685e-13   1.021188468608e-12  -3.309306383806e-02  -5.901863316393e-02   2.526001811876e-12   6.231878722154e-13  -6.915149272743e-02   1.648588085571e-01   4.132282112458e-12   1.020146387723e-12  -9.154884587388e-02   1.600434453833e-01   3.352942680420e-12   8.260153783336e-13  -3.652030669657e-02  -4.209676654195e-01   2.980844915384e-13   7.588322410026e-14  -1.304403165022e-01  -9.424073060123e-17   1.114294086278e-13   1.618498752490e-02   4.512537451490e-13  -1.000192112702e-12   8.902479021562e-02   1.356068714017e-01   2.839857756577e-03  -3.259471132010e-02   2.324829276588e-13   5.770777135670e-14   1.535889521783e-02  -7.687188627420e-02  -1.145365636695e-01  -1.686239372531e-03   2.892019644078e-02   2.328201525916e-13   5.741359029887e-14   1.240110009450e-02
   2.293800923515e-18   1.067846116262e-16   3.634453314264e-03   1.109771847232e-15  -1.456179706544e-17  -5.454552715104e-16   5.946972747129e-03   1.801981703637e-15   5.607827599376e-16   9.245595436862e-15   4.822969867554e-03   1.458635416160e-15  -1.175429258531e-14   2.995824819620e-13   4.300308525075e-04   1.734087473347e-16  -9.893011181607e-14  -7.786893369566e-19  -1.932918961682e-16  -2.013553747447e-16  -6.495986631393e-04  -3.918500337440e-18   5.806518612837e-17   6.806518142229e-18   3.633973149766e-03   1.104401711286e-15  -2.701521142044e-16   2.347844073387e-16   5.945967754661e-03   1.796952286694e-15   2.024424920709e-16  -9.555661578433e-15   4.822321642440e-03   1.493393677848e-15  -1.179875276238e-14  -3.025931386653e-13   4.304789682629e-04   6.929963331142e-17  -9.673678203512e-14  -6.255724455014e-18   2.015777809078e-16   1.869728015817e-16   6.494809911600e-04  -4.795925318548e-18   1.850561842054e-16  -5.862234191265e-16  -1.191563947119e-14  -3.192866476704e-14   3.339789581576e-04   1.036655731614e-16  -9.414542325652e-17  -6.392612609800e-17   6.106941214000e-16   1.299857499966e-14   3.428054478478e-14   3.352888883715e-04   1.012630485790e-16  -1.150889470413e-16
   2.444644260516e-17  -1.134197108272e-16   3.654303687060e-16   3.634453318381e-03   1.963380522534e-16   7.119455288519e-16   6.179022235112e-16   5.946972753813e-03   4.078893168204e-16   2.637288288644e-15   4.348183813028e-16   4.822969873202e-03  -2.544768890452e-15   7.196571250828e-14   1.734087473347e-16   4.300308535096e-04  -2.297708671816e-14   2.804367171186e-18  -6.495986638653e-04   2.508598441556e-17  -8.207705583758e-17   7.749532736015e-18  -1.000833183295e-15  -6.994075333877e-16   3.632593173831e-16   3.633973153882e-03   2.683769264100e-16  -6.991907657066e-16   5.541207484621e-16   5.945967761344e-03   5.125379732184e-16  -2.632853105301e-15   5.568405977255e-16   4.822321648088e-03  -2.490901355243e-15  -7.072446447010e-14  -9.885456167864e-17   4.304789692655e-04  -2.383892111440e-14   5.172588763468e-18   6.494809918860e-04  -2.954924339144e-17   4.244665732787e-17  -5.517856406642e-19  -3.783916501291e-16  -6.788997305778e-16  -3.281392971910e-15  -8.661674633189e-15   2.089680077149e-17   3.339789585251e-04  -8.938801470243e-17   3.254091517677e-16   6.580132949324e-16   2.965946719937e-15   7.628810809586e-15   5.191374274726e-17   3.352888887404e-04  -8.636152015185e-17
  -1.142882203352e-02  -1.997273101647e-02  -8.345950397747e-13  -1.987038116071e-13   2.380896868032e-02   5.456625027381e-02  -1.365580653679e-12  -3.250743438029e-13   3.151720763365e-02   5.233015921975e-02  -1.107546075328e-12  -2.639474660339e-13   1.303750038067e-02  -1.266756755305e-01  -9.893011181607e-14  -2.297708671816e-14   4.030307722667e-02   1.020695273912e-17   3.549212455105e-14   5.238699137141e-03   1.491757803820e-13  -3.315768439938e-13   9.380194405754e-03   1.711578424020e-02  -8.345254898470e-13  -1.986496499439e-13   1.174681257266e-02  -4.872461410978e-02  -1.365246294296e-12  -3.251722970907e-13   1.586482537414e-02  -4.443403069523e-02  -1.107656795778e-12  -2.633222866924e-13   5.357325811176e-03   1.299888047824e-01  -9.853808008044e-14  -2.415631469635e-14   3.754338121749e-02   3.066123533963e-17  -3.551463224740e-14  -4.985514983263e-03  -1.490968088394e-13   2.809831142328e-13  -2.004860595245e-02  -2.968188288790e-02  -3.683759341462e-04   8.278130283808e-03  -7.676987809949e-14  -1.833480620964e-14  -3.124525164860e-03   3.024213259432e-02   4.613340314559e-02   1.005047364793e-03  -1.035065949438e-02  -7.691529931830e-14  -1.829954292849e-14  -5.291598189382e-03
   1.054071148778e-16   8.786753882227e-17  -6.581179059559e-18   2.370141930071e-17   4.952902280834e-18  -1.156375464550e-18  -1.076863261871e-17   3.878208975616e-17   5.299062754266e-18   2.876668066373e-18  -8.733315729400e-18   3.145211156278e-17   1.483718254441e-18  -3.726082124842e-17  -7.786893369566e-19   2.804367171186e-18   1.020695273912e-17   9.948051529885e-32  -4.236238289700e-18   4.069965701137e-19   1.176277351587e-18   1.556453254735e-30  -1.062371209862e-16  -8.207962586972e-17  -6.580309589444e-18   2.369828799619e-17   4.880963973861e-18  -3.097891301965e-17  -1.076681280296e-17   3.877553588250e-17   6.313863183784e-18  -2.326305168125e-17  -8.732141939238e-18   3.144788428185e-17   3.901683789874e-18   3.708221118629e-17  -7.795007739945e-19   2.807289475723e-18   1.222684176048e-17  -1.030417386280e-32   4.235470913515e-18  -3.114381775353e-18  -1.176064274049e-18   1.647299263086e-28  -1.085669192323e-17  -1.588589904722e-17   2.825124770678e-21   2.634122265792e-18  -6.047609188249e-19   2.177982392451e-18  -1.683477203959e-18   2.657797045582e-18   4.239171923141e-18   8.650611656980e-20  -2.643076028289e-18  -6.071329083779e-19   2.186524861584e-18  -4.765672034084e-19
   7.069859980851e-17   5.058433074104e-17   2.824786057666e-17  -5.490154951052e-03   3.173002879555e-17   1.795846872289e-17   1.607472657520e-17  -8.983414848940e-03  -1.826440607599e-16  -2.992919195662e-15   1.131848834560e-16  -7.285511632305e-03   4.016259916670e-15  -1.113036074627e-13  -1.932918961682e-16  -6.495986638653e-04   3.549212455105e-14  -4.236238289700e-18   9.812747635470e-04   7.136855625640e-17   2.027221158020e-17  -1.170633705129e-17  -1.647673213781e-16  -1.457992774627e-16   3.145075684803e-17  -5.489429621197e-03  -2.154725045387e-17   6.787540946654e-17   1.122616704830e-16  -8.981896721206e-03  -2.735825267347e-16   3.036124711282e-15  -7.124362355620e-17  -7.284532432407e-03   3.962273717867e-15   1.094178519492e-13   2.180568366751e-16  -6.502755813328e-04   3.679603778017e-14  -7.813641095868e-18  -9.810970098814e-04  -5.790913705615e-17   3.957413368444e-17   8.335197684083e-19   6.529969333728e-17   2.608375598795e-16   4.941888740929e-15   1.327477350671e-14   2.175528686151e-17  -5.045039988326e-04   5.033223383341e-17   5.449265426291e-18  -2.485857566573e-16  -4.470675695189e-15  -1.170770511745e-14  -2.488933523613e-17  -5.064827613114e-04   4.828621999776e-17
  -3.411036255450e-03  -6.528895009948e-03  -1.344378013133e-15  -4.117002522944e-16  -6.351974210061e-04   1.864934295490e-02  -2.202376854207e-15  -6.673311804576e-16  -2.983274709161e-04   1.281921836694e-02  -1.775709219548e-15  -5.702273661524e-16   2.968523659390e-04  -1.754289859800e-02  -2.013553747447e-16   2.508598441556e-17   5.238699137141e-03   4.069965701137e-19   7.136855625640e-17   1.726038538549e-03   2.382269629231e-16  -9.664560851123e-14  -1.548184999584e-03  -2.379538924461e-03  -1.354149663673e-15  -4.111180967881e-16   5.304187983883e-03   5.080523719384e-03  -2.183685136036e-15  -6.829474285383e-16   6.516488919757e-03   1.130205815981e-04  -1.826913533893e-15  -5.051708532274e-16   2.116371834714e-03   1.606616839856e-02  -1.039690956167e-16  -1.251796698273e-16   4.949275429530e-03   4.027408226462e-18  -7.605481662991e-17   3.795254822851e-04  -2.366061304204e-16  -1.623565277438e-14  -2.378461862454e-03  -4.166945585765e-03  -2.870750298906e-04   1.723922572984e-03  -1.395464773130e-16  -5.614836537376e-17  -5.760104947788e-04   4.223805409239e-03   5.782588340707e-03  -1.023009655450e-04  -7.061404167047e-04  -1.155601883382e-16  -3.261476018923e-17  -5.278348886080e-04
  -1.615127096406e-16  -1.631399789874e-16  -5.490154951491e-03  -1.561995987977e-16   9.696342669075e-17   1.653676046523e-16  -8.983414849737e-03  -2.345696281765e-16  -7.646891593584e-16  -1.442426844395e-14  -7.285511632608e-03  -1.860595218917e-16   1.779241514115e-14  -4.515269258685e-13  -6.495986631393e-04  -8.207705583758e-17   1.491757803820e-13   1.176277351587e-18   2.027221158020e-17   2.382269629231e-16   9.812747636403e-04   5.919232462749e-18   1.934537735381e-16   2.038849682170e-16  -5.489429621636e-03  -1.482884169495e-16   6.784620329254e-17  -2.388726102287e-16  -8.981896722003e-03  -2.273927180144e-16  -7.380979795865e-16   1.469704274852e-14  -7.284532432710e-03  -2.388360272527e-16   1.764786209957e-14   4.561852397784e-13  -6.502755806069e-04   7.537616826568e-17   1.458122266059e-13   9.449810912985e-18  -3.283797182250e-17  -2.701795559666e-16  -9.810970099746e-04   7.244658509388e-18  -1.334041376848e-17   1.315018000153e-15   1.801637633814e-14   4.812562829564e-14  -5.045039988893e-04  -1.690022966547e-17   1.963959493246e-16  -1.133074531041e-17  -1.056478386556e-15  -1.962826309741e-14  -5.174992763821e-14  -5.064827613683e-04  -1.272309661225e-17   1.819691598448e-16
   2.552629354275e-13   4.222888957046e-13  -3.311763903250e-17   6.549603302627e-17  -6.744327000025e-14  -1.063131085343e-12  -5.418963451886e-17   1.071696593044e-16  -1.158788327728e-13  -7.716423604631e-13  -4.394756551457e-17   8.691414263261e-17  -7.754378669593e-14   1.021188468608e-12  -3.918500337440e-18   7.749532736015e-18  -3.315768439938e-13   1.556453254735e-30  -1.170633705129e-17  -9.664560851123e-14   5.919232462749e-18   5.691920361269e-24   7.306891572680e-14   1.151545593306e-13  -3.311326370710e-17   6.548738004127e-17  -2.123859339744e-13  -2.504863024574e-13  -5.418047689003e-17   1.071515484604e-16  -2.570535648810e-13  -9.979663297423e-15  -4.394165879620e-17   8.690246104423e-17  -6.663714425618e-14  -9.899597375738e-13  -3.922583635053e-18   7.757608183294e-18  -2.781371840993e-13  -2.755120737633e-28   1.170421649930e-17  -1.616987953144e-14  -5.918160219623e-18   8.723163988966e-25   8.076050555383e-14   1.440275375252e-13   1.142350340044e-14  -8.501597495347e-14  -3.043262252122e-18   6.018593439890e-18   1.960449741340e-14  -3.150820093777e-13  -4.524695455443e-13   2.772205425414e-16   6.052572330693e-14  -3.055198517815e-18   6.042199529096e-18   4.662087626399e-14
   4.510815233706e-03   7.541085274668e-03  -9.350965974532e-17   2.819978294462e-18   1.160001631650e-02  -1.841554235847e-02   1.782832936920e-16   7.188868073584e-18   1.500648043003e-02  -4.501099337669e-03   2.230078196582e-17   6.322034877130e-16   3.959546687630e-03  -3.309306383806e-02   5.806518612837e-17  -1.000833183295e-15   9.380194405754e-03  -1.062371209862e-16  -1.647673213781e-16  -1.548184999584e-03   1.934537735381e-16   7.306891572680e-14   3.288736533893e-01   2.820038523513e-01   3.299058239270e-17  -3.426013866367e-17  -1.584323995923e-03  -4.571222698970e-02   4.952149260205e-17   1.717673020552e-16   5.604427785664e-04  -3.266765292388e-02  -8.381671921287e-17  -6.479005562951e-16   8.804832299788e-04   3.535527440437e-02   1.038831403248e-17   8.932195592853e-16   1.157027090408e-02   1.175492736254e-16   6.357512535250e-18  -3.408024455526e-03   3.098347812437e-16   2.549848262297e-13  -1.120279623585e-02  -1.615716747766e-02   2.672326627960e-04   1.775978528977e-03   1.946019946423e-18   1.478091469107e-17  -1.720926168615e-03   3.538786301777e-03   6.463819850128e-03   1.060220957033e-03  -3.398499592346e-03   2.478299368540e-16  -3.728540689977e-17  -8.948701875881e-04
   7.540429902844e-03   1.240221521937e-02  -2.783289523874e-16  -2.003780847028e-17   1.956885149543e-02  -2.946095309310e-02  -1.556675415276e-16  -1.233437534314e-17   2.449827851342e-02  -6.860702600107e-03  -2.564566175372e-16   4.021581852431e-16   6.849373175901e-03  -5.901863316393e-02   6.806518142229e-18  -6.994075333877e-16   1.711578424020e-02  -8.207962586972e-17  -1.457992774627e-16  -2.379538924461e-03   2.038849682170e-16   1.151545593306e-13   2.820038523513e-01   2.495993780213e-01  -1.834471346558e-16  -3.672650467216e-17  -2.212789200543e-03  -7.839799387540e-02  -2.403805041125e-16   6.839854963053e-17   4.807406026348e-04  -5.484743171511e-02  -4.342664952097e-16  -4.788591181822e-16   1.877620705611e-03   6.349646825146e-02   4.593612229442e-17   5.647298290857e-16   2.021303115479e-02   1.037213929752e-16   2.057188118476e-18  -6.520587729634e-03   2.403351418323e-16   4.220489292902e-13  -1.883028184921e-02  -2.662024974793e-02   4.278312470168e-04   2.946617979577e-03  -3.903934513120e-17  -1.924927325222e-17  -2.672923909746e-03   6.194891468838e-03   1.145027293113e-02   1.421313148858e-03  -6.135611199521e-03   2.067169531826e-16  -3.141013015610e-17  -1.639596147474e-03
  -5.801975432917e-17   1.545887137640e-16   3.071292601705e-02   6.334451192747e-17  -4.583124126920e-16  -1.124250969596e-15   5.025485766764e-02  -1.391886890576e-17   4.386585799855e-15   8.059925625481e-14   4.075647804948e-02  -3.464661215802e-17  -9.949710967384e-14   2.526001811876e-12   3.633973149766e-03   3.632593173831e-16  -8.345254898470e-13  -6.580309589444e-18   3.145075684803e-17  -1.354149663673e-15  -5.489429621636e-03  -3.311326370710e-17   3.299058239270e-17  -1.834471346558e-16   3.070886838983e-02   1.919503713420e-17  -4.749378595153e-16   1.181859483558e-15   5.024636498479e-02  -5.384419039106e-17   4.019571199889e-15  -8.228590228595e-14   4.075100022703e-02   2.607391875380e-16  -9.877069016163e-14  -2.552014600598e-12   3.637759949280e-03  -5.176626239975e-16  -8.157230297321e-13  -5.286396213039e-17   3.887065958686e-17   1.499893931180e-15   5.488435235278e-03  -4.052793824214e-17   9.959414536877e-17  -7.306695291289e-15  -1.007825963238e-13  -2.692421580049e-13   2.822287190453e-03   2.006737519076e-17  -1.090524548759e-15   7.618145481344e-17   5.944049696325e-15   1.098106048468e-13   2.894864390927e-13   2.833356747899e-03  -3.592372608424e-18  -1.025071290070e-15
   1.810305108178e-16   2.104182803906e-16   3.713837133060e-17   3.071292601506e-02  -5.432629333582e-17  -1.813710029985e-16   2.294142150826e-16   5.025485766394e-02   1.175310691818e-15   1.669661683069e-14  -3.741945921415e-16   4.075647804840e-02  -2.237784610211e-14   6.231878722154e-13   1.104401711286e-15   3.633973153882e-03  -1.986496499439e-13   2.369828799619e-17  -5.489429621197e-03  -4.111180967881e-16  -1.482884169495e-16   6.548738004127e-17  -3.426013866367e-17  -3.672650467216e-17   1.919503713420e-17   3.070886838784e-02  -1.376199170507e-16  -7.626561880107e-17  -3.087274156482e-16   5.024636498109e-02   1.186331312608e-15  -1.665928539386e-14   6.574974668449e-16   4.075100022595e-02  -2.232475167067e-14  -6.125315664209e-13  -1.196733887660e-15   3.637759953396e-03  -2.060365375245e-13   4.371093038816e-17   5.488435234840e-03   3.462202659024e-16  -1.865092434471e-16  -4.662861288792e-18  -1.026778367405e-16  -1.043616780634e-15  -2.763255355099e-14  -7.433020226412e-14  -1.037691328654e-16   2.822287190179e-03  -2.298320166327e-16   3.863439447498e-17   1.512316430138e-15   2.501598237086e-14   6.549706995767e-14   1.572397287872e-16   2.833356747624e-03  -2.888097498553e-16
  -1.159296154165e-02  -1.955753296336e-02  -3.857368544685e-16  -1.355180990101e-16  -3.013781204566e-02   5.008876609218e-02  -6.667065608951e-16  -1.990283231148e-16  -3.735189494316e-02   2.522940956195e-02  -3.293200997833e-16  -2.617198087378e-16  -1.697766254775e-02  -6.915149272743e-02  -2.701521142044e-16   2.683769264100e-16   1.174681257266e-02   4.880963973861e-18  -2.154725045387e-17   5.304187983883e-03   6.784620329254e-17  -2.123859339744e-13  -1.584323995923e-03  -2.212789200543e-03  -4.749378595153e-16  -1.376199170507e-16   4.633469384904e-02   2.972435346870e-03  -5.864574305067e-16  -2.811643721547e-16   5.902730043945e-02  -1.887791720420e-02  -8.822908207974e-16  -3.102157496448e-17   2.549157415639e-02   4.853212332832e-02   2.192653982432e-16  -2.846852978666e-16   2.393286602567e-02   7.454292485215e-18  -4.876074481057e-17   6.481905258758e-04  -3.308103204030e-17   6.731082145221e-14  -3.207837774917e-02  -5.306484617848e-02  -2.460289105092e-03   1.084742974977e-02  -1.827557146355e-16  -2.495251861361e-16  -7.053789135524e-03  -9.174803079997e-03  -1.849292066746e-02  -1.823727330434e-03   2.341792953513e-03  -4.481202764115e-17  -1.900845169587e-18   3.224742905274e-03
  -1.840970454209e-02  -2.945302189354e-02   1.127686947410e-15  -4.733848610663e-18  -5.011413415819e-02   6.684455325610e-02   1.720194738854e-15  -1.023327670005e-16  -6.082969861639e-02   1.241850759523e-02   1.537035880396e-15   4.706639053040e-16  -1.806934378942e-02   1.648588085571e-01   2.347844073387e-16  -6.991907657066e-16  -4.872461410978e-02  -3.097891301965e-17   6.787540946654e-17   5.080523719384e-03  -2.388726102287e-16  -2.504863024574e-13  -4.571222698970e-02  -7.839799387540e-02   1.181859483558e-15  -7.626561880107e-17   2.972435346870e-03   2.038464106918e-01   1.602685600741e-15   1.853658629409e-16  -2.031251693054e-03   1.407043475123e-01   2.007964437358e-15  -4.662356440185e-16  -6.478217990993e-03  -1.775695949105e-01  -1.916952421219e-16   9.019717578413e-16  -5.519444769832e-02  -3.237016592421e-17  -4.092628843921e-18   1.862160148288e-02   1.036538695632e-16  -1.063206307663e-12   4.910102887987e-02   6.831105411311e-02  -9.596431597158e-04  -7.963045961578e-03   2.210755688066e-16   1.547755828582e-16   6.492815408530e-03  -1.757198629164e-02  -3.227257247226e-02  -2.711012269833e-03   1.698273846296e-02   2.540701516688e-18  -9.868707430082e-18   4.670086296150e-03
   1.687715791467e-16   4.149767683488e-16   5.025300414244e-02  -2.365339505208e-16  -7.255084703135e-16  -1.543410097828e-15   8.222784013309e-02  -5.794022996575e-16   7.211934418634e-15   1.321283482989e-13   6.668643225704e-02  -5.081121951683e-16  -1.627947946687e-13   4.132282112458e-12   5.945967754661e-03   5.541207484621e-16  -1.365246294296e-12  -1.076681280296e-17   1.122616704830e-16  -2.183685136036e-15  -8.981896722003e-03  -5.418047689003e-17   4.952149260205e-17  -2.403805041125e-16   5.024636498479e-02  -3.087274156482e-16  -5.864574305067e-16   1.602685600741e-15   8.221394426312e-02  -6.446348480244e-16   6.826514622874e-15  -1.349712318011e-13   6.667746935217e-02  -2.473675019161e-17  -1.615019921933e-13  -4.174891392963e-12   5.952163779474e-03  -8.873004171107e-16  -1.334444436012e-12  -8.649690057045e-17   2.810402379431e-18   2.423064060861e-15   8.980269690384e-03  -6.631249159302e-17  -5.313187353539e-17  -1.229006750872e-14  -1.649103087753e-13  -4.404673240650e-13   4.617873588281e-03   1.574634248946e-18  -1.823872612262e-15   2.119690009903e-16   9.848148196641e-15   1.796735764063e-13   4.736206705084e-13   4.635985783644e-03  -3.726044995412e-17  -1.688280737381e-15
  -2.560619071160e-16  -1.011944206114e-16  -2.449619283459e-17   5.025300413874e-02  -1.630863832330e-16  -3.698049663308e-16   2.358580182289e-16   8.222784012631e-02   1.831791945897e-15   2.721609473717e-14  -7.254079098745e-16   6.668643225468e-02  -3.664569532800e-14   1.020146387723e-12   1.796952286694e-15   5.945967761344e-03  -3.251722970907e-13   3.877553588250e-17  -8.981896721206e-03  -6.829474285383e-16  -2.273927180144e-16   1.071515484604e-16   1.717673020552e-16   6.839854963053e-17  -5.384419039106e-17   5.024636498109e-02  -2.811643721547e-16   1.853658629409e-16  -6.446348480244e-16   8.221394425634e-02   1.864695428121e-15  -2.700954645946e-14   9.626792025759e-16   6.667746934982e-02  -3.656611165375e-14  -1.002712883282e-12  -1.968214884151e-15   5.952163786156e-03  -3.372710725753e-13   7.152055667464e-17   8.980269689588e-03   5.963841975992e-16  -3.204060941667e-16  -7.629451768348e-18  -5.250875617641e-17  -1.536965352074e-15  -4.521196134317e-14  -1.216535143827e-13  -1.776237884211e-16   4.617873587792e-03  -3.576939052336e-16  -3.867745891017e-18   2.370782600677e-15   4.092862409391e-14   1.072030471873e-13   2.494125570882e-16   4.635985783153e-03  -4.607631935823e-16
  -1.500269962957e-02  -2.449387770003e-02   4.134457341447e-15   1.187820344958e-15  -3.741396931559e-02   6.082698423142e-02   6.725217603863e-15   1.974860437384e-15  -4.644549839159e-02   3.085484920831e-02   5.720239037212e-15   1.463981894446e-15  -2.141079472584e-02  -9.154884587388e-02   2.024424920709e-16   5.125379732184e-16   1.586482537414e-02   6.313863183784e-18  -2.735825267347e-16   6.516488919757e-03  -7.380979795865e-16  -2.570535648810e-13   5.604427785664e-04   4.807406026348e-04   4.019571199889e-15   1.186331312608e-15   5.902730043945e-02  -2.031251693054e-03   6.826514622874e-15   1.864695428121e-15   7.538146890312e-02  -2.800720116467e-02   5.001133674490e-15   1.772187415201e-15   3.276733406060e-02   6.548962962526e-02   8.333839377582e-16  -2.155310327178e-16   3.175059097448e-02   1.066738958868e-17   1.806034339045e-16   3.110633474310e-04   7.890516082581e-16   1.162266805554e-13  -4.234142496157e-02  -6.968129590136e-02  -3.113855450835e-03   1.399723573311e-02   1.893567939382e-16  -1.976941523335e-16  -9.192825890034e-03  -1.177440416907e-02  -2.353897612081e-02  -2.264361018774e-03   2.640891187647e-03   3.715706443632e-16   1.236748878335e-16   4.081163756296e-03
  -4.444690110917e-03  -6.773241190368e-03  -8.237468685560e-14  -1.661074716623e-14  -2.533387872908e-02   1.222073426688e-02  -1.348668003465e-13  -2.726236304685e-14  -3.098778827639e-02  -1.268235367074e-02  -1.093540035158e-13  -2.165170631137e-14  -7.616718171570e-03   1.600434453833e-01  -9.555661578433e-15  -2.632853105301e-15  -4.443403069523e-02  -2.326305168125e-17   3.036124711282e-15   1.130205815981e-04   1.469704274852e-14  -9.979663297423e-15  -3.266765292388e-02  -5.484743171511e-02  -8.228590228595e-14  -1.665928539386e-14  -1.887791720420e-02   1.407043475123e-01  -1.349712318011e-13  -2.700954645946e-14  -2.800720116467e-02   1.076507961551e-01  -1.087620620971e-13  -2.245850755939e-14  -1.540966172626e-02  -1.607555025811e-01  -1.013651223781e-14  -1.156529711113e-15  -5.289931273641e-02  -3.091837364469e-17  -2.959260531428e-15   1.280876899477e-02  -1.480960532929e-14  -7.723541736781e-13   4.861921515989e-02   7.136039254603e-02   4.319368430898e-04  -1.115460238507e-02  -7.419800646615e-15  -1.316852034577e-15   7.643971742366e-03  -1.391346103411e-02  -2.297653538642e-02  -1.238222766338e-03   1.217588113268e-02  -7.678298501035e-15  -1.549439394651e-15   2.823759576807e-03
