ARMA_MAT_TXT_FN008
73 73
   3.281279893757e-01   2.805195131568e-01  -3.181970108827e-03   2.222097142622e-07   5.023202503271e-08  -4.266038336643e-02  -5.818814119363e-04   2.676417937691e-08   2.635559729426e-07  -3.333040079515e-02  -1.306399838454e-03  -2.020659172649e-07   3.561478470150e-07  -1.900769212227e-02   3.396376294275e-03   4.641891474972e-08  -5.769028639433e-07   4.319484897876e-07  -6.914294641712e-08   1.655239678544e-04  -2.933546187839e-07  -2.862600166826e-04  -4.178944984160e-05  -1.043259335499e-04   5.946344316552e-05   5.122076913099e-04  -3.974948149082e-04   4.072296260330e-03   7.764830139209e-03  -7.356826498279e-07   4.737466278923e-07   1.920901429994e-03  -1.734707812851e-07   1.107367261972e-07  -5.183654642945e-03   5.162760488454e-07  -3.355527226842e-07  -1.192379164051e-02   1.388354499388e-06  -9.226400732779e-07  -7.066124614188e-04   9.490185559702e-07  -7.190538863674e-07   1.398536672981e-02   3.974408099895e-03  -4.722694248457e-07   3.938562027027e-07  -2.544340009810e-09  -8.811764986155e-10   1.358356078586e-03   5.633632256606e-08  -2.352679277062e-03  -8.936837197222e-03  -1.296193473563e-02   3.048136203260e-03   9.493413499532e-04   5.785491086368e-04   2.147021971822e-03  -5.924484561756e-04  -8.939396561730e-03  -1.296443806070e-02   3.049958184003e-03   9.499355425838e-04   5.804484216842e-04  -5.602611730989e-04   2.155770954294e-03  -8.938977447010e-03  -1.296415338529e-02   3.049131890331e-03   9.491068128638e-04   5.798126625009e-04  -1.586658358035e-03  -1.563264592641e-03
   2.805195131568e-01   2.468716194041e-01  -4.727036774772e-03   4.098057193724e-07   4.706689006369e-08  -7.255221066314e-02  -1.217973714348e-03   3.428787231203e-08   4.614506495084e-07  -5.453806506160e-02  -1.999642873413e-03  -2.816419284150e-07   5.657448358347e-07  -3.091525500755e-02   5.564216102336e-03  -1.778757110831e-08  -8.528583361549e-07   8.355395723001e-07  -1.428571008708e-07   2.075464735993e-04  -5.690492356040e-07  -3.588681810997e-04  -4.150988651520e-05  -9.105210914923e-05  -7.456144491947e-05   6.114879865700e-04  -2.879133643953e-04   7.025592714444e-03   1.297899195174e-02  -1.281172962502e-06   8.290425847498e-07   3.217462684719e-03  -3.009271222971e-07   1.929659979188e-07  -8.692315026932e-03   9.000348513102e-07  -5.871381044731e-07  -2.018974819148e-02   2.439510687957e-06  -1.625307258978e-06  -1.262631734465e-03   1.649911280515e-06  -1.250789778208e-06   2.296696875625e-02   6.542210755150e-03  -7.420182409836e-07   6.203175070394e-07   9.514824232427e-09  -1.232426802849e-09   2.318215860338e-03   8.525183900999e-08  -4.015166605314e-03  -1.494813560893e-02  -2.143228874290e-02   4.771186497256e-03   1.540233917836e-03   9.788868078257e-04   3.550418298355e-03  -9.796822537483e-04  -1.495228452815e-02  -2.143587114322e-02   4.774033270192e-03   1.541051457105e-03   9.820178307495e-04  -9.264499790863e-04   3.564721316401e-03  -1.495162818319e-02  -2.143557687377e-02   4.772717702301e-03   1.539789240665e-03   9.809640223520e-04  -2.623716919802e-03  -2.584982593924e-03
  -3.181970108827e-03  -4.727036774772e-03   2.300061343803e-02  -4.169714591242e-06   2.807917965190e-06   1.139378222391e-02   4.246326851509e-02  -5.559244553050e-06   3.749724155021e-06  -1.896196374183e-03   2.629152159736e-02  -1.073619376383e-06   4.125555906870e-07  -1.954230987483e-02   5.471709355159e-03   1.549738813382e-06  -1.243227849919e-06  -2.314858107028e-06   4.323144746368e-07   3.398903679581e-03   1.749634622543e-06  -5.884552695615e-03  -7.303453957974e-04  -2.082998313119e-03   3.855695952945e-03   9.052374263412e-03  -1.429536406134e-02  -1.405290116107e-03   3.638904604650e-02  -1.495461244298e-06   7.781927718191e-07   8.876357029974e-03  -3.604335264302e-07   1.873857407106e-07  -2.577840646218e-02   9.777249002508e-07  -5.007842226013e-07  -6.096640613489e-02   2.757479875339e-06  -1.461786236114e-06  -2.238982491585e-02   1.518374594394e-06  -9.012692544301e-07   2.565868808464e-02   1.043044681846e-02  -4.283721706541e-07   2.364381425471e-07   4.380668158247e-07  -4.163157239405e-09   3.729978165543e-03  -1.973446643138e-07  -6.460599925196e-03   9.170724548450e-03   1.437730299787e-02   5.722882490924e-03  -8.969441524620e-05   8.381223787059e-04  -1.111366830436e-03   3.067466247872e-04   9.187328432517e-03   1.439899249221e-02   5.723838652743e-03  -8.459498064066e-05   8.361242404446e-04   2.904991402481e-04  -1.118206022885e-03   9.181933810892e-03   1.439185553594e-02   5.723572566323e-03  -8.644602228532e-05   8.368386597893e-04   8.222731003103e-04   8.104028641098e-04
   2.222097142622e-07   4.098057193724e-07  -4.169714591242e-06   3.939998790719e-02   5.622409196267e-07  -1.703339029826e-06  -4.450739988336e-06   6.299925036249e-02   4.107453922290e-07   5.294920518406e-06   2.125549763765e-07   4.199913967449e-02  -2.861409850241e-07   1.138742195328e-05   1.083605052785e-06  -4.554415740789e-03  -2.155746958005e-07   3.040977439298e-03  -4.323193161137e-03  -3.578608805161e-03   5.114034093055e-07  -2.070212559815e-03  -3.102748015994e-07  -8.982466498568e-07   1.774190416959e-06   3.645224706861e-06  -5.577771339405e-06  -7.637644977755e-06   7.208244351792e-06   2.865963758241e-03  -1.647013856384e-07   1.720136494678e-06   6.592846207998e-04  -3.863781308983e-08  -5.190615954161e-06  -2.580947926931e-03   1.324513213595e-07  -1.393012284033e-05  -6.209706796753e-03   3.101136296715e-07  -9.381153441237e-06  -1.303472406930e-02   3.587419204415e-07  -2.867152215093e-06   1.282491671710e-07   1.368738493771e-03   1.363921956605e-07   4.185911209030e-03  -2.365436179710e-04  -1.955986197021e-04  -1.313098408043e-07  -1.136455638498e-04   3.145911884722e-02   4.819470811033e-02   1.658067777320e-02   7.072505906172e-03  -1.385248011362e-03  -2.751174994652e-03   1.341216254944e-03  -8.208204512574e-03  -1.257348969012e-02  -4.326991799656e-03  -1.847898274066e-03   3.621702948493e-04   1.778969929132e-03   1.273188660473e-03  -2.324561225731e-02  -3.560844684112e-02  -1.225075319588e-02  -5.229666286740e-03   1.025057993795e-03  -5.441497514384e-04  -2.614810338626e-03
   5.023202503271e-08   4.706689006369e-08   2.807917965190e-06   5.622409196267e-07   3.940399891394e-02   1.156094947759e-07   3.035364108995e-06   4.107258369768e-07   6.300299512923e-02  -3.260646299405e-06  -2.840048171953e-07  -2.861689297922e-07   4.200201276966e-02  -4.973692800637e-06  -1.227387309808e-06  -2.160077200609e-07  -4.555278463557e-03   5.115193546503e-07  -4.132711542604e-03   3.742379543113e-03   3.045224785802e-03   2.163486428817e-03   2.260146879812e-07   6.537861873816e-07  -1.286665678504e-06  -2.660852306436e-06   4.101779200782e-06   5.183560538975e-06  -5.298138565734e-06  -1.648172909289e-07   2.863639005408e-03  -1.266252239612e-06  -3.867156956727e-08   6.587375388671e-04   3.813535347353e-06   1.325437339840e-07  -2.579196769775e-03   1.012610596434e-05   3.102436282685e-07  -6.205473491331e-03   6.461114071969e-06   3.589794496097e-07  -1.303175804223e-02   3.879345001940e-07  -4.969593525803e-07   1.365895204768e-07   1.369722100870e-03  -1.313785125945e-07  -2.259629071774e-04   2.044367487397e-04   4.185290437544e-03   1.186306690985e-04  -8.682505865046e-03  -1.330257262001e-02  -4.577407854127e-03  -1.951775740520e-03   3.823681488201e-04   1.341246686900e-03   1.739125418858e-03   3.158535411543e-02   4.838429064695e-02   1.664640342687e-02   7.105480923749e-03  -1.394052730346e-03   1.273134520634e-03  -2.789031838688e-03  -2.290581711275e-02  -3.508993258370e-02  -1.207197387424e-02  -5.151104758931e-03   1.010286269238e-03  -2.614786633199e-03  -4.665765452085e-04
  -4.266038336643e-02  -7.255221066314e-02   1.139378222391e-02  -1.703339029826e-06   1.156094947759e-07   1.901534427908e-01   5.112258064236e-03  -9.057237940661e-07  -1.042806739838e-06   1.373126395156e-01   5.484746401508e-03   1.113645710597e-07  -1.327145384330e-06   7.669273748687e-02  -1.383695988740e-02   3.656125324945e-07   1.896747216249e-06  -2.557963750585e-06   4.910883160999e-07  -2.470638022117e-04   1.747455278229e-06   4.268264162733e-04  -7.981514253578e-06  -1.028941902301e-04   8.814069603445e-04  -4.124338925039e-04  -1.055379888334e-03  -1.906375716698e-02  -3.247709282666e-02   3.141535216021e-06  -1.840181350449e-06  -8.075716777618e-03   7.339508157320e-07  -4.236684384210e-07   2.163612096963e-02  -2.202678518808e-06   1.302324099482e-06   5.072949536464e-02  -6.064039832523e-06   3.717090872743e-06   2.760325590021e-03  -3.988195596316e-06   2.898989516331e-06  -5.719283629527e-02  -1.622598954425e-02   1.738645678999e-06  -1.452150216703e-06  -8.414798099917e-08   4.384225624120e-09  -5.967379796687e-03  -2.081574520544e-07   1.033555880424e-02   3.877125776635e-02   5.499206834813e-02  -1.127031428314e-02  -3.846938109969e-03  -2.521219437903e-03  -9.070264357939e-03   2.502750099824e-03   3.878263294838e-02   5.500126570420e-02  -1.127672403743e-02  -3.848459441069e-03  -2.529243757823e-03   2.366747738161e-03  -9.106508466907e-03   3.878095268564e-02   5.500080741647e-02  -1.127355954085e-02  -3.845471325058e-03  -2.526537444885e-03   6.702725647287e-03   6.603681285297e-03
  -5.818814119363e-04  -1.217973714348e-03   4.246326851509e-02  -4.450739988336e-06   3.035364108995e-06   5.112258064236e-03   7.981363604918e-02  -5.209195575232e-06   3.586469253054e-06  -1.496309721305e-02   4.891213808302e-02   1.444969499817e-06  -1.489831948454e-06  -4.394970653213e-02   1.168819168323e-02   2.504523747602e-06  -2.258674642992e-06  -3.908191510947e-06   6.551444320284e-07   6.471951103157e-03   2.981112589288e-06  -1.120605329656e-02  -1.770781316158e-03  -5.044847295242e-03   9.237059260190e-03   2.046444327804e-02  -3.030780705287e-02  -4.558772498418e-03   7.097613405337e-02  -2.719410814580e-06   1.263468303013e-06   1.732493744466e-02  -6.543126128506e-07   3.032055847144e-07  -5.025212172816e-02   1.778243459519e-06  -8.052388665369e-07  -1.188402991960e-01   5.096604238145e-06  -2.462056683628e-06  -4.236327427903e-02   2.065806392463e-06  -1.046236146147e-06   5.373425294066e-02   2.125063294365e-02  -8.378471520323e-07   4.772748772228e-07   1.173532270212e-06  -1.472799488419e-08   7.543574208523e-03  -5.851091147967e-07  -1.306606104507e-02   1.398567597168e-02   2.235593009395e-02   1.179378897560e-02   1.636080807932e-04   1.802530808315e-03  -1.305731772134e-03   3.603816008796e-04   1.401042860785e-02   2.238739044725e-02   1.179320411229e-02   1.720971372894e-04   1.799741397137e-03   3.416526491813e-04  -1.314883078693e-03   1.400226669209e-02   2.237688002075e-02   1.179343566042e-02   1.687344064902e-04   1.800759120489e-03   9.666598514215e-04   9.526100908906e-04
   2.676417937691e-08   3.428787231203e-08  -5.559244553050e-06   6.299925036249e-02   4.107258369768e-07  -9.057237940661e-07  -5.209195575232e-06   1.008307560874e-01  -1.179353536955e-07   8.551443166180e-06   1.655258069688e-06   6.733284201488e-02  -9.231119934327e-07   1.643002526196e-05   2.125766138706e-06  -7.568030255030e-03  -2.955313152250e-07   4.645216916435e-03  -6.911631833085e-03  -5.721217926766e-03   7.719995044712e-07  -3.309960527474e-03  -2.654537353672e-07  -7.779332689746e-07   1.620981174615e-06   3.809170851861e-06  -6.711434616202e-06  -9.447766125512e-06   1.295899623196e-05   1.369117797298e-03  -3.909445542138e-07   3.095430707703e-06   2.878896153080e-04  -9.175305236788e-08  -9.418226156383e-06  -1.724060713834e-03   3.167507858738e-07  -2.490010148350e-05  -4.105256366403e-03   7.515830576683e-07  -1.582133476245e-05  -1.712850863727e-02   8.310616432354e-07  -3.097066885312e-06   7.322366906498e-07   1.832430290077e-03   1.953469262151e-07   6.800284524662e-03  -3.717047359460e-04  -3.072146165191e-04  -2.545474920940e-07  -1.788569599819e-04   5.018692876836e-02   7.661975673795e-02   2.594304089970e-02   1.189874779779e-02  -2.211411168323e-03  -4.383293074821e-03   2.134017736221e-03  -1.309410636535e-02  -1.998844479978e-02  -6.770034424312e-03  -3.108600800959e-03   5.781854493583e-04   2.824758597467e-03   2.025682641612e-03  -3.708231783103e-02  -5.660760003801e-02  -1.916733663799e-02  -8.797785716709e-03   1.636373011433e-03  -8.714439809138e-04  -4.160331981607e-03
   2.635559729426e-07   4.614506495084e-07   3.749724155021e-06   4.107453922290e-07   6.300299512923e-02  -1.042806739838e-06   3.586469253054e-06  -1.179353536955e-07   1.008324384687e-01  -5.173090339017e-06  -1.348997232029e-06  -9.230667858580e-07   6.733471827442e-02  -6.629334802982e-06  -2.240788605952e-06  -2.962028454657e-07  -7.568873068340e-03   7.721893047283e-07  -6.606807934463e-03   5.982822960895e-03   4.651816272690e-03   3.458855765431e-03   1.836005988707e-07   5.374448185938e-07  -1.116507367762e-06  -2.677660273395e-06   4.804572238164e-06   6.141753743118e-06  -9.476301435977e-06  -3.910652367246e-07   1.365985989196e-03  -2.266431779000e-06  -9.178818887162e-08   2.871598389030e-04   6.883566487265e-06   3.169484216721e-07  -1.721577240968e-03   1.803081839681e-05   7.518950294032e-07  -4.099229580540e-03   1.090191261828e-05   8.315108497858e-07  -1.712376304540e-02  -4.314918269728e-07  -1.158369651356e-06   1.956620929754e-07   1.834009572279e-03  -2.546593259769e-07  -3.550466084021e-04   3.211230699349e-04   6.799019776149e-03   1.865901923218e-04  -1.385129234678e-02  -2.114852282500e-02  -7.162173704218e-03  -3.283595775822e-03   6.103954905657e-04   2.134090991988e-03   2.761198164867e-03   5.038500337478e-02   7.691591388734e-02   2.604412099898e-02   1.195285084385e-02  -2.225304354090e-03   2.025558843697e-03  -4.443172913813e-03  -3.653981471773e-02  -5.578279270600e-02  -1.888744110896e-02  -8.665453090874e-03   1.612688581210e-03  -4.160281408913e-03  -7.481505095511e-04
  -3.333040079515e-02  -5.453806506160e-02  -1.896196374183e-03   5.294920518406e-06  -3.260646299405e-06   1.373126395156e-01  -1.496309721305e-02   8.551443166180e-06  -5.173090339017e-06   1.108691009884e-01  -1.194857146582e-02   4.713749499029e-06  -2.555191848764e-06   6.073592277256e-02  -1.067275044003e-02  -1.127247019220e-07   1.366721245668e-06   1.786159717834e-07  -7.514473050422e-08  -1.297317847425e-03  -2.205177074440e-07   2.243885127036e-03  -3.040076889110e-03  -8.841678416895e-03   1.784887399909e-02   3.172361625121e-02  -4.542231170180e-02  -6.582650340538e-02  -4.720583286013e-02   1.678066170309e-05  -1.314363081022e-05  -1.160412280520e-02   4.006617751613e-06  -3.137157985984e-06   3.265765461309e-02  -1.192457177686e-05   9.341813010472e-06   7.623780427885e-02  -2.975376518936e-05   2.327922392738e-05   1.484376286526e-02  -1.982346616635e-05   1.556575410708e-05  -5.017969533115e-02  -1.490964363665e-02   3.091627636333e-06  -2.466288120606e-06  -3.025952954726e-07  -1.461543309393e-08  -6.426986700056e-03   1.437264972938e-07   1.113160697124e-02   2.498091845098e-02   3.383779813501e-02  -1.098133236611e-02  -2.843813280198e-03  -2.246891928807e-03  -6.141616945260e-03   1.694507109462e-03   2.497383879305e-02   3.381905325034e-02  -1.099461693620e-02  -2.844263903551e-03  -2.251028111939e-03   1.602296196786e-03  -6.163882622074e-03   2.497660580672e-02   3.382579232112e-02  -1.098960416633e-02  -2.843051795560e-03  -2.249603722825e-03   4.537704605250e-03   4.470014568698e-03
  -1.306399838454e-03  -1.999642873413e-03   2.629152159736e-02   2.125549763765e-07  -2.840048171953e-07   5.484746401508e-03   4.891213808302e-02   1.655258069688e-06  -1.348997232029e-06  -1.194857146582e-02   3.276191329890e-02   3.922031923979e-06  -3.221789275037e-06  -2.261128253023e-02   5.664699551553e-03   1.739355867000e-06  -1.433554187730e-06  -1.819060204886e-06   2.774302916124e-07   3.712571460992e-03   1.401384862208e-06  -6.429380036007e-03   1.077094642470e-03   3.141602661928e-03  -6.425956455159e-03  -1.030702600998e-02   1.315511719205e-02   2.948595593961e-02   4.741614764111e-02   2.853459964436e-06  -2.424048405191e-06   1.155877220772e-02   6.796091153548e-07  -5.788085033370e-07  -3.363040343139e-02  -2.180555164909e-06   1.817428846488e-06  -7.913726211381e-02  -4.777813220650e-06   4.074676563960e-06  -2.768101435359e-02  -4.591110386332e-06   3.507877493734e-06   2.967667666770e-02   1.164543534501e-02   5.236387869188e-08  -1.133895384495e-07   9.711556719693e-07  -1.811364385603e-08   4.735802147594e-03  -5.406017883439e-07  -8.202902903486e-03   9.039907142123e-03   1.498389368939e-02   7.087910675572e-03   5.274417324078e-05   1.064556255013e-03  -1.010829308171e-03   2.788979440677e-04   9.049876531293e-03   1.499496100692e-02   7.082637869536e-03   5.899388544385e-05   1.062581427280e-03   2.644006963191e-04  -1.016890548671e-03   9.046754847233e-03   1.499143757084e-02   7.084495662526e-03   5.670375187152e-05   1.063292362315e-03   7.480428174948e-04   7.368074074995e-04
  -2.020659172649e-07  -2.816419284150e-07  -1.073619376383e-06   4.199913967449e-02  -2.861689297922e-07   1.113645710597e-07   1.444969499817e-06   6.733284201488e-02  -9.230667858580e-07   4.713749499029e-06   3.922031923979e-06   4.509489877151e-02  -1.068065729872e-06   6.306386225865e-06   2.561204413909e-06  -5.377670561360e-03  -2.700868920012e-07   2.844115148952e-03  -4.606540837526e-03  -3.812858932916e-03   3.638426168097e-07  -2.206783352928e-03  -3.761561402851e-07  -1.080998386787e-06   2.080905651097e-06   4.447862841853e-06  -6.837479453090e-06  -7.149714290898e-06   1.291636771691e-05  -3.245289503663e-03  -1.941845317942e-06   3.114644087103e-06  -8.110642056082e-04  -4.636962507947e-07  -9.073441297258e-06   1.629178192371e-03   1.417410752275e-06  -2.328130354127e-05   4.039371262895e-03   3.434062276689e-06  -1.276023717937e-05  -7.099080406638e-03   2.531989093123e-06   2.317598642519e-06   2.117545367863e-06   8.075108854259e-04  -5.710559602284e-08   4.658027673691e-03  -2.402123273013e-04  -1.980799672817e-04  -1.722289640979e-07  -1.164051759189e-04   3.332389295994e-02   5.056549914772e-02   1.663395939405e-02   8.618751943559e-03  -1.470054092272e-03  -2.903815341075e-03   1.410380438359e-03  -8.693692803884e-03  -1.319034911816e-02  -4.340111743672e-03  -2.251065099858e-03   3.844798458783e-04   1.860155789343e-03   1.338738081595e-03  -2.462035947116e-02  -3.735480900191e-02  -1.228743241067e-02  -6.372143822407e-03   1.087901741925e-03  -5.825714745033e-04  -2.749523024035e-03
   3.561478470150e-07   5.657448358347e-07   4.125555906870e-07  -2.861409850241e-07   4.200201276966e-02  -1.327145384330e-06  -1.489831948454e-06  -9.231119934327e-07   6.733471827442e-02  -2.555191848764e-06  -3.221789275037e-06  -1.068065729872e-06   4.509706009076e-02  -9.241310132823e-07  -2.334233964019e-06  -2.705188408675e-07  -5.378590791312e-03   3.640774409240e-07  -4.403398912841e-03   3.987328960320e-03   2.848118920575e-03   2.305879310135e-03   2.060835005320e-07   5.918389051572e-07  -1.135214433624e-06  -2.562120091183e-06   4.115880383069e-06   3.777191147080e-06  -9.818741877134e-06  -1.941302617576e-06  -3.253474433637e-03  -2.369469502980e-06  -4.635686964209e-07  -8.130141620263e-04   6.924969493009e-06   1.417148563970e-06   1.635100689574e-03   1.757829460913e-05   3.433280962938e-06   4.053814161319e-03   9.122186226347e-06   2.531743856055e-06  -7.089518343488e-03  -3.614670373496e-06  -2.005677716854e-06  -5.681720307367e-08   8.079688958868e-04  -1.723713249978e-07  -2.294167175462e-04   2.071358962693e-04   4.657455336100e-03   1.212233743227e-04  -9.198170904534e-03  -1.395862156859e-02  -4.592916142818e-03  -2.378644361622e-03   4.057333083836e-04   1.410569645768e-03   1.818085026737e-03   3.345371463823e-02   5.075758272246e-02   1.669606758998e-02   8.658195358240e-03  -1.479368310543e-03   1.338649284865e-03  -2.943244748263e-03  -2.426188965784e-02  -3.681296403763e-02  -1.210891374254e-02  -6.277503635444e-03   1.071968533491e-03  -2.749623410560e-03  -5.012466062950e-04
  -1.900769212227e-02  -3.091525500755e-02  -1.954230987483e-02   1.138742195328e-05  -4.973692800637e-06   7.669273748687e-02  -4.394970653213e-02   1.643002526196e-05  -6.629334802982e-06   6.073592277256e-02  -2.261128253023e-02   6.306386225865e-06  -9.241310132823e-07   6.171243975034e-02  -1.419753530399e-02   2.963457424507e-06  -1.551793052212e-06   5.953220062772e-06  -9.166103821618e-07  -4.138673060486e-03  -4.352029373767e-06   7.162806615760e-03   5.124244686563e-03   1.450815271421e-02  -2.600981727755e-02  -4.709217213022e-02   5.449350908613e-02   3.380411044550e-02  -5.201802163694e-02   6.410012775455e-05  -4.831128257845e-05  -1.283366649348e-02   1.534962945371e-05  -1.157005695309e-05   3.418890467280e-02  -4.571037301078e-05   3.439795692579e-05   8.144248546899e-02  -1.117513049226e-04   8.406800203622e-05   2.350389645446e-02  -7.297814211646e-05   5.437771404832e-05  -5.822023299636e-02  -2.054150446443e-02   7.938091080803e-06  -5.917521732577e-06  -1.536800300042e-06  -6.022115871227e-08  -6.621878980909e-03   1.328119934182e-06   1.146885082136e-02   8.173176608893e-03   1.090192773427e-02  -1.151773595086e-02  -1.715223008793e-03  -2.107309866172e-03  -3.168521398936e-03   8.740108644960e-04   8.146226489386e-03   1.085090286720e-02  -1.155057368357e-02  -1.699101199973e-03  -2.108846006766e-03   8.265393315127e-04  -3.177001981315e-03   8.152841789709e-03   1.086456347719e-02  -1.153995515012e-02  -1.704917475127e-03  -2.108223966828e-03   2.340078074390e-03   2.303972716302e-03
   3.396376294275e-03   5.564216102336e-03   5.471709355159e-03   1.083605052785e-06  -1.227387309808e-06  -1.383695988740e-02   1.168819168323e-02   2.125766138706e-06  -2.240788605952e-06  -1.067275044003e-02   5.664699551553e-03   2.561204413909e-06  -2.334233964019e-06  -1.419753530399e-02   3.481698652982e-03  -9.991606004108e-07   5.442515886359e-07  -1.136295064183e-06   7.435235744213e-08   1.115344698702e-03   8.421753075817e-07  -1.931803149337e-03  -1.814782568026e-03  -5.148116378873e-03   9.321127679377e-03   1.661772578687e-02  -1.933535918106e-02  -1.469677308862e-02   1.202488247872e-02  -1.305845479222e-05   9.615375891039e-06   2.971683163268e-03  -3.125897203581e-06   2.301620102584e-06  -7.738713576671e-03   9.368397789365e-06  -6.893774584237e-06  -1.855223051548e-02   2.290330626981e-05  -1.684726234927e-05  -5.786696691601e-03   1.412362512169e-05  -1.035856999945e-05   1.379415918231e-02   5.041542198336e-03  -1.540192257595e-06   1.129125214553e-06   7.244493249120e-07   4.671779308032e-09   1.508021632937e-03  -5.307815123841e-07  -2.611920513201e-03  -8.603103330144e-04  -1.138259681468e-03   2.649701606670e-03   3.227550035931e-04   4.703688940971e-04   5.472542762564e-04  -1.510189272283e-04  -8.598985729791e-04  -1.136031319055e-03   2.653366293410e-03   3.181748374836e-04   4.708782068621e-04  -1.427343482676e-04   5.491121461787e-04  -8.596404380745e-04  -1.136204172589e-03   2.652208850244e-03   3.197022065359e-04   4.706930798566e-04  -4.042251260951e-04  -3.982429433627e-04
   4.641891474972e-08  -1.778757110831e-08   1.549738813382e-06  -4.554415740789e-03  -2.160077200609e-07   3.656125324945e-07   2.504523747602e-06  -7.568030255030e-03  -2.962028454657e-07  -1.127247019220e-07   1.739355867000e-06  -5.377670561360e-03  -2.705188408675e-07   2.963457424507e-06  -9.991606004108e-07   1.367168705999e-03   3.242195004847e-08   2.876585457935e-04   4.969352853860e-04   4.115114510741e-04  -7.078602140616e-08   2.376153314055e-04   1.006589722290e-07   2.917722206158e-07  -5.908990526567e-07  -1.123974758411e-06   1.668158305101e-06   2.562368155242e-06   1.642851129657e-06   9.474032243452e-03  -6.546086336098e-08   3.999521265402e-07   2.271498664926e-03  -1.585528793734e-08  -1.297191502624e-06  -6.758720093704e-03   4.284628367336e-08  -2.754657321702e-06  -1.642158639808e-02   9.868047504049e-08  -9.757392377205e-07  -9.421344996976e-03   1.324224866794e-07  -1.389428389264e-06  -4.011082769168e-07   8.896503648214e-04  -4.300707790995e-08  -7.991073393969e-04   8.163936568278e-06   6.906548166877e-06  -1.064945259914e-08   3.660264789705e-06  -3.294973636168e-03  -4.266106768001e-03  -2.414550853791e-04  -2.553914076673e-03   1.497613371981e-04   2.712393278092e-04  -1.239760479268e-04   8.600140242414e-04   1.113392193088e-03   6.271396956150e-05   6.661062826006e-04  -3.902612752383e-05  -1.474514733329e-04  -1.177238786773e-04   2.435392122353e-03   3.152820849771e-03   1.779349362927e-04   1.886811284922e-03  -1.106110878583e-04   6.732392656613e-05   2.417580970529e-04
  -5.769028639433e-07  -8.528583361549e-07  -1.243227849919e-06  -2.155746958005e-07  -4.555278463557e-03   1.896747216249e-06  -2.258674642992e-06  -2.955313152250e-07  -7.568873068340e-03   1.366721245668e-06  -1.433554187730e-06  -2.700868920012e-07  -5.378590791312e-03  -1.551793052212e-06   5.442515886359e-07   3.242195004847e-08   1.366304040108e-03  -7.066565008656e-08   4.750545805287e-04  -4.303505538386e-04   2.868370376274e-04  -2.483396348307e-04   4.275677011678e-10  -3.044542153814e-09   4.875190451406e-08   1.039047280931e-07  -3.445288386144e-07  -1.242446049817e-06  -1.825545373300e-06  -6.410798281554e-08   9.468387152267e-03  -4.473416499116e-07  -1.553368482340e-08   2.270147008969e-03   1.349587728734e-06   4.179239673687e-08  -6.754588297140e-03   2.993036787638e-06   9.613934311451e-08  -1.641167651574e-02   9.290693468849e-07   1.306751936003e-07  -9.414557131985e-03   2.727330600304e-07   2.236576616267e-08  -4.283292279005e-08   8.888075758470e-04  -1.064925060162e-08   7.761410803918e-06  -7.240196180518e-06  -7.989839750819e-04  -3.705006584440e-06   9.095619962953e-04   1.177978222295e-03   6.692453587245e-05   7.046164376482e-04  -4.139611583129e-05  -1.240913512978e-04  -1.438286119221e-04  -3.308831501952e-03  -4.284029461046e-03  -2.429747627352e-04  -2.562465478099e-03   1.503253236163e-04  -1.177237215129e-04   2.748776964954e-04   2.399839340292e-03   3.107376291783e-03   1.763007835132e-04   1.858640346853e-03  -1.091331721575e-04   2.418732142366e-04   6.021758278634e-05
   4.319484897876e-07   8.355395723001e-07  -2.314858107028e-06   3.040977439298e-03   5.115193546503e-07  -2.557963750585e-06  -3.908191510947e-06   4.645216916435e-03   7.721893047283e-07   1.786159717834e-07  -1.819060204886e-06   2.844115148952e-03   3.640774409240e-07   5.953220062772e-06  -1.136295064183e-06   2.876585457935e-04  -7.066565008656e-08   7.206785147313e-04  -3.358641174004e-04  -2.781885334089e-04   8.120848641683e-08  -1.603420021438e-04   1.317621812083e-07   3.762998372555e-07  -6.955493239179e-07  -1.355542747927e-06   1.819294674184e-06   7.541169925911e-07  -1.643649792321e-06   7.563659579907e-03   5.993086115699e-08  -4.053042592333e-07   1.805941231708e-03   1.411125365278e-08   1.107546868293e-06  -5.569152889011e-03  -4.693715335282e-08   2.577838062231e-06  -1.351003422948e-02  -1.197309130083e-07   3.656476319088e-07  -9.314732357890e-03  -1.312426489660e-07  -4.205940393549e-06  -1.414802957376e-06   9.023903920800e-04   1.949695755844e-08   8.337147735978e-05  -3.284224625499e-05  -2.743960141389e-05   2.937008484238e-08  -1.526996785203e-05   2.686279240214e-03   4.709636039244e-03   2.552686618429e-03  -7.742967963363e-04  -1.148779945495e-04  -2.476985216798e-04   1.271069264830e-04  -7.019133420451e-04  -1.230305240443e-03  -6.669162594629e-04   2.015383496311e-04   3.000799721364e-05   1.815129231611e-04   1.208065667862e-04  -1.987167774450e-03  -3.483322722770e-03  -1.887727745991e-03   5.712696038880e-04   8.504081407962e-05  -3.881551340124e-05  -2.479583663224e-04
  -6.914294641712e-08  -1.428571008708e-07   4.323144746368e-07  -4.323193161137e-03  -4.132711542604e-03   4.910883160999e-07   6.551444320284e-07  -6.911631833085e-03  -6.606807934463e-03  -7.514473050422e-08   2.774302916124e-07  -4.606540837526e-03  -4.403398912841e-03  -9.166103821618e-07   7.435235744213e-08   4.969352853860e-04   4.750545805287e-04  -3.358641174004e-04   9.078118821404e-04   2.041080135987e-07  -3.215065552181e-04   1.773716387205e-07  -3.129435632544e-08  -8.891942360432e-08   1.608060733762e-07   2.852042386855e-07  -3.342837474486e-07  -1.074820352339e-07   1.126049600878e-07  -3.536728456410e-04  -3.381841606645e-04   2.931866347068e-08  -8.189485257781e-05  -7.831083377413e-05  -6.358117643409e-08   3.065703709057e-04   2.931042134058e-04  -9.204261414144e-08   7.387664278722e-04   7.063215768744e-04   1.224451492869e-07   1.466798356334e-03   1.402108919860e-03   5.398772329394e-07   1.543188714504e-07  -1.537059123557e-04  -1.470607940786e-04  -4.582276166808e-04   4.977711038717e-05   5.422228694439e-08  -4.379146339178e-04  -3.165720340683e-08  -2.541912184047e-03  -3.895963567314e-03  -1.343290254437e-03  -5.670655090962e-04   1.119254580451e-04   1.612377912612e-04  -3.298455397447e-04  -2.412669084800e-03  -3.697770210811e-03  -1.275012025318e-03  -5.383350792526e-04   1.065003928008e-04  -3.290063048848e-04   1.528456972757e-04   4.954736951282e-03   7.593823192672e-03   2.618454537363e-03   1.105669917295e-03  -2.184755347510e-04   3.341388471383e-04   3.360396858628e-04
   1.655239678544e-04   2.075464735993e-04   3.398903679581e-03  -3.578608805161e-03   3.742379543113e-03  -2.470638022117e-04   6.471951103157e-03  -5.721217926766e-03   5.982822960895e-03  -1.297317847425e-03   3.712571460992e-03  -3.812858932916e-03   3.987328960320e-03  -4.138673060486e-03   1.115344698702e-03   4.115114510741e-04  -4.303505538386e-04  -2.781885334089e-04   2.041080135987e-07   1.229244058062e-03   2.912477893163e-04  -5.567553931371e-04  -3.360056112522e-04  -9.642714120075e-04   1.824995744795e-03   3.696050508520e-03  -5.275725889916e-03  -3.190138975763e-03   5.472921681600e-03  -2.924690169756e-04   3.059368360779e-04   1.337175560240e-03  -6.772067826387e-05   7.084104855180e-05  -3.882060735037e-03   2.535456148725e-04  -2.651935185709e-04  -9.212204131122e-03   6.110437925597e-04  -6.390959813628e-04  -3.293720948273e-03   1.213749882245e-03  -1.269318951148e-03   4.790774445245e-03   1.887290870158e-03  -1.272156921150e-04   1.331370335068e-04  -3.792321745617e-04   2.122263054480e-08   6.542624395473e-04   3.965355620650e-04  -1.047033382474e-03  -2.680717379297e-03  -4.073745472880e-03  -9.488828786556e-04  -7.949103506046e-04   3.181444164121e-04   3.117167429453e-04   6.158210180834e-05   4.750482759069e-03   7.315350956051e-03   2.977532691306e-03   8.636796670080e-04  -9.499887856231e-06  -2.350539290070e-05  -4.470260509898e-04   9.392545703088e-04   1.474208507251e-03   9.635799557117e-04   1.296138043853e-05   1.587364317402e-04  -1.503784753784e-04   2.413627946370e-04
  -2.933546187839e-07  -5.690492356040e-07   1.749634622543e-06   5.114034093055e-07   3.045224785802e-03   1.747455278229e-06   2.981112589288e-06   7.719995044712e-07   4.651816272690e-03  -2.205177074440e-07   1.401384862208e-06   3.638426168097e-07   2.848118920575e-03  -4.352029373767e-06   8.421753075817e-07  -7.078602140616e-08   2.868370376274e-04   8.120848641683e-08  -3.215065552181e-04   2.912477893163e-04   7.214392024532e-04   1.679193710840e-04  -1.114293484686e-07  -3.184656025438e-07   5.906474807675e-07   1.149048710443e-06  -1.546922556047e-06  -7.239033038206e-07   1.391208384579e-06   5.984092321621e-08   7.564723533034e-03   3.423880341672e-07   1.409040420962e-08   1.806193650568e-03  -9.471427296901e-07  -4.683870088681e-08  -5.569937148204e-03  -2.210783033603e-06  -1.194952303813e-07  -1.351202726878e-02  -4.325479765501e-07  -1.310508275449e-07  -9.316578982018e-03   3.127772395032e-06   1.066860391939e-06   1.948987821623e-08   9.026437703402e-04   2.936218070889e-08  -3.143647756968e-05   2.866321203544e-05   8.363746587091e-05   1.609961706988e-05  -7.414488034576e-04  -1.299951399212e-03  -7.045736638414e-04   2.137017500483e-04   3.176107386707e-05   1.271028270269e-04   1.779788672160e-04   2.702252985005e-03   4.736486332567e-03   2.566343677665e-03  -7.755870029771e-04  -1.158808181338e-04   1.208467176836e-04  -2.517674717287e-04  -1.958642824210e-03  -3.433364015967e-03  -1.860212592775e-03   5.629424484670e-04   8.401737116442e-05  -2.479944537834e-04  -3.127017197671e-05
  -2.862600166826e-04  -3.588681810997e-04  -5.884552695615e-03  -2.070212559815e-03   2.163486428817e-03   4.268264162733e-04  -1.120605329656e-02  -3.309960527474e-03   3.458855765431e-03   2.243885127036e-03  -6.429380036007e-03  -2.206783352928e-03   2.305879310135e-03   7.162806615760e-03  -1.931803149337e-03   2.376153314055e-04  -2.483396348307e-04  -1.603420021438e-04   1.773716387205e-07  -5.567553931371e-04   1.679193710840e-04   1.873171093801e-03   5.818516506529e-04   1.669810074035e-03  -3.160383162729e-03  -6.400820560347e-03   9.137177678073e-03   5.526267554469e-03  -9.480090226024e-03  -1.699622934557e-04   1.776735095959e-04  -2.316212191625e-03  -3.935944068018e-05   4.114703027104e-05   6.724521789015e-03   1.472773268038e-04  -1.539225845380e-04   1.595797542152e-02   3.548056077970e-04  -3.708596379541e-04   5.707237754044e-03   7.033735408919e-04  -7.348954743440e-04  -8.295054200656e-03  -3.268227725459e-03  -7.358706092076e-05   7.699646303566e-05  -2.196371610443e-04   2.550277866880e-08  -1.046855374085e-03   2.293647525012e-04   1.863099828312e-03  -3.866822471611e-03  -5.987851081061e-03  -2.853966676509e-03  -5.212678594745e-04  -1.762764394662e-04   3.323057044243e-04  -6.381786196415e-06   4.275874699702e-04   5.952826861763e-04  -5.821586509586e-04   4.362103782343e-04  -3.654405207184e-04  -5.347917775773e-05  -1.053269831918e-04  -1.774170504141e-03  -2.779663758117e-03  -1.746584673377e-03  -5.474190164620e-05  -2.683246040478e-04  -1.995210595144e-04   2.872777779676e-05
  -4.178944984160e-05  -4.150988651520e-05  -7.303453957974e-04  -3.102748015994e-07   2.260146879812e-07  -7.981514253578e-06  -1.770781316158e-03  -2.654537353672e-07   1.836005988707e-07  -3.040076889110e-03   1.077094642470e-03  -3.761561402851e-07   2.060835005320e-07   5.124244686563e-03  -1.814782568026e-03   1.006589722290e-07   4.275677011678e-10   1.317621812083e-07  -3.129435632544e-08  -3.360056112522e-04  -1.114293484686e-07   5.818516506529e-04   1.857084530735e-01   3.137821797809e-01  -6.503871830774e-02  -8.913449202640e-02   1.702235370745e-02   2.402875800185e-02   1.508332212788e-03  -1.974396034005e-07   1.257498476660e-07   3.873465497174e-04  -5.168269008064e-08   3.306797365876e-08  -1.190011417829e-03   1.482437323434e-07  -9.441220777744e-08  -2.235495076149e-03   3.293753271034e-07  -2.102096288216e-07  -2.026217512780e-05   2.466730841347e-07  -1.597275425376e-07  -5.019607883827e-03  -2.024150718099e-03  -2.104392115937e-08   1.603933863797e-08  -8.560687893329e-09   6.582279870649e-10  -1.836233325756e-05   6.613390523278e-09   3.179465774168e-05  -2.709095164269e-04   1.018012834871e-04  -3.537672176698e-04   7.041541157042e-06  -5.609408988244e-05  -7.207615325591e-05   1.990356839901e-05  -2.706013788410e-04   1.029758074117e-04  -3.537816542080e-04   7.384100782177e-06  -5.646949119824e-05   1.885062178945e-05  -7.255795841674e-05  -2.707114349249e-04   1.025383971303e-04  -3.537887848859e-04   7.354537908179e-06  -5.634234567865e-05   5.333703928914e-05   5.257948360774e-05
  -1.043259335499e-04  -9.105210914923e-05  -2.082998313119e-03  -8.982466498568e-07   6.537861873816e-07  -1.028941902301e-04  -5.044847295242e-03  -7.779332689746e-07   5.374448185938e-07  -8.841678416895e-03   3.141602661928e-03  -1.080998386787e-06   5.918389051572e-07   1.450815271421e-02  -5.148116378873e-03   2.917722206158e-07  -3.044542153814e-09   3.762998372555e-07  -8.891942360432e-08  -9.642714120075e-04  -3.184656025438e-07   1.669810074035e-03   3.137821797809e-01   5.495286145793e-01  -1.837893351844e-01  -2.445779409541e-01   5.016061509799e-02   6.940943441534e-02   4.405672264079e-03  -5.729825084868e-07   3.651495063430e-07   1.097194363980e-03  -1.460350527037e-07   9.352226685313e-08  -3.442955627342e-03   4.270769914311e-07  -2.721304368226e-07  -6.665852003892e-03   9.721158577766e-07  -6.208259851836e-07  -1.288252260724e-04   7.182373820505e-07  -4.653352584715e-07  -1.416592586376e-02  -5.737157135540e-03  -6.238322367152e-08   4.711069482893e-08  -2.258399554749e-08   1.855337309816e-09  -4.273907851402e-05   1.775291405268e-08   7.399722679645e-05  -7.884321620833e-04   2.766272233129e-04  -9.936511941442e-04   2.142673588628e-05  -1.574543051880e-04  -2.031634037665e-04   5.610378519144e-05  -7.875263012070e-04   2.800327708712e-04  -9.936831100101e-04   2.242032211955e-05  -1.585264813356e-04   5.313693278704e-05  -2.045326483167e-04  -7.878495218508e-04   2.787653698020e-04  -9.937060281539e-04   2.232912937001e-05  -1.581632965075e-04   1.503467508078e-04   1.482137582342e-04
   5.946344316552e-05  -7.456144491947e-05   3.855695952945e-03   1.774190416959e-06  -1.286665678504e-06   8.814069603445e-04   9.237059260190e-03   1.620981174615e-06  -1.116507367762e-06   1.784887399909e-02  -6.425956455159e-03   2.080905651097e-06  -1.135214433624e-06  -2.600981727755e-02   9.321127679377e-03  -5.908990526567e-07   4.875190451406e-08  -6.955493239179e-07   1.608060733762e-07   1.824995744795e-03   5.906474807675e-07  -3.160383162729e-03  -6.503871830774e-02  -1.837893351844e-01   3.059656727060e-01   3.960230979498e-01  -1.058576346740e-01  -1.361745559623e-01  -9.921558397159e-03   1.247196111575e-06  -7.961740511931e-07  -2.391800435211e-03   3.071842552331e-07  -1.969537744140e-07   7.148811496218e-03  -8.623133527748e-07   5.500426625786e-07   1.464750586437e-02  -2.064775186019e-06   1.322388970616e-06   9.745032048327e-04  -1.469503130219e-06   9.541403505579e-07   2.500305577165e-02   1.028161842732e-02   1.427926506731e-07  -1.039804037616e-07   2.802072290347e-08  -3.358182156224e-09   4.688945750776e-06  -2.454351552274e-08  -8.060375451771e-06   1.595583494239e-03  -4.012966303310e-04   1.707163091135e-03  -4.627368051953e-05   2.728436477074e-04   3.515281759142e-04  -9.708331693777e-05   1.593679055967e-03  -4.080512974690e-04   1.707140889907e-03  -4.827606099547e-05   2.748320671298e-04  -9.196049920566e-05   3.539957685067e-04   1.594356428219e-03  -4.055461476865e-04   1.707211273069e-03  -4.804560334835e-05   2.741582548931e-04  -2.601762435503e-04  -2.565053045778e-04
   5.122076913099e-04   6.114879865700e-04   9.052374263412e-03   3.645224706861e-06  -2.660852306436e-06  -4.124338925039e-04   2.046444327804e-02   3.809170851861e-06  -2.677660273395e-06   3.172361625121e-02  -1.030702600998e-02   4.447862841853e-06  -2.562120091183e-06  -4.709217213022e-02   1.661772578687e-02  -1.123974758411e-06   1.039047280931e-07  -1.355542747927e-06   2.852042386855e-07   3.696050508520e-03   1.149048710443e-06  -6.400820560347e-03  -8.913449202640e-02  -2.445779409541e-01   3.960230979498e-01   5.366170199495e-01  -2.275363403150e-01  -2.620648307513e-01  -1.405396028471e-02   1.967587984688e-06  -1.243959345862e-06  -3.300912395440e-03   4.749440337005e-07  -3.016752555670e-07   1.201123553847e-02  -1.569024483001e-06   9.912357889073e-07   2.426197119940e-02  -3.805550667376e-06   2.421229295848e-06   1.593198902409e-03  -2.797708344314e-06   1.801230151919e-06   4.425950282154e-02   1.843030258083e-02   2.540427951882e-07  -1.756012407585e-07   1.305192890253e-07  -7.265762085186e-09   3.811207152441e-04  -9.075615061180e-08  -6.600062928638e-04   3.161449504416e-03  -2.750062266481e-04   3.531385608158e-03   6.341314005815e-06   5.888702431356e-04   6.616125071601e-04  -1.827240200569e-04   3.157862676422e-03  -2.876568761938e-04   3.530833727178e-03   2.612714056325e-06   5.923838125007e-04  -1.730026346301e-04   6.660323822276e-04   3.159161711461e-03  -2.829444796643e-04   3.531138348684e-03   3.047593460963e-06   5.911946328266e-04  -4.895542289174e-04  -4.826760259936e-04
