ARMA_MAT_TXT_FN008
36 36
  -3.078865941608e+01  -3.302713655167e+01  -8.364199205015e-08  -3.712917906622e-02  -3.332193025083e-27  -1.175587839184e+01  -3.810539930928e-08  -1.691071618455e-02  -1.517669459842e-27  -5.092193272046e+00  -1.110987573998e-08  -4.922542854691e-03  -4.417814841539e-28  -2.297488642224e+00  -3.088281142947e-09  -1.366670652087e-03  -1.226547090843e-28   4.450603855451e-07   0.000000000000e+00   3.469394701837e-03   0.000000000000e+00  -1.485946633285e-03  -4.211944522843e-01  -2.153512910658e+00  -1.897960926629e+00  -1.087640770330e+00  -2.466405670051e+00   1.914661631816e+00  -5.436635800391e-17  -4.210987674186e-01  -2.153358054554e+00  -1.897916623966e+00  -1.087631792600e+00   2.466283982756e+00   1.914194150932e+00  -3.727633455400e-17
  -3.302713655167e+01  -2.853368376162e+01  -9.919669269014e-08  -4.403402813100e-02  -3.951875180023e-27  -1.175837652421e+01  -2.903566568081e-08  -1.289009910697e-02  -1.156833669427e-27  -5.120677968716e+00  -6.941896077357e-09  -3.083647649896e-03  -2.767438892759e-28  -2.307006166977e+00  -1.811302799484e-09  -8.050267038848e-04  -7.224740047748e-29   1.845240117068e-07   0.000000000000e+00   1.438375631047e-03   0.000000000000e+00  -6.160583070068e-04  -4.179398486404e-01  -2.163280834384e+00  -1.905519391164e+00  -1.091278359398e+00  -2.492623271583e+00   1.935576536497e+00  -4.105065310829e-17  -4.178430472247e-01  -2.163125080947e+00  -1.905474888057e+00  -1.091269351315e+00   2.492500667241e+00   1.935104295203e+00  -2.813786612807e-17
  -8.364199205015e-08  -9.919669269014e-08  -8.936840773951e+00   2.618719348004e-06   0.000000000000e+00  -2.704143015908e-07  -6.176182816141e+00   2.832305778546e-06   0.000000000000e+00  -1.673446147957e-07  -2.207766010488e+00   1.113741766622e-06   0.000000000000e+00  -8.472298787165e-08  -6.575054851429e-01   3.384317898707e-07   0.000000000000e+00  -8.846620187946e-02   0.000000000000e+00  -1.891403355662e-07  -6.475659745355e-27  -2.554943112331e-06   7.398376665631e-01   8.962609394524e-01   2.741711294533e-01   5.770593738948e-02   1.131543806976e+00  -1.530093694922e+00   5.981507715027e-16  -7.397804650708e-01  -8.962980803778e-01  -2.741944797599e-01  -5.771174577927e-02   1.131821441582e+00   1.529924893864e+00  -4.103489921549e-16
  -3.712917906622e-02  -4.403402813100e-02   2.618719348004e-06  -8.919354615700e+00   0.000000000000e+00  -1.195996699148e-01   2.832305778546e-06  -6.157256516920e+00   0.000000000000e+00  -7.253134062901e-02   1.113741766622e-06  -2.200299441617e+00   0.000000000000e+00  -3.618610076485e-02   3.384317898707e-07  -6.552317922286e-01   0.000000000000e+00   2.391244892934e-06  -6.475659745355e-27   4.832725311310e-02   0.000000000000e+00   5.969105617835e-02  -5.797195484116e-01  -7.250702852434e-01  -2.419954608690e-01  -6.233193519652e-02  -1.562317581958e+00   3.658926004966e-01  -4.647161224751e-16  -5.795620719635e-01  -7.249612756898e-01  -2.419712888869e-01  -6.232749670085e-02   1.562147164213e+00   3.656351977312e-01  -3.187468126301e-16
  -3.332193025083e-27  -3.951875180023e-27   0.000000000000e+00   0.000000000000e+00  -8.892740684548e+00  -1.073375008708e-26   0.000000000000e+00   0.000000000000e+00  -6.128450691353e+00  -6.510198741352e-27   0.000000000000e+00   0.000000000000e+00  -2.188935324526e+00  -3.248248846335e-27   0.000000000000e+00   0.000000000000e+00  -6.517712318356e-01   0.000000000000e+00  -6.445200027569e-02  -7.477447794322e-27  -4.912988903583e-07   0.000000000000e+00  -7.350036402433e-17   1.282795358346e-16   1.845620869753e-17   1.507629950417e-18   5.981507715429e-16  -4.647161224978e-16  -8.408556669706e-01  -5.044111579569e-17   8.800441044833e-17   1.266262290392e-17   1.034392574001e-18  -4.103489921814e-16  -3.187468126448e-16  -8.407454362370e-01
  -1.175587839184e+01  -1.175837652421e+01  -2.704143015908e-07  -1.195996699148e-01  -1.073375008708e-26  -1.189117138664e+01  -8.047540119499e-07  -1.939527404218e-01  -1.753902662570e-26  -7.712636638350e+00  -1.267868464751e-06  -1.156126577048e-01  -1.096294150928e-26  -4.110136031118e+00  -6.144596686578e-07  -4.157996364167e-02  -4.093491607327e-27   9.232633526748e-06   0.000000000000e+00   7.457926678704e-02   0.000000000000e+00  -3.194240495099e-02  -1.553478518774e+00  -3.769406868600e+00  -3.426426272332e+00  -2.066137849674e+00  -3.649064328167e+00   2.805845751339e+00  -5.953501112336e-16  -1.553274703467e+00  -3.769185111854e+00  -3.426351636566e+00  -2.066121157389e+00   3.649057376054e+00   2.805292416840e+00  -4.084052552311e-16
  -3.810539930928e-08  -2.903566568081e-08  -6.176182816141e+00   2.832305778546e-06   0.000000000000e+00  -8.047540119499e-07  -7.010658681854e+00   9.094713132568e-06   0.000000000000e+00  -2.386532007677e-06  -4.168512184051e+00   6.089140209338e-06   0.000000000000e+00  -2.011628875728e-06  -1.580502200558e+00   2.139773343502e-06   0.000000000000e+00  -2.609914853693e-01   0.000000000000e+00  -5.407920439962e-07  -1.660150012594e-26  -1.207412588809e-05   1.868900177881e+00   1.860389690760e+00   6.588161360049e-01   1.515492141462e-01   1.194638420776e+00  -2.220108939707e+00   1.378130127000e-15  -1.868870294041e+00  -1.860486657166e+00  -6.588753412678e-01  -1.515664071066e-01   1.195140347867e+00   2.219937502693e+00  -9.455244679050e-16
  -1.691071618455e-02  -1.289009910697e-02   2.832305778546e-06  -6.157256516920e+00   0.000000000000e+00  -1.939527404218e-01   9.094713132568e-06  -6.944721371946e+00   0.000000000000e+00  -2.176198208054e-01   6.089140209338e-06  -4.113587087062e+00   0.000000000000e+00  -1.361252166424e-01   2.139773343502e-06  -1.558839446865e+00   0.000000000000e+00   1.098227971397e-05  -1.660150012594e-26   1.376092397733e-01   0.000000000000e+00   1.241233519215e-01  -1.465599355542e+00  -1.525787169106e+00  -6.155545013855e-01  -1.875764017433e-01  -2.299790819062e+00   7.130494160291e-02  -1.070698759219e-15  -1.465290879011e+00  -1.525573954833e+00  -6.154959117540e-01  -1.875644547649e-01   2.299616463487e+00   7.098715392313e-02  -7.344551008159e-16
  -1.517669459842e-27  -1.156833669427e-27   0.000000000000e+00   0.000000000000e+00  -6.128450691353e+00  -1.753902662570e-26   0.000000000000e+00   0.000000000000e+00  -6.844364792982e+00  -2.063574537695e-26   0.000000000000e+00   0.000000000000e+00  -4.029991095556e+00  -1.340134485622e-26   0.000000000000e+00   0.000000000000e+00  -1.525868738240e+00   0.000000000000e+00  -1.467686424125e-01  -1.916976113333e-26  -2.028525470648e-06   0.000000000000e+00   3.634396456215e-16   4.035383332930e-16   7.095356594965e-17   6.626026208055e-18   1.378130127334e-15  -1.070698759486e-15  -1.680945704093e+00   2.492884259286e-16   2.768487090584e-16   4.868066299425e-17   4.546151697224e-18  -9.455244681299e-16  -7.344551009959e-16  -1.680785760761e+00
  -5.092193272046e+00  -5.120677968716e+00  -1.673446147957e-07  -7.253134062901e-02  -6.510198741352e-27  -7.712636638350e+00  -2.386532007677e-06  -2.176198208054e-01  -2.063574537695e-26  -7.099096124523e+00  -8.112538989535e-06  -2.436482668722e-01  -3.301403070528e-26  -4.842541497160e+00  -5.285471833488e-06  -1.217380743059e-01  -2.292277305612e-26   1.034348904930e-05   0.000000000000e+00   9.287657464493e-02   0.000000000000e+00  -3.977916776638e-02  -2.092029245042e+00  -4.082234869032e+00  -4.096010374841e+00  -2.741707223134e+00  -2.600135480981e+00   1.968401034188e+00  -3.540761909269e-16  -2.091880055279e+00  -4.082064013972e+00  -4.095935835840e+00  -2.741687035838e+00   2.600207599012e+00   1.968070252538e+00  -2.429199366250e-16
  -1.110987573998e-08  -6.941896077357e-09  -2.207766010488e+00   1.113741766622e-06   0.000000000000e+00  -1.267868464751e-06  -4.168512184051e+00   6.089140209338e-06   0.000000000000e+00  -8.112538989535e-06  -4.694027697850e+00   4.437866809551e-06   0.000000000000e+00  -9.192744253551e-06  -2.834281887153e+00   1.377294893370e-06   0.000000000000e+00  -1.900753052261e-01   0.000000000000e+00   4.642111097661e-07  -1.165361861217e-26  -1.079588090721e-05   2.108211458923e+00   2.364274592400e+00   1.167285558152e+00   3.391784784195e-01   4.362423676145e-02  -1.424975666558e+00   5.876244909101e-16  -2.108303758775e+00  -2.364449904739e+00  -1.167405994364e+00  -3.392244731067e-01   4.401201080702e-02   1.424911799100e+00  -4.031966056311e-16
  -4.922542854691e-03  -3.083647649896e-03   1.113741766622e-06  -2.200299441617e+00   0.000000000000e+00  -1.156126577048e-01   6.089140209338e-06  -4.113587087062e+00   0.000000000000e+00  -2.436482668722e-01   4.437866809551e-06  -4.607493215619e+00   0.000000000000e+00  -2.117326547696e-01   1.377294893370e-06  -2.787385840333e+00   0.000000000000e+00   8.189072624073e-06  -1.165361861217e-26   9.853221297574e-02   0.000000000000e+00   7.274612033270e-02  -1.650954389347e+00  -1.925620679063e+00  -1.061775789322e+00  -3.863124503421e-01  -1.499950636792e+00  -7.052219310980e-01  -4.565380300113e-16  -1.650705250402e+00  -1.925389727529e+00  -1.061679167220e+00  -3.862869508395e-01   1.499885250588e+00  -7.053893222473e-01  -3.131910528791e-16
  -4.417814841539e-28  -2.767438892759e-28   0.000000000000e+00   0.000000000000e+00  -2.188935324526e+00  -1.096294150928e-26   0.000000000000e+00   0.000000000000e+00  -4.029991095556e+00  -3.301403070528e-26   0.000000000000e+00   0.000000000000e+00  -4.475787744537e+00  -3.986837824999e-26   0.000000000000e+00   0.000000000000e+00  -2.716010062717e+00   0.000000000000e+00  -9.215862650264e-02  -1.345643968554e-26  -1.802771055585e-06   0.000000000000e+00   5.218310986576e-16   5.280010545778e-16   1.686186124752e-16   2.361483370950e-17   5.876244917320e-16  -4.565380307255e-16  -1.823716917302e+00   3.580078249959e-16   3.622505786033e-16   1.156886158771e-16   1.620227901103e-17  -4.031966061894e-16  -3.131910533647e-16  -1.823614256096e+00
  -2.297488642224e+00  -2.307006166977e+00  -8.472298787165e-08  -3.618610076485e-02  -3.248248846335e-27  -4.110136031118e+00  -2.011628875728e-06  -1.361252166424e-01  -1.340134485622e-26  -4.842541497160e+00  -9.192744253551e-06  -2.117326547696e-01  -3.986837824999e-26  -4.364962673434e+00  -8.057974621851e-06  -1.449323771974e-01  -5.741957399712e-26   6.167565476021e-06   0.000000000000e+00   5.863355131815e-02   0.000000000000e+00  -2.511283266475e-02  -1.572564549937e+00  -3.149356131090e+00  -3.738781899916e+00  -3.005071464034e+00  -1.252399273669e+00   9.316066821055e-01  -5.687130739346e-17  -1.572497594576e+00  -3.149268222592e+00  -3.738731211499e+00  -3.005052908849e+00   1.252447384301e+00   9.314593883775e-01  -3.901916122587e-17
  -3.088281142947e-09  -1.811302799484e-09  -6.575054851429e-01   3.384317898707e-07   0.000000000000e+00  -6.144596686578e-07  -1.580502200558e+00   2.139773343502e-06   0.000000000000e+00  -5.285471833488e-06  -2.834281887153e+00   1.377294893370e-06   0.000000000000e+00  -8.057974621851e-06  -2.906999167655e+00   1.738371012416e-07   0.000000000000e+00  -7.123001928204e-02   0.000000000000e+00   3.401098034590e-07  -4.402068896895e-27  -4.282882338015e-06   1.080496586445e+00   1.546398403075e+00   1.164925535216e+00   5.023930724646e-01  -3.867340542627e-01  -4.613269271239e-01   6.156367169947e-17  -1.080574889527e+00  -1.546536159096e+00  -1.165050238117e+00  -5.024571490132e-01  -3.865976152945e-01   4.613126675018e-01  -4.224324439621e-17
  -1.366670652087e-03  -8.050267038848e-04   3.384317898707e-07  -6.552317922286e-01   0.000000000000e+00  -4.157996364167e-02   2.139773343502e-06  -1.558839446865e+00   0.000000000000e+00  -1.217380743059e-01   1.377294893370e-06  -2.787385840333e+00   0.000000000000e+00  -1.449323771974e-01   1.738371012416e-07  -2.872396484823e+00   0.000000000000e+00   2.968074079926e-06  -4.402068896895e-27   3.676900503084e-02   0.000000000000e+00   2.563266742220e-02  -8.453010783371e-01  -1.247331364503e+00  -1.008756542598e+00  -4.926722677270e-01  -4.958541473631e-01  -6.400405119930e-01  -4.783013272950e-17  -8.451977013723e-01  -1.247199351011e+00  -1.008666468007e+00  -4.926358131042e-01   4.958395852629e-01  -6.400896810343e-01  -3.281328762067e-17
  -1.226547090843e-28  -7.224740047748e-29   0.000000000000e+00   0.000000000000e+00  -6.517712318356e-01  -4.093491607327e-27   0.000000000000e+00   0.000000000000e+00  -1.525868738240e+00  -2.292277305612e-26   0.000000000000e+00   0.000000000000e+00  -2.716010062717e+00  -5.741957399712e-26   0.000000000000e+00   0.000000000000e+00  -2.819731203164e+00   0.000000000000e+00  -3.317690184706e-02  -5.083071325228e-27  -7.257207983458e-07   0.000000000000e+00   1.272594850700e-16   2.140886777970e-16   1.539111270412e-16   4.443395110033e-17   6.156367227939e-17  -4.783013324370e-17  -1.000530452831e+00   8.731209384942e-17   1.468857729497e-16   1.055988269777e-16   3.048646371917e-17  -4.224324479083e-17  -3.281328797086e-17  -1.000497216679e+00
   4.450603855451e-07   1.845240117068e-07  -8.846620187946e-02   2.391244892934e-06   0.000000000000e+00   9.232633526748e-06  -2.609914853693e-01   1.098227971397e-05   0.000000000000e+00   1.034348904930e-05  -1.900753052261e-01   8.189072624073e-06   0.000000000000e+00   6.167565476021e-06  -7.123001928204e-02   2.968074079926e-06   0.000000000000e+00  -4.426439513602e+00   0.000000000000e+00  -1.015751809295e-05   0.000000000000e+00  -6.082542984068e-06   1.487174807357e+00   6.853449183189e-01   1.079007365989e-01   1.329624817352e-02   8.165758099336e-01  -1.455033336899e-01   1.750785339977e-15  -1.486995413451e+00  -6.853097651348e-01  -1.078910109859e-01  -1.329021443024e-02   8.168141047897e-01   1.452584512380e-01  -1.201086712743e-15
   0.000000000000e+00   0.000000000000e+00   0.000000000000e+00  -6.475659745355e-27  -6.445200027569e-02   0.000000000000e+00   0.000000000000e+00  -1.660150012594e-26  -1.467686424125e-01   0.000000000000e+00   0.000000000000e+00  -1.165361861217e-26  -9.215862650264e-02   0.000000000000e+00   0.000000000000e+00  -4.402068896895e-27  -3.317690184706e-02   0.000000000000e+00  -4.252050961999e+00   0.000000000000e+00   4.131278887263e-06   0.000000000000e+00   6.958480800019e-16   2.543961648592e-16   1.360097846710e-17   4.304212851413e-19   1.750785340164e-15  -5.992007924873e-16  -9.968060681089e-01   4.772615224386e-16   1.745150063751e-16   9.330732504193e-18   2.952890165193e-19  -1.201086712868e-15  -4.109077637224e-16  -9.966207679430e-01
   3.469394701837e-03   1.438375631047e-03  -1.891403355662e-07   4.832725311310e-02  -7.477447794322e-27   7.457926678704e-02  -5.407920439962e-07   1.376092397733e-01  -1.916976113333e-26   9.287657464493e-02   4.642111097661e-07   9.853221297574e-02  -1.345643968554e-26   5.863355131815e-02   3.401098034590e-07   3.676900503084e-02  -5.083071325228e-27  -1.015751809295e-05   0.000000000000e+00  -4.277719157297e+00   0.000000000000e+00   3.308860858598e-02   8.866336610679e-01   4.338704711005e-01   1.059769721950e-01   3.736035926705e-02   3.700451197765e-01  -2.626780597451e-01   1.921941496514e-15   8.865676963310e-01   4.338670780414e-01   1.059770263925e-01   3.736016093367e-02  -3.701171042882e-01  -2.626812391136e-01   1.318514347993e-15
   0.000000000000e+00   0.000000000000e+00  -6.475659745355e-27   0.000000000000e+00  -4.912988903583e-07   0.000000000000e+00  -1.660150012594e-26   0.000000000000e+00  -2.028525470648e-06   0.000000000000e+00  -1.165361861217e-26   0.000000000000e+00  -1.802771055585e-06   0.000000000000e+00  -4.402068896895e-27   0.000000000000e+00  -7.257207983458e-07   0.000000000000e+00   4.131278887263e-06   0.000000000000e+00  -4.285945335480e+00   0.000000000000e+00  -8.956480005316e-16  -3.274413236685e-16  -1.750624814955e-17  -5.540088028068e-19  -1.492469236203e-15   1.750785340159e-15   1.255051481780e+00   6.144180175942e-16   2.246675233830e-16   1.201221949679e-17   3.801498399174e-19  -1.024197289113e-15  -1.201086712865e-15  -1.255061834820e+00
  -1.485946633285e-03  -6.160583070068e-04  -2.554943112331e-06   5.969105617835e-02   0.000000000000e+00  -3.194240495099e-02  -1.207412588809e-05   1.241233519215e-01   0.000000000000e+00  -3.977916776638e-02  -1.079588090721e-05   7.274612033270e-02   0.000000000000e+00  -2.511283266475e-02  -4.282882338015e-06   2.563266742220e-02   0.000000000000e+00  -6.082542984068e-06   0.000000000000e+00   3.308860858598e-02   0.000000000000e+00  -4.343323068304e+00  -3.648610183688e-01  -1.543770311690e-01  -3.271335056730e-02  -1.305090203959e-02   8.404777181488e-01   1.328406288861e+00  -4.466342218362e-16  -3.651147927647e-01  -1.545046198671e-01  -3.273309690049e-02  -1.305313607052e-02  -8.401140202323e-01   1.328446008421e+00  -3.066447626813e-16
  -4.211944522843e-01  -4.179398486404e-01   7.398376665631e-01  -5.797195484116e-01  -7.350036402433e-17  -1.553478518774e+00   1.868900177881e+00  -1.465599355542e+00   3.634396456215e-16  -2.092029245042e+00   2.108211458923e+00  -1.650954389347e+00   5.218310986576e-16  -1.572564549937e+00   1.080496586445e+00  -8.453010783371e-01   1.272594850700e-16   1.487174807357e+00   6.958480800019e-16   8.866336610679e-01  -8.956480005316e-16  -3.648610183688e-01  -4.559935949521e+00  -3.864409021737e+00  -2.178905463661e+00  -1.096588810159e+00  -7.878608326732e-01   5.753994158998e-01   5.938958696000e-25  -7.742998198313e-02  -6.458097305825e-01  -1.095930812183e+00  -8.468317598033e-01   5.619969964664e-01   4.263765148749e-02  -2.122050993175e-17
  -2.153512910658e+00  -2.163280834384e+00   8.962609394524e-01  -7.250702852434e-01   1.282795358346e-16  -3.769406868600e+00   1.860389690760e+00  -1.525787169106e+00   4.035383332930e-16  -4.082234869032e+00   2.364274592400e+00  -1.925620679063e+00   5.280010545778e-16  -3.149356131090e+00   1.546398403075e+00  -1.247331364503e+00   2.140886777970e-16   6.853449183189e-01   2.543961648592e-16   4.338704711005e-01  -3.274413236685e-16  -1.543770311690e-01  -3.864409021737e+00  -5.007288458278e+00  -3.824014008203e+00  -2.219075777998e+00  -1.350871972739e+00   9.825988426023e-01   1.083324826982e-24  -6.457951804685e-01  -1.811099541456e+00  -2.357601056412e+00  -1.809340425710e+00   1.596687871932e+00   3.301154157585e-01   1.668535906378e-17
  -1.897960926629e+00  -1.905519391164e+00   2.741711294533e-01  -2.419954608690e-01   1.845620869753e-17  -3.426426272332e+00   6.588161360049e-01  -6.155545013855e-01   7.095356594965e-17  -4.096010374841e+00   1.167285558152e+00  -1.061775789322e+00   1.686186124752e-16  -3.738781899916e+00   1.164925535216e+00  -1.008756542598e+00   1.539111270412e-16   1.079007365989e-01   1.360097846710e-17   1.059769721950e-01  -1.750624814955e-17  -3.271335056730e-02  -2.178905463661e+00  -3.824014008203e+00  -4.011731901559e+00  -2.919159098717e+00  -9.522619111899e-01   6.896066012979e-01   8.149661999240e-25  -1.095903199567e+00  -2.357574065594e+00  -2.984015547778e+00  -2.506039039890e+00   1.328585705360e+00   4.503709867587e-01   1.351008409198e-17
  -1.087640770330e+00  -1.091278359398e+00   5.770593738948e-02  -6.233193519652e-02   1.507629950417e-18  -2.066137849674e+00   1.515492141462e-01  -1.875764017433e-01   6.626026208055e-18  -2.741707223134e+00   3.391784784195e-01  -3.863124503421e-01   2.361483370950e-17  -3.005071464034e+00   5.023930724646e-01  -4.926722677270e-01   4.443395110033e-17   1.329624817352e-02   4.304212851413e-19   3.736035926705e-02  -5.540088028068e-19  -1.305090203959e-02  -1.096588810159e+00  -2.219075777998e+00  -2.919159098717e+00  -2.744424406835e+00  -5.159898949423e-01   3.728939072891e-01   4.550353402542e-25  -8.468108153461e-01  -1.809315100736e+00  -2.506029178957e+00  -2.483694234904e+00   6.507640001776e-01   3.170286781446e-01   2.011103426901e-18
  -2.466405670051e+00  -2.492623271583e+00   1.131543806976e+00  -1.562317581958e+00   5.981507715429e-16  -3.649064328167e+00   1.194638420776e+00  -2.299790819062e+00   1.378130127334e-15  -2.600135480981e+00   4.362423676145e-02  -1.499950636792e+00   5.876244917320e-16  -1.252399273669e+00  -3.867340542627e-01  -4.958541473631e-01   6.156367227939e-17   8.165758099336e-01   1.750785340164e-15   3.700451197765e-01  -1.492469236203e-15   8.404777181488e-01  -7.878608326732e-01  -1.350871972739e+00  -9.522619111899e-01  -5.159898949423e-01  -4.151864983398e+00   5.963650964267e-01   0.000000000000e+00  -5.619848896720e-01  -1.596674885301e+00  -1.328573481968e+00  -6.507525623653e-01   1.872925927807e+00   2.986123074663e-01   2.494666177670e-17
   1.914661631816e+00   1.935576536497e+00  -1.530093694922e+00   3.658926004966e-01  -4.647161224978e-16   2.805845751339e+00  -2.220108939707e+00   7.130494160291e-02  -1.070698759486e-15   1.968401034188e+00  -1.424975666558e+00  -7.052219310980e-01  -4.565380307255e-16   9.316066821055e-01  -4.613269271239e-01  -6.400405119930e-01  -4.783013324370e-17  -1.455033336899e-01  -5.992007924873e-16  -2.626780597451e-01   1.750785340159e-15   1.328406288861e+00   5.753994158998e-01   9.825988426023e-01   6.896066012979e-01   3.728939072891e-01   5.963650964267e-01  -3.805235044487e+00   0.000000000000e+00   4.267374867231e-02   3.302382832170e-01   4.504907291717e-01   3.170951744744e-01  -2.987750188485e-01  -4.303581368587e-01  -8.388577629434e-22
  -5.436635800391e-17  -4.105065310829e-17   5.981507715027e-16  -4.647161224751e-16  -8.408556669706e-01  -5.953501112336e-16   1.378130127000e-15  -1.070698759219e-15  -1.680945704093e+00  -3.540761909269e-16   5.876244909101e-16  -4.565380300113e-16  -1.823716917302e+00  -5.687130739346e-17   6.156367169947e-17  -4.783013272950e-17  -1.000530452831e+00   1.750785339977e-15  -9.968060681089e-01   1.921941496514e-15   1.255051481780e+00  -4.466342218362e-16   5.938958696000e-25   1.083324826982e-24   8.149661999240e-25   4.550353402542e-25   0.000000000000e+00   0.000000000000e+00  -3.341907357396e+00   2.122050995453e-17  -1.668535878316e-17  -1.351008344134e-17  -2.011102850926e-18   2.494666160857e-17  -8.388444518959e-22  -3.219283819732e-01
  -4.210987674186e-01  -4.178430472247e-01  -7.397804650708e-01  -5.795620719635e-01  -5.044111579569e-17  -1.553274703467e+00  -1.868870294041e+00  -1.465290879011e+00   2.492884259286e-16  -2.091880055279e+00  -2.108303758775e+00  -1.650705250402e+00   3.580078249959e-16  -1.572497594576e+00  -1.080574889527e+00  -8.451977013723e-01   8.731209384942e-17  -1.486995413451e+00   4.772615224386e-16   8.865676963310e-01   6.144180175942e-16  -3.651147927647e-01  -7.742998198313e-02  -6.457951804685e-01  -1.095903199567e+00  -8.468108153461e-01  -5.619848896720e-01   4.267374867231e-02   2.122050995453e-17  -4.559782380725e+00  -3.864302431901e+00  -2.178850123846e+00  -1.096561827455e+00   7.878650645720e-01   5.752874590234e-01   4.034059225171e-25
  -2.153358054554e+00  -2.163125080947e+00  -8.962980803778e-01  -7.249612756898e-01   8.800441044833e-17  -3.769185111854e+00  -1.860486657166e+00  -1.525573954833e+00   2.768487090584e-16  -4.082064013972e+00  -2.364449904739e+00  -1.925389727529e+00   3.622505786033e-16  -3.149268222592e+00  -1.546536159096e+00  -1.247199351011e+00   1.468857729497e-16  -6.853097651348e-01   1.745150063751e-16   4.338670780414e-01   2.246675233830e-16  -1.545046198671e-01  -6.458097305825e-01  -1.811099541456e+00  -2.357574065594e+00  -1.809315100736e+00  -1.596674885301e+00   3.302382832170e-01  -1.668535878316e-17  -3.864302431901e+00  -5.007170214103e+00  -3.823943533656e+00  -2.219039889698e+00   1.350896970438e+00   9.824210929330e-01   7.358523161793e-25
  -1.897916623966e+00  -1.905474888057e+00  -2.741944797599e-01  -2.419712888869e-01   1.266262290392e-17  -3.426351636566e+00  -6.588753412678e-01  -6.154959117540e-01   4.868066299425e-17  -4.095935835840e+00  -1.167405994364e+00  -1.061679167220e+00   1.156886158771e-16  -3.738731211499e+00  -1.165050238117e+00  -1.008666468007e+00   1.055988269777e-16  -1.078910109859e-01   9.330732504193e-18   1.059770263925e-01   1.201221949679e-17  -3.273309690049e-02  -1.095930812183e+00  -2.357601056412e+00  -2.984015547778e+00  -2.506029178957e+00  -1.328573481968e+00   4.504907291717e-01  -1.351008344134e-17  -2.178850123846e+00  -3.823943533656e+00  -4.011688233789e+00  -2.919136600739e+00   9.522878131400e-01   6.894880634523e-01   5.535687458510e-25
  -1.087631792600e+00  -1.091269351315e+00  -5.771174577927e-02  -6.232749670085e-02   1.034392574001e-18  -2.066121157389e+00  -1.515664071066e-01  -1.875644547649e-01   4.546151697224e-18  -2.741687035838e+00  -3.392244731067e-01  -3.862869508395e-01   1.620227901103e-17  -3.005052908849e+00  -5.024571490132e-01  -4.926358131042e-01   3.048646371917e-17  -1.329021443024e-02   2.952890165193e-19   3.736016093367e-02   3.801498399174e-19  -1.305313607052e-02  -8.468317598033e-01  -1.809340425710e+00  -2.506039039890e+00  -2.483694234904e+00  -6.507525623653e-01   3.170951744744e-01  -2.011102850926e-18  -1.096561827455e+00  -2.219039889698e+00  -2.919136600739e+00  -2.744412775834e+00   5.160056116524e-01   3.728310666832e-01   3.090844045384e-25
   2.466283982756e+00   2.492500667241e+00   1.131821441582e+00   1.562147164213e+00  -4.103489921814e-16   3.649057376054e+00   1.195140347867e+00   2.299616463487e+00  -9.455244681299e-16   2.600207599012e+00   4.401201080702e-02   1.499885250588e+00  -4.031966061894e-16   1.252447384301e+00  -3.865976152945e-01   4.958395852629e-01  -4.224324479083e-17   8.168141047897e-01  -1.201086712868e-15  -3.701171042882e-01  -1.024197289113e-15  -8.401140202323e-01   5.619969964664e-01   1.596687871932e+00   1.328585705360e+00   6.507640001776e-01   1.872925927807e+00  -2.987750188485e-01   2.494666160857e-17   7.878650645720e-01   1.350896970438e+00   9.522878131400e-01   5.160056116524e-01  -4.151806265809e+00  -5.962842150844e-01   0.000000000000e+00
   1.914194150932e+00   1.935104295203e+00   1.529924893864e+00   3.656351977312e-01  -3.187468126448e-16   2.805292416840e+00   2.219937502693e+00   7.098715392313e-02  -7.344551009959e-16   1.968070252538e+00   1.424911799100e+00  -7.053893222473e-01  -3.131910533647e-16   9.314593883775e-01   4.613126675018e-01  -6.400896810343e-01  -3.281328797086e-17   1.452584512380e-01  -4.109077637224e-16  -2.626812391136e-01  -1.201086712865e-15   1.328446008421e+00   4.263765148749e-02   3.301154157585e-01   4.503709867587e-01   3.170286781446e-01   2.986123074663e-01  -4.303581368587e-01  -8.388444518959e-22   5.752874590234e-01   9.824210929330e-01   6.894880634523e-01   3.728310666832e-01  -5.962842150844e-01  -3.804976402520e+00   0.000000000000e+00
  -3.727633455400e-17  -2.813786612807e-17  -4.103489921549e-16  -3.187468126301e-16  -8.407454362370e-01  -4.084052552311e-16  -9.455244679050e-16  -7.344551008159e-16  -1.680785760761e+00  -2.429199366250e-16  -4.031966056311e-16  -3.131910528791e-16  -1.823614256096e+00  -3.901916122587e-17  -4.224324439621e-17  -3.281328762067e-17  -1.000497216679e+00  -1.201086712743e-15  -9.966207679430e-01   1.318514347993e-15  -1.255061834820e+00  -3.066447626813e-16  -2.122050993175e-17   1.668535906378e-17   1.351008409198e-17   2.011103426901e-18   2.494666177670e-17  -8.388577629434e-22  -3.219283819732e-01   4.034059225171e-25   7.358523161793e-25   5.535687458510e-25   3.090844045384e-25   0.000000000000e+00   0.000000000000e+00  -3.341799568222e+00
