ARMA_MAT_TXT_FN008
141 141
  -1.767467723594e+01  -2.208721090788e+01  -2.619228412874e-02   2.936436392097e-06   2.130576622868e-02  -8.177670245016e+00  -1.187428897426e-02   1.304893863059e-06   1.017710571199e-02  -3.544658891029e+00  -4.923544576198e-03   5.193350425929e-07   4.107478516510e-03  -1.602634006205e+00  -1.862199168772e-03   1.806192254802e-07   1.236543233423e-03  -1.089428063557e-07   5.292582720495e-08   6.509051981994e-04   5.629242925578e-04   4.842384504484e-04  -2.488423272708e-01  -1.417522365136e+00  -1.299811527213e+00  -7.546203517626e-01   1.838137966578e+00  -1.126526465068e-04   6.874529320508e-01  -7.146376116713e-04  -3.686294684238e-04   7.988714023117e-04  -9.235340053420e-07  -2.686068905944e-02  -3.067837544786e-01   3.822275709996e-02  -3.515956198323e-05  -9.970067116399e-01  -9.585968517290e-01   6.947440507686e-02  -6.370634726504e-05  -1.805918786459e+00  -7.488623710394e-01   3.008100327231e-02  -2.769805718294e-05  -7.855775974645e-01   2.995197584385e-06  -7.706829898355e-05  -1.260552896615e+00   8.407679361417e-02  -1.511304893255e-03   1.545577323875e-07  -6.867548500881e-07  -1.168425769353e-06   3.428108219751e-06  -7.280834978339e-05  -4.790810736072e-02  -9.895806629289e-07  -8.958994178390e-10   8.755740905159e-06   4.434191604384e-06   2.542080643977e-09  -2.382919713418e-05  -2.501869336721e-06   7.797250059258e-09  -6.284094655817e-05  -4.634492115909e-03   1.126352071356e-06  -5.753259064477e-03  -3.253813434003e-01   7.887704492219e-05  -3.991906670707e-01  -3.554576237934e-01  -4.682362142121e-01   1.135153216173e-04  -5.744211825146e-01   3.614470634421e-08   4.231899007135e-08  -6.533553952085e-05  -1.773412274066e-04  -7.417055829432e-05   4.091930084346e-06  -3.813573839576e-06  -1.330418544213e-05   1.469629214271e-05   4.253583666618e-05  -3.560932257119e-02   9.386837895669e-06   1.790864665541e-05  -1.188788567431e-05  -3.011622787509e-05  -5.542018365551e-05   4.037484723050e-05  -5.738076128853e-05  -1.031642406119e-04   6.798220885964e-05   1.448702570993e-03   2.277716481029e-03  -3.224851975066e-03   1.564727229336e-01   2.463855811408e-01  -3.368113347012e-01  -3.281443324944e-01   2.488000420225e-01   3.917831862261e-01  -5.354855056764e-01  -2.793566791303e-05   1.040759694447e-04  -5.400351118704e-05   5.739539417612e-05   1.926995471143e-05   4.091521019738e-06  -3.813186941762e-06  -1.330283533387e-05   1.469484523119e-05   4.253526582948e-05  -3.560685290380e-02   9.375444416138e-06  -1.791375769140e-05  -1.188605329046e-05  -3.008061597967e-05   5.543641674252e-05   4.036936006299e-05  -5.731381473153e-05   1.031951103836e-04   6.797460833477e-05   1.447228784654e-03  -2.278389371673e-03  -3.224325047183e-03   1.563279104388e-01  -2.464817142294e-01  -3.367882004218e-01  -3.281381927145e-01   2.485755396526e-01  -3.919451529754e-01  -5.354611718718e-01   2.791447281445e-05  -1.040947438442e-04  -5.398166203664e-05   5.732360138620e-05   1.930315620529e-05
  -2.208721090788e+01  -1.660628278581e+01  -2.467114422576e-02   2.778513901894e-06   2.028110847972e-02  -7.428273267333e+00  -6.266132327184e-03   6.807416485439e-07   5.583025583149e-03  -3.334241221270e+00  -2.082451505878e-03   1.943994074183e-07   1.322475750779e-03  -1.519224545738e+00  -7.594780859810e-04   4.702957544158e-08  -2.520452455251e-04  -3.190949438486e-07   1.461716771380e-07   2.190368025352e-03   1.197783790574e-03   1.805940478706e-03  -2.496552481362e-01  -1.343366518252e+00  -1.232270464054e+00  -7.169039375468e-01   1.753391215095e+00  -1.075141799578e-04   6.545417666714e-01  -5.262105800223e-04  -3.748751283901e-04   8.839669158553e-04  -8.863250030021e-07  -2.581802698703e-02  -2.961261570299e-01   3.704478609323e-02  -3.369353237662e-05  -9.548383693294e-01  -9.087188054886e-01   6.630832476147e-02  -6.024545132779e-05  -1.706506904551e+00  -7.110653707145e-01   2.892697844913e-02  -2.631867867524e-05  -7.456106629836e-01   2.838760191595e-06  -7.401512171820e-05  -1.209438716078e+00   8.158285323094e-02  -1.352000808980e-03   6.539604369749e-06  -5.697890319800e-06  -2.102780406460e-05   2.121991098488e-05   7.565410249967e-05  -4.595262538105e-02  -2.625939946045e-05   5.697283796885e-09  -4.452140716406e-05   8.172305290456e-05  -1.753025885968e-08   1.361468339925e-04   1.667330783821e-04  -3.617825369451e-08   2.565891269860e-04  -4.322317101625e-03   1.046760923878e-06  -5.312821918792e-03  -3.091108550003e-01   7.494368111569e-05  -3.796317661256e-01  -3.378895699663e-01  -4.442564906947e-01   1.077231292876e-04  -5.455505669052e-01  -4.578189550204e-09   2.997052808206e-08  -1.192933132886e-04  -1.273531074986e-04   2.742358325432e-06   5.259123206929e-06  -5.013184860496e-06  -1.774829462740e-05   1.960074977276e-05   1.026799420219e-04  -3.411309857390e-02   1.367039738044e-05   2.067918313733e-05  -3.983457604484e-05  -4.303272355520e-05  -6.412500058428e-05   1.229283551038e-04  -8.955713733870e-05  -1.332240548523e-04   2.395605151381e-04   1.356363205959e-03   2.135211999922e-03  -2.919762157362e-03   1.487493849164e-01   2.340205714802e-01  -3.200958339706e-01  -3.117546345946e-01   2.362553454597e-01   3.717193248990e-01  -5.083331634743e-01   1.858789546187e-05   4.408899384134e-05  -6.542368489388e-05   3.318983145569e-05  -9.654322976732e-06   5.259347732238e-06  -5.013236689992e-06  -1.774880440092e-05   1.960058332475e-05   1.026857224387e-04  -3.411075650239e-02   1.366028993299e-05  -2.069065292074e-05  -3.983375637218e-05  -4.300059433796e-05   6.416019228426e-05   1.229260016746e-04  -8.948957870356e-05   1.332957893540e-04   2.395569820981e-04   1.354959728397e-03  -2.135815848094e-03  -2.919261677292e-03   1.486118804960e-01  -2.341119952632e-01  -3.200739776961e-01  -3.117488527819e-01   2.360423664136e-01  -3.718730989095e-01  -5.083101472173e-01  -1.857752114828e-05  -4.410169656614e-05  -6.541431935367e-05   3.315742450253e-05  -9.675433335381e-06
  -2.619228412874e-02  -2.467114422576e-02   1.558292721114e+00  -5.632850793314e-06   2.252233877096e-02  -1.022237669515e-02  -9.172499935463e-01  -4.403036845368e-06   1.715507078051e-02  -1.491234619435e-02  -7.960014776434e-01  -1.644904315831e-06   7.238472254830e-03  -1.353347692791e-02  -3.168949484002e-01  -2.691562476148e-07   1.475108766773e-03   8.606179776884e-06   1.668293816150e-06   2.966317423891e-02   5.055696092131e-03  -6.845863527187e-02  -4.501731420357e-01  -4.434694510921e-01  -1.729312447483e-01  -4.674913806778e-02   4.175165615130e-01  -4.510913525446e-05   2.830614065859e-01  -3.168718113010e-04  -5.624869599416e-04  -3.110227634336e-02  -9.726115463769e-07  -1.240903347664e-02  -1.401041686390e-02  -1.492644007250e-01  -2.125785587449e-06  -3.108033333395e-02  -1.627774525021e-02  -2.258159687455e-01  -1.593480858396e-06  -2.747392517672e-02  -1.042928106298e-02  -1.192285334638e-01  -5.201602956376e-07  -1.034577792408e-02  -4.216187213620e-06  -3.990398237453e-06  -3.779886233355e-02  -2.782179257093e-01   1.665123825617e-03  -2.261235977316e-04   1.571832131763e-04   6.529291697473e-04  -5.020232492792e-04  -2.680800823432e-03   2.087516520280e-02   7.127252354686e-04  -2.653617367062e-07   8.120871128763e-04  -2.184582950981e-03   8.009273354699e-07  -2.507827894027e-03  -4.150623102638e-03   1.517073010404e-06  -4.529446207035e-03   3.022026508766e-03  -6.859160825786e-07   7.253804251515e-03   2.781149645582e-02  -1.648873619825e-05   8.575152053533e-02   3.563942402194e-02  -1.476308200582e-02  -1.070863416087e-05   5.585799793403e-02  -2.128382161421e-07  -8.712371031826e-07   2.550264765770e-03   2.482808604985e-03   2.441442532748e-04   1.326807164359e-04  -9.531442838585e-05  -3.906666769965e-04   3.121316166813e-04   1.966901442674e-03  -9.909942228164e-03  -7.311857370512e-05   5.788603432556e-04  -6.779547523077e-04   1.796710297156e-04  -1.741375714788e-03   2.051615840847e-03   3.099915788523e-04  -3.391404944192e-03   3.894072724577e-03   1.053326068045e-03  -2.681803714734e-04  -6.180145910866e-04  -1.473037668404e-02   3.498646130085e-02  -4.823223979176e-02  -2.520855681505e-02  -3.950198058274e-02   2.861377564240e-02  -3.927083928820e-02   2.029314479600e-04   1.400065400301e-03  -1.054973857669e-03  -2.476696402114e-05   1.172272214667e-04   1.325365426246e-04  -9.521333284156e-05  -3.902472693755e-04   3.118059575176e-04   1.964944297784e-03  -9.900365559189e-03  -7.368210035381e-05  -5.784965057932e-04  -6.772913698366e-04   1.813846415456e-04   1.740279149191e-03   2.049598198971e-03   3.133260976670e-04   3.389306282454e-03   3.890294494012e-03   1.053020065302e-03   2.680533533573e-04  -6.167699496533e-04  -1.476685364553e-02  -3.497066933314e-02  -4.818742181000e-02  -2.518851902803e-02  -3.952988414109e-02  -2.860394171429e-02  -3.923854996512e-02  -2.030828201791e-04  -1.399167724088e-03  -1.053659283781e-03  -2.622601523628e-05   1.170697015483e-04
   2.936436392097e-06   2.778513901894e-06  -5.632850793314e-06   1.488699571756e+00   2.491463426257e-06   9.760819088514e-07  -4.399631207592e-06  -9.676905654108e-01   1.927265721882e-06   1.467363845850e-06  -1.714029466992e-06  -8.139080874126e-01   8.898335289095e-07   1.159522300305e-06  -3.763166537075e-07  -3.208795961194e-01   7.497510365003e-07  -3.187008932172e-02   3.579789698735e-02  -1.203806993435e-06   2.023916515828e-06  -4.735549781606e-07   2.809973094285e-05   2.806899443154e-05   1.132498684936e-05   3.054157382483e-06  -4.539941078700e-05  -3.260356270125e-01  -1.662603795033e-05   2.792709806715e-07   3.601105521245e-07  -1.123234961530e-06  -4.124640817206e-02   9.850224611374e-06   1.053404848339e-05  -2.153829808700e-06  -1.671524909970e-01   2.381073083819e-05   8.408803709306e-06  -1.279590835404e-06  -2.365785187089e-01   1.453978419044e-05   2.650804755128e-06  -2.631746735310e-07  -1.219993637692e-01   3.127046442101e-06   1.921941578113e-02  -3.040838778402e-01   3.324662076912e-05  -3.576712070255e-06   1.787741794590e-05   8.493912344438e-08  -5.928838073467e-08  -2.454460201012e-07   1.895626456183e-07   1.065307363657e-06  -5.395332555708e-06  -4.357354516827e-07  -5.269222580579e-04  -2.942666612448e-07   1.308777284582e-06   1.536629736729e-03   9.085972278605e-07   2.469000446007e-06   2.848439220505e-03   1.656721850613e-06  -3.497281191256e-08   5.617636756886e-04  -1.529838756955e-06  -1.784550819869e-05  -4.312197641461e-02  -2.217775241909e-05  -9.800203027885e-06  -1.203872280609e-05  -6.171919840619e-02  -1.476192262307e-05  -8.657532227442e-04  -1.728047115734e-03  -7.553386599957e-07  -1.258078871361e-06  -5.240341524947e-07   2.871275500874e-04  -2.033587348135e-04  -8.380029583437e-04   6.596363692533e-04   4.051583394140e-03  -1.591960486775e-02   7.717819414527e-04   8.464662921929e-04  -1.183679302643e-03  -2.319785497011e-03  -2.579446219647e-03   3.610603882403e-03  -4.464868934714e-03  -5.033173763093e-03   6.778010064072e-03  -1.000320521509e-03  -1.047295077528e-03  -1.436949204027e-03   3.277439168414e-02   1.488924956098e-02  -7.353930463997e-02  -3.513265980947e-02   2.396370994308e-02  -1.954064489808e-02  -5.377275170027e-02  -2.011672898215e-04   1.543935791740e-03  -2.160183814710e-03   1.784104318714e-03  -2.623687184778e-04  -2.872133172261e-04   2.034217679593e-04   8.382577071666e-04  -6.598459481690e-04  -4.052978981499e-03   1.592527532330e-02  -7.713075303133e-04   8.474381247570e-04   1.184084118153e-03   2.318361403078e-03  -2.582357755272e-03  -3.611826811763e-03   4.462151504772e-03  -5.038823696436e-03  -6.780350095869e-03   9.996566080267e-04  -1.048850627610e-03   1.436870493174e-03  -3.275808692480e-02   1.493362153698e-02   7.356607208262e-02   3.514722107649e-02  -2.395244681863e-02  -1.950685453096e-02   5.379419574160e-02  -2.013011486169e-04   1.546084493017e-03   2.160745746420e-03  -1.783021902299e-03   2.619029708465e-04
   2.130576622868e-02   2.028110847972e-02   2.252233877096e-02   2.491463426257e-06   1.593636960039e+00   1.528836625711e-02   1.693423945130e-02   1.972955682683e-06  -8.896425333248e-01   1.001815442466e-02   7.193105327351e-03   1.017581726959e-06  -7.715890659037e-01  -5.171662102383e-03   1.772951586289e-03   7.572721766188e-07  -2.921761797326e-01   1.418294290529e-06   7.355201109401e-06   9.439439687459e-02  -4.544426811847e-02  -1.311361913811e-02  -1.662652612415e-01  -1.556353569357e-01  -5.976796095263e-02  -2.098293810296e-02   2.592266009382e-01  -1.486915940489e-05  -1.950626214259e-01   8.460797190673e-03   9.315878062044e-03  -5.452008056286e-03   8.921955088575e-06   2.364179788835e-01   2.830290573223e-01  -1.630977100014e-02   2.229538340397e-05   5.014571246394e-01   2.141477614648e-01  -8.300123143598e-03   1.265529917324e-05   1.433386997232e-01   5.051306774479e-02  -7.328641228121e-04   2.145288990243e-06  -5.631499633873e-02  -2.354920356201e-06   3.628402449093e-05   4.332169057848e-01  -2.774121307689e-02   7.453004897234e-04  -1.160128119061e-04   9.220015908337e-05   3.583478968573e-04  -3.238210040833e-04  -1.575745472882e-03   2.491995379394e-02   5.347422410603e-04  -9.441638425320e-08   8.809745338695e-04  -1.629185107167e-03   2.929843432203e-07  -2.631793826559e-03  -3.168640616227e-03   5.881046224543e-07  -4.700988724143e-03   7.383090574782e-03  -1.903573534984e-06   7.244411781696e-03   8.477859048551e-02  -2.021934988013e-05   6.167820670721e-02   4.026427696019e-02   5.414205340024e-02  -1.272459066207e-05   7.813467422975e-03   3.490774460843e-07  -1.072312144679e-06   2.604301190041e-03   4.679494595947e-03  -3.367271493128e-04  -1.461105548033e-04   1.150224220095e-04   4.503704006285e-04  -4.020387018426e-04  -2.470254608786e-03   2.002277335580e-02  -4.016548944472e-04  -7.098194525113e-04   1.058517707770e-03   1.214065893110e-03   2.134181083062e-03  -3.164401691635e-03   2.440232424556e-03   4.272830145256e-03  -5.878117322681e-03  -1.381898959206e-03  -1.832153712548e-03   2.681306878286e-03  -4.154653393498e-02  -6.614363365874e-02   5.636246545613e-02   3.884261630145e-02  -2.832215924244e-02  -4.526341277167e-02   8.919023986840e-03  -7.616094122821e-04  -2.984233481098e-03   2.389555149960e-03  -1.710257757742e-03   3.502600971644e-04  -1.460749138120e-04   1.149969730865e-04   4.502660618288e-04  -4.019558133414e-04  -2.469807645394e-03   2.002085533478e-02  -4.011327070138e-04   7.099626792143e-04   1.058361147597e-03   1.212498786173e-03  -2.134613456354e-03  -3.163923042606e-03   2.437134034370e-03  -4.273723308602e-03  -5.877248519590e-03  -1.380919673056e-03   1.832961125676e-03   2.680583911636e-03  -4.150617606784e-02   6.616766723399e-02   5.635495595167e-02   3.884040237427e-02  -2.829500722665e-02   4.528088572917e-02   8.915161056150e-03   7.612189499357e-04   2.984939437917e-03   2.389011416236e-03  -1.708197380485e-03   3.509772885020e-04
  -8.177670245016e+00  -7.428273267333e+00  -1.022237669515e-02   9.760819088514e-07   1.528836625711e-02  -3.987830345658e+00  -5.855011144870e-02   5.968177924472e-06   6.394779451286e-02  -2.564307886752e+00  -5.246403773165e-02   5.282321174714e-06   5.068931108275e-02  -1.454718177741e+00  -2.137005096551e-02   1.859227138353e-06   9.137317469852e-03   5.948861178664e-06  -2.011739929590e-06  -5.570223682004e-02  -3.660800708344e-02  -5.000284557178e-02  -5.645675354698e-01  -1.261726214591e+00  -1.201317316512e+00  -7.514352405671e-01   1.211104689109e+00  -7.422743136498e-05   4.535952075949e-01  -6.041954304384e-02  -6.701714176794e-02   1.169184806426e-02  -9.631833514646e-06  -2.802521206936e-01  -4.874747045905e-01   3.768058849569e-02  -3.421070574551e-05  -9.786394521453e-01  -9.162053534404e-01   4.726685205949e-02  -5.087541127437e-05  -1.463485887979e+00  -7.402754295627e-01   2.187545069933e-02  -2.541260563261e-05  -7.335289339269e-01   1.266495904219e-06  -5.513871399643e-05  -8.986991048306e-01   6.210099159412e-02  -6.061924516535e-05   1.807241363407e-04  -1.331748175923e-04  -5.370323434175e-04   4.370433829390e-04   1.661631315115e-04  -7.707716921872e-02  -5.584191089653e-04   1.384763912429e-07  -1.059456997006e-03   1.712004626297e-03  -4.209801578685e-07   3.180435610959e-03   2.761589115723e-03  -6.859549449041e-07   5.127596214200e-03  -2.214631086527e-02   5.340271298510e-06  -2.522687045214e-02  -3.350591663114e-01   8.131858651393e-05  -4.044290760121e-01  -3.645044359139e-01  -4.546350989782e-01   1.100516052619e-04  -5.517611312998e-01   9.764167847500e-07   2.080687521264e-06  -5.272699658801e-03  -8.506912965824e-03  -2.152481402733e-03   8.989713386105e-05  -7.224664615438e-05  -2.807384603756e-04   2.531196752050e-04   1.253696660327e-04  -6.113175237097e-02   1.617803619166e-04   2.019337829436e-04  -7.103620235135e-04  -5.039835113306e-04  -6.341775949997e-04   2.134974257695e-03  -8.395956643842e-04  -1.046895974681e-03   3.666211196527e-03   8.937598379888e-03   1.418887732050e-02  -1.703489459622e-02   1.643290937226e-01   2.621412007138e-01  -3.532344680644e-01  -3.403642205776e-01   2.404462041560e-01   3.841317128837e-01  -5.217487530937e-01  -1.129359575363e-03   3.942806190159e-03  -2.781991323771e-03   2.758265644682e-03   3.802117339728e-04   8.990658085285e-05  -7.225278158080e-05  -2.807652359182e-04   2.531392775789e-04   1.256857706613e-04  -6.112794092390e-02   1.617281978496e-04  -2.021145441564e-04  -7.103693135343e-04  -5.038046340228e-04   6.347273102537e-04   2.135000778339e-03  -8.393842524995e-04   1.047908684427e-03   3.666336547860e-03   8.928344785845e-03  -1.419301600243e-02  -1.703235986625e-02   1.641757807618e-01  -2.622425597938e-01  -3.532094887254e-01  -3.403574093273e-01   2.402263712914e-01  -3.842890895763e-01  -5.217237611465e-01   1.128840900156e-03  -3.944091713283e-03  -2.781520609506e-03   2.755688622051e-03   3.815700844416e-04
  -1.187428897426e-02  -6.266132327184e-03  -9.172499935463e-01  -4.399631207592e-06   1.693423945130e-02  -5.855011144870e-02  -1.137276266679e-01   1.281628106376e-06  -1.095631608485e-02  -1.071373221180e-01  -5.534041280346e-01   4.441769526248e-06  -2.152793625803e-02  -8.124569226240e-02  -3.614077164075e-01   2.619829981493e-06  -1.156345172569e-02   1.887483542636e-05   3.861732214930e-06   6.769084432077e-02   8.055363212954e-03  -1.530718732928e-01  -5.329173225277e-01  -4.667273428302e-01  -2.558911947609e-01  -9.746692162218e-02  -5.580191976064e-02  -8.839268014892e-06   8.294415313129e-02  -8.286154485546e-03  -9.605973837405e-03  -1.011708117738e-01  -1.351079764705e-06  -2.444609379549e-02  -2.642928609129e-02  -1.938567167731e-01  -1.968960774882e-06  -4.198330151839e-02  -4.765186959471e-02  -2.538060369431e-01  -1.673523849093e-06  -8.206182418340e-02  -4.502960658484e-02  -1.545741907137e-01  -6.616284113061e-07  -4.969012461383e-02  -2.060461556539e-06  -2.836225977669e-06  -2.550860173977e-02  -2.095687752840e-01  -3.994306510867e-03  -2.408034397353e-04   1.503300583790e-04   6.510521254506e-04  -4.165302755763e-04   2.442758500436e-03   3.651673417979e-02   5.960476820448e-04  -2.337649749037e-07   5.511355651884e-04  -1.758546497698e-03   6.869376439441e-07  -1.662845470499e-03  -1.582512730837e-03   7.875867003769e-07  -7.024937353831e-04   1.853849299794e-02  -5.864714637032e-06   3.107122892414e-02   1.890216938314e-02  -1.792096022464e-05   8.894698500688e-02   3.287282755216e-02  -3.993487711432e-02  -8.642155298927e-06   4.422922860569e-02  -3.192361902235e-06  -4.532387992647e-06   9.318236761747e-03   1.474682869124e-02   5.036491145990e-03   1.596546643862e-04  -1.069135428615e-04  -4.498636902009e-04   3.262639421660e-04   2.805041575216e-04  -2.090891065957e-02  -1.345607552949e-04   5.867459785463e-04  -6.515855920823e-04   3.729342288609e-04  -1.750400433478e-03   1.963654388840e-03   8.848887071407e-04  -2.775952978544e-03   2.979319368269e-03   2.567789597013e-03   8.299060323459e-03  -1.139546465925e-02  -2.126026336206e-02   5.510019561538e-02  -7.474614437963e-02  -4.775115642265e-02  -4.654719503028e-02   5.279144363375e-02  -7.373107069291e-02  -1.025430161572e-03   6.460274395805e-03  -3.364510055571e-03   1.369151755834e-03   2.302758736787e-03   1.594822741635e-04  -1.068000791043e-04  -4.493813722703e-04   3.259224400401e-04   2.802074008331e-04  -2.089029876060e-02  -1.351016886033e-04  -5.863647203201e-04  -6.509449486191e-04   3.745659853409e-04   1.749261698233e-03   1.961715386767e-03   8.873374424014e-04   2.774158585478e-03   2.976484785234e-03   2.557921359780e-03  -8.294737415527e-03  -1.138365853609e-02  -2.131179964547e-02  -5.508162062109e-02  -7.468744209950e-02  -4.772397144461e-02  -4.659068509739e-02  -5.278423332270e-02  -7.368921443109e-02   1.020907103014e-03  -6.456262138731e-03  -3.360424093735e-03   1.361938753872e-03   2.303629096857e-03
   1.304893863059e-06   6.807416485439e-07  -4.403036845368e-06  -9.676905654108e-01   1.972955682683e-06   5.968177924472e-06   1.281628106376e-06  -7.574016536507e-02  -4.488876323080e-07   1.158216088615e-05   4.332303756998e-06  -4.783975703157e-01  -2.261634104477e-06   8.689528596152e-06   2.439784995642e-06  -3.230415334465e-01  -6.613078546988e-07  -6.460271452569e-02   7.735720048648e-02  -2.050346798506e-06   4.186756229398e-06  -9.725799112932e-07   3.347827688026e-05   3.093350720340e-05   1.883903224648e-05   7.962681301916e-06  -1.025300456203e-05  -2.199979123867e-01  -5.006959976275e-06   7.417586366202e-06   8.493932269446e-06  -1.526781233480e-06  -1.134271315095e-01   2.042897938297e-05   1.830433800715e-05  -1.655065772161e-06  -2.085340056163e-01   2.359950412562e-05   1.475978078292e-05   1.371756683405e-07  -2.449832816972e-01   1.902449872948e-05   7.466175762342e-06   6.354035624116e-07  -1.434353602539e-01   6.969065598615e-06   1.453490233277e-02  -2.275761887375e-01   1.479947330080e-05  -1.628979086585e-06   1.512551530625e-05   9.476720531964e-08  -6.210292523922e-08  -2.628883295561e-07   1.840500926765e-07  -8.200426263426e-08  -8.921603751715e-06  -4.414610470956e-07  -5.608811097985e-04  -2.499741948270e-07   1.307425744516e-06   1.637199653518e-03   7.632742046078e-07   1.954135307634e-06   2.711003633234e-03   8.421486277496e-07  -4.857441370528e-06  -4.854737757479e-03  -7.106932082603e-06  -1.882818816692e-05  -5.700339461805e-02  -2.307248693558e-05  -1.001995507789e-05  -1.109111138628e-05  -7.532116014389e-02  -1.409597505520e-05  -3.437518646376e-03  -4.525719688715e-03  -2.395747399496e-06  -4.929822165385e-06  -2.982795592388e-06   3.402899657902e-04  -2.285023571802e-04  -9.603731679903e-04   7.027211146053e-04   1.512605922950e-03  -2.953914526336e-02   8.042863676395e-04   8.659878108447e-04  -1.136960628771e-03  -2.401612087984e-03  -2.612128033850e-03   3.459517760573e-03  -3.979729614500e-03  -4.276960704597e-03   5.292706040994e-03   6.980877455042e-03   7.719735587940e-03  -1.774510212460e-02   3.940053422231e-02   1.278440044031e-02  -8.645136897445e-02  -4.350110455983e-02   2.751142258359e-02  -2.684606945921e-02  -6.141214317702e-02  -3.639273111585e-03   7.753971258433e-03  -5.828070608356e-03   6.838849194714e-03   3.635035691800e-04  -3.403968690477e-04   2.285761716714e-04   9.606786822465e-04  -7.029518602792e-04  -1.513214243741e-03   2.955106160184e-02  -8.037867257558e-04   8.670140608591e-04   1.137363196567e-03   2.400123989824e-03  -2.615185015908e-03  -3.460734294851e-03   3.977274183787e-03  -4.282133342837e-03  -5.294707826296e-03  -6.977423439551e-03   7.728621434576e-03   1.775055867067e-02  -3.938236725445e-02   1.284297380133e-02   8.648743076269e-02   4.352361947366e-02  -2.750020805544e-02  -2.680131722338e-02   6.144266538125e-02  -3.639586217032e-03   7.762147998919e-03   5.829231925083e-03  -6.834718197143e-03  -3.695350003248e-04
   1.017710571199e-02   5.583025583149e-03   1.715507078051e-02   1.927265721882e-06  -8.896425333248e-01   6.394779451286e-02  -1.095631608485e-02  -4.488876323080e-07  -1.332686993716e-01   1.140672617313e-01  -2.136046713565e-02  -2.145590592416e-06  -5.991501647140e-01   7.384303111475e-02  -1.115161569341e-02  -6.519667526211e-07  -3.685599180280e-01   3.651515146550e-06   1.675133206168e-05   2.263122949038e-01  -9.862531329539e-02  -3.292670289051e-02  -1.943475816313e-01  -1.260313674929e-01  -1.928857415071e-02   1.445173229382e-02   2.745221884239e-02  -8.829439707598e-07  -1.823303065140e-01   2.105435813742e-01   2.392917440679e-01  -1.464702654777e-02   1.919983285072e-05   4.626799078015e-01   4.929061917869e-01  -1.122871834913e-02   2.097735579930e-05   4.296515577067e-01   3.393677555672e-01  -1.244381127805e-02   1.353583773626e-05   1.502721689940e-01   1.207900354050e-01  -6.670854338195e-03   3.552825733696e-06  -4.863723107361e-02  -1.573922398825e-06   8.201209679993e-06   2.412962358270e-02   8.667882668850e-03   1.356428620383e-03  -1.309977884115e-04   8.649050804482e-05   3.599819832570e-04  -2.323274318040e-04   4.975116818839e-03   5.955650022455e-02   3.865981234141e-04  -5.040254393416e-08   6.905603518123e-04  -1.110332913914e-03   1.427934295166e-07  -1.958892520380e-03   2.428463418742e-04  -2.866899129519e-07  -7.784905461969e-04   3.961091156409e-02  -9.858418400274e-06   3.693950233089e-02   1.515703828181e-01  -3.706727707200e-05   1.026008283350e-01   8.654579262586e-02   1.087277955853e-01  -2.674089686344e-05   3.869859414310e-02  -3.608777410183e-06  -5.490660316013e-06   7.859312425086e-03   2.274264459412e-02   7.863767818650e-03  -1.940774863558e-04   1.378925731762e-04   5.611172227148e-04  -4.322110612159e-04   1.256748166119e-03   4.975389722879e-02  -4.115920942149e-04  -7.485670190280e-04   1.047430879328e-03   1.231336685688e-03   2.225891709910e-03  -3.088860615873e-03   1.710427847271e-03   3.228122466089e-03  -4.169261023220e-03  -1.455611990271e-02  -2.277863343199e-02   2.498785888706e-02  -7.577015127005e-02  -1.200971739516e-01   9.305958978994e-02   8.135873997533e-02  -5.871357074134e-02  -9.074013380970e-02   3.519838964579e-02   4.203252126572e-03  -1.345299573289e-02   5.702870685523e-03  -8.216699358768e-03  -2.080619559334e-03  -1.940364805595e-04   1.378647013084e-04   5.610010689961e-04  -4.321258822035e-04   1.256679716009e-03   4.975027493163e-02  -4.110322610588e-04   7.487047664368e-04   1.047283953251e-03   1.229675080623e-03  -2.226305683383e-03  -3.088419433921e-03   1.707964994178e-03  -3.228664862285e-03  -4.168761474012e-03  -1.454209699211e-02   2.278619483640e-02   2.498399520083e-02  -7.569842290890e-02   1.201418990102e-01   9.305010996256e-02   8.135623514844e-02  -5.866041159258e-02   9.077595765596e-02   3.519357245638e-02  -4.200479282398e-03   1.345623109994e-02   5.701051564019e-03  -8.207568842049e-03  -2.085732276065e-03
  -3.544658891029e+00  -3.334241221270e+00  -1.491234619435e-02   1.467363845850e-06   1.001815442466e-02  -2.564307886752e+00  -1.071373221180e-01   1.158216088615e-05   1.140672617313e-01  -1.756939771893e+00  -1.464286848022e-01   1.863024688689e-05   2.665414156385e-01  -1.139645593807e+00  -7.543362880389e-02   1.066240876145e-05   1.921714873421e-01   8.456656394474e-06  -3.380188326862e-06  -8.348445095990e-02  -4.662032960129e-02  -6.837573831227e-02  -5.225816352535e-01  -9.399472151591e-01  -9.427661993967e-01  -6.505009050591e-01   7.643272719200e-01  -4.625208329809e-05   3.068828214735e-01  -6.380820691192e-01  -6.132268688994e-01   1.277111308358e-02  -1.089407140541e-05  -2.964062543702e-01  -7.700182953338e-01   2.397391794342e-02  -2.562334668450e-05  -6.878199393741e-01  -9.246562517746e-01   9.095788955798e-03  -3.393147798175e-05  -9.645583253893e-01  -6.941612324892e-01  -3.275001427725e-03  -1.756849312931e-05  -5.207163229450e-01   2.294222790752e-06  -3.257100365509e-05  -5.376029022955e-01   2.648901137890e-02  -6.853592474748e-03  -1.438342946040e-02  -1.762671131623e-02  -2.129620358825e-02  -2.756223171958e-02  -5.829795096020e-02  -1.576108584549e-01  -5.893129426293e-03   1.449138224295e-06  -6.554689866108e-03  -3.360221641080e-03   7.699732071633e-07  -5.804022877707e-03  -3.171862837469e-02   7.677150046673e-06  -3.975603369843e-02  -9.569399357387e-02   2.381352846037e-05  -9.308340359661e-02  -3.805538488375e-01   9.434642529645e-05  -3.593042712801e-01  -3.715111619037e-01  -4.409485248099e-01   1.076192866985e-04  -4.418455967103e-01   1.237533932731e-05   1.068329073488e-05  -1.020780510545e-02  -4.275097781715e-02  -2.452349431998e-02  -9.414907303751e-03  -1.143624968859e-02  -1.386541657181e-02  -1.880250276412e-02  -4.453191609524e-02  -1.356831121822e-01   2.122134265064e-03   3.323351319742e-03  -4.082644557586e-03   1.836601285948e-03   2.955310036731e-03  -5.174339500362e-03   1.390946351636e-02   2.216624523644e-02  -3.079421564268e-02   4.339077991420e-02   7.035449334441e-02  -7.715299057807e-02   1.879932646605e-01   3.144734748900e-01  -3.383931803297e-01  -3.588316944436e-01   2.249740284025e-01   3.798470326812e-01  -4.375990458243e-01  -1.851047676804e-02   2.999803554304e-02  -7.438621191763e-03   1.871150049604e-02   9.201073871278e-03  -9.413987169785e-03  -1.143512772635e-02  -1.386408627544e-02  -1.880083600622e-02  -4.452883515954e-02  -1.356756076676e-01   2.120087529614e-03  -3.324456436330e-03  -4.082088029612e-03   1.834759384707e-03  -2.956407869708e-03  -5.173968132825e-03   1.389587667952e-02  -2.217406406213e-02  -3.079125811831e-02   4.334855979671e-02  -7.037866483917e-02  -7.714523615885e-02   1.878107798873e-01  -3.145874315710e-01  -3.383625260174e-01  -3.588225014438e-01   2.247571389313e-01  -3.799943871688e-01  -4.375716904117e-01   1.849992011123e-02  -3.000721484022e-02  -7.435819109794e-03   1.869275842433e-02   9.222862359775e-03
  -4.923544576198e-03  -2.082451505878e-03  -7.960014776434e-01  -1.714029466992e-06   7.193105327351e-03  -5.246403773165e-02  -5.534041280346e-01   4.332303756998e-06  -2.136046713565e-02  -1.464286848022e-01  -2.623487411971e-01   1.075376338631e-05  -4.157989131414e-02  -1.325618167273e-01  -2.467440382473e-01   7.310501656594e-06  -2.452024282920e-02   1.555039649349e-05   3.342863764357e-06   5.374890569742e-02  -5.323565330908e-04  -1.243790882590e-01  -4.268063977495e-01  -3.207398370765e-01  -2.343870984182e-01  -1.305268812762e-01   1.080954147870e-01  -9.449712704826e-06   9.757185829346e-02  -5.995770604936e-02  -5.654905067719e-02  -2.047932664885e-01  -4.407949328045e-07  -2.059489626160e-02  -4.777568959855e-02  -2.488355912283e-01   4.286616484173e-07  -3.420407195763e-02  -7.098218463736e-02  -2.645736882531e-01   1.645257731366e-06  -1.019013962643e-01  -7.498484544416e-02  -1.740842891668e-01   8.999574941294e-07  -8.098306863375e-02  -2.551980885246e-05  -8.244017234700e-07  -1.886679425969e-02  -5.969336709934e-02   2.430991882269e-02   4.355839307878e-02   5.345740481058e-02   6.298234305490e-02   7.559461533430e-02   1.139845540316e-01   1.182836080870e-01   1.399569834544e-02  -4.173704156006e-06   1.981734865026e-02   2.123518600847e-03  -1.484248097702e-06   1.054362832806e-02   4.544975470723e-02  -1.661963125493e-05   8.505070577847e-02   6.169178835406e-02  -2.584391443258e-05   1.109345791188e-01  -7.238775684881e-03  -1.778943472240e-05   6.294951964062e-02   3.883508772205e-02  -7.613713648706e-02  -3.107977954291e-06   6.891260699719e-03  -1.360353821272e-05  -1.525772227245e-05   2.476716056191e-02   4.055461611721e-02   1.673309318694e-02  -1.635693938862e-02  -2.007512305513e-02  -2.391044235039e-02  -2.953908905587e-02  -4.953458379159e-02  -6.678604129771e-02   1.638955332586e-03   5.867543500776e-03  -7.511076070352e-03  -1.132478610623e-03   2.814943374383e-03  -5.071529046472e-03   3.606095913299e-04   2.659462778251e-02  -3.687929470957e-02  -5.194455848095e-03   4.834744551106e-02  -5.642177926990e-02  -4.210093816331e-02   7.565989674683e-02  -8.588313784107e-02  -7.338035491033e-02  -6.088269188715e-02   6.931090550452e-02  -8.997882820548e-02  -2.659692709301e-03   2.737678627418e-02  -1.143645648473e-02  -2.718602203385e-04   1.765088862182e-02  -1.634092724089e-02  -2.005542900179e-02  -2.388699548311e-02  -2.951043351598e-02  -4.948785162123e-02  -6.672776724065e-02   1.632298252550e-03  -5.864217766908e-03  -7.503398888049e-03  -1.135724138485e-03  -2.813870879081e-03  -5.066982332613e-03   3.305407129185e-04  -2.658123823442e-02  -3.684367954057e-02  -5.246712270987e-03  -4.832378804794e-02  -5.636808719618e-02  -4.216555479513e-02  -7.563813172402e-02  -8.582382584068e-02  -7.334300785517e-02  -6.093303320841e-02  -6.930717366782e-02  -8.994159147519e-02   2.629915090064e-03  -2.736128319815e-02  -1.142316074129e-02  -3.016821286319e-04   1.765482495415e-02
   5.193350425929e-07   1.943994074183e-07  -1.644904315831e-06  -8.139080874126e-01   1.017581726959e-06   5.282321174714e-06   4.441769526248e-06  -4.783975703157e-01  -2.145590592416e-06   1.863024688689e-05   1.075376338631e-05  -1.049880302914e-01  -1.126718931295e-05   1.892071431478e-05   7.165803326119e-06  -1.513004617405e-01  -8.294090849644e-06  -4.356461016734e-02   6.075785448903e-02  -6.291039050523e-07   3.460263674036e-06   3.456033037767e-07   2.680962334830e-05   2.186494222524e-05   2.058265217139e-05   1.450798301204e-05  -1.090640145038e-05  -6.344764990609e-02  -5.998190868593e-06   5.400326158410e-05   5.094344059053e-05  -6.039234788767e-07  -2.100182776281e-01   1.794332355884e-05   3.881531760061e-05   7.004054824498e-07  -2.440361955428e-01   1.656413429943e-05   2.757010007046e-05   4.045685670616e-06  -2.181959276844e-01   1.424454832722e-05   1.649052364055e-05   2.916547604241e-06  -1.371449763219e-01   8.852134810556e-06  -2.266770150843e-02  -6.306888951700e-02   8.302910452628e-06   4.483074287471e-07  -1.640117246807e-05  -1.054576053411e-05  -1.298070908365e-05  -1.533390854523e-05  -1.828411515187e-05  -2.716882011076e-05  -2.665887546221e-05  -4.288667222429e-06  -3.279896352887e-03  -4.889735363168e-06  -1.116660313698e-06  -3.717549962457e-03  -2.298684090324e-06  -1.575293773644e-05  -2.211558526816e-02  -2.009894385578e-05  -2.327936646396e-05  -4.232890893905e-02  -2.577107523111e-05  -1.221480111320e-05  -7.805875627482e-02  -1.370025293232e-05  -8.339390157841e-06  -1.528102106024e-06  -8.237200834475e-02  -4.225080774719e-06  -2.041646986602e-02  -2.116337403533e-02  -6.193845518015e-06  -1.477041738208e-05  -1.384931108891e-05  -2.567844373289e-02  -3.160015879969e-02  -3.772833520250e-02  -4.634311931570e-02  -7.680396894919e-02  -9.388504659413e-02   5.981111612090e-03   7.415828590109e-03  -1.192895114661e-02   2.444314559968e-03   6.767092110899e-04  -7.601809282834e-03   2.564448411819e-02   2.366358622757e-02  -5.718840300517e-02   4.423593113137e-02   3.617463423138e-02  -8.508014282667e-02   4.230800540267e-02  -2.769503246992e-03  -7.405027815704e-02  -5.491409350927e-02   2.274522733772e-02  -4.214276991893e-02  -4.263973626950e-02  -1.771421777964e-02   2.526904517417e-02  -1.840678850663e-02   2.632248437999e-02  -1.164109129772e-03   2.568704305294e-02   3.161071535411e-02   3.774099889101e-02   4.635904369753e-02   7.683226533441e-02   9.392637409351e-02  -5.977754168287e-03   7.423225676205e-03   1.193253473561e-02  -2.443348129012e-03   6.801924116308e-04   7.604745541661e-03  -2.563143570137e-02   2.369706546238e-02   5.720788225190e-02  -4.421459864503e-02   3.623609554109e-02   8.511119414504e-02  -4.229346137584e-02  -2.691158448991e-03   7.408945181265e-02   5.495218965352e-02  -2.274054165153e-02  -4.208996105641e-02   4.267208746311e-02  -1.771962069415e-02   2.530299193317e-02   1.841009049539e-02  -2.630767918603e-02   1.131478206524e-03
   4.107478516510e-03   1.322475750779e-03   7.238472254830e-03   8.898335289095e-07  -7.715890659037e-01   5.068931108275e-02  -2.152793625803e-02  -2.261634104477e-06  -5.991501647140e-01   2.665414156385e-01  -4.157989131414e-02  -1.126718931295e-05  -5.868649064565e-01   3.364487093063e-01  -2.451715654809e-02  -8.237901897423e-06  -5.255195325019e-01   3.328521638312e-06   1.430821016203e-05   2.060930658823e-01  -7.526656295068e-02  -3.036918881174e-02  -1.556407250471e-01  -4.087664063191e-02   1.528801947967e-01   1.947394866871e-01   4.186221701855e-02  -1.995601894456e-06  -3.744241446763e-02   1.529975516438e+00   1.442393918173e+00  -1.648784421092e-02   1.865754271233e-05   2.960192311953e-01   1.117189151206e+00  -1.474887388648e-02   1.914523501783e-05   1.987536880626e-01   7.623557497211e-01  -2.208362067379e-02   1.329007835315e-05   8.683763090466e-03   4.013360190903e-01  -1.871360105239e-02   6.527736559279e-06  -3.717942684185e-02  -3.959548085145e-06   5.041185544415e-06   6.018487443779e-02   9.193514632233e-03   1.354296890765e-02   5.339041841932e-02   6.569673971551e-02   7.758543802018e-02   9.274374398269e-02   1.463777344455e-01   2.409870077264e-01   2.072075035628e-02  -5.028485160843e-06   2.127829596044e-02   8.759568702816e-03  -2.141266594923e-06   8.699034587782e-03   8.870753018892e-02  -2.171269064466e-05   8.354337150155e-02   1.927999111433e-01  -4.843566519195e-05   1.305715606955e-01   3.975566957644e-01  -1.016463662414e-04   1.839489308422e-01   2.802852115840e-01   3.161493893272e-01  -8.116864415721e-05   1.237061274304e-01  -2.804159830810e-05  -1.830503307149e-05  -7.046313677390e-03   7.293947733274e-02   5.559850801473e-02   3.509807182049e-02   4.319512278983e-02   5.157293702525e-02   6.341262481176e-02   1.101915413912e-01   2.068915531516e-01  -7.847924114853e-03  -1.245350663525e-02   1.427399226037e-02  -4.355242021652e-03  -6.584203826416e-03   7.428495384271e-03  -3.789027336616e-02  -5.952497478290e-02   6.315008340555e-02  -8.746116777159e-02  -1.413877365108e-01   1.098584922454e-01  -2.018363675276e-01  -3.273537860402e-01   1.707737188719e-01   2.630676121920e-01  -1.714436189842e-01  -2.701320612495e-01   1.139611980860e-01   4.231940379762e-02  -5.400290748778e-02  -5.086107895116e-03  -3.302573968788e-02  -2.151075010701e-02   3.509372918765e-02   4.318972006804e-02   5.156654465013e-02   6.340533020599e-02   1.101812976085e-01   2.068789695017e-01  -7.839863245862e-03   1.245715590744e-02   1.427162762206e-02  -4.351515892042e-03   6.587077529241e-03   7.427882270277e-03  -3.785367871472e-02   5.954540500635e-02   6.314163081611e-02  -8.737542579022e-02   1.414345188348e-01   1.098435718051e-01  -2.016460739196e-01   3.274723784438e-01   1.707566214171e-01   2.630628412611e-01  -1.712891994962e-01   2.702359371807e-01   1.139512310513e-01  -4.229349346924e-02   5.401660797131e-02  -5.090705014818e-03  -3.299048498059e-02  -2.156006289568e-02
