ARMA_MAT_TXT_FN008
141 141
  -4.302146084428e+01  -4.406086228342e+01  -3.220951962075e-02   9.207544763180e-06   2.459427014020e-01  -1.606770708278e+01  -1.467003502870e-02   4.193637166330e-06   1.120162397215e-01  -7.024303454427e+00  -4.270318858503e-03   1.220733655947e-06   3.260703888727e-02  -3.177542516677e+00  -1.185593993814e-03   3.389201688218e-07   9.052908452953e-03   3.795045188575e-07  -4.660397642276e-07  -1.007813806922e-02  -1.358517784307e-03  -2.640173567347e-03  -4.923244206686e-01  -2.804811676532e+00  -2.574542205471e+00  -1.495118900858e+00   3.649399552480e+00  -2.235590157608e-04   1.370867920058e+00  -1.000440576651e-03   1.247172391359e-05   1.914368388291e-03  -1.731736199743e-06  -4.900501118937e-02  -6.140817639691e-01   7.801946020921e-02  -7.060282375128e-05  -1.998553392772e+00  -1.905732798075e+00   1.398796898739e-01  -1.266410094744e-04  -3.585136022644e+00  -1.485630937724e+00   6.070187667577e-02  -5.497065910539e-05  -1.556233278292e+00   6.073915478334e-06  -1.554441810632e-04  -2.538458366255e+00   1.717867719004e-01  -3.383315210897e-03   0.000000000000e+00   0.000000000000e+00   0.000000000000e+00   0.000000000000e+00  -1.118316623562e-04  -9.542990749862e-02   0.000000000000e+00   0.000000000000e+00   0.000000000000e+00   0.000000000000e+00   0.000000000000e+00   0.000000000000e+00   0.000000000000e+00   0.000000000000e+00   0.000000000000e+00  -8.989050639584e-03   2.180685690817e-06  -1.101302075276e-02  -6.473177070242e-01   1.570206441619e-04  -7.934997068102e-01  -7.057976054613e-01  -9.294702636572e-01   2.254586498785e-04  -1.139424053313e+00   2.445394900279e-08   2.992995154916e-08  -5.808697710637e-05  -1.233590471322e-04  -5.039395488417e-05   0.000000000000e+00   0.000000000000e+00   0.000000000000e+00   0.000000000000e+00  -4.859519249938e-05  -7.070316935734e-02   0.000000000000e+00   0.000000000000e+00   0.000000000000e+00   0.000000000000e+00   0.000000000000e+00   0.000000000000e+00   0.000000000000e+00   0.000000000000e+00   0.000000000000e+00   2.844163936434e-03   4.474619753720e-03  -6.103957577427e-03   3.113279859311e-01   4.897609634950e-01  -6.684887903114e-01  -6.510530122617e-01   4.943073467940e-01   7.776072856352e-01  -1.061442362421e+00  -1.835531370968e-05   3.935745172040e-05  -1.926543159403e-05   2.501432309128e-05   8.606837812890e-06   0.000000000000e+00   0.000000000000e+00   0.000000000000e+00   0.000000000000e+00  -4.858591340194e-05  -7.069830812567e-02   0.000000000000e+00   0.000000000000e+00   0.000000000000e+00   0.000000000000e+00   0.000000000000e+00   0.000000000000e+00   0.000000000000e+00   0.000000000000e+00   0.000000000000e+00   2.841262252229e-03  -4.475937524176e-03  -6.102954639892e-03   3.110402151644e-01  -4.899522341683e-01  -6.684431093452e-01  -6.510409589758e-01   4.938618233470e-01  -7.779289055843e-01  -1.061394296759e+00   1.834260093364e-05  -3.936389051885e-05  -1.925785807342e-05   2.498553417037e-05   8.627527657084e-06
  -4.406086228342e+01  -4.076648518981e+01  -3.819946810884e-02   1.091985588689e-05   2.916802388234e-01  -1.666967952102e+01  -1.118214389229e-02   3.196572956022e-06   8.538364785144e-02  -7.203893170085e+00  -2.675055899747e-03   7.647013970062e-07   2.042592781213e-02  -3.238135040132e+00  -6.983574016279e-04   1.996347856426e-07   5.332439592472e-03   1.573381422670e-07  -1.932141503152e-07  -4.178269118574e-03  -5.632263821256e-04  -1.094585502158e-03  -4.750019373299e-01  -2.861636066884e+00  -2.623429748051e+00  -1.520270064172e+00   3.745818393008e+00  -2.295822001735e-04   1.402732254944e+00  -4.011083227939e-04   2.675710150819e-05   1.359988892084e-03  -1.228119684118e-06  -3.476455968404e-02  -6.096820608078e-01   7.891556544718e-02  -7.131407782820e-05  -2.018781647491e+00  -1.936878438022e+00   1.431269577028e-01  -1.293622723784e-04  -3.662103283258e+00  -1.509980712801e+00   6.195398022201e-02  -5.599780614728e-05  -1.585245575945e+00   6.180215029702e-06  -1.580633026778e-04  -2.581371432149e+00   1.749142374045e-01  -3.426707088081e-03   0.000000000000e+00   0.000000000000e+00   0.000000000000e+00   0.000000000000e+00  -7.940830547736e-05  -9.517493492484e-02   0.000000000000e+00   0.000000000000e+00   0.000000000000e+00   0.000000000000e+00   0.000000000000e+00   0.000000000000e+00   1.832207692204e-08  -4.446631035024e-12   2.238152618849e-08  -8.306941432282e-03   2.014965506820e-06  -1.019073320439e-02  -6.562609585269e-01   1.591832108408e-04  -8.050644741336e-01  -7.164610347500e-01  -9.448372033014e-01   2.291795678633e-04  -1.159080414384e+00   1.289165001088e-08   1.581850895603e-08  -3.085692876268e-05  -6.521405203035e-05  -2.657385296539e-05   0.000000000000e+00   0.000000000000e+00   0.000000000000e+00   0.000000000000e+00  -3.280529683813e-05  -7.033925180025e-02   0.000000000000e+00   0.000000000000e+00   0.000000000000e+00   0.000000000000e+00   0.000000000000e+00   0.000000000000e+00  -3.081522498331e-09  -4.849003919213e-09   6.595773009234e-09   2.591031995205e-03   4.075292048366e-03  -5.566254786675e-03   3.154291853787e-01   4.961268136011e-01  -6.776289640768e-01  -6.607224590603e-01   5.024811873659e-01   7.903335716344e-01  -1.079476848844e+00  -8.701001279136e-06   1.869537276841e-05  -9.198498269442e-06   1.188695360644e-05   4.076137956051e-06   0.000000000000e+00   0.000000000000e+00   0.000000000000e+00   0.000000000000e+00  -3.279866990056e-05  -7.033438840928e-02   0.000000000000e+00   0.000000000000e+00   0.000000000000e+00   0.000000000000e+00   0.000000000000e+00   0.000000000000e+00  -3.077931414588e-09   4.849726471035e-09   6.593731338407e-09   2.588381321591e-03  -4.076480542920e-03  -5.565323878018e-03   3.151376384249e-01  -4.963205568767e-01  -6.775826090766e-01  -6.607102217793e-01   5.020283646717e-01  -7.906604989279e-01  -1.079427978066e+00   8.694770129670e-06  -1.869798756445e-05  -9.194670305630e-06   1.187299162788e-05   4.085849477167e-06
  -3.220951962075e-02  -3.819946810884e-02  -2.113041207883e+01   2.232941218269e-06  -7.993297418492e-03  -1.037534937715e-01  -1.362010092337e+01   2.417048843336e-06  -8.651976966573e-03  -6.292490562011e-02  -4.603255661497e+00   9.539537096613e-07  -3.413775533502e-03  -3.139478429454e-02  -1.344416309804e+00   2.905822847137e-07  -1.039633055389e-03   1.696354126691e-05   3.788263550980e-07   3.682101662214e-02   4.619168655004e-01  -6.652973638662e-02  -1.514337699573e+00  -2.152091359203e+00  -6.951803269854e-01  -1.571863438270e-01   3.993184483899e+00  -3.378813980796e-04   2.115083547651e+00  -6.561447078327e-04  -7.647537552021e-05  -3.819058473236e-02  -6.492168302648e-07  -1.844883086992e-02  -4.973331348459e-02  -6.402179767277e-01  -5.093071063345e-06  -1.470992990366e-01  -5.751116635285e-02  -1.048996101163e+00  -3.495245324830e-06  -1.054708131634e-01  -2.455385870358e-02  -4.672615118256e-01  -8.009824525376e-07  -2.584943350371e-02  -4.844293770301e-05  -1.324478565971e-05  -2.506953862202e-01  -1.369241387095e+00   5.340506462037e-02   0.000000000000e+00   0.000000000000e+00   0.000000000000e+00   0.000000000000e+00   6.224540519554e-04   8.440597336523e-02   0.000000000000e+00   0.000000000000e+00   0.000000000000e+00   0.000000000000e+00   0.000000000000e+00   0.000000000000e+00   1.084653068739e-05  -2.846095757141e-09   1.432868216169e-05   1.792189640717e-02  -5.213839707111e-06   2.623022030926e-02   1.464155633887e-01  -7.596805796520e-05   3.824143417704e-01   1.489881792399e-01  -4.110679730157e-02  -4.704606395749e-05   2.368833443520e-01  -2.089671796240e-07  -2.818658253084e-07   5.963977933074e-04   1.051164920869e-03   3.853568305122e-04   0.000000000000e+00   0.000000000000e+00   0.000000000000e+00   0.000000000000e+00  -1.675014483089e-04  -3.766905645370e-02   0.000000000000e+00   0.000000000000e+00   0.000000000000e+00   0.000000000000e+00   0.000000000000e+00   0.000000000000e+00   8.864981147139e-07   1.800371587075e-06  -2.449246952131e-06   2.098493460414e-03   6.524427791980e-03  -8.871784263587e-03  -4.803615631879e-02   1.448755743606e-01  -1.972096893717e-01  -8.964406548051e-02  -1.500964896252e-01   1.059339570167e-01  -1.443472795602e-01  -7.805188002843e-05   2.333782731792e-04  -1.250504368782e-04   1.061023445862e-04   7.088879094488e-05   0.000000000000e+00   0.000000000000e+00   0.000000000000e+00   0.000000000000e+00  -1.673245636241e-04  -3.763393588392e-02   0.000000000000e+00   0.000000000000e+00   0.000000000000e+00   0.000000000000e+00   0.000000000000e+00   0.000000000000e+00   8.842313448017e-07  -1.799054505564e-06  -2.446332936378e-06   2.090938471472e-03  -6.520689054791e-03  -8.862636426225e-03  -4.819392323097e-02  -1.448084670942e-01  -1.970281419991e-01  -8.956908254334e-02  -1.502081256362e-01  -1.058909889562e-01  -1.442228708363e-01   7.787586930618e-05  -2.332151197972e-04  -1.248950785335e-04   1.058145207398e-04   7.094565396203e-05
   9.207544763180e-06   1.091985588689e-05   2.232941218269e-06  -2.109934339263e+01  -2.742096548115e-06   2.965954993732e-05   2.417048843336e-06  -1.358647095880e+01  -2.968423806799e-06   1.798880870915e-05   9.539537096613e-07  -4.589983605764e+00  -1.172184636922e-06   8.975385906290e-06   2.905822847137e-07  -1.340373752078e+00  -3.572056011595e-07  -5.905222470188e-02   4.696817264390e-01  -9.313636097700e-06   3.788263550980e-07  -1.823627513041e-05   9.379461350398e-05   1.375286663568e-04   4.826460828135e-05   1.304585649228e-05  -3.452908834445e-04  -1.536893928948e+00  -1.322603471536e-04   5.879417326547e-07   6.908024648519e-08  -6.387236699552e-07  -3.887932466812e-02   1.643551474340e-05   4.203888063685e-05  -4.708200097748e-06  -6.447036473281e-01   1.235808597615e-04   4.132717734251e-05  -2.701008982565e-06  -1.050265573480e+00   7.471168659066e-05   1.308725210203e-05  -4.263107363770e-07  -4.668771045987e-01   1.341664995621e-05   5.358731913645e-02  -1.381536166863e+00   2.155758348309e-04  -1.242559108107e-05   4.901432022127e-05   0.000000000000e+00   0.000000000000e+00   0.000000000000e+00   0.000000000000e+00  -1.505266059618e-07  -2.035328158505e-05   0.000000000000e+00   0.000000000000e+00   0.000000000000e+00   0.000000000000e+00   0.000000000000e+00   0.000000000000e+00  -2.839603355329e-09  -8.808199395972e-07  -3.469910340488e-09  -5.190462892948e-06  -3.561157915137e-03  -6.338443913032e-06  -7.535640848725e-05  -1.664562007567e-01  -9.210754621618e-05  -3.566499593900e-05  -4.641918733253e-05  -2.346022897321e-01  -5.680734734958e-05  -9.028562661107e-05  -1.102380785213e-04  -1.443939266840e-07  -2.810426033591e-07  -1.369923569053e-07   0.000000000000e+00   0.000000000000e+00   0.000000000000e+00   0.000000000000e+00  -2.619982185224e-04  -5.801094462418e-02   0.000000000000e+00   0.000000000000e+00   0.000000000000e+00   0.000000000000e+00   0.000000000000e+00   0.000000000000e+00   1.795604990444e-06   2.567932357939e-06  -3.843971573631e-06   6.456731467874e-03   8.122538412938e-03  -1.381992186380e-02   1.396510067694e-01   8.020917626432e-02  -2.990872109692e-01  -1.303883596878e-01   9.783953933741e-02  -6.269815147103e-02  -2.095775559740e-01  -1.512004893478e-04   3.235232451934e-04  -1.960009543680e-04   2.323325056769e-04   4.919834997982e-05   0.000000000000e+00   0.000000000000e+00   0.000000000000e+00   0.000000000000e+00   2.620657000523e-04   5.803265395423e-02   0.000000000000e+00   0.000000000000e+00   0.000000000000e+00   0.000000000000e+00   0.000000000000e+00   0.000000000000e+00  -1.794291423508e-06   2.569653421002e-06   3.844450403058e-06  -6.453013209126e-03   8.130319078022e-03   1.382380149389e-02  -1.395841246775e-01   8.039894452980e-02   2.992003124897e-01   1.304462453392e-01  -9.779641635703e-02  -6.255922600947e-02   2.096648843913e-01  -1.511810715316e-04   3.237588783072e-04   1.960149772176e-04  -2.321699749891e-04  -4.942083650684e-05
   2.459427014020e-01   2.916802388234e-01  -7.993297418492e-03  -2.742096548115e-06  -2.121758490892e+01   7.922375196799e-01  -8.651976966573e-03  -2.968423806799e-06  -1.371446915435e+01   4.805065266566e-01  -3.413775533502e-03  -1.172184636922e-06  -4.640521057691e+00   2.397481780245e-01  -1.039633055389e-03  -3.572056011595e-07  -1.355772580571e+00   3.788263550980e-07   1.906812547290e-05   5.729525714675e-01  -6.180608951261e-02  -3.882430469292e-03  -5.297307584750e-01  -6.043936339993e-01  -5.879728332751e-02   6.274270504480e-02   1.842142688289e+00  -1.127566210945e-04  -8.418871241907e-01   1.666621729150e-02   1.956106714437e-03  -1.819709863127e-02   1.647635470265e-05   4.270378110744e-01   1.191090407774e+00  -1.363540989570e-01   1.237155769424e-04   2.854341620104e+00   1.165145259804e+00  -8.263245838069e-02   7.439098314937e-05   1.051678292463e+00   3.645213685841e-01  -1.499747472229e-02   1.319483253458e-05  -9.517168469570e-02  -1.269449687093e-05   2.763278210460e-04   3.710638315438e+00  -3.044087273477e-01   7.151716634802e-03   0.000000000000e+00   0.000000000000e+00   0.000000000000e+00   0.000000000000e+00   7.880470840251e-04   1.135006477239e-01   0.000000000000e+00   0.000000000000e+00   0.000000000000e+00   0.000000000000e+00   0.000000000000e+00   0.000000000000e+00   1.462299355130e-05  -3.549268375406e-09   1.696714446299e-05   2.763958097792e-02  -6.708992850028e-06   3.012443736568e-02   4.453732963081e-01  -1.081294884057e-04   3.756291247043e-01   2.482387939626e-01   3.234977796673e-01  -7.858570988597e-05   1.582327188053e-01  -2.904356315924e-07  -3.321653975535e-07   5.546160217210e-04   1.368467899887e-03   5.982461384445e-04   0.000000000000e+00   0.000000000000e+00   0.000000000000e+00   0.000000000000e+00   3.684437021797e-04   8.594238984274e-02   0.000000000000e+00   0.000000000000e+00   0.000000000000e+00   0.000000000000e+00   0.000000000000e+00   0.000000000000e+00  -2.490341096301e-06  -3.918838804250e-06   5.068562642956e-06  -9.209184690099e-03  -1.449600416415e-02   1.763444938429e-02  -2.170353504958e-01  -3.414936570388e-01   3.232546572079e-01   2.308808657096e-01  -1.735696446176e-01  -2.729292388411e-01   1.522795202195e-01   2.388820157485e-04  -4.794980071244e-04   1.993436467840e-04  -3.046572593462e-04  -1.120992141523e-04   0.000000000000e+00   0.000000000000e+00   0.000000000000e+00   0.000000000000e+00   3.683688372903e-04   8.593459387333e-02   0.000000000000e+00   0.000000000000e+00   0.000000000000e+00   0.000000000000e+00   0.000000000000e+00   0.000000000000e+00  -2.487375075084e-06   3.919321996636e-06   5.066849925458e-06  -9.199633497934e-03   1.450002743149e-02   1.763115047839e-02  -2.168298513863e-01   3.416192036870e-01   3.232182494018e-01   2.308719320330e-01  -1.734097699144e-01   2.730364279153e-01   1.522592151605e-01  -2.387144698760e-04   4.795706677923e-04   1.992559846201e-04  -3.043029790698e-04  -1.123674608240e-04
  -1.606770708278e+01  -1.666967952102e+01  -1.037534937715e-01   2.965954993732e-05   7.922375196799e-01  -2.412436695703e+01  -1.687533762711e-01   4.841542433025e-05   1.294793873691e+00  -1.694270633025e+01  -1.020481386301e-01   3.003231913749e-05   8.099976011820e-01  -9.222212181239e+00  -3.706565849817e-02   1.113686195590e-05   3.024246523260e-01   8.204113997867e-06  -1.016898408918e-05  -2.196315051693e-01  -2.922135685989e-02  -5.700472988676e-02  -3.109671594974e+00  -7.848642486152e+00  -7.490957870078e+00  -4.617523833645e+00   8.619917227634e+00  -5.227177964814e-04   3.475382689792e+00  -1.763986478117e-01  -1.633460362354e-01   5.351737622284e-02  -4.845111909856e-05  -1.362487864991e+00  -3.003416480827e+00   2.598910770708e-01  -2.393111436430e-04  -6.750175303959e+00  -5.920219133135e+00   3.633792673916e-01  -3.410468839588e-04  -9.647124276648e+00  -4.636840611324e+00   1.703653160007e-01  -1.612706700419e-04  -4.567074593160e+00   1.714528410730e-05  -4.328910616599e-04  -7.045970091936e+00   4.692402791142e-01  -1.142187827793e-02  -2.215388929574e-09  -4.331423032904e-09  -4.424151321605e-07  -8.350313501453e-06  -9.165063154327e-03  -4.599493550600e-01  -5.669549828295e-07   1.376140131596e-10  -6.925798147631e-07  -1.332276432517e-05   3.235828270198e-09  -1.619284965818e-05  -1.472804476280e-03   3.582817965321e-07  -1.765914670500e-03  -1.208880327000e-01   2.942346697117e-05  -1.439271735270e-01  -2.149896735649e+00   5.224249388879e-04  -2.580465396228e+00  -2.280008512180e+00  -2.886953352889e+00   7.011015866190e-04  -3.472080588821e+00   4.594985254164e-06   5.447239771016e-06  -9.988097160398e-03  -2.238372801703e-02  -9.433357917384e-03   0.000000000000e+00   0.000000000000e+00  -1.173707902514e-07  -2.760213522685e-06  -5.196120814511e-03  -3.577854207678e-01   8.355489554783e-08   1.314571709164e-07  -1.788420227214e-07   2.527670815049e-06   3.978528539107e-06  -5.388089920298e-06   3.852808431933e-04   6.072340741844e-04  -8.112171129667e-04   4.462832002255e-02   7.044843145617e-02  -9.342392027102e-02   1.050496684824e+00   1.659177580102e+00  -2.221083012469e+00  -2.116080490228e+00   1.535919384176e+00   2.425891285564e+00  -3.255307556365e+00  -5.022996162416e-03   1.047526659262e-02  -4.838827498277e-03   6.641972142063e-03   2.370545482487e-03   0.000000000000e+00   0.000000000000e+00  -1.173352590103e-07  -2.759514653217e-06  -5.195431784882e-03  -3.577638495320e-01   8.345591110867e-08  -1.314742051164e-07  -1.787832090954e-07   2.524795430260e-06  -3.979231311934e-06  -5.386573484004e-06   3.848700154401e-04  -6.073845188004e-04  -8.110471499816e-04   4.458415985848e-02  -7.047132596660e-02  -9.341155961177e-02   1.049525399580e+00  -1.659827018786e+00  -2.220935808958e+00  -2.116042006392e+00   1.534530490264e+00  -2.426891359360e+00  -3.255159441861e+00   5.019918748716e-03  -1.047783759705e-02  -4.837289293850e-03   6.634874278476e-03   2.376391599607e-03
  -1.467003502870e-02  -1.118214389229e-02  -1.362010092337e+01   2.417048843336e-06  -8.651976966573e-03  -1.687533762711e-01  -1.909310312724e+01   8.543300395250e-06  -3.012131862006e-02  -1.920870783795e-01  -1.167773508509e+01   7.495778813229e-06  -2.445514940690e-02  -1.213462050265e-01  -4.377716650224e+00   3.054362218494e-06  -9.421618994533e-03   4.102811563974e-05   1.798175735232e-06   9.528766639398e-02   1.146992531622e+00  -1.782125223661e-01  -5.336237028467e+00  -5.939658415827e+00  -2.258772032586e+00  -5.669385929564e-01   6.558707668546e+00  -6.572749556710e-04   4.415199514467e+00  -2.452288607608e-02  -2.540158039124e-02  -5.453112681784e-01  -5.394399627707e-06  -1.542092805854e-01  -1.949930347426e-01  -2.485490828750e+00  -1.430115788648e-05  -4.285764476620e-01  -1.961173589259e-01  -3.475101294397e+00  -9.343349028913e-06  -3.252230759296e-01  -9.503301803877e-02  -1.661132783490e+00  -2.242864084195e-06  -9.852146605564e-02  -1.593173183370e-04  -2.950175725406e-05  -6.026945635034e-01  -4.388888543048e+00   1.740318577092e-01   1.198271076290e-08   2.313119155479e-08   2.200671214641e-06   3.458107445387e-05   1.890742358505e-02   3.876013373863e-01   2.623907467371e-06  -6.844941194205e-10   3.444768912838e-06   5.064634735307e-05  -1.341245468672e-08   6.712477681458e-05   3.788626933395e-03  -1.041574900443e-06   5.150690391989e-03   1.484323414056e-01  -4.545818461516e-05   2.236693278090e-01   4.761062922168e-01  -2.709718020867e-04   1.340582450555e+00   5.401366789495e-01  -1.770827665694e-01  -1.645730618398e-04   8.159154784296e-01  -9.661954050143e-06  -1.333114706514e-05   2.826492344429e-02   4.739785092903e-02   1.675534856945e-02   0.000000000000e+00   0.000000000000e+00  -3.366751843639e-07  -6.595183766353e-06  -6.229054734397e-03  -1.796628608916e-01   1.888643927360e-07   3.760460196278e-07  -5.115718625144e-07   4.558038515931e-06   9.548489598384e-06  -1.293181506247e-05   4.235982151353e-04   1.022219398567e-03  -1.368935838629e-03   1.562315996483e-02   6.384788476323e-02  -8.501423876251e-02  -2.136523710999e-01   5.274550684694e-01  -7.073588771742e-01  -3.315076214315e-01  -5.569326924617e-01   3.786772834849e-01  -5.101816621503e-01  -4.230411294269e-03   1.488980097350e-02  -7.991789105673e-03   5.612320607915e-03   5.171785421154e-03   0.000000000000e+00   0.000000000000e+00  -3.362762307841e-07  -6.587696741872e-06  -6.222760738690e-03  -1.794966501076e-01   1.883857305388e-07  -3.757628913225e-07  -5.109523786127e-07   4.546179443623e-06  -9.541757450643e-06  -1.291677851835e-05   4.223769973289e-04  -1.021572752201e-03  -1.367443776932e-03   1.555038131103e-02  -6.381282282454e-02  -8.492863826026e-02  -2.142232870889e-01  -5.272123980347e-01  -7.067112704710e-01  -3.312331419819e-01  -5.573284142773e-01  -3.785260375707e-01  -5.097474627816e-01   4.219042494559e-03  -1.488037195099e-02  -7.982393436232e-03   5.594642882115e-03   5.175213731613e-03
   4.193637166330e-06   3.196572956022e-06   2.417048843336e-06  -1.358647095880e+01  -2.968423806799e-06   4.841542433025e-05   8.543300395250e-06  -1.897467700395e+01  -1.078638700384e-05   5.653038377301e-05   7.495778813229e-06  -1.157579632884e+01  -1.071058837766e-05   3.646005464384e-05   3.054362218494e-06  -4.336752061118e+00  -4.700778706686e-06  -1.428995416373e-01   1.184201660580e+00  -2.138566496020e-05   1.798175735232e-06  -4.769077143953e-05   3.300061028517e-04   3.812341395798e-04   1.608102791248e-04   4.993723016757e-05  -6.772588037379e-04  -4.264932772993e+00  -2.761830816102e-04   2.209455143454e-05   2.290810583758e-05  -5.356207023201e-06  -5.506122355810e-01   1.383158982384e-04   1.689404738272e-04  -1.335829455651e-05  -2.493056344392e+00   3.654973210018e-04   1.432755689052e-04  -6.812095418567e-06  -3.462655058413e+00   2.261560838038e-04   5.075896607552e-05  -7.971350652495e-07  -1.650120585999e+00   4.817347467830e-05   1.670108668802e-01  -4.407799215483e+00   5.231768425038e-04  -2.764719143265e-05   1.537166954665e-04  -2.906450441747e-12  -5.610555344514e-12  -5.337317292630e-10  -8.383786065473e-09  -4.557084970882e-06  -9.270136341581e-05  -6.839369962906e-10  -1.961206057979e-07  -8.354603540507e-10  -1.338751166605e-08  -4.576695405605e-06  -1.627360797872e-08  -1.035557745110e-06  -4.944813663741e-04  -1.246039198180e-06  -4.487447827594e-05  -3.842621001278e-02  -5.381713591565e-05  -2.654604561987e-04  -6.373174240094e-01  -3.202849955589e-04  -1.272861439817e-04  -1.596311019099e-04  -8.508507996115e-01  -1.936413301550e-04  -6.188929105267e-03  -7.406277608715e-03  -6.842161035096e-06  -1.322785567576e-05  -7.035734046780e-06   0.000000000000e+00   0.000000000000e+00  -5.293956180826e-07  -1.036762544388e-05  -9.739092429258e-03  -2.758683112180e-01   3.758301770048e-07   5.411465429541e-07  -8.044027448107e-07   9.536207050780e-06   1.350153537848e-05  -2.032884341686e-05   1.017677154302e-03   1.378529108263e-03  -2.148162893161e-03   6.295545198447e-02   7.454235283326e-02  -1.323446111339e-01   5.034442042407e-01   2.510954132569e-01  -1.064038074064e+00  -4.753071796604e-01   3.434837591032e-01  -2.475449949871e-01  -7.271845594845e-01  -9.294238785715e-03   1.948659654956e-02  -1.253803380944e-02   1.478838270988e-02   2.367922961651e-03   0.000000000000e+00   0.000000000000e+00   5.294641113132e-07   1.036948394183e-05   9.742061685638e-03   2.759746888227e-01  -3.755472565888e-07   5.414940082293e-07   8.044859086811e-07  -9.529486275303e-06   1.351107516225e-05   2.033192718476e-05  -1.017034279022e-03   1.379665263728e-03   2.148646068690e-03  -6.292091386090e-02   7.462106211919e-02   1.323853314145e-01  -5.032060689457e-01   2.517871136802e-01   1.064447574555e+00   4.755230948061e-01  -3.433346142870e-01  -2.470508916830e-01   7.274934978788e-01  -9.294193685721e-03   1.950321180072e-02   1.253977741503e-02  -1.477903306996e-02  -2.382378914251e-03
   1.120162397215e-01   8.538364785144e-02  -8.651976966573e-03  -2.968423806799e-06  -1.371446915435e+01   1.294793873691e+00  -3.012131862006e-02  -1.078638700384e-05  -1.943642818898e+01   1.524673304130e+00  -2.445514940690e-02  -1.071058837766e-05  -1.202085638047e+01   9.900831484764e-01  -9.421618994533e-03  -4.700778706686e-06  -4.529058876312e+00   1.798175735232e-06   5.167782881456e-05   1.519178898953e+00  -1.560689844743e-01  -1.860456447938e-02  -1.855712499900e+00  -1.573352798770e+00  -4.420087967886e-02   3.290437565920e-01   3.543671840471e+00  -2.152759370164e-04  -2.873598084064e+00   6.267120412629e-01   6.491553521494e-01  -1.548280642005e-01   1.398484419577e-04   3.378598972639e+00   4.815166000919e+00  -4.064163543221e-01   3.695810913895e-04   7.901721520449e+00   4.073110847890e+00  -2.548820170183e-01   2.273386476901e-04   2.916987559177e+00   1.427981884244e+00  -5.722989535481e-02   4.784261506260e-05  -3.199365232032e-01  -3.037913683584e-05   6.003268278771e-04   7.198183873541e+00  -6.576143082505e-01   2.016223187540e-02   1.471303126000e-08   2.840174908339e-08   2.703910060429e-06   4.261271928108e-05   2.444389073123e-02   5.441597762027e-01   3.465207810454e-06  -8.411019500442e-10   4.036551125478e-06   6.807572458434e-05  -1.653489026036e-08   7.814031257348e-05   5.394643940953e-03  -1.312599220402e-06   5.963634631579e-03   2.495478226905e-01  -6.081076650174e-05   2.559183349523e-01   1.681141746704e+00  -4.096560354060e-04   1.343984683592e+00   9.779272621275e-01   1.233340949320e+00  -3.009574191973e-04   5.937043518677e-01  -1.444958744285e-05  -1.554188932977e-05   2.246036721909e-02   6.383437594368e-02   2.964733402387e-02   0.000000000000e+00   0.000000000000e+00   7.240739754417e-07   1.421839859473e-05   1.400791771844e-02   4.276960790387e-01  -5.140832477932e-07  -8.088159073512e-07   1.050119331456e-06  -1.308124476040e-05  -2.059022626181e-05   2.636996921741e-05  -1.425056237172e-03  -2.246177017659e-03   2.771133367838e-03  -9.331050194001e-02  -1.473089498371e-01   1.686999697887e-01  -8.297624808171e-01  -1.308131597866e+00   1.174747583373e+00   9.123168679395e-01  -6.630150559538e-01  -1.043166601918e+00   5.714976731309e-01   1.595529489008e-02  -3.025714566622e-02   1.075518990925e-02  -1.918221895437e-02  -7.533972849038e-03   0.000000000000e+00   0.000000000000e+00   7.238353708622e-07   1.421441889606e-05   1.400571348864e-02   4.276610521815e-01  -5.134605349930e-07   8.088991339540e-07   1.049743306061e-06  -1.306602371440e-05   2.059332687564e-05   2.636178109288e-05  -1.423499613880e-03   2.246674914205e-03   2.770468403840e-03  -9.321599275228e-02   1.473533260846e-01   1.686723759544e-01  -8.289792584365e-01   1.308615296437e+00   1.174617959972e+00   9.122840666459e-01  -6.624057529453e-01   1.043576353309e+00   5.714241723620e-01  -1.594511108080e-02   3.026364236358e-02   1.075076759523e-02  -1.916113354487e-02  -7.552346793330e-03
  -7.024303454427e+00  -7.203893170085e+00  -6.292490562011e-02   1.798880870915e-05   4.805065266566e-01  -1.694270633025e+01  -1.920870783795e-01   5.653038377301e-05   1.524673304130e+00  -1.934797558184e+01  -2.327313562522e-01   8.321648445315e-05   2.385314756112e+00  -1.466459893195e+01  -1.238412798676e-01   5.256580519046e-05   1.578761560344e+00   1.043889987792e-05  -1.356738487087e-05  -2.912633289419e-01  -3.619616414286e-02  -7.205525544178e-02  -5.238051542642e+00  -1.075307682762e+01  -1.189774263663e+01  -8.476402845451e+00   6.608402284541e+00  -3.954988383638e-04   3.114294575909e+00  -1.776223612159e+00  -1.991257182846e+00   1.166268070696e-01  -1.041975529305e-04  -2.859962346608e+00  -7.399671281645e+00   3.350119432906e-01  -3.055974767092e-04  -8.408878547005e+00  -1.074226448842e+01   4.609800950724e-01  -4.404820279787e-04  -1.223925712433e+01  -8.787431756336e+00   2.645785383415e-01  -2.583212143647e-04  -7.223534155488e+00   1.589672560032e-05  -2.995150187235e-04  -4.791338489606e+00   3.172143256463e-01  -2.427284419624e-02  -1.702049677761e-02  -2.643946361922e-02  -4.993161962559e-02  -8.533138653311e-02  -3.902457956285e-01  -1.781960130754e+00  -1.898427205653e-02   4.617482005848e-06  -2.285065216689e-02  -2.175611289524e-02   5.311355831648e-06  -2.545439196197e-02  -2.091361199280e-01   5.108345897835e-05  -2.433954077381e-01  -9.954903865388e-01   2.441116445671e-04  -1.116959149766e+00  -4.440752339096e+00   1.087678378396e-03  -4.971691577453e+00  -4.715047087943e+00  -5.382964116019e+00   1.315717923372e-03  -6.081424538692e+00   1.125267557890e-04   1.257396722865e-04  -2.065871500404e-01  -5.137944086981e-01  -2.293372898391e-01  -1.106055097223e-02  -1.722333297382e-02  -3.289758643573e-02  -5.738431375481e-02  -2.888186045212e-01  -1.492623338901e+00   7.197633054587e-03   1.134077544986e-02  -1.521895598388e-02   8.647339229215e-03   1.366035607290e-02  -1.786421373231e-02   8.466916261191e-02   1.338178978643e-01  -1.739314404999e-01   4.394362503538e-01   6.968626374899e-01  -8.730988934109e-01   2.235922565234e+00   3.553079011388e+00  -4.444484334482e+00  -4.424280160373e+00   2.874468677456e+00   4.566805731410e+00  -5.771711243048e+00  -1.711251044792e-01   3.405131678703e-01  -1.415362610959e-01   2.150766861545e-01   8.162450866560e-02  -1.105946368156e-02  -1.722164758783e-02  -3.289444352409e-02  -5.737908171210e-02  -2.887981852733e-01  -1.492558144229e+00   7.190581549593e-03  -1.134456932634e-02  -1.521708617284e-02   8.638939370915e-03  -1.366503230766e-02  -1.786219555627e-02   8.458723824046e-02  -1.338642012818e-01  -1.739124589598e-01   4.390183728876e-01  -6.971149909951e-01  -8.730190507277e-01   2.233861560669e+00  -3.554475757705e+00  -4.444211617159e+00  -4.424207309480e+00   2.871860961556e+00  -4.568673953004e+00  -5.771447296962e+00   1.710322818702e-01  -3.406220100218e-01  -1.415000239065e-01   2.148629848077e-01   8.182915351353e-02
  -4.270318858503e-03  -2.675055899747e-03  -4.603255661497e+00   9.539537096613e-07  -3.413775533502e-03  -1.020481386301e-01  -1.167773508509e+01   7.495778813229e-06  -2.445514940690e-02  -2.327313562522e-01  -1.651751725930e+01   1.562055695681e-05  -3.107261678162e-02  -2.153906500159e-01  -1.092952357346e+01   1.118519590537e-05  -1.448482023258e-02   2.656839130445e-05   1.490117890610e-06   6.504860996718e-02   7.869356190452e-01  -1.238874892769e-01  -7.196834525553e+00  -9.466487624115e+00  -5.385581070308e+00  -1.734674580322e+00   1.729993747550e+00  -4.505436698641e-04   3.585335929134e+00  -1.653519687095e-01  -1.880948663406e-01  -2.219892257171e+00  -8.272223115126e-06  -2.407941399785e-01  -4.858601637558e-01  -6.243104857153e+00  -1.562284986861e-05  -5.405859209414e-01  -4.539651493009e-01  -8.986114679565e+00  -9.898378625778e-06  -5.420106219474e-01  -2.362814570613e-01  -5.378310082192e+00  -1.554732750443e-06  -2.148004112253e-01  -2.693082793283e-04  -1.657342886617e-05  -4.491989897145e-01  -5.571578759400e+00   3.040976720332e-01   5.178178275494e-02   7.993599569022e-02   1.467392825221e-01   2.379255857793e-01   8.105261977540e-01   2.091635671723e+00   4.346548755702e-02  -1.352159201862e-05   6.692276957878e-02   4.178024826851e-02  -1.347026628487e-05   6.450115838637e-02   3.729555640935e-01  -1.222177294212e-04   5.853174526600e-01   1.116491623626e+00  -4.130928548077e-04   1.934602088951e+00   1.004192145464e+00  -8.409356443690e-04   3.945962805501e+00   1.942015106931e+00  -8.389172535620e-01  -5.205920104767e-04   2.462053850193e+00  -1.766154566334e-04  -2.737124200761e-04   6.138849687090e-01   8.148880046669e-01   2.279088675060e-01  -1.941172454141e-02  -3.003927673759e-02  -5.577326567146e-02  -9.230543399847e-02  -3.468014009357e-01  -1.027097584926e+00   4.161143017819e-03   1.916063559152e-02  -2.571477272487e-02   3.408282369295e-03   2.009704901612e-02  -2.625980667883e-02   2.687245787782e-02   1.853060080669e-01  -2.417311773630e-01  -8.057065311132e-03   6.898693354613e-01  -8.795269242484e-01  -1.119234527426e+00   1.660036856982e+00  -2.117529503765e+00  -1.141868731647e+00  -2.075742578827e+00   1.153031363367e+00  -1.484903451164e+00  -4.001962122656e-02   4.305677222606e-01  -2.463398288001e-01   4.829451431228e-02   2.120754993097e-01  -1.939268753199e-02  -3.000983087286e-02  -5.571872539230e-02  -9.221558251853e-02  -3.464716720936e-01  -1.026158211205e+00   4.139272193143e-03  -1.915013251775e-02  -2.568892501601e-02   3.385515644070e-03  -2.008621801954e-02  -2.623370803364e-02   2.666303954133e-02  -1.852068976481e-01  -2.414918213727e-01  -8.825073763881e-03  -6.895159139298e-01  -8.786756426452e-01  -1.121028892792e+00  -1.659264385965e+00  -2.115582930703e+00  -1.140896912502e+00  -2.076959274315e+00  -1.152541558045e+00  -1.483606692996e+00   3.965463854852e-02  -4.303270619009e-01  -2.460715200810e-01   4.780851695014e-02   2.121361677565e-01
   1.220733655947e-06   7.647013970062e-07   9.539537096613e-07  -4.589983605764e+00  -1.172184636922e-06   3.003231913749e-05   7.495778813229e-06  -1.157579632884e+01  -1.071058837766e-05   8.321648445315e-05   1.562055695681e-05  -1.633077692675e+01  -3.360522588866e-05   9.142495103962e-05   1.118519590537e-05  -1.081101961329e+01  -2.724920375760e-05  -9.534208173884e-02   8.190663006142e-01  -1.337584374414e-05   1.490117890610e-06  -3.443448515404e-05   4.436863557877e-04   6.016560334032e-04   3.830358543006e-04   1.569612240580e-04  -4.679489381085e-04  -5.708466913100e+00  -2.210341109324e-04   1.491619382125e-04   1.696585584537e-04  -8.366907220715e-06  -2.225324109106e+00   2.165704861317e-04   4.354287560599e-04  -1.526581891826e-05  -6.231470887170e+00   4.709908811343e-04   3.762913833607e-04  -7.408998511875e-06  -8.922605303061e+00   4.060016454146e-04   1.652053612483e-04   4.249142556191e-07  -5.330437156119e+00   1.265972959901e-04   1.503167107074e-01  -5.573477983142e+00   3.871034993486e-04  -1.521988818099e-05   1.401750866633e-04  -1.255985154714e-05  -1.938861308963e-05  -3.558905959678e-05  -5.768869326177e-05  -1.957538269234e-04  -4.984593069863e-04  -1.348260595187e-05  -1.212783371403e-02  -1.623060228158e-05  -1.336551518471e-05  -1.339040297307e-02  -1.562903540611e-05  -1.211292786401e-04  -1.276779325567e-01  -1.416952045017e-04  -4.050016209991e-04  -5.718924423999e-01  -4.655579684167e-04  -8.087220171389e-04  -2.431243732003e+00  -9.357708343051e-04  -4.478996369357e-04  -4.898959914405e-04  -2.959500699478e+00  -5.745948696871e-04  -2.648195291241e-01  -3.046898151727e-01  -1.490521248385e-04  -2.703043441531e-04  -1.835281828077e-04  -3.052537341658e-02  -4.723719488605e-02  -8.769935390514e-02  -1.451147807963e-01  -5.436417577760e-01  -1.590019417158e+00   1.912133199975e-02   2.212826512908e-02  -4.043395986849e-02   1.998754291483e-02   2.226513293012e-02  -4.126494104171e-02   1.841202443957e-01   2.004998193273e-01  -3.795860824783e-01   6.795918973370e-01   6.327697501789e-01  -1.373903698587e+00   1.594842487759e+00   3.757970006337e-01  -3.224527729858e+00  -1.688329252601e+00   1.070942748217e+00  -1.080668741363e+00  -2.177284452260e+00  -2.253924689655e-01   4.510702089125e-01  -3.874793139593e-01   4.265192202780e-01  -1.445926209091e-02   3.053556644113e-02   4.725298969672e-02   8.772888570474e-02   1.451643031209e-01   5.438399425905e-01   1.590658413324e+00  -1.911085814715e-02   2.215213770959e-02   4.044647136601e-02  -1.997679324796e-02   2.229043661194e-02   4.127818257104e-02  -1.840220123461e-01   2.007341959900e-01   3.797093465256e-01  -6.792457559246e-01   6.336626534534e-01   1.374381644636e+00  -1.594100804048e+00   3.780143671804e-01   3.225790889616e+00   1.689101642402e+00  -1.070479323398e+00  -1.079119184009e+00   2.178210368796e+00  -2.254637609481e-01   4.516042932673e-01   3.875666800129e-01  -4.262816439900e-01   1.404874592787e-02
   3.260703888727e-02   2.042592781213e-02  -3.413775533502e-03  -1.172184636922e-06  -4.640521057691e+00   8.099976011820e-01  -2.445514940690e-02  -1.071058837766e-05  -1.202085638047e+01   2.385314756112e+00  -3.107261678162e-02  -3.360522588866e-05  -1.765309957437e+01   2.745857270420e+00  -1.448482023258e-02  -2.724920375760e-05  -1.190070692046e+01   1.490117890610e-06   3.783523549953e-05   1.095191065844e+00  -1.065620735909e-01  -1.606534078450e-02  -2.507404182397e+00  -2.493411478812e+00   3.586215911324e-02   1.197257366353e+00   2.434661699757e+00  -1.439662461732e-04  -4.625353024009e+00   4.229702348227e+00   4.808053636389e+00  -2.524345185130e-01   2.246484401231e-04   3.932748718430e+00   1.250155522638e+01  -5.546585941657e-01   4.927895168941e-04   7.220575909205e+00   1.095595291576e+01  -4.945050268767e-01   4.267027614487e-04   2.651396700118e+00   4.891079836061e+00  -1.676463674409e-01   1.346068568743e-04  -1.740872606220e+00  -2.719306686711e-05   2.777934593776e-04   1.173264044478e+00  -3.008420567288e-01   4.704398745193e-02   6.358086914589e-02   9.815538162107e-02   1.802857561400e-01   2.929043990652e-01   1.027880532025e+00   2.944027087295e+00   6.832413853992e-02  -1.661837869936e-05   7.010860472384e-02   6.834252561103e-02  -1.668939227607e-05   6.640541022396e-02   6.261837663622e-01  -1.529439384941e-04   6.016348990359e-01   2.256074937467e+00  -5.534672486606e-04   1.953820688242e+00   5.413321368400e+00  -1.331237698318e-03   3.459672778182e+00   3.599332235488e+00   4.073327837640e+00  -1.003105544928e-03   1.415545366700e+00  -3.116295596092e-04  -2.838997224158e-04   2.209557129517e-01   1.159732975949e+00   6.351411385219e-01   4.172540326494e-02   6.457199981812e-02   1.199449720653e-01   1.988431410873e-01   7.665028754171e-01   2.482447758476e+00  -2.615877705142e-02  -4.121664953278e-02   4.731016983526e-02  -2.753261496045e-02  -4.350184354145e-02   4.747678195475e-02  -2.559246625859e-01  -4.044544510127e-01   4.356788881487e-01  -1.005314091297e+00  -1.593798158290e+00   1.549682049482e+00  -2.754005956928e+00  -4.365536152668e+00   3.152234946008e+00   3.390528900271e+00  -2.201148489636e+00  -3.480044770764e+00   1.395837152116e+00   4.786517107145e-01  -7.793266035760e-01   1.380221878668e-01  -4.922364038317e-01  -2.282420843825e-01   4.172018625938e-02   6.456395520535e-02   1.199303073139e-01   1.988196985883e-01   7.664287282125e-01   2.482283912327e+00  -2.613245114541e-02   4.122933633541e-02   4.730266010150e-02  -2.750516002981e-02   4.351560992688e-02   4.746969195264e-02  -2.556703457708e-01   4.045838217316e-01   4.356149167464e-01  -1.004333996577e+00   1.594336826071e+00   1.549478048060e+00  -2.751419020331e+00   4.367161849715e+00   3.151865668783e+00   3.390416029895e+00  -2.199124559057e+00   3.481402184146e+00   1.395612218448e+00  -4.783800747554e-01   7.795460060816e-01   1.379372693484e-01  -4.917286058016e-01  -2.288087600874e-01
