ARMA_MAT_TXT_FN008
65 65
  -9.578736727039e+00  -1.201670504044e+01   1.227359650284e-02  -4.169195615230e-08   2.505790807267e-06  -4.429622828340e+00   4.927444139428e-03   2.111884999995e-07   1.442820022350e-06  -1.993475216361e+00   1.800959203304e-03   2.202866995449e-07   5.193370425951e-07  -8.400429119605e-01   4.858256375606e-04   9.812723154809e-08   1.384770732572e-07  -2.840249393196e-07  -2.978390393682e-07  -7.313334024046e-04   1.966206426445e-06   1.267110331580e-03  -3.353268773675e-04  -2.660352111169e-04  -4.422119856218e-03  -4.103317981305e-08  -1.207013402335e-07  -2.073165791941e-02  -6.861317943027e-02  -5.461704782800e-07  -2.107260606011e-06  -4.419319021006e-01  -1.211147841767e+00  -9.447817342485e-06  -3.804822731084e-05  -7.871065736675e-01  -1.314063092749e+00  -1.020938087373e-05  -4.124178497403e-05  -4.769833979569e-07  -2.672194440268e-09   1.698896759908e-02  -1.755177112651e-06  -2.942579864212e-02  -1.315096926254e-01  -9.580854079837e-01  -1.021430303631e+00  -6.258089737545e-01   3.711408326359e-01   9.483960416148e-01   4.751595351591e-01  -1.314879141920e-01  -9.580279744352e-01  -1.021410111414e+00  -6.258045851728e-01   3.709983268054e-01  -8.857171640624e-01   5.835903369891e-01  -1.315486694939e-01  -9.581872214182e-01  -1.021466253223e+00  -6.258168222810e-01   3.715361388783e-01  -6.271919570650e-02  -1.058995167068e+00
  -1.201670504044e+01  -8.798648114857e+00   1.094253932700e-02  -3.889048885628e-07   3.104283683422e-06  -3.959093587348e+00   9.971999577613e-05   6.325474088726e-08   1.185556526427e-06  -1.873499724410e+00  -2.664079276876e-03   1.840107843091e-07   1.726700235706e-07  -8.023825282184e-01  -1.788278420217e-03   9.032334504027e-08  -5.997556516570e-08  -4.633109573059e-07  -4.681954152991e-07  -1.864273056241e-03   2.992439345671e-06   3.230585556166e-03  -2.306590803784e-04  -2.172029067312e-04  -5.666364842333e-03  -7.975182850632e-08  -1.528832357727e-08  -2.124838506553e-02  -8.195150396679e-02  -6.848070837352e-07  -2.381920751409e-06  -4.280463497341e-01  -1.147110105419e+00  -8.943591565046e-06  -3.614776502495e-05  -7.476263973970e-01  -1.238863142135e+00  -9.592061782289e-06  -3.910493971959e-05  -5.449398829476e-07  -1.056160590373e-09   1.932775941061e-02  -2.029482678269e-06  -3.347667469590e-02  -1.534173692149e-01  -9.162830582955e-01  -9.716467376323e-01  -5.991641352841e-01   3.637149689983e-01   9.313853567254e-01   4.666370047942e-01  -1.533929473182e-01  -9.162296317659e-01  -9.716275973361e-01  -5.991599019962e-01   3.635780552594e-01  -8.698380350520e-01   5.731277866408e-01  -1.534601190314e-01  -9.163771658143e-01  -9.716806886672e-01  -5.991716955008e-01   3.640976752286e-01  -6.159334530857e-02  -1.039985367035e+00
   1.227359650284e-02   1.094253932700e-02   1.022796027647e+00  -4.440589427456e-06   2.561804374577e-05  -1.497942720856e-02  -3.939372353852e-01  -5.757849927231e-06   3.464348055380e-05  -2.630414854595e-02  -3.995956407587e-01  -3.235714675828e-06   2.229773705159e-05  -2.758958727195e-02  -1.342751850332e-01  -1.011910917843e-06   8.467543424142e-06  -2.856813758763e-06  -7.888137607309e-06  -6.431295846324e-02   3.675679995284e-05   1.113770836366e-01   1.542193654077e-02   1.401238127473e-02   1.694321248954e-01   1.860293699278e-06   3.891491245867e-06   1.980740904847e-01   3.795894739046e-01   4.009664906198e-06   1.118419182556e-05   2.502639925007e-01   2.906845708536e-01   3.548900198209e-06   1.421602506401e-05   1.311433075762e-01   2.690386744786e-02   9.569354295086e-07   1.140770790277e-05   3.435670881907e-06  -1.303615774785e-08  -1.029409478623e-01   1.269598895043e-05   1.782989957773e-01  -1.348588763192e-01  -1.283576691886e-01  -7.239286302378e-02  -3.556001533456e-02  -1.215817984792e-01   1.020473787425e-01   5.113399410785e-02  -1.348162604713e-01  -1.283212967033e-01  -7.237678321376e-02  -3.555594925697e-02  -1.215974159265e-01  -9.528970889180e-02   6.279203579470e-02  -1.349799233806e-01  -1.284682952928e-01  -7.244459411908e-02  -3.557362942304e-02  -1.215221416457e-01  -6.753703554686e-03  -1.140237346004e-01
  -4.169195615230e-08  -3.889048885628e-07  -4.440589427456e-06   9.465251482890e-01  -4.230002981509e-06  -7.002434895059e-07  -5.727478451249e-06  -4.733288643809e-01  -5.420865502990e-06   1.063705900514e-06  -3.648230671246e-06  -4.769531085395e-01  -2.482637446840e-06   1.398251726850e-06  -1.470636891058e-06  -1.809109685050e-01  -5.364355012285e-07  -6.006999602199e-02  -8.764621496072e-02   1.360045142940e-02  -9.168710914248e-06   7.844874565790e-03   8.765416427299e-08   5.927159413589e-08  -1.670361078685e-07  -1.331273722296e-02  -3.200010800608e-07   6.443063070177e-07   1.562943614814e-06  -5.816688485244e-02  -2.430365117395e-07   2.434103570375e-06   4.504786989649e-06  -1.637742717392e-01   4.690719619305e-07   3.113776393878e-06   3.546937264141e-06  -2.020250315828e-01   3.349789242989e-07  -6.610881685618e-02  -5.972910484326e-04   9.162878840876e-05   1.508065309149e-07   5.552504686704e-05  -3.617745658372e-01  -3.367586772268e-01  -1.580774637162e-01  -4.360695476677e-02   1.079437857372e-01   9.435789582710e-02   1.404019461916e-01   3.378798125421e-01   3.145276294111e-01   1.476470368613e-01   4.073182698593e-02  -1.007944852978e-01   5.860613692853e-02  -1.610827700056e-01   2.392005657956e-02   2.226565380448e-02   1.045260112242e-02   2.884338422552e-03  -7.143644743907e-03  -1.846792362401e-01   2.068563162948e-02
   2.505790807267e-06   3.104283683422e-06   2.561804374577e-05  -4.230002981509e-06   9.465258682898e-01   1.099371420357e-05   3.454122154629e-05  -5.420702757134e-06  -4.733189083001e-01   4.769781290928e-06   2.410956804579e-05  -2.482256106902e-06  -4.769433102253e-01  -6.908264686939e-07   1.050760187301e-05  -5.361698524343e-07  -1.809070232681e-01  -9.169744667694e-06   1.570956167433e-02   7.589602785415e-02  -6.009990703775e-02   4.385529670678e-02   6.087528221732e-07   6.461428373815e-07   1.222213717721e-05  -3.200995848348e-07  -1.331479777973e-02   9.942706084412e-06   2.100901339941e-05  -2.431155280244e-07  -5.816897232331e-02   6.452633367024e-06   1.235047209019e-05   4.691739264881e-07  -1.637705479999e-01  -7.482800311304e-07   7.430722999147e-06   3.352635082388e-07  -2.020177691993e-01   1.508709793737e-07   1.061984420151e-04   5.083394435447e-04  -6.610862034567e-02   3.059665638774e-04  -1.812627622801e-01  -1.687222814887e-01  -7.919667107207e-02  -2.184820725766e-02   5.408702452157e-02   1.403974520204e-01  -1.155423984628e-01  -2.226388498797e-01  -2.072430637220e-01  -9.728012025428e-02  -2.683701493791e-02   6.641816474574e-02  -1.610789935112e-01  -7.974284691804e-02   4.039374359969e-01   3.759810064536e-01   1.764810060575e-01   4.868224423284e-02  -1.206122692532e-01   2.068634999023e-02   1.633669994170e-01
  -4.429622828340e+00  -3.959093587348e+00  -1.497942720856e-02  -7.002434895059e-07   1.099371420357e-05  -2.218351274900e+00   1.037642743860e-02   4.003682110273e-06   1.787456652741e-05  -1.557735434654e+00   1.297790319372e-02   5.507894265132e-06   6.652257999025e-06  -8.614637621266e-01  -3.822424043469e-03   2.461562759110e-06   3.744271872993e-07  -8.750537766201e-06  -1.068538686512e-05   1.889649137848e-02   5.532884255418e-05  -3.267018121626e-02  -2.604750009260e-01  -2.489417560603e-01  -2.353674982041e-01  -2.310978677578e-06  -5.405585178118e-06  -3.914685082939e-01  -3.610554844298e-01  -3.456236232839e-06  -8.855382327961e-06  -5.982225398200e-01  -8.851510704646e-01  -5.657061436398e-06  -3.093321058090e-05  -7.775953186740e-01  -1.032683074879e+00  -4.957421660498e-06  -3.696203423781e-05  -1.621097119915e-06  -2.553334340103e-09   5.148282597508e-02  -5.048995274118e-06  -8.917056718960e-02  -4.286320213668e-01  -8.657650564737e-01  -9.555790263099e-01  -6.674535570631e-01   2.006745075356e-01   5.305027900443e-01   2.657939145494e-01  -4.286036577655e-01  -8.657298885999e-01  -9.555655452214e-01  -6.674500777388e-01   2.006031208717e-01  -4.954605946976e-01   3.264598692056e-01  -4.286737157222e-01  -8.658283601212e-01  -9.556087461242e-01  -6.674620455973e-01   2.008783172742e-01  -3.508058953414e-02  -5.923359170050e-01
   4.927444139428e-03   9.971999577613e-05  -3.939372353852e-01  -5.727478451249e-06   3.454122154629e-05   1.037642743860e-02  -2.379037688212e-01  -1.057543467090e-05   6.466479154145e-05   5.642511721097e-02  -4.959453716234e-01  -7.315218240679e-06   4.510924001837e-05   3.403156662497e-02  -2.483751378946e-01  -2.480223798224e-06   1.677010970635e-05  -4.576556913847e-06  -2.000896931263e-05  -2.039588936959e-01   9.413991674822e-05   3.532221876692e-01   8.889867240979e-01   8.471629235353e-01   4.910554634553e-01   5.057805862833e-06   1.800134092057e-05   9.163618732076e-01   4.372285747623e-01   5.217359976770e-06   1.595961316806e-05   6.273604834826e-01   1.726099545119e-01   2.656306615740e-06   1.156596545654e-05   3.282133276425e-01  -2.002387923853e-02   3.287251353358e-07   1.653642123833e-05   8.877347421126e-07   2.303927421531e-08  -3.837018719098e-03   7.994041588913e-07   6.645946798312e-03  -1.468760516933e-01  -1.215863318419e-01  -4.402910930869e-02   8.159679379521e-04  -4.300809645158e-02  -1.909440526077e-02  -9.555560088264e-03  -1.468362669496e-01  -1.215501877965e-01  -4.400599578737e-02   8.233236141502e-04  -4.301079762829e-02   1.782857180547e-02  -1.173595150149e-02  -1.469933506967e-01  -1.217005061336e-01  -4.410546624702e-02   7.911506854055e-04  -4.300648754962e-02   1.262754891318e-03   2.133057633928e-02
   2.111884999995e-07   6.325474088726e-08  -5.757849927231e-06  -4.733288643809e-01  -5.420702757134e-06   4.003682110273e-06  -1.057543467090e-05  -2.280567305521e-01  -1.004085165956e-05   8.759482810640e-06  -7.912658220097e-06  -4.368005157588e-01  -5.114235631288e-06   7.030796327759e-06  -3.140443685954e-06  -2.417281044647e-01  -1.174703061554e-06  -1.261396270785e-01  -2.043082950311e-01   3.170186979271e-02  -2.154511907454e-05   1.828650795479e-02   6.935728546154e-06   6.583818395364e-06   2.581809156432e-06  -1.212108998318e-01  -5.334811062849e-07   5.880389186235e-06   2.095054105738e-06  -1.548778690583e-01  -4.283667001118e-07   6.525408529067e-06   6.530282564619e-06  -1.720638320236e-01   1.245058187104e-06   8.937771589753e-06   9.484102414655e-06  -2.316661260384e-01   1.072760039496e-06  -5.668144630569e-02  -5.361132123108e-04   8.299388621779e-05   2.375057244001e-07   4.863458555569e-05  -3.883608504918e-01  -3.306523099178e-01  -1.880993170255e-01  -6.120336620848e-02  -1.411554033277e-02  -9.650106130244e-02  -1.587718551627e-02   3.627213373584e-01   3.088307011660e-01   1.756972877432e-01   5.717558118478e-02   1.317913675493e-02  -9.245549363759e-02   1.821322401661e-02   2.567591230969e-02   2.186321619544e-02   1.244274676658e-02   4.052430936806e-03   9.335098224748e-04  -6.496202262380e-02  -2.337463221255e-03
   1.442820022350e-06   1.185556526427e-06   3.464348055380e-05  -5.420865502990e-06  -4.733189083001e-01   1.787456652741e-05   6.466479154145e-05  -1.004085165956e-05  -2.280079431470e-01   1.287781379132e-05   4.770960338885e-05  -5.113882917439e-06  -4.367515479534e-01   2.804832199380e-06   1.969596935698e-05  -1.174411073770e-06  -2.417083862156e-01  -2.154637146975e-05   3.661859937354e-02   1.769064857659e-01  -1.262017056117e-01   1.022178534658e-01   2.807005888398e-05   2.686239498167e-05   2.800787468473e-05  -5.335719019884e-07  -1.212143248933e-01   3.391493295629e-05   2.842581031763e-05  -4.284257138567e-07  -1.548811469503e-01   1.590008841241e-05   3.889969225587e-06   1.245049351135e-06  -1.720513638041e-01  -9.072424648307e-08   5.362027133724e-06   1.072861034653e-06  -2.316396162757e-01   2.375885650066e-07   9.537441300054e-05   4.596167582578e-04  -5.668083159861e-02   2.699682650676e-04  -1.945845640245e-01  -1.656574191226e-01  -9.423011818642e-02  -3.066165331184e-02  -7.064497242379e-03  -1.588780124398e-02  -7.277427243682e-02  -2.390094462238e-01  -2.034812435673e-01  -1.157474767610e-01  -3.766357745574e-02  -8.676437381878e-03   1.822447394648e-02  -7.682605764366e-02   4.335977302086e-01   3.691535506589e-01   2.099964245681e-01   6.833052836028e-02   1.577554857330e-02  -2.338096778704e-03  -1.043174178937e-01
  -1.993475216361e+00  -1.873499724410e+00  -2.630414854595e-02   1.063705900514e-06   4.769781290928e-06  -1.557735434654e+00   5.642511721097e-02   8.759482810640e-06   1.287781379132e-05  -1.212962117732e+00   1.426293207501e-01   1.189451139135e-05   5.751853276424e-06  -7.433981096128e-01   6.529886290708e-02   5.568594927479e-06   2.126520039595e-07  -9.784001278116e-06  -1.000239265472e-05   5.082154034903e-02   5.876714650624e-05  -8.794698714195e-02  -9.562962644077e-01  -9.043975623972e-01  -2.036938147373e-01  -2.225122827818e-06  -3.985460493058e-06  -8.820929139546e-01  -2.739276754021e-01  -2.964302250062e-06  -5.571866382386e-06  -7.878844274185e-01  -5.907141357106e-01  -2.600470268133e-06  -2.357790428819e-05  -7.606599436155e-01  -7.185069501797e-01  -7.405370948326e-08  -3.160042323806e-05  -1.137749902735e-06  -2.992206279234e-08   3.596630546820e-02  -3.570374464452e-06  -6.229511202443e-02  -4.110541446259e-01  -6.645699261711e-01  -7.627961236942e-01  -5.822987635860e-01   1.420559631643e-01   3.873244982836e-01   1.940594595895e-01  -4.110343144405e-01  -6.645505208897e-01  -7.627933573862e-01  -5.822988299764e-01   1.420051331378e-01  -3.617407756852e-01   2.383537786775e-01  -4.110817271538e-01  -6.646076683693e-01  -7.628090105997e-01  -5.823017132417e-01   1.422015203761e-01  -2.561191862756e-02  -4.324707276226e-01
   1.800959203304e-03  -2.664079276876e-03  -3.995956407587e-01  -3.648230671246e-06   2.410956804579e-05   1.297790319372e-02  -4.959453716234e-01  -7.912658220097e-06   4.770960338885e-05   1.426293207501e-01  -4.908651988175e-01  -7.287316865424e-06   3.444677646392e-05   1.283132181098e-01  -2.620542058863e-01  -2.980324293037e-06   1.310812675794e-05  -1.706975869608e-06  -1.494265375031e-05  -2.035589336246e-01   7.604229792658e-05   3.525412510772e-01   1.873804061789e+00   1.769368172148e+00   1.776886215808e-01   3.375367727779e-06   1.058205646580e-05   1.529872896843e+00   1.846903615016e-01   3.698423470257e-06   9.665132399416e-06   9.432036518158e-01   6.582205443139e-02   1.540399000326e-06   6.472238028924e-06   4.682398364814e-01  -8.561793321980e-02  -7.768972159555e-07   9.784890748601e-06   1.005081495464e-06   3.731061805416e-08  -2.035350714678e-02   2.925570338926e-06   3.525314570252e-02  -1.304987994669e-01  -8.316081742904e-02   3.429409207187e-02   7.549686831802e-02   3.785075976036e-03   5.061474125947e-02   2.536762098459e-02  -1.304641751857e-01  -8.313552061477e-02   3.431145658398e-02   7.550398904012e-02   3.773067746021e-03  -4.725979567186e-02   3.114808690550e-02  -1.306029055514e-01  -8.324293471807e-02   3.423660092489e-02   7.547358854888e-02   3.823707773092e-03  -3.350438403521e-03  -5.656415927941e-02
   2.202866995449e-07   1.840107843091e-07  -3.235714675828e-06  -4.769531085395e-01  -2.482256106902e-06   5.507894265132e-06  -7.315218240679e-06  -4.368005157588e-01  -5.113882917439e-06   1.189451139135e-05  -7.287316865424e-06  -2.364788978120e-01  -2.055041766706e-06   9.790320270229e-06  -3.292282499301e-06  -1.362996193072e-01  -1.089790135694e-07  -9.117531456635e-02  -1.642348107829e-01   2.548198424356e-02  -1.598970915980e-05   1.469785634645e-02   1.467592461689e-05   1.383949507810e-05   1.267395160166e-06  -2.102407225842e-01  -5.624888720071e-07   1.096490779132e-05   1.060635298269e-06  -2.112055782199e-01  -5.178005591510e-07   8.994932517005e-06   5.332326381946e-06  -1.274330957882e-01   1.342089846343e-06   1.067988311574e-05   9.685543162430e-06  -1.132437424779e-01   2.024039162008e-06  -3.950512223031e-02  -9.001197500525e-05   1.371021067418e-05   2.114022380609e-07   8.829121292413e-06  -3.419622132343e-01  -2.316990270254e-01  -9.973318228542e-02  -3.803642357118e-02   5.251718461001e-02   9.593885625521e-02   6.978302547721e-02   3.193878719428e-01   2.164127990153e-01   9.316823394229e-02   3.554175957034e-02  -4.903577740700e-02   7.816241228308e-02  -8.005675622258e-02   2.260839930026e-02   1.532058728619e-02   6.601624183070e-03   2.522756661995e-03  -3.476190299827e-03  -4.275387547065e-02   1.028436883607e-02
   5.193370425951e-07   1.726700235706e-07   2.229773705159e-05  -2.482637446840e-06  -4.769433102253e-01   6.652257999025e-06   4.510924001837e-05  -5.114235631288e-06  -4.367515479534e-01   5.751853276424e-06   3.444677646392e-05  -2.055041766706e-06  -2.364184949098e-01   7.884874645114e-07   1.449032031796e-05  -1.088745479835e-07  -1.362721020370e-01  -1.599068038970e-05   2.943671051370e-02   1.421956433000e-01  -9.122028238593e-02   8.216766577909e-02   5.896610387198e-05   5.575971768443e-05   1.902388736428e-05  -5.624918997311e-07  -2.102438869432e-01   5.196128718651e-05   2.018916678106e-05  -5.177758482963e-07  -2.112087124304e-01   2.564197205494e-05  -1.550422941278e-06   1.342017929130e-06  -1.274207431205e-01   2.059016765257e-06  -6.459277986595e-06   2.023875181642e-06  -1.132123698503e-01   2.114420627491e-07   1.564438065894e-05   7.456415943326e-05  -3.950456094212e-02   4.725758680277e-05  -1.713358897069e-01  -1.160820457209e-01  -4.996029424705e-02  -1.905643524017e-02   2.631762908597e-02   6.977541614523e-02  -8.386873058600e-03  -2.104540594998e-01  -1.425887611018e-01  -6.137048474916e-02  -2.340854053757e-02   3.231479648241e-02  -8.004834227412e-02   9.400641025147e-03   3.817907753462e-01   2.586699400314e-01   1.113362926326e-01   4.246586614897e-02  -5.868596897614e-02   1.028356411383e-02   1.302569333690e-01
  -8.400429119605e-01  -8.023825282184e-01  -2.758958727195e-02   1.398251726850e-06  -6.908264686939e-07  -8.614637621266e-01   3.403156662497e-02   7.030796327759e-06   2.804832199380e-06  -7.433981096128e-01   1.283132181098e-01   9.790320270229e-06   7.884874645114e-07  -4.467658960953e-01   6.290029630712e-02   4.801353765657e-06  -6.605169318170e-07  -5.815148959366e-06  -5.314537514644e-06   3.641889535631e-02   3.476650185283e-05  -6.302726217740e-02  -7.807461539003e-01  -7.389946795528e-01  -4.946997238930e-02  -1.024839948137e-06   8.938873960310e-07  -7.358921676492e-01  -9.702382740154e-02  -1.540807337529e-06  -1.161633886500e-07  -6.013652351050e-01  -3.124029134892e-01  -1.027716097894e-06  -1.333920903493e-05  -5.057824348918e-01  -4.175515388474e-01   1.114141725320e-06  -2.092042761315e-05  -4.438891267667e-07  -2.882693916732e-08   1.557389061346e-02  -1.805296008501e-06  -2.697450895031e-02  -2.778330319197e-01  -4.099911355320e-01  -4.575042526385e-01  -3.457924768041e-01   7.743933842715e-02   2.206279038159e-01   1.105394485415e-01  -2.778239990377e-01  -4.099824840266e-01  -4.575050027002e-01  -3.457936131054e-01   7.741166326468e-02  -2.060574195903e-01   1.357724090379e-01  -2.778444642014e-01  -4.100085984175e-01  -4.575081728983e-01  -3.457927193006e-01   7.752005296306e-02  -1.458845709934e-02  -2.463395338002e-01
   4.858256375606e-04  -1.788278420217e-03  -1.342751850332e-01  -1.470636891058e-06   1.050760187301e-05  -3.822424043469e-03  -2.483751378946e-01  -3.140443685954e-06   1.969596935698e-05   6.529886290708e-02  -2.620542058863e-01  -3.292282499301e-06   1.449032031796e-05   6.290029630712e-02  -7.132374998169e-02  -1.514426713900e-06   6.224436891899e-06  -4.617885036389e-07  -5.457231460030e-06  -7.990048841366e-02   2.842061093190e-05   1.383793148671e-01   8.494711720624e-01   8.040567115717e-01  -3.656734313708e-02   9.065419804833e-07   6.814583178019e-07   7.726848033575e-01  -1.947545710552e-02   1.267247134812e-06   1.084387761697e-06   4.971102639750e-01   1.356566552378e-02   8.244873990227e-07   2.847087634384e-06   2.191125339527e-01  -1.465543622930e-02  -3.784402165093e-07   4.392112358887e-06   1.723388421706e-07   1.275532726671e-08  -3.234356015281e-03   9.687038110447e-07   5.601942292457e-03  -6.440385269074e-02  -4.895645661098e-02   2.017346042671e-02   4.321674142089e-02  -1.793291194184e-02   3.034928531788e-02   1.520939135775e-02  -6.438746371885e-02  -4.894269033417e-02   2.018064863032e-02   4.321848249528e-02  -1.793878282165e-02  -2.833905166011e-02   1.867624248620e-02  -6.445503644453e-02  -4.900149173447e-02   2.014979311049e-02   4.321108432201e-02  -1.791259459111e-02  -2.008735203115e-03  -3.391207849387e-02
   9.812723154809e-08   9.032334504027e-08  -1.011910917843e-06  -1.809109685050e-01  -5.361698524343e-07   2.461562759110e-06  -2.480223798224e-06  -2.417281044647e-01  -1.174411073770e-06   5.568594927479e-06  -2.980324293037e-06  -1.362996193072e-01  -1.088745479835e-07   4.801353765657e-06  -1.514426713900e-06  -1.628291463609e-03   2.333893036646e-07  -3.333330920015e-02  -6.406528467266e-02   9.939783384244e-03  -5.857642174259e-06   5.732836089257e-03   6.650913780354e-06   6.287635904436e-06  -2.725119854368e-07  -1.087015502167e-01  -3.370917269111e-07   5.600442537118e-06  -1.754506794845e-07  -1.222731669621e-01  -3.417320074350e-07   4.583688464871e-06   2.314799103909e-06  -8.296691497065e-02   5.840762849844e-07   4.946957611790e-06   4.469140042245e-06  -2.849558462867e-02   1.152078737465e-06  -1.476499917541e-02   6.977033853438e-05  -1.087207858871e-05   1.048957439247e-07  -6.003647695045e-06  -1.712426629710e-01  -1.322379104040e-01  -3.507252865384e-02   4.538434286276e-04   3.108925394571e-02   3.670238877460e-02   4.111211930614e-02   1.599409101267e-01   1.235141161589e-01   3.276591556512e-02  -4.165957465876e-04  -2.902919222476e-02   2.623196276947e-02  -4.716619509543e-02   1.132120849043e-02   8.743534650816e-03   2.322332323077e-03  -2.616815344993e-05  -2.057579503352e-03  -4.500567358370e-02   6.058275594746e-03
   1.384770732572e-07  -5.997556516570e-08   8.467543424142e-06  -5.364355012285e-07  -1.809070232681e-01   3.744271872993e-07   1.677010970635e-05  -1.174703061554e-06  -2.417083862156e-01   2.126520039595e-07   1.310812675794e-05  -1.089790135694e-07  -1.362721020370e-01  -6.605169318170e-07   6.224436891899e-06   2.333893036646e-07  -1.613611207111e-03  -5.858112592736e-06   1.148303279056e-02   5.546617052505e-02  -3.335024831741e-02   3.205243661429e-02   2.673639978424e-05   2.534135492471e-05   5.545367277933e-06  -3.370581232615e-07  -1.087031387119e-01   2.600797324238e-05   7.027509692417e-06  -3.416817660467e-07  -1.222748424908e-01   1.382651070890e-05  -1.333123354426e-07   5.840555908468e-07  -8.296184950108e-02   5.069059118934e-07  -4.124734303091e-06   1.151971498266e-06  -2.848076504351e-02   1.049033468755e-07  -1.268112799326e-05  -6.141434235026e-05  -1.476478224201e-02  -3.423638162828e-05  -8.579887479950e-02  -6.625324825306e-02  -1.756969893551e-02   2.269899659584e-04   1.557863084088e-02   4.110962978733e-02  -2.475955259092e-02  -1.053896456737e-01  -8.138232718888e-02  -2.158258457585e-02   2.786238367424e-04   1.912955696291e-02  -4.716349356237e-02  -1.427843172670e-02   1.911826972639e-01   1.476298485286e-01   3.915140257317e-02  -5.061530078239e-04  -3.473945445623e-02   6.058063294743e-03   5.691522139186e-02
  -2.840249393196e-07  -4.633109573059e-07  -2.856813758763e-06  -6.006999602199e-02  -9.169744667694e-06  -8.750537766201e-06  -4.576556913847e-06  -1.261396270785e-01  -2.154637146975e-05  -9.784001278116e-06  -1.706975869608e-06  -9.117531456635e-02  -1.599068038970e-05  -5.815148959366e-06  -4.617885036389e-07  -3.333330920015e-02  -5.858112592736e-06   1.353486836899e+00  -8.821943235834e-02   1.370111130185e-02  -1.937696830674e-05   7.902988344905e-03  -1.500044508807e-05  -1.434533292652e-05  -8.197705066123e-06   2.558207183529e-01   5.420469801600e-07  -1.207014244052e-05  -2.790132920582e-06   2.283490877643e-01   5.658498258235e-07  -6.841756449960e-06  -7.094969145213e-07   8.571052939793e-03  -1.072338674020e-06  -5.674872358685e-06  -4.721153049067e-06   4.306079825305e-03  -3.999033192034e-06  -1.800305715657e-02  -1.773114882969e-04   2.558658960468e-05  -1.106090382898e-07   1.887925567050e-05  -2.466684533770e-02  -3.969961113573e-02  -3.792710746287e-02  -9.744124702167e-03   1.441669222100e-01  -2.550849430517e-01  -1.762139497098e-01   2.304265503331e-02   3.706574007746e-02   3.540479815106e-02   9.090557870599e-03  -1.347033611893e-01  -2.101446020776e-01   2.021012026299e-01   1.630928334032e-03   2.626824028908e-03   2.506484696584e-03   6.409855910995e-04  -9.519632349552e-03   9.519742759716e-02  -2.598649579959e-02
  -2.978390393682e-07  -4.681954152991e-07  -7.888137607309e-06  -8.764621496072e-02   1.570956167433e-02  -1.068538686512e-05  -2.000896931263e-05  -2.043082950311e-01   3.661859937354e-02  -1.000239265472e-05  -1.494265375031e-05  -1.642348107829e-01   2.943671051370e-02  -5.314537514644e-06  -5.457231460030e-06  -6.406528467266e-02   1.148303279056e-02  -8.821943235834e-02   1.340201343390e+00  -1.183266108264e-05   1.581018997206e-02  -1.377947412173e-05  -6.398391642411e-09  -1.349187272890e-08   3.056014448660e-08   6.470974024409e-03  -1.156629694508e-03  -1.312523517746e-07   3.494812257967e-07   6.261934219312e-03  -1.119541492554e-03   8.613921538296e-07   1.514568501490e-06  -1.799293763867e-02   3.225405994031e-03  -2.334565989782e-07  -4.034075911782e-06  -5.353062783578e-02   9.595393306249e-03  -1.997031552964e-03  -2.229890325067e-02  -1.035993050593e-07   3.580435430441e-04   1.960580821154e-07  -2.330008755472e-02  -4.869855995130e-02  -5.457539807442e-02  -1.551471084788e-02  -1.767125954006e-01  -3.277354360350e-01   6.138825821117e-02   2.674312663660e-02   5.586234621757e-02   6.260106336324e-02   1.779132135794e-02   2.026746009225e-01  -3.275333226063e-01   5.664436488217e-02  -3.428564769692e-03  -7.173879807906e-03  -8.041850812920e-03  -2.287961292474e-03  -2.606093961882e-02  -3.316482965972e-01   5.881604370798e-02
  -7.313334024046e-04  -1.864273056241e-03  -6.431295846324e-02   1.360045142940e-02   7.589602785415e-02   1.889649137848e-02  -2.039588936959e-01   3.170186979271e-02   1.769064857659e-01   5.082154034903e-02  -2.035589336246e-01   2.548198424356e-02   1.421956433000e-01   3.641889535631e-02  -7.990048841366e-02   9.939783384244e-03   5.546617052505e-02   1.370111130185e-02  -1.183266108264e-05   1.281026375588e+00   7.646884443856e-02   1.025462757987e-01   5.520468127580e-01   5.277238232299e-01   2.406195051680e-01  -1.001042125602e-03  -5.573446519619e-03   4.552266799321e-01   6.282534225673e-02  -9.700318472707e-04  -5.400574528614e-03   2.544257436433e-01   3.292458725763e-03   2.791100558073e-03   1.557390524910e-02   1.446537386107e-01   4.479819549233e-03   8.304967258559e-03   4.634245004729e-02   3.084515050728e-04   1.650931659958e-08   3.969005462727e-02   1.722960727413e-03  -1.073677489233e-01   5.904985661318e-03   1.869104372298e-02   4.276088971633e-02   3.056721545021e-02  -9.431861944536e-03   9.911350378475e-03   2.663366257864e-01   7.616972593544e-04   7.940472907783e-03   3.071521956157e-02   2.714359818731e-02  -4.842797545649e-02   8.942214534742e-02   2.621027835975e-01  -3.415868890702e-02  -6.509879720618e-02  -5.113036298226e-02   3.880646074190e-03  -3.137500076916e-01   5.379583764297e-02   3.258742231459e-01
   1.966206426445e-06   2.992439345671e-06   3.675679995284e-05  -9.168710914248e-06  -6.009990703775e-02   5.532884255418e-05   9.413991674822e-05  -2.154511907454e-05  -1.262017056117e-01   5.876714650624e-05   7.604229792658e-05  -1.598970915980e-05  -9.122028238593e-02   3.476650185283e-05   2.842061093190e-05  -5.857642174259e-06  -3.335024831741e-02  -1.937696830674e-05   1.581018997206e-02   7.646884443856e-02   1.353433401259e+00   4.413716960712e-02  -6.014209006966e-05  -5.747339989638e-05  -3.616415918335e-05   5.419550703548e-07   2.558228715851e-01  -5.098478901356e-05  -1.735072070214e-05   5.657196674821e-07   2.283511032902e-01  -2.664390022416e-05   5.863536674315e-06  -1.072131219492e-06   8.566012070689e-03   2.573590989541e-07   3.688391204883e-05  -3.998316930499e-06   4.293755361382e-03  -1.106402703519e-07   3.185448505609e-05   1.469991711129e-04  -1.800367944214e-02   9.902922917719e-05  -1.235978045836e-02  -1.987264695844e-02  -1.896582814458e-02  -4.853454753630e-03   7.223553841346e-02  -1.762253163020e-01   8.332739065564e-03  -1.518397761064e-02  -2.440464645808e-02  -2.329492934291e-02  -5.965217096261e-03   8.876009922146e-02   2.021131004010e-01  -3.658847751416e-02   2.753710003346e-02   4.436778331851e-02   4.240312325050e-02   1.090819126484e-02  -1.607226490897e-01  -2.598702381573e-02  -3.420332818771e-01
   1.267110331580e-03   3.230585556166e-03   1.113770836366e-01   7.844874565790e-03   4.385529670678e-02  -3.267018121626e-02   3.532221876692e-01   1.828650795479e-02   1.022178534658e-01  -8.794698714195e-02   3.525412510772e-01   1.469785634645e-02   8.216766577909e-02  -6.302726217740e-02   1.383793148671e-01   5.732836089257e-03   3.205243661429e-02   7.902988344905e-03  -1.377947412173e-05   1.025462757987e-01   4.413716960712e-02   1.162487366027e+00  -9.561732240894e-01  -9.140446529229e-01  -4.167684563930e-01  -5.850302568853e-04  -3.256662774896e-03  -7.884785111141e-01  -1.088184938455e-01  -5.637064990034e-04  -3.141411734000e-03  -4.406646735869e-01  -5.669076591336e-03   1.608438496999e-03   8.998682490904e-03  -2.505045081015e-01  -7.699083122543e-03   4.787441765341e-03   2.677519825893e-02   1.813650768459e-04  -1.196345473507e-08  -1.073681164702e-01   1.012063160522e-03   1.636683378962e-01   2.459857201617e-02   4.042517703362e-02   7.539586132057e-03  -2.972461672581e-02   2.805079890715e-01   9.597469840752e-02   1.989958554050e-01   2.163884985967e-02   3.421959554048e-02   5.869671228697e-04  -3.170099978298e-02   2.579390855130e-01  -3.275752184953e-02   2.069316871737e-01   1.445703598624e-03  -7.952473047678e-03  -4.666917983469e-02  -4.513054222744e-02   1.049613777009e-01   2.510736810076e-02   8.769944669802e-02
  -3.353268773675e-04  -2.306590803784e-04   1.542193654077e-02   8.765416427299e-08   6.087528221732e-07  -2.604750009260e-01   8.889867240979e-01   6.935728546154e-06   2.807005888398e-05  -9.562962644077e-01   1.873804061789e+00   1.467592461689e-05   5.896610387198e-05  -7.807461539003e-01   8.494711720624e-01   6.650913780354e-06   2.673639978424e-05  -1.500044508807e-05  -6.398391642411e-09   5.520468127580e-01  -6.014209006966e-05  -9.561732240894e-01  -2.256508837558e+01  -2.815967467623e+01  -2.650736366439e-02  -5.630764204445e-07   7.423651043129e-07  -1.044974375297e+01  -1.149459686251e-02  -2.154956409455e-07   1.806548914353e-07  -4.472085436727e+00  -4.535688614116e-03  -9.859868363110e-08   1.015263642735e-07  -2.038782383964e+00  -1.447913846743e-03  -5.234900309961e-08   9.496605333839e-08   1.358960581353e-07   4.349092061105e-08  -1.137158904743e-03  -3.334459592921e-07   1.969826516403e-03   6.756331442683e-05  -4.706994637867e-02  -4.492306421351e-01  -5.390232922057e-01   2.680820893112e-03   1.315744521214e-03   6.592909862308e-04   6.753587387823e-05  -4.708182420409e-02  -4.492676070933e-01  -5.390389623492e-01   2.681865608884e-03  -1.229526453983e-03   8.102219202621e-04   6.763846131941e-05  -4.703942774002e-02  -4.491356945430e-01  -5.389830386951e-01   2.678213751977e-03  -8.687024813851e-05  -1.466894125894e-03
  -2.660352111169e-04  -2.172029067312e-04   1.401238127473e-02   5.927159413589e-08   6.461428373815e-07  -2.489417560603e-01   8.471629235353e-01   6.583818395364e-06   2.686239498167e-05  -9.043975623972e-01   1.769368172148e+00   1.383949507810e-05   5.575971768443e-05  -7.389946795528e-01   8.040567115717e-01   6.287635904436e-06   2.534135492471e-05  -1.434533292652e-05  -1.349187272890e-08   5.277238232299e-01  -5.747339989638e-05  -9.140446529229e-01  -2.815967467623e+01  -2.133644803547e+01  -2.531785856120e-02  -5.233969638999e-07   6.622119848393e-07  -9.527940733852e+00  -6.376397794024e-03  -1.058672764297e-07   4.410753641593e-08  -4.203171612809e+00  -1.876860304425e-03  -4.947567154640e-08   6.824623985313e-08  -1.927134504753e+00  -1.884724394975e-04  -3.916117095967e-08   1.242708560099e-07   2.025464935109e-07   5.995947613501e-08  -2.233089632231e-03  -3.655188714249e-07   3.868088569871e-03   2.159178684379e-04  -4.484677018261e-02  -4.252637611374e-01  -5.103120984467e-01   2.516537093798e-03   1.124098821118e-03   5.632965834896e-04   2.159144195146e-04  -4.485809884357e-02  -4.252987240721e-01  -5.103269348539e-01   2.517541124749e-03  -1.050493355471e-03   6.922734241541e-04   2.159098963183e-04  -4.481768235809e-02  -4.251739642596e-01  -5.102739892168e-01   2.514030532045e-03  -7.421447775177e-05  -1.253068151832e-03
  -4.422119856218e-03  -5.666364842333e-03   1.694321248954e-01  -1.670361078685e-07   1.222213717721e-05  -2.353674982041e-01   4.910554634553e-01   2.581809156432e-06   2.800787468473e-05  -2.036938147373e-01   1.776886215808e-01   1.267395160166e-06   1.902388736428e-05  -4.946997238930e-02  -3.656734313708e-02  -2.725119854368e-07   5.545367277933e-06  -8.197705066123e-06   3.056014448660e-08   2.406195051680e-01  -3.616415918335e-05  -4.167684563930e-01  -2.650736366439e-02  -2.531785856120e-02   2.012030111335e+00   3.035353896579e-06  -5.187835910621e-06  -7.242906380646e-03  -1.125688718485e+00   2.672581283631e-06  -4.894791601113e-06  -1.177163123592e-02  -9.523632091083e-01   7.452702483229e-07  -4.366944683067e-07  -4.378707568034e-03  -3.671835184399e-01  -3.439069383400e-07   3.008915987808e-06  -1.329523932413e-06  -2.946958136117e-08   3.608294997618e-02  -3.158791998830e-07  -6.249777668766e-02   5.480837662783e-03  -3.959379272108e-02  -8.683029418922e-02  -3.415407291240e-02   3.053392161819e-02   7.753699591983e-03   3.887632577935e-03   5.479984632323e-03  -3.960027877632e-02  -8.683182158012e-02  -3.415279660309e-02   3.053783929127e-02  -7.246693112909e-03   4.777171089406e-03   5.482290125557e-03  -3.957904229220e-02  -8.682983062718e-02  -3.415891725480e-02   3.052530832967e-02  -5.124032965909e-04  -8.641427601322e-03
  -4.103317981305e-08  -7.975182850632e-08   1.860293699278e-06  -1.331273722296e-02  -3.200995848348e-07  -2.310978677578e-06   5.057805862833e-06  -1.212108998318e-01  -5.335719019884e-07  -2.225122827818e-06   3.375367727779e-06  -2.102407225842e-01  -5.624918997311e-07  -1.024839948137e-06   9.065419804833e-07  -1.087015502167e-01  -3.370581232615e-07   2.558207183529e-01   6.470974024409e-03  -1.001042125602e-03   5.419550703548e-07  -5.850302568853e-04  -5.630764204445e-07  -5.233969638999e-07   3.035353896579e-06   1.891923397182e+00   8.614781579185e-07   4.208537408957e-07   2.638216524282e-06  -1.225940956991e+00   7.359573031236e-07  -1.580305426602e-07   7.515801036988e-07  -9.948348844060e-01   5.831560246639e-08  -6.603289425151e-07  -8.344997775824e-08  -3.931605582602e-01  -3.337475380481e-07  -3.304916859708e-02   4.934110052641e-04  -7.609105937702e-05  -2.235305597981e-07  -4.417788183357e-05   9.075565339439e-03  -1.673075785627e-02  -4.877105448317e-02  -2.258002486101e-02   1.416618721633e-02   3.294432743986e-03   2.445390619667e-03  -8.475938983290e-03   1.563122629209e-02   4.555544412978e-02   2.108964486989e-02  -1.323439746511e-02   2.671932240319e-03  -2.807015634332e-03  -5.996826334412e-04   1.105341440347e-03   3.223174192428e-03   1.492165379511e-03  -9.358013244922e-04  -1.560267093865e-03   3.595153422987e-04
  -1.207013402335e-07  -1.528832357727e-08   3.891491245867e-06  -3.200010800608e-07  -1.331479777973e-02  -5.405585178118e-06   1.800134092057e-05  -5.334811062849e-07  -1.212143248933e-01  -3.985460493058e-06   1.058205646580e-05  -5.624888720071e-07  -2.102438869432e-01   8.938873960310e-07   6.814583178019e-07  -3.370917269111e-07  -1.087031387119e-01   5.420469801600e-07  -1.156629694508e-03  -5.573446519619e-03   2.558228715851e-01  -3.256662774896e-03   7.423651043129e-07   6.622119848393e-07  -5.187835910621e-06   8.614781579185e-07   1.891927208790e+00  -2.200989097576e-06  -4.775611034742e-06   7.359587524543e-07  -1.225937536862e+00  -3.813880255669e-08  -4.378270885732e-07   5.830823450704e-08  -9.948344390640e-01   2.477386152329e-06   1.809793232903e-06  -3.337789073573e-07  -3.931620155459e-01  -2.235191441877e-07  -8.892037041952e-05  -4.277388620376e-04  -3.304985370517e-02  -2.469460523785e-04   4.548070557105e-03  -8.382009466408e-03  -2.443523911969e-02  -1.131163424835e-02   7.097258588981e-03   2.445540387818e-03  -3.605977539266e-04   5.586510774549e-03  -1.029876275401e-02  -3.001711831466e-02  -1.389520933278e-02   8.720015926388e-03  -2.807060836199e-03   2.624718360928e-04  -1.013442046915e-02   1.866133575135e-02   5.443362866550e-02   2.520621566880e-02  -1.580373099955e-02   3.594109696282e-04   4.492321583961e-03
  -2.073165791941e-02  -2.124838506553e-02   1.980740904847e-01   6.443063070177e-07   9.942706084412e-06  -3.914685082939e-01   9.163618732076e-01   5.880389186235e-06   3.391493295629e-05  -8.820929139546e-01   1.529872896843e+00   1.096490779132e-05   5.196128718651e-05  -7.358921676492e-01   7.726848033575e-01   5.600442537118e-06   2.600797324238e-05  -1.207014244052e-05  -1.312523517746e-07   4.552266799321e-01  -5.098478901356e-05  -7.884785111141e-01  -1.044974375297e+01  -9.527940733852e+00  -7.242906380646e-03   4.208537408957e-07  -2.200989097576e-06  -4.989649384366e+00  -4.850116059669e-02   5.236800841181e-08  -3.359136153860e-06  -3.095842811283e+00  -4.335107550860e-02  -4.609792474594e-07  -1.008091806292e-06  -1.749282056937e+00  -8.737714758224e-03  -5.124534830742e-07   1.352701219243e-06  -6.490432831266e-07   2.585585822130e-08   1.978430076378e-02  -1.883931459416e-06  -3.426678349392e-02   1.706001644377e-03  -8.874650743110e-02  -4.403361653584e-01  -5.160693663338e-01   3.941886400319e-02   1.662291306718e-02   8.330229669285e-03   1.705033162997e-03  -8.876322842802e-02  -4.403687632383e-01  -5.160837534941e-01   3.942727183724e-02  -1.553162465346e-02   1.023550470427e-02   1.707794747159e-03  -8.870377142140e-02  -4.402522907160e-01  -5.160323443716e-01   3.939836364055e-02  -1.098115862137e-03  -1.853872261057e-02
  -6.861317943027e-02  -8.195150396679e-02   3.795894739046e-01   1.562943614814e-06   2.100901339941e-05  -3.610554844298e-01   4.372285747623e-01   2.095054105738e-06   2.842581031763e-05  -2.739276754021e-01   1.846903615016e-01   1.060635298269e-06   2.018916678106e-05  -9.702382740154e-02  -1.947545710552e-02  -1.754506794845e-07   7.027509692417e-06  -2.790132920582e-06   3.494812257967e-07   6.282534225673e-02  -1.735072070214e-05  -1.088184938455e-01  -1.149459686251e-02  -6.376397794024e-03  -1.125688718485e+00   2.638216524282e-06  -4.775611034742e-06  -4.850116059669e-02   5.634950999610e-02   1.611272455361e-06  -5.760464755646e-06  -1.037116415733e-01  -5.556356099977e-01  -3.926450082344e-07  -2.162810196314e-06  -7.583451620216e-02  -3.842518708431e-01  -9.294473382928e-07   2.372487189985e-06  -2.407815586674e-06  -5.533193449911e-08   7.698192516245e-02  -2.684002279806e-06  -1.333368331347e-01  -3.406989957750e-03  -8.844200650196e-02  -1.328228588204e-01  -6.922452081076e-02   8.229134700614e-02   3.927712093742e-02   1.968293610311e-02  -3.411002782347e-03  -8.845150816929e-02  -1.328248323618e-01  -6.922338194353e-02   8.229975638434e-02  -3.669591268640e-02   2.418283087069e-02  -3.398014244242e-03  -8.842057806465e-02  -1.328214367078e-01  -6.922917420842e-02   8.227476864633e-02  -2.595397026829e-03  -4.381370316357e-02
