ARMA_MAT_TXT_FN008
65 65
  -2.170554224598e+01  -2.194563029847e+01   1.321019309467e-01   3.450930423255e-06   7.744129438818e-06  -7.720063512708e+00   6.098703582687e-02   1.593678796391e-06   3.572456070840e-06  -3.498912382541e+00   1.942830081668e-02   5.080314038197e-07   1.135844474332e-06  -1.476714036498e+00   4.889008919921e-03   1.278914411419e-07   2.854799853713e-07  -4.752782491394e-07  -3.950161092879e-07   6.458238557380e-03   1.551658834934e-06  -1.118391416903e-02  -2.564842564333e-04  -1.161866757803e-04  -3.636391945294e-03  -2.840156924740e-08  -1.144161338544e-07  -3.650969108208e-02  -1.314801454691e-01  -1.021181814602e-06  -4.141221435258e-06  -7.885196446138e-01  -2.146938803733e+00  -1.673039319852e-05  -6.742849249809e-05  -1.388864926012e+00  -2.309538844594e+00  -1.800521330861e-05  -7.242221599096e-05  -9.452210775651e-07   2.623557476192e-10   3.515494946265e-02  -3.837915209627e-06  -6.089015433433e-02  -2.334162125083e-01  -1.679593316103e+00  -1.793186009606e+00  -1.099868122626e+00   6.575315215236e-01   1.668585805097e+00   8.359850383347e-01  -2.333775593087e-01  -1.679494090261e+00  -1.793150945258e+00  -1.099860470759e+00   6.572827610829e-01  -1.558314487706e+00   1.026758942219e+00  -2.334843091713e-01  -1.679768190473e+00  -1.793247842205e+00  -1.099881619543e+00   6.582227818248e-01  -1.103458277501e-01  -1.863161555932e+00
  -2.194563029847e+01  -1.994818925589e+01   1.835062523305e-01   4.793745983927e-06   1.075771860102e-05  -8.326805467293e+00   5.702080372657e-02   1.489528698864e-06   3.342925011734e-06  -3.789466018498e+00   1.489184868834e-02   3.889919780834e-07   8.732229683154e-07  -1.596076341727e+00   3.484246221784e-03   9.100932043050e-08   2.043373353832e-07  -2.376935457355e-07  -1.981065367510e-07   3.222616220919e-03   7.768378999128e-07  -5.580696907819e-03   1.200549347822e-05   9.172263818667e-06  -4.127615896630e-05  -3.294411784456e-10  -1.288118601190e-09  -2.765833487898e-02  -1.204424133637e-01  -9.419929197748e-07  -3.783698949038e-06  -8.473271669852e-01  -2.326276584683e+00  -1.818033548076e-05  -7.298906069306e-05  -1.499454760827e+00  -2.501075224875e+00  -1.955117437901e-05  -7.842405516494e-05  -6.873806559940e-07  -1.429217322823e-11   2.534901918046e-02  -2.758927841613e-06  -4.390578880684e-02  -2.456411484471e-01  -1.821848581523e+00  -1.940453376998e+00  -1.188504098262e+00   7.260407804938e-01   1.847509902421e+00   9.256283474642e-01  -2.455976483721e-01  -1.821740422736e+00  -1.940415164710e+00  -1.188495766995e+00   7.257655262472e-01  -1.725414897731e+00   1.136859553278e+00  -2.457177387381e-01  -1.822039101581e+00  -1.940520692806e+00  -1.188518775062e+00   7.268060759215e-01  -1.221783078758e-01  -2.062948668498e+00
   1.321019309467e-01   1.835062523305e-01  -9.439548984697e+00  -3.402011187896e-06   1.111540821831e-05   4.896719857993e-01  -6.267583666151e+00  -3.713816784474e-06   1.206527487868e-05   3.125183193672e-01  -2.318005485576e+00  -1.569015037985e-06   5.028938510039e-06   1.484159338943e-01  -6.182425270164e-01  -4.341384603014e-07   1.380089616547e-06   6.392627479044e-06  -3.837618536949e-06  -2.038591796269e-01   3.068921424547e-05   3.530843638990e-01   1.790067052473e-02   1.341628364507e-02   1.240866691103e-01   1.043865000412e-06   4.217801094397e-06   4.166945023557e-01   1.046860901958e+00   9.109865050871e-06   3.738417554185e-05   1.335737052119e+00   2.283822653830e+00   2.356347999888e-05   9.846122057040e-05   8.857863444083e-01   5.086522603972e-01   1.011701360698e-05   4.445412369379e-05   1.185881933105e-05  -7.086527672878e-09  -3.965815491974e-01   4.858808967741e-05   6.868992925217e-01  -3.620214944592e-01  -4.615513246106e-01  -6.264589095520e-02   5.755551401515e-02  -5.602630670113e-01   9.829698531694e-01   4.924836900475e-01  -3.618794863791e-01  -4.613740510551e-01  -6.258450215096e-02   5.756919617401e-02  -5.604252728884e-01  -9.177772550073e-01   6.047171684863e-01  -3.624203058663e-01  -4.620969376333e-01  -6.284465949046e-02   5.751031240177e-02  -5.596562160865e-01  -6.506192621984e-02  -1.098557148828e+00
   3.450930423255e-06   4.793745983927e-06  -3.402011187896e-06  -9.279702288136e+00  -2.833232721141e-06   1.280574310514e-05  -3.713816784474e-06  -6.091310525450e+00  -3.055790444980e-06   8.188558217832e-06  -1.569015037985e-06  -2.242040397881e+00  -1.261944608866e-06   3.892466790709e-06  -4.341384603014e-07  -5.969926701488e-01  -3.448503210440e-07   2.345538472483e-01  -3.145973058981e-02   4.879651454911e-03  -3.837618536949e-06   2.811351024961e-03   1.407886603960e-07   1.054201608530e-07   1.055813985997e-06  -9.854466851342e-03   1.349214846605e-10   3.354660269368e-06   9.568824986266e-06  -1.360461325820e-01   8.704858762863e-09   1.199354755918e-05   2.801506824152e-05  -8.103047055994e-01  -8.582058438273e-09   9.632069261500e-06   1.470276649460e-05  -8.425018628498e-01  -2.435730575603e-07  -1.640667596772e-01  -1.689883948467e-05  -1.378917228136e-06   7.962839898986e-09   9.120874029134e-06  -9.684949822161e-01  -1.499646225512e+00  -5.782849819362e-01  -1.342861130753e-01   1.115085036039e+00   1.810956830571e+00   1.380652037338e+00   9.044944142644e-01   1.400652038684e+00   5.401342267989e-01   1.254320258747e-01  -1.041174908928e+00   1.459231741267e+00  -1.583911104691e+00   6.404823400949e-02   9.916472054009e-02   3.824052504526e-02   8.881849548136e-03  -7.379874372320e-02  -9.328595584633e-01   2.034372768784e-01
   7.744129438818e-06   1.075771860102e-05   1.111540821831e-05  -2.833232721141e-06  -9.279687415167e+00   2.861883376877e-05   1.206527487868e-05  -3.055790444980e-06  -6.091294063608e+00   1.813662106558e-05   5.028938510039e-06  -1.261944608866e-06  -2.242033290170e+00   8.576453605829e-06   1.380089616547e-06  -3.448503210440e-07  -5.969906827494e-01  -3.837618536949e-06   5.646845845651e-03   2.726569629802e-02   2.345437544442e-01   1.574520990203e-02   5.618283764426e-07   4.212257547901e-07   4.200513733287e-06   1.344104884578e-10  -9.854465453183e-03   1.298612567149e-05   3.683115306886e-05   8.686103262428e-09  -1.360459942755e-01   4.141552935668e-05   9.690006369671e-05  -8.734100857529e-09  -8.103022024763e-01   2.920914889158e-05   4.684785512632e-05  -2.436982450308e-07  -8.424988380008e-01   7.942767785415e-09   8.325310010716e-07  -1.117846006934e-05  -1.640666481555e-01   3.243107593475e-05  -4.852281708087e-01  -7.513354190571e-01  -2.897200462400e-01  -6.727392145352e-02   5.586714019768e-01   1.380642240009e+00  -2.530322593769e-01  -5.959606026206e-01  -9.228629963284e-01  -3.558748733912e-01  -8.263715648782e-02   6.860165953345e-01  -1.583896539581e+00   9.894716687904e-02   1.081427352259e+00   1.674307585140e+00   6.456105840137e-01   1.499233370980e-01  -1.246047684641e+00   2.034325090616e-01   2.490017436302e+00
  -7.720063512708e+00  -8.326805467293e+00   4.896719857993e-01   1.280574310514e-05   2.861883376877e-05  -1.082923478649e+01   7.815090335573e-01   2.062177027396e-05   4.203967545074e-05  -7.666062515011e+00   5.034512282807e-01   1.309179945799e-05   2.361493953213e-05  -3.946633480512e+00   1.704100295510e-01   4.367394983676e-06   7.493288585042e-06  -1.110809276502e-05  -7.972025117868e-06   1.710015443075e-01   3.262862453523e-05  -2.961291541542e-01  -3.882522375705e-01  -3.796467048741e-01  -4.950332995473e-01  -3.797461207601e-06  -1.567893927148e-05  -1.225334613371e+00  -1.691943298878e+00  -1.265617270897e-05  -5.404236811470e-05  -2.908769128732e+00  -4.942181528380e+00  -3.544184507308e-05  -1.589705970408e-04  -3.811809767898e+00  -5.149612055287e+00  -3.624222891423e-05  -1.632929945676e-04  -1.136694192410e-05   4.292318682035e-08   4.410951067935e-01  -4.889411601608e-05  -7.639986064762e-01  -1.638646693909e+00  -4.025700330245e+00  -4.438597835506e+00  -3.000016408462e+00   1.364218339782e+00   3.199614659779e+00   1.603060114681e+00  -1.638538794331e+00  -4.025562732460e+00  -4.438539609001e+00  -3.000001626938e+00   1.363826701389e+00  -2.988351515600e+00   1.969009928387e+00  -1.638838298828e+00  -4.025948140909e+00  -4.438703637349e+00  -3.000043279911e+00   1.365385147373e+00  -2.115672688380e-01  -3.572320782547e+00
   6.098703582687e-02   5.702080372657e-02  -6.267583666151e+00  -3.713816784474e-06   1.206527487868e-05   7.815090335573e-01  -8.510028296801e+00  -1.082981587466e-05   2.982035056805e-05   9.174397788760e-01  -5.467292348408e+00  -8.339711744516e-06   1.599545293514e-05   5.661565990287e-01  -1.900109748096e+00  -2.954803220987e-06   4.488898317338e-06   1.675058455000e-05  -1.440906004082e-05  -6.347716976516e-01   1.024346540326e-04   1.099420274456e+00   1.334360756913e+00   1.316052596042e+00   1.283619065080e+00   1.186875741858e-05   4.900285903092e-05   3.156062052017e+00   3.247713428096e+00   3.072505013925e-05   1.307414861605e-04   4.154253249547e+00   4.089597689278e+00   4.559019687473e-05   2.025863304029e-04   2.704378450010e+00   9.481826823428e-01   2.255249123542e-05   1.094074368325e-04   2.415880922775e-05  -1.077242210586e-07  -7.217296870453e-01   1.042148273875e-04   1.250071165543e+00  -9.192131045423e-01  -9.268084796295e-01  -5.598336829925e-02   2.668864244565e-01  -1.415089537041e+00   1.274750560758e+00   6.386745573399e-01  -9.189063926235e-01  -9.264529572396e-01  -5.582124313446e-02   2.669293133164e-01  -1.415309452944e+00  -1.190245082249e+00   7.842499954556e-01  -9.201313051536e-01  -9.279235437460e-01  -5.650716219175e-02   2.667461272878e-01  -1.414268354121e+00  -8.436916290172e-02  -1.424574306925e+00
   1.593678796391e-06   1.489528698864e-06  -3.713816784474e-06  -6.091310525450e+00  -3.055790444980e-06   2.062177027396e-05  -1.082981587466e-05  -7.899940767557e+00  -7.237206940042e-06   2.385720189984e-05  -8.339711744516e-06  -4.894411536269e+00  -4.024703790521e-06   1.450988241176e-05  -2.954803220987e-06  -1.681052744938e+00  -1.202933100290e-06   5.353760915299e-01  -1.275072614661e-01   1.977840243467e-02  -1.440906004082e-05   1.140221833994e-02   1.048907237610e-05   1.034159851337e-05   1.220060385333e-05  -2.635520293634e-01   3.241878403250e-09   2.520141958843e-05   3.303325635109e-05  -8.482194915180e-01   6.393836802190e-08   3.677796616429e-05   5.788366132106e-05  -2.165545353003e+00   6.328716705231e-07   3.016950531542e-05   3.786008500034e-05  -2.233408076586e+00  -1.334843335050e-08  -7.537819607127e-01  -1.298451385528e-04   1.040381926758e-05   4.971799520622e-08   3.119148055216e-05  -2.457431515812e+00  -3.075964891147e+00  -1.449395135864e+00  -3.886575022630e-01   1.553241053359e+00   1.668843175919e+00   1.800117668708e+00   2.295174549036e+00   2.872966775110e+00   1.353787244713e+00   3.630369763906e-01  -1.450377441541e+00   1.210364188577e+00  -2.065212033561e+00   1.624971637565e-01   2.033944530477e-01   9.584745618848e-02   2.570899449498e-02  -1.027832008932e-01  -1.908559957264e+00   2.652267486126e-01
   3.572456070840e-06   3.342925011734e-06   1.206527487868e-05  -3.055790444980e-06  -6.091294063608e+00   4.203967545074e-05   2.982035056805e-05  -7.237206940042e-06  -7.899886309401e+00   4.303353271482e-05   1.599545293514e-05  -4.024703790521e-06  -4.894366940387e+00   2.489510031790e-05   4.488898317338e-06  -1.202933100290e-06  -1.681036849522e+00  -1.440906004082e-05   2.287173015399e-02   1.104482875460e-01   5.353395344463e-01   6.380484806005e-02   4.188824794825e-05   4.131878262559e-05   4.851199543362e-05   3.227602524087e-09  -2.635519936142e-01   9.850971192017e-05   1.274121868270e-04   6.383973757883e-08  -8.482186959915e-01   1.258009613071e-04   1.888174832593e-04   6.323774975117e-07  -2.165533355253e+00   8.153270843061e-05   1.036034195018e-04  -1.387468141080e-08  -2.233387543174e+00   4.961922172696e-08   1.330039606346e-05   2.774368367082e-05  -7.537813523703e-01   1.153660363100e-04  -1.231204197508e+00  -1.541081416371e+00  -7.261420275785e-01  -1.947072584226e-01   7.781937968235e-01   1.800096266684e+00  -1.022210017979e+00  -1.512263276344e+00  -1.892938139642e+00  -8.919537578436e-01  -2.391725874445e-01   9.556352659259e-01  -2.065179943429e+00  -5.632558528855e-01   2.743695764876e+00   3.434106929388e+00   1.618121552340e+00   4.339152924260e-01  -1.735427017354e+00   2.652160617737e-01   2.553922682365e+00
  -3.498912382541e+00  -3.789466018498e+00   3.125183193672e-01   8.188558217832e-06   1.813662106558e-05  -7.666062515011e+00   9.174397788760e-01   2.385720189984e-05   4.303353271482e-05  -8.009251626004e+00   1.111979269838e+00   2.666801495850e-05   4.046462950492e-05  -5.480651514813e+00   5.409399025504e-01   1.239365375928e-05   1.798495517751e-05  -1.350975480797e-05  -7.748532055590e-06   2.435953399925e-01   3.179972084830e-05  -4.218487820185e-01  -1.434325199343e+00  -1.419263196755e+00  -5.450904267556e-01  -3.993966092324e-06  -1.754242410746e-05  -2.977362179371e+00  -1.586113204210e+00  -1.104693110550e-05  -5.189357499464e-05  -4.554120190758e+00  -4.069424125308e+00  -2.577086493406e-05  -1.362502065190e-04  -5.346244755419e+00  -5.027456425884e+00  -2.996856285251e-05  -1.656402064636e-04  -4.508517048245e-06   1.112445235112e-07   1.970139279705e-01  -2.268479001161e-05  -3.412368016021e-01  -1.997844924536e+00  -4.301986110700e+00  -5.439819216050e+00  -4.327464775185e+00   9.269035024628e-01   1.954041098104e+00   9.790136035198e-01  -1.997794835818e+00  -4.301924038447e+00  -5.439790935482e+00  -4.327455707627e+00   9.266948875373e-01  -1.825065603964e+00   1.202537387736e+00  -1.997934812233e+00  -4.302100061355e+00  -5.439870030754e+00  -4.327480351249e+00   9.275524494923e-01  -1.291971641245e-01  -2.181551606983e+00
   1.942830081668e-02   1.489184868834e-02  -2.318005485576e+00  -1.569015037985e-06   5.028938510039e-06   5.034512282807e-01  -5.467292348408e+00  -8.339711744516e-06   1.599545293514e-05   1.111979269838e+00  -6.905160324001e+00  -1.154149832010e-05   3.731875966660e-06   9.862119908593e-01  -3.900262721464e+00  -5.783676530645e-06  -1.586245970499e-06   1.378454678959e-05  -1.032281654986e-05  -5.281011237939e-01   8.057824072352e-05   9.146727084863e-01   2.813348602767e+00   2.789847152778e+00   5.307774946274e-01   7.564432231733e-06   3.317010122841e-05   5.273000578258e+00   1.328764072423e+00   1.876289321606e-05   8.720085126897e-05   6.168969713472e+00   1.722197327535e+00   3.180133020312e-05   1.582038063609e-04   4.658782418963e+00  -1.238339743040e-01   2.388145157226e-05   1.266718048843e-04   4.210870815012e-06  -1.797385376658e-07  -4.845002782605e-02   2.230269253174e-05   8.391575622848e-02  -8.114314202233e-01  -9.948788595908e-01  -1.695361056751e-01   4.235827016117e-01  -1.458093481832e+00   6.052035408132e-01   3.032213634813e-01  -8.111943292265e-01  -9.945274401287e-01  -1.692835892265e-01   4.236763707914e-01  -1.458213891433e+00  -5.650975981718e-01   3.723456852338e-01  -8.121805636053e-01  -9.960049423490e-01  -1.703495688365e-01   4.232796824732e-01  -1.457662835202e+00  -4.005248780671e-02  -6.763025783819e-01
   5.080314038197e-07   3.889919780834e-07  -1.569015037985e-06  -2.242040397881e+00  -1.261944608866e-06   1.309179945799e-05  -8.339711744516e-06  -4.894411536269e+00  -4.024703790521e-06   2.666801495850e-05  -1.154149832010e-05  -5.873883681686e+00  -2.452878753318e-06   2.259543045417e-05  -5.783676530645e-06  -3.342432967231e+00  -7.516797142851e-07   3.820159360593e-01  -9.779249288027e-02   1.516814968523e-02  -1.032281654986e-05   8.745421882357e-03   2.211311306982e-05   2.192256375936e-05   8.138988371331e-06  -5.003360881686e-01   5.154273682292e-09   4.192147147133e-05   2.158142107784e-05  -1.343122727208e+00   8.095890837003e-08   5.262772290566e-05   4.416338356083e-05  -3.031791949325e+00   9.682482592673e-07   4.767620457390e-05   4.288310070740e-05  -3.750100395917e+00   9.787786355332e-07  -4.951858970087e-01  -1.589370201619e-04   2.143856320371e-05   4.254840096155e-08   2.092171613247e-05  -2.158754552062e+00  -3.187893988704e+00  -2.227154858746e+00  -8.266625709699e-01   8.224961909942e-01  -1.434697575067e-02   8.514726517910e-01   2.016298690698e+00   2.977565570105e+00   2.080251592443e+00   7.721596390142e-01  -7.680745385960e-01  -2.311847822246e-01  -9.768927586195e-01   1.427369739445e-01   2.107867855079e-01   1.472738382152e-01   5.467561345656e-02  -5.441885336154e-02  -1.706463030442e+00   1.254478616764e-01
   1.135844474332e-06   8.732229683154e-07   5.028938510039e-06  -1.261944608866e-06  -2.242033290170e+00   2.361493953213e-05   1.599545293514e-05  -4.024703790521e-06  -4.894366940387e+00   4.046462950492e-05   3.731875966660e-06  -2.452878753318e-06  -5.873823834400e+00   3.278918483826e-05  -1.586245970499e-06  -7.516797142851e-07  -3.342404313757e+00  -1.032281654986e-05   1.754036857606e-02   8.469604599242e-02   3.819906666004e-01   4.893653556050e-02   8.831944266252e-05   8.759029601090e-05   3.231879093082e-05   5.129545286277e-09  -5.003360288868e-01   1.648321723795e-04   8.303127250954e-05   8.083765313065e-08  -1.343121760860e+00   1.880069501025e-04   1.413036019403e-04   9.677273341575e-07  -3.031778342276e+00   1.372356604902e-04   1.111520686777e-04   9.780600731097e-07  -3.750069841918e+00   4.247531573705e-08   2.212290429667e-05   9.451118856672e-05  -4.951853930435e-01   8.936770751071e-05  -1.081563680656e+00  -1.597162587123e+00  -1.115807989044e+00  -4.141490651676e-01   4.120818146176e-01   8.514568303017e-01  -1.287230752044e+00  -1.328515907177e+00  -1.961861708196e+00  -1.370606677527e+00  -5.087267413092e-01   5.060751733315e-01  -9.768687261728e-01  -1.070136174603e+00   2.410055945150e+00   3.558939592300e+00   2.486374318086e+00   9.229005198415e-01  -9.188261170807e-01   1.254396525133e-01   4.042144256492e-01
  -1.476714036498e+00  -1.596076341727e+00   1.484159338943e-01   3.892466790709e-06   8.576453605829e-06  -3.946633480512e+00   5.661565990287e-01   1.450988241176e-05   2.489510031790e-05  -5.480651514813e+00   9.862119908593e-01   2.259543045417e-05   3.278918483826e-05  -5.329212483703e+00   6.989910278524e-01   1.513827533304e-05   2.130763523857e-05  -8.174510025225e-06  -4.172826619877e-06   1.575248017093e-01   1.681293354102e-05  -2.727974590189e-01  -1.170085738990e+00  -1.157859593664e+00  -1.627771052899e-01  -1.047018720876e-06  -5.454353792630e-06  -2.432245565627e+00  -5.371622293180e-01  -3.102862954504e-06  -1.852155088677e-05  -3.737521081188e+00  -1.663794139984e+00  -8.035819569252e-06  -5.933795925684e-05  -4.792786646225e+00  -2.694416056401e+00  -1.185406187766e-05  -9.331168682338e-05  -7.674964587516e-07   8.819906432654e-08   4.469371552049e-02  -5.528864353306e-06  -7.741073579628e-02  -1.279171383519e+00  -2.913304213478e+00  -4.457361893632e+00  -4.531105541441e+00   4.001000513962e-01   7.397190942718e-01   3.706173529549e-01  -1.279161286470e+00  -2.913297251463e+00  -4.457366763286e+00  -4.531106948799e+00   4.000289675483e-01  -6.908978361384e-01   4.552386908049e-01  -1.279190128934e+00  -2.913318480913e+00  -4.457351496622e+00  -4.531100997863e+00   4.003268635140e-01  -4.890634000616e-02  -8.258325076781e-01
   4.889008919921e-03   3.484246221784e-03  -6.182425270164e-01  -4.341384603014e-07   1.380089616547e-06   1.704100295510e-01  -1.900109748096e+00  -2.954803220987e-06   4.488898317338e-06   5.409399025504e-01  -3.900262721464e+00  -5.783676530645e-06  -1.586245970499e-06   6.989910278524e-01  -4.125893217384e+00  -4.207275645691e-06  -3.717556638663e-06   5.041691859886e-06  -3.420165098035e-06  -1.915404394877e-01   2.826083514191e-05   3.317495256637e-01   1.273154699244e+00   1.261011186878e+00  -5.836327000795e-02   1.118663014040e-06   5.799525121300e-06   2.541550078511e+00  -1.296984613880e-01   3.087251737560e-06   1.808100632704e-05   3.442141869265e+00  -4.823283492186e-01   6.764549416897e-06   4.439914575279e-05   3.477897977588e+00  -1.450769960288e+00   8.602563127850e-06   5.696310937542e-05   1.360396765450e-07  -8.258796169724e-08   1.401672284285e-02   1.826707809183e-06  -2.427866220107e-02  -3.160957938825e-01  -4.986213900172e-01  -2.603307695378e-01   1.583982070773e-01  -6.447203678922e-01   1.352775567064e-01   6.777823770903e-02  -3.160090614355e-01  -4.984575673212e-01  -2.601462107682e-01   1.585112530510e-01  -6.447545836899e-01  -1.263130844327e-01   8.322975227429e-02  -3.163772252755e-01  -4.991545120736e-01  -2.609284078568e-01   1.580318102746e-01  -6.446064600269e-01  -8.952373542104e-03  -1.511699090243e-01
   1.278914411419e-07   9.100932043050e-08  -4.341384603014e-07  -5.969926701488e-01  -3.448503210440e-07   4.367394983676e-06  -2.954803220987e-06  -1.681052744938e+00  -1.202933100290e-06   1.239365375928e-05  -5.783676530645e-06  -3.342432967231e+00  -7.516797142851e-07   1.513827533304e-05  -4.207275645691e-06  -3.691032844731e+00  -2.319211417873e-07   1.331271501454e-01  -3.327622159715e-02   5.161126806585e-03  -3.420165098035e-06   2.975795129583e-03   1.000695473111e-05   9.908952948488e-06   1.372179413713e-06  -2.316295642201e-01   2.196933247312e-09   2.018169280053e-05   4.309341870092e-06  -6.560946049754e-01   3.481820100283e-08   2.889677686490e-05   1.227318709177e-05  -1.742789545495e+00   4.554969105137e-07   3.326185222569e-05   1.879223457736e-05  -3.018497397665e+00   6.882361625844e-07  -9.546526619822e-02  -6.448626228709e-05   9.472141472308e-06   1.397191399355e-08   6.618072871052e-06  -8.385932611426e-01  -1.546118558509e+00  -1.678823020778e+00  -1.037575889395e+00   2.160846537567e-01  -3.236296055190e-01   1.920952975228e-01   7.832677461460e-01   1.444125743856e+00   1.568089617478e+00   9.691508696270e-01  -2.017976647859e-01  -3.725504056953e-01  -2.203931139549e-01   5.544615262871e-02   1.022281639788e-01   1.110091462175e-01   6.861490182263e-02  -1.429477943895e-02  -7.053667897170e-01   2.830080590597e-02
   2.854799853713e-07   2.043373353832e-07   1.380089616547e-06  -3.448503210440e-07  -5.969906827494e-01   7.493288585042e-06   4.488898317338e-06  -1.202933100290e-06  -1.681036849522e+00   1.798495517751e-05  -1.586245970499e-06  -7.516797142851e-07  -3.342404313757e+00   2.130763523857e-05  -3.717556638663e-06  -2.319211417873e-07  -3.691013351761e+00  -3.420165098035e-06   5.968580415588e-03   2.881870601547e-02   1.331189029123e-01   1.665224121615e-02   3.996833341860e-05   3.959089418307e-05   5.423982532389e-06   2.186022817040e-09  -2.316295384567e-01   7.948322003015e-05   1.627023731517e-05   3.476560316347e-08  -6.560941913118e-01   1.054650940884e-04   3.663512591002e-05   4.552629503318e-07  -1.742783489305e+00   1.036494509695e-04   4.743464127446e-05   6.878413584944e-07  -3.018480607220e+00   1.395075886990e-08   1.041520220410e-05   4.791452883857e-05  -9.546510283862e-02   3.279127133941e-05  -4.201460471571e-01  -7.746203031440e-01  -8.410995180420e-01  -5.198260053982e-01   1.082614908365e-01   1.920896062661e-01  -6.107934958467e-01  -5.160861951415e-01  -9.515094786546e-01  -1.033172377749e+00  -6.385349475165e-01   1.329621719206e-01  -2.203844135440e-01  -5.618192301283e-01   9.361863821298e-01   1.726038147857e+00   1.874195268558e+00   1.158341999828e+00  -2.413571554198e-01   2.829779755829e-02  -2.292039957791e-01
  -4.752782491394e-07  -2.376935457355e-07   6.392627479044e-06   2.345538472483e-01  -3.837618536949e-06  -1.110809276502e-05   1.675058455000e-05   5.353760915299e-01  -1.440906004082e-05  -1.350975480797e-05   1.378454678959e-05   3.820159360593e-01  -1.032281654986e-05  -8.174510025225e-06   5.041691859886e-06   1.331271501454e-01  -3.420165098035e-06  -6.746933761468e+00  -6.511847060014e-02   1.012070749902e-02  -1.619545750009e-05   5.831990775272e-03  -2.267180269685e-05  -2.242464042824e-05  -2.785541426162e-05   5.639044002654e-01  -7.111890162467e-09  -4.900227614534e-05  -6.054895462477e-05   1.604502823325e+00  -1.108682073971e-07  -4.611262354004e-05  -5.045863734679e-05   2.455583680431e+00  -9.168647196859e-07  -2.182023654876e-05  -1.239908034941e-05   1.192694200187e+00  -2.515995818823e-06   1.505288669596e+00   2.495452528434e-04  -1.994403950364e-05  -9.542259902036e-08  -6.156735767547e-05  -1.291882853433e+00  -6.937041954223e-01  -5.651946569286e-02   1.375431285974e-02  -1.547293398751e+00   7.761684511872e-01   7.754266479390e-01   1.206242846243e+00   6.476931825731e-01   5.273321768121e-02  -1.286314213786e-02   1.445470350667e+00   5.784941088181e-01  -8.893554940107e-01   8.550306554515e-02   4.591985547197e-02   3.742159520953e-03  -9.138605786034e-04   1.022382873624e-01  -7.655690012761e-01   1.143598471859e-01
  -3.950161092879e-07  -1.981065367510e-07  -3.837618536949e-06  -3.145973058981e-02   5.646845845651e-03  -7.972025117868e-06  -1.440906004082e-05  -1.275072614661e-01   2.287173015399e-02  -7.748532055590e-06  -1.032281654986e-05  -9.779249288027e-02   1.754036857606e-02  -4.172826619877e-06  -3.420165098035e-06  -3.327622159715e-02   5.968580415588e-03  -6.511847060014e-02  -6.443813614348e+00  -1.032144314510e-05   1.166662037319e-02  -8.884518371739e-06  -5.979254826860e-10  -6.862389452622e-10   4.284166863378e-10   1.538488656881e-05   4.856056914681e-06   3.362890023493e-08   8.763654389382e-08  -1.637975795087e-04   5.120245594344e-05   5.982166469768e-07   8.620099037487e-07  -1.079895419435e-02   1.970754557473e-03  -5.463423518332e-07  -3.451849351821e-06  -3.047661271891e-02   5.481653284655e-03  -7.367603564066e-05  -2.911674552652e-01  -1.066978930121e-08   3.760160886488e-05   1.059413594589e-08  -1.735793777617e+00  -1.138542780339e+00  -2.295110949654e-01  -2.740465981714e-02   9.491324428791e-01   1.122571480584e+00  -1.057377977602e+00   1.991371546236e+00   1.306227328118e+00   2.633126190678e-01   3.143581398773e-02  -1.088655301381e+00   1.033116767059e+00   4.622685563296e-01  -2.557573620535e-01  -1.677523434396e-01  -3.381938201090e-02  -4.040666084593e-03   1.399505594237e-01   2.393077168103e+00  -2.198661902075e-01
   6.458238557380e-03   3.222616220919e-03  -2.038591796269e-01   4.879651454911e-03   2.726569629802e-02   1.710015443075e-01  -6.347716976516e-01   1.977840243467e-02   1.104482875460e-01   2.435953399925e-01  -5.281011237939e-01   1.516814968523e-02   8.469604599242e-02   1.575248017093e-01  -1.915404394877e-01   5.161126806585e-03   2.881870601547e-02   1.012070749902e-02  -1.032144314510e-05  -6.644383508883e+00   5.645962540140e-02   3.474461755094e-01   8.325827266722e-01   8.237954647766e-01   8.568907046573e-01   6.905963235676e-06   5.980093003887e-05   1.772216636691e+00   1.705238984716e+00   4.565498099836e-05   3.264751898923e-04   1.552420076339e+00   9.190976880586e-01   1.691644261012e-03   9.572873836056e-03   6.332554501889e-01  -6.780004668548e-02   4.731279420097e-03   2.647771720743e-02   2.843986319851e-05  -5.163156848290e-08  -6.305142157788e-01   2.476875866932e-04   5.877652371695e-01   6.400291820529e-01   4.356929437754e-01   1.890461103073e-01   1.172765896579e-01   9.671350004076e-02   4.443369876683e-01  -1.654097237837e+00   2.568362762491e-01   1.843696883711e-01   1.383939582687e-01   1.112313662146e-01   3.061122369590e-01  -8.698361062672e-01  -1.732023900164e+00  -2.346576246665e+00  -1.523240864712e+00  -2.058569802255e-01   7.012028140974e-02   1.731199073561e+00  -2.803479911330e-01  -5.514686312474e-01
   1.551658834934e-06   7.768378999128e-07   3.068921424547e-05  -3.837618536949e-06   2.345437544442e-01   3.262862453523e-05   1.024346540326e-04  -1.440906004082e-05   5.353395344463e-01   3.179972084830e-05   8.057824072352e-05  -1.032281654986e-05   3.819906666004e-01   1.681293354102e-05   2.826083514191e-05  -3.420165098035e-06   1.331189029123e-01  -1.619545750009e-05   1.166662037319e-02   5.645962540140e-02  -6.746955087446e+00   3.257674338832e-02  -9.053894142098e-05  -8.959502696720e-05  -1.107537929112e-04  -7.080688409752e-09   5.639043229970e-01  -1.916388149938e-04  -2.336668932664e-04  -1.106805979249e-07   1.604501449396e+00  -1.620306821609e-04  -1.635261679309e-04  -9.163453237453e-07   2.455575411171e+00  -5.030799122383e-05   4.984655246888e-06  -2.515498519264e-06   1.192684765955e+00  -9.521922792970e-08  -2.087781716924e-05  -3.159263070035e-05   1.505287500981e+00  -2.156289030768e-04  -6.472488730052e-01  -3.475388008159e-01  -2.829239501310e-02   6.907760616294e-03  -7.752100230723e-01   7.754100344414e-01  -3.830422899119e-01  -7.947783571722e-01  -4.267410838673e-01  -3.472587698122e-02   8.486038844872e-03  -9.523985627983e-01  -8.893352514350e-01  -1.852936908670e-01   1.443683723922e+00   7.753457563906e-01   6.328216194918e-02  -1.532859631495e-02   1.726236659447e+00   1.143562122441e-01   1.158564266219e+00
  -1.118391416903e-02  -5.580696907819e-03   3.530843638990e-01   2.811351024961e-03   1.574520990203e-02  -2.961291541542e-01   1.099420274456e+00   1.140221833994e-02   6.380484806005e-02  -4.218487820185e-01   9.146727084863e-01   8.745421882357e-03   4.893653556050e-02  -2.727974590189e-01   3.317495256637e-01   2.975795129583e-03   1.665224121615e-02   5.831990775272e-03  -8.884518371739e-06   3.474461755094e-01   3.257674338832e-02  -7.045701320153e+00  -1.442075585398e+00  -1.426855602463e+00  -1.484178223325e+00  -2.002464520293e-05  -6.360565307088e-05  -3.069568807453e+00  -2.953559366534e+00  -2.829344573214e-05  -3.811967391070e-05  -2.688856859569e+00  -1.591891841923e+00   9.202743219291e-04   5.307586342115e-03  -1.096793225513e+00   1.174878184006e-01   2.708633127397e-03   1.522487398157e-02  -3.148580509512e-05   8.140983094230e-08   5.877657349332e-01  -5.745431195890e-05  -1.309206513737e+00   1.486352900108e+00   9.474357806781e-01   1.569832013164e-02  -1.621346717474e-01  -1.586416060047e+00   2.577123893129e-01  -9.544089864777e-01   1.265376356217e+00   8.025063915666e-01  -1.352495024779e-02  -1.656266130347e-01  -1.465167057546e+00  -5.029082311414e-01  -9.995270112926e-01  -2.388169107400e-01  -1.840604291953e-01  -2.123383280307e-01  -1.893480077749e-01  -6.438372301585e-01  -1.620212692932e-01  -3.210600036309e-01
  -2.564842564333e-04   1.200549347822e-05   1.790067052473e-02   1.407886603960e-07   5.618283764426e-07  -3.882522375705e-01   1.334360756913e+00   1.048907237610e-05   4.188824794825e-05  -1.434325199343e+00   2.813348602767e+00   2.211311306982e-05   8.831944266252e-05  -1.170085738990e+00   1.273154699244e+00   1.000695473111e-05   3.996833341860e-05  -2.267180269685e-05  -5.979254826860e-10   8.325827266722e-01  -9.053894142098e-05  -1.442075585398e+00  -4.058988514162e+01  -4.356854842279e+01  -9.590626465066e-02  -1.299940131863e-07  -3.934693926474e-06  -1.570048541782e+01  -4.353006165414e-02  -5.900185383406e-08  -1.785884059123e-06  -6.722046827757e+00  -1.231465748813e-02  -1.669162857846e-08  -5.052267252996e-07  -3.058511051600e+00  -3.452014708180e-03  -4.678956553337e-09  -1.416239216057e-07  -4.098752415421e-08   1.175798084395e-08   3.183722755822e-03  -4.147695011500e-07  -5.514229760737e-03  -8.875008778311e-06  -6.972030397943e-02  -6.731943958290e-01  -8.076601873212e-01   2.911682085762e-03   1.534917734303e-03   7.690785160100e-04  -8.881652506912e-06  -6.973803217376e-02  -6.732498628525e-01  -8.076836807486e-01   2.913107616572e-03  -1.434402262885e-03   9.451982863715e-04  -8.857969447936e-06  -6.967479667294e-02  -6.730519714726e-01  -8.075998568371e-01   2.908133372013e-03  -1.013234294058e-04  -1.711051675889e-03
  -1.161866757803e-04   9.172263818667e-06   1.341628364507e-02   1.054201608530e-07   4.212257547901e-07  -3.796467048741e-01   1.316052596042e+00   1.034159851337e-05   4.131878262559e-05  -1.419263196755e+00   2.789847152778e+00   2.192256375936e-05   8.759029601090e-05  -1.157859593664e+00   1.261011186878e+00   9.908952948488e-06   3.959089418307e-05  -2.242464042824e-05  -6.862389452622e-10   8.237954647766e-01  -8.959502696720e-05  -1.426855602463e+00  -4.356854842279e+01  -3.806818366081e+01  -1.086593776542e-01  -1.472799365409e-07  -4.457908926676e-06  -1.561459179049e+01  -3.125006963997e-02  -4.235721180096e-08  -1.282079535285e-06  -6.682800111845e+00  -7.262605336215e-03  -9.843936861481e-09  -2.979589415861e-07  -3.031372419210e+00  -1.918705580576e-03  -2.600666801612e-09  -7.871768567035e-08  -1.625124198436e-08   4.661950090559e-09   1.262321889004e-03  -1.644529566011e-07  -2.186350213834e-03  -3.505488708985e-06  -6.776960158232e-02  -6.654819225504e-01  -7.990196490688e-01   2.415372054190e-03   1.272182073300e-03   6.374335205005e-04  -3.508464295593e-06  -6.778695899311e-02  -6.655368518476e-01  -7.990429110094e-01   2.416611975969e-03  -1.188900312242e-03   7.834250426930e-04  -3.497858501821e-06  -6.772504573403e-02  -6.653408774522e-01  -7.989599123660e-01   2.412281010650e-03  -8.397451679631e-05  -1.418080108527e-03
  -3.636391945294e-03  -4.127615896630e-05   1.240866691103e-01   1.055813985997e-06   4.200513733287e-06  -4.950332995473e-01   1.283619065080e+00   1.220060385333e-05   4.851199543362e-05  -5.450904267556e-01   5.307774946274e-01   8.138988371331e-06   3.231879093082e-05  -1.627771052899e-01  -5.836327000795e-02   1.372179413713e-06   5.423982532389e-06  -2.785541426162e-05   4.284166863378e-10   8.568907046573e-01  -1.107537929112e-04  -1.484178223325e+00  -9.590626465066e-02  -1.086593776542e-01  -1.297785997064e+01  -2.229244142385e-07  -2.255863216819e-06  -2.966064630929e-01  -8.861900297212e+00  -2.401032704157e-07  -2.429703080388e-06  -1.769481403997e-01  -3.058863560056e+00  -9.222173690375e-08  -9.332294301779e-07  -8.858605456411e-02  -9.154178775557e-01  -2.828881922592e-08  -2.862661183035e-07  -3.909514484056e-07   2.057783754036e-08   1.116758114241e-01  -8.400446597166e-06  -1.934279404857e-01  -1.338339623643e-04  -8.294746355957e-02  -2.358525613751e-01  -1.160800983330e-01   1.266143545137e-02   7.245450585664e-03   3.630369191848e-03  -1.339181591537e-04  -8.296296678248e-02  -2.358601671074e-01  -1.160786062389e-01   1.266615005335e-02  -6.770241991131e-03   4.461244130080e-03  -1.336229050993e-04  -8.291065844419e-02  -2.358410450911e-01  -1.160873401552e-01   1.265035392523e-02  -4.784397039624e-04  -8.079423898653e-03
  -2.840156924740e-08  -3.294411784456e-10   1.043865000412e-06  -9.854466851342e-03   1.344104884578e-10  -3.797461207601e-06   1.186875741858e-05  -2.635520293634e-01   3.227602524087e-09  -3.993966092324e-06   7.564432231733e-06  -5.003360881686e-01   5.129545286277e-09  -1.047018720876e-06   1.118663014040e-06  -2.316295642201e-01   2.186022817040e-09   5.639044002654e-01   1.538488656881e-05   6.905963235676e-06  -7.080688409752e-09  -2.002464520293e-05  -1.299940131863e-07  -1.472799365409e-07  -2.229244142385e-07  -1.291787799004e+01   6.394972729787e-08  -4.020286330080e-07  -2.401032704157e-07  -8.797296024244e+00   6.887777957760e-08  -2.398404210631e-07  -9.222173690375e-08  -3.034049577913e+00   2.645540169334e-08  -1.200719972467e-07  -2.828881922592e-08  -9.078062419622e-01   8.115137506406e-09  -1.779651280416e-01  -1.129943653840e-04   1.656886934941e-05   2.057783754036e-08   9.591093563414e-06  -6.971389962927e-05  -4.213203626089e-02  -1.127012132007e-01  -4.794837435506e-02   7.092512241267e-03   2.709240731709e-03   1.877447029222e-03   6.515768546938e-05   3.936100070135e-02   1.052721898634e-01   4.478536644295e-02  -6.627328609110e-03   2.232096841797e-03  -2.154992816546e-03   4.600321633057e-06   2.783397673709e-03   7.448453169935e-03   3.169318380299e-03  -4.683409377269e-04  -1.020099289049e-03   2.761542811516e-04
  -1.144161338544e-07  -1.288118601190e-09   4.217801094397e-06   1.349214846605e-10  -9.854465453183e-03  -1.567893927148e-05   4.900285903092e-05   3.241878403250e-09  -2.635519936142e-01  -1.754242410746e-05   3.317010122841e-05   5.154273682292e-09  -5.003360288868e-01  -5.454353792630e-06   5.799525121300e-06   2.196933247312e-09  -2.316295384567e-01  -7.111890162467e-09   4.856056914681e-06   5.980093003887e-05   5.639043229970e-01  -6.360565307088e-05  -3.934693926474e-06  -4.457908926676e-06  -2.255863216819e-06   6.394972729787e-08  -1.291787722964e+01  -1.216871132596e-05  -2.429703080388e-06   6.887777957760e-08  -8.797295205245e+00  -7.259554689860e-06  -9.332294301779e-07   2.645540169334e-08  -3.034049263342e+00  -3.634371666265e-06  -2.862661183035e-07   8.115137506406e-09  -9.078061454682e-01   2.057783754036e-08   1.871607852533e-05   8.332149841812e-05  -1.779648891643e-01   5.229695939340e-05  -3.493056557992e-05  -2.111059082615e-02  -5.647040195597e-02  -2.402578902513e-02   3.553748902832e-03   1.877452440211e-03  -9.703959050214e-05  -4.293566738998e-05  -2.593702367843e-02  -6.936994309045e-02  -2.951233177846e-02   4.367082687968e-03  -2.154998342765e-03   3.817830608998e-04   7.768579951393e-05   4.700330274285e-02   1.257819409279e-01   5.351995470142e-02  -7.908888952475e-03   2.761543929372e-04   3.626974644351e-03
  -3.650969108208e-02  -2.765833487898e-02   4.166945023557e-01   3.354660269368e-06   1.298612567149e-05  -1.225334613371e+00   3.156062052017e+00   2.520141958843e-05   9.850971192017e-05  -2.977362179371e+00   5.273000578258e+00   4.192147147133e-05   1.648321723795e-04  -2.432245565627e+00   2.541550078511e+00   2.018169280053e-05   7.948322003015e-05  -4.900227614534e-05   3.362890023493e-08   1.772216636691e+00  -1.916388149938e-04  -3.069568807453e+00  -1.570048541782e+01  -1.561459179049e+01  -2.966064630929e-01  -4.020286330080e-07  -1.216871132596e-05  -1.683707968234e+01  -4.887067894545e-01  -6.624052677040e-07  -2.004990866327e-05  -1.099437579025e+01  -3.008145628342e-01  -4.074965431911e-07  -1.234170400490e-05  -5.910447018112e+00  -1.127667581382e-01  -1.524907694814e-07  -4.626947710998e-06  -8.211052413728e-07   2.355483252901e-07   6.377969687106e-02  -8.309100923604e-06  -1.104668746588e-01  -3.276502147097e-03  -2.624175782889e-01  -1.460154989757e+00  -1.698102370128e+00   6.417471543425e-02   3.514879403003e-02   1.761141167640e-02  -3.277915254171e-03  -2.624709731670e-01  -1.460266035270e+00  -1.698149968579e+00   6.419360065861e-02  -3.284056231565e-02   2.164017533016e-02  -3.272867274696e-03  -2.622804894329e-01  -1.459869948840e+00  -1.697980189114e+00   6.412868221822e-02  -2.321442132233e-03  -3.920213809091e-02
  -1.314801454691e-01  -1.204424133637e-01   1.046860901958e+00   9.568824986266e-06   3.683115306886e-05  -1.691943298878e+00   3.247713428096e+00   3.303325635109e-05   1.274121868270e-04  -1.586113204210e+00   1.328764072423e+00   2.158142107784e-05   8.303127250954e-05  -5.371622293180e-01  -1.296984613880e-01   4.309341870092e-06   1.627023731517e-05  -6.054895462477e-05   8.763654389382e-08   1.705238984716e+00  -2.336668932664e-04  -2.953559366534e+00  -4.353006165414e-02  -3.125006963997e-02  -8.861900297212e+00  -2.401032704157e-07  -2.429703080388e-06  -4.887067894545e-01  -1.066169747553e+01  -8.822218482550e-07  -8.927629080506e-06  -5.723880901265e-01  -6.355515220774e+00  -8.493611505406e-07  -8.605892704446e-06  -3.711263435062e-01  -2.427534629324e+00  -3.701861423915e-07  -3.762738088265e-06  -1.289500671570e-06   9.797514721662e-08   2.881094628063e-01  -2.268591063084e-05  -4.990190903798e-01  -1.091335576622e-02  -3.507743902874e-01  -7.320088570887e-01  -3.875330016061e-01   1.460636405078e-01   9.053950921975e-02   4.536502635280e-02  -1.091743532545e-02  -3.508253587129e-01  -7.320295762645e-01  -3.875293291185e-01   1.460958696543e-01  -8.458856762465e-02   5.573925154231e-02  -1.090323558915e-02  -3.506553050392e-01  -7.319784678843e-01  -3.875522290321e-01   1.459928430005e-01  -5.980949707769e-03  -1.009999550158e-01
