ARMA_MAT_TXT_FN008
65 65
   3.280744990847e-01   2.804158592998e-01  -3.887861360698e-03  -1.293438472652e-07  -1.586974668049e-07  -4.295191849989e-02  -1.578362639456e-03  -2.301779014945e-07  -7.900292731426e-07  -2.907045861273e-02  -2.336445765658e-03  -3.363008778623e-07  -8.738829192013e-07  -6.287368748061e-03  -2.430048476669e-04   2.422504093449e-07   7.030405065728e-07  -7.343975311281e-08  -2.751770643413e-08   3.849746325638e-04   1.006713219559e-07  -6.659881094537e-04   3.045059878717e-04   4.610654190018e-04  -7.430647844893e-03  -1.253097207100e-07   1.136587305432e-07  -8.043773446233e-04  -1.165116490653e-02  -1.982746248829e-07   1.216767230669e-07   3.340181360835e-03  -6.548412230843e-03  -1.422093418126e-07   5.793812081242e-07   5.631270484146e-03   1.243125941309e-03   4.212334381918e-08  -1.233466493935e-09  -1.757749314883e-08  -8.318466182768e-10   3.820692228620e-04  -3.339603748095e-08  -6.617454024735e-04  -8.986212681998e-03  -1.347491206194e-02   1.270835133184e-03   7.872234937687e-04   5.326094601279e-04   2.062106587144e-03   1.033169899512e-03  -8.985367336200e-03  -1.347385641195e-02   1.270644557665e-03   7.876400007326e-04   5.322560300877e-04  -1.925899353749e-03   1.268988774321e-03  -8.986491264459e-03  -1.347518024966e-02   1.272382144475e-03   7.886487195769e-04   5.336233157076e-04  -1.363640317312e-04  -2.302534433946e-03
   2.804158592998e-01   2.467348838567e-01  -5.649128422579e-03  -2.280179760956e-07  -2.263075655609e-07  -7.315582525039e-02  -2.861130002154e-03  -3.829598074253e-07  -1.380460548790e-06  -4.747900344713e-02  -3.658197139323e-03  -5.904625945718e-07  -1.496413262408e-06  -1.016708918448e-02  -4.044379415440e-04   3.911090780553e-07   1.076667670848e-06  -1.368723361824e-07  -6.737348347933e-08   5.694827069820e-04   2.638924963808e-07  -9.850357593963e-04   3.361535241481e-04   4.940792709985e-04  -1.271808023602e-02  -1.929031576177e-07   1.097431594209e-07  -5.231234983402e-04  -2.010184380099e-02  -3.096150199688e-07   8.650562793907e-08   6.129728934462e-03  -1.139030209973e-02  -2.162590533772e-07   8.662020043729e-07   9.309683304542e-03   2.032673878021e-03   7.634254938558e-08   2.850879950200e-08  -3.250724197610e-08  -1.163500295028e-09   6.964366172106e-04  -5.558744071872e-08  -1.206235540981e-03  -1.503375763547e-02  -2.230526700830e-02   1.871102510724e-03   1.300713084363e-03   9.110037022149e-04   3.409756630150e-03   1.708349129517e-03  -1.503235975536e-02  -2.230359073292e-02   1.870807794334e-03   1.301390206251e-03   9.104243545072e-04  -3.184558399357e-03   2.098292089830e-03  -1.503412880069e-02  -2.230545755233e-02   1.873582569508e-03   1.302956023871e-03   9.126892007698e-04  -2.254809932310e-04  -3.807222379797e-03
  -3.887861360698e-03  -5.649128422579e-03   2.093552176222e-02   6.634149367661e-07  -3.240666300569e-06   1.309758192080e-02   3.812230512582e-02   9.721864167863e-07  -5.530662602460e-06   1.705629865582e-02   1.462518889488e-02   1.543711109413e-07  -2.202581762949e-06  -3.939298427975e-03  -5.669756773015e-04  -1.608072519666e-08   4.925341890554e-07   1.267374925650e-07   5.365318646196e-07   4.624378791348e-03  -2.533410015497e-06  -8.008756550642e-03   2.840268061925e-03   4.743797025409e-03  -3.128130406949e-02  -4.166678884649e-07  -1.931581983029e-07  -1.341027303633e-02  -4.838002265939e-02  -6.528404205858e-07  -3.327115273103e-07  -5.194001954390e-03  -3.711939746467e-02  -5.679104144572e-07   3.623907838573e-07   7.145863587073e-03  -2.174844566898e-03  -5.400977396581e-08   6.365913236454e-07  -4.138639951170e-08   6.917399019680e-10   1.047293520396e-03  -1.096041041619e-07  -1.813974607389e-03   9.000476510158e-03   1.118420062118e-02   3.138586041531e-03   1.161250443526e-03   6.101480033180e-04  -6.050341335793e-04  -3.032601896946e-04   8.998095182732e-03   1.118113995721e-02   3.137620208062e-03   1.161071133041e-03   6.100715857976e-04   5.648984411813e-04  -3.722400896638e-04   9.006637672488e-03   1.119056364591e-02   3.140190942874e-03   1.162058923346e-03   6.102304084053e-04   4.012484917071e-05   6.760157002805e-04
  -1.293438472652e-07  -2.280179760956e-07   6.634149367661e-07   4.005951786118e-02   4.197654230641e-07   8.770581804483e-07   7.659943817291e-07   6.328847429500e-02   1.829866578384e-07  -1.425719228379e-06   5.679029912187e-07   3.854789348581e-02  -6.663801699145e-07  -2.176056319619e-06  -1.491722404322e-07  -5.021688305833e-04   3.198002807226e-08   4.009183779456e-03   5.699040871437e-03  -8.842536653475e-04   4.191099672107e-07  -5.099172148240e-04  -8.444127122574e-08  -1.452070721446e-07   4.683538977554e-07  -1.959371332140e-03   2.505225619870e-07   4.563508172068e-07   6.768511802702e-07  -2.567063756926e-03   3.809224015904e-07   8.178470431394e-07   9.981069043582e-07  -6.548040694323e-03   4.403097774719e-07   1.356505831852e-06   5.459484085086e-07  -7.517955385378e-03   2.768317477154e-07   1.204458901524e-03   8.762257779519e-05  -1.357799006864e-05  -4.079265580030e-09  -7.863490155237e-06   2.956999858693e-02   4.736373228230e-02   1.671747499108e-02   3.338132645800e-03  -1.262723666008e-03  -2.223827618641e-03  -2.273933017077e-03  -2.761708479032e-02  -4.423561433218e-02  -1.561355177622e-02  -3.117033842324e-03   1.178781089083e-03  -1.644407822006e-03   2.608540119174e-03  -1.954549291337e-03  -3.130173444716e-03  -1.103866601014e-03  -2.199145833431e-04   8.361404135396e-05   2.294971331538e-03  -3.350171863083e-04
  -1.586974668049e-07  -2.263075655609e-07  -3.240666300569e-06   4.197654230641e-07   4.006161551927e-02   3.563872230578e-07  -3.585039868463e-06   1.829171445786e-07   6.329107139550e-02   9.844007157231e-06  -1.070240699583e-06  -6.668446654381e-07   3.855125212017e-02   3.857837962717e-06   5.311808114345e-07   3.172711330116e-08  -5.017428647193e-04   4.191913636866e-07  -1.021649501296e-03  -4.934637276500e-03   4.010969244793e-03  -2.852168366007e-03   6.697696439730e-07   1.143778646459e-06  -4.106697091656e-06   2.505935487035e-07  -1.957984302301e-03  -3.514996371934e-06  -6.381465075090e-06   3.810331642880e-07  -2.564921208065e-03  -4.568853673643e-06  -6.270669831309e-06   4.404121673619e-07  -6.546144186523e-03  -2.452342940872e-06  -1.575310308575e-06   2.770785881888e-07  -7.517942246681e-03  -4.083851057373e-09  -1.569588619219e-05  -7.571264681006e-05   1.204545308351e-03  -4.395437688511e-05   1.481794015278e-02   2.373514519799e-02   8.378824791964e-03   1.671886155203e-03  -6.329214843952e-04  -2.273777847381e-03   1.175414272095e-03   1.820089444416e-02   2.915455110992e-02   1.029320763037e-02   2.054195715876e-03  -7.769693890984e-04   2.608462420410e-03   5.957532082674e-04  -3.301749010443e-02  -5.288747638448e-02  -1.866998402772e-02  -3.727566858962e-03   1.411557492851e-03  -3.350946764675e-04  -3.342706179947e-03
  -4.295191849989e-02  -7.315582525039e-02   1.309758192080e-02   8.770581804483e-07   3.563872230578e-07   1.939469672854e-01   9.059464001753e-03   1.393210914488e-06   3.516659022012e-06   1.212757297438e-01   9.133501225655e-03   1.828833280928e-06   3.863145819341e-06   2.493557715708e-02   1.073524285145e-03  -9.603760591324e-07  -2.519774041554e-06   4.065411940431e-07   2.811077010001e-07  -1.129455878235e-03  -1.061512252180e-06   1.952859469321e-03   4.008989646908e-04   8.330266985644e-04   3.335940846122e-02   5.484104685152e-07   3.654834995388e-07  -4.930176675965e-03   5.309147018992e-02   8.856922112526e-07   7.475868269470e-07  -2.065155776039e-02   3.017719343385e-02   6.049871285688e-07  -1.367782346263e-06  -2.359078921928e-02  -5.173291911215e-03  -2.430509203249e-07  -6.011571422261e-08   1.026418921396e-07   2.945507062605e-09  -1.929964683027e-03   1.549892144164e-07   3.342729922808e-03   3.934922067685e-02   5.765470249225e-02  -4.086801387410e-03  -3.219972527446e-03  -2.399171628081e-03  -8.772827888305e-03  -4.395282212365e-03   3.934523205661e-02   5.764996955543e-02  -4.086297968352e-03  -3.221682610471e-03  -2.397689038224e-03   8.193462140429e-03  -5.398538118633e-03   3.935001952138e-02   5.765459450804e-02  -4.092870587411e-03  -3.225414853303e-03  -2.403513415962e-03   5.801456039571e-04   9.795223170202e-03
  -1.578362639456e-03  -2.861130002154e-03   3.812230512582e-02   7.659943817291e-07  -3.585039868463e-06   9.059464001753e-03   7.062808090242e-02   1.062749680932e-06  -6.637300284640e-06   2.206767642281e-02   2.673362851682e-02  -2.398043207246e-07  -2.021434669410e-06  -9.045529550189e-03  -1.173984989403e-03   3.334122466132e-08   1.116810535010e-06   1.792824745076e-07   8.597698217073e-07   8.724153393210e-03  -4.444788082193e-06  -1.510940482340e-02   4.707693284623e-03   7.915760334083e-03  -6.146647348289e-02  -9.433893460464e-07  -8.508683113391e-08  -2.228103434942e-02  -9.514994508992e-02  -1.478015571577e-06  -1.917945557292e-07  -6.051811927882e-03  -7.217186158169e-02  -1.233258937476e-06   9.536607177296e-07   1.516670083450e-02  -3.691368369346e-03  -2.665506509819e-08   7.951768628443e-07  -1.030079623431e-07  -6.293521420916e-10   2.114257528028e-03  -1.255715668698e-07  -3.662023464357e-03   1.370804918406e-02   1.637092916016e-02   6.176467657306e-03   2.373456911523e-03   1.330260880989e-03  -4.386968888952e-04  -2.198834565534e-04   1.370468360022e-02   1.636679790119e-02   6.175028148446e-03   2.373308854725e-03   1.329971424875e-03   4.094565953741e-04  -2.697279811172e-04   1.371686855726e-02   1.637865485251e-02   6.178496395246e-03   2.375141053991e-03   1.330862679044e-03   2.917244174889e-05   4.903710918695e-04
  -2.301779014945e-07  -3.829598074253e-07   9.721864167863e-07   6.328847429500e-02   1.829171445786e-07   1.393210914488e-06   1.062749680932e-06   1.001284995798e-01  -5.203734373682e-07  -2.310315303394e-06   8.582731095932e-07   6.082166958269e-02  -1.464146040171e-06  -3.384994282009e-06  -2.261200470298e-07  -6.276835849861e-04   7.728114943470e-08   5.950533088061e-03   8.989983073141e-03  -1.394821205311e-03   6.731125155182e-07  -8.042981402833e-04  -1.654347313236e-07  -2.816915792829e-07   7.985022507099e-07   5.759031954202e-04  -2.425874509205e-07   8.656679942689e-07   1.162708026622e-06   1.519936917239e-03  -3.722209437410e-07   1.390980896289e-06   1.643672014338e-06  -5.400771235124e-03  -1.139692103747e-07   2.117363348304e-06   8.602615387261e-07  -1.129825819343e-02   4.030088379100e-07   2.038396230713e-03   1.355878493100e-04  -2.101401372584e-05  -4.452636757777e-08  -1.216389234594e-05   4.652896211113e-02   7.428767000836e-02   2.593387422478e-02   5.096647763339e-03  -1.964650261623e-03  -3.494973265655e-03  -3.576441570507e-03  -4.345640856706e-02  -6.938189955844e-02  -2.422153663722e-02  -4.759125272532e-03   1.834038136880e-03  -2.583693962774e-03   4.102670329917e-03  -3.075198031353e-03  -4.909031481804e-03  -1.712265143847e-03  -3.356870524124e-04   1.300837555704e-04   3.612143794169e-03  -5.268861783231e-04
  -7.900292731426e-07  -1.380460548790e-06  -5.530662602460e-06   1.829866578384e-07   6.329107139550e-02   3.516659022012e-06  -6.637300284640e-06  -5.203734373682e-07   1.001311728814e-01   1.661155614246e-05  -1.893000595758e-06  -1.464772338417e-06   6.082633243543e-02   5.772190437717e-06   7.219932093956e-07   7.686761105115e-08  -6.270987802620e-04   6.732566664898e-07  -1.611658194637e-03  -7.784230673121e-03   5.953642403405e-03  -4.498751282865e-03   5.604637458232e-07   9.726518442378e-07  -5.192416452074e-06  -2.424340301219e-07   5.742590878160e-04  -3.132022896907e-06  -8.030519431812e-06  -3.719806948334e-07   1.517490541535e-03  -5.671796414310e-06  -8.505244938968e-06  -1.137599628560e-07  -5.402846591776e-03  -4.346861818101e-06  -2.504615742373e-06   4.033940359011e-07  -1.129875688600e-02  -4.452789133819e-08  -2.428641182820e-05  -1.172143313887e-04   2.038370995663e-03  -6.791041812734e-05   2.331630482506e-02   3.722762501964e-02   1.299810762130e-02   2.552663438389e-03  -9.848226192685e-04  -3.576295391360e-03   1.851242449881e-03   2.864004936578e-02   4.572859748374e-02   1.596823572795e-02   3.136500200804e-03  -1.208955248795e-03   4.102691046913e-03   9.394995060426e-04  -5.195303314538e-02  -8.295071678722e-02  -2.896308748728e-02  -5.691230297292e-03   2.196203398380e-03  -5.270530615733e-04  -5.254661101852e-03
  -2.907045861273e-02  -4.747900344713e-02   1.705629865582e-02  -1.425719228379e-06   9.844007157231e-06   1.212757297438e-01   2.206767642281e-02  -2.310315303394e-06   1.661155614246e-05   8.162910728407e-02   1.083602109541e-02  -1.034497904000e-06   1.213904607671e-05   9.665946798284e-03   6.885981561137e-04  -4.432701496436e-07  -1.919145355632e-06   1.232672098815e-07  -1.891605857605e-07   1.577592146922e-03   3.057009331731e-07  -2.737221575518e-03   6.646637395040e-03   1.139014167101e-02   9.069859664273e-03  -2.622213293078e-07  -1.005849880199e-05  -3.532708476505e-02   1.456537207554e-02  -4.041570843549e-07  -1.507517693367e-05  -3.668110551857e-02   4.992518028036e-03  -2.130959710520e-07  -1.545679713466e-05  -9.960026063219e-03  -3.664260566618e-03   1.602040984324e-07  -3.381140848468e-06  -4.289159570959e-08  -8.279345116298e-09  -7.001700468712e-04   1.263977970247e-08   1.212629599474e-03   2.738407437188e-02   3.884425603800e-02  -7.788769861112e-04  -7.904462823487e-04  -1.132369945064e-03  -5.426212690254e-03  -2.717905446616e-03   2.738481059031e-02   3.884674292432e-02  -7.766782174697e-04  -7.908224553804e-04  -1.131729771290e-03   5.068135330056e-03  -3.338719992504e-03   2.737497361195e-02   3.882609668511e-02  -7.901725508648e-04  -7.955349914894e-04  -1.134204754068e-03   3.586303385416e-04   6.057165980624e-03
  -2.336445765658e-03  -3.658197139323e-03   1.462518889488e-02   5.679029912187e-07  -1.070240699583e-06   9.133501225655e-03   2.673362851682e-02   8.582731095932e-07  -1.893000595758e-06   1.083602109541e-02   1.082848748457e-02   2.293915185461e-07  -3.675693899754e-07  -7.827129559796e-04  -5.679468452978e-04  -7.701040709944e-08   3.667770344300e-07   7.721151898607e-08   3.515660564190e-07   3.111685510669e-03  -1.621635800793e-06  -5.389305381464e-03  -1.011865773984e-03  -1.763167154009e-03  -2.359353870542e-02  -6.408572180122e-08  -1.477285184614e-07   5.786306246146e-03  -3.628775837039e-02  -1.070343108817e-07  -2.338737381345e-07   9.021932775829e-03  -2.790014156453e-02  -1.034123815697e-07   1.191382847309e-07   4.461863528377e-03  -1.735317662634e-03  -1.448916271242e-08   2.443469543933e-07  -1.759558373758e-08   1.600081075590e-10   7.398649556017e-04  -3.460933233260e-08  -1.281498062781e-03   6.301492823424e-03   8.059769189755e-03   2.040742027679e-03   4.604495672035e-04   4.111838375981e-04  -4.597910517776e-04  -2.303889271373e-04   6.299789732676e-03   8.057607315156e-03   2.040112474380e-03   4.601974425912e-04   4.111468733357e-04   4.293038132094e-04  -2.828251911899e-04   6.304321995340e-03   8.061958558842e-03   2.040947629406e-03   4.609361030605e-04   4.112510515283e-04   3.047201217072e-05   5.135499367312e-04
  -3.363008778623e-07  -5.904625945718e-07   1.543711109413e-07   3.854789348581e-02  -6.668446654381e-07   1.828833280928e-06  -2.398043207246e-07   6.082166958269e-02  -1.464772338417e-06  -1.034497904000e-06   2.293915185461e-07   3.713702338979e-02  -1.712422580338e-06  -1.736153749596e-06  -1.326652072746e-07  -5.753036610582e-04   5.907439043539e-08   4.071010495404e-03   5.491645334814e-03  -8.520805582448e-04   2.021326820259e-07  -4.910414308235e-04  -2.928155975050e-07  -4.916032752571e-07   1.498005324599e-06  -3.926078472885e-03   1.247134950295e-06   1.441862729341e-06   2.289811875547e-06  -5.569170597474e-03   1.883285609974e-06   1.341251693394e-06   2.142543898437e-06  -9.049031294003e-03   1.881216013253e-06   9.154384366844e-07   5.439828356343e-07  -7.556124037484e-03   6.289038565845e-07   1.083686001906e-03   8.589734025300e-05  -1.335008006465e-05  -1.353330730602e-09  -7.632484560628e-06   2.855792598114e-02   4.587613171511e-02   1.635155734136e-02   3.310482293998e-03  -1.231916572945e-03  -2.150088209887e-03  -2.197115277008e-03  -2.667270989512e-02  -4.284760085839e-02  -1.527263329389e-02  -3.091481218749e-03   1.150007709161e-03  -1.590319814455e-03   2.520320468699e-03  -1.886714904432e-03  -3.030230405497e-03  -1.079247753392e-03  -2.180635491684e-04   8.149039982549e-05   2.215941176529e-03  -3.235390088624e-04
  -8.738829192013e-07  -1.496413262408e-06  -2.202581762949e-06  -6.663801699145e-07   3.855125212017e-02   3.863145819341e-06  -2.021434669410e-06  -1.464146040171e-06   6.082633243543e-02   1.213904607671e-05  -3.675693899754e-07  -1.712422580338e-06   3.714158516713e-02   4.686485669005e-06   5.745158832981e-07   5.877532076787e-08  -5.749957701309e-04   2.023143431901e-07  -9.846539583538e-04  -4.755056283516e-03   4.072984398872e-03  -2.748706761560e-03   6.660758597265e-07   1.110619324537e-06  -4.550037068461e-06   1.246877628213e-06  -3.925740628846e-03  -3.347444083093e-06  -7.031186321834e-06   1.882900642269e-06  -5.568609385727e-03  -4.423590376069e-06  -6.897255433563e-06   1.880857671535e-06  -9.048692684757e-03  -2.638226391813e-06  -1.700431443294e-06   6.290433002022e-07  -7.556485540795e-03  -1.359396919616e-09  -1.539175825306e-05  -7.422412049711e-05   1.083773578179e-03  -4.309599327627e-05   1.431159670399e-02   2.299072456285e-02   8.195340551369e-03   1.657962161062e-03  -6.174675270181e-04  -2.197075411806e-03   1.134247584283e-03   1.758055181332e-02   2.824290483718e-02   1.006900044434e-02   2.037346280437e-03  -7.580906581649e-04   2.520570760710e-03   5.740008787488e-04  -3.188805077831e-02  -5.122754519325e-02  -1.826258643069e-02  -3.697201068940e-03   1.377119628287e-03  -3.238291164677e-04  -3.231040166932e-03
  -6.287368748061e-03  -1.016708918448e-02  -3.939298427975e-03  -2.176056319619e-06   3.857837962717e-06   2.493557715708e-02  -9.045529550189e-03  -3.384994282009e-06   5.772190437717e-06   9.665946798284e-03  -7.827129559796e-04  -1.736153749596e-06   4.686485669005e-06   1.115685282682e-02  -2.369300393761e-04  -3.378123027891e-07  -1.772521718927e-06  -2.159580814781e-07  -5.278692531163e-07  -1.850697196617e-03   4.051976307305e-06   3.203824229332e-03  -1.117181515733e-02  -1.826032872817e-02   8.098518839423e-03   6.491874104282e-07  -2.970116206122e-05   5.196802797390e-02   1.340140425969e-02   9.882497313834e-07  -4.501722485654e-05   3.925655187407e-02   8.531853185528e-03   1.056212968312e-06  -4.073135033519e-05  -7.210531416746e-03  -8.518030784737e-04   4.520656256753e-07  -5.356389823191e-06  -2.537996872434e-08  -9.639139528221e-09  -5.527174376570e-04  -9.401973682685e-07   9.572610392633e-04   3.332956589330e-03   6.179942966337e-03  -1.978065187294e-03  -1.934960933677e-03  -5.747289643184e-04  -1.247372749826e-03  -6.245799509156e-04   3.336468249785e-03   6.185900381016e-03  -1.975294565145e-03  -1.935060176437e-03  -5.746031167742e-04   1.165294651437e-03  -7.676181272253e-04   3.327177727263e-03   6.168630862119e-03  -1.986957808865e-03  -1.938247955926e-03  -5.750933999144e-04   8.226619155504e-05   1.392067100826e-03
  -2.430048476669e-04  -4.044379415440e-04  -5.669756773015e-04  -1.491722404322e-07   5.311808114345e-07   1.073524285145e-03  -1.173984989403e-03  -2.261200470298e-07   7.219932093956e-07   6.885981561137e-04  -5.679468452978e-04  -1.326652072746e-07   5.745158832981e-07  -2.369300393761e-04   7.459043100140e-05   2.583096406630e-08  -2.022574240252e-07  -3.815156137392e-08  -4.611185202200e-08  -1.227090926785e-04   4.573054787157e-07   2.123427402472e-04   8.119220084782e-04   1.331554169743e-03   1.741727553072e-03   2.449821944666e-07  -3.377717978145e-06  -3.868106631437e-03   2.648227920258e-03   3.707894756018e-07  -5.124050109393e-06  -3.547436106539e-03   1.967432462730e-03   3.428618145553e-07  -4.624189702511e-06  -2.593628643679e-04   9.038140779165e-05   5.826130360978e-08  -6.360090469414e-07   6.316743010668e-09  -1.126409651675e-09  -5.048594230887e-05  -1.080105207551e-07   8.743789628214e-05   1.105037584943e-05   1.650859874376e-05  -8.828983622182e-05   3.700135396044e-05  -3.361804480682e-05  -3.754625154774e-05  -1.876458681520e-05   1.136933403049e-05   1.705835853666e-05  -8.802468970485e-05   3.709899786851e-05  -3.362575157220e-05   3.509622135897e-05  -2.308889361413e-05   1.018807631890e-05   1.486376654516e-05  -8.926257409777e-05   3.661565366061e-05  -3.357916373635e-05   2.464142862654e-06   4.180752079271e-05
   2.422504093449e-07   3.911090780553e-07  -1.608072519666e-08  -5.021688305833e-04   3.172711330116e-08  -9.603760591324e-07   3.334122466132e-08  -6.276835849861e-04   7.686761105115e-08  -4.432701496436e-07  -7.701040709944e-08  -5.753036610582e-04   5.877532076787e-08  -3.378123027891e-07   2.583096406630e-08   2.002710150261e-04   1.174349410377e-07  -4.991789168273e-04  -8.750668139188e-05   1.362190654292e-05  -1.498865040592e-07   7.779236417415e-06   4.111391352025e-07   6.720201877482e-07  -1.161125376886e-07   4.323204337407e-03   1.302281263860e-06  -1.920417057407e-06  -2.107947763392e-07   6.560210189836e-03   1.978434237621e-06  -1.500592592207e-06  -1.081154666554e-07   5.870946277783e-03   1.752646188672e-06   2.041970908710e-07   3.152641429085e-08   7.722330687101e-04   1.722280854816e-07   1.435709764953e-04  -4.427788484054e-06   6.995555372882e-07   5.033821913878e-08   3.728279920499e-07  -5.902235743559e-04  -1.226570280162e-03  -7.684805228211e-04  -2.491973086732e-04   5.129781038240e-05   4.940328988421e-05   4.734340772247e-05   5.508550343684e-04   1.144867017516e-03   7.176259104016e-04   2.327189898027e-04  -4.786035869395e-05   3.727204228686e-05  -5.427625842267e-05   3.886682019200e-05   8.091751552693e-05   5.103092189650e-05   1.664030069114e-05  -3.385674266316e-06  -4.468979182138e-05   6.914011944562e-06
   7.030405065728e-07   1.076667670848e-06   4.925341890554e-07   3.198002807226e-08  -5.017428647193e-04  -2.519774041554e-06   1.116810535010e-06   7.728114943470e-08  -6.270987802620e-04  -1.919145355632e-06   3.667770344300e-07   5.907439043539e-08  -5.749957701309e-04  -1.772521718927e-06  -2.022574240252e-07   1.174349410377e-07   2.004406024392e-04  -1.497258588854e-07   1.567306404788e-05   7.589737846419e-05  -4.994149644817e-04   4.356494022306e-05  -1.173859973225e-07  -1.922874393525e-07  -1.517709459398e-06   1.301082586733e-06   4.325150369481e-03   6.108710931060e-07  -2.364730406143e-06   1.976616721879e-06   6.563170313487e-03   9.587082923630e-07  -1.620096167436e-06   1.750992726173e-06   5.873550119339e-03   8.415943891186e-07   6.096542844478e-08   1.720040333230e-07   7.724101584210e-04   5.030020155301e-08   7.950469001295e-07   3.899533272305e-06   1.436599119261e-04   2.107632785323e-06  -2.959325918388e-04  -6.149982657652e-04  -3.849861490672e-04  -1.247196439314e-04   2.575166741550e-05   4.739257313087e-05  -2.132564021989e-05  -3.633350167576e-04  -7.549932087870e-04  -4.725922333013e-04  -1.530411440488e-04   3.159342085628e-05  -5.436540745811e-05  -9.254542406952e-06   6.582800598362e-04   1.368357476307e-03   8.586848089049e-04   2.787889589360e-04  -5.722800394926e-05   6.954003804902e-06   7.238453088238e-05
  -7.343975311281e-08  -1.368723361824e-07   1.267374925650e-07   4.009183779456e-03   4.191913636866e-07   4.065411940431e-07   1.792824745076e-07   5.950533088061e-03   6.732566664898e-07   1.232672098815e-07   7.721151898607e-08   4.071010495404e-03   2.023143431901e-07  -2.159580814781e-07  -3.815156137392e-08  -4.991789168273e-04  -1.497258588854e-07   1.440187455567e-03   6.075356411303e-04  -9.433257824640e-05   1.325074125443e-07  -5.441662239930e-05  -3.122602327377e-08  -5.319998734181e-08   1.815040683403e-07  -1.014450631659e-02  -2.375387946460e-07   1.662231306782e-07   2.773302491331e-07  -1.536482997448e-02  -3.577325297910e-07   1.530010383283e-07   2.477478679183e-07  -1.405258219739e-02  -3.551467854979e-07   7.611298421662e-08   6.119040844189e-08  -2.321487083451e-03  -2.714699992492e-08  -2.466681991394e-04   1.647478847660e-05  -2.556576095816e-06  -2.171511978039e-10  -1.466854310472e-06   3.467253929622e-03   6.204284919728e-03   2.966634331821e-03   8.140537039566e-04  -2.084220873833e-04  -2.722995072511e-04  -2.711175377725e-04  -3.237791533565e-03  -5.793864629528e-03  -2.770450384730e-03  -7.600280477017e-04   1.945784014624e-04  -2.031994033245e-04   3.110642627287e-04  -2.294137872727e-04  -4.104495450419e-04  -1.962528597962e-04  -5.389171124995e-05   1.380273603558e-05   2.665201468773e-04  -3.993613629412e-05
  -2.751770643413e-08  -6.737348347933e-08   5.365318646196e-07   5.699040871437e-03  -1.021649501296e-03   2.811077010001e-07   8.597698217073e-07   8.989983073141e-03  -1.611658194637e-03  -1.891605857605e-07   3.515660564190e-07   5.491645334814e-03  -9.846539583538e-04  -5.278692531163e-07  -4.611185202200e-08  -8.750668139188e-05   1.567306404788e-05   6.075356411303e-04   8.382006824328e-04   1.335226307195e-07  -1.088894629241e-04   5.525985997143e-08   5.171274587076e-08   8.711108007767e-08  -3.579451503823e-07  -6.347870716668e-04   1.137028190052e-04  -2.438971254003e-07  -5.624898796548e-07  -9.058907297075e-04   1.622533204948e-04   9.237739583394e-09  -3.239031420434e-07  -1.411023361342e-03   2.528378679668e-04   3.959700599656e-07   8.549315146651e-08  -1.125700442886e-03   2.018259282711e-04   1.582103159151e-04   1.315054115489e-05   1.800333022624e-08  -2.836822513061e-05  -2.983806050242e-08   3.845536743439e-03   6.180712913791e-03   2.206813208850e-03   4.479229100541e-04  -1.661604301566e-04  -2.598901251079e-04  -3.551380652536e-04  -4.411945201922e-03  -7.091229603412e-03  -2.532037709808e-03  -5.137323028214e-04   1.905910057001e-04  -3.021628121901e-04   3.576666823335e-04   5.665711376260e-04   9.106798698428e-04   3.253607026849e-04   6.610436834685e-05  -2.448556704905e-05   3.363991820973e-04   3.782295163751e-05
   3.849746325638e-04   5.694827069820e-04   4.624378791348e-03  -8.842536653475e-04  -4.934637276500e-03  -1.129455878235e-03   8.724153393210e-03  -1.394821205311e-03  -7.784230673121e-03   1.577592146922e-03   3.111685510669e-03  -8.520805582448e-04  -4.755056283516e-03  -1.850697196617e-03  -1.227090926785e-04   1.362190654292e-05   7.589737846419e-05  -9.433257824640e-05   1.335226307195e-07   1.760542033878e-03  -5.268175638672e-04  -1.597715505865e-03   1.230670263597e-03   2.076465879139e-03  -7.717641967809e-03   9.860714102525e-05   5.498762516160e-04  -6.002283546579e-03  -1.200789586564e-02   1.407232228794e-04   7.847292938283e-04  -3.244182192153e-03  -8.972531714525e-03   2.190834548359e-04   1.222156092415e-03   2.291447758585e-03  -3.553153782919e-04   1.746715861712e-04   9.747268747591e-04  -2.455210884620e-05  -1.131470817222e-09   2.955788554618e-04  -1.369794069794e-04  -4.892069179835e-04  -1.233784234409e-03  -2.675756977052e-03  -5.734901101392e-04   1.210479508054e-04   3.055760399052e-04   3.864354183252e-04  -6.692889771584e-05  -3.847736889944e-04  -1.311102370716e-03  -8.640951012014e-05   2.199673908079e-04   2.687714391023e-04  -3.383318870437e-04  -9.708155325727e-05   5.383335684460e-03   7.959194390038e-03   3.224355142223e-03   8.918338101950e-04   1.958028730441e-05  -1.305543129548e-05   3.592392094573e-04
   1.006713219559e-07   2.638924963808e-07  -2.533410015497e-06   4.191099672107e-07   4.010969244793e-03  -1.061512252180e-06  -4.444788082193e-06   6.731125155182e-07   5.953642403405e-03   3.057009331731e-07  -1.621635800793e-06   2.021326820259e-07   4.072984398872e-03   4.051976307305e-06   4.573054787157e-07  -1.498865040592e-07  -4.994149644817e-04   1.325074125443e-07  -1.088894629241e-04  -5.268175638672e-04   1.440755552492e-03  -3.034585295483e-04  -3.832910351906e-07  -6.446837715254e-07   2.866553830097e-06  -2.374716615184e-07  -1.014551871918e-02   1.817472467779e-06   4.459982944899e-06  -3.576286082686e-07  -1.536634930299e-02   7.053461965996e-07   3.215301462562e-06  -3.550445981282e-07  -1.405416041107e-02  -1.683682886502e-06  -4.595555881928e-08  -2.709138855351e-08  -2.321832787871e-03  -2.138771185540e-10  -2.957161734713e-06  -1.437852478138e-05  -2.466590780016e-04  -8.054028889977e-06   1.737443028547e-03   3.109312988916e-03   1.486607343348e-03   4.073904629986e-04  -1.045414828197e-04  -2.711163871440e-04   1.331010687022e-04   2.133671944323e-03   3.818486341160e-03   1.825807145727e-03   5.002960803814e-04  -1.283207642795e-04   3.110593526207e-04   6.399992688029e-05  -3.873595936752e-03  -6.930647706002e-03  -3.314832480597e-03  -9.101679546774e-04   2.328776663789e-04  -3.993241415193e-05  -4.056226022867e-04
  -6.659881094537e-04  -9.850357593963e-04  -8.008756550642e-03  -5.099172148240e-04  -2.852168366007e-03   1.952859469321e-03  -1.510940482340e-02  -8.042981402833e-04  -4.498751282865e-03  -2.737221575518e-03  -5.389305381464e-03  -4.910414308235e-04  -2.748706761560e-03   3.203824229332e-03   2.123427402472e-04   7.779236417415e-06   4.356494022306e-05  -5.441662239930e-05   5.525985997143e-08  -1.597715505865e-03  -3.034585295483e-04   3.606132971848e-03  -2.131779189225e-03  -3.596875504053e-03   1.336752012080e-02   5.712650709316e-05   3.191868840168e-04   1.039730901896e-02   2.079853720484e-02   8.156808303816e-05   4.556525142759e-04   5.620768191458e-03   1.554162974353e-02   1.266573506776e-04   7.079730732509e-04  -3.967735587409e-03   6.159154872863e-04   1.006915143084e-04   5.635565179349e-04  -1.412052795993e-05   3.306680871435e-09  -4.891805002998e-04  -7.911423083299e-05   8.604437086482e-04  -3.611583622830e-03  -4.605082575211e-03  -2.305783172957e-03  -8.788453428558e-04  -2.807776235031e-04   9.489181959969e-05  -1.031260962385e-04  -3.122065439170e-03  -3.818585760335e-03  -2.025015116738e-03  -8.219914946554e-04  -3.018275791816e-04  -7.563865186563e-05  -1.351553553765e-04   2.107918538450e-04   1.540190710300e-03  -1.111177961458e-04  -4.338211446951e-04  -4.464213156760e-04   9.883154021454e-07   3.509984387594e-04
   3.045059878717e-04   3.361535241481e-04   2.840268061925e-03  -8.444127122574e-08   6.697696439730e-07   4.008989646908e-04   4.707693284623e-03  -1.654347313236e-07   5.604637458232e-07   6.646637395040e-03  -1.011865773984e-03  -2.928155975050e-07   6.660758597265e-07  -1.117181515733e-02   8.119220084782e-04   4.111391352025e-07  -1.173859973225e-07  -3.122602327377e-08   5.171274587076e-08   1.230670263597e-03  -3.832910351906e-07  -2.131779189225e-03   3.155909852100e-01   2.855882688703e-01   4.612641430479e-03   1.199456279483e-07  -2.082989464186e-07  -7.416882136514e-02   4.925056803214e-03   1.337938885658e-07  -3.002448969325e-07  -6.424195433937e-02   4.410226502198e-03   1.756116445425e-07  -2.695938558326e-07   4.409305575004e-03   8.711842126856e-04   1.798869355981e-08  -2.251997602576e-07  -7.205993573204e-09  -2.238341969433e-09   1.608877343682e-04  -2.881169261352e-09  -2.786610891332e-04   8.882296292637e-04  -1.327184147137e-04   1.306871631839e-03   2.042885227248e-03   1.871663279985e-04   1.642821444325e-04   8.237235244642e-05   8.883512366314e-04  -1.324685279530e-04   1.306895999553e-03   2.043678777885e-03   1.870398579609e-04  -1.534072639347e-04   1.011778976922e-04   8.877979458086e-04  -1.343026224179e-04   1.307007114840e-03   2.042505644365e-03   1.875161675947e-04  -1.085109302350e-05  -1.836420211544e-04
   4.610654190018e-04   4.940792709985e-04   4.743797025409e-03  -1.452070721446e-07   1.143778646459e-06   8.330266985644e-04   7.915760334083e-03  -2.816915792829e-07   9.726518442378e-07   1.139014167101e-02  -1.763167154009e-03  -4.916032752571e-07   1.110619324537e-06  -1.826032872817e-02   1.331554169743e-03   6.720201877482e-07  -1.922874393525e-07  -5.319998734181e-08   8.711108007767e-08   2.076465879139e-03  -6.446837715254e-07  -3.596875504053e-03   2.855882688703e-01   2.683032934643e-01   7.356956988432e-03   1.961876255142e-07  -3.492343585869e-07  -1.273028345137e-01   8.637288223416e-03   2.388918186593e-07  -5.360885612612e-07  -1.075126557561e-01   7.469161260034e-03   2.990938967378e-07  -4.700490635041e-07   6.909107236497e-03   1.415531843298e-03   3.354645059066e-08  -3.805429623225e-07  -9.136702378996e-09  -3.035873394235e-09   2.341789478309e-04  -9.232136283865e-09  -4.055987268811e-04   1.513996794509e-03  -1.706948657076e-04   2.128282932705e-03   3.343504267075e-03   3.050744088216e-04   2.730884234038e-04   1.369326582537e-04   1.514207490122e-03  -1.702581997375e-04   2.128327087707e-03   3.344806119740e-03   3.048605816594e-04  -2.550089734661e-04   1.681922446709e-04   1.513246045689e-03  -1.734089435370e-04   2.128473832148e-03   3.342873534252e-03   3.056653836943e-04  -1.803868240287e-05  -3.052821476216e-04
  -7.430647844893e-03  -1.271808023602e-02  -3.128130406949e-02   4.683538977554e-07  -4.106697091656e-06   3.335940846122e-02  -6.146647348289e-02   7.985022507099e-07  -5.192416452074e-06   9.069859664273e-03  -2.359353870542e-02   1.498005324599e-06  -4.550037068461e-06   8.098518839423e-03   1.741727553072e-03  -1.161125376886e-07  -1.517709459398e-06   1.815040683403e-07  -3.579451503823e-07  -7.717641967809e-03   2.866553830097e-06   1.336752012080e-02   4.612641430479e-03   7.356956988432e-03   6.675441629886e-02  -6.660821288530e-07   9.890396645217e-07  -2.197430136096e-02   1.030920881501e-01  -9.586523412074e-07   1.508112783168e-06  -3.309497225427e-02   7.625793209208e-02  -1.047168595002e-06   7.017479219259e-07  -1.716188772590e-02   2.777319849597e-03  -4.752272064520e-07   6.928702298035e-07   8.579604361746e-08   7.242866173586e-09  -2.324141386378e-03  -7.111302777111e-08   4.025575989227e-03  -3.889394780643e-03  -2.990177671605e-03  -5.982648641833e-03  -1.863232833406e-03  -1.660669695592e-03  -1.380434320367e-03  -6.919821876264e-04  -3.889361773184e-03  -2.991128588598e-03  -5.982830862327e-03  -1.863456539021e-03  -1.660031984495e-03   1.289327033223e-03  -8.499281723934e-04  -3.889137408800e-03  -2.984631976003e-03  -5.981035700830e-03  -1.865239661913e-03  -1.662330951645e-03   9.130126690334e-05   1.541762643523e-03
  -1.253097207100e-07  -1.929031576177e-07  -4.166678884649e-07  -1.959371332140e-03   2.505935487035e-07   5.484104685152e-07  -9.433893460464e-07   5.759031954202e-04  -2.424340301219e-07  -2.622213293078e-07  -6.408572180122e-08  -3.926078472885e-03   1.246877628213e-06   6.491874104282e-07   2.449821944666e-07   4.323204337407e-03   1.301082586733e-06  -1.014450631659e-02  -6.347870716668e-04   9.860714102525e-05  -2.374716615184e-07   5.712650709316e-05   1.199456279483e-07   1.961876255142e-07  -6.660821288530e-07   9.535672560233e-02  -1.908470635466e-07  -6.499371372496e-07  -1.004739776221e-06   1.447912299864e-01  -2.785248958449e-07  -6.109788694435e-07  -8.728860557131e-07   1.286054777710e-01  -2.047182973766e-07   1.812103154893e-08  -1.904186236235e-07   1.539246891710e-02  -6.117692788500e-07   3.457315110222e-03  -7.807117385335e-05   1.208448031680e-05   2.270990784539e-08   6.957039600968e-06  -6.307177025901e-03  -1.633245256784e-02  -1.320305131503e-02  -4.759085894537e-03   8.472905128918e-04   5.846324046852e-04   5.281801870721e-04   5.890751216051e-03   1.525490412444e-02   1.233040304776e-02   4.443173753507e-03  -7.913236518023e-04   4.507134064514e-04  -6.064035119731e-04   4.166432435381e-04   1.079180750659e-03   8.730850383003e-04   3.154728696814e-04  -5.601638397412e-05  -4.650140460668e-04   7.758383255918e-05
   1.136587305432e-07   1.097431594209e-07  -1.931581983029e-07   2.505225619870e-07  -1.957984302301e-03   3.654834995388e-07  -8.508683113391e-08  -2.425874509205e-07   5.742590878160e-04  -1.005849880199e-05  -1.477285184614e-07   1.247134950295e-06  -3.925740628846e-03  -2.970116206122e-05  -3.377717978145e-06   1.302281263860e-06   4.325150369481e-03  -2.375387946460e-07   1.137028190052e-04   5.498762516160e-04  -1.014551871918e-02   3.191868840168e-04  -2.082989464186e-07  -3.492343585869e-07   9.890396645217e-07  -1.908470635466e-07   9.535593944037e-02   1.253276550348e-06   1.380616523522e-06  -2.785268114133e-07   1.447900644094e-01   7.993173445701e-07   1.565858591100e-06  -2.047253582077e-07   1.286048843113e-01   5.760687963208e-06   1.057988711378e-06  -6.118254460793e-07   1.539095638299e-02   2.270721211987e-08   1.404468689946e-05   6.766939220823e-05   3.457401239816e-03   3.906161566104e-05  -3.160513024835e-03  -8.183076000147e-03  -6.612497746768e-03  -2.380582853382e-03   4.243157973385e-04   5.275095132381e-04  -2.050768427046e-04  -3.882430097273e-03  -1.005245668292e-02  -8.122350163899e-03  -2.923164185152e-03   5.212221994925e-04  -6.058391130614e-04  -7.025317947424e-05   7.042023078534e-03   1.823348856240e-02   1.474961302317e-02   5.321804341248e-03  -9.462240177573e-04   7.769009907635e-05   8.421465285808e-04
  -8.043773446233e-04  -5.231234983402e-04  -1.341027303633e-02   4.563508172068e-07  -3.514996371934e-06  -4.930176675965e-03  -2.228103434942e-02   8.656679942689e-07  -3.132022896907e-06  -3.532708476505e-02   5.786306246146e-03   1.441862729341e-06  -3.347444083093e-06   5.196802797390e-02  -3.868106631437e-03  -1.920417057407e-06   6.108710931060e-07   1.662231306782e-07  -2.438971254003e-07  -6.002283546579e-03   1.817472467779e-06   1.039730901896e-02  -7.416882136514e-02  -1.273028345137e-01  -2.197430136096e-02  -6.499371372496e-07   1.253276550348e-06   3.846380776041e-01  -2.895188582330e-02  -8.835644111698e-07   2.020073375087e-06   3.167671677817e-01  -2.388496851425e-02  -1.012911351189e-06   1.783874330918e-06  -1.833589699111e-02  -4.043497494714e-03  -1.197947832187e-07   1.184269499560e-06   1.276347955195e-08   6.763502048031e-09  -5.202701427406e-04   4.542621456872e-08   9.010917378425e-04  -4.734474007908e-03  -1.690596060929e-06  -5.928249727888e-03  -9.531773975813e-03  -8.229022734061e-04  -7.101405988102e-04  -3.561327950068e-04  -4.735158994197e-03  -3.107485691633e-06  -5.928451057743e-03  -9.535518491002e-03  -8.222849909109e-04   6.630992545827e-04  -4.374181357575e-04  -4.732012594668e-03   6.680816863076e-06  -5.928558166490e-03  -9.529826908363e-03  -8.246044100899e-04   4.690768409772e-05   7.940251367963e-04
  -1.165116490653e-02  -2.010184380099e-02  -4.838002265939e-02   6.768511802702e-07  -6.381465075090e-06   5.309147018992e-02  -9.514994508992e-02   1.162708026622e-06  -8.030519431812e-06   1.456537207554e-02  -3.628775837039e-02   2.289811875547e-06  -7.031186321834e-06   1.340140425969e-02   2.648227920258e-03  -2.107947763392e-07  -2.364730406143e-06   2.773302491331e-07  -5.624898796548e-07  -1.200789586564e-02   4.459982944899e-06   2.079853720484e-02   4.925056803214e-03   8.637288223416e-03   1.030920881501e-01  -1.004739776221e-06   1.380616523522e-06  -2.895188582330e-02   1.592936890795e-01  -1.442851165605e-06   2.109136394460e-06  -4.713380632926e-02   1.177207228300e-01  -1.582026010817e-06   8.710584708124e-07  -2.694755008336e-02   4.192808347106e-03  -7.224001425640e-07   1.058081952877e-06   1.326828070318e-07   1.112823854596e-08  -3.612884422070e-03  -1.139656351798e-07   6.257767593718e-03  -5.738185819944e-03  -4.133393974162e-03  -9.352388702117e-03  -3.030223010809e-03  -2.595910935108e-03  -2.215138968916e-03  -1.110381358283e-03  -5.738088054380e-03  -4.134773488611e-03  -9.352611257281e-03  -3.030619201298e-03  -2.594909672069e-03   2.068942659806e-03  -1.363836465887e-03  -5.737719913017e-03  -4.124688741777e-03  -9.349960512675e-03  -3.033349598615e-03  -2.598535326702e-03   1.465032159388e-04   2.474006619163e-03
