ARMA_MAT_TXT_FN008
145 145
  -9.789761281681e+00  -1.219994995814e+01  -1.656977730102e-02  -8.333659383620e-06  -3.712675819909e-06  -4.493042848791e+00  -6.991240066363e-03  -3.599110035220e-06  -1.954750678839e-06  -2.022512260266e+00  -2.491920194855e-03  -1.292657718035e-06  -7.419569833098e-07  -8.522729616718e-01  -6.705964794564e-04  -3.514406191797e-07  -2.088787500684e-07  -1.640896079081e-07  -4.710907846907e-07  -7.402971156088e-05  -4.728371223417e-07   1.273545642218e-04  -5.486226885988e-04  -4.215859803717e-04   2.382296216811e-03   3.731406398165e-03  -4.092463608777e-03  -2.971034144138e-02   3.437964602705e-02   6.201232482155e-02  -6.801623937234e-02  -5.181902335882e-01   4.754115319747e-01   8.653078062492e-01  -9.490880815726e-01  -8.401560724382e-01   4.690845668801e-01   8.541950926786e-01  -9.368996195335e-01  -1.879171129895e-02   3.761098645213e-02  -1.097391082221e-02   2.061125195645e-02   1.204567958818e-02  -5.488205682620e-04  -4.217368083159e-04   2.382262945576e-03   1.681060707669e-03   5.278775971592e-03  -2.971873458882e-02   3.437864757482e-02   2.793630495379e-02   8.773125399587e-02  -5.182502133244e-01   4.753046653440e-01   3.897407018294e-01   1.223948937552e+00  -8.401902659330e-01   4.689436107199e-01   3.847063281154e-01   1.208139191346e+00  -8.463063140996e-03  -2.184900270012e-02  -3.466314754543e-02  -2.657773051491e-02  -1.619415511858e-03  -5.486355519511e-04  -4.215937369317e-04   2.386201136349e-03  -5.408602917187e-03  -1.183742339742e-03  -2.971076403190e-02   3.444436699485e-02  -8.989149906606e-02  -1.967410048742e-02  -5.181932161926e-01   4.763099868490e-01  -1.254321167824e+00  -2.745270519639e-01  -8.401577952944e-01   4.699697254338e-01  -1.238208224472e+00  -2.710005377421e-01   2.729177861766e-02  -1.577012342480e-02   2.176311986720e-02   5.973233443613e-03   3.090773723359e-02  -1.337041167566e-01  -9.732654303358e-01  -1.036674187921e+00  -6.349866108645e-01  -1.144126234847e+00  -5.830289462293e-04  -2.265933160861e-04   2.021472047574e-09  -1.578364334992e-07   3.298723004000e-06  -3.716948521146e-09  -1.107426621481e-09  -2.637413848015e-06   3.254258587827e-06  -5.680467756467e-09  -1.121480587480e-09  -1.503522809813e-03   7.870351243083e-03   1.009974165098e-06   3.472518852427e-07  -9.182092554343e-02   2.725520844440e-01   3.500549501973e-05   1.195405122553e-05   4.148617536222e-09  -2.101559932811e-09  -1.494346273112e-06   5.370526530628e-10   2.591711090199e-06   2.539310806225e-06   2.178896182559e-06  -3.199181237101e-04  -3.549368983466e-02   2.239863760681e-07  -8.892201126399e-10  -1.479420910002e-10  -2.233512439490e-06  -6.579495121664e-06  -1.615083723472e-02  -1.440422596834e-01  -1.639781419318e-06  -3.987079578803e-07  -1.243695971616e-06  -2.231434167512e-06  -6.590198919619e-06  -1.615193392155e-02  -1.440457664803e-01  -1.638995258973e-06  -8.785680596036e-07   9.603846875901e-07  -2.240519963300e-06  -6.605689829310e-06  -1.616722195398e-02  -1.440944656342e-01  -1.641261901890e-06   1.278287486813e-06   2.790981849066e-07
  -1.219994995814e+01  -9.004666727042e+00  -1.512512818177e-02  -7.731896613738e-06  -3.872347246761e-06  -4.038834868950e+00  -1.207702376660e-03  -7.455368469070e-07  -9.072401565926e-07  -1.905842054228e+00   2.606705456529e-03   1.278193731170e-06   3.457841873874e-07  -8.138348265589e-01   1.841128338895e-03   9.180497889893e-07   3.217207060469e-07  -2.717660029879e-06  -4.738456211248e-07   1.368557460030e-03  -1.477613804875e-06  -2.371315567644e-03  -3.101228458921e-04  -2.887862440596e-04   2.379670169953e-03   4.497326191325e-03  -4.932802329254e-03  -3.158475584779e-02   4.095221720408e-02   7.468027019850e-02  -8.191092712424e-02  -5.019301178456e-01   4.509376696211e-01   8.196339707354e-01  -8.989915400021e-01  -7.996259490033e-01   4.447497925492e-01   8.066337782219e-01  -8.847319564353e-01  -2.325510075726e-02   4.637469818730e-02  -1.349032798049e-02   2.550673884308e-02   1.478223643097e-02  -3.101652245380e-04  -2.888254036042e-04   2.379239980112e-03   2.025717753202e-03   6.361684887838e-03  -3.159430288946e-02   4.095088525761e-02   3.364298292278e-02   1.056530932786e-01  -5.019866475874e-01   4.508348984976e-01   3.691677822893e-01   1.159340474795e+00  -7.996580742397e-01   4.446165230463e-01   3.632863438322e-01   1.140868957649e+00  -1.047381665755e-02  -2.694158149189e-02  -4.270180703615e-02  -3.289224367223e-02  -2.067076340548e-03  -3.101239689527e-04  -2.887874629878e-04   2.384316780657e-03  -6.519279221182e-03  -1.426843213100e-03  -3.158521941807e-02   4.103011265672e-02  -1.082551122305e-01  -2.369325355777e-02  -5.019329279727e-01   4.517886396253e-01  -1.188112932496e+00  -2.600363111650e-01  -7.996275716494e-01   4.455856795205e-01  -1.169262942800e+00  -2.559106439791e-01   3.377381980623e-02  -1.944470598328e-02   2.687474750217e-02   7.391917891178e-03   3.803920587312e-02  -1.575396606129e-01  -9.357151413118e-01  -9.888774988110e-01  -6.079869543677e-01  -1.128327162395e+00  -5.750129398596e-04  -2.234855092908e-04  -2.982975463827e-08   5.662650948336e-08  -3.273076975993e-06   5.771775834097e-09   2.088079288010e-09   1.484575484608e-06  -4.581485640569e-06   8.375818575635e-09   2.463562327431e-09  -1.512081673706e-03   7.878558905878e-03   9.892354861200e-07   3.374104257631e-07  -8.804971168295e-02   2.606756841286e-01   3.342533451655e-05   1.142107282763e-05  -2.871750662961e-09   6.346401730102e-10   8.275443241438e-07  -3.801004731207e-10  -1.438023390967e-06  -2.668463567558e-06  -2.755308608833e-06  -3.202368872357e-04  -3.407713972889e-02   5.178851761617e-07   1.750053261201e-09   6.231144759996e-10   2.219012397385e-06  -1.325102155818e-06  -1.577715784871e-02  -1.378986615993e-01  -2.306696871028e-06   1.227169702388e-07   3.848028450858e-07   2.220971077123e-06  -1.325847207011e-06  -1.577823284693e-02  -1.379020063698e-01  -2.306938127301e-06   2.730573641123e-07  -2.985561244100e-07   2.230936912665e-06  -1.336447497237e-06  -1.579313754931e-02  -1.379485386242e-01  -2.304066282424e-06  -3.983954325327e-07  -8.713866543630e-08
  -1.656977730102e-02  -1.512512818177e-02   7.673022475291e-01  -3.000672104503e-05  -1.601818163971e-05   5.323044704566e-03  -5.764495666995e-01  -2.933506622572e-05  -1.692784233530e-05   2.244400886057e-02  -4.944377111369e-01  -2.958263667523e-05  -1.323613943861e-05   2.838750909123e-02  -1.732039855823e-01  -1.742957025691e-05  -7.058064947881e-06   1.410468185298e-04  -1.982307344623e-05  -5.491633020572e-02   4.784074010881e-05   9.521997060835e-02  -8.510341378318e-03  -7.901338035230e-03   5.854628804955e-03   5.287762893065e-02  -5.799150815717e-02  -8.768828274220e-02  -1.515918913211e-02   1.163807034288e-01  -1.276433426396e-01  -1.029898086282e-01  -1.298926652157e-01   1.151735976569e-01  -1.263306308022e-01  -4.586993950269e-02  -1.909365420585e-01   4.563581143704e-02  -5.007150392226e-02   8.629720438108e-03   8.734450242195e-02  -4.241861706753e-02  -9.463265630114e-03   5.730255161928e-02  -8.510793673393e-03  -7.901877468016e-03   5.835004130676e-03   2.381292243665e-02   7.477228015398e-02  -8.767550832449e-02  -1.520712874462e-02   5.240521320258e-02   1.645647334168e-01  -1.029659303724e-01  -1.299454704032e-01   5.185443399882e-02   1.628547252245e-01  -4.585421464074e-02  -1.909607435819e-01   2.053946641013e-02   6.453300014151e-02   3.901655988613e-03  -5.071367571526e-02  -9.738853582850e-02   1.224907258542e-02   2.556616428365e-02  -8.526412087684e-03  -7.916090977949e-03   5.963661855181e-03  -7.678247450716e-02  -1.680418305525e-02  -8.784830031317e-02  -1.491928070249e-02  -1.690073818168e-01  -3.698898615630e-02  -1.031838617956e-01  -1.296582531423e-01  -1.672693904963e-01  -3.661026514609e-02  -4.597407491758e-02  -1.908391754469e-01  -6.631740479713e-02  -1.451693855965e-02  -1.226888424994e-02  -3.669176075340e-02   3.367077843973e-02  -2.685020936310e-03   1.012950124806e-01   4.457696036567e-01   4.287406985428e-01   2.086593866013e-01   7.294676227998e-02   2.609290262291e-01   2.225468998104e-04   8.679407900635e-05   1.721256191020e-06  -1.301911634555e-06  -1.198079371915e-05   9.245054841736e-08   3.654384112062e-08  -1.089293418138e-05  -3.463517185273e-05   1.066044080908e-07   4.257768093605e-08  -2.638555252793e-03   1.121274613601e-02   1.306038893044e-06   4.279764304680e-07  -2.483981031302e-02   5.269919854715e-02   7.437745790304e-06   2.379615477029e-06   2.906777606504e-08   1.958579754068e-08  -2.654553301376e-06   1.046000263586e-08   4.463276539296e-06  -2.102470101876e-06  -7.091974483247e-06  -4.688695709072e-04  -1.045986894065e-02   2.163794542966e-05   3.922765549982e-08   1.472134557033e-08   2.660807248054e-05  -1.702117912193e-05  -1.183426262064e-02  -2.729927868448e-02  -7.959732876974e-05  -8.394482141339e-06  -2.612245313007e-05   2.663717587434e-05  -1.703075499980e-05  -1.183490681998e-02  -2.729971452852e-02  -7.957941431768e-05  -1.852747176034e-05   2.022869868682e-05   2.679564016208e-05  -1.719780803812e-05  -1.184347566927e-02  -2.730480362653e-02  -7.947230049274e-05   2.678135805793e-05   5.845211481476e-06
  -8.333659383620e-06  -7.731896613738e-06  -3.000672104503e-05   8.222208924837e-01  -4.656152939805e-06   3.630527924322e-07  -2.934720695026e-05  -5.256997517527e-01  -6.271782639110e-06   9.716086881900e-06  -2.935703465673e-05  -4.386043609692e-01  -2.331559459056e-06   1.344153714414e-05  -1.713578745635e-05  -1.389282229292e-01  -4.561298298033e-07  -9.879476826425e-02   6.580091952656e-02  -7.557023998144e-02  -1.907679590068e-05  -4.347051267269e-02  -1.534722655776e-02  -1.406979006587e-02   5.167143756512e-02   6.340875352677e-02  -1.026644182916e-01  -1.533091897850e-01   1.147149703274e-01   1.229043392782e-01  -2.285789617572e-01  -1.872875872681e-01   1.123614484872e-01   2.011122612762e-02  -2.262825475932e-01  -1.012605268733e-01   4.972272035061e-02  -1.018909803377e-01  -1.015704032324e-01  -5.089492475143e-02   1.011666170833e-01  -7.540957556512e-02   8.597951117337e-02  -1.124316296982e-03  -6.914434912472e-03  -6.339031329343e-03   2.326975402168e-02  -1.121155685007e-02   5.963246510653e-02  -6.905731521769e-02   5.165503700553e-02  -4.323768703408e-02   1.327608815190e-01  -8.435502622935e-02   5.058829948389e-02  -1.443642678211e-01   1.314177575546e-01  -4.560355518527e-02   2.237972636079e-02  -1.757193285639e-01   5.898337184171e-02   1.159450730718e-02   3.138631580717e-02  -7.860910262825e-02  -4.992121365736e-02  -2.626981605910e-02   2.224703913121e-02   2.039518920504e-02  -7.503216728953e-02   1.664842134482e-01   4.304607797143e-02   2.222285146218e-01  -1.665904168477e-01   3.523993875958e-01   9.584069218973e-02   2.714851025624e-01  -1.631913038810e-01   2.472985126284e-01   9.487690910527e-02   1.467940881607e-01  -7.224422959863e-02   9.464420245625e-05   4.258841295537e-02  -1.374799454384e-01   7.941011003814e-02  -8.932250432025e-02  -3.611892454397e-02  -1.128115112498e-01   2.254351881916e-04   2.171508186994e-04   1.051823428290e-04   3.624539340390e-05   2.217705112203e-04  -1.745337295954e-01  -3.426915639192e-07  -2.495166634233e-09   4.733794196191e-09  -8.983923715493e-08  -6.964314517557e-05  -6.495495320545e-08   9.459123812514e-08  -1.010598352692e-07  -8.598878775622e-05  -9.398493118626e-08  -4.405996533412e-07   1.797047455681e-06  -7.575378136430e-04   6.953879194490e-08  -3.494641915539e-06   8.656890509912e-06  -1.589486990415e-02   2.596217751075e-07  -9.796773108230e-06  -2.400884609364e-05   2.763520160030e-05   1.277663805171e-08   1.586738473336e-05  -7.351796737195e-08  -6.477219830962e-08  -1.337820388746e-07  -2.017341182768e-06   1.352448344773e-08  -2.311913544611e-05  -2.240556172922e-08   1.901401357401e-05   1.401909290628e-05   1.043993455408e-03   2.523143027068e-03   1.527695569054e-05   3.195017113902e-05  -3.155049068133e-06   4.196868279265e-05   3.118444322691e-05   2.320520500864e-03   5.605124258669e-03   3.372219306813e-05   2.789404702548e-05   5.535063429344e-06  -6.075696982314e-05  -4.531445360799e-05  -3.372353901969e-03  -8.139120408400e-03  -4.892103384494e-05   2.222832297469e-05  -2.383686829722e-06
  -3.712675819909e-06  -3.872347246761e-06  -1.601818163971e-05  -4.656152939805e-06   8.222114199267e-01  -8.469557355657e-06  -1.706938426922e-05  -6.271974923349e-06  -5.257116934852e-01  -1.776970552579e-06  -1.343239723026e-05  -2.330076972232e-06  -4.386084060900e-01   2.654818881777e-06  -7.068227383507e-06  -4.509414286377e-07  -1.389290462454e-01  -1.907600375686e-05  -8.728151778468e-02  -5.705624525816e-02  -9.869360728288e-02  -3.287671801493e-02   1.683312730383e-02   1.543194021642e-02  -5.666828252655e-02  -1.026640466962e-01   8.241093684338e-02   1.681505398294e-01  -1.258159530114e-01  -2.285783524184e-01   1.652126173685e-01   2.054199962363e-01  -1.232441206294e-01  -2.262786668146e-01   6.199200030159e-02   1.110690602071e-01  -5.455407953355e-02  -1.015703540776e-01  -8.308996017377e-02   8.597990159435e-02  -1.213761691673e-01  -1.474483631245e-02  -6.680967824202e-02  -5.503041512585e-02  -2.171415097511e-02  -1.990702286396e-02   7.306648265949e-02   5.963226912654e-02   1.570692612374e-01  -2.168648778586e-01   1.622087256855e-01   1.327605718072e-01   3.314102366433e-01  -2.649097995944e-01   1.588763330971e-01   1.314160226331e-01   2.264915392928e-01  -1.432274386917e-01   7.031481844456e-02   5.898597053361e-02  -9.257821330283e-03  -4.992161567702e-02  -1.062158218622e-01  -1.211745242973e-01  -1.292835737980e-01  -9.935190697440e-03   4.869094013947e-03   4.463779492257e-03  -1.642093897128e-02   4.304590458271e-02  -2.077252484695e-02   4.863773967842e-02  -3.645978313937e-02   9.584039903314e-02  -6.452196137441e-02   5.941797730705e-02  -3.571696115117e-02   9.487476618997e-02  -1.654315710104e-01   3.212699701202e-02  -1.581327521828e-02   4.258577141528e-02  -1.851744463083e-01  -3.611891423975e-02  -5.341940687629e-02  -4.773904418866e-02   1.964302811978e-02  -4.096544760039e-02   8.768660662299e-05   8.324803429832e-05   3.848330241881e-05   1.225416687322e-05   8.553869325868e-05  -3.435455295590e-07  -1.745335945743e-01   1.787200721536e-10   1.495074502078e-09  -2.664057135148e-08  -3.302319673318e-08  -6.934789769207e-05   2.936535464965e-08  -3.126783241002e-08  -4.343529853027e-08  -8.557857490090e-05  -1.455742095857e-07   6.043218232366e-07   1.162253657743e-07  -7.581437435678e-04  -1.516642320221e-06   3.875629107827e-06   2.821395712265e-07  -1.589697944611e-02   4.349329923341e-09   3.176197799262e-05   2.076867070918e-05  -9.838563052320e-06   1.196941214985e-05  -2.088162295820e-08  -1.784748670044e-08  -4.113533166445e-08  -7.931198098260e-07   2.978931465359e-09  -1.019553710762e-08  -2.302157335730e-05   5.910836662460e-05   4.411230242098e-05   3.285170304806e-03   7.932658084741e-03   4.753445322375e-05  -3.233288679528e-06   2.272430118955e-05  -4.578417161927e-05  -3.422020945356e-05  -2.549768582098e-03  -6.156480130781e-03  -3.684540645244e-05   5.636769770815e-06   2.678075106376e-05  -1.325883863081e-05  -9.925858402138e-06  -7.381182319958e-04  -1.781386608101e-03  -1.066790522724e-05  -2.385308973207e-06   3.250428511719e-05
  -4.493042848791e+00  -4.038834868950e+00   5.323044704566e-03   3.630527924322e-07  -8.469557355657e-06  -2.402319942759e+00  -4.287062181828e-02  -2.575151264144e-05  -2.724867547937e-05  -1.711467986474e+00  -3.710958217295e-02  -2.048660697492e-05  -1.679158936233e-05  -9.322501793759e-01  -5.224906866893e-03  -3.101887226684e-06  -3.802043652629e-06   3.559926298505e-05  -1.730201556043e-05  -2.832241028555e-02  -1.489680246664e-06   4.902436463651e-02  -3.259391668213e-01  -3.111999212992e-01   9.052141741005e-02   1.709868719182e-01  -1.875441895220e-01  -4.697285835269e-01   1.425598760506e-01   2.655140194266e-01  -2.912234848416e-01  -7.067652685345e-01   3.534433311174e-01   6.473763422053e-01  -7.100596937439e-01  -8.830778939521e-01   3.880809696827e-01   7.222925828525e-01  -7.922360707905e-01  -4.747528715365e-02   9.359450639751e-02  -2.713385628996e-02   5.207199287812e-02   2.967410694127e-02  -3.259965088627e-01  -3.112544184789e-01   9.050110923767e-02   7.701371263208e-02   2.418595718832e-01  -4.697899588152e-01   1.425275125831e-01   1.195891475780e-01   3.755639569595e-01  -7.068313940941e-01   3.533531409925e-01   2.915737445626e-01   9.156681903530e-01  -8.831143763214e-01   3.879591121626e-01   3.252962186470e-01   1.021579506263e+00  -2.137686596569e-02  -5.436033556616e-02  -8.606703909888e-02  -6.713235843458e-02  -4.330427253086e-03  -3.259420042212e-01  -3.112026144385e-01   9.069853989523e-02  -2.478607541422e-01  -5.424819600659e-02  -4.697314696049e-01   1.428350327765e-01  -3.848839279565e-01  -8.423780154447e-02  -7.067685122329e-01   3.541158877060e-01  -9.384171119032e-01  -2.053876816459e-01  -8.830797682836e-01   3.888304745723e-01  -1.047018926724e+00  -2.291587257016e-01   6.894678902273e-02  -3.924299001140e-02   5.433088014318e-02   1.509008478009e-02   7.660957089580e-02  -4.560990927134e-01  -9.257135893789e-01  -1.032771314043e+00  -7.182443050714e-01  -6.824068061910e-01  -3.476246354141e-04  -1.357135414522e-04  -1.619450711939e-06   9.993558377665e-07  -1.321965913421e-05   5.717846501195e-08   2.218353720663e-08  -1.841291292400e-05   1.779165912922e-04   1.033711570237e-07   3.832557123345e-08  -6.430391960434e-03   2.559107489881e-02   3.693781468836e-06   1.246120441938e-06  -1.214725876597e-01   3.308481741659e-01   4.328766199914e-05   1.434473918815e-05  -6.805918499320e-08   4.985722394798e-09   8.147987328682e-05  -2.404865274618e-08  -1.411681033195e-04  -1.386476570274e-05  -5.217369346885e-06  -1.315441884188e-03  -4.928586326276e-02  -1.537997788996e-05   1.876509093034e-09   1.544287477704e-09   1.491068492902e-05  -5.865256683904e-04  -3.317340643722e-02  -1.816077930393e-01   1.029698171700e-04  -9.508732287957e-06  -2.992596453078e-05   1.491894577052e-05  -5.865839494256e-04  -3.317524141326e-02  -1.816122165327e-01   1.029858727493e-04  -2.113014056923e-05   2.322351663238e-05   1.498247878308e-05  -5.874940677597e-04  -3.320013783815e-02  -1.816690226108e-01   1.031705461649e-04   3.070588313704e-05   6.719397301823e-06
  -6.991240066363e-03  -1.207702376660e-03  -5.764495666995e-01  -2.934720695026e-05  -1.706938426922e-05  -4.287062181828e-02  -4.196712208062e-01   2.115663016910e-05  -7.254643101286e-06  -9.599893781898e-02  -5.724783758711e-01   4.191085025401e-05   6.178143830321e-06  -5.720125792142e-02  -2.799774363234e-01   1.124954232564e-05   1.192841787090e-06   3.853044031112e-04  -6.854592079427e-05  -1.345114041401e-01   1.288709865026e-04   2.333347000556e-01  -3.729183883788e-01  -3.549063751700e-01  -6.661118864362e-02   1.506108280306e-01  -1.651865832241e-01  -3.702480000202e-01  -1.062614783696e-01   1.463627460909e-01  -1.605276570010e-01  -2.611933969480e-01  -1.610881881714e-01   1.049241726361e-01  -1.150836703503e-01  -1.612232847664e-01  -2.406261224219e-01   9.081243740830e-02  -9.959276644964e-02   2.790461780885e-02   2.444640131746e-02  -2.011540209625e-02  -3.060458946151e-02   3.031319550840e-02  -3.728573895904e-01  -3.548479113613e-01  -6.667723596283e-02   6.781643510788e-02   2.129601634112e-01  -3.701721825954e-01  -1.063274570554e-01   6.590186214182e-02   2.069484229536e-01  -2.611361296628e-01  -1.611349736696e-01   4.724268007001e-02   1.483605964433e-01  -1.611921977865e-01  -2.406591628477e-01   4.089690695786e-02   1.284032952242e-01   1.257191307600e-02  -1.419222126213e-02  -3.549563099248e-02   3.947760682628e-02   2.142604345702e-02  -3.736233254051e-01  -3.555770425682e-01  -6.629892513906e-02  -2.187198727546e-01  -4.786926235068e-02  -3.709420343960e-01  -1.059583696225e-01  -2.125509439723e-01  -4.651916034405e-02  -2.616755078332e-01  -1.608872155062e-01  -1.523500607274e-01  -3.334488233878e-02  -1.614617571273e-01  -2.404857166016e-01  -1.317539027091e-01  -2.883722451813e-02  -4.038181730999e-02  -1.026983578993e-02   1.166454542267e-03  -8.838004524287e-03   4.265386351067e-02   4.890842207378e-01   4.285832474781e-01   2.020196714192e-01   3.879114293384e-02  -4.735391768832e-02   7.176204232177e-06   3.632182190455e-06  -2.484879424424e-06  -3.120260134875e-06   1.107510557839e-04   1.728629831507e-09   7.074380440513e-09  -2.165803646249e-04   8.010075228100e-04   6.009081407154e-08   2.679306418999e-08  -9.963974631460e-03   3.343697905525e-02   6.317261466180e-06   2.161607301818e-06  -6.096643666904e-02   1.271844659826e-01   3.062248605266e-05   1.020009123100e-05  -2.932350478682e-08  -2.160520754111e-09   2.467940316609e-04  -1.983449805315e-08  -4.275015384371e-04   6.386936217272e-05   7.015942735115e-05  -2.032585142522e-03  -2.699372020316e-02  -2.340009556783e-05  -4.727036316069e-09   2.082125197218e-11  -6.290508185531e-05  -1.803046974302e-03  -3.153857277178e-02  -7.242535520125e-02   3.486595745792e-04  -5.203936299444e-05  -1.632535671122e-04  -6.294212514661e-05  -1.803201472608e-03  -3.153913022775e-02  -7.242550299909e-02   3.487085932027e-04  -1.154575180403e-04   1.266303280656e-04  -6.305498383450e-05  -1.805694579189e-03  -3.155270366589e-02  -7.243312156060e-02   3.493671037330e-04   1.677267755942e-04   3.668177773389e-05
  -3.599110035220e-06  -7.455368469070e-07  -2.933506622572e-05  -5.256997517527e-01  -6.271974923349e-06  -2.575151264144e-05   2.115663016910e-05  -4.887688297449e-01  -1.800105037903e-05  -5.188876952730e-05   4.222417237081e-05  -6.790250715731e-01  -1.287575132226e-05  -3.059511727475e-05   1.165969906597e-05  -3.105731226571e-01  -4.247879605273e-06  -3.302761380962e-01   2.300832719510e-01  -2.642086465040e-01  -6.774980159540e-05  -1.520627158685e-01  -6.778383207801e-01  -6.448932936151e-01   1.503066048310e-01   1.148077937534e-01  -2.985284408253e-01  -6.674873896928e-01   1.458078358597e-01   7.042124109792e-02  -2.900051938884e-01  -4.654284571953e-01   9.135387790435e-02  -4.920493454310e-02  -1.899306912721e-01  -2.321766323093e-01   4.757415003503e-02  -2.224064862299e-01  -1.059797446902e-01  -3.036197518512e-04   8.381716203667e-04  -3.478487755688e-02   2.281909916205e-02  -2.427296092215e-02  -3.053218326050e-01  -2.904819292728e-01   6.767939029409e-02  -1.021798315937e-01   1.733824681670e-01  -3.006471644028e-01   6.565183109820e-02  -1.403721767113e-01   1.684277677403e-01  -2.096339784106e-01   4.113329390388e-02  -1.872568925053e-01   1.103073795122e-01  -1.045818610540e-01   2.143132266485e-02  -2.994327178334e-01   6.155735687116e-02   1.627661353413e-02   4.295986179573e-02  -2.781424433974e-02  -1.324749077544e-02  -1.794175520955e-02   9.825739978946e-01   9.348176907729e-01  -2.182775273152e-01   4.145334221738e-01   1.251697442769e-01   9.675638376991e-01  -2.117447391445e-01   3.615887766009e-01   1.215961349709e-01   6.746615672714e-01  -1.326713517509e-01   1.414706153310e-01   7.963131832473e-02   3.365103255483e-01  -6.904907111763e-02  -1.160720006694e-01   4.441669813629e-02  -2.326169178715e-02   1.388920444360e-02  -3.631667297530e-03  -9.586928503363e-03   4.043124553465e-03   2.469602805041e-04   2.183975277935e-04   1.040886276906e-04   1.958191932571e-05   7.192106039622e-06  -6.012168301615e-02  -5.611887077764e-07  -3.789535522925e-09   3.856112627359e-09  -5.327527396130e-08  -7.659336925310e-05  -7.859413308350e-08   6.106179228590e-08   6.107168031680e-08  -1.270398160708e-04  -1.110095584843e-07  -3.359934118266e-07   8.397202397293e-07  -4.537660720563e-03  -2.080433241869e-07  -3.693996048614e-06   1.842765267520e-05  -4.970492404775e-02  -1.748360468560e-06   2.880608143497e-05  -3.100569920303e-05   3.571883537986e-05   1.154880878370e-08   2.042673178161e-05  -5.811565049436e-08  -4.447028550296e-08  -2.296826768621e-07  -3.141458085803e-06  -4.104587972052e-09  -2.373538498526e-05  -2.747458055544e-08   2.660758636473e-05   1.763724774196e-04   3.681082853857e-03   7.204791571418e-03  -1.574468470885e-05   3.310334301135e-05  -3.266510498432e-06   5.885414601879e-05   3.918634482410e-04   8.168675947196e-03   1.599768084124e-02  -3.533246556234e-05   2.889334166416e-05   5.720330335238e-06  -8.533787072329e-05  -5.696597049496e-04  -1.185559387318e-02  -2.322410634359e-02   5.163005352699e-05   2.312816359226e-05  -2.445588231348e-06
  -1.954750678839e-06  -9.072401565926e-07  -1.692784233530e-05  -6.271782639110e-06  -5.257116934852e-01  -2.724867547937e-05  -7.254643101286e-06  -1.800105037903e-05  -4.888001274596e-01  -3.646861039696e-05   6.101281991913e-06  -1.287368196053e-05  -6.790437657210e-01  -2.037902849941e-05   1.271857890338e-06  -4.241641965116e-06  -3.105786689244e-01  -6.775000328607e-05  -3.051767189520e-01  -1.994811568229e-01  -3.299233341151e-01  -1.149774495164e-01   7.434671272181e-01   7.073322569825e-01  -1.648530102837e-01  -2.985286624231e-01   1.700636065959e-01   7.321120108726e-01  -1.599189674982e-01  -2.900051334908e-01   1.240998061794e-01   5.104852520381e-01  -1.001913730061e-01  -1.899159174213e-01  -1.406098327262e-02   2.546227198395e-01  -5.214533670654e-02  -1.059385862929e-01  -2.028324008236e-01   2.281947191110e-02  -8.693894590590e-03  -3.460053372824e-02  -4.528529361675e-03  -1.537876555143e-02  -9.588376980776e-01  -9.122340783406e-01   2.125304988276e-01   1.733828931195e-01   3.871034677914e-01  -9.441541419158e-01   2.061640140323e-01   1.684282480680e-01   3.349293174863e-01  -6.583290449083e-01   1.291625152058e-01   1.102976095010e-01   1.240064126401e-01  -3.283808899470e-01   6.723800981590e-02   6.152908289643e-02  -1.257927916822e-01  -1.324798384659e-02  -1.794172503501e-02   6.470763398358e-03  -2.110996803918e-02  -2.182435161459e-03   2.150510114029e-01   2.045988179297e-01  -4.777229837415e-02   1.251695503435e-01  -1.299748968925e-01   2.117654142615e-01  -4.634242629118e-02   1.215956120220e-01  -1.673724346365e-01   1.476581865134e-01  -2.903605098294e-02   7.962632962942e-02  -2.049388533282e-01   7.364270160546e-02  -1.510857031399e-02   4.440382679859e-02  -3.093079991192e-01  -9.586805425506e-03  -4.981334435409e-02  -2.183888931973e-02   1.844218412411e-02  -1.126465117373e-02   9.571603829521e-05   8.244465090286e-05   3.403672337227e-05   1.980711807175e-06   1.879258632732e-06  -5.623892025703e-07  -6.012056199124e-02  -1.374547178764e-09   1.685710843509e-09  -1.494194515112e-08  -4.026562445035e-08  -7.622370352587e-05   1.953646326560e-08   2.373864327143e-08  -5.039360783029e-08  -1.265401431659e-04  -1.197304453323e-07   3.365727446836e-07  -1.506159869581e-07  -4.536746702219e-03  -2.625583968100e-06   1.021779582832e-05  -1.719485033630e-06  -4.969856818911e-02   2.694090048891e-09   4.102531949983e-05   2.684031776397e-05   2.877819841585e-05   1.543543021009e-05  -1.553352469261e-08  -1.182043873076e-08  -7.619319973960e-08  -1.536010422421e-06  -2.993565046999e-09  -1.193393055830e-08  -2.361121998766e-05   8.298258835153e-05   5.545234713044e-04   1.155300212145e-02   2.263406404921e-02  -5.031534292731e-05  -3.352174418101e-06   2.355459740302e-05  -6.432379756071e-05  -4.303253426132e-04  -8.962222933550e-03  -1.756505989102e-02   3.913884332556e-05   5.837300346378e-06   2.776898043744e-05  -1.863610148615e-05  -1.246558121503e-04  -2.593217170583e-03  -5.082933627648e-03   1.135919898356e-05  -2.449990950135e-06   3.364671239595e-05
  -2.022512260266e+00  -1.905842054228e+00   2.244400886057e-02   9.716086881900e-06  -1.776970552579e-06  -1.711467986474e+00  -9.599893781898e-02  -5.188876952730e-05  -3.646861039696e-05  -1.489099347863e+00  -1.796487379806e-01  -9.001283158075e-05  -3.986442158641e-05  -9.424860619095e-01  -8.168200872209e-02  -3.949480587066e-05  -1.490781365983e-05   8.912845536296e-05  -2.180067397869e-05  -6.212832098425e-02   1.599903782148e-05   1.075736081872e-01  -1.028063156942e+00  -9.722821261239e-01   7.014126880546e-02   1.351340791866e-01  -1.482209626960e-01  -9.596895438883e-01   1.025606338563e-01   1.932839736262e-01  -2.120008604403e-01  -8.853592353731e-01   2.339841818540e-01   4.391174428996e-01  -4.816413702055e-01  -9.065625587643e-01   2.674740475244e-01   5.873092504867e-01  -6.442162311445e-01  -3.357228388970e-02   6.496137051377e-02  -1.868202545754e-02   3.682267017802e-02   2.033556852601e-02  -1.028120506734e+00  -9.723362400253e-01   7.011961908981e-02   6.086050818716e-02   1.911325497008e-01  -9.597424858146e-01   1.025331757187e-01   8.705288278236e-02   2.733867723162e-01  -8.854092084250e-01   2.339201907557e-01   1.977713963484e-01   6.210985640104e-01  -9.065906149099e-01   2.673723229521e-01   2.644892446212e-01   8.306880201884e-01  -1.511705073852e-02  -3.773084077203e-02  -5.958700939474e-02  -4.747359339723e-02  -3.266076129996e-03  -1.028065983927e+00  -9.722847842038e-01   7.028096017590e-02  -1.958899712154e-01  -4.287396599933e-02  -9.596919498799e-01   1.027607477272e-01  -2.801818026928e-01  -6.132263389968e-02  -8.853615513551e-01   2.344408676223e-01  -6.365380908066e-01  -1.393171789616e-01  -9.065636857347e-01   2.680831532843e-01  -8.514061955733e-01  -1.863474244997e-01   4.875406372416e-02  -2.723716858460e-02   3.786011042777e-02   1.067056453915e-02   5.291074420281e-02  -4.374646281469e-01  -7.231736386779e-01  -9.037490238967e-01  -7.225206967555e-01  -4.874075006929e-01  -2.480425247566e-04  -9.685663688309e-05  -1.485495063233e-03  -1.603965198740e-03   4.296850335172e-03  -2.794160445759e-09   1.457879392728e-08  -7.331669045788e-03   1.024952840138e-02   2.882686499344e-07   1.283556426570e-07  -2.045777373539e-02   4.559117373909e-02   7.799498659572e-06   2.761493603109e-06  -1.535186502901e-01   3.789756654404e-01   5.543181235246e-05   1.916299103085e-05   3.538278250639e-07  -2.363112758589e-07   1.482887098452e-03   7.074221573303e-08  -2.567200350623e-03   1.049574086715e-03   1.884061271773e-04  -5.857683553365e-03  -6.665476503551e-02   2.025643106143e-04  -2.344439974270e-07  -7.102355029810e-08  -4.585527103803e-03  -1.098815198492e-02  -5.515903707618e-02  -2.203869100066e-01   4.796422107186e-03  -1.032531057235e-03  -3.243315379516e-03  -4.585884548730e-03  -1.098870256107e-02  -5.516044485244e-02  -2.203911222521e-01   4.796475649424e-03  -2.292496567343e-03   2.516240759019e-03  -4.590393844935e-03  -1.099621530911e-02  -5.518863250574e-02  -2.204529336363e-01   4.798006334558e-03   3.328001693285e-03   7.280253229208e-04
  -2.491920194855e-03   2.606705456529e-03  -4.944377111369e-01  -2.935703465673e-05  -1.343239723026e-05  -3.710958217295e-02  -5.724783758711e-01   4.222417237081e-05   6.101281991913e-06  -1.796487379806e-01  -4.430226471187e-01   1.270991214671e-04   4.282067541104e-05  -1.550509428716e-01  -2.373748942161e-01   6.150241546738e-05   2.249619891601e-05   3.367518188256e-04  -6.375847848458e-05  -1.088082507935e-01   1.151136088527e-04   1.888061650323e-01  -6.746009341057e-01  -6.370548687709e-01  -1.814623540962e-01   8.573124320606e-02  -9.402571100099e-02  -5.555258556691e-01  -1.849514314950e-01   9.171892390185e-02  -1.005931652656e-01  -3.541259177941e-01  -1.344576226046e-01   6.405963601235e-02  -7.025730235609e-02  -2.274104567365e-01  -1.553720283488e-01   8.527019137125e-02  -9.347203525751e-02   1.568233258186e-02   2.667314142953e-02  -1.691453747585e-02  -1.720023043396e-02   2.435668934848e-02  -6.744088665784e-01  -6.368734517129e-01  -1.815033458147e-01   3.860076449274e-02   1.212108283494e-01  -5.553672106653e-01  -1.849947304961e-01   4.129727807672e-02   1.296788342489e-01  -3.540246714785e-01  -1.344866497789e-01   2.884484131538e-02   9.057492366914e-02  -2.273626978585e-01  -1.553928755017e-01   3.842014719821e-02   1.205527070457e-01   7.067376732728e-03  -1.548588239842e-02  -3.369898696815e-02   2.219334838554e-02   1.466294316818e-02  -6.758720940102e-01  -6.382551158421e-01  -1.812834877437e-01  -1.244951684385e-01  -2.724704161021e-02  -5.565691901410e-01  -1.847595007151e-01  -1.331918445724e-01  -2.915050841744e-02  -3.547836190743e-01  -1.343395010474e-01  -9.299740207133e-02  -2.035369236343e-02  -2.277133809424e-01  -1.552796319143e-01  -1.235572520705e-01  -2.703683126678e-02  -2.266008580093e-02  -1.120537605777e-02   6.314874818331e-03  -4.959516475060e-03   3.780631566797e-02   4.139591054705e-01   2.937176508074e-01   5.777309637731e-02  -5.198645644784e-02   1.763177459914e-01   1.077053669890e-04   4.274285574664e-05  -7.729444538111e-03  -8.105219453186e-03   1.565017946894e-02   6.914376895049e-07   2.870560233486e-07  -2.730090984054e-02   3.179516433106e-02   1.600984870200e-06   6.501396397312e-07  -4.131125870267e-02   5.106352016305e-02   1.002385778011e-05   3.654391764013e-06  -8.819837504517e-02   1.511920460920e-01   5.094289838786e-05   1.835213628219e-05   1.764066472433e-06  -7.628624483558e-07   3.160339026562e-03   4.173886850261e-07  -5.469974913829e-03   3.041236412916e-03  -6.058336858086e-04  -1.440423389748e-02  -4.487920612760e-02   1.468985651532e-03  -3.782645396389e-07  -1.061384840296e-07  -1.673448082489e-02  -3.145941918918e-02  -5.691855409519e-02  -1.039462123756e-01   1.253101390856e-02  -3.646392290476e-03  -1.145297813014e-02  -1.673547463482e-02  -3.146045236309e-02  -5.691762840323e-02  -1.039445001981e-01   1.253070181287e-02  -8.095487047517e-03   8.885213478910e-03  -1.674914388138e-02  -3.147587574960e-02  -5.692540240054e-02  -1.039475034786e-01   1.252973003700e-02   1.174982835953e-02   2.570318328394e-03
  -1.292657718035e-06   1.278193731170e-06  -2.958263667523e-05  -4.386043609692e-01  -2.330076972232e-06  -2.048660697492e-05   4.191085025401e-05  -6.790250715731e-01  -1.287368196053e-05  -9.001283158075e-05   1.270991214671e-04  -7.247195572719e-01  -1.091038452234e-05  -7.532157052771e-05   6.171798266824e-05  -3.678652950020e-01  -3.572402616366e-06  -3.203302217639e-01   2.209393819715e-01  -2.536925506961e-01  -6.321871470024e-05  -1.460320993949e-01  -1.226233217368e+00  -1.157826641617e+00   8.660845718345e-02  -8.233526698365e-02  -1.694056809676e-01  -1.006199676483e+00   9.316832023881e-02  -7.784683478999e-02  -1.818660580283e-01  -6.354797245858e-01   5.222983937299e-02  -7.946564294756e-02  -1.106708893563e-01  -2.935526327870e-01   1.025044037679e-02  -2.528062572363e-01  -3.613294413783e-02  -8.368859012061e-03   1.732992632823e-02  -2.939930938274e-02   2.552278314663e-02  -1.165581000417e-02  -5.522709507624e-01  -5.214619672693e-01   3.899576957783e-02  -2.054716348425e-01   9.838195142941e-02  -4.531718771343e-01   4.194984477494e-02  -2.100397738659e-01   1.056198710051e-01  -2.862074213751e-01   2.351919394734e-02  -1.599078909495e-01   6.427502481390e-02  -1.322268412329e-01   4.646003464414e-03  -2.790612096598e-01   2.100624322294e-02   1.017879887373e-02   2.585362254393e-02  -2.653765882700e-02  -1.481814763024e-02  -1.292243426316e-02   1.777500035216e+00   1.678340399911e+00  -1.257665182988e-01   8.774660495672e-02   7.102933988865e-02   1.458545227236e+00  -1.352927890140e-01   1.047456845194e-01   7.625417404850e-02   9.211602187056e-01  -7.584303930901e-02   3.163454337716e-02   4.639950849011e-02   4.254422667673e-01  -1.476323659862e-02  -2.166426596499e-01   1.512190340203e-02  -3.406254244822e-02   1.994803147994e-02  -1.654272231848e-02  -1.072256644088e-02  -1.718796816565e-02   2.092467407680e-04   1.508507477864e-04   3.516796966658e-05  -2.212479868138e-05   1.076010649878e-04  -3.396089771396e-02  -1.675431809750e-07  -1.002830822727e-06  -1.067303801214e-06   2.918891216214e-06  -2.491959252236e-03  -1.126152050253e-07  -4.027346086553e-06   5.921178826320e-06  -5.467556885849e-03  -2.201480690945e-07  -3.223983425543e-06  -1.110717140061e-06  -1.422114169400e-02  -9.587729255080e-07   1.248676108008e-06   1.396597738675e-05  -7.767218232162e-02  -4.294320697657e-06   3.557757630255e-03  -5.979173058170e-04   6.875366814483e-04   2.077444148754e-07   3.947412820574e-04   4.210926179926e-07  -2.125139879554e-07  -2.026023337052e-06  -2.487284800511e-06   4.492631562426e-07  -5.106273418220e-04  -3.266190127803e-08   1.465478202738e-03   2.380144807936e-03   6.229626704692e-03   1.057707662703e-02  -1.055996865862e-03  -2.195180904142e-03   7.711743360163e-04   3.255699094765e-03   5.288023923440e-03   1.381566345641e-02   2.347524364991e-02  -2.346561040798e-03  -1.229615543101e-03  -1.329503420832e-03  -4.730502090936e-03  -7.683005714269e-03  -2.004098876712e-02  -3.406524410323e-02   3.409022692090e-03   1.111341371369e-04   5.585582664889e-04
  -7.419569833098e-07   3.457841873874e-07  -1.323613943861e-05  -2.331559459056e-06  -4.386084060900e-01  -1.679158936233e-05   6.178143830321e-06  -1.287575132226e-05  -6.790437657210e-01  -3.986442158641e-05   4.282067541104e-05  -1.091038452234e-05  -7.247254705467e-01  -2.837977956081e-05   2.260001337956e-05  -3.570314591000e-06  -3.678638596609e-01  -6.321748702063e-05  -2.930404377240e-01  -1.915373846046e-01  -3.199863308760e-01  -1.104123243559e-01   1.344958008195e+00   1.269928193218e+00  -9.498818929031e-02  -1.694064020500e-01  -5.098067575246e-02   1.103619127865e+00  -1.021833035551e-01  -1.818669402085e-01  -4.418561258587e-02   6.970022118196e-01  -5.727548881391e-02  -1.106587971024e-01  -5.898897284678e-02   3.219232593211e-01  -1.115665899753e-02  -3.607459940091e-02  -2.461722500253e-01   2.552338674811e-02  -2.447839255443e-02  -1.895060264036e-02  -1.309462064945e-02  -1.677292294187e-02  -1.734360745973e+00  -1.637607588153e+00   1.224523784365e-01   9.838285772319e-02   7.216015702326e-02  -1.423146228312e+00   1.317298151308e-01   1.056212619579e-01   8.801801891403e-02  -8.988018780154e-01   7.383887635319e-02   6.426582891666e-02   2.145318085440e-02  -4.151503796462e-01   1.442722262690e-02   2.095686677862e-02  -2.199173949739e-01  -1.481878610887e-02  -2.637757588580e-02  -1.731483652406e-02  -3.164102785665e-02  -2.464383410587e-03   3.890324568854e-01   3.673298807908e-01  -2.752519673611e-02   7.102916471724e-02  -2.212430386386e-01   3.192240481270e-01  -2.961011360847e-02   7.625369879121e-02  -2.269716025812e-01   2.016088507101e-01  -1.659815159663e-02   4.639667812736e-02  -1.702083269984e-01   9.310913693699e-02  -3.222295340112e-03   1.511299189918e-02  -2.824311218524e-01  -1.072251756425e-02  -3.282677267354e-02  -1.842927304829e-02   1.258166343589e-02  -1.231150565606e-02   8.078499198734e-05   5.743545138223e-05   1.337568987699e-05  -7.317223394074e-06   4.144414621354e-05  -1.695614333574e-07  -3.395966201795e-02  -3.427539134865e-07  -3.644325758642e-07   9.887835087620e-07  -1.016674356615e-07  -2.491372270551e-03  -1.367473007133e-06   2.000567684095e-06  -2.039883585097e-07  -5.466414651892e-03  -1.013478754878e-06  -6.940794787325e-07  -9.411687291834e-07  -1.421531492860e-02   8.800253810384e-07   4.328780996192e-06  -4.282860085621e-06  -7.764679267186e-02   2.088018740698e-07   7.935037172749e-04   5.183371855189e-04   3.556660215141e-03   2.985341667542e-04   1.566167654430e-07  -5.408465997118e-08  -6.376687453658e-07  -4.584855854521e-07   1.390832643689e-07  -2.623026890251e-08  -5.104558762352e-04   4.607659926188e-03   7.484414073133e-03   1.953231000778e-02   3.320612644696e-02  -3.321790217295e-03   7.721649621485e-04  -1.481554859621e-05  -3.575730515139e-03  -5.808357186384e-03  -1.514816336067e-02  -2.575931597631e-02   2.578017275820e-03  -1.330633704276e-03  -9.800720855735e-04  -1.035029097692e-03  -1.681051784114e-03  -4.381409232356e-03  -7.450308458250e-03   7.459665949636e-04   5.587034426617e-04  -2.319964244405e-03
