ARMA_MAT_TXT_FN008
145 145
  -2.939329354170e+01  -2.869888802515e+01  -1.748206033420e-01  -7.927275829338e-05  -3.372683209220e-05  -1.025071510490e+01  -8.070802287410e-02  -3.659732693840e-05  -1.557030594547e-05  -4.680993987921e+00  -2.570983898149e-02  -1.165828518473e-05  -4.959793387723e-06  -1.980744369225e+00  -6.469557742882e-03  -2.933668980082e-06  -1.248026318107e-06   1.085013775290e-05  -1.299634649525e-06  -6.609745268453e-03   3.189914233417e-06   1.144660185750e-02  -5.609141459386e-04  -2.706100810835e-04   2.598024866383e-03   4.754723653077e-03  -5.215089447691e-03  -7.134483406202e-02   8.705376857062e-02   1.597933281424e-01  -1.752651712164e-01  -1.214477124526e+00   1.098315701746e+00   2.012233363486e+00  -2.207065103680e+00  -1.953517027896e+00   1.080363090311e+00   1.980603908509e+00  -2.172373745378e+00  -5.301735107640e-02   1.068130482078e-01  -3.120673344253e-02   5.815074587856e-02   3.428043265326e-02  -5.612014550637e-04  -2.707728237189e-04   2.598301876243e-03   2.142272123510e-03   6.727646134956e-03  -7.136613863214e-02   8.705081965659e-02   7.198579260279e-02   2.260663849634e-01  -1.214616272952e+00   1.098065069171e+00   9.063211750728e-01   2.846236522559e+00  -1.953596088764e+00   1.080035778041e+00   8.920084501920e-01   2.801289294160e+00  -2.387713415907e-02  -6.205030318986e-02  -9.848356199153e-02  -7.498455982768e-02  -4.527655646993e-03  -5.609307398418e-04  -2.706191232169e-04   2.603015824971e-03  -6.892448478464e-03  -1.508516179883e-03  -7.134609325932e-02   8.722072230105e-02  -2.316346226301e-01  -5.069675300861e-02  -1.214484751837e+00   1.100405433659e+00  -2.916874996418e+00  -6.384024232894e-01  -1.953521336175e+00   1.082415601525e+00  -2.871015096328e+00  -6.283654183154e-01   7.699984805457e-02  -4.478657077658e-02   6.176492523130e-02   1.685258779477e-02   8.784865988738e-02  -3.192055430984e-01  -2.244652058364e+00  -2.400561740817e+00  -1.475083159947e+00  -2.646538579209e+00  -1.347903102273e-03  -5.238087930621e-04   0.000000000000e+00   0.000000000000e+00   0.000000000000e+00   0.000000000000e+00   0.000000000000e+00   0.000000000000e+00   0.000000000000e+00   0.000000000000e+00   0.000000000000e+00  -3.612394253899e-03   1.885060616283e-02   2.419493315949e-06   8.261284897445e-07  -2.147398945548e-01   6.361495098813e-01   8.151258678250e-05   2.783585320720e-05   0.000000000000e+00   0.000000000000e+00   0.000000000000e+00   0.000000000000e+00   0.000000000000e+00   0.000000000000e+00   0.000000000000e+00  -7.686711712319e-04  -8.307543576015e-02   0.000000000000e+00   0.000000000000e+00   0.000000000000e+00   0.000000000000e+00  -1.327339057702e-05  -3.820568364205e-02  -3.362974439905e-01   0.000000000000e+00   0.000000000000e+00   0.000000000000e+00   0.000000000000e+00  -1.327593140420e-05  -3.820828537648e-02  -3.363056381417e-01   0.000000000000e+00   0.000000000000e+00   0.000000000000e+00   0.000000000000e+00  -1.331131512429e-05  -3.824438857799e-02  -3.364192734906e-01   0.000000000000e+00   0.000000000000e+00   0.000000000000e+00
  -2.869888802515e+01  -2.763594055028e+01  -2.428479058625e-01  -1.101198717041e-04  -4.685083123131e-05  -1.154643243706e+01  -7.546007400276e-02  -3.421751625776e-05  -1.455796175137e-05  -5.228193471656e+00  -1.970763391680e-02  -8.936463073527e-06  -3.802079378452e-06  -2.198147900202e+00  -4.611014569687e-03  -2.090873460047e-06  -8.895836301662e-07   5.414076240802e-06  -6.487587941039e-07  -3.298262675625e-03   1.591511444122e-06   5.711853575033e-03   2.239352972384e-05   1.898871223682e-05   7.427354344661e-05   1.341703437808e-04  -1.471605756732e-04  -5.512309620591e-02   8.112813212574e-02   1.481056623254e-01  -1.624455935610e-01  -1.338490192270e+00   1.231146921975e+00   2.250277823804e+00  -2.468156017691e+00  -2.169387659032e+00   1.209148488627e+00   2.210475296302e+00  -2.424499882647e+00  -4.041972903066e-02   8.087247730423e-02  -2.353276628955e-02   4.433325210447e-02   2.579068953836e-02   2.240139309420e-05   1.899818146048e-05   7.433448092704e-05   6.049478966839e-05   1.899783410097e-04  -5.514254767975e-02   8.112898632669e-02   6.672354765031e-02   2.095401497402e-01  -1.338645367655e+00   1.230868095004e+00   1.013539452025e+00   3.182944245170e+00  -2.169475749637e+00   1.208783507293e+00   9.955370895163e-01   3.126409445963e+00  -1.820562390568e-02  -4.698591304587e-02  -7.447877693285e-02  -5.717334265358e-02  -3.592894664429e-03   2.239403962198e-05   1.898925944229e-05   7.441652919235e-05  -1.944977739502e-04  -4.256873310817e-05  -5.512412128559e-02   8.128295042710e-02  -2.146920047671e-01  -4.698858326189e-02  -1.338498394289e+00   1.233483757975e+00  -3.261933856895e+00  -7.139236150574e-01  -2.169392307306e+00   1.211439162947e+00  -3.204224841506e+00  -7.012931687587e-01   5.870289844937e-02  -3.390969058466e-02   4.685986503494e-02   1.284801328354e-02   6.634892508249e-02  -3.277773449485e-01  -2.506010311598e+00  -2.672768265147e+00  -1.636267452414e+00  -3.004248499681e+00  -1.530398587464e-03  -5.947835133322e-04   0.000000000000e+00   0.000000000000e+00   0.000000000000e+00   0.000000000000e+00   0.000000000000e+00   0.000000000000e+00   0.000000000000e+00   0.000000000000e+00   0.000000000000e+00  -3.752610640500e-03   1.985947903525e-02   2.547220782257e-06   8.701982725490e-07  -2.366816632072e-01   7.031320692674e-01   9.015540583619e-05   3.079973625045e-05   0.000000000000e+00   0.000000000000e+00   0.000000000000e+00   0.000000000000e+00   0.000000000000e+00   0.000000000000e+00   0.000000000000e+00  -8.044005633675e-04  -9.142670230319e-02   0.000000000000e+00   0.000000000000e+00   0.000000000000e+00   0.000000000000e+00  -8.609989979636e-06  -4.134705810117e-02  -3.713495009228e-01   0.000000000000e+00   0.000000000000e+00   0.000000000000e+00   0.000000000000e+00  -8.611769320700e-06  -4.134989063282e-02  -3.713585527976e-01   0.000000000000e+00   0.000000000000e+00   0.000000000000e+00   0.000000000000e+00  -8.636533628163e-06  -4.138924889104e-02  -3.714842766877e-01   0.000000000000e+00   0.000000000000e+00   0.000000000000e+00
  -1.748206033420e-01  -2.428479058625e-01  -1.691166222531e+01   7.753736581940e-05   2.279355628816e-05  -6.479881919627e-01  -1.086647740483e+01   8.550573351272e-05   2.515732086663e-05  -4.134875371848e-01  -3.908816662776e+00   3.683942490459e-05   1.086607795033e-05  -1.963415254163e-01  -1.030546863197e+00   1.030253079760e-05   3.043944266769e-06  -5.092427950925e-05  -2.224190427772e-05   1.631664111544e-01  -2.740476710473e-05  -2.824958719069e-01  -1.221868892397e-02  -9.284952900776e-03   1.084696849087e-02   5.658951046290e-02  -6.206869897510e-02  -2.792530794547e-01  -9.789781943594e-04   5.042724959583e-01  -5.530985114118e-01  -8.842654585075e-01  -8.427419052261e-01   1.291499703671e+00  -1.416539802646e+00  -6.213262614371e-01  -1.188598926557e+00   6.004086029967e-01  -6.585262920256e-01  -4.031552861682e-02   5.063721161195e-01  -2.140228014699e-01   4.421932398715e-02   2.769677337326e-01  -1.222005073444e-02  -9.286371704676e-03   1.083015540713e-02   2.548656602865e-02   8.003872950700e-02  -2.792300944433e-01  -1.163277387538e-03   2.270820044708e-01   7.131358976972e-01  -8.840897620789e-01  -8.432787971899e-01   5.815191174840e-01   1.826203402175e+00  -6.212001659516e-01  -1.188835148147e+00   2.703478610362e-01   8.489752068851e-01  -1.808529340005e-02  -2.940450609964e-01  -5.327725257916e-01  -5.679614888982e-02   9.299185092959e-02  -1.224197717042e-02  -9.302683127374e-03   1.096371973386e-02  -8.218587481526e-02  -1.798761826155e-02  -2.797724769095e-01   4.514138524501e-05  -7.323315395225e-01  -1.602818793764e-01  -8.857611711422e-01  -8.402455381011e-01  -1.875245162355e+00  -4.104255117343e-01  -6.221678012107e-01  -1.187547485340e+00  -8.714713484949e-01  -1.907338730693e-01   5.980736355840e-02  -2.127150272959e-01   2.271460228827e-01   1.308977535417e-02   5.319154212220e-01   1.838807664631e+00   2.864374410058e+00   9.539501225967e-01   1.255061188821e-01   4.951564310117e+00   3.338137362244e-03   1.296441180536e-03   0.000000000000e+00   0.000000000000e+00   0.000000000000e+00   0.000000000000e+00   0.000000000000e+00   0.000000000000e+00   0.000000000000e+00   0.000000000000e+00   0.000000000000e+00  -1.286008179934e-02   5.910423774205e-02   8.275990067768e-06   2.823011359125e-06  -1.977976357360e-01   4.577663860754e-01   7.520570095983e-05   2.561232198440e-05   0.000000000000e+00   0.000000000000e+00   0.000000000000e+00   0.000000000000e+00   0.000000000000e+00   0.000000000000e+00   0.000000000000e+00  -2.482338279030e-03  -8.163161783626e-02   0.000000000000e+00   0.000000000000e+00   0.000000000000e+00   0.000000000000e+00  -1.810622014209e-04  -7.572727949002e-02  -2.374872607339e-01   0.000000000000e+00   0.000000000000e+00   0.000000000000e+00   0.000000000000e+00  -1.810914407973e-04  -7.573106941414e-02  -2.374897026557e-01   0.000000000000e+00   0.000000000000e+00   0.000000000000e+00   0.000000000000e+00  -1.815117323620e-04  -7.578805143087e-02  -2.375358076823e-01   0.000000000000e+00   0.000000000000e+00   0.000000000000e+00
  -7.927275829338e-05  -1.101198717041e-04   7.753736581940e-05  -1.707526500944e+01  -9.290169606679e-06  -2.938344770975e-04   8.550573351272e-05  -1.104686578355e+01  -1.022013598403e-05  -1.874994949836e-04   3.683942490459e-05  -3.986502939761e+00  -4.372964736295e-06  -8.903205416962e-05   1.030253079760e-05  -1.052266672511e+00  -1.217354519969e-06  -4.335345630257e-01   7.567114103032e-02  -8.686683113021e-02  -2.224190427772e-05  -4.992153719927e-02  -2.217543716800e-02  -1.686998849961e-02   5.583939252553e-02   8.246325095421e-02  -1.123870473646e-01  -4.969680047505e-01   4.841748746510e-01   6.203873207881e-01  -9.819396910248e-01  -1.438467105217e+00   1.123715686024e+00   5.320357840787e-01  -2.292572086324e+00  -8.112663480592e-01   4.176576246351e-01  -7.618959307577e-01  -8.537662553829e-01  -3.339062894026e-01   6.766353067627e-01  -3.873154244594e-01   4.910779900475e-01   8.236500982253e-02  -9.991331193459e-03  -7.601230882321e-03   2.514870344093e-02   7.797210861638e-04   6.528996591115e-02  -2.238695890706e-01   2.180313195108e-01  -9.331457490957e-02   5.703699961797e-01  -6.479129419160e-01   5.059721029270e-01  -1.134317632753e+00   1.331509333213e+00  -3.654172597310e-01   1.880670511827e-01  -1.382450715391e+00   4.958701771090e-01   2.301068552514e-02   6.013257783135e-02  -4.317754914164e-01  -2.851631613506e-01  -1.113858190069e-01   3.214541796599e-02   2.445471172481e-02  -8.109800607961e-02   1.953058118900e-01   4.712362395361e-02   7.203898873633e-01  -7.031861095836e-01   1.606279323043e+00   4.117188557611e-01   2.085054879347e+00  -1.631929948760e+00   2.833615135189e+00   9.612066271049e-01   1.175787733283e+00  -6.064517441403e-01   9.502532171565e-02   3.579136592077e-01  -8.285477684765e-01   4.847205658872e-01  -5.832699618222e-01  -2.062996995082e-01  -7.789451973558e-01   9.389584474378e-04   1.471501207700e-03   4.995566947526e-04   7.245465846361e-05   3.355807608262e-03  -1.610395330222e+00   3.521606173473e-09   0.000000000000e+00   0.000000000000e+00   0.000000000000e+00   0.000000000000e+00   0.000000000000e+00   0.000000000000e+00   0.000000000000e+00   0.000000000000e+00   0.000000000000e+00  -1.640921298668e-06   8.217102198880e-06  -4.695545220232e-03  -2.148622704254e-08  -3.084016078148e-05   9.152963546943e-05  -1.203538954466e-01  -2.651369489288e-07   0.000000000000e+00   0.000000000000e+00   0.000000000000e+00   0.000000000000e+00   0.000000000000e+00   0.000000000000e+00   0.000000000000e+00  -4.377159421792e-07  -1.615192778153e-05   0.000000000000e+00   0.000000000000e+00   0.000000000000e+00   0.000000000000e+00   1.649378433486e-05   6.650906605459e-03   1.879513815809e-02   0.000000000000e+00   0.000000000000e+00   0.000000000000e+00   0.000000000000e+00   3.664112507575e-05   1.477529885122e-02   4.176613412586e-02   0.000000000000e+00   0.000000000000e+00   0.000000000000e+00   0.000000000000e+00  -5.332051079190e-05  -2.147059883232e-02  -6.068355028604e-02   0.000000000000e+00   0.000000000000e+00   0.000000000000e+00
  -3.372683209220e-05  -4.685083123131e-05   2.279355628816e-05  -9.290169606679e-06  -1.707527796815e+01  -1.250050930517e-04   2.515732086663e-05  -1.022013598403e-05  -1.104688003136e+01  -7.974303516139e-05   1.086607795033e-05  -4.372964736295e-06  -3.986509020680e+00  -3.785530713934e-05   3.043944266769e-06  -1.217354519969e-06  -1.052268362005e+00  -2.224190427772e-05  -1.005871520903e-01  -6.571715238537e-02  -4.334179207245e-01  -3.784927289871e-02   2.432246874472e-02   1.850335092790e-02  -6.124572594064e-02  -1.123866326800e-01   1.032656292051e-01   5.450812003980e-01  -5.310482077872e-01  -9.819273013704e-01   8.021356828050e-01   1.577678570736e+00  -1.232449253011e+00  -2.292460184544e+00   9.562886773065e-01   8.896942748843e-01  -4.580126015005e-01  -8.536415056738e-01  -6.039933980746e-01   4.910725610132e-01  -7.848331152629e-01   2.534738727290e-02  -4.248017346879e-01  -3.209699922501e-01  -3.137691879575e-02  -2.387102521712e-02   7.897724666454e-02   6.528959440828e-02   1.850269074145e-01  -7.030367487663e-01   6.846998318992e-01   5.703592300170e-01   1.516243746329e+00  -2.034601929498e+00   1.588840665863e+00   1.331416257596e+00   2.622942793801e+00  -1.147346300799e+00   5.904551576681e-01   4.957685912405e-01   1.659140836057e-02  -2.851584156452e-01  -6.506345310893e-01  -8.407006948381e-01  -7.817094680944e-01  -5.232103936179e-02   7.035504820160e-03   5.352279305025e-03  -1.774950564256e-02   4.712358115219e-02  -9.689476962304e-03   1.576677761307e-01  -1.539023492566e-01   4.117172335086e-01  -1.847620370721e-01   4.563382560072e-01  -3.571651797062e-01   9.611878015575e-01  -1.347785930412e+00   2.573234322174e-01  -1.327215629661e-01   3.578905008228e-01  -1.461964579384e+00  -2.062990165900e-01  -1.841214385221e-01  -2.432064306661e-01   6.888801539668e-02  -2.371958584000e-01   3.650712386593e-04   5.709036151552e-04   1.914070543613e-04   2.595605235528e-05   1.303955487377e-03   3.851542531083e-09  -1.610396551615e+00   0.000000000000e+00   0.000000000000e+00   0.000000000000e+00   0.000000000000e+00   0.000000000000e+00   0.000000000000e+00   0.000000000000e+00   0.000000000000e+00   0.000000000000e+00  -5.777451029124e-07   2.894900081188e-06  -2.147440861749e-08  -4.695454102446e-03  -1.142907392204e-05   3.385485037242e-05  -2.647950163960e-07  -1.203533937424e-01   0.000000000000e+00   0.000000000000e+00   0.000000000000e+00   0.000000000000e+00   0.000000000000e+00   0.000000000000e+00   0.000000000000e+00  -1.470383998704e-07  -5.680385265936e-06   0.000000000000e+00   0.000000000000e+00   0.000000000000e+00   0.000000000000e+00   5.184600936451e-05   2.091051191000e-02   5.912242157606e-02   0.000000000000e+00   0.000000000000e+00   0.000000000000e+00   0.000000000000e+00  -4.023708425243e-05  -1.622768264654e-02  -4.588845306345e-02   0.000000000000e+00   0.000000000000e+00   0.000000000000e+00   0.000000000000e+00  -1.166579661245e-05  -4.697854554235e-03  -1.328011083467e-02   0.000000000000e+00   0.000000000000e+00   0.000000000000e+00
  -1.025071510490e+01  -1.154643243706e+01  -6.479881919627e-01  -2.938344770975e-04  -1.250050930517e-04  -1.851720552025e+01  -1.030387017449e+00  -4.667507360594e-04  -1.966562270428e-04  -1.360762019676e+01  -6.577855208525e-01  -2.959952828265e-04  -1.204061578024e-04  -7.081054334804e+00  -2.217681841666e-01  -9.921983953914e-05  -3.941892462889e-05   2.859537724327e-04  -3.218064061173e-05  -1.735427343310e-01   8.600588155259e-05   3.005413278649e-01  -5.506142076322e-01  -5.380132820760e-01   2.653736689323e-01   4.969142157889e-01  -5.450299309717e-01  -2.057046094985e+00   9.864530348252e-01   1.876368126894e+00  -2.058064923704e+00  -5.151590365054e+00   2.874451161207e+00   5.579722609477e+00  -6.120077071203e+00  -6.819486873131e+00   2.964409020171e+00   5.858625647413e+00  -6.426031507537e+00  -5.628189350918e-01   1.175883302473e+00  -3.508172401109e-01   6.173226608960e-01   3.899532327369e-01  -5.507118207410e-01  -5.381096445231e-01   2.653249545439e-01   2.238234091271e-01   7.029069650286e-01  -2.057328007723e+00   9.862379889659e-01   8.451377932705e-01   2.654135116627e+00  -5.151999139275e+00   2.873632150599e+00   2.513005045421e+00   7.892115837885e+00  -6.819726557452e+00   2.963413377383e+00   2.638487076237e+00   8.286265081627e+00  -2.534130736557e-01  -6.829444623027e-01  -1.091215505745e+00  -7.958443958932e-01  -3.726645590795e-02  -5.506219308402e-01  -5.380209546255e-01   2.658915375390e-01  -7.203256749523e-01  -1.576543112765e-01  -2.057077522614e+00   9.884068225987e-01  -2.719989933000e+00  -5.953123121017e-01  -5.151635493440e+00   2.880245943814e+00  -8.088396448194e+00  -1.770277823219e+00  -6.819512245034e+00   2.970482235467e+00  -8.492720378133e+00  -1.858777230980e+00   8.174762519527e-01  -4.930528835276e-01   6.726921182480e-01   1.789178377377e-01   9.797156553245e-01  -2.768178320784e+00  -6.904924900264e+00  -7.813739885144e+00  -5.356575755431e+00  -6.484481248696e+00  -3.288320346004e-03  -1.275300304384e-03   0.000000000000e+00   0.000000000000e+00   0.000000000000e+00   0.000000000000e+00   0.000000000000e+00  -6.860778613531e-05   3.365908038247e-04   4.401437311503e-08   1.510154041008e-08  -4.203418807333e-02   1.783094413295e-01   2.381587579147e-05   8.146195360693e-06  -9.209167823395e-01   2.531003862288e+00   3.227271542854e-04   1.097485163990e-04  -4.418401527975e-08  -2.112242700249e-11   9.806575753979e-05  -1.515269686779e-08  -1.698547489231e-04   0.000000000000e+00  -1.102395751088e-06  -8.447443098403e-03  -3.707408747976e-01   0.000000000000e+00   0.000000000000e+00   0.000000000000e+00  -2.452023376080e-06  -2.152231402502e-03  -2.411893066453e-01  -1.377172581517e+00   1.072039380991e-04  -9.777184007073e-06  -3.073792391380e-05  -2.452572196396e-06  -2.152504760524e-03  -2.412031840102e-01  -1.377204827812e+00   1.072229003168e-04  -2.172246860170e-05   2.385629505929e-05  -2.460286981034e-06  -2.156420347313e-03  -2.413967998100e-01  -1.377643891671e+00   1.074977418370e-04   3.161986064229e-05   6.918238040051e-06
  -8.070802287410e-02  -7.546007400276e-02  -1.086647740483e+01   8.550573351272e-05   2.515732086663e-05  -1.030387017449e+00  -1.537679232132e+01   2.932603606673e-04   8.950031136208e-05  -1.198683345872e+00  -9.681830284611e+00   2.682255838588e-04   8.742866096481e-05  -7.367848080968e-01  -3.316137244090e+00   1.010342833402e-04   3.393421094425e-05   1.106627851433e-04  -1.081574203929e-04   3.285806921808e-01   2.147034124588e-05  -5.685402787513e-01  -6.335212369713e-01  -6.256949194033e-01  -1.484127397324e-01   5.254441161751e-01  -5.763221683599e-01  -1.786931037185e+00  -7.174621278900e-01   1.564616885609e+00  -1.716120396097e+00  -2.616600286400e+00  -2.828691572298e+00   2.669123796456e+00  -2.927536932033e+00  -1.937418663138e+00  -3.577101781272e+00   1.605995493977e+00  -1.761378494516e+00   3.573800564555e-01   1.067522622934e+00  -5.823137760192e-01  -3.919828796703e-01   8.109816427692e-01  -6.334181903805e-01  -6.255940110721e-01  -1.486298110615e-01   2.365937742680e-01   7.430113662328e-01  -1.786577099685e+00  -7.181210618794e-01   7.044866012428e-01   2.212413948969e+00  -2.616001347782e+00  -2.829819205360e+00   1.201783527749e+00   3.774076439639e+00  -1.937019004739e+00  -3.577714817304e+00   7.231642559417e-01   2.270821393776e+00   1.611288668439e-01  -6.198009869899e-01  -1.254093067210e+00   5.060142139638e-01   4.230471264721e-01  -6.347210251548e-01  -6.268806092394e-01  -1.473462997008e-01  -7.631099886130e-01  -1.670182886342e-01  -1.790268001580e+00  -7.143410445650e-01  -2.272246661428e+00  -4.973161248228e-01  -2.621104382805e+00  -2.823640454606e+00  -3.875564555015e+00  -8.482235265551e-01  -1.940044140225e+00  -3.574384776126e+00  -2.330832964234e+00  -5.101282507554e-01  -5.152249411450e-01  -4.484457815673e-01   3.474836244909e-01  -1.127646045664e-01   1.348947805084e+00   5.120210090244e+00   6.393780517639e+00   2.581506727627e+00   3.307153008592e-01   5.732491534091e+00   4.747600085324e-03   1.839647003526e-03   0.000000000000e+00   0.000000000000e+00   0.000000000000e+00   0.000000000000e+00   0.000000000000e+00  -3.288100922844e-04   1.543245737963e-03   2.100096293806e-07   7.205410291903e-08  -8.896248774403e-02   3.434868923401e-01   5.106946786616e-05   1.752752765520e-05  -7.370987183025e-01   1.595192803165e+00   2.817143733107e-04   9.643492275974e-05  -2.299921795691e-07  -1.100639901766e-10   4.917821439212e-04  -7.887528012181e-08  -8.517910107553e-04   0.000000000000e+00  -5.503475266028e-06  -1.740845621711e-02  -3.162656809630e-01   0.000000000000e+00   0.000000000000e+00   0.000000000000e+00  -1.506653413908e-05  -7.381582930770e-03  -3.493121659107e-01  -8.685061099447e-01   5.413590560602e-04  -5.157963778350e-05  -1.621575599397e-04  -1.506966839347e-05  -7.382401977869e-03  -3.493258207437e-01  -8.685126004904e-01   5.414455123056e-04  -1.145950026623e-04   1.258515066420e-04  -1.511465047463e-05  -7.394627767577e-03  -3.495467890072e-01  -8.686605887083e-01   5.427386318779e-04   1.667806184458e-04   3.649056882409e-05
  -3.659732693840e-05  -3.421751625776e-05   8.550573351272e-05  -1.104686578355e+01  -1.022013598403e-05  -4.667507360594e-04   2.932603606673e-04  -1.599166053694e+01  -3.165979703814e-05  -5.393925599351e-04   2.682255838588e-04  -1.023605155553e+01  -2.332157871587e-05  -3.296400279822e-04   1.010342833402e-04  -3.522924193824e+00  -7.791511757053e-06  -1.289710732585e+00   3.728966797740e-01  -4.280915182988e-01  -1.081574203929e-04  -2.462927304687e-01  -1.150405635018e+00  -1.136746433588e+00   5.077327133441e-01   5.219728256516e-01  -1.043154069454e+00  -3.194455528092e+00   1.463189234252e+00   1.237610292172e+00  -3.052373560691e+00  -4.321329068345e+00   2.237035601178e+00   3.107086419199e-02  -4.749035637956e+00  -2.524916349854e+00   1.033399552266e+00  -2.592161437681e+00  -2.213896710878e+00  -4.565199628673e-01   9.573043597902e-01  -1.073407742666e+00   1.002038161486e+00  -2.363397614272e-01  -5.181829547297e-01  -5.120310941545e-01   2.286181826731e-01  -2.362359344561e-01   6.058724335479e-01  -1.438842455713e+00   6.588148856109e-01  -9.809901732739e-01   1.772793369553e+00  -1.946347817103e+00   1.007233856695e+00  -3.420750405042e+00   2.758111002331e+00  -1.137289512280e+00   4.653623550623e-01  -4.201297193016e+00   1.285834940848e+00   2.717029122148e-01   7.314957642597e-01  -1.025733754018e+00  -5.817766100362e-01  -4.193975980674e-01   1.667601514009e+00   1.647802244038e+00  -7.374230172281e-01   1.569344839131e+00   4.373899302570e-01   4.630589209777e+00  -2.125152294899e+00   4.302293676691e+00   1.279839168026e+00   6.263826598261e+00  -3.248960646338e+00   4.798867531378e+00   1.991147944859e+00   3.659439553860e+00  -1.500475719253e+00  -3.701090925799e-01   9.280934465211e-01  -1.465491986616e+00   8.860862295631e-01  -8.568898967947e-01  -4.209773453355e-01  -1.047707502816e+00   2.614871035842e-03   3.290897353929e-03   1.364869251633e-03   2.052278921378e-04   4.793068420951e-03  -3.633401744855e+00  -7.245407215073e-07   0.000000000000e+00   0.000000000000e+00   0.000000000000e+00   0.000000000000e+00   0.000000000000e+00  -4.144603661776e-08   2.021829679963e-07  -6.564671183590e-05  -1.407281030951e-10  -9.758812873143e-06   4.194302096612e-05  -3.392482104035e-02  -4.878345285609e-07  -1.024463616128e-04   3.050690675391e-04  -4.690833351410e-01  -3.599682162361e-06   6.655454681042e-05   1.199129840258e-08   5.194645582910e-08   8.124768293407e-11  -1.311689357324e-07   0.000000000000e+00  -9.551974439066e-10  -2.776436403372e-06  -5.761951979628e-05   0.000000000000e+00   0.000000000000e+00   0.000000000000e+00   1.350611443030e-06   6.704953311059e-04   3.204006725260e-02   7.092945608183e-02  -5.068485520130e-05  -1.869450888862e-05   1.455425571852e-05   3.000788843799e-06   1.489398110120e-03   7.116176315917e-02   1.575932470993e-01  -1.126049773965e-04  -4.814382982917e-07  -2.509126996906e-05  -4.369910656681e-06  -2.165918946353e-03  -1.033754892040e-01  -2.289311237046e-01   1.638849842581e-04   2.488620255355e-05   1.056294672953e-05
  -1.557030594547e-05  -1.455796175137e-05   2.515732086663e-05  -1.022013598403e-05  -1.104688003136e+01  -1.966562270428e-04   8.950031136208e-05  -3.165979703814e-05  -1.599170220035e+01  -2.194162861948e-04   8.742866096481e-05  -2.332157871587e-05  -1.023607674480e+01  -1.309622700264e-04   3.393421094425e-05  -7.791511757053e-06  -3.522931331542e+00  -1.081574203929e-04  -4.950728667289e-01  -3.235046003829e-01  -1.289132558093e+00  -1.864376047164e-01   1.261788417675e+00   1.246806884849e+00  -5.568909150036e-01  -1.043144945108e+00   7.150610422089e-01   3.503728605878e+00  -1.604841418012e+00  -3.052317160516e+00   1.802600875199e+00   4.739574129042e+00  -2.453465459440e+00  -4.748766279587e+00   9.099648845953e-01   2.769021290260e+00  -1.133137001384e+00  -2.213521539334e+00  -2.182707707861e+00   1.002013392281e+00  -1.226772799311e+00  -4.769006279316e-01  -6.420002357314e-01  -6.958394087497e-01  -1.627309547751e+00  -1.607990470533e+00   7.179546039706e-01   6.058641754895e-01   1.473527227197e+00  -4.518531687141e+00   2.068924128226e+00   1.772742908950e+00   4.021766478238e+00  -6.112055806731e+00   3.162824818559e+00   2.757877893994e+00   4.362133776126e+00  -3.570889980041e+00   1.460829880878e+00   1.285518667251e+00  -5.735311420328e-01  -5.817548286981e-01  -1.178647823283e+00  -1.087855663324e+00  -1.370048725418e+00  -8.540240853638e-02   3.649795135773e-01   3.606461576950e-01  -1.613959894639e-01   4.373890853179e-01  -3.333691278310e-01   1.013472528621e+00  -4.651200873698e-01   1.279833289557e+00  -1.265198268247e+00   1.370918313498e+00  -7.110681252301e-01   1.991111747445e+00  -3.862920105457e+00   8.008841847412e-01  -3.283697610184e-01   9.280345708487e-01  -4.407484573391e+00  -4.209743520009e-01  -1.007858482423e+00  -6.660462743782e-01   3.658185281220e-01  -5.055695108100e-01   1.017247475442e-03   1.281778956440e-03   5.307886723292e-04   7.917413877424e-05   1.864647114134e-03  -7.208052507450e-07  -3.633400876191e+00   0.000000000000e+00   0.000000000000e+00   0.000000000000e+00   0.000000000000e+00   0.000000000000e+00  -1.411247287896e-08   6.882442075546e-08  -1.407992808942e-10  -6.564578265961e-05  -3.327025220483e-06   1.435870276568e-05  -4.878408239125e-07  -3.392202527930e-02  -3.692552302850e-05   1.101389646872e-04  -3.598947464392e-06  -4.690680174903e-01   8.131010357630e-11  -3.326473972925e-09   1.853757173362e-08   6.655399232947e-05  -4.424629178231e-08   0.000000000000e+00  -3.117490995542e-10  -9.016341896052e-07  -1.965877853372e-05   0.000000000000e+00   0.000000000000e+00   0.000000000000e+00   4.246043946645e-06   2.107518089167e-03   1.006975771296e-01   2.230638077781e-01  -1.593395745699e-04   1.455380608430e-05   2.243102439524e-05  -3.295533741239e-06  -1.635516584498e-03  -7.813868618626e-02  -1.731187470264e-01   1.236638557353e-04  -2.509083584337e-05   4.227118915765e-06  -9.561013986088e-07  -4.738598928891e-04  -2.261639555369e-02  -5.009515083099e-02   3.585647818742e-05   1.056278699614e-05  -2.108065585080e-05
  -4.680993987921e+00  -5.228193471656e+00  -4.134875371848e-01  -1.874994949836e-04  -7.974303516139e-05  -1.360762019676e+01  -1.198683345872e+00  -5.393925599351e-04  -2.194162861948e-04  -1.538527562739e+01  -1.453953387515e+00  -6.267315033380e-04  -2.252842199347e-04  -1.087249554511e+01  -7.364338701678e-01  -3.021095878145e-04  -1.012224773432e-04   4.008715374341e-04  -3.922878973262e-05  -2.411285479389e-01   1.263111916599e-04   4.175991007192e-01  -1.739118440836e+00  -1.725643313802e+00   2.471204948530e-01   4.918045906034e-01  -5.394331657960e-01  -4.416347670362e+00   7.911779214220e-01   1.632607203620e+00  -1.790732536884e+00  -7.663056453334e+00   2.150200073359e+00   4.651815424942e+00  -5.102435586319e+00  -9.858383906838e+00   2.787819284031e+00   6.345828053389e+00  -6.960641640547e+00  -2.112091363353e-01   4.827390082109e-01  -1.510782749856e-01   2.316744883441e-01   1.722882811115e-01  -1.739216042613e+00  -1.725740437239e+00   2.470443210018e-01   2.214956022460e-01   6.956119838745e-01  -4.416580276148e+00   7.909235994921e-01   7.352756080826e-01   2.309182271829e+00  -7.663371797236e+00   2.149433593058e+00   2.094973157641e+00   6.579540842795e+00  -9.858614370423e+00   2.786703277611e+00   2.857785110601e+00   8.975436865799e+00  -9.508437825003e-02  -2.803424464218e-01  -4.549965785049e-01  -2.986352700225e-01  -3.099111139363e-03  -1.739132735768e+00  -1.725657831721e+00   2.476285252388e-01  -7.129290682970e-01  -1.560359078774e-01  -4.416409690517e+00   7.928631361774e-01  -2.366688973155e+00  -5.179888018288e-01  -7.663152352908e+00   2.155003083328e+00  -6.743538238535e+00  -1.475940608576e+00  -9.858459577652e+00   2.794376472092e+00  -9.199392830528e+00  -2.013455516738e+00   3.068448359604e-01  -2.024222104804e-01   2.691125623814e-01   6.715905507225e-02   4.144446484101e-01  -3.481403984875e+00  -7.787422061241e+00  -1.035735231441e+01  -8.508639504582e+00  -4.004846680412e+00  -2.015447421883e-03  -7.778465022615e-04  -2.893159684655e-03  -3.005303010666e-03   9.094141735594e-03   1.160914458089e-06   3.994458071582e-07  -3.026634104409e-02   6.674743047956e-02   8.571399687544e-06   2.958781832443e-06  -2.908486676428e-01   8.267536624248e-01   1.125214467968e-04   3.901424928461e-05  -1.925522007887e+00   4.557189647183e+00   5.868991463917e-04   2.026745129232e-04  -1.098688884594e-05  -6.971509436657e-08   2.483964212091e-02  -3.799039253345e-06  -4.302315717490e-02  -1.027005059628e-04  -2.206777973223e-03  -7.024428788355e-02  -8.441570389097e-01   7.806858132392e-04   1.601238610545e-07   5.164131429272e-08  -1.398980517056e-02  -1.003188017716e-01  -8.160720880775e-01  -2.677273438330e+00   4.799602472934e-02  -5.112510070891e-03  -1.607009478700e-02  -1.399100973244e-02  -1.003254348521e-01  -8.161045025816e-01  -2.677326505628e+00   4.799905997502e-02  -1.135618736648e-02   1.247027412950e-02  -1.400826989671e-02  -1.004223049765e-01  -8.165869474496e-01  -2.678079346751e+00   4.804670202919e-02   1.650170120580e-02   3.610360565852e-03
  -2.570983898149e-02  -1.970763391680e-02  -3.908816662776e+00   3.683942490459e-05   1.086607795033e-05  -6.577855208525e-01  -9.681830284611e+00   2.682255838588e-04   8.742866096481e-05  -1.453953387515e+00  -1.252415120984e+01   4.478335871135e-04   1.640458361727e-04  -1.342625881009e+00  -7.308312564171e+00   2.279978441988e-04   8.749490026892e-05   1.774699378173e-04  -1.015215373628e-04   2.145778001289e-01   5.537043086977e-05  -3.710968433402e-01  -1.142528256956e+00  -1.136907514952e+00  -5.549488914197e-01   3.133015052243e-01  -3.436426757165e-01  -2.633606004872e+00  -1.742635726937e+00   9.427507099179e-01  -1.034054218742e+00  -3.611423081900e+00  -4.765428988169e+00   2.048437998375e+00  -2.246775259385e+00  -3.289980521239e+00  -6.810834965972e+00   2.043317058478e+00  -2.240972713966e+00   3.977745080298e-01   2.821100425220e-01  -2.339545450844e-01  -4.362948504356e-01   3.529880975310e-01  -1.142203622302e+00  -1.136584538361e+00  -5.550903290122e-01   1.410548037146e-01   4.429851564013e-01  -2.632857497484e+00  -1.743049289773e+00   4.244448469951e-01   1.332986065895e+00  -3.610424819163e+00  -4.766277910984e+00   9.222758900919e-01   2.896353103991e+00  -3.289207055852e+00  -6.811584171736e+00   9.200828053373e-01   2.889119536168e+00   1.791863643985e-01  -1.637759834005e-01  -4.114259523266e-01   5.627357520862e-01   2.504116728810e-01  -1.144685552677e+00  -1.139055258399e+00  -5.543400855235e-01  -4.550179943170e-01  -9.958790797552e-02  -2.638533106215e+00  -1.740858893169e+00  -1.369156165120e+00  -2.996616253502e-01  -3.617772746204e+00  -4.761804909598e+00  -2.974390027764e+00  -6.509865623542e-01  -3.294695291264e+00  -6.807585821304e+00  -2.965555387739e+00  -6.490324779345e-01  -5.759091104982e-01  -1.185125773182e-01   1.158128633470e-02  -1.260464906057e-01   4.954864686128e-01   4.542488226946e+00   6.921670327302e+00   4.415951587808e+00   1.019012875249e+00   1.117131511714e+00   2.221182721710e-03   8.561406143004e-04  -1.512062809922e-02  -1.588755924154e-02   4.154160216350e-02   5.723476159573e-06   1.968869292900e-06  -1.260752342100e-01   2.514966557276e-01   3.521641306494e-05   1.215326923002e-05  -7.467311774134e-01   1.811168860142e+00   2.794013371840e-04   9.681078291070e-05  -2.182678734189e+00   3.795253581124e+00   7.126633718340e-04   2.478691564931e-04  -4.362881099325e-05  -2.960062118979e-07   9.025825448066e-02  -1.508958692747e-05  -1.563303511713e-01  -6.249289276505e-04  -1.060920067849e-02  -1.927235876475e-01  -1.051309702181e+00   4.284036304845e-03   9.145767979229e-07   2.949872751459e-07  -6.063574491417e-02  -3.332437304576e-01  -1.509080681102e+00  -2.411471939556e+00   1.749044776353e-01  -2.097058276130e-02  -6.591521867889e-02  -6.064003878607e-02  -3.332606530390e-01  -1.509115305381e+00  -2.411479766742e+00   1.749121719435e-01  -4.657970176667e-02   5.114865999547e-02  -6.070550267011e-02  -3.335292843694e-01  -1.509753403325e+00  -2.411787231185e+00   1.750517685819e-01   6.767353130719e-02   1.480603157561e-02
  -1.165828518473e-05  -8.936463073527e-06   3.683942490459e-05  -3.986502939761e+00  -4.372964736295e-06  -2.959952828265e-04   2.682255838588e-04  -1.023605155553e+01  -2.332157871587e-05  -6.267315033380e-04   4.478335871135e-04  -1.338664903029e+01  -2.155737805906e-05  -5.507896471519e-04   2.279978441988e-04  -7.697364935222e+00  -7.724491898430e-06  -1.043223867448e+00   3.587896852612e-01  -4.118917100074e-01  -1.015215373628e-04  -2.370488210476e-01  -2.074859904441e+00  -2.065511914893e+00   2.848256863531e-01  -1.457721362606e-01  -6.216989139927e-01  -4.718364553885e+00   8.127911498992e-01  -5.284018021386e-01  -1.838230257245e+00  -6.064530510755e+00   1.551678255052e+00  -2.491920198261e+00  -3.645877923394e+00  -4.493151727721e+00   1.189047072811e+00  -5.485225596019e+00  -2.843401518466e+00   3.247462999654e-02  -6.823404999599e-02  -4.603217244025e-01   2.409308203005e-01  -3.429870323447e-01  -9.344759526963e-01  -9.302658801862e-01   1.282332977715e-01  -5.976542743131e-01   3.610477870175e-01  -2.125056250499e+00   3.659297648492e-01  -1.864508066860e+00   1.067538409362e+00  -2.731358105431e+00   6.986115686775e-01  -5.141876210077e+00   2.117330444735e+00  -2.023742340169e+00   5.354577975926e-01  -7.551871744797e+00   1.651403274139e+00   2.075083329046e-01   6.079112966019e-01  -3.507123170046e-01  -1.398659389719e-01  -2.372276564034e-01   3.007651778852e+00   2.994102326495e+00  -4.137186164556e-01   4.784430345163e-01   2.606763630862e-01   6.839601595310e+00  -1.180676021265e+00   1.317268407298e+00   7.707638489304e-01   8.790738845210e+00  -2.253975155613e+00   1.168474614350e+00   1.528648658401e+00   6.512338209849e+00  -1.726718428615e+00  -2.631175085536e+00   1.192032500143e+00  -2.098953009975e-01   1.413834672886e-01   2.914021616940e-02  -1.012399188286e-01   1.294562312737e-01   2.319573576464e-03   3.562488805851e-03   2.340038740136e-03   6.230783196194e-04   2.260738617374e-03  -3.298881343143e+00  -7.800276240108e-07  -1.942226595696e-06  -2.040401107922e-06   5.762273883933e-06  -3.245235205381e-03  -3.483063140586e-09  -1.619310303409e-05   3.522337134658e-05  -2.327524850320e-02  -5.263673380253e-08  -8.956824064914e-05   2.447041939961e-04  -2.656375382514e-01  -1.835775641792e-06  -2.774161157093e-04   7.039098356700e-04  -1.390405511548e+00  -8.714999322323e-06   3.003163153639e-02  -1.323309355256e-04   1.651064942957e-04   8.298844358175e-08   6.087721565719e-05  -1.077541556319e-07  -1.806234119569e-06  -3.218517660935e-05  -1.801327624786e-04   7.559363780977e-07  -1.800463547661e-04  -1.204804390747e-10   5.334766846667e-03   2.888646536532e-02   1.339039997941e-01   1.998236099909e-01  -1.711086734648e-02  -1.688439460238e-02   5.544540752053e-03   1.185135707796e-02   6.417009552377e-02   2.974167912234e-01   4.439194317671e-01  -3.801114516785e-02  -9.946042853631e-03  -9.557823119099e-03  -1.722619081033e-02  -9.324785330099e-02  -4.319810440075e-01  -6.447329429944e-01   5.523639452580e-02  -3.090987722265e-04   4.017462503315e-03
  -4.959793387723e-06  -3.802079378452e-06   1.086607795033e-05  -4.372964736295e-06  -3.986509020680e+00  -1.204061578024e-04   8.742866096481e-05  -2.332157871587e-05  -1.023607674480e+01  -2.252842199347e-04   1.640458361727e-04  -2.155737805906e-05  -1.338664851098e+01  -1.845432744556e-04   8.749490026892e-05  -7.724491898430e-06  -7.697355363812e+00  -1.015215373628e-04  -4.761910779639e-01  -3.111715358739e-01  -1.042661058789e+00  -1.793671574152e-01   2.275748814479e+00   2.265495985475e+00  -3.124019893451e-01  -6.216847029143e-01  -3.068762796420e-02   5.175180531061e+00  -8.914750437897e-01  -1.838163299476e+00  -1.881176373411e-01   6.651549373004e+00  -1.701766499807e+00  -3.645600943425e+00  -1.817103463935e+00   4.927709737475e+00  -1.303720434276e+00  -2.842908453846e+00  -4.959221445122e+00   2.409114699008e-01  -3.141885275015e-02  -4.893033559144e-01  -1.213093850923e-02  -1.977889060163e-01  -2.934642452257e+00  -2.921421554861e+00   4.027045349195e-01   3.610348851680e-01   4.212195414329e-01  -6.673522120881e+00   1.149150352501e+00   1.067477814853e+00   1.148054557293e+00  -8.577296841426e+00   2.193651417198e+00   2.117082642784e+00   8.328760338828e-01  -6.354460601426e+00   1.680701197281e+00   1.650964597284e+00  -2.892615707956e+00  -1.398491239995e-01  -1.797142415573e-01   1.806430566282e-01  -1.871864149685e-01  -4.843549460821e-03   6.582695455397e-01   6.553040600107e-01  -9.054844076051e-02   2.606750990148e-01  -6.555361043349e-01   1.496947865048e+00  -2.584075693010e-01   7.707576490391e-01  -2.035657048511e+00   1.923973649821e+00  -4.933020117780e-01   1.528619780666e+00  -5.481341620219e+00   1.425286796739e+00  -3.778738601112e-01   1.191978271568e+00  -7.816682618457e+00  -1.012373249546e-01  -6.913390258570e-01  -2.812060213550e-01   2.305053318847e-01  -1.377022643045e-01   9.024828143103e-04   1.391456091277e-03   9.302591819160e-04   2.671496056909e-04   8.799209936920e-04  -7.757428933793e-07  -3.298878770386e+00  -6.638109853350e-07  -6.974488983672e-07   1.967921304650e-06  -3.484888284958e-09  -3.245217409975e-03  -5.519737520303e-06   1.199846067764e-05  -5.265692205557e-08  -2.327495715406e-02  -3.006862585118e-05   8.194084513740e-05  -1.836162097798e-06  -2.656257034269e-01  -9.110004314998e-05   2.336682899970e-04  -8.716438884487e-06  -1.390352450951e+00   8.301885554131e-08   1.811138392937e-04   1.219849864697e-04   3.003117138077e-02   5.867876113042e-05  -3.538047714008e-08  -5.931917586174e-07  -1.039658860426e-05  -5.722165850432e-05   2.486977048024e-07  -1.194808883763e-10  -1.800456200886e-04   1.677185507114e-02   9.081350210083e-02   4.208821113633e-01   6.283034583953e-01  -5.379368352360e-02   5.545676721363e-03  -1.215879178241e-03  -1.301565418478e-02  -7.047338899947e-02  -3.265895942422e-01  -4.875714046877e-01   4.174503718238e-02  -9.559134542536e-03  -8.152559804382e-03  -3.768973445174e-03  -2.040174522344e-02  -9.450681845265e-02  -1.410611177317e-01   1.208529002412e-02   4.017580805852e-03  -1.779234474509e-02
