ARMA_MAT_TXT_FN008
115 115
  -2.320078755650e+01  -2.325911932272e+01   2.508576890098e-02  -1.378049602386e-01  -1.348775804390e-06  -8.212267646227e+00   1.158076266718e-02  -6.361977773624e-02  -6.231512907896e-07  -3.728823265946e+00   3.688752211351e-03  -2.026685306876e-02  -1.988772597518e-07  -1.574746098262e+00   9.281728832314e-04  -5.100000577704e-03  -5.010230245335e-08   9.765290333760e-05  -1.448068044178e-07   7.046552735234e-03  -1.348302146031e-07   1.039263399391e-02  -2.760014007747e-04  -1.241991251543e-04   4.277951121848e-05   3.945167783217e-03   2.184718438556e-08  -4.012178258543e-02   1.591765183442e-03   1.443752526762e-01   7.996361306695e-07  -8.481411424633e-01   2.448253251666e-02   2.302061882940e+00   1.278951776607e-05  -1.485027610874e+00   2.617755503283e-02   2.463454522251e+00   1.368944429034e-05  -1.501641193846e-03  -7.436729962187e-07   3.881622133225e-02  -8.045898985926e-09   6.720813947101e-02  -2.508781965550e-01  -1.789637794870e+00  -1.911398658140e+00  -1.172870745141e+00  -1.004744234088e+00  -6.882075221731e-01  -1.720966666174e+00  -2.508505809978e-01  -1.789571115634e+00  -1.911374984438e+00  -1.172865558226e+00  -9.998054750946e-01  -6.882439571965e-01   1.723662086197e+00  -2.484259817807e-01  -1.784671970389e+00  -1.909540178091e+00  -1.172451038015e+00   1.974359598983e+00  -7.125895519058e-01  -2.764576813057e-03   0.000000000000e+00   0.000000000000e+00   0.000000000000e+00   0.000000000000e+00   0.000000000000e+00   0.000000000000e+00   0.000000000000e+00   0.000000000000e+00   0.000000000000e+00  -7.309539335714e-03  -3.506969333485e-02   6.356733325760e-03   4.769135429923e-08  -2.287426338386e-01  -6.214969530625e-01   1.127488185758e-01   7.010005493470e-07   0.000000000000e+00   0.000000000000e+00   0.000000000000e+00   0.000000000000e+00   0.000000000000e+00   0.000000000000e+00   0.000000000000e+00  -1.469905538352e-03  -9.060841303510e-02   0.000000000000e+00   0.000000000000e+00   0.000000000000e+00   0.000000000000e+00  -7.968671825870e-05  -6.235396171536e-02  -3.459436933288e-01   0.000000000000e+00   0.000000000000e+00   0.000000000000e+00   0.000000000000e+00  -2.857182633857e-05  -4.352228140875e-02  -3.042760687564e-01   0.000000000000e+00   0.000000000000e+00   0.000000000000e+00   0.000000000000e+00  -7.885791435719e-05  -6.212542892536e-02  -3.454904322309e-01   0.000000000000e+00   0.000000000000e+00   0.000000000000e+00
  -2.325911932272e+01  -2.144343456636e+01   3.484731804777e-02  -1.914284861777e-01  -1.873594030575e-06  -8.953013585341e+00   1.082812708026e-02  -5.948248720716e-02  -5.821503902184e-07  -4.069294370783e+00   2.827968735017e-03  -1.553476734721e-02  -1.520108968068e-07  -1.713177537626e+00   6.616669501708e-04  -3.634672308596e-03  -3.556145155727e-08   4.877009627682e-05  -7.245511357180e-08   3.516287197818e-03  -6.771940386730e-08   5.185749160599e-03   1.286542742462e-05   9.768997766383e-06   3.177993335094e-07   4.343544841024e-05   2.471631156191e-10  -2.998354581484e-02   1.355368749175e-03   1.306936407622e-01   7.269094638883e-07  -9.161007786198e-01   2.621824635640e-02   2.512366907720e+00   1.397214182157e-05  -1.614042790485e+00   2.804783279707e-02   2.687669379104e+00   1.494766755319e-05  -9.803416189951e-04  -5.287700488479e-07   2.744156826104e-02  -5.464204026243e-09   4.751981103751e-02  -2.610300650711e-01  -1.953544389995e+00  -2.082378950904e+00  -1.275479775734e+00  -1.118941376820e+00  -7.637064079212e-01  -1.915238108549e+00  -2.610020513361e-01  -1.953473969727e+00  -2.082354101821e+00  -1.275474362908e+00  -1.113447141258e+00  -7.637491962823e-01   1.918242879998e+00  -2.595083288610e-01  -1.949416751328e+00  -2.080916602432e+00  -1.275161610611e+00   2.199221608411e+00  -7.917635584365e-01  -3.079971743783e-03   0.000000000000e+00   0.000000000000e+00   0.000000000000e+00   0.000000000000e+00   0.000000000000e+00   4.647685278873e-09   3.098514018948e-08  -5.592335277634e-09  -9.932150594352e-14  -7.693306929915e-03  -3.725450698818e-02   6.775264632756e-03   4.202677387036e-08  -2.480865018197e-01  -6.750528877468e-01   1.227614982947e-01   7.485549271593e-07   0.000000000000e+00   0.000000000000e+00   0.000000000000e+00   0.000000000000e+00   0.000000000000e+00   0.000000000000e+00   0.000000000000e+00  -1.549213012506e-03  -9.817660733377e-02   0.000000000000e+00   0.000000000000e+00   0.000000000000e+00   0.000000000000e+00  -6.279675628957e-05  -6.706170127368e-02  -3.754521715607e-01   0.000000000000e+00   0.000000000000e+00   0.000000000000e+00   0.000000000000e+00  -2.131375762379e-05  -4.681657434461e-02  -3.303635160890e-01   0.000000000000e+00   0.000000000000e+00   0.000000000000e+00   0.000000000000e+00  -6.210409967201e-05  -6.681502173848e-02  -3.749599631281e-01   0.000000000000e+00   0.000000000000e+00   0.000000000000e+00
   2.508576890098e-02   3.484731804777e-02  -1.078303149605e+01   6.982966011831e-04  -9.681027198288e-07   9.296950492430e-02  -7.040903929554e+00   7.666718096408e-04  -1.037110872613e-06   5.930467690089e-02  -2.575166102161e+00   3.273990946621e-04  -4.223193698685e-07   2.815506422278e-02  -6.838140051950e-01   9.114730471930e-05  -1.144596887936e-07  -2.467820611641e-01  -9.602615183047e-07  -3.535316907564e-03   1.321748195541e-04   4.030599494568e-02  -1.891076597098e-04  -1.427045653735e-04  -1.074326806372e-02   1.401219447758e-03   7.973779362710e-09  -3.637540994178e-03  -1.535468845487e-01   1.010076158413e-02   6.133322043514e-08  -3.949904906266e-04  -9.314319134131e-01  -6.764317901570e-04  -4.874872257481e-08   1.693375298954e-02  -9.675414936784e-01  -2.742257309163e-02  -2.715878061638e-07   1.843469506363e-01  -9.629826902665e-08   3.412497035692e-03   1.064901853357e-06   1.027501312506e-02   6.322735984287e-01   1.004657248635e+00   4.081914853312e-01   1.083036010041e-01  -5.927759943427e-02   7.266365782750e-01   1.774052332121e+00   6.291687806202e-01   9.998889117253e-01   4.063697662522e-01   1.078822776324e-01  -6.917030493401e-02   7.231984563527e-01  -1.768337036326e+00  -1.206850807548e+00  -1.882274746604e+00  -7.058611540987e-01  -1.502767500023e-01   2.826070418920e+00  -1.436988104449e+00  -5.447229772784e-03   0.000000000000e+00   0.000000000000e+00   0.000000000000e+00   0.000000000000e+00   0.000000000000e+00   4.670258619395e-06   3.000742307120e-05  -5.602423573820e-06  -1.023469364595e-10   1.878659634839e-02   7.745757908607e-02  -1.519147233953e-02  -3.618176528640e-07   1.465754306855e-01   2.867122159680e-01  -6.985454927790e-02  -1.514967423812e-06   0.000000000000e+00   0.000000000000e+00   0.000000000000e+00   0.000000000000e+00   0.000000000000e+00   0.000000000000e+00   0.000000000000e+00   3.513295011994e-03   6.305593471725e-02   0.000000000000e+00   0.000000000000e+00   0.000000000000e+00   0.000000000000e+00   7.433286468148e-04   8.421218497843e-02   1.577927741840e-01   0.000000000000e+00   0.000000000000e+00   0.000000000000e+00   0.000000000000e+00   3.261425308073e-04   6.729287441550e-02   1.570811570766e-01   0.000000000000e+00   0.000000000000e+00   0.000000000000e+00   0.000000000000e+00   7.367003313319e-04   8.396873317277e-02   1.576840117291e-01   0.000000000000e+00   0.000000000000e+00   0.000000000000e+00
  -1.378049602386e-01  -1.914284861777e-01   6.982966011831e-04  -1.093156657366e+01  -1.036869487004e-06  -5.108062707708e-01   7.666718096408e-04  -7.204719973539e+00  -1.130901062762e-06  -3.259967672556e-01   3.273990946621e-04  -2.645777335031e+00  -4.785287449927e-07  -1.548138237999e-01   9.114730471930e-05  -7.035682377260e-01  -1.326502548640e-07   5.093099808130e-02  -4.302234067988e-06   2.108987314521e-01  -9.602615183047e-07   3.651945840742e-01  -1.918199661069e-02  -1.427127559034e-02   1.644611969106e-03   1.353680363293e-01   8.064100131258e-07  -4.659294258765e-01   1.600347015037e-02   1.180320381009e+00   7.335387406869e-06  -1.514099013315e+00   4.322807646546e-02   2.592369437256e+00   1.936558599727e-05  -9.954649165631e-01   1.869399865538e-02   5.577311956890e-01   8.369054743651e-06  -2.072801741100e-02  -9.521339817998e-06   4.467631187126e-01  -1.162521783287e-07   7.733387106634e-01   4.075389700514e-01   5.307388632169e-01   8.342454284791e-02  -5.595808580773e-02   6.328624249469e-01  -6.545660721074e-01   1.089755435874e+00   4.075494961727e-01   5.308032107033e-01   8.345709738857e-02  -5.594990961229e-02   6.298242149767e-01  -6.543889454787e-01  -1.091612080053e+00   4.163538515910e-01   5.529821055659e-01   9.358683212533e-02  -5.346714793939e-02  -1.293707079657e+00  -6.057913525755e-01   1.808269712060e-03   0.000000000000e+00   0.000000000000e+00   0.000000000000e+00   0.000000000000e+00   0.000000000000e+00  -8.836756594643e-07  -5.884107631461e-06   3.128459086193e-08   5.166771756217e-12  -4.283071051726e-03  -1.946520268270e-02  -4.173060601309e-03  -2.368826160830e-08  -4.971988623524e-02  -1.329768817865e-01  -8.285198098989e-02   3.859984500876e-08   0.000000000000e+00   0.000000000000e+00   0.000000000000e+00   0.000000000000e+00   0.000000000000e+00   0.000000000000e+00   0.000000000000e+00  -8.931457389931e-04  -2.211572521826e-02   0.000000000000e+00   0.000000000000e+00   0.000000000000e+00   0.000000000000e+00  -2.727651233590e-04  -3.591835469163e-02  -8.876149608211e-02   0.000000000000e+00   0.000000000000e+00   0.000000000000e+00   0.000000000000e+00   3.905961696017e-05   4.542156215767e-03  -1.007062546189e-02   0.000000000000e+00   0.000000000000e+00   0.000000000000e+00   0.000000000000e+00  -2.696164249106e-04  -3.573137185440e-02  -8.853714919512e-02   0.000000000000e+00   0.000000000000e+00   0.000000000000e+00
  -1.348775804390e-06  -1.873594030575e-06  -9.681027198288e-07  -1.036869487004e-06  -1.077007689833e+01  -5.013978541443e-06  -1.037110872613e-06  -1.130901062762e-06  -7.026641177292e+00  -3.220281088474e-06  -4.223193698685e-07  -4.785287449927e-07  -2.569040389524e+00  -1.534955296311e-06  -1.144596887936e-07  -1.326502548640e-07  -6.821035623244e-01  -9.602615183047e-07  -2.466893271114e-01  -1.191121680386e-04   8.511364452223e-02   6.823852681105e-05  -1.070085344711e-07  -7.952867474686e-08   9.432908761399e-09   8.166959713142e-07  -1.075521352732e-02  -2.631014473798e-06   9.623881098958e-08   7.537015401083e-06  -1.534855323415e-01  -8.814629791061e-06   2.071444712582e-07   2.049383053737e-05  -9.295112779237e-01  -6.171697026960e-06  -3.928013485104e-09   9.442152690065e-06  -9.649471839724e-01  -1.362775665242e-07   1.843685358853e-01   4.239251528566e-06   2.198941060620e-03   5.412582233347e-06   1.072026924565e+00   1.668194154733e+00   6.410152561172e-01   1.485555313892e-01   1.737153215105e+00   1.225118461087e+00   1.903255690091e+00  -1.073668717559e+00  -1.670865489371e+00  -6.420628455425e-01  -1.488013224812e-01  -1.731408549420e+00  -1.227185546957e+00   1.912937209802e+00   1.695058792552e-03   2.668217711689e-03   1.030107346163e-03   2.384889235406e-04  -5.484951149204e-03   2.022510863092e-03  -1.069323441407e+00   0.000000000000e+00   0.000000000000e+00   0.000000000000e+00   0.000000000000e+00   0.000000000000e+00   2.510612390446e-11   1.745675557449e-10  -4.571490761677e-11  -1.023165551844e-06   2.015509944274e-07   7.536218197102e-07  -2.321417697229e-07  -7.475665014796e-03   3.376832246519e-07  -1.372927211543e-07  -2.832991013268e-07  -1.036248562658e-01   0.000000000000e+00   0.000000000000e+00   0.000000000000e+00   0.000000000000e+00   0.000000000000e+00   0.000000000000e+00   0.000000000000e+00  -5.543644699720e-07  -1.018528368672e-05   0.000000000000e+00   0.000000000000e+00   0.000000000000e+00   0.000000000000e+00  -2.198238266648e-04  -2.460732276678e-02  -4.474683062751e-02   0.000000000000e+00   0.000000000000e+00   0.000000000000e+00   0.000000000000e+00  -1.102111177776e-07  -2.288226955016e-05  -5.316689026102e-05   0.000000000000e+00   0.000000000000e+00   0.000000000000e+00   0.000000000000e+00   2.182201840292e-04   2.457596834573e-02   4.478757068257e-02   0.000000000000e+00   0.000000000000e+00   0.000000000000e+00
  -8.212267646227e+00  -8.953013585341e+00   9.296950492430e-02  -5.108062707708e-01  -5.013978541443e-06  -1.232449612350e+01   1.477264858267e-01  -8.149061106567e-01  -8.531784304041e-06  -8.824357440179e+00   9.658234636257e-02  -5.248168873284e-01  -5.980549837608e-06  -4.559734540416e+00   3.349280802246e-02  -1.777023265300e-01  -2.101774694152e-06   2.481775230031e-03  -3.493076136512e-06   1.862304195291e-01  -2.438837766702e-06   2.753839179228e-01  -4.074179690726e-01  -3.981878418452e-01   7.857757134452e-03   5.420092260738e-01   2.907838325992e-06  -1.365507254555e+00   3.170477138359e-02   1.917786714041e+00   1.016168579907e-05  -3.320662024748e+00   9.846341300449e-02   5.660415363200e+00   3.013412831478e-05  -4.383960312297e+00   1.057615520822e-01   5.932656684186e+00   3.161726168342e-05  -2.875372695034e-02  -9.189986785470e-06   5.005916799058e-01  -2.564045515225e-08   8.647263218226e-01  -1.937622166541e+00  -4.688655777713e+00  -5.144288652735e+00  -3.473286813862e+00  -2.058543297716e+00  -1.553106672679e+00  -3.605308922603e+00  -1.937370987002e+00  -4.688347523566e+00  -5.144151027017e+00  -3.473251032775e+00  -2.048207302425e+00  -1.553125433774e+00   3.610850307806e+00  -1.866214133023e+00  -4.589852054476e+00  -5.094780501432e+00  -3.459658276522e+00   4.055396270563e+00  -1.562943867432e+00  -5.649227646868e-03   0.000000000000e+00   4.369907365209e-09  -4.404889260681e-06   7.975796965223e-07  -7.570410940778e-12  -2.560741986095e-04  -1.130571740675e-03   2.011380438291e-04   2.787376676140e-09  -5.653899215907e-02  -2.195744233475e-01   3.730996686730e-02   1.598557977537e-06  -7.629555799335e-01  -1.934995021490e+00   3.238816308806e-01   3.997559137627e-06   2.360493698110e-04  -8.290825236659e-10   3.935630207413e-04   1.820243500833e-09  -6.392683358602e-04   0.000000000000e+00  -4.654600134701e-06  -1.133146812213e-02  -3.151077407154e-01   0.000000000000e+00   0.000000000000e+00   0.000000000000e+00  -2.263160359187e-05  -5.914946744726e-03  -2.824409092276e-01  -1.117760156303e+00  -5.748621777127e-04   1.980919613337e-04   1.734354998632e-04  -6.898375523169e-06  -2.844447746761e-03  -1.996572057280e-01  -9.736475892611e-01  -2.318508637610e-04  -3.255636507530e-05   8.385422186723e-08  -2.236000787043e-05  -5.872916638894e-03  -2.815346249699e-01  -1.116348692778e+00  -5.692342422121e-04   1.956323767175e-04  -1.720076274039e-04
   1.158076266718e-02   1.082812708026e-02  -7.040903929554e+00   7.666718096408e-04  -1.037110872613e-06   1.477264858267e-01  -9.425664330278e+00   2.569448445709e-03  -2.052091961265e-06   1.760021259513e-01  -5.902158928304e+00   3.059627879875e-03  -4.875052615617e-07   1.112738160534e-01  -2.032197603730e+00   1.457006248048e-03   2.971113373764e-08  -5.684583487531e-01  -4.282807174884e-06   2.766394758126e-02   5.392550803756e-04   9.226987795781e-02  -1.385474143402e-02  -1.375852462450e-02  -2.895105484666e-01   1.605120016834e-02   9.811361507495e-08  -2.728216197040e-02  -9.736666820564e-01   3.347269563205e-02   3.140478876728e-07   3.190515612695e-03  -2.574090417544e+00  -1.673981532030e-02   3.463486442784e-07   6.663235554784e-02  -2.688839957930e+00  -9.678090589706e-02  -2.915556171239e-07   8.661197175423e-01  -2.857980106609e-07   2.128375266912e-03   4.982788721774e-06   3.333746668923e-02   1.703516686736e+00   2.189019034069e+00   1.107675554870e+00   3.529528314248e-01  -9.797272013189e-01   1.059923745620e+00   2.435370183017e+00   1.695118735801e+00   2.178637735577e+00   1.102835133018e+00   3.516617570051e-01  -9.929648246318e-01   1.054873991467e+00  -2.427468538534e+00  -3.173923043569e+00  -3.985334747396e+00  -1.825003459569e+00  -4.363628185432e-01   2.973580832811e+00  -2.037173233299e+00  -7.288838129531e-03   0.000000000000e+00  -2.901463260912e-08   2.818096756881e-05  -5.275602296937e-06   5.354808059704e-11   1.117308511058e-03   4.668788647521e-03  -8.743835275168e-04  -9.752574420034e-09   1.056630718350e-01   3.627916660927e-01  -6.966102994847e-02  -4.012138150708e-06   4.918340498703e-01   8.932458151243e-01  -2.123433179002e-01  -1.265201824328e-05  -1.107916048464e-03   3.902856000357e-09  -1.767510890194e-03  -6.349220923800e-09   2.853349818184e-03   0.000000000000e+00   2.151829048774e-05   2.089583245649e-02   2.207056567495e-01   0.000000000000e+00   0.000000000000e+00   0.000000000000e+00   1.201808074318e-04   1.742495388267e-02   3.320111101026e-01   5.222396072659e-01   2.464219093512e-03  -9.002936183811e-04  -7.892073099759e-04   4.172460886505e-05   9.619686726361e-03   2.700956568275e-01   5.175783681035e-01   1.149955097695e-03   1.696613928649e-04  -4.353341147911e-07   1.188153719046e-04   1.731311785735e-02   3.311778552649e-01   5.219045793337e-01   2.441887495870e-03  -8.896969439783e-04   7.832277022543e-04
  -6.361977773624e-02  -5.948248720716e-02   7.666718096408e-04  -7.204719973539e+00  -1.130901062762e-06  -8.149061106567e-01   2.569448445709e-03  -9.992821222457e+00  -3.506388508848e-06  -9.563744450585e-01   3.059627879875e-03  -6.430665285790e+00  -3.193603979614e-06  -5.903839409733e-01   1.457006248048e-03  -2.232647689312e+00  -1.245998474206e-06   1.308513794729e-01  -1.478095146830e-05   6.537953855760e-01  -4.282807174884e-06   1.131200765359e+00  -1.396818885716e+00  -1.378026874161e+00   2.478461104161e-02   1.405265126500e+00   9.079680516450e-06  -3.508413681904e+00   7.852940550762e-02   3.690564981599e+00   2.459264373848e-05  -4.745360359305e+00   1.339716517469e-01   4.724195141190e+00   3.815319854765e-05  -3.091621209701e+00   7.047570426722e-02   1.045523418884e+00   1.943816730302e-05  -6.330976327876e-02  -1.959609686334e-05   8.227525409200e-01  -4.354019577841e-08   1.418536521898e+00   1.096393056376e+00   1.131113547108e+00   1.323228849361e-01  -2.590474025371e-01   8.426930880023e-01  -1.746995766356e+00   1.484005608126e+00   1.096395184118e+00   1.131223828451e+00   1.324076780443e-01  -2.590209549227e-01   8.385555563689e-01  -1.746621875655e+00  -1.486488167083e+00   1.097128708547e+00   1.159788648299e+00   1.566327050599e-01  -2.510724854031e-01  -1.735981822920e+00  -1.630504617400e+00   2.413666844357e-03   0.000000000000e+00   5.312967786324e-09  -5.337779903250e-06   5.903463085380e-09  -1.894407005639e-11  -2.093516223002e-04  -9.229691978609e-04  -7.745502192145e-05  -1.064293656522e-10  -2.437396675355e-02  -9.512363375850e-02  -2.787002482875e-02  -5.719267802292e-07  -1.877283963775e-01  -4.816070981755e-01  -2.959232122769e-01  -1.007375104461e-06  -6.823493216793e-05  -3.961831842651e-10   3.298963544608e-04  -6.350620896513e-10  -6.343605293909e-04   0.000000000000e+00  -4.488082566477e-06  -5.383895243168e-03  -8.624229948723e-02   0.000000000000e+00   0.000000000000e+00   0.000000000000e+00  -4.153663968341e-05  -6.319303513745e-03  -1.492698239180e-01  -3.295367887126e-01  -9.074559944865e-04   1.688061804886e-04   2.741152020576e-04   5.329696421655e-06   1.143294431683e-03   1.754114992672e-02  -5.324206754579e-02   1.517548856604e-04  -3.009187383237e-05  -5.465001013510e-08  -4.095651545669e-05  -6.261860266778e-03  -1.485347093723e-01  -3.287345031245e-01  -8.967865995577e-04   1.658042082707e-04  -2.713202324453e-04
  -6.231512907896e-07  -5.821503902184e-07  -1.037110872613e-06  -1.130901062762e-06  -7.026641177292e+00  -8.531784304041e-06  -2.052091961265e-06  -3.506388508848e-06  -9.377124633958e+00  -1.089836316281e-05  -4.875052615617e-07  -3.193603979614e-06  -5.853558962010e+00  -6.982767480874e-06   2.971113373764e-08  -1.245998474206e-06  -2.012144570224e+00  -4.282807174884e-06  -5.672522885406e-01  -4.790065474040e-04   2.710366201794e-01   2.770180159219e-04  -7.789219007084e-06  -7.680314659723e-06   1.508134972894e-07   9.482909512341e-06  -2.895847522741e-01  -1.987695504694e-05   5.839973597900e-07   2.648047889961e-05  -9.720218696086e-01  -2.814033566757e-05   1.236677691432e-06   4.321166152904e-05  -2.558608063939e+00  -2.024623414137e-05   6.921425649030e-07   2.461724771735e-05  -2.664336641873e+00  -5.315643731978e-07   8.652503953759e-01   1.234162690935e-05   1.485083676186e-02   1.309357308005e-05   2.878970820751e+00   3.592684208788e+00   1.686319958480e+00   4.511575707504e-01   2.318964054397e+00   1.776636078294e+00   1.733235348403e+00  -2.883308963217e+00  -3.598342615634e+00  -1.689057458832e+00  -4.519053109069e-01  -2.311044236255e+00  -1.779560036452e+00   1.746470699722e+00   4.458619508908e-03   5.655082901336e-03   2.686249983242e-03   7.200995340809e-04  -7.376564865817e-03   2.867040740356e-03  -2.262074028468e+00   0.000000000000e+00   5.900099703057e-14  -6.045179280815e-11   1.804395808802e-12  -9.613291000489e-07   2.832066065233e-10   4.206999686927e-09  -2.709738724078e-09  -2.403021281661e-04   2.349592742760e-06   8.358110384273e-06  -2.859246968860e-06  -4.183067836103e-02   5.571628771734e-06   4.176791115601e-06  -4.380479445152e-06  -3.439431845980e-01  -1.269456883433e-09   5.060744600166e-05   1.365223284406e-09  -2.827231199251e-04  -1.859429546028e-09   0.000000000000e+00  -3.559558898973e-09  -3.049092983283e-06  -3.320095682686e-05   0.000000000000e+00   0.000000000000e+00   0.000000000000e+00  -3.511538061963e-05  -5.081126143007e-03  -9.650167504655e-02  -1.456719371694e-01  -7.613768982591e-04   2.623642269828e-04   8.615035685231e-05  -1.457191628531e-08  -3.239289009613e-06  -8.677992055315e-05  -1.686456766152e-04  -4.179292608144e-07  -5.868233260600e-08  -5.106278486199e-05   3.477087974462e-05   5.056673650032e-03   9.642197839772e-02   1.458171218070e-01   7.556075266303e-04  -2.596855222560e-04   8.625510173183e-05
  -3.728823265946e+00  -4.069294370783e+00   5.930467690089e-02  -3.259967672556e-01  -3.220281088474e-06  -8.824357440179e+00   1.760021259513e-01  -9.563744450585e-01  -1.089836316281e-05  -9.503170415693e+00   2.721075633214e-01  -1.167241905653e+00  -1.585192057553e-05  -6.636577226546e+00   1.793197400690e-01  -5.758143833411e-01  -8.912705018602e-06   3.820322452066e-03  -4.712076008989e-06   2.652706556650e-01  -1.717716721935e-06   3.912421294531e-01  -1.491060679873e+00  -1.476680433612e+00   1.442716405949e-02   5.926696517480e-01   2.897614842343e-06  -3.297020262914e+00   5.493409712264e-02   1.788931928125e+00   8.258741579958e-06  -5.248053335384e+00   1.698370459584e-01   4.712240639733e+00   2.111444512803e-05  -6.333607874503e+00   2.496230963817e-01   5.984007684245e+00   2.619143188746e-05  -2.124573906649e-02  -3.685714115416e-06   2.197232144529e-01   4.274383403157e-07   3.731998303638e-01  -2.428314675163e+00  -5.228068516937e+00  -6.622919634965e+00  -5.289887195579e+00  -1.188058016789e+00  -1.054534277681e+00  -2.199591517886e+00  -2.427957457547e+00  -5.227493498646e+00  -6.622505290532e+00  -5.289733738928e+00  -1.181875003311e+00  -1.054495334840e+00   2.202917332825e+00  -2.309826752327e+00  -5.016986474387e+00  -6.445055894935e+00  -5.214975353155e+00   2.473249879503e+00  -1.043482091815e+00  -3.413209562180e-03  -6.754059911815e-03  -7.091053921387e-03  -1.660425897508e-02   2.951135322725e-03  -7.347338305137e-08  -4.967948971060e-02  -9.564028012587e-02   1.653598970224e-02  -9.102132092135e-07  -3.123186151934e-01  -7.906336656518e-01   1.266932737733e-01   3.819155772148e-06  -1.461909258047e+00  -3.174902408207e+00   4.700698281473e-01   7.671167235624e-06   1.997338055241e-02  -1.060213781850e-06   3.452115460600e-02  -2.088767673868e-06  -5.652717344562e-02  -2.721667184023e-04  -4.349223219303e-03  -8.025982428778e-02  -6.631497168612e-01  -1.795007392649e-03   3.897820142611e-04   5.092452478634e-07  -2.752604597638e-02  -1.466634777001e-01  -8.007216726052e-01  -2.011414419027e+00  -7.202242361955e-02   2.730536391489e-02   2.723149407946e-02  -1.703073289515e-02  -9.843700830960e-02  -6.025753523910e-01  -1.745322530616e+00  -5.278512086726e-02  -1.187723412627e-02   2.385816328532e-05  -2.739562050774e-02  -1.461107228209e-01  -7.987797131044e-01  -2.009112160097e+00  -7.174774979189e-02   2.712203985912e-02  -2.717353750214e-02
   3.688752211351e-03   2.827968735017e-03  -2.575166102161e+00   3.273990946621e-04  -4.223193698685e-07   9.658234636257e-02  -5.902158928304e+00   3.059627879875e-03  -4.875052615617e-07   2.721075633214e-01  -7.470585196813e+00   1.920024551135e-02   4.020359265585e-06   3.269259247099e-01  -4.420133284112e+00   2.397078786400e-02   4.692810887464e-06  -4.088152529202e-01  -3.414563953033e-06   1.787378694679e-02   4.130760555126e-04   7.839049465322e-02  -2.896390411287e-02  -2.892301850568e-02  -5.471381406115e-01   1.059087694964e-02   7.821615004944e-08  -4.552236711617e-02  -1.544040791649e+00   2.147984883473e-02   4.358070434075e-07   1.095824639145e-02  -3.697715010171e+00  -2.303489792547e-02   2.508380771303e-06   1.651569619654e-01  -4.806840216001e+00  -1.694993139867e-01   5.043918202061e-06   5.645620158943e-01  -1.202558012720e-07  -7.421620653388e-03   3.087219512448e-06   2.364049409830e-02   1.528271805234e+00   2.394243952659e+00   1.891383937881e+00   9.007375653170e-01  -1.567110734871e+00   5.592590466794e-01   1.146662709910e+00   1.520715130542e+00   2.382804217762e+00   1.883237309738e+00   8.976847393157e-01  -1.572836347624e+00   5.565607228018e-01  -1.142900562699e+00  -2.812584147233e+00  -4.221451844887e+00  -2.907617974011e+00  -9.349439707141e-01   4.183186388993e-01  -1.052440236117e+00  -3.391655557572e-03   3.240932037871e-02   3.431299803308e-02   6.825685940836e-02  -1.329872659850e-02   2.541132734227e-07   1.906831989242e-01   3.242158311614e-01  -6.260646748901e-02   3.209421218043e-06   7.468396479718e-01   1.543203699275e+00  -3.003626970887e-01  -5.011691697512e-06   1.482994925123e+00   2.097332166188e+00  -4.976253117498e-01  -2.025487898396e-05  -7.132220488126e-02   3.740307625506e-06  -1.107447435997e-01   7.781416335059e-06   1.786933818414e-01   1.526563204458e-03   1.939632919646e-02   2.089256573830e-01   7.561438545007e-01   9.017218259903e-03  -2.050505636210e-03  -2.674141998612e-06   1.037311610885e-01   4.269133654142e-01   1.289944061846e+00   1.504003103129e+00   2.183058303555e-01  -9.690364441776e-02  -9.781883647667e-02   7.282226033399e-02   3.267460956359e-01   1.127781023939e+00   1.495844298274e+00   1.894135553007e-01   4.899234432895e-02  -9.693350596738e-05   1.033032988830e-01   4.255858885530e-01   1.287767554536e+00   1.503242077564e+00   2.176587156165e-01  -9.631032740042e-02   9.767194292484e-02
  -2.026685306876e-02  -1.553476734721e-02   3.273990946621e-04  -2.645777335031e+00  -4.785287449927e-07  -5.248168873284e-01   3.059627879875e-03  -6.430665285790e+00  -3.193603979614e-06  -1.167241905653e+00   1.920024551135e-02  -8.347961514314e+00  -7.342443535006e-06  -1.049793233376e+00   2.397078786400e-02  -4.823531059695e+00  -5.449597792577e-06   1.015398336924e-01  -1.286215960944e-05   5.431000699385e-01  -3.414563953033e-06   9.383097719346e-01  -2.918201129595e+00  -2.897071264824e+00   2.744798494410e-02   5.730137986838e-01   5.461583694420e-06  -5.825295960584e+00   9.503130858622e-02   1.482478283647e+00   1.376491511188e-05  -7.099318399399e+00   2.207474914000e-01   1.960563860746e+00   2.350917747604e-05  -5.489882495545e+00   2.076653950288e-01  -2.467336930885e-01   1.663900557423e-05  -1.988651627640e-02  -3.626958199283e-06   4.953802596102e-02   8.045077941923e-07   7.244738237159e-02   9.864387266899e-01   1.265170229372e+00   3.355230081310e-01  -3.962401590278e-01   3.720378283085e-01  -1.855346957641e+00   6.986778449304e-01   9.864277917539e-01   1.265236191562e+00   3.356514931797e-01  -3.961714789439e-01   3.701270732750e-01  -1.854986654594e+00  -6.998290086563e-01   9.764161240627e-01   1.269246664672e+00   3.670726690970e-01  -3.737628314575e-01  -8.183783948881e-01  -1.731983686294e+00   1.124441050300e-03  -5.922423800196e-03  -6.267884503303e-03  -1.370483319943e-02  -4.081635579171e-03  -1.207370262333e-07  -3.533084920892e-02  -6.726448416247e-02  -2.522724532708e-02  -1.615029713893e-06  -1.540676371805e-01  -3.890336856831e-01  -2.168056863381e-01  -4.153167103607e-06  -4.708208513309e-01  -1.047650791386e+00  -9.009408449947e-01  -4.540749954184e-06  -3.015315819363e-02  -2.987038450839e-06   2.041539478944e-02  -3.487641247687e-06  -4.964405766855e-02  -3.091958931094e-04  -3.927148357827e-03  -4.687913530085e-02  -2.434351603274e-01  -1.899431865476e-03  -2.008388076291e-05   5.244533013209e-07  -3.542302698272e-02  -1.468559118073e-01  -5.161333189026e-01  -8.071915866516e-01  -8.667522093795e-02  -2.260653127460e-04   3.252496581272e-02   8.744216432066e-03   3.430119171286e-02   8.410009842012e-02  -6.895628087614e-02   2.484238471820e-02  -1.676598535224e-02  -9.556029853191e-06  -3.518508650094e-02  -1.460203535508e-01  -5.139727327939e-01  -8.052232947558e-01  -8.617278092438e-02  -3.617987207240e-04  -3.239339543247e-02
  -1.988772597518e-07  -1.520108968068e-07  -4.223193698685e-07  -4.785287449927e-07  -2.569040389524e+00  -5.980549837608e-06  -4.875052615617e-07  -3.193603979614e-06  -5.853558962010e+00  -1.585192057553e-05   4.020359265585e-06  -7.342443535006e-06  -7.310980746308e+00  -1.624915544017e-05   4.692810887464e-06  -5.449597792577e-06  -4.261209620504e+00  -3.414563953033e-06  -4.064481101271e-01  -3.677468891794e-04   2.108886354611e-01   2.129691075610e-04  -1.627259925996e-05  -1.614676300991e-05   1.801891417109e-07   6.264991147483e-06  -5.470663243989e-01  -3.304962354077e-05   8.796340020222e-07   1.716050596861e-05  -1.540273362141e+00  -4.299489637421e-05   3.969002982523e-06   3.372763982991e-05  -3.655201413322e+00  -3.888306685454e-05   7.287653576312e-06   3.085261795951e-05  -4.680498680042e+00  -2.820626663751e-07   5.636657865727e-01   4.585976138819e-06   1.810602738296e-02   3.822377112756e-06   2.579154023402e+00   3.885034467363e+00   2.753226829098e+00   1.029451154033e+00   1.020826086031e+00   9.336084347546e-01  -2.386660044446e-01  -2.583004255836e+00  -3.890974654893e+00  -2.757594867591e+00  -1.031140019985e+00  -1.017113568428e+00  -9.350959518974e-01  -2.323041822485e-01   3.950671483798e-03   5.988411744804e-03   4.302999581327e-03   1.625482040717e-03  -3.468337495582e-03   1.479810861893e-03  -2.042974168678e+00  -3.948371101678e-08  -3.810827921387e-08  -2.069979936749e-07  -3.698503368878e-08  -6.530004967712e-03  -7.703764222526e-07  -1.888269469679e-06  -6.893198675213e-07  -3.695233557919e-02   2.106388976923e-06   9.720377187576e-06  -6.942198800859e-06  -2.720923631245e-01   5.885318405932e-06   4.730543688353e-07  -8.938653168799e-06  -9.732566922512e-01  -1.463699671996e-06   7.325239220359e-03   2.253562038489e-06  -4.519130671066e-02  -6.530350494948e-07  -2.364311209494e-07  -2.789030534238e-06  -3.125700807788e-05  -1.118711848014e-04  -1.339722438705e-06   2.775467170240e-07  -4.317155113897e-04  -2.955950971833e-02  -1.173688669676e-01  -3.522276337559e-01  -3.937410963598e-01  -7.218727836204e-02   2.667479100024e-02  -6.847272460247e-03  -2.480893084744e-05  -1.067728867355e-04  -3.567669015253e-04  -4.661894815913e-04  -7.136402591470e-05  -1.471807124246e-05  -2.080979078606e-02   2.948339929421e-02   1.171826947673e-01   3.521939591904e-01   3.941764064448e-01   7.206792447620e-02  -2.655404561611e-02  -6.701575892970e-03
  -1.574746098262e+00  -1.713177537626e+00   2.815506422278e-02  -1.548138237999e-01  -1.534955296311e-06  -4.559734540416e+00   1.112738160534e-01  -5.903839409733e-01  -6.982767480874e-06  -6.636577226546e+00   3.269259247099e-01  -1.049793233376e+00  -1.624915544017e-05  -6.811408895380e+00   4.807290973761e-01  -7.887813240329e-01  -1.450406691325e-05   2.739986891053e-03  -3.034751454846e-06   1.718174259520e-01  -6.600319275451e-07   2.521800804494e-01  -1.213057165839e+00  -1.201368953405e+00   8.821336554870e-03   1.755244148117e-01   6.381234214553e-07  -2.690127753246e+00   3.873216765999e-02   5.959907263326e-01   1.759427165844e-06  -4.343709605855e+00   1.550669365832e-01   1.899538012734e+00   4.289930003348e-06  -5.849174564824e+00   3.687595745924e-01   3.244175368122e+00   4.638108780369e-06  -6.279868672893e-03  -7.887273434189e-07   4.870302961294e-02   4.729312821305e-07   7.791070534761e-02  -1.565021116919e+00  -3.626321382406e+00  -5.685826028233e+00  -5.943551421517e+00  -3.914691586839e-01  -4.438116093148e-01  -8.014874283224e-01  -1.564782247443e+00  -3.625789087819e+00  -5.685132513035e+00  -5.943097965438e+00  -3.893172502569e-01  -4.437757123991e-01   8.026930087142e-01  -1.482552784798e+00  -3.433189228851e+00  -5.404986875480e+00  -5.726825047690e+00   9.164377188168e-01  -4.351701279393e-01  -1.246669905291e-03  -2.117693417994e-01  -2.280306626635e-01  -1.310474398324e-01   2.233890383815e-02   2.004549526207e-07  -6.458171812902e-01  -4.411327986110e-01   7.220963522706e-02  -1.462084962753e-06  -1.273616654004e+00  -1.469136736019e+00   2.204512602803e-01   4.286303627049e-06  -2.525217803998e+00  -3.671301311124e+00   4.901905221610e-01   7.853779475115e-06   3.392938714745e-02  -5.710663434529e-06   6.765989683050e-02  -1.406653582389e-05  -1.129042226310e-01  -6.710583459135e-02  -2.155994991546e-01  -5.865656889314e-01  -1.428448145062e+00  -1.133398831539e-01   2.517650511361e-02   3.949368832768e-05  -3.370867695018e-01  -8.664873139539e-01  -1.870226942730e+00  -3.093158128981e+00  -2.268185751016e-01   1.219986957953e-01   1.601485784693e-01  -2.799165388350e-01  -7.264491284200e-01  -1.585229947682e+00  -2.764232752904e+00  -2.408540908809e-01  -1.252088045944e-01   1.865266303023e-04  -3.365120161774e-01  -8.651399775404e-01  -1.867737275709e+00  -3.090566368020e+00  -2.266819873643e-01   1.214385692535e-01  -1.602680984241e-01
   9.281728832314e-04   6.616669501708e-04  -6.838140051950e-01   9.114730471930e-05  -1.144596887936e-07   3.349280802246e-02  -2.032197603730e+00   1.457006248048e-03   2.971113373764e-08   1.793197400690e-01  -4.420133284112e+00   2.397078786400e-02   4.692810887464e-06   4.807290973761e-01  -5.433482855756e+00   7.595621116505e-02   6.883945650260e-06  -1.430450263246e-01  -1.155255647118e-06   4.119144312626e-03   1.403544043867e-04   3.036942953690e-02  -1.307177172481e-02  -1.303632779888e-02  -2.525301823218e-01   1.758722547632e-03   1.897237882116e-08  -2.187343715115e-02  -7.533061267335e-01   4.140048853033e-03   1.980691962086e-07   9.842126709051e-03  -2.156237494883e+00  -8.213473187784e-03   2.413925098220e-06   1.715205665566e-01  -4.104259776006e+00  -1.044857523650e-01   9.895444398621e-06   1.068014767319e-01  -1.529053556122e-08  -3.842850095958e-03   5.124610808110e-07   8.058238942692e-03   5.950475070441e-01   1.192421698151e+00   1.559083252521e+00   1.347679059301e+00  -7.896047081971e-01   1.431471216771e-01   2.479899569707e-01   5.921026486634e-01   1.186676040916e+00   1.552328666345e+00   1.343260383892e+00  -7.906324084396e-01   1.424474751437e-01  -2.471696765538e-01  -1.091532864094e+00  -2.064359713620e+00  -2.253862223883e+00  -1.211283106673e+00  -3.002644172136e-01  -2.656991464125e-01  -7.351757454697e-04   5.753387841917e-01   6.202778175596e-01   2.588095436409e-01  -5.947036944847e-02  -1.023317441990e-06   1.628123736513e+00   8.069325500940e-01  -1.814801612429e-01  -1.039166426199e-06   2.664696610260e+00   2.020659660953e+00  -4.544696759523e-01  -1.051124278927e-05   3.227730424263e+00   2.235047370201e+00  -6.366885347760e-01  -1.891718403008e-05  -6.338886656468e-02   5.351231696608e-06  -8.688120541838e-02   2.375537228490e-05   1.353844177188e-01   2.266173337384e-01   6.548708815690e-01   1.427048580413e+00   2.150566486608e+00   3.251921044766e-01  -8.098776990652e-02  -1.251461794375e-04   7.656614117199e-01   1.804207269911e+00   2.986552588948e+00   3.049655178077e+00   2.910975566875e-01  -2.765723161752e-01  -3.685733659324e-01   7.206368544042e-01   1.709372550297e+00   2.899795709993e+00   3.112024403566e+00   4.366838151903e-01   3.227120674755e-01  -4.773679163890e-04   7.648201418049e-01   1.802498103496e+00   2.984622821448e+00   3.049038817997e+00   2.915079738486e-01  -2.754433200979e-01   3.690454119364e-01
  -5.100000577704e-03  -3.634672308596e-03   9.114730471930e-05  -7.035682377260e-01  -1.326502548640e-07  -1.777023265300e-01   1.457006248048e-03  -2.232647689312e+00  -1.245998474206e-06  -5.758143833411e-01   2.397078786400e-02  -4.823531059695e+00  -5.449597792577e-06  -7.887813240329e-01   7.595621116505e-02  -5.446569130478e+00  -7.394746518010e-06   3.687842197420e-02  -4.739618133715e-06   1.969738336398e-01  -1.155255647118e-06   3.400093763595e-01  -1.317125864624e+00  -1.305740526316e+00   9.464120360564e-03  -6.583179440182e-02   6.717848657130e-07  -2.806273040682e+00   3.989074715655e-02  -1.646580700270e-01   1.605832903858e-06  -4.008730109716e+00   1.402598989923e-01  -6.437479120028e-01   1.855064593609e-06  -4.269948602370e+00   2.625736071633e-01  -1.924676359373e+00  -1.963983345196e-06   7.817256203706e-04  -4.006456359568e-07  -1.635769293692e-02   5.098103815438e-07  -3.509136137132e-02   3.848414399112e-01   6.437613043493e-01   4.143292469394e-01  -1.121118962459e-01   6.974962949787e-02  -8.241206810502e-01   1.493524264668e-01   3.848362751210e-01   6.437750484474e-01   4.144269322320e-01  -1.119940047305e-01   6.936095884907e-02  -8.239686295176e-01  -1.495972611998e-01   3.797936523902e-01   6.377034644755e-01   4.328396090962e-01  -7.224712856842e-02  -1.788517560226e-01  -7.701819324957e-01   2.407673628259e-04  -1.051142357478e-01  -1.133033930427e-01  -6.384816171927e-02  -7.847188080426e-02  -6.474433081204e-08  -2.998269948092e-01  -2.044330317185e-01  -2.581748615412e-01  -2.966281762461e-06  -5.128404899277e-01  -5.860043752459e-01  -7.951100406103e-01  -6.402516139956e-06  -7.696547171435e-01  -1.132330904570e+00  -1.830260955977e+00  -5.932523755162e-06  -1.348726177057e-01  -2.431095841339e-05   1.274305331089e-02  -1.741716884652e-05  -8.288944268129e-02  -4.610009065955e-02  -1.323773254048e-01  -2.965033372579e-01  -5.238816251178e-01  -7.373425523548e-02  -2.471051490187e-02   2.481638347962e-05  -2.602442064232e-01  -6.001415996985e-01  -1.043932562623e+00  -1.235373317516e+00  -1.737723209057e-01  -1.100867586891e-01   1.149875674859e-01   8.506336812774e-02   1.605327656269e-01   2.028414684059e-01   4.116130736995e-02   7.111681685209e-02  -1.499639112049e-01  -3.067780986257e-05  -2.592869970957e-01  -5.980766992568e-01  -1.040722181284e+00  -1.232533564750e+00  -1.733013753124e-01  -1.103196577954e-01  -1.148666127131e-01
