ARMA_MAT_TXT_FN008
115 115
   1.000000000000e+00   8.784438346368e-01   2.021992914876e-17  -1.438121033533e-16   2.254963694995e-21   3.291794955376e-01   1.750649388089e-18  -9.322327502105e-17   2.712122794198e-22   1.537612665257e-01  -2.828713767525e-17   1.433906826147e-17   6.459015098740e-23   6.556249676812e-02  -1.566560620777e-18  -5.622486008538e-18  -2.007903402292e-23   0.000000000000e+00   2.136733019767e-40   0.000000000000e+00   0.000000000000e+00   0.000000000000e+00   6.698719244727e-06   1.967784902866e-06  -1.328162408808e-06  -1.320750598673e-04  -7.356560451821e-10   1.870862150464e-03  -6.818084415475e-05  -6.780036096355e-03  -3.776469642224e-08   3.533215017083e-02  -9.503180775609e-04  -9.450148276630e-02  -5.263718005926e-07   6.148600487809e-02  -1.022035585433e-03  -1.016332115993e-01  -5.660954201303e-07   6.645745858548e-05   3.681013017056e-08  -1.907948528267e-03   3.701670187013e-10  -3.303995485333e-03   1.198874260913e-02   7.465412954154e-02   7.941567923115e-02   4.889854890002e-02   4.248617250922e-02   2.876817588159e-02   7.264877247030e-02   1.198769313592e-02   7.465171724307e-02   7.941481512815e-02   4.889835848038e-02   4.227814766727e-02   2.877008671186e-02  -7.276343800815e-02   1.197642562695e-02   7.462580903983e-02   7.940553344336e-02   4.889631302095e-02  -8.368974400901e-02   2.994281341665e-02   1.172542070696e-04   0.000000000000e+00   0.000000000000e+00   0.000000000000e+00   0.000000000000e+00   0.000000000000e+00   0.000000000000e+00   0.000000000000e+00   0.000000000000e+00   0.000000000000e+00   3.172600065041e-04   1.509584687165e-03  -2.756681161064e-04  -1.681698474923e-09   9.560867990184e-03   2.590813758658e-02  -4.731134027153e-03  -2.886202797225e-08   0.000000000000e+00   0.000000000000e+00   0.000000000000e+00   0.000000000000e+00   0.000000000000e+00   0.000000000000e+00   0.000000000000e+00   6.357382436778e-05   3.792444012250e-03   0.000000000000e+00   0.000000000000e+00   0.000000000000e+00   0.000000000000e+00   3.760718510426e-06   2.635316917447e-03   1.443636681501e-02   0.000000000000e+00   0.000000000000e+00   0.000000000000e+00   0.000000000000e+00   1.375619503329e-06   1.851811577990e-03   1.272067376414e-02   0.000000000000e+00   0.000000000000e+00   0.000000000000e+00   0.000000000000e+00   3.721824445999e-06   2.625735142806e-03   1.441752480109e-02   0.000000000000e+00   0.000000000000e+00   0.000000000000e+00
   8.784438346368e-01   1.000000000000e+00   1.587284244508e-16  -3.125142917153e-16  -2.252279975274e-21   4.187995882560e-01  -2.486848875773e-16   0.000000000000e+00   9.486575606436e-22   1.871454501484e-01   6.169932420753e-17  -2.235571017194e-19  -1.705605329280e-24   7.831571041382e-02   1.099128720036e-19   2.386744621632e-19   5.329214829336e-23   0.000000000000e+00   0.000000000000e+00   0.000000000000e+00   0.000000000000e+00   0.000000000000e+00  -3.487281501475e-07  -1.789311266628e-07   2.208025803193e-08   2.195703915509e-06   1.223003692368e-11   1.078483597940e-03  -4.982670551812e-05  -4.954864759500e-03  -2.759852024333e-08   4.114978461504e-02  -1.151527778445e-03  -1.145101677839e-01  -6.378198673522e-07   7.362745439254e-02  -1.240784611827e-03  -1.233860413475e-01  -6.872583461224e-07   3.080706420762e-05   1.706372870393e-08  -8.844499032344e-04   1.715948721994e-10  -1.531602369768e-03   1.087673822464e-02   8.947561115718e-02   9.541268050952e-02   5.827624232785e-02   5.110325269898e-02   3.460296079734e-02   8.738345580589e-02   1.087561545587e-02   8.947261313577e-02   9.541162874521e-02   5.827601427648e-02   5.085279218255e-02   3.460509320669e-02  -8.752095812327e-02   1.086356187582e-02   8.944041443414e-02   9.540033132230e-02   5.827356458286e-02  -1.006580964937e-01   3.601381074679e-02   1.410278574665e-04   0.000000000000e+00   0.000000000000e+00   0.000000000000e+00   0.000000000000e+00   0.000000000000e+00   1.035670572180e-09   8.928671991456e-09  -1.630481686879e-09  -9.946665595368e-15   3.396051797927e-04   1.655065329677e-03  -3.022346115089e-04  -1.843765947337e-09   1.128941452347e-02   3.077899268757e-02  -5.620610093607e-03  -3.428822874427e-08   0.000000000000e+00   0.000000000000e+00   0.000000000000e+00   0.000000000000e+00   0.000000000000e+00   0.000000000000e+00   0.000000000000e+00   6.855711259487e-05   4.462347223388e-03   0.000000000000e+00   0.000000000000e+00   0.000000000000e+00   0.000000000000e+00   2.452885734730e-06   3.017836004870e-03   1.710135254047e-02   0.000000000000e+00   0.000000000000e+00   0.000000000000e+00   0.000000000000e+00   8.237511971208e-07   2.109283218812e-03   1.505940906866e-02   0.000000000000e+00   0.000000000000e+00   0.000000000000e+00   0.000000000000e+00   2.425419591343e-06   3.006698367743e-03   1.707892082385e-02   0.000000000000e+00   0.000000000000e+00   0.000000000000e+00
   2.021992914876e-17   1.587284244508e-16   1.000000000000e+00   0.000000000000e+00   0.000000000000e+00  -2.024365625655e-16   6.291202128136e-01   0.000000000000e+00  -4.769004435239e-37  -2.902117888148e-16   2.202302509580e-01  -6.457098657314e-32  -4.926375318386e-37  -1.707891335924e-16   5.734990148843e-02  -1.587331050496e-32  -1.211037483594e-37   0.000000000000e+00   0.000000000000e+00   2.663096722672e-16   2.147404370962e-22  -4.612618829138e-16   4.948896865083e-06   2.733907091488e-06   4.175349429579e-04  -6.027814119704e-05  -3.357483162114e-10   2.827232669789e-04   9.973286515294e-03  -8.945191640461e-04  -4.982457938866e-09   1.124398341743e-03   7.551286644277e-02  -2.754034222104e-03  -1.533992811486e-08   6.933637216278e-04   8.055823808164e-02  -1.109085061797e-03  -6.177586678002e-09  -1.138937153126e-02   6.971622952935e-09  -2.951556131141e-04  -6.343862366003e-08  -7.404168228735e-04  -5.158515841830e-02  -8.420892007055e-02  -3.182236648319e-02  -7.292384668166e-03   2.548923211509e-03  -6.207570732288e-02  -1.567608581022e-01  -5.133219965457e-02  -8.379972440599e-02  -3.166833206357e-02  -7.257134849670e-03   3.432207650013e-03  -6.178066823891e-02   1.562516605711e-01   1.016041372032e-01   1.659481267032e-01   6.272538039190e-02   1.437522098181e-02  -2.618789194284e-01   1.273862966777e-01   4.988368661498e-04   0.000000000000e+00   0.000000000000e+00   0.000000000000e+00   0.000000000000e+00   0.000000000000e+00  -2.400298075992e-07  -1.595978678505e-06   3.010397554753e-07   1.836476792546e-12  -1.468577063964e-03  -6.132228308369e-03   1.226797134929e-03   7.484009757787e-09  -1.180222508680e-02  -2.296919865376e-02   5.761879158795e-03   3.515003305750e-08   0.000000000000e+00   0.000000000000e+00   0.000000000000e+00   0.000000000000e+00   0.000000000000e+00   0.000000000000e+00   0.000000000000e+00  -2.739802842568e-04  -5.069457421415e-03   0.000000000000e+00   0.000000000000e+00   0.000000000000e+00   0.000000000000e+00  -4.934054909264e-05  -6.741371081572e-03  -1.256572608642e-02   0.000000000000e+00   0.000000000000e+00   0.000000000000e+00   0.000000000000e+00  -2.172011374163e-05  -5.449632990994e-03  -1.262348330685e-02   0.000000000000e+00   0.000000000000e+00   0.000000000000e+00   0.000000000000e+00  -4.888940279950e-05  -6.721783493306e-03  -1.255735203808e-02   0.000000000000e+00   0.000000000000e+00   0.000000000000e+00
  -1.438121033533e-16  -3.125142917153e-16   0.000000000000e+00   1.000000000000e+00   1.200700663545e-36   0.000000000000e+00   0.000000000000e+00   6.291202128136e-01   0.000000000000e+00   1.905368099503e-16  -6.457098657314e-32   2.202302509580e-01   2.463187659193e-37   8.764955035997e-17  -1.587331050496e-32   5.734990148843e-02   6.055187417969e-38  -4.612618829138e-16   2.147404370962e-22   0.000000000000e+00   0.000000000000e+00   0.000000000000e+00   4.921279546825e-04   2.718650523349e-04  -6.027814119705e-05  -5.576034796791e-03  -3.338746727801e-08   2.811455298274e-02  -8.945191640462e-04  -7.897044809202e-02  -4.954653333040e-07   1.118123636956e-01  -2.754034222104e-03  -1.983259721153e-01  -1.525432364818e-06   6.894944054770e-02  -1.109085061797e-03  -2.972019010454e-02  -6.143112656416e-07   1.136981902138e-03   6.297630500786e-07  -2.935084972567e-02   6.971622952935e-09  -5.082457632082e-02  -3.492926810329e-02  -5.701942256301e-02  -2.154751491814e-02  -4.937808993843e-03  -6.207570732288e-02   5.219258498589e-02  -1.061456862525e-01  -3.493132780545e-02  -5.702533035658e-02  -2.155015557113e-02  -4.938447174835e-03  -6.178066823891e-02   5.217852154947e-02   1.063285425578e-01  -3.635228854694e-02  -5.937350930578e-02  -2.244210905175e-02  -5.143217544497e-03   1.273862966777e-01   4.858727413888e-02  -1.784756230926e-04   0.000000000000e+00   0.000000000000e+00   0.000000000000e+00   0.000000000000e+00   0.000000000000e+00   4.383229734167e-08   3.010397554753e-07  -2.429932887454e-09  -3.353625020037e-13   2.681796364405e-04   1.226797134929e-03   3.618011343781e-04  -1.366669182850e-09   2.155226654856e-03   5.761879158795e-03   7.531209145869e-03  -6.418814046288e-09   0.000000000000e+00   0.000000000000e+00   0.000000000000e+00   0.000000000000e+00   0.000000000000e+00   0.000000000000e+00   0.000000000000e+00   5.595890828799e-05   1.035407725357e-03   0.000000000000e+00   0.000000000000e+00   0.000000000000e+00   0.000000000000e+00   1.708053852363e-05   2.333704236746e-03   4.349959058895e-03   0.000000000000e+00   0.000000000000e+00   0.000000000000e+00   0.000000000000e+00  -2.862346715308e-06  -7.181702304582e-04  -1.663563386864e-03   0.000000000000e+00   0.000000000000e+00   0.000000000000e+00   0.000000000000e+00   1.687960289407e-05   2.320769524886e-03   4.335563612285e-03   0.000000000000e+00   0.000000000000e+00   0.000000000000e+00
   2.254963694995e-21  -2.252279975274e-21   0.000000000000e+00   1.200700663545e-36   1.000000000000e+00   7.722342016813e-22  -4.769004435239e-37   0.000000000000e+00   6.291202128136e-01   1.453680495837e-21  -4.926375318386e-37   2.463187659193e-37   2.202302509580e-01   7.967694023099e-22  -1.211037483594e-37   6.055187417969e-38   5.734990148843e-02   0.000000000000e+00   0.000000000000e+00   2.479608983268e-22  -4.612618829138e-16   0.000000000000e+00   2.741145112705e-09   1.514284145886e-09  -3.357483162114e-10  -3.338746727801e-08   4.181411068826e-04   1.565976262296e-07  -4.982457938866e-09  -4.954653333040e-07   9.982281902950e-03   6.227931402146e-07  -1.533992811486e-08  -1.525432364818e-06   7.554056132784e-02   3.840473197727e-07  -6.177586678002e-09  -6.143112656416e-07   8.056939116865e-02   6.971622952935e-09  -1.140195818062e-02  -2.734841290397e-07  -1.146594387882e-04  -3.466008368693e-07  -8.820748529329e-02  -1.439921346845e-01  -5.441431236487e-02  -1.246953451522e-02  -1.567608581022e-01  -1.061456862525e-01  -1.738263402113e-01   8.834604951907e-02   1.442247683106e-01   5.450325626997e-02   1.249000041124e-02   1.562516605711e-01   1.063285425578e-01  -1.746992714602e-01  -1.423533156161e-04  -2.325029935469e-04  -8.788191227110e-05  -2.014052208704e-05   4.988368661498e-04  -1.784756230926e-04   9.416329623934e-02   0.000000000000e+00   0.000000000000e+00   0.000000000000e+00   0.000000000000e+00   0.000000000000e+00   2.673965659613e-13   1.836476792546e-12  -3.353625020037e-13   5.254350647471e-08   1.636015408591e-09   7.484009757787e-09  -1.366669182850e-09   5.858288804817e-04   1.314784397187e-08   3.515003305750e-08  -6.418814046288e-09   8.583396801443e-03   0.000000000000e+00   0.000000000000e+00   0.000000000000e+00   0.000000000000e+00   0.000000000000e+00   0.000000000000e+00   0.000000000000e+00   4.650129261913e-08   8.604134549789e-07   0.000000000000e+00   0.000000000000e+00   0.000000000000e+00   0.000000000000e+00   1.458191270201e-05   1.992318415808e-03   3.713625490578e-03   0.000000000000e+00   0.000000000000e+00   0.000000000000e+00   0.000000000000e+00   7.673256864263e-09   1.925240090972e-06   4.459609700363e-06   0.000000000000e+00   0.000000000000e+00   0.000000000000e+00   0.000000000000e+00  -1.447128641958e-05  -1.989651102530e-03  -3.716982159913e-03   0.000000000000e+00   0.000000000000e+00   0.000000000000e+00
   3.291794955376e-01   4.187995882560e-01  -2.024365625655e-16   0.000000000000e+00   7.722342016813e-22   1.000000000000e+00   0.000000000000e+00   0.000000000000e+00   0.000000000000e+00   7.746967835845e-01   0.000000000000e+00   0.000000000000e+00   0.000000000000e+00   4.100964372946e-01   7.622953462239e-17  -3.811476731120e-17  -2.907925972839e-22   0.000000000000e+00   0.000000000000e+00   0.000000000000e+00   0.000000000000e+00   0.000000000000e+00   9.556177015457e-03   9.204118578318e-03  -2.809896099189e-04  -2.794215474404e-02  -1.556373707006e-07   8.486426652892e-02  -1.409443379721e-03  -1.401577981139e-01  -7.806767724774e-07   2.602417909208e-01  -4.650722142635e-03  -4.624768788374e-01  -2.575989077844e-06   3.724316558304e-01  -5.243194161629e-03  -5.213934517349e-01  -2.904153479640e-06   1.273457700479e-03   7.053556473431e-07  -3.656010622666e-02   7.093139738744e-09  -6.331115547751e-02   1.887815912044e-01   4.274119501391e-01   4.638100587595e-01   3.142983051026e-01   1.859628603963e-01   1.259189039484e-01   3.179851875320e-01   1.887743980275e-01   4.274028421575e-01   4.638057562538e-01   3.142971522385e-01   1.850587127987e-01   1.259316102471e-01  -3.184980638832e-01   1.886971456018e-01   4.273050155770e-01   4.637595408380e-01   3.142847683283e-01  -3.664601023525e-01   1.311133950679e-01   5.134319531358e-04   0.000000000000e+00   1.035670572180e-09   2.400298075992e-07  -4.383229734167e-08  -2.673965659613e-13   2.076529972604e-05   9.486026404019e-05  -1.732261230764e-05  -1.056756621364e-10   5.267747728852e-03   2.029826550382e-02  -3.706704671317e-03  -2.261255193669e-08   6.837440699054e-02   1.724104936699e-01  -3.148420647814e-02  -1.920677036078e-07  -1.923428100388e-05   2.142725830852e-11  -3.141973395732e-05  -1.173376939174e-10   5.090816712596e-05   0.000000000000e+00   3.581478550329e-07   1.049608825202e-03   2.827123409111e-02   0.000000000000e+00   0.000000000000e+00   0.000000000000e+00   1.461331033705e-06   5.386779109329e-04   2.535934194647e-02   9.959737836184e-02   4.474702828340e-05  -1.549036957366e-05  -1.322436154648e-05   4.339450326286e-07   2.695349015974e-04   1.875999543018e-02   8.840685875175e-02   1.790392623251e-05   2.359437204259e-06  -6.325078519160e-09   1.443127923351e-06   5.348414332770e-04   2.528056115188e-02   9.947491895498e-02   4.429428187736e-05  -1.529308696272e-05   1.311112844691e-05
   1.750649388089e-18  -2.486848875773e-16   6.291202128136e-01   0.000000000000e+00  -4.769004435239e-37   0.000000000000e+00   1.000000000000e+00   0.000000000000e+00   0.000000000000e+00   0.000000000000e+00   6.534608721805e-01   0.000000000000e+00   0.000000000000e+00   2.532588849439e-16   2.263653730943e-01  -2.353813052562e-32  -1.795816843080e-37   0.000000000000e+00   0.000000000000e+00   0.000000000000e+00  -2.625495947260e-21   0.000000000000e+00   3.261326460808e-04   3.240452655582e-04   1.539464672429e-02  -9.067485641233e-04  -5.050575508563e-09   2.188345951604e-03   7.722891360306e-02  -3.614168396587e-03  -2.013086219251e-08   3.794870915799e-03   2.548833584170e-01  -6.743882489126e-03  -3.756332138793e-08   2.473566547449e-03   2.873954883342e-01  -3.462920995249e-03  -1.928841650122e-08  -6.977416134822e-02   2.016332570041e-08  -6.397953754593e-04  -3.886410019039e-07  -2.511838593780e-03  -1.854152454981e-01  -2.347702982699e-01  -1.109021199475e-01  -2.971633603638e-02   1.183558348303e-01  -1.044547091630e-01  -2.637812849403e-01  -1.845126297140e-01  -2.336313901123e-01  -1.103654441357e-01  -2.957269906140e-02   1.198385506069e-01  -1.039606873163e-01   2.629306300875e-01   3.653546778557e-01   4.626995513609e-01   2.186035141188e-01   5.857889190192e-02  -3.267616902925e-01   2.144118329186e-01   8.396234884602e-04   0.000000000000e+00  -8.928671991456e-09  -1.595978678505e-06   3.010397554753e-07   1.836476792546e-12  -9.486026404019e-05  -4.125763718362e-04   7.913334259788e-05   4.827486886843e-10  -1.113880925502e-02  -3.847791282571e-02   7.837937278647e-03   4.781491365130e-08  -5.189461250049e-02  -9.311426285838e-02   2.389579327970e-02   1.457749981505e-07   9.494492729850e-05  -1.104604926612e-10   1.486611894081e-04   5.792064083971e-10  -2.393817797705e-04   0.000000000000e+00  -1.713927384375e-06  -2.186556635169e-03  -2.328796611691e-02   0.000000000000e+00   0.000000000000e+00   0.000000000000e+00  -8.105096036486e-06  -1.703635921276e-03  -3.491313075982e-02  -5.421909433432e-02  -2.023304254104e-04   7.398607682912e-05   6.316302685622e-05  -2.739588392387e-06  -9.704912988802e-04  -2.940441603489e-02  -5.479227425446e-02  -9.335258392202e-05  -1.282997051487e-05   3.439403717064e-08  -8.009117946084e-06  -1.692559891035e-03  -3.482642572668e-02  -5.418627861170e-02  -2.004225499687e-04   7.308946072097e-05  -6.266133907198e-05
  -9.322327502105e-17   0.000000000000e+00   0.000000000000e+00   6.291202128136e-01   0.000000000000e+00   0.000000000000e+00   0.000000000000e+00   1.000000000000e+00   0.000000000000e+00   0.000000000000e+00   0.000000000000e+00   6.534608721805e-01   0.000000000000e+00  -1.266294424720e-16  -2.353813052562e-32   2.263653730943e-01   8.979084215399e-38   0.000000000000e+00  -2.625495947260e-21   0.000000000000e+00   0.000000000000e+00   0.000000000000e+00   3.243126628953e-02   3.222369309994e-02  -9.067485641234e-04  -7.476508029391e-02  -5.022390772649e-07   2.176133887329e-01  -3.614168396587e-03  -2.821346949284e-01  -2.001852191888e-06   3.773693639188e-01  -6.743882489126e-03  -4.156736496884e-01  -3.735369927821e-06   2.459762809680e-01  -3.462920995250e-03  -5.692930463545e-02  -1.918077749565e-06   2.917973405163e-03   1.616236659729e-06  -6.362249974567e-02   2.016332570041e-08  -1.101609989607e-01  -1.255481037380e-01  -1.589673259208e-01  -7.509388358294e-02  -2.012148261803e-02  -1.044547091630e-01   2.018911576815e-01  -1.786112033930e-01  -1.255600031980e-01  -1.589850956821e-01  -7.510318150093e-02  -2.012408686862e-02  -1.039606873163e-01   2.018658326286e-01   1.789230948894e-01  -1.307178923711e-01  -1.655462864467e-01  -7.821274055732e-02  -2.095856369431e-02   2.144118329186e-01   1.958033528726e-01  -3.004034694203e-04   0.000000000000e+00   1.630481686879e-09   3.010397554753e-07  -2.429932887454e-09  -3.353625020037e-13   1.732261230764e-05   7.913334259788e-05   6.314610300914e-06  -8.815565148076e-11   2.034079034522e-03   7.837937278647e-03   3.012072770690e-03  -8.731571855565e-09   9.476573381878e-03   2.389579327970e-02   3.337770610527e-02  -2.662024824260e-08   4.949939116553e-06  -5.514301472481e-12  -2.714730108930e-05  -1.104604926612e-10   5.213488529299e-05   0.000000000000e+00   3.500598795811e-07   4.465917047492e-04   4.756434075851e-03   0.000000000000e+00   0.000000000000e+00   0.000000000000e+00   2.805793766684e-06   5.897587181074e-04   1.208610536141e-02   1.876937623363e-02   7.398607682912e-05  -1.421909730022e-05  -2.186555547772e-05  -3.610318034943e-07  -1.278944767338e-04  -3.875008881362e-03  -7.220702805800e-03  -1.282997051487e-05   2.313267224107e-06   4.532557264323e-09   2.765235873634e-06   5.843748787908e-04   1.202420571381e-02   1.870840740322e-02   7.308946072097e-05  -1.396411463223e-05   2.163451504375e-05
   2.712122794198e-22   9.486575606436e-22  -4.769004435239e-37   0.000000000000e+00   6.291202128136e-01   0.000000000000e+00   0.000000000000e+00   0.000000000000e+00   1.000000000000e+00   0.000000000000e+00   0.000000000000e+00   0.000000000000e+00   6.534608721805e-01  -9.661059758908e-22  -1.795816843080e-37   8.979084215399e-38   2.263653730943e-01   0.000000000000e+00   0.000000000000e+00  -3.031661583814e-21   0.000000000000e+00   0.000000000000e+00   1.806416527298e-07   1.794854732672e-07  -5.050575508563e-09  -5.022390772649e-07   1.540376509220e-02   1.212103216874e-06  -2.013086219251e-08  -2.001852191888e-06   7.726525809638e-02   2.101941533189e-06  -3.756332138792e-08  -3.735369927821e-06   2.549511756754e-01   1.370084088907e-06  -1.928841650122e-08  -1.918077749565e-06   2.874303118662e-01   2.016332570041e-08  -6.981056445154e-02  -1.027873501828e-06  -7.020232853604e-04  -1.002438830816e-06  -3.170487993427e-01  -4.014429395374e-01  -1.896358839290e-01  -5.081312831580e-02  -2.637812849403e-01  -1.786112033930e-01  -1.784305835434e-01   3.175582194276e-01   4.020947962286e-01   1.899460973506e-01   5.089653576649e-02   2.629306300875e-01   1.789230948894e-01  -1.799100848295e-01  -5.118831890145e-04  -6.482690280477e-04  -3.062762589866e-04  -8.207244032477e-05   8.396234884602e-04  -3.004034694203e-04   2.725152025029e-01   0.000000000000e+00   9.946665595368e-15   1.836476792546e-12  -3.353625020037e-13   5.254350647471e-08   1.056756621364e-10   4.827486886843e-10  -8.815565148076e-11   2.076529972551e-05   1.240878944778e-08   4.781491365130e-08  -8.731571855565e-09   4.443373327760e-03   5.781132482384e-08   1.457749981505e-07  -2.662024824260e-08   3.774136213070e-02  -1.104604926612e-10  -4.210462769528e-06  -2.100995854231e-10   2.305689251457e-05   2.923603549348e-10   0.000000000000e+00   2.908962557104e-10   3.711132361079e-07   3.952549103468e-06   0.000000000000e+00   0.000000000000e+00   0.000000000000e+00   2.395348349763e-06   5.034858901431e-04   1.031808997378e-02   1.602369886238e-02   6.316302685622e-05  -2.186555547772e-05  -7.273809941617e-06   9.678386442722e-10   3.428540526732e-07   1.038795836262e-05   1.935695178823e-05   3.439403717064e-08   4.532557264323e-09   4.004030011231e-06  -2.370702711206e-06  -5.009985306206e-04  -1.030863853519e-02  -1.603916417259e-02  -6.266133907198e-05   2.163451504375e-05  -7.276962226061e-06
   1.537612665257e-01   1.871454501484e-01  -2.902117888148e-16   1.905368099503e-16   1.453680495837e-21   7.746967835845e-01   0.000000000000e+00   0.000000000000e+00   0.000000000000e+00   1.000000000000e+00   0.000000000000e+00   0.000000000000e+00   0.000000000000e+00   7.744077347687e-01   0.000000000000e+00   0.000000000000e+00   0.000000000000e+00   0.000000000000e+00   0.000000000000e+00   0.000000000000e+00   0.000000000000e+00   0.000000000000e+00   3.436517584374e-02   3.488245970653e-02  -3.022846700357e-04  -3.005977704772e-02  -1.674324942515e-07   2.064151501576e-01  -1.298391400817e-03  -1.291145727788e-01  -7.191661777877e-07   4.504799526325e-01  -4.176397580872e-03  -4.153091194760e-01  -2.313265386129e-06   6.451765900800e-01  -6.385255617365e-03  -6.349622699292e-01  -3.536730044305e-06   4.399494088936e-04   2.436836339296e-07  -1.263064891551e-02   2.450511417918e-09  -2.187250147234e-02   2.672244758937e-01   5.810206214555e-01   7.582661099533e-01   6.304034899254e-01   1.047006490045e-01   7.089475251801e-02   1.790317455726e-01   2.672206646789e-01   5.810142208107e-01   7.582611097853e-01   6.304014979533e-01   1.041935590882e-01   7.090324186805e-02  -1.793238823335e-01   2.671797276701e-01   5.809454689114e-01   7.582073995762e-01   6.303801003938e-01  -2.063696867717e-01   7.383567842188e-02   2.891359541381e-04   3.172600065041e-04   3.396051797927e-04   1.468577063964e-03  -2.681796364405e-04  -1.636015408591e-09   5.267747728852e-03   1.113880925502e-02  -2.034079034522e-03  -1.240878944778e-08   3.889481422629e-02   9.750292957921e-02  -1.780519446208e-02  -1.086196285429e-07   1.724742737787e-01   3.646112597833e-01  -6.658235205365e-02  -4.061820477716e-07  -2.505603631202e-03   2.791277522341e-09  -4.092973346859e-03  -1.528529981947e-08   6.631684770692e-03   2.340026624726e-05   4.195223205348e-04   9.985910464178e-03   7.916761892412e-02   1.425242330968e-04  -2.910976061768e-05  -2.418991967443e-08   3.081128751927e-03   1.841897860684e-02   9.606801229605e-02   2.342478184512e-01   9.206351224289e-03  -3.187022431656e-03  -2.720808996361e-03   1.940627641100e-03   1.287683824183e-02   7.753970442968e-02   2.113904630193e-01   6.793040797247e-03   8.952088485468e-04  -2.399837659542e-06   3.066459385850e-03   1.835104689716e-02   9.585576726744e-02   2.339996850201e-01   9.170956874315e-03  -3.166373515176e-03   2.714607585086e-03
  -2.828713767525e-17   6.169932420753e-17   2.202302509580e-01  -6.457098657314e-32  -4.926375318386e-37   0.000000000000e+00   6.534608721805e-01   0.000000000000e+00   0.000000000000e+00   0.000000000000e+00   1.000000000000e+00   0.000000000000e+00   0.000000000000e+00   0.000000000000e+00   6.530545656898e-01   0.000000000000e+00   0.000000000000e+00   0.000000000000e+00   0.000000000000e+00   0.000000000000e+00  -1.452033764520e-21   0.000000000000e+00   6.743444714967e-04   6.908105134013e-04   3.019179968900e-02  -5.801302255061e-04  -3.231316403077e-09   3.673619217032e-03   1.296835945756e-01  -2.297882570135e-03  -1.279917045305e-08   6.210100259958e-03   4.171561859182e-01  -5.725252046733e-03  -3.188956554404e-08   5.489415548307e-03   6.378199285289e-01  -5.402508105115e-03  -3.009188677005e-08  -4.394193393696e-02   4.503958247509e-09   2.171991507883e-05  -2.447558938849e-07  -8.462323351355e-04  -1.790206262276e-01  -3.006510050445e-01  -2.348673066688e-01  -9.356651743680e-02   2.140626761809e-01  -4.444755430787e-02  -1.122441781872e-01  -1.781534225490e-01  -2.991955788455e-01  -2.337313673804e-01  -9.311430134764e-02   2.146923767323e-01  -4.423817142050e-02   1.118843149827e-01   3.528538754524e-01   5.926128700158e-01   4.629707321381e-01   1.844458755768e-01   2.459991557452e-02   9.125667583606e-02   3.573555035083e-04  -1.509584687165e-03  -1.655065329677e-03  -6.132228308369e-03   1.226797134929e-03   7.484009757787e-09  -2.029826550382e-02  -3.847791282571e-02   7.837937278647e-03   4.781491365130e-08  -9.750292957921e-02  -2.055290624688e-01   4.463470661358e-02   2.722916204489e-07  -1.999902466853e-01  -2.773333487323e-01   7.720467940156e-02   4.709829828722e-07   9.192479275398e-03  -1.135401684590e-08   1.348882555331e-02   5.607822404908e-08  -2.150215305607e-02  -1.360179115415e-04  -1.891297105326e-03  -2.694772839546e-02  -1.023724299055e-01  -7.347929701463e-04   1.590032439047e-04   1.321301040068e-07  -1.185661841736e-02  -5.487667471737e-02  -1.713289908403e-01  -2.001836215094e-01  -2.896165636752e-02   1.150456041167e-02   9.821616301261e-03  -8.500334420283e-03  -4.367777424329e-02  -1.574364210097e-01  -2.056683160342e-01  -2.514916662694e-02  -3.679072027410e-03   9.862699210221e-06  -1.180751988919e-02  -5.470845730320e-02  -1.710573262199e-01  -2.000965677678e-01  -2.887366293591e-02   1.143716621448e-02  -9.805355561785e-03
   1.433906826147e-17  -2.235571017194e-19  -6.457098657314e-32   2.202302509580e-01   2.463187659193e-37   0.000000000000e+00   0.000000000000e+00   6.534608721805e-01   0.000000000000e+00   0.000000000000e+00   0.000000000000e+00   1.000000000000e+00   0.000000000000e+00   0.000000000000e+00   0.000000000000e+00   6.530545656898e-01   0.000000000000e+00   0.000000000000e+00  -1.452033764520e-21   0.000000000000e+00   0.000000000000e+00   0.000000000000e+00   6.705812922686e-02   6.869554454286e-02  -5.801302255060e-04  -2.749164733934e-02  -3.213284042345e-07   3.653118585509e-01  -2.297882570135e-03  -9.879922132337e-02  -1.272774468414e-06   6.175444796333e-01  -5.725252046733e-03  -1.521164681200e-01  -3.171160582802e-06   5.458781865614e-01  -5.402508105115e-03   1.006383158492e-01  -2.992395900017e-06   3.666452872578e-04   2.030812046931e-07   2.159870709581e-03   4.503958247509e-09   3.749137305507e-03  -1.212181883560e-01  -2.035763751187e-01  -1.590330121080e-01  -6.335562540178e-02  -4.444755430787e-02   2.496086159361e-01  -7.600261612348e-02  -1.212325917183e-01  -2.036012271619e-01  -1.590531297572e-01  -6.336385749369e-02  -4.423817142050e-02   2.495972725820e-01   7.613676618670e-02  -1.262453109532e-01  -2.120271343318e-01  -1.656433104669e-01  -6.599169949992e-02   9.125667583606e-02   2.470109089337e-01  -1.278559194041e-04   2.756681161064e-04   3.022346115089e-04   1.226797134929e-03   3.618011343781e-04  -1.366669182850e-09   3.706704671317e-03   7.837937278647e-03   3.012072770690e-03  -8.731571855565e-09   1.780519446208e-02   4.463470661358e-02   3.074398599536e-02  -4.972368803081e-08   3.652059736173e-02   7.720467940156e-02   1.313482880897e-01  -8.600709367975e-08   3.612223907115e-03  -4.024068001832e-09  -2.463219957372e-03  -1.135401684590e-08   5.925565462811e-03   2.778088159928e-05   3.862866320816e-04   5.503919619407e-03   2.090898413307e-02   1.590032439047e-04   1.122694811673e-05  -2.698681911459e-08   4.104482648895e-03   1.899701510817e-02   5.931007015684e-02   6.929886517011e-02   1.150456041167e-02   2.889571412987e-04  -3.400012741710e-03  -1.120201514428e-03  -5.755998109604e-03  -2.074747986623e-02  -2.710363471601e-02  -3.679072027410e-03   2.283597659003e-03   1.299738345032e-06   4.076675833222e-03   1.888869532754e-02   5.905941928879e-02   6.908553614858e-02   1.143716621448e-02   3.036780377369e-04   3.385406624763e-03
   6.459015098740e-23  -1.705605329280e-24  -4.926375318386e-37   2.463187659193e-37   2.202302509580e-01   0.000000000000e+00   0.000000000000e+00   0.000000000000e+00   6.534608721805e-01   0.000000000000e+00   0.000000000000e+00   0.000000000000e+00   1.000000000000e+00   0.000000000000e+00   0.000000000000e+00   0.000000000000e+00   6.530545656898e-01   0.000000000000e+00   0.000000000000e+00  -1.676664169636e-21   0.000000000000e+00   0.000000000000e+00   3.735127449037e-07   3.826331229441e-07  -3.231316403076e-09  -3.213284042345e-07   3.019763354531e-02   2.034781414370e-06  -1.279917045305e-08  -1.272774468414e-06   1.297067023471e-01   3.439713221161e-06  -3.188956554404e-08  -3.171160582802e-06   4.172137597116e-01   3.040533074757e-06  -3.009188677005e-08  -2.992395900017e-06   6.378742567721e-01   4.503958247509e-09  -4.395006543569e-02  -4.119776457687e-07  -4.419670514251e-04  -2.239185492890e-07  -3.061143890869e-01  -5.140949435656e-01  -4.016088180028e-01  -1.599930573795e-01  -1.122441781872e-01  -7.600261612348e-02   8.777415789183e-02   3.066136108802e-01   5.149350232883e-01   4.022668636003e-01   1.602557601885e-01   1.118843149827e-01   7.613676618670e-02   8.714097379521e-02  -4.943688365584e-04  -8.302851561532e-04  -6.486489681153e-04  -2.584194173863e-04   3.573555035083e-04  -1.278559194041e-04   2.796605453796e-01   1.681698474923e-09   1.843765947337e-09   7.484009757787e-09  -1.366669182850e-09   5.858288804817e-04   2.261255193669e-08   4.781491365130e-08  -8.731571855565e-09   4.443373327760e-03   1.086196285429e-07   2.722916204489e-07  -4.972368803081e-08   3.889481422599e-02   2.227919345696e-07   4.709829828722e-07  -8.600709367975e-08   1.454467806787e-01  -1.135401684590e-08  -9.995083037987e-04  -2.558782764055e-08   5.473402043806e-03   3.005114602545e-08   2.308563451268e-08   3.210003243959e-07   4.573702107572e-06   1.737515650836e-05   1.321301040068e-07  -2.698681911459e-08   4.370243015030e-05   3.504058586345e-03   1.621803759425e-02   5.063389917015e-02   5.916148374720e-02   9.821616301261e-03  -3.400012741710e-03   1.368923554141e-03   3.002988391997e-06   1.543043397538e-05   5.561895819551e-05   7.265826673579e-05   9.862699210221e-06   1.299738345032e-06   2.768434164892e-03  -3.495031488155e-03  -1.619372931297e-02  -5.063304970298e-02  -5.922867897606e-02  -9.805355561785e-03   3.385406624763e-03   1.350095302504e-03
   6.556249676812e-02   7.831571041382e-02  -1.707891335924e-16   8.764955035997e-17   7.967694023099e-22   4.100964372946e-01   2.532588849439e-16  -1.266294424720e-16  -9.661059758908e-22   7.744077347687e-01   0.000000000000e+00   0.000000000000e+00   0.000000000000e+00   1.000000000000e+00   0.000000000000e+00   0.000000000000e+00   0.000000000000e+00   0.000000000000e+00   0.000000000000e+00   0.000000000000e+00   0.000000000000e+00   0.000000000000e+00   2.800009973792e-02   2.837840323841e-02  -7.622392798143e-05  -7.579856036206e-03  -4.221968114381e-08   1.713775912502e-01  -3.516201579909e-04  -3.496579417487e-02  -1.947589339364e-07   4.025185855429e-01  -1.435207096553e-03  -1.427197923553e-01  -7.949470408630e-07   6.987111430514e-01  -3.479100170784e-03  -3.459685052772e-01  -1.927039235156e-06   3.662560177275e-05   2.028655921435e-08  -1.051496167421e-03   2.040040366413e-10  -1.820876474671e-03   1.764691545291e-01   4.415805359982e-01   7.696052802426e-01   9.134356870860e-01   2.429903478024e-02   1.645332740103e-02   4.154987245826e-02   1.764683374178e-01   4.415786694694e-01   7.696026929103e-01   9.134337111295e-01   2.418156203343e-02   1.645544270306e-02  -4.161803879885e-02   1.764595601672e-01   4.415586195335e-01   7.695749000848e-01   9.134124854831e-01  -4.789944879749e-02   1.713763466584e-02   6.710991835769e-05   9.560867990184e-03   1.128941452347e-02   1.180222508680e-02  -2.155226654856e-03  -1.314784397187e-08   6.837440699054e-02   5.189461250049e-02  -9.476573381878e-03  -5.781132482384e-08   1.724742737787e-01   1.999902466853e-01  -3.652059736173e-02  -2.227919345696e-07   3.764970931041e-01   5.176858929059e-01  -9.453560045062e-02  -5.767093320375e-07  -4.726368990711e-03   5.265241222425e-09  -7.720655440269e-03  -2.883295912443e-08   1.250947630585e-02   8.440664287257e-03   2.751963125478e-02   8.464028626243e-02   2.207029149183e-01   1.080879412722e-02  -2.207634468698e-03  -1.834522144297e-06   4.136832818016e-02   1.174553772087e-01   2.684304908952e-01   4.638104653186e-01   3.383706695510e-02  -1.171359736123e-02  -1.000007428991e-02   3.559036096692e-02   1.023821894108e-01   2.406524668497e-01   4.323289130361e-01   3.324978616364e-02   4.381764172245e-03  -1.174644631010e-05   4.130413585689e-02   1.172889726151e-01   2.681279762221e-01   4.634740642204e-01   3.380680613091e-02  -1.167217085770e-02   1.000683065118e-02
  -1.566560620777e-18   1.099128720036e-19   5.734990148843e-02  -1.587331050496e-32  -1.211037483594e-37   7.622953462239e-17   2.263653730943e-01  -2.353813052562e-32  -1.795816843080e-37   0.000000000000e+00   6.530545656898e-01   0.000000000000e+00   0.000000000000e+00   0.000000000000e+00   1.000000000000e+00   0.000000000000e+00   0.000000000000e+00   0.000000000000e+00   0.000000000000e+00   0.000000000000e+00  -4.608081454312e-22   0.000000000000e+00   3.056018234419e-04   3.106093018903e-04   1.388172633148e-02  -8.230921701179e-05  -4.584610684999e-10   1.813775505501e-03   6.403635075446e-02  -3.700606394461e-04  -2.061232050670e-09   3.890743580028e-03   2.613783253589e-01  -1.379529134289e-03  -7.683955988091e-09   5.453006477982e-03   6.336163429427e-01  -2.700069290744e-03  -1.503934428001e-08  -6.670175640340e-03   2.173323469766e-10   2.746386290048e-05  -3.715277537769e-08  -8.658728870416e-05  -6.997453906117e-02  -1.598429270441e-01  -2.215698901164e-01  -1.692137501340e-01   1.089204924383e-01  -6.383545738763e-03  -1.612047853983e-02  -6.963624288155e-02  -1.590702208711e-01  -2.204989767098e-01  -1.683960914314e-01   1.090108475395e-01  -6.353530243078e-03   1.606893676078e-02   1.379370803360e-01   3.150913385621e-01   4.367754250246e-01   3.335717135106e-01   8.170610899685e-02   1.310761606605e-02   5.132861454969e-05  -2.590813758658e-02  -3.077899268757e-02  -2.296919865376e-02   5.761879158795e-03   3.515003305750e-08  -1.724104936699e-01  -9.311426285838e-02   2.389579327970e-02   1.457749981505e-07  -3.646112597833e-01  -2.773333487323e-01   7.720467940156e-02   4.709829828722e-07  -5.176858929059e-01  -3.353242957522e-01   1.299870507025e-01   7.929789923249e-07   8.710285416260e-03  -1.353262855914e-08   8.975900349155e-03   5.313662641717e-08  -1.332841396550e-02  -2.915467290180e-02  -8.678800072865e-02  -2.123016645577e-01  -3.562044302501e-01  -3.049335093347e-02   7.462235885225e-03   6.201043321038e-06  -9.443971857014e-02  -2.447978142048e-01  -4.449648236038e-01  -4.947084737810e-01  -4.696497259861e-02   2.616674226373e-02   2.233894153033e-02  -9.250058893120e-02  -2.429338649832e-01  -4.541644819453e-01  -5.249912946255e-01  -5.985762758668e-02  -1.114390446872e-02   2.987410330202e-05  -9.435210567611e-02  -2.446037965659e-01  -4.447411797704e-01  -4.946586656015e-01  -4.698804096739e-02   2.609049873083e-02  -2.236800725307e-02
  -5.622486008538e-18   2.386744621632e-19  -1.587331050496e-32   5.734990148843e-02   6.055187417969e-38  -3.811476731120e-17  -2.353813052562e-32   2.263653730943e-01   8.979084215399e-38   0.000000000000e+00   0.000000000000e+00   6.530545656898e-01   0.000000000000e+00   0.000000000000e+00   0.000000000000e+00   1.000000000000e+00   0.000000000000e+00   0.000000000000e+00  -4.608081454312e-22   0.000000000000e+00   0.000000000000e+00   0.000000000000e+00   3.038964125092e-02   3.088759467248e-02  -8.230921701181e-05   5.697564998909e-03  -4.559026265718e-08   1.803653731549e-01  -3.700606394463e-04   2.724052051799e-02  -2.049729345501e-07   3.869031286028e-01  -1.379529134289e-03   1.242091308519e-01  -7.641075672783e-07   5.422575976100e-01  -2.700069290745e-03   3.651433397138e-01  -1.495541722138e-06  -2.806153740173e-05  -1.554300851295e-08   2.731060081742e-03   2.173323469767e-10   4.730727194454e-03  -4.738105901415e-02  -1.082326123314e-01  -1.500290845816e-01  -1.145777705531e-01  -6.383545738763e-03   1.140255907005e-01  -1.091547518969e-02  -4.738714576044e-02  -1.082465599901e-01  -1.500485482416e-01  -1.145927723832e-01  -6.353530243078e-03   1.140239234487e-01   1.093483819616e-02  -4.935161779553e-02  -1.127344965800e-01  -1.562710605864e-01  -1.193464706696e-01   1.310761606605e-02   1.136520229052e-01  -1.836453375017e-05   4.731134027153e-03   5.620610093607e-03   5.761879158795e-03   7.531209145869e-03  -6.418814046288e-09   3.148420647814e-02   2.389579327970e-02   3.337770610527e-02  -2.662024824260e-08   6.658235205365e-02   7.720467940156e-02   1.313482880897e-01  -8.600709367975e-08   9.453560045062e-02   1.299870507025e-01   3.527599118184e-01  -1.448073942355e-07   1.660491619858e-02  -1.849810910564e-08  -1.639106146643e-03  -1.353262855914e-08   9.308613688726e-03   5.954675430403e-03   1.772595348037e-02   4.336140247682e-02   7.275272050401e-02   7.462235885225e-03   4.518366239374e-03  -1.266527682578e-06   3.269281110287e-02   8.474325018501e-02   1.540363646329e-01   1.712564472786e-01   2.616674226373e-02   1.956458067011e-02  -7.733216561277e-03  -1.219002626049e-02  -3.201460907357e-02  -5.985126176452e-02  -6.918504781383e-02  -1.114390446872e-02   2.323618037300e-02   3.936905785875e-06   3.257610003059e-02   8.445214537285e-02   1.535517734989e-01   1.707863333432e-01   2.609049873083e-02   1.957139896435e-02   7.722800000484e-03
