ARMA_MAT_TXT_FN008
50 50
   1.000000000000e+00   8.784438346368e-01   4.755314298710e-20  -7.870899856409e-22   1.498184962094e-23   3.291794955376e-01  -2.104358339263e-20   7.683630813834e-22  -1.028937758403e-23   1.537612665257e-01   1.178225298769e-20  -1.393225067370e-24   5.796496110086e-24   6.556249676812e-02  -2.952533913477e-21   3.692088965334e-23  -5.373673202954e-25   0.000000000000e+00   0.000000000000e+00   0.000000000000e+00   0.000000000000e+00   0.000000000000e+00   1.208328565052e-02   7.487086568995e-02   7.949323969276e-02   4.891563523256e-02   8.937042298909e-02   1.065939949271e-04   1.173342522534e-05   1.209622200091e-02   7.490043317438e-02   7.950380897857e-02   4.891796278434e-02  -2.997230673862e-02   3.497065921253e-02  -7.665689378750e-02   1.209598690798e-02   7.489989603235e-02   7.950361699496e-02   4.891792050778e-02  -3.000747418570e-02   4.884649470417e-02   6.863633509670e-02   1.209749693894e-02   7.490334604005e-02   7.950485006982e-02   4.891819204108e-02  -2.984517871989e-02  -8.392694057858e-02   8.008281933958e-03
   8.784438346368e-01   1.000000000000e+00  -2.973884812805e-19   6.055008867292e-22  -1.097995173451e-22   4.187995882560e-01   3.674087789698e-22  -9.486575606436e-22   2.845957017559e-23   1.871454501484e-01   4.204992746159e-22   0.000000000000e+00  -7.613754682517e-24   7.831571041382e-02  -2.683419726651e-23   0.000000000000e+00   0.000000000000e+00   0.000000000000e+00   0.000000000000e+00   0.000000000000e+00   0.000000000000e+00   0.000000000000e+00   1.097793969651e-02   8.974498493114e-02   9.550708572533e-02   5.829670536884e-02   1.075428279021e-01   1.282686068660e-04   1.411927668581e-05   1.099179563008e-02   8.978173524822e-02   9.551995056159e-02   5.829949290870e-02  -3.606892587930e-02   4.208398526302e-02  -9.224955036897e-02   1.099154380731e-02   8.978106761409e-02   9.551971688073e-02   5.829944227712e-02  -3.611120832219e-02   5.878221989478e-02   8.259745488107e-02   1.099316130781e-02   8.978535576168e-02   9.552121776932e-02   5.829976747290e-02  -3.591614583521e-02  -1.009989675590e-01   9.637289309909e-03
   4.755314298710e-20  -2.973884812805e-19   1.000000000000e+00   0.000000000000e+00   1.434124551832e-41  -1.718382283956e-19   6.291202128136e-01   0.000000000000e+00   1.265052590699e-41   1.887619979397e-19   2.202302509580e-01   0.000000000000e+00  -1.087089493812e-43   4.169656581846e-20   5.734990148843e-02   0.000000000000e+00   0.000000000000e+00  -2.077016415609e-22   0.000000000000e+00  -2.600864318147e-22  -5.498670135902e-23   4.504829142624e-22  -1.085829047138e-01  -1.765449524311e-01  -6.660269672403e-02  -1.525345228739e-02  -3.081364906624e-01  -4.804646153457e-04  -5.288755376358e-05   3.641894703719e-02   5.918127081001e-02   2.232134194588e-02   5.111650119481e-03   4.949314735918e-02   5.281369430698e-02  -1.157694434758e-01   3.646161817969e-02   5.925119914984e-02   2.234781067484e-02   5.117719134258e-03   4.938491718862e-02   7.385720920164e-02   1.037799782926e-01   3.626480098634e-02   5.892761463767e-02   2.222516414763e-02   5.089584139017e-03   4.988682517435e-02  -1.261994685657e-01   1.204191308800e-02
  -7.870899856409e-22   6.055008867292e-22   0.000000000000e+00   1.000000000000e+00  -1.068344984778e-43  -7.722342016813e-22   0.000000000000e+00   6.291202128136e-01  -5.685096305894e-44   0.000000000000e+00   0.000000000000e+00   2.202302509580e-01   0.000000000000e+00   0.000000000000e+00   0.000000000000e+00   5.734990148843e-02   0.000000000000e+00   4.504829142624e-22  -5.498670135902e-23   1.199165986663e-22   0.000000000000e+00   2.077016415609e-22  -1.295091284915e-04  -2.105689011469e-04  -7.943844595655e-05  -1.819311536593e-05  -4.804646153457e-04   9.469356415741e-02  -6.308010468151e-08  -4.249237794152e-02  -6.905067638969e-02  -2.604377598170e-02  -5.964097988885e-03   5.281369430698e-02   3.313697956442e-02   1.350758148287e-01  -5.935262089365e-02  -9.644975007152e-02  -3.637801065904e-02  -8.330679184857e-03   7.385720920164e-02  -2.546855056262e-02  -1.689341838203e-01   1.019794126898e-01   1.657089896680e-01   6.249887287573e-02   1.431230248658e-02  -1.261994685657e-01  -2.601181257447e-01   3.386278680636e-02
   1.498184962094e-23  -1.097995173451e-22   1.434124551832e-41  -1.068344984778e-43   1.000000000000e+00  -6.292918188200e-23   1.265052590699e-41  -5.685096305894e-44   6.291202128136e-01  -1.214548764770e-23  -1.087089493812e-43   0.000000000000e+00   2.202302509580e-01   0.000000000000e+00   0.000000000000e+00   0.000000000000e+00   5.734990148843e-02   0.000000000000e+00  -2.077016415609e-22  -6.349317366295e-23   4.504829142624e-22   0.000000000000e+00  -1.425582816550e-05  -2.317855201955e-05  -8.744254929990e-06  -2.002622745382e-06  -5.288755376358e-05  -6.308010468151e-08   9.469413027413e-02   9.314476123670e-02   1.513614694476e-01   5.708885717944e-02   1.307350894628e-02  -1.157694434758e-01   1.350758148287e-01  -2.013326689776e-01  -8.339895014362e-02  -1.355257405059e-01  -5.111632564152e-02  -1.170579980361e-02   1.037799782926e-01  -1.689341838203e-01  -1.426197498450e-01  -9.730843071949e-03  -1.581189900530e-02  -5.963622539949e-03  -1.365675343894e-03   1.204191308800e-02   3.386278680636e-02   9.153332063559e-02
   3.291794955376e-01   4.187995882560e-01  -1.718382283956e-19  -7.722342016813e-22  -6.292918188200e-23   1.000000000000e+00  -1.507713231183e-19   0.000000000000e+00  -7.361881011636e-23   7.746967835845e-01   6.409591284546e-20  -1.001498638210e-21  -3.129683244407e-23   4.100964372946e-01  -1.861072622617e-20   0.000000000000e+00  -9.087268665122e-24   0.000000000000e+00   0.000000000000e+00   0.000000000000e+00   0.000000000000e+00   0.000000000000e+00   1.894280428024e-01   4.282298542276e-01   4.641962163697e-01   3.144017503974e-01   3.899677323102e-01   4.651227675702e-04   5.119878673861e-05   1.895162589512e-01   4.283413705121e-01   4.642488343545e-01   3.144158418650e-01  -1.307290148429e-01   1.525301294668e-01  -3.343513161382e-01   1.895146563035e-01   4.283393447709e-01   4.642478785952e-01   3.144155859146e-01  -1.308834052336e-01   2.130534386547e-01   2.993706569442e-01   1.895249499797e-01   4.283523558096e-01   4.642540172526e-01   3.144172298295e-01  -1.301691218538e-01  -3.660455934113e-01   3.492795391458e-02
  -2.104358339263e-20   3.674087789698e-22   6.291202128136e-01   0.000000000000e+00   1.265052590699e-41  -1.507713231183e-19   1.000000000000e+00   0.000000000000e+00   1.109960540764e-41   1.168020590765e-19   6.534608721805e-01  -1.509972747842e-40  -4.718664837005e-42  -6.183078245701e-20   2.263653730943e-01   0.000000000000e+00   1.370099520172e-42   0.000000000000e+00   0.000000000000e+00   0.000000000000e+00   0.000000000000e+00   0.000000000000e+00  -3.890332044429e-01  -4.918378872525e-01  -2.320864733140e-01  -6.215652482875e-02  -4.030090516910e-01  -8.067764936820e-04  -8.880661306161e-05   1.304254994956e-01   1.648570785393e-01   7.778065448879e-02   2.082949438083e-02   1.975297626553e-01   8.865715988374e-02  -1.943395589830e-01   1.305793538239e-01   1.650521722899e-01   7.787290896774e-02   2.085422589139e-02   1.973476823241e-01   1.239830805570e-01   1.742140211897e-01   1.298678643170e-01   1.641488722055e-01   7.744539652263e-02   2.073957302441e-02   1.981927487315e-01  -2.118422228492e-01   2.021391741909e-02
   7.683630813834e-22  -9.486575606436e-22   0.000000000000e+00   6.291202128136e-01  -5.685096305894e-44   0.000000000000e+00   0.000000000000e+00   1.000000000000e+00   0.000000000000e+00  -1.825032173071e-21  -1.509972747842e-40   6.534608721805e-01   7.372913807820e-44   0.000000000000e+00   0.000000000000e+00   2.263653730943e-01   0.000000000000e+00   0.000000000000e+00   0.000000000000e+00   0.000000000000e+00   0.000000000000e+00   0.000000000000e+00  -4.640081364047e-04  -5.866254573411e-04  -2.768144485800e-04  -7.413540263865e-05  -8.067764936820e-04   2.734066692532e-01  -1.059215268942e-07  -1.521759981726e-01  -1.923495833219e-01  -9.075179915831e-02  -2.430313942512e-02   8.865715988374e-02   1.700730319287e-01   2.267487300186e-01  -2.125585004442e-01  -2.686737314103e-01  -1.267623729992e-01  -3.394673701157e-02   1.239830805570e-01   7.169219625176e-02  -2.835874892626e-01   3.651984340217e-01   4.615992677724e-01   2.177824181602e-01   5.832127624972e-02  -2.118422228492e-01  -3.221908839680e-01   5.684309221316e-02
  -1.028937758403e-23   2.845957017559e-23   1.265052590699e-41  -5.685096305894e-44   6.291202128136e-01  -7.361881011636e-23   1.109960540764e-41   0.000000000000e+00   1.000000000000e+00  -5.703225540846e-23  -4.718664837005e-42   7.372913807820e-44   6.534608721805e-01  -3.019081174659e-23   1.370099520172e-42   0.000000000000e+00   2.263653730943e-01   0.000000000000e+00   0.000000000000e+00   0.000000000000e+00   0.000000000000e+00   0.000000000000e+00  -5.107609275906e-05  -6.457329930924e-05  -3.047058735278e-05  -8.160517897900e-06  -8.880661306161e-05  -1.059215268942e-07   2.734076198532e-01   3.335750481005e-01   4.216369353854e-01   1.989310806761e-01   5.327332168067e-02  -1.943395589830e-01   2.267487300186e-01  -2.235258895526e-01  -2.986751977291e-01  -3.775251504215e-01  -1.781193259315e-01  -4.770003725091e-02   1.742140211897e-01  -2.835874892626e-01  -1.249679095793e-01  -3.484711823550e-02  -4.404565508221e-02  -2.078072896334e-02  -5.564997600725e-03   2.021391741909e-02   5.684309221316e-02   2.681018083549e-01
   1.537612665257e-01   1.871454501484e-01   1.887619979397e-19   0.000000000000e+00  -1.214548764770e-23   7.746967835845e-01   1.168020590765e-19  -1.825032173071e-21  -5.703225540846e-23   1.000000000000e+00   0.000000000000e+00   0.000000000000e+00   0.000000000000e+00   7.744077347687e-01   3.514366141361e-20   0.000000000000e+00  -1.715999092461e-23   0.000000000000e+00   0.000000000000e+00   0.000000000000e+00   0.000000000000e+00   0.000000000000e+00   2.675666167855e-01   5.815951361570e-01   7.587148294050e-01   6.305822233938e-01   2.191886026695e-01   2.614308852929e-04   2.877722845716e-05   2.676132489031e-01   5.816734266926e-01   7.587759637335e-01   6.306065700947e-01  -7.346176093059e-02   8.571266232724e-02  -1.878851185599e-01   2.676124018464e-01   5.816720045992e-01   7.587748533002e-01   6.306061278746e-01  -7.354882638557e-02   1.197235840747e-01   1.682288173449e-01   2.676178423442e-01   5.816811384400e-01   7.587819853873e-01   6.306089681586e-01  -7.314547704964e-02  -2.056907135171e-01   1.962694235827e-02
   1.178225298769e-20   4.204992746159e-22   2.202302509580e-01   0.000000000000e+00  -1.087089493812e-43   6.409591284546e-20   6.534608721805e-01  -1.509972747842e-40  -4.718664837005e-42   0.000000000000e+00   1.000000000000e+00   0.000000000000e+00   0.000000000000e+00   6.407199787886e-20   6.530545656898e-01   0.000000000000e+00  -1.419762294150e-42   0.000000000000e+00   0.000000000000e+00   0.000000000000e+00  -4.537605514125e-23   0.000000000000e+00  -3.748069750669e-01  -6.292749262048e-01  -4.913919552815e-01  -1.957005868839e-01  -7.302770303986e-03  -3.427198192396e-04  -3.772517743650e-05   1.256191740833e-01   2.108974961104e-01   1.646779958176e-01   6.558151332985e-02   2.478144075536e-01   3.765302301266e-02  -8.253672795581e-02   1.257680297049e-01   2.111475569717e-01   1.648734160865e-01   6.565938771876e-02   2.477369421468e-01   5.265629200795e-02   7.398964705852e-02   1.250784696065e-01   2.099889042743e-01   1.639676549385e-01   6.529835664704e-02   2.480967053593e-01  -8.996813451404e-02   8.584730734776e-03
  -1.393225067370e-24   0.000000000000e+00   0.000000000000e+00   2.202302509580e-01   0.000000000000e+00  -1.001498638210e-21  -1.509972747842e-40   6.534608721805e-01   7.372913807820e-44   0.000000000000e+00   0.000000000000e+00   1.000000000000e+00   0.000000000000e+00   0.000000000000e+00   0.000000000000e+00   6.530545656898e-01   0.000000000000e+00   0.000000000000e+00  -4.537605514125e-23   0.000000000000e+00   0.000000000000e+00   0.000000000000e+00  -4.470402115452e-04  -7.505495224055e-04  -5.860935848418e-04  -2.334162317670e-04  -3.427198192396e-04   2.800396044779e-01  -4.499561754096e-08  -1.465681425770e-01  -2.460679629890e-01  -1.921406357462e-01  -7.651825978228e-02   3.765302301266e-02   2.361534326785e-01   9.630102250824e-02  -2.047265744167e-01  -3.437083027912e-01  -2.683827501071e-01  -1.068810695174e-01   5.265629200795e-02   1.943703703751e-01  -1.204411567879e-01   3.517302873220e-01   5.905049675394e-01   4.610896708641e-01   1.836240067326e-01  -8.996813451404e-02   2.709286563398e-02   2.414092383305e-02
   5.796496110086e-24  -7.613754682517e-24  -1.087089493812e-43   0.000000000000e+00   2.202302509580e-01  -3.129683244407e-23  -4.718664837005e-42   7.372913807820e-44   6.534608721805e-01   0.000000000000e+00   0.000000000000e+00   0.000000000000e+00   1.000000000000e+00  -3.128515521429e-23  -1.419762294150e-42   0.000000000000e+00   6.530545656898e-01   0.000000000000e+00   0.000000000000e+00  -5.239575530113e-23   0.000000000000e+00   0.000000000000e+00  -4.920833390732e-05  -8.261738107371e-05  -6.451475298864e-05  -2.569349149258e-05  -3.772517743650e-05  -4.499561754096e-08   2.800400082942e-01   3.212824347940e-01   5.393894804418e-01   4.211789150771e-01   1.677306703682e-01  -8.253672795581e-02   9.630102250824e-02   6.899051805630e-02  -2.876702176883e-01  -4.829594915412e-01  -3.771162799314e-01  -1.501832413425e-01   7.398964705852e-02  -1.204411567879e-01   1.108477484784e-01  -3.356199196787e-02  -5.634579588934e-02  -4.399702950756e-02  -1.752134422654e-02   8.584730734776e-03   2.414092383305e-02   2.777866679897e-01
   6.556249676812e-02   7.831571041382e-02   4.169656581846e-20   0.000000000000e+00   0.000000000000e+00   4.100964372946e-01  -6.183078245701e-20   0.000000000000e+00  -3.019081174659e-23   7.744077347687e-01   6.407199787886e-20   0.000000000000e+00  -3.128515521429e-23   1.000000000000e+00   4.538134090836e-20   0.000000000000e+00   0.000000000000e+00   0.000000000000e+00  -7.807438214736e-44   0.000000000000e+00   0.000000000000e+00   0.000000000000e+00   1.765424762852e-01   4.417480219444e-01   7.698374356676e-01   9.136129755152e-01   5.082929559969e-02   6.062517660863e-05   6.673368204251e-06   1.765524647708e-01   4.417708377719e-01   7.698690597218e-01   9.136371241492e-01  -1.703376576409e-02   1.987441349899e-02  -4.356540136753e-02   1.765522833439e-01   4.417704233551e-01   7.698684853191e-01   9.136366855293e-01  -1.705398722297e-02   2.776066693973e-02   3.900772102733e-02   1.765534486110e-01   4.417730850663e-01   7.698721745835e-01   9.136395026884e-01  -1.696024825058e-02  -4.769352398536e-02   4.550900865273e-03
  -2.952533913477e-21  -2.683419726651e-23   5.734990148843e-02   0.000000000000e+00   0.000000000000e+00  -1.861072622617e-20   2.263653730943e-01   0.000000000000e+00   1.370099520172e-42   3.514366141361e-20   6.530545656898e-01   0.000000000000e+00  -1.419762294150e-42   4.538134090836e-20   1.000000000000e+00   0.000000000000e+00   0.000000000000e+00   4.608081454312e-22   0.000000000000e+00   0.000000000000e+00  -1.440025454473e-23   0.000000000000e+00  -1.463757097145e-01  -3.343541076617e-01  -4.634365450565e-01  -3.538901561508e-01   7.716065783817e-02  -4.918240928783e-05  -5.413795797555e-06   4.905306225495e-02   1.120473608207e-01   1.553032899806e-01   1.185912098768e-01   1.137720459488e-01   5.402859107565e-03  -1.184325391867e-02   4.911129399988e-02   1.121803842451e-01   1.554876970020e-01   1.187320565846e-01   1.137609212999e-01   7.555703653002e-03   1.061684796339e-02   4.884135575237e-02   1.115637250918e-01   1.546327855021e-01   1.180790353339e-01   1.138126017705e-01  -1.290945476094e-02   1.231816060809e-03
   3.692088965334e-23   0.000000000000e+00   0.000000000000e+00   5.734990148843e-02   0.000000000000e+00   0.000000000000e+00   0.000000000000e+00   2.263653730943e-01   0.000000000000e+00   0.000000000000e+00   0.000000000000e+00   6.530545656898e-01   0.000000000000e+00   0.000000000000e+00   0.000000000000e+00   1.000000000000e+00   0.000000000000e+00   0.000000000000e+00  -1.440025454473e-23  -2.660477068095e-22   0.000000000000e+00  -4.608081454312e-22  -1.745854068595e-04  -3.987912204500e-04  -5.527505754205e-04  -4.220922789421e-04  -4.918240928783e-05   1.183960620632e-01  -6.457148824857e-09  -5.723343012630e-02  -1.307330164841e-01  -1.812025506030e-01  -1.383681550562e-01   5.402859107565e-03   1.120988043532e-01   1.381830235388e-02  -7.994390155715e-02  -1.826084565143e-01  -2.531045739195e-01  -1.932733404113e-01   7.555703653002e-03   1.061032988979e-01  -1.728222124293e-02   1.373456530611e-01   3.137257851389e-01   4.348392992429e-01   3.320473392053e-01  -1.290945476094e-02   8.210093978771e-02   3.463961610335e-03
  -5.373673202954e-25   0.000000000000e+00   0.000000000000e+00   0.000000000000e+00   5.734990148843e-02  -9.087268665122e-24   1.370099520172e-42   0.000000000000e+00   2.263653730943e-01  -1.715999092461e-23  -1.419762294150e-42   0.000000000000e+00   6.530545656898e-01   0.000000000000e+00   0.000000000000e+00   0.000000000000e+00   1.000000000000e+00   0.000000000000e+00   4.608081454312e-22  -1.662798167559e-23   0.000000000000e+00   0.000000000000e+00  -1.921763808762e-05  -4.389728491622e-05  -6.084449268833e-05  -4.646216887311e-05  -5.413795797555e-06  -6.457148824857e-09   1.183961200133e-01   1.254576571640e-01   2.865712910424e-01   3.972022543580e-01   3.033077787083e-01  -1.184325391867e-02   1.381830235388e-02   8.811247859625e-02  -1.123326545629e-01  -2.565910878296e-01  -3.556482497927e-01  -2.715767802392e-01   1.061684796339e-02  -1.728222124293e-02   9.411855490421e-02  -1.310547846179e-02  -2.993561447640e-02  -4.149222740988e-02  -3.168385132885e-02   1.231816060809e-03   3.463961610335e-03   1.180727904640e-01
   0.000000000000e+00   0.000000000000e+00  -2.077016415609e-22   4.504829142624e-22   0.000000000000e+00   0.000000000000e+00   0.000000000000e+00   0.000000000000e+00   0.000000000000e+00   0.000000000000e+00   0.000000000000e+00   0.000000000000e+00   0.000000000000e+00   0.000000000000e+00   4.608081454312e-22   0.000000000000e+00   0.000000000000e+00   1.000000000000e+00   0.000000000000e+00   0.000000000000e+00  -2.245664866988e-43   0.000000000000e+00   8.539340415051e-04   5.525655130074e-04   1.000522251868e-04   9.836572136342e-06   9.301740783557e-04  -4.166840784033e-01   1.873720839849e-07  -9.385553994801e-02  -6.071528974408e-02  -1.099177488466e-02  -1.080571127933e-03  -1.104333298289e-01   7.837228983609e-02   1.344204983374e-01  -1.312523712893e-01  -8.490778680621e-02  -1.537158334396e-02  -1.511140030177e-03  -1.540780782560e-01   2.007441988190e-02  -1.683150327815e-01   2.242673289462e-01   1.450748811587e-01   2.626363081251e-02   2.581886797782e-03   2.661100582775e-01  -2.125299021528e-01   3.355213821381e-02
   0.000000000000e+00   0.000000000000e+00   0.000000000000e+00  -5.498670135902e-23  -2.077016415609e-22   0.000000000000e+00   0.000000000000e+00   0.000000000000e+00   0.000000000000e+00   0.000000000000e+00   0.000000000000e+00  -4.537605514125e-23   0.000000000000e+00  -7.807438214736e-44   0.000000000000e+00  -1.440025454473e-23   4.608081454312e-22   0.000000000000e+00   1.000000000000e+00  -1.296535215465e-43   0.000000000000e+00   2.245664866988e-43   1.121128320563e-07   7.254621732927e-08   1.313583693121e-08   1.291441617654e-09   1.873720839849e-07  -5.470637055319e-05  -4.969899246383e-04  -2.400440586674e-01  -1.552848620487e-01  -2.811246152047e-02  -2.763658696881e-03   1.344204983374e-01   2.004442417542e-01   1.808018201002e-01   3.002145959469e-01   1.942102581339e-01   3.515954521311e-02   3.456442646502e-03  -1.683150327815e-01  -4.591638074432e-02   1.573237196404e-01  -6.017708976159e-02  -3.892757891512e-02  -7.047254168922e-03  -6.927912073257e-04   3.355213821381e-02   5.702761547554e-02   3.821488439442e-01
   0.000000000000e+00   0.000000000000e+00  -2.600864318147e-22   1.199165986663e-22  -6.349317366295e-23   0.000000000000e+00   0.000000000000e+00   0.000000000000e+00   0.000000000000e+00   0.000000000000e+00   0.000000000000e+00   0.000000000000e+00  -5.239575530113e-23   0.000000000000e+00   0.000000000000e+00  -2.660477068095e-22  -1.662798167559e-23   0.000000000000e+00  -1.296535215465e-43   1.000000000000e+00   0.000000000000e+00   0.000000000000e+00  -2.066785381252e-01  -1.337380018783e-01  -2.421574340955e-02  -2.380755714714e-03  -1.048443361646e-01  -1.250500586602e-04  -1.085195926164e-04   2.489596558489e-01   1.610523752548e-01   2.915660060097e-02   2.866305135311e-03  -2.200657596484e-01   2.567651783402e-01   5.599150808778e-02   1.585992517111e-01   1.025986145594e-01   1.857430530222e-02   1.825991223340e-03  -1.696663620372e-01   2.761847599515e-01  -1.660063104605e-01  -2.017620747673e-01  -1.305165989033e-01  -2.362807221431e-02  -2.322794138506e-03   3.218603368449e-02   9.050960498015e-02  -7.328273564281e-02
   0.000000000000e+00   0.000000000000e+00  -5.498670135902e-23   0.000000000000e+00   4.504829142624e-22   0.000000000000e+00   0.000000000000e+00   0.000000000000e+00   0.000000000000e+00   0.000000000000e+00  -4.537605514125e-23   0.000000000000e+00   0.000000000000e+00   0.000000000000e+00  -1.440025454473e-23   0.000000000000e+00   0.000000000000e+00  -2.245664866988e-43   0.000000000000e+00   0.000000000000e+00   1.000000000000e+00   0.000000000000e+00   9.399752050035e-05   6.082412178481e-05   1.101333432208e-05   1.082769097025e-06   1.023897078105e-04   1.873720839849e-07  -4.166857599869e-01   2.057345877708e-01   1.330900138000e-01   2.409435048818e-02   2.368649263383e-03   2.420736762165e-01   1.344204983374e-01  -1.549598358444e-01  -1.844284178959e-01  -1.193076257129e-01  -2.159928059839e-02  -2.123368608483e-03  -2.165018119372e-01  -1.683150327815e-01  -9.664741522392e-02  -2.139951708469e-02  -1.384299894462e-02  -2.506067285498e-03  -2.463628157497e-04  -2.539213698791e-02   3.355213821381e-02   1.358955833072e-01
   0.000000000000e+00   0.000000000000e+00   4.504829142624e-22   2.077016415609e-22   0.000000000000e+00   0.000000000000e+00   0.000000000000e+00   0.000000000000e+00   0.000000000000e+00   0.000000000000e+00   0.000000000000e+00   0.000000000000e+00   0.000000000000e+00   0.000000000000e+00   0.000000000000e+00  -4.608081454312e-22   0.000000000000e+00   0.000000000000e+00   2.245664866988e-43   0.000000000000e+00   0.000000000000e+00   1.000000000000e+00   3.579767227025e-01   2.316403630849e-01   4.194278003993e-02   4.123578268163e-03   1.815940355394e-01   1.210570947905e-03   7.854803918184e-05  -1.453332303299e-02  -9.401628496102e-03  -1.702052059933e-03  -1.673240521665e-04   1.478329510367e-01   1.534951845706e-01   2.081471723114e-02  -6.651141606741e-02  -4.302655319791e-02  -7.789465175848e-03  -7.657618852591e-04   1.771489242781e-01   1.669642386159e-01  -8.529271559642e-02  -2.754527538543e-01  -1.781858985792e-01  -3.225788378321e-02  -3.171161095692e-03   2.926776398243e-01   4.072844873187e-02  -4.120987623173e-02
   1.208328565052e-02   1.097793969651e-02  -1.085829047138e-01  -1.295091284915e-04  -1.425582816550e-05   1.894280428024e-01  -3.890332044429e-01  -4.640081364047e-04  -5.107609275906e-05   2.675666167855e-01  -3.748069750669e-01  -4.470402115452e-04  -4.920833390732e-05   1.765424762852e-01  -1.463757097145e-01  -1.745854068595e-04  -1.921763808762e-05   8.539340415051e-04   1.121128320563e-07  -2.066785381252e-01   9.399752050035e-05   3.579767227025e-01   1.000000000000e+00   7.063772200372e-01   3.736639626622e-01   1.837659445759e-01  -7.702545611060e-17   0.000000000000e+00   0.000000000000e+00   1.088887322150e-03   3.893990361151e-02   1.287644056659e-01   1.240656355889e-01  -1.452621098850e-02   4.241000649966e-03  -9.326294756718e-03   1.088872839684e-03   3.893967453345e-02   1.287641262432e-01   1.240655362969e-01  -1.453039023794e-02   5.928941142406e-03   8.347819234266e-03   1.088901316174e-03   3.894012496197e-02   1.287646756617e-01   1.240657315309e-01  -1.451060261837e-02  -1.022148699196e-02   9.726642675226e-04
   7.487086568995e-02   8.974498493114e-02  -1.765449524311e-01  -2.105689011469e-04  -2.317855201955e-05   4.282298542276e-01  -4.918378872525e-01  -5.866254573411e-04  -6.457329930924e-05   5.815951361570e-01  -6.292749262048e-01  -7.505495224055e-04  -8.261738107371e-05   4.417480219444e-01  -3.343541076617e-01  -3.987912204500e-04  -4.389728491622e-05   5.525655130074e-04   7.254621732927e-08  -1.337380018783e-01   6.082412178481e-05   2.316403630849e-01   7.063772200372e-01   1.000000000000e+00   7.889632276872e-01   4.631805400595e-01  -6.776470564846e-16   0.000000000000e+00   0.000000000000e+00   3.893990361151e-02   1.604274938058e-01   3.281178324474e-01   3.218209519783e-01  -9.869506761691e-02   2.881452336353e-02  -6.336540838889e-02   3.893967453345e-02   1.604268957448e-01   3.281172459881e-01   3.218207132534e-01  -9.872398680442e-02   4.028306862529e-02   5.671767808256e-02   3.894012496197e-02   1.604280716909e-01   3.281183991210e-01   3.218211826489e-01  -9.858851422306e-02  -6.944723401162e-02   6.608514304672e-03
   7.949323969276e-02   9.550708572533e-02  -6.660269672403e-02  -7.943844595655e-05  -8.744254929990e-06   4.641962163697e-01  -2.320864733140e-01  -2.768144485800e-04  -3.047058735278e-05   7.587148294050e-01  -4.913919552815e-01  -5.860935848418e-04  -6.451475298864e-05   7.698374356676e-01  -4.634365450565e-01  -5.527505754205e-04  -6.084449268833e-05   1.000522251868e-04   1.313583693121e-08  -2.421574340955e-02   1.101333432208e-05   4.194278003993e-02   3.736639626622e-01   7.889632276872e-01   1.000000000000e+00   8.208664008791e-01   0.000000000000e+00   0.000000000000e+00   0.000000000000e+00   1.287644056659e-01   3.281178324474e-01   5.615850112052e-01   6.084585679083e-01  -1.088119770985e-01   3.176820617327e-02  -6.986078973282e-02   1.287641262432e-01   3.281172459881e-01   5.615843510863e-01   6.084581967446e-01  -1.088442013827e-01   4.441249361666e-02   6.253181800089e-02   1.287646756617e-01   3.281183991210e-01   5.615856490530e-01   6.084589265494e-01  -1.086941725259e-01  -7.656581189598e-02   7.285909516263e-03
   4.891563523256e-02   5.829670536884e-02  -1.525345228739e-02  -1.819311536593e-05  -2.002622745382e-06   3.144017503974e-01  -6.215652482875e-02  -7.413540263865e-05  -8.160517897900e-06   6.305822233938e-01  -1.957005868839e-01  -2.334162317670e-04  -2.569349149258e-05   9.136129755152e-01  -3.538901561508e-01  -4.220922789421e-04  -4.646216887311e-05   9.836572136342e-06   1.291441617654e-09  -2.380755714714e-03   1.082769097025e-06   4.123578268163e-03   1.837659445759e-01   4.631805400595e-01   8.208664008791e-01   1.000000000000e+00   0.000000000000e+00   0.000000000000e+00   0.000000000000e+00   1.240656355889e-01   3.218209519783e-01   6.084585679083e-01   8.169515154509e-01  -3.993586710376e-02   1.165947806197e-02  -2.564011140067e-02   1.240655362969e-01   3.218207132534e-01   6.084581967446e-01   8.169511789689e-01  -3.994774516917e-02   1.630016991983e-02   2.295028213476e-02   1.240657315309e-01   3.218211826489e-01   6.084589265494e-01   8.169518405804e-01  -3.989258139618e-02  -2.810093505700e-02   2.674050794705e-03
   8.937042298909e-02   1.075428279021e-01  -3.081364906624e-01  -4.804646153457e-04  -5.288755376358e-05   3.899677323102e-01  -4.030090516910e-01  -8.067764936820e-04  -8.880661306161e-05   2.191886026695e-01  -7.302770303986e-03  -3.427198192396e-04  -3.772517743650e-05   5.082929559969e-02   7.716065783817e-02  -4.918240928783e-05  -5.413795797555e-06   9.301740783557e-04   1.873720839849e-07  -1.048443361646e-01   1.023897078105e-04   1.815940355394e-01  -7.702545611060e-17  -6.776470564846e-16   0.000000000000e+00   0.000000000000e+00   1.000000000000e+00   0.000000000000e+00   0.000000000000e+00   1.452621098850e-02   9.869506761691e-02   1.088119770985e-01   3.993586710376e-02  -6.853647371717e-02   2.433542382099e-02  -5.351551539753e-02   1.453039023794e-02   9.872398680442e-02   1.088442013827e-01   3.994774516917e-02  -6.858560699641e-02   3.403126123699e-02   4.791527024760e-02   1.451060261837e-02   9.858851422306e-02   1.086941725259e-01   3.989258139618e-02  -6.835632197157e-02  -5.858852147807e-02   5.575212429809e-03
   1.065939949271e-04   1.282686068660e-04  -4.804646153457e-04   9.469356415741e-02  -6.308010468151e-08   4.651227675702e-04  -8.067764936820e-04   2.734066692532e-01  -1.059215268942e-07   2.614308852929e-04  -3.427198192396e-04   2.800396044779e-01  -4.499561754096e-08   6.062517660863e-05  -4.918240928783e-05   1.183960620632e-01  -6.457148824857e-09  -4.166840784033e-01  -5.470637055319e-05  -1.250500586602e-04   1.873720839849e-07   1.210570947905e-03   0.000000000000e+00   0.000000000000e+00   0.000000000000e+00   0.000000000000e+00   0.000000000000e+00   1.000000000000e+00   0.000000000000e+00  -4.241000649966e-03  -2.881452336353e-02  -3.176820617327e-02  -1.165947806197e-02   2.433542382099e-02   7.712000332825e-03   1.562412495343e-02  -5.928941142406e-03  -4.028306862529e-02  -4.441249361666e-02  -1.630016991983e-02   3.403126123699e-02   9.306992488036e-04  -1.955121730859e-02   1.022148699196e-02   6.944723401162e-02   7.656581189598e-02   2.810093505700e-02  -5.858852147807e-02  -2.645366373064e-02   3.927263589767e-03
   1.173342522534e-05   1.411927668581e-05  -5.288755376358e-05  -6.308010468151e-08   9.469413027413e-02   5.119878673861e-05  -8.880661306161e-05  -1.059215268942e-07   2.734076198532e-01   2.877722845716e-05  -3.772517743650e-05  -4.499561754096e-08   2.800400082942e-01   6.673368204251e-06  -5.413795797555e-06  -6.457148824857e-09   1.183961200133e-01   1.873720839849e-07  -4.969899246383e-04  -1.085195926164e-04  -4.166857599869e-01   7.854803918184e-05   0.000000000000e+00   0.000000000000e+00   0.000000000000e+00   0.000000000000e+00   0.000000000000e+00   0.000000000000e+00   1.000000000000e+00   9.326294756718e-03   6.336540838889e-02   6.986078973282e-02   2.564011140067e-02  -5.351551539753e-02   1.562412495343e-02  -1.954183225479e-02  -8.347819234266e-03  -5.671767808256e-02  -6.253181800089e-02  -2.295028213476e-02   4.791527024760e-02  -1.955121730859e-02  -1.271096256937e-02  -9.726642675226e-04  -6.608514304672e-03  -7.285909516263e-03  -2.674050794705e-03   5.575212429809e-03   3.927263589767e-03   1.444325942682e-02
   1.209622200091e-02   1.099179563008e-02   3.641894703719e-02  -4.249237794152e-02   9.314476123670e-02   1.895162589512e-01   1.304254994956e-01  -1.521759981726e-01   3.335750481005e-01   2.676132489031e-01   1.256191740833e-01  -1.465681425770e-01   3.212824347940e-01   1.765524647708e-01   4.905306225495e-02  -5.723343012630e-02   1.254576571640e-01  -9.385553994801e-02  -2.400440586674e-01   2.489596558489e-01   2.057345877708e-01  -1.453332303299e-02   1.088887322150e-03   3.893990361151e-02   1.287644056659e-01   1.240656355889e-01   1.452621098850e-02  -4.241000649966e-03   9.326294756718e-03   1.000000000000e+00   7.063772200372e-01   3.736639626622e-01   1.837659445759e-01  -7.703062584890e-19  -2.002667028614e-17  -3.564486404779e-16   1.105890315613e-03   3.920768550294e-02   1.290903292011e-01   1.241813589800e-01  -4.385284001998e-06   1.708792761493e-03   1.789188269428e-02   1.105836147464e-03   3.920683606987e-02   1.290892975681e-01   1.241809929765e-01   1.594913241189e-05  -1.463994054603e-02   1.042539076955e-02
   7.490043317438e-02   8.978173524822e-02   5.918127081001e-02  -6.905067638969e-02   1.513614694476e-01   4.283413705121e-01   1.648570785393e-01  -1.923495833219e-01   4.216369353854e-01   5.816734266926e-01   2.108974961104e-01  -2.460679629890e-01   5.393894804418e-01   4.417708377719e-01   1.120473608207e-01  -1.307330164841e-01   2.865712910424e-01  -6.071528974408e-02  -1.552848620487e-01   1.610523752548e-01   1.330900138000e-01  -9.401628496102e-03   3.893990361151e-02   1.604274938058e-01   3.281178324474e-01   3.218209519783e-01   9.869506761691e-02  -2.881452336353e-02   6.336540838889e-02   7.063772200372e-01   1.000000000000e+00   7.889632276872e-01   4.631805400595e-01   0.000000000000e+00   0.000000000000e+00   3.388235282423e-16   3.920768550294e-02   1.611257165492e-01   3.288017358051e-01   3.220991728564e-01  -2.961108024773e-05   1.153840881555e-02   1.208126940016e-01   3.920683606987e-02   1.611235044940e-01   3.287995715541e-01   3.220982929448e-01   1.076966225394e-04  -9.885629577005e-02   7.039752041290e-02
   7.950380897857e-02   9.551995056159e-02   2.232134194588e-02  -2.604377598170e-02   5.708885717944e-02   4.642488343545e-01   7.778065448879e-02  -9.075179915831e-02   1.989310806761e-01   7.587759637335e-01   1.646779958176e-01  -1.921406357462e-01   4.211789150771e-01   7.698690597218e-01   1.553032899806e-01  -1.812025506030e-01   3.972022543580e-01  -1.099177488466e-02  -2.811246152047e-02   2.915660060097e-02   2.409435048818e-02  -1.702052059933e-03   1.287644056659e-01   3.281178324474e-01   5.615850112052e-01   6.084585679083e-01   1.088119770985e-01  -3.176820617327e-02   6.986078973282e-02   3.736639626622e-01   7.889632276872e-01   1.000000000000e+00   8.208664008791e-01   0.000000000000e+00   1.010168735038e-16   0.000000000000e+00   1.290903292011e-01   3.288017358051e-01   5.623545386282e-01   6.088911058573e-01  -3.252759354989e-05   1.267487268363e-02   1.327120177068e-01   1.290892975681e-01   3.287995715541e-01   5.623521042798e-01   6.088897380016e-01   1.183054557900e-04  -1.085942980664e-01   7.733214415233e-02
   4.891796278434e-02   5.829949290870e-02   5.111650119481e-03  -5.964097988885e-03   1.307350894628e-02   3.144158418650e-01   2.082949438083e-02  -2.430313942512e-02   5.327332168067e-02   6.306065700947e-01   6.558151332985e-02  -7.651825978228e-02   1.677306703682e-01   9.136371241492e-01   1.185912098768e-01  -1.383681550562e-01   3.033077787083e-01  -1.080571127933e-03  -2.763658696881e-03   2.866305135311e-03   2.368649263383e-03  -1.673240521665e-04   1.240656355889e-01   3.218209519783e-01   6.084585679083e-01   8.169515154509e-01   3.993586710376e-02  -1.165947806197e-02   2.564011140067e-02   1.837659445759e-01   4.631805400595e-01   8.208664008791e-01   1.000000000000e+00   0.000000000000e+00  -5.198820882407e-17   0.000000000000e+00   1.241813589800e-01   3.220991728564e-01   6.088911058573e-01   8.173435915779e-01  -1.192037533774e-05   4.644955966866e-03   4.863492469773e-02   1.241809929765e-01   3.220982929448e-01   6.088897380016e-01   8.173423518211e-01   4.335556184415e-05  -3.979670061958e-02   2.834001640877e-02
  -2.997230673862e-02  -3.606892587930e-02   4.949314735918e-02   5.281369430698e-02  -1.157694434758e-01  -1.307290148429e-01   1.975297626553e-01   8.865715988374e-02  -1.943395589830e-01  -7.346176093059e-02   2.478144075536e-01   3.765302301266e-02  -8.253672795581e-02  -1.703376576409e-02   1.137720459488e-01   5.402859107565e-03  -1.184325391867e-02  -1.104333298289e-01   1.344204983374e-01  -2.200657596484e-01   2.420736762165e-01   1.478329510367e-01  -1.452621098850e-02  -9.869506761691e-02  -1.088119770985e-01  -3.993586710376e-02  -6.853647371717e-02   2.433542382099e-02  -5.351551539753e-02  -7.703062584890e-19   0.000000000000e+00   0.000000000000e+00   0.000000000000e+00   1.000000000000e+00  -3.697785493223e-32   7.395570986447e-32   4.385284001999e-06   2.961108024774e-05   3.252759354989e-05   1.192037533778e-05   1.496569551196e-02   2.917521798467e-06   3.054785750062e-05  -1.594913241189e-05  -1.076966225394e-04  -1.183054557900e-04  -4.335556184415e-05   1.496513104390e-02   9.091242766833e-05  -6.474053506369e-05
   3.497065921253e-02   4.208398526302e-02   5.281369430698e-02   3.313697956442e-02   1.350758148287e-01   1.525301294668e-01   8.865715988374e-02   1.700730319287e-01   2.267487300186e-01   8.571266232724e-02   3.765302301266e-02   2.361534326785e-01   9.630102250824e-02   1.987441349899e-02   5.402859107565e-03   1.120988043532e-01   1.381830235388e-02   7.837228983609e-02   2.004442417542e-01   2.567651783402e-01   1.344204983374e-01   1.534951845706e-01   4.241000649966e-03   2.881452336353e-02   3.176820617327e-02   1.165947806197e-02   2.433542382099e-02   7.712000332825e-03   1.562412495343e-02  -2.002667028614e-17   0.000000000000e+00   1.010168735038e-16  -5.198820882407e-17  -3.697785493223e-32   1.000000000000e+00  -7.395570986447e-32  -1.708792761493e-03  -1.153840881555e-02  -1.267487268363e-02  -4.644955966866e-03   2.917521798469e-06   1.382884615517e-02  -1.190343835255e-02   1.463994054603e-02   9.885629577005e-02   1.085942980664e-01   3.979670061958e-02   9.091242766831e-05  -6.848460916440e-02   5.942627848172e-02
  -7.665689378750e-02  -9.224955036897e-02  -1.157694434758e-01   1.350758148287e-01  -2.013326689776e-01  -3.343513161382e-01  -1.943395589830e-01   2.267487300186e-01  -2.235258895526e-01  -1.878851185599e-01  -8.253672795581e-02   9.630102250824e-02   6.899051805630e-02  -4.356540136753e-02  -1.184325391867e-02   1.381830235388e-02   8.811247859625e-02   1.344204983374e-01   1.808018201002e-01   5.599150808778e-02  -1.549598358444e-01   2.081471723114e-02  -9.326294756718e-03  -6.336540838889e-02  -6.986078973282e-02  -2.564011140067e-02  -5.351551539753e-02   1.562412495343e-02  -1.954183225479e-02  -3.564486404779e-16   3.388235282423e-16   0.000000000000e+00   0.000000000000e+00   7.395570986447e-32  -7.395570986447e-32   1.000000000000e+00  -1.789188269428e-02  -1.208126940016e-01  -1.327120177068e-01  -4.863492469773e-02   3.054785750063e-05  -1.190343835255e-02  -1.096690259519e-01  -1.042539076955e-02  -7.039752041290e-02  -7.733214415233e-02  -2.834001640877e-02  -6.474053506368e-05   5.942627848172e-02  -2.735339635924e-02
   1.209598690798e-02   1.099154380731e-02   3.646161817969e-02  -5.935262089365e-02  -8.339895014362e-02   1.895146563035e-01   1.305793538239e-01  -2.125585004442e-01  -2.986751977291e-01   2.676124018464e-01   1.257680297049e-01  -2.047265744167e-01  -2.876702176883e-01   1.765522833439e-01   4.911129399988e-02  -7.994390155715e-02  -1.123326545629e-01  -1.312523712893e-01   3.002145959469e-01   1.585992517111e-01  -1.844284178959e-01  -6.651141606741e-02   1.088872839684e-03   3.893967453345e-02   1.287641262432e-01   1.240655362969e-01   1.453039023794e-02  -5.928941142406e-03  -8.347819234266e-03   1.105890315613e-03   3.920768550294e-02   1.290903292011e-01   1.241813589800e-01   4.385284001999e-06  -1.708792761493e-03  -1.789188269428e-02   1.000000000000e+00   7.063772200372e-01   3.736639626622e-01   1.837659445759e-01   2.002667028614e-17  -4.005334057228e-17   3.163952999056e-16   1.105822572418e-03   3.920662319033e-02   1.290890390246e-01   1.241809012499e-01   2.033404950444e-05  -1.634850862547e-02  -7.465727146521e-03
   7.489989603235e-02   8.978106761409e-02   5.925119914984e-02  -9.644975007152e-02  -1.355257405059e-01   4.283393447709e-01   1.650521722899e-01  -2.686737314103e-01  -3.775251504215e-01   5.816720045992e-01   2.111475569717e-01  -3.437083027912e-01  -4.829594915412e-01   4.417704233551e-01   1.121803842451e-01  -1.826084565143e-01  -2.565910878296e-01  -8.490778680621e-02   1.942102581339e-01   1.025986145594e-01  -1.193076257129e-01  -4.302655319791e-02   3.893967453345e-02   1.604268957448e-01   3.281172459881e-01   3.218207132534e-01   9.872398680442e-02  -4.028306862529e-02  -5.671767808256e-02   3.920768550294e-02   1.611257165492e-01   3.288017358051e-01   3.220991728564e-01   2.961108024774e-05  -1.153840881555e-02  -1.208126940016e-01   7.063772200372e-01   1.000000000000e+00   7.889632276872e-01   4.631805400595e-01   1.694117641212e-16  -3.388235282423e-16   0.000000000000e+00   3.920662319033e-02   1.611229501200e-01   3.287990291581e-01   3.220980724244e-01   1.373064773010e-04  -1.103939541407e-01  -5.041261922547e-02
