ARMA_MAT_TXT_FN008
80 80
   1.844094535651e-01   3.113277478314e-01  -6.557640639468e-02  -8.302445163577e-02   1.700241727366e-02   1.960190518842e-02  -4.239728481231e-04   5.703660368173e-04   1.031538522466e-07  -6.427358288527e-04   8.753628038759e-04   2.323157251387e-07   9.844040565360e-04  -1.301535024038e-03  -4.051375517401e-07   1.969426407716e-03  -3.394200357309e-03  -1.036984720259e-06   5.159842318810e-04  -4.442963878373e-04   6.126466868071e-07  -8.559352373240e-04  -1.077816697403e-04  -5.576217090922e-04  -1.661784835703e-06   4.733074716270e-05   3.029811571123e-07   2.259840542129e-05   2.642532062731e-08   7.984825754734e-05   1.424128542771e-03   1.560086659364e-03  -2.370069115242e-03   1.586399935389e-03  -1.120339086284e-05  -6.497793520803e-04  -5.712715837691e-07  -1.039620116617e-04  -1.671643113240e-04   9.418419996149e-04   8.636014180570e-05  -1.019605045952e-06   3.559253196212e-04   2.164153132670e-03   1.104415274447e-04  -1.990578174261e-06  -2.022894072943e-03  -4.117758048780e-04  -4.264440256908e-05  -1.196200781102e-06  -1.358492576918e-03  -1.979363807822e-04   1.785760902565e-04   6.559470312384e-06  -1.596677236213e-04   8.997782795028e-07  -2.946449687312e-04   3.737911989464e-07   5.369895980388e-04  -4.139438191487e-04  -6.796949811018e-04  -4.724317386258e-04   5.034880869820e-04   2.340398546946e-05   2.173351639056e-05   1.905498871201e-09  -1.711691320083e-04  -4.720699484606e-05   2.569610557980e-04   4.733529799116e-05   2.332807753545e-05  -7.124745040690e-06  -5.170987047807e-05  -1.742607256294e-04  -5.665301280963e-05   2.506670747884e-04   6.839534764685e-05   2.362642771014e-05  -5.453396517991e-06   5.133887722722e-05
   3.113277478314e-01   5.437795512149e-01  -1.847652162443e-01  -2.267819601569e-01   4.969316259876e-02   5.654078573204e-02  -1.206858741553e-03   1.613695048393e-03   2.919380159706e-07  -1.932507491518e-03   2.605545800699e-03   6.687729436310e-07   2.902143908065e-03  -3.806633927357e-03  -1.180028208848e-06   5.789417243752e-03  -9.884198397076e-03  -3.026148212724e-06   1.525043386694e-03  -1.348912786900e-03   1.776863431152e-06  -2.326547150533e-03  -3.282305282534e-04  -1.555316073758e-03  -4.773435629434e-06   1.396230268447e-04   8.721577592774e-07   7.576835029652e-05   6.805737711530e-08   2.241012823791e-04   4.090335580826e-03   4.460427546273e-03  -6.844492868378e-03   4.502842991590e-03  -2.867692153577e-05  -1.873797156712e-03  -1.641926230636e-06  -2.851467784505e-04  -4.534741347075e-04   2.690253715142e-03   2.528490777079e-04  -2.950805162302e-06   9.517465424234e-04   6.187130685548e-03   3.253639202902e-04  -5.797095315722e-06  -5.922275249553e-03  -1.238717273849e-03  -1.238265274258e-04  -3.294504315258e-06  -3.917929470709e-03  -5.784090336681e-04   5.209098189040e-04   1.870921108287e-05  -4.629712470102e-04   2.620715126080e-06  -8.443103744110e-04   1.075373464803e-06   1.542297895411e-03  -1.205708822657e-03  -1.973379629071e-03  -1.374010363836e-03   1.459749112417e-03   6.652831471745e-05   6.040965005478e-05   4.178788297894e-08  -4.986409144041e-04  -1.300787634321e-04   7.498868747700e-04   1.205506700244e-04   6.659891936776e-05  -1.926860681355e-05  -1.480842947330e-04  -5.076307085106e-04  -1.574691192108e-04   7.316408550670e-04   1.808478339351e-04   6.746710260127e-05  -1.446712683262e-05   1.469789536526e-04
  -6.557640639468e-02  -1.847652162443e-01   3.258660941038e-01   3.875392714672e-01  -1.106688459250e-01  -1.182670990551e-01   2.759777512558e-03  -3.593663022071e-03  -6.060015907285e-07   4.876617759463e-03  -6.352561570968e-03  -1.386426524667e-06  -6.623072414668e-03   8.453695019225e-03   2.550696311653e-06  -1.322494015111e-02   2.160472159297e-02   6.689672197059e-06  -3.629249759924e-03   3.649378369730e-03  -3.793796538952e-06   3.046552519034e-03   9.465005520840e-04   2.587372361873e-03   9.662485925575e-06  -3.404660132880e-04  -1.908242920377e-06  -2.191022881654e-04  -1.251851294808e-07  -3.835855972589e-04  -8.429050883018e-03  -8.852617140667e-03   1.430162842967e-02  -8.494729961576e-03   5.002301283187e-06   3.814933018727e-03   3.257692903049e-06   4.585133908925e-04   6.940847987901e-04  -5.441997166211e-03  -5.686296766649e-04   6.252622041909e-06  -1.343882143133e-03  -1.241147780243e-02  -7.483578665791e-04   1.268670654864e-05   1.303769810367e-02   3.003069592878e-03   2.616135936679e-04   4.918899113858e-06   8.288947962921e-03   1.345928777750e-03  -1.155428288539e-03  -3.636672753251e-05   9.983812432158e-04  -5.752203698658e-06   1.691693405290e-03  -2.180276995394e-06  -3.133530057868e-03   2.647692882614e-03   4.313196404946e-03   3.011630085029e-03  -3.127155959763e-03  -1.278229616342e-04  -8.680232105200e-05  -6.454965141465e-07   1.093492547344e-03   2.623202786178e-04  -1.649342051324e-03  -6.041005325731e-05  -1.283113349399e-04   1.775102690245e-05   2.823697228009e-04   1.113202734009e-03   3.210199056887e-04  -1.610055778356e-03  -1.806989109270e-04  -1.300834897445e-04   8.349621621323e-06  -2.794707264199e-04
  -8.302445163577e-02  -2.267819601569e-01   3.875392714672e-01   4.798899791257e-01  -2.166258169243e-01  -2.075670855470e-01   3.559875744029e-03  -5.252619853402e-03  -1.407875874649e-06   6.359625730569e-03  -9.527189959701e-03  -2.994677952395e-06  -1.039271681964e-02   1.491074418001e-02   4.529255901644e-06  -2.081774176149e-02   3.776842900506e-02   1.232178081878e-05  -6.839913300899e-03   7.412284230715e-03  -7.345877292620e-06   2.134974674733e-03   2.467883831402e-03   3.484926023028e-03   1.646148690124e-05  -5.963659738130e-04  -3.861040815491e-06   1.242022906681e-04  -8.062226142774e-07  -1.017229354456e-03  -1.541096895913e-02  -1.578162985225e-02   2.483068738111e-02  -1.345703994100e-02   1.229214392583e-05   6.544286640272e-03   5.495603278296e-06   1.196463167460e-03   1.925693277152e-03  -1.107970441640e-02  -1.029476265278e-03   1.102326000679e-05  -4.347060371464e-03  -2.415352861224e-02  -1.355947591880e-03   2.385343869134e-05   2.075840487251e-02   3.604831096320e-03   3.100302918559e-04   6.901103248200e-06   1.377078932245e-02   2.824116045274e-03  -2.117399290108e-03  -5.979828245312e-05   1.811557641684e-03  -1.096254313576e-05   3.065240042141e-03  -3.718335627947e-06  -5.717099917687e-03   4.814574159104e-03   7.823264238679e-03   5.989778690440e-03  -5.239627562161e-03  -3.495169429552e-04  -1.546332966086e-04  -7.331714638977e-07   2.006490581076e-03   6.285831927417e-04  -2.326079151252e-03   4.731328184482e-04  -3.412155985739e-04   2.871372222455e-05   4.872960319125e-04   2.044056820483e-03   7.340793530628e-04  -2.256548271129e-03   2.717307472622e-04  -3.437853334589e-04   1.248255665585e-05  -4.816585780219e-04
   1.700241727366e-02   4.969316259876e-02  -1.106688459250e-01  -2.166258169243e-01   4.231895780338e-01   3.479546656433e-01  -6.417264428278e-03   9.861311827892e-03   2.669279514054e-06  -1.244875384841e-02   1.922555042644e-02   5.312708455026e-06   1.779040886455e-02  -2.715150598385e-02  -7.961050111886e-06   3.619042264710e-02  -6.726032604741e-02  -2.313103546233e-05   1.394232212757e-02  -1.752755755398e-02   1.300148031142e-05   9.562324803796e-03  -6.564162992298e-03  -1.347568895693e-03  -2.518922332504e-05   1.299185230161e-03   7.457806219071e-06  -7.039663633568e-04   1.954070715738e-06   1.788437431236e-03   2.615541839620e-02   2.456344789006e-02  -4.106568924405e-02   1.630156722793e-02   2.336944559374e-04  -1.015673640608e-02  -8.025962678726e-06  -1.663660530401e-03  -2.560392997183e-03   2.036885485002e-02   1.311659370073e-03  -1.669981202850e-05   5.633600071480e-03   4.203664386565e-02   1.610092358232e-03  -4.109269653270e-05  -3.545438781196e-02  -4.969034572639e-03  -1.051867287505e-03   2.632324220498e-06  -2.307698106717e-02  -6.146246965250e-03   4.057043380175e-03   8.106545140923e-05  -3.216963393276e-03   1.727921326643e-05  -5.037401130774e-03   5.338784722367e-06   9.446822433457e-03  -8.772291217182e-03  -1.420354350123e-02  -1.134433331871e-02   8.904047405697e-03   7.226450816160e-04   1.770812963536e-05   3.693057718696e-06  -4.414290630411e-03  -2.368306517423e-03   3.336795557689e-03  -2.525559737644e-03   6.516290866783e-04   1.008401395140e-04  -5.446882532781e-04  -4.477884128001e-03  -2.542307865099e-03   3.219386809007e-03  -2.226992499598e-03   6.550373161627e-04   1.208646842312e-04   5.313327208461e-04
   1.960190518842e-02   5.654078573204e-02  -1.182670990551e-01  -2.075670855470e-01   3.479546656433e-01   3.271322742530e-01  -1.455177084036e-02   1.949446944329e-02   6.519366636764e-06  -2.907853070072e-02   3.880987622129e-02   1.301626540680e-05   4.302362780501e-02  -5.574109985019e-02  -1.769121153954e-05   8.572119585428e-02  -1.177753176756e-01  -3.916551679280e-05   2.415329870541e-02  -3.963951310857e-02   1.765638261799e-05   3.435529742033e-02  -6.996998573026e-03   1.061563415886e-02  -2.373150181173e-05   8.486210130907e-04   1.007713212294e-06   7.846154951962e-03  -1.214604364021e-06   3.406377954592e-04   5.937176835720e-04  -2.151401792286e-02  -5.084293592718e-02   5.992843108418e-04   2.640577380405e-03  -3.929414951255e-03   1.740857417992e-06   4.769989916765e-03   7.949507806560e-03  -1.345844253793e-03   8.394053602676e-03  -4.687801182658e-05  -1.939488794708e-02   5.780392370692e-04   1.305951129852e-02  -8.620730805790e-05  -6.040104136731e-02  -3.177941129143e-02   3.839316982781e-03   3.051387712008e-05  -2.864754090071e-02  -5.303420369583e-03   5.065909565577e-03   5.019879312326e-05  -4.586813800049e-03   5.293003459817e-05  -4.227640525509e-04   7.595967556163e-06   4.272503068133e-03  -1.346640703813e-02  -2.286048982218e-02  -1.406167164448e-02   1.276007157584e-02  -9.567063593013e-04  -1.228595885202e-03   2.827582574637e-05   7.793752606657e-04   7.877711256973e-03   1.291881604121e-02  -3.224327178719e-03  -6.003638768856e-04   7.236165253170e-04  -5.677589478822e-04   6.383277889315e-04   7.557589672305e-03   1.271210486176e-02  -2.999955386291e-03  -5.917436692095e-04   7.503844118702e-04   5.386906343888e-04
  -4.239728481231e-04  -1.206858741553e-03   2.759777512558e-03   3.559875744029e-03  -6.417264428278e-03  -1.455177084036e-02   1.466443214881e-01  -8.727789015132e-04  -3.305995381669e-06   2.801063035380e-01  -1.573482960909e-03  -5.870511185823e-06   1.523203469915e-03   2.228240413424e-03   8.069525022221e-06  -3.284804489896e-02   4.964628841168e-03   2.050888778014e-05  -3.827426697004e-03   4.973584614067e-03   1.924201243838e-05  -9.098376054466e-03  -6.981500979729e-04  -3.759648922918e-03  -5.461874397853e-06  -1.150340877771e-03  -1.488072020215e-06  -2.102035555696e-03   3.213297852037e-06   4.474679933256e-03  -2.525847083955e-03  -4.215395739870e-03  -2.051760879449e-03   5.330928566899e-03  -6.127928509537e-04   6.411063941856e-04   1.176320784371e-06  -2.466184534251e-03  -4.122063246179e-03   1.086141621020e-02  -4.390993237238e-04  -6.890308493283e-06   1.004835219342e-02   2.012681660901e-02  -7.664277773031e-04  -1.148149442341e-05   1.539860884548e-02   1.615321039898e-02   4.805513185838e-04  -1.981428419903e-05   5.968832812363e-03  -1.121344461391e-04  -3.005775522954e-04   2.046756448060e-05  -5.069659460440e-05   1.268000358544e-06  -1.445703630549e-03   1.575690164566e-06   2.364459222132e-03  -1.035305489647e-03  -1.543111732783e-03  -2.279082253058e-03  -2.318386909081e-03   7.630262417313e-04   1.899781034603e-04  -4.441634704570e-06  -1.557227039884e-03  -3.211134519986e-03  -3.713556769659e-03  -6.149204839341e-04   6.952185910892e-04  -1.131281584850e-04  -3.230608592836e-05  -1.552897335017e-03  -3.191948387026e-03  -3.693096210685e-03  -5.807124884146e-04   6.954270560012e-04  -1.134263235754e-04   3.436842979812e-05
   5.703660368173e-04   1.613695048393e-03  -3.593663022071e-03  -5.252619853402e-03   9.861311827892e-03   1.949446944329e-02  -8.727789015132e-04   1.471950360224e-01  -2.525901017286e-06  -1.565535433204e-03   2.810757866995e-01  -4.542257705294e-06   2.183139923037e-03   2.383379584950e-04   6.551325111996e-06   4.996205570567e-03  -3.389029973964e-02   1.747940968862e-05   4.047067129666e-03  -8.886569043168e-03   2.070694070820e-05   7.534085283296e-03  -1.799550291298e-03   2.525291600595e-03  -6.595966093308e-06  -8.533793076505e-04  -4.644871309642e-06   2.533416794119e-03  -2.010465445803e-06   3.320333454368e-03  -1.258701035036e-02  -2.502340707599e-02  -1.230757744740e-02  -1.768621583342e-03   8.657725392911e-04   2.619364068344e-03   5.405578343509e-06   1.457148728427e-04   2.366640809520e-04  -5.942742738061e-04   1.251662710368e-04   3.252693050359e-06  -4.145419766113e-04  -9.581313148015e-04   1.283068055497e-04   3.999255170839e-06  -1.947313081245e-03  -1.962074764370e-03  -1.199440506786e-03   2.764765815689e-05  -3.933585711083e-04  -7.380184826822e-04   1.117338357374e-03   9.527019416228e-06  -9.455514904264e-04   3.125360238205e-06   2.003263844623e-04   6.366028937943e-07   3.094788267752e-05  -6.436167634015e-04  -2.168272177036e-03  -3.343974519193e-03   1.460271187499e-03   6.786603045298e-06  -8.687004744581e-05   1.866594152254e-06   3.996030841346e-04   1.596192635316e-03   1.561557303795e-03  -1.634870560246e-03  -6.917064240329e-05   9.106142496002e-05  -8.720937543692e-05   3.809435094467e-04   1.552093131272e-03   1.538119654286e-03  -1.605617945901e-03  -6.484283164782e-05   9.506144535670e-05   8.391291666741e-05
   1.031538522466e-07   2.919380159706e-07  -6.060015907285e-07  -1.407875874649e-06   2.669279514054e-06   6.519366636764e-06  -3.305995381669e-06  -2.525901017286e-06   1.509525006733e-01  -5.987301848435e-06  -4.563709271326e-06   2.877748332334e-01   8.880538881645e-06   6.852480721495e-06  -9.070149150975e-03   1.722447851557e-05   1.548843280733e-05  -5.940340545247e-02   3.869964552496e-05   2.564599193399e-05  -3.602953859830e-02  -1.827950746391e-04   1.283090523940e-05  -6.052354481879e-05   5.053461705708e-03  -8.850121208101e-07  -8.892864685393e-04  -3.408324876630e-06   4.267645079788e-04   1.978370303364e-06  -1.253716202989e-05  -1.812127164687e-05  -7.450700029284e-06   9.029597116843e-05   3.151763687683e-07   4.586999291804e-06  -1.983400745315e-03  -1.243568191726e-06  -2.034240589568e-06   2.557391545374e-06  -1.275198973201e-06   6.266085399865e-04   4.289842629472e-06   5.411746780220e-06  -3.110592167754e-06   5.295784318226e-04   2.278928730017e-05   7.066967734394e-09   1.017468442884e-05  -1.275830895856e-03   2.382972417286e-04   2.544569406183e-05   5.153624282308e-05   6.442506987993e-03   1.225104462596e-06   3.417154206542e-04  -8.830418044016e-06  -2.020090116514e-03  -4.888455768943e-06   2.516969224842e-05   7.754177005272e-05   1.044935192756e-04  -9.810533683974e-05  -2.799634209124e-06   6.494997153778e-06   1.927185612408e-04   1.625279885523e-03   4.994326970624e-03   6.027102490985e-03  -8.245981607737e-03  -1.040390338484e-04  -1.552135171277e-04  -7.784254768719e-05  -1.650739634588e-03  -5.059382173424e-03  -6.202368214067e-03   8.245093009462e-03   1.032545241130e-04   1.488180212865e-04  -8.590817272987e-05
  -6.427358288527e-04  -1.932507491518e-03   4.876617759463e-03   6.359625730569e-03  -1.244875384841e-02  -2.907853070072e-02   2.801063035380e-01  -1.565535433204e-03  -5.987301848435e-06   5.351226002793e-01  -2.814309859554e-03  -1.059275671228e-05   8.595968495947e-04   4.380592683275e-03   1.598602817087e-05  -6.647739199201e-02   9.803166765756e-03   4.073715039337e-05  -7.833472662548e-03   1.000659120702e-02   3.857972971312e-05  -1.830970185424e-02  -1.403587705159e-03  -7.592511677455e-03  -1.102719358401e-05  -2.361431550169e-03  -3.073690415020e-06  -4.264832364883e-03   6.505143151072e-06   9.144800936013e-03  -5.183400718397e-03  -8.678696111477e-03  -4.281378655169e-03   1.079179262289e-02  -1.243581567316e-03   1.297614487824e-03   2.372703320370e-06  -5.043201673771e-03  -8.449009713170e-03   2.206940719976e-02  -8.905255649401e-04  -1.370195496420e-05   2.065467512807e-02   4.090969432124e-02  -1.558829275590e-03  -2.288003591897e-05   3.141838902507e-02   3.278575795593e-02   9.542758949538e-04  -3.966516242715e-05   1.199832369284e-02  -2.736384071740e-04  -5.836143499382e-04   4.140758021790e-05  -1.137162844721e-04   2.555383814397e-06  -2.940593801271e-03   3.136616717638e-06   4.809147866711e-03  -2.067200007205e-03  -3.119782835749e-03  -4.663794135981e-03  -4.655521006006e-03   1.550007620547e-03   3.919479697384e-04  -9.091054011511e-06  -3.117220224847e-03  -6.460082317230e-03  -7.529882309326e-03  -1.261147182779e-03   1.412598912060e-03  -2.319931234610e-04  -7.462979241340e-05  -3.108993931815e-03  -6.422319779492e-03  -7.489086378257e-03  -1.191385192511e-03   1.413006639826e-03  -2.323296146868e-04   7.881301956431e-05
   8.753628038759e-04   2.605545800699e-03  -6.352561570968e-03  -9.527189959701e-03   1.922555042644e-02   3.880987622129e-02  -1.573482960909e-03   2.810757866995e-01  -4.563709271326e-06  -2.814309859554e-03   5.368124200449e-01  -8.182747826294e-06   4.301031279172e-03  -1.593758275016e-03   1.291221497457e-05   9.891250445933e-03  -6.830770457821e-02   3.463170844902e-05   8.117254797548e-03  -1.806683753244e-02   4.145993119090e-05   1.522364641436e-02  -3.606822655495e-03   5.184675612375e-03  -1.321639465113e-05  -1.723939367670e-03  -9.447771540061e-06   5.131023931782e-03  -4.050052228129e-06   6.769172526084e-03  -2.555851134659e-02  -5.074247071904e-02  -2.480958776622e-02  -3.648666433121e-03   1.744639725979e-03   5.317832271922e-03   1.092751320784e-05   2.890487222077e-04   4.689760608052e-04  -1.176344272976e-03   2.494147115558e-04   6.644110844377e-06  -8.116281969091e-04  -1.904292153529e-03   2.518313196736e-04   8.241326260611e-06  -3.834417308571e-03  -3.888670687933e-03  -2.422887515239e-03   5.599862822953e-05  -8.004618571455e-04  -1.472215270687e-03   2.272779310660e-03   1.887713005632e-05  -1.912091458150e-03   6.341274995430e-06   4.078249756616e-04   1.234658629662e-06   5.579785013339e-05  -1.300826735313e-03  -4.381519657746e-03  -6.764578909321e-03   3.004697837745e-03   1.639824494365e-05  -1.756753640915e-04   3.779595038914e-06   8.044905773199e-04   3.211384486405e-03   3.150696820230e-03  -3.308980280543e-03  -1.368332357544e-04   1.849395528635e-04  -1.741777895482e-04   7.666407565831e-04   3.122366035285e-03   3.102912865843e-03  -3.249738928806e-03  -1.280682303618e-04   1.929597696318e-04   1.675493938170e-04
   2.323157251387e-07   6.687729436310e-07  -1.386426524667e-06  -2.994677952395e-06   5.312708455026e-06   1.301626540680e-05  -5.870511185823e-06  -4.542257705294e-06   2.877748332334e-01  -1.059275671228e-05  -8.182747826294e-06   5.486897878478e-01   1.733199737839e-05   1.344562351976e-05  -1.968987523827e-02   3.361315406486e-05   3.048669948094e-05  -1.183764531846e-01   7.721076135711e-05   5.123532344523e-05  -7.191653617045e-02  -3.652709466728e-04   2.551803437914e-05  -1.210257009160e-04   1.011315193647e-02  -1.818504691429e-06  -1.787178731746e-03  -6.779834835761e-06   8.698223711664e-04   4.144286022690e-06  -2.528530377468e-05  -3.668530631491e-05  -1.509291815749e-05   1.806532373900e-04   6.290329481231e-07   9.195013109967e-06  -3.956770113672e-03  -2.582252809197e-06  -4.240965968495e-06   5.308815983547e-06  -2.533138878608e-06   1.188803106143e-03   9.061538955490e-06   1.120459226647e-05  -6.162843248178e-06   9.577611694698e-04   4.604728186987e-05   3.529257148756e-07   2.027185895314e-05  -2.610155804117e-03   4.759369333560e-04   5.074586798885e-05   1.025916887059e-04   1.286409869699e-02   2.403377582351e-06   6.734546580103e-04  -1.736610389875e-05  -4.027060347781e-03  -9.511109812105e-06   4.950534552118e-05   1.535864048592e-04   2.078765971384e-04  -1.965503007887e-04  -5.601364261313e-06   1.284994183568e-05   3.815278483757e-04   3.198520298935e-03   9.891387165948e-03   1.200435043280e-02  -1.647931823393e-02  -2.093736029138e-04  -3.060619141070e-04  -1.516667976938e-04  -3.248662388401e-03  -1.002021083378e-02  -1.235379014293e-02   1.647798325076e-02   2.078694099420e-04   2.934225612682e-04  -1.675672801003e-04
   9.844040565360e-04   2.902143908065e-03  -6.623072414668e-03  -1.039271681964e-02   1.779040886455e-02   4.302362780501e-02   1.523203469915e-03   2.183139923037e-03   8.880538881645e-06   8.595968495947e-04   4.301031279172e-03   1.733199737839e-05   4.823292436301e-02  -5.749443130871e-03  -2.296110075083e-05   8.782725967616e-02  -1.410141645900e-02  -6.097099854318e-05   1.346449013613e-02  -1.346123010963e-02  -5.710805618620e-05   2.136817171509e-02   1.374590231758e-03   9.634855668669e-03   1.456029722919e-05   3.707983801009e-03   4.406545992614e-06   6.026295385648e-03  -9.186304785233e-06  -1.305866150400e-02   7.264409315668e-03   1.168899759935e-02   5.348342815301e-03  -1.348550269236e-02   1.821854270461e-03  -1.660857399667e-03  -3.308654417131e-06   6.713190673597e-03   1.128827231546e-02  -3.087946583396e-02   1.191171977850e-03   1.888659625971e-05  -2.765345526708e-02  -5.684375042562e-02   2.149338337925e-03   3.113911355959e-05  -4.366835386645e-02  -4.587083614011e-02  -1.075865603940e-03   4.980405499921e-05  -1.293558398466e-02   1.392924581889e-03   4.537280893722e-04  -4.382399133248e-05   1.588962851669e-04  -1.993819983772e-06   4.037971489199e-03  -3.933006350062e-06  -6.546943327867e-03   3.158222652148e-03   5.364305083615e-03   6.250693146828e-03   5.670096720639e-03  -2.045415767822e-03  -3.597138738011e-04   9.889958810200e-06   4.598513389520e-03   9.673976531639e-03   1.026824883790e-02   1.684348648269e-03  -1.883986660969e-03   2.238247665050e-04  -3.877063875647e-06   4.588117814461e-03   9.622727801392e-03   1.021204794748e-02   1.608870527301e-03  -1.883165230015e-03   2.268857280858e-04   7.085864512228e-07
  -1.301535024038e-03  -3.806633927357e-03   8.453695019225e-03   1.491074418001e-02  -2.715150598385e-02  -5.574109985019e-02   2.228240413424e-03   2.383379584950e-04   6.852480721495e-06   4.380592683275e-03  -1.593758275016e-03   1.344562351976e-05  -5.749443130871e-03   5.117962283918e-02  -1.858717961392e-05  -1.433059970927e-02   9.058177949937e-02  -5.230651187680e-05  -1.061491073425e-02   2.798259436866e-02  -6.087537437167e-05  -2.136456682946e-02   4.255204449317e-03  -9.119108550466e-03   1.795144927255e-05   2.153078083572e-03   1.284113631981e-05  -7.392754281237e-03   5.579075515674e-06  -9.863034105075e-03   3.548819010290e-02   7.019353258532e-02   3.333086660254e-02   6.372158478621e-03  -2.305351517663e-03  -7.129526645403e-03  -1.507982031581e-05  -4.307917573889e-04  -6.943385730522e-04   1.693728994255e-03  -1.048169891882e-03  -9.136047626384e-06   1.153952318746e-03   2.802436273169e-03  -1.430504773364e-03  -1.225649521047e-05   6.184459794539e-03   5.938594063756e-03   2.529610396849e-03  -7.929966758274e-05   2.746304365956e-03   1.675364222385e-03  -3.491521150580e-03  -1.565993044944e-05   2.758708965867e-03  -1.362259568759e-05  -6.793786003869e-04  -1.702682334392e-06  -6.934414528995e-05   2.434893657955e-03   6.925143578789e-03   9.666571405162e-03  -5.785292153404e-03   1.514306297470e-05   2.799126861438e-04  -6.705994289062e-06  -1.426468764614e-03  -4.900346835880e-03  -4.887922181399e-03   4.451371534411e-03   1.618623700273e-04  -2.853707366562e-04   2.690807915183e-04  -1.360257113437e-03  -4.761562967872e-03  -4.805475646650e-03   4.369166554133e-03   1.500424759451e-04  -2.976840332437e-04  -2.595608692362e-04
  -4.051375517401e-07  -1.180028208848e-06   2.550696311653e-06   4.529255901644e-06  -7.961050111886e-06  -1.769121153954e-05   8.069525022221e-06   6.551325111996e-06  -9.070149150975e-03   1.598602817087e-05   1.291221497457e-05  -1.968987523827e-02  -2.296110075083e-05  -1.858717961392e-05   7.463388049142e-02  -4.855259569002e-05  -4.427191397053e-05   1.621548436271e-01  -1.099642773326e-04  -7.270228461495e-05   1.025563516033e-01   5.317883233917e-04  -3.711927009893e-05   1.754532038262e-04  -1.527126209880e-02   2.545901076403e-06   2.862839505036e-03   9.237776902462e-06  -1.524148251613e-03  -5.651128134608e-06   3.432249265938e-05   4.962374384491e-05   1.620045792511e-05  -2.633885451064e-04  -5.664650134944e-07  -1.221656003426e-05   5.557113065907e-03   3.776985304337e-06   6.237460828233e-06  -7.211635279459e-06   3.584085381392e-06  -1.980172526183e-03  -1.339574839364e-05  -1.517525274684e-05   7.685785519047e-06  -1.819702683571e-03  -6.523479533225e-05  -1.010833087915e-06  -2.776454166382e-05   3.256253475631e-03  -6.816868214427e-04  -7.311461488579e-05  -1.360704559140e-04  -1.816448313577e-02  -3.312013671157e-06  -1.010483001381e-03   2.570377297149e-05   5.729569519399e-03   1.437646889325e-05  -7.360624470193e-05  -2.211180601492e-04  -2.898219169499e-04   2.945612225877e-04   7.617380248411e-06  -1.859206383154e-05  -5.631820528217e-04  -4.729704448426e-03  -1.409443578203e-02  -1.714940704916e-02   2.366015708348e-02   2.736838072860e-04   4.380523022946e-04   2.034951301010e-04   4.802737876073e-03   1.427850385742e-02   1.763902483188e-02  -2.367189667717e-02  -2.710606545711e-04  -4.204758914144e-04   2.261825778258e-04
   1.969426407716e-03   5.789417243752e-03  -1.322494015111e-02  -2.081774176149e-02   3.619042264710e-02   8.572119585428e-02  -3.284804489896e-02   4.996205570567e-03   1.722447851557e-05  -6.647739199201e-02   9.891250445933e-03   3.361315406486e-05   8.782725967616e-02  -1.433059970927e-02  -4.855259569002e-05   1.688648351751e-01  -3.298361042657e-02  -1.262378173029e-04   2.644012043735e-02  -2.756126606807e-02  -1.168543647197e-04   4.188080714343e-02   2.462192670487e-03   1.897706006626e-02   2.874122409402e-05   6.891877906964e-03   7.426691467208e-06   1.192025667622e-02  -1.932989340062e-05  -2.411648132129e-02   1.150768603322e-02   1.768455940303e-02   7.995377189947e-03  -2.613761526984e-02   3.629336506409e-03  -2.720650675317e-03  -5.821793469486e-06   1.196014764213e-02   2.020057859807e-02  -5.947876845890e-02   2.274759644526e-03   5.070303218070e-05  -4.951256175237e-02  -1.092145043103e-01   4.078358361559e-03   8.244127146242e-05  -8.143467785781e-02  -8.835358617737e-02  -2.307646756211e-03   1.144695923698e-04  -2.425405125418e-02   2.600298599826e-03   1.104606401169e-03  -8.170928144667e-05   1.204710488047e-04  -1.695074721443e-06   7.763088595885e-03  -8.930402551219e-06  -1.254263163479e-02   6.686018761417e-03   1.092406587738e-02   1.124026491944e-02   1.121278719623e-02  -3.870748501028e-03  -5.368293268301e-04   1.749654548234e-05   9.618039188549e-03   1.983511708238e-02   1.983876449243e-02   2.894874350933e-03  -3.577202619209e-03   3.635787240789e-04  -1.687807742387e-04   9.575342307211e-03   1.969792239759e-02   1.971257024133e-02   2.758313810562e-03  -3.575519802068e-03   3.751319287576e-04   1.627795065648e-04
  -3.394200357309e-03  -9.884198397076e-03   2.160472159297e-02   3.776842900506e-02  -6.726032604741e-02  -1.177753176756e-01   4.964628841168e-03  -3.389029973964e-02   1.548843280733e-05   9.803166765756e-03  -6.830770457821e-02   3.048669948094e-05  -1.410141645900e-02   9.058177949937e-02  -4.427191397053e-05  -3.298361042657e-02   1.692425376225e-01  -1.172495977805e-04  -2.088155847815e-02   5.213810837312e-02  -1.241111607058e-04  -4.043517851556e-02   8.003649203159e-03  -1.689644982384e-02   3.540593661407e-05   3.499637549835e-03   2.289701635969e-05  -1.377944275908e-02   1.116645056462e-05  -1.723412784742e-02   6.319770325757e-02   1.261406771563e-01   6.205836258418e-02   1.161057895570e-02  -4.343611232036e-03  -1.249216037506e-02  -2.779570406523e-05  -9.400870676521e-04  -1.556373591976e-03   4.353140933953e-03  -6.555753910285e-04  -1.880531512701e-05   2.868716233972e-03   7.179137275713e-03  -5.930766831640e-04  -2.529650037848e-05   1.484285782319e-02   1.398201433133e-02   6.308132447767e-03  -1.494663557230e-04   6.423232106768e-03   3.218654356693e-03  -6.657153104636e-03  -2.763164896407e-05   5.047162534540e-03  -1.660300681300e-05  -1.107785651260e-03  -3.557678240168e-06   2.768126021908e-05   3.239267901845e-03   1.082095766635e-02   1.707358880557e-02  -1.134504534446e-02   5.517306404936e-05   3.895332459943e-04  -9.629462315146e-06  -2.314535085236e-03  -8.831962394075e-03  -9.337586684724e-03   8.248701127361e-03   4.115582412741e-04  -4.866909354678e-04   4.741904588871e-04  -2.215598642305e-03  -8.608841359897e-03  -9.199844769310e-03   8.092531152801e-03   3.888259579860e-04  -5.075764782567e-04  -4.588592360134e-04
  -1.036984720259e-06  -3.026148212724e-06   6.689672197059e-06   1.232178081878e-05  -2.313103546233e-05  -3.916551679280e-05   2.050888778014e-05   1.747940968862e-05  -5.940340545247e-02   4.073715039337e-05   3.463170844902e-05  -1.183764531846e-01  -6.097099854318e-05  -5.230651187680e-05   1.621548436271e-01  -1.262378173029e-04  -1.172495977805e-04   3.629504356655e-01  -2.458974866766e-04  -1.635271624978e-04   2.296996306196e-01   1.191078077372e-03  -8.651516244570e-05   3.903321191006e-04  -3.419445021270e-02   4.027066364628e-06   6.335076031949e-03   2.178567629108e-05  -3.130813120135e-03  -6.778003895272e-06   6.545470523355e-05   8.949707088941e-05   2.394780148429e-05  -5.842333781669e-04  -7.236287721977e-07  -2.488514133517e-05   1.243369364758e-02   5.001158793245e-06   8.076151680354e-06  -1.262347438544e-05   9.706755777918e-06  -6.577763221894e-03  -1.430972039528e-05  -2.639784567515e-05   1.973554170062e-05  -7.508393602186e-03  -1.293517768531e-04   3.743775975744e-06  -6.104079799053e-05   4.934133353645e-03  -1.520841496653e-03  -1.655924639652e-04  -3.036762722014e-04  -4.037808828307e-02  -8.752099068146e-06  -2.571236380833e-03   6.692051114665e-05   1.297609668146e-02   3.985493336395e-05  -1.900041642808e-04  -5.336053599285e-04  -6.646564691355e-04   6.512089730422e-04   1.613768010633e-05  -4.533671771220e-05  -1.374534716329e-03  -1.213126065764e-02  -3.390625867196e-02  -3.922656812374e-02   5.253453052765e-02   5.380534580488e-04   1.096379574424e-03   5.562972875294e-04   1.232014728473e-02   3.435554640967e-02   4.032941978358e-02  -5.256012006395e-02  -5.300510871144e-04  -1.053626192898e-03   6.135659135723e-04
   5.159842318810e-04   1.525043386694e-03  -3.629249759924e-03  -6.839913300899e-03   1.394232212757e-02   2.415329870541e-02  -3.827426697004e-03   4.047067129666e-03   3.869964552496e-05  -7.833472662548e-03   8.117254797548e-03   7.721076135711e-05   1.346449013613e-02  -1.061491073425e-02  -1.099642773326e-04   2.644012043735e-02  -2.088155847815e-02  -2.458974866766e-04   6.807574596072e-03  -8.678888046153e-03  -1.565893652820e-04   6.880501923772e-03  -1.251861808788e-04   3.857949834262e-03   2.251332633867e-05   6.400202901774e-04  -5.505787305200e-06   2.710857996009e-03  -1.929309947371e-06  -1.306860025272e-03  -4.204556325672e-03  -9.208226419008e-03  -4.917234627125e-03  -4.104947392119e-03   9.479323479147e-04   7.189134543439e-04  -6.360388487731e-06  -1.601866570371e-03  -2.561258608622e-03  -1.060161837624e-02   8.895133597744e-05   1.523794563666e-05   6.717322753676e-03  -1.821417896705e-02   1.434164510070e-04   2.135411224807e-05  -3.516848045392e-03  -1.557358340000e-02  -1.172086293991e-03   2.403836560559e-05  -1.672546992590e-04   6.543731390553e-04   6.796859466397e-04   2.570944622905e-05  -4.561218561946e-04   2.279162081895e-07   1.220332958418e-03  -9.266975656113e-06  -1.921274963908e-03   4.065952931251e-03   5.551412178307e-03  -2.987615180471e-04   2.395355884564e-03  -3.716789980394e-04   6.403429729326e-04  -7.287478997437e-06   4.665965068408e-03   8.084912309933e-03   3.263091163978e-03  -5.218767504762e-04  -3.961007060327e-04  -2.726735366880e-04  -6.891846079278e-04   4.642551728871e-03   8.008477938211e-03   3.182986838769e-03  -4.414123007886e-04  -3.915947143059e-04  -2.528998105521e-04   6.951766802468e-04
  -4.442963878373e-04  -1.348912786900e-03   3.649378369730e-03   7.412284230715e-03  -1.752755755398e-02  -3.963951310857e-02   4.973584614067e-03  -8.886569043168e-03   2.564599193399e-05   1.000659120702e-02  -1.806683753244e-02   5.123532344523e-05  -1.346123010963e-02   2.798259436866e-02  -7.270228461495e-05  -2.756126606807e-02   5.213810837312e-02  -1.635271624978e-04  -8.678888046153e-03   1.891638921439e-02  -1.023270431134e-04  -1.680012588912e-02   1.910248866073e-03  -7.514550052420e-03   1.650428438947e-05   1.032924390700e-03   7.373899409255e-07  -5.471388135817e-03   1.185089993674e-05  -2.417729986072e-03   1.804550379558e-02   3.668775324836e-02   1.742299095801e-02   6.810278531431e-03  -1.654016453047e-03  -3.666706106533e-03  -1.286390088626e-05  -1.807637975578e-03  -3.012968684618e-03   7.762220905018e-03  -6.121565128284e-03  -5.532082575093e-05   7.038416981505e-03   1.419237730457e-02  -9.735548995048e-03  -8.896410868755e-05   1.315128761822e-02   1.338883835593e-02  -4.437656994226e-03  -1.125919642302e-04   4.243726202849e-03   5.766615747790e-04  -1.448751565129e-03   2.504982257719e-05   1.833659258570e-03  -4.668618302172e-05  -2.012950277703e-03  -2.797649990675e-06   1.025788791640e-03   5.126283736398e-03   9.446006111604e-03   6.272454717395e-03  -3.420535312076e-03   7.151297218861e-04   6.475964133224e-04  -1.875277449444e-05  -4.006659635713e-03  -8.149895777088e-03  -6.123585881242e-03   1.518898526333e-03   3.973756986285e-04  -3.286186155803e-04   4.201442130900e-04  -3.808147700492e-03  -7.829767780677e-03  -5.997375417752e-03   1.576521108503e-03   3.991001507270e-04  -3.534239924230e-04  -4.004685116202e-04
   6.126466868071e-07   1.776863431152e-06  -3.793796538952e-06  -7.345877292620e-06   1.300148031142e-05   1.765638261799e-05   1.924201243838e-05   2.070694070820e-05  -3.602953859830e-02   3.857972971312e-05   4.145993119090e-05  -7.191653617045e-02  -5.710805618620e-05  -6.087537437167e-05   1.025563516033e-01  -1.168543647197e-04  -1.241111607058e-04   2.296996306196e-01  -1.565893652820e-04  -1.023270431134e-04   1.478576728539e-01   7.800069857730e-04  -6.988137892619e-05   2.414196730253e-04  -2.234008282672e-02  -1.094931301887e-06   3.875156746618e-03   1.826881613087e-05  -8.904720008886e-04   9.068016373101e-06   1.709580568022e-05   7.736320729226e-06  -2.622441366913e-05  -3.559934821945e-04   1.717467977965e-06  -1.069330290319e-05   7.909893015366e-03   1.033017707790e-08  -4.474065482003e-07   1.646581538481e-06   1.019461050218e-05  -1.381375938128e-02   7.803644360046e-06   3.033923743792e-06   1.803627939648e-05  -2.017929465399e-02  -5.927898008946e-05   1.388659693620e-05  -3.753898454419e-05  -7.437080654949e-03  -9.734815604452e-04  -1.161112370735e-04  -1.864754223082e-04  -2.456413221908e-02  -1.010617622582e-05  -3.036212150777e-03   8.491702430474e-05   8.979549762109e-03   5.805573020706e-05  -2.390796025455e-04  -5.181237569859e-04  -4.841839303709e-04   3.903511017145e-04   4.969118681843e-06  -4.744730565769e-05  -1.392420472615e-03  -1.467906812247e-02  -3.215361735939e-02  -2.886282041423e-02   3.186727497220e-02   3.603482859680e-06   1.215985242846e-03   7.981966496952e-04   1.489327809533e-02   3.257886895580e-02   2.960284309951e-02  -3.188124486928e-02   8.631127221860e-06  -1.171909389945e-03   8.593748789084e-04
  -8.559352373240e-04  -2.326547150533e-03   3.046552519034e-03   2.134974674733e-03   9.562324803796e-03   3.435529742033e-02  -9.098376054466e-03   7.534085283296e-03  -1.827950746391e-04  -1.830970185424e-02   1.522364641436e-02  -3.652709466728e-04   2.136817171509e-02  -2.136456682946e-02   5.317883233917e-04   4.188080714343e-02  -4.043517851556e-02   1.191078077372e-03   6.880501923772e-03  -1.680012588912e-02   7.800069857730e-04   2.397633049783e-02  -1.773750470189e-03   8.579261583373e-03  -1.178644672060e-04   5.076315686789e-04   1.717477521952e-05   5.989207105442e-03  -6.163848589218e-06  -2.461198842486e-03  -1.169420153536e-02  -2.394659655920e-02  -1.036708905028e-02  -9.804637171542e-03   1.582453054456e-03   2.450561257852e-03   4.601585592267e-05   1.104925277918e-02   1.811329951128e-02  -8.922074723065e-03   2.466358866572e-03  -9.922472213356e-05  -4.459547935584e-02  -1.916886837866e-02   3.995323503214e-03  -1.473553942480e-04  -4.178365942905e-02  -1.644517123377e-02   1.839169188643e-04  -1.689119098702e-05  -1.520345114696e-02  -1.488675869634e-03   1.690870313272e-03  -1.558674389616e-04  -1.075289850142e-03  -4.051991341208e-06   2.005507209458e-03   4.818420756397e-05  -2.252054492171e-03  -8.491214564293e-03  -1.354039570302e-02  -1.015908582404e-03   4.920288085311e-03  -1.296574157661e-03  -2.106459485112e-03   2.668174811583e-05  -4.575847273816e-03  -4.284367317592e-03   7.091519515802e-03  -5.716358557876e-04  -1.155138746374e-03   1.104810812293e-03   1.323134105879e-03  -4.437948340000e-03  -3.992814600880e-03   7.352485454199e-03  -9.362931824332e-04  -1.151868955973e-03   1.062023859079e-03  -1.339297732198e-03
  -1.077816697403e-04  -3.282305282534e-04   9.465005520840e-04   2.467883831402e-03  -6.564162992298e-03  -6.996998573026e-03  -6.981500979729e-04  -1.799550291298e-03   1.283090523940e-05  -1.403587705159e-03  -3.606822655495e-03   2.551803437914e-05   1.374590231758e-03   4.255204449317e-03  -3.711927009893e-05   2.462192670487e-03   8.003649203159e-03  -8.651516244570e-05  -1.251861808788e-04   1.910248866073e-03  -6.988137892619e-05  -1.773750470189e-03   6.360821002810e-04  -3.611189177522e-04   1.310661481604e-05   2.471433291067e-04   6.870419652659e-07  -3.994844665488e-04  -4.393816846121e-06  -1.365173972487e-03   3.057942332309e-03   6.202925690004e-03   3.549048646172e-03  -1.585863623443e-04  -1.073304736419e-04  -5.670035837674e-04  -4.180070785957e-06  -7.678854853499e-04  -1.225437976531e-03  -2.189271646440e-03   6.485108358763e-04   4.680030588469e-05   3.010863142154e-03  -3.754283163223e-03   1.074219277777e-03   7.442497140316e-05   1.784202251869e-03  -2.218234428652e-03   1.004862289549e-03   4.255149839846e-05   1.113965898957e-03   4.857337320243e-04  -4.440546614896e-04   1.830663941066e-06   2.336578781833e-04   9.693784621244e-06   3.216689195460e-04  -6.513264760868e-06  -4.374221296116e-04   8.802100679593e-04   1.594316020467e-03   8.463381149931e-04  -5.512474904829e-04  -8.986252823060e-05   1.802779835799e-04   5.560173517620e-07   1.485075862392e-03   2.015672467069e-03   1.044012648631e-04   5.365450590028e-04  -2.294648790830e-05  -1.144019634157e-04  -2.068278727063e-04   1.408676018407e-03   1.893555167290e-03   4.748348033330e-05   5.328694247610e-04  -2.708778645277e-05  -1.038015616381e-04   2.046003901349e-04
