ARMA_MAT_TXT_FN008
43 43
  -1.323878501522e+01  -1.660251051087e+01  -6.243306600798e-05  -2.621232533460e-02  -1.292185494584e-28  -6.163497924118e+00  -5.414813154818e-05  -1.291403372488e-02  -5.934528700738e-29  -2.739441418866e+00  -2.664947627023e-05  -5.659938901087e-03  -1.819661337005e-29  -1.204624002678e+00  -9.426293605027e-06  -2.160633156837e-03  -4.859249422862e-30  -2.490918266148e-05   0.000000000000e+00   1.395969252878e-04   0.000000000000e+00   2.446789101706e-04  -2.089488505034e-01  -1.235978031315e+00  -1.176856957869e+00  -6.931679653590e-01   7.640585510584e-01   6.208056690520e-01   1.312479364926e+00  -2.066354424895e-01  -1.231383904044e+00  -1.175421452990e+00  -6.928676580151e-01  -1.508520585954e+00   6.179130200239e-01   1.823486539877e-16  -2.089488505034e-01  -1.235978031315e+00  -1.176856957869e+00  -6.931679653590e-01   7.640585510584e-01   6.208056690520e-01  -1.312479364926e+00
  -1.660251051087e+01  -1.229390111194e+01  -6.618947504723e-05  -2.479703989339e-02  -1.637994904589e-28  -5.550079892670e+00  -4.444171941072e-05  -6.826253533636e-03  -4.950400780163e-29  -2.573859695056e+00  -2.045241850820e-05  -2.136319077103e-03  -1.249940864987e-29  -1.145565136964e+00  -6.138132989724e-06  -5.717316051840e-04  -3.124456842586e-30  -2.362004492762e-05   0.000000000000e+00   4.530457391716e-04   0.000000000000e+00   7.827685075155e-04  -2.200263269170e-01  -1.173326600906e+00  -1.117438161831e+00  -6.610517807608e-01   7.322859101903e-01   5.965137248419e-01   1.257898339451e+00  -2.176713936919e-01  -1.169051175749e+00  -1.116085720146e+00  -6.607666330247e-01  -1.446252456505e+00   5.939285971645e-01   5.135127954351e-19  -2.200263269170e-01  -1.173326600906e+00  -1.117438161831e+00  -6.610517807608e-01   7.322859101903e-01   5.965137248419e-01  -1.257898339451e+00
  -6.243306600798e-05  -6.618947504723e-05   1.369482046425e+00  -2.383259083201e-04   0.000000000000e+00  -4.154759175385e-04  -5.973478914037e-01  -2.960293178719e-04   0.000000000000e+00  -3.104868684843e-04  -6.083838712998e-01  -1.447964907475e-04   0.000000000000e+00  -1.385362807765e-04  -2.461086152758e-01  -3.776460597195e-05   0.000000000000e+00  -8.603801700993e-02   0.000000000000e+00  -5.934392378071e-02  -2.553097127290e-28   3.393551869530e-02  -2.163524133391e-01  -1.998010731347e-01  -8.206712718488e-02  -2.105320840398e-02  -1.184285412063e-01   1.015089573224e-01   2.180153416333e-01   4.285883733099e-01   3.964967112894e-01   1.628029064645e-01   4.167041042833e-02   2.564943490608e-01  -2.021914869169e-01  -6.601414979916e-15  -2.163524133391e-01  -1.998010731347e-01  -8.206712718488e-02  -2.105320840398e-02  -1.184285412063e-01   1.015089573224e-01  -2.180153416333e-01
  -2.621232533460e-02  -2.479703989339e-02  -2.383259083201e-04   1.321120826206e+00   0.000000000000e+00  -2.259208702652e-02  -3.008043070645e-04  -6.281185891040e-01   0.000000000000e+00  -2.284159512934e-02  -1.522619185643e-04  -6.280386780250e-01   0.000000000000e+00  -1.682382384876e-02  -4.063012596496e-05  -2.604989167904e-01   0.000000000000e+00  -2.622548672151e-04  -2.553097127290e-28   1.002946856971e-02   0.000000000000e+00   1.697599225901e-02  -1.734287661610e-01  -1.710158745385e-01  -8.301532708301e-02  -2.959372959701e-02   1.103582046926e-01  -1.850210616597e-01   1.898003717730e-01  -1.731313275558e-01  -1.711073338794e-01  -8.314203705123e-02  -2.963938810633e-02  -2.197450298816e-01  -1.836644880730e-01   2.713569321258e-15  -1.734287661610e-01  -1.710158745385e-01  -8.301532708301e-02  -2.959372959701e-02   1.103582046926e-01  -1.850210616597e-01  -1.898003717730e-01
  -1.292185494584e-28  -1.637994904589e-28   0.000000000000e+00   0.000000000000e+00   1.369227211966e+00  -4.391081965909e-28   0.000000000000e+00   0.000000000000e+00  -5.974582627920e-01  -2.741350831058e-28   0.000000000000e+00   0.000000000000e+00  -6.083345235749e-01  -1.342837122362e-28   0.000000000000e+00   0.000000000000e+00  -2.460662532915e-01   0.000000000000e+00  -8.582374078223e-02  -2.948062627416e-28  -6.936845410758e-02   0.000000000000e+00  -3.721892821019e-01  -3.433286757074e-01  -1.407889046088e-01  -3.603990069494e-02   2.179312844844e-01   1.745221725716e-01   1.288291197709e-01   7.967316733600e-16  -1.401046726830e-15  -2.350188364453e-16  -2.030358022179e-17  -6.601414979989e-15   2.713569321278e-15  -2.443317840426e-01   3.721892821019e-01   3.433286757074e-01   1.407889046088e-01   3.603990069494e-02  -2.179312844844e-01  -1.745221725716e-01   1.288291197709e-01
  -6.163497924118e+00  -5.550079892670e+00  -4.154759175385e-04  -2.259208702652e-02  -4.391081965909e-28  -2.960935314634e+00  -9.409615957008e-04  -8.304729671149e-02  -7.082323301937e-28  -1.982307428952e+00  -5.915857983985e-04  -6.355467661078e-02  -4.550131413868e-28  -1.127884867206e+00  -1.858604187733e-04  -2.059215017806e-02  -1.655130270850e-28  -4.993863410771e-04   0.000000000000e+00  -3.858670596214e-02   0.000000000000e+00  -6.781397967113e-02  -5.078803964313e-01  -1.073717009742e+00  -1.074531422789e+00  -7.029633997351e-01   4.442457032578e-01   3.647631955596e-01   7.634362796603e-01  -5.056841856598e-01  -1.070708575904e+00  -1.073289994324e+00  -7.026477755792e-01  -8.793165125294e-01   3.639551531507e-01   4.680971269960e-15  -5.078803964313e-01  -1.073717009742e+00  -1.074531422789e+00  -7.029633997351e-01   4.442457032578e-01   3.647631955596e-01  -7.634362796603e-01
  -5.414813154818e-05  -4.444171941072e-05  -5.973478914037e-01  -3.008043070645e-04   0.000000000000e+00  -9.409615957008e-04  -9.377700214788e-02  -5.965247917456e-04   0.000000000000e+00  -9.999145032835e-04  -4.622865354089e-01  -3.608024265893e-04   0.000000000000e+00  -5.598201012622e-04  -2.998260514231e-01  -1.056734110901e-04   0.000000000000e+00  -2.049504816712e-01   0.000000000000e+00  -1.469038561907e-01  -6.829469958672e-28   8.395154841358e-02  -2.311571973357e-01  -1.894010026260e-01  -9.704906025252e-02  -2.895593434571e-02  -1.201934385555e-01  -1.119897405959e-02  -1.053386459277e-02   4.592198892424e-01   3.754045119989e-01   1.914745022021e-01   5.661750271328e-02  -1.384955107238e-01   2.192427006592e-02  -1.323065000300e-14  -2.311571973357e-01  -1.894010026260e-01  -9.704906025251e-02  -2.895593434571e-02  -1.201934385556e-01  -1.119897405960e-02   1.053386459279e-02
  -1.291403372488e-02  -6.826253533636e-03  -2.960293178719e-04  -6.281185891040e-01   0.000000000000e+00  -8.304729671149e-02  -5.965247917456e-04  -3.104276531039e-02   0.000000000000e+00  -1.276082971850e-01  -3.678025454905e-04  -3.933068662400e-01   0.000000000000e+00  -9.069055732297e-02  -1.093911115359e-04  -2.800409766277e-01   0.000000000000e+00  -6.305906008045e-04  -6.829469958672e-28   1.581187854523e-02   0.000000000000e+00   2.648934493696e-02  -1.861561480940e-01  -1.881519656411e-01  -1.507596322491e-01  -8.128317004043e-02   6.681753746562e-03  -1.385027127792e-01   1.193498919927e-02  -1.863691959311e-01  -1.881669522594e-01  -1.507864094529e-01  -8.130931977363e-02  -1.365552756712e-02  -1.383836868756e-01   5.438574314386e-15  -1.861561480940e-01  -1.881519656411e-01  -1.507596322491e-01  -8.128317004043e-02   6.681753746553e-03  -1.385027127792e-01  -1.193498919927e-02
  -5.934528700738e-29  -4.950400780163e-29   0.000000000000e+00   0.000000000000e+00  -5.974582627920e-01  -7.082323301937e-28   0.000000000000e+00   0.000000000000e+00  -9.315894773024e-02  -8.396313774191e-28   0.000000000000e+00   0.000000000000e+00  -4.613476294597e-01  -5.415177050688e-28   0.000000000000e+00   0.000000000000e+00  -2.993726506624e-01   0.000000000000e+00  -2.042508705445e-01  -7.885992638124e-28  -1.714266994713e-01   0.000000000000e+00  -3.976888375703e-01  -3.248802662229e-01  -1.656988992384e-01  -4.911357346792e-02  -1.093325018977e-02  -1.910984724549e-02  -1.329183918828e-01  -3.551420973698e-15  -3.980599599186e-15  -8.310858502249e-16  -8.483389378383e-17  -1.323065000350e-14   5.438574314583e-15  -1.138196347932e-01   3.976888375703e-01   3.248802662230e-01   1.656988992384e-01   4.911357346792e-02   1.093325018978e-02   1.910984724549e-02  -1.329183918828e-01
  -2.739441418866e+00  -2.573859695056e+00  -3.104868684843e-04  -2.284159512934e-02  -2.741350831058e-28  -1.982307428952e+00  -9.999145032835e-04  -1.276082971850e-01  -8.396313774191e-28  -1.369013864807e+00  -7.630711738394e-04  -1.433232040801e-01  -1.306894313252e-27  -8.376619348183e-01  -2.656767621142e-04  -6.448346051866e-02  -8.854259707178e-28  -5.453451264424e-04   0.000000000000e+00  -4.817038857973e-02   0.000000000000e+00  -8.487980179778e-02  -4.696991606222e-01  -7.958174798043e-01  -7.992642579130e-01  -5.522680854311e-01   3.034462291199e-01   2.391145853731e-01   5.217129117999e-01  -4.682585309587e-01  -7.938672554060e-01  -7.983854802055e-01  -5.520218963771e-01  -6.006390212271e-01   2.385767433549e-01   2.281219905633e-15  -4.696991606222e-01  -7.958174798043e-01  -7.992642579130e-01  -5.522680854311e-01   3.034462291199e-01   2.391145853731e-01  -5.217129117999e-01
  -2.664947627023e-05  -2.045241850820e-05  -6.083838712998e-01  -1.522619185643e-04   0.000000000000e+00  -5.915857983985e-04  -4.622865354089e-01  -3.678025454905e-04   0.000000000000e+00  -7.630711738394e-04  -2.096646116264e-01  -2.207154669921e-04   0.000000000000e+00  -4.725821629213e-04  -1.519371452365e-01  -4.872111263826e-05   0.000000000000e+00  -1.687521504122e-01   0.000000000000e+00  -1.296890617991e-01  -5.210378571172e-28   7.422614276196e-02  -1.981393675355e-01  -1.190042584703e-01  -5.055739567737e-02  -1.929702364492e-02   1.658595570400e-03   2.577391612023e-02   6.887328064885e-02   3.936022080047e-01   2.360289131465e-01   9.940574965611e-02   3.754742928679e-02   1.188494371873e-01  -5.109587902546e-02  -4.349539183481e-15  -1.981393675355e-01  -1.190042584703e-01  -5.055739567737e-02  -1.929702364491e-02   1.658595570393e-03   2.577391612023e-02  -6.887328064884e-02
  -5.659938901087e-03  -2.136319077103e-03  -1.447964907475e-04  -6.280386780250e-01   0.000000000000e+00  -6.355467661078e-02  -3.608024265893e-04  -3.933068662400e-01   0.000000000000e+00  -1.433232040801e-01  -2.207154669921e-04  -9.967382940133e-02   0.000000000000e+00  -1.208692095338e-01  -5.002174581911e-05  -1.033353834031e-01   0.000000000000e+00  -4.093022403446e-04  -5.210378571172e-28   6.753639011372e-03   0.000000000000e+00   1.078658716126e-02  -1.593881441331e-01  -1.310657159943e-01  -1.293891825253e-01  -9.454240668452e-02   4.074458305164e-02  -2.768750473530e-02   7.038837921197e-02  -1.595870259113e-01  -1.311472415955e-01  -1.293727369387e-01  -9.454786989870e-02  -8.091309497709e-02  -2.735534261213e-02   1.787916094617e-15  -1.593881441331e-01  -1.310657159943e-01  -1.293891825253e-01  -9.454240668452e-02   4.074458305163e-02  -2.768750473530e-02  -7.038837921197e-02
  -1.819661337005e-29  -1.249940864987e-29   0.000000000000e+00   0.000000000000e+00  -6.083345235749e-01  -4.550131413868e-28   0.000000000000e+00   0.000000000000e+00  -4.613476294597e-01  -1.306894313252e-27   0.000000000000e+00   0.000000000000e+00  -2.079871267330e-01  -1.569885633314e-27   0.000000000000e+00   0.000000000000e+00  -1.510199521705e-01   0.000000000000e+00  -1.679790120839e-01  -6.016426941292e-28  -1.510314516031e-01   0.000000000000e+00  -3.408352544724e-01  -2.039089742952e-01  -8.581002601316e-02  -3.253087970823e-02   6.850394186040e-02   4.436993935056e-02   7.930548836321e-02  -3.648574102501e-15  -4.251391655749e-15  -1.656119991527e-15  -2.688066202079e-16  -4.349539184419e-15   1.787916095026e-15  -3.779438470833e-02   3.408352544724e-01   2.039089742952e-01   8.581002601316e-02   3.253087970823e-02  -6.850394186039e-02  -4.436993935056e-02   7.930548836322e-02
  -1.204624002678e+00  -1.145565136964e+00  -1.385362807765e-04  -1.682382384876e-02  -1.342837122362e-28  -1.127884867206e+00  -5.598201012622e-04  -9.069055732297e-02  -5.415177050688e-28  -8.376619348183e-01  -4.725821629213e-04  -1.208692095338e-01  -1.569885633314e-27  -4.820660319012e-01  -1.897909911536e-04  -6.757311272789e-02  -2.317161089108e-27  -3.196716002484e-04   0.000000000000e+00  -3.072965539134e-02   0.000000000000e+00  -5.425570504946e-02  -3.387261088494e-01  -5.048042301518e-01  -4.733304620344e-01  -3.162093583495e-01   1.859167608476e-01   1.421687035793e-01   3.196658467105e-01  -3.380305728788e-01  -5.037511462475e-01  -4.728276612578e-01  -3.160711551995e-01  -3.682977078392e-01   1.419776689958e-01   2.892452410151e-16  -3.387261088494e-01  -5.048042301518e-01  -4.733304620344e-01  -3.162093583495e-01   1.859167608476e-01   1.421687035793e-01  -3.196658467105e-01
  -9.426293605027e-06  -6.138132989724e-06  -2.461086152758e-01  -4.063012596496e-05   0.000000000000e+00  -1.858604187733e-04  -2.998260514231e-01  -1.093911115359e-04   0.000000000000e+00  -2.656767621142e-04  -1.519371452365e-01  -5.002174581911e-05   0.000000000000e+00  -1.897909911536e-04   4.724630942860e-03   2.668474037562e-06   0.000000000000e+00  -7.064319361391e-02   0.000000000000e+00  -5.626850150581e-02  -1.970317391101e-28   3.223324118020e-02  -1.195286868470e-01  -7.607731420666e-02  -1.118036638779e-02   7.043990764395e-04  -2.361236851179e-02   2.515388639952e-02   6.008639318703e-02   2.376457599566e-01   1.511306957619e-01   2.182729791137e-02  -1.767549335393e-03   7.939127915625e-02  -5.002919071814e-02  -3.434551665753e-16  -1.195286868470e-01  -7.607731420666e-02  -1.118036638779e-02   7.043990764403e-04  -2.361236851179e-02   2.515388639952e-02  -6.008639318703e-02
  -2.160633156837e-03  -5.717316051840e-04  -3.776460597195e-05  -2.604989167904e-01   0.000000000000e+00  -2.059215017806e-02  -1.056734110901e-04  -2.800409766277e-01   0.000000000000e+00  -6.448346051866e-02  -4.872111263826e-05  -1.033353834031e-01   0.000000000000e+00  -6.757311272789e-02   2.668474037562e-06   3.336262858503e-02   0.000000000000e+00  -1.396590143530e-04  -1.970317391101e-28   1.843045545193e-03   0.000000000000e+00   2.761078674701e-03  -9.641704412551e-02  -7.738155666603e-02  -5.559182280008e-02  -4.773265690229e-02   3.189746522897e-02  -4.666069869458e-02   5.496361253730e-02  -9.663791491716e-02  -7.750913670566e-02  -5.557701563323e-02  -4.771317495675e-02  -6.346753012540e-02  -4.630478293729e-02   1.411802478815e-16  -9.641704412551e-02  -7.738155666603e-02  -5.559182280008e-02  -4.773265690229e-02   3.189746522897e-02  -4.666069869458e-02  -5.496361253730e-02
  -4.859249422862e-30  -3.124456842586e-30   0.000000000000e+00   0.000000000000e+00  -2.460662532915e-01  -1.655130270850e-28   0.000000000000e+00   0.000000000000e+00  -2.993726506624e-01  -8.854259707178e-28   0.000000000000e+00   0.000000000000e+00  -1.510199521705e-01  -2.317161089108e-27   0.000000000000e+00   0.000000000000e+00   5.322209025199e-03   0.000000000000e+00  -7.028686817527e-02  -2.275126552283e-28  -6.547467590059e-02   0.000000000000e+00  -2.055896628976e-01  -1.305158866048e-01  -1.874078534053e-02   1.513740885074e-03   5.994142860155e-02   4.325698908506e-02   4.440359626744e-02  -7.241017706729e-16  -1.355760111055e-15  -1.194459518530e-15  -4.360394626504e-16  -3.434551671317e-16   1.411802481302e-16  -5.816708464714e-02   2.055896628976e-01   1.305158866048e-01   1.874078534053e-02  -1.513740885074e-03  -5.994142860155e-02  -4.325698908506e-02   4.440359626744e-02
  -2.490918266148e-05  -2.362004492762e-05  -8.603801700993e-02  -2.622548672151e-04   0.000000000000e+00  -4.993863410771e-04  -2.049504816712e-01  -6.305906008045e-04   0.000000000000e+00  -5.453451264424e-04  -1.687521504122e-01  -4.093022403446e-04   0.000000000000e+00  -3.196716002484e-04  -7.064319361391e-02  -1.396590143530e-04   0.000000000000e+00   2.175743537103e+00   0.000000000000e+00  -6.383958373279e-02   0.000000000000e+00   3.666053028584e-02  -9.786270367957e-03  -3.334740509327e-02  -2.561163748424e-02  -6.722053975352e-03  -2.865812789174e-02   4.634374432523e-02  -2.135945150997e-01   2.027881718902e-02   6.534923980385e-02   4.997495783072e-02   1.277054062880e-02  -3.964668043356e-01  -8.968642816266e-02  -1.222055040103e-14  -9.786270367949e-03  -3.334740509327e-02  -2.561163748424e-02  -6.722053975352e-03  -2.865812789176e-02   4.634374432523e-02   2.135945150997e-01
   0.000000000000e+00   0.000000000000e+00   0.000000000000e+00  -2.553097127290e-28  -8.582374078223e-02   0.000000000000e+00   0.000000000000e+00  -6.829469958672e-28  -2.042508705445e-01   0.000000000000e+00   0.000000000000e+00  -5.210378571172e-28  -1.679790120839e-01   0.000000000000e+00   0.000000000000e+00  -1.970317391101e-28  -7.028686817527e-02   0.000000000000e+00   2.176423114962e+00   0.000000000000e+00  -7.443268135691e-02   0.000000000000e+00  -1.671158147038e-02  -5.659990319151e-02  -4.327809279616e-02  -1.114832974494e-02  -2.139809274966e-01   7.962660901777e-02  -2.717276687599e-01  -4.771451155755e-15  -1.970045074573e-15  -1.319394014943e-16  -4.629685908791e-18  -1.222055040124e-14  -2.620353154906e-15   9.541477808267e-02   1.671158147038e-02   5.659990319152e-02   4.327809279616e-02   1.114832974494e-02   2.139809274966e-01  -7.962660901776e-02  -2.717276687598e-01
   1.395969252878e-04   4.530457391716e-04  -5.934392378071e-02   1.002946856971e-02  -2.948062627416e-28  -3.858670596214e-02  -1.469038561907e-01   1.581187854523e-02  -7.885992638124e-28  -4.817038857973e-02  -1.296890617991e-01   6.753639011372e-03  -6.016426941292e-28  -3.072965539134e-02  -5.626850150581e-02   1.843045545193e-03  -2.275126552283e-28  -6.383958373279e-02   0.000000000000e+00   2.139690188734e+00   0.000000000000e+00   5.080107908254e-02  -4.546977107073e-03  -3.952422704840e-02  -4.981199542316e-02  -2.479181440793e-02  -3.008401614774e-01  -2.320026102441e-01  -4.194054269997e-02   1.280239502820e-02   3.243464620802e-02   1.316285649936e-02  -8.636802915077e-03  -2.687591516133e-01   1.089027853809e-01  -1.885847774705e-14  -4.546977107091e-03  -3.952422704841e-02  -4.981199542317e-02  -2.479181440793e-02  -3.008401614774e-01  -2.320026102441e-01   4.194054269993e-02
   0.000000000000e+00   0.000000000000e+00  -2.553097127290e-28   0.000000000000e+00  -6.936845410758e-02   0.000000000000e+00  -6.829469958672e-28   0.000000000000e+00  -1.714266994713e-01   0.000000000000e+00  -5.210378571172e-28   0.000000000000e+00  -1.510314516031e-01   0.000000000000e+00  -1.970317391101e-28   0.000000000000e+00  -6.547467590059e-02   0.000000000000e+00  -7.443268135691e-02   0.000000000000e+00   2.108357370650e+00   0.000000000000e+00  -1.109732017723e-02  -4.829761436671e-02  -4.217766118216e-02  -1.080277817683e-02  -1.856535314382e-02  -2.289441587196e-01  -3.440572493652e-01   1.160771124911e-14   4.792612064280e-15   3.209745682826e-16   1.126283292299e-17   2.208573317718e-14  -1.222055040123e-14  -3.153170223419e-01   1.109732017722e-02   4.829761436670e-02   4.217766118216e-02   1.080277817683e-02   1.856535314386e-02   2.289441587196e-01  -3.440572493652e-01
   2.446789101706e-04   7.827685075155e-04   3.393551869530e-02   1.697599225901e-02   0.000000000000e+00  -6.781397967113e-02   8.395154841358e-02   2.648934493696e-02   0.000000000000e+00  -8.487980179778e-02   7.422614276196e-02   1.078658716126e-02   0.000000000000e+00  -5.425570504946e-02   3.223324118020e-02   2.761078674701e-03   0.000000000000e+00   3.666053028584e-02   0.000000000000e+00   5.080107908254e-02   0.000000000000e+00   2.197864596304e+00   4.880229406318e-03  -1.366312851959e-02  -3.886008110616e-02  -3.121010459459e-02   1.309720480220e-01  -1.419500913718e-01  -4.894851251698e-02  -5.530157765336e-03  -5.472227776065e-02  -7.491963663756e-02  -4.045687697976e-02   2.400751525193e-01  -3.376914863770e-01   1.235304316585e-14   4.880229406328e-03  -1.366312851959e-02  -3.886008110616e-02  -3.121010459459e-02   1.309720480220e-01  -1.419500913718e-01   4.894851251700e-02
  -2.089488505034e-01  -2.200263269170e-01  -2.163524133391e-01  -1.734287661610e-01  -3.721892821019e-01  -5.078803964313e-01  -2.311571973357e-01  -1.861561480940e-01  -3.976888375703e-01  -4.696991606222e-01  -1.981393675355e-01  -1.593881441331e-01  -3.408352544724e-01  -3.387261088494e-01  -1.195286868470e-01  -9.641704412551e-02  -2.055896628976e-01  -9.786270367957e-03  -1.671158147038e-02  -4.546977107073e-03  -1.109732017723e-02   4.880229406318e-03   4.774784014602e-01  -5.410635109119e-01  -4.940878987608e-01  -2.825157667729e-01   1.590402004057e-01   1.196910052085e-01   2.730883576076e-01  -2.632438930205e-02  -1.689610562905e-01  -2.555287780421e-01  -2.114978759584e-01  -1.665222441597e-01  -4.637111737247e-03  -1.030539186006e-01  -2.755215314994e-02  -1.711720750561e-01  -2.568271505095e-01  -2.119362913124e-01  -5.968590962509e-03  -4.549694620311e-03  -1.988696394283e-01
  -1.235978031315e+00  -1.173326600906e+00  -1.998010731347e-01  -1.710158745385e-01  -3.433286757074e-01  -1.073717009742e+00  -1.894010026260e-01  -1.881519656411e-01  -3.248802662229e-01  -7.958174798043e-01  -1.190042584703e-01  -1.310657159943e-01  -2.039089742952e-01  -5.048042301518e-01  -7.607731420666e-02  -7.738155666603e-02  -1.305158866048e-01  -3.334740509327e-02  -5.659990319151e-02  -3.952422704840e-02  -4.829761436671e-02  -1.366312851959e-02  -5.410635109119e-01  -5.948875839267e-01  -5.690853910315e-01  -3.755749504576e-01   2.799203979378e-01   2.104806841110e-01   4.810751880716e-01  -1.687764937058e-01  -3.917641941823e-01  -4.411085848108e-01  -3.254250277139e-01  -3.318592757270e-01   6.951979524965e-02  -8.943066678151e-02  -1.711720750561e-01  -3.944579905952e-01  -4.424179728656e-01  -3.258612667837e-01   8.985708376038e-02   7.008361067435e-02  -3.339871323648e-01
  -1.176856957869e+00  -1.117438161831e+00  -8.206712718488e-02  -8.301532708301e-02  -1.407889046088e-01  -1.074531422789e+00  -9.704906025252e-02  -1.507596322491e-01  -1.656988992384e-01  -7.992642579130e-01  -5.055739567737e-02  -1.293891825253e-01  -8.581002601316e-02  -4.733304620344e-01  -1.118036638779e-02  -5.559182280008e-02  -1.874078534053e-02  -2.561163748424e-02  -4.327809279616e-02  -4.981199542316e-02  -4.217766118216e-02  -3.886008110616e-02  -4.940878987608e-01  -5.690853910315e-01  -4.730474134994e-01  -3.196332784133e-01   2.166620978364e-01   1.615355508792e-01   3.724899256406e-01  -2.551477917463e-01  -4.405682842365e-01  -4.499702036407e-01  -3.121165240228e-01  -3.350241365400e-01   1.067192777642e-01  -3.184818056230e-02  -2.568271505095e-01  -4.424179728656e-01  -4.507581738389e-01  -3.123396343625e-01   1.415543452598e-01   1.071060013884e-01  -3.074694036748e-01
  -6.931679653590e-01  -6.610517807608e-01  -2.105320840398e-02  -2.959372959701e-02  -3.603990069494e-02  -7.029633997351e-01  -2.895593434571e-02  -8.128317004043e-02  -4.911357346792e-02  -5.522680854311e-01  -1.929702364492e-02  -9.454240668452e-02  -3.253087970823e-02  -3.162093583495e-01   7.043990764395e-04  -4.773265690229e-02   1.513740885074e-03  -6.722053975352e-03  -1.114832974494e-02  -2.479181440793e-02  -1.080277817683e-02  -3.121010459459e-02  -2.825157667729e-01  -3.755749504576e-01  -3.196332784133e-01  -1.961415299959e-01   1.240113794243e-01   9.189458728054e-02   2.132227966684e-01  -2.112100002035e-01  -3.249313385269e-01  -3.119238308025e-01  -2.008792852036e-01  -2.276623763280e-01   7.794966906658e-02  -1.154713975113e-02  -2.119362913124e-01  -3.258612667837e-01  -3.123396343625e-01  -2.009624457520e-01   1.048684943525e-01   7.809417338435e-02  -2.035655883878e-01
   7.640585510584e-01   7.322859101903e-01  -1.184285412063e-01   1.103582046926e-01   2.179312844844e-01   4.442457032578e-01  -1.201934385555e-01   6.681753746562e-03  -1.093325018977e-02   3.034462291199e-01   1.658595570400e-03   4.074458305164e-02   6.850394186040e-02   1.859167608476e-01  -2.361236851179e-02   3.189746522897e-02   5.994142860155e-02  -2.865812789174e-02  -2.139809274966e-01  -3.008401614774e-01  -1.856535314382e-02   1.309720480220e-01   1.590402004057e-01   2.799203979378e-01   2.166620978364e-01   1.240113794243e-01   1.287897733781e+00  -9.685064478354e-02  -2.123473647941e-01   1.728648788882e-01   2.447199906114e-01   1.966854339246e-01   1.248967566825e-01   2.320430481290e-01  -5.428174420924e-02   9.421708584515e-02  -5.968590962510e-03   8.985708376038e-02   1.415543452598e-01   1.048684943525e-01  -8.755138452876e-02  -1.092466822386e-02   9.067209541666e-02
   6.208056690520e-01   5.965137248419e-01   1.015089573224e-01  -1.850210616597e-01   1.745221725716e-01   3.647631955596e-01  -1.119897405959e-02  -1.385027127792e-01  -1.910984724549e-02   2.391145853731e-01   2.577391612023e-02  -2.768750473530e-02   4.436993935056e-02   1.421687035793e-01   2.515388639952e-02  -4.666069869458e-02   4.325698908506e-02   4.634374432523e-02   7.962660901777e-02  -2.320026102441e-01  -2.289441587196e-01  -1.419500913718e-01   1.196910052085e-01   2.104806841110e-01   1.615355508792e-01   9.189458728054e-02  -9.685064478354e-02   1.325694639060e+00  -1.662343547028e-01  -5.040802911895e-03   6.912867821815e-02   1.066492243412e-01   7.796432887409e-02   6.416517439472e-02  -9.388645695714e-02   2.487564995666e-02  -4.549694620311e-03   7.008361067435e-02   1.071060013884e-01   7.809417338435e-02  -1.092466822386e-02  -9.485141228764e-02   6.918451674595e-02
   1.312479364926e+00   1.257898339451e+00   2.180153416333e-01   1.898003717730e-01   1.288291197709e-01   7.634362796603e-01  -1.053386459277e-02   1.193498919927e-02  -1.329183918828e-01   5.217129117999e-01   6.887328064885e-02   7.038837921197e-02   7.930548836321e-02   3.196658467105e-01   6.008639318703e-02   5.496361253730e-02   4.440359626744e-02  -2.135945150997e-01  -2.717276687599e-01  -4.194054269997e-02  -3.440572493652e-01  -4.894851251698e-02   2.730883576076e-01   4.810751880716e-01   3.724899256406e-01   2.132227966684e-01  -2.123473647941e-01  -1.662343547028e-01   1.046452642791e+00   9.194023243985e-02   2.421398188757e-01   2.743985523406e-01   1.916412543547e-01   2.715048675424e-01  -4.332198842195e-02   1.881569418210e-02   1.988696394283e-01   3.339871323648e-01   3.074694036748e-01   2.035655883878e-01  -9.067209541666e-02  -6.918451674595e-02   3.363251947091e-01
  -2.066354424895e-01  -2.176713936919e-01   4.285883733099e-01  -1.731313275558e-01   7.967316733600e-16  -5.056841856598e-01   4.592198892424e-01  -1.863691959311e-01  -3.551420973698e-15  -4.682585309587e-01   3.936022080047e-01  -1.595870259113e-01  -3.648574102501e-15  -3.380305728788e-01   2.376457599566e-01  -9.663791491716e-02  -7.241017706729e-16   2.027881718902e-02  -4.771451155755e-15   1.280239502820e-02   1.160771124911e-14  -5.530157765336e-03  -2.632438930205e-02  -1.687764937058e-01  -2.551477917463e-01  -2.112100002035e-01   1.728648788882e-01  -5.040802911895e-03   9.194023243985e-02   4.792991936218e-01  -5.394525655476e-01  -4.932634867774e-01  -2.821346604327e-01  -3.144337609644e-01   1.192425741340e-01  -5.809376263638e-25  -2.632438930205e-02  -1.687764937058e-01  -2.551477917463e-01  -2.112100002035e-01   1.728648788882e-01  -5.040802911895e-03  -9.194023243985e-02
  -1.231383904044e+00  -1.169051175749e+00   3.964967112894e-01  -1.711073338794e-01  -1.401046726830e-15  -1.070708575904e+00   3.754045119989e-01  -1.881669522594e-01  -3.980599599186e-15  -7.938672554060e-01   2.360289131465e-01  -1.311472415955e-01  -4.251391655749e-15  -5.037511462475e-01   1.511306957619e-01  -7.750913670566e-02  -1.355760111055e-15   6.534923980385e-02  -1.970045074573e-15   3.243464620802e-02   4.792612064280e-15  -5.472227776065e-02  -1.689610562905e-01  -3.917641941823e-01  -4.405682842365e-01  -3.249313385269e-01   2.447199906114e-01   6.912867821815e-02   2.421398188757e-01  -5.394525655476e-01  -5.928434059648e-01  -5.678183285389e-01  -3.749184337747e-01  -5.540037463331e-01   2.099271519087e-01  -1.059687709214e-24  -1.689610562905e-01  -3.917641941823e-01  -4.405682842365e-01  -3.249313385269e-01   2.447199906114e-01   6.912867821815e-02  -2.421398188757e-01
  -1.175421452990e+00  -1.116085720146e+00   1.628029064645e-01  -8.314203705123e-02  -2.350188364453e-16  -1.073289994324e+00   1.914745022021e-01  -1.507864094529e-01  -8.310858502249e-16  -7.983854802055e-01   9.940574965611e-02  -1.293727369387e-01  -1.656119991527e-15  -4.728276612578e-01   2.182729791137e-02  -5.557701563323e-02  -1.194459518530e-15   4.997495783072e-02  -1.319394014943e-16   1.316285649936e-02   3.209745682826e-16  -7.491963663756e-02  -2.555287780421e-01  -4.411085848108e-01  -4.499702036407e-01  -3.119238308025e-01   1.966854339246e-01   1.066492243412e-01   2.743985523406e-01  -4.932634867774e-01  -5.678183285389e-01  -4.722319947020e-01  -3.192261861551e-01  -4.291841373720e-01   1.612740938301e-01  -7.971844122597e-25  -2.555287780421e-01  -4.411085848108e-01  -4.499702036407e-01  -3.119238308025e-01   1.966854339246e-01   1.066492243412e-01  -2.743985523406e-01
  -6.928676580151e-01  -6.607666330247e-01   4.167041042833e-02  -2.963938810633e-02  -2.030358022179e-17  -7.026477755792e-01   5.661750271328e-02  -8.130931977363e-02  -8.483389378383e-17  -5.520218963771e-01   3.754742928679e-02  -9.454786989870e-02  -2.688066202079e-16  -3.160711551995e-01  -1.767549335393e-03  -4.771317495675e-02  -4.360394626504e-16   1.277054062880e-02  -4.629685908791e-18  -8.636802915077e-03   1.126283292299e-17  -4.045687697976e-02  -2.114978759584e-01  -3.254250277139e-01  -3.121165240228e-01  -2.008792852036e-01   1.248967566825e-01   7.796432887409e-02   1.916412543547e-01  -2.821346604327e-01  -3.749184337747e-01  -3.192261861551e-01  -1.959637723189e-01  -2.457250567701e-01   9.178850195468e-02  -4.451069017485e-25  -2.114978759584e-01  -3.254250277139e-01  -3.121165240228e-01  -2.008792852036e-01   1.248967566825e-01   7.796432887409e-02  -1.916412543547e-01
  -1.508520585954e+00  -1.446252456505e+00   2.564943490608e-01  -2.197450298816e-01  -6.601414979989e-15  -8.793165125294e-01  -1.384955107238e-01  -1.365552756712e-02  -1.323065000350e-14  -6.006390212271e-01   1.188494371873e-01  -8.091309497709e-02  -4.349539184419e-15  -3.682977078392e-01   7.939127915625e-02  -6.346753012540e-02  -3.434551671317e-16  -3.964668043356e-01  -1.222055040124e-14  -2.687591516133e-01   2.208573317718e-14   2.400751525193e-01  -1.665222441597e-01  -3.318592757270e-01  -3.350241365400e-01  -2.276623763280e-01   2.320430481290e-01   6.416517439472e-02   2.715048675424e-01  -3.144337609644e-01  -5.540037463331e-01  -4.291841373720e-01  -2.457250567701e-01   9.267152388409e-01   1.917036855465e-01   0.000000000000e+00  -1.665222441597e-01  -3.318592757270e-01  -3.350241365400e-01  -2.276623763280e-01   2.320430481290e-01   6.416517439472e-02  -2.715048675424e-01
   6.179130200239e-01   5.939285971645e-01  -2.021914869169e-01  -1.836644880730e-01   2.713569321278e-15   3.639551531507e-01   2.192427006592e-02  -1.383836868756e-01   5.438574314583e-15   2.385767433549e-01  -5.109587902546e-02  -2.735534261213e-02   1.787916095026e-15   1.419776689958e-01  -5.002919071814e-02  -4.630478293729e-02   1.411802481302e-16  -8.968642816266e-02  -2.620353154906e-15   1.089027853809e-01  -1.222055040123e-14  -3.376914863770e-01  -4.637111737247e-03   6.951979524965e-02   1.067192777642e-01   7.794966906658e-02  -5.428174420924e-02  -9.388645695714e-02  -4.332198842195e-02   1.192425741340e-01   2.099271519087e-01   1.612740938301e-01   9.178850195468e-02   1.917036855465e-01   1.326833495158e+00   0.000000000000e+00  -4.637111737247e-03   6.951979524965e-02   1.067192777642e-01   7.794966906658e-02  -5.428174420924e-02  -9.388645695714e-02   4.332198842195e-02
   1.823486539877e-16   5.135127954351e-19  -6.601414979916e-15   2.713569321258e-15  -2.443317840426e-01   4.680971269960e-15  -1.323065000300e-14   5.438574314386e-15  -1.138196347932e-01   2.281219905633e-15  -4.349539183481e-15   1.787916094617e-15  -3.779438470833e-02   2.892452410151e-16  -3.434551665753e-16   1.411802478815e-16  -5.816708464714e-02  -1.222055040103e-14   9.541477808267e-02  -1.885847774705e-14  -3.153170223419e-01   1.235304316585e-14  -1.030539186006e-01  -8.943066678151e-02  -3.184818056230e-02  -1.154713975113e-02   9.421708584515e-02   2.487564995666e-02   1.881569418210e-02  -5.809376263638e-25  -1.059687709214e-24  -7.971844122597e-25  -4.451069017485e-25   0.000000000000e+00   0.000000000000e+00   1.412521060590e+00   1.030539186006e-01   8.943066678151e-02   3.184818056230e-02   1.154713975113e-02  -9.421708584515e-02  -2.487564995666e-02   1.881569418210e-02
  -2.089488505034e-01  -2.200263269170e-01  -2.163524133391e-01  -1.734287661610e-01   3.721892821019e-01  -5.078803964313e-01  -2.311571973357e-01  -1.861561480940e-01   3.976888375703e-01  -4.696991606222e-01  -1.981393675355e-01  -1.593881441331e-01   3.408352544724e-01  -3.387261088494e-01  -1.195286868470e-01  -9.641704412551e-02   2.055896628976e-01  -9.786270367949e-03   1.671158147038e-02  -4.546977107091e-03   1.109732017722e-02   4.880229406328e-03  -2.755215314994e-02  -1.711720750561e-01  -2.568271505095e-01  -2.119362913124e-01  -5.968590962510e-03  -4.549694620311e-03   1.988696394283e-01  -2.632438930205e-02  -1.689610562905e-01  -2.555287780421e-01  -2.114978759584e-01  -1.665222441597e-01  -4.637111737247e-03   1.030539186006e-01   4.774784014602e-01  -5.410635109119e-01  -4.940878987608e-01  -2.825157667729e-01   1.590402004057e-01   1.196910052085e-01  -2.730883576076e-01
  -1.235978031315e+00  -1.173326600906e+00  -1.998010731347e-01  -1.710158745385e-01   3.433286757074e-01  -1.073717009742e+00  -1.894010026260e-01  -1.881519656411e-01   3.248802662230e-01  -7.958174798043e-01  -1.190042584703e-01  -1.310657159943e-01   2.039089742952e-01  -5.048042301518e-01  -7.607731420666e-02  -7.738155666603e-02   1.305158866048e-01  -3.334740509327e-02   5.659990319152e-02  -3.952422704841e-02   4.829761436670e-02  -1.366312851959e-02  -1.711720750561e-01  -3.944579905952e-01  -4.424179728656e-01  -3.258612667837e-01   8.985708376038e-02   7.008361067435e-02   3.339871323648e-01  -1.687764937058e-01  -3.917641941823e-01  -4.411085848108e-01  -3.254250277139e-01  -3.318592757270e-01   6.951979524965e-02   8.943066678151e-02  -5.410635109119e-01  -5.948875839267e-01  -5.690853910315e-01  -3.755749504576e-01   2.799203979378e-01   2.104806841110e-01  -4.810751880716e-01
  -1.176856957869e+00  -1.117438161831e+00  -8.206712718488e-02  -8.301532708301e-02   1.407889046088e-01  -1.074531422789e+00  -9.704906025251e-02  -1.507596322491e-01   1.656988992384e-01  -7.992642579130e-01  -5.055739567737e-02  -1.293891825253e-01   8.581002601316e-02  -4.733304620344e-01  -1.118036638779e-02  -5.559182280008e-02   1.874078534053e-02  -2.561163748424e-02   4.327809279616e-02  -4.981199542317e-02   4.217766118216e-02  -3.886008110616e-02  -2.568271505095e-01  -4.424179728656e-01  -4.507581738389e-01  -3.123396343625e-01   1.415543452598e-01   1.071060013884e-01   3.074694036748e-01  -2.551477917463e-01  -4.405682842365e-01  -4.499702036407e-01  -3.121165240228e-01  -3.350241365400e-01   1.067192777642e-01   3.184818056230e-02  -4.940878987608e-01  -5.690853910315e-01  -4.730474134994e-01  -3.196332784133e-01   2.166620978364e-01   1.615355508792e-01  -3.724899256406e-01
  -6.931679653590e-01  -6.610517807608e-01  -2.105320840398e-02  -2.959372959701e-02   3.603990069494e-02  -7.029633997351e-01  -2.895593434571e-02  -8.128317004043e-02   4.911357346792e-02  -5.522680854311e-01  -1.929702364491e-02  -9.454240668452e-02   3.253087970823e-02  -3.162093583495e-01   7.043990764403e-04  -4.773265690229e-02  -1.513740885074e-03  -6.722053975352e-03   1.114832974494e-02  -2.479181440793e-02   1.080277817683e-02  -3.121010459459e-02  -2.119362913124e-01  -3.258612667837e-01  -3.123396343625e-01  -2.009624457520e-01   1.048684943525e-01   7.809417338435e-02   2.035655883878e-01  -2.112100002035e-01  -3.249313385269e-01  -3.119238308025e-01  -2.008792852036e-01  -2.276623763280e-01   7.794966906658e-02   1.154713975113e-02  -2.825157667729e-01  -3.755749504576e-01  -3.196332784133e-01  -1.961415299959e-01   1.240113794243e-01   9.189458728054e-02  -2.132227966684e-01
   7.640585510584e-01   7.322859101903e-01  -1.184285412063e-01   1.103582046926e-01  -2.179312844844e-01   4.442457032578e-01  -1.201934385556e-01   6.681753746553e-03   1.093325018978e-02   3.034462291199e-01   1.658595570393e-03   4.074458305163e-02  -6.850394186039e-02   1.859167608476e-01  -2.361236851179e-02   3.189746522897e-02  -5.994142860155e-02  -2.865812789176e-02   2.139809274966e-01  -3.008401614774e-01   1.856535314386e-02   1.309720480220e-01  -5.968590962509e-03   8.985708376038e-02   1.415543452598e-01   1.048684943525e-01  -8.755138452876e-02  -1.092466822386e-02  -9.067209541666e-02   1.728648788882e-01   2.447199906114e-01   1.966854339246e-01   1.248967566825e-01   2.320430481290e-01  -5.428174420924e-02  -9.421708584515e-02   1.590402004057e-01   2.799203979378e-01   2.166620978364e-01   1.240113794243e-01   1.287897733781e+00  -9.685064478354e-02   2.123473647941e-01
   6.208056690520e-01   5.965137248419e-01   1.015089573224e-01  -1.850210616597e-01  -1.745221725716e-01   3.647631955596e-01  -1.119897405960e-02  -1.385027127792e-01   1.910984724549e-02   2.391145853731e-01   2.577391612023e-02  -2.768750473530e-02  -4.436993935056e-02   1.421687035793e-01   2.515388639952e-02  -4.666069869458e-02  -4.325698908506e-02   4.634374432523e-02  -7.962660901776e-02  -2.320026102441e-01   2.289441587196e-01  -1.419500913718e-01  -4.549694620311e-03   7.008361067435e-02   1.071060013884e-01   7.809417338435e-02  -1.092466822386e-02  -9.485141228764e-02  -6.918451674595e-02  -5.040802911895e-03   6.912867821815e-02   1.066492243412e-01   7.796432887409e-02   6.416517439472e-02  -9.388645695714e-02  -2.487564995666e-02   1.196910052085e-01   2.104806841110e-01   1.615355508792e-01   9.189458728054e-02  -9.685064478354e-02   1.325694639060e+00   1.662343547028e-01
  -1.312479364926e+00  -1.257898339451e+00  -2.180153416333e-01  -1.898003717730e-01   1.288291197709e-01  -7.634362796603e-01   1.053386459279e-02  -1.193498919927e-02  -1.329183918828e-01  -5.217129117999e-01  -6.887328064884e-02  -7.038837921197e-02   7.930548836322e-02  -3.196658467105e-01  -6.008639318703e-02  -5.496361253730e-02   4.440359626744e-02   2.135945150997e-01  -2.717276687598e-01   4.194054269993e-02  -3.440572493652e-01   4.894851251700e-02  -1.988696394283e-01  -3.339871323648e-01  -3.074694036748e-01  -2.035655883878e-01   9.067209541666e-02   6.918451674595e-02   3.363251947091e-01  -9.194023243985e-02  -2.421398188757e-01  -2.743985523406e-01  -1.916412543547e-01  -2.715048675424e-01   4.332198842195e-02   1.881569418210e-02  -2.730883576076e-01  -4.810751880716e-01  -3.724899256406e-01  -2.132227966684e-01   2.123473647941e-01   1.662343547028e-01   1.046452642791e+00
