ARMA_MAT_TXT_FN008
73 73
   1.000000000000e+00   8.784438346368e-01   4.101581979058e-17  -3.529849908102e-22   4.401817979402e-20   3.291794955376e-01  -1.750649388089e-18   0.000000000000e+00  -4.378290708858e-25   1.537612665257e-01   2.036396941001e-17  -2.587660825298e-22   2.482592280979e-21   6.556249676812e-02   5.922286529115e-21   8.031613609168e-23  -9.266822256091e-22  -1.256674208756e-36  -1.534026133735e-40   0.000000000000e+00   1.005339367005e-35   0.000000000000e+00   0.000000000000e+00   0.000000000000e+00   1.582362420456e-08   1.254660617855e-06   1.778808756568e-03   2.544991036313e-02  -4.199409131820e-08   3.291897021413e-13  -2.438247168293e-12  -3.637663124709e-06   2.851546974644e-11  -2.112088042534e-10  -5.813211922113e-04   4.556949420871e-09  -3.375248055822e-08  -2.268242533962e-02   1.778064629334e-07  -1.316979546843e-06  -8.211824360544e-02   6.437210403724e-07  -4.767922549365e-06   4.114416311646e-02  -5.982121520974e-02   4.689356859138e-07  -3.473319793582e-06  -7.997642299681e-08  -4.643564863080e-12  -2.945189866319e-03   5.923705560463e-07   5.101218520169e-03   1.222532982171e-02   7.519436763306e-02   7.960872841915e-02   4.894105720413e-02   2.891267445366e-02   7.243183193120e-02   4.494375983928e-02   1.223104431716e-02   7.520732934593e-02   7.961334876863e-02   4.894207376598e-02   2.866070987027e-02   2.813888618103e-03  -8.530848352508e-02   1.222593438858e-02   7.519573911392e-02   7.960921732423e-02   4.894116477403e-02   2.891813585398e-02  -7.523004721457e-02   4.008648836219e-02
   8.784438346368e-01   1.000000000000e+00  -5.904216818381e-16   0.000000000000e+00   4.224475292059e-21   4.187995882560e-01   1.504906358660e-18   0.000000000000e+00   3.035704194059e-20   1.871454501484e-01   0.000000000000e+00   0.000000000000e+00   0.000000000000e+00   7.831571041382e-02   1.408012979422e-17  -2.148457305026e-22   7.168723099733e-23   0.000000000000e+00   0.000000000000e+00   0.000000000000e+00   0.000000000000e+00   0.000000000000e+00  -1.906314800710e-11  -1.063777654661e-10  -2.821358662859e-09  -7.265631380918e-08   1.542256021608e-03   2.983183665345e-02   6.479281238003e-09  -5.079078017587e-14   3.761979039248e-13   1.918844781309e-07  -1.504173378174e-12   1.114113368704e-11  -2.375357856789e-04   1.862031825931e-09  -1.379172494557e-08  -2.533406160816e-02   1.985925146380e-07  -1.470937982903e-06  -9.907855738758e-02   7.766721405608e-07  -5.752666730143e-06   4.901989566845e-02  -7.173814487480e-02   5.623519357656e-07  -4.165236658514e-06  -6.834818334147e-08  -3.968409822886e-12  -2.516971495045e-03   5.062423380995e-07   4.359522539478e-03   1.113019242148e-02   9.014710031301e-02   9.564765868910e-02   5.832715145417e-02   3.481392128313e-02   8.721559464474e-02   5.411704544041e-02   1.113632271277e-02   9.016321296905e-02   9.565328263510e-02   5.832836891950e-02   3.451140807871e-02   3.388306110594e-03  -1.027230623678e-01   1.113084095903e-02   9.014880519149e-02   9.564825379015e-02   5.832728028314e-02   3.482059122265e-02  -9.058518622870e-02   4.826850637468e-02
   4.101581979058e-17  -5.904216818381e-16   1.000000000000e+00   0.000000000000e+00   1.212085926620e-35  -7.038493835085e-16   6.291202128136e-01   0.000000000000e+00   0.000000000000e+00   0.000000000000e+00   2.202302509580e-01   0.000000000000e+00   0.000000000000e+00   3.807918460672e-17   5.734990148843e-02  -1.080052786344e-37   0.000000000000e+00   0.000000000000e+00   0.000000000000e+00   2.663096722672e-16   2.252414571312e-22  -4.612618829138e-16   4.126729403629e-08   2.209730159782e-07   5.048918885131e-06   1.086950063886e-04   1.671682687323e-02   6.283541925649e-02  -1.125004814698e-05   9.155584699654e-11  -6.781372054710e-10  -2.773110963510e-04   2.281126541196e-09  -1.689588189852e-08  -1.118393874092e-02   9.460013548874e-08  -7.006856866273e-07  -9.862541669931e-02   9.042948262383e-07  -6.697944331292e-06  -6.712350025363e-02   9.283291551324e-07  -6.875962155017e-06   2.800613774841e-02  -2.201602204017e-03   3.144434035642e-07  -2.329024065278e-06  -8.445694741197e-07  -5.379919086297e-11  -2.808152924390e-02   6.255569707386e-06   4.863863579589e-02  -3.516318527869e-02  -5.683216159566e-02  -2.138618476101e-02  -4.893525327705e-03   5.366970823190e-02  -1.045321456149e-01  -6.486191944533e-02  -3.485813720355e-02  -5.632570841138e-02  -2.119346334309e-02  -4.849254256677e-03   5.443895539457e-02  -4.023888541970e-03   1.219919747999e-01  -3.516997551289e-02  -5.684170308883e-02  -2.138954663074e-02  -4.894276093071e-03   5.365875386991e-02   1.085862178494e-01  -5.786039380914e-02
  -3.529849908102e-22   0.000000000000e+00   0.000000000000e+00   1.000000000000e+00   0.000000000000e+00   0.000000000000e+00   0.000000000000e+00   6.291202128136e-01   0.000000000000e+00   0.000000000000e+00   0.000000000000e+00   2.202302509580e-01   0.000000000000e+00  -5.810422455859e-22  -1.080052786344e-37   5.734990148843e-02   0.000000000000e+00  -4.612618829138e-16   2.252414571312e-22   0.000000000000e+00   0.000000000000e+00   0.000000000000e+00  -3.234923725114e-13  -1.732197055056e-12  -3.957823712242e-11  -8.520550309375e-10  -1.310424177880e-07  -4.925638893395e-07   9.155584699654e-11   4.295535363078e-07   5.315885584675e-15   2.281126541196e-09   1.368778863941e-05   1.324460216901e-13   9.460013548874e-08   8.840169160852e-04   5.492642065470e-12   9.042948262383e-07   1.673371896705e-02   5.250486985586e-11   9.283291551324e-07   5.130164809699e-02   5.390034318386e-11  -2.195387935334e-07   3.144434035642e-07   3.791133242600e-02   1.825710985194e-11  -1.046281682914e-02  -6.074886419785e-07   2.201297839124e-07  -5.379919086297e-11  -5.453110289389e-07  -8.809056838910e-02  -1.423755378833e-01  -5.357652204543e-02  -1.225922578195e-02  -1.045321456149e-01  -1.664773161730e-01  -1.624916316728e-01  -3.422347735604e-03  -5.530018988461e-03  -2.080759532798e-03  -4.760964198345e-04  -4.023888541970e-03   9.502899126224e-02   1.197708748120e-02   9.149410362169e-02   1.478727407853e-01   5.564454814979e-02   1.273237747489e-02   1.085862178494e-01  -1.870863600779e-01   1.505228476723e-01
   4.401817979402e-20   4.224475292059e-21   1.212085926620e-35   0.000000000000e+00   1.000000000000e+00   2.471149445380e-20   0.000000000000e+00   0.000000000000e+00   6.291202128136e-01   0.000000000000e+00   0.000000000000e+00   0.000000000000e+00   2.202302509580e-01   5.505330966219e-22   0.000000000000e+00   0.000000000000e+00   5.734990148843e-02   0.000000000000e+00   0.000000000000e+00   2.600864318147e-22  -4.612618829138e-16   0.000000000000e+00   2.396048102688e-12   1.283006283897e-11   2.931486737344e-10   6.311013840649e-09   9.706069236659e-07   3.648329521164e-06  -6.781372054710e-10   5.315885584675e-15   4.295534976517e-07  -1.689588189852e-08   1.324460216901e-13   1.368778767629e-05  -7.006856866273e-07   5.492642065470e-12   8.840168761438e-04  -6.697944331292e-06   5.250486985586e-11   1.673371858525e-02  -6.875962155017e-06   5.390034318386e-11   5.130164770504e-02   1.626083192096e-06  -2.329024065278e-06   1.825710985194e-11   3.791133229324e-02  -5.379919086297e-11   8.201752481465e-08  -2.682661742059e-06  -1.046281643792e-02   3.431529174682e-06  -5.465996433096e-02  -8.834364409963e-02  -3.324409000343e-02  -7.606817122654e-03  -6.486191944533e-02  -1.624916316728e-01  -5.429735473399e-03   1.037551001634e-01   1.676532364272e-01   6.308225534634e-02   1.443378509245e-02   1.219919747999e-01   1.197708748120e-02  -2.676845509109e-01  -4.875282491289e-02  -7.879429991143e-02  -2.965031412866e-02  -6.784474028234e-03  -5.786039380914e-02   1.505228476723e-01   1.519245630709e-02
   3.291794955376e-01   4.187995882560e-01  -7.038493835085e-16   0.000000000000e+00   2.471149445380e-20   1.000000000000e+00   0.000000000000e+00   9.423207694894e-21   0.000000000000e+00   7.746967835845e-01   0.000000000000e+00   0.000000000000e+00   0.000000000000e+00   4.100964372946e-01  -7.622953462239e-17   1.163170389136e-21  -9.305363113085e-21   0.000000000000e+00   0.000000000000e+00   0.000000000000e+00   0.000000000000e+00   0.000000000000e+00   1.477760646264e-04   4.951968524116e-04   2.212262001399e-03   6.302784560278e-03   5.313267972699e-02   1.879820691088e-01  -2.126037228430e-03   1.666590560718e-08  -1.234412768364e-07  -5.483353103309e-03   4.298374647844e-08  -3.183726509424e-07  -4.815156138039e-02   3.774578196809e-07  -2.795760177188e-06  -2.065177032612e-01   1.618882540126e-06  -1.199076320913e-05  -4.522197178521e-01   3.544929049522e-06  -2.625663306164e-05   2.652951427502e-01  -3.563592383504e-01   2.793483269801e-06  -2.069081331512e-05  -1.421813218401e-06  -8.255285314639e-11  -5.235930447653e-02   1.053110723409e-05   9.068897620262e-02   1.903935694760e-01   4.294491432664e-01   4.647711077053e-01   3.145556580257e-01   1.255810354803e-01   3.146047409150e-01   1.952114083407e-01   1.904322707641e-01   4.294979585530e-01   4.647941047739e-01   3.145618123149e-01   1.244637278445e-01   1.221976248088e-02  -3.704657673990e-01   1.903976644084e-01   4.294543085571e-01   4.647735411634e-01   3.145563092567e-01   1.256023106340e-01  -3.267523123540e-01   1.741106546051e-01
  -1.750649388089e-18   1.504906358660e-18   6.291202128136e-01   0.000000000000e+00   0.000000000000e+00   0.000000000000e+00   1.000000000000e+00   0.000000000000e+00   0.000000000000e+00   0.000000000000e+00   6.534608721805e-01   0.000000000000e+00   0.000000000000e+00  -2.532588849439e-16   2.263653730943e-01  -7.183267372319e-37   5.746613897856e-36   1.050198378904e-20   0.000000000000e+00   0.000000000000e+00   0.000000000000e+00   0.000000000000e+00   6.885290561536e-04   2.279125404345e-03   9.633407054789e-03   2.478850796198e-02   1.332629736427e-01   2.415375454311e-01  -8.396673970329e-03   7.295195732150e-08  -5.403416394970e-07  -1.796411594289e-02   1.592112746017e-07  -1.179248430108e-06  -1.322832110492e-01   1.198464390022e-06  -8.876803819386e-06  -3.373269028926e-01   3.336959492644e-06  -2.471624106320e-05  -1.966814570433e-01   3.058542245035e-06  -2.265405606418e-05   1.126375278766e-01   1.174091655516e-03   1.186041502355e-06  -8.784789790762e-06  -3.432746636789e-06  -2.346328246416e-10  -1.040104598263e-01   2.542571870314e-05   1.801514026439e-01  -1.253825875470e-01  -1.581566093817e-01  -7.451057612573e-02  -1.994021502245e-02   2.047383482463e-01  -1.749772015022e-01  -1.085728900124e-01  -1.242711087587e-01  -1.567403832904e-01  -7.383862577119e-02  -1.975979931176e-02   2.060345843196e-01  -6.734776119599e-03   2.041777822860e-01  -1.254042629710e-01  -1.581824325551e-01  -7.452223576782e-02  -1.994327219779e-02   2.047209373924e-01   1.817609373227e-01  -9.685169647580e-02
   0.000000000000e+00   0.000000000000e+00   0.000000000000e+00   6.291202128136e-01   0.000000000000e+00   9.423207694894e-21   0.000000000000e+00   1.000000000000e+00   0.000000000000e+00   0.000000000000e+00   0.000000000000e+00   6.534608721805e-01   0.000000000000e+00   3.864423903563e-21  -7.183267372319e-37   2.263653730943e-01  -8.768636929101e-41   0.000000000000e+00   0.000000000000e+00  -6.063323167628e-21   0.000000000000e+00  -1.050198378904e-20  -5.397346812279e-09  -1.786595660123e-08  -7.551582376061e-08  -1.943159453244e-07  -1.044642168049e-06  -1.893401431976e-06   7.295195732150e-08   9.096656189241e-04   4.235712639018e-12   1.592112746017e-07   2.346157314784e-03   9.244072851023e-12   1.198464390022e-06   2.060256485968e-02   6.958484666637e-11   3.336959492644e-06   8.836254224821e-02   1.937494485116e-10   3.058542245035e-06   1.934908402526e-01   1.775840775206e-10  -8.829602710219e-07   1.186041502355e-06   1.524751038987e-01   6.886355303376e-11  -7.760601986366e-02  -4.505935293164e-06   8.153330912760e-07  -2.346328246416e-10  -2.628898215409e-06  -3.141075905259e-01  -3.962128431910e-01  -1.866633796083e-01  -4.995408866423e-02  -1.749772015022e-01  -1.637675311924e-01  -2.719960526056e-01  -1.220085127263e-02  -1.538866212785e-02  -7.249425069176e-03  -1.940003392486e-03  -6.734776119599e-03   2.739700654852e-01   2.004603306215e-02   3.262370946681e-01   4.115089551319e-01   1.938683511156e-01   5.188208937909e-02   1.817609373227e-01  -1.982589106365e-01   2.519580700318e-01
  -4.378290708858e-25   3.035704194059e-20   0.000000000000e+00   0.000000000000e+00   6.291202128136e-01   0.000000000000e+00   0.000000000000e+00   0.000000000000e+00   1.000000000000e+00   0.000000000000e+00   0.000000000000e+00   0.000000000000e+00   6.534608721805e-01  -3.091539122851e-20   5.746613897856e-36  -8.768636929101e-41   2.263653730943e-01   0.000000000000e+00   1.050198378904e-20   0.000000000000e+00   0.000000000000e+00   0.000000000000e+00   3.997714842150e-08   1.323298323381e-07   5.593317234649e-07   1.439262225882e-06   7.737471104218e-06   1.402407380889e-05  -5.403416394970e-07   4.235712639018e-12   9.096655881228e-04  -1.179248430108e-06   9.244072851023e-12   2.346157247563e-03  -8.876803819386e-06   6.958484666637e-11   2.060256435367e-02  -2.471624106320e-05   1.937494485116e-10   8.836254083930e-02  -2.265405606418e-05   1.775840775206e-10   1.934908389613e-01   6.539923231286e-06  -8.784789790762e-06   6.886355303376e-11   1.524751033979e-01  -2.346328246416e-10   6.083499178027e-07  -1.384353009988e-05  -7.760601815745e-02   1.496582699815e-05  -1.949029278412e-01  -2.458490196207e-01  -1.158241325702e-01  -3.099637968632e-02  -1.085728900124e-01  -2.719960526056e-01   1.058113128443e-01   3.698924374928e-01   4.665370978656e-01   2.197803619878e-01   5.881496032990e-02   2.041777822860e-01   2.004603306215e-02  -3.331030372125e-01  -1.738361197811e-01  -2.192734093837e-01  -1.033031572960e-01  -2.764548008549e-02  -9.685169647580e-02   2.519580700318e-01   1.403327448683e-01
   1.537612665257e-01   1.871454501484e-01   0.000000000000e+00   0.000000000000e+00   0.000000000000e+00   7.746967835845e-01   0.000000000000e+00   0.000000000000e+00   0.000000000000e+00   1.000000000000e+00   3.388898270627e-16   0.000000000000e+00   0.000000000000e+00   7.744077347687e-01   0.000000000000e+00   0.000000000000e+00   0.000000000000e+00   0.000000000000e+00   0.000000000000e+00   0.000000000000e+00   0.000000000000e+00   0.000000000000e+00   2.698321164998e-03   8.626229417002e-03   3.139643074479e-02   6.384759775762e-02   1.974053763868e-01   3.958907278686e-01  -9.694407735087e-03   7.599400521775e-08  -5.628735249739e-07  -1.548989977498e-02   1.214245941051e-07  -8.993694845615e-07  -1.076341518136e-01   8.437390419355e-07  -6.249418849968e-06  -2.949752430880e-01   2.312297024727e-06  -1.712675589825e-05  -6.172990438101e-01   4.838978103472e-06  -3.584141478750e-05   5.340296865861e-01  -5.924503872536e-01   4.644190656151e-06  -3.439866023364e-05  -1.122526901632e-06  -6.517578910084e-11  -4.133786848018e-02   8.314348904090e-06   7.159928895821e-02   2.680762622791e-01   5.824506097675e-01   7.593826596586e-01   6.308481309394e-01   7.040799073052e-02   1.763856110710e-01   1.094468044190e-01   2.680966564178e-01   5.824848349479e-01   7.594093695427e-01   6.308587633834e-01   6.977455330690e-02   6.850417253173e-03  -2.076836672293e-01   2.680784202798e-01   5.824542313246e-01   7.593854860100e-01   6.308492560386e-01   7.041917018992e-02  -1.831942945752e-01   9.761546389254e-02
   2.036396941001e-17   0.000000000000e+00   2.202302509580e-01   0.000000000000e+00   0.000000000000e+00   0.000000000000e+00   6.534608721805e-01   0.000000000000e+00   0.000000000000e+00   3.388898270627e-16   1.000000000000e+00   0.000000000000e+00   0.000000000000e+00   0.000000000000e+00   6.530545656898e-01   0.000000000000e+00   0.000000000000e+00   0.000000000000e+00   0.000000000000e+00   0.000000000000e+00  -4.646508046464e-20   0.000000000000e+00   6.914658937431e-03   2.202434443847e-02   7.879160826640e-02   1.549761643694e-01   4.018450691909e-01   5.659320970598e-01  -1.681275705543e-02   1.910474192971e-07  -1.415052858825e-06  -2.435180557627e-02   2.855681844227e-07  -2.115150663869e-06  -1.577957026140e-01   1.894821772689e-06  -1.403459400955e-05  -3.175976222164e-01   4.292545488983e-06  -3.179408959393e-05  -1.981748546919e-01   5.326465355779e-06  -3.945214259820e-05   3.412457393503e-01   8.336068477095e-02   2.967644522299e-06  -2.198079346324e-05  -1.536052425209e-06  -1.400037499376e-10  -2.433484677156e-02   1.137725588545e-05   4.214919202082e-02  -1.204107287293e-01  -2.020734851203e-01  -1.577032746784e-01  -6.277775650304e-02   2.509430447514e-01  -7.414400586445e-02  -4.600615922927e-02  -1.193280212652e-01  -2.002530068067e-01  -1.562788411166e-01  -6.220958528813e-02   2.514952246576e-01  -2.853475267360e-03   8.650862947053e-02  -1.204299104824e-01  -2.021053046558e-01  -1.577277137823e-01  -6.278736339421e-02   2.509359818801e-01   7.701769499619e-02  -4.103904023005e-02
  -2.587660825298e-22   0.000000000000e+00   0.000000000000e+00   2.202302509580e-01   0.000000000000e+00   0.000000000000e+00   0.000000000000e+00   6.534608721805e-01   0.000000000000e+00   0.000000000000e+00   0.000000000000e+00   1.000000000000e+00   0.000000000000e+00   0.000000000000e+00   0.000000000000e+00   6.530545656898e-01   0.000000000000e+00   0.000000000000e+00  -4.646508046464e-20   0.000000000000e+00   0.000000000000e+00   0.000000000000e+00  -5.420368543694e-08  -1.726477977728e-07  -6.176437027752e-07  -1.214850846544e-06  -3.150044553449e-06  -4.436315029458e-06   1.910474192971e-07   7.558791384231e-03   1.109253265135e-11   2.855681844227e-07   1.207757339723e-02   1.658056634080e-11   1.894821772689e-06   8.392303291006e-02   1.100165208165e-10   4.292545488983e-06   2.299940735998e-01   2.492323694773e-10   5.326465355779e-06   4.813119916009e-01   3.092634859588e-10  -2.675009263626e-06   2.967644522299e-06   4.619373360181e-01   1.723064037311e-10  -1.116528422019e-01  -6.482750734331e-06   1.907597166393e-07  -1.400037499376e-10  -2.080888262410e-06  -3.016521242271e-01  -5.062330963345e-01  -3.950771522300e-01  -1.572704010947e-01  -7.414400586445e-02   9.479411876780e-02  -1.152543116838e-01  -1.171554237068e-02  -1.966070132753e-02  -1.534334823732e-02  -6.107693939597e-03  -2.853475267360e-03   2.802789899736e-01   8.493357245395e-03   3.132963997882e-01   5.257735729698e-01   4.103260118427e-01   1.633402767203e-01   7.701769499619e-02   8.018103594794e-02   1.067623774139e-01
   2.482592280979e-21   0.000000000000e+00   0.000000000000e+00   0.000000000000e+00   2.202302509580e-01   0.000000000000e+00   0.000000000000e+00   0.000000000000e+00   6.534608721805e-01   0.000000000000e+00   0.000000000000e+00   0.000000000000e+00   1.000000000000e+00   0.000000000000e+00   0.000000000000e+00   0.000000000000e+00   6.530545656898e-01   0.000000000000e+00   0.000000000000e+00  -5.365325342836e-20   0.000000000000e+00   0.000000000000e+00   4.014766612319e-07   1.278770269220e-06   4.574772538476e-06   8.998175268595e-06   2.333179671928e-05   3.285896395868e-05  -1.415052858825e-06   1.109253265135e-11   7.558791303569e-03  -2.115150663869e-06   1.658056634080e-11   1.207757327666e-02  -1.403459400955e-05   1.100165208165e-10   8.392303211005e-02  -3.179408959393e-05   2.492323694773e-10   2.299940717875e-01  -3.945214259820e-05   3.092634859588e-10   4.813119893520e-01   1.981329828900e-05  -2.198079346324e-05   1.723064037311e-10   4.619373347651e-01  -1.400037499376e-10   8.752413584577e-07  -1.264137554508e-05  -1.116528411838e-01   8.930003309889e-06  -1.871743439977e-01  -3.141162952494e-01  -2.451443263879e-01  -9.758586726537e-02  -4.600615922927e-02  -1.152543116838e-01   2.090241740069e-01   3.551793581619e-01   5.960522404835e-01   4.651633195081e-01   1.851665714379e-01   8.650862947053e-02   8.493357245395e-03   2.306656698209e-02  -1.669406433869e-01  -2.801595505302e-01  -2.186430755722e-01  -8.703620885882e-02  -4.103904023005e-02   1.067623774139e-01   2.236527259384e-01
   6.556249676812e-02   7.831571041382e-02   3.807918460672e-17  -5.810422455859e-22   5.505330966219e-22   4.100964372946e-01  -2.532588849439e-16   3.864423903563e-21  -3.091539122851e-20   7.744077347687e-01   0.000000000000e+00   0.000000000000e+00   0.000000000000e+00   1.000000000000e+00   0.000000000000e+00   0.000000000000e+00   0.000000000000e+00   0.000000000000e+00   0.000000000000e+00   0.000000000000e+00   0.000000000000e+00   0.000000000000e+00   3.460352021137e-03   1.104438272906e-02   3.990150302297e-02   8.008139662823e-02   2.361810560051e-01   4.701764686970e-01  -3.761851362629e-03   2.948897548896e-08  -2.184193810259e-07  -6.126626378507e-03   4.802633535727e-08  -3.557221730407e-07  -4.337847103519e-02   3.400417894798e-07  -2.518626569748e-06  -1.300659389959e-01   1.019580764169e-06  -7.551845926254e-06  -3.834611579866e-01   3.005933940179e-06  -2.226439609150e-05   7.700346403900e-01  -5.410518803746e-01   4.241280183775e-06  -3.141437697096e-05  -1.564025749784e-07  -9.080995053929e-12  -5.759638423827e-03   1.158444912080e-06   9.975986449330e-03   1.766515773283e-01   4.419972258561e-01   7.701828285673e-01   9.138767039025e-01   1.630824321903e-02   4.085529803986e-02   2.535060420686e-02   1.766559402323e-01   4.420071911348e-01   7.701966394660e-01   9.138872484827e-01   1.616076332284e-02   1.586652535119e-03  -4.810244470285e-02   1.766520389985e-01   4.419982803548e-01   7.701842900021e-01   9.138778197068e-01   1.631075149115e-02  -4.243214745862e-02   2.261005872336e-02
   5.922286529115e-21   1.408012979422e-17   5.734990148843e-02  -1.080052786344e-37   0.000000000000e+00  -7.622953462239e-17   2.263653730943e-01  -7.183267372319e-37   5.746613897856e-36   0.000000000000e+00   6.530545656898e-01   0.000000000000e+00   0.000000000000e+00   0.000000000000e+00   1.000000000000e+00   0.000000000000e+00   0.000000000000e+00   0.000000000000e+00   0.000000000000e+00   0.000000000000e+00  -1.474586065380e-20   0.000000000000e+00   4.867108115594e-03   1.551712158103e-02   5.576826134565e-02   1.107783699145e-01   3.081798913768e-01   5.339142826333e-01   8.700057158361e-05   4.123711362915e-08  -3.054356648486e-07   3.123242567679e-04   6.582200106798e-08  -4.875313737684e-07   3.135813851879e-03   4.587939992828e-07  -3.398202198624e-06   2.074709857935e-02   1.286716796290e-06  -9.530473051072e-06   1.597964040343e-01   3.020352474922e-06  -2.237119150848e-05   5.681662349495e-01   3.699024991807e-01   3.129407518811e-06  -2.317894202504e-05   1.442081135091e-08  -1.207150074954e-11   8.718486175992e-03  -1.068122794003e-07  -1.510086093412e-02  -4.696430511283e-02  -1.072709579656e-01  -1.486673668102e-01  -1.135074575493e-01   1.142254774359e-01  -1.062761301083e-02  -6.594405720365e-03  -4.653961891906e-02  -1.063007052606e-01  -1.473220089078e-01  -1.124795583380e-01   1.143048213407e-01  -4.089906447915e-04   1.239934354851e-02  -4.697153106114e-02  -1.072874382770e-01  -1.486901343611e-01  -1.135247637564e-01   1.142244861786e-01   1.103946535694e-02  -5.882402257354e-03
   8.031613609168e-23  -2.148457305026e-22  -1.080052786344e-37   5.734990148843e-02   0.000000000000e+00   1.163170389136e-21  -7.183267372319e-37   2.263653730943e-01  -8.768636929101e-41   0.000000000000e+00   0.000000000000e+00   6.530545656898e-01   0.000000000000e+00   0.000000000000e+00   0.000000000000e+00   1.000000000000e+00   0.000000000000e+00   0.000000000000e+00  -1.474586065380e-20   0.000000000000e+00   0.000000000000e+00   0.000000000000e+00  -3.815303107101e-08  -1.216379845594e-07  -4.371647716391e-07  -8.683864194020e-07  -2.415807640165e-06  -4.185328891564e-06   4.123711362915e-08   5.347539112341e-03   2.394295777779e-12   6.582200106798e-08   8.709109166640e-03   3.821735455574e-12   4.587939992828e-07   6.166327378034e-02   2.663834683562e-11   1.286716796290e-06   1.848910626501e-01   7.470892895803e-11   3.020352474922e-06   5.450969064867e-01   1.753667156034e-10  -4.453828331052e-06   3.129407518811e-06   7.691149418965e-01   1.816986338235e-10  -2.836208695292e-02  -1.646750198161e-06  -6.834380212328e-08  -1.207150074954e-11  -3.262831881882e-07  -1.176546521198e-01  -2.687344614528e-01  -3.724404583778e-01  -2.843580970458e-01  -1.062761301083e-02   9.184348798085e-02  -1.652025956952e-02  -4.569227509017e-03  -1.043652952013e-02  -1.446397266286e-02  -1.104316503007e-02  -4.089906447915e-04   1.184304189482e-01   1.217358950320e-03   1.221956531816e-01   2.791064779510e-01   3.868148999924e-01   2.953327759625e-01   1.103946535694e-02   8.974902881475e-02   1.530297118011e-02
  -9.266822256091e-22   7.168723099733e-23   0.000000000000e+00   0.000000000000e+00   5.734990148843e-02  -9.305363113085e-21   5.746613897856e-36  -8.768636929101e-41   2.263653730943e-01   0.000000000000e+00   0.000000000000e+00   0.000000000000e+00   6.530545656898e-01   0.000000000000e+00   0.000000000000e+00   0.000000000000e+00   1.000000000000e+00   0.000000000000e+00   0.000000000000e+00  -1.702705323581e-20   0.000000000000e+00   0.000000000000e+00   2.825924364144e-07   9.009500281434e-07   3.237998514512e-06   6.431977410951e-06   1.789343985992e-05   3.099995610996e-05  -3.054356648486e-07   2.394295777779e-12   5.347539094930e-03  -4.875313737684e-07   3.821735455574e-12   8.709109138849e-03  -3.398202198624e-06   2.663834683562e-11   6.166327358664e-02  -9.530473051072e-06   7.470892895803e-11   1.848910621068e-01  -2.237119150848e-05   1.753667156034e-10   5.450969052115e-01   3.298868174068e-05  -2.317894202504e-05   1.816986338235e-10   7.691149405753e-01  -1.207150074954e-11   2.223290618791e-07  -2.346045123525e-06  -2.836208686514e-02   7.699689593802e-07  -7.300439996973e-02  -1.667490214461e-01  -2.310983178178e-01  -1.764434459440e-01  -6.594405720365e-03  -1.652025956953e-02   1.082169332396e-01   1.385249818233e-01   3.164036063473e-01   4.385033457539e-01   3.347949367903e-01   1.239934354851e-02   1.217358950320e-03   8.156397895100e-02  -6.511220995518e-02  -1.487224718640e-01  -2.061151303367e-01  -1.573686887744e-01  -5.882402257354e-03   1.530297118011e-02   1.103137932034e-01
  -1.256674208756e-36   0.000000000000e+00   0.000000000000e+00  -4.612618829138e-16   0.000000000000e+00   0.000000000000e+00   1.050198378904e-20   0.000000000000e+00   0.000000000000e+00   0.000000000000e+00   0.000000000000e+00   0.000000000000e+00   0.000000000000e+00   0.000000000000e+00   0.000000000000e+00   0.000000000000e+00   0.000000000000e+00   1.000000000000e+00   0.000000000000e+00   0.000000000000e+00   0.000000000000e+00   0.000000000000e+00  -7.964254072174e-09  -2.687864357138e-08  -1.224584518381e-07  -3.444210849658e-07  -1.749232821744e-06  -1.755656304410e-06   1.378824618296e-07   1.465678799475e-03   8.672779337622e-12   3.304334517015e-07   4.365759838205e-03   2.117256256049e-11   2.317518848199e-06   3.800747366351e-02   1.518578445393e-10   4.379024198535e-06   1.282637336734e-01   3.126317715766e-10   1.022938689989e-06   1.180984604262e-01   1.131451845520e-10  -2.539405012365e-07   4.557067690753e-09   4.385203454881e-02   2.022352490013e-11  -1.400496986341e-01  -9.343325764498e-06   1.351084045874e-06  -4.914712795176e-10  -4.863046028751e-06   1.855545905071e-01   1.197034360893e-01   2.163465787501e-02   2.125314204316e-03  -2.370724498915e-01   1.145356356905e-01   1.543879894242e-01   7.142432604482e-03   4.607104998023e-03   8.326060476096e-04   8.178975841943e-05  -9.278177783228e-03  -1.327147260373e-01  -1.127549270869e-02  -1.927499419574e-01  -1.243436370623e-01  -2.247313179580e-02  -2.207675596076e-03   2.461958443950e-01   1.341343946470e-01  -1.430362552297e-01
  -1.534026133735e-40   0.000000000000e+00   0.000000000000e+00   2.252414571312e-22   0.000000000000e+00   0.000000000000e+00   0.000000000000e+00   0.000000000000e+00   1.050198378904e-20   0.000000000000e+00   0.000000000000e+00  -4.646508046464e-20   0.000000000000e+00   0.000000000000e+00   0.000000000000e+00  -1.474586065380e-20   0.000000000000e+00   0.000000000000e+00   1.000000000000e+00   0.000000000000e+00   0.000000000000e+00   0.000000000000e+00  -4.624179099841e-13  -1.560618994679e-12  -7.110142499937e-12  -1.999766416553e-11  -1.015633828575e-10  -1.019363410030e-10   8.672779337622e-12   8.509976213960e-08  -1.148938651910e-08   2.117256256049e-11   2.534833170289e-07  -3.422298435241e-08   1.518578445393e-10   2.206777480475e-06  -2.979387856285e-07   3.126317715766e-10   7.447206871416e-06  -1.005453343785e-06   1.131451845520e-10   6.856994107386e-06  -9.257682573870e-07  -1.474421016431e-11   2.022352490013e-11   2.546122459284e-06  -3.437540303854e-07  -9.343325764498e-06   2.087101488081e-02   2.053048742406e-10   1.261449859117e-06  -3.555984750952e-10   2.884382406821e-01   1.860748818708e-01   3.363033292882e-02   3.303727966601e-03   1.543879894242e-01   1.780417135662e-01  -9.640062938767e-02  -2.125942089106e-02  -1.371302883289e-02  -2.478248431979e-03  -2.434468751900e-04  -1.127549270869e-02   3.950248291455e-01   2.049510240673e-02  -2.671910922648e-01  -1.723658739685e-01  -3.115238619610e-02  -3.060292770476e-03  -1.430362552297e-01   1.859378791612e-01   1.511035922737e-01
   0.000000000000e+00   0.000000000000e+00   2.663096722672e-16   0.000000000000e+00   2.600864318147e-22   0.000000000000e+00   0.000000000000e+00  -6.063323167628e-21   0.000000000000e+00   0.000000000000e+00   0.000000000000e+00   0.000000000000e+00  -5.365325342836e-20   0.000000000000e+00   0.000000000000e+00   0.000000000000e+00  -1.702705323581e-20   0.000000000000e+00   0.000000000000e+00   1.000000000000e+00   0.000000000000e+00   0.000000000000e+00  -2.932894409030e-04  -9.898255723441e-04  -4.509621434471e-03  -1.268355661803e-02  -6.441676918509e-02  -6.465331859984e-02   4.654516777489e-03  -3.648653759367e-08   4.176461396650e-07   1.090816554526e-02  -8.550859547223e-08   1.072392317442e-06   7.437250221914e-02  -5.830025387980e-07   8.140442570583e-06   1.242341958966e-01  -9.738660049356e-07   2.011218584955e-05   3.578371061155e-03  -2.805068205542e-08   1.208442839062e-05  -9.351543403231e-03  -1.249117473334e-02   9.791772987074e-08   3.684754968146e-06   1.351084045874e-06   2.053048742406e-10   7.062566567355e-02  -2.619034429342e-05  -8.617758457881e-02  -5.224088301143e-02  -3.370120450115e-02  -6.091003342745e-03  -5.983591697017e-04   4.956305179291e-02   1.241650143163e-01  -2.844869181697e-01   3.509108788354e-01   2.263491100677e-01   4.090630406607e-02   4.018367074081e-03   2.629524201140e-01   2.581648624233e-02  -9.655629366935e-02  -8.394136256849e-02  -5.415085584847e-02  -9.786904654622e-03  -9.614285522574e-04   3.260200602398e-02  -8.481357390594e-02  -2.772602945477e-01
   1.005339367005e-35   0.000000000000e+00   2.252414571312e-22   0.000000000000e+00  -4.612618829138e-16   0.000000000000e+00   0.000000000000e+00   0.000000000000e+00   0.000000000000e+00   0.000000000000e+00  -4.646508046464e-20   0.000000000000e+00   0.000000000000e+00   0.000000000000e+00  -1.474586065380e-20   0.000000000000e+00   0.000000000000e+00   0.000000000000e+00   0.000000000000e+00   0.000000000000e+00   1.000000000000e+00   0.000000000000e+00   5.898975518592e-08   1.990851358629e-07   9.070270773524e-07   2.551063200506e-06   1.295624360835e-05   1.300382115503e-05  -1.021269863323e-06   8.672779337622e-12   1.465678736409e-03  -2.447459390982e-06   2.117256256049e-11   4.365759684242e-03  -1.716543297779e-05   1.518578445393e-10   3.800747255923e-02  -3.243462138247e-05   3.126317715766e-10   1.282637314000e-01  -7.576717461024e-06   1.131451845520e-10   1.180984596034e-01   1.880890270951e-06  -3.375335656134e-08   2.022352490013e-11   4.385203440175e-02  -4.914712795176e-10   1.261449859117e-06  -2.619034429342e-05  -1.400496950602e-01   2.667635568450e-05   1.151361318702e-01   7.427566499553e-02   1.342424790060e-02   1.318751833759e-03  -1.471028271459e-01   1.543879894242e-01  -3.848031922292e-02  -2.165366781928e-01  -1.396733112653e-01  -2.524206496250e-02  -2.479614940604e-03   2.812859298948e-01  -1.127549270869e-02   2.087517537339e-01   1.027072106315e-01   6.625676766884e-02   1.197485538757e-02   1.176364569295e-03  -1.311859717835e-01  -1.430362552297e-01  -5.808362976208e-02
   0.000000000000e+00   0.000000000000e+00  -4.612618829138e-16   0.000000000000e+00   0.000000000000e+00   0.000000000000e+00   0.000000000000e+00  -1.050198378904e-20   0.000000000000e+00   0.000000000000e+00   0.000000000000e+00   0.000000000000e+00   0.000000000000e+00   0.000000000000e+00   0.000000000000e+00   0.000000000000e+00   0.000000000000e+00   0.000000000000e+00   0.000000000000e+00   0.000000000000e+00   0.000000000000e+00   1.000000000000e+00   5.079922163302e-04   1.714428193279e-03   7.810893499108e-03   2.196856462853e-02   1.115731178266e-01   1.119828334341e-01  -8.061859606360e-03   8.617531144420e-08  -5.531848127314e-07  -1.889349709572e-02   2.165512042121e-07  -1.350471354005e-06  -1.288169536339e-01   1.605667615687e-06  -9.686105229132e-06  -2.151799416037e-01   3.697692142007e-06  -1.994091412694e-05  -6.197921309025e-03   1.900121740869e-06  -7.216855784205e-06   1.619734841080e-02   2.163534913730e-02   5.179095811741e-07  -1.289937907923e-06  -4.863046028751e-06  -3.555984750952e-10  -8.617758457881e-02   2.667635568450e-05   1.701349724307e-01  -1.953910480099e-01  -1.260490498454e-01  -2.278153541758e-02  -2.237979500246e-03  -2.388616787969e-01   7.438829281450e-02  -1.625722703561e-01   3.602381037330e-02   2.323654782749e-02   4.199359522962e-03   4.125175428229e-04  -1.139804718394e-01   1.494218565467e-02  -5.686944962538e-02  -2.136717147857e-01  -1.378403432136e-01  -2.491244645083e-02  -2.447304655522e-03  -2.486863552712e-01  -5.180916705531e-02  -1.585619254723e-01
   0.000000000000e+00  -1.906314800710e-11   4.126729403629e-08  -3.234923725114e-13   2.396048102688e-12   1.477760646264e-04   6.885290561536e-04  -5.397346812279e-09   3.997714842150e-08   2.698321164998e-03   6.914658937431e-03  -5.420368543694e-08   4.014766612319e-07   3.460352021137e-03   4.867108115594e-03  -3.815303107101e-08   2.825924364144e-07  -7.964254072174e-09  -4.624179099841e-13  -2.932894409030e-04   5.898975518592e-08   5.079922163302e-04   1.000000000000e+00   7.245384183819e-01   2.285975824102e-01   1.171681753233e-01   3.816266561976e-02   1.658025694500e-02   6.913974283797e-17   1.230666307805e-21   1.647569522410e-20   4.472106330780e-17  -1.616103092233e-21   2.440720129924e-21  -7.562984496153e-19  -2.057381425871e-26   1.714137157355e-21   3.929737667511e-18   2.147280284243e-23  -5.095053268171e-22  -4.596750065165e-20   3.318386545048e-24   0.000000000000e+00   6.106805140501e-03   3.577524345047e-24  -1.636408044159e-24  -2.238612394801e-24   0.000000000000e+00   9.920337017024e-45   0.000000000000e+00   0.000000000000e+00   0.000000000000e+00   0.000000000000e+00   3.930559403388e-05   1.391446236426e-03   2.392537105529e-03   1.154939979323e-07   4.735175610037e-08   2.938771736152e-08   0.000000000000e+00   3.984279363601e-05   1.397423661078e-03   2.396135043225e-03   1.189722129666e-07   1.896348705080e-09  -5.750938004682e-08   0.000000000000e+00   3.929612696603e-05   1.391340396486e-03   2.392473307881e-03   1.154330184844e-07  -4.915357682873e-08   2.619678841824e-08
   0.000000000000e+00  -1.063777654661e-10   2.209730159782e-07  -1.732197055056e-12   1.283006283897e-11   4.951968524116e-04   2.279125404345e-03  -1.786595660123e-08   1.323298323381e-07   8.626229417002e-03   2.202434443847e-02  -1.726477977728e-07   1.278770269220e-06   1.104438272906e-02   1.551712158103e-02  -1.216379845594e-07   9.009500281434e-07  -2.687864357138e-08  -1.560618994679e-12  -9.898255723441e-04   1.990851358629e-07   1.714428193279e-03   7.245384183819e-01   1.000000000000e+00   5.916177003156e-01   3.419347414953e-01   1.194150207184e-01   5.261249985216e-02   2.888536457201e-16  -4.822128095612e-22   6.950932866925e-22   1.552235856027e-17   1.336515379187e-21   1.350900756066e-20  -5.906402895761e-18  -2.975746587593e-22   5.683127187745e-21  -1.258219831835e-19   5.144762644966e-24   1.354595576008e-21   2.349294036799e-18   2.175516093540e-24   0.000000000000e+00   1.947705891000e-02   0.000000000000e+00  -3.628310880065e-24   1.036175091106e-22   0.000000000000e+00   0.000000000000e+00   0.000000000000e+00   0.000000000000e+00   0.000000000000e+00   0.000000000000e+00   1.308108212877e-04   4.452271050555e-03   7.639302636322e-03   4.670583267269e-07   1.914907472921e-07   1.188440814494e-07   0.000000000000e+00   1.325837937000e-04   4.471347585789e-03   7.650780284229e-03   4.808279630670e-07   7.664121414509e-09  -2.324250123256e-07   0.000000000000e+00   1.307795744169e-04   4.451933267832e-03   7.639099117667e-03   4.668168287930e-07  -1.987794927334e-07   1.059411064055e-07
   1.582362420456e-08  -2.821358662859e-09   5.048918885131e-06  -3.957823712242e-11   2.931486737344e-10   2.212262001399e-03   9.633407054789e-03  -7.551582376061e-08   5.593317234649e-07   3.139643074479e-02   7.879160826640e-02  -6.176437027752e-07   4.574772538476e-06   3.990150302297e-02   5.576826134565e-02  -4.371647716391e-07   3.237998514512e-06  -1.224584518381e-07  -7.110142499937e-12  -4.509621434471e-03   9.070270773524e-07   7.810893499108e-03   2.285975824102e-01   5.916177003156e-01   1.000000000000e+00   8.514542739284e-01   3.940464990159e-01   1.849868896425e-01   7.610168503910e-16  -1.313377463657e-21   1.582940627116e-20  -1.812633101992e-15   2.442480244370e-21   0.000000000000e+00  -2.534040222689e-16   0.000000000000e+00   0.000000000000e+00  -8.417256922132e-17   3.210928696492e-22   0.000000000000e+00   0.000000000000e+00   1.431792064294e-22   0.000000000000e+00   7.012983079624e-02  -6.844576432741e-18   0.000000000000e+00   8.355195840749e-22   0.000000000000e+00  -3.249301722625e-41   0.000000000000e+00   0.000000000000e+00   0.000000000000e+00   0.000000000000e+00   5.699303426459e-04   1.627461578508e-02   2.765169694401e-02   4.430641802023e-06   1.816533098979e-06   1.127387148588e-06   0.000000000000e+00   5.773662613672e-04   1.634349960768e-02   2.769306365872e-02   4.550196651527e-06   7.252751976976e-08  -2.199496689147e-06   0.000000000000e+00   5.697992585530e-04   1.627339604682e-02   2.765096343783e-02   4.428541794443e-06  -1.885757404514e-06   1.005029357402e-06
   1.254660617855e-06  -7.265631380918e-08   1.086950063886e-04  -8.520550309375e-10   6.311013840649e-09   6.302784560278e-03   2.478850796198e-02  -1.943159453244e-07   1.439262225882e-06   6.384759775762e-02   1.549761643694e-01  -1.214850846544e-06   8.998175268595e-06   8.008139662823e-02   1.107783699145e-01  -8.683864194020e-07   6.431977410951e-06  -3.444210849658e-07  -1.999766416553e-11  -1.268355661803e-02   2.551063200506e-06   2.196856462853e-02   1.171681753233e-01   3.419347414953e-01   8.514542739284e-01   1.000000000000e+00   6.716826254521e-01   3.524762004540e-01   9.775640585750e-16  -2.806145233524e-22  -1.864268379265e-20  -1.531419907021e-15   5.591282563712e-21  -8.946052101940e-20   0.000000000000e+00   1.471220275713e-21   0.000000000000e+00   0.000000000000e+00  -5.755337089187e-22   0.000000000000e+00   0.000000000000e+00   0.000000000000e+00   0.000000000000e+00   1.398221906004e-01   1.364645628960e-17   5.205709949340e-23  -1.665827183789e-21   0.000000000000e+00   0.000000000000e+00   0.000000000000e+00   0.000000000000e+00   0.000000000000e+00   9.493856787267e-08   1.589339177897e-03   3.339241823174e-02   5.570267952205e-02   3.948557420814e-05   1.618881771226e-05   1.004719652502e-05   9.815563085523e-08   1.608639848572e-03   3.353042476076e-02   5.578530561442e-02   4.039389550327e-05   6.438554812148e-07  -1.952580211921e-05   9.488244266597e-08   1.588998781233e-03   3.338997440169e-02   5.570121440353e-02   3.946957844953e-05  -1.680689790658e-05   8.957369469976e-06
