ARMA_MAT_TXT_FN008
72 72
  -3.323683123715e+01  -3.523533526858e+01   8.683079022070e-02  -3.710855165069e-02  -1.788279894422e-07  -1.261881216762e+01   3.954766581316e-02  -1.690132475566e-02  -8.144831592924e-08  -5.478869852354e+00   1.151202139329e-02  -4.919816495087e-03  -2.370878806981e-08  -2.473615362677e+00   3.196161042571e-03  -1.365915452850e-03  -6.582388428016e-09  -1.090874509924e-03  -3.937153881138e-08   5.282675868119e-03  -1.541344596806e-08  -4.008953833494e-03  -4.581423499965e-01  -2.322445320663e+00  -2.044630616042e+00  -1.171488316446e+00   1.394197775788e+00   3.069720286817e+00   2.104990948136e-05  -2.665723682032e-04   7.745673936629e-06  -1.516696016294e-02   1.528497420256e-03   7.108818598619e-09  -3.210584157945e-01  -1.111976737801e+00   1.120657197393e-01   5.203673679730e-07  -1.310041477350e+00  -2.619357597393e+00   2.639282515179e-01   1.225088995921e-06  -1.112915944087e+00  -1.238124024924e+00   1.247369170325e-01   5.789371747865e-07   2.354769812941e-01  -1.105077759617e-07   6.813416234132e-01   1.093459078283e-06  -1.156351944685e+00  -1.644832698277e-05  -6.934987615620e-02  -6.514766029611e-01  -7.816936216503e-01  -3.606443539519e-03  -1.700589268738e-03  -3.806546225913e-07  -7.016917688348e-06  -5.103269899909e-02  -5.893658312794e-01  -7.544765604414e-01  -1.849828554810e-03   6.941084979401e-04   9.306108521576e-04  -7.016332333905e-06  -5.103116417375e-02  -5.893600359459e-01  -7.544739361601e-01  -1.849690153097e-03   6.944139777795e-04  -9.303560199952e-04
  -3.523533526858e+01  -3.098185558269e+01   1.029785615904e-01  -4.400956465793e-02  -2.120843206608e-07  -1.274128413248e+01   3.014494541571e-02  -1.288293693825e-02  -6.208353195058e-08  -5.537595446451e+00   7.211430450704e-03  -3.081931960222e-03  -1.485200284661e-08  -2.493354604924e+00   1.882631866735e-03  -8.045782003447e-04  -3.877311326146e-09  -4.522683014777e-04  -1.632302933676e-08   2.190135548654e-03  -6.390258897186e-09  -1.662057485621e-03  -4.525039075761e-01  -2.342893524464e+00  -2.060762278028e+00  -1.179484702307e+00   1.414030614427e+00   3.117238257142e+00   2.137431292785e-05  -9.295729587401e-05   7.423143547801e-06  -1.034454282428e-02   1.044029552992e-03   4.846631821198e-09  -3.184612446926e-01  -1.115296897843e+00   1.125043054622e-01   5.222258956008e-07  -1.318450735551e+00  -2.642626611138e+00   2.665437074575e-01   1.237157635183e-06  -1.120279961504e+00  -1.247653832431e+00   1.258400178212e-01   5.840707185219e-07   2.375377005083e-01  -1.113010852796e-07   6.866833831120e-01   1.102622914586e-06  -1.165399559219e+00  -5.020665262083e-06  -6.836975414405e-02  -6.550977806319e-01  -7.866861747286e-01  -2.886447185377e-03  -1.358435474120e-03  -3.042068665399e-07  -1.815712520378e-06  -5.013948310917e-02  -5.924257347347e-01  -7.592218138683e-01  -1.418105612702e-03   5.317032844683e-04   7.122702895194e-04  -1.815530097223e-06  -5.013795355652e-02  -5.924198746660e-01  -7.592191599307e-01  -1.417992886912e-03   5.319346086338e-04  -7.120719018966e-04
   8.683079022070e-02   1.029785615904e-01  -1.140601722709e+01  -6.418558237814e-03  -9.069033367662e-08   2.797023241323e-01  -7.697189126743e+00  -6.946027851756e-03  -9.815897899276e-08   1.696468419390e-01  -2.699526585830e+00  -2.737700547018e-03  -3.872351919069e-08   8.464602243965e-02  -7.987430071018e-01  -8.330960505459e-04  -1.179175316212e-08  -7.439896090168e-02  -5.436284787588e-08  -1.022004761384e-01  -3.455875787094e-07   1.873455962560e-01  -4.475470063046e-01  -4.972193215231e-01  -1.044330772230e-01   4.746140402002e-03  -3.948566614969e-01   1.370375747937e+00   9.397672167303e-06   4.830869808189e-03   3.372985163412e-04   1.390023936781e-01  -1.514640303697e-02  -7.076561649141e-08   5.166072301452e-01   1.323060634636e+00  -1.597491849887e-01  -7.459279013259e-07   6.103449782041e-01   6.176429335185e-01  -1.176513526127e-01  -5.520235648982e-07   1.897431355970e-01  -6.064001237012e-02  -2.111670899073e-02  -1.007369998300e-07  -3.520048316431e-01   1.936126942293e-07  -8.631894896375e-01  -1.643326729895e-06   1.453978474909e+00   3.301074823745e-04   1.071197886579e-01   2.877681805311e-01   1.408366436504e-01   2.153661962165e-02   1.101408165775e-02   2.462359738933e-06   1.477930172683e-04   7.836956987412e-02   2.534699031957e-01   1.324273809674e-01   1.147753592195e-02  -4.682605380319e-03  -6.289266090725e-03   1.477799927847e-04   7.836646242324e-02   2.534645315342e-01   1.324255657453e-01   1.147659546986e-02  -4.684647167517e-03   6.287513086579e-03
  -3.710855165069e-02  -4.400956465793e-02  -6.418558237814e-03  -1.135884131724e+01  -2.316559511590e-07  -1.195336549295e-01  -6.946027851756e-03  -7.646116549358e+00  -2.507387269635e-07  -7.249317259936e-02  -2.737700547018e-03  -2.679352774734e+00  -9.892739352823e-08  -3.616783633533e-02  -8.330960505459e-04  -7.925940096631e-01  -3.012711858544e-08   1.529006626414e-01  -3.974087942950e-07   4.718850725649e-02  -5.436284787588e-08   7.303486899689e-02  -1.022242022799e+00  -1.279935354111e+00  -4.105991907063e-01  -9.765823230620e-02   1.480835890506e+00   2.206442647514e+00   2.212064657488e-05  -4.903750310156e-04  -3.398018253981e-05  -1.534624518734e-02  -9.965104122333e-03   7.072618436905e-09  -5.505499163319e-02  -1.704239082774e-01  -2.513429780117e-01   7.283009079321e-08  -7.508786383438e-02  -1.450892017111e-01  -5.345853113048e-01   4.869818286562e-08  -3.165056771611e-02  -3.510398196134e-02  -2.631647530579e-01   6.343863025796e-09  -5.159405564819e-01   2.431559301326e-07   9.306131809721e-02   1.875415332973e-07  -2.687535334193e-01   1.526872163340e-04   4.754325031763e-02   1.140864928085e-01   4.108650456733e-02   1.063810208333e-02   3.353946917687e-03   1.125923464715e-06  -5.495601831889e-05  -2.913617414764e-02  -9.512593325162e-02  -5.062560356732e-02  -4.622274916649e-03   7.765006851468e-04   2.333473980137e-03  -5.497929826387e-05  -2.914960673078e-02  -9.516848795669e-02  -5.064516669545e-02  -4.624261522582e-03   7.781957777475e-04  -2.334011862460e-03
  -1.788279894422e-07  -2.120843206608e-07  -9.069033367662e-08  -2.316559511590e-07  -1.132859300551e+01  -5.760358574536e-07  -9.815897899276e-08  -2.507387269635e-07  -7.613377021019e+00  -3.493343296153e-07  -3.872351919069e-08  -9.892739352823e-08  -2.666436719893e+00  -1.742826535632e-07  -1.179175316212e-08  -3.012711858544e-08  -7.886608382926e-01  -5.436284787588e-08  -6.570093779699e-02  -3.597393860762e-07   1.632298416680e-01   2.591060779280e-08  -6.994859105400e-06  -8.716490119805e-06  -2.756877811207e-06  -6.341580631168e-07   1.011542468711e-05   2.203321574792e-05  -1.016600223744e+00  -2.257511540574e-09  -1.577289843550e-10  -7.056261459329e-08   6.958404581189e-09  -1.149997175137e-02  -2.523631802033e-07  -7.836183385706e-07   7.163215864347e-08  -2.676687780360e-01  -3.470229938022e-07  -6.762927240901e-07   4.838613174662e-08  -5.467333140367e-01  -1.485763795065e-07  -1.675262902844e-07   6.532226009180e-09  -2.653849428930e-01   1.848553113140e-07   5.588805154347e-02   8.752046755899e-07  -5.575457298264e-01  -9.816734276101e-07   3.432200248873e-08   1.085700709630e-05   2.751430266913e-05   1.171304462523e-05   2.398641726896e-06   1.135564454152e-06  -1.679339889967e-03  -7.317979925406e-05  -3.784033484129e-02  -1.154373810599e-01  -5.242552773601e-02  -6.121530836963e-03   2.300875306450e-03   2.129512888247e-03   7.315876931566e-05   3.783128562189e-02   1.154117734033e-01   5.241413810659e-02   6.119822727153e-03  -2.301419348115e-03   2.128088567094e-03
  -1.261881216762e+01  -1.274128413248e+01   2.797023241323e-01  -1.195336549295e-01  -5.760358574536e-07  -1.433963833024e+01   4.575354075414e-01  -1.942063995182e-01  -9.336203635374e-07  -9.561576927338e+00   2.876882219953e-01  -1.171554665631e-01  -5.545781234458e-07  -5.134979329628e+00   1.077862023941e-01  -4.253900709521e-02  -1.988462141511e-07  -2.311496233527e-02  -8.476048116911e-07   1.145324226345e-01  -3.312360348767e-07  -8.784812087448e-02  -1.920713307625e+00  -4.650835104591e+00  -4.264220384949e+00  -2.583085450293e+00   2.407165136035e+00   5.098446314006e+00   3.508284579967e-05  -6.064886031303e-02  -5.522350309037e-02  -4.732177161652e-01   4.738866036429e-02   2.323510593918e-07  -1.217698918987e+00  -2.937834953898e+00   2.905022867665e-01   1.387003272544e-06  -2.919125212747e+00  -5.123586874190e+00   4.998903722251e-01   2.342418384821e-06  -2.472582056711e+00  -2.612719731070e+00   2.533164810011e-01   1.179314947922e-06   5.328268171812e-01  -2.926678897534e-07   1.572639616767e+00   2.535525000612e-06  -2.669160251671e+00  -7.870721113533e-03  -3.120687117557e-01  -1.520485598593e+00  -1.758391598875e+00  -1.051827623338e-01  -5.308458011260e-02  -1.174052139243e-05  -4.961490224833e-03  -2.488512136760e-01  -1.394723156386e+00  -1.703124855797e+00  -6.969404336362e-02   2.734818035035e-02   3.735787595886e-02  -4.961271236209e-03  -2.488460461192e-01  -1.394712301401e+00  -1.703119955836e+00  -6.969063219195e-02   2.736120458119e-02  -3.734866892272e-02
   3.954766581316e-02   3.014494541571e-02  -7.697189126743e+00  -6.946027851756e-03  -9.815897899276e-08   4.575354075414e-01  -9.546153489737e+00  -2.322465123466e-02  -3.417398353033e-07   5.415208037021e-01  -5.802677236760e+00  -1.558683181796e-02  -2.845371156815e-07   3.528723660849e-01  -2.201487326913e+00  -5.093940779348e-03  -1.125143880990e-07  -1.952229209647e-01  -2.542088580807e-07  -2.742885410527e-01  -8.744259629330e-07   5.240847977825e-01  -1.227774237719e+00  -1.079150466059e+00  -1.904472232603e-01   7.809669784679e-02  -1.258799923502e+00   2.147384577340e+00   1.473324853192e-05   2.248915627848e-01   2.287385709434e-01   1.199697463274e+00  -1.375969004018e-01  -6.826284796497e-07   1.878631258589e+00   3.323374412019e+00  -4.203646290509e-01  -2.060713810523e-06   1.798734111997e+00   1.482871434810e+00  -2.995862326040e-01  -1.480022917880e-06   6.324051839270e-01  -1.506473955717e-01  -6.620983578836e-02  -3.443934800938e-07  -7.056107098960e-01   5.357282807922e-07  -1.616354993481e+00  -3.433939121354e-06   2.711286584818e+00   2.731918471691e-02   4.820791383385e-01   9.079695266046e-01   4.752772935173e-01   2.584556376198e-01   1.486304068105e-01   3.275271525635e-05   1.678528924656e-02   3.767321579441e-01   8.104663066910e-01   4.489986036857e-01   1.662415836799e-01  -7.450601756527e-02  -1.023316756030e-01   1.678435590182e-02   3.767201645536e-01   8.104507635235e-01   4.489930011815e-01   1.662310151793e-01  -7.454092947925e-02   1.023053910742e-01
  -1.690132475566e-02  -1.288293693825e-02  -6.946027851756e-03  -7.646116549358e+00  -2.507387269635e-07  -1.942063995182e-01  -2.322465123466e-02  -9.358450617725e+00  -8.773333872892e-07  -2.205238781460e-01  -1.558683181796e-02  -5.608240760627e+00  -7.466361174424e-07  -1.392649499767e-01  -5.093940779348e-03  -2.114063760687e+00  -2.992485875251e-07   3.561829235320e-01  -1.103980261558e-06   1.325749289155e-01  -2.542088580807e-07   1.874593663646e-01  -2.821157019514e+00  -2.937784697042e+00  -1.123950181936e+00  -3.060232094514e-01   2.458952803377e+00   2.892197875789e+00   3.548452441146e-05  -2.276192447791e-02  -2.311553100549e-02  -1.397150252810e-01  -1.592933545039e-01   6.035493109269e-08  -1.983705507137e-01  -4.523489507464e-01  -8.610327610020e-01   1.461689774934e-07  -2.258379559841e-01  -3.897391217101e-01  -1.455748883190e+00   7.774579241672e-09  -1.121767570721e-01  -1.203215941616e-01  -7.628027688686e-01  -4.991987269863e-08  -1.518428811849e+00   9.513932169028e-07   1.778844311887e-01   3.495993654053e-07  -6.168716367264e-01   1.204621940266e-02   1.973813114386e-01   3.198633324675e-01   1.067608748879e-01   1.248468455992e-01   3.213920515474e-02   1.365960815582e-05  -6.032891600467e-03  -1.326709885514e-01  -2.902096230572e-01  -1.638380303010e-01  -6.675049050444e-02   5.803459911104e-03   3.558938960444e-02  -6.035599877895e-03  -1.327319702078e-01  -2.903352405965e-01  -1.638959812572e-01  -6.678001351082e-02   5.829284524896e-03  -3.559789887272e-02
  -8.144831592924e-08  -6.208353195058e-08  -9.815897899276e-08  -2.507387269635e-07  -7.613377021019e+00  -9.336203635374e-07  -3.417398353033e-07  -8.773333872892e-07  -9.244326510236e+00  -1.043892548126e-06  -2.845371156815e-07  -7.466361174424e-07  -5.512836471947e+00  -6.509862349355e-07  -1.125143880990e-07  -2.992485875251e-07  -2.076329646477e+00  -2.542088580807e-07  -1.530557746379e-01  -8.349177903567e-07   4.051860322773e-01   1.147771493122e-07  -1.926253713414e-05  -1.992240565663e-05  -7.477493801809e-06  -1.943230050563e-06   1.668850822281e-05   3.508492014177e-05  -2.244419074945e+00  -1.039401105754e-07  -1.064412774906e-07  -6.293434518533e-07   5.397889202801e-08  -1.731207354404e-01  -8.679721659443e-07  -2.012600140194e-06   1.263109898828e-07  -9.013328423016e-01  -9.932026946203e-07  -1.785986529698e-06  -3.590021870161e-09  -1.475186690129e+00  -5.047901032551e-07  -5.777470439341e-07  -5.171972203990e-08  -7.619375133858e-01   3.175296365086e-07   1.583331385170e-01   1.901185640458e-06  -1.602137911196e+00  -2.185523411049e-06   2.730600189722e-06   4.565154980187e-05   7.934369185015e-05   3.415532995015e-05   2.841248872128e-05   1.412386964600e-05  -2.937205955630e-02  -7.935670766513e-03  -1.688522987849e-01  -3.365221788367e-01  -1.534369917046e-01  -8.726204052417e-02   3.383318384983e-02   2.577584993648e-02   7.933637369982e-03   1.688130402115e-01   3.364479453840e-01   1.534035973839e-01   8.723931956094e-02  -3.384205335922e-02   2.575545943755e-02
  -5.478869852354e+00  -5.537595446451e+00   1.696468419390e-01  -7.249317259936e-02  -3.493343296153e-07  -9.561576927338e+00   5.415208037021e-01  -2.205238781460e-01  -1.043892548126e-06  -9.568948207276e+00   8.530073025677e-01  -2.699505062782e-01  -1.116485993508e-06  -6.820269519119e+00   5.401518513917e-01  -1.454168093508e-01  -5.191135854437e-07  -2.682406813491e-02  -1.063428813169e-06   1.484263810868e-01  -4.121449724887e-07  -1.192846530165e-01  -2.726402150278e+00  -5.423507848647e+00  -5.667741068943e+00  -3.893559046593e+00   1.862510476289e+00   3.650556349509e+00   2.549770027030e-05  -9.017476211605e-01  -9.702487649192e-01  -1.217279646689e+00   1.211652427202e-01   7.389438340058e-07  -2.935002083734e+00  -3.663331973985e+00   3.564674530547e-01   2.092259916049e-06  -4.507235318278e+00  -5.772690970518e+00   5.387983679696e-01   2.849961187857e-06  -3.837081875356e+00  -3.494419021327e+00   3.199438121925e-01   1.610457679603e-06   4.041350204679e-01  -7.568090123525e-07   1.232578540794e+00   2.145766987086e-06  -2.087572355421e+00  -2.546322934620e-01  -1.103310969361e+00  -2.607315689815e+00  -2.814190957798e+00  -6.684422663358e-01  -4.180230855199e-01  -8.948387993076e-05  -2.092693217241e-01  -9.709032462216e-01  -2.449252041386e+00  -2.742972993297e+00  -5.376755926855e-01   2.442850887574e-01   3.501496798121e-01  -2.092656338822e-01  -9.708929553996e-01  -2.449240372742e+00  -2.742967685226e+00  -5.376587373965e-01   2.444126329698e-01  -3.500708422525e-01
   1.151202139329e-02   7.211430450704e-03  -2.699526585830e+00  -2.737700547018e-03  -3.872351919069e-08   2.876882219953e-01  -5.802677236760e+00  -1.558683181796e-02  -2.845371156815e-07   8.530073025677e-01  -7.584002878341e+00   1.267851618236e-02  -5.069847290907e-07   9.394578165127e-01  -4.858514128355e+00   2.428904501397e-02  -3.388538372499e-07  -1.370860004490e-01  -2.039893596896e-07  -2.020829046765e-01  -5.884465639024e-07   3.916595284389e-01  -1.441135012296e+00  -1.457771879495e+00  -2.623581008629e-01   3.157658302989e-01  -1.914077281864e+00   1.395069429408e+00   9.573560143016e-06   2.281315314722e+00   2.468324301516e+00   1.878355490831e+00  -2.684755768483e-01  -1.669872852815e-06   5.030775890843e+00   3.455317127217e+00  -5.524175050547e-01  -3.543266120512e-06   4.309677867691e+00   1.562623530446e+00  -4.723816523549e-01  -2.969516877709e-06   1.853255879903e+00  -5.953622772667e-01  -1.468794468963e-01  -9.822120461831e-07  -4.067403411807e-01   2.186622959816e-06  -6.282931749131e-01  -2.276646541106e-06   1.014349713242e+00   6.975613990724e-01   2.060516634038e+00   2.563866690090e+00   1.452061743961e+00   1.302484085733e+00   1.040113944372e+00   2.220238179808e-04   5.562259239728e-01   1.774758311781e+00   2.354557726703e+00   1.386248392007e+00   1.001261323372e+00  -5.896997935692e-01  -8.488590224785e-01   5.562094588529e-01   1.774720816843e+00   2.354522171842e+00   1.386233954467e+00   1.001210547950e+00  -5.900030075568e-01   8.486592699652e-01
  -4.919816495087e-03  -3.081931960222e-03  -2.737700547018e-03  -2.679352774734e+00  -9.892739352823e-08  -1.171554665631e-01  -1.558683181796e-02  -5.608240760627e+00  -7.466361174424e-07  -2.699505062782e-01   1.267851618236e-02  -6.892778363231e+00  -1.387110156447e-06  -2.529158381018e-01   2.428904501397e-02  -4.299788496845e+00  -8.780155594064e-07   2.345639579932e-01  -7.306497268503e-07   9.530292379632e-02  -2.039893596896e-07   1.263413145712e-01  -3.305103319899e+00  -4.006279662081e+00  -2.199521261911e+00  -7.470229564129e-01   1.745763144927e+00   7.480332342660e-01   2.362867290317e-05  -2.305886097480e-01  -2.494259037561e-01  -2.733591708104e-01  -7.860260411364e-01   1.033151452947e-07  -5.180981648526e-01  -5.892360641020e-01  -2.080775845495e+00  -9.159895754336e-08  -4.941389898616e-01  -5.924545870927e-01  -3.116810995285e+00  -3.909052694169e-07  -2.670845624976e-01  -2.363749022183e-01  -1.959893964550e+00  -2.883130359093e-07  -2.054254226521e+00   9.187900887219e-06   6.531465331494e-02   7.247669848452e-07  -5.473019315257e-01   3.060333855135e-01   7.734954662786e-01   8.107467514471e-01   3.041748725771e-01   6.777820563414e-01   5.594408628604e-02   8.280180552670e-05  -1.997146743157e-01  -5.852361431718e-01  -7.538501942728e-01  -4.269292014410e-01  -4.452397720385e-01  -7.876560939928e-02   2.760408707171e-01  -1.998095759932e-01  -5.855060157650e-01  -7.541775477493e-01  -4.270862275755e-01  -4.454427694150e-01  -7.856842026325e-02  -2.761089344767e-01
  -2.370878806981e-08  -1.485200284661e-08  -3.872351919069e-08  -9.892739352823e-08  -2.666436719893e+00  -5.545781234458e-07  -2.845371156815e-07  -7.466361174424e-07  -5.512836471947e+00  -1.116485993508e-06  -5.069847290907e-07  -1.387110156447e-06  -6.738314390932e+00  -9.028670627451e-07  -3.388538372499e-07  -8.780155594064e-07  -4.213969520737e+00  -2.039893596896e-07  -9.835780889519e-02  -5.693439862921e-07   2.762056281913e-01   7.110158147397e-08  -2.252169582096e-05  -2.689692268956e-05  -1.438409918874e-05  -4.602324673879e-06   1.162328827874e-05   2.284519533194e-05  -2.581879555879e+00  -1.055966822973e-06  -1.147365157135e-06  -1.214684244472e-06   5.504214572544e-08  -8.125682012954e-01  -2.086629338740e-06  -2.529493523809e-06  -2.112744152688e-07  -2.129831455926e+00  -1.831171581945e-06  -2.582082542669e-06  -4.863464066536e-07  -3.136136871560e+00  -9.368488613143e-07  -1.058241070163e-06  -3.225973122981e-07  -1.952100357838e+00   6.509635479352e-07   1.930083650714e-01  -4.535928286590e-06  -2.110570520165e+00  -5.581261183233e-06   6.942876305048e-05   1.814001573083e-04   2.019713578028e-04   9.236156839745e-05   1.553734319888e-04   8.962582517641e-05  -3.251020166902e-01  -2.627365311663e-01  -7.346951504539e-01  -8.737996487241e-01  -4.155464961869e-01  -5.775077336595e-01   2.468328434185e-01   7.462211401485e-02   2.626761468971e-01   7.345311216060e-01   8.736093370485e-01   4.154568350400e-01   5.773677481934e-01  -2.469068593981e-01   7.447385649620e-02
  -2.473615362677e+00  -2.493354604924e+00   8.464602243965e-02  -3.616783633533e-02  -1.742826535632e-07  -5.134979329628e+00   3.528723660849e-01  -1.392649499767e-01  -6.509862349355e-07  -6.820269519119e+00   9.394578165127e-01  -2.529158381018e-01  -9.028670627451e-07  -6.692402901319e+00   9.279172985478e-01  -1.994478355154e-01  -5.246178265601e-07  -1.607415594526e-02  -6.749235329287e-07   9.625912900442e-02  -2.601150357259e-07  -7.965710744954e-02  -2.069702308737e+00  -4.337250635411e+00  -5.554231875594e+00  -4.707110335588e+00   9.389801137659e-01   1.667994970724e+00   1.195202160505e-05  -1.300229746481e+00  -1.402780919876e+00  -6.764928762138e-01   6.630686614951e-02   5.757010210415e-07  -3.522834538301e+00  -2.112802963314e+00   2.009363363700e-01   1.679503067141e-06  -5.038631693728e+00  -3.971566732910e+00   3.537737122837e-01   2.369443397786e-06  -4.766229613777e+00  -3.314868396499e+00   2.898875225548e-01   1.684215063292e-06   1.386875903573e-01  -5.926680997771e-07   4.474033267342e-01   9.769488308235e-07  -7.534853272565e-01  -7.797952753222e-01  -1.996825337215e+00  -3.467201487885e+00  -3.715257458846e+00  -8.107916434765e-01  -6.308606388218e-01  -1.312921026322e-04  -7.200670895745e-01  -1.874973155585e+00  -3.335813324330e+00  -3.645693361257e+00  -7.115302760106e-01   3.761240745213e-01   5.628641460291e-01  -7.200626239574e-01  -1.874964907310e+00  -3.335805431503e+00  -3.645689055078e+00  -7.115125852273e-01   3.763326727083e-01  -5.627426820599e-01
   3.196161042571e-03   1.882631866735e-03  -7.987430071018e-01  -8.330960505459e-04  -1.179175316212e-08   1.077862023941e-01  -2.201487326913e+00  -5.093940779348e-03  -1.125143880990e-07   5.401518513917e-01  -4.858514128355e+00   2.428904501397e-02  -3.388538372499e-07   9.279172985478e-01  -5.462361128286e+00   4.521591654510e-02  -3.171528198606e-07  -5.147752651002e-02  -7.572763594991e-08  -7.803602834412e-02  -2.161616022133e-07   1.512577320299e-01  -7.383955195067e-01  -9.933523873431e-01  -3.643137000514e-01   2.988594787875e-01  -1.201335484410e+00   4.304318965131e-01   2.956014864945e-06   1.974576845230e+00   2.135576374962e+00   2.499187425346e-01  -9.384767234867e-02  -8.222237631492e-07   4.519679205430e+00   4.537553334981e-01  -2.304651411905e-01  -2.075137065294e-06   4.709271239823e+00  -4.311173540073e-01  -2.983194104155e-01  -2.309632909154e-06   2.746502350613e+00  -1.617940571202e+00  -1.575613681770e-01  -1.143783780839e-06  -4.799343610578e-02   1.752161977553e-06   8.793210105802e-02  -5.772864912344e-07  -1.759321164883e-01   1.417498291284e+00   3.000155086619e+00   3.572186444803e+00   2.347445901478e+00   7.947384308690e-01   1.074669372661e+00   2.235933712091e-04   1.269009736708e+00   2.744809969697e+00   3.353288576705e+00   2.252465204022e+00   6.352961388326e-01  -6.245127837989e-01  -9.347467079395e-01   1.268986346576e+00   2.744767257407e+00   3.353245052291e+00   2.252442178717e+00   6.352561020761e-01  -6.248527556381e-01   9.345352894873e-01
  -1.365915452850e-03  -8.045782003447e-04  -8.330960505459e-04  -7.925940096631e-01  -3.012711858544e-08  -4.253900709521e-02  -5.093940779348e-03  -2.114063760687e+00  -2.992485875251e-07  -1.454168093508e-01   2.428904501397e-02  -4.299788496845e+00  -8.780155594064e-07  -1.994478355154e-01   4.521591654510e-02  -4.763017007954e+00  -7.800016579226e-07   8.690511660911e-02  -2.575105589512e-07   3.578295606394e-02  -7.572763594991e-08   4.628026191649e-02  -1.689124928670e+00  -2.675494693227e+00  -2.283592524184e+00  -1.111387545343e+00   6.070789409390e-01  -3.958523594434e-01   7.610290867647e-06  -1.995619004857e-01  -2.157975460512e-01  -9.701071474945e-02  -6.956341292636e-01   5.838962138153e-08  -4.618024366792e-01  -2.499176624456e-01  -1.896905506896e+00  -4.082523989179e-08  -5.118667121014e-01  -3.721432148461e-01  -3.459836746661e+00  -2.494762047707e-07  -3.399265793353e-01  -2.275668410094e-01  -3.138958575332e+00  -2.246168721808e-07  -8.420798619093e-01   1.684365274449e-05  -2.680353595117e-02   9.833491029526e-07  -1.728785465708e-01   6.315330831614e-01   1.174508177198e+00   1.206183480862e+00   6.105512394020e-01   5.730807322513e-01  -1.970077999501e-01   8.151662495936e-05  -4.605221434591e-01  -9.261814517791e-01  -1.074390841583e+00  -6.814986296814e-01  -4.117778392639e-01  -3.360622963224e-01   3.014155101450e-01  -4.607472571327e-01  -9.266203861798e-01  -1.074876013649e+00  -6.817771080807e-01  -4.119687848351e-01  -3.358507968751e-01  -3.014922537486e-01
  -6.582388428016e-09  -3.877311326146e-09  -1.179175316212e-08  -3.012711858544e-08  -7.886608382926e-01  -1.988462141511e-07  -1.125143880990e-07  -2.992485875251e-07  -2.076329646477e+00  -5.191135854437e-07  -3.388538372499e-07  -8.780155594064e-07  -4.213969520737e+00  -5.246178265601e-07  -3.171528198606e-07  -7.800016579226e-07  -4.696690581427e+00  -7.572763594991e-08  -3.577989047876e-02  -2.171218755853e-07   1.030004827261e-01   2.067447836897e-08  -1.150375693576e-05  -1.781809751499e-05  -1.470266886601e-05  -6.882830444276e-06   3.942723429699e-06   7.114578167197e-06  -1.421627803708e+00  -9.139633854599e-07  -9.929019566120e-07  -4.199146274107e-07   1.626526833120e-08  -7.047488045865e-01  -1.831324106945e-06  -1.003102236659e-06  -1.582433448169e-07  -1.915734993647e+00  -1.821810414640e-06  -1.520298065826e-06  -3.638308850065e-07  -3.469052948272e+00  -1.107469743047e-06  -9.416693828000e-07  -2.778602269287e-07  -3.134113739435e+00   9.309613700471e-07   5.400602776250e-02  -1.278937200417e-05  -8.541456067124e-01  -8.546696957314e-06   1.428669053413e-04   2.727789032556e-04   2.922665337266e-04   1.638168888341e-04   1.313749002451e-04   9.098591810531e-05  -5.820349887580e-01  -6.084743880687e-01  -1.180834519400e+00  -1.295156915822e+00  -7.406701927661e-01  -5.347178606902e-01   2.582415116477e-01  -1.613976466591e-01   6.083416173323e-01   1.180578565913e+00   1.294878341751e+00   7.405115879679e-01   5.345922292765e-01  -2.583268274150e-01  -1.615568401596e-01
  -1.090874509924e-03  -4.522683014777e-04  -7.439896090168e-02   1.529006626414e-01  -5.436284787588e-08  -2.311496233527e-02  -1.952229209647e-01   3.561829235320e-01  -2.542088580807e-07  -2.682406813491e-02  -1.370860004490e-01   2.345639579932e-01  -2.039893596896e-07  -1.607415594526e-02  -5.147752651002e-02   8.690511660911e-02  -7.572763594991e-08  -6.851477351843e+00  -7.721615151992e-07   2.681912918779e-02  -7.232641088071e-07   3.188557980606e-02  -1.485423128631e+00  -5.964988805837e-01  -6.782349005568e-02  -8.418769139966e-03  -1.085524331636e+00   1.262365514320e+00   1.449646170233e-05   2.564508932694e-02   2.467269956152e-02   2.105003263974e-01   2.200823156644e-01  -1.028881366309e-07   2.088567985610e-01   4.140049796519e-01   8.898553178325e-01  -1.826879142349e-07   9.609154922622e-02   7.367807779028e-02   6.430387181067e-01  -5.695612848220e-08   1.012740354595e-02  -1.829134684469e-02   1.301219732216e-01  -1.933388425946e-08   1.630558159926e+00  -1.125435837432e-06  -1.378330795696e-01  -4.318490985387e-07   6.428390259064e-01  -1.163196112519e-02  -1.835679297998e-01  -1.344487553891e-01  -2.529655503662e-02  -1.451921306728e-01  -4.487539082155e-02  -1.730549316555e-05   5.138064605719e-03   1.182382531203e-01   1.130674349981e-01   2.222511543532e-02   7.076715080912e-02  -9.469618183198e-03  -4.106712158198e-02   5.140264046530e-03   1.182906185955e-01   1.131158015615e-01   2.223482758069e-02   7.079698824719e-02  -9.499278586292e-03   4.107627196478e-02
  -3.937153881138e-08  -1.632302933676e-08  -5.436284787588e-08  -3.974087942950e-07  -6.570093779699e-02  -8.476048116911e-07  -2.542088580807e-07  -1.103980261558e-06  -1.530557746379e-01  -1.063428813169e-06  -2.039893596896e-07  -7.306497268503e-07  -9.835780889519e-02  -6.749235329287e-07  -7.572763594991e-08  -2.575105589512e-07  -3.577989047876e-02  -7.721615151992e-07  -6.639281760035e+00   4.654964023997e-08  -8.908944050579e-03   7.672693382274e-07  -2.338374607661e-05  -1.101924975316e-05  -2.059841967869e-06  -5.168741474337e-07   1.652705095772e-05   2.104177974354e-05  -2.054108285399e+00  -1.220760080852e-08  -1.153413456375e-08  -1.138516931474e-07  -8.516452196748e-08  -2.479116480801e-02  -1.560151083797e-07  -3.989108184414e-07  -3.141737753924e-07  -9.997007945295e-02  -3.475099977926e-07  -6.748315547021e-07  -2.713530859839e-07  -8.193802157604e-02  -3.290284868264e-07  -3.826983676672e-07  -8.135946337796e-08  -2.238729851799e-02  -7.592561472827e-07  -3.312983997724e-01   3.093730531957e-07  -2.203825612218e-01  -4.988379251220e-07  -1.191797672045e-06  -1.818043158056e-05  -1.239536488360e-05  -1.808798343904e-06  -1.621944214234e-05  -4.511784192729e-06   1.461599042248e-02  -2.478778165339e-03  -5.439192339443e-02  -4.930111500510e-02  -9.986945500524e-03  -3.739851641704e-02   4.316518902750e-03   1.173816594883e-02   2.479350176016e-03   5.440546279099e-02   4.931199899256e-02   9.988071225683e-03   3.740704456410e-02  -4.329679011184e-03   1.173528681625e-02
   5.282675868119e-03   2.190135548654e-03  -1.022004761384e-01   4.718850725649e-02  -3.597393860762e-07   1.145324226345e-01  -2.742885410527e-01   1.325749289155e-01  -8.349177903567e-07   1.484263810868e-01  -2.020829046765e-01   9.530292379632e-02  -5.693439862921e-07   9.625912900442e-02  -7.803602834412e-02   3.578295606394e-02  -2.171218755853e-07   2.681912918779e-02   4.654964023997e-08  -6.691017710229e+00   1.876814775193e-07   7.762152364289e-02   1.179279736302e+00   5.692304513211e-01   1.421228241264e-01   5.635168138540e-02  -3.410764123287e-01  -5.703805794961e-01  -2.832978781603e-05   7.384616387841e-02   7.119842937112e-02   5.335946866659e-01  -5.338434245896e-02  -4.708045130812e-07   5.854775139600e-01   8.888128328919e-01  -8.457391408070e-02  -1.295438632484e-06   2.924941081345e-01   1.036064744266e-01   4.064289134639e-03  -7.455980999602e-07   8.159362732682e-02  -1.087878518363e-03   9.336437785885e-03  -1.794784787088e-07  -1.185331493712e-01   2.631334159309e-07  -7.233931400026e-01  -2.479110865572e-06   6.297412068349e-01   9.092536712399e-03   1.564364261781e-01   1.518943437182e-01   6.057597257254e-02   1.078320246418e-01   5.489024946401e-02   1.785748859422e-05   2.756638240981e-03   7.195288516673e-02   1.011559457712e-01   5.474952150269e-02   3.093965617635e-02  -1.273123319482e-02  -3.490338693465e-02   2.757734246719e-03   7.197812371570e-02   1.011788172900e-01   5.475391244906e-02   3.095662187994e-02  -1.274445627354e-02   3.490419130606e-02
  -1.541344596806e-08  -6.390258897186e-09  -3.455875787094e-07  -5.436284787588e-08   1.632298416680e-01  -3.312360348767e-07  -8.744259629330e-07  -2.542088580807e-07   4.051860322773e-01  -4.121449724887e-07  -5.884465639024e-07  -2.039893596896e-07   2.762056281913e-01  -2.601150357259e-07  -2.161616022133e-07  -7.572763594991e-08   1.030004827261e-01  -7.232641088071e-07  -8.908944050579e-03   1.876814775193e-07  -6.763737246807e+00   9.188134514034e-08  -1.016548408489e-05  -4.124830968592e-06  -5.501228004360e-07  -1.277303454279e-07  -7.359687583779e-06   1.446663293209e-05  -8.513769690418e-01   1.169350636354e-07   1.137049089641e-07   9.485783586963e-07  -9.472158757677e-08   2.434700879097e-01   8.964704101146e-07   1.784586869470e-06  -1.552424032364e-07   9.389977009657e-01   3.218516167844e-07   1.657391024791e-07  -3.132965568130e-08   6.628258056995e-01  -5.138449862133e-08  -1.770091987306e-07  -8.196256483242e-09   1.355899615429e-01  -3.835267547164e-07  -2.078644614584e-01  -2.125505796063e-06   1.735861760559e+00   2.010932839745e-06  -2.633709422255e-06  -4.266312882183e-05  -3.329088880456e-05  -6.448181839538e-06  -3.304525875233e-05  -1.779953386385e-05   3.287674140977e-02   6.768415700190e-03   1.503771614821e-01   1.364007556278e-01   2.782300952587e-02   9.253411777925e-02  -3.936508498810e-02  -3.256160167828e-02  -6.766535357498e-03  -1.503400741194e-01  -1.363691786316e-01  -2.781688748882e-02  -9.250811945552e-02   3.937461824358e-02  -3.253730113335e-02
  -4.008953833494e-03  -1.662057485621e-03   1.873455962560e-01   7.303486899689e-02   2.591060779280e-08  -8.784812087448e-02   5.240847977825e-01   1.874593663646e-01   1.147771493122e-07  -1.192846530165e-01   3.916595284389e-01   1.263413145712e-01   7.110158147397e-08  -7.965710744954e-02   1.512577320299e-01   4.628026191649e-02   2.067447836897e-08   3.188557980606e-02   7.672693382274e-07   7.762152364289e-02   9.188134514034e-08  -6.883753343071e+00   1.385796073483e+00   6.502645595642e-01   6.140933989071e-02  -2.423427278819e-02  -1.855092654594e+00  -4.815627293229e-02  -1.456491974036e-05  -1.252998133481e-01  -1.208256028255e-01  -8.999941578107e-01   1.395815341688e-01   5.501184099932e-07  -9.870942735325e-01  -1.468422474162e+00   3.425504776079e-01   1.133130556099e-06  -4.599522649101e-01  -8.416927584280e-02   1.658238764223e-01   3.662467341918e-07  -9.894246555621e-02   5.369591167070e-02   3.611621981789e-02   5.157256692094e-08   6.352129265819e-01  -4.482687666266e-07   6.181059415434e-01   1.938082640737e-06  -1.318376053290e+00  -1.046238266753e-02  -1.909200489319e-01  -1.983303302690e-01  -7.421965817242e-02  -1.150451500879e-01  -8.977673942737e-02  -1.660811400583e-05  -6.183054123370e-03  -1.506680084046e-01  -1.724242150610e-01  -6.613229686948e-02  -7.427821976877e-02   4.500175122339e-02   5.112123919052e-02  -6.181626320054e-03  -1.506401790644e-01  -1.723999288877e-01  -6.612723347899e-02  -7.425751996175e-02   4.501646053843e-02  -5.109978404636e-02
  -4.581423499965e-01  -4.525039075761e-01  -4.475470063046e-01  -1.022242022799e+00  -6.994859105400e-06  -1.920713307625e+00  -1.227774237719e+00  -2.821157019514e+00  -1.926253713414e-05  -2.726402150278e+00  -1.441135012296e+00  -3.305103319899e+00  -2.252169582096e-05  -2.069702308737e+00  -7.383955195067e-01  -1.689124928670e+00  -1.150375693576e-05  -1.485423128631e+00  -2.338374607661e-05   1.179279736302e+00  -1.016548408489e-05   1.385796073483e+00  -6.478758831228e+00  -5.219756068345e+00  -2.895829774611e+00  -1.449160482277e+00   5.933402164994e-01   9.323116594037e-01   6.938299625954e-06  -2.609774882115e-04  -4.922787588292e-05  -7.150173140924e-03  -2.725455730267e-03  -1.964843895417e-08  -8.953326978946e-02  -2.879754186281e-01  -1.029171544011e-01  -7.478156412241e-07  -7.020590232170e-01  -1.572490869740e+00  -5.778104516973e-01  -4.202686579450e-06  -9.711453444539e-01  -1.304539518692e+00  -4.882612507534e-01  -3.551077280599e-06  -1.727915005458e-01  -4.683353564158e-07   1.602811809029e-01  -1.257840121516e-06  -2.122831163804e-01  -1.476494747143e-06  -6.836041256290e-03  -2.361527217743e-01  -5.677112689859e-01  -1.941292049817e-04  -1.470238788342e-04  -1.793477639441e-08  -1.542407286550e-04  -4.634016345803e-02  -4.902738056825e-01  -7.479238548399e-01  -6.376865961619e-03  -5.004992871763e-04   2.672494609823e-03  -1.544034733227e-04  -4.636098805361e-02  -4.903563749479e-01  -7.479710011416e-01  -6.381983510840e-03  -4.999179411121e-04  -2.674131316307e-03
  -2.322445320663e+00  -2.342893524464e+00  -4.972193215231e-01  -1.279935354111e+00  -8.716490119805e-06  -4.650835104591e+00  -1.079150466059e+00  -2.937784697042e+00  -1.992240565663e-05  -5.423507848647e+00  -1.457771879495e+00  -4.006279662081e+00  -2.689692268956e-05  -4.337250635411e+00  -9.933523873431e-01  -2.675494693227e+00  -1.781809751499e-05  -5.964988805837e-01  -1.101924975316e-05   5.692304513211e-01  -4.124830968592e-06   6.502645595642e-01  -5.219756068345e+00  -6.925210111006e+00  -5.337490712112e+00  -3.107686389606e+00   1.036852272611e+00   1.600213952565e+00   1.196768451281e-05  -1.011029763948e-01  -1.059833628079e-01  -2.825928976743e-01  -1.037263990386e-01  -6.926224224588e-07  -7.295491112291e-01  -1.361349051943e+00  -4.290420317059e-01  -2.811505437950e-06  -1.954890594537e+00  -3.381152408862e+00  -1.060303616925e+00  -7.334178590370e-06  -2.262230626727e+00  -2.679969402887e+00  -8.913915599633e-01  -6.292865614061e-06  -5.544291920893e-01  -5.933454238385e-07   6.138701016578e-01  -3.927613758533e-06  -8.605518083690e-01  -5.934674601845e-03  -1.122804469119e-01  -7.843632100654e-01  -1.402239041370e+00  -3.625159325635e-02  -3.155318359943e-02  -4.196911050129e-06  -4.283469862229e-02  -3.470230069282e-01  -1.319913183998e+00  -1.750004312726e+00  -1.882833351715e-01  -3.932237630118e-03   9.158389577963e-02  -4.285425863747e-02  -3.471165961521e-01  -1.320076390590e+00  -1.750094554191e+00  -1.883548448370e-01  -3.900675129460e-03  -9.159992061975e-02
  -2.044630616042e+00  -2.060762278028e+00  -1.044330772230e-01  -4.105991907063e-01  -2.756877811207e-06  -4.264220384949e+00  -1.904472232603e-01  -1.123950181936e+00  -7.477493801809e-06  -5.667741068943e+00  -2.623581008629e-01  -2.199521261911e+00  -1.438409918874e-05  -5.554231875594e+00  -3.643137000514e-01  -2.283592524184e+00  -1.470266886601e-05  -6.782349005568e-02  -2.059841967869e-06   1.421228241264e-01  -5.501228004360e-07   6.140933989071e-02  -2.895829774611e+00  -5.337490712112e+00  -5.918552821717e+00  -4.451260906354e+00   7.464528162560e-01   1.129710016053e+00   8.495012483623e-06  -6.957853554929e-01  -7.494387164804e-01  -5.406116308554e-01  -1.813904874934e-01  -1.126366536679e-06  -2.085770865521e+00  -1.764946269134e+00  -5.057695765148e-01  -2.799512007427e-06  -3.398769420823e+00  -3.624420628547e+00  -1.018645188430e+00  -6.302015950174e-06  -3.603621005817e+00  -3.288255284425e+00  -1.019691848866e+00  -6.824085892393e-06  -2.876721011365e-01   3.511244109319e-06   4.583637950395e-01  -1.985219481589e-06  -6.941445601502e-01  -2.060458875224e-01  -7.215101540029e-01  -1.783433641214e+00  -2.446875082666e+00  -3.184909087446e-01  -3.111256833281e-01  -4.545913941544e-05  -4.362590508621e-01  -1.234219434299e+00  -2.457999863661e+00  -2.887452289286e+00  -5.902352512215e-01   5.904247469281e-02   3.711101094983e-01  -4.363347533081e-01  -1.234377063848e+00  -2.458188599369e+00  -2.887564601337e+00  -5.903182196483e-01   5.918628682967e-02  -3.710867483006e-01
  -1.171488316446e+00  -1.179484702307e+00   4.746140402002e-03  -9.765823230620e-02  -6.341580631168e-07  -2.583085450293e+00   7.809669784679e-02  -3.060232094514e-01  -1.943230050563e-06  -3.893559046593e+00   3.157658302989e-01  -7.470229564129e-01  -4.602324673879e-06  -4.707110335588e+00   2.988594787875e-01  -1.111387545343e+00  -6.882830444276e-06  -8.418769139966e-03  -5.168741474337e-07   5.635168138540e-02  -1.277303454279e-07  -2.423427278819e-02  -1.449160482277e+00  -3.107686389606e+00  -4.451260906354e+00  -4.443685092334e+00   4.085659871986e-01   6.126367055144e-01   4.618833923910e-06  -7.803584731902e-01  -8.416316783612e-01  -2.630847513606e-01  -6.983852546509e-02  -3.473251704028e-07  -2.201732317616e+00  -9.142373982801e-01  -1.987385323152e-01  -9.091636435978e-07  -3.436611681257e+00  -2.073377506157e+00  -4.705115884649e-01  -2.794228653956e-06  -3.944515505484e+00  -2.436534926523e+00  -6.805897140703e-01  -4.567859548900e-06  -2.922604872450e-02   2.465219865741e-06   1.731193583242e-01  -2.953707854110e-09  -2.864056649992e-01  -5.022879964895e-01  -1.283878964379e+00  -2.382945013167e+00  -3.023393395855e+00  -3.511587211500e-01  -3.897953617488e-01  -6.305332656336e-05  -6.633888363915e-01  -1.608169302722e+00  -2.811216458103e+00  -3.366090059881e+00  -4.207597562275e-01   1.204380566633e-01   3.533115707023e-01  -6.634323759206e-01  -1.608256554186e+00  -2.811328662237e+00  -3.366175506906e+00  -4.207760524097e-01   1.205752353123e-01  -3.532567855328e-01
