ARMA_MAT_TXT_FN008
72 72
   4.277242871392e-01  -5.704217225683e-01  -4.994261221577e-01  -2.826846443366e-01   1.697042173820e-01  -3.589072189468e-01   2.018372980140e-07  -2.944698793244e-01  -2.946346510115e-01  -1.979338102118e-01   4.668999049458e-01  -6.774564321513e-07  -5.965117671047e-01  -2.150554696827e-01   5.124389452918e-01  -7.949010967072e-07  -5.302895141300e-01  -1.692042542621e-01   4.001677768719e-01  -6.370423354355e-07  -3.952940496515e-01  -1.136381905701e-01   2.660441491822e-01  -4.184641723234e-07   3.124006201377e-02   2.765960612348e-07   2.847176856164e-02  -8.357093574826e-08   4.599524369527e-02  -3.884542753328e-04   2.839523137338e-04  -7.607313776811e-04   2.976764314021e-03   9.030611874247e-08  -3.650336731045e-02  -1.080991823022e-01   4.449752726903e-02  -3.318487943410e-08  -1.627783772195e-01  -3.165174323505e-01   1.089721206970e-01  -3.096638874021e-07  -1.976676619698e-01  -2.472101318092e-01   8.747891961544e-02  -2.708785653478e-07   9.012732783261e-02   1.318038851358e-06   6.739952351827e-02  -3.429090572213e-07  -9.187096440517e-02  -6.352843683902e-03  -5.592439848022e-03  -5.842619884032e-02  -1.190525117035e-01   6.038128342153e-03  -1.582092410044e-04   8.158490628087e-08   3.481264644327e-03  -1.608031390488e-02  -1.088505548298e-01  -1.523429929524e-01  -4.667658875295e-03   3.175886326233e-05  -1.555998049496e-03   3.480088911715e-03  -1.607624423354e-02  -1.088402792681e-01  -1.523371213453e-01  -4.664601234462e-03   3.195979321411e-05   1.555262942367e-03
  -5.704217225683e-01  -6.356940554793e-01  -5.839269246478e-01  -3.800030477155e-01   2.978371403923e-01  -6.269839224400e-01   5.412778496307e-07  -1.492477395928e+00  -1.412874178748e+00  -1.772593290984e-01   4.347419012036e-01  -6.689467847105e-07  -1.282092826572e+00  -1.485391175330e-01   4.407977947126e-01  -7.385500874927e-07  -9.219848963820e-01  -5.382625749577e-02   2.768866918087e-01  -3.526969628783e-07  -5.938928990992e-01  -3.241089229789e-02   1.712479248450e-01  -4.394993839517e-08   5.480135995864e-02   3.593851560996e-07   6.729220868344e-02  -1.354718628241e-07   6.770915500121e-02  -6.078245529981e-02  -6.119106244995e-02  -7.850950156302e-02   3.269945904551e-02   3.159626495543e-07  -1.811614681699e-01  -2.717190782374e-01   5.813991912167e-02   5.158727100959e-07  -3.429059615325e-01  -5.127404132627e-01   7.099917443192e-02   2.483683817098e-07  -3.209768730871e-01  -3.285073411934e-01   5.752211619709e-02   5.503511014638e-09   4.455819137028e-02  -5.148181881425e-07   1.128816108595e-01  -3.938423638641e-07  -1.910609894012e-01  -5.007625972010e-03  -3.554305070641e-02  -1.573666416681e-01  -2.139801643106e-01  -9.633651189949e-03   1.266328414534e-02  -7.491478264575e-07  -1.903926001593e-02  -7.502293270971e-02  -2.031550025567e-01  -2.399335367518e-01  -4.405462717155e-02  -3.002939876467e-03  -2.764362915128e-02  -1.903433985563e-02  -7.501343589868e-02  -2.031449276156e-01  -2.399282906595e-01  -4.404732611135e-02  -2.996026992341e-03   2.764205736325e-02
  -4.994261221577e-01  -5.839269246478e-01  -4.920905099554e-01  -3.469919648062e-01   2.251672386779e-01  -4.699425515291e-01   4.520756029155e-07  -1.318187335487e+00  -1.249161057073e+00  -6.624458588635e-02   1.680830951294e-01  -3.908749398731e-07  -1.189457518341e+00  -4.351015206427e-02   2.480633817346e-01  -5.261844033221e-07  -8.874823183652e-01   1.079158691968e-01   2.116092679955e-01  -3.958431078485e-08  -5.754589451251e-01   1.478852139642e-01   9.506540895066e-02   4.936461766798e-07   4.687941150091e-02   2.193464168914e-07   6.780953460831e-02  -1.216138035151e-07   3.221031255905e-02  -4.057947225727e-01  -3.875455115830e-01  -9.552175859563e-02   4.933706777546e-02   6.010678178437e-07  -4.496250545903e-01  -2.429590793231e-01   5.520257635525e-02   1.422113831376e-06  -5.083231586037e-01  -4.243757509107e-01   3.968379486417e-02   1.240173464656e-06  -3.801985374492e-01  -2.362514742006e-01   2.302943166291e-02   5.169983501286e-07  -1.151421682538e-02  -4.898993785944e-06   8.872192424134e-02  -7.701417246340e-08  -1.714281746277e-01  -5.410400044051e-02  -1.436849107867e-01  -2.732959098567e-01  -2.740697054696e-01  -4.791441417806e-02   8.327715210191e-02  -8.231594150234e-06  -1.103893028343e-01  -1.989863033035e-01  -3.044770268458e-01  -2.873020204155e-01  -6.131432023459e-02  -4.222572600252e-02  -9.479389840585e-02  -1.103778986995e-01  -1.989749463830e-01  -3.044691145554e-01  -2.872987385305e-01  -6.131356206702e-02  -4.220163004190e-02   9.479933933916e-02
  -2.826846443366e-01  -3.800030477155e-01  -3.469919648062e-01  -2.458119611573e-01   1.248410521638e-01  -2.638810963037e-01   2.762787795862e-07  -7.564132660198e-01  -7.184231509413e-01  -2.282028410671e-02   4.566772611204e-02  -1.922521208085e-07  -7.374404805732e-01  -2.099856954267e-03   9.736709218296e-02  -2.723717745283e-07  -6.003200555452e-01   1.441441205706e-01   1.284377682253e-01   7.889253735129e-08  -4.228016938726e-01   2.021316522091e-01   7.833272510041e-02   4.188069937872e-07   2.150273753428e-02   9.165368949479e-08   3.732539096243e-02  -6.823811510834e-08   3.891624616444e-03  -4.498456171062e-01  -4.299497167984e-01  -2.800232308875e-02   2.470530539143e-02   3.855051713033e-07  -4.861791646679e-01  -1.097602149107e-01   3.037161297011e-02   9.096453985530e-07  -4.827746319243e-01  -2.330559255291e-01   2.497485676598e-02   7.575876556583e-07  -3.237549415287e-01  -1.179797608475e-01   1.212826251838e-02   3.417514276885e-07  -1.364519124312e-02  -3.125588412214e-06   4.474967042033e-02   3.799771304335e-07  -8.812384706563e-02  -1.139817753268e-01  -2.004992079704e-01  -2.791499115099e-01  -2.408829059390e-01  -5.161837714066e-02   1.164397586052e-01  -1.273813105918e-05  -1.516958248146e-01  -2.334649495821e-01  -2.957115697865e-01  -2.466529811735e-01  -5.371048033788e-02  -5.869272622025e-02  -1.136517485587e-01  -1.516890233226e-01  -2.334581031737e-01  -2.957068606861e-01  -2.466513272522e-01  -5.371159380609e-02  -5.866599424765e-02   1.136619526527e-01
   1.697042173820e-01   2.978371403923e-01   2.251672386779e-01   1.248410521638e-01   1.243972077062e+00   2.655707678380e-01  -2.398471825030e-07   8.510995562050e-01   8.079189112673e-01  -1.870062871049e-01  -3.032988144704e-01   3.671226921848e-07   5.255916294306e-01  -1.716398940831e-01  -5.453106263091e-02   9.579732166820e-08   3.479925282786e-01  -1.331891859009e-02  -8.683700121537e-02   9.054327865213e-08   2.215128082985e-01  -3.020907271178e-02  -8.583024043683e-02   4.102152125263e-08  -7.408716978067e-03   4.512361821714e-07   8.161432548035e-02  -3.685145193179e-09   2.902627997543e-01   8.151935923314e-03   9.424562119723e-03   9.037686596791e-02  -2.988757245875e-02  -6.030955371840e-08   1.371869226559e-01   2.350862604770e-01  -6.143619966139e-02  -5.841387765250e-08   1.673348178819e-01   2.057996086367e-01  -2.665134966853e-02  -6.216740666383e-08   1.243944125660e-01   1.078952618465e-01  -2.654929395577e-02   1.102791190139e-08  -5.922051205605e-02   5.171910149071e-07  -9.352788461331e-02   3.275489778856e-07   1.455696134722e-01  -4.950604348843e-03   1.277875195472e-02   7.083454377695e-02   8.049755983876e-02   8.395959244365e-03  -1.806796528327e-03  -1.708603933189e-07   5.514201611544e-03   5.029024951709e-02   9.435020621632e-02   9.183733645749e-02   4.125905213074e-02  -1.816604514188e-03   1.840010786491e-02   5.510728539861e-03   5.028162294745e-02   9.434598965813e-02   9.183529165899e-02   4.124840780270e-02  -1.820590417570e-03  -1.839608534602e-02
  -3.589072189468e-01  -6.269839224400e-01  -4.699425515291e-01  -2.638810963037e-01   2.655707678380e-01   7.646059785827e-01   7.670116229270e-07  -1.974739080205e+00  -1.877249613396e+00  -2.845141398295e-01   3.573756293299e-01  -6.150235202094e-07  -1.221416781691e+00  -1.086629963373e-02  -1.140668321742e-01   1.614272382556e-07  -7.664868432159e-01  -4.263187150546e-02   9.654274434003e-02  -1.226801130991e-08  -4.774920505620e-01  -6.411955301482e-02   9.317632710027e-02  -1.678288278549e-07  -3.701736222784e-01  -9.727728173496e-07  -2.347589454759e-01   5.606775174878e-07  -2.002970222016e-01  -3.639417181289e-03  -3.049041954537e-03  -2.887582848152e-02   3.936638312551e-03  -2.483316026826e-07  -7.529684043354e-02  -1.986689380658e-01  -3.381398673863e-03  -4.432492533943e-07  -2.252298075627e-01  -4.323859217355e-01  -7.780926185197e-06  -4.772562276832e-07  -2.235936800396e-01  -2.649961257406e-01   2.766003416446e-03  -2.445566201644e-07  -6.002635648189e-03   2.372736670256e-07   9.820129752932e-02  -2.013053227381e-07  -1.901410958533e-01   3.889541774769e-04  -1.404870085209e-02  -1.097442531884e-01  -1.528946568874e-01  -1.463631871363e-03   7.218620506096e-04  -8.103351862801e-08   1.222200520209e-03  -1.480156277654e-02  -1.146921875242e-01  -1.561595387452e-01  -5.065583312471e-03  -2.569448419481e-03  -1.635554823283e-03   1.221630429325e-03  -1.480249813358e-02  -1.146892682180e-01  -1.561580001548e-01  -5.066514728307e-03  -2.567919014256e-03   1.636169454846e-03
   2.018372980140e-07   5.412778496307e-07   4.520756029155e-07   2.762787795862e-07  -2.398471825030e-07   7.670116229270e-07   1.358896925836e+00   2.359428965243e-06   2.250010969290e-06   3.070848228433e-07  -7.998224093080e-07  -3.468078610233e-01   1.510903640108e-06  -2.135096791072e-08   1.283045029931e-10  -2.085265775287e-01   9.041514945622e-07   2.396896529412e-08  -1.020386769912e-07  -4.550136072196e-02   5.417524426395e-07   2.923667251085e-08  -1.931309782554e-07  -6.795345193297e-02   6.484214231001e-07  -2.148696523878e-01   8.306101272460e-07   1.038621378860e-01   5.862101798580e-07   1.233727294044e-08   1.217976569247e-08   5.452060851530e-08  -3.124425886256e-07  -1.098745348961e-02   1.974246530750e-07   3.109953253879e-07  -4.503897882137e-07  -4.878535057574e-02   3.598842452751e-07   4.812801240124e-07  -2.917152345695e-07  -5.838813796734e-02   2.943991243887e-07   2.611094076529e-07  -1.087821671638e-07  -3.901528595748e-02   2.657904570934e-09   1.063295730841e-02   4.890985132881e-07  -8.058676490463e-02   7.336684987545e-07  -4.588898190665e-07   6.459703482466e-07   2.149968845442e-06   1.273521324427e-06   7.460542439039e-07  -3.520878419800e-07  -1.595684686083e-03  -1.264915867146e-03   1.437194317140e-02   1.618234898797e-02   8.645744646619e-03   1.649414274517e-02   7.480229143823e-04   3.236848988422e-03   1.266133376319e-03  -1.437091044136e-02  -1.618370372454e-02  -8.646238729443e-03  -1.649169440030e-02  -7.468618644801e-04   3.237612281452e-03
  -2.944698793244e-01  -1.492477395928e+00  -1.318187335487e+00  -7.564132660198e-01   8.510995562050e-01  -1.974739080205e+00   2.359428965243e-06  -1.758728883802e+01  -2.200821101848e+01   1.602602174766e-02   2.802086127796e-02  -1.426142755907e-07  -8.145957799286e+00   6.968918521445e-03   1.275928068104e-02  -5.041422442373e-08  -3.530305119972e+00   2.647303604989e-03   5.286045952456e-03  -1.580196050738e-08  -1.596139564754e+00   7.003163848493e-04   2.004825025493e-03  -4.144103317056e-09  -1.786600019417e-04  -1.790723435961e-08  -1.166396193322e-03  -1.620001467414e-08   1.012219119021e-03  -3.400599622895e-04  -2.355716470620e-04  -1.343940546005e-02  -1.258756225297e-03  -9.410169968671e-09  -2.140430052237e-01  -7.329970007325e-01  -7.319595811271e-02  -3.380523736708e-07  -8.525553183344e-01  -1.696070654183e+00  -1.695105347806e-01  -7.796332489236e-07  -7.204932703624e-01  -7.981808549229e-01  -7.963941574168e-02  -3.666412449162e-07  -1.535222229546e-01  -4.948643758634e-08   4.481025052155e-01  -7.137351901838e-07  -7.608884781030e-01  -1.163647844778e-04  -4.504373717149e-02  -4.198676806973e-01  -5.044748913028e-01  -2.948846507955e-03   1.381111302481e-03  -1.847199653246e-07   8.332394466097e-05  -3.306963331558e-02  -3.793853284838e-01  -4.867232913774e-01  -1.827061680104e-03  -6.248604606747e-04  -8.349450954438e-04   8.331847671461e-05  -3.306892584798e-02  -3.793826522278e-01  -4.867220715973e-01  -1.827012584220e-03  -6.246533413053e-04   8.350090931456e-04
  -2.946346510115e-01  -1.412874178748e+00  -1.249161057073e+00  -7.184231509413e-01   8.079189112673e-01  -1.877249613396e+00   2.250010969290e-06  -2.200821101848e+01  -1.651849353540e+01   1.523778029837e-02   2.649085458397e-02  -1.359015808504e-07  -7.392268890839e+00   3.563742581583e-03   6.782019095761e-03  -2.176939161906e-08  -3.318981804648e+00   5.979949085009e-04   2.184290657564e-03  -3.579270629369e-09  -1.512601058364e+00  -4.871764685661e-04   7.385232185570e-04  -2.151558299337e-09  -8.892863694616e-04  -3.228222917487e-08  -3.046881824803e-03  -1.778666102175e-08   1.376440409704e-03  -2.655400216511e-04  -2.545381297817e-04  -1.282060458254e-02  -1.177651768964e-03  -1.790664045346e-08  -2.073437650788e-01  -7.052221223540e-01  -7.066280588040e-02  -3.362075032856e-07  -8.083514085030e-01  -1.602948695547e+00  -1.607781400937e-01  -7.428448130619e-07  -6.839451968109e-01  -7.574674901002e-01  -7.593137377810e-02  -3.497848376222e-07  -1.491136371033e-01  -7.081073504628e-08   4.330041674076e-01  -6.844656113670e-07  -7.352938253454e-01   2.413472776022e-04  -4.343864646380e-02  -3.989316241859e-01  -4.791808046403e-01  -3.048786314090e-03   1.169907378212e-03  -1.637876313684e-07   2.515983463847e-04  -3.189112933069e-02  -3.603329249174e-01  -4.622018001031e-01  -1.831917427370e-03  -5.217381951050e-04  -6.623864046239e-04   2.516072436683e-04  -3.189044849966e-02  -3.603304169536e-01  -4.622006581038e-01  -1.831879370920e-03  -5.215724237445e-04   6.624305736809e-04
  -1.979338102118e-01  -1.772593290984e-01  -6.624458588635e-02  -2.282028410671e-02  -1.870062871049e-01  -2.845141398295e-01   3.070848228433e-07   1.602602174766e-02   1.523778029837e-02   1.692075031588e+00  -1.846989865450e-02  -2.516629220999e-07   3.269895948642e-03  -8.211094367828e-01  -1.300545824448e-02  -2.324047001420e-07   3.246725992705e-03  -7.533998433993e-01  -5.830612124525e-03  -2.828886208354e-08  -5.722437193381e-03  -2.897625276501e-01  -1.171500429457e-03   9.446436500571e-08   5.421188727286e-02   1.151070625151e-08  -2.218938049125e-02  -1.827756924003e-07   6.794735929582e-02   5.051584835858e-03   6.223609787117e-03   1.739128620724e-01   1.593674714125e-02   4.046617741689e-07   2.282181876916e-01   4.473609908282e-01   4.901538991907e-02   6.786000888251e-07   1.992787247963e-01   1.701961437027e-01   3.102406764020e-02   4.761450777029e-07   4.802707828465e-02  -4.081008700902e-02   5.299432072048e-03   1.663132195274e-07   8.029525611369e-02  -2.308858807301e-07  -2.017530280198e-01   5.212914607573e-07   3.394775253994e-01  -2.756617758090e-03   4.726905241837e-02   9.198641829588e-02   3.488144259157e-02   3.698491023476e-02  -9.610829383159e-03   1.523426630769e-06  -5.662084125851e-03   3.505117332176e-02   8.203108860352e-02   3.240757879828e-02   2.921231178641e-02   5.555087930706e-03   6.108546478798e-03  -5.661944416683e-03   3.505110822914e-02   8.203182001520e-02   3.240813210777e-02   2.921208697059e-02   5.553542311208e-03  -6.108792123282e-03
   4.668999049458e-01   4.347419012036e-01   1.680830951294e-01   4.566772611204e-02  -3.032988144704e-01   3.573756293299e-01  -7.998224093080e-07   2.802086127796e-02   2.649085458397e-02  -1.846989865450e-02   1.652267761964e+00  -4.620109264945e-07   1.241694324199e-02  -1.313730704627e-02  -8.576433790992e-01  -4.446685848367e-07   1.657706379853e-02  -5.927510004819e-03  -7.778363283195e-01  -2.097427515127e-07   1.443264084062e-02  -7.342511468872e-04  -3.148140306256e-01  -3.181985666817e-08  -1.245546049098e-02  -3.633246323925e-07  -4.764569845657e-02   2.477144730037e-08  -5.909983532090e-02   5.475485149285e-04   7.795199523191e-04   2.087465917301e-02  -1.184167908418e-02   1.666200486458e-07   2.494364556620e-02   6.092668238969e-02  -1.019682043255e-01   2.201522230038e-07   2.776839187950e-02   5.163573373233e-02  -1.951313407028e-01   1.446299881800e-07   1.363417300983e-02   1.691096825435e-02  -1.123823293899e-01   6.280869408619e-08  -2.034307369273e-01  -1.713697905636e-06  -2.737875382827e-02   1.102163359793e-07   7.332051721901e-02   6.018180734961e-03  -1.732740527393e-02  -4.269045006623e-02  -1.742948772594e-02  -1.229733444476e-02   2.953047318492e-03  -6.389964723900e-07  -4.272694686799e-03   1.139906568968e-02   3.652436555992e-02   2.187199110590e-02   9.643035898978e-03   4.491880255920e-04   2.709027566925e-03  -4.271330882274e-03   1.139551772157e-02   3.651407384144e-02   2.186688268345e-02   9.640395443938e-03   4.481328668276e-04  -2.708302810768e-03
  -6.774564321513e-07  -6.689467847105e-07  -3.908749398731e-07  -1.922521208085e-07   3.671226921848e-07  -6.150235202094e-07  -3.468078610233e-01  -1.426142755907e-07  -1.359015808504e-07  -2.516629220999e-07  -4.620109264945e-07   1.578438102711e+00   8.225367684700e-08  -2.246572192452e-07  -4.406741779824e-07  -9.119961519421e-01  -3.593840570698e-08  -1.297848641659e-08  -2.287986847235e-07  -7.992613953342e-01  -1.492277271376e-07   5.942884838328e-08  -7.523012574335e-08  -3.215147688450e-01   1.151660034168e-07   3.480049558133e-02   1.792764419749e-07   1.905345708635e-02   1.606901955109e-07   3.927605726942e-09  -5.109862950907e-09   3.993391365204e-08  -3.960343475039e-08  -1.630304295340e-02  -4.231965108076e-09   2.525815776226e-07  -6.114506201888e-08  -1.165627098658e-01  -2.389130155872e-08   1.020495389099e-07  -7.337243195240e-08  -2.078694998881e-01  -9.440800650662e-08  -6.837298025534e-08  -2.853390937708e-08  -1.158721215127e-01   1.584968010339e-07  -2.938044653064e-02   1.580670075100e-06  -2.339298912312e-01   1.630747851388e-06  -1.116335292576e-06   2.494210602903e-06   6.488092677726e-06   3.041359227683e-06   2.418884933987e-06  -8.414478273818e-07  -3.208474973257e-03  -8.947344430277e-03   1.357652446409e-02   4.543475875024e-02   2.297075841242e-02   1.317570360220e-02   3.736928592504e-03   2.691842033378e-03   8.948515366184e-03  -1.357769520904e-02  -4.543988122151e-02  -2.297358872723e-02  -1.317710612832e-02  -3.736274025351e-03   2.692911901874e-03
  -5.965117671047e-01  -1.282092826572e+00  -1.189457518341e+00  -7.374404805732e-01   5.255916294306e-01  -1.221416781691e+00   1.510903640108e-06  -8.145957799286e+00  -7.392268890839e+00   3.269895948642e-03   1.241694324199e-02   8.225367684700e-08  -3.886472653821e+00   2.882922063233e-02   6.434530241750e-02   5.973552794049e-08  -2.487383453479e+00   2.534130042695e-02   5.510955127508e-02  -8.070550470816e-09  -1.415608266730e+00  -1.773622650254e-04   2.088136018379e-02  -4.891053715904e-08   3.813506136073e-02   4.144066827873e-08   6.234382942312e-02  -5.811746095460e-08  -4.226731896941e-03  -3.535712760414e-02  -3.885705978923e-02  -2.095764792319e-01  -1.980912725064e-02  -3.395325214765e-07  -3.693405117846e-01  -7.830256089879e-01  -7.622060567168e-02  -6.534637522566e-07  -8.017145324661e-01  -1.365048750825e+00  -1.268424591781e-01  -8.131774544451e-07  -6.949307521864e-01  -7.363552633297e-01  -6.668255273498e-02  -4.040622268322e-07  -1.233528492614e-01  -3.844413836011e-07   3.540171995891e-01  -5.637228167349e-07  -6.016238347781e-01   1.415869440783e-04  -9.763051074098e-02  -4.215306856952e-01  -4.948018460720e-01  -5.750549367778e-02   2.245543923361e-02  -3.199686804554e-06  -1.049122064213e-04  -8.013953255666e-02  -3.887825197974e-01  -4.802128958030e-01  -4.113206995006e-02  -1.266896715268e-02  -1.632478645514e-02  -1.045119195218e-04  -8.013800519027e-02  -3.887794251419e-01  -4.802114190647e-01  -4.113189838462e-02  -1.266513304492e-02   1.632620891773e-02
  -2.150554696827e-01  -1.485391175330e-01  -4.351015206427e-02  -2.099856954267e-03  -1.716398940831e-01  -1.086629963373e-02  -2.135096791072e-08   6.968918521445e-03   3.563742581583e-03  -8.211094367828e-01  -1.313730704627e-02  -2.246572192452e-07   2.882922063233e-02   1.140367498937e-04   1.588616160951e-02  -2.483017355043e-07   6.616836225007e-02  -5.095187291282e-01   2.169873801685e-02  -8.602267010964e-08   4.424222392242e-02  -3.372736500426e-01   1.075829293502e-02   6.161177517811e-08   1.195261893549e-01   6.757950374288e-08  -4.888964094509e-02  -2.609129955617e-07   1.598069361911e-01   1.258096144906e-01   1.450146185383e-01   3.798951810990e-01   4.056621793828e-02   5.544630486981e-07   3.853075767774e-01   3.800810339500e-01   4.276239580692e-02   6.728969848119e-07   2.797625588762e-01   1.508433703904e-01   3.275823691766e-02   4.630819948027e-07   9.589104682704e-02  -3.781440187976e-02   1.254896921119e-02   1.743044366416e-07   5.787881391001e-03  -5.245828375327e-07  -1.614602468399e-02   2.971676748960e-07   2.384935373405e-02   1.696176256104e-02   1.144395252048e-01   1.479251116286e-01   7.257778390447e-02   1.125025238733e-01  -5.601481644452e-02   7.707000484719e-06   6.462211474151e-03   9.371158013021e-02   1.342080643727e-01   6.746169331117e-02   8.674013987662e-02   3.121412206488e-02   4.152951684109e-02   6.462236021207e-03   9.371154776025e-02   1.342092329973e-01   6.746258906951e-02   8.674064766887e-02   3.120457225135e-02  -4.153360348265e-02
   5.124389452918e-01   4.407977947126e-01   2.480633817346e-01   9.736709218296e-02  -5.453106263091e-02  -1.140668321742e-01   1.283045029931e-10   1.275928068104e-02   6.782019095761e-03  -1.300545824448e-02  -8.576433790992e-01  -4.406741779824e-07   6.434530241750e-02   1.588616160951e-02  -1.954375818283e-02  -3.185044158655e-07   1.155352488493e-01   2.180665741640e-02  -4.967410407333e-01  -5.549013363416e-08   8.710409186439e-02   1.138112391297e-02  -3.442686856644e-01   7.000758051659e-08  -3.227143330449e-02  -6.117657254497e-07  -1.070801366456e-01   7.434941630037e-08  -1.333237544475e-01   1.274227539406e-02   1.474710460648e-02   4.715912908747e-02  -6.146571356556e-02   2.754998835772e-07   4.400812773832e-02   6.820052652023e-02  -1.393041672301e-01   3.705816693006e-07   6.093265346464e-02   1.040438495698e-01  -2.083134043723e-01   3.069799075982e-07   5.067912962786e-02   6.005854107696e-02  -1.387448978412e-01   1.536993958557e-07  -1.675816991324e-01  -1.366653608213e-06  -1.410516542259e-02   7.913616343402e-08   3.806932360718e-02  -3.630308779239e-03  -3.642765352018e-02  -3.525242179383e-02   1.414318140983e-03  -4.413322832662e-02   1.053883545047e-02  -3.120640900053e-06   8.161366955133e-04   3.021819277097e-02   6.200772362199e-02   5.174495838158e-02   3.141078444110e-02  -7.437559360440e-05   1.538237682473e-02   8.158210469970e-04   3.020948841277e-02   6.199425842725e-02   5.173815076632e-02   3.140205488801e-02  -8.065978963098e-05  -1.537922651284e-02
  -7.949010967072e-07  -7.385500874927e-07  -5.261844033221e-07  -2.723717745283e-07   9.579732166820e-08   1.614272382556e-07  -2.085265775287e-01  -5.041422442373e-08  -2.176939161906e-08  -2.324047001420e-07  -4.446685848367e-07  -9.119961519421e-01   5.973552794049e-08  -2.483017355043e-07  -3.185044158655e-07   1.756388628563e-02  -1.489789308500e-07  -7.418753938924e-08  -8.872252679087e-08  -4.244187197118e-01  -2.409312489137e-07   2.002057387067e-08   2.345671423401e-09  -3.090164837894e-01   1.720816428402e-07   6.988202644228e-02   2.046177354207e-07   4.391440210934e-02   2.475189119481e-07   5.924262976005e-08   5.666596801991e-08   1.272063861068e-07   7.415958895619e-09  -6.868562293726e-02   3.758465106798e-08   1.657974806526e-07  -1.028788043549e-08  -1.506454691016e-01  -4.193364812972e-08  -2.178095525401e-08  -1.879540658188e-08  -2.058611633135e-01  -1.306349058551e-07  -1.373132869198e-07   6.148354481683e-09  -1.311941248948e-01   1.110689321535e-07  -2.272975201502e-02   1.575408850255e-06  -1.864654220207e-01   1.329331380099e-06   1.141934216648e-07   5.432174509144e-06   7.349297538011e-06   3.544869325629e-06   7.122168805483e-06  -3.572173828737e-06  -1.510109750132e-02  -2.183155747652e-03   3.429406882110e-02   5.286634824770e-02   2.700707507677e-02   4.059574447327e-02   1.550716053796e-02   9.920778029882e-03   2.183699438705e-03  -3.429743668835e-02  -5.287227399758e-02  -2.701042014157e-02  -4.060038528928e-02  -1.550402516056e-02   9.925728616331e-03
  -5.302895141300e-01  -9.219848963820e-01  -8.874823183652e-01  -6.003200555452e-01   3.479925282786e-01  -7.664868432159e-01   9.041514945622e-07  -3.530305119972e+00  -3.318981804648e+00   3.246725992705e-03   1.657706379853e-02  -3.593840570698e-08  -2.487383453479e+00   6.616836225007e-02   1.155352488493e-01  -1.489789308500e-07  -1.645463075385e+00   1.896212068528e-01   1.585957633908e-01   1.506528250093e-08  -1.047458942181e+00   1.440998828827e-01   8.400991541217e-02   1.579999971110e-07   4.766019875760e-02   1.195510548154e-07   8.847527493962e-02  -1.125940390638e-07  -1.289340562613e-02  -5.193590913596e-01  -4.987305433320e-01  -2.374664668576e-01  -2.435304202428e-02   3.387486328050e-08  -6.169704260272e-01  -5.406468436164e-01  -5.046907234347e-02   1.888614374886e-07  -7.784136484923e-01  -8.759825970747e-01  -5.898005666602e-02  -3.744691368354e-08  -6.129027420667e-01  -5.018843464759e-01  -2.605736534099e-02  -8.957861618449e-08  -6.253688862564e-02   1.601089463895e-07   2.102022281296e-01  -3.470219118063e-07  -3.505346126988e-01  -7.933366264997e-02  -2.185504187218e-01  -4.347932536758e-01  -4.457196418848e-01  -1.080956989469e-01   1.090525458077e-01  -1.346276574236e-05  -6.902170608060e-02  -2.013355188893e-01  -4.207928200393e-01  -4.418699482042e-01  -9.199486901697e-02  -5.912617356160e-02  -9.186004854320e-02  -6.902072014537e-02  -2.013331520292e-01  -4.207886508048e-01  -4.418678412303e-01  -9.199636712741e-02  -5.910542632463e-02   9.186998387554e-02
  -1.692042542621e-01  -5.382625749577e-02   1.079158691968e-01   1.441441205706e-01  -1.331891859009e-02  -4.263187150546e-02   2.396896529412e-08   2.647303604989e-03   5.979949085009e-04  -7.533998433993e-01  -5.927510004819e-03  -1.297848641659e-08   2.534130042695e-02  -5.095187291282e-01   2.180665741640e-02  -7.418753938924e-08   1.896212068528e-01  -4.251201748670e-01   2.329399564281e-02  -5.019931882933e-07   2.529376680727e-01  -4.149485772767e-01   4.230720849414e-03  -5.629792973951e-07   9.433673627330e-02   4.895832579686e-08  -4.724682387645e-02  -1.267560536899e-07   1.499557931528e-01   1.314455142915e+00   1.237867385898e+00   2.550628273591e-01   4.195327422596e-02  -2.467202689230e-07   9.452230067956e-01   1.487517007419e-01   2.987406763751e-02  -9.741782045383e-07   6.202304256583e-01   3.431852481020e-03   2.038136795583e-02  -8.386563742259e-07   3.159943229990e-01  -3.153364946465e-02   1.766471253566e-02  -3.122179619688e-07  -7.402445780793e-03  -1.886320200579e-06  -2.452828983197e-02   7.991683543875e-08   2.585878201216e-02   1.907113787550e-01   3.631916480428e-01   3.801875952843e-01   2.489720287820e-01   1.396076367840e-01  -2.367875882432e-01   2.855493721592e-05   1.584030384058e-01   3.362756052270e-01   3.656330154086e-01   2.414841127790e-01   1.233849360277e-01   1.232777892963e-01   1.973196554201e-01   1.584034914575e-01   3.362756740375e-01   3.656339657542e-01   2.414850045533e-01   1.233902620580e-01   1.232340363006e-01  -1.973425295543e-01
   4.001677768719e-01   2.768866918087e-01   2.116092679955e-01   1.284377682253e-01  -8.683700121537e-02   9.654274434003e-02  -1.020386769912e-07   5.286045952456e-03   2.184290657564e-03  -5.830612124525e-03  -7.778363283195e-01  -2.287986847235e-07   5.510955127508e-02   2.169873801685e-02  -4.967410407333e-01  -8.872252679087e-08   1.585957633908e-01   2.329399564281e-02  -1.670036797400e-01   2.401659482673e-07   1.492566065489e-01   4.354486238273e-03  -1.697562338789e-01   2.814890202241e-07  -3.161208277999e-02  -4.534300895581e-07  -8.771248655262e-02   2.863305217015e-08  -1.047723159031e-01   1.323287779504e-01   1.245441954375e-01   4.338896564977e-02  -1.652899754820e-01   3.468566147827e-07   9.833056837094e-02   4.768826987588e-02  -1.782653038104e-01   5.462420185604e-07   1.038085944534e-01   1.060809084085e-01  -1.589701867232e-01   5.316599849767e-07   9.353416099520e-02   8.676304908335e-02  -1.128923712231e-01   2.800221304680e-07  -8.644798996395e-03   8.198705188306e-06   8.924706589099e-03  -6.372256445387e-07   2.199154191306e-02  -8.174448368316e-02  -6.919234875887e-02  -3.670199572448e-03   3.750300451750e-02  -3.293555569060e-02   7.445226739881e-03  -6.018920006491e-06   5.779767791451e-02   8.437763130575e-02   9.386288004258e-02   8.341460553573e-02   4.151717265288e-02  -1.179962239242e-02   5.083480278266e-02   5.778035714010e-02   8.435698910563e-02   9.384839166093e-02   8.340806070881e-02   4.150825615230e-02  -1.181793128108e-02  -5.082777435306e-02
  -6.370423354355e-07  -3.526969628783e-07  -3.958431078485e-08   7.889253735129e-08   9.054327865213e-08  -1.226801130991e-08  -4.550136072196e-02  -1.580196050738e-08  -3.579270629369e-09  -2.828886208354e-08  -2.097427515127e-07  -7.992613953342e-01  -8.070550470816e-09  -8.602267010964e-08  -5.549013363416e-08  -4.244187197118e-01   1.506528250093e-08  -5.019931882933e-07   2.401659482673e-07  -1.901577741437e-02   1.870826559510e-07  -5.542860703766e-07   2.349708381913e-07  -8.485490890480e-02   7.250678020293e-08   4.712107461469e-02   1.637474185546e-07   3.582547644229e-02   1.874052468252e-07   6.186620754070e-07   5.822888908198e-07   1.610326796939e-07   2.213371144979e-07  -1.693289172679e-01   7.460817343968e-07   1.394301826275e-07   3.978343642770e-07  -1.773680169831e-01   6.722870175575e-07  -1.397596671318e-08   3.669378091874e-07  -1.318390287015e-01   3.505565284466e-07  -7.165347506221e-08   1.851518252932e-07  -8.861741568668e-02  -6.041845914915e-07   2.176925053320e-02  -5.717163681728e-06  -1.542498943633e-02  -3.843008012276e-06   1.101530849730e-05   1.201703773611e-05   6.939688284741e-06   3.116818978582e-06   6.310696261112e-06  -8.630914541963e-06  -4.454861632874e-02   7.402277971700e-02   8.610715432928e-02   5.034759763152e-02   2.154424161115e-02   4.515862017853e-02   3.474585257183e-02   1.401422302384e-02  -7.403073453859e-02  -8.611621192975e-02  -5.035242042953e-02  -2.154621579752e-02  -4.516500511756e-02  -3.473712474935e-02   1.402756456930e-02
  -3.952940496515e-01  -5.938928990992e-01  -5.754589451251e-01  -4.228016938726e-01   2.215128082985e-01  -4.774920505620e-01   5.417524426395e-07  -1.596139564754e+00  -1.512601058364e+00  -5.722437193381e-03   1.443264084062e-02  -1.492277271376e-07  -1.415608266730e+00   4.424222392242e-02   8.710409186439e-02  -2.409312489137e-07  -1.047458942181e+00   2.529376680727e-01   1.492566065489e-01   1.870826559510e-07  -7.014575345963e-01   2.783636083836e-01   1.019122143294e-01   4.943043944817e-07   3.170261134058e-02   1.005690103609e-07   6.120402361870e-02  -1.059358579500e-07  -1.076331147386e-02  -7.466057851386e-01  -7.098033891754e-01  -1.052193062050e-01  -1.292283989242e-02   4.334326869965e-07  -7.421920654658e-01  -2.668129005050e-01  -2.646619080730e-02   1.023342256682e-06  -7.360179345987e-01  -4.496609426809e-01  -1.818903777543e-02   7.516776774731e-07  -5.101393913648e-01  -2.394223004364e-01   3.981107896158e-03   2.770935066439e-07  -3.238645144653e-02   2.944313489838e-07   1.177235384431e-01   1.205750094634e-07  -1.913319726552e-01  -1.759885218368e-01  -3.099628700949e-01  -4.328209306149e-01  -3.814332948552e-01  -9.366489540509e-02   1.773219147545e-01  -2.090981427556e-05  -1.663474613288e-01  -3.002389725250e-01  -4.318866359847e-01  -3.852381178005e-01  -7.985320764545e-02  -9.013355106692e-02  -1.511784566820e-01  -1.663462723520e-01  -3.002365044776e-01  -4.318827191701e-01  -3.852360387947e-01  -7.985634417657e-02  -9.009973769546e-02   1.511954589168e-01
  -1.136381905701e-01  -3.241089229789e-02   1.478852139642e-01   2.021316522091e-01  -3.020907271178e-02  -6.411955301482e-02   2.923667251085e-08   7.003163848493e-04  -4.871764685661e-04  -2.897625276501e-01  -7.342511468872e-04   5.942884838328e-08  -1.773622650254e-04  -3.372736500426e-01   1.138112391297e-02   2.002057387067e-08   1.440998828827e-01  -4.149485772767e-01   4.354486238273e-03  -5.542860703766e-07   2.783636083836e-01  -3.560376190936e-01  -1.145819754483e-02  -7.438228095240e-07   3.903432612121e-02   7.726708709386e-09  -2.211471354118e-02  -3.266361015298e-08   6.829158357147e-02   1.132209375076e+00   1.070420073929e+00  -3.481088530750e-03   1.861970011384e-02  -4.180171862867e-07   9.371210424090e-01  -3.966665300015e-02   1.890235010298e-02  -1.190531542834e-06   6.543999910316e-01  -1.067340949693e-01   5.064995868558e-03  -1.008859686431e-06   3.647229462488e-01  -4.483669266900e-02   5.710948447586e-03  -3.970039866382e-07  -1.089230851523e-04  -1.969362125450e-06  -6.304170978837e-03  -7.021820951274e-07  -5.723170166240e-03   2.878109806513e-01   4.178444404504e-01   4.167921564508e-01   2.935076694089e-01   9.814000373271e-02  -2.766820769643e-01   3.247466212693e-05   2.625490029809e-01   4.007792711614e-01   4.116699053246e-01   2.903167911340e-01   7.931288799253e-02   1.367109196213e-01   2.311688842461e-01   2.625507623564e-01   4.007799596882e-01   4.116703097481e-01   2.903171501837e-01   7.931898636441e-02   1.366601108264e-01  -2.311965114391e-01
   2.660441491822e-01   1.712479248450e-01   9.506540895066e-02   7.833272510041e-02  -8.583024043683e-02   9.317632710027e-02  -1.931309782554e-07   2.004825025493e-03   7.385232185570e-04  -1.171500429457e-03  -3.148140306256e-01  -7.523012574335e-08   2.088136018379e-02   1.075829293502e-02  -3.442686856644e-01   2.345671423401e-09   8.400991541217e-02   4.230720849414e-03  -1.697562338789e-01   2.349708381913e-07   1.019122143294e-01  -1.145819754483e-02  -2.576841520623e-02   2.468702236007e-07  -1.194311929829e-02  -1.901328092056e-07  -3.776072271269e-02  -2.540101842588e-08  -4.512700780722e-02   1.139380903839e-01   1.076205758795e-01   1.687093790052e-02  -1.793149352673e-01   1.989017746512e-07   9.425286245547e-02   2.262687045028e-02  -2.206446589923e-01   2.863322538115e-07   8.755541899723e-02   4.939628907818e-02  -1.376094438130e-01   3.046488381636e-07   7.675288246640e-02   5.008925017369e-02  -4.267384246824e-02   1.782352679218e-07  -6.800441729626e-03   1.734137527958e-05   3.870545991398e-02  -1.302705746347e-06   3.262262072446e-02  -1.254848340394e-01  -8.347963363136e-02   7.698723800934e-03   4.531011384017e-02  -2.204467396574e-02   2.459160267200e-02  -7.230244517366e-06   9.570090571919e-02   1.008455319280e-01   8.152365196971e-02   6.606014897019e-02   2.721113066044e-02  -4.908053341344e-03   5.956872491115e-02   9.567268569457e-02   1.008209084757e-01   8.151250457082e-02   6.605687862242e-02   2.720616732919e-02  -4.929095164849e-03  -5.956067762570e-02
  -4.184641723234e-07  -4.394993839517e-08   4.936461766798e-07   4.188069937872e-07   4.102152125263e-08  -1.678288278549e-07  -6.795345193297e-02  -4.144103317056e-09  -2.151558299337e-09   9.446436500571e-08  -3.181985666817e-08  -3.215147688450e-01  -4.891053715904e-08   6.161177517811e-08   7.000758051659e-08  -3.090164837894e-01   1.579999971110e-07  -5.629792973951e-07   2.814890202241e-07  -8.485490890480e-02   4.943043944817e-07  -7.438228095240e-07   2.468702236007e-07   3.400787782691e-02  -2.006563190660e-08   1.880245511602e-02   6.767371824505e-08   1.755321453277e-02   7.598246004868e-08   5.369274761796e-07   5.107627394585e-07   1.639124305570e-07   1.896161789516e-07  -1.801800326050e-01   8.797676667359e-07   3.349978334728e-07   3.268582653814e-07  -2.181249558645e-01   9.184241394193e-07   2.929141409619e-07   3.210470723255e-07  -1.170437080752e-01   5.933881642590e-07   1.242092949623e-07   1.702928655217e-07  -2.284234820359e-02  -1.229105163049e-06   4.777104837677e-02  -1.333398607064e-05  -1.261929866825e-02  -8.798433491411e-06   1.723793616496e-05   1.428260850625e-05   5.338081637773e-06   1.451785436108e-06   4.270171556536e-06  -1.032349609966e-05  -3.848541969247e-02   1.247221085465e-01   1.059297508930e-01   3.960415594278e-02   8.579428892932e-03   2.756075325572e-02   3.778967297097e-02   2.727077229103e-02  -1.247361164041e-01  -1.059411284002e-01  -3.960743858223e-02  -8.579474838449e-03  -2.756518368130e-02  -3.777923499639e-02   2.728633827643e-02
   3.124006201377e-02   5.480135995864e-02   4.687941150091e-02   2.150273753428e-02  -7.408716978067e-03  -3.701736222784e-01   6.484214231001e-07  -1.786600019417e-04  -8.892863694616e-04   5.421188727286e-02  -1.245546049098e-02   1.151660034168e-07   3.813506136073e-02   1.195261893549e-01  -3.227143330449e-02   1.720816428402e-07   4.766019875760e-02   9.433673627330e-02  -3.161208277999e-02   7.250678020293e-08   3.170261134058e-02   3.903432612121e-02  -1.194311929829e-02  -2.006563190660e-08   3.075933144062e+00  -1.395959163875e-07  -3.371309845776e-02   1.193358149988e-07  -3.654693632919e-02  -1.361974378477e-02  -1.694592124534e-02  -5.319968790974e-02   8.183383010453e-02  -2.113745122395e-07  -2.907311492700e-02  -1.254683350298e-02   5.143377037694e-02  -2.547567881137e-07  -1.196987514597e-02   1.027401495731e-02   2.519976329062e-02  -1.668882485403e-07   8.151658937996e-03   2.315165624702e-02   8.576648124835e-03  -5.524334664924e-08  -7.532843078210e-02  -1.455256726712e-06  -2.707848469194e-02   1.418941824472e-07   5.380136517520e-02   1.811020025781e-02   2.911580901142e-02   8.373521204800e-03   8.117968814553e-03   4.208827948719e-02  -1.389327787784e-02   3.856135726257e-06  -8.606796507575e-03  -2.469098071695e-02  -1.111748365330e-02   4.445333475246e-03  -2.799855757192e-02  -2.962534326113e-04  -1.777947182029e-02  -8.603791009241e-03  -2.468451470049e-02  -1.111540565132e-02   4.445605688065e-03  -2.799154347541e-02  -2.887554551424e-04   1.777615979241e-02
   2.765960612348e-07   3.593851560996e-07   2.193464168914e-07   9.165368949479e-08   4.512361821714e-07  -9.727728173496e-07  -2.148696523878e-01  -1.790723435961e-08  -3.228222917487e-08   1.151070625151e-08  -3.633246323925e-07   3.480049558133e-02   4.144066827873e-08   6.757950374288e-08  -6.117657254497e-07   6.988202644228e-02   1.195510548154e-07   4.895832579686e-08  -4.534300895581e-07   4.712107461469e-02   1.005690103609e-07   7.726708709386e-09  -1.901328092056e-07   1.880245511602e-02  -1.395959163875e-07   3.158475007887e+00  -6.729355965080e-08   1.235968902763e-02  -1.572079109969e-07  -4.288010557853e-09  -3.875764564892e-09  -4.258207350129e-08   3.615317013785e-07   9.883881744631e-03   2.639847904828e-08  -1.536019357813e-08   3.723557779523e-07   9.669079272917e-03   5.580370409560e-08   5.390785958284e-08   1.091009743182e-07   1.372022848060e-02   5.935266255053e-08   5.404275152350e-08  -1.968749220444e-08   7.710142483703e-03  -1.372851501890e-07  -1.802944491036e-02   3.508304908472e-09   4.423973913401e-05   4.980414914699e-08   4.751092138464e-07   1.050445753828e-06   1.567827565521e-08  -6.094908496311e-08   2.724604847684e-06  -6.095010967635e-07  -4.524264202236e-03  -2.293073104171e-03  -8.212907080551e-03  -5.216339239230e-03  -1.972073277751e-03  -1.290519513251e-02  -1.441775186565e-03  -3.689177425274e-03   2.292697954105e-03   8.211788918960e-03   5.216297110976e-03   1.972235252907e-03   1.290308965884e-02   1.439124007718e-03  -3.689733631952e-03
