ARMA_MAT_TXT_FN008
72 72
   3.841459162130e-02   5.411606477197e-02   7.942947459919e-03   2.872984380028e-03  -4.612851912371e-03   7.638424332649e-03   1.841585406653e-08  -7.091956720636e-03  -1.180703783630e-02   1.610013369748e-02  -3.917741505137e-02   5.475492850233e-08   3.226031846269e-02   2.494946032559e-02  -6.068320251284e-02   8.647856338356e-08   8.064149979529e-03   1.280434708297e-02  -4.135461642332e-02   5.333223642169e-08  -2.644200751321e-03  -2.300303690520e-03  -4.595878580471e-03  -7.751373132322e-09  -1.388081825544e-03  -2.937443671918e-08  -1.890491585004e-03   7.934406241617e-09  -4.042691586390e-03   1.451760389359e-03   2.554829204191e-03  -5.127585356658e-03   2.186456253340e-03  -3.328138507916e-08  -7.538876932703e-03  -9.005179058847e-03   1.841011363990e-03  -7.879222754001e-08  -7.778781294819e-03  -5.928639981836e-03   2.822606119812e-03   1.200921033917e-07   3.784643472069e-04  -6.873820984828e-04  -4.789379651876e-04   1.524614974797e-07  -4.509477804196e-03  -1.544701962058e-07  -2.137807786913e-05   2.317540749884e-08  -6.154433776990e-04   4.623390287900e-03   1.119613692296e-02   8.034761703618e-03   9.054209516051e-04   3.211927495881e-04  -4.563141266691e-04   8.360386806978e-08  -1.885230987329e-03  -3.943068270362e-03  -3.176320010209e-03  -1.459939384275e-03  -4.435221520948e-04   1.400567370274e-04  -3.158734358404e-04  -1.884402962577e-03  -3.941257925408e-03  -3.175287858024e-03  -1.459855395932e-03  -4.434662664204e-04   1.402052515377e-04   3.157595170729e-04
   5.411606477197e-02   7.990445965798e-02   1.333442109887e-02   4.227462867113e-03  -6.675060922049e-03   1.026361217455e-02   1.008270518876e-07  -3.480445061436e-03  -5.665850524039e-03   2.270352930325e-02  -6.110607785436e-02   6.912401159820e-07   1.369821362028e-02   3.545458118529e-02  -9.419536018319e-02   1.068636330856e-06  -1.785032910071e-02   1.771182933157e-02  -6.630063015389e-02   1.008892939520e-06  -3.345371296541e-03  -4.101771165766e-03  -7.919409702698e-03   2.019161659313e-07  -1.935445773969e-03  -7.652389676163e-08  -2.671585755795e-03   3.033131986922e-09  -6.123430270103e-03   2.258080793684e-03   3.906174623578e-03  -1.023692518723e-02   6.836299820915e-03  -2.786766380556e-07  -1.102772940161e-02  -1.784380949857e-02   8.251655630295e-03  -4.598778426376e-07  -7.574434106417e-03  -9.035572252889e-03   7.971406587916e-03  -7.888031174711e-08  -3.151461723880e-03  -1.480811804608e-03  -9.220646630132e-04   2.314347129761e-07  -7.698444200439e-03  -3.718262027242e-07   2.065295812222e-04   1.388356231308e-07  -2.315683544735e-03   1.102788149848e-02   2.300165854029e-02   1.505622698143e-02   2.532114787364e-03   6.035580893568e-04  -1.004743596274e-03   1.740029278463e-07  -3.679163338525e-03  -8.143801254016e-03  -5.631118286648e-03  -1.862893207022e-03  -8.583330611516e-04   3.005132880264e-04  -7.266712887890e-04  -3.677678391206e-03  -8.140735099310e-03  -5.629493494715e-03  -1.862730885505e-03  -8.582477800156e-04   3.008111576030e-04   7.264560923893e-04
   7.942947459919e-03   1.333442109887e-02   3.614674919084e-03   4.597289993688e-04  -1.681186230965e-03   1.080754144245e-03  -9.470622512971e-08   2.300042910447e-03   4.025709129136e-03  -2.149291901858e-03  -1.437788430123e-02  -9.538795132459e-07  -1.260445747307e-02  -3.330481583388e-03  -2.201082764504e-02  -1.492986230724e-06  -1.817109276814e-02  -3.861721605107e-03  -1.709454844753e-02  -1.291840521216e-06  -3.233134324835e-03  -1.193113492078e-03  -1.885771303784e-03  -1.357919234707e-07   1.600641281114e-04   3.897973343298e-08  -7.033954608379e-04   6.358036565132e-08  -8.180620475981e-04  -1.065353065393e-03  -1.787774572034e-03   6.525909165768e-05   2.186387012231e-03  -8.037401005671e-07   4.687753731108e-03   6.968305481985e-04   2.859227137577e-03  -1.321193179497e-06   4.026508074011e-03   8.458717386949e-04   1.851192542319e-03  -6.480678075832e-07  -2.654406999865e-06  -3.569204804862e-04  -2.931714942821e-04   1.445142251682e-07  -1.840045065764e-03  -4.450470407342e-09  -4.014542459449e-04  -2.229180949409e-08   8.542557792165e-05   3.499402155206e-03   6.824681407567e-03   3.538147454353e-03   4.647511313412e-04   3.453684790383e-04  -5.026833202211e-04   3.648645478277e-08  -5.459052198134e-04  -1.798579470182e-03  -2.319571265074e-03  -4.088506206492e-04  -5.503268215405e-05   2.184175634029e-04  -3.076441101169e-05  -5.464298957091e-04  -1.799061835874e-03  -2.319472979999e-03  -4.090862900414e-04  -5.503827452095e-05   2.183879273493e-04   3.074284273895e-05
   2.872984380028e-03   4.227462867113e-03   4.597289993688e-04   4.750521803816e-04  -1.945585204709e-04   5.783543262839e-04  -4.472162156204e-08   2.176256299411e-04   3.359406969053e-04   3.053349187866e-03  -2.805575885323e-03  -4.038155194071e-07  -9.244724977329e-04   4.848603809569e-03  -4.325136553365e-03  -6.268526200887e-07  -1.461592715071e-03   2.901550884447e-03  -2.725541315516e-03  -5.938307013508e-07   1.295720043273e-03  -4.016680104123e-04  -1.151066879432e-04  -1.118158743719e-07  -1.505910609303e-04   1.878012346013e-08  -2.367912369049e-05   1.417845762204e-08  -4.929238940938e-04   1.394463291491e-03   2.236518172440e-03  -1.023843469854e-03  -1.550314684624e-03  -2.421845932708e-08  -5.585214350986e-03  -2.155385487505e-03  -2.589109768816e-03  -5.627739173581e-08  -3.280698273288e-03  -7.141868614421e-04  -1.349206507382e-03   1.367749409177e-08  -1.805982260028e-03  -2.287511087221e-04  -4.689222445190e-05   3.418326557117e-08  -2.088772220900e-04   6.606229420563e-08   4.445656759208e-04  -5.223420427102e-08  -3.372419206801e-04  -1.722637119429e-03  -2.446554205838e-03   6.852532006838e-05   2.025193687814e-04  -1.438045196083e-04   3.177987798360e-04  -4.660785745312e-08  -1.354581854959e-04  -2.607018800396e-04   5.818036775580e-04   1.471778040453e-04  -9.379317302496e-05  -1.496353824635e-04  -1.145188427763e-04  -1.356366209060e-04  -2.609041806201e-04   5.818005105249e-04   1.471408532335e-04  -9.380198621107e-05  -1.496245932172e-04   1.145624809802e-04
  -4.612851912371e-03  -6.675060922049e-03  -1.681186230965e-03  -1.945585204709e-04   1.151846859712e-03  -6.936182147705e-04  -9.440868334166e-09   3.862952097114e-04   6.463613152154e-04   3.210019984651e-03   7.670025748692e-03  -6.465282348680e-08  -1.522474118821e-03   5.077562083598e-03   1.186166634656e-02  -9.968175552451e-08   2.989354281077e-03   4.551917745806e-03   9.018954369519e-03  -1.027467644641e-07   2.705235056016e-03   6.426602016978e-04   7.310668626359e-04  -1.912670497280e-08  -2.382000055697e-04   7.202877801515e-09   5.004073786276e-04  -9.893951747422e-10   2.846979923684e-04   5.228756102484e-04   8.787362544331e-04  -2.449636868889e-03  -3.120514880511e-05   7.186203510080e-08  -2.247153556522e-03  -4.603134235516e-03   2.529516618276e-04   1.190480557852e-07  -6.988211280655e-04  -1.962652129913e-03   4.223559634058e-04   2.547453181045e-08  -1.311292356929e-03   6.429443152453e-05   1.123000675839e-04  -4.668271761380e-08   7.116012074313e-04  -1.858932584350e-08   5.282081516078e-04  -2.157805466570e-08  -9.240666367485e-04   1.467197284204e-05  -9.588291569204e-04  -8.490674174982e-04   2.008309891470e-04  -1.927525934152e-04   1.087370870270e-04  -1.231154567007e-08   5.608577392526e-04   1.108035604202e-03   1.347447847135e-03   3.391797720652e-04  -7.041780443241e-05  -6.851154392589e-05  -5.002437881214e-06   5.609220974015e-04   1.108013324685e-03   1.347370013702e-03   3.392409220056e-04  -7.042228105440e-05  -6.851226663120e-05   5.017530147377e-06
   7.638424332649e-03   1.026361217455e-02   1.080754144245e-03   5.783543262839e-04  -6.936182147705e-04   1.656772418968e-03   7.316092337004e-09  -2.369530728967e-03  -3.986422600041e-03   4.876817711702e-03  -6.036339673503e-03   5.180973641596e-08   1.127778851316e-02   7.553579800737e-03  -9.409459961291e-03   8.067786603179e-08   6.632872183648e-03   4.584144047378e-03  -5.862475060924e-03   7.197923107054e-08   1.595175262792e-04  -2.058358246106e-04  -7.255404695764e-04   1.525537009301e-08  -4.259076831789e-04  -6.497281991593e-09  -2.866322273160e-04   1.018830453916e-09  -8.085337689974e-04   4.722706630550e-04   8.075447074409e-04  -1.688751274736e-03   3.755821384800e-04  -1.698793132825e-08  -2.296908675997e-03  -3.065823304518e-03   3.468957893374e-04  -2.835570199918e-08  -2.402789255637e-03  -2.026805462201e-03   6.581639184996e-04  -1.538498638397e-09   2.063255071556e-04  -6.555736005308e-05  -4.506375910677e-05   1.176447897229e-08  -7.028432037463e-04  -2.863898256155e-08   9.709165907833e-05   8.684361501355e-09  -2.889786978165e-04   8.593994297236e-04   1.941681275128e-03   1.312452268483e-03   1.479046397617e-04   9.711031999107e-06  -6.345436977757e-05   1.121354014683e-08  -2.341540838870e-04  -4.048778490015e-04  -2.596341505382e-04  -2.835163122850e-04  -1.043118237866e-04   1.085065683390e-05  -5.269588086930e-05  -2.340302745037e-04  -4.046307040691e-04  -2.595047862060e-04  -2.834784302303e-04  -1.043045943141e-04   1.087299949288e-05   5.268093295891e-05
   1.841585406653e-08   1.008270518876e-07  -9.470622512971e-08  -4.472162156204e-08  -9.440868334166e-09   7.316092337004e-09   9.931846802440e-04   7.281939785469e-09   1.220376289511e-08   3.168757804245e-10  -9.576807874660e-09   9.134332100072e-03  -3.394818808083e-08  -1.282135255968e-09  -1.145633420122e-08   1.416833308851e-02  -9.108947397829e-08  -4.542041494079e-09   1.937223801592e-08   1.343513689968e-02  -1.546315663052e-08   4.303713098993e-08  -2.364032117238e-08   2.564165485143e-03  -2.237509700387e-09  -4.258771903293e-04  -2.556028803897e-09  -2.701218087790e-04  -1.321054224276e-09   5.736542533605e-10   1.017649626675e-09   1.858143803507e-09   5.081173478620e-08  -1.857569096726e-04  -7.942203093834e-09   8.216285791049e-09   8.856187512632e-08   5.861344936235e-05   7.276667263461e-08   1.070749259459e-08  -3.934512342460e-09  -6.792661993999e-04   2.454240256357e-07   3.387884191077e-08  -1.938120140877e-07  -4.255633903353e-04  -1.148026168502e-08   1.699285644876e-04  -3.441242679843e-08   1.107066638093e-03  -2.279771851182e-08   1.366139174062e-07   2.998833364167e-07   3.565796185417e-07   1.427004893668e-07   1.403176055425e-08  -1.630389783193e-08  -3.798669592657e-05   7.585537388209e-04   1.948138622315e-03   1.570690189714e-03  -2.564156076657e-04   7.576467965476e-05   4.399781405870e-05   3.983930786412e-05  -7.586929596039e-04  -1.948452854835e-03  -1.571155456578e-03   2.561768975939e-04  -7.578260987230e-05  -4.397666338774e-05   3.986765275809e-05
  -7.091956720636e-03  -3.480445061436e-03   2.300042910447e-03   2.176256299411e-04   3.862952097114e-04  -2.369530728967e-03   7.281939785469e-09   3.184778965179e-01   2.841380138956e-01  -3.208400899648e-03  -5.539082403191e-03   3.125083851602e-08  -6.575697022398e-02  -3.446451997783e-03  -6.125765506589e-03   3.447916106011e-08  -5.921535165573e-02  -2.879842392476e-03  -8.110931706764e-03   4.580277939782e-08   2.900463231322e-03  -1.721586779210e-03  -8.225296458167e-04  -1.187227364139e-09   6.164970107791e-04  -4.292104666344e-09   4.503605664239e-04   8.012380521134e-10  -2.359954863547e-04   6.697362513102e-04   9.951470310802e-04  -4.226370735756e-03  -8.990749570862e-05  -3.969735259392e-08  -1.709729810889e-03  -7.250057635143e-03  -4.636144713190e-04  -6.301004712761e-08   6.612320591184e-03   6.923305813625e-04   2.920926096652e-05   5.003530389127e-09  -9.199879586506e-03  -1.201079882103e-03  -5.003476291860e-04   9.072064480188e-08  -1.096645484622e-03  -4.892850060835e-09   1.293954587988e-03  -1.021973256266e-09  -2.204627487318e-03   1.595587548613e-03   2.080089817945e-03   2.693253733160e-03   1.900368871693e-03  -6.645769742811e-05   3.339035119191e-05  -2.237701649766e-09   7.300568640945e-04  -5.718357060273e-04   2.584907907419e-04   1.119036090817e-03  -2.587095800413e-04  -5.628907999045e-05  -1.748165846872e-04   7.301381350868e-04  -5.715955196860e-04   2.586474765306e-04   1.118974532326e-03  -2.587134256391e-04  -5.624185158358e-05   1.748146999260e-04
  -1.180703783630e-02  -5.665850524039e-03   4.025709129136e-03   3.359406969053e-04   6.463613152154e-04  -3.986422600041e-03   1.220376289511e-08   2.841380138956e-01   2.626904492448e-01  -5.053295481989e-03  -8.839891119524e-03   4.915040213929e-08  -1.126258695922e-01  -6.056197732472e-03  -1.093714350939e-02   6.056183316868e-08  -9.884929615997e-02  -4.914652424495e-03  -1.377303744213e-02   7.651581246130e-08   4.131277723185e-03  -2.819033837785e-03  -1.409866628855e-03  -7.826498577631e-10   1.018205314848e-03  -7.958898542422e-09   6.677177108387e-04   1.068699907511e-09  -3.766646939342e-04   1.064920141082e-03   1.591063722190e-03  -7.052546364662e-03  -1.419711463795e-04  -6.745591537067e-08  -2.707477462214e-03  -1.220517589412e-02  -7.604300373823e-04  -1.100347007019e-07   1.128873785666e-02   1.216195790156e-03   1.456958809015e-05   9.548139279594e-09  -1.486388629040e-02  -1.925787285268e-03  -7.663499365073e-04   1.483147836624e-07  -1.866076054008e-03  -8.667507404592e-09   2.179637735242e-03  -9.679810826793e-10  -3.731851480393e-03   2.719319329545e-03   3.600731946117e-03   4.530820805230e-03   3.029208730121e-03  -1.079465658556e-04   6.027783476488e-05  -4.067176152717e-09   1.237620137468e-03  -9.481589213000e-04   3.648357326050e-04   1.840211997687e-03  -4.257968334094e-04  -8.860245903022e-05  -2.986686981143e-04   1.237759646316e-03  -9.477452928714e-04   3.651056005937e-04   1.840103781432e-03  -4.258033576010e-04  -8.852120439725e-05   2.986631651979e-04
   1.610013369748e-02   2.270352930325e-02  -2.149291901858e-03   3.053349187866e-03   3.210019984651e-03   4.876817711702e-03   3.168757804245e-10  -3.208400899648e-03  -5.053295481989e-03   5.303818117627e-02   5.968224352654e-03   5.567004546764e-08   1.431268656032e-02   8.332935601325e-02   9.258768297160e-03   8.194210483362e-08   2.082829884341e-02   5.982717587115e-02   1.398044188164e-02   7.205209859625e-08   2.144835820999e-02   1.381504884565e-03   1.131395859694e-05   8.333903279611e-08  -3.875661468477e-03   2.534253923916e-09   1.676971336603e-03   1.751084903505e-08  -3.883745509269e-03   7.605600935464e-03   1.288574587565e-02  -3.065566903384e-02  -2.283120475994e-03  -1.604809558637e-07  -3.424343576220e-02  -5.671585713078e-02  -3.556006898305e-03  -2.265520084954e-07  -1.728516315964e-02  -2.579306470559e-02   2.584967607256e-03  -2.818470499567e-07  -1.486764012815e-02  -1.005216642793e-03   1.227250169672e-04  -1.447710237262e-07  -4.545867123108e-04  -1.991843622488e-08   5.762229895651e-03  -3.949575884253e-08  -9.596061292567e-03   2.925953157425e-03   1.841882551538e-03   3.321635307359e-03   3.308513246576e-03  -1.483315645718e-03   8.003188051029e-04  -1.239208681117e-07   4.120731780522e-03   6.455202818526e-03   8.643410467315e-03   1.447646651715e-03  -1.305775605713e-03  -5.923681353815e-04  -3.662014367840e-04   4.120590589146e-03   6.454505978227e-03   8.642871747919e-03   1.448084526119e-03  -1.305830815279e-03  -5.923312149027e-04   3.663353656443e-04
  -3.917741505137e-02  -6.110607785436e-02  -1.437788430123e-02  -2.805575885323e-03   7.670025748692e-03  -6.036339673503e-03  -9.576807874660e-09  -5.539082403191e-03  -8.839891119524e-03   5.968224352654e-03   6.236783161555e-02   1.047538084203e-07   2.635176178989e-02   9.257426399381e-03   9.589338281684e-02   1.607767543455e-07   5.375973399243e-02   1.403763922356e-02   7.225007800453e-02   1.956727642382e-07   1.200750279349e-02   5.525914614294e-03   6.809352258693e-03   1.241971832406e-07  -6.189399548860e-04   3.690029053623e-08   3.125713911695e-03  -4.650920896756e-09   3.979032856825e-03   1.008929144063e-03   1.714869894506e-03  -4.065974169777e-03  -1.582116183047e-03  -7.906773496927e-08  -4.393412110797e-03  -8.523927185931e-03   9.609707970336e-05  -6.552314689186e-08  -3.826229603132e-03  -5.305234828716e-03  -5.724914197509e-05  -4.241764581688e-07   5.688711844519e-04   1.563161036760e-03   1.118236757064e-03  -3.823622304282e-07   6.878417388092e-03   1.028166762929e-07   1.309775147482e-03  -1.259295834912e-08  -1.869691729473e-03  -4.402120874384e-03  -1.340254281433e-02  -1.100165353182e-02  -1.033523216391e-03  -1.009218213338e-03   7.736959627823e-04  -1.379094696239e-07   2.983807888170e-03   7.673766798140e-03   7.809935863102e-03   1.586158635117e-03   1.665171374259e-04  -3.673631509100e-04   3.029270627914e-04   2.982761057647e-03   7.671048801969e-03   7.808208162525e-03   1.586364854288e-03   1.664256778186e-04  -3.675519205596e-04  -3.027328117892e-04
   5.475492850233e-08   6.912401159820e-07  -9.538795132459e-07  -4.038155194071e-07  -6.465282348680e-08   5.180973641596e-08   9.134332100072e-03   3.125083851602e-08   4.915040213929e-08   5.567004546764e-08   1.047538084203e-07   8.402434837632e-02  -1.170519071590e-07   6.928392014724e-08   1.831406620840e-07   1.303430070668e-01  -5.372986626958e-07   4.732313290579e-08   4.420078931400e-07   1.234769101045e-01  -5.372322846266e-08   4.057538118630e-07  -1.247202605519e-07   2.344813109594e-02  -5.695694800919e-09  -3.923173973267e-03  -1.250508918776e-08  -2.516982537599e-03  -4.168880452360e-09  -1.805272692048e-08  -2.802737400262e-08   2.120447014583e-10   1.457115630007e-08  -9.360499437875e-04   1.455417021570e-08   4.061736987213e-08   1.039895304690e-07   1.762251191172e-03   7.303959526380e-07   9.223999230755e-08  -5.095925872290e-07  -5.504419843777e-03   2.233640044459e-06   3.085180638363e-07  -1.786617470238e-06  -3.925982367430e-03  -3.477564136518e-08   1.444575645841e-03  -2.253992394117e-07   1.010787777327e-02  -1.733713072722e-07   8.250659080467e-07   2.052807989769e-06   3.000534099161e-06   1.262212000497e-06   1.051834076299e-07  -1.053247321198e-07  -3.037615086904e-04   6.412093793118e-03   1.699449963790e-02   1.406411710814e-02  -2.432468875803e-03   6.699328231296e-04   3.601763239318e-04   3.285063272691e-04  -6.412861930917e-03  -1.699657351548e-02  -1.406807023389e-02   2.430333602949e-03  -6.700725975200e-04  -3.600135027465e-04   3.286839902287e-04
   3.226031846269e-02   1.369821362028e-02  -1.260445747307e-02  -9.244724977329e-04  -1.522474118821e-03   1.127778851316e-02  -3.394818808083e-08  -6.575697022398e-02  -1.126258695922e-01   1.431268656032e-02   2.635176178989e-02  -1.170519071590e-07   3.305164108714e-01   1.947030117719e-02   3.697525810905e-02  -1.602127344665e-07   2.838520879812e-01   1.546402328316e-02   4.276714825777e-02  -1.956823958506e-07  -8.821171502472e-03   8.042720993178e-03   4.345824018877e-03   8.577855719282e-09  -2.943486993094e-03   2.591552465666e-08  -1.507446131785e-03  -2.348465921239e-09   1.114869310344e-03  -2.518301400699e-03  -3.684715567046e-03   1.978013502171e-02   4.581035364073e-04   1.878134620385e-07   5.520218591551e-03   3.439034844242e-02   2.347391549288e-03   3.177945576337e-07  -3.406257599894e-02  -3.993318070361e-03   2.694834105477e-04  -5.716169659516e-08   4.052424277239e-02   5.283956678014e-03   2.021038129168e-03  -4.307390460621e-07   5.662343583844e-03   2.322259027102e-08  -6.187019977769e-03   2.063465300432e-09   1.062839742415e-02  -8.204169964010e-03  -1.133290606777e-02  -1.331876201493e-02  -8.162236830532e-03   2.369181793645e-04  -9.865706499638e-05   1.214777513590e-09  -3.776176526437e-03   2.527902015807e-03  -4.836036550764e-04  -5.078079305704e-03   1.171528821196e-03   1.890049262141e-04   8.159575468870e-04  -3.776608777938e-03   2.526603480693e-03  -4.844583719737e-04  -5.077736994054e-03   1.171543184390e-03   1.887745001869e-04  -8.159213564019e-04
   2.494946032559e-02   3.545458118529e-02  -3.330481583388e-03   4.848603809569e-03   5.077562083598e-03   7.553579800737e-03  -1.282135255968e-09  -3.446451997783e-03  -6.056197732472e-03   8.332935601325e-02   9.257426399381e-03   6.928392014724e-08   1.947030117719e-02   1.309707175793e-01   1.440078426934e-02   1.003820016808e-07   3.031725406629e-02   9.392563556559e-02   2.172504119188e-02   8.575128145177e-08   3.405388121653e-02   2.034021567024e-03  -1.221047220630e-05   1.253749194637e-07  -6.072074461814e-03   4.770087855579e-09   2.668782919710e-03   2.784372661714e-08  -6.130945664451e-03   1.218906148960e-02   2.082062643050e-02  -4.811038518622e-02  -3.645696040261e-03  -2.468604463906e-07  -5.570807887351e-02  -8.912741295645e-02  -5.690057478237e-03  -3.491362643833e-07  -2.808289397729e-02  -4.031173898402e-02   4.032473690471e-03  -4.386004677601e-07  -2.407345987211e-02  -1.650442353172e-03   1.788345762863e-04  -2.244363536469e-07  -7.411370942764e-04  -2.925838095705e-08   9.110777029977e-03  -6.480349098212e-08  -1.514960382911e-02   4.195174795106e-03   2.286657353407e-03   5.292824057140e-03   5.308459105958e-03  -2.359775734492e-03   1.356436698887e-03  -2.061577567449e-07   6.122190390448e-03   9.574162801699e-03   1.364461917275e-02   2.351227163895e-03  -2.080241735441e-03  -9.812033985966e-04  -6.588588704831e-04   6.121971557609e-03   9.573079469965e-03   1.364378175329e-02   2.351914979136e-03  -2.080330361596e-03  -9.811269381762e-04   6.590796867518e-04
  -6.068320251284e-02  -9.419536018319e-02  -2.201082764504e-02  -4.325136553365e-03   1.186166634656e-02  -9.409459961291e-03  -1.145633420122e-08  -6.125765506589e-03  -1.093714350939e-02   9.258768297160e-03   9.589338281684e-02   1.831406620840e-07   3.697525810905e-02   1.440078426934e-02   1.474978376637e-01   2.806192622643e-07   7.972242350140e-02   2.171607041103e-02   1.109417206593e-01   3.379231461471e-07   1.865833111346e-02   8.455080016162e-03   1.035647699446e-02   2.039836483966e-07  -9.613774651448e-04   5.533337116420e-08   4.842176660903e-03  -6.478919524274e-09   6.110630761989e-03   1.606630771413e-03   2.726310868951e-03  -6.665233651205e-03  -1.901777918072e-03  -1.522173273677e-07  -6.945291089310e-03  -1.383549636469e-02   9.833871365138e-04  -1.484971022859e-07  -5.577570267542e-03  -8.307268303971e-03   4.956659872900e-04  -6.867904769620e-07   4.224209920778e-04   2.359575284690e-03   1.701929610510e-03  -5.881988862490e-07   1.048243365037e-02   1.353779182203e-07   2.046954654301e-03  -1.251106126931e-08  -3.078383603246e-03  -6.211905392465e-03  -1.978897151805e-02  -1.654535055617e-02  -1.436229808407e-03  -1.542603139809e-03   1.151405799389e-03  -2.057444323553e-07   4.441298800591e-03   1.148680431660e-02   1.193604407113e-02   2.476866360729e-03   2.264322824271e-04  -5.564856476248e-04   4.260156521370e-04   4.439735846379e-03   1.148269725012e-02   1.193341425593e-02   2.477189845482e-03   2.262926823119e-04  -5.567640277874e-04  -4.257226658706e-04
   8.647856338356e-08   1.068636330856e-06  -1.492986230724e-06  -6.268526200887e-07  -9.968175552451e-08   8.067786603179e-08   1.416833308851e-02   3.447916106011e-08   6.056183316868e-08   8.194210483362e-08   1.607767543455e-07   1.303430070668e-01  -1.602127344665e-07   1.003820016808e-07   2.806192622643e-07   2.022043734568e-01  -8.118553503435e-07   6.679513323638e-08   6.825947348537e-07   1.914593833749e-01  -7.112094196164e-08   6.297544337399e-07  -1.966383096452e-07   3.626664363644e-02  -8.270584752659e-09  -6.090191346327e-03  -1.939471301623e-08  -3.929349716207e-03  -6.136586150587e-09  -2.858801386430e-08  -4.499686680069e-08   2.074512948891e-09   1.553316552404e-08  -8.552203618874e-04   2.806040130366e-08   6.616933948045e-08   1.498260211780e-07   3.678424130062e-03   1.135641503449e-06   1.408059784804e-07  -8.041889482205e-07  -7.964090099844e-03   3.469195971825e-06   4.792479991498e-07  -2.776950870487e-06  -6.098946750443e-03  -5.076716330733e-08   2.149329779858e-03  -3.262198739898e-07   1.562137059135e-02  -2.520928094828e-07   1.217286457872e-06   3.085395113673e-06   4.619219478743e-06   1.953941380727e-06   1.602530620279e-07  -1.534909030155e-07  -4.359360318812e-04   9.509696524590e-03   2.564729932156e-02   2.152008510854e-02  -3.830376113283e-03   1.018366717352e-03   5.243220588760e-04   4.802473619222e-04  -9.510830217006e-03  -2.565042537737e-02  -2.152618984185e-02   3.827066280441e-03  -1.018580106328e-03  -5.240795929863e-04   4.805071012187e-04
   8.064149979529e-03  -1.785032910071e-02  -1.817109276814e-02  -1.461592715071e-03   2.989354281077e-03   6.632872183648e-03  -9.108947397829e-08  -5.921535165573e-02  -9.884929615997e-02   2.082829884341e-02   5.375973399243e-02  -5.372986626958e-07   2.838520879812e-01   3.031725406629e-02   7.972242350140e-02  -8.118553503435e-07   2.615276094276e-01   2.612561226428e-02   7.324234439091e-02  -8.379615365939e-07   2.818867845739e-03   8.965470904727e-03   7.496253447297e-03  -1.248545919821e-07  -3.027265331277e-03   6.462187416208e-08   6.208710034016e-04  -1.492572769622e-09   2.355390114767e-03   1.897787081423e-03   3.514236420473e-03   1.257274638127e-02  -3.992734814773e-03   4.343148410526e-07  -1.214875850518e-02   2.007132878377e-02  -3.686392539815e-03   7.146087012746e-07  -3.867040881816e-02  -7.151576099381e-03  -2.858723460013e-03   6.735588025602e-08   2.942723799645e-02   4.774230506733e-03   2.240752512163e-03  -5.343170295991e-07   8.444301486963e-03   1.795400448551e-07  -3.431061500199e-03  -1.107637057009e-07   7.085707872444e-03  -1.392532705525e-02  -2.389639152525e-02  -1.764639398247e-02  -6.900188583719e-03  -7.401836379285e-04   1.208173893253e-03  -1.780416842697e-07  -2.215173069915e-03   5.254000716789e-03   5.530727711500e-03  -2.849009892555e-03   8.632927162121e-04  -4.523091111642e-04   5.025980285345e-04  -2.216071539723e-03   5.251577253184e-03   5.529212644914e-03  -2.848596645251e-03   8.632475944411e-04  -4.525276127784e-04  -5.023755640177e-04
   1.280434708297e-02   1.771182933157e-02  -3.861721605107e-03   2.901550884447e-03   4.551917745806e-03   4.584144047378e-03  -4.542041494079e-09  -2.879842392476e-03  -4.914652424495e-03   5.982717587115e-02   1.403763922356e-02   4.732313290579e-08   1.546402328316e-02   9.392563556559e-02   2.171607041103e-02   6.679513323638e-08   2.612561226428e-02   6.885177165864e-02   2.409748799459e-02   7.618568064913e-08   2.462476160331e-02   2.475152537356e-03   9.218280211759e-04   1.099772730400e-07  -4.341984806979e-03   9.292887842266e-09   2.229944960158e-03   2.362944149974e-08  -3.784136014781e-03   6.547187806453e-03   1.120812287800e-02  -3.650596495026e-02  -3.174928307242e-03  -2.814075325777e-07  -3.016686191126e-02  -6.696559648346e-02  -4.661761927647e-03  -4.046500583267e-07  -1.347323956108e-02  -3.056395260320e-02   2.358900515212e-03  -4.303498280204e-07  -1.561168781541e-02  -9.003017793166e-04   2.361897979620e-04  -1.943726574475e-07   2.707404438336e-04   1.811680902280e-08   6.829535153984e-03  -4.501594721029e-08  -1.129143416152e-02   4.628375179534e-03   3.091841790631e-03   2.398231972229e-03   3.468971571107e-03  -1.703208340098e-03   5.752826015997e-04  -1.149369659441e-07   7.265906570495e-03   1.137214697352e-02   1.067303776270e-02   1.797281960060e-03  -1.364393063763e-03  -4.954715341580e-04   2.882919429513e-05   7.265452620850e-03   1.137076810312e-02   1.067212280615e-02   1.797753151559e-03  -1.364465534552e-03  -4.955536995724e-04  -2.869023473266e-05
  -4.135461642332e-02  -6.630063015389e-02  -1.709454844753e-02  -2.725541315516e-03   9.018954369519e-03  -5.862475060924e-03   1.937223801592e-08  -8.110931706764e-03  -1.377303744213e-02   1.398044188164e-02   7.225007800453e-02   4.420078931400e-07   4.276714825777e-02   2.172504119188e-02   1.109417206593e-01   6.825947348537e-07   7.324234439091e-02   2.409748799459e-02   8.523862153810e-02   7.078821162949e-07   1.616866680559e-02   6.643272834985e-03   8.366131923463e-03   2.502497353339e-07  -1.161484451906e-03   3.171183411760e-08   3.706709019867e-03  -8.525971631191e-09   4.038239086360e-03   1.767917977911e-03   3.048792942913e-03  -7.803853432234e-03  -5.008073920784e-03  -2.145200115746e-07  -8.175974698911e-03  -1.563198013332e-02  -4.932360535848e-03  -2.540114398038e-07  -6.948456272057e-03  -9.233064104608e-03  -2.804502817674e-03  -6.154625400222e-07  -5.982700542793e-05   1.759717714773e-03   1.344879600164e-03  -4.658938907285e-07   8.223401376141e-03   2.814315505631e-07   2.375407220064e-03   1.870327805707e-08  -2.821557452465e-03  -7.112019810047e-03  -1.886139770279e-02  -1.382581637386e-02  -1.312338785211e-03  -1.429682605317e-03   1.159894264931e-03  -2.209406965373e-07   5.217902621041e-03   1.181904838262e-02   1.070654629278e-02   1.969603156180e-03   1.341380200134e-04  -5.329563755749e-04   5.367031725386e-04   5.216002992343e-03   1.181468031440e-02   1.070395783523e-02   1.969838680589e-03   1.339950442154e-04  -5.332698152096e-04  -5.364077262614e-04
   5.333223642169e-08   1.008892939520e-06  -1.291840521216e-06  -5.938307013508e-07  -1.027467644641e-07   7.197923107054e-08   1.343513689968e-02   4.580277939782e-08   7.651581246130e-08   7.205209859625e-08   1.956727642382e-07   1.234769101045e-01  -1.956823958506e-07   8.575128145177e-08   3.379231461471e-07   1.914593833749e-01  -8.379615365939e-07   7.618568064913e-08   7.078821162949e-07   1.822125580890e-01  -2.142194543959e-07   5.978694424404e-07  -1.463899866633e-07   3.542131829856e-02  -9.835564162714e-09  -5.726146030598e-03  -2.021481737399e-08  -3.475542256559e-03  -2.933033062102e-09  -3.080603005403e-08  -4.757404426138e-08   2.594124483535e-08   6.372794594257e-08  -6.732538968745e-03   3.331844369348e-08   1.073433964321e-07   2.239508067678e-07  -5.889914453330e-03   1.064834845915e-06   1.806352589106e-07  -6.534807174386e-07  -1.324690943345e-02   3.283694210904e-06   4.515992773153e-07  -2.575284909929e-06  -5.690789987757e-03  -7.170558899285e-08   2.944784991299e-03  -5.477652624258e-07   1.537901212469e-02  -3.893546052051e-07   1.751046945769e-06   3.870097028579e-06   4.702146945295e-06   1.880421558782e-06   1.814973717987e-07  -2.435214883284e-07  -7.630062727841e-04   1.334594713720e-02   3.139589500357e-02   2.333277995708e-02  -3.062972920025e-03   1.171803607156e-03   8.380802702719e-04   7.461840547338e-04  -1.334757738290e-02  -3.139972215909e-02  -2.333883947633e-02   3.059806995506e-03  -1.172034192909e-03  -8.377490064214e-04   7.465810321523e-04
  -2.644200751321e-03  -3.345371296541e-03  -3.233134324835e-03   1.295720043273e-03   2.705235056016e-03   1.595175262792e-04  -1.546315663052e-08   2.900463231322e-03   4.131277723185e-03   2.144835820999e-02   1.200750279349e-02  -5.372322846266e-08  -8.821171502472e-03   3.405388121653e-02   1.865833111346e-02  -7.112094196164e-08   2.818867845739e-03   2.462476160331e-02   1.616866680559e-02  -2.142194543959e-07   1.349866476467e-02   2.211881457501e-04   1.406426506992e-03  -1.488826895542e-07  -1.376067872414e-03   7.299033519460e-09   1.427692553768e-03  -3.182388384108e-08  -1.095934762137e-03   7.990872513371e-03   1.303689875392e-02  -1.067620006921e-02  -4.360233997696e-03   8.921850714522e-07  -3.291996102126e-02  -2.128734041081e-02  -6.518113944405e-03   1.421666349213e-06  -1.785458321283e-02  -8.225589236791e-03  -2.104648936483e-03   7.547521780036e-07  -1.157163359668e-02  -7.173956195048e-04   1.589050726891e-04  -1.076277041819e-07   1.147069800308e-03   2.539049276676e-08   3.053411249154e-03  -1.314628978105e-07  -4.083764213236e-03  -6.272489120918e-03  -1.163323903050e-02  -1.481764329780e-03   1.647845974380e-03  -1.116676436795e-03   1.651032824202e-03  -1.761285130257e-07  -6.327735790196e-04  -3.628070708160e-04   5.858014701890e-03   1.545969125015e-03  -6.560945776155e-04  -8.587967083803e-04  -7.616580679322e-04  -6.321028912503e-04  -3.620080256679e-04   5.858170123830e-03   1.546300814857e-03  -6.561063883689e-04  -8.585944225475e-04   7.618043420287e-04
  -2.300303690520e-03  -4.101771165766e-03  -1.193113492078e-03  -4.016680104123e-04   6.426602016978e-04  -2.058358246106e-04   4.303713098993e-08  -1.721586779210e-03  -2.819033837785e-03   1.381504884565e-03   5.525914614294e-03   4.057538118630e-07   8.042720993178e-03   2.034021567024e-03   8.455080016162e-03   6.297544337399e-07   8.965470904727e-03   2.475152537356e-03   6.643272834985e-03   5.978694424404e-07   2.211881457501e-04   9.211019344194e-04   4.454574375423e-04   1.200903747840e-07  -1.941459986975e-04  -1.669094862435e-08   2.034107908430e-04  -1.253409450820e-08   3.615008830169e-04  -1.591133689998e-03  -2.519791784086e-03  -1.665350581595e-03   1.098096678366e-03   2.997491822355e-09   6.119398902921e-03  -2.640886414268e-03   1.979394234259e-03   2.826268336422e-08   3.479185788728e-03  -1.873959521905e-03   1.270788977081e-03  -4.916470999404e-08   1.836713973016e-03   3.139068429949e-04   1.158346655511e-04  -6.020608853953e-08   4.758712116572e-04  -5.324156669745e-08   2.480538493448e-06   4.739559390519e-08  -3.533113212947e-04   2.274509789235e-03   2.831817243765e-03  -4.331816357060e-04  -1.900825755657e-04   3.116043215956e-05  -3.806653122946e-04   4.792827148264e-08   1.334859796166e-03   2.259182527498e-03   3.394868625827e-04  -9.274325607834e-05   5.187861424697e-05   1.727787368831e-04   2.633692527141e-04   1.334946130176e-03   2.259159139746e-03   3.393556798237e-04  -9.267280662738e-05   5.188189262537e-05   1.727244797625e-04  -2.634096957271e-04
  -4.595878580471e-03  -7.919409702698e-03  -1.885771303784e-03  -1.151066879432e-04   7.310668626359e-04  -7.255404695764e-04  -2.364032117238e-08  -8.225296458167e-04  -1.409866628855e-03   1.131395859694e-05   6.809352258693e-03  -1.247202605519e-07   4.345824018877e-03  -1.221047220630e-05   1.035647699446e-02  -1.966383096452e-07   7.496253447297e-03   9.218280211759e-04   8.366131923463e-03  -1.463899866633e-07   1.406426506992e-03   4.454574375423e-04   1.903119961780e-03  -1.048070361237e-12   2.634714477196e-04   1.888482413420e-08   3.260559533817e-04   1.351293140120e-08   4.559115858651e-04  -2.848366429296e-04  -4.678926623412e-04   3.337374222693e-04  -6.774630189523e-03  -2.650239438658e-07   1.126011931650e-03   4.445532015379e-04  -1.045897276881e-02  -4.156460216483e-07   5.575289979770e-04   3.161605739869e-04  -6.971689411414e-03  -2.266137920199e-07  -1.017566480236e-04   6.314318405198e-05   1.216827117819e-04  -2.288484161955e-09   1.470789512961e-03   3.766684340659e-07   8.499767150863e-04  -1.617494622290e-08   3.660971187766e-04  -5.840045995297e-03  -9.902894476703e-03  -4.348818176258e-03  -8.308726845307e-04  -3.404706380755e-04   5.461363143699e-04  -1.284787382624e-07   3.249314705139e-03   5.414566216988e-03   2.499488249005e-03   5.004017061915e-04   1.949422186099e-04  -1.668155751624e-04   4.748419255090e-04   3.247762700679e-03   5.411957766504e-03   2.498362691024e-03   5.002212281386e-04   1.948700939160e-04  -1.670405264471e-04  -4.746920047758e-04
  -7.751373132322e-09   2.019161659313e-07  -1.357919234707e-07  -1.118158743719e-07  -1.912670497280e-08   1.525537009301e-08   2.564165485143e-03  -1.187227364139e-09  -7.826498577631e-10   8.333903279611e-08   1.241971832406e-07   2.344813109594e-02   8.577855719282e-09   1.253749194637e-07   2.039836483966e-07   3.626664363644e-02  -1.248545919821e-07   1.099772730400e-07   2.502497353339e-07   3.542131829856e-02  -1.488826895542e-07   1.200903747840e-07  -1.048070361237e-12   7.766986670206e-03  -1.369359347755e-08  -1.045155184583e-03  -1.903630510952e-09  -4.188774199090e-04  -8.468028435930e-10   2.388777908614e-08   4.015561233841e-08  -7.533064230051e-10   1.435390585840e-07  -7.064191048604e-03  -1.223226645132e-07   4.152264978507e-09   2.569418820350e-07  -1.027670617719e-02   9.848853150478e-08   4.586921890507e-08   7.700055114893e-08  -8.086316437507e-03   6.037266792383e-07   8.486432750305e-08  -4.336188508105e-07  -9.957982601291e-04  -4.143272577213e-08   1.446916266321e-03  -3.417235071909e-07   3.487590538977e-03  -2.357389252833e-07   9.677743950273e-07   1.737314505002e-06   1.247384202852e-06   3.978841257230e-07   6.351965089788e-08  -1.430529340729e-07  -4.868498711469e-04   6.771427851206e-03   1.289774537384e-02   7.309176800313e-03  -2.908146504080e-05   4.248225036301e-04   4.926489432482e-04   4.262038295539e-04  -6.772382657265e-03  -1.289946544704e-02  -7.310612368686e-03   2.844607757884e-05  -4.249023014224e-04  -4.924889345816e-04   4.264449995676e-04
  -1.388081825544e-03  -1.935445773969e-03   1.600641281114e-04  -1.505910609303e-04  -2.382000055697e-04  -4.259076831789e-04  -2.237509700387e-09   6.164970107791e-04   1.018205314848e-03  -3.875661468477e-03  -6.189399548860e-04  -5.695694800919e-09  -2.943486993094e-03  -6.072074461814e-03  -9.613774651448e-04  -8.270584752659e-09  -3.027265331277e-03  -4.341984806979e-03  -1.161484451906e-03  -9.835564162714e-09  -1.376067872414e-03  -1.941459986975e-04   2.634714477196e-04  -1.369359347755e-08   3.697165138828e-04   1.392247887628e-09  -1.086159584035e-04  -1.653061302383e-09   2.600090573173e-04  -5.662794933902e-04  -9.884482826905e-04   2.148628397750e-03  -1.543382896319e-03   1.814563551528e-08   2.695022866143e-03   3.973930570709e-03  -2.464507992458e-03   2.724455479192e-08   1.661899523908e-03   2.016215925469e-03  -1.967132537851e-03   4.327609309852e-08   6.808450549442e-04   2.618603652466e-06  -2.319251180407e-05   2.058112469653e-08   1.729215111328e-04   8.412618164690e-08  -1.672434408117e-04  -4.564958898981e-09   7.251322226402e-04  -1.518442521678e-03  -2.211148782757e-03  -9.358031867391e-04  -3.512066467911e-04   4.037824957357e-05   6.504234437592e-05  -1.641783117256e-08   4.938715698158e-04   7.121992314447e-04  -1.646736318049e-04   2.091676434654e-05   1.257880412404e-04   6.304990835911e-06   1.320710387790e-04   4.936198518142e-04   7.118292019312e-04  -1.648073642018e-04   2.084848391292e-05   1.257804722213e-04   6.260123351156e-06  -1.320544649891e-04
  -2.937443671918e-08  -7.652389676163e-08   3.897973343298e-08   1.878012346013e-08   7.202877801515e-09  -6.497281991593e-09  -4.258771903293e-04  -4.292104666344e-09  -7.958898542422e-09   2.534253923916e-09   3.690029053623e-08  -3.923173973267e-03   2.591552465666e-08   4.770087855579e-09   5.533337116420e-08  -6.090191346327e-03   6.462187416208e-08   9.292887842266e-09   3.171183411760e-08  -5.726146030598e-03   7.299033519460e-09  -1.669094862435e-08   1.888482413420e-08  -1.045155184583e-03   1.392247887628e-09   1.851922369436e-04   2.637662270927e-09   1.290280953106e-04   2.459146758749e-09   1.955489818700e-09   3.290825559344e-09   1.361134158205e-09  -3.950341729032e-08  -2.324221075030e-04  -6.632527189260e-09  -1.070563620408e-09  -6.458708403237e-08  -5.193651779403e-04  -3.894014194827e-08  -1.479054820370e-09  -1.288522086952e-08  -8.862210923793e-06  -1.087694772871e-07  -1.446746325915e-08   8.670765911513e-08   1.873585311182e-04   9.148482614673e-09  -2.508206390178e-05   5.076173310748e-09  -4.448791771231e-04   2.425529293593e-09  -4.770856840258e-08  -1.141446017536e-07  -1.504059879505e-07  -6.191576770850e-08  -5.824643286121e-09   4.194415754572e-09  -2.137240693916e-06  -9.714952100592e-05  -4.624429763767e-04  -5.192805360949e-04   1.399496951608e-04  -2.162378668636e-05  -9.017126857455e-07  -1.757215255155e-06   9.719499965995e-05   4.625592695238e-04   5.194839982578e-04  -1.398447936666e-04   2.163084962383e-05   8.962309785970e-07  -1.763253058140e-06
