ARMA_MAT_TXT_FN008
137 137
  -1.060985812229e+01  -8.137972174817e+00  -4.439582718021e+00  -2.208382490663e+00  -5.142923651098e-01  -6.409815842655e-01   2.413808820322e-05  -4.986865699702e-01  -4.879891556014e-01   9.472724664038e-01   9.904314723416e-01  -3.119430044030e-05  -2.515864946622e+00   2.995541116567e+00   3.116429449156e+00  -9.798941475192e-05  -3.945854806370e+00   3.857253116015e+00   3.981041366823e+00  -1.249586272447e-04  -3.095383408070e+00   2.022016133447e+00   2.078787334848e+00  -6.519124301913e-05  -2.943958425347e+00   9.665274593053e-05   1.710023919871e+00   9.255503631604e-05   1.133658236528e-01  -3.432359725959e-04  -6.513400408008e-05   1.008882429062e-02   1.443469292523e-04  -3.401194864878e-08  -1.226620887303e-01   4.234734585236e-01   1.312413176978e-04  -1.246351882233e-06  -1.029197979704e+00   2.492730238920e+00   2.474065138020e-02  -7.939317129853e-06  -1.461010494582e+00   2.121978676143e+00   3.155849273690e-02  -7.018425234496e-06   1.002620710802e-03   1.255556970863e-07   2.200215437475e-01   2.196904833263e-06  -3.766007643551e-01  -1.723857622574e-06  -8.631104559215e-03  -3.351579045755e-01  -8.428482836939e-01   2.762894185098e-04   8.341704009031e-05   2.159197007880e-10  -1.948397731048e-04  -6.426588322478e-02  -7.241904735210e-01  -1.126085964379e+00   8.047108905760e-03  -2.268835383317e-03   3.478599340185e-03  -1.948032692349e-04  -6.426063304268e-02  -7.241682267239e-01  -1.126073061482e+00   8.046005571593e-03  -2.268514768735e-03  -3.478128619359e-03  -1.385345840359e-05  -5.693594572390e-06  -2.222790512426e-04  -6.605984277956e-05  -1.869880691251e-09  -4.404159738934e-03  -1.589972243241e-02  -4.740143967396e-03  -1.329771320153e-07  -2.315544855926e-01  -7.238623048913e-01  -2.173598275045e-01  -5.902842284536e-06  -1.106435663861e+00  -2.395734507187e+00  -7.253067177720e-01  -1.903612060551e-05  -3.791788110339e-03  -3.181567594964e-08   4.002693338503e-03  -1.067474059632e-07  -5.800048200912e-03   0.000000000000e+00   7.359273387275e-09  -9.789147755896e-06   2.595956752890e-06  -2.933455297962e-11  -2.296975054573e-03  -1.048513311827e-02   2.738863846104e-03  -3.068260162318e-08  -2.142619609094e-01  -6.993634596044e-01   1.766300555847e-01  -1.939273136373e-06  -8.721335822595e-01  -1.712130155047e+00   4.248684554349e-01  -4.593593322310e-06   3.219149520375e-03   9.448680691976e-09   3.789581590095e-03  -3.613984989839e-08  -5.710855789731e-03   0.000000000000e+00  -5.302352913324e-05  -4.773296487514e-02  -4.082840867255e-01   0.000000000000e+00   0.000000000000e+00   0.000000000000e+00  -4.015668343931e-06  -1.063906798858e-02  -3.640021616458e-01  -8.722649197121e-01  -4.028646165066e-04   2.171803524205e-04   1.591145471237e-04  -4.015351197238e-06  -1.063870795634e-02  -3.639976930482e-01  -8.722609961450e-01  -4.028398249160e-04   2.171691250103e-04  -1.591061770726e-04
  -8.137972174817e+00  -1.105816016306e+01  -8.598463486491e+00  -5.021358682624e+00  -8.625880555297e-01  -1.091158529490e+00   4.156289489646e-05  -2.526086383164e+00  -2.557865436587e+00   1.163956860421e+00   1.276254440646e+00  -3.981738995914e-05  -5.893056800253e+00   2.972330181135e+00   3.266108510796e+00  -1.013889540411e-04  -7.651615584704e+00   4.696810328379e+00   5.005475944486e+00  -1.544687391129e-04  -6.597915015488e+00   3.490747146603e+00   3.597450016516e+00  -1.103578494889e-04  -1.316866215820e+00   4.662009414597e-05   8.343875990349e-01   4.106346255989e-05   6.499980107666e-02  -1.204399158364e-01  -1.263044280730e-01   3.865637450927e-01   1.734359026657e-03  -1.191766586353e-06  -9.607714617863e-01   1.906883428591e+00  -5.740829910726e-02  -3.919456397020e-06  -2.757774978154e+00   5.158839210159e+00  -1.249462750247e-01  -1.090581196100e-05  -3.447746265022e+00   4.529403756258e+00  -3.131299679437e-02  -1.122286119071e-05   1.230185555495e-01   1.279501702926e-06   8.138185249052e-01   4.526490235687e-06  -1.356525517610e+00  -7.178774452726e-03  -1.404564749528e-01  -1.070359157399e+00  -2.092545261910e+00   5.519462052209e-02   2.015178081783e-02   6.986609174203e-08  -5.567681989377e-02  -4.736682890919e-01  -1.919022095704e+00  -2.692840305259e+00   2.405892232545e-01  -7.908874606152e-02   1.182774202074e-01  -5.567223014522e-02  -4.736445207544e-01  -1.918976655518e+00  -2.692813517542e+00   2.405742679132e-01  -7.908357713916e-02  -1.182701245570e-01  -8.501329607659e-02  -8.269384867841e-02  -1.148354535180e-01  -3.621418232616e-02  -9.782627842153e-07  -3.373004779598e-01  -4.760440019275e-01  -1.526990484062e-01  -4.036439400560e-06  -1.167126108937e+00  -2.211857252289e+00  -7.032152227811e-01  -1.802050579689e-05  -2.705416031369e+00  -4.731399505070e+00  -1.499987308907e+00  -3.590213568101e-05  -1.224007581920e-01  -1.070244192572e-06   1.240952147120e-01  -3.259272688361e-06  -1.720725917035e-01  -4.046184074338e-03  -3.816868250728e-03  -2.429948755570e-02   7.057533428489e-03  -6.591329720995e-08  -9.880856239879e-02  -2.504821123822e-01   7.675567616343e-02  -6.133710418309e-07  -7.894183679144e-01  -1.964865446797e+00   5.299723173042e-01  -4.668098288301e-06  -2.123168673112e+00  -3.808810068864e+00   9.321547295763e-01  -8.317620215932e-06   1.123427458444e-01   1.993719449039e-07   1.186282761317e-01  -9.081599294180e-07  -1.628358106136e-01  -6.178948342957e-05  -6.055682392948e-03  -2.088951467379e-01  -1.046857702323e+00  -1.069010922234e-03   1.273239314918e-04  -2.324424916002e-09  -1.000233892710e-02  -1.489883151977e-01  -1.071208193750e+00  -2.117497749367e+00  -5.493030490795e-02   3.203967312728e-02   2.415093140365e-02  -1.000199743339e-02  -1.489852363398e-01  -1.071198484440e+00  -2.117490179522e+00  -5.492865022351e-02   3.203904385228e-02  -2.415037179156e-02
  -4.439582718021e+00  -8.598463486491e+00  -1.001366473608e+01  -7.740735282664e+00  -5.929017783232e-01  -7.629844480486e-01   2.943743317986e-05  -2.228081302969e+00  -2.254455975880e+00   3.432630387039e-01   4.305056395830e-01  -1.311105739569e-05  -5.370253754469e+00   1.005183236899e+00   1.322751749228e+00  -3.976547017517e-05  -7.934648572942e+00   2.385822076767e+00   2.974645052651e+00  -8.821157633056e-05  -8.621138494745e+00   3.233605097454e+00   3.461842719498e+00  -1.014357783031e-04  -1.733920104394e-01   9.216425675903e-06   2.003656048099e-01   5.559289634695e-06  -3.184807317018e-02  -7.857736723814e-01  -8.539360764691e-01   7.125003504148e-01  -1.342990925012e-02  -1.680152950654e-06  -2.652153324466e+00   2.404000827895e+00  -1.232214552729e-01  -3.343773459475e-06  -4.659233407129e+00   5.453803227481e+00  -2.474711974840e-01  -7.480512576389e-06  -5.541062471398e+00   5.951733446329e+00  -9.473643043982e-02  -1.122774929615e-05   2.265068829540e-01   2.408364019223e-06   5.837483124828e-01  -8.729617993873e-07  -9.252878289973e-01  -2.587152941811e-01  -9.169148952225e-01  -2.402609863461e+00  -3.672777434387e+00   5.085404403629e-01   2.103498977316e-01   1.119740935232e-06  -5.721327495427e-01  -1.663422574253e+00  -3.513971699671e+00  -4.519204447177e+00   7.311537607991e-01  -3.129892976151e-01   4.511250724387e-01  -5.721145632929e-01  -1.663382086407e+00  -3.513917708526e+00  -4.519168142104e+00   7.311410645366e-01  -3.129820281825e-01  -4.511145405011e-01  -7.510551901600e-01  -7.438387164201e-01  -2.866566670223e-01  -1.054117275168e-01  -2.535082825019e-06  -1.804981302218e+00  -8.865666091311e-01  -3.523097373368e-01  -7.937824977604e-06  -3.177134005257e+00  -2.671593714326e+00  -1.064101017841e+00  -2.295596249280e-05  -4.821695503368e+00  -5.211192880078e+00  -1.913519895840e+00  -3.985476296538e-05  -9.895175664810e-02  -1.188334687520e-06   1.091028953263e-01  -2.443520731003e-06  -1.152546183575e-01  -2.500111095959e-01  -2.708005580846e-01  -3.035980506325e-01   9.920719949563e-02  -6.772205591954e-07  -1.022302093629e+00  -1.125421609282e+00   4.134716195511e-01  -1.956252543412e-06  -2.338118972251e+00  -3.395298020956e+00   1.112841605169e+00  -5.772145102871e-06  -3.922370745040e+00  -5.486737135821e+00   1.462895402610e+00  -9.440097307791e-06   3.683667859574e-01  -3.704906407657e-07   3.370528088363e-01  -1.330005864942e-06  -3.461344375486e-01  -4.356016564099e-02  -2.202237742026e-01  -9.157637388164e-01  -2.199568289594e+00  -1.298261574341e-01   1.240380134803e-02  -2.520053913006e-07  -3.122883627690e-01  -9.936680341472e-01  -2.506496668782e+00  -3.836240634239e+00  -3.971960488125e-01   2.871571254168e-01   2.411727611708e-01  -3.122844379520e-01  -9.936586600753e-01  -2.506483013397e+00  -3.836230576059e+00  -3.971912491295e-01   2.871570963022e-01  -2.411704595884e-01
  -2.208382490663e+00  -5.021358682624e+00  -7.740735282664e+00  -8.116765859836e+00  -3.173164401036e-01  -4.118263785564e-01   1.598782794592e-05  -1.277559983972e+00  -1.290966114791e+00   6.613772665738e-02   1.144450705662e-01  -3.322890040578e-06  -3.248827276508e+00   2.013947977448e-01   4.089896707249e-01  -1.159845763233e-05  -5.439324341831e+00   6.514108190319e-01   1.178370680388e+00  -3.258786560690e-05  -7.391344951212e+00   1.746789714673e+00   1.977628394559e+00  -5.410058681598e-05  -7.325268158788e-03   2.332674197109e-06   7.275803614234e-02   4.309703427435e-07  -4.024276384041e-02  -8.674099143526e-01  -9.442752757754e-01   3.383390839851e-01  -2.424789275334e-02  -2.459982156423e-07  -2.760141847395e+00   1.211764793293e+00  -1.244710644096e-01   3.052288016467e-07  -4.660510681385e+00   3.111844700783e+00  -2.477822301733e-01  -3.723088922122e-07  -6.092287018706e+00   4.762929879931e+00  -1.366669751656e-01  -5.314166102971e-06   1.647541241211e-01   1.789382768534e-06   2.100466300624e-01  -2.849069509766e-06  -2.956163750067e-01  -6.353164451964e-01  -1.658615959863e+00  -3.240476301771e+00  -4.575084309739e+00   5.711953704399e-01   2.704912863945e-01   2.138540590102e-06  -8.662309689462e-01  -2.164417873776e+00  -4.010258483112e+00  -5.321412458242e+00   4.864820462998e-01  -2.912897632992e-01   4.012441387978e-01  -8.662201521038e-01  -2.164394444335e+00  -4.010224376359e+00  -5.321381995005e+00   4.864840448067e-01  -2.912877324389e-01  -4.012395307257e-01  -8.768790018588e-01  -8.689323899989e-01  -1.185637717340e-01  -6.015554740820e-02  -1.151308812466e-06  -2.068058446385e+00  -3.731473258229e-01  -2.260258167564e-01  -3.823719322700e-06  -3.525590787915e+00  -1.224125830753e+00  -7.688428016727e-01  -1.209133308949e-05  -5.260799356766e+00  -2.994900846847e+00  -1.494044797685e+00  -2.393285283308e-05  -7.913203919098e-03  -5.066883098486e-07   3.514222161074e-02  -3.118623315753e-07  -6.995960550326e-03  -5.831164696747e-01  -6.353442253555e-01  -2.725033081517e-01   1.111792452709e-01  -3.144757225734e-07  -1.944737231544e+00  -9.580445051446e-01   4.379082261847e-01  -5.036968993140e-07  -3.483255607400e+00  -2.668586134979e+00   1.046972987941e+00  -1.860746464760e-06  -5.065174738538e+00  -4.798093269891e+00   1.391810408985e+00  -5.394973204569e-06   2.441282851753e-01  -1.298792229666e-06   1.930143054569e-01   4.431348371283e-07  -7.057933798243e-02  -3.299331430612e-01  -9.289330180895e-01  -2.045203122348e+00  -3.379280583829e+00  -4.040144147203e-01   3.243584366485e-02  -6.123672563957e-07  -7.198751378994e-01  -1.827029758005e+00  -3.537957352625e+00  -4.961097498119e+00  -3.301900683446e-01   3.443731969077e-01   3.270923520029e-01  -7.198719208695e-01  -1.827023013468e+00  -3.537948212480e+00  -4.961089532770e+00  -3.301885564547e-01   3.443761702756e-01  -3.270898470918e-01
  -5.142923651098e-01  -8.625880555297e-01  -5.929017783232e-01  -3.173164401036e-01  -1.023236105748e+01  -6.432559385528e-01   1.835145749782e-05  -2.546902003704e+00  -2.594513475362e+00   1.056899897537e+00   2.451722984172e+00  -7.701729725677e-05  -4.964764119544e+00   9.627909643746e-01   4.386907278034e+00  -1.374986961369e-04  -3.613275026109e+00  -1.412047495760e+00   2.860049717317e+00  -8.996032765229e-05  -1.445026568755e+00  -1.684686612828e+00   7.385281033819e-01  -2.368567735369e-05  -1.072398653185e+00   1.166575788968e-04   7.414432074848e-01   3.368750528223e-05   2.445876143266e+00  -1.727701701516e-02  -1.297882312514e-02   1.942933625649e-01   2.585363099087e-03  -6.967166643566e-07  -6.614024720865e-01   1.710995430132e+00  -2.753358343629e-02  -4.912532605241e-06  -1.686380570670e+00   2.733666342533e+00  -7.701373112338e-02  -8.717580116912e-06  -9.413620158206e-01   3.885069781309e-01  -5.366209056189e-02  -2.329731417366e-06   6.192541847243e-02   9.099975690247e-07   9.100551029867e-01   8.568985440937e-06  -1.538825189763e+00  -2.567755358294e-04  -6.145393169784e-02  -6.043085267485e-01  -6.249673020997e-01   8.715003237030e-03   2.950662550506e-03   6.989530554807e-09  -7.767235098950e-03  -2.738212289031e-01  -9.544182496555e-01  -6.607393378571e-01   9.682798211733e-02  -3.106168994481e-02   4.727398929446e-02  -7.766168973583e-03  -2.738041495326e-01  -9.543994795549e-01  -6.607371114732e-01   9.681837018356e-02  -3.105842468659e-02  -4.726928010311e-02   4.526902147009e-03   3.767902184147e-03   2.185738044071e-02   7.032546207737e-03   1.968667004468e-07   9.500734520411e-02   2.371000359455e-01   7.869045090097e-02   2.178008352501e-06   7.636048956997e-01   1.701283350741e+00   6.234402137268e-01   1.690315778267e-05   1.120358217061e+00   1.231937925193e+00   6.512693261112e-01   1.873001384417e-05   8.169704539759e-02   7.462305875888e-07  -7.933070693814e-02   2.267542599840e-06   1.102695866103e-01   4.738907459570e-05   1.018190590699e-05   1.371751246417e-03  -3.925976234990e-04   4.171512868952e-09   2.840084874961e-02   1.019440012722e-01  -3.000905451466e-02   3.099941853548e-07   4.396471152408e-01   1.077663529052e+00  -3.503011568194e-01   3.730894121717e-06   4.523867280419e-01   2.839726890773e-01  -2.471381001548e-01   3.010862171248e-06  -4.570212474365e-02  -1.328021076240e-07  -4.904429665829e-02   4.735444059275e-07   7.098197821903e-02   0.000000000000e+00   9.054209153014e-04   1.082640967047e-01   2.660296024149e-01   1.273774841041e-05  -1.874273491609e-06   3.053416091240e-11   4.003583819172e-04   5.839340264540e-02   4.340962401126e-01   2.915532985179e-01   9.212010888060e-03  -5.468472115245e-03  -4.014000505728e-03   4.003337087001e-04   5.839164496660e-02   4.340906098461e-01   2.915512847473e-01   9.211546645591e-03  -5.468251163779e-03   4.013832222078e-03
  -6.409815842655e-01  -1.091158529490e+00  -7.629844480486e-01  -4.118263785564e-01  -6.432559385528e-01  -9.934181979135e+00   1.976566767277e-05  -2.628152702278e+00  -2.678634237780e+00   2.382215431428e+00   1.267074932445e+00  -7.906779393474e-05  -5.073159523472e+00   4.248637490533e+00   1.335892330765e+00  -1.398130485045e-04  -3.715200507367e+00   2.836027747800e+00  -1.051216704276e+00  -9.215059706920e-05  -1.549353859442e+00   7.797083821640e-01  -1.469967753522e+00  -2.547138426780e-05  -1.323435628266e+00   4.423196957380e-05   7.263228609791e-01   1.116112216504e-04  -2.204929496233e+00  -6.245155973789e-04  -4.141412743271e-04   9.445031895429e-03  -1.634850219754e-02  -1.580208966380e-08  -6.772394809138e-02   2.116645978555e-01  -2.663021599130e-01   3.731059975827e-07  -3.292742462447e-01   6.950112788912e-01  -1.092406408031e+00   1.131651831039e-06  -3.427598640521e-01   4.262130735105e-01  -9.075300751192e-01   5.777396564584e-07   4.745699007729e-01  -8.344077338361e-07   1.189855358768e-01  -6.879694224456e-07  -1.876825680132e-01  -7.799402947965e-05  -2.305116418781e-02  -2.662222003083e-01  -3.405246555788e-01   2.952831388685e-03   4.471118467550e-04   2.885468601712e-09   1.966853944065e-03   5.064331933502e-02   4.134476112636e-02  -1.156529834298e-01  -2.558318794732e-02  -2.054404886526e-03  -1.115618837699e-02   1.966572443786e-03   5.063949871470e-02   4.134223482171e-02  -1.156524105624e-01  -2.558042855824e-02  -2.054115509734e-03   1.115501104779e-02   1.329077569971e-03   1.107526588352e-03   6.836139444550e-03   5.736125340747e-04   5.761695417244e-08   2.748664521441e-02   7.510585042553e-02   4.891905122850e-05   6.287981642241e-07   2.079501223065e-01   5.551737932729e-01  -1.847682497425e-01   4.632322541574e-06   2.207513556985e-01   3.935844702823e-01  -8.476321897940e-01   4.342126911898e-06   3.259728919187e-03   2.754844503037e-08  -2.290861142531e-02   7.135885985319e-07   4.540847627871e-02  -1.206547818438e-05  -2.639542420625e-06  -3.621662481596e-04   3.339399063141e-05  -1.075655442476e-09  -6.942980264547e-03  -2.718834100279e-02  -9.829579725077e-04  -7.888176618478e-08  -1.288238908813e-01  -4.052808953443e-01  -1.372723636468e-01  -9.212131331513e-07  -2.681804865127e-01  -5.532741254191e-01  -4.116422215940e-01  -5.560526391547e-07   2.530577419671e-04   1.468591302152e-09   1.190501300897e-02  -1.291134580656e-07  -2.369149812598e-02   0.000000000000e+00  -1.069301813158e-04  -1.762117080637e-02  -9.784301122882e-02  -1.618413424564e-06  -1.627133582518e-07  -4.146821327557e-12  -2.111634951205e-04  -3.073801850361e-02  -2.850246900346e-01  -3.525245028678e-01  -5.225397769384e-03   2.102892215982e-03   2.092842349559e-03  -2.111525475467e-04  -3.073740583196e-02  -2.850241984934e-01  -3.525255804810e-01  -5.225185947200e-03   2.102842244695e-03  -2.092775391947e-03
   2.413808820322e-05   4.156289489646e-05   2.943743317986e-05   1.598782794592e-05   1.835145749782e-05   1.976566767277e-05  -9.282911742998e+00   8.310695580352e-05   8.469018111349e-05  -7.540539800963e-05  -7.967260716972e-05  -1.248936268510e+00   1.612640221190e-04  -1.352919772089e-04  -1.420493893775e-04  -3.121607501769e+00   1.203816243675e-04  -9.296160682247e-05  -9.603686576044e-05  -3.986285015269e+00   5.237989347873e-05  -2.748865705009e-05  -2.805621055039e-05  -2.274795531233e+00   1.132615030491e-04   2.362706347283e+00  -1.520104775320e-04   2.237405239677e+00  -5.043226509320e-06   6.929546287968e-08   5.045147773428e-08  -8.973520059075e-07   4.459479760880e-09  -1.595252678597e-02   3.954705289590e-06  -1.201193175941e-05   1.076397854885e-06  -2.317253450751e-01   1.527102497692e-05  -3.313900141715e-05   3.354322196832e-06  -9.799464352792e-01   1.441228738462e-05  -1.882636340689e-05   1.918048075646e-06  -8.401690778063e-01  -2.025734752947e-06   1.243278723784e-03  -8.342729347247e-06   4.104408762033e-01   1.127006120591e-05   1.227269005382e-10   2.148502545535e-07   4.001500918100e-06   7.466255818649e-06  -1.062088089382e-08  -2.671374387919e-09  -4.556217778660e-04  -3.189459928773e-03  -1.055336131531e-01  -3.286012347637e-01  -1.896979373969e-01   4.308036849868e-02  -1.235928986103e-02   9.744675524426e-03   3.189034967653e-03   1.055283800893e-01   3.286075058182e-01   1.897156988587e-01  -4.307625335870e-02   1.235806994977e-02   9.744000913063e-03   3.803837100878e-08   3.166567341716e-08   1.960914196265e-07   5.903976010261e-08  -1.481165948281e-03   8.002317375426e-07   2.191005247080e-06   6.627508243064e-07  -2.255439371007e-02   6.932372394927e-06   1.900888418917e-05   5.825523786830e-06  -3.498127645791e-01   1.484891793246e-05   3.159485521740e-05   1.029225281727e-05  -9.431939305213e-01   7.437561832812e-07  -6.760682424202e-03  -9.934121796635e-07  -2.236348901237e-02   1.117131864367e-06   1.484538257046e-10   3.133761009872e-11   4.540209202025e-09  -1.264902506313e-09  -6.328967218357e-05   9.793807398149e-08   3.808117864583e-07  -1.059211149810e-07  -7.999052794944e-03   2.375301222500e-06   7.509978874867e-06  -1.731506091732e-06  -2.300098610410e-01   7.215786953083e-06   1.482282494812e-05  -2.675313722146e-06  -5.107423000313e-01  -1.670396272417e-07   3.042226690157e-03  -2.252576606564e-07  -1.131115017197e-02   2.747417125782e-07   0.000000000000e+00   2.710851224689e-09   5.088693094889e-07   3.303736162369e-06   3.618308537936e-11  -5.553514163613e-12  -3.628414853945e-07  -1.537265442818e-04  -2.196812304802e-02  -1.731285080573e-01  -1.487334948578e-01  -3.800091122273e-03   2.073441275384e-03   7.808737648680e-04   1.537186431515e-04   2.196777959048e-02   1.731324158830e-01   1.487462789067e-01   3.799941159116e-03  -2.073380338413e-03   7.808640292127e-04
  -4.986865699702e-01  -2.526086383164e+00  -2.228081302969e+00  -1.277559983972e+00  -2.546902003704e+00  -2.628152702278e+00   8.310695580352e-05  -3.635296331292e+01  -3.804601987502e+01  -1.890782953425e-02   7.866896964945e-02  -1.867638461567e-06  -1.371718916275e+01  -8.611705062343e-03   3.583029636328e-02  -8.506280745622e-07  -5.971047419855e+00  -2.506816450847e-03   1.042989537507e-02  -2.476104735781e-07  -2.697796558672e+00  -6.959881274830e-04   2.895716417502e-03  -6.874559496643e-08   1.166882856539e-03   1.551580066019e-07   6.284798734240e-03  -9.171676425845e-09  -4.972844051008e-03  -3.179036814374e-04   9.088116309127e-06   1.619851766965e-02  -8.042686857800e-03   1.830758280362e-07  -3.629171072240e-01   1.124550148609e+00  -5.584552181295e-01   1.271199298163e-05  -1.444144101649e+00   2.584911904156e+00  -1.283603402751e+00   2.921814417915e-05  -1.217945217061e+00   1.213340714168e+00  -6.024804711573e-01   1.371396183561e-05   1.060645137975e+00   1.199100978902e-05   7.686238842680e-01  -2.414319903474e-05  -8.045209569957e-01  -1.759024914589e-05  -7.538107394175e-02  -7.093230630367e-01  -8.521429267333e-01   4.319217605563e-03   3.389498700685e-04   4.627046481224e-08  -7.427363587005e-06  -5.531605567695e-02  -6.410787286931e-01  -8.221896987414e-01   1.607266946100e-03  -1.408177000366e-03   1.001398804341e-03  -7.427411223291e-06  -5.531618335032e-02  -6.410792130231e-01  -8.221899184210e-01   1.607295054352e-03  -1.408185873595e-03  -1.001366274929e-03   0.000000000000e+00   0.000000000000e+00   0.000000000000e+00   0.000000000000e+00   0.000000000000e+00   0.000000000000e+00   0.000000000000e+00   0.000000000000e+00   0.000000000000e+00  -8.762917782798e-04  -4.575290842285e-03  -2.220778509700e-03   1.020767165865e-08  -1.436205040991e-01  -4.519352790664e-01  -2.193829760754e-01   1.010004510706e-06   0.000000000000e+00   0.000000000000e+00   0.000000000000e+00   0.000000000000e+00   0.000000000000e+00   0.000000000000e+00   0.000000000000e+00   0.000000000000e+00   0.000000000000e+00   0.000000000000e+00  -6.251923532489e-07  -4.732664524945e-06  -3.623777963190e-08   2.036851649146e-11  -1.959462106152e-02  -8.933580391206e-02  -7.004373304666e-04   3.848060103831e-07  -3.274428116309e-01  -8.320478696997e-01  -6.535908027891e-03   3.584095731735e-06   0.000000000000e+00   0.000000000000e+00   0.000000000000e+00   0.000000000000e+00   0.000000000000e+00   0.000000000000e+00   0.000000000000e+00  -3.797038697149e-03  -1.338090659410e-01   0.000000000000e+00   0.000000000000e+00   0.000000000000e+00   0.000000000000e+00  -1.539011854200e-04  -9.277406906157e-02  -4.148461246388e-01   0.000000000000e+00   0.000000000000e+00   0.000000000000e+00   0.000000000000e+00  -1.539102928133e-04  -9.277588188046e-02  -4.148489936399e-01   0.000000000000e+00   0.000000000000e+00   0.000000000000e+00
  -4.879891556014e-01  -2.557865436587e+00  -2.254455975880e+00  -1.290966114791e+00  -2.594513475362e+00  -2.678634237780e+00   8.469018111349e-05  -3.804601987502e+01  -3.409798765845e+01  -2.242408575162e-02   9.329890146465e-02  -2.214959946654e-06  -1.399236867724e+01  -6.564207392363e-03   2.731141927732e-02  -6.483860001517e-07  -6.068264873685e+00  -1.570319081830e-03   6.533588277325e-03  -1.551105175488e-07  -2.730546435460e+00  -4.099497310184e-04   1.705675134201e-03  -4.049355671475e-08   4.837683389051e-04   6.432679110522e-08   2.605602939556e-03  -3.802250099871e-09  -2.061678811961e-03  -1.104536399778e-04   8.736717011891e-06   1.091851094193e-02  -5.426272736210e-03   1.235210680501e-07  -3.602212619898e-01   1.130829762526e+00  -5.618659285039e-01   1.278987950408e-05  -1.459491644087e+00   2.620121389645e+00  -1.301782266766e+00   2.963266908346e-05  -1.230700672890e+00   1.227316210852e+00  -6.097762785151e-01   1.388042242229e-05   1.072155423515e+00   1.212666327370e-05   7.767044255591e-01  -2.440570508869e-05  -8.125630811375e-01  -5.241230020482e-06  -7.429389939096e-02  -7.160259729068e-01  -8.608271581454e-01   3.401943901446e-03   2.644818382879e-04   3.646251282434e-08  -1.866715279923e-06  -5.427453500454e-02  -6.467593876584e-01  -8.304327155726e-01   1.208691095896e-03  -1.058953354987e-03   7.521231572935e-04  -1.866729978081e-06  -5.427466368276e-02  -6.467598843131e-01  -8.304329408769e-01   1.208712772017e-03  -1.058960503258e-03  -7.520990081884e-04   0.000000000000e+00   0.000000000000e+00   0.000000000000e+00   0.000000000000e+00   0.000000000000e+00   0.000000000000e+00   0.000000000000e+00   0.000000000000e+00   0.000000000000e+00  -8.120672758534e-04  -4.314043926629e-03  -2.095022956819e-03   9.661575186485e-09  -1.443918086394e-01  -4.555195572631e-01  -2.212016661280e-01   1.020053508193e-06   0.000000000000e+00   0.000000000000e+00   0.000000000000e+00   0.000000000000e+00   0.000000000000e+00   0.000000000000e+00   0.000000000000e+00   0.000000000000e+00   0.000000000000e+00   0.000000000000e+00  -3.867678148238e-07  -3.098046160744e-06  -2.488789000508e-08   1.335875547765e-11  -1.951807384485e-02  -8.936053319092e-02  -7.141536299093e-04   3.852251567582e-07  -3.305254738958e-01  -8.406838020351e-01  -6.715879192954e-03   3.624005281651e-06   1.452792762466e-10  -6.433446196210e-16  -5.788914637244e-09  -8.613433897348e-14   1.002490324059e-08   0.000000000000e+00   0.000000000000e+00  -3.782152160307e-03  -1.349865849956e-01   0.000000000000e+00   0.000000000000e+00   0.000000000000e+00   0.000000000000e+00  -1.381436756738e-04  -9.325065771870e-02  -4.189051297508e-01   0.000000000000e+00   0.000000000000e+00   0.000000000000e+00   0.000000000000e+00  -1.381520300198e-04  -9.325248592959e-02  -4.189080315735e-01   0.000000000000e+00   0.000000000000e+00   0.000000000000e+00
   9.472724664038e-01   1.163956860421e+00   3.432630387039e-01   6.613772665738e-02   1.056899897537e+00   2.382215431428e+00  -7.540539800963e-05  -1.890782953425e-02  -2.242408575162e-02  -1.453122494056e+01   6.865685362133e-03  -5.396292725857e-08  -6.090743823325e-02  -9.614060963508e+00   7.434986604977e-03  -5.850308966443e-08  -3.694577173544e-02  -3.317886567311e+00   2.941806724835e-03  -2.329526575020e-08  -1.843582620341e-02  -9.762036208504e-01   8.977949905997e-04  -7.142774119840e-09   1.712101850832e-01  -1.928972153312e-07   2.307652896572e-02  -4.097734934390e-06  -4.435290888873e-02  -5.211579457690e-03  -3.612963167970e-04   1.336658148899e-01  -7.324327144149e-02   1.667226086109e-06  -5.632681146926e-01   1.232212306942e+00  -7.754378746418e-01   1.765189654497e-05  -6.333552263632e-01   4.111839179081e-01  -5.395594999419e-01   1.228824209523e-05  -1.734841644756e-01  -1.579456336939e-01  -8.412871766325e-02   1.919091771925e-06   1.488511249048e+00   2.028320890109e-05   9.439331908915e-01  -3.388369448029e-05  -7.438750330126e-01  -3.948135949605e-04  -1.375056298536e-01  -3.592163584209e-01  -1.577933519932e-01   3.005404200255e-02   2.571107651677e-03   3.420708138595e-07  -1.281679096248e-04  -7.358366785967e-02  -2.321237189662e-01  -1.094962755774e-01   8.000776820139e-03  -7.969980964140e-03   5.686142455770e-03  -1.281702612050e-04  -7.358473946129e-02  -2.321267650309e-01  -1.094976196755e-01   8.001040094671e-03  -7.970126119933e-03  -5.686026538149e-03   0.000000000000e+00   0.000000000000e+00   0.000000000000e+00   0.000000000000e+00   0.000000000000e+00   0.000000000000e+00   0.000000000000e+00   0.000000000000e+00   0.000000000000e+00   2.706755944549e-03   1.224145566213e-02   6.402086442012e-03  -2.893321647902e-08   9.910848596538e-02   2.411287250075e-01   1.470491272962e-01  -6.673365344921e-07   0.000000000000e+00   0.000000000000e+00   0.000000000000e+00   0.000000000000e+00   0.000000000000e+00   0.000000000000e+00   0.000000000000e+00   0.000000000000e+00   0.000000000000e+00   0.000000000000e+00   7.281607360550e-06   4.985622203356e-05   3.623501839427e-07  -2.212400153345e-10   2.475184343892e-02   9.831148697916e-02   7.441625236906e-04  -4.666858685712e-07   1.121296520472e-01   1.923473915049e-01   1.968373788460e-03  -1.206635354848e-06   1.215402906079e-07  -5.554883882210e-13  -4.767132073534e-06  -7.291461686971e-11   8.255296210040e-06   0.000000000000e+00   0.000000000000e+00   4.569144865192e-03   5.071544527561e-02   0.000000000000e+00   0.000000000000e+00   0.000000000000e+00   0.000000000000e+00   6.092772145042e-04   7.018837996841e-02   1.054047898255e-01   0.000000000000e+00   0.000000000000e+00   0.000000000000e+00   0.000000000000e+00   6.093107230121e-04   7.018969389304e-02   1.054054852270e-01   0.000000000000e+00   0.000000000000e+00   0.000000000000e+00
   9.904314723416e-01   1.276254440646e+00   4.305056395830e-01   1.144450705662e-01   2.451722984172e+00   1.267074932445e+00  -7.967260716972e-05   7.866896964945e-02   9.329890146465e-02   6.865685362133e-03  -1.447270623492e+01   9.129245670992e-07   2.534095459429e-01   7.434986604977e-03  -9.550713247292e+00   9.881668226643e-07   1.536925829982e-01   2.941806724835e-03  -3.292874183978e+00   3.899614145424e-07   7.668268603534e-02   8.977949905997e-04  -9.685821165672e-01   1.187773317553e-07  -3.021362191598e-02  -3.851165550669e-06  -9.551605928402e-02  -1.928972153312e-07  -1.387378718280e-01   2.599960779908e-03   1.793775773679e-04  -7.384790646820e-02   2.261431984379e-02  -8.333429232858e-07   2.878553267030e-01  -8.013594257032e-01   6.403499241952e-02  -9.009389857058e-06   3.487218327880e-01  -6.013528792554e-01  -3.776945370264e-01  -6.709605737678e-06   1.170338718776e-01  -1.149889110293e-01  -2.689310429132e-01  -1.261163558059e-06  -2.885788646672e-01  -3.240754143853e-06  -4.850722438812e-01   2.077261103398e-05   1.006874548811e+00  -2.816498265282e-05  -7.839665223616e-03  -6.238156614818e-03   1.352356317682e-02   2.172928845299e-03  -1.740427521659e-03   2.329382134304e-08   1.120244588838e-04   6.533318276417e-02   2.164208197280e-01   1.142932707392e-01  -7.967130880174e-03   5.901915564077e-03  -4.980947109484e-03   1.120252713981e-04   6.533340306908e-02   2.164212420087e-01   1.142934239421e-01  -7.967276658272e-03   5.901960704980e-03   4.980790135961e-03   0.000000000000e+00   0.000000000000e+00   0.000000000000e+00   0.000000000000e+00   0.000000000000e+00   0.000000000000e+00   0.000000000000e+00   0.000000000000e+00   0.000000000000e+00   1.348737927563e-03   6.588342687182e-03   2.216561406264e-03  -1.424784076258e-08   5.255318958217e-02   1.611243499464e-01   1.588229403095e-02  -3.464899290896e-07   0.000000000000e+00   0.000000000000e+00   0.000000000000e+00   0.000000000000e+00   0.000000000000e+00   0.000000000000e+00   0.000000000000e+00   0.000000000000e+00   0.000000000000e+00   0.000000000000e+00   1.053209274005e-07   7.520473352520e-07  -1.710559733130e-06  -2.916396656522e-12   8.211792336079e-04   3.630644278216e-03  -1.059055447296e-02  -1.408836436643e-08   1.052613574030e-02   2.654676959064e-02  -8.863065600206e-02  -1.027617740288e-07  -4.689349740301e-07   2.008256326435e-12  -6.168589753924e-08  -8.653205713584e-13   1.134500393765e-07   0.000000000000e+00   0.000000000000e+00   3.396771339148e-04   6.403361233068e-03   0.000000000000e+00   0.000000000000e+00   0.000000000000e+00   0.000000000000e+00  -1.017220457138e-04  -9.789783092396e-03  -7.010364018941e-03   0.000000000000e+00   0.000000000000e+00   0.000000000000e+00   0.000000000000e+00  -1.017301187561e-04  -9.790252438632e-03  -7.010845335466e-03   0.000000000000e+00   0.000000000000e+00   0.000000000000e+00
  -3.119430044030e-05  -3.981738995914e-05  -1.311105739569e-05  -3.322890040578e-06  -7.701729725677e-05  -7.906779393474e-05  -1.248936268510e+00  -1.867638461567e-06  -2.214959946654e-06  -5.396292725857e-08   9.129245670992e-07  -1.443791660259e+01  -6.016053842088e-06  -5.850308966443e-08   9.881668226643e-07  -9.513055707368e+00  -3.648693647546e-06  -2.329526575020e-08   3.899614145424e-07  -3.278012033501e+00  -1.820448013163e-06  -7.142774119840e-09   1.187773317553e-07  -9.640549944853e-01  -1.928972153312e-07   1.445093892925e-01  -3.593397880028e-06  -3.459681017375e-02  -1.232846918604e-07  -5.919004117105e-08  -4.083184022365e-09   1.681348742594e-06  -8.335212969205e-07  -1.399662820359e-02  -6.559967918336e-06   1.826604286379e-05  -9.021357063644e-06  -3.319143170697e-01  -7.974252436654e-06   1.376062276960e-05  -6.742281368831e-06  -6.728958465935e-01  -2.697901217733e-06   2.655430512248e-06  -1.277988266762e-06  -3.245645569289e-01   2.079592602778e-05  -3.091340468470e-01   2.324476491735e-05   6.243063653944e-01  -1.590319579899e-05  -4.246026548875e-09  -1.512000156659e-06  -4.241865601468e-06  -2.201399182222e-06   3.452032869093e-07   2.780592588582e-08  -1.903633775422e-03  -7.877128616967e-05  -4.485159382970e-02  -1.396518227288e-01  -6.362906438029e-02   5.572256264474e-03  -4.882919053155e-03   2.398242533790e-03   7.876874869012e-05   4.484990666816e-02   1.396457687247e-01   6.362553370923e-02  -5.572136444107e-03   4.882759299803e-03   2.397989565500e-03   0.000000000000e+00   0.000000000000e+00   0.000000000000e+00   0.000000000000e+00   0.000000000000e+00   0.000000000000e+00   0.000000000000e+00   0.000000000000e+00   0.000000000000e+00  -7.196637264556e-09  -3.513115031046e-08  -1.684097067160e-08  -9.700269934335e-04  -3.314142103661e-07  -1.015676558252e-06  -4.841335463287e-07  -6.186255690213e-02   0.000000000000e+00   0.000000000000e+00   0.000000000000e+00   0.000000000000e+00   0.000000000000e+00   0.000000000000e+00   0.000000000000e+00   0.000000000000e+00   0.000000000000e+00   0.000000000000e+00  -3.241902956116e-11  -2.297192368959e-10  -1.304037817549e-12  -1.704038670222e-06  -1.213532081605e-07  -5.345067387405e-07  -2.186595039750e-09  -1.056031097396e-02  -7.175469107626e-07  -1.804289501257e-06  -1.582798607264e-09  -8.840702298606e-02  -4.705093380304e-13  -3.436212564097e-09   2.453602299528e-11  -4.674286090616e-07  -3.846495869898e-11   0.000000000000e+00   0.000000000000e+00  -1.626014606070e-08  -2.440037365411e-07   0.000000000000e+00   0.000000000000e+00   0.000000000000e+00   0.000000000000e+00  -1.829632382485e-04  -2.115739205546e-02  -3.232485339715e-02   0.000000000000e+00   0.000000000000e+00   0.000000000000e+00   0.000000000000e+00   1.829657584483e-04   2.115682113001e-02   3.232321131601e-02   0.000000000000e+00   0.000000000000e+00   0.000000000000e+00
  -2.515864946622e+00  -5.893056800253e+00  -5.370253754469e+00  -3.248827276508e+00  -4.964764119544e+00  -5.073159523472e+00   1.612640221190e-04  -1.371718916275e+01  -1.399236867724e+01  -6.090743823325e-02   2.534095459429e-01  -6.016053842088e-06  -1.745577812135e+01  -1.003477096640e-01   4.132150770564e-01  -9.803172057977e-06  -1.191215755309e+01  -6.568627691783e-02   2.549081935900e-01  -6.021756280424e-06  -6.436578313668e+00  -2.525559822584e-02   9.417031084136e-02  -2.217274589412e-06   2.623095698438e-02   3.351398806227e-06   1.363655733671e-01  -2.257462318493e-07  -1.083030257705e-01  -7.192627925779e-02  -6.441498515289e-02   5.288357758987e-01  -2.608849523867e-01   5.937743058054e-06  -1.520275672609e+00   3.308773613100e+00  -1.624770182065e+00   3.697469067455e-05  -3.645210030934e+00   5.773749894639e+00  -2.822772304580e+00   6.421773721696e-05  -3.099186485809e+00   2.962609112788e+00  -1.445150902937e+00   3.287343448257e-05   2.686491695527e+00   3.009270307331e-05   1.962206610761e+00  -6.113510084338e-05  -2.076361503210e+00  -8.998916452301e-03  -3.783798187350e-01  -1.877479950565e+00  -2.193779193445e+00   1.390028231862e-01   1.414198922145e-02   1.480820501461e-06  -5.672678130750e-03  -3.033596198599e-01  -1.727147480073e+00  -2.127312960711e+00   6.654423063072e-02  -5.954531181385e-02   4.388597350302e-02  -5.672695369788e-03  -3.033599877247e-01  -1.727148188527e+00  -2.127313270983e+00   6.654527655084e-02  -5.954554472479e-02  -4.388453675302e-02   0.000000000000e+00   0.000000000000e+00   0.000000000000e+00   0.000000000000e+00   0.000000000000e+00  -7.784889137956e-06  -3.427519301649e-05  -1.667768878580e-05   7.437203818620e-11  -1.191212119107e-02  -4.804951094823e-02  -2.311610529310e-02   9.568452494160e-08  -4.376399184356e-01  -1.258294960826e+00  -6.050998959560e-01   2.630049210542e-06  -5.994199359431e-06   1.321661136863e-11   4.394728137227e-06   2.710432772722e-11  -4.687380008828e-06   0.000000000000e+00   0.000000000000e+00   0.000000000000e+00   0.000000000000e+00   0.000000000000e+00  -1.250495772653e-04  -6.721613194951e-04  -2.505430572020e-06   2.864866830008e-09  -7.896615123340e-02  -3.183504400954e-01  -1.081345080353e-03   1.342079902726e-06  -8.687479358917e-01  -2.127029378972e+00  -8.043731476112e-03   8.961869288039e-06  -2.393151648715e-06   1.176984881192e-11   1.678068952761e-04   2.487592161305e-09  -2.904934139370e-04   0.000000000000e+00  -1.856328126035e-06  -1.544109649901e-02  -3.632351375265e-01   0.000000000000e+00   0.000000000000e+00   0.000000000000e+00  -4.765645680919e-07  -3.022273413154e-03  -2.860427382050e-01  -1.085664416236e+00  -6.693388731091e-05   1.223664218943e-05   2.039925693358e-05  -4.766094791269e-07  -3.022408793826e-03  -2.860477461355e-01  -1.085671515030e+00  -6.693894724063e-05   1.223783586029e-05  -2.039999843533e-05
