ARMA_MAT_TXT_FN008
72 72
  -1.758609919015e+01  -2.200713741586e+01   1.563752793694e-02  -2.807721555530e-02   3.075890774294e-07  -8.145534752257e+00   6.747877630610e-03  -1.277487346656e-02   1.228940019319e-07  -3.530114668194e+00   2.555597298920e-03  -5.279799832397e-03   4.021924504449e-08  -1.596056175157e+00   6.700025074132e-04  -1.999365519086e-03   9.485207830989e-09   1.202735525342e-04  -2.471999497164e-08  -1.169759369180e-03   7.753960876336e-09   1.063505058055e-03  -2.986963632140e-01  -1.499279315370e+00  -1.320088442030e+00  -7.567752477149e-01   8.834911125612e-01   1.978966304867e+00  -1.243726004033e-05  -3.246368588645e-04  -2.306081925767e-04  -1.282613119075e-02   1.202437420437e-03  -7.433073785235e-09  -2.086548457706e-01  -7.172108049753e-01   7.183233422777e-02  -3.674076376523e-07  -8.456240149731e-01  -1.688887323525e+00   1.693069225430e-01  -8.579072232732e-07  -7.186738662868e-01  -7.992959246363e-01   7.999557226870e-02  -4.059830644202e-07   1.501880044584e-01   1.078044144762e-07   4.371141423652e-01  -7.482183281186e-07  -7.421403242762e-01  -1.179839052534e-04  -4.510241593610e-02  -4.200333840590e-01  -5.045291827581e-01  -2.952445412675e-03  -1.388242767793e-03   2.934252271246e-07   8.052102322688e-05  -3.321566219019e-02  -3.799148663849e-01  -4.869477863806e-01  -1.839982395234e-03   6.297243658143e-04   8.447755871591e-04   8.051459596829e-05  -3.321642767427e-02  -3.799177389140e-01  -4.869490828858e-01  -1.840054081689e-03   6.294441239613e-04  -8.449774949386e-04
  -2.200713741586e+01  -1.651730190766e+01   1.486258800118e-02  -2.655809360642e-02   2.965968256708e-07  -7.391781692854e+00   3.424620145984e-03  -6.792959551823e-03   6.154968337824e-08  -3.318775897076e+00   5.501222053640e-04  -2.175571754274e-03   1.138184722686e-08  -1.512513511690e+00  -5.001549691504e-04  -7.314495190952e-04   1.081436223676e-09   8.460128626066e-04  -5.683085584191e-08  -3.042084715750e-03   3.112234600339e-09   1.441205891296e-03  -2.988098381359e-01  -1.419251124976e+00  -1.250955562250e+00  -7.187648516351e-01   8.385022002548e-01   1.880815722652e+00  -1.182908569687e-05  -2.556290347797e-04  -2.497624026755e-04  -1.224270821046e-02   1.121273998189e-03   1.343440921816e-09  -2.021746753907e-01  -6.902662252214e-01   6.936649613545e-02  -3.446374994181e-07  -8.018072500481e-01  -1.596208443723e+00   1.605870917091e-01  -8.085868237270e-07  -6.822179516434e-01  -7.585187395495e-01   7.626903477928e-02  -3.857239759256e-07   1.459552955993e-01   6.685185011130e-08   4.226046091316e-01  -7.330731189639e-07  -7.175477621843e-01   2.385198264140e-04  -4.350053069731e-02  -3.990936914839e-01  -4.792327855131e-01  -3.057881624718e-03  -1.178485507126e-03   2.585610256791e-07   2.487154338438e-04  -3.203590368468e-02  -3.608383932126e-01  -4.624147344522e-01  -1.849159584572e-03   5.281652721034e-04   6.738054173476e-04   2.487291555713e-04  -3.203664459201e-02  -3.608411616778e-01  -4.624159907913e-01  -1.849248305221e-03   5.279500215364e-04  -6.739720636109e-04
   1.563752793694e-02   1.486258800118e-02   1.694241745113e+00   1.813282884882e-02   5.274559442294e-09   2.418170924289e-03  -8.193015388972e-01   1.244192073430e-02   1.649789826645e-08   2.638968740757e-03  -7.528504153765e-01   5.525552243704e-03  -4.422363939171e-08  -5.980225086678e-03  -2.897073686125e-01   1.094083998377e-03  -7.168629620580e-08  -5.489115835853e-02   1.536709801407e-07  -2.116678492244e-02   4.921325711060e-07   6.672527326579e-02  -2.044542192922e-01  -1.827809641838e-01  -6.825963571877e-02  -2.333076750883e-02  -1.807336635950e-01   2.915585507610e-01  -1.850278000459e-06   4.884073817451e-03   6.090335982744e-03   1.704054413971e-01  -1.559912148560e-02  -1.036955939361e-07   2.249372811266e-01   4.438876254445e-01  -4.863179074234e-02  -3.046544283084e-09   1.983553581684e-01   1.715905124210e-01  -3.108215098382e-02  -3.218869704988e-08   4.797903700630e-02  -4.030481800535e-02  -5.326821648344e-03  -5.957100213928e-08  -7.990225365407e-02  -4.909516482846e-07  -2.008466717042e-01   3.046984970744e-07   3.378821175098e-01  -2.679690053225e-03   4.731537337056e-02   9.185239351863e-02   3.476168166441e-02   3.707030723361e-02   9.777463589395e-03  -2.322848140262e-06  -5.583409480129e-03   3.523012001877e-02   8.198668430903e-02   3.229256240195e-02   2.942851088740e-02  -5.652656633591e-03  -6.298682732598e-03  -5.583032745521e-03   3.523142314139e-02   8.198839074717e-02   3.229323931518e-02   2.942915676986e-02  -5.650540101546e-03   6.300112570384e-03
  -2.807721555530e-02  -2.655809360642e-02   1.813282884882e-02   1.652521080907e+00  -8.927168407771e-07  -1.260533113678e-02   1.257894310039e-02  -8.577458473652e-01  -7.902195265786e-07  -1.664729556691e-02   5.623730491891e-03  -7.779987024219e-01  -3.814801404340e-07  -1.439903736384e-02   6.000783444386e-04  -3.149360292132e-01  -9.850620785174e-08  -1.391973816994e-02   1.043605486767e-06   4.772703994855e-02   2.152686128528e-07   5.829347762403e-02  -4.668764128319e-01  -4.328856780463e-01  -1.671079438931e-01  -4.537395373683e-02   3.105155364500e-01   3.481597245456e-01  -4.275498547317e-06  -5.348678198031e-04  -7.880002909986e-04  -2.084718051537e-02  -1.127769928632e-02   1.287689626385e-07  -2.488177061247e-02  -6.078516816828e-02  -9.987679728940e-02   1.057728728763e-07  -2.771431489385e-02  -5.170743408097e-02  -1.935945267512e-01   4.287511457635e-08  -1.356209264608e-02  -1.697281729565e-02  -1.121313166844e-01   3.436010965636e-08  -1.996630048117e-01   2.534994299310e-06   2.723006435058e-02  -9.731788854880e-08  -7.272501933366e-02  -5.949195152887e-03   1.743157600679e-02   4.286328729392e-02   1.756228269277e-02   1.226750084291e-02   2.904854797387e-03  -1.051992854165e-06   4.222624434363e-03  -1.150193997729e-02  -3.650941897619e-02  -2.179920976075e-02  -9.778301774340e-03   4.591955721891e-04   2.765858235744e-03   4.220370091926e-03  -1.149674394899e-02  -3.649313935048e-02  -2.179095195036e-02  -9.774401653094e-03   4.573825312577e-04  -2.765009292524e-03
   3.075890774294e-07   2.965968256708e-07   5.274559442294e-09  -8.927168407771e-07   1.579861717376e+00   3.755617063201e-08   1.067255392370e-08  -7.894155132746e-07  -9.110434173963e-01   1.382177841098e-07  -6.347877750354e-08  -4.285602639498e-07  -7.990187600988e-01   2.072361226206e-07  -5.952704310597e-08  -1.761131559914e-07  -3.215760640526e-01   3.579777153456e-07  -3.488907856503e-02  -2.102667237483e-07   1.823088927340e-02  -3.663769040875e-07   3.137946056386e-06   2.950075712372e-06   1.271091778874e-06   4.151695077291e-07  -2.022466937920e-06  -4.065903087147e-06  -3.487255187094e-01   3.023094526654e-09   9.316385716917e-09   1.385741306170e-07  -1.578974197657e-07  -1.557185407643e-02   1.924303763133e-07   3.199790854137e-07  -2.898958535611e-07  -1.142447875178e-01   2.354042265999e-07   3.329179651706e-07  -2.559343518763e-07  -2.063501990092e-01   1.755877995377e-07   1.719054603835e-07  -8.449102163907e-08  -1.156759272945e-01  -6.000870470374e-08   2.901019492720e-02  -3.473646799148e-06  -2.298586589470e-01  -1.761084067633e-06   1.767585106306e-06  -3.976906169187e-06  -1.033948829562e-05  -4.873863714206e-06  -3.832779903086e-06  -1.353358589406e-06  -3.239934970440e-03   8.838649686972e-03  -1.379686197726e-02  -4.566702554100e-02  -2.306622018288e-02  -1.327372435945e-02   3.756170821080e-03   2.668089472059e-03  -8.840484538867e-03   1.379990774345e-02   4.567658815441e-02   2.307112055384e-02   1.327680180924e-02  -3.755425657646e-03   2.670018125169e-03
  -8.145534752257e+00  -7.391781692854e+00   2.418170924289e-03  -1.260533113678e-02   3.755617063201e-08  -3.884882106348e+00   2.642397695186e-02  -6.451604335798e-02   3.489147061654e-07  -2.486081781178e+00   2.358377617463e-02  -5.500508741518e-02   3.046234042310e-07  -1.414896274798e+00  -8.269906927809e-04  -2.076461656067e-02   1.273248895109e-07  -3.979227431189e-02   5.358173154017e-07   6.216739388132e-02   2.065725696179e-07  -4.185478318406e-03  -6.004562577449e-01  -1.286042930726e+00  -1.190458312288e+00  -7.374649621370e-01   5.435047423028e-01   1.219973434996e+00  -7.709743149897e-06  -3.409265582917e-02  -3.744088334892e-02  -2.058810733477e-01   1.943749875081e-02   9.583611177908e-08  -3.629436773901e-01  -7.722380870877e-01   7.540718874158e-02  -1.611250494563e-07  -7.953369855517e-01  -1.359969089497e+00   1.269651796771e-01  -5.152141157021e-07  -6.928075407463e-01  -7.372430388778e-01   6.707594391104e-02  -3.040923546011e-07   1.220581143481e-01  -4.750214529194e-07   3.487773333988e-01  -6.367979920410e-07  -5.927149311857e-01   1.005690530947e-04  -9.761425320806e-02  -4.213171736712e-01  -4.945460496287e-01  -5.755522985313e-02  -2.252617178054e-02   5.031212366525e-06  -1.517247767040e-04  -8.029243577497e-02  -3.888687204998e-01  -4.801011696945e-01  -4.132020282584e-02   1.273486049932e-02   1.648070936919e-02  -1.513662022844e-04  -8.029321339017e-02  -3.888702619821e-01  -4.801018787724e-01  -4.132176108714e-02   1.272937289821e-02  -1.648446367235e-02
   6.747877630610e-03   3.424620145984e-03  -8.193015388972e-01   1.257894310039e-02   1.067255392370e-08   2.642397695186e-02   2.907135833590e-03  -1.764173773701e-02   1.685693073720e-07   6.291420821724e-02  -5.077788030561e-01  -2.314675048572e-02   1.381956947672e-07   4.212748682316e-02  -3.367173654507e-01  -1.130564392824e-02   2.507331301383e-08  -1.213191559801e-01   4.493943814836e-07  -4.625352016171e-02   9.832002308486e-07   1.569440686053e-01  -2.212011287270e-01  -1.544545820306e-01  -4.730906674190e-02  -3.772964758477e-03  -1.702212451834e-01   1.094209034579e-02  -7.735070986937e-08   1.214499105654e-01   1.401196763422e-01   3.758691697520e-01  -4.018283715780e-02   2.608941467051e-08   3.802914330916e-01   3.791216850709e-01  -4.269172521871e-02   5.113386350998e-09   2.771176146252e-01   1.511278354526e-01  -3.277174904239e-02   2.173617091651e-08   9.471255269544e-02  -3.789875005077e-02  -1.261796874207e-02  -8.761190215890e-10  -6.341266988921e-03  -9.239288244114e-07  -1.755609473680e-02  -1.507111703146e-07   2.620546868942e-02   1.704767398248e-02   1.139848019832e-01   1.468767079473e-01   7.166290986894e-02   1.122634713241e-01   5.607471068482e-02  -1.209256343226e-05   6.588089967785e-03   9.353910349908e-02   1.332840208453e-01   6.653753293506e-02   8.686983896975e-02  -3.125565600856e-02  -4.177605402208e-02   6.589115585918e-03   9.354141682173e-02   1.332865722755e-01   6.653878145984e-02   8.687287357821e-02  -3.124144179994e-02   4.178561112440e-02
  -1.277487346656e-02  -6.792959551823e-03   1.244192073430e-02  -8.577458473652e-01  -7.894155132746e-07  -6.451604335798e-02  -1.764173773701e-02  -1.860973054968e-02  -2.097011321654e-07  -1.154701716285e-01  -2.325931900911e-02  -4.956014986037e-01   2.636656630947e-07  -8.690006425497e-02  -1.200353551320e-02  -3.437914396128e-01   2.411293299456e-07  -3.582370696548e-02   2.085132806673e-06   1.071992021694e-01   4.965990579228e-07   1.314781859727e-01  -5.101121032091e-01  -4.384808030778e-01  -2.467430379358e-01  -9.686644981215e-02   5.401124962042e-02  -1.169320626893e-01  -3.532110368596e-07  -1.234061707247e-02  -1.432256836915e-02  -4.712707619453e-02  -5.992032335064e-02   2.681332110378e-07  -4.374120197637e-02  -6.800634985416e-02  -1.371572483622e-01   3.547813660505e-07  -6.031892117936e-02  -1.034534749543e-01  -2.062997326542e-01   3.255858072953e-07  -5.030404527528e-02  -6.010256579857e-02  -1.381446158394e-01   1.920608710581e-07  -1.660931281013e-01   2.052635780939e-06   1.386641756324e-02  -5.583676826168e-08  -3.807820575207e-02   3.688183419673e-03   3.647750296672e-02   3.545774967108e-02  -1.174068167573e-03   4.403673635672e-02   1.049944337430e-02  -5.000375910947e-06  -8.753205697835e-04  -3.021725072685e-02  -6.172184863072e-02  -5.148505300740e-02  -3.152762243711e-02  -8.726981351425e-05   1.545194240509e-02  -8.751461097155e-04  -3.020409242388e-02  -6.170084217765e-02  -5.147426083091e-02  -3.151445565278e-02  -9.770782539052e-05  -1.544777815667e-02
   1.228940019319e-07   6.154968337824e-08   1.649789826645e-08  -7.902195265786e-07  -9.110434173963e-01   3.489147061654e-07   1.685693073720e-07  -2.097011321654e-07   1.905702541294e-02   8.169486467387e-07   1.146572632295e-07   1.954490990029e-07  -4.236041456645e-01   7.129396020845e-07   2.873267700338e-08   1.257170373948e-07  -3.088689805215e-01   6.512227821723e-07  -7.001007304242e-02  -2.133486134071e-07   4.217792309955e-02  -6.494868996420e-07   3.507084660250e-06   3.096201720041e-06   1.858980762111e-06   7.855957166851e-07  -4.542757150876e-07  -2.042416644266e-07  -2.084888329657e-01   6.200094504106e-08   7.840471876475e-08   2.906151182243e-07  -1.073258573331e-07  -6.695905095919e-02   3.086344034866e-07   4.167434945546e-07  -1.778490428555e-07  -1.484691477646e-01   4.588859478128e-07   7.237158624309e-07  -9.734489090066e-08  -2.043451006511e-01   4.309178898165e-07   4.806956909541e-07   1.546176869312e-08  -1.308850308243e-01  -2.149510164174e-08   2.266881715544e-02  -3.123539577312e-06  -1.851144834807e-01  -1.713813425925e-06  -1.901567979807e-07  -8.605076151562e-06  -1.160333172813e-05  -5.548542151280e-06  -1.127281060786e-05  -5.682681350979e-06  -1.510505704330e-02   2.056839744651e-03  -3.449089540665e-02  -5.303607227792e-02  -2.709318573888e-02  -4.073572522225e-02   1.552608603955e-02   9.948835731650e-03  -2.057166943886e-03   3.449816211897e-02   5.304721131938e-02   2.709925026342e-02   4.074523396663e-02  -1.552185566054e-02   9.957652244275e-03
  -3.530114668194e+00  -3.318775897076e+00   2.638968740757e-03  -1.664729556691e-02   1.382177841098e-07  -2.486081781178e+00   6.291420821724e-02  -1.154701716285e-01   8.169486467387e-07  -1.643281318764e+00   1.854080902472e-01  -1.579734005722e-01   9.359164011023e-07  -1.045803254531e+00   1.421804655810e-01  -8.358502220618e-02   3.687522387999e-07  -4.971748323292e-02   8.149448421467e-07   8.810483569276e-02   2.980979958483e-07  -1.290902353566e-02  -5.325510224577e-01  -9.231991969633e-01  -8.865076014171e-01  -5.994058908403e-01   3.588426876571e-01   7.654510496930e-01  -4.776408572805e-06  -5.122986523037e-01  -4.921129995866e-01  -2.353629423117e-01   2.419337954839e-02  -2.267204357408e-07  -6.099173557305e-01  -5.341757850425e-01   5.024828061608e-02  -6.033575072428e-07  -7.724190196730e-01  -8.729731835217e-01   5.966377139207e-02  -6.031597744489e-07  -6.104739909004e-01  -5.026402687192e-01   2.657331515029e-02  -2.551994440068e-07   6.190131485797e-02   5.630648309809e-07   2.061916324652e-01  -2.701970754308e-07  -3.440886367731e-01  -7.924431599408e-02  -2.178022104075e-01  -4.336395993357e-01  -4.448215613806e-01  -1.073561489714e-01  -1.088156808629e-01   2.143664519200e-05  -6.910553724888e-02  -2.009346477956e-01  -4.198370158617e-01  -4.410488845474e-01  -9.155766727652e-02   5.897786586173e-02   9.204495591457e-02  -6.910590810950e-02  -2.009346834774e-01  -4.198353825398e-01  -4.410478373525e-01  -9.156027564087e-02   5.894516162109e-02  -9.206393482337e-02
   2.555597298920e-03   5.501222053640e-04  -7.528504153765e-01   5.623730491891e-03  -6.347877750354e-08   2.358377617463e-02  -5.077788030561e-01  -2.325931900911e-02   1.146572632295e-07   1.854080902472e-01  -4.220744769763e-01  -2.509197572113e-02   4.297360661348e-07   2.496423117256e-01  -4.137847536690e-01  -5.038537149943e-03   4.144862825535e-07  -9.587955028948e-02   3.895823944828e-07  -4.508339213399e-02   7.003836792640e-07   1.476498860194e-01  -1.740101531232e-01  -5.796021010203e-02   1.034565082467e-01   1.415110382751e-01  -1.056873479450e-02   4.446334725626e-02  -2.402146019583e-07   1.301625244710e+00   1.226197350930e+00   2.549378824620e-01  -4.199086929770e-02   6.073322297487e-07   9.388739885369e-01   1.490565083853e-01  -3.006933744616e-02   1.117378869984e-06   6.166723410598e-01   4.270938486097e-03  -2.062040703980e-02   9.088660704370e-07   3.139868093869e-01  -3.154662988427e-02  -1.786435502483e-02   4.072077082563e-07   7.742807076041e-03  -3.480321025388e-06  -2.274041188568e-02  -2.101173663645e-07   2.340410199721e-02   1.904970004381e-01   3.617073459654e-01   3.782081248772e-01   2.474380258229e-01   1.377951786693e-01   2.363836129396e-01  -4.551238811922e-05   1.585211471497e-01   3.354181130199e-01   3.638566346119e-01   2.399465916895e-01   1.221468314807e-01  -1.229658899407e-01  -1.978072015319e-01   1.585248626319e-01   3.354211677606e-01   3.638591903533e-01   2.399481426479e-01   1.221520800168e-01  -1.228956984886e-01   1.978487935089e-01
  -5.279799832397e-03  -2.175571754274e-03   5.525552243704e-03  -7.779987024219e-01  -4.285602639498e-07  -5.500508741518e-02  -2.314675048572e-02  -4.956014986037e-01   1.954490990029e-07  -1.579734005722e-01  -2.509197572113e-02  -1.643181660073e-01   1.118683080345e-06  -1.485685530496e-01  -5.213733619474e-03  -1.681893477033e-01   9.266944275660e-07  -3.439166012411e-02   1.654978375824e-06   8.764474825366e-02   3.579532656122e-07   1.029140594278e-01  -3.980853722528e-01  -2.743012758276e-01  -2.098324316700e-01  -1.275692220078e-01   8.761011736507e-02   9.530347252263e-02  -7.467792025124e-07  -1.314241644262e-01  -1.237566297814e-01  -4.362235161826e-02  -1.637143070420e-01   6.116123225118e-07  -9.795999589148e-02  -4.738877589726e-02  -1.766982301599e-01   1.099154325749e-06  -1.027518716270e-01  -1.048906731819e-01  -1.571286534138e-01   1.090064591158e-06  -9.275470490811e-02  -8.657386854788e-02  -1.119398217415e-01   5.607209567892e-07  -7.786712768831e-03  -1.297316409022e-05  -9.659127378967e-03  -9.231458418429e-07  -2.163760311131e-02   8.177717653827e-02   6.905216530562e-02   3.791373352325e-03  -3.715764925486e-02   3.238623390917e-02   7.460120353850e-03  -9.594083606766e-06  -5.781375292084e-02  -8.411589733090e-02  -9.319085116194e-02  -8.285481448157e-02  -4.118506069324e-02  -1.185779302838e-02   5.089129722467e-02  -5.778676228758e-02  -8.408341089838e-02  -9.316840657374e-02  -8.284468430068e-02  -4.116991313820e-02  -1.188796726713e-02  -5.088084634471e-02
   4.021924504449e-08   1.138184722686e-08  -4.422363939171e-08  -3.814801404340e-07  -7.990187600988e-01   3.046234042310e-07   1.381956947672e-07   2.636656630947e-07  -4.236041456645e-01   9.359164011023e-07   4.297360661348e-07   1.118683080345e-06  -1.798869337144e-02   7.781746635721e-07   3.828177709671e-07   8.492926746514e-07  -8.441807466182e-02   4.316732835229e-07  -4.715601273746e-02  -2.464440910670e-07   3.456746327643e-02  -5.227827980824e-07   2.746929838351e-06   1.816378951956e-06   1.247383476766e-06   7.246391013360e-07  -5.486414939687e-07  -6.655318762039e-07  -4.543151653988e-02   6.468984623484e-07   6.114304455523e-07   2.326461029971e-07   3.809834767772e-07  -1.677469445277e-01   2.613555554628e-07   2.582482282735e-07   7.888838960461e-07  -1.761702095098e-01   2.491462703744e-07   6.671292747248e-07   8.246168820114e-07  -1.311789188281e-01   3.559860936082e-07   5.780579761247e-07   4.386474685812e-07  -8.833273822375e-02  -8.637958661239e-07  -2.179582239315e-02   9.832217111166e-06  -1.490224649514e-02   6.180497903199e-06  -1.749697495067e-05  -1.877757994676e-05  -1.039659190087e-05  -4.346946962303e-06  -9.789381415902e-06  -1.353108103805e-05  -4.440140650067e-02  -7.423620827399e-02  -8.610557426445e-02  -5.030425045364e-02  -2.155562642682e-02  -4.479071206100e-02   3.465742105927e-02   1.421500563451e-02   7.425171956705e-02   8.612280963805e-02   5.031427814421e-02   2.156044333844e-02   4.480070815602e-02  -3.464387857580e-02   1.423803162595e-02
  -1.596056175157e+00  -1.512513511690e+00  -5.980225086678e-03  -1.439903736384e-02   2.072361226206e-07  -1.414896274798e+00   4.212748682316e-02  -8.690006425497e-02   7.129396020845e-07  -1.045803254531e+00   2.496423117256e-01  -1.485685530496e-01   7.781746635721e-07  -7.001816882490e-01   2.770672531139e-01  -1.014627701426e-01   2.514028466358e-07  -3.304274306562e-02   5.808654625427e-07   6.093395161372e-02   2.248464186052e-07  -1.084154305168e-02  -3.964250694414e-01  -5.939266371820e-01  -5.737206662116e-01  -4.216679881442e-01   2.279678148188e-01   4.764907717951e-01  -2.963655400683e-06  -7.430885541148e-01  -7.065167183611e-01  -1.047828248902e-01   1.291000668469e-02  -4.146136971824e-07  -7.385098519606e-01  -2.640112365567e-01   2.658843478139e-02  -1.028041404387e-06  -7.327484803088e-01  -4.485625021809e-01   1.907349777695e-02  -8.913639150446e-07  -5.087646946521e-01  -2.401611519640e-01  -3.429401878157e-03  -3.134824212624e-07   3.212803446730e-02   7.901493775918e-07   1.148214913919e-01  -3.006399933962e-07  -1.872679811567e-01  -1.758788216538e-01  -3.094570409876e-01  -4.320936022655e-01  -3.808442431420e-01  -9.255912857951e-02  -1.774446934208e-01   3.352550527174e-05  -1.665472449310e-01  -3.001362612273e-01  -4.312565584465e-01  -3.846606015864e-01  -7.897735749225e-02   9.009460435479e-02   1.518645303372e-01  -1.665473318672e-01  -3.001352291963e-01  -4.312534636531e-01  -3.846586293025e-01  -7.898067033794e-02   9.004019863723e-02  -1.518952201921e-01
   6.700025074132e-04  -5.001549691504e-04  -2.897073686125e-01   6.000783444386e-04  -5.952704310597e-08  -8.269906927809e-04  -3.367173654507e-01  -1.200353551320e-02   2.873267700338e-08   1.421804655810e-01  -4.137847536690e-01  -5.213733619474e-03   3.828177709671e-07   2.770672531139e-01  -3.563069566609e-01   1.104332619375e-02   4.574549902923e-07  -3.969812336453e-02   1.517071766434e-07  -2.124260442812e-02   2.689178002219e-07   6.737512404851e-02  -1.167604698119e-01  -3.498768075527e-02   1.454489681491e-01   2.008210672454e-01  -2.793113932321e-02   6.580005402448e-02  -3.278672991366e-07   1.131307182356e+00   1.069618696655e+00  -2.496728268836e-03  -1.874660748369e-02   4.747199703033e-07   9.368270680958e-01  -3.807328278807e-02  -1.926428948499e-02   1.147154776299e-06   6.544438781173e-01  -1.051848434660e-01  -5.551024096513e-03   9.728586053654e-07   3.644935235173e-01  -4.460110986335e-02  -5.986198425150e-03   4.264400627214e-07   2.793114701771e-04  -3.236761019936e-06  -4.783825634071e-03   3.209705922970e-07  -7.113342365225e-03   2.877321838983e-01   4.176307320824e-01   4.165512815745e-01   2.932823294779e-01   9.649354273067e-02   2.772961822973e-01  -5.207845398000e-05   2.628524586478e-01   4.010606520200e-01   4.115245049596e-01   2.900704540467e-01   7.795542598248e-02  -1.368364362885e-01  -2.325415770200e-01   2.628562535768e-01   4.010628050000e-01   4.115254056629e-01   2.900711041157e-01   7.796131854314e-02  -1.367538005359e-01   2.325900881947e-01
  -1.999365519086e-03  -7.314495190952e-04   1.094083998377e-03  -3.149360292132e-01  -1.761131559914e-07  -2.076461656067e-02  -1.130564392824e-02  -3.437914396128e-01   1.257170373948e-07  -8.358502220618e-02  -5.038537149943e-03  -1.681893477033e-01   8.492926746514e-07  -1.014627701426e-01   1.104332619375e-02  -2.465936766677e-02   8.028584257886e-07  -1.312662801554e-02   7.088608672681e-07   3.769923861094e-02   8.707439676396e-08   4.423642277692e-02  -2.644702837310e-01  -1.694631655532e-01  -9.393326120577e-02  -7.779058463523e-02   8.700094024787e-02   9.119459626183e-02  -9.906670476206e-07  -1.141836157801e-01  -1.078696105702e-01  -1.707988046244e-02  -1.786808569041e-01   4.318089723157e-07  -9.446045366988e-02  -2.261516215924e-02  -2.197753810841e-01   7.211033586114e-07  -8.712361104513e-02  -4.880577708707e-02  -1.367049935416e-01   7.212021827401e-07  -7.627580094284e-02  -4.995479709453e-02  -4.217538083247e-02   3.923259037120e-07  -6.344936016662e-03  -2.787602859332e-05  -3.938563247533e-02  -1.675272909933e-06  -3.263408314512e-02   1.256308088920e-01   8.346833635244e-02  -7.659137853429e-03  -4.513098040000e-02   2.152857232401e-02   2.479311106676e-02  -1.158150029818e-05  -9.573653087850e-02  -1.007572998275e-01  -8.114086760626e-02  -6.570302470698e-02  -2.683311895248e-02  -4.931058153791e-03   5.982084684931e-02  -9.569126941602e-02  -1.007177437553e-01  -8.112325674952e-02  -6.569801724283e-02  -2.682429761520e-02  -4.965501765752e-03  -5.980855102454e-02
   9.485207830989e-09   1.081436223676e-09  -7.168629620580e-08  -9.850620785174e-08  -3.215760640526e-01   1.273248895109e-07   2.507331301383e-08   2.411293299456e-07  -3.088689805215e-01   3.687522387999e-07   4.144862825535e-07   9.266944275660e-07  -8.441807466182e-02   2.514028466358e-07   4.574549902923e-07   8.028584257886e-07   3.422776767013e-02   1.021592277353e-07  -1.880436220874e-02  -1.126302650601e-07   1.701102659069e-02  -2.257120779443e-07   1.810250182884e-06   8.784154669914e-07   2.105160929604e-08   1.239872060014e-07  -4.307960524541e-07  -9.607691435123e-07  -6.816725303577e-02   5.585239836318e-07   5.295735363935e-07   8.550448167387e-09   3.607240502996e-07  -1.796328265546e-01   1.479025118483e-07  -6.907069857423e-08   6.595301908000e-07  -2.177172912003e-01  -5.538991407618e-08   9.357483523041e-08   6.774975099417e-07  -1.170905258827e-01   3.688834813102e-08   2.076411333056e-07   3.721575142343e-07  -2.290876439760e-02  -1.588307236354e-06  -4.795170600840e-02   2.274318630513e-05  -1.230432624291e-02   1.396819124155e-05  -2.738683274952e-05  -2.236709677624e-05  -7.765694750399e-06  -1.599329381026e-06  -6.550970662184e-06  -1.625399334266e-05  -3.838409382109e-02  -1.250505812922e-01  -1.060775184882e-01  -3.960653191424e-02  -8.571561059817e-03  -2.713098832066e-02   3.782043453915e-02   2.772605329525e-02   1.250759736875e-01   1.060983638379e-01   3.961376304472e-02   8.573179524256e-03   2.713759587672e-02  -3.780405327271e-02   2.775329902649e-02
   1.202735525342e-04   8.460128626066e-04  -5.489115835853e-02  -1.391973816994e-02   3.579777153456e-07  -3.979227431189e-02  -1.213191559801e-01  -3.582370696548e-02   6.512227821723e-07  -4.971748323292e-02  -9.587955028948e-02  -3.439166012411e-02   4.316732835229e-07  -3.304274306562e-02  -3.969812336453e-02  -1.312662801554e-02   1.021592277353e-07   3.075896938987e+00   5.725046555050e-07   3.519172518551e-02   5.140995455065e-07   3.662699907835e-02  -3.087802038920e-02  -5.764675519866e-02  -4.902047925286e-02  -2.247242224428e-02  -2.026091173896e-03  -3.755565513432e-01   3.173938484588e-06   1.312314563050e-02   1.630626595588e-02   5.299196102894e-02   8.007662025224e-02  -2.742317583227e-07   2.882808749712e-02   1.269175705600e-02   5.141725278242e-02  -3.994192792724e-07   1.156106904220e-02  -1.092857768919e-02   2.451230908873e-02  -2.206517110773e-07  -8.679654265323e-03  -2.390129384916e-02   8.205350972161e-03  -6.046971809245e-08  -7.127654853630e-02   2.252381830000e-06   2.695089986574e-02   1.185029779811e-07  -5.264205323806e-02  -1.802686589888e-02  -2.892347482877e-02  -8.388542638745e-03  -8.427053551435e-03  -4.193431736537e-02  -1.391956331781e-02   6.118831863019e-06   8.579178394866e-03   2.453472818473e-02   1.073357619099e-02  -4.915004159645e-03   2.795758578864e-02  -2.886507096186e-04  -1.780129701766e-02   8.574684338380e-03   2.452463862066e-02   1.073016248910e-02  -4.915538727090e-03   2.794695901677e-02  -2.764536065713e-04   1.779682969561e-02
  -2.471999497164e-08  -5.683085584191e-08   1.536709801407e-07   1.043605486767e-06  -3.488907856503e-02   5.358173154017e-07   4.493943814836e-07   2.085132806673e-06  -7.001007304242e-02   8.149448421467e-07   3.895823944828e-07   1.654978375824e-06  -4.715601273746e-02   5.808654625427e-07   1.517071766434e-07   7.088608672681e-07  -1.880436220874e-02   5.725046555050e-07   3.159911176018e+00  -2.550399368054e-07  -1.289269953363e-02  -7.003651711027e-07   8.336362678277e-07   1.384617126547e-06   1.006992540287e-06   4.469556231665e-07   2.659142936407e-06   5.040945523341e-06   2.164149459076e-01   8.462468373852e-09   1.243540323168e-08  -1.092446475031e-08  -4.788451942354e-07  -9.717100901858e-03   7.768568453326e-08   3.875744053015e-08  -4.914428466183e-07  -9.612950558349e-03   2.570103295167e-07   4.592336168994e-07   2.593110298819e-08  -1.358838048830e-02   2.931043702474e-07   3.491504919846e-07   1.636938526221e-07  -7.682584737465e-03   2.410568928281e-07  -1.819510468678e-02   9.550726046573e-09  -3.586661071229e-04   6.197096459696e-08   7.558811592305e-07   1.652246193873e-06   5.171561201444e-08   8.063620726747e-09   4.315726952198e-06   9.697807523078e-07   4.541462140463e-03  -2.301398521787e-03  -8.208114753049e-03  -5.207990177542e-03  -1.972598740139e-03  -1.294453382257e-02   1.426347792714e-03   3.722984229660e-03   2.300966822423e-03   8.206582257880e-03   5.208249737103e-03   1.973188973020e-03   1.294178078449e-02  -1.422006293439e-03   3.724209295771e-03
  -1.169759369180e-03  -3.042084715750e-03  -2.116678492244e-02   4.772703994855e-02  -2.102667237483e-07   6.216739388132e-02  -4.625352016171e-02   1.071992021694e-01  -2.133486134071e-07   8.810483569276e-02  -4.508339213399e-02   8.764474825366e-02  -2.464440910670e-07   6.093395161372e-02  -2.124260442812e-02   3.769923861094e-02  -1.126302650601e-07   3.519172518551e-02  -2.550399368054e-07   3.139698516601e+00  -1.032279046557e-07   1.372433331379e-03   2.720357421422e-02   6.720925088646e-02   6.757210848320e-02   3.716750050835e-02   8.491480465242e-02   2.336647486863e-01  -3.980787381850e-06   3.750943503987e-02   4.611895589978e-02   1.106498770952e-01  -1.181047156649e-02   5.854759941382e-07   6.545193971280e-02  -9.430218945749e-03   5.027026277899e-03   5.633673335245e-07   5.967796349846e-02   5.367200784021e-02   1.119749276728e-02   2.799563494719e-07   3.825417732150e-02   2.608010760763e-02   9.370669533380e-03   4.190491938655e-08   4.006101503671e-02  -4.788639490480e-07   6.206437365862e-02  -3.628151050084e-07  -1.368969200860e-01   9.178852659856e-03   2.819237932338e-02   2.971118673874e-02   2.525753712134e-02   3.451061950134e-02   1.905473365302e-02  -5.912750311422e-06   2.418337523556e-03   1.817254489386e-02   3.207885766065e-02   2.810365676754e-02   1.396330478612e-02  -5.736085685952e-03  -1.416640503570e-02   2.417870520489e-03   1.816934260231e-02   3.207633286931e-02   2.810254495406e-02   1.395769033119e-02  -5.731187163291e-03   1.416662967086e-02
   7.753960876336e-09   3.112234600339e-09   4.921325711060e-07   2.152686128528e-07   1.823088927340e-02   2.065725696179e-07   9.832002308486e-07   4.965990579228e-07   4.217792309955e-02   2.980979958483e-07   7.003836792640e-07   3.579532656122e-07   3.456746327643e-02   2.248464186052e-07   2.689178002219e-07   8.707439676396e-08   1.701102659069e-02   5.140995455065e-07  -1.289269953363e-02  -1.032279046557e-07   3.147522594923e+00  -1.766627083037e-07   2.740276934838e-07   4.463769745839e-07   3.460743423715e-07   1.539939372042e-07   2.897896072373e-08   3.039590461323e-06   1.077961748104e-01  -6.710936774115e-08  -8.472015080844e-08  -3.038030992793e-07  -1.903482107161e-07   8.464765143330e-02  -1.877157014039e-07  -1.741986596535e-07  -2.988975359721e-07   5.273156800101e-02  -8.225461958448e-08   3.664017228537e-08  -1.737416666696e-07   3.528972997592e-02   6.341520695668e-08   1.623647038000e-07  -5.079084543971e-08   1.647267837016e-02   1.007737998908e-07   1.051394690614e-02  -1.673829642252e-06  -7.600640248057e-02  -7.842361901241e-07   3.328210914720e-06   6.825000128800e-06   2.947908413312e-06   8.739175108509e-07   1.005338289593e-05   6.499296654988e-06   1.574816652662e-02   1.186973142574e-02   2.872873484580e-02   1.313755866161e-02   3.724497844068e-03   3.368403587170e-02  -1.626468470130e-02  -1.132138920045e-02  -1.187248222270e-02  -2.873510526688e-02  -1.314043563993e-02  -3.725198377780e-03  -3.369263778575e-02   1.626001009996e-02  -1.133117513999e-02
   1.063505058055e-03   1.441205891296e-03   6.672527326579e-02   5.829347762403e-02  -3.663769040875e-07  -4.185478318406e-03   1.569440686053e-01   1.314781859727e-01  -6.494868996420e-07  -1.290902353566e-02   1.476498860194e-01   1.029140594278e-01  -5.227827980824e-07  -1.084154305168e-02   6.737512404851e-02   4.423642277692e-02  -2.257120779443e-07   3.662699907835e-02  -7.003651711027e-07   1.372433331379e-03  -1.766627083037e-07   3.052790829620e+00   4.395296685724e-02   6.687267963102e-02   3.157167610828e-02   3.696764943487e-03   2.948160522575e-01   1.856977747039e-01  -2.680703480480e-06  -6.367344978591e-02  -7.841907012527e-02  -1.889119966149e-01   3.484952667969e-02   1.284671778020e-07  -1.091758781159e-01   2.836026640137e-02   1.216466457976e-02   2.627872549101e-07  -6.804172694510e-02  -1.288812832382e-02   3.258646369773e-02  -2.213351431239e-09  -2.193384050917e-02   1.322632364000e-02   1.887775254862e-02  -5.703248552475e-08  -5.133777969222e-02   2.841486087060e-07  -1.440104899813e-01   2.350399703457e-07   2.251480548311e-01  -1.043282093323e-02  -4.200153941094e-02  -4.376701869360e-02  -2.026301893344e-02  -4.289535587015e-02  -3.360461413037e-02   6.215463651934e-06  -5.872317525319e-03  -3.237095220622e-02  -3.051816396982e-02  -1.381810550111e-02  -3.046665554943e-02   1.830851762879e-02   2.031201793748e-02  -5.873681756389e-03  -3.237545270186e-02  -3.052209037224e-02  -1.381976166505e-02  -3.047347198908e-02   1.830248349078e-02  -2.031971898340e-02
  -2.986963632140e-01  -2.988098381359e-01  -2.044542192922e-01  -4.668764128319e-01   3.137946056386e-06  -6.004562577449e-01  -2.212011287270e-01  -5.101121032091e-01   3.507084660250e-06  -5.325510224577e-01  -1.740101531232e-01  -3.980853722528e-01   2.746929838351e-06  -3.964250694414e-01  -1.167604698119e-01  -2.644702837310e-01   1.810250182884e-06  -3.087802038920e-02   8.336362678277e-07   2.720357421422e-02   2.740276934838e-07   4.395296685724e-02   4.261897703097e-01  -5.719395936561e-01  -5.003078884702e-01  -2.831686320436e-01   1.755228144412e-01   3.590136273319e-01  -1.881910291739e-06  -3.580504616339e-04   3.093515298145e-04   9.025024520936e-05  -2.595091823464e-03  -1.414221462853e-07  -3.465122647311e-02  -1.042361669264e-01  -4.246215546756e-02   1.504355170065e-07  -1.605066674508e-01  -3.149111314099e-01  -1.064347339887e-01   7.368235274447e-07  -1.969505011207e-01  -2.482143864967e-01  -8.612897329316e-02   6.422769437183e-07  -8.675497555120e-02   2.086399064445e-06   6.523554311317e-02   7.555045977889e-07  -8.954781794021e-02  -6.307006233853e-03  -5.465679447262e-03  -5.821387167856e-02  -1.190638904544e-01   6.130694169366e-03   1.528247306167e-04  -1.261059077815e-07   3.430970200729e-03  -1.566249424652e-02  -1.081088818590e-01  -1.521068418172e-01  -4.352468140882e-03  -3.044863931420e-05   1.439112026469e-03   3.429117398557e-03  -1.565708780812e-02  -1.080947108092e-01  -1.520986609199e-01  -4.348213574879e-03  -3.085827123833e-05  -1.438168736061e-03
  -1.499279315370e+00  -1.419251124976e+00  -1.827809641838e-01  -4.328856780463e-01   2.950075712372e-06  -1.286042930726e+00  -1.544545820306e-01  -4.384808030778e-01   3.096201720041e-06  -9.231991969633e-01  -5.796021010203e-02  -2.743012758276e-01   1.816378951956e-06  -5.939266371820e-01  -3.498768075527e-02  -1.694631655532e-01   8.784154669914e-07  -5.764675519866e-02   1.384617126547e-06   6.720925088646e-02   4.463769745839e-07   6.687267963102e-02  -5.719395936561e-01  -6.368248962790e-01  -5.838767631549e-01  -3.797460062066e-01   3.070183509940e-01   6.263884304770e-01  -3.584837787074e-06  -5.789002421756e-02  -5.831167195978e-02  -7.616410587829e-02  -3.120696472396e-02  -3.603366442960e-07  -1.760913354589e-01  -2.670354945624e-01  -5.604970938623e-02  -6.366581522592e-07  -3.386816228337e-01  -5.113344342810e-01  -6.874508877136e-02  -3.481147802687e-07  -3.193281152496e-01  -3.295674172179e-01  -5.612505597249e-02   5.372155085948e-08  -4.364822322667e-02  -6.955368904892e-07   1.111257777845e-01   5.092423967112e-07  -1.881023761992e-01  -4.963781933306e-03  -3.503891733834e-02  -1.565879815736e-01  -2.134728794638e-01  -9.398614427623e-03  -1.235577553229e-02   1.202301334718e-06  -1.842152469147e-02  -7.361302106269e-02  -2.017143036693e-01  -2.391285645495e-01  -4.312456730824e-02   2.954466799520e-03   2.696625367279e-02  -1.841477120824e-02  -7.360027939097e-02  -2.017014491683e-01  -2.391217808715e-01  -4.311414961725e-02   2.943562666565e-03  -2.696486701704e-02
  -1.320088442030e+00  -1.250955562250e+00  -6.825963571877e-02  -1.671079438931e-01   1.271091778874e-06  -1.190458312288e+00  -4.730906674190e-02  -2.467430379358e-01   1.858980762111e-06  -8.865076014171e-01   1.034565082467e-01  -2.098324316700e-01   1.247383476766e-06  -5.737206662116e-01   1.454489681491e-01  -9.393326120577e-02   2.105160929604e-08  -4.902047925286e-02   1.006992540287e-06   6.757210848320e-02   3.460743423715e-07   3.157167610828e-02  -5.003078884702e-01  -5.838767631549e-01  -4.903246454860e-01  -3.454435059285e-01   2.315822496366e-01   4.689900631841e-01  -2.778717981501e-06  -3.991567816963e-01  -3.812757150948e-01  -9.474362004250e-02  -4.818351219515e-02  -4.904821555779e-07  -4.431555003084e-01  -2.402645722474e-01  -5.370256296230e-02  -1.512000265372e-06  -5.030425530520e-01  -4.235390341081e-01  -3.797452666368e-02  -1.550949746112e-06  -3.776666062497e-01  -2.370548703824e-01  -2.215356183255e-02  -6.643659081705e-07   1.164264346783e-02  -7.413600015508e-06   8.667602573396e-02   1.194567495132e-08  -1.682861194345e-01  -5.365798883943e-02  -1.423702106016e-01  -2.714891613047e-01  -2.726432716139e-01  -4.726737450607e-02  -8.246301493186e-02   1.316014874322e-05  -1.091551760377e-01  -1.969658586058e-01  -3.022175955825e-01  -2.856966315700e-01  -6.037458241768e-02   4.175400434024e-02   9.410257511668e-02  -1.091390528204e-01  -1.969504862836e-01  -3.022079039853e-01  -2.856926749922e-01  -6.037264296446e-02   4.171579141603e-02  -9.411343737519e-02
  -7.567752477149e-01  -7.187648516351e-01  -2.333076750883e-02  -4.537395373683e-02   4.151695077291e-07  -7.374649621370e-01  -3.772964758477e-03  -9.686644981215e-02   7.855957166851e-07  -5.994058908403e-01   1.415110382751e-01  -1.275692220078e-01   7.246391013360e-07  -4.216679881442e-01   2.008210672454e-01  -7.779058463523e-02   1.239872060014e-07  -2.247242224428e-02   4.469556231665e-07   3.716750050835e-02   1.539939372042e-07   3.696764943487e-03  -2.831686320436e-01  -3.797460062066e-01  -3.454435059285e-01  -2.446167210760e-01   1.283237581485e-01   2.632908025137e-01  -1.608465736620e-06  -4.472022678410e-01  -4.274510826486e-01  -2.809621708328e-02  -2.434931949571e-02  -2.231738653521e-07  -4.832026340673e-01  -1.088649399772e-01  -2.970588593372e-02  -7.570482309643e-07  -4.800463853659e-01  -2.329073515599e-01  -2.391387236415e-02  -7.922076798418e-07  -3.224467287179e-01  -1.185361444464e-01  -1.165822279132e-02  -3.876058131092e-07   1.354169125046e-02  -4.819548331812e-06   4.311749463026e-02  -3.667261412633e-07  -8.604388751004e-02  -1.136084604215e-01  -1.997416308573e-01  -2.781935937371e-01  -2.401123432974e-01  -5.088320642633e-02  -1.161740074135e-01   2.042593075655e-05  -1.511211712739e-01  -2.325772686464e-01  -2.946154809643e-01  -2.458395539937e-01  -5.285908085252e-02   5.848940104469e-02   1.137238731305e-01  -1.511115354551e-01  -2.325680653413e-01  -2.946097643190e-01  -2.458376128972e-01  -5.285940544054e-02   5.844631827881e-02  -1.137423352630e-01
