ARMA_MAT_TXT_FN008
72 72
   3.184726625038e-01   2.841287281723e-01  -3.150028431677e-03   5.540876459382e-03  -6.113757896664e-08  -6.572453017799e-02  -3.373971386552e-03   6.123784366484e-03  -6.485425638474e-08  -5.916914823816e-02  -2.769142989674e-03   8.149236038829e-03  -8.511982524131e-08   2.987760223260e-03  -1.771029223134e-03   8.510695279049e-04  -2.838015121411e-09  -6.230503748843e-04  -4.135390770244e-09   4.523541631883e-04   1.153069274361e-09  -2.453637978070e-04  -7.151975704159e-03  -3.540959680633e-03   2.311702668629e-03   2.173246833168e-04   4.237129100638e-04   2.374297638920e-03  -2.077828898703e-08   6.505208767903e-04   9.655642139034e-04  -4.199683252096e-03   7.695761567882e-05   3.524778390311e-08  -1.636899136267e-03  -7.245029202820e-03   4.493006379363e-04   4.947900449377e-08   6.507672956912e-03   6.318915149402e-04  -4.017823525359e-05  -3.806496541275e-08  -9.284031524050e-03  -1.220695774412e-03   5.039952743473e-04  -1.093815932208e-07   1.084325409083e-03  -6.594608714512e-09   1.300824320967e-03  -7.537194755739e-09  -2.200367005876e-03   1.596158675653e-03   2.086411875568e-03   2.688754962666e-03   1.915181951086e-03  -6.351705216124e-05  -2.955935019866e-05   3.185484527671e-09   7.313425117487e-04  -5.637932107835e-04   2.734273822056e-04   1.135039489237e-03  -2.557881750502e-04   5.959445995111e-05   1.804068051316e-04   7.314900473505e-04  -5.633714412457e-04   2.736899027491e-04   1.135034587568e-03  -2.557795400983e-04   5.951757521267e-05  -1.804107140428e-04
   2.841287281723e-01   2.626742733193e-01  -4.960684886759e-03   8.842715805845e-03  -9.582486092329e-08  -1.125697241783e-01  -5.925749631946e-03   1.093538517848e-02  -1.142425451981e-07  -9.877314881051e-02  -4.727679163036e-03   1.383826177635e-02  -1.425850583085e-07   4.285024995180e-03  -2.903488822895e-03   1.459937950544e-03  -6.099456199500e-09  -1.029365125162e-03  -8.508643614489e-09   6.716714214474e-04   1.944055914122e-09  -3.913650735470e-04  -1.190659426435e-02  -5.764360889128e-03   4.042443451435e-03   3.363043836340e-04   7.091663378603e-04   3.993103150218e-03  -3.479550371671e-08   1.033691981155e-03   1.542619969750e-03  -7.008946272711e-03   1.201117418974e-04   5.984152752899e-08  -2.587049933679e-03  -1.219751134963e-02   7.355936083732e-04   8.888082975001e-08   1.110808469866e-02   1.113654302874e-03  -3.305746151187e-05  -6.514216504553e-08  -1.500503414436e-02  -1.958581042879e-03   7.730343309143e-04  -1.793041519185e-07   1.845120424361e-03  -1.191177530983e-08   2.191270738472e-03  -1.394857984659e-08  -3.724672847060e-03   2.720151494300e-03   3.611625911790e-03   4.522598359731e-03   3.055213971689e-03  -1.031774851075e-04  -5.374943688141e-05   5.716704750319e-09   1.239777420488e-03  -9.337750199613e-04   3.891914143150e-04   1.865900048363e-03  -4.207842995605e-04   9.410613617575e-05   3.078379640682e-04   1.240031594355e-03  -9.330474652432e-04   3.896439160199e-04   1.865878808334e-03  -4.207696364054e-04   9.397378622574e-05  -3.078404919212e-04
  -3.150028431677e-03  -4.960684886759e-03   5.286478256765e-02  -5.969386961635e-03   6.280810368650e-09   1.406952765567e-02   8.310449791110e-02  -9.291991997831e-03   1.063479900208e-08   1.968374280190e-02   5.985824126496e-02  -1.431565583850e-02   4.744174785413e-08   2.127292603985e-02   1.519192253332e-03  -4.426883952685e-05  -6.769250569394e-08   3.896500925162e-03   8.125578572681e-10   1.644349460603e-03  -3.786055927686e-08  -3.813774648859e-03   1.645209099604e-02   2.330255807607e-02  -2.308594701508e-03   3.098319438056e-03   3.054744592259e-03  -4.985684305886e-03   2.786917697407e-08   7.483376831056e-03   1.268008835789e-02  -3.049961309799e-02   2.274656038612e-03   7.544891624521e-08  -3.360079979652e-02  -5.646064661912e-02   3.570026805578e-03   5.113361347024e-08  -1.694515923174e-02  -2.582403273512e-02  -2.557537012619e-03   2.144776156931e-07  -1.484849439803e-02  -1.067825445381e-03  -9.710353984984e-05   1.941542445008e-07   4.722251854728e-04  -2.150527174347e-08   5.750451063736e-03   2.659903510532e-08  -9.566697934232e-03   2.900306887428e-03   1.834629614540e-03   3.370446970621e-03   3.322279180245e-03  -1.475052619150e-03  -8.163735138274e-04   1.926298248634e-07   4.100588562066e-03   6.451111914923e-03   8.697519396266e-03   1.427314762132e-03  -1.311260310253e-03   5.935112154815e-04   3.758726869981e-04   4.100350721661e-03   6.450052285501e-03   8.696762294676e-03   1.427976468240e-03  -1.311319495691e-03   5.934527318279e-04  -3.761270493867e-04
   5.540876459382e-03   8.842715805845e-03  -5.969386961635e-03   6.260068490717e-02   2.231564792494e-07  -2.639170040326e-02  -9.289346000733e-03   9.622414321450e-02   3.512085878714e-07  -5.364431687857e-02  -1.433183736166e-02   7.288633319657e-02   4.828650265012e-07  -1.197186065276e-02  -5.769456995970e-03   6.936103964078e-03   2.158590413356e-07  -5.428661703398e-04  -8.366213146278e-08  -3.147882941712e-03  -1.996463607043e-08  -3.948601111065e-03   3.908633689935e-02   6.056692299028e-02   1.457204460366e-02   2.783232442192e-03  -7.747116690549e-03  -5.816875317662e-03   4.605624962084e-08  -1.036557312691e-03  -1.762796606710e-03   4.204664448805e-03  -1.655644665493e-03  -6.553138781433e-08   4.525402549614e-03   8.694202080708e-03   3.444618342787e-05  -4.861007678160e-08   3.720884381965e-03   5.424451709111e-03   8.805970934765e-05  -6.048101785603e-07  -7.912675044516e-04  -1.557808540731e-03   1.058006652943e-03  -5.742285652231e-07   6.766389119976e-03  -1.636564184000e-07  -1.276355325784e-03   1.206493961131e-08   1.894382369043e-03   4.370598664183e-03   1.341289156461e-02   1.093914370404e-02   9.699006592398e-04   1.013008149763e-03   8.321440764970e-04  -2.290002616714e-07  -2.966984498351e-03  -7.695804888164e-03  -7.806763459128e-03  -1.495499106622e-03  -1.622542400950e-04  -3.631800062506e-04   3.301592253428e-04  -2.965289259059e-03  -7.691393226495e-03  -7.803918013569e-03  -1.495795047977e-03  -1.621134538333e-04  -3.634805055733e-04  -3.298703540314e-04
  -6.113757896664e-08  -9.582486092329e-08   6.280810368650e-09   2.231564792494e-07   8.399332036133e-02   2.353912336469e-07   3.151566472546e-08   3.854614391377e-07   1.302588905806e-01   1.008223522047e-06   9.183802460103e-08   8.401774294858e-07   1.234984349623e-01  -6.834994776498e-08  -5.424761832114e-07  -1.230744509552e-07   2.363942398881e-02  -1.975140393266e-08   3.928339325953e-03   4.579139733475e-09  -2.439715727038e-03   9.641354002500e-09  -2.674292822684e-07  -1.303329950994e-06   1.345121201467e-06   5.589450035452e-07   1.359505749734e-07   1.446210900783e-07   9.158481350327e-03   1.550722171266e-08   2.575025711556e-08  -3.112980683156e-08   6.882019276782e-08  -1.071148770275e-03   1.130839879943e-08  -9.571975517207e-08   1.723315190477e-07   1.669318588227e-03  -9.371624853149e-07  -1.824708259568e-07  -7.295991359334e-07  -5.407789702900e-03  -2.522354113823e-06  -4.539061551798e-07  -2.730574011939e-06  -4.134858797724e-03  -1.011445354990e-08  -1.397175640701e-03   3.621762957852e-07   9.953162499955e-03   2.204994196203e-07  -1.317945427560e-06  -3.304085214885e-06  -4.808295630954e-06  -2.026694451288e-06  -1.740150337706e-07  -2.032025976751e-07  -3.121502075977e-04  -6.361318533218e-03  -1.693967268431e-02  -1.381470552254e-02   2.685162303882e-03  -6.663237580271e-04   3.905560190761e-04   3.803095934454e-04   6.362587134687e-03   1.694315193634e-02   1.382061526050e-02  -2.682264966324e-03   6.665548302540e-04  -3.903201002433e-04   3.806988710398e-04
  -6.572453017799e-02  -1.125697241783e-01   1.406952765567e-02  -2.639170040326e-02   2.353912336469e-07   3.303276922408e-01   1.908209605792e-02  -3.702460996601e-02   3.142793664308e-07   2.836148328243e-01   1.494831924688e-02  -4.301158196586e-02   3.724468190605e-07  -9.276154738066e-03   8.301376166734e-03  -4.501868335950e-03   5.773013016150e-09   2.973952438962e-03   3.160149229773e-08  -1.518348415613e-03  -5.509120011512e-09   1.154447494434e-03   3.253231295382e-02   1.397572756090e-02  -1.265983619772e-02  -9.272128439662e-04  -1.697858232476e-03  -1.129952822814e-02   9.642066296598e-08  -2.427897558325e-03  -3.542237656137e-03   1.964746640145e-02  -3.964102613831e-04  -1.574647629047e-07   5.161232550829e-03   3.435258589398e-02  -2.278193681335e-03  -2.498263616381e-07  -3.352967117841e-02  -3.704736515063e-03  -2.263271648488e-04   2.333370759549e-07   4.093232461850e-02   5.375672118586e-03  -2.038799900477e-03   5.271893757317e-07  -5.598925095079e-03   3.236359722064e-08  -6.221500479536e-03   4.039475493209e-08   1.060415332310e-02  -8.204064517047e-03  -1.136661076938e-02  -1.329094225412e-02  -8.235989164528e-03   2.234344313057e-04   7.662267401757e-05   1.482065020971e-09  -3.786073324038e-03   2.481559127377e-03  -5.477292225674e-04  -5.151553368589e-03   1.156760513279e-03  -2.044628225168e-04  -8.414775053129e-04  -3.786866291608e-03   2.479272502058e-03  -5.491648560381e-04  -5.151427702164e-03   1.156712308251e-03  -2.040874351575e-04   8.414507661068e-04
  -3.373971386552e-03  -5.925749631946e-03   8.310449791110e-02  -9.289346000733e-03   3.151566472546e-08   1.908209605792e-02   1.306929394105e-01  -1.449975662950e-02   5.074691055658e-08   2.853209336204e-02   9.403473027827e-02  -2.229142514199e-02   1.066874870721e-07   3.380786891941e-02   2.250879001527e-03  -4.162712406229e-05  -9.993016350468e-08   6.107594652896e-03   2.406959700379e-09   2.620693711180e-03  -5.989894047752e-08  -6.023135065740e-03   2.549411881896e-02   3.638632005456e-02  -3.588762557009e-03   4.921440670656e-03   4.840877018931e-03  -7.725546656790e-03   4.544555898404e-08   1.200693936801e-02   2.051502115935e-02  -4.789270545460e-02   3.638929549375e-03   1.129835357576e-07  -5.474615762126e-02  -8.877939144451e-02   5.721894980808e-03   7.224375414058e-08  -2.757666223963e-02  -4.038410575624e-02  -3.987771993134e-03   3.319966774157e-07  -2.406299188255e-02  -1.752112360780e-03  -1.378946900122e-04   3.026314529850e-07   7.660199832855e-04  -2.961973302945e-08   9.098093586301e-03   4.520369457968e-08  -1.511191687048e-02   4.149062673775e-03   2.261539504721e-03   5.367055454930e-03   5.333841906809e-03  -2.348014896302e-03  -1.384041648783e-03   3.217930083827e-07   6.092971556476e-03   9.573560841746e-03   1.374206724456e-02   2.321585786308e-03  -2.089218456383e-03   9.842457007023e-04   6.753046051483e-04   6.092596433086e-03   9.571903542055e-03   1.374088546612e-02   2.322630698242e-03  -2.089312500929e-03   9.841237911973e-04  -6.757227937612e-04
   6.123784366484e-03   1.093538517848e-02  -9.291991997831e-03   9.622414321450e-02   3.854614391377e-07  -3.702460996601e-02  -1.449975662950e-02   1.479649457755e-01   6.042554841094e-07  -7.951947843253e-02  -2.220458403301e-02   1.118941063624e-01   8.115914799987e-07  -1.861894824026e-02  -8.826600328125e-03   1.054490352053e-02   3.539237606569e-07  -8.457872481269e-04  -1.262282671270e-07  -4.875922084247e-03  -3.000943656150e-08  -6.059166490759e-03   6.051565473822e-02   9.332024263145e-02   2.230918012393e-02   4.286761475683e-03  -1.197946388811e-02  -9.065180798597e-03   7.728166810089e-08  -1.654081998555e-03  -2.809028138613e-03   6.891957905442e-03  -2.010381208815e-03  -1.444193281985e-07   7.173237495391e-03   1.412478314911e-02   8.936709916156e-04  -1.421266211950e-07   5.433558840913e-03   8.505236697875e-03   7.246660478143e-04  -9.795355872285e-07  -7.507788987750e-04  -2.348501334993e-03   1.607481671681e-03  -8.840965628140e-07   1.030675451458e-02  -2.142770850308e-07  -1.997614829700e-03   3.006792182260e-08   3.121676443326e-03   6.158361050195e-03   1.979541086465e-02   1.644049113592e-02   1.333485017568e-03   1.549142315027e-03   1.241441727247e-03  -3.418208300595e-07  -4.411958793619e-03  -1.151498616833e-02  -1.193268612478e-02  -2.337125603396e-03  -2.191159921206e-04  -5.505290464602e-04   4.664120420024e-04  -4.409435724245e-03  -1.150833392297e-02  -1.192835839957e-02  -2.337595420754e-03  -2.189029741964e-04  -5.509705582654e-04  -4.659770638340e-04
  -6.485425638474e-08  -1.142425451981e-07   1.063479900208e-08   3.512085878714e-07   1.302588905806e-01   3.142793664308e-07   5.074691055658e-08   6.042554841094e-07   2.020179042715e-01   1.512106594192e-06   1.444246948754e-07   1.308451345096e-06   1.914421334056e-01  -1.250006534435e-07  -8.434434253010e-07  -1.941846326249e-07   3.655539781277e-02  -3.024450085876e-08   6.096468066888e-03   6.664694202862e-09  -3.807896138127e-03   1.421177982292e-08  -4.160041602841e-07  -2.011937143213e-06   2.107448672477e-06   8.675516387276e-07   2.090126855191e-07   2.250636354490e-07   1.420167207726e-02   2.557321619006e-08   4.291263777104e-08  -5.113382895833e-08   9.545488920704e-08  -1.069013616666e-03   8.693141949336e-09  -1.529176499250e-07   2.492391526727e-07   3.524970766474e-03  -1.454910998321e-06  -2.784877169941e-07  -1.152321281274e-06  -7.819540271111e-03  -3.919845916607e-06  -7.050163251655e-07  -4.242366788978e-06  -6.421595676822e-03  -1.064901624205e-08  -2.076084165801e-03   5.219890592177e-07   1.537820333388e-02   3.161445658672e-07  -1.944129860220e-06  -4.965556575684e-06  -7.399279877383e-06  -3.135244519918e-06  -2.653034814114e-07  -2.992831438158e-07  -4.492416038615e-04  -9.431777415738e-03  -2.556284756814e-02  -2.113370993823e-02   4.220538691118e-03  -1.013152278903e-03   5.715396532824e-04   5.602923545570e-04   9.433647921767e-03   2.556809187027e-02   2.114282710163e-02  -4.216050227273e-03   1.013506120019e-03  -5.711904325382e-04   5.608696340180e-04
  -5.916914823816e-02  -9.877314881051e-02   1.968374280190e-02  -5.364431687857e-02   1.008223522047e-06   2.836148328243e-01   2.853209336204e-02  -7.951947843253e-02   1.512106594192e-06   2.608531054550e-01   2.479830944081e-02  -7.337385938304e-02   1.494382400733e-06   1.972701314499e-03   9.276913766067e-03  -7.696106869404e-03   2.402491915733e-07   2.946556027910e-03   1.137741986855e-07   5.805308535855e-04  -5.825519978970e-09   2.436111517780e-03   8.218769704127e-03  -1.751489604860e-02  -1.823391136826e-02  -1.495167503016e-03   2.792083082290e-03  -6.711929101859e-03   1.654725431853e-07   1.816913311036e-03   3.360944537356e-03   1.293011685259e-02   4.129782480656e-03  -5.524955056362e-07  -1.170351629396e-02   2.096182579610e-02   3.861928588520e-03  -8.737057559499e-07  -3.776835355214e-02  -6.534964444886e-03   2.958034535554e-03   2.115627832266e-09   3.018017366514e-02   4.848665102635e-03  -2.218231513174e-03   6.941128791772e-07  -8.331665639058e-03   3.018834422553e-07  -3.573329954834e-03   1.987018772508e-07   7.242868133126e-03  -1.399360255395e-02  -2.399252779551e-02  -1.765583830502e-02  -7.001528695067e-03  -7.185372230994e-04  -1.242995708831e-03   2.927923268285e-07  -2.244603596954e-03   5.202821788836e-03   5.330143582994e-03  -2.986964022420e-03   8.778491478277e-04   4.244063510316e-04  -5.531374551974e-04  -2.246253095598e-03   5.198590140780e-03   5.327597191882e-03  -2.986693829429e-03   8.777282337005e-04   4.247730531210e-04   5.528071387344e-04
  -2.769142989674e-03  -4.727679163036e-03   5.985824126496e-02  -1.433183736166e-02   9.183802460103e-08   1.494831924688e-02   9.403473027827e-02  -2.220458403301e-02   1.444246948754e-07   2.479830944081e-02   6.920835610991e-02  -2.486834978924e-02   1.479574246739e-07   2.458395469442e-02   2.673650183208e-03  -9.981073517273e-04  -7.789248218640e-08   4.370022196920e-03   1.758219077996e-08   2.218537964308e-03  -4.665987920077e-08  -3.709850514146e-03   1.305982888772e-02   1.825520817238e-02  -4.114581985470e-03   2.956802792057e-03   4.440131878376e-03  -4.712880337167e-03   3.822240574196e-08   6.453419631201e-03   1.105514011998e-02  -3.649025593526e-02   3.187558052300e-03   1.773974038758e-07  -2.965649265110e-02  -6.697881147479e-02   4.694491727378e-03   2.008136633656e-07  -1.317052680416e-02  -3.073504074026e-02  -2.363286032641e-03   3.614406599361e-07  -1.570252038616e-02  -9.707943544659e-04  -2.069830223096e-04   2.652683418979e-07  -2.583168166593e-04   3.279966316111e-08   6.852317969227e-03   3.577978182703e-08  -1.132198059086e-02   4.591622173445e-03   3.025565938216e-03   2.443079193587e-03   3.514129144122e-03  -1.708302411539e-03  -6.094088616550e-04   1.769680152312e-07   7.262713611237e-03   1.140599606359e-02   1.080487548111e-02   1.789279577255e-03  -1.381311653599e-03   5.026979786917e-04  -1.866907816051e-05   7.262048640266e-03   1.140396728856e-02   1.080357827498e-02   1.789995130973e-03  -1.381398628351e-03   5.028272439821e-04   1.841013148539e-05
   8.149236038829e-03   1.383826177635e-02  -1.431565583850e-02   7.288633319657e-02   8.401774294858e-07  -4.301158196586e-02  -2.229142514199e-02   1.118941063624e-01   1.308451345096e-06  -7.337385938304e-02  -2.486834978924e-02   8.647555959259e-02   1.424653071500e-06  -1.626660532042e-02  -6.984303064067e-03   8.547397637456e-03   4.362440146716e-07  -1.111722716964e-03  -7.412295687822e-08  -3.753880105991e-03  -2.862511412526e-08  -4.011480287934e-03   4.129771078113e-02   6.576646630373e-02   1.739879556287e-02   2.694901388327e-03  -9.144624297670e-03  -5.598008054758e-03   1.055261964000e-07  -1.836223414978e-03  -3.167712501875e-03   8.165488825934e-03  -5.031449995502e-03  -2.483435675659e-07   8.485872262728e-03   1.620448232217e-02  -4.892729937783e-03  -2.946003571891e-07   6.908450480281e-03   9.569357526702e-03  -2.530850418787e-03  -8.772433924893e-07  -1.166650369176e-04  -1.752864438570e-03   1.284884848989e-03  -7.083364645387e-07   8.113389648106e-03  -4.458718133222e-07  -2.370703872692e-03   8.159644533449e-08   2.920012625465e-03   7.014846622274e-03   1.882138079185e-02   1.374024365716e-02   1.219540918306e-03   1.442445816829e-03   1.232910088959e-03  -3.624605637171e-07  -5.202211942316e-03  -1.186614850198e-02  -1.078067693965e-02  -1.878834824973e-03  -1.172558518993e-04  -5.318717220158e-04   5.621327441789e-04  -5.199143198134e-03  -1.185905536457e-02  -1.077643260828e-02  -1.879180350221e-03  -1.170298836291e-04  -5.323736665682e-04  -5.616777325737e-04
  -8.511982524131e-08  -1.425850583085e-07   4.744174785413e-08   4.828650265012e-07   1.234984349623e-01   3.724468190605e-07   1.066874870721e-07   8.115914799987e-07   1.914421334056e-01   1.494382400733e-06   1.479574246739e-07   1.424653071500e-06   1.823165561273e-01   7.692106428555e-08  -8.017464460050e-07  -1.208952337050e-07   3.569450226168e-02  -3.013121655065e-08   5.737664458497e-03   5.848523192222e-09  -3.370628121617e-03   2.441037855033e-09  -2.806539737745e-07  -1.801567920138e-06   1.840497473614e-06   8.282545341608e-07   2.006311276546e-07   1.939945580922e-07   1.347961915849e-02   2.074075080319e-08   3.361517758718e-08  -7.510986061235e-08   1.685849046795e-07  -6.846984737093e-03   3.252992776118e-08  -1.981421111831e-07   3.709370071102e-07  -5.880286479904e-03  -1.355057692190e-06  -3.281668643791e-07  -9.241047609017e-07  -1.299931798064e-02  -3.707026117852e-06  -6.693750916680e-07  -3.940844457170e-06  -5.998117630887e-03  -3.009557291505e-08  -2.861749421559e-03   8.936600721421e-07   1.514557607868e-02   5.316290661229e-07  -2.777907149194e-06  -6.179870947324e-06  -7.516215419281e-06  -3.028879050779e-06  -2.950159689990e-07  -4.372172527752e-07  -7.692297847028e-04  -1.321292942866e-02  -3.120706076604e-02  -2.289841833101e-02   3.446634136646e-03  -1.159559361225e-03   8.782410264934e-04   8.218421604666e-04   1.321562538832e-02   3.121343968503e-02   2.290749906545e-02  -3.442327372815e-03   1.159930098872e-03  -8.777463667759e-04   8.226394252905e-04
   2.987760223260e-03   4.285024995180e-03   2.127292603985e-02  -1.197186065276e-02  -6.834994776498e-08  -9.276154738066e-03   3.380786891941e-02  -1.861894824026e-02  -1.250006534435e-07   1.972701314499e-03   2.458395469442e-02  -1.626660532042e-02   7.692106428555e-08   1.337857236292e-02   2.927392094200e-04  -1.396123456564e-03   1.757247080415e-07   1.368633231834e-03   7.826810681108e-09   1.415941726708e-03   4.648166496315e-08  -1.071709450933e-03  -2.537605850133e-03  -3.018726029152e-03  -3.272437605577e-03   1.305805196636e-03   2.659913286654e-03  -2.247423442507e-04   2.319801011275e-09   7.930076892974e-03   1.294219136618e-02  -1.063442973934e-02   4.175167982029e-03  -1.324001712904e-06  -3.264712967069e-02  -2.119801778722e-02   6.231287249801e-03  -2.132203130693e-06  -1.767225572117e-02  -8.243204674571e-03   1.889847804233e-03  -1.132448353609e-06  -1.151895175282e-02  -7.618001694907e-04  -1.301133054471e-04   1.764160977010e-07  -1.091500396970e-03   6.029859875463e-08   3.012047035884e-03   1.502828106481e-07  -4.072159636605e-03  -6.107633265904e-03  -1.135935434113e-02  -1.343309078253e-03   1.686050669768e-03  -1.093196679094e-03  -1.652339801979e-03   2.880516476517e-07  -7.304814416120e-04  -5.017324976751e-04   5.807533995132e-03   1.510671092837e-03  -6.547478371028e-04   8.527529545438e-04   7.758344964493e-04  -7.296546557683e-04  -5.008577418718e-04   5.807600948701e-03   1.511206662899e-03  -6.547503209388e-04   8.524379788350e-04  -7.761019399031e-04
  -1.771029223134e-03  -2.903488822895e-03   1.519192253332e-03  -5.769456995970e-03  -5.424761832114e-07   8.301376166734e-03   2.250879001527e-03  -8.826600328125e-03  -8.434434253010e-07   9.276913766067e-03   2.673650183208e-03  -6.984303064067e-03  -8.017464460050e-07   2.927392094200e-04   9.754090190168e-04  -4.712548223854e-04  -1.589026646378e-07   2.022110834433e-04  -1.985790658398e-08   2.171368554035e-04   1.844461536215e-08   3.658452134662e-04  -2.353621603522e-03  -4.171141801603e-03  -1.275834561632e-03  -4.031147017152e-04   6.747641232045e-04   1.880797988990e-04  -6.080464971605e-08  -1.568945750950e-03  -2.484044252317e-03  -1.740216603741e-03  -1.138608120233e-03  -4.742695807629e-08   6.031031062487e-03  -2.778427609175e-03  -2.057601517269e-03  -1.009986743883e-07   3.432371200607e-03  -1.958885791763e-03  -1.343817842973e-03   3.733501969567e-08   1.847282863413e-03   3.255173228423e-04  -1.167921778373e-04   8.569962678296e-08  -4.841812778386e-04  -9.628366838582e-08   7.708248102466e-06  -6.263824917372e-08  -3.837776265054e-04   2.308778489492e-03   2.854064802522e-03  -4.380582177798e-04  -1.787968651385e-04   2.279215840273e-05   3.762075365975e-04  -7.888989116121e-08   1.326007750429e-03   2.261884567948e-03   3.691625268959e-04  -9.721969010284e-05   4.574257502589e-05  -1.718757132290e-04  -2.637105655300e-04   1.326218719154e-03   2.261970695042e-03   3.690141087962e-04  -9.711886658408e-05   4.574604255609e-05  -1.717928837681e-04   2.637836638300e-04
   8.510695279049e-04   1.459937950544e-03  -4.426883952685e-05   6.936103964078e-03  -1.230744509552e-07  -4.501868335950e-03  -4.162712406229e-05   1.054490352053e-02  -1.941846326249e-07  -7.696106869404e-03  -9.981073517273e-04   8.547397637456e-03  -1.208952337050e-07  -1.396123456564e-03  -4.712548223854e-04   1.955745696739e-03   1.257704854952e-08   2.687007558920e-04  -2.929093898612e-08  -3.333816747085e-04   1.516483148357e-08  -4.558600511746e-04   4.633808738310e-03   7.955596633934e-03   1.873769678905e-03   1.175453844694e-04  -7.587054905392e-04  -7.070236822365e-04  -2.225625927992e-08   2.800886010801e-04   4.613535212510e-04  -3.043906873235e-04  -6.869324153075e-03  -3.626380518213e-07  -1.112463069170e-03  -3.985505047302e-04  -1.059258846240e-02  -5.681899308239e-07  -5.334646794732e-04  -2.774497301248e-04  -7.018370992037e-03  -3.078441178353e-07   1.012028219998e-04  -6.574484771762e-05   1.277427748064e-04  -1.608501694258e-08   1.471194586184e-03  -6.054279932196e-07  -8.655286596771e-04  -1.249018224711e-08  -3.693149102487e-04   5.909529987838e-03   1.002196192510e-02   4.384506764540e-03   8.396847998589e-04   3.404154141798e-04   5.624751235201e-04  -2.059316590013e-07  -3.289381596762e-03  -5.483461811798e-03  -2.532644857916e-03  -5.072489609021e-04  -1.930650447917e-04  -1.694964474216e-04   4.851075048706e-04  -3.286911061454e-03  -5.479282098518e-03  -2.530842842728e-03  -5.069854554719e-04  -1.929428338778e-04  -1.698627951249e-04  -4.848689091876e-04
  -2.838015121411e-09  -6.099456199500e-09  -6.769250569394e-08   2.158590413356e-07   2.363942398881e-02   5.773013016150e-09  -9.993016350468e-08   3.539237606569e-07   3.655539781277e-02   2.402491915733e-07  -7.789248218640e-08   4.362440146716e-07   3.569450226168e-02   1.757247080415e-07  -1.589026646378e-07   1.257704854952e-08   7.851042636345e-03  -2.202682435754e-08   1.056603708410e-03   1.319433107103e-10  -4.096541170101e-04   1.393315916742e-10  -2.463280574390e-08  -3.614860819542e-07   1.930173030622e-07   1.591042592480e-07   4.002262553878e-08   3.862662049469e-08   2.594956950984e-03  -3.544863291211e-08  -5.876784008494e-08   8.345067379983e-09   2.360571363343e-07  -7.044169760863e-03   1.765361953777e-07   3.906929553761e-09   4.035081529420e-07  -1.018995325017e-02  -1.321877851778e-07  -7.062046213151e-08   1.304658739025e-07  -7.978221343039e-03  -6.863165740929e-07  -1.298796379280e-07  -6.741388281965e-07  -1.059476600177e-03  -4.243551815454e-08  -1.425895783002e-03   5.710767058499e-07   3.454906465194e-03   3.505231177101e-07  -1.546109216069e-06  -2.782905585534e-06  -2.000319380180e-06  -6.533095043130e-07  -1.011315062526e-07  -2.398086320336e-07  -4.846667780681e-04  -6.726609954274e-03  -1.282494218543e-02  -7.195620725627e-03   1.143876122890e-04  -4.175330284135e-04   4.987127462510e-04   4.429529598760e-04   6.728168329949e-03   1.282775051831e-02   7.197832023126e-03  -1.134987983037e-04   4.176504662252e-04  -4.984567182327e-04   4.433748968550e-04
  -6.230503748843e-04  -1.029365125162e-03   3.896500925162e-03  -5.428661703398e-04  -1.975140393266e-08   2.973952438962e-03   6.107594652896e-03  -8.457872481269e-04  -3.024450085876e-08   2.946556027910e-03   4.370022196920e-03  -1.111722716964e-03  -3.013121655065e-08   1.368633231834e-03   2.022110834433e-04   2.687007558920e-04  -2.202682435754e-08   3.724274411269e-04  -3.343444691014e-09   1.029227435930e-04  -3.133783681394e-09  -2.629606582550e-04   1.488131797278e-03   2.081843408340e-03  -1.725017109137e-04   1.615999371275e-04   2.153942855533e-04  -4.481775261429e-04  -2.834409504769e-09   5.628791032673e-04   9.830999344689e-04  -2.147806682615e-03  -1.525451588138e-03   2.146515975142e-08  -2.676524520791e-03  -3.973495982478e-03  -2.429560475374e-03   2.963967972105e-08  -1.646159787508e-03  -2.022786815986e-03  -1.941436833229e-03   5.680742494244e-08  -6.758911454918e-04  -8.836553801908e-06  -1.796471489640e-05   2.622063057509e-08   1.792335512127e-04  -1.326644012428e-07   1.677656560338e-04  -9.913705298679e-09  -7.251088331727e-04   1.506019162742e-03   2.199178053024e-03   9.416974868184e-04   3.531958060213e-04  -4.175015236298e-05   6.325611227211e-05  -2.603852648341e-08  -4.903403235872e-04  -7.057464147700e-04   1.692902475532e-04  -2.666049736914e-05  -1.259704620533e-04   6.543780189737e-06   1.324890755445e-04  -4.899422486697e-04  -7.051550543947e-04   1.695035047808e-04  -2.656119601860e-05  -1.259550548329e-04   6.470853665285e-06  -1.324651707823e-04
  -4.135390770244e-09  -8.508643614489e-09   8.125578572681e-10  -8.366213146278e-08   3.928339325953e-03   3.160149229773e-08   2.406959700379e-09  -1.262282671270e-07   6.096468066888e-03   1.137741986855e-07   1.758219077996e-08  -7.412295687822e-08   5.737664458497e-03   7.826810681108e-09  -1.985790658398e-08  -2.929093898612e-08   1.056603708410e-03  -3.343444691014e-09   1.857318489758e-04   4.805209963544e-09  -1.254362030325e-04   6.492919902340e-09  -7.902589492756e-08  -1.649338856043e-07   4.794373133028e-08   2.410713565305e-08   1.652508015518e-08   1.747367619884e-08   4.276290452909e-04   2.140189416285e-09   3.560741330276e-09   1.205435776584e-09   6.459604226596e-08   2.257437326721e-04  -5.988732906840e-09  -2.104020821947e-09   1.011768488690e-07   5.141601880451e-04  -4.765907459482e-08  -3.278160470219e-09   2.350510207653e-08   1.120111512182e-05  -1.249534210718e-07  -2.060729275693e-08  -1.330018280617e-07  -1.976509806637e-04  -1.551023464913e-08  -2.309938756148e-05   7.139083741965e-09   4.387656170537e-04   1.390932673135e-09  -7.699580661116e-08  -1.876776384836e-07  -2.454329795977e-07  -9.937273582480e-08  -9.847070757366e-09  -8.533227961667e-09   1.634329226136e-06  -9.554469743714e-05  -4.625852848863e-04  -5.107706416785e-04   1.518271199134e-04  -2.175265280464e-05   2.362919941787e-06   4.040235755088e-06   9.561884413525e-05   4.627809838102e-04   5.110804062624e-04  -1.516821648170e-04   2.176507216116e-05  -2.355435012289e-06   4.054647644478e-06
   4.523541631883e-04   6.716714214474e-04   1.644349460603e-03  -3.147882941712e-03   4.579139733475e-09  -1.518348415613e-03   2.620693711180e-03  -4.875922084247e-03   6.664694202862e-09   5.805308535855e-04   2.218537964308e-03  -3.753880105991e-03   5.848523192222e-09   1.415941726708e-03   2.171368554035e-04  -3.333816747085e-04   1.319433107103e-10   1.029227435930e-04   4.805209963544e-09   2.295449247990e-04   1.402605339219e-09   7.736256747896e-05  -1.897873591264e-03  -2.657440797705e-03  -7.184317203444e-04  -2.358227116910e-05   5.017076880963e-04   2.769466093155e-04  -3.096133461912e-10   4.427018428016e-04   7.864807322911e-04  -1.094361436261e-03   2.833980710788e-04  -3.871748123675e-08  -2.130497214285e-03  -2.125605208383e-03   3.270092536364e-04  -6.527856916219e-08  -9.445822102782e-04  -8.276007124291e-04   5.380057059165e-05  -9.362114982568e-09  -9.436244723240e-04  -1.682752058409e-05  -3.842559777655e-05   3.011558644424e-08  -3.002946784329e-04   1.149355328051e-08   2.925422237881e-04   6.867589400587e-09  -4.363026870769e-04  -3.977853899261e-04  -1.026267457690e-03  -4.090708036966e-04   1.282642477409e-04  -1.107843344579e-04  -1.239112952788e-04   2.659058602127e-08   1.430341171026e-04   3.286553146904e-04   6.939493048650e-04   1.859348633802e-04  -4.468151149132e-05   6.392348063345e-05   3.443652375246e-05   1.429798575244e-04   3.284769616866e-04   6.938211193189e-04   1.859736462561e-04  -4.468887045427e-05   6.391935779808e-05  -3.446578571269e-05
   1.153069274361e-09   1.944055914122e-09  -3.786055927686e-08  -1.996463607043e-08  -2.439715727038e-03  -5.509120011512e-09  -5.989894047752e-08  -3.000943656150e-08  -3.807896138127e-03  -5.825519978970e-09  -4.665987920077e-08  -2.862511412526e-08  -3.370628121617e-03   4.648166496315e-08   1.844461536215e-08   1.516483148357e-08  -4.096541170101e-04  -3.133783681394e-09  -1.254362030325e-04   1.402605339219e-09   1.349151651081e-04   4.287011720295e-09  -1.952611698544e-08  -1.718282188033e-08  -9.211246630502e-08  -2.045032524515e-08   1.539435597090e-09   2.303921656228e-09  -2.620088038455e-04  -4.946178865669e-09  -9.063162453824e-09   1.923494461394e-08   1.231398475557e-08  -1.528040081224e-03   2.479055858888e-08   3.435032209932e-08   1.814162474199e-08  -2.513408041037e-03   4.328110799690e-08   9.340065877959e-09   6.236220415108e-08  -1.335833462767e-03   8.653941486750e-08   1.505075167368e-08   1.002860836334e-07   1.442108367387e-04  -1.111836387658e-08  -1.982068063881e-04   9.136541582246e-08  -1.379583044279e-04   6.206127037333e-08  -2.153313674705e-07  -3.070200796182e-07  -4.490333902748e-09   4.105947077844e-08  -6.002982930162e-09  -3.515390365274e-08  -8.269066639253e-05  -9.566850639501e-04  -1.371142558096e-03  -3.635623335597e-04  -2.262956825528e-04  -3.383004826573e-05   7.855835686691e-05   6.663220744895e-05   9.568837417846e-04   1.371405253243e-03   3.635026930865e-04   2.262258105553e-04   3.383504023958e-05  -7.852171433084e-05   6.668739806811e-05
  -2.453637978070e-04  -3.913650735470e-04  -3.813774648859e-03  -3.948601111065e-03   9.641354002500e-09   1.154447494434e-03  -6.023135065740e-03  -6.059166490759e-03   1.421177982292e-08   2.436111517780e-03  -3.709850514146e-03  -4.011480287934e-03   2.441037855033e-09  -1.071709450933e-03   3.658452134662e-04  -4.558600511746e-04   1.393315916742e-10  -2.629606582550e-04   6.492919902340e-09   7.736256747896e-05   4.287011720295e-09   6.015169991216e-04  -4.008296477531e-03  -6.051480298339e-03  -8.109445806061e-04  -4.892550240009e-04   2.991111762633e-04   7.899928811200e-04  -2.807447181959e-09  -7.929064141536e-04  -1.419407924996e-03   1.891569124184e-03  -3.103626453557e-04  -1.769416090541e-08   3.944840390157e-03   3.559936391283e-03  -6.781911019120e-04  -2.521887982760e-08   2.104845443225e-03   1.453951358752e-03  -4.009992793622e-05   8.383327756412e-09   1.585766115052e-03   2.272778446465e-04  -6.708913878114e-05   2.382200582218e-08  -4.865820285269e-04  -1.038068957624e-08  -3.906546238699e-04   5.473631133252e-10   5.906901858150e-04   3.754443476193e-05  -2.291711305308e-04  -9.301846810361e-04  -3.509393908643e-04   7.414514106355e-05   1.070212333829e-04  -2.169995702961e-08   1.437892115410e-04   3.976620622388e-04  -2.283419473375e-04  -4.765881311945e-05   1.265096863250e-04  -6.840510449171e-05  -1.093426146300e-04   1.437840774069e-04   3.975924024060e-04  -2.284132133955e-04  -4.768693797126e-05   1.265101546349e-04  -6.836641374229e-05   1.093659482960e-04
  -7.151975704159e-03  -1.190659426435e-02   1.645209099604e-02   3.908633689935e-02  -2.674292822684e-07   3.253231295382e-02   2.549411881896e-02   6.051565473822e-02  -4.160041602841e-07   8.218769704127e-03   1.305982888772e-02   4.129771078113e-02  -2.806539737745e-07  -2.537605850133e-03  -2.353621603522e-03   4.633808738310e-03  -2.463280574390e-08   1.488131797278e-03  -7.902589492756e-08  -1.897873591264e-03  -1.952611698544e-08  -4.008296477531e-03   3.854459117812e-02   5.398764756256e-02   7.933990915471e-03   2.888220074522e-03  -4.702136497359e-03  -7.550873152087e-03   2.631358506823e-09   1.460477339884e-03   2.567586575838e-03  -5.234529636152e-03  -2.215947014795e-03   6.378128784896e-08  -7.534306864665e-03  -9.251412268078e-03  -1.850657393551e-03   9.897235386951e-08  -7.813899840635e-03  -6.035196006762e-03  -2.722030871445e-03  -1.766966698502e-07   2.029525898930e-04  -6.918239605011e-04   4.389850733844e-04  -2.393911530552e-07   4.422063347121e-03  -2.396150311094e-07   3.712471188634e-05  -4.908901869756e-08  -6.674355159005e-04   4.603692340454e-03   1.117227015897e-02   7.993880426123e-03   8.733437610931e-04   3.088934455154e-04   4.828166540618e-04  -1.381281757099e-07  -1.840546013653e-03  -3.887039029096e-03  -3.072879805953e-03  -1.402569673479e-03  -4.529080669957e-04  -1.338517211792e-04   3.364536028232e-04  -1.839269321594e-03  -3.884228046210e-03  -3.071243701834e-03  -1.402465586248e-03  -4.528259925908e-04  -1.340851353215e-04  -3.363012680785e-04
  -3.540959680633e-03  -5.764360889128e-03   2.330255807607e-02   6.056692299028e-02  -1.303329950994e-06   1.397572756090e-02   3.638632005456e-02   9.332024263145e-02  -2.011937143213e-06  -1.751489604860e-02   1.825520817238e-02   6.576646630373e-02  -1.801567920138e-06  -3.018726029152e-03  -4.171141801603e-03   7.955596633934e-03  -3.614860819542e-07   2.081843408340e-03  -1.649338856043e-07  -2.657440797705e-03  -1.718282188033e-08  -6.051480298339e-03   5.398764756256e-02   7.926434419200e-02   1.320479879505e-02   4.236116210027e-03  -6.737504521629e-03  -1.008194543195e-02  -1.094637513801e-07   2.273196509272e-03   3.933281781683e-03  -1.043662881470e-02  -6.874195595127e-03   4.523245763316e-07  -1.104985825019e-02  -1.831383860605e-02  -8.267181917425e-03   6.796275421318e-07  -7.677657016789e-03  -9.258747555240e-03  -7.815410412557e-03   1.344598563026e-07  -3.488140596592e-03  -1.491529969191e-03   8.639182779613e-04  -3.522981815601e-07   7.516707051501e-03  -5.849831169500e-07   3.114342770684e-04  -2.302659447126e-07  -2.420703196263e-03   1.097337317192e-02   2.287862108642e-02   1.492356352866e-02   2.497823420665e-03   5.750093917618e-04   1.041164021332e-03  -2.836064139623e-07  -3.588344003254e-03  -8.003639811032e-03  -5.410475259269e-03  -1.758633011182e-03  -8.702943200417e-04  -2.866906345562e-04   7.597158981501e-04  -3.586018295852e-03  -7.998813132275e-03  -5.407875571348e-03  -1.758383419662e-03  -8.701574631106e-04  -2.871635153174e-04  -7.594206200338e-04
   2.311702668629e-03   4.042443451435e-03  -2.308594701508e-03   1.457204460366e-02   1.345121201467e-06  -1.265983619772e-02  -3.588762557009e-03   2.230918012393e-02   2.107448672477e-06  -1.823391136826e-02  -4.114581985470e-03   1.739879556287e-02   1.840497473614e-06  -3.272437605577e-03  -1.275834561632e-03   1.873769678905e-03   1.930173030622e-07  -1.725017109137e-04   4.794373133028e-08  -7.184317203444e-04  -9.211246630502e-08  -8.109445806061e-04   7.933990915471e-03   1.320479879505e-02   3.667781083160e-03   4.637807032081e-04  -1.721624746434e-03  -1.026136257031e-03   1.443133663152e-07  -1.109136248624e-03  -1.864818875513e-03   2.182454404323e-04  -1.868246585893e-03   1.193227152212e-06   4.893860440195e-03   9.528944774430e-04  -2.336061138078e-03   1.952709220465e-06   4.095535432853e-03   9.854339359448e-04  -1.446721269667e-03   9.553613156094e-07  -4.279762710820e-05  -3.612053494404e-04   2.830438582774e-04  -2.207867942470e-07   1.787787447913e-03   7.729392444932e-09  -3.709999996119e-04   3.037712667524e-08   1.427792549238e-04   3.215657688537e-03   6.408891871136e-03   3.371321172397e-03   4.112523025813e-04   3.370558581891e-04   4.966574715282e-04  -5.893711014833e-08  -4.023393127717e-04  -1.591516496386e-03  -2.266209712358e-03  -3.757865692707e-04  -4.284591648925e-05  -2.126367581687e-04   1.359004883312e-05  -4.031331376282e-04  -1.592220625432e-03  -2.266040299430e-03  -3.761446858404e-04  -4.285420964769e-05  -2.125861062974e-04  -1.355737241138e-05
   2.173246833168e-04   3.363043836340e-04   3.098319438056e-03   2.783232442192e-03   5.589450035452e-07  -9.272128439662e-04   4.921440670656e-03   4.286761475683e-03   8.675516387276e-07  -1.495167503016e-03   2.956802792057e-03   2.694901388327e-03   8.282545341608e-07   1.305805196636e-03  -4.031147017152e-04   1.175453844694e-04   1.591042592480e-07   1.615999371275e-04   2.410713565305e-08  -2.358227116910e-05  -2.045032524515e-08  -4.892550240009e-04   2.888220074522e-03   4.236116210027e-03   4.637807032081e-04   4.772195350453e-04  -2.002554333691e-04  -5.761859068320e-04   6.584921162032e-08   1.394361736485e-03   2.237714236006e-03  -1.048151457492e-03   1.529623232909e-03   2.878239861265e-08  -5.584920441913e-03  -2.204209955642e-03   2.559043119097e-03   6.473439547686e-08  -3.290231324943e-03  -7.435723685456e-04   1.330628219571e-03  -3.028293434467e-08  -1.830357577338e-03  -2.354857486818e-04   4.454284955914e-05  -4.759382791624e-08   2.055679189723e-04   1.065397402972e-07   4.497462660427e-04   7.054917717731e-08  -3.444381071561e-04  -1.707562863408e-03  -2.421909778599e-03   8.022513211344e-05   2.042887408414e-04  -1.416286835022e-04  -3.165970477276e-04   7.387192052355e-08  -1.401701397841e-04  -2.675162353971e-04   5.916232765039e-04   1.519910947045e-04  -9.480893443075e-05   1.502657445620e-04   1.185217036260e-04  -1.404651772971e-04  -2.678649216941e-04   5.916002685234e-04   1.519433243867e-04  -9.482049662007e-05   1.502477469004e-04  -1.185969753380e-04
