ARMA_MAT_TXT_FN008
151 151
  -1.324147053319e+01  -1.660477674295e+01  -3.492423153667e-07   6.612794256526e-07   2.466574091965e-02  -6.164507338547e+00  -4.689376687860e-07   1.004876979362e-06   1.143860503409e-02  -2.739808217494e+00  -2.626354910058e-07   5.795818274079e-07   4.502314140422e-03  -1.204380344859e+00  -8.653455430216e-08   1.890287611001e-07   1.240654059464e-03   9.073396853287e-09  -2.861245006327e-07  -9.650324867557e-04   1.335056448634e-07  -7.037851688418e-08  -4.045999460226e-04  -2.506993189402e-04   9.635618194228e-03   7.479064890434e-03  -3.959680959977e-03  -1.766465064424e-01   4.558508003022e-01   3.538277457009e-01  -1.927173451239e-01  -7.533331335794e-01   1.148216446369e+00   8.912366878430e-01  -4.858603409801e-01  -6.586078732691e-01   5.611489194144e-01   4.355594494978e-01  -2.375295926452e-01  -5.473397734833e-01   2.313456909096e-01   2.533735049063e-01   2.980521098423e-01  -1.401598228863e-01  -4.047297155341e-04  -2.507386788961e-04   1.661728547147e-03  -1.208679368661e-02  -3.960741044616e-03  -1.766702794528e-01   7.860487205397e-02  -5.717431400364e-01  -1.927447957488e-01  -7.533659395944e-01   1.979749882125e-01  -1.439998186282e+00  -4.858846063398e-01  -6.586166684516e-01   9.675013251326e-02  -7.037253367765e-01  -2.375342839062e-01   1.524929237461e-01  -3.738429085460e-01   2.534009206592e-01   5.139697737739e-02   5.441062716452e-01  -4.045915816661e-04  -2.506822592343e-04  -1.129487080744e-02   4.602131564939e-03  -3.959250923416e-03  -1.766369727054e-01  -5.343745962547e-01   2.177335076397e-01  -1.927061121454e-01  -7.533199841335e-01  -1.346055456727e+00   5.484569610843e-01  -4.858500362246e-01  -6.586043436256e-01  -6.578434938063e-01   2.680415988204e-01  -2.375274250820e-01   3.948487603277e-01   1.423596074027e-01   2.533627854261e-01  -3.493874360028e-01  -4.040892631485e-01   8.292798061632e-05  -2.721641774510e-02  -3.336701512614e-01  -4.429461041319e-01   1.860575966339e-04  -1.352915312288e-03  -1.472614421963e-03  -1.501587442106e-04  -3.295490628361e-02  -3.554295731446e-01  -4.530173947737e-01   1.340303870159e-03  -2.036155503603e-03  -6.317779565587e-05  -1.501473919676e-04  -3.295575759399e-02  -3.554326549936e-01  -4.530187956776e-01  -7.413178827009e-04  -2.322381188433e-03  -6.341776251015e-05   8.291664730999e-05  -2.721530027304e-02  -3.336655283248e-01  -4.429439262124e-01  -1.264653659430e-03   5.151618192184e-04  -1.472520459556e-03  -1.501519511729e-04  -3.294158341328e-02  -3.553815361721e-01  -4.529956685206e-01  -2.431965438041e-03  -1.424225992364e-04  -6.300750692086e-05  -1.500656857589e-04  -3.294016260769e-02  -3.553764747906e-01  -4.529933667975e-01  -1.639546710980e-03   1.801659300359e-03  -6.348835691158e-05   8.285567594284e-05  -2.721581954654e-02  -3.336676675601e-01  -4.429449318982e-01   1.078881810324e-03   8.371856813127e-04  -1.472573697126e-03  -1.500759243845e-04  -3.294422233971e-02  -3.553910877308e-01  -4.529999765192e-01   1.092849632712e-03   2.177659440587e-03  -6.363243792040e-05  -1.501619131819e-04  -3.294489991015e-02  -3.553934224525e-01  -4.530010454226e-01   2.380591236566e-03   5.190174754624e-04  -6.289619053022e-05
  -1.660477674295e+01  -1.229627630354e+01  -3.350051762209e-07   6.623907223527e-07   2.316972363558e-02  -5.550706246838e+00  -3.875783110406e-07   8.594692404258e-07   5.586195898209e-03  -2.573216309883e+00  -1.413392444967e-07   2.953056937168e-07   9.293502489832e-04  -1.143615814573e+00   2.887848802715e-08  -8.751918257104e-08  -5.238105245180e-04   4.492019311307e-09  -2.797479078719e-07  -1.989816903387e-03   1.294934591861e-07  -1.271208242769e-07  -2.991689842566e-04  -3.234054253036e-04   1.014318298852e-02   7.872994434798e-03  -4.217752138544e-03  -1.753210940155e-01   4.456182194722e-01   3.458852343821e-01  -1.888051311116e-01  -7.160030937972e-01   1.084056301583e+00   8.414359025538e-01  -4.596381647451e-01  -6.264835320699e-01   5.329302163579e-01   4.136560570433e-01  -2.263486612163e-01  -5.381898779262e-01   2.280273818667e-01   2.486103556548e-01   2.937772423068e-01  -1.378167493848e-01  -2.992329795406e-04  -3.234343512572e-04   1.749232680168e-03  -1.272324801520e-02  -4.218723241843e-03  -1.753440807024e-01   7.684015566672e-02  -5.589072158241e-01  -1.888312299948e-01  -7.160338660973e-01   1.869124718943e-01  -1.359533240404e+00  -4.596607876812e-01  -6.264917809004e-01   9.188485790159e-02  -6.683367452057e-01  -2.263530566947e-01   1.499429806782e-01  -3.684789739509e-01   2.486360711515e-01   5.065957724576e-02   5.350079155627e-01  -2.991432769053e-04  -3.233936034266e-04  -1.188989553123e-02   4.844547141104e-03  -4.217347397751e-03  -1.753118824151e-01  -5.223800675219e-01   2.128462306004e-01  -1.887944353345e-01  -7.159907580744e-01  -1.270840571149e+00   5.178101621056e-01  -4.596285394798e-01  -6.264802213049e-01  -6.247621720196e-01   2.545622885598e-01  -2.263466260350e-01   3.882488095796e-01   1.403179478943e-01   2.486003166329e-01  -3.443769327212e-01  -3.973348365122e-01   2.601227306207e-04  -2.686493644201e-02  -3.179908154022e-01  -4.215022921179e-01   2.255130974097e-04  -1.640035532646e-03  -1.315763358034e-03   2.730784024202e-04  -3.248210037321e-02  -3.389551403280e-01  -4.313123781037e-01   1.263980598388e-03  -2.449375771396e-03  -3.068263775352e-04   2.730527963427e-04  -3.248295396800e-02  -3.389580565860e-01  -4.313136924998e-01  -5.562857166143e-04  -2.699648916737e-03  -3.070210950950e-04   2.601357708407e-04  -2.686385609181e-02  -3.179865244000e-01  -4.215003016573e-01  -1.533047830698e-03   6.245556872443e-04  -1.315738616958e-03   2.731126762514e-04  -3.246903770613e-02  -3.389097245394e-01  -4.312918473493e-01  -2.751613502823e-03   1.302735240802e-04  -3.067021731917e-04   2.730686355139e-04  -3.246768943393e-02  -3.389048812829e-01  -4.312896463145e-01  -2.058761749653e-03   1.829953920786e-03  -3.070851023275e-04   2.601311935035e-04  -2.686435960542e-02  -3.179885297786e-01  -4.215012397722e-01   1.307794144996e-03   1.014933020668e-03  -1.315763125745e-03   2.730498543079e-04  -3.247166542500e-02  -3.389186936667e-01  -4.312958885253e-01   1.488889835650e-03   2.317986884379e-03  -3.072040928580e-04   2.731211607773e-04  -3.247226064250e-02  -3.389209789066e-01  -4.312969385636e-01   2.614849830629e-03   8.678240738746e-04  -3.066096439169e-04
  -3.492423153667e-07  -3.350051762209e-07   1.378826043679e+00  -5.894083009873e-08   4.898148676806e-07  -3.677024589356e-06  -5.881248412159e-01  -2.305174590770e-09   1.287590763939e-06  -2.538954111188e-06  -5.837372014356e-01   6.521595589548e-08   6.479347680594e-07  -5.208942351865e-07  -2.055637705589e-01   5.820085871839e-08   1.198628779645e-07  -5.867670606470e-02  -5.932576789563e-08   2.100699984216e-06   7.050763973965e-02   2.548604599814e-02  -5.238526968354e-03  -6.011593121370e-03   9.967040050043e-02   9.099835229650e-02  -4.872552992095e-02  -1.707213946399e-01   1.886932777422e-01   2.236725688806e-01  -1.203330246234e-01  -1.473719735256e-01   1.478816830278e-02   1.509757164297e-01  -8.144089807996e-02  -4.053820913017e-02  -5.966576481631e-02   2.851525362567e-02  -1.586168653221e-02  -1.951627885835e-01   1.230243434549e-01   6.016787428462e-02   1.062038724093e-01   5.955636415793e-02  -9.033713319234e-04  -1.036570126782e-03  -1.408314386837e-02  -2.535100208328e-02  -8.401609047738e-03  -2.943611507129e-02  -9.091637658713e-02  -6.231070848100e-02  -2.074807372935e-02  -2.540982323350e-02  -1.739467142731e-01  -4.205866000182e-02  -1.404192606881e-02  -6.989457509801e-03  -9.531183218720e-02  -7.943435198436e-03  -2.734787884323e-03  -1.569873030192e-01  -3.427328205884e-02   1.037373993242e-02  -4.758927165169e-02   7.520500567300e-02   6.140727681559e-03   7.047226052384e-03   1.435506422313e-01  -6.564746687019e-02   5.711960275439e-02   2.001354771162e-01   2.965569305864e-01  -1.613625737782e-01   1.410651084519e-01   1.727643337414e-01   8.759635297548e-02  -1.089176220897e-01   9.547312981082e-02   4.752340033053e-02  -4.591383633824e-02  -2.057183791601e-02   1.859479549217e-02  -1.894987213844e-01  -8.875149453579e-02  -7.053648241082e-02   1.655287977965e-01   1.005044420021e-01   4.690635830086e-04  -4.156978143992e-03  -8.960429101943e-03  -3.992355140254e-03  -1.974007962056e-03  -3.551253904778e-03  -2.072935114340e-03   2.264151183805e-03  -2.469354406725e-02  -5.382640558812e-02  -2.438577354009e-02   7.135267675585e-03  -1.711375675830e-02  -1.396378176708e-03  -1.355021916488e-03   1.237486214684e-02   2.915244340002e-02   1.356466296191e-02   6.344380061648e-04   7.864332165032e-03  -3.582305374129e-04  -3.187984333214e-03   2.825911527135e-02   6.090873703753e-02   2.713844889898e-02   2.010847165799e-02  -9.196114933534e-03   1.409293723245e-02  -3.782788696929e-03   4.893823230909e-02   9.970280592240e-02   4.402643276970e-02   4.105970155191e-02  -4.258255856309e-03   6.166257327660e-03  -2.404500442900e-03   3.482212799731e-02   6.809890617924e-02   2.957122272879e-02   2.422735899321e-02  -1.969955923481e-02   5.775440642213e-03   2.719651155415e-03  -2.410686030925e-02  -5.195979511984e-02  -2.315103867249e-02   1.396145693133e-02   1.274732202739e-02  -1.202198793158e-02   1.518278468863e-03  -2.425530070584e-02  -4.588714837540e-02  -1.964300738717e-02   1.297002054121e-02   1.869981095402e-02  -4.773761403560e-03   3.758337833637e-03  -4.719411047005e-02  -9.724375846316e-02  -4.313260124047e-02   3.630287898710e-02   1.450862243623e-02  -5.410393958788e-03
   6.612794256526e-07   6.623907223527e-07  -5.894083009873e-08   1.378819285128e+00  -9.611730749999e-07   8.582643130481e-06  -1.874707663171e-09  -5.881256959387e-01  -2.747741664422e-06   5.784155580141e-06   7.059000331703e-08  -5.837338606320e-01  -1.410973340981e-06   1.044674609538e-06   6.626359665076e-08  -2.055627159658e-01  -3.221427894476e-07  -2.549663077781e-02   7.050456665853e-02  -4.498109415410e-06  -5.517239029065e-08  -5.869991977018e-02  -4.066216713602e-03  -4.666767168823e-03   9.100621060537e-02   5.307204676298e-02  -3.782327494856e-02  -1.325191500633e-01   2.236805988539e-01   7.414414268307e-02  -9.340535105141e-02  -1.143885297315e-01   1.509741539681e-01  -6.253743180179e-02  -6.321404350130e-02  -3.146493849056e-02   2.851533909843e-02  -7.426959086295e-02  -1.231158916964e-02  -9.714212757037e-02   4.319574577026e-02   4.669718829244e-02   1.230273863485e-01  -1.659950584593e-01   6.570987411706e-03   7.540651467367e-03  -2.535305268648e-02   1.668421613261e-01   6.111515184147e-02   2.141183521452e-01  -6.231272788372e-02   3.537573638058e-01   1.509204283739e-01   1.848207458919e-01  -4.205797483500e-02   1.261845684671e-01   1.021363115454e-01   5.083752089959e-02  -7.943355986393e-03  -3.862597352636e-02   1.989145426144e-02  -8.168404704050e-02   1.969926140735e-01  -7.544643738991e-02  -3.427419283637e-02  -2.041031647637e-01  -2.502137913820e-03  -2.871801351250e-03  -6.565324499777e-02   9.185154204279e-03  -2.327542698012e-02  -8.155017138864e-02  -1.613685411362e-01  -3.372074810881e-02  -5.747997404367e-02  -7.039345165575e-02  -1.089167111267e-01  -1.353399981378e-01  -3.890115797529e-02  -1.936340067824e-02  -2.057198509365e-02  -8.802036634883e-02  -7.576492972924e-03  -5.643797527137e-02  -1.613082975277e-02   2.873775742059e-02  -8.875362378812e-02  -1.715472146225e-01  -3.409713831280e-03   3.023088611897e-02   6.515605350383e-02   2.903029525957e-02  -3.551516671549e-03   2.336874478869e-02   1.507513116125e-02  -3.059376663425e-03   4.226723636089e-02   8.405808384100e-02   3.675749376812e-02  -1.533914796944e-02   3.364928961400e-02   6.314752001360e-03  -3.556728639857e-03   4.736263489746e-02   9.546293675095e-02   4.197328190726e-02   6.088492368935e-03   4.015075908445e-02   6.459848028895e-03   1.298343293745e-03  -1.151269542317e-02  -2.481175205891e-02  -1.105511463834e-02  -9.197093121850e-03   1.284401904572e-03  -5.741543332307e-03  -4.303725478167e-04   2.488319615783e-04   4.579737581923e-03   2.737241887908e-03  -2.482020542367e-03  -2.866890967999e-04  -1.948742063626e-03   2.952671525398e-03  -3.438397437655e-02  -7.296468837642e-02  -3.273116535132e-02  -2.147976204629e-02   1.654413768076e-02  -2.920712887947e-03   2.109853028484e-03  -1.870842813574e-02  -4.032003510596e-02  -1.796482601486e-02   1.274852966622e-02   7.431965487083e-03  -9.329962292334e-03   3.491798170096e-03  -4.250763226104e-02  -8.863449827279e-02  -3.949583095859e-02   2.047992752077e-02   2.780503942581e-02  -4.371890671053e-03   6.059628313337e-04  -1.296364524048e-02  -2.248766356388e-02  -9.241411409412e-03   1.273378808380e-02   4.473049938562e-03  -3.539617208660e-03
   2.466574091965e-02   2.316972363558e-02   4.898148676806e-07  -9.611730749999e-07   1.302081390969e+00   1.243204564068e-02   1.353352338456e-06  -2.896010935600e-06  -6.440060846143e-01   8.786479227949e-03   8.453464386933e-07  -1.752044083613e-06  -6.198838002185e-01  -5.238363965184e-03   2.803177679934e-07  -4.692400021200e-07  -2.318965809988e-01  -1.751830496218e-07   6.699350771126e-06   1.337938566431e-02  -2.912879094135e-06   6.530110966963e-06   2.140056875464e-03   2.712203242710e-03  -5.136562491911e-02  -3.987064399382e-02  -5.119023081571e-04   7.505822896745e-02  -1.277400010519e-01  -9.915344527070e-02  -5.896205178750e-02   6.657213906615e-02  -9.158547296926e-02  -7.109064162614e-02  -1.565928377871e-01   1.289273697470e-02  -1.388187763149e-02  -1.077531563202e-02  -1.022188846516e-01   1.320854527186e-01   6.248169661551e-02  -1.445582496020e-01   8.050426278821e-02   3.382268986443e-02   2.140553697191e-03   2.712508388371e-03  -8.856939001406e-03   6.442463585415e-02  -5.141946741350e-04   7.506335129348e-02  -2.202526520390e-02   1.602092456403e-01  -5.896949360328e-02   6.657466462173e-02  -1.579069637593e-02   1.148610914246e-01  -1.565981940865e-01   1.289299142689e-02  -2.393350526489e-03   1.740932687241e-02  -1.022190744523e-01  -3.679694908905e-02  -1.009641595603e-01  -1.445698847679e-01   1.388210798074e-02  -1.312952661170e-01   2.139859272756e-03   2.712086277708e-03   6.021442319701e-02  -2.453516048286e-02  -5.110442249657e-04   7.505617067442e-02   1.497482549875e-01  -6.101707886580e-02  -5.895923603960e-02   6.657107322767e-02   1.073665105098e-01  -4.374851201599e-02  -1.565908840603e-01   1.289258631795e-02   1.627400590858e-02  -6.631037662388e-03  -1.022188966957e-01  -9.528899531452e-02   3.844933394436e-02  -1.445534981403e-01  -9.437151666381e-02   9.751788686786e-02  -8.539913026264e-03   2.807019398186e-02   7.233963120535e-02   2.999417844555e-02  -3.022521123978e-03   2.197946333841e-02   1.736541257730e-02   2.447466469311e-03   4.044049876582e-03   2.874347519208e-03  -4.511068051624e-03   3.366353557120e-04   3.879960299660e-03  -2.884827463924e-03   2.446857275878e-03   4.048814021700e-03   2.884721599953e-03  -4.506175067412e-03  -1.369863828934e-03   3.649553281434e-03  -2.884460235259e-03  -8.539730216213e-03   2.807006665047e-02   7.234048765517e-02   2.999485058180e-02   2.054699756524e-02  -8.370244878578e-03   1.736485151150e-02   2.446947812688e-03   4.040281660440e-03   2.867645261390e-03  -4.513939057797e-03   3.189387563563e-03  -2.231142157095e-03  -2.882162485082e-03   2.445811046352e-03   4.049914735991e-03   2.888722707581e-03  -4.503865545383e-03   3.846696417958e-03  -6.398134685601e-04  -2.880879574065e-03  -8.539755178116e-03   2.807029650128e-02   7.234041328177e-02   2.999470127546e-02  -1.752791277918e-02  -1.360195861096e-02   1.736516347272e-02   2.445647475135e-03   4.052937054287e-03   2.894985435545e-03  -4.500981270171e-03  -3.532797600203e-03  -1.656033557517e-03  -2.881440047354e-03   2.447513675798e-03   4.038152583478e-03   2.862588900094e-03  -4.516399066954e-03  -2.466952676790e-03  -3.008328883183e-03  -2.883149564484e-03
  -6.164507338547e+00  -5.550706246838e+00  -3.677024589356e-06   8.582643130481e-06   1.243204564068e-02  -2.958902591013e+00  -1.028394071648e-05   2.337235146569e-05   6.460473162342e-02  -1.990860767485e+00  -7.659046772006e-06   1.704727506982e-05   5.564834789532e-02  -1.119233426891e+00  -1.922360851881e-06   4.004315730871e-06   1.322712960153e-02   3.411586220409e-07  -1.239751372331e-05   8.120786708161e-02   5.531118472895e-06  -1.973248420003e-05  -6.824014878983e-02  -7.432433442935e-02   1.690077005129e-01   1.311820083724e-01  -7.134023362576e-02  -3.648192243288e-01   5.037486016414e-01   3.910084061987e-01  -2.126767348392e-01  -7.314007232482e-01   9.084483654309e-01   7.051397328125e-01  -3.751695666551e-01  -6.527265559119e-01   5.224745542424e-01   4.055428991263e-01  -2.164093482932e-01  -3.985458868203e-01   1.699812206141e-01   1.827508559979e-01   2.189958136815e-01  -1.020522557339e-01  -6.825169009432e-02  -7.433640912121e-02   2.914164148050e-02  -2.119660317161e-01  -7.134598189722e-02  -3.648484591471e-01   8.685945944210e-02  -6.317900394151e-01  -2.126942287528e-01  -7.314310813653e-01   1.566324034084e-01  -1.139303851341e+00  -3.751850735533e-01  -6.527357770662e-01   9.008154850926e-02  -6.552249607511e-01  -2.164129640081e-01   1.110300612318e-01  -2.746660924659e-01   1.827620270722e-01   3.776228973829e-02   3.961693191665e-01  -6.823553420271e-02  -7.431950387104e-02  -1.981239045001e-01   8.072614630879e-02  -7.133771880957e-02  -3.648075342978e-01  -5.905356164068e-01   2.406180883006e-01  -2.126693211794e-01  -7.313884693321e-01  -1.064979481354e+00   4.339365576975e-01  -3.751627918375e-01  -6.527227654049e-01  -6.125062368317e-01   2.495699269766e-01  -2.164076122674e-01   2.875173592892e-01   1.046011052228e-01   1.827466184649e-01  -2.567204137438e-01  -2.942409602438e-01  -4.957761186740e-03  -8.674960869399e-02  -3.620176475844e-01  -4.516166272969e-01   5.780962926861e-03  -4.203982377095e-02  -4.103995546593e-02  -4.503795571415e-03  -9.605049414743e-02  -3.784922206512e-01  -4.597729316517e-01   3.589750135848e-02  -5.980683362258e-02  -4.615984114398e-03  -4.504736422768e-03  -9.605229100754e-02  -3.784949078767e-01  -4.597742665198e-01  -1.843120172509e-02  -6.727442890875e-02  -4.621987072534e-03  -4.957198672165e-03  -8.674564378060e-02  -3.620100144869e-01  -4.516134510873e-01  -3.929772550021e-02   1.600914121061e-02  -4.103884917824e-02  -4.498965957579e-03  -9.602516151740e-02  -3.784458319848e-01  -4.597510599104e-01  -6.972431699642e-02  -1.178308354510e-03  -4.613541495164e-03  -4.499779683458e-03  -9.602306967720e-02  -3.784409036465e-01  -4.597488823205e-01  -4.903694339545e-02   4.957570872174e-02  -4.625758944622e-03  -4.957413419000e-03  -8.674715553033e-02  -3.620130021815e-01  -4.516147834145e-01   3.352382984918e-02   2.601562467071e-02  -4.103945969319e-02  -4.501490279385e-03  -9.603087487311e-02  -3.784550511024e-01  -4.597555823336e-01   3.384412138876e-02   6.097298522877e-02  -4.629000242962e-03  -4.499750271635e-03  -9.603133541315e-02  -3.784575541958e-01  -4.597565722319e-01   6.746219544605e-02   1.767580311517e-02  -4.610238206570e-03
  -4.689376687860e-07  -3.875783110406e-07  -5.881248412159e-01  -1.874707663171e-09   1.353352338456e-06  -1.028394071648e-05  -1.143523925493e-01   2.091757494389e-07   5.569298052933e-06  -1.449471427741e-05  -5.237929327140e-01   2.881304064422e-07   5.796610137466e-06  -9.407718612019e-06  -3.049925750110e-01   1.434912429298e-07   2.375159103525e-06  -1.457641370438e-01  -1.322136618860e-07   7.329786345394e-06   1.733142281446e-01   6.331237272216e-02  -1.851736127319e-01  -1.994424812527e-01   1.805836650745e-01   2.012945340803e-01  -1.080116916548e-01  -3.315214441504e-01   1.273060583147e-01   2.073979576587e-01  -1.077330025943e-01  -2.245970901411e-01  -3.747464795450e-02   1.437483237513e-01  -7.178777610512e-02  -7.049970535277e-02  -1.076909120560e-01   3.790193458931e-02  -1.929739016513e-02   1.550816384902e-02   1.396019281040e-02  -2.204872786130e-02  -1.185591296910e-02   7.333965192360e-02  -3.193175498587e-02  -3.439194953687e-02  -7.104902812200e-02  -5.607598637340e-02  -1.862367020397e-02  -5.716253314605e-02  -1.319608283094e-01  -5.777672675651e-02  -1.857514449966e-02  -3.872906899691e-02  -2.171837608625e-01  -4.005281600125e-02  -1.237841132300e-02  -1.215990139441e-02  -1.550734166590e-01  -1.056310547735e-02  -3.327801579182e-03  -1.061013024830e-01  -3.888177631660e-03  -3.800904639051e-03  -2.930766067594e-02   2.378780502007e-02   2.170678160754e-01   2.337952928250e-01   2.776561639994e-01  -1.452191880975e-01   1.266207992614e-01   3.886379384367e-01   2.273228724133e-01  -1.496219987413e-01   1.262953158283e-01   2.632847246361e-01   3.183386517397e-02  -1.036961234007e-01   8.415451485792e-02   8.263558432795e-02  -8.942279721184e-02  -2.733884828350e-02   2.262082554527e-02  -2.363878111041e-03  -1.007206008482e-02   2.584931350634e-02  -5.121670874521e-03  -5.675104929988e-02  -1.944312949021e-03  -1.346390687133e-02  -1.684872003391e-02  -7.526437390528e-03  -1.424777403515e-02  -1.099971563874e-02  -1.142422193060e-02  -1.718047561775e-02  -6.486121170157e-02  -8.245164665351e-02  -4.172018485260e-02   2.942867254653e-02  -6.421533360623e-02   5.851956547943e-04   9.900648468858e-03   2.898413256012e-02   3.961860670472e-02   2.214480396808e-02  -3.094065941435e-03   3.320341128931e-02  -1.720749700416e-03   1.321532623472e-02   9.152183599361e-02   1.145080077126e-01   5.112968425768e-02   5.414403003566e-02  -2.847690982220e-02   7.765896841556e-02   2.990095759632e-02   1.398456033570e-01   1.688703520509e-01   7.870041027311e-02   1.517134666608e-01   1.223997215544e-02   3.429030442828e-03   1.958713561393e-02   1.041043936406e-01   1.223796214521e-01   5.437518976516e-02   6.748089572636e-02  -9.257979351234e-02   4.336748315034e-03  -1.127409981806e-02  -7.807524090607e-02  -9.768917803168e-02  -4.362490187926e-02   3.510980611178e-02   3.947579647377e-02  -6.624882227848e-02  -1.272888831425e-02  -7.500687009295e-02  -8.644570270402e-02  -3.699694258390e-02   2.436748844284e-02   7.993631032883e-02  -4.040249082981e-03  -2.948807358718e-02  -1.330860512165e-01  -1.619945566259e-01  -7.652557844584e-02   1.411238893455e-01   3.141945646662e-02  -2.575125445850e-03
   1.004876979362e-06   8.594692404258e-07  -2.305174590770e-09  -5.881256959387e-01  -2.896010935600e-06   2.337235146569e-05   2.091757494389e-07  -1.143239671695e-01  -1.232617974209e-05   3.264999800982e-05   2.954863886769e-07  -5.237499461345e-01  -1.291541576689e-05   2.108518383857e-05   1.549981858891e-07  -3.049726099557e-01  -5.369194315317e-06  -6.333841970011e-02   1.733009679090e-01  -1.623928637184e-05  -1.262574034738e-07  -1.458220899607e-01  -1.437303956010e-01  -1.548065012158e-01   2.013040704071e-01   7.749980640169e-02  -8.384137873752e-02  -2.573297512928e-01   2.073997344073e-01   2.109024910979e-02  -8.362472020024e-02  -1.743114725481e-01   1.437178136373e-01  -1.111149036154e-01  -5.571678480710e-02  -5.470130166192e-02   3.788544153128e-02  -1.271074971660e-01  -1.497538825378e-02   4.645727041101e-02  -1.900409037834e-02  -1.712218035858e-02   1.396079166260e-02  -7.747555251671e-02   2.322601141063e-01   2.501558741401e-01  -5.607851296618e-02   3.291392261247e-01   1.354678705746e-01   4.157884575918e-01  -5.777698975937e-02   2.803478407532e-01   1.351144367960e-01   2.816693343654e-01  -4.004386848822e-02   6.857953458797e-02   9.002903820866e-02   8.841316922476e-02  -1.055829760705e-02  -7.971999222293e-02   2.419997555676e-02  -3.130351449333e-03  -1.558517134747e-03   2.765997623767e-02  -3.888424157350e-03   4.414981992832e-02  -8.844540219391e-02  -9.526153385967e-02  -1.452261609593e-01  -1.957537474310e-02  -5.159442548363e-02  -1.583557151662e-01  -1.496234604536e-01  -7.892272004658e-02  -5.146159425927e-02  -1.072651045180e-01  -1.036745294877e-01  -1.804171488511e-01  -3.428654070153e-02  -3.365813654365e-02  -2.732714149873e-02  -1.453774630327e-01  -9.215104006238e-03  -8.368135238044e-02  -2.573596020072e-02  -1.053739470953e-02  -1.007242487139e-02  -5.958281111531e-02   1.413800399225e-02   9.791062662784e-02   1.225019532901e-01   5.470581567092e-02  -1.100101141530e-02   6.423771494385e-02   8.307848023680e-02   2.462218514026e-02   1.240596401889e-01   1.474093712581e-01   6.679991554021e-02  -8.287413145195e-02   1.075899661679e-01   4.304943578338e-03   2.834488167217e-02   1.369584717062e-01   1.641864012300e-01   7.557692841153e-02   5.186404085857e-02   1.401123771939e-01   4.003848553808e-03  -5.383372122370e-03  -3.728453100108e-02  -4.664042766971e-02  -2.081975647553e-02  -2.848018423765e-02  -4.157990374480e-03  -3.163739085069e-02   2.567220205368e-03  -5.862003486866e-03  -2.305010340836e-03   2.733867927984e-03  -6.407250176145e-03  -1.471599475307e-02  -2.660257910711e-03  -2.273439692986e-02  -9.355115446634e-02  -1.163736276505e-01  -5.694987382225e-02  -7.393238222987e-02   6.951117607867e-02  -5.189214830070e-04  -8.748460265815e-03  -6.058939076688e-02  -7.579668328960e-02  -3.383849546060e-02   3.948055272619e-02   1.487720110702e-02  -5.141213283492e-02  -2.717924445100e-02  -1.181751404128e-01  -1.450790651533e-01  -6.950875998358e-02   6.128474331444e-02   1.126304538770e-01  -1.677614951743e-03  -5.595696683325e-03  -4.337321537887e-02  -4.777547141658e-02  -1.859832381539e-02   5.006891123496e-02  -4.120037936623e-03  -3.483916455657e-03
   1.143860503409e-02   5.586195898209e-03   1.287590763939e-06  -2.747741664422e-06  -6.440060846143e-01   6.460473162342e-02   5.569298052933e-06  -1.232617974209e-05  -5.440040033093e-02   1.180130492891e-01   6.017279104200e-06  -1.326710718542e-05  -4.130947306011e-01   7.668186192415e-02   2.602815895389e-06  -5.599651063355e-06  -2.648427970960e-01  -2.594145673897e-07   1.947353033561e-05   3.104651692118e-02  -8.587753352172e-06   1.200936059050e-05   7.846798695616e-02   8.473600904698e-02  -1.114850822465e-01  -8.653537052882e-02  -3.754939234509e-02   1.459094769717e-01  -1.238697431675e-01  -9.615222398155e-02  -9.922738597054e-02   1.274143819099e-01  -1.259001553007e-01  -9.773377176720e-02  -1.545747712800e-01   6.874137426859e-02  -5.465670788909e-02  -4.242876803927e-02  -1.155590880414e-01   3.024828079076e-02   6.635164041710e-02  -7.056802868798e-02   8.548723491763e-02   7.740268752504e-03   7.848226150592e-02   8.475051170243e-02  -1.922264634680e-02   1.398220100022e-01  -3.755559831798e-02   1.459208760325e-01  -2.135720299797e-02   1.553548884011e-01  -9.923582350579e-02   1.274234004111e-01  -2.170630181122e-02   1.579031777613e-01  -1.545799709711e-01   6.874418000466e-02  -9.422692191043e-03   6.854562039402e-02  -1.155595002516e-01  -8.424058714251e-03  -1.072100470915e-01  -7.057168144044e-02   1.474027507004e-02  -3.006340286168e-02   7.846218332796e-02   8.473011277924e-02   1.306926027277e-01  -5.325209616323e-02  -3.754701907742e-02   1.459048552177e-01   1.452131476669e-01  -5.917092849518e-02  -9.922415702522e-02   1.274106604387e-01   1.475958450970e-01  -6.014518831224e-02  -1.545728838279e-01   6.874016673093e-02   6.407704543773e-02  -2.611123853497e-02  -1.155590342695e-01  -2.182430245780e-02   4.083173527896e-02  -7.056655830152e-02  -1.002155084324e-01   2.232954201899e-02   1.242594052675e-02   8.405991465971e-02   1.240121253938e-01   7.814696954826e-02  -9.601011589684e-03   6.981236488705e-02   6.833592251247e-02   3.357104073082e-03   1.740796771986e-02   3.497560428172e-02   3.219318376008e-02  -6.262643947882e-03   1.365930641613e-02  -1.794533259407e-02   3.359855555972e-03   1.741883863315e-02   3.498824530969e-02   3.219947534866e-02   2.350476809608e-03   1.485605470729e-02  -1.794425234925e-02   1.242500124157e-02   8.405590254535e-02   1.240080733644e-01   7.814563736569e-02   6.526012998139e-02  -2.658364221840e-02   6.833250304048e-02   3.353818044322e-03   1.739731190471e-02   3.496127531014e-02   3.218602166725e-02   1.495004617500e-02  -1.408113797826e-03  -1.793855641936e-02   3.359306284910e-03   1.741878943126e-02   3.498598202609e-02   3.219843711751e-02   1.169394838836e-02  -9.465185527757e-03  -1.793479058164e-02   1.242546225072e-02   8.405740568120e-02   1.240094969537e-01   7.814611741066e-02  -5.567275551455e-02  -4.320008105075e-02   6.833389536722e-02   3.361317185066e-03   1.742634957011e-02   3.499546840517e-02   3.220318108577e-02  -8.710037494112e-03  -1.227767353464e-02  -1.793619646954e-02   3.352910165983e-03   1.739306395867e-02   3.495693214251e-02   3.218388213277e-02  -1.400915539111e-02  -5.387935019258e-03  -1.794122101077e-02
  -2.739808217494e+00  -2.573216309883e+00  -2.538954111188e-06   5.784155580141e-06   8.786479227949e-03  -1.990860767485e+00  -1.449471427741e-05   3.264999800982e-05   1.180130492891e-01  -1.551466912210e+00  -2.509939106155e-05   5.713261123669e-05   2.399073548127e-01  -1.078068472269e+00  -1.444649495134e-05   3.327926700315e-05   1.526227030901e-01   3.960566449007e-07  -1.762383805614e-05   1.243643731823e-01   7.896075551673e-06  -2.993913059976e-05  -5.879226897659e-01  -5.617121679556e-01   1.688840746162e-01   1.310855492974e-01  -7.240552814600e-02  -6.408041603318e-01   3.518876295597e-01   2.731364860429e-01  -1.461110807308e-01  -7.992259615404e-01   6.666528433135e-01   5.174931300271e-01  -2.299800076470e-01  -7.094361486290e-01   4.870260411583e-01   3.780574912471e-01  -1.369011884147e-01  -2.461450199674e-01   1.031380349539e-01   1.195335538066e-01   1.328668630786e-01  -6.302303701010e-02  -5.879570404092e-01  -5.617441865635e-01   2.911939023433e-02  -2.118016794296e-01  -7.240970657648e-02  -6.408385583836e-01   6.067454732303e-02  -4.413285106534e-01  -1.461236261495e-01  -7.992664148067e-01   1.149394405117e-01  -8.360948128482e-01  -2.299916221160e-01  -7.094550984076e-01   8.396511640642e-02  -6.107825688884e-01  -1.369048110475e-01   6.857053113911e-02  -1.666525843069e-01   1.195463450869e-01   2.290999854364e-02   2.446732774315e-01  -5.879089489414e-01  -5.616993719128e-01  -1.979819699375e-01   8.066824028855e-02  -7.240381605827e-02  -6.407905440547e-01  -4.125130484444e-01   1.680833499513e-01  -1.461061377263e-01  -7.992100127571e-01  -7.815302014135e-01   3.184646018407e-01  -2.299753167992e-01  -7.094287313273e-01  -5.709617240122e-01   2.326607116873e-01  -1.368995725812e-01   1.775753052485e-01   6.346833072344e-02   1.195285792481e-01  -1.557562804980e-01  -1.817225805462e-01  -8.464669723674e-02  -2.203857594896e-01  -4.613129240381e-01  -5.280128087704e-01   7.645828561286e-03  -5.557008041982e-02  -1.382933559356e-01  -9.079242982670e-02  -2.302856551528e-01  -4.565865081735e-01  -5.150531568679e-01   1.208589308306e-01  -9.832051138739e-02   2.883336208508e-02  -9.079299927926e-02  -2.302862119985e-01  -4.565889349833e-01  -5.150554351133e-01  -8.985893573920e-02  -1.272794601683e-01   2.880882484546e-02  -8.464394866519e-02  -2.203738812550e-01  -4.612903937962e-01  -5.279997425907e-01  -5.194659167324e-02   2.115262639388e-02  -1.382854891127e-01  -9.077968027186e-02  -2.302600083580e-01  -4.565336423451e-01  -5.150201929463e-01  -1.455756838109e-01  -5.548716944474e-02   2.884480493984e-02  -9.077752125200e-02  -2.302546987522e-01  -4.565266920357e-01  -5.150183043965e-01  -6.531181709464e-02   1.414444581105e-01   2.879413113197e-02  -8.464495875842e-02  -2.203776808163e-01  -4.612974701345e-01  -5.280037887514e-01   4.432029500868e-02   3.437647581432e-02  -1.382880057005e-01  -9.078138718136e-02  -2.302624180786e-01  -4.565431818726e-01  -5.150288204433e-01   2.472118313478e-02   1.538254255781e-01   2.878074461385e-02  -9.078302428815e-02  -2.302671618105e-01  -4.565474707138e-01  -5.150282359196e-01   1.551481312985e-01  -1.415517626109e-02   2.885812878087e-02
  -2.626354910058e-07  -1.413392444967e-07  -5.837372014356e-01   7.059000331703e-08   8.453464386933e-07  -7.659046772006e-06  -5.237929327140e-01   2.954863886769e-07   6.017279104200e-06  -2.509939106155e-05  -6.905346162014e-01   4.035317564771e-07   1.289102451322e-05  -2.589167269486e-05  -5.701881729918e-01   9.895332656519e-08   7.622345214066e-06  -1.486238376120e-01  -1.154659568439e-07   7.568395972107e-06   1.647325993132e-01   6.455461598081e-02  -1.029767636826e+00  -9.674965976577e-01   4.512388683090e-02   1.690490942867e-01  -9.193144917266e-02  -7.464714699233e-01  -1.221111735698e-02   1.400508242762e-01  -7.153324694222e-02  -4.724083532337e-01  -1.872899075934e-01   7.989419828521e-02  -2.539092376931e-02  -1.709952633588e-01  -2.725626503637e-01   3.627075904732e-02  -1.046757692751e-02  -2.120899511809e-02   2.261391264310e-02   2.554374331608e-02   3.005805311756e-03  -3.785451915424e-03  -1.775547446207e-01  -1.668175764343e-01  -1.662029265388e-01  -4.709209890072e-02  -1.585109512966e-02  -1.287066104629e-01  -1.873030831110e-01  -3.901826973644e-02  -1.233491208472e-02  -8.146019643450e-02  -2.872139912615e-01  -2.227809650657e-02  -4.379765004587e-03  -2.949629355341e-02  -3.179247719236e-01  -1.012101381909e-02  -1.806161375137e-03  -1.497638800485e-03  -6.295626782390e-03   4.401263283373e-03  -2.523812535908e-02   4.270475799720e-03   1.207190577134e+00   1.134191325262e+00   1.266500875244e-01  -1.219579230172e-01   1.077705062636e-01   8.750879394795e-01   5.532603009356e-02  -1.010340270731e-01   8.385591168945e-02   5.537842824596e-01  -1.487928369923e-01  -5.761769504432e-02   2.976138721840e-02   2.004229165187e-01  -2.551033757231e-01  -2.615030703495e-02   1.226782691733e-02  -1.829842026713e-02  -1.631719121953e-02  -2.995059912340e-02   1.391059822942e-02   1.732612372364e-02  -1.996946394441e-02  -4.287125812179e-02  -4.439429448853e-02  -2.066591648373e-02  -4.081425975735e-02  -9.805632585262e-03  -3.245213887358e-02  -1.210974843938e-01  -1.503874810403e-01  -1.477059130013e-01  -9.322894126387e-02   5.030643643247e-02  -5.606613404385e-02   3.205170341544e-02   6.447239799486e-02   4.772618476276e-02   4.645882047461e-02   4.323500387422e-02  -1.973259088603e-02   2.034504290660e-02  -1.184257113563e-02   1.357390944815e-01   2.914391829567e-01   3.017326873868e-01   1.403784725895e-01   2.015597556769e-02  -2.536828223247e-02   2.206168156953e-01   2.278815019782e-01   3.867854933081e-01   3.811818108749e-01   1.958968509865e-01   2.171099555983e-01   1.332929235534e-01  -7.708161448172e-02   1.571957476909e-01   3.113239046506e-01   3.072410788930e-01   1.439236861499e-01   3.565513309342e-02  -2.258830082061e-01  -6.026837236702e-02  -1.157967189377e-01  -2.486153970017e-01  -2.574105110702e-01  -1.197769716260e-01   3.196874287060e-03   3.517068674012e-02  -1.881981859028e-01  -1.068023164548e-01  -2.364305382733e-01  -2.335397593391e-01  -1.027210634035e-01  -3.031698208392e-02   1.830981801766e-01   4.494161994446e-02  -2.216629597451e-01  -3.590531360245e-01  -3.536991696349e-01  -1.871794904059e-01   2.211844682476e-01  -5.478032394006e-02   7.223136412227e-02
   5.795818274079e-07   2.953056937168e-07   6.521595589548e-08  -5.837338606320e-01  -1.752044083613e-06   1.704727506982e-05   2.881304064422e-07  -5.237499461345e-01  -1.326710718542e-05   5.713261123669e-05   4.035317564771e-07  -6.903997873284e-01  -2.874386657648e-05   5.970346321100e-05   1.051306561245e-07  -5.700851239902e-01  -1.710439585879e-05  -6.457922069338e-02   1.647161715959e-01  -1.708733394043e-05  -1.089547422693e-07  -1.486791336381e-01  -7.992976203639e-01  -7.509639038928e-01   1.690561384885e-01  -4.144798434280e-02  -7.135663564771e-02  -5.794092762270e-01   1.400493502594e-01  -8.394199355972e-02  -5.551958070645e-02  -3.666312555908e-01   7.981797855764e-02  -2.282573453104e-01  -1.969750483151e-02  -1.326563244601e-01   3.621251844111e-02  -2.911473920695e-01  -8.117109990430e-03  -1.561899836413e-02  -8.534500845991e-03   1.984662211695e-02   2.259985105375e-02  -6.125801490619e-03   1.291468795933e+00   1.213371496766e+00  -4.709439087583e-02   1.698695198434e-01   1.152953146132e-01   9.361739954426e-01  -3.901882010981e-02   9.113173295515e-02   8.971284725360e-02   5.924357035989e-01  -2.225738327073e-02  -1.283823160131e-01   3.183975400389e-02   2.144349067498e-01  -1.010492193271e-02  -2.457823981476e-01   1.312539928828e-02  -7.608559062882e-03   1.971576246282e-02  -3.205264375706e-02  -6.291406298750e-03  -2.582047269431e-02  -4.918757523912e-01  -4.621321982155e-01  -1.219626571001e-01  -1.229704434051e-01  -4.391176842311e-02  -3.565609687719e-01  -1.010320179471e-01  -1.514721056380e-01  -3.416519286457e-02  -2.256120871152e-01  -5.756226545066e-02  -2.667357676367e-01  -1.211987327303e-02  -8.162082423239e-02  -2.610816717242e-02  -3.086079576143e-01  -4.993766045493e-03   5.438887365225e-03  -1.944241934097e-02   1.221371924266e-02  -1.630741935289e-02  -9.011031394646e-03   1.452076683008e-01   3.117785058529e-01   3.227921956505e-01   1.501967062164e-01  -9.815532850305e-03   2.915091603969e-02   2.360173983186e-01   1.932379421708e-01   3.598055473324e-01   3.548897873960e-01   1.724049658254e-01  -2.296152109100e-01   1.077363928338e-01  -7.047036235133e-02   2.187418953205e-01   3.870323337108e-01   3.815739197395e-01   1.911580758270e-01   1.939185552196e-01   1.777658750179e-01  -7.645221237002e-02  -5.529445063508e-02  -1.187320371135e-01  -1.229019874599e-01  -5.715454596235e-02  -2.538915426841e-02  -3.182527127016e-02  -8.988285654742e-02   8.247354319186e-03  -4.966879016374e-02  -4.953953742205e-02  -5.454804733379e-03  -4.022594867164e-02  -5.903587160142e-02   7.481703867611e-03  -1.651766890101e-01  -2.348076845758e-01  -2.309534957118e-01  -1.329670912237e-01  -5.232128763854e-02   1.224062146830e-01   4.845970053623e-02  -8.985628205861e-02  -1.929436498980e-01  -1.997305868078e-01  -9.289718332283e-02   3.520355489780e-02  -1.486521204750e-02  -1.460619494866e-01  -2.014671060591e-01  -3.100938625516e-01  -3.052809490041e-01  -1.668653475521e-01   9.517767579193e-03   1.883664162475e-01   6.289925874544e-02  -5.353772151330e-02  -1.521708420366e-01  -1.505263341964e-01  -5.809488697751e-02   1.187308393822e-01  -6.311289435875e-02   2.800966024698e-02
