ARMA_MAT_TXT_FN008
151 151
  -3.162692996128e+01  -3.220080789014e+01  -9.620567461673e-06   2.199930973805e-05   1.006455484266e-01  -1.162308427569e+01  -4.418369805110e-06   1.010346700101e-05   4.622276741556e-02  -5.208350673211e+00  -1.354772561946e-06   3.097952520666e-06   1.417295069165e-02  -2.292082260378e+00  -3.617803808481e-07   8.272816223583e-07   3.784764830773e-03   1.293295151597e-08  -1.108792324009e-06   8.644748676271e-03   4.959093129025e-07  -2.148280884204e-06  -4.744920857329e-04  -9.080271823979e-06   1.524046302135e-02   1.182953965758e-02  -6.437629839654e-03  -3.374622781095e-01   8.741361449554e-01   6.784980366377e-01  -3.694910562152e-01  -1.434372090936e+00   2.185300376802e+00   1.696213864496e+00  -9.236145492700e-01  -1.253645351539e+00   1.068066889672e+00   8.290255402085e-01  -4.513337076990e-01  -1.055618126773e+00   4.462465412009e-01   4.889001959053e-01   5.749172777046e-01  -2.703159962981e-01  -4.746475258330e-04  -9.088549460425e-06   2.628427954834e-03  -1.911824744813e-02  -6.439605082702e-03  -3.375082524213e-01   1.507321706257e-01  -1.096371635688e+00  -3.695439436077e-01  -1.434435134336e+00   3.767885316063e-01  -2.740624051214e+00  -9.236609563046e-01  -1.253662261320e+00   1.841500106395e-01  -1.339440811374e+00  -4.513426422281e-01   2.941027937432e-01  -7.211116027790e-01   4.889533190942e-01   9.914039858999e-02   1.049381995521e+00  -4.744298630822e-04  -9.076957564150e-06  -1.786457838574e-02   7.279017482766e-03  -6.436831387859e-03  -3.374438701203e-01  -1.024712723140e+00   4.175244885911e-01  -3.694694332399e-01  -1.434346846592e+00  -2.561830224477e+00   1.043830832041e+00  -9.235948494046e-01  -1.253638580314e+00  -1.252111366566e+00   5.101791710148e-01  -4.513295839689e-01   7.615190462731e-01   2.745998638961e-01   4.888794328156e-01  -6.739388733416e-01  -7.793395743705e-01  -1.311306095521e-05  -5.169298220357e-02  -6.356620022781e-01  -8.433646543419e-01   2.351221561656e-04  -1.709725235939e-03  -1.860139199403e-03  -2.136449375288e-05  -6.241396303249e-02  -6.766171849526e-01  -8.622430514185e-01   1.959298387843e-03  -3.026611099930e-03  -1.376019843628e-04  -2.136594188465e-05  -6.241560943225e-02  -6.766231077959e-01  -8.622457333169e-01  -1.070151710733e-03  -3.443136649111e-03  -1.379545460983e-04  -1.311155697425e-05  -5.169072803610e-02  -6.356528685475e-01  -8.433603525492e-01  -1.598149415564e-03   6.510290002524e-04  -1.859991068640e-03  -2.134191790925e-05  -6.238841334243e-02  -6.765254122584e-01  -8.622015257970e-01  -3.598020983633e-03  -1.831578425121e-04  -1.372992932099e-04  -2.133952147727e-05  -6.238571913292e-02  -6.765157594643e-01  -8.621971648508e-01  -2.444828273608e-03   2.645716042723e-03  -1.379917403868e-04  -1.311223672069e-05  -5.169175394456e-02  -6.356570353749e-01  -8.433623150538e-01   1.363385614179e-03   1.057980985014e-03  -1.860061230176e-03  -2.134638958806e-05  -6.239349575279e-02  -6.765436973130e-01  -8.622098074259e-01   1.640681894034e-03   3.207987520510e-03  -1.382244267116e-04  -2.134751109865e-05  -6.239473896109e-02  -6.765481284059e-01  -8.622118033043e-01   3.514705615752e-03   7.944436995148e-04  -1.371490701294e-04
  -3.220080789014e+01  -2.959968993372e+01  -1.219518447431e-05   2.788667525404e-05   1.275798994675e-01  -1.228187201077e+01  -3.685667799239e-06   8.428000513441e-06   3.855760674941e-02  -5.476805354808e+00  -9.306048235948e-07   2.128009998994e-06   9.735520532380e-03  -2.398795854270e+00  -2.326217782291e-07   5.319352074506e-07   2.433572238090e-03   5.802040032399e-09  -4.974314996784e-07   3.878246808885e-03   2.224771112471e-07  -9.637716242464e-07  -1.249566253046e-04   1.007783985328e-05   9.162163031663e-03   7.111600260796e-03  -3.880863080272e-03  -3.439933721265e-01   9.082679238727e-01   7.049906171619e-01  -3.844350806514e-01  -1.499478923459e+00   2.293548112456e+00   1.780234475538e+00  -9.706346226519e-01  -1.310181176975e+00   1.117726281074e+00   8.675705677566e-01  -4.730132544543e-01  -1.105540869556e+00   4.679507212921e-01   5.115741541165e-01   6.028798411151e-01  -2.831003170929e-01  -1.250110135009e-04   1.008157098571e-05   1.580234572721e-03  -1.149405314434e-02  -3.882280790430e-03  -3.440408277512e-01   1.566179319600e-01  -1.139182133601e+00  -3.844905551563e-01  -1.499544707803e+00   3.954526361734e-01  -2.876379250797e+00  -9.706833257994e-01  -1.310198761883e+00   1.927120444571e-01  -1.401717599509e+00  -4.730225876196e-01   3.080123900028e-01  -7.561860542205e-01   5.116307467652e-01   1.039625647668e-01   1.099012109157e+00  -1.249348476412e-04   1.007634589491e-05  -1.073945758618e-02   4.375845470650e-03  -3.880290731391e-03  -3.439743683000e-01  -1.064723336793e+00   4.338268632818e-01  -3.844124016113e-01  -1.499452578279e+00  -2.688728968904e+00   1.095536083720e+00  -9.706139459498e-01  -1.310174134461e+00  -1.310327724758e+00   5.338995878912e-01  -4.730089453646e-01   7.975323428631e-01   2.879553855623e-01   5.115520241184e-01  -7.067170009904e-01  -8.161960487151e-01  -2.034943892807e-06  -5.170098340072e-02  -6.626944740489e-01  -8.807542301327e-01   1.575260708538e-04  -1.145473484649e-03  -1.245159094192e-03  -3.837640877203e-06  -6.275750833465e-02  -7.059936121711e-01  -9.007211306393e-01   1.373622411292e-03  -2.124424472179e-03  -9.937404977875e-05  -3.837971038285e-06  -6.275918566327e-02  -7.059997882666e-01  -9.007239228660e-01  -7.495808833477e-04  -2.416360416956e-03  -9.962164049606e-05  -2.034664041516e-06  -5.169875195410e-02  -6.626851130375e-01  -8.807498227293e-01  -1.070715189165e-03   4.361709310166e-04  -1.245054179756e-03  -3.832514177896e-06  -6.273147775529e-02  -7.058978117733e-01  -9.006778254399e-01  -2.524485019650e-03  -1.271331863779e-04  -9.915165570450e-05  -3.831969219890e-06  -6.272872263261e-02  -7.058876849962e-01  -9.006732493680e-01  -1.716315800448e-03   1.855316237587e-03  -9.963546590173e-05  -2.034793817737e-06  -5.169977819317e-02  -6.626894168641e-01  -8.807518491345e-01   9.134328895617e-04   7.088194430087e-04  -1.245104791253e-03  -3.833527971644e-06  -6.273664282629e-02  -7.059168389449e-01  -9.006864286750e-01   1.152364787582e-03   2.250170427797e-03  -9.980159040306e-05  -3.833783276965e-06  -6.273792244787e-02  -7.059215297615e-01  -9.006885467682e-01   2.465705907347e-03   5.587429561137e-04  -9.904903030942e-05
  -9.620567461673e-06  -1.219518447431e-05  -1.486966790162e+01   8.379247894738e-08   3.212992069892e-06  -3.269244220049e-05  -9.711537449297e+00   9.143239395205e-08   3.505940675167e-06  -2.040986959327e-05  -3.453281910660e+00   3.789985749861e-08   1.453245196283e-06  -9.997665465547e-06  -9.735743432789e-01   1.117459430886e-08   4.284780003419e-07  -3.393945997804e-02  -3.410062400658e-09   1.137588173040e-05   2.124473444212e-01   1.474151167447e-02  -8.037153471292e-03  -1.680370929419e-03   1.304291861847e-01   1.182620394290e-01  -6.419214809448e-02  -5.998959725053e-01   9.472525041667e-01   1.058414362033e+00  -5.721923381967e-01  -7.014012457015e-01   1.267535690152e-01   7.909732314198e-01  -4.269232135014e-01  -1.942664410241e-01  -2.888150557183e-01   1.263634785402e-01  -6.817647401592e-02  -1.490746847564e+00   8.336801079315e-01   5.553327536637e-01   8.060737683123e-01   1.304369519255e-01  -1.386111384609e-03  -2.898458573396e-04  -1.740776855050e-02  -3.295160772026e-02  -1.107047317866e-02  -1.034434107760e-01  -3.758553990305e-01  -2.948710488649e-01  -9.866688612789e-02  -1.209404498977e-01  -8.620325708365e-01  -2.203516712602e-01  -7.361328425938e-02  -3.349899350875e-02  -4.467802597538e-01  -3.520506764176e-02  -1.175618248562e-02  -7.063161199505e-01  -2.322678092641e-01   9.575212131702e-02  -2.360977426892e-01   4.507675082055e-01   9.421015401955e-03   1.969582255538e-03   1.874442471275e-01  -8.531074750067e-02   7.524566653889e-02   7.032327611830e-01   1.457617681539e+00  -7.635476097333e-01   6.707545952616e-01   8.222400276115e-01   5.081883391198e-01  -5.706254120258e-01   5.004731133160e-01   2.277292853814e-01  -2.278838655998e-01  -9.115905514327e-02   7.992008028677e-02  -1.375036711279e+00  -6.014146657819e-01  -6.510134258599e-01   1.208053691943e+00   9.703397302962e-01  -4.023569667694e-05  -1.312924178871e-02  -4.176900468566e-02  -1.972380436460e-02  -1.476667548728e-03  -1.888965968288e-03  -2.064221643529e-03  -3.533527785156e-04  -8.792182358137e-02  -2.526499712778e-01  -1.153152883823e-01   9.324958605294e-03  -1.806238746327e-02  -7.861508061381e-04   1.914070986198e-04   4.772952633623e-02   1.375826064453e-01   6.287041579108e-02   1.072772988037e-03   1.114132500407e-02   4.315075354128e-04   2.734799603291e-04   8.924252242202e-02   2.839058009876e-01   1.340456174974e-01   1.026632098421e-02  -4.889432295401e-03   1.403080646068e-02   6.539001524429e-04   1.624599272305e-01   4.655581827887e-01   2.122496892537e-01   3.739093660915e-02   2.091497630487e-03   1.438469401140e-03   4.465551869369e-04   1.108051103931e-01   3.169317968606e-01   1.443800892415e-01   1.602563922599e-02  -2.001422692123e-02   9.813625695847e-04  -2.333086465734e-04  -7.613201040945e-02  -2.421982953479e-01  -1.143575815488e-01   6.998605187263e-03   6.778283690838e-03  -1.196968424039e-02  -3.009635435725e-04  -7.458293964442e-02  -2.129704091997e-01  -9.695878242677e-02   5.912143217289e-03   1.633549812527e-02  -6.587831816036e-04  -6.379170633778e-04  -1.585235112702e-01  -4.544886201537e-01  -2.072463688459e-01   3.552893177350e-02   8.509761102478e-03  -1.403751160919e-03
   2.199930973805e-05   2.788667525404e-05   8.379247894738e-08  -1.486964006423e+01  -7.183855700073e-06   7.475766529392e-05   9.143239395205e-08  -9.711507073792e+00  -7.838852797637e-06   4.667116033482e-05   3.789985749861e-08  -3.453269319634e+00  -3.249277716119e-06   2.286161858914e-05   1.117459430886e-08  -9.735706308713e-01  -9.580241355890e-07  -1.477976003357e-02   2.124430953819e-01  -2.606268081871e-05  -3.410062400658e-09  -3.402695091411e-02  -6.238363131014e-03  -1.304290536724e-03   1.182614591711e-01   6.986141896738e-02  -4.982529373555e-02  -4.656289671929e-01   1.058398627861e+00   4.051802369963e-01  -4.441260785226e-01  -5.444014814095e-01   7.909409854585e-01  -2.783615822749e-01  -3.313627589328e-01  -1.507703366227e-01   1.263482436231e-01  -3.535417017170e-01  -5.291231692814e-02  -9.029818358732e-01   3.791021704468e-01   4.310367596133e-01   8.336704990296e-01  -8.910824012103e-01   1.008205003753e-02   2.108232997031e-03  -3.295144706424e-02   2.177392031608e-01   8.052235527242e-02   7.524006430488e-01  -2.948666343143e-01   1.728362889561e+00   7.176586967246e-01   8.796431418899e-01  -2.203426099587e-01   7.103705827629e-01   5.354172349653e-01   2.436305715340e-01  -3.520078877716e-02  -1.955805352591e-01   8.550088953129e-02  -5.839653301930e-01   1.421385360007e+00  -6.964527616617e-01  -2.322651215251e-01  -1.675183023716e+00  -3.838631375833e-03  -8.025158386968e-04  -8.531032812819e-02   1.283008996793e-02  -3.065912516370e-02  -2.865322182624e-01  -7.635362915751e-01  -1.052141251268e-01  -2.732991070917e-01  -3.350130650924e-01  -5.706022278401e-01  -6.597739902654e-01  -2.039130515220e-01  -9.277852687357e-02  -9.114809913542e-02  -4.144710341148e-01  -3.256031203225e-02  -6.467306308460e-02  -2.292332181851e-02   2.652536104481e-01  -6.014077463604e-01  -1.006005387422e+00   2.925798925410e-04   9.546970777179e-02   3.037138491975e-01   1.434047503535e-01  -1.888959992773e-03   1.199939470108e-02   1.501024433659e-02   5.517393844027e-04   1.368939643912e-01   3.917693770597e-01   1.785225143855e-01  -1.831234391504e-02   2.577629558875e-02   1.210682980819e-03   6.266453156831e-04   1.555408535040e-01   4.454046389893e-01   2.030120450882e-01   1.139137410410e-02   3.402955600893e-02   1.381611256777e-03  -1.114059287491e-04  -3.635363646679e-02  -1.156471958276e-01  -5.459793966638e-02  -4.889412385311e-03   2.554782996918e-04  -5.715627748053e-03   3.007993218359e-05   7.684673091734e-03   2.289589395888e-02   1.060257467553e-02   1.841776884636e-03  -2.311452110772e-03   7.525867258923e-05  -4.785263990155e-04  -1.190464342401e-01  -3.417759268794e-01  -1.559275869086e-01  -1.976432566134e-02   1.905087057479e-02  -1.064925127799e-03  -1.810464615241e-04  -5.907716206640e-02  -1.879351883594e-01  -8.872880829706e-02   6.778259994782e-03   3.523536843055e-03  -9.288389096354e-03  -5.814267507571e-04  -1.445425941719e-01  -4.146238911439e-01  -1.891009305691e-01   1.608550032926e-02   2.917086538170e-02  -1.292437976983e-03  -1.474750581913e-04  -3.643095505210e-02  -1.035517290385e-01  -4.705091579407e-02   8.759484586117e-03  -4.438359292252e-04  -3.152020393540e-04
   1.006455484266e-01   1.275798994675e-01   3.212992069892e-06  -7.183855700073e-06  -1.477264311533e+01   3.420119272109e-01   3.505940675167e-06  -7.838852797637e-06  -9.605666286306e+00   2.135178963428e-01   1.453245196283e-06  -3.249277716119e-06  -3.409397138882e+00   1.045906642983e-01   4.284780003419e-07  -9.580241355890e-07  -9.606351804781e-01  -3.410062400658e-09   4.234904870241e-05   2.060797224028e-01  -1.854475396394e-05   2.124519649496e-06   3.430510144447e-03   7.127466483087e-04  -6.530431497166e-02  -5.068879494123e-02   5.642778573645e-03   2.674018327973e-01  -6.091438494307e-01  -4.728142213793e-01  -1.573833202070e-01   3.572430347735e-01  -5.205004756883e-01  -4.040103627376e-01  -6.635152505931e-01   1.396269504677e-01  -1.173524443042e-01  -9.108877581644e-02  -3.963726604705e-01   8.764334967106e-01   1.244857926199e-01  -7.153868917126e-01   1.603799844968e-01   2.244292486123e-01   3.431540289696e-03   7.130700780619e-04  -1.126224245806e-02   8.191761026379e-02   5.644643652244e-03   2.674372131780e-01  -1.050373483091e-01   7.640059741475e-01  -1.573991248725e-01   3.572614008365e-01  -8.974469280989e-02   6.527735054747e-01  -6.635412161569e-01   1.396296650239e-01  -2.023317904748e-02   1.471699952956e-01  -3.963775616429e-01  -2.441763967904e-01  -2.011483222726e-01  -7.154738820610e-01   2.765441516262e-02  -8.712429826335e-01   3.430093720007e-03   7.126163051988e-04   7.654942858388e-02  -3.119050107113e-02   5.641966114272e-03   2.673873666606e-01   7.140746377120e-01  -2.909541636767e-01  -1.573776023584e-01   3.572353241141e-01   6.101820486874e-01  -2.486228779504e-01  -6.635053476362e-01   1.396257640819e-01   1.375741396345e-01  -5.605570230042e-02  -3.963707945851e-01  -6.322595824948e-01   7.660572866227e-02  -7.153516577567e-01  -1.880101593587e-01   6.470530004351e-01   3.153080128977e-04   1.048506352971e-01   3.546008030521e-01   1.932865868031e-01  -2.044705431497e-03   1.486837669271e-02   1.448520638084e-02   2.965276056901e-05   9.857633713569e-03   4.959379978613e-02   4.880248751585e-02  -1.063914056052e-03   1.622007433709e-03  -2.319475491120e-03   2.971644995726e-05   9.873175635731e-03   4.963805219436e-02   4.882261951985e-02   5.880104930811e-04   1.852559559091e-03  -2.319255564112e-03   3.152763789280e-04   1.048466846026e-01   3.545974452903e-01   1.932865206026e-01   1.389824471349e-02  -5.661650029893e-03   1.448424863728e-02   2.958992437240e-05   9.845250427777e-03   4.956229754334e-02   4.878876542612e-02   1.933247524664e-03   1.100800200240e-04  -2.317982414145e-03   2.971308195738e-05   9.876066312407e-03   4.965100548591e-02   4.882927929905e-02   1.310684101476e-03  -1.435566480204e-03  -2.317138981883e-03   3.152909917468e-04   1.048485608764e-01   3.545993716369e-01   1.932867656058e-01  -1.185657334439e-02  -9.200647937752e-03   1.448472203557e-02   2.975740036730e-05   9.886066113203e-03   4.967843577792e-02   4.884158886703e-02  -8.759016374930e-04  -1.738257581274e-03  -2.317459899270e-03   2.956517004020e-05   9.838347167034e-03   4.954154282178e-02   4.877914495512e-02  -1.889705024579e-03  -4.151917919241e-04  -2.318565237771e-03
  -1.162308427569e+01  -1.228187201077e+01  -3.269244220049e-05   7.475766529392e-05   3.420119272109e-01  -1.704721746335e+01  -5.271106217434e-05   1.205348581943e-04   5.515670131493e-01  -1.211418224624e+01  -3.360256966481e-05   7.684973445632e-05   3.532058992820e-01  -6.473045089561e+00  -1.208691161049e-05   2.764850853220e-05   1.277840868777e-01   3.099046927710e-07  -2.655313267954e-05   2.071045053776e-01   1.187595643121e-05  -5.148297681487e-05  -1.432101839084e-01  -1.424090066747e-01   5.951751826871e-01   4.619727576179e-01  -2.477654244231e-01  -1.823925243462e+00   3.044636314457e+00   2.363242139533e+00  -1.253952745415e+00  -4.209495282226e+00   5.486338207948e+00   4.258491180818e+00  -2.234548695523e+00  -3.726099093945e+00   3.017738075759e+00   2.342364256523e+00  -1.221135933749e+00  -3.033966027801e+00   1.250650639860e+00   1.431653469315e+00   1.611252731071e+00  -7.768939301888e-01  -1.432356879310e-01  -1.424357030522e-01   1.026310890140e-01  -7.465049431217e-01  -2.478054855611e-01  -1.824109275949e+00   5.249821615952e-01  -3.818560177798e+00  -1.254086996560e+00  -4.209679871404e+00   9.459441234384e-01  -6.880515956719e+00  -2.234658506219e+00  -3.726155515051e+00   5.202975309595e-01  -3.784486879915e+00  -1.221161780186e+00   8.452286023290e-01  -2.020866992054e+00   1.431731810783e+00   2.778325391270e-01   3.015867174188e+00  -1.431999804640e-01  -1.423983234150e-01  -6.976940767736e-01   2.842804140705e-01  -2.477491303676e-01  -1.823851754654e+00  -3.569156564194e+00   1.454282285537e+00  -1.253897623446e+00  -4.209421601582e+00  -6.431661807715e+00   2.620635819164e+00  -2.234502066965e+00  -3.726076577438e+00  -3.537750737340e+00   1.441485958546e+00  -1.221124069127e+00   2.188750025659e+00   7.696120586895e-01   1.431623616058e+00  -1.888814036924e+00  -2.239944725888e+00  -1.369697871357e-02  -3.974808200234e-01  -2.044454794164e+00  -2.570012467645e+00   1.475630968728e-02  -1.073008759091e-01  -1.230877246480e-01  -1.735018144819e-02  -4.443591030272e-01  -2.129026685545e+00  -2.607252493801e+00   1.092185313874e-01  -1.606053028106e-01  -3.425226438172e-03  -1.735076557354e-02  -4.443677496951e-01  -2.129044725065e+00  -2.607261209393e+00  -6.184144562593e-02  -1.841201428915e-01  -3.445006907564e-03  -1.369589210934e-02  -3.974614723924e-01  -2.044413530609e+00  -2.569992582246e+00  -1.003003796452e-01   4.085828128922e-02  -1.230795173348e-01  -1.734062483149e-02  -4.442217207587e-01  -2.128750942198e+00  -2.607122518299e+00  -1.936154749780e-01  -1.426640836709e-02  -3.412380121181e-03  -1.733954444511e-02  -4.442075754380e-01  -2.128724844274e+00  -2.607110932397e+00  -1.284814215353e-01   1.455307609193e-01  -3.452218322405e-03  -1.369633715986e-02  -3.974690862764e-01  -2.044429728507e+00  -2.570000378100e+00   8.556589624509e-02   6.639774586409e-02  -1.230829080356e-01  -1.734245504503e-02  -4.442495945308e-01  -2.128809479792e+00  -2.607150900657e+00   8.446061748844e-02   1.748223854189e-01  -3.464112083907e-03  -1.734301512572e-02  -4.442558894477e-01  -2.128819024199e+00  -2.607154453124e+00   1.903060678250e-01   3.849985689879e-02  -3.402738947462e-03
  -4.418369805110e-06  -3.685667799239e-06  -9.711537449297e+00   9.143239395205e-08   3.505940675167e-06  -5.271106217434e-05  -1.340742063213e+01   3.213039335270e-07   1.229345505827e-05  -6.200649890354e-05  -8.474154267571e+00   3.135355975854e-07   1.176743652676e-05  -3.954538655934e-05  -3.105251630717e+00   1.307759027894e-07   4.848445166614e-06  -1.766020417499e-01  -1.780677788227e-08   3.142672596067e-05   6.025510507146e-01   7.670694009069e-02  -3.904267189780e-01  -4.139302759501e-01   9.784833688801e-01   1.016166926548e+00  -5.448322217294e-01  -2.348538209591e+00   2.181623445328e+00   2.881969229701e+00  -1.527739304770e+00  -2.183796446558e+00   2.463239976231e-02   2.113218196910e+00  -1.109706892836e+00  -6.609649300712e-01  -1.002968308686e+00   4.019635438276e-01  -2.103124648180e-01  -2.668794714878e+00   1.706655236060e+00   8.567517693203e-01   1.413486705548e+00   8.508727098615e-01  -6.732651914140e-02  -7.137999530427e-02  -2.918081749490e-01  -2.831066769135e-01  -9.395101073083e-02  -4.049613685658e-01  -1.421081941821e+00  -8.028857633114e-01  -2.634310496279e-01  -3.765481472066e-01  -2.617087043394e+00  -5.887118105215e-01  -1.913439449637e-01  -1.139796070623e-01  -1.505461169246e+00  -1.119922739936e-01  -3.626596257279e-02  -2.202049998798e+00  -4.754635041623e-01   1.477151458857e-01  -7.199780340264e-01   1.042301637847e+00   4.576723690515e-01   4.852228822599e-01   1.468461262424e+00  -7.330641517771e-01   6.386761211447e-01   2.753120132708e+00   3.571357905116e+00  -2.079096186348e+00   1.790917493703e+00   2.560017842072e+00   1.043691817356e+00  -1.524516894664e+00   1.300886169892e+00   7.748075775043e-01  -8.091550260524e-01  -2.899732751682e-01   2.465389155514e-01  -2.599454746359e+00  -1.231197395124e+00  -1.004389208747e+00   2.236443465367e+00   1.351558592910e+00  -5.116166529742e-03  -7.436802383880e-02  -1.453034731854e-01  -6.910657644148e-02  -4.090915569300e-02  -3.276507322585e-02  -3.852688553165e-02  -3.549542061397e-02  -4.466009437845e-01  -8.402460979171e-01  -3.970527695305e-01   1.260677537071e-01  -2.688860419710e-01  -6.769977267518e-03   1.884174961345e-02   2.344429099040e-01   4.497646979434e-01   2.149842949641e-01  -3.001878181372e-03   1.623651769419e-01   4.723739221248e-03   3.477566667666e-02   5.055007303957e-01   9.876163730594e-01   4.696308075172e-01   1.627841144752e-01  -8.480976114695e-02   2.618795859524e-01   6.694878861466e-02   8.509458200970e-01   1.573339134086e+00   7.355753485149e-01   5.598074799537e-01   4.771066832560e-02   9.162644014239e-03   4.626025378097e-02   5.915953945762e-01   1.082019407769e+00   5.024563386446e-01   2.255644538579e-01  -3.236285995782e-01   4.893164937424e-03  -2.966694494883e-02  -4.312366920340e-01  -8.425335487948e-01  -4.006598060701e-01   1.061019198180e-01   1.175720182074e-01  -2.234068402107e-01  -3.147839045754e-02  -4.045374677318e-01  -7.333058071717e-01  -3.386176633894e-01   6.882809788674e-02   2.651909639068e-01  -2.494170084224e-03  -6.509802695541e-02  -8.259873475952e-01  -1.531703369312e+00  -7.174349858983e-01   5.321390997464e-01   1.172659960647e-01  -9.467736995553e-03
   1.010346700101e-05   8.428000513441e-06   9.143239395205e-08  -9.711507073792e+00  -7.838852797637e-06   1.205348581943e-04   3.213039335270e-07  -1.340731383462e+01  -2.748648785830e-05   1.418100765160e-04   3.135355975854e-07  -8.474048628182e+00  -2.630937656373e-05   9.045908441540e-05   1.307759027894e-07  -3.105206675195e+00  -1.084001770609e-05  -7.680979545289e-02   6.025289103161e-01  -7.212169735297e-05  -1.780677788227e-08  -1.768373910921e-01  -3.030458414688e-01  -3.212892814215e-01   1.016158372466e+00   4.580590537738e-01  -4.228931933450e-01  -1.822893265234e+00   2.881902430851e+00   7.056214813074e-01  -1.185804398470e+00  -1.694960579664e+00   2.113085280226e+00  -1.057705991292e+00  -8.613104354201e-01  -5.129567375156e-01   4.018956727483e-01  -1.208863790282e+00  -1.632234519068e-01  -1.310265396616e+00   5.394290019283e-01   6.649746730772e-01   1.706624343317e+00  -2.312143749035e+00   4.897081164440e-01   5.191918815751e-01  -2.831044146086e-01   1.728478116119e+00   6.833634149093e-01   2.945503634385e+00  -8.028672833285e-01   4.308344750454e+00   1.916077758842e+00   2.738735724581e+00  -5.886745198207e-01   1.583825496217e+00   1.391709121135e+00   8.289173959111e-01  -1.119732112038e-01  -7.063833702271e-01   2.637540691620e-01  -1.121471077547e+00   2.672967432764e+00  -1.074378874815e+00  -4.754550047347e-01  -2.778018911662e+00  -1.864806571572e-01  -1.977063508762e-01  -7.330578691550e-01  -3.196914970605e-02  -2.602309136330e-01  -1.121757724776e+00  -2.079047894579e+00  -6.841180978543e-01  -7.297089633682e-01  -1.043039630415e+00  -1.524421280326e+00  -2.076688289736e+00  -5.300307100535e-01  -3.156506588523e-01  -2.899244678172e-01  -1.402671275663e+00  -1.004415255749e-01  -8.129058377419e-01  -2.835583381284e-01   4.092252408815e-01  -1.231175032869e+00  -2.379932506306e+00   3.720336967023e-02   5.407766738798e-01   1.056528570032e+00   5.024282910763e-01  -3.276613180215e-02   1.928418104507e-01   2.801588512876e-01   5.685123602244e-02   7.249939494330e-01   1.331797166682e+00   6.201897549531e-01  -2.982992122119e-01   3.771914516626e-01   6.717638846225e-03   6.432112882440e-02   8.186076573608e-01   1.509100436833e+00   7.043063689526e-01   1.917839505035e-01   5.062662043633e-01   8.355954304967e-03  -1.416648193969e-02  -2.059217458930e-01  -4.022939038739e-01  -1.912767262830e-01  -8.481176989423e-02  -1.086340228859e-02  -1.066817741020e-01   2.309500398768e-03   2.422144331923e-02   6.170766582815e-02   3.375988247015e-02   1.831029241172e-02  -5.672562241386e-02   2.501810239991e-03  -4.844432640535e-02  -6.120872772573e-01  -1.143801295333e+00  -5.382353064962e-01  -2.942183195814e-01   2.774857376019e-01  -8.284999523126e-03  -2.302164310325e-02  -3.346364458150e-01  -6.537607878911e-01  -3.108546946510e-01   1.175754079409e-01   4.582239904467e-02  -1.733654191937e-01  -5.913824127358e-02  -7.490632416399e-01  -1.393356359097e+00  -6.538444710341e-01   2.357749485928e-01   4.342739355177e-01  -9.331264774762e-03  -1.583920113983e-02  -2.062524444517e-01  -3.650330627653e-01  -1.659325357214e-01   1.466662255412e-01  -2.900900808729e-02  -5.486162140474e-05
   4.622276741556e-02   3.855760674941e-02   3.505940675167e-06  -7.838852797637e-06  -9.605666286306e+00   5.515670131493e-01   1.229345505827e-05  -2.748648785830e-05  -1.303562628419e+01   6.517674518647e-01   1.176743652676e-05  -2.630937656373e-05  -8.111438602150e+00   4.180779403834e-01   4.848445166614e-06  -1.084001770609e-05  -2.952880876516e+00  -1.780677788227e-08   1.104308980479e-04   4.917476768897e-01  -4.842267612826e-05   1.107019926544e-05   1.661188622165e-01   1.757910308189e-01  -5.607642132942e-01  -4.352631067713e-01  -9.613550740930e-02   1.040787352779e+00  -1.655080950874e+00  -1.284674304659e+00  -8.283538161313e-01   1.127032042292e+00  -1.424188886623e+00  -1.105465235052e+00  -2.023866707790e+00   5.131436745278e-01  -4.103528958895e-01  -3.185220310577e-01  -1.281401391757e+00   1.829840426527e+00   7.127155792279e-01  -1.762271531637e+00   9.182127991400e-01   4.685540238043e-01   1.661500076258e-01   1.758251453734e-01  -9.669794161879e-02   7.033491533199e-01  -9.614659874727e-02   1.040900486001e+00  -2.853844643267e-01   2.075804349146e+00  -8.284246605146e-01   1.127094105523e+00  -2.455562470886e-01   1.786121362364e+00  -2.023944691982e+00   5.131560739758e-01  -7.074918486103e-02   5.146193401093e-01  -1.281418266453e+00  -5.097727895693e-01  -1.151610274170e+00  -1.762428091617e+00   1.583252839484e-01  -1.818929505321e+00   1.661061983899e-01   1.757771659195e-01   6.573533249537e-01  -2.678433041111e-01  -9.613162739593e-02   1.040740915503e+00   1.940207200731e+00  -7.905552516639e-01  -8.283271530962e-01   1.127006092015e+00   1.669581091528e+00  -6.802918396517e-01  -2.023836879781e+00   5.131383709361e-01   4.810666663609e-01  -1.960186548349e-01  -1.281394974426e+00  -1.320073595584e+00   4.385899316108e-01  -1.762207794112e+00  -1.076404428958e+00   1.350945130102e+00   3.900303366816e-02   5.648516128485e-01   1.200120524731e+00   6.867695044466e-01  -3.457933956245e-02   2.514453418185e-01   2.413663433402e-01   3.583686974231e-03   6.293231138751e-02   1.976617846880e-01   2.042789657949e-01  -2.289342704420e-02   2.950465798831e-02  -5.538960247082e-02   3.589952727964e-03   6.300953562452e-02   1.978042380883e-01   2.043455308889e-01   1.410260710346e-02   3.464076378911e-02  -5.538561363098e-02   3.900030091697e-02   5.648277073349e-01   1.200100417239e+00   6.867657541406e-01   2.350425167877e-01  -9.574698242491e-02   2.413529052740e-01   3.578427321999e-03   6.287056857396e-02   1.975531906434e-01   2.042290926482e-01   3.695302013350e-02   5.067690435116e-03  -5.536702147392e-02   3.590772952268e-03   6.302398364119e-02   1.978378072113e-01   2.043624213568e-01   2.295861601594e-02  -2.953795202512e-02  -5.535287545695e-02   3.900148182443e-02   5.648376812055e-01   1.200109161253e+00   6.867675998840e-01  -2.005133689902e-01  -1.555955813375e-01   2.413589219345e-01   3.594882964029e-03   6.307382723547e-02   1.979283305282e-01   2.044044790783e-01  -1.415311842120e-02  -3.467024047133e-02  -5.535749791825e-02   3.575724344387e-03   6.283635148716e-02   1.974885133725e-01   2.041986098090e-01  -3.692563708170e-02  -5.084043975347e-03  -5.537629556318e-02
  -5.208350673211e+00  -5.476805354808e+00  -2.040986959327e-05   4.667116033482e-05   2.135178963428e-01  -1.211418224624e+01  -6.200649890354e-05   1.418100765160e-04   6.517674518647e-01  -1.344713678481e+01  -8.255450130994e-05   1.893165239955e-04   9.238342016179e-01  -9.850263742839e+00  -4.463463111619e-05   1.026894211928e-04   5.337284434676e-01   4.350637515289e-07  -3.700302153334e-05   2.903063906320e-01   1.655000262577e-05  -7.248707748490e-05  -1.182421855013e+00  -1.288255880686e+00   1.123154975342e+00   8.717954530387e-01  -4.526893203102e-01  -4.138955570733e+00   3.521865738650e+00   2.733701145803e+00  -1.387508053506e+00  -6.701038517565e+00   6.347404627063e+00   4.926948305268e+00  -2.397896008746e+00  -6.298168546812e+00   4.530349425693e+00   3.516511817321e+00  -1.659793782411e+00  -2.044580428548e+00   8.034267134706e-01   1.010976892595e+00   1.035060527090e+00  -5.235092369345e-01  -1.182499837712e+00  -1.288341961927e+00   1.936587988638e-01  -1.408620013076e+00  -4.527244151557e-01  -4.139204313800e+00   6.072448375286e-01  -4.416964786087e+00  -1.387605344205e+00  -6.701299699057e+00   1.094388612054e+00  -7.960413310495e+00  -2.398000571111e+00  -6.298275234076e+00   7.810806699185e-01  -5.681442111758e+00  -1.659830971984e+00   5.695594723200e-01  -1.298155262446e+00   1.011001769269e+00   1.784693640696e-01   2.032286206547e+00  -1.182390678462e+00  -1.288221463743e+00  -1.316663266558e+00   5.364881904834e-01  -4.526749127570e-01  -4.138856592821e+00  -4.128671584169e+00   1.682282960979e+00  -1.387467984237e+00  -6.700934869847e+00  -7.441145480458e+00   3.032019236236e+00  -2.397851553121e+00  -6.298126279829e+00  -5.311041869835e+00   2.164065563728e+00  -1.659776734797e+00   1.475030450505e+00   4.944137969551e-01   1.010967951319e+00  -1.213388393070e+00  -1.509493791855e+00  -3.950448876177e-01  -1.574966151353e+00  -3.867159836287e+00  -4.577852750942e+00   9.042369395300e-02  -6.574930011201e-01  -8.362843344990e-01  -4.285480477663e-01  -1.647032942602e+00  -3.910757127663e+00  -4.580163731125e+00   6.742992352659e-01  -8.973871276573e-01   2.760797817246e-02  -4.285542192951e-01  -1.647051515317e+00  -3.910786354432e+00  -4.580181133735e+00  -4.072085410561e-01  -1.046037849904e+00   2.748249572326e-02  -3.950276673448e-01  -1.574903511651e+00  -3.867063756909e+00  -4.577800895535e+00  -6.146112042791e-01   2.503603255959e-01  -8.362497946032e-01  -4.284470261348e-01  -1.646733915689e+00  -3.910327448102e+00  -4.579932172604e+00  -1.114117597039e+00  -1.351786123665e-01   2.767771797777e-02  -4.284346227070e-01  -1.646700901957e+00  -3.910290488551e+00  -4.579917869047e+00  -7.022222654473e-01   8.754257904259e-01   2.742149308624e-02  -3.950342594222e-01  -1.574926119048e+00  -3.867097526726e+00  -4.577818978388e+00   5.243220419679e-01   4.068514675564e-01  -8.362630324900e-01  -4.284656986538e-01  -1.646793334518e+00  -3.910424520573e+00  -4.579990610249e+00   4.399949113954e-01   1.032488384989e+00   2.734947370479e-02  -4.284723923656e-01  -1.646808704697e+00  -3.910432934325e+00  -4.579987761677e+00   1.109325359504e+00   1.704105770088e-01   2.774243058814e-02
  -1.354772561946e-06  -9.306048235948e-07  -3.453281910660e+00   3.789985749861e-08   1.453245196283e-06  -3.360256966481e-05  -8.474154267571e+00   3.135355975854e-07   1.176743652676e-05  -8.255450130994e-05  -1.167016413364e+01   6.564269974980e-07   2.536943773627e-05  -7.913848074816e-05  -7.317180296264e+00   3.229436873753e-07   1.536604284620e-05  -1.898462975720e-01  -1.917234221838e-08   2.441124888478e-05   4.806433539833e-01   8.245968517468e-02  -2.057376985034e+00  -2.258088390623e+00   6.725400535500e-01   1.367618879845e+00  -7.104453703555e-01  -5.190616968126e+00   9.482426099789e-01   3.170842607520e+00  -1.612950273177e+00  -4.714655046565e+00  -1.499218785966e+00   3.136148931114e+00  -1.555543525398e+00  -1.821013175463e+00  -2.913173510989e+00   9.345527308104e-01  -4.589929954018e-01  -7.613513208855e-01   9.370790395456e-01  -2.370290811812e-02   3.746764953065e-01   1.476548502457e+00  -3.547400938139e-01  -3.893478005971e-01  -1.037094605517e+00  -3.809894729141e-01  -1.224989780494e-01  -8.949820003580e-01  -3.015579343359e+00  -8.833260835054e-01  -2.781128863192e-01  -8.129232258351e-01  -5.419735154874e+00  -8.736820518645e-01  -2.682137305049e-01  -3.140122118246e-01  -4.081475223849e+00  -2.603760124427e-01  -7.914483404459e-02  -2.501974486322e+00  -2.610484179438e-01  -4.094046316685e-03  -7.967325297134e-01   7.676734299599e-01   2.411843625510e+00   2.647134776392e+00   1.332062834345e+00  -9.866362119386e-01   8.328436891087e-01   6.084917735160e+00   2.477367758918e+00  -2.287532836463e+00   1.890838836639e+00   5.526932457666e+00   1.315351410646e-02  -2.262483983119e+00   1.823544145416e+00   2.134688027363e+00  -2.462549070977e+00  -6.741817748469e-01   5.380634193017e-01  -1.016926872572e+00  -6.760336242929e-01   2.776744639365e-02   8.265722508224e-01  -3.850857721296e-01  -1.097064675775e-01  -3.146560601084e-01  -3.996345775687e-01  -2.044711913694e-01  -4.605400115341e-01  -1.651182373900e-01  -2.151061814927e-01  -6.591074815070e-01  -1.714880421901e+00  -2.164862539761e+00  -1.142194858910e+00   3.671979702651e-01  -1.227355163357e+00   1.677552923936e-02   3.519511158481e-01   8.791121780882e-01   1.128084721799e+00   6.114057937802e-01  -2.626658036317e-01   7.417309314942e-01   2.086943741041e-03   7.457246076899e-01   2.138880053707e+00   2.716374688497e+00   1.389620005655e+00   5.659938250630e-01  -4.273922139087e-01   1.462207999223e+00   1.236844948421e+00   3.335653412002e+00   4.152373151312e+00   2.138680979194e+00   2.378199439670e+00   3.448967812021e-01  -6.685110585461e-02   8.517962345891e-01   2.347732485852e+00   2.898197121058e+00   1.470756009700e+00   7.467045025906e-01  -1.603152720875e+00  -6.070071551669e-02  -6.361638733356e-01  -1.824632265947e+00  -2.317311813782e+00  -1.185517084435e+00   2.803373171769e-01   5.924913689504e-01  -1.247374715284e+00  -5.779590100127e-01  -1.621264449151e+00  -1.987998262391e+00  -9.967327912118e-01   1.119518203473e-02   1.300690724973e+00   4.956616232897e-02  -1.203665378724e+00  -3.226642931592e+00  -4.026044980902e+00  -2.082110351645e+00   2.272587042449e+00   4.432564194355e-01   5.937604026867e-02
   3.097952520666e-06   2.128009998994e-06   3.789985749861e-08  -3.453269319634e+00  -3.249277716119e-06   7.684973445632e-05   3.135355975854e-07  -8.474048628182e+00  -2.630937656373e-05   1.893165239955e-04   6.564269974980e-07  -1.166987233275e+01  -5.676585809044e-05   1.820712881205e-04   3.229436873753e-07  -7.316967835468e+00  -3.445711063415e-05  -8.253796562850e-02   4.806191007328e-01  -5.611166539986e-05  -1.917234221838e-08  -1.900254873303e-01  -1.596918858247e+00  -1.752709729952e+00   1.367597711439e+00  -2.786579396907e-02  -5.514395509336e-01  -4.028878829582e+00   3.170737714407e+00  -6.756691393764e-01  -1.251942320844e+00  -3.659309312247e+00   3.135885091097e+00  -3.105452351404e+00  -1.207355439105e+00  -1.413261780376e+00   9.343858879359e-01  -3.391827054454e+00  -3.562336222687e-01   2.383376251759e-01  -1.052056913591e-01  -1.842143723767e-02   9.370404432912e-01  -2.092366049013e+00   2.580248840921e+00   2.831973076686e+00  -3.809842060465e-01   1.681696892909e+00   8.910086762729e-01   6.509715988201e+00  -8.832983220430e-01   3.287871259475e+00   2.022864295003e+00   5.912636622766e+00  -8.736090675191e-01   8.146002341960e-01   1.950816797400e+00   2.283696626585e+00  -2.603295512911e-01  -2.223625997424e+00   5.756181417842e-01  -4.719538844347e-01   1.066144442557e+00   2.981102622848e-02  -2.610375496034e-01  -3.511297429848e-01  -9.827168850366e-01  -1.078587581148e+00  -9.866203423966e-01  -6.873587147493e-01  -3.393446944498e-01  -2.479306238404e+00  -2.287455822076e+00  -2.204679904430e+00  -7.704211437387e-01  -2.251871584401e+00  -2.262293230893e+00  -4.617637922239e+00  -7.429841184776e-01  -8.696695127367e-01  -6.740614072848e-01  -3.842409915296e+00  -2.192160590757e-01  -1.625172315424e+00  -5.570779057095e-01  -1.132966238282e-02  -6.760059864624e-01  -1.835976417298e+00   7.977531145445e-01   2.288099951693e+00   2.905869635367e+00   1.486616547943e+00  -1.651301595625e-01   7.174357080111e-01   1.564222638950e+00   1.047918595757e+00   2.862084383286e+00   3.545158272199e+00   1.810192198985e+00  -1.506298107255e+00   1.470576859161e+00  -6.729595180836e-02   1.186890178776e+00   3.218622787862e+00   3.997746221744e+00   2.051200094923e+00   1.020722128205e+00   2.100421562543e+00  -6.901196975909e-02  -3.037833431171e-01  -8.713105300825e-01  -1.106499854975e+00  -5.659948989718e-01  -4.274152311648e-01  -3.091224523674e-01  -5.956649304585e-01   4.676823805861e-02   5.390677357302e-02   1.020427141774e-01   8.402701671513e-02   6.600098506483e-02  -5.405556900621e-01   1.911788658080e-02  -8.979489150257e-01  -2.370018069914e+00  -2.975243343111e+00  -1.554826698577e+00  -1.324163369604e+00   1.090865183408e+00   3.258630059948e-02  -4.936637744493e-01  -1.415922754835e+00  -1.798139179301e+00  -9.198157264182e-01   5.925296039649e-01  -2.346362204996e-02  -9.679830630932e-01  -1.094534934049e+00  -2.915675265456e+00  -3.646920344121e+00  -1.893988057923e+00   1.021669406215e+00   1.826405478476e+00   4.759130475217e-02  -2.886491708556e-01  -8.479862352848e-01  -1.021941662668e+00  -4.960432789905e-01   7.221328891750e-01  -4.348917291737e-01   3.648778946564e-02
