ARMA_MAT_TXT_FN008
151 151
   3.234954106261e-01   2.818775008057e-01   1.066577820223e-08   2.400040116710e-08  -5.672289671845e-03  -5.322007916011e-02   5.600951266000e-08  -7.628562608164e-08  -6.186882883606e-03  -5.227128329555e-02   8.957036350413e-08  -1.327483020349e-07  -9.692672750276e-03   1.182315740377e-02  -8.128867857495e-08  -1.212253736431e-07  -4.682597298286e-03   5.406229248389e-09  -3.086476819657e-08   1.060811771036e-03   1.293397982691e-08  -2.507102341190e-07   1.183606814903e-03   1.877883852879e-03   4.502472642006e-03   3.494673670528e-03  -1.798947464905e-03  -4.264551324849e-03   7.799641177187e-03   6.054024817655e-03  -3.295072849075e-03   3.540572015922e-03   1.497047535492e-03   1.162282017025e-03  -7.741178237489e-05  -4.240767770224e-03   6.720729800398e-04   5.216430659573e-04  -4.665543833787e-05  -1.867264546836e-03   1.141537541026e-03   5.140586851797e-04   1.471012126421e-03  -4.781752240449e-04   1.183571649808e-03   1.877811780305e-03   7.763058903637e-04  -5.646534512851e-03  -1.798788930572e-03  -4.264412646471e-03   1.344747466974e-03  -9.781465711817e-03  -3.294925163047e-03   3.541864082634e-03   2.579520030781e-04  -1.877079155664e-03  -7.737403631028e-05  -4.239760949925e-03   1.157698997883e-04  -8.426945178699e-04  -4.701117599287e-05   5.202007052905e-04  -1.844604836679e-03   5.141074897592e-04   2.536683895256e-04   1.856115748172e-03   1.183625375045e-03   1.877912815972e-03  -5.278259751316e-03   2.150566225471e-03  -1.798988176023e-03  -4.264590747574e-03  -9.143660768446e-03   3.725599680540e-03  -3.295098684854e-03   3.539909957438e-03  -1.755405531782e-03   7.153891739875e-04  -7.739233782262e-05  -4.243142955479e-03  -7.883192673853e-04   3.210626343645e-04  -4.644255891488e-05   1.347075734874e-03   7.024755943016e-04   5.140468883410e-04  -1.724400112969e-03  -1.378622904015e-03   5.005775925373e-04  -4.052031568704e-04  -1.802217228416e-03   2.149228274678e-04   2.769362029124e-05  -2.013411767459e-04  -1.556876560204e-04   1.432857323586e-03   1.969640282339e-03   1.483089152085e-03   6.531995927150e-04   8.230280131269e-05  -1.805764183955e-04  -3.583622314761e-05   1.432708390680e-03   1.969265681716e-03   1.482743190217e-03   6.531284909866e-04  -3.053809814738e-05  -1.961005430692e-04  -3.581181118369e-05   5.006659126020e-04  -4.042698070823e-04  -1.801463155762e-03   2.162457243272e-04  -1.881432388722e-04   7.663247230810e-05  -1.555970869979e-04   1.432860357646e-03   1.969361795083e-03   1.483089309440e-03   6.527800903929e-04  -1.975834248880e-04   1.898701451289e-05  -3.589733113729e-05   1.432532198356e-03   1.968490596516e-03   1.482516445755e-03   6.531076604887e-04  -1.546144137661e-04   1.245631562349e-04  -3.584684386039e-05   5.006484686967e-04  -4.045110531900e-04  -1.801823496171e-03   2.156851955267e-04   1.605226251170e-04   1.245468639171e-04  -1.556234753995e-04   1.432469751813e-03   1.968434975955e-03   1.482252365199e-03   6.529932695707e-04   1.152757774326e-04   1.616480643427e-04  -3.582151837612e-05   1.432954313599e-03   1.969702071358e-03   1.483213150893e-03   6.528211225914e-04   1.851072444783e-04   7.158987127965e-05  -3.589632198468e-05
   2.818775008057e-01   2.537262248401e-01   2.189109407325e-08   2.628556644569e-08  -8.945561063827e-03  -9.081136379285e-02   1.027978105850e-07  -1.396506344532e-07  -1.120064189234e-02  -8.624912170885e-02   1.754292226338e-07  -2.747647301416e-07  -1.661845975736e-02   1.883748479629e-02  -1.199153730586e-07  -9.936792022051e-08  -7.956834912238e-03   9.529976870692e-09  -4.468403049309e-08   1.686927329853e-03   1.793885854297e-08  -4.063791139328e-07   1.901801512746e-03   3.036901475766e-03   7.463322516978e-03   5.792767028472e-03  -3.006837907266e-03  -6.916564146135e-03   1.304002693075e-02   1.012153106507e-02  -5.502909995227e-03   5.919002775802e-03   2.498395480088e-03   1.939641122442e-03  -1.427646760126e-04  -6.830960579924e-03   1.073218798908e-03   8.330048666981e-04  -2.842089199632e-06  -3.154073320643e-03   1.922050222754e-03   8.500835963254e-04   2.476819062501e-03  -8.077131425288e-04   1.901733067293e-03   3.036771111005e-03   1.286812949199e-03  -9.359712512160e-03  -3.006560942181e-03  -6.916320004948e-03   2.248250355194e-03  -1.635334979344e-02  -5.502640583612e-03   5.921155739416e-03   4.305068289522e-04  -3.132601591923e-03  -1.426919741329e-04  -6.828840661910e-03   1.849090454333e-04  -1.345548387811e-03  -3.407591309375e-06   8.786955167787e-04  -3.105846805632e-03   8.501541148096e-04   4.271154924466e-04   3.135239692005e-03   1.901829996533e-03   3.036951338370e-03  -8.749264750200e-03   3.564774995151e-03  -3.006910160597e-03  -6.916642138818e-03  -1.528704790864e-02   6.228706786228e-03  -5.502959622363e-03   5.917957950547e-03  -2.929517991131e-03   1.193844718720e-03  -1.427330134927e-04  -6.834355326838e-03  -1.258756262122e-03   5.126711004317e-04  -2.537987451937e-06   2.275397604216e-03   1.182782118544e-03   8.500668740206e-04  -2.903454218320e-03  -2.328692914143e-03   8.462736353284e-04  -6.734075982297e-04  -3.102564050178e-03   3.711956692020e-04   4.415526011734e-05  -3.210187039608e-04  -2.503419434254e-04   2.422818634139e-03   3.345359330503e-03   2.518090395779e-03   1.044571980196e-03   1.425726163400e-04  -3.016014660598e-04  -5.444213534711e-05   2.422560096665e-03   3.344713518332e-03   2.517547845938e-03   1.044521809816e-03  -5.592947699398e-05  -3.289063460479e-04  -5.440088731668e-05   8.464367437115e-04  -6.718405342600e-04  -3.101324248394e-03   3.732852606701e-04  -2.999702494776e-04   1.221793825420e-04  -2.501954873580e-04   2.422815462062e-03   3.344866937971e-03   2.518078029372e-03   1.043939976802e-03  -3.325669951113e-04   2.728796496979e-05  -5.454149156812e-05   2.422245536540e-03   3.343399367218e-03   2.517083169559e-03   1.044468746829e-03  -2.569683458257e-04   2.129998979472e-04  -5.445834564549e-05   8.464027026185e-04  -6.722520134838e-04  -3.101862190959e-03   3.724591692215e-04   2.559343703735e-04   1.985734509123e-04  -2.502381695602e-04   2.422138912658e-03   3.343300191326e-03   2.516691376104e-03   1.044279444987e-03   1.899719507351e-04   2.744129249300e-04  -5.441641252902e-05   2.422983474016e-03   3.345437607459e-03   2.518328100701e-03   1.044008992246e-03   3.128285128926e-04   1.160020381705e-04  -5.453986674859e-05
   1.066577820223e-08   2.189109407325e-08   4.064067906817e-02   2.424095509004e-08   1.301020328802e-07   2.542757798704e-08   6.581176524524e-02   3.491919486220e-08   2.424448311017e-07  -1.708402740265e-06   4.724410287854e-02   5.836161351812e-08   1.191971548152e-06  -3.859727432390e-06  -1.413369501267e-02  -6.117999871490e-08   1.937083458863e-06   3.346587426027e-03   2.278715190993e-09  -9.248708183068e-08  -4.926451953514e-03  -1.453570505183e-03  -5.544330082486e-03  -9.279953495483e-03  -1.657737967442e-02  -1.311403477384e-02   6.855727045895e-03   2.491749034619e-02  -2.803995144449e-02  -2.301346112583e-02   1.177562864845e-02   1.481820127689e-02  -1.761086507085e-02  -1.053255495750e-02   2.693497392548e-03   3.098267653802e-02  -5.783268872550e-03  -1.848411927888e-03   3.600877756859e-03   4.598179405787e-03  -2.278123476633e-03  -1.486729828178e-03  -2.412755699910e-03  -1.284200925520e-03  -9.558353234956e-04  -1.599843450763e-03  -1.848062307127e-04   3.652771177353e-03   1.181884929934e-03   4.295657816061e-03   7.274185408084e-04   6.410279280343e-03   2.030046078774e-03   2.554828932973e-03  -4.447266811873e-03   2.933406880480e-03   4.641580041464e-04   5.340778766930e-03  -3.480192890372e-03   5.140151916038e-04   6.200178872670e-04   3.518012188932e-03   6.346891372147e-04  -2.564062006275e-04   4.356034095654e-04  -1.726490182860e-03   6.499879950111e-03   1.087934617200e-02  -2.290228362826e-02   9.461229009182e-03  -8.037335248614e-03  -2.921215772957e-02  -3.913929411049e-02   1.660314068245e-02  -1.380516317302e-02  -1.737120192493e-02  -2.269064657900e-02   7.599043285131e-03  -3.158135937056e-03  -3.632383696731e-02  -6.673739844030e-03   1.334280368144e-03  -4.223352402797e-03   4.438216529933e-03   1.643464480468e-03   1.742744053090e-03  -3.511418158551e-03  -2.442348693342e-03  -3.901614490076e-04  -7.647556849724e-04  -8.269716954378e-04   2.005033814446e-04  -1.684220826367e-04   1.383568369232e-04   4.000930967886e-05  -2.431184424903e-03  -6.090796017689e-03  -2.810879908736e-03   1.149822988924e-03  -2.416098144458e-05  -2.063384542952e-04   5.687580299049e-05   1.441966098225e-03   4.415768494740e-03   1.176465748487e-03  -2.612335936772e-03  -7.062529040559e-05   5.087070739109e-04   7.097304883139e-05   2.651864915746e-03   5.198606786927e-03   5.624358084097e-03  -1.369172470282e-03  -1.029002323164e-03   3.584907401423e-04  -2.721423997043e-04   4.102126525285e-03   7.696672681522e-03   6.320629353244e-03   4.263474853511e-03  -9.274108473964e-04   1.787309625206e-04  -4.321187149446e-04   2.627232635879e-03   3.695810206739e-03   4.801621832098e-03   5.689139315614e-03  -1.047929716582e-03   6.041847474637e-04  -4.376982584261e-04  -2.262265685753e-03  -4.434699361981e-03  -4.797302638197e-03   1.166800303945e-03  -7.893411532273e-04  -4.968575043806e-04   2.321274419604e-04  -1.671326936712e-03  -1.607838149901e-03  -3.508466241050e-03  -5.403760261331e-03  -8.094397339432e-04  -7.957012810911e-04   3.754315032153e-04  -4.068239725815e-03  -8.109616109489e-03  -5.976803218786e-03  -3.083975341070e-03  -6.424267406921e-04  -2.895828159551e-04   3.664474972336e-04
   2.400040116710e-08   2.628556644569e-08   2.424095509004e-08   4.064350450549e-02  -3.296117363031e-07  -2.425494607705e-07   3.391242352961e-08   6.581606407021e-02  -6.046236584055e-07   3.304791280936e-06   4.781735157561e-08   4.724928145148e-02  -2.627206546514e-06   7.417035393578e-06  -8.863284384517e-08  -1.413231415117e-02  -4.029823061908e-06   1.454274677546e-03  -4.926631647068e-03   1.808235456527e-07   2.934452974950e-09   3.348097300894e-03  -4.304487915645e-03  -7.204776921329e-03  -1.311722540880e-02  -9.863918073340e-03   5.322383190468e-03   1.934585171646e-02  -2.301814888362e-02  -1.625826961223e-02   9.141909638408e-03   1.150642144547e-02  -1.053608097566e-02  -1.222187133111e-02   2.090555470436e-03   2.406038595505e-02  -1.846287421872e-03  -4.841081156180e-03   2.799056105999e-03   2.348327632866e-03  -1.245684961421e-03  -1.153547751193e-03  -2.278772466620e-03   3.773077790643e-03   6.954100360656e-03   1.163959690873e-02   3.653605260070e-03  -2.625865483790e-02  -8.598323008395e-03  -3.125357336775e-02   6.411460217519e-03  -4.502802088012e-02  -1.476884786452e-02  -1.859050118703e-02   2.934237002389e-03  -2.539008867298e-02  -3.376082333490e-03  -3.886509670611e-02   5.134532734524e-04  -7.150053538694e-03  -4.517405100016e-03   1.910099217292e-03  -4.094082184514e-03   1.864268581070e-03   6.348878766848e-04   4.852170334322e-03  -2.649027546681e-03  -4.433904173918e-03   9.463574638256e-03  -3.538120161554e-03   3.275474748319e-03   1.190572433506e-02   1.660662747869e-02  -5.157897517887e-03   5.626051214671e-03   7.080795506597e-03   7.601738510941e-03  -7.140073239824e-03   1.286691305375e-03   1.480704414902e-02   1.332769722340e-03  -3.948287680608e-03   1.723112392515e-03   1.195192654875e-03  -1.469786465438e-04  -7.098299445306e-04   1.643912308807e-03   3.930581550916e-03   2.836180963696e-03   5.560384382945e-03   6.014730375721e-03  -1.465596261238e-03   1.383875229485e-04  -1.156275107676e-03  -2.910680575236e-04   3.333492386382e-03   5.374150535406e-03   5.675882649643e-03   5.583485375386e-03   3.425680930183e-04  -1.149727202733e-03  -4.662187296645e-04   3.865870723731e-03   6.818736788334e-03   6.224026934755e-03   5.064554135448e-03  -4.015633785286e-05  -1.103140780348e-03  -4.643424012372e-04  -1.080031666504e-03  -2.117701913723e-03  -2.291997559383e-03   5.598494422473e-04   3.585833323673e-04  -2.954542066221e-04   1.108813190262e-04   4.381966500434e-04   2.587636646329e-03  -4.039026063062e-04  -3.785100488801e-03   7.276384214673e-04  -2.467353647104e-04   1.839590948269e-04  -3.181419575791e-03  -7.232254950400e-03  -4.131599265821e-03  -2.736352937565e-04   5.551203655290e-05  -1.260271854204e-04   1.706252639371e-04  -1.755050368130e-03  -3.441135315304e-03  -3.723894505437e-03   9.090158588536e-04  -4.969818918394e-04  -5.351827648132e-04   1.801870078664e-04  -3.772531105852e-03  -7.962250678955e-03  -5.274387565846e-03  -1.797541820979e-03  -2.470330918999e-04  -3.644090471335e-04   2.824492071216e-04  -6.847749390535e-04   4.148580320160e-04  -2.094734331692e-03  -4.796782024141e-03  -8.385281072758e-04  -5.317164045283e-04   2.937007276133e-04
  -5.672289671845e-03  -8.945561063827e-03   1.301020328802e-07  -3.296117363031e-07   6.590520078175e-02   2.622867635712e-02   2.383182959766e-07  -5.796611983111e-07   1.044786991200e-01   3.552555934901e-02   8.103119374262e-07  -1.996539553081e-06   1.141539124082e-01  -3.577228256822e-02  -1.052376544037e-07   5.452334323880e-08   3.366549423560e-02   1.537005747994e-08  -4.710880522214e-07  -3.077600217987e-03   2.015195548086e-07  -5.204440570387e-07   2.923677484089e-03   4.944250712477e-03   7.815846132421e-03   6.066917147199e-03  -1.988847737336e-03  -1.385350901871e-02   1.370829723192e-02   1.064125257450e-02  -1.852585483772e-03   3.387655380382e-03   1.515148227710e-03   1.178214436687e-03  -4.419412153994e-03   5.648047282224e-03  -2.499933753328e-03  -1.943423891153e-03  -1.832587412353e-03  -3.080063401381e-03  -2.857126540974e-03   5.609033988925e-03  -3.681690208262e-03  -7.883749208545e-04   2.923554594857e-03   4.944018813884e-03   1.347467463214e-03  -9.801830591808e-03  -1.987762762514e-03  -1.385265467098e-02   2.363260128478e-03  -1.719172238862e-02  -1.850972991263e-03   3.387847435458e-03   2.607089489035e-04  -1.900128796644e-03  -4.418191344100e-03   5.631222760425e-03  -4.300811998697e-04   3.132301979912e-03  -1.828995769039e-03   8.579126468408e-04   4.617122651490e-03   5.609555645201e-03  -6.349234364827e-04   3.061383491082e-03   2.923734223404e-03   4.944355934972e-03  -9.162837502593e-03   3.733573501643e-03  -1.989274845326e-03  -1.385386836267e-02  -1.607100140365e-02   6.548696685622e-03  -1.853229059222e-03   3.387248232058e-03  -1.777699340301e-03   7.254470547837e-04  -4.419788495422e-03   5.653855184956e-03   2.933056492346e-03  -1.196944357559e-03  -1.833918331864e-03   2.222192669889e-03  -1.758176824201e-03   5.608834813116e-03   4.315771757246e-03  -2.273817322621e-03   6.748402142160e-03   1.663432819342e-02   2.610159540156e-02   1.501033456693e-03  -1.522869176969e-05   1.111730895778e-04  -1.043369259494e-04  -1.727728718461e-03  -6.124490279060e-03  -3.989052305592e-03  -8.258082264811e-04   3.528704209325e-04  -6.358842144438e-04  -1.561264133955e-04  -1.726978302973e-03  -6.122633385562e-03  -3.986852554285e-03  -8.250094773397e-04  -1.681732938841e-04  -7.074221975348e-04  -1.562269675071e-04   6.748424688860e-03   1.663441755048e-02   2.609837177242e-02   1.493574663093e-03   1.036189471537e-04  -4.236781341409e-05  -1.040671529898e-04  -1.727707360568e-03  -6.124668729426e-03  -3.990492386144e-03  -8.242472166420e-04  -7.273130573591e-04   1.241092288809e-05  -1.562827194494e-04  -1.726238619720e-03  -6.121053732550e-03  -3.986050783455e-03  -8.221028120122e-04  -5.287315503543e-04   4.992513095580e-04  -1.565380747514e-04   6.748408499081e-03   1.663434358497e-02   2.609916571972e-02   1.495647505054e-03  -8.837791852660e-05  -6.883938014285e-05  -1.041425541943e-04  -1.725900994069e-03  -6.120220296566e-03  -3.984720895284e-03  -8.219985984594e-04   3.743846795493e-04   6.233160474323e-04  -1.565355119421e-04  -1.728236067067e-03  -6.125877310697e-03  -3.991613280948e-03  -8.253296187437e-04   6.970245516947e-04   2.081282886090e-04  -1.561673512960e-04
  -5.322007916011e-02  -9.081136379285e-02   2.542757798704e-08  -2.425494607705e-07   2.622867635712e-02   2.524010579279e-01  -1.479589473021e-07   7.302636163836e-08   3.821894538782e-02   2.323972183032e-01  -3.797404505980e-07   5.213664386492e-07   5.192318553342e-02  -5.073119945060e-02   3.028203450955e-07  -2.387475028404e-08   2.351488461727e-02  -2.343372624493e-08   9.783068290103e-08  -4.527317961655e-03  -3.598676911793e-08   9.928898932138e-07  -4.558641037596e-03  -7.286483023681e-03  -1.967279359871e-02  -1.526889565652e-02   8.567439026782e-03   1.636790411817e-02  -3.466295475138e-02  -2.690429990991e-02   1.562589487249e-02  -1.642371681512e-02  -6.740869468671e-03  -5.232544658923e-03   7.062617109251e-04   1.801730381689e-02  -2.901367741868e-03  -2.252165436526e-03  -2.571620905636e-04   8.476414809186e-03  -5.391056923419e-03  -2.086897953055e-03  -6.947111232567e-03   2.170698953540e-03  -4.558512404144e-03  -7.286240783689e-03  -3.392058041282e-03   2.467151159646e-02   8.566615709856e-03   1.636760046201e-02  -5.976455834792e-03   4.347033996885e-02   1.562503725424e-02  -1.642930774598e-02  -1.161715031496e-03   8.451842902649e-03   7.059664627316e-04   1.800966992141e-02  -4.999475535834e-04   3.637109763169e-03  -2.555156125710e-04  -2.361468529053e-03   8.711494192740e-03  -2.087010999230e-03  -1.198001761115e-03  -8.425849466989e-03  -4.558688886949e-03  -7.286573914837e-03   2.306219932755e-02  -9.396165424677e-03   8.567636155806e-03   1.636797782448e-02   4.063555670681e-02  -1.655656324799e-02   1.562603032415e-02  -1.642115639555e-02   7.903632553259e-03  -3.220501245068e-03   7.061842780588e-04   1.802528677555e-02   3.402789865790e-03  -1.386067599455e-03  -2.579114396206e-04  -6.114993800042e-03  -3.317510663095e-03  -2.086875805608e-03   8.143729613432e-03   6.258237341735e-03  -2.671258099187e-03   1.575004917361e-03   9.683101992400e-03  -9.907721497517e-04  -1.134071724927e-04   8.245067329907e-04   5.482046170390e-04  -6.782609229296e-03  -9.558359846848e-03  -6.959106599760e-03  -2.726412811974e-03  -3.618327957212e-04   7.761897972100e-04   1.608596201103e-04  -6.781773416777e-03  -9.556347439580e-03  -6.957556180837e-03  -2.726389747540e-03   1.390510536492e-04   8.450956580621e-04   1.607346261207e-04  -2.671912031625e-03   1.570421757067e-03   9.679555177748e-03  -9.964628737971e-04   7.704033798656e-04  -3.137949042759e-04   5.478005947912e-04  -6.782511335994e-03  -9.556869180123e-03  -6.958977366152e-03  -2.724745374201e-03   8.533342687627e-04  -7.460859411556e-05   1.611260151667e-04  -6.780710371503e-03  -9.552480429171e-03  -6.955844719753e-03  -2.725977446430e-03   6.625652518436e-04  -5.432654100674e-04   1.608789924349e-04  -2.671774201000e-03   1.571623797844e-03   9.680894473981e-03  -9.944313241011e-04  -6.573134578203e-04  -5.100042585484e-04   5.479170933663e-04  -6.780378531886e-03  -9.552114409201e-03  -6.954855730330e-03  -2.725469047511e-03  -4.914257403211e-04  -7.018381911890e-04   1.607602226623e-04  -6.783084656695e-03  -9.558576144624e-03  -6.959906988126e-03  -2.725016206310e-03  -8.014475059007e-04  -3.020758177980e-04   1.611291324309e-04
   5.600951266000e-08   1.027978105850e-07   6.581176524524e-02   3.391242352961e-08   2.383182959766e-07  -1.479589473021e-07   1.066156115414e-01   4.818552582586e-08   4.375773312106e-07  -2.942408138605e-06   7.631500998004e-02   8.720401557828e-08   1.989726175657e-06  -6.250177559997e-06  -2.302804508308e-02  -9.064611711388e-08   3.171000138940e-06   5.467142585700e-03   3.985104833239e-09  -1.455496162860e-07  -7.998808803868e-03  -2.374621453102e-03  -9.237349387693e-03  -1.557530781956e-02  -2.665377145673e-02  -2.098773388058e-02   1.103162109754e-02   4.204566955956e-02  -4.513740838687e-02  -3.689675071002e-02   1.896353262036e-02   2.518660973750e-02  -2.836294164221e-02  -1.683491606228e-02   4.286893061031e-03   5.082304339374e-02  -9.494620155246e-03  -3.050512587892e-03   5.798265716651e-03   7.408486411821e-03  -3.663291617102e-03  -2.395050160369e-03  -3.891677830462e-03  -2.097020223557e-03  -1.592503501858e-03  -2.685138092389e-03  -4.189772660262e-04   5.845905763104e-03   1.901753333961e-03   7.248439178653e-03   9.845232453769e-04   1.027739291409e-02   3.269150381789e-03   4.342451956381e-03  -7.322624660039e-03   4.688672687941e-03   7.387132493899e-04   8.760874781108e-03  -5.693467324516e-03   8.483474803831e-04   9.983587200405e-04   5.710585283698e-03   1.020598600945e-03  -4.130526022512e-04   6.885546861068e-04  -2.792325649502e-03   1.082938543961e-02   1.825972064593e-02  -3.677620613307e-02   1.514177100092e-02  -1.293306106781e-02  -4.929255380226e-02  -6.293271503257e-02   2.661928842999e-02  -2.223206335088e-02  -2.952600668701e-02  -3.648231563353e-02   1.214606738822e-02  -5.026491236072e-03  -5.958458070789e-02  -1.096423382804e-02   2.201993325212e-03  -6.800643903476e-03   7.157013947958e-03   2.642740498398e-03   2.807495908846e-03  -5.658359537970e-03  -3.917623744551e-03  -5.636557711949e-04  -1.140018308331e-03  -1.348237103216e-03   3.103001652614e-04  -2.783349545973e-04   2.215352074871e-04   7.969762730367e-05  -3.948719254115e-03  -9.890559035472e-03  -4.574619463954e-03   1.864244348709e-03  -4.626224868219e-05  -3.367091760419e-04   9.152330078240e-05   2.493818162614e-03   7.390377664008e-03   1.925837704347e-03  -4.229509205904e-03  -9.664692511002e-05   8.373052430704e-04   1.024935781146e-04   3.831049735884e-03   7.749605615826e-03   9.169715813085e-03  -2.119395535841e-03  -1.656282779673e-03   5.739976362566e-04  -5.420725455799e-04   6.175386239485e-03   1.179259042030e-02   1.025075024827e-02   6.893412240626e-03  -1.562804249403e-03   2.182804617213e-04  -6.577309833226e-04   3.722018751705e-03   5.211987367596e-03   7.774347171490e-03   9.202703237573e-03  -1.693564962832e-03   1.077958737621e-03  -6.622893568667e-04  -3.268191364776e-03  -6.610791340959e-03  -7.821268397648e-03   1.806047966400e-03  -1.272547794448e-03  -7.955474492284e-04   4.623732054196e-04  -2.227294458316e-03  -1.905212448115e-03  -5.674041259609e-03  -8.742262978589e-03  -1.285432087526e-03  -1.372041150486e-03   5.665601311194e-04  -6.214320485061e-03  -1.259924840901e-02  -9.698097798471e-03  -4.984700466664e-03  -1.104241291052e-03  -4.247963821449e-04   5.592983090919e-04
  -7.628562608164e-08  -1.396506344532e-07   3.491919486220e-08   6.581606407021e-02  -5.796611983111e-07   7.302636163836e-08   4.818552582586e-08   1.066221230275e-01  -1.054900209553e-06   5.784268713292e-06   7.151423547982e-08   7.632305758647e-02  -4.359697329135e-06   1.199327105038e-05  -1.367636753846e-07  -2.302578854684e-02  -6.596301027696e-06   2.375742840241e-03  -7.999069291484e-03   2.817910828183e-07   5.099326791743e-09   5.469544783479e-03  -7.171672144939e-03  -1.209236803204e-02  -2.099301112400e-02  -1.590922051184e-02   8.564417726365e-03   3.264403818017e-02  -3.690450729878e-02  -2.624772657528e-02   1.472235556233e-02   1.955722795559e-02  -1.684068264500e-02  -1.974902105455e-02   3.327364235448e-03   3.946776994982e-02  -3.047099245380e-03  -7.939498685400e-03   4.507207331215e-03   3.769734634457e-03  -2.014978140820e-03  -1.858321050863e-03  -3.664321941044e-03   6.111504843779e-03   1.158614744640e-02   1.953563055110e-02   5.847291350384e-03  -4.214751832326e-02  -1.383557028674e-02  -5.273684276950e-02   1.027935683903e-02  -7.237345802550e-02  -2.378369931767e-02  -3.159787526815e-02   4.690040118611e-03  -4.079685348937e-02  -5.373188073760e-03  -6.375286332960e-02   8.474432506160e-04  -1.175020453217e-02  -7.274074501197e-03   3.080929922433e-03  -6.595269817538e-03   3.003214206586e-03   1.020912707111e-03   7.807664855676e-03  -4.413531018715e-03  -7.441798095173e-03   1.514565008924e-02  -5.785368358909e-03   5.270715939672e-03   2.008965648584e-02   2.662505699276e-02  -8.450822071839e-03   9.060399692314e-03   1.203510152455e-02   1.215047364208e-02  -1.162639681566e-02   2.047959047348e-03   2.428899434622e-02   2.199576490814e-03  -6.466129720918e-03   2.774672622592e-03   1.957170497562e-03  -2.482290905362e-04  -1.143517764502e-03   2.643453740651e-03   6.359045637112e-03   4.097024382841e-03   8.288523919201e-03   9.806076881926e-03  -2.268685897044e-03   2.215913260188e-04  -1.860062493375e-03  -5.798082412277e-04   4.851622722525e-03   7.911993969959e-03   9.195811368687e-03   9.030588079578e-03   6.569787478793e-04  -1.883191148680e-03  -7.067933064216e-04   5.737097799728e-03   1.028787678997e-02   1.008938990026e-02   8.190067906059e-03  -1.563288210663e-04  -1.832613112097e-03  -7.054031361101e-04  -1.560214299410e-03  -3.156838838583e-03  -3.736818181126e-03   8.667507592580e-04   5.741608026090e-04  -4.817161730780e-04   2.208687936570e-04   9.928580250147e-04   4.609075160820e-03  -6.367265688915e-04  -6.125927067658e-03   1.211951784586e-03  -3.670998848595e-04   2.743157720151e-04  -5.027577459347e-03  -1.154178806560e-02  -6.713607517843e-03  -4.381692270077e-04   8.463649528507e-05  -2.360530953011e-04   2.638024686450e-04  -2.535303788426e-03  -5.129587086591e-03  -6.071306607855e-03   1.407274055957e-03  -7.957694962249e-04  -8.655614783993e-04   3.589201168358e-04  -5.845773851727e-03  -1.252170575989e-02  -8.562996694779e-03  -2.903391457318e-03  -3.787154654199e-04  -6.440018308984e-04   4.328104182791e-04  -7.100163680012e-04   1.256122795136e-03  -3.379553704451e-03  -7.761430720147e-03  -1.418522866994e-03  -8.256462676304e-04   4.415536672452e-04
  -6.186882883606e-03  -1.120064189234e-02   2.424448311017e-07  -6.046236584055e-07   1.044786991200e-01   3.821894538782e-02   4.375773312106e-07  -1.054900209553e-06   1.657004616124e-01   5.321480894835e-02   1.344201743742e-06  -3.298084819179e-06   1.807589730856e-01  -5.652084114409e-02  -1.917308559610e-07   1.489552534044e-07   5.313529008406e-02   2.369783064735e-08  -7.400772574337e-07  -4.856550868339e-03   3.162753196890e-07  -8.329149669159e-07   4.765167781222e-03   8.079403961635e-03   1.272175356279e-02   9.874808908767e-03  -2.981501922003e-03  -2.262161584466e-02   2.231107276690e-02   1.731889968206e-02  -2.687784392292e-03   5.474811901017e-03   2.494788142877e-03   1.939691915543e-03  -6.744821208319e-03   8.756604164096e-03  -3.943641041732e-03  -3.065793973309e-03  -2.890035425125e-03  -5.022013560433e-03  -4.465893944064e-03   8.891544338854e-03  -5.754660243660e-03  -1.285425363138e-03   4.764975751105e-03   8.079031694969e-03   2.193285892452e-03  -1.595409425628e-02  -2.979798467603e-03  -2.262022026951e-02   3.846392764109e-03  -2.798018893200e-02  -2.685261690402e-03   5.475105027675e-03   4.293275136086e-04  -3.128516857956e-03  -6.742926735288e-03   8.730044182203e-03  -6.784382316101e-04   4.941199270675e-03  -2.884312854981e-03   1.398811035245e-03   7.216854450862e-03   8.892376702416e-03  -9.924088316674e-04   4.991551695781e-03   4.765256162120e-03   8.079572476699e-03  -1.491416785791e-02   6.076935662692e-03  -2.982166313404e-03  -2.262220359312e-02  -2.615641281805e-02   1.065814977710e-02  -2.688781598960e-03   5.474178824559e-03  -2.926950960623e-03   1.194273333986e-03  -6.745393807603e-03   8.765760067525e-03   4.626923264117e-03  -1.888222698250e-03  -2.892157093501e-03   3.623266099788e-03  -2.748159342908e-03   8.891226492343e-03   6.745776466015e-03  -3.707433195304e-03   1.041879679784e-02   2.587646403119e-02   4.117872004641e-02   2.375601959115e-03  -2.179445323097e-05   1.592095709115e-04  -2.171611493866e-04  -2.616717801441e-03  -9.528677880708e-03  -6.146610461471e-03  -1.271764432123e-03   5.653267979645e-04  -1.022995139501e-03  -2.348730463123e-04  -2.615654480150e-03  -9.525930668873e-03  -6.143187474857e-03  -1.270497743084e-03  -2.682889689648e-04  -1.137459020111e-03  -2.350223386575e-04   1.041879816954e-02   2.587655949970e-02   4.117360181554e-02   2.363753780841e-03   1.483423675083e-04  -6.068981757543e-05  -2.167369207799e-04  -2.616571250890e-03  -9.528834525351e-03  -6.148851058804e-03  -1.269252421548e-03  -1.168900087815e-03   2.202311364940e-05  -2.351270696678e-04  -2.614494288295e-03  -9.523498466078e-03  -6.141945640508e-03  -1.265844919148e-03  -8.512143313215e-04   8.009181153041e-04  -2.355119137634e-04   1.041878561384e-02   2.587646163959e-02   4.117486162413e-02   2.367045200647e-03  -1.265133396076e-04  -9.860440288561e-05  -2.168549712007e-04  -2.614044496379e-03  -9.522294197719e-03  -6.139879664094e-03  -1.265706828327e-03   6.034914697025e-04   1.000766156235e-03  -2.355022120343e-04  -2.617353522660e-03  -9.530649457187e-03  -6.150594332239e-03  -1.270977936844e-03   1.119651728917e-03   3.364922988322e-04  -2.349495022826e-04
  -5.227128329555e-02  -8.624912170885e-02  -1.708402740265e-06   3.304791280936e-06   3.552555934901e-02   2.323972183032e-01  -2.942408138605e-06   5.784268713292e-06   5.321480894835e-02   2.217015057643e-01  -2.128596960635e-06   3.949516533226e-06   6.850547955862e-02  -3.903145876019e-02   7.457626154527e-07  -1.428222311953e-06   2.888824494592e-02  -7.060281370071e-08  -3.128444612757e-07  -3.897810498890e-03   1.541708276557e-07   1.310795058241e-06  -5.380128661913e-04  -5.870040110763e-04  -1.926464251973e-02  -1.495437338452e-02   2.913670245573e-03  -6.982968206354e-04  -3.303393373073e-02  -2.564317761227e-02   6.587262818218e-03  -2.531653594846e-02  -7.656972801380e-03  -5.945879840962e-03  -4.629349333874e-03   1.208099361946e-02  -2.455825809472e-03  -1.907738605867e-03  -9.517144480888e-04   7.706049735759e-03  -5.638481241202e-03   9.615773765167e-05  -7.266933521350e-03   1.973851496216e-03  -5.363917951900e-04  -5.842844918510e-04  -3.320786290424e-03   2.415875759164e-02   2.911560586230e-03  -7.053015831057e-04  -5.694155553724e-03   4.142538358854e-02   6.584066964380e-03  -2.532531315442e-02  -1.318981015898e-03   9.601490381445e-03  -4.630898289632e-03   1.206463482390e-02  -4.226468798345e-04   3.076611654464e-03  -9.495971124187e-04  -2.146939596312e-03   9.111586285654e-03   9.647005202185e-05  -1.253189028197e-03  -7.659870050828e-03  -5.387341512643e-04  -5.882059010796e-04   2.258575750411e-02  -9.203032885393e-03   2.914520158837e-03  -6.952024558976e-04   3.872916606219e-02  -1.578118777280e-02   6.588570900672e-03  -2.531257634941e-02   8.978989450888e-03  -3.659658599964e-03  -4.628755167042e-03   1.209143906831e-02   2.881556938510e-03  -1.174604206386e-03  -9.526248000601e-04  -5.559257211909e-03  -3.469758141565e-03   9.599471631404e-05   8.518588701211e-03   5.689858566478e-03   3.846170046395e-04   7.582512883163e-03   1.779414619829e-02   3.474042123099e-04  -1.311803497133e-04   9.543212635968e-04   2.418903375492e-04  -1.195965116002e-02  -1.814970072726e-02  -8.603046262343e-03  -2.245203427866e-03   6.395390601332e-04   3.635795682240e-04   2.561290695802e-04  -1.195905823930e-02  -1.814833374595e-02  -8.601706956115e-03  -2.244946414085e-03  -7.139027027413e-04   1.776014349518e-04   2.557959620840e-04   3.836654409408e-04   7.578201458062e-03   1.778848045863e-02   3.404163004687e-04   8.918540236118e-04  -3.634103145942e-04   2.418642702098e-04  -1.195911829864e-02  -1.814698880117e-02  -8.603803006295e-03  -2.243657741023e-03  -4.396603338788e-06  -7.353146200472e-04   2.564548496192e-04  -1.195689986156e-02  -1.814250606776e-02  -8.600433344683e-03  -2.243904388790e-03   5.110224805831e-04   5.287780165665e-04   2.557141147475e-04   3.839464268606e-04   7.579395115184e-03   1.779040580526e-02   3.427932579215e-04  -7.607841641425e-04  -5.905703276375e-04   2.418728614850e-04  -1.195692415211e-02  -1.814293914026e-02  -8.599327645962e-03  -2.243239861148e-03  -6.347394266129e-04   3.714759616659e-04   2.554967429389e-04  -1.195973339638e-02  -1.814873650504e-02  -8.604352712587e-03  -2.244127294312e-03   2.028234422871e-04  -7.068985428203e-04   2.565865152427e-04
   8.957036350413e-08   1.754292226338e-07   4.724410287854e-02   4.781735157561e-08   8.103119374262e-07  -3.797404505980e-07   7.631500998004e-02   7.151423547982e-08   1.344201743742e-06  -2.128596960635e-06   5.581379715497e-02   9.319520647506e-08   2.413688024598e-06  -4.790552169533e-06  -1.569562195816e-02  -1.199636554290e-07   2.506285790988e-06   3.760443341177e-03   1.573865010835e-09  -1.389933820211e-07  -5.567629132594e-03  -1.633325009088e-03  -4.626755717880e-03  -7.780265680537e-03  -2.036178148459e-02  -1.587975139899e-02   8.810824717911e-03   2.135470406746e-02  -3.418780462507e-02  -2.766509881083e-02   1.500341411819e-02   1.191202740882e-02  -2.141920060425e-02  -1.272998734346e-02   4.052036933685e-03   3.304284661889e-02  -6.169255703878e-03  -1.906555550483e-03   4.243437442667e-03   5.515488396384e-03  -2.716048749099e-03  -1.861636695573e-03  -2.891829805101e-03  -1.473930536038e-03  -7.975564065599e-04  -1.341128641784e-03  -5.123510454585e-04   4.422941944886e-03   1.519029222769e-03   3.680943894409e-03   3.937901519558e-04   7.705648704343e-03   2.586650911313e-03   2.053699247377e-03  -5.509406205067e-03   3.545374855889e-03   6.984062842931e-04   5.695608216896e-03  -3.795016411682e-03   5.299747974628e-04   7.306898656244e-04   4.118938794829e-03   7.567143295163e-04  -3.210310299186e-04   5.040686314395e-04  -2.045543270334e-03   5.424431601255e-03   9.121662899458e-03  -2.802089021251e-02   1.145677307965e-02  -1.032905767786e-02  -2.503662557949e-02  -4.753115175116e-02   1.995941230001e-02  -1.758872370864e-02  -1.396435559498e-02  -2.755879315491e-02   9.184511938226e-03  -4.750608219430e-03  -3.873907029139e-02  -7.087542815424e-03   1.376325869683e-03  -4.976909871842e-03   5.308853244803e-03   1.959371236127e-03   2.182282759907e-03  -4.201637332051e-03  -2.971176918112e-03  -8.402964871548e-04  -1.456258890343e-03  -9.695165367750e-04   2.660230855955e-04  -2.168771729342e-04   1.649821886813e-04  -2.896864496677e-05  -3.346305496668e-03  -7.841583555674e-03  -3.456768777316e-03   1.252861008780e-03   4.188466516814e-05  -2.679949275369e-04   1.120530785100e-04   1.603981224828e-03   5.050923969783e-03   1.602150027587e-03  -2.928563745164e-03  -1.253842026318e-04   5.834604495955e-04   1.002337920179e-04   5.711281132694e-03   9.898927271033e-03   6.595432950987e-03  -1.815211098885e-03  -1.243110997507e-03   4.275642375891e-04   1.966172649555e-04   6.867907303264e-03   1.194385220395e-02   7.274345820775e-03   4.909725069209e-03  -8.061121196611e-04   5.030516185643e-04  -7.241705121556e-04   4.983124122371e-03   7.034838358361e-03   5.347224869870e-03   6.493639158296e-03  -1.239535566030e-03   3.136447154940e-04  -7.197576949872e-04  -4.872330230287e-03  -8.444553372629e-03  -5.625275761895e-03   1.547148851765e-03  -9.572723604051e-04  -5.925658386841e-04  -1.677967002520e-04  -3.522512931034e-03  -4.105341621010e-03  -3.816091125913e-03  -6.151256474365e-03  -1.050133027688e-03  -6.162861915045e-04   6.121990022034e-04  -6.585705326459e-03  -1.208316717741e-02  -6.947680148278e-03  -3.573749552736e-03  -4.493963699715e-04  -5.158619839332e-04   6.194181194408e-04
  -1.327483020349e-07  -2.747647301416e-07   5.836161351812e-08   4.724928145148e-02  -1.996539553081e-06   5.213664386492e-07   8.720401557828e-08   7.632305758647e-02  -3.298084819179e-06   3.949516533226e-06   9.319520647506e-08   5.582198632354e-02  -5.619998714006e-06   9.122012448822e-06  -1.316077117053e-07  -1.569440665347e-02  -5.315989327464e-06   1.634162591696e-03  -5.568210471752e-03   2.766095132861e-07  -2.700222810581e-09   3.762234686523e-03  -3.592638917587e-03  -6.041425467476e-03  -1.588494730598e-02  -1.223340812797e-02   6.839018142347e-03   1.658250549624e-02  -2.767312271150e-02  -2.002628000670e-02   1.164589231861e-02   9.251712086506e-03  -1.273535669103e-02  -1.490658243966e-02   3.143763445622e-03   2.566174534221e-02  -1.903826812365e-03  -5.198237849433e-03   3.298648883112e-03   2.850123368970e-03  -1.500414782194e-03  -1.444462783676e-03  -2.716896640695e-03   4.448872944716e-03   5.803321934069e-03   9.758778884813e-03   4.424308805475e-03  -3.208646792106e-02  -1.104913411664e-02  -2.678541495900e-02   7.707716536035e-03  -5.461247633606e-02  -1.881512677568e-02  -1.494681157676e-02   3.546654112957e-03  -3.082340717804e-02  -5.077861395790e-03  -4.145089488893e-02   5.292639351615e-04  -7.579271099889e-03  -5.323909155746e-03   2.283095563540e-03  -4.896626647791e-03   2.334144382956e-03   7.569766117799e-04   5.844253791822e-03  -2.211048416273e-03  -3.718149219677e-03   1.146051836990e-02  -4.572763096247e-03   4.208780814446e-03   1.020565218831e-02   1.996523102384e-02  -6.680917112606e-03   7.166953998032e-03   5.693291694053e-03   9.188500539926e-03  -8.763915800972e-03   1.934854521008e-03   1.579228103255e-02   1.374358309725e-03  -4.277216597641e-03   2.030646779984e-03   1.358518839456e-03  -1.904509849894e-04  -8.888938912226e-04   1.959946466425e-03   4.652716158793e-03   6.108358916713e-03   1.058739876753e-02   7.051689263454e-03  -1.943668648336e-03   1.650081423888e-04  -1.394959414624e-03   2.104386219666e-04   6.000238976231e-03   9.270532558655e-03   6.405141461652e-03   6.389312785805e-03  -1.393444114682e-05  -1.251312646015e-03  -7.715865317337e-04   6.680752361918e-03   1.104330919253e-02   7.100662481382e-03   5.812304848999e-03   3.295321121627e-04  -1.083876033377e-03  -7.731893965377e-04  -2.325983162879e-03  -4.032067763666e-03  -2.687861118596e-03   7.420715854751e-04   4.276574110975e-04  -3.683742110185e-04  -8.004000333215e-05  -1.027235884746e-04   2.155939876807e-03  -2.089920579820e-04  -4.276796237771e-03   7.573488549938e-04  -4.036624147911e-04   2.888924069651e-04  -4.728512796391e-03  -9.893459552769e-03  -4.938618005963e-03  -3.740241183472e-04   5.979031680788e-05   3.004626689181e-05   2.996241204581e-04  -3.779791602701e-03  -6.551977285960e-03  -4.366745027158e-03   1.205037815757e-03  -5.926827892492e-04  -6.543137877203e-04  -1.300916961814e-04  -5.898308510492e-03  -1.142646029560e-02  -6.199050841723e-03  -2.111291631102e-03  -3.625299125269e-04  -1.592075015177e-04   4.827398987465e-04  -1.952027388295e-03  -1.147131800028e-03  -2.164690717912e-03  -5.445072597672e-03  -7.701954278985e-04  -7.603800679493e-04   4.735504276978e-04
