ARMA_MAT_TXT_FN008
72 72
  -3.256180186303e+01  -3.462647318423e+01  -4.858309600632e-02   3.460996615801e-02   1.051059144561e-26  -1.238087721235e+01  -2.212748853557e-02   1.576332434429e-02   4.787118729859e-27  -5.372252304091e+00  -6.441123589860e-03   4.588547603767e-03   1.393492109618e-27  -2.425052295485e+00  -1.788288811279e-03   1.273941711750e-03   3.868844110651e-28  -1.163040905285e-03   0.000000000000e+00   4.046188899160e-03   0.000000000000e+00  -1.754661542255e-03  -4.578183568160e-01  -2.291528457861e+00  -2.008659145623e+00  -1.149274457105e+00  -1.349664236161e+00  -3.056787279551e+00   1.538892823367e-18  -4.393220965089e-01  -2.261213714128e+00  -2.000000470884e+00  -1.147521516701e+00   3.222122724481e+00  -5.347562309040e-01   2.378416705514e-18   0.000000000000e+00   0.000000000000e+00   0.000000000000e+00   0.000000000000e+00   0.000000000000e+00   0.000000000000e+00   0.000000000000e+00   0.000000000000e+00   0.000000000000e+00  -3.154315499026e-03   1.676184206020e-02  -1.354072114284e-03  -7.567005465460e-20  -1.943366119693e-01   6.116750552698e-01  -4.941616227070e-02  -3.348945514885e-21   0.000000000000e+00   0.000000000000e+00   0.000000000000e+00   0.000000000000e+00   0.000000000000e+00   0.000000000000e+00  -3.102371747266e-05  -5.094451089150e-02  -3.132216629915e-01   0.000000000000e+00   0.000000000000e+00   0.000000000000e+00   0.000000000000e+00  -3.102371747266e-05  -5.094451089150e-02  -3.132216629915e-01   0.000000000000e+00   0.000000000000e+00   0.000000000000e+00
  -3.462647318423e+01  -3.030682620856e+01  -5.761801008914e-02   4.104632157018e-02   1.246522789904e-26  -1.247026904266e+01  -1.686653986206e-02   1.201550663135e-02   3.648950099334e-27  -5.422639652184e+00  -4.034907034668e-03   2.874422409970e-03   8.729212063503e-28  -2.441973136668e+00  -1.053363186113e-03   7.504057125820e-04   2.278868311980e-28  -4.821859645185e-04   0.000000000000e+00   1.677507499942e-03   0.000000000000e+00  -7.274614180952e-04  -4.527629358099e-01  -2.308986724560e+00  -2.022402051079e+00  -1.156062164007e+00  -1.367620342409e+00  -3.099930050558e+00   1.201287258758e-18  -4.329762010978e-01  -2.277214735187e+00  -2.013329642219e+00  -1.154226137390e+00   3.264635912570e+00  -5.421732272788e-01   1.747689389166e-18   0.000000000000e+00   0.000000000000e+00   0.000000000000e+00   0.000000000000e+00   0.000000000000e+00   0.000000000000e+00   0.000000000000e+00   0.000000000000e+00   0.000000000000e+00  -3.054661055090e-03   1.638403595941e-02  -1.324728214028e-03  -7.551953976380e-20  -1.949806004882e-01   6.146132643184e-01  -4.969047475136e-02  -6.861456861018e-21   0.000000000000e+00   0.000000000000e+00   0.000000000000e+00   0.000000000000e+00   0.000000000000e+00   0.000000000000e+00  -2.723972207631e-05  -5.095934132740e-02  -3.147793507776e-01   0.000000000000e+00   0.000000000000e+00   0.000000000000e+00   0.000000000000e+00  -2.723972207631e-05  -5.095934132740e-02  -3.147793507776e-01   0.000000000000e+00   0.000000000000e+00   0.000000000000e+00
  -4.858309600632e-02  -5.761801008914e-02  -1.071352365878e+01  -6.843160657386e-03   0.000000000000e+00  -1.564964803809e-01  -7.265165926934e+00  -7.406389284894e-03   0.000000000000e+00  -9.491460676298e-02  -2.558936205788e+00  -2.921187832920e-03   0.000000000000e+00  -4.735611177505e-02  -7.582750979021e-01  -8.894059149485e-04   0.000000000000e+00   7.026524501867e-02   0.000000000000e+00   5.815107367650e-02   2.042589172112e-26  -1.106716594990e-01   4.302502437449e-01   4.904653029908e-01   1.225220927740e-01   1.077183198393e-02  -4.013426073977e-01   1.318000522909e+00  -8.183984026186e-18  -1.065519646448e+00  -1.337027568785e+00  -4.346874623791e-01  -1.063007976299e-01   2.666630238299e+00  -6.014561300651e-01   3.407261508510e-17   0.000000000000e+00   0.000000000000e+00   0.000000000000e+00   0.000000000000e+00   0.000000000000e+00   0.000000000000e+00   0.000000000000e+00   0.000000000000e+00   0.000000000000e+00  -6.810923136928e-03   3.158301529796e-02  -2.733953813786e-03  -2.358803047844e-19  -1.070164073939e-01   2.643136691535e-01  -2.648194299276e-02   2.384903587408e-19   0.000000000000e+00   0.000000000000e+00   0.000000000000e+00   0.000000000000e+00   0.000000000000e+00   0.000000000000e+00  -1.398464599028e-04  -3.910766874270e-02  -8.469370662913e-02   0.000000000000e+00   0.000000000000e+00   0.000000000000e+00   0.000000000000e+00  -1.398464599028e-04  -3.910766874270e-02  -8.469370662913e-02   0.000000000000e+00   0.000000000000e+00   0.000000000000e+00
   3.460996615801e-02   4.104632157018e-02  -6.843160657386e-03  -1.069287539948e+01   0.000000000000e+00   1.114847980029e-01  -7.406389284894e-03  -7.242814554884e+00   0.000000000000e+00   6.761001278756e-02  -2.921187832920e-03  -2.550113071954e+00   0.000000000000e+00   3.373083280319e-02  -8.894059149485e-04  -7.555871280358e-01   0.000000000000e+00  -8.025815414674e-02   2.042589172112e-26  -4.480766202937e-02   0.000000000000e+00  -6.770055853239e-02   9.982654822801e-01   1.229215738062e+00   3.923523147703e-01   9.297577249158e-02   1.387315926610e+00   2.135021652835e+00  -1.857440328619e-17   1.802868046520e-01   2.422208050685e-01   9.279095222343e-02   3.013710862976e-02  -6.281623593256e-01  -8.677149239037e-01  -5.665798437134e-18   0.000000000000e+00   0.000000000000e+00   0.000000000000e+00   0.000000000000e+00   0.000000000000e+00   0.000000000000e+00   0.000000000000e+00   0.000000000000e+00   0.000000000000e+00   5.927915399670e-04  -2.964358588808e-03  -2.170159723864e-03   1.909041088074e-20   1.100477018850e-02  -3.395138543544e-02  -6.160692365819e-02  -1.930164951386e-20   0.000000000000e+00   0.000000000000e+00   0.000000000000e+00   0.000000000000e+00   0.000000000000e+00   0.000000000000e+00  -9.912499387718e-06  -2.197844206591e-03  -1.577102763774e-03   0.000000000000e+00   0.000000000000e+00   0.000000000000e+00   0.000000000000e+00  -9.912499387718e-06  -2.197844206591e-03  -1.577102763774e-03   0.000000000000e+00   0.000000000000e+00   0.000000000000e+00
   1.051059144561e-26   1.246522789904e-26   0.000000000000e+00   0.000000000000e+00  -1.066196435592e+01   3.385700077855e-26   0.000000000000e+00   0.000000000000e+00  -7.209358157631e+00   2.053483657309e-26   0.000000000000e+00   0.000000000000e+00  -2.536915035697e+00   1.024580997574e-26   0.000000000000e+00   0.000000000000e+00  -7.515682609962e-01   0.000000000000e+00   6.035665634782e-02   2.358578816725e-26  -9.020919952337e-02   0.000000000000e+00   1.870985833430e-18  -3.404013993368e-18  -4.852349470052e-19  -3.953554899638e-20  -8.183984021206e-18  -1.857440327440e-17  -9.826079137247e-01   3.472256630132e-18  -5.891196051665e-18  -8.532577488127e-19  -6.982857827382e-20   3.407261507282e-17  -5.665798434575e-18  -9.682973805293e-01   0.000000000000e+00   0.000000000000e+00   0.000000000000e+00   0.000000000000e+00   0.000000000000e+00   0.000000000000e+00   0.000000000000e+00   0.000000000000e+00   0.000000000000e+00   5.898216390346e-20  -2.358803048649e-19   1.909041089118e-20  -2.401596684338e-03  -1.083739564011e-21   2.384903560797e-19  -1.930164916836e-20  -6.404464787104e-02   0.000000000000e+00   0.000000000000e+00   0.000000000000e+00   0.000000000000e+00   0.000000000000e+00   0.000000000000e+00  -3.221462173085e-05  -8.838995050404e-03  -1.821097212025e-02   0.000000000000e+00   0.000000000000e+00   0.000000000000e+00   0.000000000000e+00   3.221462173085e-05   8.838995050404e-03   1.821097212025e-02   0.000000000000e+00   0.000000000000e+00   0.000000000000e+00
  -1.238087721235e+01  -1.247026904266e+01  -1.564964803809e-01   1.114847980029e-01   3.385700077855e-26  -1.366430806918e+01  -2.550872225625e-01   1.808168862046e-01   5.532258840611e-26  -9.050115682250e+00  -1.569439553359e-01   1.079528131028e-01   3.457992930744e-26  -4.850731402569e+00  -5.788223952634e-02   3.888497064020e-02   1.291192243270e-26  -2.492785687035e-02   0.000000000000e+00   8.712813396257e-02   0.000000000000e+00  -3.804861767072e-02  -1.855906304491e+00  -4.445261404336e+00  -4.044949723170e+00  -2.442478004257e+00  -2.231505345135e+00  -4.923880887338e+00   1.591912844196e-17  -1.895761255625e+00  -4.475369000519e+00  -4.055100005671e+00  -2.444762697402e+00   5.357585146124e+00  -8.748652854441e-01   2.719103761520e-17   0.000000000000e+00   0.000000000000e+00   0.000000000000e+00   0.000000000000e+00   0.000000000000e+00  -2.098260293183e-05   1.045353210808e-04  -8.394427043737e-06  -3.660988623901e-21  -2.122273813457e-02   9.084691753099e-02  -7.188064130306e-03  -6.789373624373e-19  -4.686510798498e-01   1.369708457704e+00  -1.080831112852e-01   1.811299530844e-19   4.408073423990e-06  -1.742937692604e-22   1.585995870416e-05   2.153566398559e-21  -2.711427070989e-05   0.000000000000e+00  -7.853477439686e-04  -1.408396897061e-01  -6.975479872809e-01   9.400160693063e-06   7.483753935152e-07   2.236234252755e-06   0.000000000000e+00  -7.853477439686e-04  -1.408396897061e-01  -6.975479872809e-01   9.400160693062e-06   7.483753935152e-07  -2.236234252755e-06
  -2.212748853557e-02  -1.686653986206e-02  -7.265165926934e+00  -7.406389284894e-03   0.000000000000e+00  -2.550872225625e-01  -8.798319917102e+00  -2.561380433241e-02   0.000000000000e+00  -2.954184785190e-01  -5.293402733666e+00  -2.077214449811e-02   0.000000000000e+00  -1.894958943008e-01  -2.002192662588e+00  -8.046090256383e-03   0.000000000000e+00   1.853524705545e-01   0.000000000000e+00   1.568536538161e-01   5.236538936805e-26  -3.189075143121e-01   1.160471135775e+00   1.066974460001e+00   2.728162784184e-01  -2.333365082419e-03  -1.221556180529e+00   2.038562970323e+00  -1.865340901573e-17  -3.069927526523e+00  -3.120765691514e+00  -1.202933994464e+00  -3.407838241426e-01   3.705296301421e+00  -9.704205744202e-01   7.911661429752e-17   0.000000000000e+00   0.000000000000e+00   0.000000000000e+00   0.000000000000e+00   0.000000000000e+00  -1.037642981610e-04   4.950175787206e-04  -4.137093075920e-05  -1.739365838380e-20  -4.288657741607e-02   1.652159525687e-01  -1.418001149464e-02  -1.117564213706e-18  -3.406851124339e-01   7.785507248907e-01  -7.746726174820e-02   1.156229447748e-18   2.481535658760e-05  -9.843220445808e-22   8.626794374855e-05   1.174944221998e-20  -1.473483294074e-04   0.000000000000e+00  -2.228767883703e-03  -1.374081196932e-01  -2.645871032161e-01   4.554833204929e-05   3.759114066877e-06   1.122623016630e-05   0.000000000000e+00  -2.228767883703e-03  -1.374081196932e-01  -2.645871032161e-01   4.554833204929e-05   3.759114066877e-06  -1.122623016630e-05
   1.576332434429e-02   1.201550663135e-02  -7.406389284894e-03  -7.242814554884e+00   0.000000000000e+00   1.808168862046e-01  -2.561380433241e-02  -8.718584754111e+00   0.000000000000e+00   2.032015551693e-01  -2.077214449811e-02  -5.220028680037e+00   0.000000000000e+00   1.273023011311e-01  -8.046090256383e-03  -1.971235313927e+00   0.000000000000e+00  -1.739493599730e-01   5.236538936805e-26  -1.271079928082e-01   0.000000000000e+00  -1.729951877010e-01   2.704559515124e+00   2.772703516675e+00   1.052498579126e+00   2.848883345748e-01   2.233930244085e+00   2.751789550454e+00  -4.233585263602e-17   5.167710947505e-01   5.704510343496e-01   2.709628843415e-01   1.052066161526e-01  -1.025229665145e+00  -2.032577975553e+00  -1.315598431477e-17   0.000000000000e+00   0.000000000000e+00   0.000000000000e+00   0.000000000000e+00   0.000000000000e+00   8.463806720269e-06  -4.205842798939e-05  -1.610452346600e-05   1.407714330504e-21   3.780404122695e-03  -1.589551091824e-02  -1.327342500751e-02   9.044739892201e-20   3.664422725230e-02  -1.063795985746e-01  -1.878959395629e-01  -9.357667810624e-20   8.237511573615e-06  -3.331353287914e-22  -7.000121417536e-06  -9.843220445829e-22   1.362571815121e-05   0.000000000000e+00  -1.465194174200e-04  -6.519938635522e-03   3.714697056260e-04   3.492183475808e-06  -1.310470136811e-06   8.259340278984e-07   0.000000000000e+00  -1.465194174200e-04  -6.519938635522e-03   3.714697056260e-04   3.492183475808e-06  -1.310470136811e-06  -8.259340278984e-07
   4.787118729859e-27   3.648950099334e-27   0.000000000000e+00   0.000000000000e+00  -7.209358157631e+00   5.532258840611e-26   0.000000000000e+00   0.000000000000e+00  -8.602187614024e+00   6.509043359737e-26   0.000000000000e+00   0.000000000000e+00  -5.123381500311e+00   4.227127886806e-26   0.000000000000e+00   0.000000000000e+00  -1.933172334591e+00   0.000000000000e+00   1.381901566636e-01   6.046634329573e-26  -2.211783765228e-01   0.000000000000e+00  -9.847264333196e-18  -1.067736036366e-17  -1.864905183300e-18  -1.737520966850e-19  -1.865340900050e-17  -4.233585260258e-17  -2.128659635067e+00  -1.643998463609e-17  -1.857093645236e-17  -3.280976443550e-18  -3.069044202135e-19   7.911661426324e-17  -1.315598430814e-17  -2.186252118462e+00   0.000000000000e+00   0.000000000000e+00   0.000000000000e+00   0.000000000000e+00   0.000000000000e+00   3.660988623906e-21  -1.739365838382e-20   1.407714330507e-21  -1.947625393477e-05   3.606921126080e-19  -1.117564214224e-18   9.044739898898e-20  -1.445788842820e-02  -5.532682732643e-20   1.156229436512e-18  -9.357667664850e-20  -1.937792434790e-01  -9.843220445777e-22  -8.348120076345e-07  -4.010592925568e-21   1.031771297733e-05   6.041288774362e-21   0.000000000000e+00  -4.975777078696e-04  -2.964180698263e-02  -5.323521323134e-02   1.087624164090e-05   8.615713474478e-07   9.985972997209e-07   0.000000000000e+00   4.975777078696e-04   2.964180698263e-02   5.323521323134e-02  -1.087624164090e-05  -8.615713474478e-07   9.985972997209e-07
  -5.372252304091e+00  -5.422639652184e+00  -9.491460676298e-02   6.761001278756e-02   2.053483657309e-26  -9.050115682250e+00  -2.954184785190e-01   2.032015551693e-01   6.509043359737e-26  -8.872001294486e+00  -4.244714587380e-01   2.320547553497e-01   1.041347203190e-25  -6.266815701368e+00  -2.724659994650e-01   1.191740280873e-01   7.230430547680e-26  -3.070948130572e-02   0.000000000000e+00   1.094207743290e-01   0.000000000000e+00  -4.921168504327e-02  -2.607220845296e+00  -5.122117466921e+00  -5.263155659211e+00  -3.585070431696e+00  -1.678227623765e+00  -3.505598579816e+00   9.346447528508e-18  -2.831092496051e+00  -5.395575251146e+00  -5.406013547498e+00  -3.626937301274e+00   3.805739727008e+00  -6.198347757869e-01   1.632245085168e-17  -3.154729492626e-03  -3.060449199663e-03   6.685656298890e-03  -5.777178633627e-04  -5.898216390183e-20  -2.042542267024e-02   4.043326682641e-02  -3.429991997890e-03  -3.606921125937e-19  -1.653084845494e-01   4.461034093373e-01  -3.553920841976e-02  -1.246401707013e-18  -9.103158283509e-01   2.207032517112e+00  -1.701720933441e-01   1.274780395070e-18   3.521499370640e-03  -2.676988853473e-20   1.210037199874e-02   3.307676040115e-19  -2.072251643931e-02  -1.672093717986e-03  -2.807863242978e-02  -3.586325843435e-01  -1.159150764706e+00   1.092608539679e-02   1.360884950789e-03   3.366141855028e-03  -1.672093717986e-03  -2.807863242978e-02  -3.586325843435e-01  -1.159150764706e+00   1.092608539679e-02   1.360884950789e-03  -3.366141855028e-03
  -6.441123589860e-03  -4.034907034668e-03  -2.558936205788e+00  -2.921187832920e-03   0.000000000000e+00  -1.569439553359e-01  -5.293402733666e+00  -2.077214449811e-02   0.000000000000e+00  -4.244714587380e-01  -6.554635684697e+00  -2.665761732056e-02   0.000000000000e+00  -4.738858383468e-01  -4.166637007749e+00  -9.504230125789e-03   0.000000000000e+00   1.278307433291e-01   0.000000000000e+00   1.119847638484e-01   3.675850203558e-26  -2.342814883568e-01   1.352206583855e+00   1.441482755282e+00   4.870389194075e-01  -6.310703729961e-02  -1.826009196366e+00   1.320379365581e+00  -7.879639143213e-18  -3.827429353472e+00  -4.594874657494e+00  -2.580049914454e+00  -9.641474777016e-01   1.084026951372e+00  -6.353725601915e-01   3.396214701190e-17  -1.676949362890e-02  -1.641700407692e-02   3.101472663681e-02  -2.895973469255e-03  -2.358803048566e-19  -8.773062521883e-02   1.556808915556e-01  -1.451534036874e-02  -1.117564214161e-18  -4.405525853513e-01   1.004033752471e+00  -9.238045516581e-02  -9.255241305002e-19  -1.124593689462e+00   1.975409727946e+00  -2.049928408993e-01   4.787680237089e-18   1.450510356623e-02  -8.195679388858e-20   4.541209954508e-02   8.933117842175e-19  -7.763415611651e-02  -8.244446579188e-03  -9.536303557705e-02  -5.811321778951e-01  -8.209806219078e-01   4.540328198595e-02   6.339844355469e-03   1.543430261417e-02  -8.244446579188e-03  -9.536303557705e-02  -5.811321778951e-01  -8.209806219078e-01   4.540328198595e-02   6.339844355469e-03  -1.543430261417e-02
   4.588547603767e-03   2.874422409970e-03  -2.921187832920e-03  -2.550113071954e+00   0.000000000000e+00   1.079528131028e-01  -2.077214449811e-02  -5.220028680037e+00   0.000000000000e+00   2.320547553497e-01  -2.665761732056e-02  -6.345944216877e+00   0.000000000000e+00   2.072731435122e-01  -9.504230125789e-03  -3.972398951907e+00   0.000000000000e+00  -1.089582275486e-01   3.675850203558e-26  -9.088931321815e-02   0.000000000000e+00  -1.168684385758e-01   3.149592100986e+00   3.760408339811e+00   2.034399634756e+00   6.784808211295e-01   1.544042294231e+00   7.194966480369e-01  -1.788366090537e-17   6.380853240379e-01   8.022933216765e-01   5.095448159730e-01   2.263103452980e-01  -6.590040199444e-01  -2.572943572594e+00  -5.647429144077e-18   1.354864742761e-03   1.327394961103e-03  -2.692926919061e-03  -2.165153135837e-03   1.909041089049e-20   7.016531154991e-03  -1.364161935761e-02  -1.305649017866e-02   9.044739898341e-20   3.622018356148e-02  -9.551293756700e-02  -1.322674727547e-01   7.490509200789e-20   1.057109183485e-01  -2.518259493424e-01  -5.891914260140e-01  -3.874795026407e-19   1.341323673183e-02  -1.127098969528e-19  -3.627862826747e-03  -8.195679391668e-20   8.690045998146e-03  -5.411823156570e-04  -5.687232609926e-03  -2.882744048814e-02  -1.319263383456e-02   3.142394140807e-03  -3.083177513411e-03   7.718601435440e-04  -5.411823156570e-04  -5.687232609926e-03  -2.882744048814e-02  -1.319263383456e-02   3.142394140807e-03  -3.083177513411e-03  -7.718601435440e-04
   1.393492109618e-27   8.729212063503e-28   0.000000000000e+00   0.000000000000e+00  -2.536915035697e+00   3.457992930744e-26   0.000000000000e+00   0.000000000000e+00  -5.123381500311e+00   1.041347203190e-25   0.000000000000e+00   0.000000000000e+00  -6.194815262537e+00   1.257550904855e-25   0.000000000000e+00   0.000000000000e+00  -3.890790420712e+00   0.000000000000e+00   8.727427354602e-02   4.244506209050e-26  -1.492764152463e-01   0.000000000000e+00  -1.378912296312e-17  -1.390774893536e-17  -4.428440478480e-18  -6.191697280980e-19  -7.879639124279e-18  -1.788366086881e-17  -2.435672719486e+00  -2.403756407725e-17  -2.437752256571e-17  -7.801466920288e-18  -1.093886394159e-18   3.396214697586e-17  -5.647429138218e-18  -2.666566766887e+00   7.567005465427e-20   7.551953976344e-20  -2.358803047836e-19   1.909041088090e-20  -2.403906332293e-03   6.789373624401e-19  -1.117564213714e-18   9.044739892449e-20  -1.426775866799e-02   1.246401707185e-18  -9.255241309934e-19   7.490509206397e-20  -1.398757605202e-01  -7.329493313886e-19   4.787680205380e-18  -3.874794985419e-19  -6.034818202202e-01  -8.195679384373e-20  -1.289796159189e-03  -4.320482776673e-19   1.470709953797e-02   5.030108402759e-19  -1.788087717168e-03  -1.985139670984e-02  -1.184123628032e-01  -1.547666033398e-01   1.048173889374e-02   1.140079996847e-03  -3.691778223218e-04   1.788087717168e-03   1.985139670984e-02   1.184123628032e-01   1.547666033398e-01  -1.048173889374e-02  -1.140079996847e-03  -3.691778223218e-04
  -2.425052295485e+00  -2.441973136668e+00  -4.735611177505e-02   3.373083280319e-02   1.024580997574e-26  -4.850731402569e+00  -1.894958943008e-01   1.273023011311e-01   4.227127886806e-26  -6.266815701368e+00  -4.738858383468e-01   2.072731435122e-01   1.257550904855e-25  -6.135475647009e+00  -5.989677638365e-01   1.569198589382e-01   1.811160634218e-25  -1.925637908267e-02   0.000000000000e+00   6.949115010649e-02   0.000000000000e+00  -3.185879800003e-02  -1.975788794692e+00  -4.088078534329e+00  -5.151974183475e+00  -4.378980698652e+00  -8.258077594382e-01  -1.603259969648e+00   1.493775659581e-18  -2.207434523689e+00  -4.524127286142e+00  -5.555135984961e+00  -4.561350394992e+00   1.593227094389e+00  -2.666257419870e-01   2.631057792770e-18  -1.948189900302e-01  -1.955680849786e-01   1.041820822118e-01  -1.076148459618e-02   1.083739637338e-21  -4.662273612039e-01   3.221502858932e-01  -3.441636122853e-02   5.532682767362e-20  -9.032960037886e-01   1.104692259440e+00  -1.010952340125e-01   7.329493329108e-19  -1.777682609561e+00   2.792156078087e+00  -2.242952012115e-01   2.819252427833e-18   1.393069011465e-02   1.536455236782e-20   4.376806255761e-02  -1.898437544125e-19  -7.929869249660e-02  -1.224050745034e-01  -3.833418713590e-01  -1.007588681495e+00  -1.873343947240e+00   2.014997373016e-01   4.886663710233e-02   9.961058723380e-02  -1.224050745034e-01  -3.833418713590e-01  -1.007588681495e+00  -1.873343947240e+00   2.014997373016e-01   4.886663710233e-02  -9.961058723380e-02
  -1.788288811279e-03  -1.053363186113e-03  -7.582750979021e-01  -8.894059149485e-04   0.000000000000e+00  -5.788223952634e-02  -2.002192662588e+00  -8.046090256383e-03   0.000000000000e+00  -2.724659994650e-01  -4.166637007749e+00  -9.504230125789e-03   0.000000000000e+00  -5.989677638365e-01  -4.966799788101e+00   1.254401701853e-02   0.000000000000e+00   4.729998518268e-02   0.000000000000e+00   4.225044005325e-02   1.388525434823e-26  -8.882136938220e-02   6.925471762310e-01   9.759193938953e-01   5.142529081592e-01  -1.606591091765e-01  -1.144378479452e+00   4.083116389104e-01  -8.219942761276e-19  -2.014124796220e+00  -3.333158790495e+00  -3.129401705371e+00  -1.829302134985e+00  -5.516377263639e-01  -1.825426214437e-01   3.569072663587e-18  -6.133083821356e-01  -6.165308114207e-01   2.559103717259e-01  -3.329901428308e-02   2.384903563072e-19  -1.367645368413e+00   7.322970035057e-01  -1.012557864502e-01   1.156229437527e-18  -2.196102218438e+00   1.917723926810e+00  -2.420922312441e-01   4.787680209066e-18  -2.798460861932e+00   2.547084015390e+00  -3.360004635747e-01   8.169097108491e-18   3.099196199667e-02   8.771267428581e-20   7.264811824344e-02  -9.646412942692e-19  -1.374882106092e-01  -3.983523690973e-01  -1.075237295106e+00  -1.953939949916e+00  -2.007114612592e+00   5.327739041048e-01   1.546610386713e-01   3.144689101348e-01  -3.983523690973e-01  -1.075237295106e+00  -1.953939949916e+00  -2.007114612592e+00   5.327739041048e-01   1.546610386713e-01  -3.144689101348e-01
   1.273941711750e-03   7.504057125820e-04  -8.894059149485e-04  -7.555871280358e-01   0.000000000000e+00   3.888497064020e-02  -8.046090256383e-03  -1.971235313927e+00   0.000000000000e+00   1.191740280873e-01  -9.504230125789e-03  -3.972398951907e+00   0.000000000000e+00   1.569198589382e-01   1.254401701853e-02  -4.489765353410e+00   0.000000000000e+00  -3.983637374894e-02   1.388525434823e-26  -3.392225130245e-02   0.000000000000e+00  -4.295910636967e-02   1.610841220246e+00   2.522357085783e+00   2.144953318326e+00   1.047226691921e+00   5.232075599138e-01  -3.721371527537e-01  -1.865601537133e-18   3.342146719337e-01   5.577814460903e-01   5.267626044653e-01   3.044932839378e-01  -1.807725613220e-01  -1.499463723201e+00  -5.934867712832e-19   4.954810499376e-02   4.984478983569e-02  -2.587386045525e-02  -6.184496912251e-02  -1.930164918697e-20   1.081384474920e-01  -7.466299836255e-02  -1.874501706968e-01  -9.357667673362e-20   1.710152396845e-01  -2.048363744367e-01  -5.886707534109e-01  -3.874794988792e-19   2.281680706990e-01  -3.413589377948e-01  -1.317115288892e+00  -6.611464256127e-19   9.069317369700e-02   1.120339582568e-19  -5.518585762245e-03   8.771267401782e-20   2.882277035274e-02  -2.592609008045e-02  -5.364714837642e-02  -8.502007204488e-02  -5.578989901248e-02   3.635261101583e-02  -9.176119889406e-02   1.014329586255e-02  -2.592609008045e-02  -5.364714837642e-02  -8.502007204488e-02  -5.578989901248e-02   3.635261101583e-02  -9.176119889406e-02  -1.014329586255e-02
   3.868844110651e-28   2.278868311980e-28   0.000000000000e+00   0.000000000000e+00  -7.515682609962e-01   1.291192243270e-26   0.000000000000e+00   0.000000000000e+00  -1.933172334591e+00   7.230430547680e-26   0.000000000000e+00   0.000000000000e+00  -3.890790420712e+00   1.811160634218e-25   0.000000000000e+00   0.000000000000e+00  -4.430232692057e+00   0.000000000000e+00   3.150402878939e-02   1.603331067144e-26  -5.547783431677e-02   0.000000000000e+00  -3.343015983783e-18  -5.621218791164e-18  -4.037825404168e-18  -1.164750848017e-18  -8.219942661562e-19  -1.865601519677e-18  -1.344294704131e+00  -5.886905552997e-18  -9.907002884882e-18  -7.126498938385e-18  -2.058632183108e-18   3.569072647032e-18  -5.934867690693e-19  -1.524091672939e+00   3.348945502374e-21   6.861456846503e-21   2.384903587464e-19  -1.930164950724e-20  -6.476391856701e-02  -1.811299530689e-19   1.156229447702e-18  -9.357667807069e-20  -1.975933438622e-01  -1.274780394355e-18   4.787680235985e-18  -3.874795024334e-19  -6.124673446565e-01  -2.819252423853e-18   8.169097101930e-18  -6.611464248666e-19  -1.345125974484e+00   8.771267471588e-20  -1.177936958459e-02   4.524705562379e-19   9.375202712252e-02  -5.383376296588e-19  -8.595963028765e-02  -2.053886313169e-01  -3.567910367103e-01  -3.428904495692e-01   1.286781467801e-01   2.357161184891e-02  -4.367642678552e-02   8.595963028765e-02   2.053886313169e-01   3.567910367103e-01   3.428904495692e-01  -1.286781467801e-01  -2.357161184891e-02  -4.367642678552e-02
  -1.163040905285e-03  -4.821859645185e-04   7.026524501867e-02  -8.025815414674e-02   0.000000000000e+00  -2.492785687035e-02   1.853524705545e-01  -1.739493599730e-01   0.000000000000e+00  -3.070948130572e-02   1.278307433291e-01  -1.089582275486e-01   0.000000000000e+00  -1.925637908267e-02   4.729998518268e-02  -3.983637374894e-02   0.000000000000e+00  -6.151673634284e+00   0.000000000000e+00   2.630065946503e-02   0.000000000000e+00   3.855052726784e-02  -1.401344768693e+00  -5.908091511169e-01  -8.318967272491e-02  -1.438903866995e-02   1.046260143608e+00  -1.191309519384e+00   3.523401455271e-17   6.796987976873e-01   3.255300395675e-01   4.575890443315e-02  -9.413866327244e-04  -7.293065367535e-01  -1.998779089727e+00  -2.693396488482e-17   0.000000000000e+00   0.000000000000e+00   0.000000000000e+00   0.000000000000e+00   0.000000000000e+00   4.577472752865e-06  -2.596469725551e-05  -8.315455951387e-06   9.843220445766e-22   4.064646553786e-03  -1.668038512695e-02  -1.372956266856e-02   8.195679384139e-20   1.792947164432e-02  -4.070371147321e-02  -9.284877956031e-02  -8.771267473392e-20   2.487323612072e-06  -1.154506026731e-22  -2.676889435631e-06  -4.318536771608e-22   5.116419613358e-06   0.000000000000e+00  -1.478548978337e-04  -3.960907920425e-03  -2.004680201134e-03   1.731658523700e-06  -5.632490563357e-07   4.195678500214e-07   0.000000000000e+00  -1.478548978337e-04  -3.960907920425e-03  -2.004680201134e-03   1.731658523700e-06  -5.632490563357e-07  -4.195678500214e-07
   0.000000000000e+00   0.000000000000e+00   0.000000000000e+00   2.042589172112e-26   6.035665634782e-02   0.000000000000e+00   0.000000000000e+00   5.236538936805e-26   1.381901566636e-01   0.000000000000e+00   0.000000000000e+00   3.675850203558e-26   8.727427354602e-02   0.000000000000e+00   0.000000000000e+00   1.388525434823e-26   3.150402878939e-02   0.000000000000e+00  -6.012066526003e+00   0.000000000000e+00  -1.266000286798e-02   0.000000000000e+00   2.793453483071e-17   9.992866837704e-18   5.308737765354e-19   1.676385820172e-20   3.523401453626e-17   5.964437267276e-17   1.932743804711e+00   8.457086601563e-18   3.140675679745e-18   1.686792808660e-19   5.346380905676e-21  -2.693396487790e-17  -3.031203593657e-17   3.737776844195e-01   0.000000000000e+00   0.000000000000e+00   0.000000000000e+00   0.000000000000e+00   0.000000000000e+00  -1.742937692606e-22   9.843220445816e-22   3.331353287918e-22   8.530060192024e-07  -2.676988853548e-20   8.195679389211e-20   1.127098969579e-19   1.309613909526e-03   1.536455235974e-20  -8.771267426155e-20  -1.120339581511e-19   1.005599330198e-02  -1.154506026732e-22  -6.846404122486e-08   1.361162668681e-22  -2.747628063938e-07  -2.328513540135e-22   0.000000000000e+00  -3.597380916740e-05  -1.001705881905e-03  -1.641314055916e-04   4.181007129611e-07  -1.303229217381e-07   4.583892589164e-08   0.000000000000e+00   3.597380916740e-05   1.001705881905e-03   1.641314055916e-04  -4.181007129611e-07   1.303229217381e-07   4.583892589164e-08
   4.046188899160e-03   1.677507499942e-03   5.815107367650e-02  -4.480766202937e-02   2.358578816725e-26   8.712813396257e-02   1.568536538161e-01  -1.271079928082e-01   6.046634329573e-26   1.094207743290e-01   1.119847638484e-01  -9.088931321815e-02   4.244506209050e-26   6.949115010649e-02   4.225044005325e-02  -3.392225130245e-02   1.603331067144e-26   2.630065946503e-02   0.000000000000e+00  -6.040615514648e+00   0.000000000000e+00   3.583161177310e-02   1.121021761021e+00   5.335543995165e-01   1.228998924136e-01   4.314677272332e-02   2.860079174645e-01   5.299883176409e-01  -5.103289092113e-17   1.202696294240e+00   5.939568366117e-01   1.416950608887e-01   4.723670160337e-02  -6.737204934174e-01   9.927678733003e-02  -8.822362394913e-17   0.000000000000e+00   0.000000000000e+00   0.000000000000e+00   0.000000000000e+00   0.000000000000e+00   1.619067861165e-05  -8.862136006273e-05   7.092184138109e-06   4.010592925566e-21   1.330605902923e-02  -5.023721854691e-02   3.876135487829e-03   4.320482776722e-19   5.744669015525e-02  -1.098488129842e-01   6.422615629069e-03  -4.524705561213e-19  -2.650017506042e-06   1.361162668681e-22  -9.645192751247e-06  -1.681846803061e-21   1.633518055187e-05   0.000000000000e+00   6.090245228493e-04   2.518433183486e-02   2.939412954560e-02  -5.862763151122e-06  -4.654173405134e-07  -1.673022247759e-06   0.000000000000e+00   6.090245228493e-04   2.518433183486e-02   2.939412954560e-02  -5.862763151122e-06  -4.654173405134e-07   1.673022247759e-06
   0.000000000000e+00   0.000000000000e+00   2.042589172112e-26   0.000000000000e+00  -9.020919952337e-02   0.000000000000e+00   5.236538936805e-26   0.000000000000e+00  -2.211783765228e-01   0.000000000000e+00   3.675850203558e-26   0.000000000000e+00  -1.492764152463e-01   0.000000000000e+00   1.388525434823e-26   0.000000000000e+00  -5.547783431677e-02   0.000000000000e+00  -1.266000286798e-02   0.000000000000e+00  -6.060795934237e+00   0.000000000000e+00   1.230810935450e-17   4.402911970417e-18   2.339058992401e-19   7.386247872385e-21  -4.798589222317e-18   3.523401453634e-17   8.032009212349e-01  -5.085868474292e-17  -1.888719387297e-17  -1.014392633738e-18  -3.215172193698e-20   1.271829728453e-16  -2.693396487653e-17  -2.174345580223e+00   0.000000000000e+00   0.000000000000e+00   0.000000000000e+00   0.000000000000e+00   0.000000000000e+00   2.153566398561e-21  -1.174944221999e-20   9.843220445845e-22  -1.045303043367e-05   3.307676040261e-19  -8.933117842802e-19   8.195679392258e-20  -1.509887552678e-02  -1.898437542463e-19   9.646412938787e-19  -8.771267397644e-20  -9.716281799545e-02  -4.318536771611e-22  -2.734120029710e-07  -1.681846803062e-21   3.294620697601e-06   2.574314841961e-21   0.000000000000e+00  -5.161031745407e-04  -1.894681170919e-02  -1.412228063173e-02   5.418462482055e-06   4.379641454089e-07   6.173277616504e-07   0.000000000000e+00   5.161031745407e-04   1.894681170919e-02   1.412228063173e-02  -5.418462482055e-06  -4.379641454089e-07   6.173277616504e-07
  -1.754661542255e-03  -7.274614180952e-04  -1.106716594990e-01  -6.770055853239e-02   0.000000000000e+00  -3.804861767072e-02  -3.189075143121e-01  -1.729951877010e-01   0.000000000000e+00  -4.921168504327e-02  -2.342814883568e-01  -1.168684385758e-01   0.000000000000e+00  -3.185879800003e-02  -8.882136938220e-02  -4.295910636967e-02   0.000000000000e+00   3.855052726784e-02   0.000000000000e+00   3.583161177310e-02   0.000000000000e+00  -6.185972507481e+00   1.334089418453e+00   6.213546791813e-01   8.185520462143e-02  -2.257279539884e-03   1.706985207538e+00   4.854523901733e-02  -3.222148096109e-17  -1.964371714286e+00  -9.234907316463e-01  -1.680338764690e-01  -3.487659008233e-02   9.392325447259e-01  -8.969280966350e-01   7.874750441346e-17   0.000000000000e+00   0.000000000000e+00   0.000000000000e+00   0.000000000000e+00   0.000000000000e+00  -2.766377334759e-05   1.512669108959e-04  -1.381403490661e-05  -6.041288774359e-21  -2.259648649318e-02   8.497160017280e-02  -9.221943746419e-03  -5.030108402738e-19  -9.163594407175e-02   1.655090505129e-01  -3.179422424230e-02   5.383376296695e-19   5.072027506367e-06  -2.328513540134e-22   1.633046341459e-05   2.574314841960e-21  -2.792226704749e-05   0.000000000000e+00  -1.159049994204e-03  -4.618261124721e-02  -4.303420618253e-02   1.131213086382e-05   1.001815996538e-06   2.845227263993e-06   0.000000000000e+00  -1.159049994204e-03  -4.618261124721e-02  -4.303420618253e-02   1.131213086382e-05   1.001815996538e-06  -2.845227263993e-06
  -4.578183568160e-01  -4.527629358099e-01   4.302502437449e-01   9.982654822801e-01   1.870985833430e-18  -1.855906304491e+00   1.160471135775e+00   2.704559515124e+00  -9.847264333196e-18  -2.607220845296e+00   1.352206583855e+00   3.149592100986e+00  -1.378912296312e-17  -1.975788794692e+00   6.925471762310e-01   1.610841220246e+00  -3.343015983783e-18  -1.401344768693e+00   2.793453483071e-17   1.121021761021e+00   1.230810935450e-17   1.334089418453e+00  -6.116400898457e+00  -4.963632008050e+00  -2.760253768142e+00  -1.382464801086e+00  -5.127388973300e-01  -9.066386286923e-01   2.504499965477e-26  -9.002845055912e-02  -7.914016078470e-01  -1.372385069833e+00  -1.064161545249e+00   6.132911437570e-01   2.816194310660e-01  -1.365238774675e-18   0.000000000000e+00   0.000000000000e+00   0.000000000000e+00   0.000000000000e+00   0.000000000000e+00   0.000000000000e+00   0.000000000000e+00   0.000000000000e+00   0.000000000000e+00  -1.541298825107e-03   7.712634669993e-03   1.341714031225e-03  -7.495216805422e-20  -1.177988185937e-01   3.889205615547e-01   6.746310560609e-02  -2.141264361421e-19   0.000000000000e+00   0.000000000000e+00   0.000000000000e+00   0.000000000000e+00   0.000000000000e+00   0.000000000000e+00  -1.243907041343e-05  -2.190117473062e-02  -2.280978267953e-01   0.000000000000e+00   0.000000000000e+00   0.000000000000e+00   0.000000000000e+00  -1.243907041343e-05  -2.190117473062e-02  -2.280978267953e-01   0.000000000000e+00   0.000000000000e+00   0.000000000000e+00
  -2.291528457861e+00  -2.308986724560e+00   4.904653029908e-01   1.229215738062e+00  -3.404013993368e-18  -4.445261404336e+00   1.066974460001e+00   2.772703516675e+00  -1.067736036366e-17  -5.122117466921e+00   1.441482755282e+00   3.760408339811e+00  -1.390774893536e-17  -4.088078534329e+00   9.759193938953e-01   2.522357085783e+00  -5.621218791164e-18  -5.908091511169e-01   9.992866837704e-18   5.335543995165e-01   4.402911970417e-18   6.213546791813e-01  -4.963632008050e+00  -6.559522147275e+00  -5.045947796152e+00  -2.935787818519e+00  -8.897779782500e-01  -1.550579338479e+00   4.568455735523e-26  -8.390239087551e-01  -2.323346484490e+00  -3.072496429594e+00  -2.382509914630e+00   1.903562534949e+00   6.714647290769e-01   1.077233629977e-18  -2.686276425812e-05  -2.359326326816e-05   1.220629381151e-04   2.330338373640e-05  -1.652500941604e-21  -6.776285362532e-04   1.948539529357e-03   3.645463095480e-04  -2.595332390584e-20  -2.697415460249e-02   9.353946347193e-02   1.508909667948e-02  -4.509943391672e-19  -3.753009731373e-01   1.063753918454e+00   1.546665973627e-01  -1.544158312475e-19  -3.786232789077e-04   5.268726354343e-21   6.011348244777e-04   2.701306613546e-20  -9.701100856420e-04  -1.216786114459e-05  -1.585901136599e-03  -9.867391980555e-02  -5.857983928692e-01   2.041894996468e-04   6.642105779059e-05   4.999074585630e-05  -1.216786114459e-05  -1.585901136599e-03  -9.867391980555e-02  -5.857983928692e-01   2.041894996468e-04   6.642105779059e-05  -4.999074585630e-05
  -2.008659145623e+00  -2.022402051079e+00   1.225220927740e-01   3.923523147703e-01  -4.852349470052e-19  -4.044949723170e+00   2.728162784184e-01   1.052498579126e+00  -1.864905183300e-18  -5.263155659211e+00   4.870389194075e-01   2.034399634756e+00  -4.428440478480e-18  -5.151974183475e+00   5.142529081592e-01   2.144953318326e+00  -4.037825404168e-18  -8.318967272491e-02   5.308737765354e-19   1.228998924136e-01   2.339058992401e-19   8.185520462143e-02  -2.760253768142e+00  -5.045947796152e+00  -5.554994263231e+00  -4.183502945132e+00  -6.359243606634e-01  -1.090812619250e+00   3.436768841226e-26  -1.519010227431e+00  -3.288667458377e+00  -4.258657755956e+00  -3.643160554998e+00   1.552381155633e+00   3.996918214339e-01   8.692841845019e-19  -4.871085596181e-02  -4.875544178180e-02   3.718196742557e-02   6.569537564858e-03  -3.373195650024e-20  -1.333499549453e-01   1.272699970563e-01   2.167704473342e-02  -1.345126114301e-19  -3.431462175773e-01   5.662333760166e-01   8.884966847171e-02  -2.271898516460e-19  -9.885818201427e-01   1.944623882218e+00   2.647215630921e-01   7.936476381518e-19  -1.427466783232e-02   4.524252505386e-21   2.368064790234e-02   2.319610525392e-20  -3.969463217748e-02  -2.186467455748e-02  -9.686524162070e-02  -4.253006932691e-01  -1.164183774548e+00   5.134465218692e-02   2.133012480171e-02   2.171564774511e-02  -2.186467455748e-02  -9.686524162070e-02  -4.253006932691e-01  -1.164183774548e+00   5.134465218692e-02   2.133012480171e-02  -2.171564774511e-02
  -1.149274457105e+00  -1.156062164007e+00   1.077183198393e-02   9.297577249158e-02  -3.953554899638e-20  -2.442478004257e+00  -2.333365082419e-03   2.848883345748e-01  -1.737520966850e-19  -3.585070431696e+00  -6.310703729961e-02   6.784808211295e-01  -6.191697280980e-19  -4.378980698652e+00  -1.606591091765e-01   1.047226691921e+00  -1.164750848017e-18  -1.438903866995e-02   1.676385820172e-20   4.314677272332e-02   7.386247872385e-21  -2.257279539884e-03  -1.382464801086e+00  -2.935787818519e+00  -4.183502945132e+00  -4.261714999930e+00  -3.468770515382e-01  -5.905712923566e-01   1.918915507402e-26  -1.197608884140e+00  -2.674012940092e+00  -3.940746067762e+00  -4.072343183715e+00   6.820164991576e-01   8.469574096481e-02   1.293106123176e-19  -3.089677362141e-01  -3.106061974906e-01   8.041976338637e-02   1.124076491076e-02   1.903999395761e-20  -6.881992823104e-01   2.438400904112e-01   2.904358341560e-02   8.958463095659e-20  -1.144666561671e+00   7.960428940329e-01   9.680991836790e-02   3.951391911647e-19  -1.860346681337e+00   1.999281125247e+00   2.348949801423e-01   1.119501307665e-18  -1.205205968535e-02  -8.278836008519e-21   1.432130549836e-02  -4.244607358570e-20  -3.300395601291e-02  -2.295956607774e-01  -5.866629498380e-01  -1.168521913471e+00  -1.907189627698e+00   2.079508217454e-01   1.101464393231e-01   1.377264346839e-01  -2.295956607774e-01  -5.866629498380e-01  -1.168521913471e+00  -1.907189627698e+00   2.079508217454e-01   1.101464393231e-01  -1.377264346839e-01
