ARMA_MAT_TXT_FN008
72 72
   3.184268396300e-01   2.840633461322e-01   2.647866064544e-03  -5.422763198697e-03  -3.281149921335e-16  -6.554701537721e-02   2.986076512885e-03  -5.987087867606e-03   1.256698146596e-16  -5.601903851034e-02   3.714956488332e-03  -8.137704156592e-03  -2.580059180141e-16  -2.976844532158e-04   1.167778714614e-03  -1.160193414920e-03   5.537667655992e-16  -5.060173286194e-04   7.537197885044e-17   5.369008446343e-04  -8.949936460883e-17  -3.560701122192e-04  -7.106772766516e-03  -3.491391632498e-03   2.083497802362e-03  -1.189588771900e-05  -3.469767858615e-04  -2.381009783871e-03  -2.431907585313e-16  -7.162649411787e-03  -3.704034039579e-03   3.349175530105e-03  -2.561972932943e-03   2.286405667426e-03  -9.841332506393e-04   3.635590873760e-19  -1.339127106759e-04  -2.280292494547e-04  -9.553663315172e-04   1.798150845712e-04  -1.474376789360e-16   6.828125030855e-04  -1.669128062814e-03   2.468019028586e-04   3.711777505395e-16   8.238372111809e-04  -1.000635819999e-03   3.749786490476e-04  -3.624218705338e-15  -4.001480452494e-03  -4.135455351265e-04  -1.206992928408e-03   3.114604216548e-15  -2.953884408703e-05  -6.964413233246e-16  -3.070891396564e-06  -5.173830177374e-16  -1.726383065009e-05  -1.007626778961e-04  -1.510351179895e-04   1.774450062272e-03   4.312034845221e-04  -1.429099799088e-04   5.607461808011e-05   2.263978332754e-05  -1.007626778945e-04  -1.510351179963e-04   1.774450062277e-03   4.312034845260e-04  -1.429099799083e-04   5.607461808224e-05  -2.263978332867e-05
   2.840633461322e-01   2.625635940234e-01   4.239140978912e-03  -8.664348584709e-03  -2.977577137000e-16  -1.122379261062e-01   5.340423926360e-03  -1.070868937184e-02   1.556757735537e-16  -9.353046416963e-02   6.366902484559e-03  -1.385764772331e-02  -2.800601855315e-16  -1.239823404103e-03   1.871417856233e-03  -1.961746229484e-03   3.548531162609e-16  -8.336343104846e-04   5.834388090764e-17   8.290077396805e-04  -9.257388194031e-17  -5.978646914302e-04  -1.184098540327e-02  -5.722901869415e-03   3.673250632304e-03  -7.170866304349e-05  -5.712168331298e-04  -4.011387736234e-03  -1.971660645101e-16  -1.193382513373e-02  -6.139513885878e-03   5.993349738147e-03  -4.047246481879e-03   3.841567038196e-03  -1.668774635409e-03  -2.602589749379e-17  -2.280211695400e-04  -3.854587388959e-04  -1.642584703268e-03   3.289763184095e-04  -2.166294318642e-16   1.143358187610e-03  -2.857492748149e-03   4.597157848986e-04   2.434923867206e-16   1.383053789609e-03  -1.743392093278e-03   6.645641159195e-04  -4.055868185926e-15  -6.752550950384e-03  -6.497050437389e-04  -1.998581733077e-03   4.638365165921e-15  -5.102617301886e-05  -6.687850424432e-16  -6.283265526897e-06  -5.017429821504e-16  -2.968586923392e-05  -1.682758480656e-04  -2.502322311776e-04   2.961666809417e-03   6.869280076147e-04  -2.422294719826e-04   9.647401048266e-05   3.787490567482e-05  -1.682758480637e-04  -2.502322311851e-04   2.961666809425e-03   6.869280076185e-04  -2.422294719821e-04   9.647401048468e-05  -3.787490567594e-05
   2.647866064544e-03   4.239140978912e-03   5.714976784899e-02  -6.034822134074e-03   3.659028522589e-17  -1.273614582022e-02   8.757735823809e-02  -8.954397772185e-03   1.485611016760e-16  -2.769272322412e-02   5.874377605055e-02  -1.257485265061e-02  -1.880327903251e-17   1.345805805848e-03   8.750265960547e-03  -4.923445712766e-03   1.669073218730e-16  -4.322110146435e-03   1.855918897803e-18  -1.553733154417e-03  -4.662735131891e-18   3.860043479031e-03  -1.759967764164e-02  -2.421550652935e-02  -3.929045532841e-03  -1.836902061544e-03   3.490492769915e-03  -5.379490860679e-03   3.165756851101e-17   4.146464229540e-02   6.127248682752e-02   3.413283278712e-03   1.384814751803e-03  -1.012159766045e-02   4.306182614159e-04   2.197796581233e-17   1.243196343407e-03   2.126464612660e-03   5.978937718839e-03  -3.228456663057e-04   4.357693124128e-17  -6.525393807252e-03   8.845589064198e-03  -7.529228042788e-04   2.852073591114e-16  -8.352611656107e-03   1.024420565798e-02  -5.574062633279e-04  -1.773467513308e-16  -7.318832066450e-03   1.772255155747e-03  -2.435530012908e-03   3.622377331081e-16   2.560496193042e-04   1.952922590110e-17  -2.409864450885e-04   3.669791061019e-17   4.429430919197e-04   5.252315280236e-04   1.309652781135e-03   4.063984555149e-03  -3.962554887212e-05   5.275430457259e-04  -1.565746216352e-04  -2.489378497101e-04   5.252315280235e-04   1.309652781136e-03   4.063984555147e-03  -3.962554886562e-05   5.275430457260e-04  -1.565746216351e-04   2.489378497100e-04
  -5.422763198697e-03  -8.664348584709e-03  -6.034822134074e-03   6.168098045312e-02  -1.186790947317e-17   2.585923556354e-02  -9.026325600771e-03   9.421872689645e-02  -1.116556313416e-16   5.575251569627e-02  -1.184972620785e-02   7.020531306424e-02   1.532079096498e-16   1.154803903184e-02  -5.133396424185e-03   1.014307607939e-02  -5.349802862556e-17   3.733677048193e-04   7.480162275921e-18   2.949723805690e-03  -4.126275829313e-17   3.934761102804e-03  -3.852682029489e-02  -5.934289403391e-02  -1.164246670925e-02  -1.980388982420e-03  -7.803429182187e-03  -5.725720154055e-03  -8.242882001128e-17  -6.582977999031e-03  -1.208115992781e-02  -6.726546727737e-03   1.248198476953e-03   2.987063314253e-03   6.055118902737e-03  -5.888548276608e-17  -2.852563706068e-04  -4.933391802085e-04  -9.108220910691e-04  -6.207564314008e-04  -2.721286053070e-17   1.623624233641e-03  -1.334632855857e-03  -8.075112756139e-04  -1.780398167230e-16   1.230204890706e-03  -1.558579352662e-03  -9.962005365810e-04   8.234441159932e-16   1.645006670465e-02  -2.966142370538e-04   4.939629988650e-03  -1.960728580027e-15  -1.448347336188e-04  -1.228696502751e-16   3.646724847857e-05   2.193894418587e-16  -5.639943718805e-05  -2.769553150750e-04  -6.438948942322e-04  -7.780960357374e-03  -1.858459612006e-05  -3.449489834604e-05  -8.905916760205e-05   1.500880734957e-04  -2.769553150752e-04  -6.438948942323e-04  -7.780960357373e-03  -1.858459612970e-05  -3.449489834634e-05  -8.905916760208e-05  -1.500880734955e-04
  -3.281149921335e-16  -2.977577137000e-16   3.659028522589e-17  -1.186790947317e-17   8.165810199349e-02  -6.808227576108e-18   9.193264959650e-17  -1.321211778429e-17   1.262759818848e-01   5.983964502864e-16   2.343736599354e-17   4.229644047538e-16   1.183444373955e-01  -8.307764780531e-15  -1.712959220015e-15   1.230709797917e-15   2.474826138054e-02  -7.589021084023e-18  -4.013635937018e-03   1.714170007611e-17   2.108475940837e-03   7.425970855890e-18  -1.085952343130e-16   2.011141954535e-16   3.739600485888e-15  -1.405742550819e-15   1.992067690398e-16   2.341999224019e-16   9.284290124706e-03  -5.101857202311e-17  -2.551871411732e-16   3.893670868463e-15   3.638464730704e-15  -7.883762515796e-17   5.550067408754e-17   8.774276715473e-03  -1.017393878859e-16  -1.141291417550e-16  -3.924212592573e-17  -2.012381134498e-17  -6.674381755670e-04   3.995405695184e-16  -1.321001261286e-16  -2.090268939492e-16  -9.486739259110e-04  -2.517250213385e-15  -4.369562924454e-16  -6.128354431772e-16  -1.021169058262e-03   1.242487889258e-14   2.510200677095e-15   3.471155776521e-15   5.341013504327e-03  -2.027440496680e-17  -7.739585163983e-05  -2.062325305892e-17  -2.039993262047e-04   7.078309429806e-17  -5.345920185963e-04  -6.743036279221e-04  -5.112275938310e-03  -1.098676540505e-04  -3.861209884712e-05   1.257973333464e-04   3.344755262655e-05   5.345920185961e-04   6.743036279255e-04   5.112275938295e-03   1.098676540497e-04   3.861209884693e-05  -1.257973333466e-04   3.344755262697e-05
  -6.554701537721e-02  -1.122379261062e-01  -1.273614582022e-02   2.585923556354e-02  -6.808227576108e-18   3.293323819661e-01  -1.811456468395e-02   3.622737583660e-02  -4.453260397865e-16   2.689561491083e-01  -2.008457716670e-02   4.307025250054e-02   2.005559164286e-16   5.933533207262e-03  -5.493222807323e-03   6.133401002934e-03   6.668225381019e-16   2.429429960907e-03   4.191956492893e-17  -2.022552706698e-03   8.850661607376e-17   1.786570868429e-03   3.256133393303e-02   1.425122222317e-02  -1.140974362405e-02   3.154730527992e-04   1.262575117652e-03   1.142205471104e-02  -8.047667376590e-17   3.292450416958e-02   1.580910784558e-02  -1.821788847645e-02   1.090385144370e-02  -1.074140136713e-02   5.042397261754e-03   1.392218124546e-16   6.484700618732e-04   1.083515899548e-03   5.320958948208e-03  -1.432775535422e-03  -6.266754978031e-18  -3.154099997879e-03   9.126098457258e-03  -2.078489381173e-03  -3.934274199078e-16  -3.863051668209e-03   5.878651385939e-03  -2.631970444885e-03   5.089855151519e-15   1.983335832497e-02   1.905689424737e-03   5.706033572369e-03  -1.165929991072e-14   1.592572836437e-04   3.643747857271e-16   2.718179231308e-05   3.131423679263e-16   1.122665419461e-04   4.663715291093e-04   7.100793070343e-04  -8.676336698981e-03  -1.860276240321e-03   7.517322136286e-04  -3.287982849379e-04  -1.065807385019e-04   4.663715291072e-04   7.100793070448e-04  -8.676336699008e-03  -1.860276240324e-03   7.517322136282e-04  -3.287982849391e-04   1.065807385028e-04
   2.986076512885e-03   5.340423926360e-03   8.757735823809e-02  -9.026325600771e-03   9.193264959650e-17  -1.811456468395e-02   1.342181269761e-01  -1.340119998889e-02   2.800226768548e-16  -4.125336414855e-02   8.996871774118e-02  -1.896420886749e-02   2.235763651216e-17   1.900166199633e-03   1.333580202740e-02  -7.481203594622e-03   2.675446094464e-16  -6.617566825711e-03   1.060300014665e-18  -2.384017132047e-03  -5.924428076415e-18   5.932714159070e-03  -2.693066732678e-02  -3.718887359325e-02  -6.083829789985e-03  -2.825286945720e-03   5.345460671812e-03  -8.212759691611e-03   5.316284860891e-17   6.368705872529e-02   9.397938577705e-02   5.461195266965e-03   2.215771721804e-03  -1.556522962167e-02   6.911152143952e-04   3.768420027846e-17   1.961105247601e-03   3.324637215893e-03   9.562480102419e-03  -9.796181320512e-04  -1.355298733804e-16  -1.009345693933e-02   1.417376981318e-02  -1.903015536868e-03   1.247264524723e-16  -1.278089310040e-02   1.630630014370e-02  -1.530801683528e-03  -4.292093693743e-16  -1.139504988254e-02   2.875579525733e-03  -3.870416297180e-03   4.830032145472e-16   3.942262203401e-04   1.435635076616e-17  -3.683151421175e-04   4.508846778695e-17   7.129081023252e-04   7.118816924982e-04   1.905088621968e-03   6.273507579170e-03  -7.663186277696e-05   8.594963090237e-04  -2.776375434433e-04  -3.565514333777e-04   7.118816924983e-04   1.905088621970e-03   6.273507579166e-03  -7.663186276705e-05   8.594963090239e-04  -2.776375434432e-04   3.565514333775e-04
  -5.987087867606e-03  -1.070868937184e-02  -8.954397772185e-03   9.421872689645e-02  -1.321211778429e-17   3.622737583660e-02  -1.340119998889e-02   1.439638671297e-01  -1.558708997031e-16   8.258403845698e-02  -1.778827496580e-02   1.070874070675e-01   2.414437365761e-16   1.764804594820e-02  -7.779864234524e-03   1.546746690739e-02  -8.333254970188e-17   5.348498610816e-04   1.114754091521e-17   4.535755671157e-03  -6.435549928828e-17   6.021626562434e-03  -5.941097296008e-02  -9.113704783232e-02  -1.772595982054e-02  -3.042699288570e-03  -1.195950287218e-02  -8.904584475270e-03  -1.260300222438e-16  -1.029975138808e-02  -1.849085339544e-02  -1.013367955492e-02   1.802770540906e-03   4.659689672227e-03   9.226717334606e-03  -9.137185358981e-17  -4.301574053157e-04  -7.473239893997e-04  -1.547816940764e-03  -9.812058734904e-04  -1.226762974859e-16   2.475069434411e-03  -2.289006802620e-03  -1.284775887573e-03  -3.897121002309e-16   1.947387140721e-03  -2.571980757681e-03  -1.537801641935e-03   1.117628780781e-15   2.500510906564e-02  -4.988788603630e-04   7.497073565802e-03  -2.881149739524e-15  -2.307406722175e-04  -2.037349210363e-16   5.510307593005e-05   3.254200210372e-16  -8.663559074685e-05  -4.769045976466e-04  -1.062918558476e-03  -1.182885454313e-02  -1.199124801191e-05  -6.450798711419e-05  -1.294981053799e-04   2.464221771022e-04  -4.769045976468e-04  -1.062918558476e-03  -1.182885454313e-02  -1.199124802661e-05  -6.450798711466e-05  -1.294981053800e-04  -2.464221771020e-04
   1.256698146596e-16   1.556757735537e-16   1.485611016760e-16  -1.116556313416e-16   1.262759818848e-01  -4.453260397865e-16   2.800226768548e-16  -1.558708997031e-16   1.952730331232e-01   5.151940829667e-16   1.452461103448e-16   5.268859809578e-16   1.830077250742e-01  -1.286505746837e-14  -2.629764111355e-15   1.877771852773e-15   3.827068524196e-02  -2.036165248894e-17  -6.206680953596e-03   2.495931089081e-17   3.260533574887e-03   1.034638250657e-17  -1.964973852316e-16   3.162889756397e-16   5.795211373564e-15  -2.174537699172e-15   3.178641300388e-16   3.467597427723e-16   1.435722547453e-02  -6.738102472204e-17  -3.346659343240e-16   6.067440914934e-15   5.613784724885e-15  -1.249600043706e-16   7.517206767652e-17   1.356835681062e-02  -2.781159092221e-17  -7.291270913511e-17   2.284070709738e-17   8.891100505135e-18  -1.064804143002e-03   6.582218069685e-16  -7.822456055531e-17  -2.631415744903e-16  -1.517339121924e-03  -3.913905898487e-15  -5.612416466433e-16  -9.096761321577e-16  -1.610570964749e-03   1.914685661223e-14   3.902256526457e-15   5.358212407574e-15   8.257276346264e-03  -2.510093218339e-17  -1.230382370909e-04  -3.216457592747e-17  -3.176018600929e-04   1.097840583960e-16  -8.476138831310e-04  -1.072626156656e-03  -7.909145116562e-03  -1.716247795692e-04  -5.753585503796e-05   1.976087089663e-04   5.446923425455e-05   8.476138831307e-04   1.072626156662e-03   7.909145116538e-03   1.716247795680e-04   5.753585503767e-05  -1.976087089667e-04   5.446923425523e-05
  -5.601903851034e-02  -9.353046416963e-02  -2.769272322412e-02   5.575251569627e-02   5.983964502864e-16   2.689561491083e-01  -4.125336414855e-02   8.258403845698e-02   5.151940829667e-16   2.435774609130e-01  -3.684526347974e-02   7.530887077676e-02   1.144635744091e-15   1.164234951515e-02  -9.096582577099e-03   1.142026552946e-02   6.188329760748e-16   3.169879508315e-03   5.485634887773e-18   5.016635183629e-04   6.285802588217e-17   2.575952476232e-03   7.810023481677e-03  -1.608744582955e-02  -1.441008609216e-02  -3.252615299698e-04  -4.291928007168e-03   6.888615070554e-03  -4.315476906088e-17   1.081568570404e-02  -1.039387620292e-02  -1.984375771916e-02   8.372821322254e-03  -3.946745170340e-03   7.133198383337e-03   1.345892972225e-16   5.636274244935e-04   9.824068383919e-04   2.140271065868e-03   1.520126103938e-03   2.851145351001e-16  -2.898956997010e-03   4.100334132820e-03   2.547321922967e-03   2.608272266578e-17  -4.011908668395e-03   9.299607163101e-04   1.324475498489e-03   4.714822310063e-15   2.743191482362e-02   5.821662690236e-04   8.683892213097e-03  -1.003031389776e-14   6.996042392735e-05   2.417790415908e-16   5.623316967050e-05   3.835860027788e-16  -2.009362282308e-04   7.428651705294e-04   1.094278492014e-03  -1.234452482782e-02  -1.367719748430e-03   3.449091833965e-04  -7.324894605301e-05  -1.777891049028e-04   7.428651705273e-04   1.094278492022e-03  -1.234452482784e-02  -1.367719748440e-03   3.449091833961e-04  -7.324894605394e-05   1.777891049036e-04
   3.714956488332e-03   6.366902484559e-03   5.874377605055e-02  -1.184972620785e-02   2.343736599354e-17  -2.008457716670e-02   8.996871774118e-02  -1.778827496580e-02   1.452461103448e-16  -3.684526347974e-02   6.106659510342e-02  -1.948625248270e-02  -5.321003791187e-17   1.056333682215e-03   9.559232066207e-03  -6.124026664066e-03   1.609657815389e-16  -4.454451479284e-03   1.892686982052e-18  -1.802005936495e-03  -2.409167170359e-18   3.550874770412e-03  -1.502020557517e-02  -1.964592772495e-02  -2.989749063345e-03  -1.640086165971e-03   4.200455656411e-03  -5.136868957081e-03   3.962788356380e-17   4.213787237868e-02   6.296366079888e-02   3.337763219479e-03   9.049987891139e-04  -1.038550036808e-02  -1.522243038637e-04   2.208061323889e-17   1.724470610650e-03   2.967699443333e-03   6.453403325609e-03   2.114647095548e-03  -2.258244942013e-16  -9.139727572382e-03   9.518608342985e-03   2.947813144257e-03  -9.810886139134e-17  -1.175882501356e-02   1.078728573908e-02   2.593367259189e-03  -5.798925348829e-16  -8.237743376744e-03   1.672086382791e-03  -2.226810787868e-03   6.828326600432e-16   3.640447502472e-04  -1.040815324069e-18  -2.859742861298e-04   3.028856933350e-18   3.426233373464e-04   1.193581099724e-03   2.528711860635e-03   4.683619960183e-03   3.622100654124e-05   4.839780168188e-04  -7.794269861545e-06  -4.934467304753e-04   1.193581099724e-03   2.528711860637e-03   4.683619960181e-03   3.622100654884e-05   4.839780168189e-04  -7.794269861501e-06   4.934467304751e-04
  -8.137704156592e-03  -1.385764772331e-02  -1.257485265061e-02   7.020531306424e-02   4.229644047538e-16   4.307025250054e-02  -1.896420886749e-02   1.070874070675e-01   5.268859809578e-16   7.530887077676e-02  -1.948625248270e-02   8.099952544792e-02   8.154471337947e-16   1.272341982240e-02  -6.816287293589e-03   1.199317120724e-02   9.059391029364e-17   9.174099866383e-04  -1.155989602244e-17   3.350387030691e-03  -3.103760556207e-17   4.081534880689e-03  -3.991460923851e-02  -6.316546770982e-02  -1.306412105730e-02  -2.020708406230e-03  -8.952752575679e-03  -5.409138420771e-03  -4.775202556689e-17  -9.964628519869e-03  -1.863089329216e-02  -8.118463175454e-03   1.733573249022e-03   3.831896227067e-03   6.895079863453e-03  -1.428996840898e-17  -4.101072468129e-04  -7.130475635742e-04  -4.059355421465e-04  -9.450114489215e-04  -3.663881797442e-16   2.324443331612e-03  -4.850901987766e-04  -1.268941191333e-03  -7.493128760648e-16   1.769779110874e-03  -1.111176973054e-03  -1.601487773416e-03   8.172341385737e-16   1.937461444951e-02  -1.227865977338e-04   5.819060793390e-03  -2.693980644728e-15  -1.364598933255e-04  -1.561712887294e-16   6.400321613987e-05   2.281848934833e-16  -6.629874112392e-05  -1.769954257020e-04  -5.346072699964e-04  -9.253121692962e-03  -8.465218598058e-05   1.633706496643e-05  -1.521721356988e-04   1.274660443352e-04  -1.769954257018e-04  -5.346072699955e-04  -9.253121692961e-03  -8.465218599200e-05   1.633706496601e-05  -1.521721356990e-04  -1.274660443349e-04
  -2.580059180141e-16  -2.800601855315e-16  -1.880327903251e-17   1.532079096498e-16   1.183444373955e-01   2.005559164286e-16   2.235763651216e-17   2.414437365761e-16   1.830077250742e-01   1.144635744091e-15  -5.321003791187e-17   8.154471337947e-16   1.715128407649e-01  -1.191697540574e-14  -2.483142695577e-15   1.808372744011e-15   3.586686522365e-02  -5.309268243620e-18  -5.816831490250e-03   3.204070095988e-17   3.055723141233e-03   1.907831519243e-17  -2.246675975505e-16   1.694658349462e-16   5.386237881239e-15  -2.035548506331e-15   2.654917668107e-16   3.343334127593e-16   1.345544414357e-02  -1.013773539513e-16  -4.329783854640e-16   5.472053029844e-15   5.255910789174e-15  -9.898840120319e-17   9.768883087421e-17   1.271591364663e-02   4.252875478895e-16   3.795641424859e-16  -2.944290711473e-16   9.202800683691e-17  -1.035383530115e-03   2.615400270113e-16  -5.589351007945e-16  -1.193649819171e-16  -1.479707056771e-03  -3.862801026264e-15  -9.677258204468e-16  -6.864251749665e-16  -1.545446154014e-03   1.820655900197e-14   3.554378713757e-15   5.105286495684e-15   7.736265607330e-03  -4.002253062330e-17  -1.191542076569e-04  -3.318878271396e-17  -3.001033034757e-04   9.099562963566e-17  -8.183575047157e-04  -1.039510526581e-03  -7.416406971979e-03  -1.628229383538e-04  -5.142998277302e-05   1.887226902981e-04   5.419580253124e-05   8.183575047152e-04   1.039510526586e-03   7.416406971957e-03   1.628229383526e-04   5.142998277271e-05  -1.887226902984e-04   5.419580253182e-05
  -2.976844532158e-04  -1.239823404103e-03   1.345805805848e-03   1.154803903184e-02  -8.307764780531e-15   5.933533207262e-03   1.900166199633e-03   1.764804594820e-02  -1.286505746837e-14   1.164234951515e-02   1.056333682215e-03   1.272341982240e-02  -1.191697540574e-14   1.332428853960e-02   1.926892184517e-03   3.162293269171e-04  -2.564320468327e-15  -9.366420143322e-05   4.138768336560e-16   4.148693290540e-04  -2.146724402736e-16   1.002168003282e-03  -7.843808878362e-03  -1.226944426230e-02  -3.439033841048e-03   8.154733516789e-05  -1.405032489840e-03  -1.289618602402e-03  -9.664034366865e-16   1.627782671040e-03   1.468179802059e-03  -1.729888250029e-02  -2.382496981819e-03   2.078354490013e-04   1.289650108169e-03  -9.418242710724e-16   4.038542562054e-03   6.743114736753e-03  -1.463981879638e-02   2.448080194972e-02  -1.137498711256e-18  -1.984792421070e-02  -2.268694905156e-02   3.758381949819e-02   5.063551671796e-17  -2.239219100889e-02  -2.242523332378e-02   3.408409307525e-02   6.365446170392e-17   1.813594210728e-02  -6.643647048274e-03   9.805022748009e-03  -5.739110914272e-16   1.974269308870e-06  -8.074030230831e-17  -3.076548497933e-04   1.364386652806e-16  -1.571851441996e-03   2.655609809820e-03   4.783581488199e-03  -5.851550260195e-03   2.839718442280e-04  -1.776353441860e-03   2.162015518834e-03  -8.957900480747e-04   2.655609809820e-03   4.783581488199e-03  -5.851550260196e-03   2.839718442272e-04  -1.776353441860e-03   2.162015518834e-03   8.957900480747e-04
   1.167778714614e-03   1.871417856233e-03   8.750265960547e-03  -5.133396424185e-03  -1.712959220015e-15  -5.493222807323e-03   1.333580202740e-02  -7.779864234524e-03  -2.629764111355e-15  -9.096582577099e-03   9.559232066207e-03  -6.816287293589e-03  -2.483142695577e-15   1.926892184517e-03   2.249679949643e-03  -1.702485015115e-03  -5.129939154889e-16  -6.624019329322e-04   8.454015344198e-17  -4.293740851119e-04  -4.079400568842e-17   3.095894190369e-04  -1.491067494177e-04   3.433699950685e-04   1.357401438420e-04  -3.175428550005e-05   9.924519102590e-04  -4.703621218593e-04  -1.876271766938e-16   6.540598319547e-03   9.913808982959e-03  -2.775409629104e-03  -5.384432459563e-04  -1.551300374631e-03  -3.501628343061e-04  -1.854967071962e-16   9.090543696714e-04   1.524325413377e-03  -3.712638362657e-03   5.141844254478e-03   8.287756358324e-16  -4.535532239637e-03  -5.792338349600e-03   7.863262106887e-03   1.328465717257e-15  -4.824522778043e-03  -5.304222646753e-03   7.380355588578e-03   6.381669393901e-16   1.362329821976e-03  -1.564325361141e-03   1.234736701257e-03   3.080030235260e-16  -2.736542228833e-05   7.469809317352e-17  -9.162186470438e-05   6.215328778786e-17  -2.984968457534e-04   3.546056183474e-04   6.776205569975e-04   5.707252599580e-05   5.439971464340e-05  -4.134119298533e-04   4.978524231117e-04  -1.229161750305e-04   3.546056183463e-04   6.776205569961e-04   5.707252599514e-05   5.439971464509e-05  -4.134119298532e-04   4.978524231119e-04   1.229161750303e-04
  -1.160193414920e-03  -1.961746229484e-03  -4.923445712766e-03   1.014307607939e-02   1.230709797917e-15   6.133401002934e-03  -7.481203594622e-03   1.546746690739e-02   1.877771852773e-15   1.142026552946e-02  -6.124026664066e-03   1.199317120724e-02   1.808372744011e-15   3.162293269171e-04  -1.702485015115e-03   2.214827873477e-03   3.523411470687e-16   3.599511392306e-04  -6.047987453561e-17   5.602143606849e-04   2.548305926412e-17   3.563054124286e-04  -4.691488775365e-03  -7.579354087813e-03  -1.297217925095e-03  -2.769046181199e-04  -1.451505551239e-03  -4.821641462636e-04   1.245363946468e-16  -3.712676839041e-03  -5.969031070413e-03   4.783683054814e-04   5.394368341509e-04   1.135013437942e-03   9.173074150899e-04   1.268171364220e-16  -7.921332466944e-04  -1.350206357808e-03  -8.355614383615e-04  -4.309756645219e-03   6.140776852676e-16   4.126697904754e-03  -1.199466024439e-03  -6.546704069531e-03   8.965177536257e-16   5.689303021580e-03  -9.699578257834e-04  -5.576899587481e-03   7.528009415734e-16   1.462449432369e-03   1.640989952478e-04  -3.998833195488e-04  -2.429920809444e-16  -1.930277994179e-04   4.542084010487e-17   8.009969084169e-05   6.040608146931e-17   1.681914110307e-04  -1.254874416658e-03  -2.182271166002e-03  -1.055437670125e-03  -9.284115726448e-05   7.751252035479e-05  -2.495218704526e-04   4.455999911396e-04  -1.254874416659e-03  -2.182271166003e-03  -1.055437670124e-03  -9.284115726669e-05   7.751252035481e-05  -2.495218704525e-04  -4.455999911396e-04
   5.537667655992e-16   3.548531162609e-16   1.669073218730e-16  -5.349802862556e-17   2.474826138054e-02   6.668225381019e-16   2.675446094464e-16  -8.333254970188e-17   3.827068524196e-02   6.188329760748e-16   1.609657815389e-16   9.059391029364e-17   3.586686522365e-02  -2.564320468327e-15  -5.129939154889e-16   3.523411470687e-16   7.500500079361e-03  -1.040663605411e-17  -1.216419421266e-03  -7.108730967268e-18   6.390160620023e-04   1.119800766466e-17   4.040939093116e-17   1.057335841995e-16   1.100114261372e-15  -4.340649386047e-16   8.566235975398e-17   8.874316901076e-17   2.813809306379e-03   1.803209186063e-16   1.420921651996e-16   1.253380876306e-15   1.147602677398e-15  -8.696624240053e-17   2.146788660327e-17   2.659181416132e-03  -5.635242587692e-16  -6.182254719546e-16   3.136393481115e-16   1.000363814501e-16  -2.124163403026e-04   8.554149275471e-16   4.658795898121e-16   1.060966226924e-16  -3.031193187395e-04  -3.771873648180e-16   2.825937589702e-16  -1.239830137852e-16  -3.192369355151e-04   3.639936481528e-15   8.534393994168e-16   1.048452832511e-15   1.618071293373e-03   2.019834733946e-17  -2.449649033973e-05  -2.900387864704e-19  -6.248935643397e-05   2.309320647903e-17  -1.685081562285e-04  -2.136303333200e-04  -1.550480501853e-03  -3.383293839863e-05  -1.102805540213e-05   3.907954388360e-05   1.098862591287e-05   1.685081562289e-04   2.136303333216e-04   1.550480501848e-03   3.383293839841e-05   1.102805540209e-05  -3.907954388371e-05   1.098862591313e-05
  -5.060173286194e-04  -8.336343104846e-04  -4.322110146435e-03   3.733677048193e-04  -7.589021084023e-18   2.429429960907e-03  -6.617566825711e-03   5.348498610816e-04  -2.036165248894e-17   3.169879508315e-03  -4.454451479284e-03   9.174099866383e-04  -5.309268243620e-18  -9.366420143322e-05  -6.624019329322e-04   3.599511392306e-04  -1.040663605411e-17   3.341957613247e-04   2.924519499221e-19   9.734779020889e-05   8.095309968267e-19  -2.937672569679e-04   1.598428324996e-03   2.076244716830e-03   2.717569106775e-04   1.471424007951e-04  -2.299325182510e-04   4.758539379884e-04  -3.032144397588e-18  -2.932486833777e-03  -4.480650188317e-03  -3.373490579386e-04  -6.172883093979e-05   6.969535218745e-04  -2.783760899565e-05  -8.537471298829e-19  -8.303006822549e-05  -1.390413361520e-04  -3.748620964244e-04   9.051546457757e-05   7.202195173377e-17   4.170366358344e-04  -5.470663256150e-04   1.575675424362e-04   9.331150631157e-17   5.098385691391e-04  -6.788942226452e-04   1.176842187031e-04   1.074353644816e-16   6.031662837306e-04  -1.166500572150e-04   2.135938504656e-04  -7.284383850893e-17  -1.322189439096e-05   8.511032699923e-18   1.708302207613e-05   3.101160002673e-18  -3.505055696439e-05  -5.471660830887e-06  -4.215662652596e-05  -3.237544360107e-04  -3.809851334116e-06  -3.520151698729e-05   1.260257877427e-05   7.133814979473e-06  -5.471660830986e-06  -4.215662652611e-05  -3.237544360106e-04  -3.809851334591e-06  -3.520151698729e-05   1.260257877427e-05  -7.133814979468e-06
   7.537197885044e-17   5.834388090764e-17   1.855918897803e-18   7.480162275921e-18  -4.013635937018e-03   4.191956492893e-17   1.060300014665e-18   1.114754091521e-17  -6.206680953596e-03   5.485634887773e-18   1.892686982052e-18  -1.155989602244e-17  -5.816831490250e-03   4.138768336560e-16   8.454015344198e-17  -6.047987453561e-17  -1.216419421266e-03   2.924519499221e-19   1.972771063874e-04  -9.727710821353e-19  -1.036354266180e-04   4.630227992200e-19   4.800353718285e-18  -1.457999703356e-17  -1.879317599816e-16   6.933627924337e-17  -9.818498201640e-18  -1.103292670828e-17  -4.563385786613e-04   9.182065045567e-18   1.843508016995e-17  -1.975919947303e-16  -1.788378960413e-16   1.609199776626e-18  -1.579036381134e-18  -4.312741729361e-04  -1.774114571147e-16  -1.441706747236e-16   1.214442368938e-17   1.209252774647e-17   3.216327551960e-05  -5.854069238996e-17   2.252888334588e-17   2.784601334467e-17   4.563984552050e-05   8.541040725161e-17   3.586542695915e-17   4.448382802242e-17   4.957417635187e-05  -6.041222319055e-16  -1.216831242683e-16  -1.659897679884e-16  -2.625604834104e-04   1.760520871853e-18   3.738211787135e-06   5.899433162433e-19   9.984892890425e-06  -3.787048368242e-18   2.586480236681e-05   3.255566793750e-05   2.512077752212e-04   5.366259146458e-06   1.940588417813e-06  -6.122683652161e-06  -1.590019030462e-06  -2.586480236679e-05  -3.255566793766e-05  -2.512077752205e-04  -5.366259146420e-06  -1.940588417802e-06   6.122683652173e-06  -1.590019030481e-06
   5.369008446343e-04   8.290077396805e-04  -1.553733154417e-03   2.949723805690e-03   1.714170007611e-17  -2.022552706698e-03  -2.384017132047e-03   4.535755671157e-03   2.495931089081e-17   5.016635183629e-04  -1.802005936495e-03   3.350387030691e-03   3.204070095988e-17   4.148693290540e-04  -4.293740851119e-04   5.602143606849e-04  -7.108730967268e-18   9.734779020889e-05  -9.727710821353e-19   2.090973880945e-04  -2.529196703848e-18   8.174586903930e-05  -1.859949139487e-03  -2.534723726904e-03  -3.721443041723e-04  -5.730264993565e-05  -4.881307359943e-04  -2.810416425352e-04  -1.793508546287e-18  -1.724448648638e-03  -2.297664353842e-03  -1.005103030524e-04  -8.219239912786e-05   5.105636628993e-04   2.368843224151e-04  -2.425792591284e-18  -3.029322272693e-05  -5.232212170725e-05   5.588665321128e-05  -6.638275686495e-05  -1.630989638568e-17   1.691616881465e-04   8.500723740973e-05  -9.368187125316e-05  -3.173782077923e-17   1.381779509479e-04   4.150799539372e-05  -1.266432585860e-04  -2.112634596057e-17   6.702690640352e-04   1.378794667306e-05   2.087166178746e-04   1.467932372951e-17  -1.958301257950e-06  -1.106974452876e-17   6.078205929249e-06   5.303698304279e-18  -4.701636949128e-06   8.794183431193e-06   1.189612164145e-05  -3.545605395745e-04   2.208074900726e-05   1.957836029168e-06  -1.129119802614e-05  -1.755526498503e-06   8.794183431228e-06   1.189612164134e-05  -3.545605395741e-04   2.208074900665e-05   1.957836029152e-06  -1.129119802613e-05   1.755526498508e-06
  -8.949936460883e-17  -9.257388194031e-17  -4.662735131891e-18  -4.126275829313e-17   2.108475940837e-03   8.850661607376e-17  -5.924428076415e-18  -6.435549928828e-17   3.260533574887e-03   6.285802588217e-17  -2.409167170359e-18  -3.103760556207e-17   3.055723141233e-03  -2.146724402736e-16  -4.079400568842e-17   2.548305926412e-17   6.390160620023e-04   8.095309968267e-19  -1.036354266180e-04  -2.529196703848e-18   5.444831205690e-05  -2.810774752579e-18   4.139658179017e-17   6.067668784296e-17   1.028216328877e-16  -3.373852633055e-17   1.148894927364e-17   1.501945877812e-17   2.397215126316e-04   1.087017823597e-17   2.578426192361e-18   8.784782247798e-17   9.396734050818e-17  -6.800497282561e-18  -1.841489284488e-18   2.266514834364e-04   1.581906263558e-16   1.424109915328e-16  -1.136729863480e-17   1.126668350676e-17   2.769232181485e-07  -3.398010231557e-17  -1.986439737484e-17   1.148428787721e-17   2.463432380916e-06  -1.028937923955e-16  -2.645771580119e-17   1.610684774212e-18  -9.522285832766e-06   3.282663753639e-16   6.052527546010e-17   9.348533548671e-17   1.390129458322e-04  -9.075690682667e-19  -2.015199673886e-07  -1.048981230142e-18  -4.122014572213e-06   1.053565272740e-18  -2.592895901561e-06  -1.397882843860e-06  -1.301123278688e-04  -1.912222266270e-06  -2.161839381207e-06   1.599989745502e-06  -6.077809625935e-07   2.592895901544e-06   1.397882843944e-06   1.301123278684e-04   1.912222266248e-06   2.161839381201e-06  -1.599989745503e-06  -6.077809625845e-07
  -3.560701122192e-04  -5.978646914302e-04   3.860043479031e-03   3.934761102804e-03   7.425970855890e-18   1.786570868429e-03   5.932714159070e-03   6.021626562434e-03   1.034638250657e-17   2.575952476232e-03   3.550874770412e-03   4.081534880689e-03   1.907831519243e-17   1.002168003282e-03   3.095894190369e-04   3.563054124286e-04   1.119800766466e-17  -2.937672569679e-04   4.630227992200e-19   8.174586903930e-05  -2.810774752579e-18   5.740647780784e-04  -3.932393094641e-03  -5.947016995602e-03  -1.130272055215e-03  -2.773456597437e-04  -2.805719995310e-04  -7.752066038889e-04  -3.212919202329e-18   2.793607156700e-03   3.861991778773e-03  -4.039610811383e-04   2.127445420597e-04  -5.816458867233e-04   4.709031821578e-04  -2.599216255310e-18   5.814902932597e-05   9.411426125158e-05   2.702703505752e-05  -1.819601171541e-05  -6.434599204206e-17  -2.685051450885e-04   2.539212267296e-05  -3.212243567175e-05  -9.429978782781e-17  -3.458991706840e-04   1.505422790900e-04   3.922139246876e-06  -9.381038344096e-18   7.881557885117e-04   5.951595459402e-06   2.154665747059e-04  -1.374970577254e-16  -7.463276864179e-06  -1.440320559384e-17  -1.396361127985e-05   1.489453666694e-17   1.834373924199e-05  -3.681599511351e-05  -5.817991689004e-05  -3.074363352601e-04  -1.202099881224e-05   1.003546153538e-05  -2.017816895944e-06   1.423597738000e-05  -3.681599511345e-05  -5.817991688984e-05  -3.074363352602e-04  -1.202099881242e-05   1.003546153536e-05  -2.017816895955e-06  -1.423597737998e-05
  -7.106772766516e-03  -1.184098540327e-02  -1.759967764164e-02  -3.852682029489e-02  -1.085952343130e-16   3.256133393303e-02  -2.693066732678e-02  -5.941097296008e-02  -1.964973852316e-16   7.810023481677e-03  -1.502020557517e-02  -3.991460923851e-02  -2.246675975505e-16  -7.843808878362e-03  -1.491067494177e-04  -4.691488775365e-03   4.040939093116e-17   1.598428324996e-03   4.800353718285e-18  -1.859949139487e-03   4.139658179017e-17  -3.932393094641e-03   3.849576361243e-02   5.318508938126e-02   8.134849748521e-03   2.115551398568e-03   4.554829489386e-03   7.626790055195e-03   2.524800598267e-17  -5.192506037487e-03  -1.064183509177e-02   9.068561212288e-04   1.450085706518e-04  -9.991192509968e-05  -3.787228326897e-03   4.296966937968e-17  -1.688125763691e-04  -2.827117208528e-04  -9.445803015744e-04   5.232122627022e-04   9.640676707993e-17   7.870977909781e-04  -1.242020780671e-03   8.101707616672e-04   1.122520512861e-16   1.599426189885e-03  -2.020455175427e-03   7.861733067681e-04   2.835937577340e-16  -6.299566977190e-03  -2.264345258354e-04  -1.818181014616e-03  -3.681121603234e-16   3.032939576251e-05   1.428115427498e-16   6.313274111703e-05  -1.185145261379e-16  -1.139489570074e-04   9.417211006847e-05   9.828027889289e-05   2.885729639358e-03  -2.345131695075e-04  -8.005009837790e-05   8.879360769876e-05  -3.632820954759e-05   9.417211006821e-05   9.828027889400e-05   2.885729639354e-03  -2.345131695034e-04  -8.005009837777e-05   8.879360769860e-05   3.632820954765e-05
  -3.491391632498e-03  -5.722901869415e-03  -2.421550652935e-02  -5.934289403391e-02   2.011141954535e-16   1.425122222317e-02  -3.718887359325e-02  -9.113704783232e-02   3.162889756397e-16  -1.608744582955e-02  -1.964592772495e-02  -6.316546770982e-02   1.694658349462e-16  -1.226944426230e-02   3.433699950685e-04  -7.579354087813e-03   1.057335841995e-16   2.076244716830e-03  -1.457999703356e-17  -2.534723726904e-03   6.067668784296e-17  -5.947016995602e-03   5.318508938126e-02   7.663385682618e-02   1.303550913398e-02   3.080203785616e-03   6.599417738214e-03   1.002053997333e-02   8.763510289340e-17  -1.081486952873e-02  -1.697419955589e-02   3.523915601971e-03  -8.906117120508e-04   8.654241402312e-04  -6.081129178577e-03   8.487936090493e-17  -7.892282480013e-05  -1.496688278804e-04  -6.703488207540e-04   9.968998977529e-04  -8.814354678913e-16   4.357412998100e-04  -8.347669580429e-04   1.505373702623e-03  -1.361490177439e-15   1.405243276587e-03  -1.786929827869e-03   1.369473875538e-03  -1.072165793763e-15  -1.162523733073e-02  -1.788153126176e-04  -3.300623332711e-03   5.800724325635e-16   9.137821606282e-05   7.306030438167e-17   7.571470350256e-05  -2.733751530639e-16  -1.512919713015e-04   2.947974063646e-04   5.247413484259e-04   5.267492080739e-03  -1.455179432049e-04  -9.739804768991e-05   1.328147698980e-04  -1.281983587351e-04   2.947974063658e-04   5.247413484284e-04   5.267492080736e-03  -1.455179431983e-04  -9.739804768982e-05   1.328147698977e-04   1.281983587352e-04
   2.083497802362e-03   3.673250632304e-03  -3.929045532841e-03  -1.164246670925e-02   3.739600485888e-15  -1.140974362405e-02  -6.083829789985e-03  -1.772595982054e-02   5.795211373564e-15  -1.441008609216e-02  -2.989749063345e-03  -1.306412105730e-02   5.386237881239e-15  -3.439033841048e-03   1.357401438420e-04  -1.297217925095e-03   1.100114261372e-15   2.717569106775e-04  -1.879317599816e-16  -3.721443041723e-04   1.028216328877e-16  -1.130272055215e-03   8.134849748521e-03   1.303550913398e-02   3.237590837839e-03   4.233804615791e-04   1.100630002614e-03   1.309300395579e-03   4.368517565980e-16  -3.183635523674e-03  -3.541715376905e-03   2.378038556406e-03  -2.524162176166e-04   6.856822682795e-04  -1.314498619295e-03   4.136565900621e-16  -1.135817853831e-03  -1.909701328693e-03  -3.416039271333e-03  -3.867651082361e-03   1.922596171228e-15   5.656227995242e-03  -5.179104698478e-03  -5.872091464947e-03   2.949805161353e-15   7.908655621853e-03  -4.533785587913e-03  -4.572777404993e-03   1.534914603864e-15  -3.787762179608e-03  -5.815678748493e-04  -2.016178245413e-03   1.047383264699e-15  -2.726947408631e-04   1.988327747107e-16   9.522776071783e-05   5.546337458123e-17   1.024477867808e-04  -1.517994904266e-03  -2.798312570277e-03   1.475984513672e-03  -4.934200132599e-05  -1.547886451503e-04  -1.196720822546e-04   5.495414882733e-04  -1.517994904269e-03  -2.798312570281e-03   1.475984513673e-03  -4.934200132505e-05  -1.547886451500e-04  -1.196720822542e-04  -5.495414882737e-04
  -1.189588771900e-05  -7.170866304349e-05  -1.836902061544e-03  -1.980388982420e-03  -1.405742550819e-15   3.154730527992e-04  -2.825286945720e-03  -3.042699288570e-03  -2.174537699172e-15  -3.252615299698e-04  -1.640086165971e-03  -2.020708406230e-03  -2.035548506331e-15   8.154733516789e-05  -3.175428550005e-05  -2.769046181199e-04  -4.340649386047e-16   1.471424007951e-04   6.933627924337e-17  -5.730264993565e-05  -3.373852633055e-17  -2.773456597437e-04   2.115551398568e-03   3.080203785616e-03   4.233804615791e-04   1.943212922028e-04   1.658185700581e-04   4.285871009802e-04  -1.568351259443e-16  -1.185415567876e-03  -1.733373371162e-03  -6.099756594367e-04  -2.550672888789e-04   2.186615370635e-04  -2.197650403424e-04  -1.493823925211e-16   7.863178070701e-04   1.274722261775e-03  -6.214881968423e-05   1.284432987252e-03   7.947262082886e-17  -3.554678941852e-03  -1.170370826156e-04   1.939669495186e-03   1.431448190170e-16  -3.307155242339e-03  -1.653413151946e-04   1.755874477157e-03   1.008213684941e-16   4.274570820126e-04  -1.654466727201e-04   3.815295263207e-04  -4.873751409221e-17   2.474260609217e-05   1.810903505398e-17  -3.710486993803e-05   7.235705624281e-18  -7.079471321837e-05  -3.521357217509e-05   3.021490246964e-04  -4.498374448435e-05   4.221308866662e-06  -9.997457259665e-06   1.412084737405e-04  -2.881278953195e-05  -3.521357217521e-05   3.021490246964e-04  -4.498374448454e-05   4.221308866724e-06  -9.997457259643e-06   1.412084737405e-04   2.881278953196e-05
