ARMA_MAT_TXT_FN008
72 72
  -6.484618908537e+00  -5.224025520567e+00  -2.898160216425e+00  -1.450322636904e+00   5.776543008225e-01  -9.384356689833e-01   1.669187896550e-06  -4.512200746261e-01  -4.454650208356e-01  -4.237893007896e-01   1.021019807484e+00  -1.200580072634e-06  -1.906488258272e+00  -1.168037267039e+00   2.832325389051e+00  -3.293380562333e-06  -2.719307439141e+00  -1.377587854897e+00   3.333905733890e+00  -3.847577805527e-06  -2.068698903919e+00  -7.073698845528e-01   1.707303188167e+00  -1.967846710758e-06   1.426183291574e+00   4.017340677159e-06   1.175794295495e+00  -1.682764226168e-06   1.437728474173e+00  -3.046423552508e-04  -6.099126892675e-05  -8.106067499131e-03   3.174946192136e-03  -7.259351872177e-09  -9.615744547489e-02  -3.055389897096e-01   1.124215929063e-01  -2.692683765116e-07  -7.219834805485e-01  -1.598083460803e+00   6.038457441737e-01  -1.434055940896e-06  -9.807298120072e-01  -1.301820989727e+00   5.007688527495e-01  -1.180346038880e-06   1.889728969730e-01   1.667789120998e-07   1.714241813662e-01  -4.570463014028e-07  -2.235115223267e-01  -1.588715403755e-06  -7.028482689702e-03  -2.388442302590e-01  -5.704574629019e-01  -2.033629326545e-04   1.558245466724e-04  -1.129293775844e-08  -1.715162935518e-04  -4.849876507296e-02  -4.989063916151e-01  -7.531976365485e-01  -6.883505307672e-03   5.724167929872e-04  -2.893686593534e-03  -1.713915735359e-04  -4.848362689986e-02  -4.988480084914e-01  -7.531646757800e-01  -6.879719758570e-03   5.727233895180e-04   2.892399548679e-03
  -5.224025520567e+00  -6.933495817664e+00  -5.345506511111e+00  -3.112694393574e+00   1.010972739835e+00  -1.612428052061e+00   2.925637617034e-06  -2.311630325492e+00  -2.331943430966e+00  -4.715700515898e-01   1.288615546998e+00  -1.430964112863e-06  -4.637483787372e+00  -1.020617135483e+00   2.961541604604e+00  -3.166854036713e-06  -5.418950493147e+00  -1.379803878295e+00   4.047147011805e+00  -4.114263576943e-06  -4.339661275123e+00  -9.426541998922e-01   2.706314826987e+00  -2.668210349857e-06   5.695958086915e-01   1.719890747403e-06   5.715194089367e-01  -7.554227379768e-07   6.754139199044e-01  -1.082563102947e-01  -1.136204209970e-01  -2.968160555852e-01   1.118314671921e-01  -2.009966834584e-07  -7.622335577716e-01  -1.404395428895e+00   4.554413639634e-01  -8.752483910418e-07  -1.998607847821e+00  -3.415306415344e+00   1.102737966242e+00  -2.469779630943e-06  -2.283693001606e+00  -2.673372843555e+00   9.144623286713e-01  -2.096948675063e-06   5.841947019019e-01  -1.134785543212e-07   6.328147552431e-01  -1.410044412154e-06  -8.768691186250e-01  -6.141215077461e-03  -1.147932055138e-01  -7.924849782132e-01  -1.409631496877e+00  -3.721344327026e-02   3.272633740198e-02  -2.600721557593e-06  -4.491223410361e-02  -3.577053661599e-01  -1.339218598781e+00  -1.762220184794e+00  -1.954209604909e-01   4.773617081522e-03  -9.534286783313e-02  -4.489802915836e-02  -3.576378345134e-01  -1.339101940205e+00  -1.762156323299e+00  -1.953704157944e-01   4.792476374977e-03   9.532907142823e-02
  -2.898160216425e+00  -5.345506511111e+00  -5.930015420135e+00  -4.459653183131e+00   7.288052013503e-01  -1.139215770499e+00   2.112444981172e-06  -2.041865080676e+00  -2.057983590174e+00  -9.636484032490e-02   4.144291129344e-01  -3.851528719246e-07  -4.261631900871e+00  -1.675229789238e-01   1.134832719170e+00  -9.176043013520e-07  -5.669565217566e+00  -2.174128712502e-01   2.222943505760e+00  -1.476567197056e-06  -5.559819355395e+00  -3.195021918308e-01   2.309320329124e+00  -1.443005434957e-06   6.214111600499e-02   2.639174856071e-07   1.433853285636e-01  -2.482080140581e-07   6.454236778981e-02  -7.123019385537e-01  -7.673211276629e-01  -5.477008191938e-01   1.884402380356e-01  -2.015594564671e-07  -2.128816041057e+00  -1.783335310756e+00   5.246235172413e-01  -4.100766039210e-07  -3.446863717907e+00  -3.633599860404e+00   1.050885842441e+00  -1.651965239964e-06  -3.631289544823e+00  -3.274142769359e+00   1.044190484725e+00  -2.052471000811e-06   2.959217822600e-01  -2.565707798106e-06   4.633804821791e-01  -6.367353212830e-07  -6.967033979472e-01  -2.086067498843e-01  -7.294980566077e-01  -1.796772630607e+00  -2.458198417705e+00  -3.214737888896e-01   3.158050395754e-01  -2.762392468466e-05  -4.439048869987e-01  -1.252296823554e+00  -2.481978107932e+00  -2.904137729545e+00  -5.985864178166e-01  -5.805342611664e-02  -3.761299856606e-01  -4.438509659564e-01  -1.252183742165e+00  -2.481842453564e+00  -2.904057705543e+00  -5.985308767062e-01  -5.796706691942e-02   3.761366158352e-01
  -1.450322636904e+00  -3.112694393574e+00  -4.459653183131e+00  -4.450239901804e+00   3.991407810499e-01  -6.179829799131e-01   1.157779535515e-06  -1.171109442874e+00  -1.179113056927e+00   6.814719056791e-03   9.858404624111e-02  -5.101996677126e-08  -2.583630428841e+00   8.501307636506e-02   3.089399618778e-01  -7.254228372113e-08  -3.896047041506e+00   3.314336465444e-01   7.545891082446e-01   8.221620577486e-08  -4.710567348346e+00   3.195478496894e-01   1.122955812916e+00  -5.469106209177e-08   6.911691113005e-03   6.634636674396e-08   5.685565670094e-02  -1.438971780566e-07  -2.407659886895e-02  -7.872247510553e-01  -8.490995186954e-01  -2.635957367370e-01   7.166321365568e-02   5.573116255188e-08  -2.221425714865e+00  -9.160414409981e-01   2.042788806424e-01   1.633068366335e-07  -3.461417649683e+00  -2.067980604939e+00   4.830615997475e-01  -5.352819570247e-07  -3.963076322836e+00  -2.420606222392e+00   6.955435278616e-01  -1.309927434804e-06   3.008377464459e-02  -1.611310807537e-06   1.751228817698e-01   1.819769231296e-07  -2.884887866258e-01  -5.045466563386e-01  -1.289532898825e+00  -2.391717104449e+00  -3.031602347565e+00  -3.526337085000e-01   3.918857273981e-01  -3.806806432396e-05  -6.674112444543e-01  -1.617391934760e+00  -2.824646717957e+00  -3.377683595096e+00  -4.235092404712e-01  -1.199610787332e-01  -3.539885427850e-01  -6.673798225889e-01  -1.617328231594e+00  -2.824564738840e+00  -3.377622094587e+00  -4.235002629518e-01  -1.198792121241e-01   3.540167855638e-01
   5.776543008225e-01   1.010972739835e+00   7.288052013503e-01   3.991407810499e-01  -5.551079932179e+00   4.938377461997e-01  -1.034961891658e-06   1.324748212395e+00   1.343444004441e+00  -4.421390450476e-01  -1.426328219384e+00   1.643376401657e-06   2.302504892673e+00  -1.335438745379e+00  -2.381383161783e+00   2.627233696860e-06   1.794575531111e+00  -1.968587207284e+00  -1.703992642453e+00   1.696499880587e-06   9.103709986905e-01  -1.220794614110e+00  -5.967246903975e-01   5.156012616136e-07   1.173815590594e+00  -2.581042710873e-06  -3.350455883300e-01  -1.278948763207e-06  -1.811759067584e+00   1.404910040996e-02   1.091489555533e-02   1.370669012187e-01  -5.859648255583e-02   1.244742656309e-07   4.659734239593e-01   1.081447433051e+00  -4.471730681575e-01   1.009452072063e-06   1.109852276372e+00   1.602160583958e+00  -7.913275460520e-01   1.821230168949e-06   6.809922562359e-01   3.191425584689e-01  -2.911994234223e-01   6.613199520067e-07  -7.325764666066e-01  -6.100242080863e-07  -6.198261771535e-01   1.720339767865e-06   7.516177295288e-01   1.914493004599e-04   4.040355800093e-02   3.690453853646e-01   4.155606486814e-01   4.965615712923e-03  -4.305667149575e-03   3.171188465525e-07   6.749824337869e-03   2.073177527919e-01   6.870176958004e-01   5.185506914263e-01   8.243751998611e-02  -6.348340299563e-03   3.906541310838e-02   6.746106339284e-03   2.072642061302e-01   6.869523055192e-01   5.185343292568e-01   8.240235477195e-02  -6.353988148163e-03  -3.905284388379e-02
  -9.384356689833e-01  -1.612428052061e+00  -1.139215770499e+00  -6.179829799131e-01   4.938377461997e-01  -6.288233451396e+00   1.114032512986e-06  -3.070646461494e+00  -3.118051529787e+00  -1.314605956929e+00   2.258004407896e+00  -3.789821556511e-06  -5.123064611748e+00  -2.064021215114e+00   2.989184912988e+00  -5.996706368852e-06  -3.679226333513e+00  -1.344762889174e+00   8.184575640862e-01  -3.962976919371e-06  -1.683061765958e+00  -4.153768409481e-01  -3.741544678282e-01  -1.272784929790e-06   1.242214944078e+00   3.620109987578e-06   5.841835531326e-01  -2.422208515108e-06   1.425426387531e-01  -5.912143076424e-03  -4.531715685807e-03  -6.542072474014e-02   1.148883270913e-02  -5.737523138335e-08  -2.439203710482e-01  -6.861710340768e-01   3.406389789357e-02  -5.738615046436e-07  -7.622228402917e-01  -1.571679068783e+00  -2.125201107571e-01  -1.319532399155e-06  -6.300972807037e-01  -7.838234440438e-01  -3.204444788968e-01  -6.641079141218e-07   9.612502879350e-02   8.653015829958e-08   3.546484220065e-01  -1.073453763922e-06  -6.867682970188e-01  -1.471766540578e-04  -3.616357480330e-02  -3.750401082983e-01  -4.764416483616e-01  -4.300031784983e-03   2.990702892683e-03  -2.500110988343e-07  -7.903606387860e-04  -4.398872655940e-02  -2.977186950509e-01  -3.789308562777e-01  -1.208763735713e-02  -6.855704976631e-03  -5.427697696640e-03  -7.905129629980e-04  -4.399521632352e-02  -2.977416693825e-01  -3.789458148174e-01  -1.209021800724e-02  -6.850826208710e-03   5.429301515974e-03
   1.669187896550e-06   2.925637617034e-06   2.112444981172e-06   1.157779535515e-06  -1.034961891658e-06   1.114032512986e-06  -5.234958468094e+00   3.687451452845e-06   3.741760676685e-06   1.579070768318e-06  -3.951760013869e-06  -1.008271735470e+00   6.322783419319e-06   2.494605829029e-06  -6.573100244205e-06  -2.233520510070e+00   4.937603837083e-06   1.648568118035e-06  -4.853094040384e-06  -2.578191332882e+00   2.552951504075e-06   5.217275258641e-07  -1.792664349083e-06  -1.422054325755e+00  -2.473105872155e-06   2.065099468769e+00  -4.951413914038e-06  -8.090312319679e-01  -2.801394324877e-06   1.385213476589e-08   1.049589380775e-08   1.518973926733e-07  -6.222731339849e-08  -1.340657552044e-02   5.402046276875e-07   1.458549740640e-06  -5.318768414945e-07  -1.750588605891e-01   1.567459505334e-06   3.133208613039e-06  -1.118470077166e-06  -6.554835245859e-01   1.243115968171e-06   1.501296229599e-06  -5.420477626120e-07  -5.310200744666e-01  -9.491144255832e-07   1.084197074406e-01  -1.193806103797e-06  -2.919102193928e-01   1.157893470726e-06   9.514526536118e-09   1.855592237504e-06   1.465325745295e-05   1.271895013472e-05   2.648588020549e-07  -2.091148061966e-07  -3.935194878731e-04   2.688918609796e-03   7.677870447251e-02   2.151867574928e-01   1.194377372692e-01   3.526345611884e-02  -2.677716840854e-03   7.743878731220e-03  -2.687711609382e-03  -7.676651621145e-02  -2.151871555717e-01  -1.194452132354e-01  -3.525191717491e-02   2.680102207505e-03   7.743908116321e-03
  -4.512200746261e-01  -2.311630325492e+00  -2.041865080676e+00  -1.171109442874e+00   1.324748212395e+00  -3.070646461494e+00   3.687451452845e-06  -3.324505052187e+01  -3.524274888792e+01   8.815514554074e-02   3.725086211035e-02   9.768775515488e-08  -1.262170930865e+01   4.015085164852e-02   1.696614176867e-02   4.449255047782e-08  -5.480168048527e+00   1.168760285339e-02   4.938685544123e-03   1.295145454560e-08  -2.474206676389e+00   3.244908631594e-03   1.371154474114e-03   3.595804260082e-09   9.867835020130e-04   6.847002848312e-09   5.314428628563e-03  -1.595168458172e-08  -4.013981621245e-03  -2.880870558289e-04   8.010306112898e-06  -1.619547559869e-02  -1.626123429715e-03  -7.421672430364e-09  -3.306918975208e-01  -1.140320905132e+00  -1.145014258495e-01  -5.239070321722e-07  -1.322578166389e+00  -2.632586795786e+00  -2.642923086000e-01  -1.210074044167e-06  -1.116341484454e+00  -1.236373057049e+00  -1.241059978649e-01  -5.683545469302e-07  -2.414396443783e-01  -1.108530137501e-07   7.011110869192e-01  -1.104632554047e-06  -1.190079761726e+00  -1.633870834050e-05  -6.919184717848e-02  -6.510939022787e-01  -7.816522679856e-01  -3.591275185887e-03   1.689389129340e-03  -2.306554847963e-07  -6.853250405272e-06  -5.060633440934e-02  -5.878432403694e-01  -7.539030708908e-01  -1.821060074294e-03  -6.825120329297e-04  -9.119979945589e-04  -6.852846048708e-06  -5.060525732003e-02  -5.878391518434e-01  -7.539012157126e-01  -1.821006447031e-03  -6.822813762939e-04   9.120661439972e-04
  -4.454650208356e-01  -2.331943430966e+00  -2.057983590174e+00  -1.179113056927e+00   1.343444004441e+00  -3.118051529787e+00   3.741760676685e-06  -3.524274888792e+01  -3.099007486741e+01   1.045492049743e-01   4.417834034256e-02   1.158545774254e-07  -1.274458406318e+01   3.060472049328e-02   1.293234253139e-02   3.391414342587e-08  -5.538995169659e+00   7.321420586119e-03   3.093750719932e-03   8.113112833375e-09  -2.493980235208e+00   1.911346219968e-03   8.076635624081e-04   2.118025818968e-09   4.091129142998e-04   2.838695243220e-09   2.203299550233e-03  -6.613374944717e-09  -1.664142096224e-03  -1.024598832064e-04   8.053264185706e-06  -1.115476635075e-02  -1.121700180287e-03  -5.130816998357e-09  -3.281087493460e-01  -1.143957187202e+00  -1.149752311396e-01  -5.261166468394e-07  -1.331098219506e+00  -2.656051225622e+00  -2.669232769567e-01  -1.221621864703e-06  -1.123739803373e+00  -1.245911967151e+00  -1.252073814070e-01  -5.730590497801e-07  -2.436291344173e-01  -1.120314133665e-07   7.068155114271e-01  -1.114797771036e-06  -1.199743974327e+00  -4.978767645088e-06  -6.820952192080e-02  -6.547119092480e-01  -7.866497297287e-01  -2.872806561380e-03   1.348751414018e-03  -1.842382581686e-07  -1.764259823820e-06  -4.971377976565e-02  -5.908910863744e-01  -7.586489871532e-01  -1.394023985299e-03  -5.220573319672e-04  -6.969959337196e-04  -1.764136022089e-06  -4.971271535596e-02  -5.908869824757e-01  -7.586471250988e-01  -1.393979097819e-03  -5.218795784391e-04   6.970461003836e-04
  -4.237893007896e-01  -4.715700515898e-01  -9.636484032490e-02   6.814719056791e-03  -4.421390450476e-01  -1.314605956929e+00   1.579070768318e-06   8.815514554074e-02   1.045492049743e-01  -1.141437395983e+01   5.806100314821e-03  -9.385699793101e-08   2.839683092708e-01  -7.702368189069e+00   6.283228112458e-03  -1.015994901480e-07   1.722339910094e-01  -2.701206460047e+00   2.476388570763e-03  -4.010981912155e-08   8.593677980919e-02  -7.992260347831e-01   7.535549374456e-04  -1.222046787396e-08   7.431850914107e-02   6.658997384471e-09  -1.039272704802e-01   2.195342295163e-07   1.899490616848e-01   5.148429097195e-03   3.819825290052e-04   1.461152231184e-01   1.587284697557e-02   7.197027068619e-08   5.285948284108e-01   1.345335669581e+00   1.620966930323e-01   7.365938011924e-07   6.143458798248e-01   6.146606717256e-01   1.174107450989e-01   5.280410721823e-07   1.902940389781e-01  -6.189520746436e-02   2.098236532751e-02   9.099518879229e-08   3.572493557890e-01   1.876851816194e-07  -8.777145458028e-01   1.624061244968e-06   1.478616654145e+00   3.284941790118e-04   1.070668482628e-01   2.882452355755e-01   1.413652552710e-01   2.149056261627e-02  -1.096368709315e-02   1.494921979572e-06   1.449865184626e-04   7.798018573408e-02   2.536825214702e-01   1.329679502142e-01   1.135357839458e-02   4.625241904696e-03   6.191575729708e-03   1.449808054080e-04   7.797973114591e-02   2.536841786380e-01   1.329691716232e-01   1.135348755207e-02   4.623764107290e-03  -6.192155811646e-03
   1.021019807484e+00   1.288615546998e+00   4.144291129344e-01   9.858404624111e-02  -1.426328219384e+00   2.258004407896e+00  -3.951760013869e-06   3.725086211035e-02   4.417834034256e-02   5.806100314821e-03  -1.136713888207e+01   4.028668346720e-08   1.199921431967e-01   6.283228112458e-03  -7.651231630753e+00   4.360553225219e-08   7.277149982041e-02   2.476388570763e-03  -2.681007441363e+00   1.720461638831e-08   3.630679685033e-02   7.535549374456e-04  -7.930693590134e-01   5.239513577690e-09   1.555835398498e-01   2.041597524645e-07  -4.735345318693e-02   6.658997384471e-09  -7.367163670959e-02   5.208244451264e-04   3.834737814814e-05   1.609035782036e-02  -1.060002460916e-02   7.360344941786e-09   5.619012988050e-02   1.731593079866e-01  -2.584639078014e-01   8.032139527796e-08   7.546456303519e-02   1.451273524439e-01  -5.399297393675e-01   6.962956603809e-08   3.170613117467e-02   3.498478628035e-02  -2.640996810815e-01   1.768858482325e-08  -5.315603707595e-01  -2.408972379472e-07  -9.443902642192e-02   2.020393243957e-07   2.738921259066e-01  -1.515383508549e-04  -4.737578975969e-02  -1.138081996688e-01  -4.096182452519e-02  -1.058505283158e-02   3.323630771085e-03  -6.816951134437e-07   5.384311028436e-05   2.895332826792e-02   9.503475436438e-02   5.067984135804e-02   4.565089538320e-03   7.673882543466e-04   2.294277596263e-03   5.382448046231e-05   2.894447459902e-02   9.500869999750e-02   5.066815859932e-02   4.563648064445e-03   7.663552112707e-04  -2.293792332942e-03
  -1.200580072634e-06  -1.430964112863e-06  -3.851528719246e-07  -5.101996677126e-08   1.643376401657e-06  -3.789821556511e-06  -1.008271735470e+00   9.768775515488e-08   1.158545774254e-07  -9.385699793101e-08   4.028668346720e-08  -1.133659656329e+01   3.146760380557e-07  -1.015994901480e-07   4.360553225219e-08  -7.618173631107e+00   1.908631543855e-07  -4.010981912155e-08   1.720461638831e-08  -2.667965312288e+00   9.523358638800e-08  -1.222046787396e-08   5.239513577690e-09  -7.890977093757e-01   6.658997384471e-09   6.597155901706e-02   1.811044647105e-07   1.655252887709e-01   7.687238525916e-09   2.407153278240e-09   1.756431598866e-10   7.434921074774e-08   7.499679104045e-09  -1.220261221687e-02   2.554139871140e-07   7.814856869556e-07   7.974805311591e-08  -2.749566994534e-01   3.173682227480e-07   5.984047633991e-07   6.395457851562e-08  -5.519711097884e-01   1.147464254168e-07   1.212907793558e-07   1.429293571850e-08  -2.662786557078e-01   2.012230725303e-07  -5.728479509628e-02  -8.814375267155e-07  -5.736646027349e-01   9.802832081035e-07   2.078447883803e-08   6.607249409551e-06   1.680578895151e-05   7.200389657537e-06   1.456556615049e-06  -6.879675525596e-07  -1.672708754934e-03   7.145021693543e-05   3.746507723619e-02   1.148805007501e-01   5.226182314969e-02   6.024519891885e-03   2.261781003358e-03   2.081307557990e-03  -7.145485128123e-05  -3.746876847413e-02  -1.148932948677e-01  -5.226783556419e-02  -6.025085121140e-03  -2.261294436278e-03   2.081944006954e-03
  -1.906488258272e+00  -4.637483787372e+00  -4.261631900871e+00  -2.583630428841e+00   2.302504892673e+00  -5.123064611748e+00   6.322783419319e-06  -1.262170930865e+01  -1.274458406318e+01   2.839683092708e-01   1.199921431967e-01   3.146760380557e-07  -1.434786752952e+01   4.644694080151e-01   1.949807948944e-01   5.154839178524e-07  -9.567824261545e+00   2.918891047035e-01   1.176848159478e-01   3.271007920337e-07  -5.138450548144e+00   1.093131210758e-01   4.274284573432e-02   1.234678041306e-07   2.089195132476e-02   1.474274521932e-07   1.152409245973e-01  -3.466119350389e-07  -8.796084408847e-02  -6.338935015094e-02  -5.797268691906e-02  -4.888358979056e-01  -4.875317857845e-02  -2.037787305695e-07  -1.245065824627e+00  -2.990606744789e+00  -2.944362565406e-01  -1.299672261323e-06  -2.946045614900e+00  -5.146409054379e+00  -4.999401804908e-01  -2.291579782185e-06  -2.481212853516e+00  -2.609427181303e+00  -2.519343673360e-01  -1.170246457528e-06  -5.398983052415e-01  -2.212624258237e-07   1.600451341663e+00  -2.394989095790e-06  -2.716715749348e+00  -7.854228429602e-03  -3.119605480377e-01  -1.520852797899e+00  -1.759303410347e+00  -1.051369377670e-01   5.297764089048e-02  -7.140049191093e-06  -4.905008004466e-03  -2.476502755252e-01  -1.392606088451e+00  -1.702876505920e+00  -6.922346562806e-02  -2.714600306115e-02  -3.696546783717e-02  -4.904844687683e-03  -2.476459456160e-01  -1.392596339321e+00  -1.702872022153e+00  -6.922260257028e-02  -2.713712989045e-02   3.696884538198e-02
  -1.168037267039e+00  -1.020617135483e+00  -1.675229789238e-01   8.501307636506e-02  -1.335438745379e+00  -2.064021215114e+00   2.494605829029e-06   4.015085164852e-02   3.060472049328e-02  -7.702368189069e+00   6.283228112458e-03  -1.015994901480e-07   4.644694080151e-01  -9.554998665838e+00   2.094746702243e-02  -3.648259070078e-07   5.494282020817e-01  -5.808641714240e+00   1.374127750514e-02  -3.469378721307e-07   3.578712193339e-01  -2.203783959920e+00   4.375027943306e-03  -1.493747933275e-07   1.942674845208e-01   3.046786804982e-08  -2.792355445343e-01   6.352921341135e-07   5.308639816818e-01   2.343234065105e-01   2.390595003855e-01   1.232013530540e+00   1.408977957767e-01   5.764954597631e-07   1.912620872783e+00   3.358933328045e+00   4.240127334776e-01   1.784479360918e-06   1.810917099488e+00   1.474027036367e+00   2.986625668201e-01   1.229942528545e-06   6.350992491553e-01  -1.540234557361e-01   6.571556094842e-02   2.358761573508e-07   7.095587283935e-01   3.161274541025e-07  -1.627634968446e+00   3.019996838545e-06   2.730380098002e+00   2.728600471452e-02   4.827217438087e-01   9.104277537082e-01   4.775491068728e-01   2.587209117345e-01  -1.485347550869e-01   1.994093073634e-05   1.662736289462e-02   3.760127875409e-01   8.121894893909e-01   4.513181655259e-01   1.656143097909e-01   7.414352607945e-02   1.015149880623e-01   1.662704253330e-02   3.760115636441e-01   8.121944641440e-01   4.513218123610e-01   1.656152706172e-01   7.412019803469e-02  -1.015256791357e-01
   2.832325389051e+00   2.961541604604e+00   1.134832719170e+00   3.089399618778e-01  -2.381383161783e+00   2.989184912988e+00  -6.573100244205e-06   1.696614176867e-02   1.293234253139e-02   6.283228112458e-03  -7.651231630753e+00   4.360553225219e-08   1.949807948944e-01   2.094746702243e-02  -9.367027546647e+00   1.526133409074e-07   2.215202821777e-01   1.374127750514e-02  -5.613727467234e+00   1.298631177435e-07   1.399322805003e-01   4.375027943306e-03  -2.116112637976e+00   5.205389875282e-08   3.631895092071e-01   5.638690678939e-07  -1.330544796293e-01   3.046786804982e-08  -1.899233341880e-01   2.363294108770e-02   2.407175357377e-02   1.431810296943e-01  -1.653568980126e-01   6.202618857678e-08   2.015193499458e-01   4.573916925338e-01  -8.803205332816e-01   2.145633311996e-07   2.273369192996e-01   3.903060085638e-01  -1.469777350850e+00   2.068921107810e-07   1.126484806609e-01   1.200676832497e-01  -7.657696042364e-01   7.282618833753e-08  -1.551030221400e+00  -5.199815175984e-07  -1.791074467496e-01   4.165783641659e-07   6.239495968946e-01  -1.199346287605e-02  -1.968682168249e-01  -3.190695262912e-01  -1.062888732744e-01  -1.245078281798e-01   3.188683235801e-02  -8.286314518759e-06   5.966371095814e-03   1.321925790177e-01   2.903306834271e-01   1.642165822064e-01   6.634226978499e-02   5.803186862094e-03   3.522769747277e-02   5.964451203382e-03   1.321532007575e-01   2.902538435234e-01   1.641819040497e-01   6.632240545759e-02   5.787916286795e-03  -3.522091786931e-02
  -3.293380562333e-06  -3.166854036713e-06  -9.176043013520e-07  -7.254228372113e-08   2.627233696860e-06  -5.996706368852e-06  -2.233520510070e+00   4.449255047782e-08   3.391414342587e-08  -1.015994901480e-07   4.360553225219e-08  -7.618173631107e+00   5.154839178524e-07  -3.648259070078e-07   1.526133409074e-07  -9.251700616936e+00   6.157078053646e-07  -3.469378721307e-07   1.298631177435e-07  -5.517139692262e+00   4.042110697922e-07  -1.493747933275e-07   5.205389875282e-08  -2.077879505903e+00   3.046786804982e-08   1.537336998162e-01   3.704982638198e-07   4.104033404763e-01   3.571153310978e-08   1.107673243540e-07   1.114709574046e-07   6.841462826976e-07   7.181075085181e-08  -1.794566163062e-01   9.855114995941e-07   2.174262104860e-06   2.384328904182e-07  -9.206248203392e-01   1.026088482692e-06   1.621567837038e-06   2.041292074231e-07  -1.488478707510e+00   4.324607018533e-07   3.922038839280e-07   6.354405474777e-08  -7.645951161763e-01   4.543113088517e-07  -1.608556505704e-01  -2.195243283220e-06  -1.634701919523e+00   2.095081082944e-06   1.659866206290e-06   2.784277011497e-05   4.857845342876e-05   2.110324669244e-05   1.730643422378e-05  -8.590527581622e-06  -2.932533572852e-02   7.820316673129e-03   1.675607173293e-01   3.351066378418e-01   1.530029027344e-01   8.640608101689e-02   3.346862131040e-02   2.531566426090e-02  -7.820983572521e-03  -1.675776855422e-01  -3.351438397678e-01  -1.530203510830e-01  -8.641524739597e-02  -3.346168957975e-02   2.532573723127e-02
  -2.719307439141e+00  -5.418950493147e+00  -5.669565217566e+00  -3.896047041506e+00   1.794575531111e+00  -3.679226333513e+00   4.937603837083e-06  -5.480168048527e+00  -5.538995169659e+00   1.722339910094e-01   7.277149982041e-02   1.908631543855e-07  -9.567824261545e+00   5.494282020817e-01   2.215202821777e-01   6.157078053646e-07  -9.577000228391e+00   8.619714280089e-01   2.714545667488e-01   1.050358464982e-06  -6.825986261075e+00   5.441523958833e-01   1.461907727908e-01   7.153851227016e-07   2.409958593655e-02   1.849895194004e-07   1.494250737676e-01  -4.536940581805e-07  -1.194865827836e-01  -9.164950146050e-01  -9.862215370481e-01  -1.231912494569e+00  -1.220449098146e-01  -2.805498269800e-07  -2.972758612861e+00  -3.697289926803e+00  -3.577801502477e-01  -9.692709622937e-07  -4.540399082258e+00  -5.787201170167e+00  -5.368975667351e-01  -1.999993993927e-06  -3.849793989163e+00  -3.488238418320e+00  -3.175783943169e-01  -1.326073209981e-06  -4.051183582545e-01   7.174464591532e-08   1.243291283010e+00  -1.425237623820e-06  -2.105604502131e+00  -2.543863937480e-01  -1.103850979447e+00  -2.609121969253e+00  -2.816272360218e+00  -6.695173635952e-01   4.176043679337e-01  -5.436141571615e-05  -2.081336408968e-01  -9.687111297850e-01  -2.447718632787e+00  -2.743461164223e+00  -5.372300573125e-01  -2.436326355916e-01  -3.479831328409e-01  -2.081303794175e-01  -9.687002399794e-01  -2.447703308820e+00  -2.743453770494e+00  -5.372320533880e-01  -2.435527029965e-01   3.480197031588e-01
  -1.377587854897e+00  -1.379803878295e+00  -2.174128712502e-01   3.314336465444e-01  -1.968587207284e+00  -1.344762889174e+00   1.648568118035e-06   1.168760285339e-02   7.321420586119e-03  -2.701206460047e+00   2.476388570763e-03  -4.010981912155e-08   2.918891047035e-01  -5.808641714240e+00   1.374127750514e-02  -3.469378721307e-07   8.619714280089e-01  -7.592622739245e+00  -1.525778598173e-02  -1.063403362749e-06   9.464157539579e-01  -4.862146678297e+00  -2.547656563039e-02  -8.775828637640e-07   1.362225377128e-01   2.211096038005e-08  -2.057277720380e-01   4.927488560397e-07   3.965258254370e-01   2.308282387316e+00   2.497740742820e+00   1.884895800323e+00   2.691215733233e-01   5.736517784716e-07   5.070780713488e+00   3.449254673812e+00   5.515548317703e-01   1.033179243216e-06   4.325012193425e+00   1.533190756653e+00   4.691073070842e-01   9.650747036242e-07   1.856290983933e+00  -6.066026224723e-01   1.453894960165e-01   1.896911924125e-07   4.033716315128e-01  -7.165809249975e-07  -6.203324005651e-01   1.128140782169e-06   1.000190783988e+00   6.972350412737e-01   2.062473127898e+00   2.568160581995e+00   1.455653603514e+00   1.306198182144e+00  -1.039096792110e+00   1.348684395634e-04   5.540518792561e-01   1.773228807282e+00   2.357630035581e+00   1.390054864912e+00   1.003472667893e+00   5.887739244789e-01   8.444019755345e-01   5.540508215508e-01   1.773231937821e+00   2.357644327337e+00   1.390064725230e+00   1.003499119920e+00   5.885872797607e-01  -8.445010949934e-01
   3.333905733890e+00   4.047147011805e+00   2.222943505760e+00   7.545891082446e-01  -1.703992642453e+00   8.184575640862e-01  -4.853094040384e-06   4.938685544123e-03   3.093750719932e-03   2.476388570763e-03  -2.681007441363e+00   1.720461638831e-08   1.176848159478e-01   1.374127750514e-02  -5.613727467234e+00   1.298631177435e-07   2.714545667488e-01  -1.525778598173e-02  -6.900390674261e+00   2.452816411473e-07   2.542619521649e-01  -2.547656563039e-02  -4.303946357322e+00   1.584195350587e-07   2.392758874096e-01   4.373766201228e-07  -9.572691070210e-02   2.211096038005e-08  -1.283991801422e-01   2.324795220355e-01   2.514906234565e-01   2.743819723974e-01  -7.984565627679e-01   8.144446473011e-08   5.208410130506e-01   5.902714036905e-01  -2.106883184058e+00   2.861418351965e-07   4.957618581271e-01   5.920122126454e-01  -3.139602085697e+00   3.894026788656e-07   2.678356234675e-01   2.357389452519e-01  -1.966594449454e+00   1.865087316601e-07  -2.074439813983e+00   4.290098743050e-06  -6.508175421182e-02  -1.366492767608e-07   5.480382240935e-01  -3.051629568978e-01  -7.719457236722e-01  -8.090243026434e-01  -3.030773569488e-01  -6.770685096166e-01   5.478530690228e-02  -5.021663310244e-05   1.987343724751e-01   5.840505405887e-01   7.541894552433e-01   4.277712552301e-01   4.448859747614e-01  -7.809716127427e-02   2.743084593328e-01   1.986739013880e-01   5.838827154504e-01   7.539910551533e-01   4.276775860209e-01   4.447605446626e-01  -7.821032745789e-02  -2.742613499603e-01
  -3.847577805527e-06  -4.114263576943e-06  -1.476567197056e-06   8.221620577486e-08   1.696499880587e-06  -3.962976919371e-06  -2.578191332882e+00   1.295145454560e-08   8.113112833375e-09  -4.010981912155e-08   1.720461638831e-08  -2.667965312288e+00   3.271007920337e-07  -3.469378721307e-07   1.298631177435e-07  -5.517139692262e+00   1.050358464982e-06  -1.063403362749e-06   2.452816411473e-07  -6.743421546393e+00   1.244231864818e-06  -8.775828637640e-07   1.584195350587e-07  -4.216633880713e+00   2.211096038005e-08   9.881784486739e-02   1.967129417610e-07   2.794707591489e-01   2.768611795842e-08   1.085670366480e-06   1.166307884158e-06   1.345653585226e-06   1.567282914965e-07  -8.248924314547e-01   2.866606631685e-06   3.007190422921e-06   4.670135495555e-07  -2.155099791187e+00   2.870191573279e-06   2.753733097847e-06   5.128677607966e-07  -3.157018643988e+00   1.529591188827e-06   9.428730221674e-07   2.207335401838e-07  -1.957849317850e+00  -2.073967856732e-08  -1.938688609186e-01  -5.412831111921e-06  -2.129664257521e+00  -8.993554737186e-07   4.226549517357e-05   1.108066542193e-04   1.239010942877e-04   5.719480852288e-05   9.484020264702e-05  -5.464430525829e-05  -3.248814544280e-01   2.605835429282e-01   7.305661028469e-01   8.704382701679e-01   4.143407379799e-01   5.749808493585e-01   2.453279521523e-01   7.253213575995e-02  -2.606103554651e-01  -7.306441682937e-01  -8.705350490504e-01  -4.143874176850e-01  -5.750502882174e-01  -2.452777207045e-01   7.261278160393e-02
  -2.068698903919e+00  -4.339661275123e+00  -5.559819355395e+00  -4.710567348346e+00   9.103709986905e-01  -1.683061765958e+00   2.552951504075e-06  -2.474206676389e+00  -2.493980235208e+00   8.593677980919e-02   3.630679685033e-02   9.523358638800e-08  -5.138450548144e+00   3.578712193339e-01   1.399322805003e-01   4.042110697922e-07  -6.825986261075e+00   9.464157539579e-01   2.542619521649e-01   1.244231864818e-06  -6.696822686445e+00   9.307779637941e-01   2.002655453831e-01   1.325883505323e-06   1.436665970940e-02   1.174020831321e-07   9.693251024094e-02  -2.962019552251e-07  -7.981467997064e-02  -1.308046444078e+00  -1.411314432551e+00  -6.792305118455e-01  -6.617926615274e-02   1.124222451769e-07  -3.544568781169e+00  -2.121181247225e+00  -2.002301834234e-01   2.366470784063e-07  -5.061130498241e+00  -3.972005833535e+00  -3.508286104931e-01  -5.584200102433e-07  -4.777404905755e+00  -3.305829442285e+00  -2.869828169317e-01  -8.752765889378e-07  -1.384533779354e-01   1.609783404114e-07   4.512167610671e-01  -3.976428037358e-08  -7.591861631207e-01  -7.793867434965e-01  -1.996882771253e+00  -3.468169837768e+00  -3.716574985852e+00  -8.130217249648e-01   6.296912526808e-01  -7.954449537830e-05  -7.181808976039e-01  -1.872104996606e+00  -3.333809721025e+00  -3.645385946602e+00  -7.132740197983e-01  -3.755608812362e-01  -5.598400185210e-01  -7.181754154466e-01  -1.872092571129e+00  -3.333794134022e+00  -3.645377312208e+00  -7.132837107387e-01  -3.754348906680e-01   5.599024189879e-01
  -7.073698845528e-01  -9.426541998922e-01  -3.195021918308e-01   3.195478496894e-01  -1.220794614110e+00  -4.153768409481e-01   5.217275258641e-07   3.244908631594e-03   1.911346219968e-03  -7.992260347831e-01   7.535549374456e-04  -1.222046787396e-08   1.093131210758e-01  -2.203783959920e+00   4.375027943306e-03  -1.493747933275e-07   5.441523958833e-01  -4.862146678297e+00  -2.547656563039e-02  -8.775828637640e-07   9.307779637941e-01  -5.462677406355e+00  -4.575491888622e-02  -1.071567499858e-06   5.114795033895e-02   7.545686277847e-09  -7.942143648065e-02   1.937520712109e-07   1.531090153038e-01   1.977519480919e+00   2.138946938879e+00   2.442529678203e-01   9.319369017398e-02  -1.618307725968e-07   4.525374354458e+00   4.364227774644e-01   2.283331311278e-01  -4.690855919392e-07   4.708916699641e+00  -4.609364565612e-01   2.947711740033e-01  -2.494777673401e-08   2.743451540871e+00  -1.634542959917e+00   1.554761734433e-01   8.859587081561e-08   4.704612086243e-02  -9.807733307056e-07   8.917037505775e-02  -5.575504300636e-07  -1.790894319770e-01   1.417520570670e+00   3.000878770989e+00   3.573790665166e+00   2.348859214385e+00   7.991991255032e-01  -1.072478431094e+00   1.354519618316e-04   1.267730063905e+00   2.743822603360e+00   3.354840426861e+00   2.254621071509e+00   6.410245112440e-01   6.241387425841e-01   9.304476806287e-01   1.267738130226e+00   2.743840336399e+00   3.354866376110e+00   2.254639228881e+00   6.410607684053e-01   6.239369256579e-01  -9.305626135677e-01
   1.707303188167e+00   2.706314826987e+00   2.309320329124e+00   1.122955812916e+00  -5.967246903975e-01  -3.741544678282e-01  -1.792664349083e-06   1.371154474114e-03   8.076635624081e-04   7.535549374456e-04  -7.930693590134e-01   5.239513577690e-09   4.274284573432e-02   4.375027943306e-03  -2.116112637976e+00   5.205389875282e-08   1.461907727908e-01  -2.547656563039e-02  -4.303946357322e+00   1.584195350587e-07   2.002655453831e-01  -4.575491888622e-02  -4.766132381971e+00   1.334021122925e-07   8.862584434360e-02   1.738482682979e-07  -3.595699875806e-02   7.545686277847e-09  -4.708155742501e-02   1.991427001212e-01   2.153602452605e-01   9.658385840723e-02  -7.001861454382e-01  -1.138238154269e-08   4.610470627042e-01   2.489021563919e-01  -1.908325852486e+00   4.157379465077e-08   5.112789764088e-01   3.706463280239e-01  -3.474953410354e+00   1.903124411595e-07   3.397014640518e-01   2.263814793679e-01  -3.146420862623e+00   1.501260063968e-07  -8.447673005914e-01   9.693874478354e-06   2.630317888353e-02  -7.251471112045e-07   1.722637041952e-01  -6.301391631076e-01  -1.172311624764e+00  -1.203899301692e+00  -6.090947884866e-01  -5.731254603576e-01  -1.981200577551e-01  -4.935379380077e-05   4.596291840119e-01   9.251927140432e-01   1.074451112118e+00   6.821049824017e-01   4.127672377808e-01  -3.351263312537e-01   2.999456662143e-01   4.594924982260e-01   9.249275748214e-01   1.074160708403e+00   6.819397786686e-01   4.126545292391e-01  -3.352464215035e-01  -2.998963819521e-01
  -1.967846710758e-06  -2.668210349857e-06  -1.443005434957e-06  -5.469106209177e-08   5.156012616136e-07  -1.272784929790e-06  -1.422054325755e+00   3.595804260082e-09   2.118025818968e-09  -1.222046787396e-08   5.239513577690e-09  -7.890977093757e-01   1.234678041306e-07  -1.493747933275e-07   5.205389875282e-08  -2.077879505903e+00   7.153851227016e-07  -8.775828637640e-07   1.584195350587e-07  -4.216633880713e+00   1.325883505323e-06  -1.071567499858e-06   1.334021122925e-07  -4.698560640966e+00   7.545686277847e-09   3.595015902731e-02   6.346875245551e-08   1.041728964529e-01   9.951901456541e-09   9.297333056782e-07   9.982765046227e-07   4.967667744660e-07   5.334767977218e-08  -7.091224310782e-01   2.590047877495e-06   1.410346291316e-06   2.212786600199e-07  -1.926354955629e+00   3.134822970221e-06   1.942536374047e-06   3.534238648739e-07  -3.482512148137e+00   2.160479885635e-06   1.090035526304e-06   2.182886938398e-07  -3.140528356432e+00  -6.326077509355e-07  -5.389843624823e-02  -7.923397250105e-06  -8.563810303934e-01  -4.627642131565e-06   8.700932894857e-05   1.665096402259e-04   1.790098941353e-04   1.009385912648e-04   8.028391647918e-05  -5.548148305436e-05  -5.818087561258e-01   6.052996162515e-01   1.175649209207e+00   1.290445784682e+00   7.383828917165e-01   5.341092262235e-01   2.571640827087e-01  -1.631625308259e-01  -6.053668582794e-01  -1.175780581158e+00  -1.290591717810e+00  -7.384669339831e-01  -5.341785992218e-01  -2.571099509927e-01  -1.630723116584e-01
   1.426183291574e+00   5.695958086915e-01   6.214111600499e-02   6.911691113005e-03   1.173815590594e+00   1.242214944078e+00  -2.473105872155e-06   9.867835020130e-04   4.091129142998e-04   7.431850914107e-02   1.555835398498e-01   6.658997384471e-09   2.089195132476e-02   1.942674845208e-01   3.631895092071e-01   3.046786804982e-08   2.409958593655e-02   1.362225377128e-01   2.392758874096e-01   2.211096038005e-08   1.436665970940e-02   5.114795033895e-02   8.862584434360e-02   7.545686277847e-09  -6.858073935368e+00  -4.079990091285e-07  -2.448527112080e-02   1.349583176912e-07  -3.195605305082e-02  -2.678256306353e-02  -2.596848700874e-02  -2.160794311557e-01   2.291200628908e-01  -1.079425754409e-07  -2.118173306806e-01  -4.169385997525e-01   9.078303191565e-01  -2.472503332232e-07  -9.690756473078e-02  -7.388499580265e-02   6.475243244505e-01  -8.347398376480e-08  -1.085421803480e-02   1.750059783988e-02   1.306414668325e-01  -4.459464776983e-09   1.659714966217e+00   7.510490348087e-07   1.370709070286e-01  -5.073399645408e-07  -6.474723177265e-01   1.158123429714e-02   1.832448577509e-01   1.341105224973e-01   2.482060695897e-02   1.448717175666e-01  -4.456116680802e-02   1.050294160705e-05  -5.078416734689e-03  -1.180183514988e-01  -1.137172416629e-01  -2.290713379110e-02  -7.038848849699e-02  -9.447186957367e-03  -4.066130781084e-02  -5.076820852670e-03  -1.179849145052e-01  -1.136882913036e-01  -2.290147968344e-02  -7.036835764023e-02  -9.429505413232e-03   4.065385183472e-02
   4.017340677159e-06   1.719890747403e-06   2.639174856071e-07   6.634636674396e-08  -2.581042710873e-06   3.620109987578e-06   2.065099468769e+00   6.847002848312e-09   2.838695243220e-09   6.658997384471e-09   2.041597524645e-07   6.597155901706e-02   1.474274521932e-07   3.046786804982e-08   5.638690678939e-07   1.537336998162e-01   1.849895194004e-07   2.211096038005e-08   4.373766201228e-07   9.881784486739e-02   1.174020831321e-07   7.545686277847e-09   1.738482682979e-07   3.595015902731e-02  -4.079990091285e-07  -6.647046480939e+00  -6.542995349743e-09   7.769369388082e-03  -1.234084507120e-07  -1.254796072098e-08  -1.207603760139e-08  -1.152477421699e-07   1.204392740265e-07   2.568014101310e-02  -9.361624571194e-08  -2.328747742268e-07   5.314575917423e-07   1.016657838034e-01   1.057454192300e-09   9.392023603651e-09   4.469594026604e-07   8.240190466572e-02   4.702000523499e-08   5.356584971191e-08   1.235693758329e-07   2.245439421604e-02   1.110308914188e-06  -3.406693156186e-01   2.352133401496e-07   2.239330983015e-01  -4.289269122017e-07   7.222046233104e-07   1.105193473123e-05   7.509359317475e-06   1.022710170815e-06   9.849621659775e-06  -2.727477897089e-06  -1.455457476612e-02  -2.437774265969e-03  -5.399529359142e-02  -4.915600442599e-02  -9.976731921424e-03  -3.699170084365e-02  -4.281309796591e-03  -1.152183511682e-02   2.437258675891e-03   5.398541860646e-02   4.914862573870e-02   9.975764391257e-03   3.698478186129e-02   4.273443888043e-03  -1.152266612864e-02
