ARMA_MAT_TXT_FN008
72 72
   1.000000000000e+00   7.063772200372e-01   3.736639626622e-01   1.837659445759e-01   0.000000000000e+00   1.540612516978e-18   7.345719920215e-23   1.403085038808e-02   1.278377993449e-02   2.981712349123e-02  -6.934936250543e-02   8.313556720464e-08   1.662231483586e-01   1.312555764937e-01  -3.052772866503e-01   3.659644366360e-07   3.123728312480e-01   1.882507247817e-01  -4.378379342540e-01   5.248772835521e-07   2.536177348705e-01   9.911825361396e-02  -2.305315501946e-01   2.763597312448e-07  -1.748511272233e-01  -4.875167667450e-07  -1.390984022214e-01   2.096104003400e-07  -1.657473372657e-01   1.354479263327e-05   1.581825011930e-06   4.319309434883e-04  -1.790140805420e-04   4.122599161079e-10   7.858293929877e-03   2.630516863999e-02  -1.090219547495e-02   2.510717692311e-08   8.068890206978e-02   1.862863121507e-01  -7.720649189404e-02   1.778024486948e-07   1.196100118005e-01   1.635620918391e-01  -6.778842294937e-02   1.561131363163e-07  -1.757792215856e-02  -1.677738727380e-08  -1.434650733821e-02   4.048102078059e-08   1.756369753229e-02   5.465695331536e-08   4.902080389077e-04   2.550390634799e-02   6.827359949669e-02   9.130471359704e-06  -7.197824649183e-06   4.890913021105e-10   8.743798747725e-06   4.606896844981e-03   5.850918540170e-02   9.274598562579e-02   4.813465415943e-04  -4.907318873695e-05   1.981287272746e-04   8.736927958908e-06   4.605296316182e-03   5.850166047415e-02   9.274158529858e-02   4.810546027932e-04  -4.908640462887e-05  -1.980292252654e-04
   7.063772200372e-01   1.000000000000e+00   7.889632276872e-01   4.631805400595e-01   6.776470564846e-16  -3.388235282423e-16   6.462545933577e-22   6.716902044671e-02   7.121696590938e-02   3.927757702008e-02  -9.135270637026e-02   1.095130335074e-07   3.752176853162e-01   1.357155507262e-01  -3.156503989293e-01   3.783996565406e-07   6.159247550712e-01   2.506701127835e-01  -5.830144053236e-01   6.989138980370e-07   5.826065317983e-01   1.931781927299e-01  -4.492983543403e-01   5.386159610229e-07  -7.642877722446e-02  -2.130973414381e-07  -6.080098518371e-02   9.162232377861e-08  -7.244944037021e-02   5.038276208923e-03   5.362591078590e-03   2.451200149858e-02  -1.015901610353e-02   2.339567431736e-08   7.137044855395e-02   1.351974454533e-01  -5.603267548742e-02   1.290402745181e-07   2.303277353224e-01   4.110275375454e-01  -1.703506493814e-01   3.923084944506e-07   3.096150874287e-01   3.865086210871e-01  -1.601887673680e-01   3.689062200951e-07  -7.264864400466e-02  -6.934007469073e-08  -5.929337352404e-02   1.673059671733e-07   7.258985435929e-02   4.902080389077e-04   9.930505682532e-03   8.643907405357e-02   1.850042502960e-01   3.112140103335e-03  -2.453393462944e-03   1.667077849023e-07   4.606896844981e-03   4.137142300215e-02   1.713316283602e-01   2.457521044705e-01   2.217086757858e-02  -2.260315749942e-03   9.125828060107e-03   4.605296316182e-03   4.136228056160e-02   1.713134746633e-01   2.457412972678e-01   2.216430239192e-02  -2.261626661940e-03  -9.124077819304e-03
   3.736639626622e-01   7.889632276872e-01   1.000000000000e+00   8.208664008791e-01   0.000000000000e+00   0.000000000000e+00   3.853487911370e-22   5.938654242985e-02   6.279702344340e-02   1.179733400093e-02  -2.743851506899e-02   3.289311438638e-08   3.468396067584e-01   4.830759987168e-02  -1.123549445088e-01   1.346903807407e-07   6.750579292640e-01   1.405589875777e-01  -3.269153775276e-01   3.919040400199e-07   8.517568800249e-01   1.951554541191e-01  -4.538971150788e-01   5.441289256505e-07  -9.275244628597e-03  -2.586107017959e-08  -7.378686820834e-03   1.111910326645e-08  -8.792320210293e-03   3.184964847210e-02   3.780074781471e-02   4.527071949468e-02  -1.876248124380e-02   4.320899741588e-08   2.127932582090e-01   1.754733298951e-01  -7.272504386264e-02   1.674819119869e-07   4.357936202101e-01   4.655167991054e-01  -1.929337618086e-01   4.443162024840e-07   5.802758651584e-01   5.761436500312e-01  -2.387831372708e-01   5.499048781034e-07  -4.197067928229e-02  -4.005924785146e-08  -3.425505317874e-02   9.665624440001e-08   4.193671524367e-02   2.550390634799e-02   8.643907405357e-02   2.335730037942e-01   3.859346587050e-01   3.547767416081e-02  -2.796811550139e-02   1.900430018076e-06   5.850918540170e-02   1.713316283602e-01   3.662943060824e-01   4.874398368207e-01   7.626828349707e-02  -7.775537055483e-03   3.139305393291e-02   5.850166047415e-02   1.713134746633e-01   3.662687811792e-01   4.874222093537e-01   7.625984877483e-02  -7.781490442379e-03  -3.139285786697e-02
   1.837659445759e-01   4.631805400595e-01   8.208664008791e-01   1.000000000000e+00   2.079528352963e-16  -1.039764176481e-16   1.983192780459e-22   3.414327880392e-02   3.590499042659e-02   2.454739075749e-03  -5.709289498378e-03   6.844259321721e-09   2.118054069792e-01   1.106933789247e-02  -2.574532471000e-02   3.086332873595e-08   4.807716831155e-01   4.310435000800e-02  -1.002531043997e-01   1.201827730953e-07   8.057198466072e-01   1.005128810731e-01  -2.337752073251e-01   2.802482064321e-07  -7.512168332212e-04  -2.094529257387e-09  -5.976115961177e-04   9.005538806305e-10  -7.121040155296e-04   3.525719373316e-02   4.195123366295e-02   1.819958180833e-02  -7.542829363775e-03   1.737073525899e-08   2.309619726466e-01   7.530906753208e-02  -3.121189552167e-02   7.187933703524e-08   4.834545825697e-01   2.474634743160e-01  -1.025614093879e-01   2.361934765252e-07   7.616744704886e-01   4.866095668600e-01  -2.016756741040e-01   4.644483620250e-07  -6.796661739469e-03  -6.487127724396e-09  -5.547206128294e-03   1.565235086561e-08   6.791161659752e-03   6.827359949669e-02   1.850042502960e-01   3.859346587050e-01   6.007558924982e-01   3.388856126822e-02  -2.671537010655e-02   1.815306122144e-06   9.274598562579e-02   2.457521044705e-01   4.874398368207e-01   7.033443221456e-01   4.460478183937e-02  -4.547449059307e-03   1.835992968168e-02   9.274158529858e-02   2.457412972678e-01   4.874222093537e-01   7.033271481849e-01   4.460323778735e-02  -4.551276643181e-03  -1.836121008316e-02
   0.000000000000e+00   6.776470564846e-16   0.000000000000e+00   2.079528352963e-16   1.000000000000e+00   0.000000000000e+00   0.000000000000e+00  -3.837322936845e-02  -4.098730410775e-02   2.778853984288e-02   1.052518580499e-01  -1.261752466381e-07  -1.741114683196e-01   1.469116933365e-01   2.507671457764e-01  -3.006180323399e-07  -1.368078592257e-01   3.026522936177e-01   1.723465705541e-01  -2.066079540049e-07  -4.592498818501e-02   2.027318535051e-01   4.008509444800e-02  -4.805375194510e-08  -1.353240544272e-01   3.619063308513e-07   3.744616153610e-02   1.622256011418e-07   2.370334740955e-01  -7.228596345440e-04  -4.330820297756e-04  -9.793526625835e-03   4.449231640485e-03  -1.024634407136e-08  -4.296770031596e-02  -1.046579180112e-01   5.094547810935e-02  -1.173247292495e-07  -1.176856074897e-01  -1.632914432265e-01   1.054589819400e-01  -2.428664321588e-07  -5.727695495339e-02   4.253072329275e-03   3.176249418944e-02  -7.314733651270e-08   8.390317483352e-02   9.183888154689e-08   6.137300670748e-02  -1.932245536962e-07  -6.642231199189e-02  -9.130471359704e-06  -3.112140103335e-03  -3.547767416081e-02  -3.388856126822e-02  -2.965673103444e-04   2.531237451185e-04  -1.719972743559e-08  -4.813465415943e-04  -2.217086757858e-02  -7.626828349707e-02  -4.460478183937e-02  -7.481214543925e-03   8.294483944325e-04  -3.348825681774e-03  -4.810546027932e-04  -2.216430239192e-02  -7.625984877483e-02  -4.460323778735e-02  -7.477604648150e-03   8.297729551745e-04   3.347552070716e-03
   1.540612516978e-18  -3.388235282423e-16   0.000000000000e+00  -1.039764176481e-16   0.000000000000e+00   1.000000000000e+00   0.000000000000e+00   8.924935347165e-02   9.532922957925e-02   1.052518580499e-01  -1.717551004078e-01   2.934613367682e-07   4.049525212048e-01   2.507671457764e-01  -3.285097391268e-01   6.991844436819e-07   3.181909155598e-01   1.723465705541e-01  -2.409407181739e-02   4.805336069055e-07   1.068134105772e-01   4.008509444800e-02   1.267358016144e-01   1.117645390698e-07  -1.879005982582e-01  -5.239010670792e-07  -8.709315744583e-02   3.619063308513e-07  -2.104966379490e-02   2.995896792987e-04   1.794911490560e-04   4.449231640485e-03  -9.022642707423e-04   4.246604441066e-09   1.780799334020e-02   5.094547810935e-02  -2.849415267953e-03   4.862531580123e-08   4.877488203937e-02   1.054589819400e-01   4.745583897785e-02   1.006561620622e-07   2.373847389682e-02   3.176249418944e-02   6.772665422164e-02   3.031596459417e-08  -1.015804706809e-02  -9.695428621736e-09  -2.543608540085e-02   9.183888154689e-08   5.216439165215e-02   7.197824649183e-06   2.453393462944e-03   2.796811550139e-02   2.671537010655e-02   2.531237451185e-04  -1.750238032865e-04   1.355906143482e-08   4.907318873695e-05   2.260315749942e-03   7.775537055483e-03   4.547449059307e-03   8.294483944325e-04   5.700736245923e-04   3.414121439089e-04   4.908640462887e-05   2.261626661940e-03   7.781490442379e-03   4.551276643181e-03   8.297729551745e-04   5.696334688549e-04  -3.415813807939e-04
   7.345719920215e-23   6.462545933577e-22   3.853487911370e-22   1.983192780459e-22   0.000000000000e+00   0.000000000000e+00   1.000000000000e+00  -1.069915476574e-07  -1.142800638093e-07  -1.261752466381e-07   2.934613367682e-07   7.304213029780e-02  -4.854544630987e-07  -3.006180323399e-07   6.991844436819e-07   2.547303477980e-01  -3.814452114445e-07  -2.066079540049e-07   4.805336069055e-07   3.767536089262e-01  -1.280472257074e-07  -4.805375194510e-08   1.117645390698e-07   2.199666508864e-01   3.619063308513e-07  -2.651241643201e-01   6.549029208217e-07   1.139915301662e-01   3.430633341105e-07  -6.899391136190e-10  -4.133585795480e-10  -1.024634407136e-08   4.246604441066e-09   9.417228833230e-04  -4.101086248777e-08  -1.173247292495e-07   4.862531580123e-08   1.826497363833e-02  -1.123259618285e-07  -2.428664321588e-07   1.006561620622e-07   9.116338753717e-02  -5.466844411124e-08  -7.314733651270e-08   3.031596459417e-08   8.089064207371e-02   9.183888154689e-08  -1.231780907857e-02   1.077114885184e-07   2.972080677064e-02  -9.176456253721e-08  -4.890913021105e-10  -1.667077849023e-07  -1.900430018076e-06  -1.815306122144e-06  -1.719972743559e-08   1.355906143482e-08   2.452124227772e-05  -1.981287272746e-04  -9.125828060107e-03  -3.139305393291e-02  -1.835992968168e-02  -3.348825681774e-03   3.414121439089e-04  -7.237860768275e-04   1.980292252654e-04   9.124077819304e-03   3.139285786697e-02   1.836121008316e-02   3.347552070716e-03  -3.415813807939e-04  -7.237385692861e-04
   1.403085038808e-02   6.716902044671e-02   5.938654242985e-02   3.414327880392e-02  -3.837322936845e-02   8.924935347165e-02  -1.069915476574e-07   1.000000000000e+00   9.019786511306e-01  -1.405308612160e-16   3.473397383210e-19  -4.176146880121e-22   3.524808859889e-01   7.378056397863e-20   1.032621565920e-17  -8.751244425146e-24   1.579450275960e-01   2.241164792365e-19   5.896817470164e-18   2.058570784689e-23   7.194213528220e-02  -3.449141016416e-18   1.093389270449e-18   5.513809920069e-24   1.259224547888e-32   1.705217873097e-38   0.000000000000e+00   1.364727802457e-37   0.000000000000e+00   8.686413134680e-06  -3.476083650895e-07   5.351274876733e-04   5.386272817465e-05   2.463080024139e-10   9.862604169150e-03   3.354855770186e-02   3.376796904984e-03   1.544170019623e-08   3.846319740626e-02   7.624597640510e-02   7.674463368299e-03   3.509442996862e-08   3.252561351805e-02   3.599976170268e-02   3.623520420105e-03   1.656993818598e-08   7.127367159715e-03   3.280578194950e-09  -2.064834366298e-02   3.259262252531e-08   3.504658222203e-02   4.707977457563e-07   2.076675272833e-03   1.898854210768e-02   2.278967782786e-02   1.164355868435e-04  -5.463059851397e-05   7.464348164755e-09   1.907772522237e-07   1.521151591860e-03   1.714161027167e-02   2.197764692107e-02   5.890764307826e-05   2.206024400199e-05   2.944181509175e-05   1.907656738495e-07   1.521119759397e-03   1.714149233786e-02   2.197759330797e-02   5.890592956217e-05   2.205280365571e-05  -2.944402589975e-05
   1.278377993449e-02   7.121696590938e-02   6.279702344340e-02   3.590499042659e-02  -4.098730410775e-02   9.532922957925e-02  -1.142800638093e-07   9.019786511306e-01   1.000000000000e+00   5.270638518963e-16  -7.872520603955e-17   3.922000335171e-22   4.014863665549e-01  -1.633674513873e-16  -1.935853506732e-17  -1.547554131645e-22   1.702974760105e-01  -1.259031270383e-18  -4.547228594662e-18  -1.486219533521e-24   7.611738684957e-02   0.000000000000e+00  -2.329573505372e-18  -9.151936146308e-24   0.000000000000e+00   0.000000000000e+00   0.000000000000e+00   5.483356867502e-39   0.000000000000e+00   1.871788504121e-06  -1.761536944313e-07   2.575751428481e-04   2.592597133086e-05   1.185564568590e-10   9.701018802254e-03   3.431887346807e-02   3.454332276796e-03   1.579626044958e-08   4.051215970281e-02   8.122614262169e-02   8.175737074785e-03   3.738669642989e-08   3.421004649891e-02   3.799819266559e-02   3.824670512766e-03   1.748977420594e-08   7.310054072055e-03   3.364665163910e-09  -2.117759690113e-02   3.342802856527e-08   3.594488755003e-02   9.184385559045e-08   2.008959410303e-03   1.989282920402e-02   2.393729074746e-02   7.343601029148e-05  -3.445555867808e-05   4.707769879523e-09   3.094251788616e-08   1.458432650084e-03   1.794277963363e-02   2.308191945985e-02   3.498994696875e-05   1.310333816483e-05   1.748784189779e-05   3.094024427258e-08   1.458401246386e-03   1.794265516798e-02   2.308186298826e-02   3.498878602227e-05   1.309886515731e-05  -1.748908351838e-05
   2.981712349123e-02   3.927757702008e-02   1.179733400093e-02   2.454739075749e-03   2.778853984288e-02   1.052518580499e-01  -1.261752466381e-07  -1.405308612160e-16   5.270638518963e-16   1.000000000000e+00  -3.276276710104e-32   2.949979851874e-37  -1.371883181024e-16   6.119923480445e-01   7.247366081413e-33   5.529301514750e-38  -2.568090992793e-16   1.971949078096e-01   1.405488536860e-32   1.373191498658e-39   0.000000000000e+00   5.657041005734e-02   0.000000000000e+00   0.000000000000e+00  -5.018117135848e-18   0.000000000000e+00  -1.965906438541e-16  -1.183584917943e-24   3.405049834480e-16  -2.088543589727e-04  -3.788997096744e-06  -7.417045683243e-03  -8.049404782498e-04  -3.680899352460e-09  -3.449765073295e-02  -9.142662980908e-02  -1.107627941023e-02  -5.065053977334e-08  -3.992523196473e-02  -3.817066943408e-02  -7.793936130884e-03  -3.564076504099e-08  -1.052637985931e-02   7.299700774577e-03  -1.164843591564e-03  -5.326694504452e-09  -2.501681254933e-02  -1.332692371719e-08   6.129752682956e-02  -1.143989793055e-07  -1.032560940715e-01  -1.209008488475e-05  -6.835524440079e-03  -1.849556401282e-02  -7.911156686722e-03  -1.126705329203e-03   5.684691933268e-04  -7.767170954284e-08  -5.072467879791e-06  -4.916779230952e-03  -1.620243589414e-02  -7.393309934277e-03  -5.747877598922e-04  -2.326194212726e-04  -3.104561303692e-04  -5.072256278498e-06  -4.916752301406e-03  -1.620256186710e-02  -7.393399564662e-03  -5.747824626926e-04  -2.325450404953e-04   3.104848844663e-04
  -6.934936250543e-02  -9.135270637026e-02  -2.743851506899e-02  -5.709289498378e-03   1.052518580499e-01  -1.717551004078e-01   2.934613367682e-07   3.473397383210e-19  -7.872520603955e-17  -3.276276710104e-32   1.000000000000e+00  -3.687474814843e-38  -7.592290958017e-17   7.247366081413e-33   6.119923480445e-01   3.141588096854e-38  -6.990502093245e-17   1.405488536860e-32   1.971949078096e-01   0.000000000000e+00  -6.187900043062e-18   0.000000000000e+00   5.657041005734e-02   8.050903271470e-40   3.405049834480e-16  -1.183584917943e-24   2.897211279207e-18   0.000000000000e+00   5.018117135848e-18  -2.102202900163e-05  -3.813777564740e-07  -8.049404782498e-04   4.990366575886e-04  -3.704972849027e-10  -3.472326925631e-03  -1.107627941023e-02   1.750159806691e-02  -5.098180001129e-09  -4.018634748097e-03  -7.793936130884e-03   3.847778077854e-02  -3.587385966073e-09  -1.059522356981e-03  -1.164843591564e-03   1.875520342871e-02  -5.361531686779e-10   3.620176699895e-02   1.666291700345e-08   6.169841956267e-03  -1.332692371719e-08  -1.826752555654e-02   5.672566190839e-06   3.207170603438e-03   8.677963149120e-03   3.711848211101e-03   5.684691933268e-04  -1.818334169305e-04   3.644291315879e-08  -1.899581671801e-06  -1.841278039161e-03  -6.067628419227e-03  -2.768710690323e-03  -2.326194212726e-04  -4.073562365423e-05  -1.162622985740e-04  -1.898917012812e-06  -1.840700485207e-03  -6.065805568817e-03  -2.767890943400e-03  -2.325450404953e-04  -4.068281425071e-05   1.162372319067e-04
   8.313556720464e-08   1.095130335074e-07   3.289311438638e-08   6.844259321721e-09  -1.261752466381e-07   2.934613367682e-07   7.304213029780e-02  -4.176146880121e-22   3.922000335171e-22   2.949979851874e-37  -3.687474814843e-38   1.000000000000e+00  -5.946838925156e-22   5.529301514750e-38   3.141588096854e-38   6.119923480445e-01  -6.116051239871e-24   1.373191498658e-39   0.000000000000e+00   1.971949078096e-01   8.838872591943e-23   0.000000000000e+00   8.050903271470e-40   5.657041005734e-02   0.000000000000e+00  -5.018117135848e-18  -1.366686141966e-24   3.405049834480e-16   0.000000000000e+00  -9.613129794109e-11  -1.743996201930e-12  -3.680899352460e-09  -3.704972849027e-10   5.800571455556e-04  -1.587854788949e-08  -5.065053977334e-08  -5.098180001129e-09   1.861647001946e-02  -1.837675013462e-08  -3.564076504099e-08  -3.587385966073e-09   3.926227171367e-02  -4.845072726630e-09  -5.326694504452e-09  -5.361531686779e-10   1.887244960870e-02  -1.332692371719e-08   3.937192750129e-03   5.939837717334e-08   3.911610377459e-02  -6.553094815447e-08  -7.750603176206e-10  -4.382056696983e-07  -1.185697028184e-06  -5.071613369804e-07  -7.767170954284e-08   3.644291315879e-08   8.488754467878e-05  -2.535200078829e-06  -2.457387486583e-03  -8.097915596409e-03  -3.695148076316e-03  -3.104561303692e-04  -1.162622985740e-04  -1.087870781357e-04   2.535358432407e-06   2.457630041343e-03   8.098822220496e-03   3.695577845679e-03   3.104848844663e-04   1.162372319067e-04  -1.088195008354e-04
   1.662231483586e-01   3.752176853162e-01   3.468396067584e-01   2.118054069792e-01  -1.741114683196e-01   4.049525212048e-01  -4.854544630987e-07   3.524808859889e-01   4.014863665549e-01  -1.371883181024e-16  -7.592290958017e-17  -5.946838925156e-22   1.000000000000e+00  -4.226229277628e-16   0.000000000000e+00  -4.030446317318e-22   7.543153851937e-01   0.000000000000e+00  -2.117010293141e-17  -1.615150675309e-22   4.176890115920e-01   0.000000000000e+00   0.000000000000e+00   0.000000000000e+00   0.000000000000e+00   0.000000000000e+00   0.000000000000e+00   0.000000000000e+00   0.000000000000e+00   3.182905323872e-03   2.431125740984e-03   3.616709451781e-02   3.640363139164e-03   1.664695798477e-08   9.689221771325e-02   2.341196778079e-01   2.356508468838e-02   1.077603963447e-07   2.334740208228e-01   4.090740139115e-01   4.117494040612e-02   1.882882220161e-07   2.013616497921e-01   2.142624448286e-01   2.156637453632e-02   9.862052687205e-08   4.286369336670e-02   1.972926252609e-08  -1.241782907303e-01   1.960106932386e-07   2.107687060668e-01   5.031766420473e-04   2.500826139671e-02   1.222386705623e-01   1.432147465820e-01   8.127016999809e-03  -3.813128055340e-03   5.209995163164e-07   3.002377342038e-04   1.961192301580e-02   1.113164319899e-01   1.382722014068e-01   5.193606486990e-03   1.944946705831e-03   2.595744692180e-03   3.002273124332e-04   1.961160250203e-02   1.113157314571e-01   1.382718748921e-01   5.193536731812e-03   1.944321168966e-03  -2.595980254948e-03
   1.312555764937e-01   1.357155507262e-01   4.830759987168e-02   1.106933789247e-02   1.469116933365e-01   2.507671457764e-01  -3.006180323399e-07   7.378056397863e-20  -1.633674513873e-16   6.119923480445e-01   7.247366081413e-33   5.529301514750e-38  -4.226229277628e-16   1.000000000000e+00   0.000000000000e+00   1.703359022816e-37   0.000000000000e+00   6.250598589784e-01   0.000000000000e+00   0.000000000000e+00   0.000000000000e+00   2.333933173537e-01   0.000000000000e+00   0.000000000000e+00   0.000000000000e+00   0.000000000000e+00   0.000000000000e+00  -4.628710573858e-22   0.000000000000e+00  -1.157560949218e-02  -1.046947109906e-02  -1.003012630232e-01  -1.153104257553e-02  -5.273011892971e-08  -1.710541289781e-01  -3.210079153961e-01  -4.160194833806e-02  -1.902408797127e-07  -1.640126608418e-01  -1.260802975648e-01  -2.892489499351e-02  -1.322701865895e-07  -4.711945712267e-02   3.434084951321e-02  -5.046620651474e-03  -2.307761032034e-08  -7.196415167194e-02  -4.090242603466e-08   1.605050389114e-01  -3.290837104695e-07  -2.690583240960e-01  -1.863001249356e-03  -4.357766563435e-02  -8.202184649693e-02  -3.605840310883e-02  -2.177750977871e-02   1.137580316189e-02  -1.554311279096e-06  -1.076635193922e-03  -3.311080707019e-02  -7.236845922881e-02  -3.373049796089e-02  -1.338414236389e-02  -5.621827411731e-03  -7.502945258401e-03  -1.076613462622e-03  -3.311074767505e-02  -7.236905669943e-02  -3.373090906096e-02  -1.338420469534e-02  -5.620101077467e-03   7.503735319446e-03
  -3.052772866503e-01  -3.156503989293e-01  -1.123549445088e-01  -2.574532471000e-02   2.507671457764e-01  -3.285097391268e-01   6.991844436819e-07   1.032621565920e-17  -1.935853506732e-17   7.247366081413e-33   6.119923480445e-01   3.141588096854e-38   0.000000000000e+00   0.000000000000e+00   1.000000000000e+00   0.000000000000e+00  -3.984887206839e-17   0.000000000000e+00   6.250598589784e-01   8.532496339715e-39   0.000000000000e+00   0.000000000000e+00   2.333933173537e-01   0.000000000000e+00   0.000000000000e+00  -4.628710573858e-22   0.000000000000e+00   0.000000000000e+00   0.000000000000e+00  -1.165131528272e-03  -1.053794261986e-03  -1.153104257553e-02   1.309927399790e-02  -5.307497984969e-09  -1.721728422578e-02  -4.160194833806e-02   8.812102951558e-02  -1.914850765044e-08  -1.650853221264e-02  -2.892489499351e-02   1.583778166133e-01  -1.331352485154e-08  -4.742762368217e-03  -5.046620651474e-03   8.397118330742e-02  -2.322854049247e-09   1.589597968472e-01   7.316587341791e-08   1.615547599532e-02  -4.090242603466e-08  -6.088229326953e-02   8.741045246025e-04   2.044627437355e-02   3.848396084758e-02   1.691829960837e-02   1.137580316189e-02  -2.869401804911e-03   7.292697856044e-07  -4.031876652662e-04  -1.239962159241e-02  -2.710116693202e-02  -1.263168880033e-02  -5.621827411731e-03  -4.774429904187e-04  -2.809767875350e-03  -4.030552693211e-04  -1.239577785800e-02  -2.709303817126e-02  -1.262794968484e-02  -5.620101077467e-03  -4.761933987360e-04   2.809197697313e-03
   3.659644366360e-07   3.783996565406e-07   1.346903807407e-07   3.086332873595e-08  -3.006180323399e-07   6.991844436819e-07   2.547303477980e-01  -8.751244425146e-24  -1.547554131645e-22   5.529301514750e-38   3.141588096854e-38   6.119923480445e-01  -4.030446317318e-22   1.703359022816e-37   0.000000000000e+00   1.000000000000e+00  -3.040227666350e-22   0.000000000000e+00   8.532496339715e-39   6.250598589784e-01   0.000000000000e+00   0.000000000000e+00   0.000000000000e+00   2.333933173537e-01   0.000000000000e+00   0.000000000000e+00  -5.344774591636e-22   0.000000000000e+00   0.000000000000e+00  -5.328011205591e-09  -4.818878813255e-09  -5.273011892971e-08  -5.307497984969e-09   1.425991968722e-02  -7.873264181666e-08  -1.902408797127e-07  -1.914850765044e-08   9.230843249232e-02  -7.549160114758e-08  -1.322701865895e-07  -1.331352485154e-08   1.612892233198e-01  -2.168810166933e-08  -2.307761032034e-08  -2.322854049247e-09   8.447914591933e-02  -4.090242603466e-08   1.690024684195e-02   2.077349676812e-07   1.679043550165e-01  -2.011247919437e-07  -1.194316130795e-07  -2.793637901610e-06  -5.258182965938e-06  -2.311599764008e-06  -1.554311279096e-06   7.292697856044e-07   2.468029306632e-03  -5.380981591577e-04  -1.654865495134e-02  -3.616947960825e-02  -1.685837409244e-02  -7.502945258401e-03  -2.809767875350e-03  -2.122075799319e-03   5.381433569263e-04   1.655034933411e-02   3.617354646020e-02   1.686033591855e-02   7.503735319446e-03   2.809197697313e-03  -2.122906933774e-03
   3.123728312480e-01   6.159247550712e-01   6.750579292640e-01   4.807716831155e-01  -1.368078592257e-01   3.181909155598e-01  -3.814452114445e-07   1.579450275960e-01   1.702974760105e-01  -2.568090992793e-16  -6.990502093245e-17  -6.116051239871e-24   7.543153851937e-01   0.000000000000e+00  -3.984887206839e-17  -3.040227666350e-22   1.000000000000e+00   0.000000000000e+00  -2.806532035135e-17   0.000000000000e+00   8.034172688426e-01   0.000000000000e+00  -1.296432025987e-17  -9.890991409201e-23   0.000000000000e+00   0.000000000000e+00   0.000000000000e+00   0.000000000000e+00   0.000000000000e+00   4.096699335638e-02   4.828459965405e-02   1.061749125087e-01   1.068693084014e-02   4.887009396619e-08   2.795543572657e-01   3.583308298820e-01   3.606743538899e-02   1.649321945604e-07   4.847428671799e-01   6.281109892803e-01   6.322189059323e-02   2.891063655438e-07   4.543811687630e-01   4.327258814562e-01   4.355559574850e-02   1.991746824998e-07   3.537519192391e-02   1.628246176564e-08  -1.024837227577e-01   1.617666455649e-07   1.739463597987e-01   2.855407962030e-02   1.220192724632e-01   2.948664890063e-01   3.365492901611e-01   7.641914610035e-02  -3.585522092143e-02   4.899010074242e-06   2.304633339460e-02   1.055177789455e-01   2.737418061800e-01   3.259472819725e-01   6.102233987251e-02   2.285217395936e-02   3.049873247527e-02   2.304600138842e-02   1.055167481106e-01   2.737404379840e-01   3.259465804852e-01   6.102243428894e-02   2.284516638596e-02  -3.050195708690e-02
   1.882507247817e-01   2.506701127835e-01   1.405589875777e-01   4.310435000800e-02   3.026522936177e-01   1.723465705541e-01  -2.066079540049e-07   2.241164792365e-19  -1.259031270383e-18   1.971949078096e-01   1.405488536860e-32   1.373191498658e-39   0.000000000000e+00   6.250598589784e-01   0.000000000000e+00   0.000000000000e+00   0.000000000000e+00   1.000000000000e+00   0.000000000000e+00   0.000000000000e+00   0.000000000000e+00   6.943342744408e-01   0.000000000000e+00   0.000000000000e+00   0.000000000000e+00   0.000000000000e+00   0.000000000000e+00   0.000000000000e+00   0.000000000000e+00  -1.018264489615e-01  -1.238444292862e-01  -1.666445294203e-01  -2.470483427574e-02  -1.129723388814e-07  -4.928024779592e-01  -3.657326040332e-01  -6.358019852443e-02  -2.907448661132e-07  -4.740290282380e-01  -1.480706575386e-01  -6.182455357338e-02  -2.827165055846e-07  -1.791266305925e-01   1.505614246103e-01  -1.717053356572e-02  -7.851885647604e-08  -4.143680380831e-02  -3.115665846942e-08   4.551106685312e-02  -1.894856929517e-07  -7.201413010565e-02  -8.258173345072e-02  -2.392420289612e-01  -2.957856802805e-01  -1.453667389439e-01  -1.557287625493e-01   9.356241459629e-02  -1.278372298087e-05  -6.455975655156e-02  -2.004489619869e-01  -2.660492135534e-01  -1.364058064851e-01  -1.182766237584e-01  -5.777575969118e-02  -7.710808790054e-02  -6.455976455247e-02  -2.004499200864e-01  -2.660517545926e-01  -1.364074975120e-01  -1.182795752036e-01  -5.775888320404e-02   7.711736247016e-02
  -4.378379342540e-01  -5.830144053236e-01  -3.269153775276e-01  -1.002531043997e-01   1.723465705541e-01  -2.409407181739e-02   4.805336069055e-07   5.896817470164e-18  -4.547228594662e-18   1.405488536860e-32   1.971949078096e-01   0.000000000000e+00  -2.117010293141e-17   0.000000000000e+00   6.250598589784e-01   8.532496339715e-39  -2.806532035135e-17   0.000000000000e+00   1.000000000000e+00   0.000000000000e+00  -2.254816302587e-17   0.000000000000e+00   6.943342744408e-01   2.775938424916e-39   0.000000000000e+00   0.000000000000e+00   0.000000000000e+00   0.000000000000e+00   0.000000000000e+00  -1.024924054126e-02  -1.246543858099e-02  -2.470483427574e-02   7.631194702455e-02  -1.137111907086e-08  -4.960254616992e-02  -6.358019852443e-02   2.595385810614e-01  -2.926463703018e-08  -4.771292315013e-02  -6.182455357338e-02   4.599348658464e-01  -2.845655033906e-08  -1.802981389424e-02  -1.717053356572e-02   3.194228015879e-01  -7.903237864572e-09   2.540206728582e-01   1.169204085844e-07   4.580871435900e-03  -3.115665846942e-08  -5.975649241356e-02   3.874665509952e-02   1.122503487651e-01   1.387801546216e-01   6.820485186549e-02   9.356241459629e-02  -2.155023160926e-04   5.998015354368e-06  -2.417689637225e-02  -7.506586209030e-02  -9.963241204080e-02  -5.108242695015e-02  -5.777575969118e-02   1.436607527777e-02  -2.887610409659e-02  -2.416944817468e-02  -7.504308587140e-02  -9.960265715008e-02  -5.106731668877e-02  -5.775888320404e-02   1.437859350207e-02   2.887067678315e-02
   5.248772835521e-07   6.989138980370e-07   3.919040400199e-07   1.201827730953e-07  -2.066079540049e-07   4.805336069055e-07   3.767536089262e-01   2.058570784689e-23  -1.486219533521e-24   1.373191498658e-39   0.000000000000e+00   1.971949078096e-01  -1.615150675309e-22   0.000000000000e+00   8.532496339715e-39   6.250598589784e-01   0.000000000000e+00   0.000000000000e+00   0.000000000000e+00   1.000000000000e+00  -1.720288316793e-22   0.000000000000e+00   2.775938424916e-39   6.943342744408e-01   0.000000000000e+00   0.000000000000e+00   0.000000000000e+00   0.000000000000e+00   0.000000000000e+00  -4.686858704578e-08  -5.700300337814e-08  -1.129723388814e-07  -1.137111907086e-08   7.879858769209e-02  -2.268266847186e-07  -2.907448661132e-07  -2.926463703018e-08   2.659381830800e-01  -2.181856580366e-07  -2.827165055846e-07  -2.845655033906e-08   4.661577551583e-01  -8.244824565487e-08  -7.851885647604e-08  -7.903237864572e-09   3.211510846669e-01  -3.115665846942e-08   2.625399067517e-02   2.288916665507e-07   2.608340228488e-01  -1.532030507680e-07  -5.294075696582e-06  -1.533711340511e-05  -1.896196308721e-05  -9.319040513887e-06  -1.278372298087e-05   5.998015354368e-06   4.368319524669e-02  -3.226671982503e-02  -1.001836258550e-01  -1.329703811157e-01  -6.817510126217e-02  -7.710808790054e-02  -2.887610409659e-02  -2.535886128760e-03   3.227008543441e-02   1.001945420859e-01   1.329855043647e-01   6.818304913469e-02   7.711736247016e-02   2.887067678315e-02  -2.545005100475e-03
   2.536177348705e-01   5.826065317983e-01   8.517568800249e-01   8.057198466072e-01  -4.592498818501e-02   1.068134105772e-01  -1.280472257074e-07   7.194213528220e-02   7.611738684957e-02   0.000000000000e+00  -6.187900043062e-18   8.838872591943e-23   4.176890115920e-01   0.000000000000e+00   0.000000000000e+00   0.000000000000e+00   8.034172688426e-01   0.000000000000e+00  -2.254816302587e-17  -1.720288316793e-22   1.000000000000e+00   1.290917759689e-16   1.613647199611e-17   1.231115112008e-22   0.000000000000e+00  -1.010376281221e-38   0.000000000000e+00   0.000000000000e+00   0.000000000000e+00   5.833578345893e-02   6.978097863283e-02   5.335696839239e-02   5.370592897850e-03   2.455909778945e-08   3.583926830749e-01   1.976165590277e-01   1.989089935933e-02   9.095877341241e-08   6.450490000812e-01   4.817959314623e-01   4.849469311479e-02   2.217606013206e-07   7.508735133674e-01   5.516677509799e-01   5.552757202390e-02   2.539211400461e-07   7.731558734852e-03   3.558674953901e-09  -2.239871725847e-02   3.535552045103e-08   3.801750391603e-02   1.037570442471e-01   2.729111385400e-01   5.043473580605e-01   6.057183744345e-01   9.378129375505e-02  -4.400139464356e-02   6.012047063155e-06   9.575992663288e-02   2.549540428987e-01   4.811760847245e-01   5.904044099676e-01   8.412589579065e-02   3.150419353160e-02   4.204580151009e-02   9.575941022037e-02   2.549528761618e-01   4.811745631344e-01   5.904033934471e-01   8.412668402217e-02   3.149477919686e-02  -4.205057592027e-02
   9.911825361396e-02   1.931781927299e-01   1.951554541191e-01   1.005128810731e-01   2.027318535051e-01   4.008509444800e-02  -4.805375194510e-08  -3.449141016416e-18   0.000000000000e+00   5.657041005734e-02   0.000000000000e+00   0.000000000000e+00   0.000000000000e+00   2.333933173537e-01   0.000000000000e+00   0.000000000000e+00   0.000000000000e+00   6.943342744408e-01   0.000000000000e+00   0.000000000000e+00   1.290917759689e-16   1.000000000000e+00   2.083085827849e-33   1.589268362312e-38   1.007615800472e-17   0.000000000000e+00   0.000000000000e+00  -7.687498477720e-23   0.000000000000e+00  -8.792661056875e-02  -1.063399837853e-01  -9.486712583412e-03  -7.887220712413e-03  -3.606734460187e-08  -4.726867794251e-01  -5.555096252963e-03  -2.623425533514e-02  -1.199662038184e-07  -6.324017880588e-01   1.495511726526e-01  -4.754387749348e-02  -2.174126318752e-07  -3.971790180679e-01   4.202831178271e-01  -2.937164001596e-02  -1.343130997096e-07  -5.749118749286e-04  -4.858146770716e-09  -2.666669098953e-02  -2.629005256075e-09   4.725044505752e-02  -1.953186778858e-01  -4.359514830346e-01  -5.567098968226e-01  -3.640345108920e-01  -7.631645135564e-02   7.955321204498e-02  -1.086960217316e-05  -1.746513411477e-01  -3.945916819857e-01  -5.146030437044e-01  -3.437878520611e-01  -6.103903081607e-02  -5.518598124913e-02  -7.365174453405e-02  -1.746529401223e-01  -3.945956172014e-01  -5.146089034548e-01  -3.437922619824e-01  -6.104300272215e-02  -5.517029280596e-02   7.366117957773e-02
  -2.305315501946e-01  -4.492983543403e-01  -4.538971150788e-01  -2.337752073251e-01   4.008509444800e-02   1.267358016144e-01   1.117645390698e-07   1.093389270449e-18  -2.329573505372e-18   0.000000000000e+00   5.657041005734e-02   8.050903271470e-40   0.000000000000e+00   0.000000000000e+00   2.333933173537e-01   0.000000000000e+00  -1.296432025987e-17   0.000000000000e+00   6.943342744408e-01   2.775938424916e-39   1.613647199611e-17   2.083085827849e-33   1.000000000000e+00   1.986585452890e-39   0.000000000000e+00  -7.687498477720e-23  -5.817472536421e-18   0.000000000000e+00  -1.007615800472e-17  -8.850166051036e-03  -1.070354592628e-02  -7.887220712413e-03   6.807913270185e-02  -3.630322910001e-09  -4.757782042299e-02  -2.623425533514e-02   2.524422724902e-01  -1.207507963104e-08  -6.365377670183e-02  -4.754387749348e-02   6.171152462834e-01  -2.188345349880e-08  -3.997766136044e-02  -2.937164001596e-02   7.091346877683e-01  -1.351915225175e-08   9.808789050162e-02   4.514780669461e-08  -2.684109415368e-03  -4.858146770716e-09  -1.520379834012e-02   9.164188168867e-02   2.045447709492e-01   2.612036035251e-01   1.708019322006e-01   7.955321204498e-02   5.591163852983e-02   5.099925962728e-06  -6.540494577035e-02  -1.477701081029e-01  -1.927130014895e-01  -1.287446501859e-01  -5.518598124913e-02   6.565800512033e-02  -2.758174271944e-02  -6.538538692176e-02  -1.477260393686e-01  -1.926558020851e-01  -1.287066227153e-01  -5.517029280596e-02   6.566980065282e-02   2.757677439859e-02
   2.763597312448e-07   5.386159610229e-07   5.441289256505e-07   2.802482064321e-07  -4.805375194510e-08   1.117645390698e-07   2.199666508864e-01   5.513809920069e-24  -9.151936146308e-24   0.000000000000e+00   8.050903271470e-40   5.657041005734e-02   0.000000000000e+00   0.000000000000e+00   0.000000000000e+00   2.333933173537e-01  -9.890991409201e-23   0.000000000000e+00   2.775938424916e-39   6.943342744408e-01   1.231115112008e-22   1.589268362312e-38   1.986585452890e-39   1.000000000000e+00   0.000000000000e+00   1.007615800472e-17  -8.876758631013e-23   0.000000000000e+00   0.000000000000e+00  -4.047078183626e-08  -4.894607282606e-08  -3.606734460187e-08  -3.630322910001e-09   6.887301310430e-02  -2.175678489510e-07  -1.199662038184e-07  -1.207507963104e-08   2.550828555223e-01  -2.910813305760e-07  -2.174126318752e-07  -2.188345349880e-08   6.219007282643e-01  -1.828132039458e-07  -1.343130997096e-07  -1.351915225175e-08   7.120910611533e-01  -4.858146770716e-09   9.979872584704e-03   6.677113323615e-08   9.915027189554e-02  -2.388840597534e-08  -1.252131461131e-05  -2.794758664880e-05  -3.568905872597e-05  -2.333719790443e-05  -1.086960217316e-05   5.099925962727e-06   9.323733614867e-02  -8.729007345896e-02  -1.972154160426e-01  -2.571966364070e-01  -1.718238558234e-01  -7.365174453405e-02  -2.758174271944e-02   4.951366828704e-02   8.729996675462e-02   1.972379293419e-01   2.572263606429e-01   1.718439610610e-01   7.366117957773e-02   2.757677439859e-02   4.950467005404e-02
  -1.748511272233e-01  -7.642877722446e-02  -9.275244628597e-03  -7.512168332212e-04  -1.353240544272e-01  -1.879005982582e-01   3.619063308513e-07   1.259224547888e-32   0.000000000000e+00  -5.018117135848e-18   3.405049834480e-16   0.000000000000e+00   0.000000000000e+00   0.000000000000e+00   0.000000000000e+00   0.000000000000e+00   0.000000000000e+00   0.000000000000e+00   0.000000000000e+00   0.000000000000e+00   0.000000000000e+00   1.007615800472e-17   0.000000000000e+00   0.000000000000e+00   1.000000000000e+00   0.000000000000e+00   0.000000000000e+00   0.000000000000e+00   0.000000000000e+00   1.401606611895e-03   1.045087858667e-03   1.743511720281e-02  -1.762323206183e-02   8.931977739457e-09   1.843938289623e-02   3.977959675528e-02  -9.385501478364e-02   2.288982255210e-08   6.945947397777e-03   5.865261061850e-03  -6.658437912413e-02   5.843644031895e-09   6.230578583818e-04  -4.448137915348e-04  -1.103038160397e-02   3.094222031840e-10  -1.816917850905e-01  -1.003873653944e-07  -1.383704842919e-02   5.368138972320e-08   6.929032807964e-02  -7.354395102497e-04  -1.889927148430e-02  -1.481203773547e-02  -2.367513736608e-03  -1.251139406211e-02   3.863528807108e-03  -8.794664228783e-07   2.964199716029e-04   1.087524141008e-02   1.007661861420e-02   1.711945577928e-03   5.577112799681e-03   7.640213446369e-04   3.075770826994e-03   2.963248875429e-04   1.087201312689e-02   1.007374079030e-02   1.711463677006e-03   5.575473654349e-03   7.626544519188e-04  -3.075177929464e-03
  -4.875167667450e-07  -2.130973414381e-07  -2.586107017959e-08  -2.094529257387e-09   3.619063308513e-07  -5.239010670792e-07  -2.651241643201e-01   1.705217873097e-38   0.000000000000e+00   0.000000000000e+00  -1.183584917943e-24  -5.018117135848e-18   0.000000000000e+00   0.000000000000e+00  -4.628710573858e-22   0.000000000000e+00   0.000000000000e+00   0.000000000000e+00   0.000000000000e+00   0.000000000000e+00  -1.010376281221e-38   0.000000000000e+00  -7.687498477720e-23   1.007615800472e-17   0.000000000000e+00   1.000000000000e+00   0.000000000000e+00   0.000000000000e+00   0.000000000000e+00   6.451302403600e-10   4.810321068245e-10   8.931977739457e-09  -8.111605524319e-09  -1.970451275782e-03   8.487262701944e-09   2.288982255210e-08  -4.319950243706e-08  -9.950712920205e-03   3.197074468847e-09   5.843644031896e-09  -3.064739859531e-08  -6.830609632559e-03   2.867805149639e-10   3.094222031840e-10  -5.077054199831e-09  -1.117062864230e-03  -1.003873653944e-07   3.640928394168e-02  -2.500097930603e-08  -2.337110971328e-02   4.265012388508e-08  -4.714689647248e-08  -1.211577544662e-06  -9.495568295260e-07  -1.517744470910e-07  -8.794664228783e-07   2.476796393837e-07   1.207310689583e-03   1.481495700284e-04   5.435404133356e-03   5.036255509241e-03   8.556238633674e-04   3.075770826994e-03   3.818549508943e-04   9.603210468457e-04  -1.481174769400e-04  -5.434356752706e-03  -5.035341720972e-03  -8.554721266060e-04  -3.075177929464e-03  -3.812114943565e-04   9.603729266140e-04
