ARMA_MAT_TXT_FN008
73 73
  -5.078763766871e+01  -1.094980075204e+02  -4.847071579429e+01  -2.564732169316e+01  -8.477717680913e+00  -3.702283051544e+00   4.152356337656e-03  -5.254213280951e-07  -2.111642994094e-09  -4.563364035342e-03   5.763572509063e-07   2.356230322920e-09  -2.599508102502e-03   3.564825145771e-07   1.378648251487e-09  -2.963628466993e-03   6.179539569157e-07   1.468408175225e-09  -2.080148620482e-03   1.266455346344e-06   5.680671915494e-10  -1.369195156406e+00  -1.334830409890e-03   1.161118039004e-06   1.676307570188e-10  -3.066089002290e-08   2.754030944704e-11   1.780364748084e-04   4.194312628986e-10  -3.080194743501e-04  -3.462971887911e-05  -2.477988658678e-05  -1.380821164970e-03   2.892647211024e-06  -7.996989172849e-10  -3.321968114451e-02  -1.527225341298e-01   1.421830548725e-04   1.682769748131e-08  -5.976829747560e-01  -1.534197111280e+00   1.407535430723e-03   1.824222318461e-07  -7.730662247818e-01  -1.091056875327e+00   1.000440612068e-03   1.301201302885e-07   2.050052261602e-04   1.682012718805e-10   6.442947740289e-02   2.655563937044e-08  -1.115998413246e-01   2.473166097119e-04  -9.214088871860e-03  -3.141001127355e-01  -5.377851847171e-01  -4.098359461157e-04  -6.814638616302e-05  -2.218382076644e-09   2.452565838206e-04  -9.126339490147e-03  -3.131384485580e-01  -5.372064151934e-01  -4.070111859044e-04   3.591945559293e-05   6.060636459959e-05   2.452562007979e-04  -9.126268099663e-03  -3.131376745027e-01  -5.372059489889e-01  -4.070086454858e-04   3.592334595521e-05  -6.060542020522e-05
  -1.094980075204e+02  -8.397499723616e+01  -4.786841425464e+01  -2.855522248549e+01  -1.020826999351e+01  -4.513898341825e+00   3.991604325717e-03  -5.975646648825e-07  -1.715777119350e-09  -2.084527061297e-03   4.293700985017e-07   7.353962604669e-10   2.034811719199e-03  -4.453390705337e-08  -1.132207327663e-09   1.740980709336e-03  -1.569947975531e-07  -9.191543201133e-10   1.150491914057e-03  -7.304251600263e-07  -2.344523706041e-10  -1.670919613412e+00   7.825239769809e-04  -7.386213060003e-07  -1.236366492967e-11   3.793307163174e-07   9.246571807970e-11   2.994764753201e-04   4.649906178364e-10  -5.189612483660e-04   3.514409691840e-05   4.072607701446e-05   1.236299341962e-03  -2.325647756733e-06   6.246438451016e-10  -4.058852828199e-02  -1.891378141136e-01   1.717652142033e-04   2.374983777372e-08  -7.321528097548e-01  -1.875264799626e+00   1.717557841289e-03   2.250932106796e-07  -9.443660956824e-01  -1.331162490054e+00   1.219561089666e-03   1.595111599304e-07   2.613500856515e-04  -1.640551105837e-10   8.248171492042e-02   3.433960079978e-08  -1.428586137298e-01  -1.715191474839e-04  -1.141900318543e-02  -3.845788839637e-01  -6.568754556058e-01   3.071834934926e-04   4.256304076844e-05   1.422545360327e-09  -1.703029583836e-04  -1.130839393881e-02  -3.834020906371e-01  -6.561691491672e-01   3.063405242011e-04  -2.243345240638e-05  -3.767839988102e-05  -1.703028068004e-04  -1.130830583558e-02  -3.834011438415e-01  -6.561685802746e-01   3.063396589447e-04  -2.243573354690e-05   3.767764806883e-05
  -4.847071579429e+01  -4.786841425464e+01  -3.160554033476e+01  -2.286430327325e+01  -1.020199814392e+01  -4.772869544975e+00   8.304695642586e-03  -1.369635039421e-06  -2.935328384850e-09  -2.795473442162e-03   6.938418205609e-07   2.700855533384e-10   1.203224499893e-02  -1.436474624109e-06  -5.923796287921e-09   9.383796401211e-03  -1.582648650195e-06  -4.621661625348e-09   5.714663166646e-03  -3.431693173844e-06  -1.458438964955e-09  -1.800102165246e+00   3.668723717913e-03  -3.253280888280e-06  -3.276923193803e-10   1.441063941719e-06   2.163217663408e-10   6.910217179983e-04   7.656275581518e-10  -1.197610587703e-03   1.180679431153e-04   1.220767920000e-04   4.463807789942e-03  -8.870677071743e-06   2.449900601630e-09  -5.251149262193e-02  -2.347308091072e-01   2.087103601273e-04   3.247411004662e-08  -7.984752061105e-01  -2.013855263298e+00   1.841340677937e-03   2.440587270764e-07  -1.021133949462e+00  -1.431691345400e+00   1.310522150175e-03   1.723781019585e-07   3.531005718461e-04  -5.691097695508e-10   1.117436078914e-01   4.682087790673e-08  -1.935306281505e-01  -7.030995778966e-04  -1.460698179577e-02  -4.205511868630e-01  -7.112107085885e-01   1.179302630951e-03   2.224167193708e-04   7.173725580660e-09  -6.977169926687e-04  -1.446835761056e-02  -4.192771410145e-01  -7.104492511797e-01   1.174915369302e-03  -1.160005778000e-04  -1.959093202657e-04  -6.977162440675e-04  -1.446824915847e-02  -4.192761164406e-01  -7.104486379206e-01   1.174911106856e-03  -1.160124060398e-04   1.959048772737e-04
  -2.564732169316e+01  -2.855522248549e+01  -2.286430327325e+01  -1.727952332086e+01  -8.788977333684e+00  -4.461117925440e+00   1.288006752384e-02  -2.142514948686e-06  -5.115116851557e-09  -6.663744783504e-03   1.548709954744e-07   3.462660171981e-09   9.311135002215e-03  -3.961785455689e-06  -1.904425445360e-09   2.974634763257e-03  -2.357574192717e-06   8.644967867265e-11  -7.121403816024e-04   1.252321533616e-06  -3.651814548030e-10  -1.763002820488e+00  -1.253991486429e-03   1.898241843074e-06  -5.024501137179e-10   4.542043009419e-06   1.312733267312e-10   1.710653037878e-03   1.482653371246e-09  -2.959688246825e-03  -1.878549490306e-04  -2.096696177506e-04  -6.946188956454e-03   1.038228141078e-05  -1.943109736354e-09  -7.828967103248e-02  -2.989186281334e-01   2.792549034573e-04   3.170829846458e-08  -7.935275641128e-01  -1.937756078753e+00   1.779539841486e-03   2.286790844047e-07  -1.005541190302e+00  -1.397375674688e+00   1.282078613926e-03   1.658573825572e-07   4.708296040157e-04   3.722956519293e-10   1.475433484507e-01   6.023968796166e-08  -2.555645504159e-01   5.342477123679e-04  -2.071135467470e-02  -4.223651321289e-01  -7.034080851157e-01  -2.021603422444e-03   3.680942368533e-04   9.590107100319e-09   5.309900345823e-04  -2.053843351988e-02  -4.211184304989e-01  -7.026608961902e-01  -2.006441590617e-03  -1.775329429657e-04  -3.067072499584e-04   5.309899474430e-04  -2.053829298939e-02  -4.211174270756e-01  -7.026602944222e-01  -2.006428220651e-03  -1.775476350734e-04   3.066895286969e-04
  -8.477717680913e+00  -1.020826999351e+01  -1.020199814392e+01  -8.788977333684e+00  -5.309642869499e+00  -3.203573241933e+00   1.305664127204e-02  -2.255495907038e-06  -5.848760744572e-09  -1.186033063637e-02  -1.908571102912e-06   8.694515768093e-09   7.643549413745e-03  -1.917260340587e-05   8.676288633611e-09   1.969750363851e-02  -3.248400761599e-05   7.689445433883e-09   1.116579022536e-02  -1.007070674549e-05  -1.973639507593e-09  -1.477751730290e+00   6.848801678474e-04   3.121602076044e-06  -3.502951229550e-09   4.683001918063e-05  -9.494843641001e-11   1.470275059730e-02   8.175180244618e-09  -2.543665992443e-02  -1.992855158660e-02  -2.146328465606e-02  -1.001627987695e-01   1.155019433507e-04  -7.308455305595e-09  -1.861619669938e-01  -4.195780178576e-01   4.167201319499e-04   2.358361297617e-08  -7.152943432309e-01  -1.516953179629e+00   1.411935905805e-03   1.617530677054e-07  -8.686653282673e-01  -1.151468044786e+00   1.063894354261e-03   1.296931316742e-07   5.473627826128e-04  -5.177453128800e-11   1.672117752566e-01   6.274194262640e-08  -2.896861198760e-01  -8.098587990486e-04  -5.634208992854e-02  -3.974857949398e-01  -6.180939003423e-01  -3.193236473226e-02   1.262500188077e-02   3.484639151328e-07  -7.919515191268e-04  -5.604465819919e-02  -3.964461944438e-01  -6.174656387607e-01  -3.179736654734e-02  -6.270718426318e-03  -1.074474146356e-02  -7.919203067597e-04  -5.604440828906e-02  -3.964453568783e-01  -6.174651331765e-01  -3.179723677758e-02  -6.271305111765e-03   1.074428171837e-02
  -3.702283051544e+00  -4.513898341825e+00  -4.772869544975e+00  -4.461117925440e+00  -3.203573241933e+00  -2.087733827972e+00   7.773702372649e-03  -2.743051119207e-06  -2.884550950531e-09  -7.362635076106e-03   1.918618568430e-06   3.906630059250e-09   1.590961082390e-02  -1.655821134508e-05   1.637246885909e-09   7.910198081949e-02  -7.475712877228e-05  -2.397069881699e-09   1.298716311388e-01  -1.104561116306e-04  -3.243789772690e-10  -1.076375539815e+00   8.713315377692e-02  -6.869606254972e-05   1.993855720366e-09   8.789201098879e-05  -5.740949575053e-10   2.596211265325e-02   1.060050134019e-08  -4.492412814102e-02  -3.177890249967e-01  -3.066084519497e-01  -1.564300854952e-01   1.626504116378e-04   2.363693292713e-08  -4.068512012322e-01  -3.538818065710e-01   3.874876008232e-04   7.642693769119e-08  -6.812419860109e-01  -1.009807882807e+00   9.744702899925e-04   1.583929660234e-07  -7.057984978711e-01  -7.817206721386e-01   7.352344350006e-04   1.098552703020e-07   2.952841250196e-04  -1.773082461723e-08   1.089016039518e-01   5.083790168779e-08  -1.881508716536e-01  -5.690893936269e-02  -1.552745592607e-01  -3.979630238807e-01  -5.147392011271e-01  -7.151737575561e-02   7.670933980819e-02   2.147046335619e-06  -5.672476834584e-02  -1.549616850151e-01  -3.972574556006e-01  -5.143121327988e-01  -7.167506150083e-02  -3.858818837933e-02  -6.595158708221e-02  -5.672462365521e-02  -1.549614125280e-01  -3.972568577386e-01  -5.143117769650e-01  -7.167509149393e-02  -3.859199646703e-02   6.594917489175e-02
   4.152356337656e-03   3.991604325717e-03   8.304695642586e-03   1.288006752384e-02   1.305664127204e-02   7.773702372649e-03  -7.270800505776e+00  -3.979706154403e-07  -3.395956278008e-09   4.066604968197e+00   4.127556884676e-06   8.352425011456e-09  -4.056061740955e+00   7.716659112251e-06   1.102567131214e-08  -1.629243557235e+00   6.360823490064e-06   9.083593413583e-09  -3.848367756601e-01   7.229507287359e-06   2.573137316582e-09   4.298146750871e-03  -1.409725427502e-01   6.739698461885e-06   3.160227638493e-10   5.673041348184e-06   2.161093186899e-10   3.303996874334e-03   4.542830420450e-09  -5.725593719464e-03  -1.305532263021e-04  -5.101563164699e-04  -1.146148480168e-02   1.830836515408e-05  -4.996976462377e-09   2.629857791618e-02   1.153461441149e-01  -1.060494180813e-04  -2.448476268195e-08   1.391691224699e-01   2.418608856981e-01  -3.086421257833e-04  -4.872118989124e-08   5.688423497236e-02   1.443286523836e-03  -6.402487409028e-05  -1.182316656108e-08  -2.422213739515e-04  -1.096674399933e-10  -7.280080115714e-02  -3.408570890531e-08   1.260707729540e-01   8.987805911899e-04   6.595078342995e-03   6.278006013717e-02   3.912919173710e-02  -3.499566551937e-03   1.977916517164e-04   3.084836828899e-09   8.968081009926e-04   6.540626290237e-03   6.270172754169e-02   3.915493229505e-02  -3.500004578711e-03  -8.719545493401e-05  -1.537806361337e-04   8.968110972499e-04   6.540582700564e-03   6.270162844259e-02   3.915493139612e-02  -3.500000939278e-03  -8.720193248177e-05   1.537661390785e-04
  -5.254213280951e-07  -5.975646648825e-07  -1.369635039421e-06  -2.142514948686e-06  -2.255495907038e-06  -2.743051119207e-06  -3.979706154403e-07  -7.276521100346e+00  -4.337538088154e-10   4.137761014994e-06   4.083109227845e+00   1.152663368100e-09   7.779787419844e-06  -4.032549202725e+00   1.554317557610e-09   6.664273501737e-06  -1.609834838646e+00   1.133806835403e-09   6.372486583827e-06  -3.740738156168e-01   2.337219110812e-11  -4.301991829474e-06   5.155310993060e-06  -1.338679826061e-01  -2.231351303602e-10   1.197902112498e-03  -1.219638184315e-08   1.128789215586e-04   1.343988400816e-09   6.848026969100e-05   1.432278644216e-07   2.767703401983e-07   7.834129945995e-06  -4.814502076126e-06  -8.310194324374e-10  -2.605889193718e-05  -1.190037659041e-04  -1.244724750948e-02  -1.338806846856e-09  -1.274973199423e-04  -3.152290978875e-04  -1.044495320783e-01  -1.245238056911e-09  -5.230872780143e-05  -6.763710749134e-05  -7.234825689168e-02  -5.721206518664e-10  -1.872772757581e-02  -7.033344005067e-08   7.957209998760e-04  -1.295908918657e-09   2.757494051727e-04  -1.245024527131e-03  -3.595026793611e-03  -2.884277501339e-02  -1.683213565969e-02   1.238243516542e-03   2.907756889412e-05  -4.734639917950e-09   6.225406142777e-04   1.787394098926e-03   1.443620000149e-02   8.438141434226e-03  -6.199136400867e-04   1.308099391830e-04  -5.674506977332e-05   6.226036565673e-04   1.787561843795e-03   1.443760953881e-02   8.438978980831e-03  -6.199734795788e-04   1.308012883885e-04   5.674783737545e-05
  -2.111642994094e-09  -1.715777119350e-09  -2.935328384850e-09  -5.115116851557e-09  -5.848760744572e-09  -2.884550950531e-09  -3.395956278008e-09  -4.337538088154e-10  -7.276519439804e+00   8.352628008274e-09   1.152636418371e-09   4.083107754079e+00   1.097748549978e-08   1.554386290503e-09  -4.032549393838e+00   8.929031852995e-09   1.133819238503e-09  -1.609835862794e+00   3.029990972270e-09   2.283525182599e-11  -3.740734450930e-01  -8.266883976475e-11   1.240697460132e-09  -2.228615894415e-10  -1.338671809700e-01   1.341978716991e-09   1.345284148145e-04   7.789798792930e-09   1.200626828834e-03   8.451647216138e-09  -1.320417401521e-11   1.705923701652e-10   2.692528974551e-09  -8.191383132966e-10   3.445905871993e-07  -1.530086178917e-09  -1.472186026432e-08  -1.324940360899e-09  -1.243943710934e-02  -1.601029505735e-08  -4.291050467322e-08  -1.234448366324e-09  -1.044441422566e-01  -6.296299598624e-09  -8.890897927394e-09  -5.679976358233e-10  -7.234643026435e-02  -1.306304926439e-09   8.748522387672e-04   7.931023599636e-08  -1.872840323169e-02   1.787335736725e-08  -3.605818340119e-08  -1.018940865034e-07  -8.113415072945e-07  -4.733030933244e-07   3.479736711313e-08  -4.504051321598e-09   1.694885646803e-04   1.082525470339e-03   3.076003686010e-03   2.472842523718e-02   1.445628592996e-02  -1.056747916677e-03  -5.691944853355e-05   5.921549188769e-05  -1.082489804792e-03  -3.075877471042e-03  -2.472749922632e-02  -1.445576746116e-02   1.056707464431e-03   5.692200730135e-05   5.922042817680e-05
  -4.563364035342e-03  -2.084527061297e-03  -2.795473442162e-03  -6.663744783504e-03  -1.186033063637e-02  -7.362635076106e-03   4.066604968197e+00   4.137761014994e-06   8.352628008274e-09   1.045296658597e+00  -6.334188902513e-06  -1.565963288032e-08   3.247517823830e+00  -7.975695565879e-06  -2.063735120192e-08   8.922511908944e-01  -1.080760333862e-05  -2.072477810550e-08   9.139824097869e-02  -1.932995523119e-05  -5.816619017142e-09  -6.172087386351e-03   1.688265808678e-02  -1.929307205717e-05  -2.182745441102e-10  -2.214685230482e-05  -8.776056832916e-10  -1.388876738268e-02  -1.452800444306e-08   2.406200924812e-02   6.408138341685e-04   1.676541725570e-03   4.203509621361e-02  -6.365268638658e-05   1.475994333980e-08   3.616110195928e-02   5.081904922729e-02  -9.164088982371e-05   2.112747478904e-08  -1.952802903109e-02  -6.509914276400e-02   3.955672478206e-05   3.137801624892e-08  -1.057919591805e-02  -3.674129371671e-03  -1.084025608228e-05   9.344171518543e-09  -7.768056603140e-05   3.060300629710e-10  -9.986187600306e-03  -1.948771683689e-09   1.737042814266e-02  -2.718936375251e-03   6.279779587708e-03  -7.464633406487e-03  -7.608395840537e-03   1.232868830802e-02  -1.464786775569e-03  -3.366158111889e-08  -2.712415999702e-03   6.271997977044e-03  -7.423711679688e-03  -7.599585028737e-03   1.230977312467e-02   6.930427436238e-04   1.200197240382e-03  -2.712425137842e-03   6.271974746206e-03  -7.423682460374e-03  -7.599579810770e-03   1.230974338875e-02   6.931002200837e-04  -1.200118890773e-03
   5.763572509063e-07   4.293700985017e-07   6.938418205609e-07   1.548709954744e-07  -1.908571102912e-06   1.918618568430e-06   4.127556884676e-06   4.083109227845e+00   1.152636418371e-09  -6.334188902513e-06   1.015590485170e+00  -2.201732748039e-09  -8.088206256146e-06   3.208845101433e+00  -2.920181518894e-09  -1.159115854250e-05   8.511009885101e-01  -2.632734602723e-09  -1.674629595005e-05   6.408855798383e-02   4.987968489450e-11   9.955107388187e-06  -1.463940793496e-05  -2.458578090374e-03   6.876054064760e-10   2.680071020686e-03   3.401188451659e-08  -3.235697855837e-04  -3.703916491186e-09  -1.966315031620e-04  -5.552903397916e-07  -8.991345587937e-07  -3.115267405847e-05  -6.309307251221e-04   2.342690531711e-09  -2.662391807448e-05  -4.981963483823e-05  -1.128151421542e-02   3.881074285647e-09   2.033672247587e-05   6.539471982404e-05   8.160430327661e-03   3.772715688119e-09   1.252199382017e-05   2.957503995645e-06  -3.057423547219e-03   1.726933870707e-09  -2.910849445610e-02   2.120907191267e-07  -2.091228885498e-03   3.827519092435e-09  -1.294266519535e-03   3.625134844704e-03  -1.834991788402e-03  -1.970745443255e-04  -1.308757887451e-03  -4.658218793920e-03   3.017447546598e-04   2.753489031435e-08  -1.812492112110e-03   9.229504009982e-04   1.204357809073e-04   6.756927277918e-04   2.327635818550e-03  -3.642147416752e-04   3.757998735821e-04  -1.812675725740e-03   9.230335073484e-04   1.204510577264e-04   6.757594792834e-04   2.327857093494e-03  -3.641650136897e-04  -3.758191406438e-04
   2.356230322920e-09   7.353962604669e-10   2.700855533384e-10   3.462660171981e-09   8.694515768093e-09   3.906630059250e-09   8.352425011456e-09   1.152663368100e-09   4.083107754079e+00  -1.565963288032e-08  -2.201732748039e-09   1.015594792039e+00  -2.050963872594e-08  -2.920540665342e-09   3.208851423465e+00  -2.031723996443e-08  -2.632875604885e-09   8.511069869643e-01  -7.145356694151e-09   5.134128897305e-11   6.408772225087e-02  -1.694630859757e-09  -2.875534038394e-09   6.867339100786e-10  -2.461167158657e-03  -3.699364942055e-09  -3.902148463618e-04  -2.375295348825e-08   2.671714166357e-03  -2.449029487990e-08  -3.190614680043e-11  -5.591501941356e-10  -8.991144705344e-09   2.310927626349e-09  -6.467231465343e-04  -9.558116612199e-09  -9.802529962058e-09   3.844738184186e-09  -1.130633991330e-02  -7.786295732687e-10   1.133773496370e-08   3.745555712542e-09   8.142393050063e-03  -1.202066451334e-09  -5.054123894123e-10   1.716659895254e-09  -3.063590030990e-03   3.860268807318e-09  -2.442210798218e-03  -1.849742496864e-07  -2.910763878340e-02  -1.074950256371e-07   1.049020779346e-07  -4.943231351763e-08  -4.832109449930e-09  -3.738340464776e-08  -1.310138683723e-07   2.710747677173e-08  -6.013907013036e-04  -3.150775356035e-03   1.535950507760e-03   1.777096142042e-04   1.134665542155e-03   3.972587788414e-03   3.764447880904e-04   8.183173263954e-05   3.150671557122e-03  -1.535879655584e-03  -1.777095022088e-04  -1.134627019086e-03  -3.972429766265e-03  -3.764636920093e-04   8.178928153885e-05
  -2.599508102502e-03   2.034811719199e-03   1.203224499893e-02   9.311135002215e-03   7.643549413745e-03   1.590961082390e-02  -4.056061740955e+00   7.779787419844e-06   1.097748549978e-08   3.247517823830e+00  -8.088206256146e-06  -2.050963872594e-08  -1.644814694084e+00   3.919337668003e-06  -2.597663674925e-08  -1.241337917917e+00   6.654632390323e-06  -2.684054597175e-08  -6.238286336046e-01  -2.139278317801e-05  -5.121651049669e-09   5.306644471647e-03  -2.876996370595e-01  -3.001913544134e-05   2.381934731931e-09  -7.260197262061e-05  -1.846620563493e-09  -3.878080140270e-02  -3.043485394683e-08   6.717414037623e-02   7.128034399309e-03   8.734061302978e-03   1.446462787064e-01  -1.871378087438e-04   2.222302965622e-08   1.976305082870e-01   4.097555309323e-01  -5.075175235364e-04  -2.436299571752e-10   2.841676364547e-01   3.692160634248e-01  -5.924248524645e-04  -2.467665544140e-08   1.154248088023e-01  -1.674802557135e-03  -1.842401271271e-04  -1.969905786858e-09  -6.613015263576e-04   2.442172418547e-09  -1.576598385710e-01  -6.788502445178e-08   2.732147465735e-01  -3.239901145631e-03   4.727079917064e-02   1.370046650348e-01   7.959196068619e-02   3.946986259646e-02  -1.107034452453e-02  -2.956194032821e-07  -3.247920994471e-03   4.708953015807e-02   1.369349893515e-01   7.967437206557e-02   3.936534583987e-02   5.444583172387e-03   9.345185307084e-03  -3.247957092578e-03   4.708933181312e-02   1.369348381353e-01   7.967438236504e-02   3.936521345477e-02   5.445076814929e-03  -9.344737569062e-03
   3.564825145771e-07  -4.453390705337e-08  -1.436474624109e-06  -3.961785455689e-06  -1.917260340587e-05  -1.655821134508e-05   7.716659112251e-06  -4.032549202725e+00   1.554386290503e-09  -7.975695565879e-06   3.208845101433e+00  -2.920540665342e-09   3.919337668003e-06  -1.682092321967e+00  -3.771542070506e-09   5.508143196879e-06  -1.277564542569e+00  -3.718834039218e-09  -1.543883867543e-05  -6.540302707694e-01   3.388657469250e-10   6.352371057217e-06  -2.007216736177e-05  -3.149863154392e-01   1.321443457843e-09   1.570940624365e-02   6.042534689031e-08  -5.667962730713e-04  -6.380335885983e-09  -3.546878362055e-04  -6.149714768480e-06  -6.662022802553e-06  -1.236989716872e-04  -9.012769418366e-03   3.780791577413e-09  -1.686132406594e-04  -4.229308642980e-04  -7.172493833974e-02   6.393959447540e-09  -2.535937262790e-04  -5.347773545563e-04  -2.183149233011e-01   6.645171055339e-09  -9.855666073453e-05  -1.537273252494e-04  -1.776695217637e-01   3.150845274064e-09  -1.306754834901e-01   3.819661967126e-07  -3.549961987639e-03   6.931581694848e-09  -2.643197171569e-03   5.384946933067e-03  -1.972050742171e-02  -6.906693759028e-02  -4.339258018289e-02  -1.634620606560e-02   3.210938633802e-03   1.744620353922e-07  -2.694174318506e-03   9.851613112345e-03   3.462111597029e-02   2.179612177992e-02   8.160491155246e-03  -1.314844616597e-03   2.586530618533e-03  -2.694452192835e-03   9.852540076410e-03   3.462451015630e-02   2.179828533367e-02   8.161263669125e-03  -1.314527656983e-03  -2.586677278535e-03
   1.378648251487e-09  -1.132207327663e-09  -5.923796287921e-09  -1.904425445360e-09   8.676288633611e-09   1.637246885909e-09   1.102567131214e-08   1.554317557610e-09  -4.032549393838e+00  -2.063735120192e-08  -2.920181518894e-09   3.208851423465e+00  -2.597663674925e-08  -3.771542070506e-09  -1.682073184303e+00  -2.646844320283e-08  -3.718010707759e-09  -1.277542736030e+00  -8.272320840695e-09   3.431052239411e-10  -6.540277919299e-01  -6.258567776507e-09  -3.220572197357e-09   1.321261547779e-09  -3.149902135437e-01  -6.373268047339e-09  -7.055156961790e-04  -4.160792021188e-08   1.569021131357e-02  -4.593327236086e-08  -8.403418894641e-10  -1.824468801257e-09  -2.642946132884e-08   3.731995249939e-09  -9.046982523754e-03  -3.474041848498e-08  -6.429431476936e-08   6.339146514057e-09  -7.177692267220e-02  -4.175712290837e-08  -6.808231803347e-08   6.604423855353e-09  -2.183522591950e-01  -1.956864925644e-08  -2.283895711481e-08   3.135568052056e-09  -1.776823522790e-01   6.995146797603e-09  -4.219552280095e-03  -2.918560557746e-07  -1.306727488476e-01  -2.286174668065e-07   1.564307662368e-07  -5.515182789331e-07  -1.942295012517e-06  -1.222681897926e-06  -4.604520273106e-07   1.746116175958e-07  -2.873096246563e-03  -4.694589777854e-03   1.679561286149e-02   5.924131092533e-02   3.729145391645e-02   1.395459731228e-02   2.591021031002e-03   1.645305954071e-03   4.694443990904e-03  -1.679492305473e-02  -5.923911935721e-02  -3.729012511733e-02  -1.395403622143e-02  -2.591167939922e-03   1.644990770181e-03
  -2.963628466993e-03   1.740980709336e-03   9.383796401211e-03   2.974634763257e-03   1.969750363851e-02   7.910198081949e-02  -1.629243557235e+00   6.664273501737e-06   8.929031852995e-09   8.922511908944e-01  -1.159115854250e-05  -2.031723996443e-08  -1.241337917917e+00   5.508143196879e-06  -2.646844320283e-08  -7.673146782263e-01   6.623299587304e-05  -1.827827183106e-08  -5.399883062117e-01   6.915727970367e-05   1.202709448959e-09   7.240613499159e-02  -3.153436528198e-01   2.372719842841e-05   4.222336657978e-09  -1.499429106740e-04  -2.442717287992e-09  -6.828342847947e-02  -4.525193318318e-08   1.182648427164e-01   2.707891555617e-01   2.738342546516e-01   2.873174049993e-01  -3.506355346830e-04  -7.952835477182e-09   4.314614045873e-01   3.826523404461e-01  -5.226526950901e-04  -2.770805923382e-08   3.944360945261e-01   2.877984185276e-01  -5.120191150703e-04  -3.568594295192e-08   1.882793553648e-01   1.206257050404e-02  -1.969169706562e-04  -1.115799153254e-08  -2.933291698661e-04   2.089286664550e-08  -5.480239225116e-02  -2.515236011077e-08   9.480231665901e-02   3.821565923383e-02   1.429247998336e-01   2.140568419697e-01   1.371212858267e-01   1.102482265288e-01  -7.807782985078e-02  -2.172247746949e-06   3.803529818600e-02   1.427044588553e-01   2.140248325485e-01   1.372015873192e-01   1.103827886658e-01   3.912861968405e-02   6.692566120336e-02   3.803510090774e-02   1.427041845117e-01   2.140246939283e-01   1.372015900787e-01   1.103827234155e-01   3.913242709450e-02  -6.692309141592e-02
   6.179539569157e-07  -1.569947975531e-07  -1.582648650195e-06  -2.357574192717e-06  -3.248400761599e-05  -7.475712877228e-05   6.360823490064e-06  -1.609834838646e+00   1.133819238503e-09  -1.080760333862e-05   8.511009885101e-01  -2.632875604885e-09   6.654632390323e-06  -1.277564542569e+00  -3.718010707759e-09   6.623299587304e-05  -7.360234940774e-01  -3.913369018240e-09   7.964450939450e-05  -4.678395867112e-01  -1.790098668715e-09  -5.455705768798e-05   3.922842252390e-05  -2.804312212803e-01  -4.902265072119e-10   2.544939939053e-02   7.270290384549e-08  -6.558730535069e-04  -6.966617819630e-09  -4.404403288640e-04  -2.465689882752e-04  -2.493192340200e-04  -2.888561466412e-04  -5.323595341662e-02   4.592680822975e-10  -3.849544070243e-04  -4.261869339788e-04  -1.092658635611e-01  -7.282498852356e-10  -3.564650617607e-04  -4.409971634695e-04  -2.016321075711e-01   3.476424141157e-10  -1.666175669203e-04  -1.586273421350e-04  -1.720739101576e-01   6.581622907263e-10  -1.020083873299e-01   6.837200576622e-08  -4.640315243634e-04   3.353876563466e-09  -5.899476490428e-04  -1.511251771987e-02  -4.831431650015e-02  -7.236867501227e-02  -4.394653900230e-02  -4.649690768509e-02   1.313837799751e-02   8.461070200668e-07   7.539833263067e-03   2.413571970374e-02   3.619514475830e-02   2.199681899981e-02   2.328670146912e-02  -9.303945027237e-03   1.291856496384e-02   7.540539997048e-03   2.413806371087e-02   3.619871317015e-02   2.199900847637e-02   2.328898470102e-02  -9.302390257677e-03  -1.291936621453e-02
   1.468408175225e-09  -9.191543201133e-10  -4.621661625348e-09   8.644967867265e-11   7.689445433883e-09  -2.397069881699e-09   9.083593413583e-09   1.133806835403e-09  -1.609835862794e+00  -2.072477810550e-08  -2.632734602723e-09   8.511069869643e-01  -2.684054597175e-08  -3.718834039218e-09  -1.277542736030e+00  -1.827827183106e-08  -3.913369018240e-09  -7.359759788913e-01  -3.064856267393e-09  -1.783125262791e-09  -4.677971615419e-01  -8.164086269747e-09  -2.702006922417e-09  -4.856873698009e-10  -2.804089841971e-01  -6.957854437030e-09  -8.478163664177e-04  -4.550854073670e-08   2.542147336470e-02  -6.025167317212e-08  -3.204722991249e-08  -3.327802430180e-08  -5.024750514618e-08   4.354645647288e-10  -5.326441307489e-02  -5.664969505767e-08  -6.669696052602e-08  -7.701105898950e-10  -1.092675555890e-01  -4.443470693808e-08  -5.495988891811e-08   3.058348661507e-10  -2.016127784675e-01  -1.999243208379e-08  -2.236106350597e-08   6.417827266373e-10  -1.720615812937e-01   3.382813138824e-09  -5.418678437938e-04  -1.736179612099e-08  -1.019828442411e-01  -4.902899059291e-08  -4.227459466596e-07  -1.359515781941e-06  -2.036533662979e-06  -1.237554594153e-06  -1.311695864832e-06   8.511884112323e-07  -1.695104476246e-02   1.287480736151e-02   4.133665786771e-02   6.204293606972e-02   3.772099763356e-02   3.989537458391e-02   1.296132249347e-02   5.328853835418e-03  -1.287427283049e-02  -4.133508980437e-02  -6.204067049623e-02  -3.771965655099e-02  -3.989390428066e-02  -1.296212872713e-02   5.327305028858e-03
  -2.080148620482e-03   1.150491914057e-03   5.714663166646e-03  -7.121403816024e-04   1.116579022536e-02   1.298716311388e-01  -3.848367756601e-01   6.372486583827e-06   3.029990972270e-09   9.139824097869e-02  -1.674629595005e-05  -7.145356694151e-09  -6.238286336046e-01  -1.543883867543e-05  -8.272320840695e-09  -5.399883062117e-01   7.964450939450e-05  -3.064856267393e-09  -4.439028117904e-01   2.328908456679e-04  -1.914742047661e-08   2.192124500569e-01  -3.343322456112e-01   1.585356759968e-04  -2.105110546494e-08  -1.294263329484e-04  -1.583166447161e-09  -5.312863636997e-02  -2.969336868913e-08   9.200689221638e-02   1.051942600527e+00   9.967189356371e-01   1.332031678621e-01  -3.655979548031e-04  -6.830300992930e-08   9.007560315862e-01   1.375505632220e-01  -7.210004879436e-04  -1.891318955569e-07   6.733661356146e-01   5.425927132548e-02  -5.806788342687e-04  -1.893574900460e-07   3.661172520896e-01  -2.053897928873e-02  -2.166643642012e-04  -7.928941988789e-08   3.373447479983e-04   1.149757015453e-08  -2.386451441010e-02  -8.494758533297e-08   3.897987252401e-02   2.175642713957e-01   3.720521655647e-01   4.115526394615e-01   2.864987830869e-01   9.760042930891e-02  -2.407730378768e-01  -6.741737941002e-06   2.174760183318e-01   3.722620834930e-01   4.118285456448e-01   2.866263688320e-01   9.864721021784e-02   1.215049294149e-01   2.076582590074e-01   2.174758861792e-01   3.722620189565e-01   4.118285069607e-01   2.866263672434e-01   9.864771771462e-02   1.215170915555e-01  -2.076509628494e-01
   1.266455346344e-06  -7.304251600263e-07  -3.431693173844e-06   1.252321533616e-06  -1.007070674549e-05  -1.104561116306e-04   7.229507287359e-06  -3.740738156168e-01   2.283525182599e-11  -1.932995523119e-05   6.408855798383e-02   5.134128897305e-11  -2.139278317801e-05  -6.540302707694e-01   3.431052239411e-10   6.915727970367e-05  -4.678395867112e-01  -1.783125262791e-09   2.328908456679e-04  -1.431327489717e-01  -1.131996799482e-08  -1.613611867988e-04   1.658246362282e-04  -8.586906280694e-02  -9.517162354759e-09   1.922980462904e-02   4.083510607366e-08  -3.615456901716e-04  -2.194911974937e-09  -2.607221297217e-04  -9.576498853339e-04  -9.091834599742e-04  -2.583338721922e-04  -1.320809109926e-01  -5.763528651523e-09  -7.440508034094e-04  -3.556644150718e-04  -1.713178812451e-01  -1.779296735567e-08  -5.026157378064e-04  -2.630836319672e-04  -1.546200998868e-01  -2.281747056479e-08  -2.567957503722e-04  -8.742173657706e-05  -8.846776337001e-02  -1.091691790038e-08  -3.176544143464e-02  -2.630646225899e-06   2.681508508146e-02  -3.111720439238e-08   1.533479096367e-02  -9.820706433964e-02  -9.801543410698e-02  -6.022389435545e-02  -2.561351093190e-02  -3.225806414650e-02   3.285006287850e-02   1.856165110368e-06   4.916384427817e-02   4.895815703699e-02   2.993777893161e-02   1.263215287044e-02   1.623537476859e-02  -1.690099060050e-02   2.869863422780e-02   4.916870323612e-02   4.896302027092e-02   2.994076311435e-02   1.263342334375e-02   1.623706522962e-02  -1.689762149017e-02  -2.870049148872e-02
   5.680671915494e-10  -2.344523706041e-10  -1.458438964955e-09  -3.651814548030e-10  -1.973639507593e-09  -3.243789772690e-10   2.573137316582e-09   2.337219110812e-11  -3.740734450930e-01  -5.816619017142e-09   4.987968489450e-11   6.408772225087e-02  -5.121651049669e-09   3.388657469250e-10  -6.540277919299e-01   1.202709448959e-09  -1.790098668715e-09  -4.677971615419e-01  -1.914742047661e-08  -1.131996799482e-08  -1.429272818848e-01   1.545382907466e-08  -2.243745062981e-08  -9.506727513598e-09  -8.566719467038e-02  -2.186445537515e-09  -4.808013773414e-04  -2.373630457761e-08   1.921563411626e-02  -3.794768486844e-08  -1.240911648659e-07  -1.175322664418e-07  -2.786298002790e-08  -5.683199791922e-09  -1.319514611497e-01  -6.443123913816e-08  -2.453249180631e-08  -1.777052579740e-08  -1.707709990149e-01  -4.185424696920e-09  -9.566872672796e-09  -2.286087468511e-08  -1.540104805790e-01   1.644314867342e-08   1.007912725779e-09  -1.094200010712e-08  -8.818491247649e-02  -3.135877801017e-08   3.121633909035e-02   2.444447314673e-06  -3.181386424268e-02   1.301605776534e-06  -2.773792908465e-06  -2.764467661749e-06  -1.676773645377e-06  -6.976931815636e-07  -9.145214639157e-07   1.873780832925e-06  -3.366489658045e-02   8.440211984662e-02   8.407210225206e-02   5.146826486619e-02   2.183272252975e-02   2.791498037610e-02   2.883652102473e-02   1.548229500612e-02  -8.439907027785e-02  -8.406909689998e-02  -5.146639479374e-02  -2.183190996300e-02  -2.791412287878e-02  -2.883839541847e-02   1.547883793703e-02
  -1.369195156406e+00  -1.670919613412e+00  -1.800102165246e+00  -1.763002820488e+00  -1.477751730290e+00  -1.076375539815e+00   4.298146750871e-03  -4.301991829474e-06  -8.266883976475e-11  -6.172087386351e-03   9.955107388187e-06  -1.694630859757e-09   5.306644471647e-03   6.352371057217e-06  -6.258567776507e-09   7.240613499159e-02  -5.455705768798e-05  -8.164086269747e-09   2.192124500569e-01  -1.613611867988e-04   1.545382907466e-08  -6.027782427052e-01   1.900533469564e-01  -1.180769089677e-04   1.993825380880e-08   7.051406078346e-05  -7.112056282636e-10   1.859478805125e-02   3.917485980399e-09  -3.217390219381e-02  -5.240235152334e-01  -5.008482517474e-01  -5.711102458656e-02   1.171225974452e-04   4.053525508039e-08  -5.541192874184e-01  -1.459671683413e-01   4.129408352756e-04   1.298719942592e-07  -6.103530933534e-01  -4.577279780471e-01   6.868695635541e-04   1.812367785024e-07  -4.982412788756e-01  -3.451900167637e-01   4.310212955504e-04   1.013580672765e-07  -1.799395914881e-04   1.520417569634e-09   4.342823280882e-02   6.930189128680e-08  -7.360573776429e-02  -1.498481691122e-01  -2.515109771652e-01  -3.735608995927e-01  -3.744681762537e-01  -6.375337913193e-02   1.430922232804e-01   4.012746270247e-06  -1.496786272250e-01  -2.514390742705e-01  -3.733651544099e-01  -3.743310737258e-01  -6.426526666323e-02  -7.220104165255e-02  -1.233958039726e-01  -1.496785485744e-01  -2.514389571417e-01  -3.733648695278e-01  -3.743309084114e-01  -6.426550987071e-02  -7.220826267098e-02   1.233914702940e-01
  -1.334830409890e-03   7.825239769809e-04   3.668723717913e-03  -1.253991486429e-03   6.848801678474e-04   8.713315377692e-02  -1.409725427502e-01   5.155310993060e-06   1.240697460132e-09   1.688265808678e-02  -1.463940793496e-05  -2.875534038394e-09  -2.876996370595e-01  -2.007216736177e-05  -3.220572197357e-09  -3.153436528198e-01   3.922842252390e-05  -2.702006922417e-09  -3.343322456112e-01   1.658246362282e-04  -2.243745062981e-08   1.900533469564e-01  -2.413872809028e-01   1.126952402539e-04  -2.171497793007e-08  -7.205215812143e-05  -7.879450468795e-10  -2.807110377299e-02  -1.432360907955e-08   4.860829577239e-02   7.671899801918e-01   7.313201753437e-01  -5.058377091138e-03  -2.506288501492e-04  -4.065350100095e-08   7.348453316199e-01  -7.949045324381e-03  -6.985765707974e-04  -1.425846270019e-07   5.651681509189e-01  -2.517103296228e-02  -6.365910588750e-04  -1.611234192065e-07   3.070213625989e-01  -3.064809186847e-02  -2.350255046412e-04  -6.967890790866e-08   5.993211039677e-04  -3.856200723560e-08   7.166695270351e-03  -9.955039051738e-08  -1.490009474947e-02   2.332316721003e-01   3.419921306869e-01   3.508122371702e-01   2.427382996921e-01   6.737961753963e-02  -2.169467563360e-01  -6.077902096056e-06   2.333485794003e-01   3.423699472316e-01   3.511851273670e-01   2.428759324138e-01   6.830695363878e-02   1.095601508283e-01   1.873032328411e-01   2.333486343437e-01   3.423700211411e-01   3.511851512729e-01   2.428759397622e-01   6.830740559073e-02   1.095711667819e-01  -1.872967387829e-01
   1.161118039004e-06  -7.386213060003e-07  -3.253280888280e-06   1.898241843074e-06   3.121602076044e-06  -6.869606254972e-05   6.739698461885e-06  -1.338679826061e-01  -2.228615894415e-10  -1.929307205717e-05  -2.458578090374e-03   6.867339100786e-10  -3.001913544134e-05  -3.149863154392e-01   1.321261547779e-09   2.372719842841e-05  -2.804312212803e-01  -4.856873698009e-10   1.585356759968e-04  -8.586906280694e-02  -9.506727513598e-09  -1.180769089677e-04   1.126952402539e-04  -6.844428340323e-03  -7.751926326850e-09   1.118467296746e-02   1.955284655850e-08  -1.734602183356e-04  -2.656714977527e-10  -1.255860879081e-04  -6.966296400521e-04  -6.654787452358e-04  -1.308879857714e-04  -1.138021599830e-01  -1.553255440622e-09  -5.653054869986e-04  -2.525534222602e-04  -1.598091582698e-01  -6.183934229139e-09  -3.505261091573e-04  -2.119491911622e-04  -1.280398460695e-01  -1.246822532837e-08  -1.568822868145e-04  -5.327339022116e-05  -3.288016421988e-02  -6.925433480422e-09  -1.145640267139e-02  -2.979374333475e-06   3.018278560835e-02  -4.035893018392e-08   1.737833711112e-02  -1.069547919295e-01  -9.524467481652e-02  -4.344815644771e-02  -9.121282588173e-03  -2.740741588880e-02   3.283514028715e-02   1.767729756279e-06   5.358785683126e-02   4.763374165947e-02   2.162136652150e-02   4.428278131507e-03   1.381301659318e-02  -1.455140551032e-02   2.738615707003e-02   5.359319181367e-02   4.763849004623e-02   2.162352755606e-02   4.428730073274e-03   1.381445447810e-02  -1.454819251372e-02  -2.738793312959e-02
   1.676307570188e-10  -1.236366492967e-11  -3.276923193803e-10  -5.024501137179e-10  -3.502951229550e-09   1.993855720366e-09   3.160227638493e-10  -2.231351303602e-10  -1.338671809700e-01  -2.182745441102e-10   6.876054064760e-10  -2.461167158657e-03   2.381934731931e-09   1.321443457843e-09  -3.149902135437e-01   4.222336657978e-09  -4.902265072119e-10  -2.804089841971e-01  -2.105110546494e-08  -9.517162354759e-09  -8.566719467038e-02   1.993825380880e-08  -2.171497793007e-08  -7.751926326850e-09  -6.611027129703e-03  -2.547906118007e-10  -2.311710390003e-04  -1.101213701686e-08   1.118159935804e-02  -1.907142455581e-08  -9.023170810927e-08  -8.588628822479e-08  -3.790070105808e-09  -1.483139915274e-09  -1.136664748707e-01  -4.893336277680e-08   2.694233275719e-09  -6.153173459464e-09  -1.592327902412e-01   3.510305624966e-09   7.493914297804e-09  -1.250335200086e-08  -1.273529050455e-01   2.291036686938e-08   1.189993805419e-08  -6.951304955792e-09  -3.252835972011e-02  -4.065038187340e-08   3.518627972191e-02   2.734015344431e-06  -1.155319802421e-02   1.478262565852e-06  -3.021126493133e-06  -2.685437441442e-06  -1.203850420236e-06  -2.330080493582e-07  -7.747990878598e-07   1.782188663376e-06  -3.052905343773e-02   9.201574651799e-02   8.176633429947e-02   3.710456285354e-02   7.689447889180e-03   2.374453001882e-02   2.749295942559e-02   1.629138455587e-02  -9.201248759449e-02  -8.176344042133e-02  -3.710321727387e-02  -7.689139312229e-03  -2.374379587035e-02  -2.749474963623e-02   1.628808964002e-02
  -3.066089002290e-08   3.793307163174e-07   1.441063941719e-06   4.542043009419e-06   4.683001918063e-05   8.789201098879e-05   5.673041348184e-06   1.197902112498e-03   1.341978716991e-09  -2.214685230482e-05   2.680071020686e-03  -3.699364942055e-09  -7.260197262061e-05   1.570940624365e-02  -6.373268047339e-09  -1.499429106740e-04   2.544939939053e-02  -6.957854437030e-09  -1.294263329484e-04   1.922980462904e-02  -2.186445537515e-09   7.051406078346e-05  -7.205215812143e-05   1.118467296746e-02  -2.547906118007e-10   1.134220072157e+00   9.194675309891e-09  -1.241169213671e-04  -1.566879826861e-09   1.333496354814e-05   9.407662475088e-05   1.080618551092e-04   3.366876472397e-04   5.524830122676e-02   5.280037441213e-09   2.875632254403e-04   2.350255295064e-04   8.781436939785e-02   8.757733342986e-09   1.963509810832e-04   1.332978193376e-04   6.015832983791e-02   6.745362359500e-09   9.651575377370e-05   4.071593519628e-05   2.707966324031e-02   2.202991603204e-09   5.619790011294e-02   3.461499723034e-07  -3.495895334340e-03   4.163655401804e-09  -2.076334213849e-03   1.729197084684e-02   4.166031222289e-02   2.411910218207e-02   7.171240137925e-03   4.001903086451e-02  -1.605749426718e-02  -8.117583266783e-07  -8.635595869226e-03  -2.083261013320e-02  -1.200798652664e-02  -3.515921622829e-03  -2.002890829045e-02   5.652746178769e-03  -1.250757884751e-02  -8.636425850383e-03  -2.083465177391e-02  -1.200918502511e-02  -3.516278244767e-03  -2.003084937142e-02   5.651260694031e-03   1.250834175929e-02
