ARMA_MAT_TXT_FN008
73 73
  -9.743931248105e+01  -1.399577961788e+02  -5.731512565324e+01  -3.021401184433e+01  -9.984266826332e+00  -4.349733590334e+00   5.111887494976e-03  -3.332688981771e-06   1.066022187778e-10  -3.079090431820e-03   2.007409350477e-06  -6.421069950382e-11   2.652059998071e-04  -1.729007366311e-07   5.530549731190e-12   7.810208867396e-05  -5.091856396151e-08   1.628724410481e-12   1.648728751421e-05  -1.074886751555e-08   3.438224007579e-13  -1.603668714220e+00   5.937803916723e-06  -3.871144212118e-09   1.238257048431e-13   6.928108790291e-10  -1.617059229641e-14   2.752024701193e-07   1.015428793702e-14  -4.763311880656e-07   0.000000000000e+00   4.930372473839e-09  -1.064063778086e-05   9.751489660530e-09   1.272547434717e-12  -3.767839097393e-02  -1.757725103177e-01   1.610846946460e-04   2.102119239284e-08  -7.005795318761e-01  -1.800460087325e+00   1.650010932574e-03   2.153227369031e-07  -9.055961432181e-01  -1.278056235759e+00   1.171259931721e-03   1.528468012744e-07   2.367378768188e-04  -2.831224398335e-11   7.457172127145e-02   3.089376336050e-08  -1.291617930941e-01   0.000000000000e+00  -1.060821962937e-02  -3.678466784195e-01  -6.297592226942e-01  -3.303840199307e-05   1.607222908514e-05   4.517926803161e-10   0.000000000000e+00  -1.050566821041e-02  -3.667188000805e-01  -6.290814307669e-01  -3.237256910220e-05  -7.894851341008e-06  -1.351775670129e-05   0.000000000000e+00  -1.050558596801e-02  -3.667178925492e-01  -6.290808848466e-01  -3.237201768692e-05  -7.895499993995e-06   1.351704107215e-05
  -1.399577961788e+02  -1.242383064260e+02  -6.961090779229e+01  -4.070147949675e+01  -1.434101772058e+01  -6.330954758082e+00   3.359927545661e-02  -2.190500773340e-05   7.006721718222e-10  -2.827851807342e-02   1.843614627605e-05  -5.897142246460e-10   3.760143612031e-03  -2.451421162537e-06   7.841323821566e-11   1.161726452972e-03  -7.573861814166e-07   2.422639732242e-11   2.504181573188e-04  -1.632598202820e-07   5.222167196789e-12  -2.345436379998e+00   9.061606416143e-05  -5.907703541970e-08   1.889688203692e-12   5.000645755528e-08  -1.167178608001e-12   1.986386336799e-05   7.329272442717e-13  -3.438115084390e-05   0.000000000000e+00   1.256453832086e-08  -2.598471388303e-05   2.381358271862e-08   3.107696644619e-12  -5.779883553484e-02  -2.664746405336e-01   2.442093585600e-04   3.186947517447e-08  -1.027035601017e+00  -2.630163068400e+00   2.410399299842e-03   3.145583822836e-07  -1.325416550154e+00  -1.868526758736e+00   1.712401556690e-03   2.234692641430e-07   3.656599437573e-04  -4.373264946061e-11   1.151809561953e-01   4.771886496545e-08  -1.994989330683e-01   0.000000000000e+00  -1.615774483884e-02  -5.396790393362e-01  -9.220518143068e-01  -6.075094312879e-05   2.955424998776e-05   8.307742836987e-10   0.000000000000e+00  -1.600278056609e-02  -5.380284254846e-01  -9.210603263887e-01  -5.955265376442e-05  -1.452371672107e-05  -2.486785991117e-05   0.000000000000e+00  -1.600265628483e-02  -5.380270973267e-01  -9.210595277991e-01  -5.955166036383e-05  -1.452491512952e-05   2.486655217018e-05
  -5.731512565324e+01  -6.961090779229e+01  -6.218225084432e+01  -4.677339655438e+01  -2.055835054627e+01  -9.585243639994e+00   1.258098858896e-01  -8.202160570125e-05   2.623612705337e-09  -1.009264712679e-01   6.579889308871e-05  -2.104699249168e-09   4.973673718733e-02  -3.242580674484e-05   1.037199379590e-09   1.804497276841e-02  -1.176439856721e-05   3.763060390477e-10   4.186699389585e-03  -2.729513695160e-06   8.730854203647e-11  -3.626183346747e+00   1.541039674723e-03  -1.004678985887e-06   3.213651488587e-11   2.590286475228e-06  -6.045873093901e-11   1.028929045235e-03   3.796492733174e-11  -1.780910594108e-03  -9.644303963686e-07   1.515848386521e-07  -2.653351621925e-04   2.431896857510e-07   3.174659055852e-11  -1.090597980681e-01  -4.773880555668e-01   4.375387042689e-04   5.711484909183e-08  -1.604706733410e+00  -4.046187032610e+00   3.708401024770e-03   4.840665985664e-07  -2.055894550078e+00  -2.884148324438e+00   2.643365736932e-03   3.450420355532e-07   7.020961147464e-04  -8.409672008339e-11   2.211363724123e-01   9.165014771205e-08  -3.830187869739e-01   0.000000000000e+00  -2.972494865288e-02  -8.461602773512e-01  -1.432579008864e+00  -2.413572597206e-04   1.174529397586e-04   3.301621260583e-09   0.000000000000e+00  -2.944977443843e-02  -8.436010443770e-01  -1.431044939397e+00  -2.370335137314e-04  -5.782602963898e-05  -9.901104709978e-05   0.000000000000e+00  -2.944955369180e-02  -8.435989848951e-01  -1.431043703683e+00  -2.370299117967e-04  -5.783088696228e-05   9.900598736881e-05
  -3.021401184433e+01  -4.070147949675e+01  -4.677339655438e+01  -4.204909349686e+01  -2.349557523425e+01  -1.189150146965e+01   1.404738026657e-01  -9.158172882944e-05   2.929410919420e-09  -4.065626942800e-02   2.650580657257e-05  -8.478372279328e-10   1.604703001970e-01  -1.046184216483e-04   3.346413640938e-09   7.646574285505e-02  -4.985175024810e-05   1.594600400899e-09   2.045928058597e-02  -1.333840368177e-05   4.266535026715e-10  -4.658482695240e+00   7.797939226394e-03  -5.083857218270e-06   1.626165725371e-10   2.057394879025e-05  -4.802074389020e-10   8.172506665932e-03   3.015452069022e-10  -1.414529385595e-02  -4.462778868429e-05   2.153340961832e-06  -3.354208409517e-03   3.076216248285e-06   4.023828551800e-10  -1.906112058537e-01  -7.623277222863e-01   6.989647236344e-04   9.135272664634e-08  -2.100149108234e+00  -5.154233431146e+00   4.725270388514e-03   6.173389563293e-07  -2.657190754009e+00  -3.694487067938e+00   3.386928565576e-03   4.424522582593e-07   1.211838415011e-03  -1.479780095619e-10   3.815289931149e-01   1.583999195531e-07  -6.608264349964e-01  -3.856500666587e-06  -5.075404416733e-02  -1.114311996292e+00  -1.856852653439e+00  -1.262832993402e-03   6.157799670519e-04   1.730968554009e-08  -3.768547812399e-06  -5.031315855985e-02  -1.111008204742e+00  -1.854879687012e+00  -1.243797643885e-03  -3.040484449066e-04  -5.205958751647e-04  -3.768477705621e-06  -5.031280464476e-02  -1.111005545233e+00  -1.854878097315e+00  -1.243781628733e-03  -3.040746898924e-04   5.205704788955e-04
  -9.984266826332e+00  -1.434101772058e+01  -2.055835054627e+01  -2.349557523425e+01  -2.190838764637e+01  -1.486709923625e+01   7.883062550387e-02  -5.139353268260e-05   1.643917162957e-09   6.873275186564e-02  -4.481023595580e-05   1.433338243586e-09   3.960810265509e-01  -2.582245487893e-04   8.259793056411e-09   4.232917183929e-01  -2.759568553464e-04   8.831295493939e-09   2.082648820629e-01  -1.357059268973e-04   4.380267719053e-09  -6.871122329590e+00   9.508059063990e-02  -6.192407257218e-05   2.015046531164e-09   1.693984387789e-04  -3.953923045220e-09   6.728970272226e-02   2.482469692861e-09  -1.164676455029e-01  -3.853638463806e-02  -3.646804321725e-02  -2.517746477677e-01   2.355738301326e-04   3.211528457456e-08  -8.121727169299e-01  -2.110954229320e+00   1.952237751288e-03   2.618141351146e-07  -3.407328051616e+00  -7.219500317523e+00   6.644864065057e-03   8.789905549072e-07  -4.064201928464e+00  -5.352696007573e+00   4.921983155648e-03   6.490392621209e-07   3.305554259184e-03  -1.453455200614e-09   1.032577729952e+00   4.427386256641e-07  -1.788451633167e+00  -6.766122387869e-03  -2.379982327607e-01  -1.877366683009e+00  -2.884166416781e+00  -7.143141623420e-02   3.761828953508e-02   1.057202867597e-06  -6.695648747209e-03  -2.365313746039e-01  -1.872413068683e+00  -2.881251434743e+00  -7.092598687387e-02  -1.873500210228e-02  -3.207169024850e-02  -6.695591592468e-03  -2.365301870794e-01  -1.872409064564e+00  -2.881249078349e+00  -7.092552760599e-02  -1.873674186848e-02   3.207033544189e-02
  -4.349733590334e+00  -6.330954758082e+00  -9.585243639994e+00  -1.189150146965e+01  -1.486709923625e+01  -1.378328451135e+01   3.863589594407e-02  -2.518862647900e-05   8.057047882413e-10   5.311371541151e-02  -3.462742368779e-05   1.107622168518e-09   3.379424354154e-01  -2.203208366810e-04   7.047556651106e-09   6.545760041826e-01  -4.260517313001e-04   1.399898369437e-08   6.647078124973e-01  -4.204573555655e-04   1.870619115875e-08  -8.443796997409e+00   4.023393880962e-01  -2.474756374475e-04   1.319174998120e-08   2.399030549136e-04  -5.603886525695e-09   9.531147301328e-02   3.494134988388e-09  -1.649687488733e-01  -6.062464855814e-01  -6.549953341934e-01  -8.667431120400e-01   8.895456396150e-04   1.304605565192e-07  -2.370684980867e+00  -3.145596717941e+00   3.091743238597e-03   4.605146918476e-07  -4.891550744709e+00  -7.525231084910e+00   7.108337467953e-03   1.000673788864e-06  -5.439019558012e+00  -6.228090165736e+00   5.817668754631e-03   7.983647077969e-07   3.243445827986e-03  -1.248548730104e-08   1.002133654578e+00   4.800771098003e-07  -1.735229894670e+00  -2.285105009808e-01  -9.916505885580e-01  -2.967771062821e+00  -3.997738775977e+00  -5.437311407881e-01   3.424343420282e-01   9.619819935914e-06  -2.275050279194e-01  -9.883625237826e-01  -2.961906320309e+00  -3.994226144199e+00  -5.427558422707e-01  -1.715552499758e-01  -2.935922637826e-01  -2.275041793404e-01  -9.883597549282e-01  -2.961901469990e+00  -3.994223259491e+00  -5.427545406584e-01  -1.715718834456e-01   2.935810619473e-01
   5.111887494976e-03   3.359927545661e-02   1.258098858896e-01   1.404738026657e-01   7.883062550387e-02   3.863589594407e-02  -3.675012668288e+01   1.150121761032e-05   1.685693436508e-10   2.941675739983e+01  -6.739187856438e-06  -9.877393098313e-11  -1.183930105405e+01   7.752283187123e-06   1.136225166146e-10  -4.325508902021e+00   3.027976058120e-06   4.437999125910e-11  -1.009208679376e+00   7.264392523152e-07   1.064716729767e-11   1.488484817846e-02  -3.720283689633e-01   2.694602757287e-07   3.949385482820e-12  -1.208888566308e-05   1.716498984505e-11  -1.021851308068e-02   3.155636209368e-10   1.769866316856e-02   2.410631683683e-06  -3.192875901519e-07   5.375097400395e-04  -5.119447409227e-07  -6.683332234759e-11   8.059277228980e-02   3.159931790205e-01  -3.209253451050e-04  -4.189832563760e-08   3.694857439788e-01   6.469429274354e-01  -8.512149537482e-04  -1.111428786974e-07   1.504436209561e-01   9.729992706314e-03  -1.931173407656e-04  -2.522625636263e-08  -6.077205755417e-04   7.892564980447e-11  -1.754173575197e-01  -7.934050281726e-08   3.038311695991e-01   1.205365508978e-07   1.797169663212e-02   1.650860375713e-01   1.026419032260e-01   3.200824552049e-04  -1.634117947667e-04  -4.593532341024e-09   1.174462966640e-07   1.783970752581e-02   1.648930128452e-01   1.027151416171e-01   3.150282169141e-04   8.061222906563e-05   1.380260632144e-04   1.174437647997e-07   1.783959043604e-02   1.648927562315e-01   1.027151400176e-01   3.150237619532e-04   8.061907835220e-05  -1.380191431591e-04
  -3.332688981771e-06  -2.190500773340e-05  -8.202160570125e-05  -9.158172882944e-05  -5.139353268260e-05  -2.518862647900e-05   1.150121761032e-05  -3.673431172150e+01  -2.684448332569e-10  -6.739187856438e-06   2.940749055528e+01   1.572964030010e-10   7.752283187123e-06  -1.182864113408e+01  -1.809426130453e-10   3.027976058120e-06  -4.321345227700e+00  -7.067464990248e-11   7.264392523152e-07  -1.008209775685e+00  -1.695549728604e-11  -9.704159093569e-06   2.694602757287e-07  -3.716578426417e-01  -6.289353113897e-12   1.706355530154e-02   2.433412323469e-11   1.016132009643e-05   1.716498984505e-11   1.259466511592e-05  -2.208360837273e-09   2.924557815768e-10  -5.116124606636e-07  -2.104637927610e-05   6.079628684050e-14  -7.373259592311e-05  -3.203358120188e-04  -3.414563325907e-02   3.765597342685e-11  -3.368244083519e-04  -8.466164820772e-04  -2.817259492427e-01   9.625130632046e-11  -1.356126004837e-04  -1.899267372434e-04  -2.009326956700e-01   1.926194949504e-11  -5.537845447175e-02   6.625511085577e-09   1.605087826689e-04   7.756759219738e-11  -3.795098931529e-04  -5.863743246071e-08  -8.677187979092e-03  -7.855658696863e-02  -4.702422558573e-02  -1.627941807214e-04   6.353573159087e-05   2.226980163183e-09   2.864212396456e-08   4.317970738205e-03   3.933349452118e-02   2.358742208268e-02   8.030681943763e-05   4.213037458406e-06   3.354569409236e-05   2.864434764885e-08   4.318370757809e-03   3.933733602649e-02   2.358976311285e-02   8.031364311326e-05   4.216892145234e-06  -3.354733983187e-05
   1.066022187778e-10   7.006721718222e-10   2.623612705337e-09   2.929410919420e-09   1.643917162957e-09   8.057047882413e-10   1.685693436508e-10  -2.684448332569e-10  -3.673430618559e+01  -9.877393098313e-11   1.572964030010e-10   2.940748731149e+01   1.136225166146e-10  -1.809426130453e-10  -1.182863740265e+01   4.437999125910e-11  -7.067464990248e-11  -4.321343770236e+00   1.064716729767e-11  -1.695549728604e-11  -1.008209426026e+00   3.104054702297e-10   3.949385482820e-12  -6.289353113897e-12  -3.716577129416e-01   1.716498984505e-11  -7.083628100007e-06   7.481503058883e-10   1.706323463656e-02   1.456147488510e-10  -2.878403303012e-13   3.810221061150e-14  -6.665276569164e-11   6.067055622410e-14  -2.104683982301e-05  -9.570917498486e-09  -4.158214504836e-08   3.743671749866e-11  -3.414591315143e-02  -4.323619563676e-08  -1.086930614370e-07   9.455614530632e-11  -2.817266213701e-01  -1.679088119451e-08  -2.353030213332e-08   1.808928615766e-11  -2.009327982382e-01   7.720764007424e-11   5.076445251223e-05   3.231848323578e-08  -5.537903461853e-02  -4.272360447717e-08  -1.648306683764e-12  -2.439123993492e-07  -2.208101235379e-06  -1.321626486413e-06  -4.576136521928e-09   2.226963331704e-09  -1.568757807477e-05   4.904174234185e-08   7.393483529528e-03   6.735178037330e-02   4.039363192693e-02   1.375045222930e-04   3.354603280514e-05   4.205942327090e-05  -4.903892420753e-08  -7.393169566647e-03  -6.734925827912e-02  -4.039218271558e-02  -1.374976288036e-04  -3.354767852187e-05   4.205472772564e-05
  -3.079090431820e-03  -2.827851807342e-02  -1.009264712679e-01  -4.065626942800e-02   6.873275186564e-02   5.311371541151e-02   2.941675739983e+01  -6.739187856438e-06  -9.877393098313e-11  -2.693701114915e+01   2.022806977047e-05   2.964757780640e-10   2.494554977005e+00   2.320022993204e-05   3.400376958089e-10  -5.812485533016e-01   1.537124104919e-05   2.252909300630e-10  -3.721875078162e-01   4.706361802321e-06   6.897950694798e-11   2.388246253194e-02  -1.609958974984e-01   1.848607775330e-06   2.709440077218e-11  -5.036850934066e-05   1.783728046253e-10  -3.954321331306e-02   8.720567058917e-10   6.848752231004e-02   1.249923258155e-04  -5.155616631871e-06   7.755631328379e-03  -7.481196790440e-06  -9.788226001122e-10   8.433001294406e-02   2.441292523323e-01  -2.563836221456e-04  -3.365342810229e-08   1.690461506531e-01   2.418010402398e-01  -3.337374121429e-04  -4.399984400769e-08   7.760684971445e-02   1.359142031930e-02  -9.444439297239e-05  -1.250259476136e-08  -5.556101422365e-04   7.970238718192e-11  -1.545905176433e-01  -7.290595606589e-08   2.677579623859e-01   9.488832679307e-06   1.904527072717e-02   8.165002950228e-02   5.420194649468e-02   1.905611188496e-03  -9.852464366734e-04  -2.769543917089e-08   9.287792408303e-06   1.893470425737e-02   8.157077611676e-02   5.422999341843e-02   1.882229215326e-03   4.877486571604e-04   8.351275940140e-04   9.287626222930e-06   1.893460363946e-02   8.157066489611e-02   5.422998834517e-02   1.882207973315e-03   4.877914785685e-04  -8.350880861711e-04
   2.007409350477e-06   1.843614627605e-05   6.579889308871e-05   2.650580657257e-05  -4.481023595580e-05  -3.462742368779e-05  -6.739187856438e-06   2.940749055528e+01   1.572964030010e-10   2.022806977047e-05  -2.690919616876e+01  -4.721344297237e-10   2.320022993204e-05   2.526456881035e+00  -5.415063053179e-10   1.537124104919e-05  -5.601120448182e-01  -3.587733386746e-10   4.706361802321e-06  -3.657159382245e-01  -1.098491092129e-10  -1.557014308628e-05   1.848607775330e-06  -1.584539352846e-01  -4.314753644537e-11   6.188769484111e-02  -2.154302341010e-09   6.214445503573e-05   1.783728046253e-10   5.562439940191e-05  -1.144307241408e-07   4.717667562589e-09  -7.464827970524e-06  -4.009540771293e-04   8.418345301409e-13  -7.684923917088e-05  -2.543477868589e-04  -3.511792460784e-02   2.233666192685e-11  -1.516892824605e-04  -3.254198637427e-04  -1.212032207868e-01   6.113251062850e-13  -6.729565287499e-05  -8.904177718880e-05  -8.901393817184e-02  -1.433689295598e-11  -6.970560685486e-02   8.353626391292e-09   1.410601750449e-04   5.891525831364e-11  -3.716348738472e-04  -4.589334230097e-06  -9.025381769850e-03  -3.636740673728e-02  -2.132089365874e-02  -9.728466891769e-04   3.615730902917e-04   1.333910011086e-08   2.251904036762e-06   4.498003092481e-03   1.820970554348e-02   1.068748867627e-02   4.815928734053e-04   6.653255193944e-06   2.016357435452e-04   2.252087127702e-06   4.498425524665e-03   1.821148884058e-02   1.068855026787e-02   4.816351606883e-04   6.676754760327e-06  -2.016462073385e-04
  -6.421069950382e-11  -5.897142246460e-10  -2.104699249168e-09  -8.478372279328e-10   1.433338243586e-09   1.107622168518e-09  -9.877393098313e-11   1.572964030010e-10   2.940748731149e+01   2.964757780640e-10  -4.721344297237e-10  -2.690918643233e+01   3.400376958089e-10  -5.415063053179e-10   2.526468048065e+00   2.252909300630e-10  -3.587733386746e-10  -5.601046461370e-01   6.897950694798e-11  -1.098491092129e-10  -3.657136728986e-01   4.980398135056e-10   2.709440077218e-11  -4.314753644537e-11  -1.584530454892e-01   1.783728046253e-10   1.644444787987e-06   4.994960952397e-09   6.188436259839e-02   1.513179523451e-09  -1.488511106888e-11   6.126741315575e-13  -9.699252013188e-10   8.356382106487e-13  -4.009598498559e-04  -9.848742242558e-09  -3.254387166507e-08   2.156329371844e-11  -3.511799213167e-02  -1.847946412611e-08  -3.952767708208e-08  -2.492418770860e-12  -1.212027306266e-01  -7.240965332634e-09  -9.621740867359e-09  -1.633090238547e-11  -8.901350376108e-02   5.742372491483e-11   6.426736792289e-05   3.254749639173e-08  -6.970586790791e-02  -3.956028438645e-08  -1.290071331370e-10  -2.536938006867e-07  -1.022066395382e-06  -5.989501182251e-07  -2.734667907517e-08   1.333900213326e-08  -1.129558893500e-04   3.855825534222e-06   7.702134130153e-03   3.118676533267e-02   1.831095183334e-02   8.246155843183e-04   2.016425898744e-04   2.341451127426e-04  -3.855618101233e-06  -7.701816839585e-03  -3.118560507593e-02  -1.831029524248e-02  -8.245765823026e-04  -2.016530534644e-04   2.341178624902e-04
   2.652059998071e-04   3.760143612031e-03   4.973673718733e-02   1.604703001970e-01   3.960810265509e-01   3.379424354154e-01  -1.183930105405e+01   7.752283187123e-06   1.136225166146e-10   2.494554977005e+00   2.320022993204e-05   3.400376958089e-10  -1.827996472146e+01   9.613496652130e-05   1.409016745293e-09  -1.219580913083e+01   1.044936933894e-04   1.531448595108e-09  -4.218991719828e+00   4.658322461741e-05   6.821784135844e-10   1.671904211064e-01  -1.732371660493e+00   2.034521128162e-05   2.977260259076e-10  -2.676255538008e-04   1.350516218493e-09  -1.986773596391e-01   2.964758861815e-09   3.440940517579e-01   1.215094580842e-02   6.737988003641e-03   1.921688533170e-01  -1.916258511013e-04  -2.547407737419e-08   7.725444383847e-01   2.119108449407e+00  -2.242411004948e-03  -2.964852800229e-07   1.779232194546e+00   2.676622822611e+00  -3.658653063128e-03  -4.829111766115e-07   7.792167623671e-01   8.420553701294e-02  -9.517335853070e-04  -1.263108845667e-07  -4.308519250944e-03   9.335161367339e-10  -1.183471426268e+00  -5.696884054487e-07   2.049821291030e+00   1.574542793022e-03   1.869760097387e-01   8.437137557256e-01   5.419279685973e-01   4.012187111866e-02  -2.165664070026e-02  -6.087286982778e-07   1.553585103876e-03   1.859616762925e-01   8.428840059667e-01   5.422586342290e-01   3.979103331291e-02   1.076575539711e-02   1.843190645340e-02   1.553567293832e-03   1.859607446902e-01   8.428828369345e-01   5.422586070142e-01   3.979071226152e-02   1.076673524892e-02  -1.843109385714e-02
  -1.729007366311e-07  -2.451421162537e-06  -3.242580674484e-05  -1.046184216483e-04  -2.582245487893e-04  -2.203208366810e-04   7.752283187123e-06  -1.182864113408e+01  -1.809426130453e-10   2.320022993204e-05   2.526456881035e+00  -5.415063053179e-10   9.613496652130e-05  -1.814777256281e+01  -2.243843733214e-09   1.044936933894e-04  -1.205212295679e+01  -2.438956936369e-09   4.658322461741e-05  -4.154935184728e+00  -1.087393827705e-09  -1.089988722671e-04   2.034521128162e-05  -1.704394456130e+00  -4.749621006824e-10   2.941247456810e-01  -1.994876279615e-08   4.048529678855e-04   1.350516218493e-09   3.074196756728e-04  -1.109910454674e-05  -6.164965045038e-06  -1.895483568719e-04  -1.546950643873e-02   9.330568666359e-12  -7.028872576123e-04  -2.218478280620e-03  -3.175387981632e-01   6.114244639577e-11  -1.605924880972e-03  -3.595246176377e-03  -1.301480120320e+00  -8.394077140148e-11  -6.861594439164e-04  -9.122761129234e-04  -9.489620348829e-01  -1.963556575050e-10  -5.820570866182e-01   6.830724459895e-08   1.100408512302e-03   2.166075993539e-10  -2.920707989048e-03  -7.459542258054e-04  -8.755307370417e-02  -3.834261364900e-01  -2.259968359043e-01  -2.047220975641e-02   7.008900932993e-03   2.852811740310e-07   3.689103043311e-04   4.364665842988e-02   1.919897757646e-01   1.133158758892e-01   1.017362396030e-02  -5.729583748755e-04   4.329148209581e-03   3.689426512985e-04   4.365076956201e-02   1.920085652183e-01   1.133271286474e-01   1.017454932217e-02  -5.724464340236e-04  -4.329386585058e-03
   5.530549731190e-12   7.841323821566e-11   1.037199379590e-09   3.346413640938e-09   8.259793056411e-09   7.047556651106e-09   1.136225166146e-10  -1.809426130453e-10  -1.182863740265e+01   3.400376958089e-10  -5.415063053179e-10   2.526468048065e+00   1.409016745293e-09  -2.243843733214e-09  -1.814772628990e+01   1.531448595108e-09  -2.438956936369e-09  -1.205207266023e+01   6.821784135844e-10  -1.087393827705e-09  -4.154912760308e+00   3.486937556393e-09   2.977260259076e-10  -4.749621006824e-10  -1.704384661377e+00   1.350516218493e-09   1.261806804991e-04   3.361775973843e-08   2.940995162304e-01   1.145676082898e-08  -1.436146791997e-09  -8.025107846891e-10  -2.445298911311e-08   8.643258151158e-12  -1.546936392322e-02  -8.961192563546e-08  -2.834493502361e-07   5.205800921288e-11  -3.175366949890e-01  -1.994674290327e-07  -4.486319918695e-07  -1.077725046480e-10  -1.301472978429e+00  -7.825211007514e-08  -1.052202925333e-07  -2.109650434722e-10  -9.489565953458e-01   1.993237929029e-10   5.635992189184e-04   2.615327451379e-07  -5.820541567800e-01  -3.066020616044e-07  -2.097064248559e-08  -2.461095929023e-06  -1.077659844049e-05  -6.350064051615e-06  -5.755006283974e-07   2.853135022979e-07  -3.140067283466e-03   6.317057495493e-04   7.474066152667e-02   3.287912768548e-01   1.941084633395e-01   1.742085312945e-02   4.329833141500e-03   4.311844673875e-03  -6.316757946157e-04  -7.473760316261e-02  -3.287790265121e-01  -1.941015030920e-01  -1.742008403504e-02  -4.330071542304e-03   4.311282417401e-03
   7.810208867396e-05   1.161726452972e-03   1.804497276841e-02   7.646574285505e-02   4.232917183929e-01   6.545760041826e-01  -4.325508902021e+00   3.027976058120e-06   4.437999125910e-11  -5.812485533016e-01   1.537124104919e-05   2.252909300630e-10  -1.219580913083e+01   1.044936933894e-04   1.531448595108e-09  -1.290220387573e+01   2.570054651405e-04   3.642668862727e-09  -7.164466894396e+00   2.401744813261e-04   2.140473049674e-09   4.706590263783e-01  -3.487947637414e+00   1.321972952687e-04   6.723492708763e-10  -4.258667452048e-04   2.973735347771e-09  -2.928067057341e-01   1.317566093105e-09   5.071005375863e-01   5.261053397335e-01   5.630687507688e-01   1.341838175899e+00  -1.498279840230e-03  -2.097897639790e-07   2.669019160600e+00   4.275620747899e+00  -4.982608691428e-03  -6.977103158760e-07   3.699661588708e+00   4.117763997744e+00  -6.209288149583e-03  -8.569090774208e-07   1.745309419501e+00   1.059763852973e-01  -1.915930162652e-03  -2.680271544058e-07  -6.777564738085e-03   1.158746854225e-08  -1.667266859429e+00  -9.410408354754e-07   2.887506202976e+00   1.091650359499e-01   8.427020350275e-01   1.929497582774e+00   1.252386993307e+00   4.791123554509e-01  -3.102016493399e-01  -8.715391707236e-06   1.085044547251e-01   8.400470332065e-01   1.928318230380e+00   1.253128389004e+00   4.779311478990e-01   1.551714177124e-01   2.655835713648e-01   1.085038439060e-01   8.400443517008e-01   1.928316158645e+00   1.253128351568e+00   4.779294242548e-01   1.551862382834e-01  -2.655730542870e-01
  -5.091856396151e-08  -7.573861814166e-07  -1.176439856721e-05  -4.985175024810e-05  -2.759568553464e-04  -4.260517313001e-04   3.027976058120e-06  -4.321345227700e+00  -7.067464990248e-11   1.537124104919e-05  -5.601120448182e-01  -3.587733386746e-10   1.044936933894e-04  -1.205212295679e+01  -2.438956936369e-09   2.570054651405e-04  -1.254849246857e+01  -6.023488860040e-09   2.401744813261e-04  -6.830320647587e+00  -5.878523609733e-09  -3.047147316811e-04   1.321972952687e-04  -3.302361867976e+00  -3.333845262354e-09   3.971282120293e-01  -4.915015265382e-08   7.971355723485e-04   2.973735347771e-09   5.136473529533e-04  -4.802240536107e-04  -5.144806090270e-04  -1.420631122319e-03  -2.188075639201e-01  -2.381008071489e-10  -2.404391314632e-03  -4.787463066011e-03  -1.011063175170e+00  -2.991343503794e-09  -3.295414673380e-03  -5.964485494213e-03  -2.531312649211e+00  -4.644716393108e-09  -1.504175999121e-03  -1.781377925187e-03  -1.937604295484e+00  -2.573302099270e-09  -1.483505539265e+00   4.633900622546e-08   2.979572280411e-03  -2.940406886997e-09  -4.508514256292e-03  -5.046653531475e-02  -3.689545448371e-01  -8.186246865745e-01  -4.754282315779e-01  -2.478755986631e-01   6.828593112136e-02   3.725405390937e-06   2.513766176833e-02   1.842701676899e-01   4.099253166317e-01   2.382855590126e-01   1.238208944382e-01  -3.062042985198e-02   5.683168884254e-02   2.514001163316e-02   1.842878438673e-01   4.099655636270e-01   2.383092404078e-01   1.238326791945e-01  -3.061360256118e-02  -5.683506259179e-02
   1.628724410481e-12   2.422639732242e-11   3.763060390477e-10   1.594600400899e-09   8.831295493939e-09   1.399898369437e-08   4.437999125910e-11  -7.067464990248e-11  -4.321343770236e+00   2.252909300630e-10  -3.587733386746e-10  -5.601046461370e-01   1.531448595108e-09  -2.438956936369e-09  -1.205207266023e+01   3.642668862727e-09  -6.023488860040e-09  -1.254836824203e+01   2.140473049674e-09  -5.878523609733e-09  -6.830198852814e+00   1.078939775268e-08   6.723492708763e-10  -3.333845262354e-09  -3.302292339796e+00   2.973735347771e-09   4.411652136701e-04   6.798780294218e-08   3.970726584873e-01   2.523385937346e-08  -6.228819726353e-08  -6.695758874918e-08  -1.816791380152e-07  -2.545762189515e-10  -2.187906603149e-01  -2.983265618672e-07  -5.998111751208e-07  -3.057723963957e-09  -1.010985740243e+00  -3.910070602588e-07  -7.244723288459e-07  -4.736809799152e-09  -2.531207450932e+00  -1.576750047434e-07  -1.959421918003e-07  -2.623272004332e-09  -1.937547916892e+00  -3.028497342329e-09   3.114360386980e-03   6.476290155408e-07  -1.483438133062e+00  -4.310872277608e-07  -1.418883733137e-06  -1.037296586126e-05  -2.300715950096e-05  -1.335508803215e-05  -6.969060915416e-06   3.728160505808e-06  -6.426784743719e-02   4.304718541177e-02   3.156026181482e-01   7.021495140504e-01   4.082989014408e-01   2.120466445107e-01   5.686636842953e-02   3.352964776469e-02  -4.304539379927e-02  -3.155902506961e-01  -7.021235622933e-01  -4.082842777124e-01  -2.120381781502e-01  -5.686974475988e-02   3.352264698681e-02
   1.648728751421e-05   2.504181573188e-04   4.186699389585e-03   2.045928058597e-02   2.082648820629e-01   6.647078124973e-01  -1.009208679376e+00   7.264392523152e-07   1.064716729767e-11  -3.721875078162e-01   4.706361802321e-06   6.897950694798e-11  -4.218991719828e+00   4.658322461741e-05   6.821784135844e-10  -7.164466894396e+00   2.401744813261e-04   2.140473049674e-09  -8.531447589056e+00   4.813510066923e-04  -1.477757333862e-08   9.031351450592e-01  -6.184371923622e+00   3.370719873204e-04  -1.740497358738e-08  -2.573407643335e-04   2.151632426709e-09  -1.673357867903e-01  -5.410704923135e-10   2.897938851409e-01   1.987588308774e+00   2.165548801035e+00   1.023986972593e+00  -1.881444442387e-03  -2.784702741716e-07   5.306193191391e+00   2.629728233140e+00  -5.025464597952e-03  -7.912557611935e-07   6.140634705371e+00   2.529176376009e+00  -6.745622588539e-03  -1.048212626722e-06   3.599522008254e+00  -6.535373063425e-01  -3.218080790863e-03  -4.988849641094e-07  -1.912855361744e-03   3.269980793365e-09  -3.189429543860e-01  -4.087121408712e-07   5.502271017496e-01   1.181030329322e+00   2.912368535038e+00   4.061899103347e+00   2.807568451043e+00   1.181698268105e+00  -1.135817841592e+00  -3.190538099442e-05   1.179891983319e+00   2.911020018228e+00   4.062858736997e+00   2.809755109346e+00   1.185651740420e+00   5.709269256409e-01   9.770215740438e-01   1.179890122795e+00   2.911016778757e+00   4.062856945932e+00   2.809755404931e+00   1.185652331855e+00   5.709833618797e-01  -9.769861439091e-01
  -1.074886751555e-08  -1.632598202820e-07  -2.729513695160e-06  -1.333840368177e-05  -1.357059268973e-04  -4.204573555655e-04   7.264392523152e-07  -1.008209775685e+00  -1.695549728604e-11   4.706361802321e-06  -3.657159382245e-01  -1.098491092129e-10   4.658322461741e-05  -4.154935184728e+00  -1.087393827705e-09   2.401744813261e-04  -6.830320647587e+00  -5.878523609733e-09   4.813510066923e-04  -7.762704343282e+00  -1.520675878969e-08  -5.176109561372e-04   3.370719873204e-04  -5.576336833997e+00  -1.166517171226e-08   2.106591413662e-01  -3.716746182032e-08   5.477262701638e-04   2.151632426709e-09   3.220887590740e-04  -1.812510595417e-03  -1.977513212639e-03  -1.515012791720e-03  -6.239534958992e-01   7.727992576535e-10  -4.675237466395e-03  -4.145601567571e-03  -1.883679714338e+00  -7.017640784962e-09  -5.271029478490e-03  -5.827938079166e-03  -3.919555323738e+00  -1.659224595663e-08  -2.950174784160e-03  -2.725907408897e-03  -3.761039764768e+00  -1.031771693830e-08  -1.291629308690e+00  -1.393268939947e-06   1.639929105581e-02  -2.088417536771e-08   6.287248075979e-03  -5.513115431159e-01  -1.247494285142e+00  -1.630530974317e+00  -1.009487106156e+00  -7.373019163976e-01   1.274751771126e-02   1.293989118579e-05   2.760594254497e-01   6.247431319342e-01   8.170810084314e-01   5.060422630868e-01   3.699852505354e-01  -3.306558906569e-01   1.983309418218e-01   2.760863698505e-01   6.248043931303e-01   8.171617529966e-01   5.060926243949e-01   3.700217793532e-01  -3.306318925446e-01  -1.983434053871e-01
   3.438224007579e-13   5.222167196789e-12   8.730854203647e-11   4.266535026715e-10   4.380267719053e-09   1.870619115875e-08   1.064716729767e-11  -1.695549728604e-11  -1.008209426026e+00   6.897950694798e-11  -1.098491092129e-10  -3.657136728986e-01   6.821784135844e-10  -1.087393827705e-09  -4.154912760308e+00   2.140473049674e-09  -5.878523609733e-09  -6.830198852814e+00  -1.477757333862e-08  -1.520675878969e-08  -7.762332824287e+00   3.661711950257e-08  -1.740497358738e-08  -1.166517171226e-08  -5.575998945404e+00   2.151632426709e-09   3.692602051564e-04   4.732001851245e-08   2.106189418618e-01   1.831319566400e-08  -2.356335480392e-07  -2.575655796892e-07  -1.889752216274e-07   7.346052007892e-10  -6.238559427394e-01  -5.717339590839e-07  -4.964242908811e-07  -7.182610194643e-09  -1.883152397798e+00  -5.914564650709e-07  -6.802965704799e-07  -1.681966966674e-08  -3.918833297124e+00  -2.842544425775e-07  -2.924179155574e-07  -1.044807074854e-08  -3.760637416809e+00  -2.105375483122e-08   2.012972749115e-02   1.817601476642e-06  -1.291590041194e+00   5.800561536410e-07  -1.549911540487e-05  -3.506996427993e-05  -4.581053516188e-05  -2.833923211946e-05  -2.072944788291e-05   1.295273741427e-05  -4.476963862215e-01   4.727137078549e-01   1.069936616945e+00   1.399516379794e+00   8.670473211538e-01   6.336212481225e-01   1.984911439932e-01  -1.067751026877e-01  -4.726959819601e-01  -1.069896970194e+00  -1.399465519987e+00  -8.670163532749e-01  -6.335982009333e-01  -1.985036199132e-01  -1.067985849850e-01
  -1.603668714220e+00  -2.345436379998e+00  -3.626183346747e+00  -4.658482695240e+00  -6.871122329590e+00  -8.443796997409e+00   1.488484817846e-02  -9.704159093569e-06   3.104054702297e-10   2.388246253194e-02  -1.557014308628e-05   4.980398135056e-10   1.671904211064e-01  -1.089988722671e-04   3.486937556393e-09   4.706590263783e-01  -3.047147316811e-04   1.078939775268e-08   9.031351450592e-01  -5.176109561372e-04   3.661711950257e-08  -8.061726048616e+00   7.838373975050e-01  -3.975060888536e-04   3.698134003272e-08   1.521121559680e-04  -3.560838640497e-09   6.046064692115e-02   2.177207381997e-09  -1.046474769830e-01  -9.903752613432e-01  -1.076192383314e+00  -4.595082135567e-01   6.244174393514e-04   9.773441869756e-08  -3.080854758467e+00  -1.655919056393e+00   2.083858819054e-03   3.496143479926e-07  -5.209380783849e+00  -4.297633091500e+00   4.606629780325e-03   7.260855398903e-07  -6.148519993330e+00  -4.907851660551e+00   4.910819852461e-03   7.258777288848e-07   7.452726369322e-04   4.011447764037e-09   3.045447900070e-01   2.001422386785e-07  -5.260801767297e-01  -8.020796081487e-01  -2.057510779113e+00  -3.926440226760e+00  -4.943984983740e+00  -6.380146245942e-01   5.234049397795e-01   1.470161681199e-05  -8.010349971583e-01  -2.055047525987e+00  -3.922457750327e+00  -4.941033784377e+00  -6.390029709217e-01  -2.631162457357e-01  -4.502267131277e-01  -8.010339962090e-01  -2.055045146895e+00  -3.922454136056e+00  -4.941031214590e+00  -6.390030067233e-01  -2.631423169192e-01   4.502104935835e-01
   5.937803916723e-06   9.061606416143e-05   1.541039674723e-03   7.797939226394e-03   9.508059063990e-02   4.023393880962e-01  -3.720283689633e-01   2.694602757287e-07   3.949385482820e-12  -1.609958974984e-01   1.848607775330e-06   2.709440077218e-11  -1.732371660493e+00   2.034521128162e-05   2.977260259076e-10  -3.487947637414e+00   1.321972952687e-04   6.723492708763e-10  -6.184371923622e+00   3.370719873204e-04  -1.740497358738e-08   7.838373975050e-01  -6.137632705587e+00   2.598077816438e-04  -2.054010243835e-08  -1.230813226604e-04   1.078635604204e-09  -7.881237788463e-02  -4.115873588088e-10   1.364868875432e-01   1.445665270321e+00   1.574766642880e+00   1.799291088532e-01  -9.016258307925e-04  -1.349776765301e-07   4.010364213528e+00   5.122881158078e-01  -2.691261726475e-03  -4.298075125669e-07   5.191635012280e+00   1.657136554068e-01  -4.244048017615e-03  -6.770181809750e-07   3.910662160113e+00  -1.660337284399e+00  -2.935215552229e-03  -4.551570992499e-07   6.952611538764e-05  -3.050772505271e-08   1.025976383842e-02  -1.453970129852e-07  -1.990358460296e-02   1.329287287131e+00   2.991285280535e+00   4.180218688369e+00   3.335825303071e+00   5.157498451841e-01  -8.284227645527e-01  -2.326951522730e-05   1.330004944750e+00   2.993109863312e+00   4.183518674276e+00   3.339197690428e+00   5.198301520786e-01   4.170970543550e-01   7.137477568122e-01   1.330004447634e+00   2.993109017862e+00   4.183518527979e+00   3.339198541512e+00   5.198317370146e-01   4.171387009121e-01  -7.137225862801e-01
  -3.871144212118e-09  -5.907703541970e-08  -1.004678985887e-06  -5.083857218270e-06  -6.192407257218e-05  -2.474756374475e-04   2.694602757287e-07  -3.716578426417e-01  -6.289353113897e-12   1.848607775330e-06  -1.584539352846e-01  -4.314753644537e-11   2.034521128162e-05  -1.704394456130e+00  -4.749621006824e-10   1.321972952687e-04  -3.302361867976e+00  -3.333845262354e-09   3.370719873204e-04  -5.576336833997e+00  -1.166517171226e-08  -3.975060888536e-04   2.598077816438e-04  -5.542920671436e+00  -9.594182444166e-09   9.697947533817e-02  -1.881621313701e-08   2.712842383882e-04   1.078635604204e-09   1.560156568740e-04  -1.317673666334e-03  -1.437857756307e-03  -6.001693357751e-04  -4.593986802262e-01   1.439469123181e-09  -3.496250402366e-03  -1.851553092281e-03  -1.427131603683e+00   1.701547492543e-10  -4.372982202956e-03  -3.253387367960e-03  -3.327717994654e+00  -7.188156903429e-09  -3.150098742351e-03  -2.322715795408e-03  -4.238585869271e+00  -6.313946480557e-09  -5.409595134019e-01  -1.563665762676e-06   1.676103103086e-02  -2.428771691132e-08   8.569334790018e-03  -6.236441584481e-01  -1.302432535031e+00  -1.710565614369e+00  -1.256450160684e+00  -4.532267723312e-01  -1.631578074621e-01   9.195845617046e-06   3.127636154391e-01   6.530684002191e-01   8.578418050836e-01   6.302061544497e-01   2.277937996863e-01  -4.072842035935e-01   1.411772320261e-01   3.127945235063e-01   6.531330107969e-01   8.579269404142e-01   6.302689451361e-01   2.278165645284e-01  -4.072671643239e-01  -1.411862563248e-01
   1.238257048431e-13   1.889688203692e-12   3.213651488587e-11   1.626165725371e-10   2.015046531164e-09   1.319174998120e-08   3.949385482820e-12  -6.289353113897e-12  -3.716577129416e-01   2.709440077218e-11  -4.314753644537e-11  -1.584530454892e-01   2.977260259076e-10  -4.749621006824e-10  -1.704384661377e+00   6.723492708763e-10  -3.333845262354e-09  -3.302292339796e+00  -1.740497358738e-08  -1.166517171226e-08  -5.575998945404e+00   3.698134003272e-08  -2.054010243835e-08  -9.594182444166e-09  -5.542530253783e+00   1.078635604204e-09   1.907811046466e-04   2.350597751060e-08   9.695932011984e-02   9.202312889100e-09  -1.714304215606e-07  -1.873250841656e-07  -7.154411432724e-08   1.417388240047e-09  -4.593165798953e-01  -4.317001147210e-07  -2.050521994023e-07   6.460360502251e-11  -1.426624230487e+00  -4.987035056308e-07  -3.624944458329e-07  -7.357922448846e-09  -3.326924903154e+00  -3.217906751396e-07  -2.491505107935e-07  -6.429488138445e-09  -4.238061861426e+00  -2.442752502068e-08   2.020456000424e-02   1.668281410643e-06  -5.410076140949e-01   7.642303530616e-07  -1.753213307226e-05  -3.661173397429e-05  -4.805839196641e-05  -3.527823385324e-05  -1.274272973547e-05   9.205588623513e-06  -4.903707481450e-01   5.355539775182e-01   1.118341000367e+00   1.469100541644e+00   1.079491871721e+00   3.901251314375e-01   1.413008807629e-01  -2.479216553724e-01  -5.355345476001e-01  -1.118300540716e+00  -1.469047788173e+00  -1.079453472367e+00  -3.901114106569e-01  -1.413099144802e-01  -2.479382415875e-01
   6.928108790291e-10   5.000645755528e-08   2.590286475228e-06   2.057394879025e-05   1.693984387789e-04   2.399030549136e-04  -1.208888566308e-05   1.706355530154e-02   1.716498984505e-11  -5.036850934066e-05   6.188769484111e-02   1.783728046253e-10  -2.676255538008e-04   2.941247456810e-01   1.350516218493e-09  -4.258667452048e-04   3.971282120293e-01   2.973735347771e-09  -2.573407643335e-04   2.106591413662e-01   2.151632426709e-09   1.521121559680e-04  -1.230813226604e-04   9.697947533817e-02   1.078635604204e-09  -1.239788286900e+01   3.235458597393e-08  -4.894257687468e-04  -4.424675149222e-09  -1.171827973687e-04   1.978083138617e-04   1.910738205275e-04   1.415509423206e-03   1.517482971332e-01   4.120225055929e-11   2.215553511498e-03   5.144255376833e-03   9.599100075643e-01   9.758807216907e-10   1.833816528830e-03   2.517908553737e-03   1.363616133598e+00   1.812089644917e-09   3.929724021974e-04   1.284498231080e-04   3.793222894978e-01   9.028992082434e-10   1.710214738198e+00  -2.062341803089e-07  -2.387653516285e-03   1.066652824205e-09   6.900117238453e-03   1.339710844211e-02   2.610374273478e-01   3.668181095436e-01   9.024811438556e-02   1.460011403614e-01  -5.245177952119e-02  -2.276258809850e-06  -6.654810727561e-03  -1.304347116873e-01  -1.839039451618e-01  -4.519643621117e-02  -7.284350012986e-02   8.037262941903e-03  -3.466806530351e-02  -6.655414186808e-03  -1.304471890993e-01  -1.839221238977e-01  -4.520096796506e-02  -7.285031065071e-02   8.033146565754e-03   3.467005736247e-02
