ARMA_MAT_TXT_FN008
73 73
   1.857087604984e-01   3.137829705001e-01  -6.504028889874e-02  -8.913765635804e-02   1.702588776464e-02   2.402608956455e-02  -1.500520536081e-03   1.605946931447e-07   7.904542989122e-10  -3.854880801293e-04   2.280322134819e-08   2.046415220821e-10   1.185544278588e-03  -1.027998856982e-07  -5.908854448192e-10   2.215080270733e-03  -2.333088069675e-07  -1.310682826057e-09   2.235642489941e-05  -2.227916231565e-07  -1.003926374370e-09  -4.986857546612e-03   2.016966713402e-03  -1.250491488354e-07   7.762237575356e-11   2.489005843863e-07  -3.344024116100e-12  -1.974857716487e-05   5.668971584590e-12   3.361638124356e-05  -3.685596714919e-05  -3.343391894788e-05   7.237896388575e-04  -3.057833567664e-06   8.254604879423e-10  -2.752724254025e-05   1.752961902182e-03   3.957843025866e-07   1.173150829964e-09  -3.017024233387e-03  -1.067983347598e-03   4.570045783352e-06   2.060814244396e-09   5.065169929749e-03   1.810827761126e-03  -7.316742230970e-06  -1.341923465750e-09  -3.778772979698e-06   3.836135136172e-10  -3.319019654543e-04  -1.233639056199e-11   5.795079251436e-04  -2.721834311378e-04   8.760397652083e-05  -3.515112963577e-04   1.922414263735e-05   5.260193469117e-05  -7.226761617361e-05  -2.144680966574e-09  -2.697997532118e-04   1.014844581964e-04  -3.501286634259e-04   1.111584552738e-05   5.429465686069e-05   3.657425362409e-05   6.506674237854e-05  -2.697990536385e-04   1.014864067388e-04  -3.501289166880e-04   1.111812340026e-05   5.429568287803e-05   3.657815192128e-05  -6.506492812615e-05
   3.137829705001e-01   5.495307188691e-01  -1.837935708257e-01  -2.445869583099e-01   5.017079282123e-02   6.940144093197e-02  -4.382949250711e-03   4.297533391345e-07   2.289852653564e-09  -1.091966552209e-03   5.288863331634e-08   5.769413383486e-10   3.430001539724e-03  -2.730807987585e-07  -1.699773408689e-09   6.606165336665e-03  -6.199816356565e-07  -3.860899961373e-09   1.350060143388e-04  -5.810408453339e-07  -2.913951300222e-09  -1.407370201052e-02   5.716988681660e-03  -3.513571697186e-07   2.311259562348e-10   7.244237721240e-07  -8.895204136231e-12  -4.679131000340e-05   2.562783052535e-11   7.933478888587e-05  -9.014286045299e-05  -6.788860874719e-05   2.064168716557e-03  -8.785466589574e-06   2.398483339331e-09  -1.587757268957e-04   4.994066117435e-03   1.039434857176e-06   3.414650024927e-09  -8.774953700432e-03  -3.115432565017e-03   1.320482025348e-05   5.931773323424e-09   1.434035451595e-02   5.136969450462e-03  -2.068333358894e-05  -3.820094552987e-09  -1.081755215881e-05   1.088806422168e-09  -9.525466992881e-04  -3.844971446373e-11   1.663206588815e-03  -7.922353072452e-04   2.357763081698e-04  -9.872295625366e-04   5.608887181109e-05   1.475063761596e-04  -2.035915686700e-04  -6.046259410090e-09  -7.853002176574e-04   2.757410052316e-04  -9.831273622619e-04   3.317996527970e-05   1.523372245997e-04   1.030395256116e-04   1.834453613675e-04  -7.852981494404e-04   2.757466972174e-04  -9.831280781318e-04   3.318648604582e-05   1.523401556499e-04   1.030505235513e-04  -1.834402710313e-04
  -6.504028889874e-02  -1.837935708257e-01   3.059737183903e-01   3.960410919644e-01  -1.058779793689e-01  -1.361566047384e-01   9.870901424975e-03  -6.772518720198e-07  -4.955092690549e-09   2.380442277953e-03  -6.332300572068e-08  -1.208285453686e-09  -7.120917301938e-03   4.174005642665e-07   3.417963049868e-09  -1.452572334170e-02   7.183934214691e-07   8.135411900309e-09  -9.870310415708e-04   6.424448716900e-07   5.886921695922e-09   2.484109995860e-02  -1.024699641804e-02   6.117892643739e-07  -5.385767569508e-10  -1.457601083479e-06   1.245973005721e-11   1.297108979934e-05  -1.197859087794e-10  -1.905108419680e-05   3.241207267612e-05  -1.182385308600e-04  -3.819760419082e-03   1.679824532602e-05  -4.809412394186e-09   9.852801867937e-04  -9.144267384999e-03  -1.049548878254e-06  -6.905937554895e-09   1.771720593924e-02   6.375836006631e-03  -2.596818396282e-05  -1.148864450146e-08  -2.570348397228e-02  -9.301170851140e-03   3.673903809946e-05   7.055259545692e-09   2.024731507168e-05  -1.952847851732e-09   1.803214428861e-03   1.029780972779e-10  -3.149035557387e-03   1.604034417260e-03  -3.227990328834e-04   1.695329572309e-03  -1.098412290714e-04  -2.545994501997e-04   3.512982463804e-04   1.048052277050e-08   1.590051764731e-03  -3.999249519595e-04   1.686288570190e-03  -6.926757821187e-05  -2.635365141042e-04  -1.777919076874e-04  -3.178222683821e-04   1.590047320309e-03  -3.999365652596e-04   1.686289847654e-03  -6.927992922507e-05  -2.635419547035e-04  -1.778110162999e-04   3.178136724769e-04
  -8.913765635804e-02  -2.445869583099e-01   3.960410919644e-01   5.366531991626e-01  -2.275701505440e-01  -2.620555460770e-01   1.397596391903e-02  -2.950228347689e-06  -8.023593736864e-09   3.284512366129e-03  -5.391144026570e-07  -1.916569205340e-09  -1.196373901174e-02   2.191931387206e-06   6.372049920952e-09  -2.403216274142e-02   4.014487281052e-06   1.526887702081e-08  -1.604097497535e-03   3.389285579950e-06   1.143201879202e-08   4.397016822365e-02  -1.837014859983e-02  -4.772848122009e-07  -1.174404298473e-09  -2.103673600399e-06   3.274654236624e-11   3.932091682100e-04   1.590159630804e-10  -6.743714444252e-04   4.557393415271e-04   5.185213782296e-04  -8.972588462970e-03   3.624380181202e-05  -9.656248217453e-09  -1.771407482057e-04  -2.027960645971e-02   8.094090107840e-06  -1.466929261504e-08   3.147693627077e-02   1.020459191020e-02  -3.827624666530e-05  -2.228145070002e-08  -4.654724193422e-02  -1.658422751980e-02   7.065850176718e-05   1.359316832681e-08   3.916974234491e-05  -3.384384330155e-09   3.655272830852e-03   1.520545909496e-10  -6.381536981539e-03   3.176664888188e-03  -1.264353918724e-04   3.514610451433e-03  -1.112598627965e-04  -5.564566515665e-04   6.633893219431e-04   1.962577832172e-08   3.146701298935e-03  -2.746533962330e-04   3.496456518380e-03  -3.330649451534e-05  -5.723858137859e-04  -3.356573399521e-04  -5.987326132089e-04   3.146693482323e-03  -2.746745075229e-04   3.496457369222e-03  -3.332987343551e-05  -5.723953885864e-04  -3.356931494279e-04   5.987157337390e-04
   1.702588776464e-02   5.017079282123e-02  -1.058779793689e-01  -2.275701505440e-01   3.817032035028e-01   3.766245463673e-01  -2.208758623733e-02   1.272677585985e-05   1.415460906205e-08  -5.208622691800e-03   2.904597757808e-06   3.366402898475e-09   1.709528720837e-02  -9.256327817299e-06  -1.035570881196e-08   3.560377125088e-02  -1.849125056723e-05  -2.578246541746e-08   4.768393029624e-03  -1.187834219560e-05  -1.864179181429e-08  -4.792860758508e-02   2.100362854411e-02   3.146006169960e-06   2.328687796977e-09   3.059115615884e-06  -4.382947692227e-11  -6.851294005569e-04  -3.583494381485e-10   1.176840417148e-03  -3.051546397290e-04  -1.361468881773e-04   1.413575147976e-02  -5.832750648659e-05   1.437253440237e-08  -1.448517299200e-03   2.999219196127e-02  -3.369459668521e-05   2.283501125827e-08  -4.511433659066e-02  -1.304615818329e-02   3.626488103811e-05   3.118266450463e-08   5.379830242115e-02   1.928496635955e-02  -8.359421466315e-05  -1.743073963916e-08  -5.313722595516e-05   3.758027096113e-09  -5.216929145086e-03  -2.567105045764e-10   9.110471764071e-03  -5.219585661913e-03  -1.442874454220e-03  -4.370993884884e-03   6.042097856303e-05   7.354700294332e-04  -6.674433527259e-04  -1.986390350125e-08  -5.167180757919e-03  -1.229090280357e-03  -4.337888501722e-03  -2.862750212498e-05   7.545292944858e-04   3.376128253316e-04   6.095331827780e-04  -5.167169751679e-03  -1.229060724533e-03  -4.337887293012e-03  -2.859690302197e-05   7.545405720105e-04   3.376492524168e-04  -6.095163852900e-04
   2.402608956455e-02   6.940144093197e-02  -1.361566047384e-01  -2.620555460770e-01   3.766245463673e-01   3.853037952729e-01  -4.765540798817e-02  -3.626523914608e-05   1.368753569463e-08  -1.142228374911e-02  -8.768721469854e-06   3.246113261475e-09   3.642745652414e-02   2.558450253197e-05  -1.025461501261e-08   8.103459692924e-02   6.715364142529e-05  -2.662198634030e-08   1.917831344903e-02   4.835848421779e-05  -1.744458568370e-08  -2.641095665060e-02   1.312837504419e-02  -7.378465995013e-06   2.854033282644e-09   6.471126700663e-06  -5.155982612735e-12   2.409471156831e-03   1.448311371220e-09  -4.183668129883e-03   4.065802850024e-03   7.006269657890e-03   1.481487745096e-03  -3.784285180896e-05   2.471001704440e-08  -1.896080637335e-02   4.709808342881e-03  -3.981780680694e-06   3.643281614480e-08  -6.520929212116e-02  -2.921750474442e-02   9.995502284316e-05   4.067047088902e-08   3.345152125394e-02   1.470781618260e-02  -3.326048218419e-05  -1.378219666557e-08  -3.301886890832e-05   9.481358697150e-10  -3.169792974741e-03  -1.550671292937e-09   5.552882419476e-03  -4.654503130843e-03   4.191428308256e-04   5.903034509257e-04   4.871444674617e-04  -9.952419044648e-05  -1.802459605416e-04  -6.184236834031e-09  -4.603351706927e-03   6.335899663083e-04   6.447089985429e-04   4.477741935476e-04  -8.063916425650e-05   9.129007215895e-05   1.922371192747e-04  -4.603313890643e-03   6.336573450477e-04   6.447102034029e-04   4.478076724808e-04  -8.062679237480e-05   9.130434295481e-05  -1.922389425329e-04
  -1.500520536081e-03  -4.382949250711e-03   9.870901424975e-03   1.397596391903e-02  -2.208758623733e-02  -4.765540798817e-02   1.590606677687e+00   1.183533783621e-05   1.938066549095e-08   4.212373123697e-01   2.624007273739e-06   4.525293812560e-09   9.268528984959e-03  -9.175996046335e-06  -1.591868486639e-08  -1.331095210718e-01  -2.116730959888e-05  -3.170215852433e-08  -3.986110400941e-02  -2.395723600067e-05  -3.700839596741e-08  -5.779352984820e-02   2.027128715017e-02   1.150279931361e-05   1.735335882435e-09  -9.904455036368e-06  -6.180115794664e-10  -8.032599312421e-03  -9.673925220460e-09   1.391703951987e-02  -7.626320975787e-03  -1.273985079085e-02   3.632719267429e-02  -6.561167782293e-05   2.056539583451e-08   3.171399527021e-02   7.084732705976e-02  -9.921720388962e-05   3.987737667673e-08   4.708159536281e-02   4.771639149146e-02  -1.951593580392e-04   2.469110334701e-08   5.197980233129e-02   1.204061481976e-02  -1.254321022417e-04  -1.101145001034e-08  -4.833146000289e-05   5.289275609934e-10  -5.457688570556e-03  -3.559407172877e-10   9.504631714282e-03  -5.060251614369e-03  -1.020720059784e-02  -1.321870352293e-02  -1.006148985162e-03   2.220807029729e-03  -5.045606138338e-04  -1.159035280899e-08  -5.033367679664e-03  -1.015636347068e-02  -1.322044580987e-02  -1.140329133589e-03   2.218068266966e-03   2.547387341633e-04   4.292120457659e-04  -5.033374755398e-03  -1.015636117234e-02  -1.322040352117e-02  -1.140332093741e-03   2.218066383219e-03   2.547631049862e-04  -4.291903515069e-04
   1.605946931447e-07   4.297533391345e-07  -6.772518720198e-07  -2.950228347689e-06   1.272677585985e-05  -3.626523914608e-05   1.183533783621e-05   1.629421056795e+00   2.815885138159e-09   2.853533465744e-06   4.300679943810e-01   6.614090040617e-10  -1.095317622509e-05  -2.131654835995e-02  -2.525984749012e-09  -1.068342918941e-05  -2.022069629762e-01  -4.024297587680e-09   2.562753108393e-05  -1.261578758032e-01  -1.253035546966e-08  -4.696109666499e-04   1.245230236814e-04   1.145055360002e-02   2.697252682527e-09   2.907561857238e-03   2.887177443483e-08  -2.788565313190e-04  -2.445317173659e-09  -1.669673678950e-04   3.449021003015e-06   4.972745845163e-06  -1.995006090183e-05   2.958261887823e-03   3.400450328315e-09  -4.177811653150e-05  -6.308514833437e-05   1.467507255236e-03   6.219386560090e-09   3.725808875362e-04  -7.387072146693e-05  -3.474551877321e-03   2.513720434354e-08   9.675531606310e-04   1.603905174330e-04   9.608304690792e-03   2.430939483691e-09  -7.477247706137e-03   3.902225463559e-08  -3.779542709121e-04   1.017564176539e-09  -2.617022629103e-04   6.410633001827e-03   1.937414116802e-02   2.097053457053e-02  -2.028312327023e-02   1.525842680044e-04  -9.179431871534e-04  -5.201292288423e-08  -3.197887973330e-03  -9.802083146097e-03  -1.069520930370e-02   9.987134585565e-03  -8.814603423294e-05   4.594776993933e-04  -8.226168086120e-04  -3.198208375060e-03  -9.803075041426e-03  -1.069627663444e-02   9.988147566185e-03  -8.816096702759e-05   4.593826617482e-04   8.226677466910e-04
   7.904542989122e-10   2.289852653564e-09  -4.955092690549e-09  -8.023593736864e-09   1.415460906205e-08   1.368753569463e-08   1.938066549095e-08   2.815885138159e-09   1.629417666324e+00   4.587088975733e-09   6.605148180472e-10   4.300667011564e-01  -1.630282960448e-08  -2.518976731722e-09  -2.131137335053e-02  -2.990566949562e-08  -4.052362595993e-09  -2.022164971417e-01  -3.486602654019e-08  -1.255247068040e-08  -1.261831709420e-01   8.158751287888e-08  -2.560461760683e-08   2.687340881523e-09   1.147300218527e-02  -2.435019925074e-09  -3.356387562776e-04  -2.200217705054e-08   2.907133206568e-03  -1.900813611868e-08   3.557670296142e-09   6.033115094159e-09  -8.442704579884e-09   3.341028005943e-09   2.934844583666e-03  -1.891377938524e-08  -1.917521018673e-08   6.100954192134e-09   1.483900648518e-03  -1.350632189446e-08   5.122919075140e-10   2.540042422609e-08  -3.157215881944e-03  -1.214200649783e-07  -3.059191996415e-08   3.273348888276e-09   9.419367975377e-03   1.091790971684e-09  -4.806273594003e-04  -3.618965641385e-08  -7.498326649351e-03  -2.252096962693e-08   1.866025135180e-07   5.414095291277e-07   6.129664397161e-07  -5.682289559212e-07   3.045195182809e-09  -4.997973768213e-08   9.165363599000e-04  -5.566470105868e-03  -1.672027794627e-02  -1.833764040069e-02   1.730984542829e-02  -1.439293813308e-04  -7.968569686332e-04  -4.338756232596e-04   5.566282434092e-03   1.671970893427e-02   1.833703952859e-02  -1.730924195406e-02   1.439326326632e-04   7.969058373996e-04  -4.337758467854e-04
  -3.854880801293e-04  -1.091966552209e-03   2.380442277953e-03   3.284512366129e-03  -5.208622691800e-03  -1.142228374911e-02   4.212373123697e-01   2.853533465744e-06   4.587088975733e-09   1.115904707580e-01   6.289346132602e-07   1.067259517123e-09   3.651294926244e-03  -2.270629152804e-06  -3.840542479456e-09  -3.259560024072e-02  -5.171005698427e-06  -7.547970152298e-09  -9.676480249966e-03  -5.948900041565e-06  -8.896613796919e-09  -1.421128738546e-02   4.960780157430e-03   2.862494272595e-06   4.138117715367e-10  -2.441760719530e-06  -1.490667279298e-10  -1.959850186461e-03  -2.348545811031e-09   3.395564596763e-03  -1.886897135613e-03  -3.158120453425e-03   8.858893687525e-03  -1.587735007886e-05   4.881052709278e-09   7.885572959724e-03   1.728813975309e-02  -2.383528105964e-05   9.518339209848e-09   1.157002938697e-02   1.162921969766e-02  -4.726906751821e-05   5.926804599412e-09   1.281760842099e-02   2.974320348548e-03  -3.100855702216e-05  -2.747755592476e-09  -1.182571550262e-05   1.553036327252e-10  -1.332926979012e-03  -7.546060866849e-11   2.321189809244e-03  -1.206033571272e-03  -2.439852644092e-03  -3.239793042560e-03  -2.516319559169e-04   5.461664595992e-04  -1.318242675821e-04  -3.083810376372e-09  -1.199736553373e-03  -2.427697012423e-03  -3.240496878427e-03  -2.849119924701e-04   5.455520706907e-04   6.655014686168e-05   1.122579662435e-04  -1.199738459111e-03  -2.427696751361e-03  -3.240486702703e-03  -2.849126243572e-04   5.455516330625e-04   6.655651786954e-05  -1.122524043746e-04
   2.280322134819e-08   5.288863331634e-08  -6.332300572068e-08  -5.391144026570e-07   2.904597757808e-06  -8.768721469854e-06   2.624007273739e-06   4.300679943810e-01   6.605148180472e-10   6.289346132602e-07   1.135858776791e-01   1.544888150087e-10  -2.542109967159e-06  -3.490202358264e-03  -6.066257882667e-10  -2.279151325353e-06  -4.846285431718e-02  -9.535434437930e-10   6.195932255099e-06  -3.013563994330e-02  -2.989775831787e-09  -1.124725960321e-04   2.980826408328e-05   2.717871151982e-03   6.443552623054e-10   6.873745641552e-04   6.893406287091e-09  -6.652814004469e-05  -5.824011349547e-10  -3.990206582620e-05   9.374180894147e-07   1.399534281393e-06  -4.829830414340e-06   6.817933391473e-04   8.002220395112e-10  -1.062248645754e-05  -1.525775740320e-05   3.121326334583e-04   1.459764114584e-09   8.885544182528e-05  -1.775583085759e-05  -8.651964819998e-04   6.001876903688e-09   2.320503982017e-04   3.840698048991e-05   2.303462302005e-03   5.837262450968e-10  -1.785345022554e-03   9.023081920044e-09  -8.722465774381e-05   2.400441288333e-10  -6.079054478689e-05   1.511649936865e-03   4.605607242576e-03   5.003972078246e-03  -4.849182508244e-03   3.454117418668e-05  -2.177315516332e-04  -1.236481232565e-08  -7.541468505075e-04  -2.330548258259e-03  -2.552365612123e-03   2.387503459242e-03  -2.011405166872e-05   1.096287441524e-04  -1.956060383143e-04  -7.542224209746e-04  -2.330784124065e-03  -2.552620347940e-03   2.387745636668e-03  -2.011752236641e-05   1.096061497133e-04   1.956181433847e-04
   2.046415220821e-10   5.769413383486e-10  -1.208285453686e-09  -1.916569205340e-09   3.366402898475e-09   3.246113261475e-09   4.525293812560e-09   6.614090040617e-10   4.300667011564e-01   1.067259517123e-09   1.544888150087e-10   1.135854532318e-01  -3.899865389642e-09  -6.055506270960e-10  -3.488615723903e-03  -7.039219467911e-09  -9.617737544885e-10  -4.846426007237e-02  -8.301017054736e-09  -2.995909496363e-09  -3.014115528181e-02   1.953223574055e-08  -6.132421917388e-09   6.421179279632e-10   2.723193845603e-03  -5.798540139655e-10  -8.010774315985e-05  -5.241389886693e-09   6.872622908388e-04  -4.549284518663e-09   8.558645213996e-10   1.449018430096e-09  -2.036823139286e-09   7.856427645914e-10   6.762518454886e-04  -4.538403866251e-09  -4.622002633609e-09   1.430912754494e-09   3.161914439187e-04  -3.239411053537e-09   1.007871204249e-10   6.064706168012e-09  -7.892353411304e-04  -2.902282381781e-08  -7.320042181941e-09   7.856699708180e-10   2.258282573760e-03   2.577564504945e-10  -1.112719958749e-04  -8.364963892256e-09  -1.790383722555e-03  -5.235703309336e-09   4.401314610696e-08   1.286734169813e-07   1.462523483666e-07  -1.358487658861e-07   6.708363307787e-10  -1.187621788372e-08   2.182593944879e-04  -1.312767529644e-03  -3.974713352822e-03  -4.375694676922e-03   4.138210560572e-03  -3.274114741931e-05  -1.893962524379e-04  -1.026858725976e-04   1.312723310226e-03   3.974578133573e-03   4.375551343068e-03  -4.138066304343e-03   3.274197361803e-05   1.894078604590e-04  -1.026621511213e-04
   1.185544278588e-03   3.430001539724e-03  -7.120917301938e-03  -1.196373901174e-02   1.709528720837e-02   3.642745652414e-02   9.268528984959e-03  -1.095317622509e-05  -1.630282960448e-08   3.651294926244e-03  -2.542109967159e-06  -3.899865389642e-09   4.110629114019e-02   7.159526780913e-06   1.183084168305e-08   9.036768754694e-02   1.911936694501e-05   2.650672466220e-08   2.977296091919e-02   1.813379489997e-05   2.831906630738e-08   3.866595584885e-02  -1.435180560073e-02  -7.570138160744e-06  -1.342821952077e-09   7.017118032211e-06   4.502950858935e-10   5.789145498634e-03   6.846375976835e-09  -1.003006189830e-02   5.079819762432e-03   8.512175600457e-03  -2.571471546446e-02   4.665190758521e-05  -1.487789988427e-08  -2.106072486253e-02  -5.013432891129e-02   7.390229341630e-05  -2.864657600023e-08  -3.254441000186e-02  -3.382172863304e-02   1.419952777756e-04  -1.662629064313e-08  -3.417326628454e-02  -7.745790569668e-03   8.216312634608e-05   6.328551864685e-09   3.368926747278e-05  -1.922542587973e-10   3.871415218835e-03   3.964869438286e-10  -6.741539692527e-03   3.834937714666e-03   7.845896330366e-03   9.090709235767e-03   5.669908511001e-04  -1.475111930697e-03   2.526984093292e-04   5.127991669304e-09   3.814128434099e-03   7.811693649530e-03   9.090178147655e-03   6.535539325490e-04  -1.472155342964e-03  -1.278038634056e-04  -2.129193995745e-04   3.814132953800e-03   7.811690817578e-03   9.090146924963e-03   6.535587719379e-04  -1.472153519955e-03  -1.278158894463e-04   2.129070656085e-04
  -1.027998856982e-07  -2.730807987585e-07   4.174005642665e-07   2.191931387206e-06  -9.256327817299e-06   2.558450253197e-05  -9.175996046335e-06  -2.131654835995e-02  -2.518976731722e-09  -2.270629152804e-06  -3.490202358264e-03  -6.055506270960e-10   7.159526780913e-06   6.185606797022e-02   1.996056187504e-09   8.450443206988e-06   1.441149168827e-01   3.725066916077e-09  -1.812931188751e-05   9.275690817361e-02   9.602152806905e-09   3.310489220851e-04  -8.781195698885e-05  -8.918233593773e-03  -2.024144593915e-09  -2.372159161124e-03  -2.116527291414e-08   2.050905845192e-04   1.803429990091e-09   1.225644657631e-04  -2.151272836313e-06  -3.061852856032e-06   1.368774914151e-05  -2.645639028590e-03  -2.666205441653e-09   2.821767059246e-05   4.385926219540e-05  -1.791476355157e-03  -4.986314609754e-09  -2.665226717437e-04   5.216341914559e-05   1.804068848593e-03  -1.831636396474e-08  -6.785004735367e-04  -1.139756068813e-04  -6.859906154496e-03  -1.744783987174e-09   5.505686156792e-03  -3.412895522384e-08   3.335845332737e-04  -7.840243332837e-10   2.239771236270e-04  -5.076812609922e-03  -1.458358674135e-02  -1.547969637349e-02   1.485361372782e-02  -1.582033170251e-04   6.992956243379e-04   3.906042565217e-08   2.533796730250e-03   7.374162639267e-03   7.886099650564e-03  -7.319157455954e-03   8.784612520867e-05  -3.366090776759e-04   6.174204203006e-04   2.534050235370e-03   7.374908033851e-03   7.886886217047e-03  -7.319899156867e-03   8.785942404296e-05  -3.365376641444e-04  -6.174587533825e-04
  -5.908854448192e-10  -1.699773408689e-09   3.417963049868e-09   6.372049920952e-09  -1.035570881196e-08  -1.025461501261e-08  -1.591868486639e-08  -2.525984749012e-09  -2.131137335053e-02  -3.840542479456e-09  -6.066257882667e-10  -3.488615723903e-03   1.183084168305e-08   1.996056187504e-09   6.185000158138e-02   2.483957057965e-08   3.756481503195e-09   1.441171188569e-01   2.625613415009e-08   9.623968002194e-09   9.277226590938e-02  -5.851794013310e-08   1.832735832414e-08  -2.016019806149e-09  -8.934163757835e-03   1.795693781841e-09   2.468533789457e-04   1.644812913169e-08  -2.371258574452e-03   1.363665684292e-08  -2.468982238991e-09  -4.194023568580e-09   5.592425622957e-09  -2.615026186687e-09  -2.630783977666e-03   1.315896961233e-08   1.287714427757e-08  -4.885891306577e-09  -1.805976010327e-03   9.284403113412e-09  -1.012977328461e-09  -1.848812612432e-08   1.571042869782e-03   8.822843766642e-08   2.210767983477e-08  -2.344250442386e-09  -6.720102156174e-03  -8.382644209509e-10   4.181924446433e-04   3.176816606060e-08   5.520277885172e-03   1.913673033210e-08  -1.476223474583e-07  -4.082145216054e-07  -4.526573176949e-07   4.162363046349e-07  -3.623704251192e-09   3.765928313232e-08  -6.807824952074e-04   4.408392316412e-03   1.259061038685e-02   1.353415203030e-02  -1.267756125025e-02   1.456314065046e-04   5.995548273734e-04   3.356095719135e-04  -4.408242917930e-03  -1.259018107090e-02  -1.353370732477e-02   1.267711894391e-02  -1.456325890194e-04  -5.995917315965e-04   3.355346476225e-04
   2.215080270733e-03   6.606165336665e-03  -1.452572334170e-02  -2.403216274142e-02   3.560377125088e-02   8.103459692924e-02  -1.331095210718e-01  -1.068342918941e-05  -2.990566949562e-08  -3.259560024072e-02  -2.279151325353e-06  -7.039219467911e-09   9.036768754694e-02   8.450443206988e-06   2.483957057965e-08   2.135518423456e-01   2.390563053321e-05   5.432383191061e-08   7.008683638263e-02   2.771714607800e-05   6.290012384836e-08   9.219957070205e-02  -3.415609138712e-02  -1.645480699657e-05  -2.817778193408e-09   1.608051493602e-05   1.100671322738e-09   1.366383422030e-02   1.689308444657e-08  -2.367354699695e-02   1.172526887014e-02   1.984826581924e-02  -6.096105004846e-02   1.183456444722e-04  -4.055141738056e-08  -4.959712537922e-02  -1.188550225335e-01   1.861805529717e-04  -7.645657594621e-08  -7.620428423754e-02  -7.976588529278e-02   3.419654238416e-04  -4.563900567677e-08  -8.166635696341e-02  -1.863262415022e-02   1.956872903281e-04   1.633354756985e-08   7.909140624241e-05   3.680683342577e-10   9.210595418068e-03   9.757114036618e-10  -1.604196022780e-02   9.168933995820e-03   1.858299679028e-02   2.155906233365e-02   1.351685563936e-03  -3.503704569784e-03   6.022807945692e-04   1.203829600271e-08   9.109402489377e-03   1.848257726589e-02   2.154947745410e-02   1.558816913040e-03  -3.497432314834e-03  -3.047158946349e-04  -5.091760094789e-04   9.109405625211e-03   1.848255955998e-02   2.154940119160e-02   1.558824418285e-03  -3.497428513203e-03  -3.047452397356e-04   5.091472324275e-04
  -2.333088069675e-07  -6.199816356565e-07   7.183934214691e-07   4.014487281052e-06  -1.849125056723e-05   6.715364142529e-05  -2.116730959888e-05  -2.022069629762e-01  -4.052362595993e-09  -5.171005698427e-06  -4.846285431718e-02  -9.617737544885e-10   1.911936694501e-05   1.441149168827e-01   3.756481503195e-09   2.390563053321e-05   3.501104943505e-01   6.297114119782e-09  -4.390653384151e-05   2.249656807286e-01   2.151124127729e-08   8.080038840431e-04  -2.142996411555e-04  -2.156574666886e-02  -4.738405731668e-09  -5.723958087974e-03  -5.134250669248e-08   4.977405004729e-04   4.400701903097e-09   2.966105121208e-04  -2.466300137489e-06  -2.688989059671e-06   3.430767074043e-05  -6.350379764299e-03  -6.255918800402e-09   5.600924327309e-05   1.074982919705e-04  -4.244206199707e-03  -1.178115350178e-08  -6.569594480167e-04   1.271245559070e-04   4.477869198823e-03  -4.432220442825e-08  -1.654337493126e-03  -2.776754879736e-04  -1.666448870218e-02  -4.128488914243e-09   1.335170661357e-02  -8.202991984354e-08   8.011000446378e-04  -2.006020875275e-09   5.388224875955e-04  -1.226424191974e-02  -3.532303436605e-02  -3.753252760545e-02   3.603411555051e-02  -3.777488549360e-04   1.693060405818e-03   9.464543478699e-08   6.116806911852e-03   1.785595885859e-02   1.912305455145e-02  -1.775483571441e-02   2.098496782573e-04  -8.167497282332e-04   1.494958085247e-03   6.117419564784e-03   1.785776502087e-02   1.912496248402e-02  -1.775663546448e-02   2.098816368622e-04  -8.165767567652e-04  -1.495050964405e-03
  -1.310682826057e-09  -3.860899961373e-09   8.135411900309e-09   1.526887702081e-08  -2.578246541746e-08  -2.662198634030e-08  -3.170215852433e-08  -4.024297587680e-09  -2.022164971417e-01  -7.547970152298e-09  -9.535434437930e-10  -4.846426007237e-02   2.650672466220e-08   3.725066916077e-09   1.441171188569e-01   5.432383191061e-08   6.297114119782e-09   3.501566966292e-01   6.175341444033e-08   2.152413505533e-08   2.250282389376e-01  -1.445343783207e-07   4.541980140665e-08  -4.715596233004e-09  -2.160683542094e-02   4.386394719603e-09   5.986798682064e-04   3.949923000269e-08  -5.722969545231e-03   3.372418574870e-08  -6.140731642615e-09  -1.051844070654e-08   1.528766465265e-08  -6.167054686107e-09  -6.310535593652e-03   3.300047399748e-08   3.457220299147e-08  -1.159541202887e-08  -4.272757061305e-03   2.434474655022e-08  -2.666698690055e-10  -4.479455119901e-08   3.917673243010e-03   2.162320493243e-07   5.416761439105e-08  -5.582952861251e-09  -1.632794092090e-02  -2.140183446406e-09   1.004512173148e-03   7.600698707498e-08   1.338845857603e-02   4.644250686343e-08  -3.566308746800e-07  -9.886825646812e-07  -1.097814190528e-06   1.009604398392e-06  -8.505978840706e-09   9.116996591850e-08  -1.649893659955e-03   1.064538504072e-02   3.049087157424e-02   3.281838230332e-02  -3.075904709703e-02   3.478380511723e-04   1.451953290747e-03   8.114705521462e-04  -1.064502518057e-02  -3.048983358627e-02  -3.281730556936e-02   3.075797418069e-02  -3.478409112072e-04  -1.452042625127e-03   8.112891201569e-04
   2.235642489941e-05   1.350060143388e-04  -9.870310415708e-04  -1.604097497535e-03   4.768393029624e-03   1.917831344903e-02  -3.986110400941e-02   2.562753108393e-05  -3.486602654019e-08  -9.676480249966e-03   6.195932255099e-06  -8.301017054736e-09   2.977296091919e-02  -1.812931188751e-05   2.625613415009e-08   7.008683638263e-02  -4.390653384151e-05   6.175341444033e-08   2.425026500560e-02  -2.736830247986e-05   5.290739259764e-08   2.885451041372e-02  -1.114708892239e-02   1.236272901678e-06  -3.930822029763e-09   4.468137632376e-06   6.030260048869e-10   4.332560495790e-03   6.798380441378e-09  -7.507464502981e-03   6.451567827701e-04   1.156466892384e-03  -2.251790116449e-02   4.363846638005e-05  -3.177389591341e-08  -2.393189376629e-03  -4.263122046943e-02   7.290331683595e-05  -5.363693113076e-08  -1.495669810290e-02  -2.808679922682e-02   1.265579444192e-04  -3.300016498086e-08  -2.376679850780e-02  -5.836844561181e-03   4.825707332625e-05   2.699825037363e-09   2.825388153661e-05   2.417898629072e-09   3.312052935881e-03   2.480351774852e-09  -5.783205135820e-03   6.371786789488e-03   1.086756107617e-02   6.773342997104e-03   1.937168092989e-04  -1.052353950346e-03  -5.154070000717e-04  -1.708801331523e-08   6.340377590225e-03   1.080728642648e-02   6.742642460618e-03   2.419454661415e-04  -1.047300876481e-03   2.606389492469e-04   4.468514203028e-04   6.340355687476e-03   1.080723998138e-02   6.742596880810e-03   2.419537030064e-04  -1.047299268609e-03   2.606632869314e-04  -4.468379617855e-04
  -2.227916231565e-07  -5.810408453339e-07   6.424448716900e-07   3.389285579950e-06  -1.187834219560e-05   4.835848421779e-05  -2.395723600067e-05  -1.261578758032e-01  -1.255247068040e-08  -5.948900041565e-06  -3.013563994330e-02  -2.995909496363e-09   1.813379489997e-05   9.275690817361e-02   9.623968002194e-09   2.771714607800e-05   2.249656807286e-01   2.152413505533e-08  -2.736830247986e-05   1.465827720808e-01   2.608907787601e-08   5.034167336904e-04  -1.352570897338e-04  -1.407525184661e-02  -3.711473936358e-09  -2.718356202390e-03  -3.908269991215e-08   3.840665277176e-04   3.272048677967e-09   2.235075772103e-04   1.049654970124e-05   1.907984430124e-05   7.987016705586e-06  -1.299594502659e-02  -6.114491286467e-09  -2.446948228040e-05   4.289329273953e-05  -1.699230734811e-02  -1.181000612868e-08  -4.664778056166e-04   7.716960879752e-05  -6.616758920964e-03  -3.169976846269e-08  -1.025236362418e-03  -1.682225622920e-04  -9.607627974024e-03  -3.551311932697e-09   9.201733000507e-03  -1.679910440488e-07   1.682600505955e-03  -2.117831349576e-09   1.018716188478e-03  -1.523954740423e-02  -3.388648821859e-02  -2.781159586898e-02   2.134861441518e-02  -5.595521465625e-04   1.799319335783e-03   9.355662633723e-08   7.615077123557e-03   1.705898606988e-02   1.412429373028e-02  -1.051397112690e-02   2.933093929068e-04  -6.964992852783e-04   1.470827151580e-03   7.615837377102e-03   1.706069958272e-02   1.412569699051e-02  -1.051503439520e-02   2.933469727366e-04  -6.963288287710e-04  -1.470920535788e-03
  -1.003926374370e-09  -2.913951300222e-09   5.886921695922e-09   1.143201879202e-08  -1.864179181429e-08  -1.744458568370e-08  -3.700839596741e-08  -1.253035546966e-08  -1.261831709420e-01  -8.896613796919e-09  -2.989775831787e-09  -3.014115528181e-02   2.831906630738e-08   9.602152806905e-09   9.277226590938e-02   6.290012384836e-08   2.151124127729e-08   2.250282389376e-01   5.290739259764e-08   2.608907787601e-08   1.466612334116e-01  -9.160067765103e-08   2.711575457787e-08  -3.671695299809e-09  -1.410436418242e-02   3.263247438261e-09   4.569088579157e-04   3.232780124955e-08  -2.710090997517e-03   2.253859116887e-08  -2.500988993682e-09  -4.205080977105e-09   6.970751351906e-09  -5.968018254034e-09  -1.301315555716e-02   1.327851995013e-08   1.409911614429e-08  -1.155024943316e-08  -1.708427762463e-02   1.094881578702e-08  -6.515311569715e-09  -3.186629626662e-08  -7.055109641454e-03   1.484254756750e-07   3.401756840200e-08  -4.535054156830e-09  -9.395761379272e-03  -2.227592500291e-09   2.020523137596e-03   1.563299487538e-07   9.228763382131e-03   8.646294619093e-08  -4.409528559336e-07  -9.604203495175e-07  -8.177027994728e-07   5.959960929909e-07  -1.480853998178e-08   9.224596510743e-08  -1.534279503473e-03   1.323654810580e-02   2.933903921699e-02   2.434741991000e-02  -1.819875611819e-02   5.000526260270e-04   1.448634967138e-03   9.292199885602e-04  -1.323609334955e-02  -2.933802970360e-02  -2.434661209623e-02   1.819811340960e-02  -5.000473637453e-04  -1.448726989166e-03   9.290417782438e-04
  -4.986857546612e-03  -1.407370201052e-02   2.484109995860e-02   4.397016822365e-02  -4.792860758508e-02  -2.641095665060e-02  -5.779352984820e-02  -4.696109666499e-04   8.158751287888e-08  -1.421128738546e-02  -1.124725960321e-04   1.953223574055e-08   3.866595584885e-02   3.310489220851e-04  -5.851794013310e-08   9.219957070205e-02   8.080038840431e-04  -1.445343783207e-07   2.885451041372e-02   5.034167336904e-04  -9.160067765103e-08   5.760232116854e-02  -2.093829703408e-02  -6.236479287455e-05   9.994510093877e-09  -1.605228078007e-05  -2.768194710562e-10   6.909855135269e-03   4.875825889390e-09  -1.196705020551e-02   1.385089899478e-02   2.274609716713e-02  -2.550435127186e-02   1.736503507767e-04   3.493356980059e-08  -5.654410514126e-02  -5.339614858944e-02   2.642140268153e-04   4.699769667347e-08  -5.012918600476e-02  -2.981198774075e-02   2.632237825554e-04   2.645566474034e-08  -5.781694224663e-02  -1.377872409589e-02   1.013753520370e-04   1.982356265347e-08   5.964364878166e-05  -6.632805993636e-09   4.738524278223e-03  -8.117233830064e-09  -8.258386350823e-03  -2.641817935730e-03  -2.485023406043e-03   1.178561366986e-02   1.314306841258e-03  -2.034736103717e-03   2.156075753268e-03   6.179200282436e-08  -2.777380562889e-03  -2.654762758996e-03   1.186860493383e-02   1.337481137680e-03  -2.049126496879e-03  -1.093185429869e-03  -1.870465157414e-03  -2.777310135239e-03  -2.654647650081e-03   1.186864084032e-02   1.337450886968e-03  -2.049127508369e-03  -1.093288529074e-03   1.870391322727e-03
   2.016966713402e-03   5.716988681660e-03  -1.024699641804e-02  -1.837014859983e-02   2.100362854411e-02   1.312837504419e-02   2.027128715017e-02   1.245230236814e-04  -2.560461760683e-08   4.960780157430e-03   2.980826408328e-05  -6.132421917388e-09  -1.435180560073e-02  -8.781195698885e-05   1.832735832414e-08  -3.415609138712e-02  -2.142996411555e-04   4.541980140665e-08  -1.114708892239e-02  -1.352570897338e-04   2.711575457787e-08  -2.093829703408e-02   7.778622129350e-03   1.712482955515e-05  -3.080578404721e-09   2.988092256271e-06   2.768123300850e-11  -2.511128572572e-03  -2.454767060852e-09   4.349178750960e-03  -3.924232955571e-03  -6.459573927396e-03   1.039604659203e-02  -4.734876349299e-05  -5.805218538405e-09   1.598000198687e-02   2.117538580535e-02  -7.096166827989e-05  -6.216281162620e-09   1.490467693770e-02   1.173071822423e-02  -8.049466808630e-05  -2.528298163416e-09   2.044287696421e-02   5.041937990036e-03  -3.767225635736e-05  -6.859700322462e-09  -2.190311375958e-05   1.811554682002e-09  -1.874275933664e-03   2.486328572013e-09   3.265966247227e-03  -2.263090704489e-04  -7.812918329482e-04  -4.270781069125e-03  -3.868089675995e-04   7.218879543871e-04  -5.454517372947e-04  -1.543903889837e-08  -1.930634210764e-04  -7.358223784913e-04  -4.293249063982e-03  -4.048219358637e-04   7.252175725872e-04   2.764620922096e-04   4.729414736126e-04  -1.930815765405e-04  -7.358513111118e-04  -4.293256010256e-03  -4.048117264000e-04   7.252178255350e-04   2.764880723634e-04  -4.729222625512e-04
  -1.250491488354e-07  -3.513571697186e-07   6.117892643739e-07  -4.772848122009e-07   3.146006169960e-06  -7.378465995013e-06   1.150279931361e-05   1.145055360002e-02   2.687340881523e-09   2.862494272595e-06   2.717871151982e-03   6.421179279632e-10  -7.570138160744e-06  -8.918233593773e-03  -2.016019806149e-09  -1.645480699657e-05  -2.156574666886e-02  -4.715596233004e-09   1.236272901678e-06  -1.407525184661e-02  -3.671695299809e-09  -6.236479287455e-05   1.712482955515e-05   1.352058333972e-03   4.573498507481e-10   2.503558313109e-04   3.827942437637e-09  -3.902626794925e-05  -1.922225718524e-11  -1.917068583185e-05  -1.268915136195e-05  -2.019897670970e-05  -2.375486432675e-06   1.342588166754e-03  -1.748521846091e-09   4.677825498256e-05  -3.403960398966e-06   1.783711516233e-03  -2.634576549809e-09   7.701229539330e-05  -7.751203117748e-06   7.374186554274e-04   4.820941691133e-10   1.164358830002e-04   1.952976925561e-05   9.090357890311e-04   7.491001351449e-10  -8.889272401464e-04   1.771580751081e-08  -1.741711705034e-04   2.834555195664e-10  -1.046445956333e-04   1.549496797085e-03   3.382236145880e-03   2.703549484853e-03  -2.028004276626e-03   5.768819207245e-05  -1.823625655036e-04  -9.499430380344e-09  -7.613378891482e-04  -1.683704716453e-03  -1.376859799413e-03   9.974163119587e-04  -2.924238573813e-05   6.971979848902e-05  -1.446788139328e-04  -7.614180198309e-04  -1.683879768121e-03  -1.376997531822e-03   9.975159795356e-04  -2.924631274323e-05   6.970266770527e-05   1.446884036503e-04
   7.762237575356e-11   2.311259562348e-10  -5.385767569508e-10  -1.174404298473e-09   2.328687796977e-09   2.854033282644e-09   1.735335882435e-09   2.697252682527e-09   1.147300218527e-02   4.138117715367e-10   6.443552623054e-10   2.723193845603e-03  -1.342821952077e-09  -2.024144593915e-09  -8.934163757835e-03  -2.817778193408e-09  -4.738405731668e-09  -2.160683542094e-02  -3.930822029763e-09  -3.711473936358e-09  -1.410436418242e-02   9.994510093877e-09  -3.080578404721e-09   4.573498507481e-10   1.356890278683e-03  -2.881274196102e-11  -4.460515303423e-05  -2.961380318224e-09   2.505948927264e-04  -2.513569213533e-09   9.068441024223e-11   1.125360679526e-10  -1.892221103666e-09  -1.661674576885e-09   1.340332413273e-03  -3.695750450932e-10  -3.557444328367e-09  -2.499151598350e-09   1.785734255018e-03  -1.136884394378e-09  -8.452039721895e-10   6.145256559163e-10   7.745426360067e-04  -1.517469479988e-08  -3.482487127784e-09   8.488826805541e-10   8.910765303282e-04   2.896615110247e-10  -2.079457149658e-04  -1.563240840656e-08  -8.925381732639e-04  -9.007046689971e-09   4.320881346018e-08   9.373592591470e-08   7.927203982158e-08  -5.742923351562e-08   1.394645614137e-09  -9.102766921327e-09   1.521245579850e-04  -1.335827902854e-03  -2.915934858192e-03  -2.370963477265e-03   1.731740439064e-03  -5.083208942438e-05  -1.443233802971e-04  -9.335731097605e-05   1.335784851021e-03   2.915838792944e-03   2.370886006722e-03  -1.731678492418e-03   5.083150494089e-05   1.443325667605e-04  -9.333994812406e-05
   2.489005843863e-07   7.244237721240e-07  -1.457601083479e-06  -2.103673600399e-06   3.059115615884e-06   6.471126700663e-06  -9.904455036368e-06   2.907561857238e-03  -2.435019925074e-09  -2.441760719530e-06   6.873745641552e-04  -5.798540139655e-10   7.017118032211e-06  -2.372159161124e-03   1.795693781841e-09   1.608051493602e-05  -5.723958087974e-03   4.386394719603e-09   4.468137632376e-06  -2.718356202390e-03   3.263247438261e-09  -1.605228078007e-05   2.988092256271e-06   2.503558313109e-04  -2.881274196102e-11   5.504357303538e-04  -2.054331901764e-09   2.308671962161e-05   3.150371114732e-10   9.598338007698e-06   6.854138020583e-06   1.159618759964e-05  -9.998019083016e-06  -4.134288691742e-03  -1.866652891898e-09  -3.350782801588e-05  -1.969850786089e-05  -6.712006797676e-03  -3.444710233740e-09  -1.516499274248e-05  -7.994350790529e-06  -4.586151414234e-03  -1.962495255563e-09   4.069550656950e-05   8.459648502101e-06   7.956286669650e-04  -5.294702167402e-11   7.736974647718e-05  -5.331262252631e-08   5.424933565633e-04  -4.347170794904e-10   3.101429393812e-04  -3.297517724055e-03  -4.740959306819e-03  -1.141090378850e-03  -1.448198396881e-03  -1.445573480498e-04   3.106078802004e-04   1.398240966210e-08   1.651620943003e-03   2.363587589867e-03   5.612434095066e-04   7.160891822607e-04   7.168800225550e-05  -6.831657403091e-05   2.180196291636e-04   1.651783932016e-03   2.363819307046e-03   5.612964293695e-04   7.161619100357e-04   7.169552251462e-05  -6.829130001550e-05  -2.180340590417e-04
