ARMA_MAT_TXT_FN008
151 151
  -3.162901710665e+01  -3.220267019615e+01  -1.062890388900e-05   2.304616439668e-05   1.014629084463e-01  -1.162380277490e+01  -4.881461326651e-06   1.058424851752e-05   4.659815055646e-02  -5.208681320074e+00  -1.496766944128e-06   3.245371057015e-06   1.428805169128e-02  -2.292228968587e+00  -3.996987618748e-07   8.666484771265e-07   3.815501564670e-03   3.025728920053e-08  -1.027463706439e-06   8.597303982468e-03   4.739669464568e-07  -2.286262206350e-06  -4.770039643589e-04  -9.212317784483e-06   1.521185040318e-02   1.198300658819e-02  -6.513585242736e-03  -3.382180985579e-01   8.702152906959e-01   6.855044586211e-01  -3.728758269302e-01  -1.435469526333e+00   2.172275336394e+00   1.711190629856e+00  -9.306957477640e-01  -1.253995434658e+00   1.061185329671e+00   8.359393117752e-01  -4.545733555634e-01  -1.059962701939e+00   4.542251773682e-01   4.868997844469e-01   5.766172661214e-01  -2.552979341151e-01  -4.771595333042e-04  -9.220643043064e-06   2.775960208448e-03  -1.917022949853e-02  -6.515273484175e-03  -3.382639744775e-01   1.587768484325e-01  -1.096480913482e+00  -3.729117356272e-01  -1.435532343145e+00   3.963101320733e-01  -2.736837564245e+00  -9.306993086324e-01  -1.254012275502e+00   1.935968829177e-01  -1.336940858826e+00  -4.545613116924e-01   3.093130723276e-01  -7.265412454269e-01   4.869719853242e-01   1.052074243977e-01   1.045631710359e+00  -4.769452611709e-04  -9.209181819976e-06  -1.798332163433e-02   7.177284686429e-03  -6.512949060195e-03  -3.382007859063e-01  -1.028824449102e+00   4.106117368501e-01  -3.728623330947e-01  -1.435445817381e+00  -2.568293152502e+00   1.025025395466e+00  -9.306945415304e-01  -1.253989077748e+00  -1.254659661728e+00   5.007442335351e-01  -4.545779679894e-01   7.506589538621e-01   2.720777300297e-01   4.868724729992e-01  -6.817151194502e-01  -7.906247002756e-01  -1.313857454004e-05  -5.173414281607e-02  -6.358558066536e-01  -8.434909043228e-01   2.469786370633e-04  -1.705257666209e-03  -1.867763257075e-03  -2.133044912526e-05  -6.237788336496e-02  -6.765159603043e-01  -8.622329942757e-01   1.979055743513e-03  -3.008404428420e-03  -1.472876491983e-04  -2.133208598639e-05  -6.237974715877e-02  -6.765226713011e-01  -8.622360332939e-01  -1.044684272728e-03  -3.446324965600e-03  -1.475920142996e-04  -1.313240431633e-05  -5.172476408392e-02  -6.358176361555e-01  -8.434729283361e-01  -1.599781985299e-03   6.384417887479e-04  -1.867117367884e-03  -2.132074210961e-05  -6.236689435763e-02  -6.764764874953e-01  -8.622151260414e-01  -3.593708737137e-03  -2.094937447242e-04  -1.470001775748e-04  -2.131812380460e-05  -6.236395207185e-02  -6.764659510426e-01  -8.622103645522e-01  -2.461411376200e-03   2.626335509096e-03  -1.474552830208e-04  -1.313374765518e-05  -5.172680474893e-02  -6.358259385061e-01  -8.434768384262e-01   1.353238921502e-03   1.065875211051e-03  -1.867257735682e-03  -2.132108732627e-05  -6.236731043694e-02  -6.764780183838e-01  -8.622158281483e-01   1.615696723064e-03   3.216873274527e-03  -1.476779790409e-04  -2.132388440837e-05  -6.237044561250e-02  -6.764892355029e-01  -8.622208947177e-01   3.505993120437e-03   8.182039012848e-04  -1.468972584099e-04
  -3.220267019615e+01  -2.960177707909e+01  -1.347336778237e-05   2.921368488525e-05   1.286159980409e-01  -1.228272957158e+01  -4.071964461575e-06   8.829053623932e-06   3.887073978617e-02  -5.477180797940e+00  -1.028141973879e-06   2.229273047293e-06   9.814584389676e-03  -2.398959304622e+00  -2.570029810512e-07   5.572477670186e-07   2.453335702055e-03   1.357416391079e-08  -4.609454821725e-07   3.856961952719e-03   2.126332261500e-07  -1.025673438143e-06  -1.258308215389e-04   1.013791677780e-05   9.153259651300e-03   7.210396541822e-03  -3.930249020226e-03  -3.447731854980e-01   9.042113217685e-01   7.122842614924e-01  -3.879653944812e-01  -1.500629872180e+00   2.279884296651e+00   1.795958128174e+00  -9.780812397468e-01  -1.310550656991e+00   1.110527993234e+00   8.748083208340e-01  -4.764108322054e-01  -1.110123245043e+00   4.763327572286e-01   5.094868018270e-01   6.046820013051e-01  -2.673798264734e-01  -1.258853533899e-04   1.014165401488e-05   1.670446288682e-03  -1.153575988142e-02  -3.931497363078e-03  -3.448205440784e-01   1.649799045558e-01  -1.139317530006e+00  -3.880032379294e-01  -1.500695423719e+00   4.159424087775e-01  -2.872413279750e+00  -9.780849796489e-01  -1.310568171177e+00   2.025987393570e-01  -1.399105477720e+00  -4.763982123254e-01   3.239514832589e-01  -7.619043964538e-01   5.095633897419e-01   1.103282548428e-01   1.095116356018e+00  -1.258102670339e-04   1.013650778239e-05  -1.082066758551e-02   4.318609468384e-03  -3.929778994683e-03  -3.447553228945e-01  -1.069016161763e+00   4.266523954917e-01  -3.879511806587e-01  -1.500605144389e+00  -2.695519606468e+00   1.075802142006e+00  -9.780799798730e-01  -1.310544049957e+00  -1.312998304654e+00   5.240274896530e-01  -4.764156664026e-01   7.861816002751e-01   2.853197830521e-01   5.094578430238e-01  -7.148945209581e-01  -8.280390475872e-01  -2.039590444603e-06  -5.174117882696e-02  -6.628940992341e-01  -8.808869453023e-01   1.654756724158e-04  -1.142521893777e-03  -1.250318182721e-03  -3.829434349431e-06  -6.271984537844e-02  -7.058880169177e-01  -9.007129984328e-01   1.387228829832e-03  -2.111256747255e-03  -1.061600974718e-04  -3.829809490232e-06  -6.272175007875e-02  -7.058950324267e-01  -9.007161705950e-01  -7.315713019464e-04  -2.418131771084e-03  -1.063740482042e-04  -2.038380442734e-06  -5.173170075016e-02  -6.628543778962e-01  -8.808682449656e-01  -1.071816191688e-03   4.277406127145e-04  -1.249842910544e-03  -3.827250858684e-06  -6.270870368605e-02  -7.058469812270e-01  -9.006944455782e-01  -2.521113704824e-03  -1.455913853613e-04  -1.059543114749e-04  -3.826662323209e-06  -6.270571273269e-02  -7.058359810154e-01  -9.006894742557e-01  -1.727700050518e-03   1.841452628174e-03  -1.062717656900e-04  -2.038642648279e-06  -5.173375841358e-02  -6.628630025231e-01  -8.808723054094e-01   9.066448564205e-04   7.141160419348e-04  -1.249945791312e-03  -3.827328618938e-06  -6.270911567572e-02  -7.058485172259e-01  -9.006951424274e-01   1.134661865888e-03   2.256063143388e-03  -1.064290684459e-04  -3.827957274905e-06  -6.271230587693e-02  -7.058602447692e-01  -9.007004417571e-01   2.459213139472e-03   5.753241732838e-04  -1.058836974376e-04
  -1.062890388900e-05  -1.347336778237e-05  -1.487157846710e+01   1.960367101979e-07   3.070827670991e-06  -3.611895325598e-05  -9.712638811749e+00   2.139105933746e-07   3.350814244147e-06  -2.254903904021e-05  -3.453639842909e+00   8.866783005886e-08   1.388943754953e-06  -1.104552690548e-05  -9.736717479182e-01   2.614296717963e-08   4.095191934291e-07  -3.356877895802e-02  -4.270941256901e-08   1.278472726244e-05   2.141415556555e-01   1.544776432724e-02  -8.021108167957e-03  -1.681063235456e-03   1.289335538328e-01   1.189162051767e-01  -6.447169060372e-02  -5.971099636824e-01   9.309391023593e-01   1.061999877126e+00  -5.734588321884e-01  -6.972473567673e-01   1.131911959903e-01   7.926269357201e-01  -4.273170689163e-01  -1.930235668574e-01  -2.910898682879e-01   1.265669255855e-01  -6.820680380437e-02  -1.479704006105e+00   8.426369166191e-01   5.467503517246e-01   7.991682986844e-01   1.593855946156e-01  -1.463738673282e-03  -3.068166770884e-04  -1.700498170112e-02  -3.470463714893e-02  -1.176431135979e-02  -1.089469332598e-01  -3.723942144110e-01  -3.098963904176e-01  -1.046273492521e-01  -1.272115070178e-01  -8.595581988020e-01  -2.312808524275e-01  -7.795986096529e-02  -3.521927832329e-02  -4.464184836611e-01  -3.693360767487e-02  -1.244445899992e-02  -6.966068131683e-01  -2.458812263055e-01   9.975780755609e-02  -2.349425304112e-01   4.726784207753e-01   9.482501933977e-03   1.987228960762e-03   1.889800098880e-01  -8.421285551463e-02   7.622012075626e-02   7.059412686245e-01   1.467282258295e+00  -7.521114894247e-01   6.779899476330e-01   8.243444122027e-01   5.135174410960e-01  -5.613505185572e-01   5.052184726543e-01   2.282018354513e-01  -2.271723951272e-01  -8.963391449799e-02   8.063896132787e-02  -1.358492079636e+00  -5.967618485561e-01  -6.464042700261e-01   1.224731725010e+00   9.945948122143e-01  -4.227838119158e-05  -1.378255015833e-02  -4.382509074477e-02  -2.069103322418e-02  -1.452885933926e-03  -1.975944538664e-03  -2.173803774634e-03  -3.568835329664e-04  -8.888310490509e-02  -2.554920007847e-01  -1.166242089108e-01   9.582945208975e-03  -1.816207925940e-02  -8.535739662344e-04   1.867354795642e-04   4.661467108227e-02   1.344373233490e-01   6.144366822506e-02   9.151366276931e-04   1.089742143585e-02   4.522838774518e-04   2.738344007405e-04   8.928981711777e-02   2.839339618384e-01   1.340377273553e-01   1.027348087579e-02  -4.793750131704e-03   1.408119608637e-02   6.530593360773e-04   1.623507668531e-01   4.653407149674e-01   2.121640755804e-01   3.733337062481e-02   2.382127842640e-03   1.545048383041e-03   4.494961190946e-04   1.116067715465e-01   3.193044149470e-01   1.454728401801e-01   1.629401957864e-02  -2.001951264150e-02   1.060788205253e-03  -2.316374995012e-04  -7.552681096668e-02  -2.401671011409e-01  -1.133806375048e-01   6.855584727450e-03   6.769209091801e-03  -1.191104235935e-02  -2.963890904763e-04  -7.349906954886e-02  -2.099172346312e-01  -9.557486480094e-02   5.671774585133e-03   1.615084901524e-02  -6.967324173452e-04  -6.362236410117e-04  -1.582131834127e-01  -4.537166333447e-01  -2.069121573368e-01   3.537930709298e-02   8.752925152340e-03  -1.506458076869e-03
   2.304616439668e-05   2.921368488525e-05   1.960367101979e-07  -1.487154884175e+01  -6.656928303249e-06   7.831506830224e-05   2.139105933746e-07  -9.712606485265e+00  -7.263882038716e-06   4.889204540689e-05   8.866783005886e-08  -3.453626443180e+00  -3.010946196643e-06   2.394950787986e-05   2.614296717963e-08  -9.736677970695e-01  -8.877536354030e-07  -1.549014653165e-02   2.141361146718e-01  -2.777133481488e-05  -4.270941256901e-08  -3.366070367423e-02  -6.318540091990e-03  -1.324241724527e-03   1.189155831499e-01   7.165009130578e-02  -5.078681415951e-02  -4.703618648229e-01   1.061983178993e+00   4.193530410724e-01  -4.517313154619e-01  -5.492280998924e-01   7.925927898390e-01  -2.686479311588e-01  -3.366023676964e-01  -1.520335983732e-01   1.265507934949e-01  -3.520692537307e-01  -5.372304978452e-02  -9.240595573126e-01   3.932556599246e-01   4.306888620701e-01   8.426265719941e-01  -8.773166232467e-01   1.010825640484e-02   2.118812412677e-03  -3.470445619808e-02   2.176318530186e-01   8.124165268550e-02   7.523554721241e-01  -3.098914872706e-01   1.722783462051e+00   7.225259801716e-01   8.784610376508e-01  -2.312708380809e-01   7.040659059199e-01   5.383543508564e-01   2.431867126245e-01  -3.692888519390e-02  -1.967411547527e-01   8.592888021815e-02  -6.121850853140e-01   1.427440815988e+00  -6.888929261251e-01  -2.458781925653e-01  -1.660047410131e+00  -3.784528870443e-03  -7.931176843031e-04  -8.421241561407e-02   1.158728110438e-02  -3.041991922234e-02  -2.817428369392e-01  -7.520997004518e-01  -1.170273107242e-01  -2.705875014840e-01  -3.289888039566e-01  -5.613263887044e-01  -6.689618497659e-01  -2.016288581087e-01  -9.106572568743e-02  -8.962250501282e-02  -4.159871598315e-01  -3.217988286558e-02  -9.051505232439e-02  -3.233603237318e-02   2.579795754756e-01  -5.967545440978e-01  -9.976536628272e-01   2.919096812910e-04   9.515960861515e-02   3.025727704599e-01   1.428399329433e-01  -1.975934308495e-03   1.190371196997e-02   1.500890119569e-02   5.483368376086e-04   1.361776810447e-01   3.898512829517e-01   1.776684175133e-01  -1.841188036653e-02   2.548078782268e-02   1.294799826711e-03   6.270742254788e-04   1.557967923246e-01   4.463026006220e-01   2.034466577697e-01   1.114731926645e-02   3.414986330691e-02   1.486928705522e-03  -1.092816398653e-04  -3.563316821026e-02  -1.133063260133e-01  -5.348407746052e-02  -4.793714340258e-03   1.745765984861e-04  -5.619493582352e-03   3.486203603267e-05   8.878879699448e-03   2.632392292928e-02   1.216643697369e-02   2.132479870095e-03  -2.279031529028e-03   9.158893019852e-05  -4.749291672719e-04  -1.182284453835e-01  -3.395110255754e-01  -1.549064753314e-01  -1.976969713690e-02   1.875726249908e-02  -1.134039358057e-03  -1.824482857603e-04  -5.948743192444e-02  -1.891567137667e-01  -8.929100384218e-02   6.769164968916e-03   3.593089388131e-03  -9.381647598236e-03  -5.829746031323e-04  -1.450318800328e-01  -4.161299261650e-01  -1.898025033887e-01   1.590095977490e-02   2.938224444667e-02  -1.390486972953e-03  -1.517658704926e-04  -3.752248952755e-02  -1.067073028031e-01  -4.849355041239e-02   9.002560461376e-03  -3.217311313059e-04  -3.499991221875e-04
   1.014629084463e-01   1.286159980409e-01   3.070827670991e-06  -6.656928303249e-06  -1.477508520842e+01   3.447894655975e-01   3.350814244147e-06  -7.263882038716e-06  -9.607347639254e+00   2.152519121029e-01   1.388943754953e-06  -3.010946196643e-06  -3.409995484279e+00   1.054400629809e-01   4.095191934291e-07  -8.877536354030e-07  -9.608034697812e-01  -4.270941256901e-08   4.382335331609e-05   2.078082192261e-01  -2.023840722937e-05   2.720491866171e-06   3.470692716470e-03   7.228223769593e-04  -6.559248110701e-02  -5.166997379293e-02   6.050311932026e-03   2.698376388457e-01  -6.105706697379e-01  -4.809729961633e-01  -1.541543925945e-01   3.600851990843e-01  -5.211185155067e-01  -4.105082566241e-01  -6.610232538006e-01   1.407063294587e-01  -1.174651984459e-01  -9.253282310214e-02  -3.958232151729e-01   8.859504933057e-01   1.206423009316e-01  -7.193960131181e-01   1.531496282604e-01   2.133837485439e-01   3.471571877934e-03   7.231156241222e-04  -1.196880086538e-02   8.265424132593e-02   6.049706947696e-03   2.698614241782e-01  -1.113972667197e-01   7.692891837823e-01  -1.541930488998e-01   3.600899174235e-01  -9.506956759630e-02   6.565340427622e-01  -6.610676631069e-01   1.407052586037e-01  -2.142908791167e-02   1.479859964101e-01  -3.958317429567e-01  -2.585177762412e-01  -1.930188439104e-01  -7.194669363084e-01   2.795025099546e-02  -8.739207925104e-01   3.470361157343e-03   7.227119153461e-04   7.754521476482e-02  -3.094893397419e-02   6.050546990985e-03   2.698286479530e-01   7.218696140606e-01  -2.881044866150e-01  -1.541397203569e-01   3.600834125215e-01   6.161295682264e-01  -2.459030678895e-01  -6.610064074341e-01   1.407067341057e-01   1.388829101805e-01  -5.542962075692e-02  -3.958199795207e-01  -6.274392050208e-01   7.225684839152e-02  -7.193691755949e-01  -1.810459635598e-01   6.608422588712e-01   3.167139571267e-04   1.052331107343e-01   3.558281507465e-01   1.940483508247e-01  -2.153421883007e-03   1.486825240500e-02   1.459148545235e-02   3.141974646132e-05   1.032129645231e-02   5.110235628207e-02   4.970404356793e-02  -1.135920045180e-03   1.705216206992e-03  -2.307610507928e-03   3.147485935476e-05   1.033468144662e-02   5.114039548479e-02   4.972133814544e-02   6.066561376353e-04   1.960519004203e-03  -2.307432367645e-03   3.165821699959e-04   1.052164697540e-01   3.558108851936e-01   1.940460440139e-01   1.394928129155e-02  -5.566890771747e-03   1.458718860634e-02   3.136426223411e-05   1.030895440865e-02   5.106878233035e-02   4.968902595554e-02   2.041536479126e-03   1.308494558404e-04  -2.307123305345e-03   3.144469628394e-05   1.032926094657e-02   5.112748412246e-02   4.971587768704e-02   1.393640371938e-03  -1.504314490554e-03  -2.306456437141e-03   3.166108772074e-04   1.052201146127e-01   3.558146586315e-01   1.940465419004e-01  -1.179942698918e-02  -9.293794978832e-03   1.458812468159e-02   3.148580568998e-05   1.033901472713e-02   5.115488675458e-02   4.972828333522e-02  -9.108976652296e-04  -1.839969234207e-03  -2.306469140947e-03   3.134712491673e-05   1.030425832494e-02   5.105474270089e-02   4.968252930703e-02  -1.993778898296e-03  -4.531583448181e-04  -2.307477963704e-03
  -1.162380277490e+01  -1.228272957158e+01  -3.611895325598e-05   7.831506830224e-05   3.447894655975e-01  -1.704930433065e+01  -5.823719217377e-05   1.262718038154e-04   5.560460142371e-01  -1.211577616202e+01  -3.714271338334e-05   8.052088433775e-05   3.560697892837e-01  -6.473908185717e+00  -1.336811026074e-05   2.897499662214e-05   1.288182849012e-01   7.244979591868e-07  -2.460505101734e-05   2.059675761180e-01   1.135047659828e-05  -5.478859078231e-05  -1.436269686047e-01  -1.428439710335e-01   5.927290761790e-01   4.669195276362e-01  -2.501108813266e-01  -1.827088940840e+00   3.029560249733e+00   2.386528743602e+00  -1.264741623432e+00  -4.213013673622e+00   5.454097491812e+00   4.296455720035e+00  -2.251698083316e+00  -3.727506642630e+00   2.998604580392e+00   2.362143838470e+00  -1.229952818005e+00  -3.044202871359e+00   1.271962140652e+00   1.425257385668e+00   1.614684083883e+00  -7.331868226045e-01  -1.436524178753e-01  -1.428706190892e-01   1.081492997824e-01  -7.468609185536e-01  -2.501390479841e-01  -1.827272156727e+00   5.527416368328e-01  -3.817152971488e+00  -1.264815474414e+00  -4.213197329727e+00   9.950373943572e-01  -6.871589316455e+00  -2.251699668095e+00  -3.727562759958e+00   5.470450434307e-01  -3.777813991482e+00  -1.229919274573e+00   8.882847710044e-01  -2.034400718029e+00   1.425390404295e+00   2.945910780967e-01   3.002869851684e+00  -1.436173422226e-01  -1.428338958618e-01  -7.007580514374e-01   2.796793689138e-01  -2.501002228727e-01  -1.827019216919e+00  -3.581796044243e+00   1.429533815967e+00  -1.264713600778e+00  -4.212943489498e+00  -6.448431249764e+00   2.573641282472e+00  -2.251697463234e+00  -3.727485148293e+00  -3.545318117168e+00   1.414975273574e+00  -1.229965587822e+00   2.155939987647e+00   7.619141022164e-01   1.425206490623e+00  -1.909030587959e+00  -2.270697757314e+00  -1.371374617399e-02  -3.978782163142e-01  -2.045562806200e+00  -2.570774017069e+00   1.549418112536e-02  -1.069781276556e-01  -1.235335524335e-01  -1.733940743418e-02  -4.442757054719e-01  -2.129056692213e+00  -2.607490608404e+00   1.103541174850e-01  -1.597331402307e-01  -3.946948519334e-03  -1.734005480513e-02  -4.442849708971e-01  -2.129075791964e+00  -2.607499821804e+00  -6.052585599701e-02  -1.844758661350e-01  -3.963951826058e-03  -1.371020804965e-02  -3.978198433173e-01  -2.045437932101e+00  -2.570713894732e+00  -1.003749623016e-01   4.005769074843e-02  -1.235075824254e-01  -1.733521333755e-02  -4.442119443121e-01  -2.128925766935e+00  -2.607428291143e+00  -1.934732933371e-01  -1.569145852056e-02  -3.932433092145e-03  -1.733397666473e-02  -4.441948717060e-01  -2.128893217118e+00  -2.607413609505e+00  -1.294793801813e-01   1.445989919488e-01  -3.958879184543e-03  -1.371098900103e-02  -3.978329968546e-01  -2.045466246421e+00  -2.570727553348e+00   8.490382805309e-02   6.687401728882e-02  -1.235133696582e-01  -1.733525446084e-02  -4.442144631788e-01  -2.128933808452e+00  -2.607433027055e+00   8.316020881392e-02   1.753925410215e-01  -3.970986782838e-03  -1.733660302066e-02  -4.442326033336e-01  -2.128967516965e+00  -2.607447956033e+00   1.899940226145e-01   3.981558942514e-02  -3.925965976331e-03
  -4.881461326651e-06  -4.071964461575e-06  -9.712638811749e+00   2.139105933746e-07   3.350814244147e-06  -5.823719217377e-05  -1.340882838544e+01   7.496454650776e-07   1.174959396909e-05  -6.853909208891e-05  -8.474798317794e+00   7.107362812132e-07   1.125326097331e-05  -4.373715179401e-05  -3.105432114357e+00   2.892815827993e-07   4.641334075791e-06  -1.746784065565e-01  -2.215459382212e-07   3.584820326659e-05   6.072817880191e-01   8.038406063308e-02  -3.889474956816e-01  -4.124055005153e-01   9.634806363273e-01   1.020133610045e+00  -5.462858049548e-01  -2.336714776524e+00   2.135555788559e+00   2.890642117948e+00  -1.530434120265e+00  -2.170826851768e+00  -1.195483946108e-02   2.117619307652e+00  -1.110652110530e+00  -6.567258952647e-01  -1.010246406129e+00   4.026096302708e-01  -2.103949650636e-01  -2.639544940691e+00   1.723927951423e+00   8.400194631872e-01   1.396273714125e+00   9.084918159603e-01  -7.096939492762e-02  -7.525012926639e-02  -2.884685456614e-01  -2.976853095477e-01  -9.967152069582e-02  -4.263393886523e-01  -1.411966187116e+00  -8.434791054888e-01  -2.792191321406e-01  -3.960665220940e-01  -2.610807609313e+00  -6.179063643928e-01  -2.026275936405e-01  -1.198311240025e-01  -1.504350667550e+00  -1.174908175444e-01  -3.838731069496e-02  -2.180856074421e+00  -5.030197484141e-01   1.532614186190e-01  -7.193721386280e-01   1.092888609201e+00   4.598307753749e-01   4.875627356914e-01   1.478665931250e+00  -7.224566197749e-01   6.458592391248e-01   2.762638144799e+00   3.595471238434e+00  -2.047182583155e+00   1.809423677942e+00   2.566525528010e+00   1.057565655752e+00  -1.499724539999e+00   1.313128024250e+00   7.764021023302e-01  -8.069354744646e-01  -2.851205303105e-01   2.487430366898e-01  -2.567988804507e+00  -1.220918831388e+00  -9.931376902076e-01   2.266966029852e+00   1.398635927473e+00  -5.372824239450e-03  -7.808194248285e-02  -1.524774034520e-01  -7.249789094755e-02  -4.051128849105e-02  -3.426002375331e-02  -4.055663275711e-02  -3.588706030966e-02  -4.518011402726e-01  -8.499634573509e-01  -4.015991097504e-01   1.301835341226e-01  -2.705676214300e-01  -7.701320708413e-03   1.837676806323e-02   2.286323580028e-01   4.391434296032e-01   2.100355527812e-01  -5.464422632364e-03   1.586892727647e-01   5.109567508818e-03   3.480572248183e-02   5.058694961358e-01   9.878551903516e-01   4.696176727388e-01   1.628301747058e-01  -8.312554039645e-02   2.627434406197e-01   6.690239847021e-02   8.506410371511e-01   1.572786033553e+00   7.352905338521e-01   5.591420623766e-01   5.223394949118e-02   1.079741004547e-02   4.658084502074e-02   5.958150030020e-01   1.089994295767e+00   5.062182987820e-01   2.298599330192e-01  -3.238841544220e-01   6.078276816214e-03  -2.944114396474e-02  -4.278925766773e-01  -8.355870713657e-01  -3.972499170254e-01   1.035592010730e-01   1.173777963637e-01  -2.222447175692e-01  -3.103033434859e-02  -3.989908200398e-01  -7.230647793110e-01  -3.338248203603e-01   6.517171871401e-02   2.624197714806e-01  -3.180427473421e-03  -6.495566617142e-02  -8.244079488913e-01  -1.529060823429e+00  -7.162488754128e-01   5.301095829995e-01   1.211300384864e-01  -1.107988616819e-02
   1.058424851752e-05   8.829053623932e-06   2.139105933746e-07  -9.712606485265e+00  -7.263882038716e-06   1.262718038154e-04   7.496454650776e-07  -1.340871473668e+01  -2.546893162610e-05   1.485844141148e-04   7.107362812132e-07  -8.474685982523e+00  -2.437462929660e-05   9.479902549987e-05   2.892815827993e-07  -3.105384335527e+00  -1.004654920735e-05  -8.049835010118e-02   6.072534500279e-01  -7.799099342753e-05  -2.215459382212e-07  -1.749263646485e-01  -3.063894290149e-01  -3.248684329321e-01   1.020124241155e+00   4.720739945194e-01  -4.303301393550e-01  -1.840699881276e+00   2.890570690017e+00   7.430910114711e-01  -1.205569000210e+00  -1.709957894363e+00   2.117478435976e+00  -1.032099495039e+00  -8.748668434317e-01  -5.172454396017e-01   4.025377571127e-01  -1.204221276051e+00  -1.657149378896e-01  -1.356062557208e+00   5.658390430340e-01   6.616859377542e-01   1.723894377476e+00  -2.286896221209e+00   4.900994835486e-01   5.196616300234e-01  -2.976826877125e-01   1.724171399060e+00   6.883087650439e-01   2.944171351635e+00  -8.434583402274e-01   4.290691583655e+00   1.928203896497e+00   2.735007635851e+00  -6.178649976402e-01   1.566614355530e+00   1.399241699126e+00   8.273935352573e-01  -1.174697360973e-01  -7.101178313234e-01   2.650599532947e-01  -1.174510159858e+00   2.681500311534e+00  -1.058341311594e+00  -5.030100465108e-01  -2.744644228071e+00  -1.835216637214e-01  -1.945898021732e-01  -7.224499354987e-01  -4.316782343873e-02  -2.577663576349e-01  -1.102574136358e+00  -2.047132060532e+00  -7.168555348763e-01  -7.221446928974e-01  -1.024265161893e+00  -1.499625082957e+00  -2.101569442948e+00  -5.240558097060e-01  -3.098174649106e-01  -2.850697419843e-01  -1.407533904567e+00  -9.926218950935e-02  -8.693868900700e-01  -3.048596684811e-01   3.963496805381e-01  -1.220895092514e+00  -2.356714377295e+00   3.709676405650e-02   5.391098103134e-01   1.052703325731e+00   5.004646468826e-01  -3.426063861468e-02   1.910740100009e-01   2.800249729294e-01   5.654959243347e-02   7.215055895876e-01   1.325474803063e+00   6.172395648199e-01  -2.999801040173e-01   3.728407944265e-01   8.074561621180e-03   6.440726587198e-02   8.200226298548e-01   1.512100856572e+00   7.057828338325e-01   1.881071024204e-01   5.084951930572e-01   9.979570101650e-03  -1.389028030965e-02  -2.018791278957e-01  -3.942052295969e-01  -1.873795833019e-01  -8.312535007544e-02  -1.228959263885e-02  -1.048556450773e-01   2.801047894460e-03   3.048424020842e-02   7.330901096423e-02   3.918339982741e-02   2.282984847042e-02  -5.619643777987e-02   2.630044120327e-03  -4.809718277283e-02  -6.078322223776e-01  -1.136126778953e+00  -5.346768708822e-01  -2.944726359448e-01   2.730533032664e-01  -9.402532304498e-03  -2.318929868700e-02  -3.370237715784e-01  -6.581013021357e-01  -3.128334048709e-01   1.173785024036e-01   4.698653921731e-02  -1.750510564034e-01  -5.933642673530e-02  -7.518721265680e-01  -1.398613068359e+00  -6.562874478644e-01   2.330038687615e-01   4.377631941366e-01  -1.077438881249e-02  -1.628551020613e-02  -2.119763619655e-01  -3.756712141155e-01  -1.709199694553e-01   1.505336578932e-01  -2.713444098745e-02  -5.341216084404e-04
   4.659815055646e-02   3.887073978617e-02   3.350814244147e-06  -7.263882038716e-06  -9.607347639254e+00   5.560460142371e-01   1.174959396909e-05  -2.546893162610e-05  -1.303907277073e+01   6.570521605647e-01   1.125326097331e-05  -2.437462929660e-05  -8.114094619093e+00   4.214615806328e-01   4.641334075791e-06  -1.004654920735e-05  -2.953915983457e+00  -2.215459382212e-07   1.128737289035e-04   4.960270196685e-01  -5.219855867526e-05   1.416899555917e-05   1.677612221442e-01   1.775465233310e-01  -5.623297808157e-01  -4.429726588342e-01  -9.313610348560e-02   1.049887919285e+00  -1.658402638080e+00  -1.306405708754e+00  -8.203382969756e-01   1.136113888492e+00  -1.426063444100e+00  -1.123389725687e+00  -2.017661242907e+00   5.171828922779e-01  -4.108127679851e-01  -3.236230802236e-01  -1.279721588056e+00   1.848778512166e+00   7.093685913386e-01  -1.772362650350e+00   9.005026516794e-01   4.452676320202e-01   1.677848591029e-01   1.775726721549e-01  -1.025986729004e-01   7.085292510946e-01  -9.316871197958e-02   1.049955997568e+00  -3.025630023493e-01   2.089460769179e+00  -8.204707494062e-01   1.136134181722e+00  -2.601598778706e-01   1.796645231308e+00  -2.017788156331e+00   5.171826766230e-01  -7.494320554408e-02   5.175570760985e-01  -1.279750493719e+00  -5.394416811702e-01  -1.134712783520e+00  -1.772471493595e+00   1.643117250471e-01  -1.823601718980e+00   1.677523004167e-01   1.775366560846e-01   6.648280694485e-01  -2.653393883293e-01  -9.312370078471e-02   1.049861935063e+00   1.960729054051e+00  -7.825501558723e-01  -8.202878360083e-01   1.136105893396e+00   1.686070583841e+00  -6.729360997079e-01  -2.017612793308e+00   5.171828712426e-01   4.857200557040e-01  -1.938599319742e-01  -1.279710545306e+00  -1.309348277606e+00   4.248973117864e-01  -1.772320982751e+00  -1.064610121722e+00   1.379038214907e+00   3.915642083450e-02   5.670323103442e-01   1.204692449720e+00   6.897543549823e-01  -3.640771121326e-02   2.513742290813e-01   2.431494835258e-01   3.766861144323e-03   6.536826330685e-02   2.028490171237e-01   2.076145510261e-01  -2.408742162744e-02   3.074080968098e-02  -5.523393019000e-02   3.772260479083e-03   6.543464530039e-02   2.029712933598e-01   2.076716920633e-01   1.439575452215e-02   3.635617405867e-02  -5.523060086534e-02   3.914687521067e-02   5.669575296146e-01   1.204630892343e+00   6.897431079297e-01   2.358618263657e-01  -9.412795104064e-02   2.431033756217e-01   3.761826273203e-03   6.530630767206e-02   2.027353239791e-01   2.075614694848e-01   3.862115162437e-02   5.484312723741e-03  -5.522666226379e-02   3.769920418363e-03   6.540711076413e-02   2.029226145355e-01   2.076493552733e-01   2.427804513201e-02  -3.062679825791e-02  -5.521539338620e-02   3.914897614756e-02   5.669743813186e-01   1.204645045426e+00   6.897457871788e-01  -1.995068554374e-01  -1.571406815056e-01   2.431136065284e-01   3.773865156751e-03   6.545582715676e-02   2.030125417151e-01   2.076914082750e-01  -1.461083606521e-02  -3.628681355253e-02  -5.521531323953e-02   3.759974559271e-03   6.528315136193e-02   2.026920625821e-01   2.075411517698e-01  -3.857448424222e-02  -5.688368070916e-03  -5.523242099765e-02
  -5.208681320074e+00  -5.477180797940e+00  -2.254903904021e-05   4.889204540689e-05   2.152519121029e-01  -1.211577616202e+01  -6.853909208891e-05   1.485844141148e-04   6.570521605647e-01  -1.344899016864e+01  -9.183504473487e-05   1.987720398081e-04   9.311967808948e-01  -9.851472774025e+00  -5.005015634292e-05   1.081828789273e-04   5.379272730165e-01   1.007119400523e-06  -3.428333140719e-05   2.887069158260e-01   1.581916231681e-05  -7.712151122834e-05  -1.183742046314e+00  -1.289720232698e+00   1.117155865296e+00   8.800420859521e-01  -4.563321570307e-01  -4.143430303341e+00   3.502751203419e+00   2.759322023050e+00  -1.398472827022e+00  -6.706194300515e+00   6.310401175692e+00   4.971113482666e+00  -2.415838967755e+00  -6.300728382043e+00   4.501938635889e+00   3.546457223684e+00  -1.671627572752e+00  -2.050553323113e+00   8.165794236510e-01   1.006748982795e+00   1.036581026255e+00  -4.938294650887e-01  -1.183819702991e+00  -1.289805975046e+00   2.038189256575e-01  -1.407550399159e+00  -4.563425058172e-01  -4.143677013397e+00   6.390480271345e-01  -4.413229717361e+00  -1.398493939370e+00  -6.706453319413e+00   1.151239024526e+00  -7.950464729575e+00  -2.415813388156e+00  -6.300834211586e+00   8.212907596855e-01  -5.671820643640e+00  -1.671574413124e+00   5.983019979444e-01  -1.305983040354e+00   1.006813170420e+00   1.891090192706e-01   2.022614868901e+00  -1.183712503224e+00  -1.289687590583e+00  -1.320808028641e+00   5.271521765290e-01  -4.563281981779e-01  -4.143335483503e+00  -4.141309348328e+00   1.652864876761e+00  -1.398464703547e+00  -6.706093784715e+00  -7.460901252423e+00   2.977792908769e+00  -2.415848490519e+00  -6.300687069712e+00  -5.322776470834e+00   2.124417444956e+00  -1.671647711161e+00   1.452263934426e+00   4.891466126391e-01   1.006723881791e+00  -1.225568319473e+00  -1.529525939679e+00  -3.953467292004e-01  -1.576298960759e+00  -3.869933471852e+00  -4.579743551782e+00   9.489047212645e-02  -6.551472142582e-01  -8.386195100587e-01  -4.284809374837e-01  -1.647061425820e+00  -3.911215131403e+00  -4.580763708267e+00   6.809039844948e-01  -8.925468576099e-01   2.462058095824e-02  -4.284872797039e-01  -1.647079402743e+00  -3.911242059759e+00  -4.580779857556e+00  -3.998411969700e-01  -1.049011917360e+00   2.451291540932e-02  -3.952998184540e-01  -1.576149929956e+00  -3.869713399476e+00  -4.579625779810e+00  -6.147735212779e-01   2.453436195357e-01  -8.385356615673e-01  -4.284358853017e-01  -1.646915675828e+00  -3.910986914447e+00  -4.580636376524e+00  -1.113330592551e+00  -1.433455678764e-01   2.471046454358e-02  -4.284200642256e-01  -1.646870045437e+00  -3.910928392214e+00  -4.580610235433e+00  -7.085629953124e-01   8.705872706409e-01   2.453904774603e-02  -3.953103676538e-01  -1.576184495912e+00  -3.869765738935e+00  -4.579653983419e+00   5.200067485021e-01   4.095759692836e-01  -8.385546155791e-01  -4.284340078873e-01  -1.646915427540e+00  -3.911000719867e+00  -4.580651224207e+00   4.325832986282e-01   1.035820520928e+00   2.446271713671e-02  -4.284514376245e-01  -1.646964514954e+00  -3.911059895838e+00  -4.580675421577e+00   1.108312500618e+00   1.782389766053e-01   2.475311328161e-02
  -1.496766944128e-06  -1.028141973879e-06  -3.453639842909e+00   8.866783005886e-08   1.388943754953e-06  -3.714271338334e-05  -8.474798317794e+00   7.107362812132e-07   1.125326097331e-05  -9.183504473487e-05  -1.166977656889e+01   1.309514198014e-06   2.469508624505e-05  -8.874036225084e-05  -7.316472108912e+00   6.340843138070e-07   1.539181990673e-05  -1.877672205693e-01  -2.316674303860e-07   2.819863970996e-05   4.843623813175e-01   8.640734370532e-02  -2.045817135898e+00  -2.245456433891e+00   6.499739280335e-01   1.371230398375e+00  -7.113233783303e-01  -5.160871480638e+00   8.948215336326e-01   3.178687791112e+00  -1.614578694674e+00  -4.685689094867e+00  -1.554674178892e+00   3.142457755442e+00  -1.556431311833e+00  -1.809085495147e+00  -2.930037446575e+00   9.360349261048e-01  -4.590882707444e-01  -7.366739173613e-01   9.458077069730e-01  -3.009805969697e-02   3.616315087101e-01   1.503853167909e+00  -3.732475317737e-01  -4.096709345879e-01  -1.032853789501e+00  -4.001045875740e-01  -1.297712938611e-01  -9.415690609715e-01  -3.006199166053e+00  -9.274909484397e-01  -2.945565313763e-01  -8.548849598751e-01  -5.411297584058e+00  -9.169436679024e-01  -2.839487687844e-01  -3.300879711726e-01  -4.078810919236e+00  -2.731544598004e-01  -8.375849074583e-02  -2.488045832947e+00  -2.759564492287e-01  -5.488812975117e-03  -7.990419137652e-01   8.052487491394e-01   2.418759660316e+00   2.654791300504e+00   1.342545485018e+00  -9.711343929069e-01   8.410077400408e-01   6.101675354893e+00   2.500299764210e+00  -2.251215797127e+00   1.908942299131e+00   5.539839725262e+00   3.247049465699e-02  -2.225531322318e+00   1.840191561068e+00   2.138787704271e+00  -2.457341561389e+00  -6.628848186044e-01   5.427750098467e-01  -1.006435195758e+00  -6.698550341535e-01   3.559439137395e-02   8.393470325289e-01  -3.619903548041e-01  -1.151554324485e-01  -3.303114466199e-01  -4.193778883533e-01  -2.144930704760e-01  -4.587036877656e-01  -1.725493668272e-01  -2.262648262079e-01  -6.666459227096e-01  -1.735697738548e+00  -2.190779587024e+00  -1.155371822602e+00   3.872940912015e-01  -1.235331801078e+00   1.318862960277e-02   3.435433932371e-01   8.564598784092e-01   1.100045632614e+00   5.969671498013e-01  -2.749068972842e-01   7.250293954595e-01   4.582435312947e-03   7.460917421155e-01   2.140143121854e+00   2.717130773979e+00   1.389501589473e+00   5.655328329718e-01  -4.187009272972e-01   1.466018473473e+00   1.236306593192e+00   3.334914354524e+00   4.151159962291e+00   2.137710927266e+00   2.375175579802e+00   3.661468681437e-01  -5.922621712891e-02   8.579717982015e-01   2.364110170968e+00   2.918700404828e+00   1.481422779423e+00   7.675493080834e-01  -1.605375198611e+00  -5.559516711564e-02  -6.310782680152e-01  -1.810222469121e+00  -2.298289167077e+00  -1.175359909682e+00   2.669705422364e-01   5.912127519638e-01  -1.240016152631e+00  -5.698450824127e-01  -1.599695843545e+00  -1.960986001818e+00  -9.826997574318e-01  -5.486525218457e-03   1.287294699575e+00   4.561090943012e-02  -1.201448277088e+00  -3.220394712006e+00  -4.018519715278e+00  -2.078341034411e+00   2.264389466507e+00   4.623149395164e-01   5.156274657593e-02
   3.245371057015e-06   2.229273047293e-06   8.866783005886e-08  -3.453626443180e+00  -3.010946196643e-06   8.052088433775e-05   7.107362812132e-07  -8.474685982523e+00  -2.437462929660e-05   1.987720398081e-04   1.309514198014e-06  -1.166946693740e+01  -5.330224735192e-05   1.918113461939e-04   6.340843138070e-07  -7.316246920793e+00  -3.319149700067e-05  -8.649457134543e-02   4.843314784932e-01  -6.141420976375e-05  -2.316674303860e-07  -1.879564833848e-01  -1.611572300990e+00  -1.768836587762e+00   1.371206507901e+00  -1.054440534337e-02  -5.603356692594e-01  -4.065387488393e+00   3.178573111950e+00  -6.363576333285e-01  -1.271850982966e+00  -3.690926158586e+00   3.142175590187e+00  -3.068497701658e+00  -1.226013630764e+00  -1.424881391953e+00   9.358568041658e-01  -3.380963467657e+00  -3.616046333794e-01   2.070545721834e-01  -9.393703457042e-02  -2.374156668433e-02   9.457666176333e-01  -2.084359271205e+00   2.577568830590e+00   2.829101763324e+00  -4.000982094982e-01   1.672240072902e+00   8.961695078837e-01   6.502218696735e+00  -9.274587875117e-01   3.264449853922e+00   2.034117771927e+00   5.903368821387e+00  -9.168614513384e-01   7.877335264449e-01   1.960810979094e+00   2.279183320435e+00  -2.731021657812e-01  -2.232264594805e+00   5.783580497080e-01  -4.930736042285e-01   1.066687578125e+00   3.794865109195e-02  -2.759446663622e-01  -3.323406410363e-01  -9.653442282140e-01  -1.059546379688e+00  -9.711171528109e-01  -7.030999665437e-01  -3.356508367112e-01  -2.435199115826e+00  -2.251133985254e+00  -2.241755491129e+00  -7.618621383525e-01  -2.210882317980e+00  -2.225331753384e+00  -4.655493394089e+00  -7.344038522222e-01  -8.534812606301e-01  -6.627590268965e-01  -3.853633890635e+00  -2.166028944077e-01  -1.660733108949e+00  -5.716344850204e-01  -1.422666739610e-02  -6.698263294184e-01  -1.813680441775e+00   7.950912090961e-01   2.280636469204e+00   2.895423903448e+00   1.480717014592e+00  -1.725567332890e-01   7.076652995240e-01   1.562268987257e+00   1.042792213242e+00   2.848953184318e+00   3.528678254401e+00   1.801480929842e+00  -1.514059095565e+00   1.450581868344e+00  -6.050392418626e-02   1.189047271510e+00   3.224233915287e+00   4.005088293130e+00   2.055155638298e+00   1.003802024373e+00   2.112763779173e+00  -6.148989934894e-02  -2.977504406777e-01  -8.540817425746e-01  -1.084285286455e+00  -5.544303055293e-01  -4.187014502894e-01  -3.165445677353e-01  -5.850611374585e-01   5.588155949912e-02   7.855042837402e-02   1.327876496172e-01   9.982542176996e-02   8.744959625680e-02  -5.373579352384e-01   1.882784842924e-02  -8.918197798931e-01  -2.353312309194e+00  -2.954642099073e+00  -1.544262735690e+00  -1.326607711928e+00   1.070195309167e+00   2.681965471298e-02  -4.970678735691e-01  -1.425812050942e+00  -1.810133126991e+00  -9.256153587996e-01   5.912235258245e-01  -1.798670508267e-02  -9.767048011476e-01  -1.098548315658e+00  -2.927188901867e+00  -3.661084222765e+00  -1.900982701849e+00   1.008500327463e+00   1.843238903481e+00   4.131128745766e-02  -2.969797415223e-01  -8.703108862102e-01  -1.049728292434e+00  -5.104192765359e-01   7.409948319465e-01  -4.265331458875e-01   3.487830362047e-02
