ARMA_MAT_TXT_FN008
151 151
   3.235008400420e-01   2.818868763286e-01   1.011765811223e-07  -1.703721701199e-07  -5.690436122582e-03  -5.325116790236e-02   1.539153703623e-07  -2.866887089153e-07  -6.209349217433e-03  -5.228314569406e-02   2.328522376098e-07  -4.442684782692e-07  -9.727978212167e-03   1.186868649484e-02  -9.007453300058e-08  -2.195151472681e-07  -4.704114410921e-03   5.919665701610e-09   1.755473920727e-08   1.059151442208e-03  -7.675323486052e-09  -2.528265233363e-07   1.183081055470e-03   1.876723734703e-03   4.468736715816e-03   3.520074742582e-03  -1.815312353147e-03  -4.260542216060e-03   7.740363393640e-03   6.097371229948e-03  -3.323559308569e-03   3.536121893592e-03   1.484294884936e-03   1.169645794506e-03  -8.718541568364e-05  -4.241312900859e-03   6.698314642458e-04   5.278369257580e-04  -4.666056772916e-05  -1.869068779368e-03   1.156828968202e-03   5.036319373298e-04   1.468811208533e-03  -4.502269686923e-04   1.183076175502e-03   1.876701891710e-03   8.152418493289e-04  -5.629887968960e-03  -1.815273442907e-03  -4.260590696605e-03   1.412052258530e-03  -9.751605969110e-03  -3.323635202334e-03   3.537439787964e-03   2.705460180564e-04  -1.869385781290e-03  -8.749587093359e-05  -4.241210846943e-03   1.222197982137e-04  -8.442936500302e-04  -4.654578274395e-05   5.454003196891e-04  -1.850248604968e-03   5.036654785316e-04   2.679875414442e-04   1.843694935577e-03   1.183094855964e-03   1.876743194447e-03  -5.283459068675e-03   2.108585241650e-03  -1.815331532512e-03  -4.260533559205e-03  -9.151673159307e-03   3.652473511210e-03  -3.323540259217e-03   3.535427143453e-03  -1.755447545646e-03   7.008702665898e-04  -8.706210300269e-05  -4.244229341732e-03  -7.926862465837e-04   3.160826342150e-04  -4.648903341407e-05   1.323682779282e-03   6.929644342594e-04   5.036254998084e-04  -1.736564975061e-03  -1.394214241495e-03   4.988266160325e-04  -4.135231234249e-04  -1.813707645939e-03   2.168228953455e-04   2.901454089514e-05  -2.002929161547e-04  -1.561784529285e-04   1.432599839537e-03   1.970124683982e-03   1.475897868568e-03   6.512953675068e-04   8.321975535870e-05  -1.795936222960e-04  -3.623486897453e-05   1.432477872794e-03   1.969807476950e-03   1.475603392532e-03   6.513933214255e-04  -2.887531253670e-05  -1.958368345552e-04  -3.621069805594e-05   4.989379570576e-04  -4.124583942268e-04  -1.812860458463e-03   2.174792400893e-04  -1.879481660506e-04   7.499265640321e-05  -1.560403289969e-04   1.432581828155e-03   1.969925147387e-03   1.475781941708e-03   6.512842568490e-04  -1.971748164810e-04   1.768311809251e-05  -3.629853994486e-05   1.432358356584e-03   1.969263596195e-03   1.475503866954e-03   6.518097640521e-04  -1.551970846319e-04   1.229881408959e-04  -3.624592861336e-05   4.989099597145e-04  -4.127230637855e-04  -1.813319466166e-03   2.169300717495e-04   1.589847366666e-04   1.252013734576e-04  -1.560767356077e-04   1.432297654137e-03   1.969201815273e-03   1.475194615656e-03   6.513907956425e-04   1.139568564322e-04   1.619420618458e-04  -3.621975178101e-05   1.432662487155e-03   1.970202115352e-03   1.475880901687e-03   6.515409525891e-04   1.840399210229e-04   7.287431369176e-05  -3.629645687590e-05
   2.818868763286e-01   2.537422519385e-01   1.647763274549e-07  -2.805164633002e-07  -8.974480460737e-03  -9.086508618018e-02   2.786003178448e-07  -5.165060483447e-07  -1.124146480475e-02  -8.626554954078e-02   4.139506795353e-07  -7.931960617583e-07  -1.668112896288e-02   1.891783187696e-02  -9.090966610222e-08  -2.688307306605e-07  -7.992713780829e-03   1.066304656321e-08   3.230030857654e-08   1.684678218675e-03  -1.515725842224e-08  -4.122926162309e-07   1.900684494281e-03   3.034665313719e-03   7.406855912784e-03   5.834446864467e-03  -3.034133061692e-03  -6.909136141082e-03   1.294122681732e-02   1.019424393959e-02  -5.550984638343e-03   5.909744120033e-03   2.477607482456e-03   1.952331368891e-03  -1.593518816927e-04  -6.833758276322e-03   1.069951806999e-03   8.431325356318e-04  -2.907422864433e-06  -3.157417458669e-03   1.947868885558e-03   8.326608112698e-04   2.473200792203e-03  -7.605771911075e-04   1.900667072206e-03   3.034620813578e-03   1.351252443261e-03  -9.331429864517e-03  -3.034057054817e-03  -6.909211358708e-03   2.360829006347e-03  -1.630381125674e-02  -5.551094895542e-03   5.911961737546e-03   4.516149556785e-04  -3.120387620403e-03  -1.598425163086e-04  -6.832918336013e-03   1.952856404428e-04  -1.348435525066e-03  -2.733084238493e-06   9.213483863257e-04  -3.115462486490e-03   8.327037899334e-04   4.512412405161e-04   3.114551630476e-03   1.900704039487e-03   3.034698564276e-03  -8.757241084536e-03   3.494934160640e-03  -3.034169204212e-03  -6.909135319646e-03  -1.530080391055e-02   6.106597161310e-03  -5.550955668750e-03   5.908664673901e-03  -2.930179227359e-03   1.169855331821e-03  -1.591473777287e-04  -6.837591473929e-03  -1.265974554222e-03   5.048481771440e-04  -2.706215055786e-06   2.236092488962e-03   1.166811462798e-03   8.326521573778e-04  -2.924040115660e-03  -2.355250539449e-03   8.434218773528e-04  -6.872733263154e-04  -3.121977705400e-03   3.744898965277e-04   4.625485441570e-05  -3.193038549627e-04  -2.511835381506e-04   2.422349121721e-03   3.346062624060e-03   2.506114423125e-03   1.041702894635e-03   1.441912138276e-04  -2.999030848604e-04  -5.508127222972e-05   2.422138497229e-03   3.345512781927e-03   2.505680605822e-03   1.041946144200e-03  -5.323144731164e-05  -3.285068040763e-04  -5.504009075563e-05   8.436221014034e-04  -6.854813392729e-04  -3.120607723829e-03   3.754575497055e-04  -2.996223407695e-04   1.195506101114e-04  -2.509570074753e-04   2.422312707256e-03   3.345705850187e-03   2.505913403401e-03   1.041758007974e-03  -3.318792771994e-04   2.500726999507e-05  -5.518578826964e-05   2.421924572704e-03   3.344601527638e-03   2.505409063464e-03   1.042569695940e-03  -2.579406810711e-04   2.104585026991e-04  -5.509881497402e-05   8.435717920084e-04  -6.859454669576e-04  -3.121255337444e-03   3.747265060542e-04   2.534504786489e-04   1.995923059773e-04  -2.510174465462e-04   2.421821908592e-03   3.344486133721e-03   2.504978651657e-03   1.041900645094e-03   1.876795825892e-04   2.749508386450e-04  -5.505513578141e-05   2.422456420978e-03   3.346167257113e-03   2.506131257886e-03   1.042144470080e-03   3.111212623018e-04   1.180991648612e-04  -5.518203402466e-05
   1.011765811223e-07   1.647763274549e-07   4.066508473907e-02   1.373593357999e-08  -1.299258832674e-07  -3.741768523309e-07   6.585646730003e-02   2.290613791651e-08  -1.268227819637e-07  -2.341760588298e-06   4.721185880419e-02   8.205619389156e-08   4.771357317305e-07  -2.918559703249e-06  -1.412414668495e-02  -3.045367205372e-08   1.021683439489e-06   3.312229941093e-03   7.305228344157e-10  -1.428688872156e-07  -4.953485558469e-03  -1.524222176496e-03  -5.519171434764e-03  -9.237764837322e-03  -1.637916621053e-02  -1.315291385977e-02   6.876664565561e-03   2.480791542201e-02  -2.768745285985e-02  -2.308229400678e-02   1.181331496906e-02   1.479507291001e-02  -1.747425107304e-02  -1.056194399903e-02   2.735155752187e-03   3.086487473944e-02  -5.781026525897e-03  -1.838561731053e-03   3.585825691341e-03   4.554139727738e-03  -2.303194856017e-03  -1.458550176102e-03  -2.394241016290e-03  -1.389915386893e-03  -1.006829660607e-03  -1.685183092734e-03  -2.381798441810e-04   3.837290394553e-03   1.254455607746e-03   4.525500832138e-03   6.387787806584e-04   6.734211233544e-03   2.155037672242e-03   2.699082896619e-03  -4.515076768305e-03   3.080836355532e-03   4.989801395367e-04   5.630055113181e-03  -3.529981357241e-03   5.358620542655e-04   6.533578282637e-04   3.496124424888e-03   6.719956253080e-04  -2.661933610261e-04   4.326401307123e-04  -1.814593317413e-03   6.525552555941e-03   1.092221868190e-02  -2.302324842154e-02   9.315645477175e-03  -8.130656210904e-03  -2.933160887002e-02  -3.934718492442e-02   1.634812703814e-02  -1.396742167205e-02  -1.749220357924e-02  -2.280985904489e-02   7.481046574427e-03  -3.233869883129e-03  -3.649495439272e-02  -6.709309824265e-03   1.302878991083e-03  -4.241213823029e-03   4.389605782606e-03   1.631234342844e-03   1.724214610209e-03  -3.557744626600e-03  -2.520126085064e-03  -4.091243496039e-04  -8.022003444264e-04  -8.685057830163e-04   2.126689919703e-04  -1.711728633051e-04   1.450175356587e-04   4.260599855984e-05  -2.463263117031e-03  -6.137296468465e-03  -2.847730573375e-03   1.143298545474e-03  -2.846668374811e-05  -1.984588506172e-04   5.862075042996e-05   1.420419395748e-03   4.368782999572e-03   1.126641587630e-03  -2.681092282880e-03  -7.770734702507e-05   5.142711937627e-04   7.722886461758e-05   2.650688184087e-03   5.198413196174e-03   5.628123554821e-03  -1.383660810075e-03  -1.032394687284e-03   3.521666120224e-04  -2.758978906401e-04   4.107659641323e-03   7.699251738612e-03   6.324700953492e-03   4.273233228436e-03  -9.309484703534e-04   1.733356610640e-04  -4.367993702425e-04   2.653450786677e-03   3.764700420834e-03   4.836231620754e-03   5.700671045890e-03  -1.050640426673e-03   5.933122981218e-04  -4.438584587046e-04  -2.242055068935e-03  -4.396802678683e-03  -4.760168142759e-03   1.169504512462e-03  -7.812030194458e-04  -4.971912078953e-04   2.334116738621e-04  -1.645036828245e-03  -1.563647065812e-03  -3.476601172689e-03  -5.409746680620e-03  -8.018416233608e-04  -7.939134446923e-04   3.782919670577e-04  -4.072954633292e-03  -8.132213167906e-03  -5.961602804614e-03  -3.024621447581e-03  -6.328758951219e-04  -2.885387236208e-04   3.665362895437e-04
  -1.703721701199e-07  -2.805164633002e-07   1.373593357999e-08   4.066762634817e-02   3.283825874492e-07   6.199187618849e-07   2.329142567149e-08   6.586043555236e-02   3.333487996715e-07   4.670303228751e-06   6.387441918548e-08   4.721602375474e-02  -8.282680733538e-07   4.894848828687e-06  -1.192305849485e-07  -1.412327689412e-02  -1.568217507515e-06   1.525059084981e-03  -4.953467624875e-03   2.804852150420e-07   3.157323565194e-09   3.313960629568e-03  -4.348684224539e-03  -7.278687060350e-03  -1.315613999567e-02  -1.004603236588e-02   5.418168766303e-03   1.954716760566e-02  -2.308698489382e-02  -1.657292744970e-02   9.307747139987e-03   1.166039495173e-02  -1.056606097039e-02  -1.239207035765e-02   2.154464188488e-03   2.432753585733e-02  -1.838547179286e-03  -4.899823022557e-03   2.826808752924e-03   2.423421108634e-03  -1.284579474862e-03  -1.148428479534e-03  -2.303868552684e-03   3.740819536099e-03   6.954598703269e-03   1.164033996061e-02   3.838151868574e-03  -2.618903393399e-02  -8.664841107630e-03  -3.126031389044e-02   6.735411235808e-03  -4.490158414330e-02  -1.488540828644e-02  -1.864832158312e-02   3.081826242752e-03  -2.535517205800e-02  -3.445797532470e-03  -3.889895409498e-02   5.356812061229e-04  -7.155968345807e-03  -4.517284629134e-03   2.003260430791e-03  -4.111302830092e-03   1.837405968357e-03   6.722038504890e-04   4.797765183553e-03  -2.604981978098e-03  -4.360140603984e-03   9.317921436533e-03  -3.401036110546e-03   3.245678530964e-03   1.170934642095e-02   1.635144843115e-02  -4.912036519658e-03   5.575633745762e-03   6.984586082110e-03   7.484050547023e-03  -7.054505792044e-03   1.290533123981e-03   1.457250035255e-02   1.302655005508e-03  -3.969635251497e-03   1.693666529131e-03   1.298501352467e-03  -1.211117671836e-04  -6.878454478674e-04   1.631690362263e-03   3.902510346316e-03   2.823899226988e-03   5.538464949561e-03   5.996910947369e-03  -1.473287082152e-03   1.450517834276e-04  -1.152105307509e-03  -2.941346564314e-04   3.321554918892e-03   5.350226035767e-03   5.659618662503e-03   5.591122554675e-03   3.474789428214e-04  -1.145544333684e-03  -4.706954267447e-04   3.883840621140e-03   6.871629195906e-03   6.235196247096e-03   5.036155915316e-03  -3.162208853350e-05  -1.096192663597e-03  -4.680512223319e-04  -1.057616816652e-03  -2.074697243343e-03  -2.246529999846e-03   5.528052054154e-04   3.522606343902e-04  -2.907120863815e-04   1.100343612150e-04   4.720722313282e-04   2.640506655040e-03  -3.635051097663e-04  -3.783846360178e-03   7.194742231473e-04  -2.432206916711e-04   1.845335866065e-04  -3.171557207919e-03  -7.218228261239e-03  -4.093349823580e-03  -1.985146044324e-04   4.741137333918e-05  -1.233686018328e-04   1.670981112668e-04  -1.765518140722e-03  -3.463140525104e-03  -3.750122761854e-03   9.224207702132e-04  -4.973249093787e-04  -5.419488674931e-04   1.837642465746e-04  -3.794145334716e-03  -7.990495431525e-03  -5.297403593201e-03  -1.806497756007e-03  -2.480811966914e-04  -3.720946552516e-04   2.861637601663e-04  -7.121438970571e-04   3.482999488865e-04  -2.142593054303e-03  -4.841325993244e-03  -8.346793478591e-04  -5.413040533038e-04   3.008462010117e-04
  -5.690436122582e-03  -8.974480460737e-03  -1.299258832674e-07   3.283825874492e-07   6.582770164825e-02   2.631186536540e-02  -1.501206046300e-07   3.945749922731e-07   1.043597252832e-01   3.565806077691e-02   3.332396924714e-07  -8.005378465747e-07   1.139445096530e-01  -3.601870556725e-02  -7.437093461586e-07   1.158624812015e-06   3.364698447758e-02   1.916452276780e-08  -5.145295279602e-07  -3.102178485697e-03   2.278943075008e-07  -5.537383789196e-07   2.940558220930e-03   4.972642465806e-03   7.803585387022e-03   6.147325009015e-03  -2.012534308399e-03  -1.393065302744e-02   1.368794175356e-02   1.078328469366e-02  -1.897871457420e-03   3.428746521996e-03   1.497735132378e-03   1.180920046907e-03  -4.390490022960e-03   5.682651372013e-03  -2.500506667048e-03  -1.972298074009e-03  -1.832740793388e-03  -3.112663550735e-03  -2.853449063057e-03   5.624174083526e-03  -3.622743497400e-03  -7.491740985434e-04   2.940262473785e-03   4.972126286013e-03   1.423495578408e-03  -9.830947935284e-03  -2.011485787254e-03  -1.392885514622e-02   2.496777801115e-03  -1.724413687786e-02  -1.896340514842e-03   3.428482665682e-03   2.727996048343e-04  -1.886587425721e-03  -4.390303690193e-03   5.674341570782e-03  -4.558329051730e-04   3.149617987739e-03  -1.830527684346e-03   9.080089480387e-04   4.564420366413e-03   5.624529034062e-03  -6.610794453873e-04   3.069961673049e-03   2.940681521370e-03   4.972857178380e-03  -9.226669057536e-03   3.682438791235e-03  -2.013048596434e-03  -1.393135132965e-02  -1.618440064872e-02   6.459660965393e-03  -1.898628218602e-03   3.428347869357e-03  -1.771917354567e-03   7.075467276352e-04  -4.390621401627e-03   5.684063847294e-03   2.957396556768e-03  -1.181893225540e-03  -1.833462267559e-03   2.204721862426e-03  -1.709209892440e-03   5.624042528493e-03   4.282915899107e-03  -2.321540658956e-03   6.742143020507e-03   1.663380536023e-02   2.606407218394e-02   1.462691411458e-03  -1.655493411007e-05   1.147527069344e-04  -1.058795637020e-04  -1.711392669114e-03  -6.098732214948e-03  -3.914974897912e-03  -8.149852291519e-04   3.573153535881e-04  -6.353714309489e-04  -1.597638198762e-04  -1.710845470337e-03  -6.097258949495e-03  -3.913405023897e-03  -8.145007548949e-04  -1.624167506040e-04  -7.105317487768e-04  -1.598461738687e-04   6.742009796398e-03   1.663287011770e-02   2.606096249679e-02   1.458211604553e-03   1.073848383004e-04  -4.301714484995e-05  -1.058442797209e-04  -1.711119498126e-03  -6.098799509726e-03  -3.914683622971e-03  -8.141449844404e-04  -7.291629004354e-04   8.131358007298e-06  -1.597617384410e-04  -1.710547420339e-03  -6.097027536146e-03  -3.912549471977e-03  -8.123736150371e-04  -5.342320371717e-04   4.960373789952e-04  -1.599421036158e-04   6.742019162769e-03   1.663302219229e-02   2.606156230858e-02   1.459265177396e-03  -9.080653911047e-05  -7.179818531110e-05  -1.058731716760e-04  -1.710293415944e-03  -6.096258253081e-03  -3.911800368340e-03  -8.119738836959e-04   3.716229133335e-04   6.270515731877e-04  -1.599803001705e-04  -1.711517021190e-03  -6.099632800415e-03  -3.915723276734e-03  -8.149774690749e-04   6.969203732751e-04   2.145641573851e-04  -1.596921672609e-04
  -5.325116790236e-02  -9.086508618018e-02  -3.741768523309e-07   6.199187618849e-07   2.631186536540e-02   2.525816681854e-01  -7.137837426701e-07   1.290061616670e-06   3.835222829578e-02   2.324627198252e-01  -1.072861506806e-06   2.038191636895e-06   5.211406124265e-02  -5.100112305726e-02   6.590741897154e-08   5.408808090317e-07   2.362373178111e-02  -2.753047545952e-08  -1.089779257578e-07  -4.525625176494e-03   5.449364156332e-08   1.026817992939e-06  -4.553128189135e-03  -7.276769524725e-03  -1.951878412993e-02  -1.537481342353e-02   8.644486671513e-03   1.633877733350e-02  -3.439514112519e-02  -2.709367777709e-02   1.576286105477e-02  -1.639016808616e-02  -6.686570796839e-03  -5.268393712644e-03   7.570729746588e-04   1.803404702230e-02  -2.895209124107e-03  -2.281566737896e-03  -2.582141631372e-04   8.484830379074e-03  -5.462775554251e-03  -2.039141072289e-03  -6.936072557686e-03   2.043910805472e-03  -4.553141606456e-03  -7.276770628094e-03  -3.560948362875e-03   2.459045539056e-02   8.644221394559e-03   1.633938059569e-02  -6.274729596017e-03   4.333214059908e-02   1.576306583522e-02  -1.639604891537e-02  -1.218961999190e-03   8.421162399158e-03   7.582347660814e-04   1.802966456745e-02  -5.285478853720e-04   3.648142011860e-03  -2.584839476015e-04  -2.475938620493e-03   8.737365075288e-03  -2.039188575056e-03  -1.265511120718e-03  -8.369687612953e-03  -4.553150172692e-03  -7.276813640303e-03   2.307717671707e-02  -9.209742042578e-03   8.644585053939e-03   1.633863594366e-02   4.066607393834e-02  -1.622968691580e-02   1.576277298646e-02  -1.638754441708e-02   7.907631124698e-03  -3.156791905129e-03   7.565362802214e-04   1.804181586178e-02   3.425023215890e-03  -1.366095503761e-03  -2.585817571275e-04  -6.008948929569e-03  -3.272294324686e-03  -2.039134545859e-03   8.200409367810e-03   6.329198503784e-03  -2.667552097600e-03   1.607775422253e-03   9.737606261304e-03  -1.003285985887e-03  -1.188236215934e-04   8.202695277876e-04   5.500538994666e-04  -6.780397744512e-03  -9.558747411125e-03  -6.921256368363e-03  -2.718487451203e-03  -3.661918824494e-04   7.714863571630e-04   1.624564565263e-04  -6.779730864496e-03  -9.557050536449e-03  -6.920107581475e-03  -2.719308977567e-03   1.324065022654e-04   8.437318598839e-04   1.623333413262e-04  -2.668301776708e-03   1.602549829266e-03   9.733799733953e-03  -1.005838260680e-03   7.696789943539e-04  -3.071072440709e-04   5.494195825148e-04  -6.780205681171e-03  -9.557649515089e-03  -6.920593894180e-03  -2.718725032567e-03   8.513748415402e-04  -6.841581566149e-05   1.627451461275e-04  -6.779001020381e-03  -9.554439942483e-03  -6.918935553970e-03  -2.720625326361e-03   6.646390496836e-04  -5.368105723103e-04   1.624949864110e-04  -2.668119495315e-03   1.603941356333e-03   9.735279681536e-03  -1.004288972475e-03  -6.510764239074e-04  -5.127282552966e-04   5.495898494982e-04  -6.778694009305e-03  -9.554024841603e-03  -6.917959581937e-03  -2.718881134872e-03  -4.851510203030e-04  -7.032168389804e-04   1.623692572031e-04  -6.780689937516e-03  -9.559008468946e-03  -6.921434521239e-03  -2.719736125291e-03  -7.969155856566e-04  -3.070533573539e-04   1.627384904149e-04
   1.539153703623e-07   2.786003178448e-07   6.585646730003e-02   2.329142567149e-08  -1.501206046300e-07  -7.137837426701e-07   1.066962661383e-01   3.895629152498e-08  -1.096777424286e-07  -3.881138908694e-06   7.626889291312e-02   1.340803333472e-07   8.924893168033e-07  -4.739269740764e-06  -2.301473237105e-02  -4.343587775550e-08   1.709650480093e-06   5.411105507712e-03   1.107179567991e-09  -2.285725321202e-07  -8.043446447732e-03  -2.490082197099e-03  -9.195694558366e-03  -1.550450944928e-02  -2.633759339406e-02  -2.105324408359e-02   1.106545108209e-02   4.185957255464e-02  -4.457400166562e-02  -3.701255172637e-02   1.902448658564e-02   2.514286335379e-02  -2.814618108080e-02  -1.688495103083e-02   4.353772507426e-03   5.063243969774e-02  -9.490734519611e-03  -3.035073337566e-03   5.774812348217e-03   7.337800163604e-03  -3.704178304200e-03  -2.349877303680e-03  -3.862176219234e-03  -2.267707621139e-03  -1.677507551011e-03  -2.828364143890e-03  -5.012906877382e-04   6.142189168715e-03   2.018541253367e-03   7.636031774543e-03   8.475271250634e-04   1.079836058253e-02   3.470468453386e-03   4.586819501713e-03  -7.428711665935e-03   4.925228989555e-03   7.942349683647e-04   9.235856432357e-03  -5.774505235533e-03   8.846314207467e-04   1.052184657580e-03   5.675497965458e-03   1.080760080219e-03  -4.288579455511e-04   6.842353531000e-04  -2.935019067856e-03   1.087247761922e-02   1.833170741388e-02  -3.697249241740e-02   1.491108108020e-02  -1.308339892608e-02  -4.949274973867e-02  -6.327049506677e-02   2.621424653071e-02  -2.249368859940e-02  -2.972645852145e-02  -3.667601320564e-02   1.195960807691e-02  -5.147709511653e-03  -5.986837049659e-02  -1.102314164427e-02   2.150741448350e-03  -6.830337153080e-03   7.079255598526e-03   2.623473112319e-03   2.777912640958e-03  -5.733405161139e-03  -4.043550892019e-03  -5.909165605245e-04  -1.195627017460e-03  -1.415959714427e-03   3.293206834786e-04  -2.825690511232e-04   2.322019972371e-04   8.467044381510e-05  -3.994890027393e-03  -9.957637713119e-03  -4.633571056785e-03   1.853987527642e-03  -5.410569051322e-05  -3.237213172502e-04   9.385977352616e-05   2.460475627423e-03   7.316592633841e-03   1.844090861010e-03  -4.341251410355e-03  -1.077086009510e-04   8.466835397772e-04   1.125205029937e-04   3.828573986896e-03   7.748192410382e-03   9.176097661519e-03  -2.143019307455e-03  -1.661553919577e-03   5.638797161669e-04  -5.483767787901e-04   6.182683079994e-03   1.179449649213e-02   1.025762222612e-02   6.909876433517e-03  -1.568522208183e-03   2.090027402253e-04  -6.653559652496e-04   3.765379324777e-03   5.325034947120e-03   7.831559279402e-03   9.222287972264e-03  -1.698886636974e-03   1.060555621712e-03  -6.725093052721e-04  -3.238321387811e-03  -6.553302191077e-03  -7.760895150817e-03   1.811267435517e-03  -1.259352938489e-03  -7.960914528269e-04   4.639092746742e-04  -2.188751347148e-03  -1.839481242414e-03  -5.623400923968e-03  -8.752917877069e-03  -1.272906035030e-03  -1.368541373728e-03   5.717084866756e-04  -6.224533519027e-03  -1.263983157496e-02  -9.673668896642e-03  -4.889102886262e-03  -1.088887935252e-03  -4.239692983116e-04   5.598146406688e-04
  -2.866887089153e-07  -5.165060483447e-07   2.290613791651e-08   6.586043555236e-02   3.945749922731e-07   1.290061616670e-06   3.895629152498e-08   1.067024494442e-01   3.213698901360e-07   7.797077894340e-06   1.037703515640e-07   7.627545577126e-02  -1.612623386319e-06   7.930660184166e-06  -1.880607065882e-07  -2.301333123935e-02  -2.658988273680e-06   2.491423816837e-03  -8.043409122875e-03   4.469214223322e-07   5.382756974740e-09   5.413875074387e-03  -7.245534183850e-03  -1.221646111401e-02  -2.105866618725e-02  -1.620012743309e-02   8.718632759816e-03   3.298289309714e-02  -3.702046236219e-02  -2.675131501782e-02   1.498958812889e-02   1.981545277601e-02  -1.689178208018e-02  -2.002119216369e-02   3.429503969241e-03   3.990809545193e-02  -3.035090970875e-03  -8.035856188991e-03   4.552504197134e-03   3.891518534696e-03  -2.077510629708e-03  -1.850257977403e-03  -3.705253877090e-03   6.059948744928e-03   1.158731175706e-02   1.953689388020e-02   6.143639666554e-03  -4.203971153930e-02  -1.394268705143e-02  -5.274670109231e-02   1.080039076286e-02  -7.217674932384e-02  -2.397160054678e-02  -3.169051360496e-02   4.926879341112e-03  -4.074505555220e-02  -5.484809089219e-03  -6.381175805833e-02   8.843451023811e-04  -1.176035731203e-02  -7.274849173969e-03   3.231439556367e-03  -6.623681255306e-03   2.960217020247e-03   1.081091163081e-03   7.720519589776e-03  -4.340287435357e-03  -7.318029202197e-03   1.491491128308e-02  -5.563759558109e-03   5.222819935858e-03   1.975781014279e-02   2.621985585543e-02  -8.052979589809e-03   8.979302542045e-03   1.186950446159e-02   1.196459297249e-02  -1.148819997174e-02   2.054322251783e-03   2.390550442310e-02   2.150416896471e-03  -6.500358212446e-03   2.727624971507e-03   2.124156695980e-03  -2.063355705496e-04  -1.108213431088e-03   2.624203102778e-03   6.313944908657e-03   4.078388685648e-03   8.254503557471e-03   9.777156264213e-03  -2.281722169949e-03   2.322632550370e-04  -1.853231333717e-03  -5.845949088065e-04   4.833740261415e-03   7.875446225128e-03   9.170268254276e-03   9.043920043532e-03   6.649575324957e-04  -1.875974122319e-03  -7.143787976852e-04   5.768274067616e-03   1.037681148432e-02   1.010832857796e-02   8.144927016305e-03  -1.419366312157e-04  -1.822197451699e-03  -7.117722054982e-04  -1.527547251657e-03  -3.092340808273e-03  -3.662812229238e-03   8.562276767667e-04   5.640398934231e-04  -4.739614075286e-04   2.187411984916e-04   1.042079795628e-03   4.686629270053e-03  -5.722460671581e-04  -6.124629650147e-03   1.198002074454e-03  -3.618373347281e-04   2.758320678032e-04  -5.014026912892e-03  -1.152276915112e-02  -6.651196493791e-03  -3.166067861793e-04   7.191944671498e-05  -2.312420915649e-04   2.583603176086e-04  -2.549929492199e-03  -5.161686368667e-03  -6.114245142250e-03   1.428677501796e-03  -7.963226868774e-04  -8.762369718815e-04   3.652856856153e-04  -5.876497687849e-03  -1.256141895039e-02  -8.600039990068e-03  -2.918113099488e-03  -3.800093853550e-04  -6.570993549141e-04   4.385616938556e-04  -7.539840407733e-04   1.148786708814e-03  -3.458342674649e-03  -7.834329806349e-03  -1.412964418665e-03  -8.414773885064e-04   4.532182225608e-04
  -6.209349217433e-03  -1.124146480475e-02  -1.268227819637e-07   3.333487996715e-07   1.043597252832e-01   3.835222829578e-02  -1.096777424286e-07   3.213698901360e-07   1.655178714695e-01   5.342969156446e-02   6.399283241631e-07  -1.527150234887e-06   1.804348754514e-01  -5.691288543950e-02  -1.217899365731e-06   1.935926230215e-06   5.311203960883e-02   2.907170199626e-08  -7.954927039674e-07  -4.895786881402e-03   3.526829303004e-07  -8.993586062303e-07   4.791931372205e-03   8.124384152588e-03   1.270058570580e-02   1.000478907392e-02  -3.024302760613e-03  -2.274375467676e-02   2.227582456821e-02   1.754847784842e-02  -2.767857584692e-03   5.540593812275e-03   2.466391883134e-03   1.944506837933e-03  -6.703513865435e-03   8.810153005299e-03  -3.944947861331e-03  -3.111631906785e-03  -2.891463528733e-03  -5.074041911442e-03  -4.459600230597e-03   8.916102495327e-03  -5.661849440847e-03  -1.221266579542e-03   4.791437097375e-03   8.123509464416e-03   2.316798862790e-03  -1.599992729574e-02  -3.022636399626e-03  -2.274071695761e-02   4.063289119050e-03  -2.806276440696e-02  -2.765426983952e-03   5.540288855568e-03   4.492567290352e-04  -3.106523640044e-03  -6.703262579058e-03   8.797231120251e-03  -7.191389862607e-04   4.969047888416e-03  -2.887885513673e-03   1.480168550081e-03   7.133647261381e-03   8.916660909492e-03  -1.033174330284e-03   5.004420438248e-03   4.792135502284e-03   8.124744592260e-03  -1.501666899978e-02   5.993185005255e-03  -3.025112519260e-03  -2.274493110445e-02  -2.633852677431e-02   1.051231640236e-02  -2.769047144216e-03   5.539938629095e-03  -2.917834583403e-03   1.165060009637e-03  -6.703697483333e-03   8.812315529357e-03   4.665772398332e-03  -1.864648497534e-03  -2.892634988082e-03   3.593974162792e-03  -2.671287703307e-03   8.915894775334e-03   6.693610623767e-03  -3.784427218129e-03   1.041308460237e-02   2.588243784760e-02   4.112396779520e-02   2.314781495642e-03  -2.380751085852e-05   1.651190455181e-04  -2.192476434619e-04  -2.592493961601e-03  -9.490807094661e-03  -6.030284680987e-03  -1.254270063110e-03   5.727004541619e-04  -1.022240402780e-03  -2.408099774501e-04  -2.591730636003e-03  -9.488632083950e-03  -6.027844945429e-03  -1.253494321649e-03  -2.592293425470e-04  -1.142557862436e-03  -2.409317624068e-04   1.041283942049e-02   2.588093380017e-02   4.111907341922e-02   2.307604231627e-03   1.544621114361e-04  -6.190532408407e-05  -2.191973625280e-04  -2.591967778294e-03  -9.490814306295e-03  -6.029782271723e-03  -1.252852777749e-03  -1.172053215717e-03   1.498117200092e-05  -2.408137284388e-04  -2.591223347541e-03  -9.488255283326e-03  -6.026477988229e-03  -1.250035266235e-03  -8.600479251663e-04   7.959652753681e-04  -2.410851048221e-04   1.041286803997e-02   2.588118871359e-02   4.112001609125e-02   2.309296459322e-03  -1.306095584883e-04  -1.033225189621e-04  -2.192409343451e-04  -2.590896809059e-03  -9.487138055200e-03  -6.025329788036e-03  -1.249449309202e-03   5.989997510815e-04   1.006996260665e-03  -2.411401324085e-04  -2.592557486370e-03  -9.492060089050e-03  -6.031407237216e-03  -1.254184168902e-03   1.119675790759e-03   3.467201498046e-04  -2.407072535492e-04
  -5.228314569406e-02  -8.626554954078e-02  -2.341760588298e-06   4.670303228751e-06   3.565806077691e-02   2.324627198252e-01  -3.881138908694e-06   7.797077894340e-06   5.342969156446e-02   2.217049315924e-01  -3.106040267933e-06   6.080838660087e-06   6.875096929872e-02  -3.926814880481e-02   6.359379172209e-07  -1.216184853321e-06   2.897912528859e-02  -6.766745598305e-08  -6.169316431684e-07  -3.898783033038e-03   2.876354919882e-07   1.247507983818e-06  -5.280735651505e-04  -5.680123358324e-04  -1.910438926713e-02  -1.504942539375e-02   2.968859950835e-03  -7.581458689633e-04  -3.275553742646e-02  -2.580343018782e-02   6.684544237614e-03  -2.527685826832e-02  -7.604657229526e-03  -5.992971716552e-03  -4.594380884897e-03   1.209931564894e-02  -2.449314255098e-03  -1.931663756012e-03  -9.458997815232e-04   7.701138963934e-03  -5.702586270845e-03   1.575658844975e-04  -7.241328541125e-03   1.855615977426e-03  -5.265781052531e-04  -5.654861087035e-04  -3.484484030401e-03   2.406631046604e-02   2.968111613293e-03  -7.643662753230e-04  -5.974237329736e-03   4.126261411041e-02   6.683580575578e-03  -2.528636183506e-02  -1.385768796113e-03   9.577317715229e-03  -4.594002730132e-03   1.208679232368e-02  -4.467049041114e-04   3.084675516988e-03  -9.458586768638e-04  -2.247326013263e-03   9.120944232465e-03   1.579505064012e-04  -1.321222917134e-03  -7.596330344140e-03  -5.287799340386e-04  -5.691949734747e-04   2.258894718575e-02  -9.015162865359e-03   2.969304045105e-03  -7.551799950656e-04   3.873034437950e-02  -1.545735872677e-02   6.685177435727e-03  -2.527277099641e-02   8.994358262457e-03  -3.591016902550e-03  -4.594421659748e-03   1.210864796509e-02   2.898494685956e-03  -1.157072317220e-03  -9.461796058646e-04  -5.453931411023e-03  -3.415984872957e-03   1.573894093833e-04   8.561314684533e-03   5.745058187817e-03   4.152003242514e-04   7.661789645023e-03   1.787323836453e-02   3.407451885981e-04  -1.378756644993e-04   9.522741711044e-04   2.452720915999e-04  -1.195515282819e-02  -1.815265954309e-02  -8.563642551624e-03  -2.241901448044e-03   6.390862042815e-04   3.637190153842e-04   2.537805456260e-04  -1.195458635491e-02  -1.815137785780e-02  -8.562699480687e-03  -2.242310063223e-03  -7.159794776520e-04   1.676116306572e-04   2.534706982545e-04   4.148481294573e-04   7.657585322222e-03   1.786763204398e-02   3.374951448408e-04   8.936810012898e-04  -3.566829002134e-04   2.450614825751e-04  -1.195526926440e-02  -1.815149592853e-02  -8.563696215325e-03  -2.242537029221e-03  -4.157402436973e-06  -7.350665072047e-04   2.542443632039e-04  -1.195344570603e-02  -1.814789336583e-02  -8.561875830820e-03  -2.243108944090e-03   5.033924227030e-04   5.356908337360e-04   2.536346481756e-04   4.149809315218e-04   7.658747410653e-03   1.786953030923e-02   3.390085420766e-04  -7.558486290962e-04  -5.954420015846e-04   2.451069487676e-04  -1.195317567310e-02  -1.814778156921e-02  -8.560801242098e-03  -2.241188123633e-03  -6.346448397986e-04   3.710810586060e-04   2.533729719761e-04  -1.195575864375e-02  -1.815285693331e-02  -8.564216403772e-03  -2.243372483405e-03   2.126359549706e-04  -7.037334530416e-04   2.543204028914e-04
   2.328522376098e-07   4.139506795353e-07   4.721185880419e-02   6.387441918548e-08   3.332396924714e-07  -1.072861506806e-06   7.626889291312e-02   1.037703515640e-07   6.399283241631e-07  -3.106040267933e-06   5.570993709294e-02   1.483999561997e-07   1.252952054247e-06  -3.609278527666e-06  -1.566004457161e-02  -8.542130768129e-08   1.327870943451e-06   3.719941904828e-03  -7.041146626503e-09  -1.915797965021e-07  -5.588634667797e-03  -1.711842346370e-03  -4.598638952644e-03  -7.732510151584e-03  -2.010605317209e-02  -1.588991637879e-02   8.840972596762e-03   2.122835444301e-02  -3.373703452791e-02  -2.768629333711e-02   1.505575585566e-02   1.188572726340e-02  -2.123430934185e-02  -1.273008885145e-02   4.114464808451e-03   3.286994167378e-02  -6.162723897269e-03  -1.891563774790e-03   4.217366193546e-03   5.456853310709e-03  -2.741340509240e-03  -1.827422154615e-03  -2.867131048221e-03  -1.599368619650e-03  -8.388313415047e-04  -1.410449681523e-03  -6.072726032100e-04   4.635461766423e-03   1.612946511544e-03   3.872097140595e-03   2.376066285299e-04   8.076870232397e-03   2.746779110631e-03   2.168269656415e-03  -5.615917105281e-03   3.713059976257e-03   7.507450296300e-04   5.995565693432e-03  -3.847848452186e-03   5.511425266052e-04   7.684581770754e-04   4.089981192362e-03   7.998245587275e-04  -3.334935763065e-04   4.974706123486e-04  -2.147843671666e-03   5.437373367698e-03   9.142865112277e-03  -2.813294258003e-02   1.125447045836e-02  -1.045277873942e-02  -2.510037603368e-02  -4.772284140017e-02   1.960946099574e-02  -1.780052134468e-02  -1.405244540736e-02  -2.766512596316e-02   9.016956332704e-03  -4.864359368908e-03  -3.886578524583e-02  -7.117678408974e-03   1.340556588176e-03  -4.988043277267e-03   5.244453090476e-03   1.941552982283e-03   2.160337594491e-03  -4.251949129094e-03  -3.059493516401e-03  -8.846553155214e-04  -1.532710042719e-03  -1.018857506431e-03   2.806608813907e-04  -2.217629309431e-04   1.726454313345e-04  -3.026369182191e-05  -3.416551281176e-03  -7.940698157345e-03  -3.503221934625e-03   1.242470580288e-03   4.175595127671e-05  -2.602599077996e-04   1.170537304431e-04   1.584129635821e-03   5.002974771493e-03   1.554200950558e-03  -3.000616978732e-03  -1.347471545426e-04   5.893083977852e-04   1.076366173597e-04   5.730997195388e-03   9.930619222299e-03   6.603090118792e-03  -1.824934168624e-03  -1.247109383492e-03   4.193261401614e-04   1.961526046363e-04   6.875649751055e-03   1.194455638977e-02   7.267027502324e-03   4.910003970094e-03  -8.092728623919e-04   4.987545359848e-04  -7.299600026115e-04   5.004023101798e-03   7.098422558238e-03   5.373319666649e-03   6.493235160266e-03  -1.237885780186e-03   2.999255930097e-04  -7.264688476414e-04  -4.847700669003e-03  -8.399736217860e-03  -5.584627011694e-03   1.542692950985e-03  -9.480095454382e-04  -5.919913789582e-04  -1.658955650432e-04  -3.460861664881e-03  -4.007427980032e-03  -3.763638114752e-03  -6.144389206340e-03  -1.041275499456e-03  -6.172989548364e-04   6.129785692409e-04  -6.586156457336e-03  -1.209855658672e-02  -6.925401306339e-03  -3.498779259322e-03  -4.361045673846e-04  -5.104082359605e-04   6.188385961940e-04
  -4.442684782692e-07  -7.931960617583e-07   8.205619389156e-08   4.721602375474e-02  -8.005378465747e-07   2.038191636895e-06   1.340803333472e-07   7.627545577126e-02  -1.527150234887e-06   6.080838660087e-06   1.483999561997e-07   5.571617645492e-02  -2.741503598234e-06   5.936320898060e-06  -1.749769646959e-07  -1.565932239291e-02  -2.204065189548e-06   1.712824546079e-03  -5.588816540191e-03   3.734666527356e-07  -1.004903755091e-08   3.721960956146e-03  -3.623789931508e-03  -6.093440726101e-03  -1.589441847640e-02  -1.245612431736e-02   6.965215639114e-03   1.672897312687e-02  -2.769310573279e-02  -2.040736628579e-02   1.186147448380e-02   9.369338434020e-03  -1.273532762096e-02  -1.510965819286e-02   3.240347289233e-03   2.590923853573e-02  -1.891267243150e-03  -5.256979414333e-03   3.324726770310e-03   2.934971763901e-03  -1.546381088670e-03  -1.438967364640e-03  -2.742189549394e-03   4.406164766914e-03   5.794733519234e-03   9.743754856340e-03   4.636714507680e-03  -3.195809469076e-02  -1.113969248057e-02  -2.675025849575e-02   8.078718322516e-03  -5.438619222870e-02  -1.897062133666e-02  -1.498351370240e-02   3.714360544713e-03  -3.073400664161e-02  -5.183071844442e-03  -4.142701837378e-02   5.508712859803e-04  -7.577714349258e-03  -5.313245047635e-03   2.391724566636e-03  -4.910966924512e-03   2.301999417547e-03   8.000938660138e-04   5.771856969097e-03  -2.170808392780e-03  -3.650259498068e-03   1.125752200589e-02  -4.427708067983e-03   4.172381159274e-03   1.002150606705e-02   1.961407632166e-02  -6.419452706921e-03   7.105353462256e-03   5.612138488366e-03   9.020626544363e-03  -8.675868827312e-03   1.941008415795e-03   1.551968726442e-02   1.340057860374e-03  -4.299832723707e-03   1.991937994356e-03   1.480952256635e-03  -1.615313350734e-04  -8.619174506436e-04   1.942110737615e-03   4.615253874364e-03   6.106512607144e-03   1.058141589128e-02   7.035102826113e-03  -1.943977720127e-03   1.726760746433e-04  -1.389680082550e-03   2.089777633457e-04   5.968497224489e-03   9.213360811332e-03   6.369785833908e-03   6.383536056637e-03  -7.876543610855e-06  -1.247413031958e-03  -7.754936618332e-04   6.692674347154e-03   1.108803382460e-02   7.102310458942e-03   5.767634594043e-03   3.370537531902e-04  -1.070753809586e-03  -7.768419083825e-04  -2.286785416126e-03  -3.963174122201e-03  -2.635921427759e-03   7.290863925730e-04   4.194320272015e-04  -3.640663995677e-04  -7.834563316475e-05  -2.622837174572e-05   2.270482614053e-03  -1.510321344839e-04  -4.265601136948e-03   7.515157285991e-04  -3.966343532632e-04   2.863523999028e-04  -4.716826688549e-03  -9.874206678711e-03  -4.896955364177e-03  -2.876685843432e-04   4.758568171344e-05   3.222180430726e-05   2.951006596257e-04  -3.817502145910e-03  -6.615698637075e-03  -4.399864222549e-03   1.216734517669e-03  -5.921327669237e-04  -6.632395553641e-04  -1.307303114077e-04  -5.942987308296e-03  -1.148358718521e-02  -6.220667025397e-03  -2.116842783550e-03  -3.651090567988e-04  -1.642776022627e-04   4.890356660784e-04  -1.974925138220e-03  -1.210537922155e-03  -2.206220994049e-03  -5.484168105323e-03  -7.631811553861e-04  -7.698153028961e-04   4.816296523745e-04
