ARMA_MAT_TXT_FN008
72 72
  -1.758574044122e+01  -2.200681583003e+01   1.550524586379e-02  -2.808789377398e-02  -3.146714318942e-07  -8.145424269567e+00   6.677819537535e-03  -1.277053689880e-02  -1.265285058090e-07  -3.530067822911e+00   2.524016318653e-03  -5.272433460701e-03  -4.141586740053e-08  -1.596036196796e+00   6.582172618211e-04  -1.995262600635e-03  -1.003312775171e-08   1.063880464063e-04   2.474037998828e-08  -1.169145275849e-03  -4.929098929230e-09   1.065184002382e-03  -2.989792564339e-01  -1.499727101785e+00  -1.320204782408e+00  -7.567933043446e-01   8.959979746069e-01   1.974586334374e+00   1.352797216346e-05  -3.224406925614e-04  -2.296844140407e-04  -1.273723283943e-02   1.194599069530e-03   7.731180301352e-09  -2.078844231754e-01  -7.149490460220e-01   7.165228212226e-02   3.402382147687e-07  -8.446209278737e-01  -1.687833287979e+00   1.693146504740e-01   7.942089649389e-07  -7.184072354176e-01  -7.994498256593e-01   8.006519655627e-02   3.762010784398e-07   1.497416232799e-01  -1.029906504197e-07   4.355452738702e-01   6.887540690946e-07  -7.394579214415e-01  -1.187719790131e-04  -4.515378492848e-02  -4.201873226368e-01  -5.045907669649e-01  -2.957027325816e-03  -1.391050082271e-03  -3.037097905457e-07   7.968003258063e-05  -3.335442891263e-02  -3.804324841020e-01  -4.871787517959e-01  -1.850819101375e-03   6.348881079940e-04   8.516031478533e-04   7.969607057752e-05  -3.335344819519e-02  -3.804288116750e-01  -4.871770940869e-01  -1.850730271807e-03   6.351754955284e-04  -8.513817323098e-04
  -2.200681583003e+01  -1.651694702064e+01   1.473816333829e-02  -2.657233691927e-02  -3.041591799506e-07  -7.391646424066e+00   3.383841589250e-03  -6.789014021055e-03  -6.405575954117e-08  -3.318720315834e+00   5.338557496441e-04  -2.168551093575e-03  -1.145824579860e-08  -1.512489790293e+00  -5.063229101789e-04  -7.273687417759e-04  -3.571131874947e-10   8.388127785372e-04   5.828281657002e-08  -3.037463143101e-03   1.377634830775e-09   1.450603098225e-03  -2.990948084820e-01  -1.419672826905e+00  -1.251064726099e+00  -7.187806929550e-01   8.503745156097e-01   1.876627148181e+00   1.286512892967e-05  -2.542704585017e-04  -2.489974466953e-04  -1.216187157994e-02   1.113523360835e-03  -4.372024374300e-10  -2.014372778191e-01  -6.881269057204e-01   6.919569251542e-02   3.194672080353e-07  -8.008600638551e-01  -1.595217860559e+00   1.605946094099e-01   7.492981790466e-07  -6.819635011758e-01  -7.586618459842e-01   7.633496848496e-02   3.579016350203e-07   1.455332282911e-01  -6.068384222044e-08   4.211202384513e-01   6.758839334473e-07  -7.150093827258e-01   2.380043577179e-04  -4.355096443860e-02  -3.992400563763e-01  -4.792903239982e-01  -3.063997071274e-03  -1.181326458912e-03  -2.674988364537e-07   2.480197979090e-04  -3.217084112090e-02  -3.613293581554e-01  -4.626330181324e-01  -1.861289821926e-03   5.335673658138e-04   6.808156533404e-04   2.480055593341e-04  -3.216989260255e-02  -3.613258297410e-01  -4.626314178905e-01  -1.861183369695e-03   5.337874826497e-04  -6.806311279552e-04
   1.550524586379e-02   1.473816333829e-02   1.694728946584e+00   1.813518998325e-02   6.794721194161e-08   2.260787123823e-03  -8.189987752888e-01   1.235936692415e-02   4.696219203590e-08   2.489498563855e-03  -7.527850523449e-01   5.449166028657e-03   6.409015055010e-08  -6.076572615527e-03  -2.897099969625e-01   1.058282382931e-03   6.583709386016e-08  -5.516709267178e-02  -1.718613729006e-07  -2.087853632013e-02  -5.006691382940e-07   6.640092331635e-02  -2.070836893191e-01  -1.852602640964e-01  -6.921195511453e-02  -2.357998825977e-02  -1.771015902274e-01   2.947084920873e-01   2.055414057644e-06   4.861685114926e-03   6.067887588792e-03   1.698616870909e-01  -1.556802515407e-02   7.433182643077e-08   2.244036308219e-01   4.433199026423e-01  -4.859358939402e-02  -2.364251289613e-08   1.981721299828e-01   1.717496215453e-01  -3.110034498901e-02   9.730205437724e-09   4.793847025385e-02  -4.026508069912e-02  -5.339723318088e-03   4.482278530011e-08  -7.982970781932e-02   5.058496211932e-07  -2.006984725225e-01  -2.697584600289e-07   3.376354464835e-01  -2.660346420810e-03   4.735038810799e-02   9.183445994033e-02   3.472485576174e-02   3.709938771535e-02   9.807704764919e-03   2.391265165618e-06  -5.554061586561e-03   3.534505889060e-02   8.199847813552e-02   3.224130303999e-02   2.951493941814e-02  -5.712025673764e-03  -6.375415746148e-03  -5.554472577407e-03   3.534358151081e-02   8.199667579395e-02   3.224062878568e-02   2.951419338536e-02  -5.714202138938e-03   6.373797338213e-03
  -2.808789377398e-02  -2.657233691927e-02   1.813518998325e-02   1.652576134661e+00   9.215568975040e-07  -1.258745803525e-02   1.250077066129e-02  -8.577459597334e-01   8.112512013339e-07  -1.661221070242e-02   5.548531632436e-03  -7.780339024484e-01   3.943450848392e-07  -1.435640092590e-02   5.388627639593e-04  -3.149760932718e-01   1.070562361365e-07  -1.438235326418e-02  -1.105806942028e-06   4.769343356140e-02  -2.419478789505e-07   5.778636381072e-02  -4.657917462922e-01  -4.317573242727e-01  -1.666723185582e-01  -4.524858932222e-02   3.137431214022e-01   3.442554313660e-01   4.636363627224e-06  -5.342671204703e-04  -7.955159191271e-04  -2.095115700480e-02  -1.119249915994e-02  -1.227795098032e-07  -2.494375095267e-02  -6.087664542478e-02  -9.955351472728e-02  -9.474854123845e-08  -2.769940412475e-02  -5.169465415082e-02  -1.933397970623e-01  -3.129705778132e-08  -1.351526139804e-02  -1.696975765361e-02  -1.120954358108e-01  -2.884436654223e-08  -1.990816937707e-01  -2.635876197253e-06   2.720323864644e-02   1.041500007600e-07  -7.269820860556e-02  -5.926107572261e-03   1.746281561234e-02   4.290638264131e-02   1.760898198956e-02   1.225665071291e-02   2.893707329122e-03   1.094986766405e-06   4.208847694686e-03  -1.158138462004e-02  -3.655743704849e-02  -2.178235319497e-02  -9.864530907459e-03   4.690459049930e-04   2.800323730535e-03   4.211183855599e-03  -1.158675065697e-02  -3.657431262444e-02  -2.179092570917e-02  -9.868558196663e-03   4.709595124033e-04  -2.801168931259e-03
  -3.146714318942e-07  -3.041591799506e-07   6.794721194161e-08   9.215568975040e-07   1.580265795237e+00  -5.949976600586e-08   5.196828935551e-08   8.112374983405e-07  -9.107823606804e-01  -1.473509911608e-07   8.344707727430e-08   4.450912445637e-07  -7.989432901669e-01  -2.014273927481e-07   5.833047547112e-08   1.884452461683e-07  -3.215756898077e-01  -3.880620864569e-07  -3.487751800137e-02   2.165072763963e-07   1.800233343738e-02   3.925440888653e-07  -3.401500974792e-06  -3.190237140060e-06  -1.354101420038e-06  -4.270369855863e-07   2.236943322773e-06   4.428162815898e-06  -3.488356946234e-01  -2.814993440133e-09  -8.474101219524e-09  -1.255370760519e-07   1.651929239775e-07  -1.545629115050e-02  -1.762786843962e-07  -3.002359966571e-07   3.049262918308e-07  -1.138891293531e-01  -2.192586777518e-07  -3.218706460739e-07   2.722031205267e-07  -2.061072355900e-01  -1.631451473582e-07  -1.662470013286e-07   9.183957376953e-08  -1.156414026105e-01   7.229326693532e-08   2.897504102652e-02   3.597247465065e-06  -2.292423022383e-01   1.834675520050e-06  -1.827209243907e-06   4.114824792777e-06   1.069365687007e-05   5.047882445112e-06   3.964930305861e-06   1.401761842098e-06  -3.247901945130e-03   8.819511708958e-03  -1.388636006858e-02  -4.575107668001e-02  -2.309040705558e-02  -1.333063057284e-02   3.778202946175e-03   2.675981445265e-03  -8.817614168908e-03   1.388306320156e-02   4.574099120676e-02   2.308528510059e-02   1.332734051295e-02  -3.778943317242e-03   2.673944236100e-03
  -8.145424269567e+00  -7.391646424066e+00   2.260787123823e-03  -1.258745803525e-02  -5.949976600586e-08  -3.884448662287e+00   2.586280940298e-02  -6.439165467831e-02  -3.956343385242e-07  -2.485767242417e+00   2.312435998364e-02  -5.486169569962e-02  -3.295206162141e-07  -1.414730938465e+00  -1.019341201513e-03  -2.069000834447e-02  -1.279727643040e-07  -4.036344272095e-02  -5.878032821853e-07   6.215337271988e-02  -2.428299728426e-07  -4.633154637682e-03  -6.007367553570e-01  -1.286180243368e+00  -1.190413523383e+00  -7.374096247673e-01   5.509109465839e-01   1.216871103107e+00   8.374905300263e-06  -3.391555941626e-02  -3.724278411787e-02  -2.053938722933e-01   1.939143517661e-02  -8.243412783227e-08  -3.620202751851e-01  -7.706720339993e-01   7.533403881356e-02   1.619902719176e-07  -7.943425093553e-01  -1.359120477862e+00   1.270774626077e-01   4.845805422783e-07  -6.924487604927e-01  -7.373479170706e-01   6.717803407520e-02   2.849425356760e-07   1.219401137720e-01   4.993752984639e-07   3.479893912667e-01   5.986992514308e-07  -5.913936540934e-01   9.330133219910e-05  -9.767699830179e-02  -4.213794466916e-01  -4.945308697877e-01  -5.762527473191e-02  -2.255030444847e-02  -5.197295059374e-06  -1.807993640141e-04  -8.051285146810e-02  -3.892385815797e-01  -4.802361285873e-01  -4.147192268228e-02   1.281419884137e-02   1.658107702420e-02  -1.811441341778e-04  -8.051173852436e-02  -3.892363556315e-01  -4.802350967422e-01  -4.147014371506e-02   1.281985454215e-02  -1.657700396985e-02
   6.677819537535e-03   3.383841589250e-03  -8.189987752888e-01   1.250077066129e-02   5.196828935551e-08   2.586280940298e-02   3.060048917639e-03  -1.815353047998e-02  -1.426925960183e-07   6.205091178491e-02  -5.078445344413e-01  -2.366371917821e-02  -1.565894374465e-07   4.151973985294e-02  -3.367877373326e-01  -1.153440373633e-02  -4.951168200564e-08  -1.220745117910e-01  -4.987952064312e-07  -4.553031320449e-02  -1.016644881418e-06   1.562538191848e-01  -2.239761725668e-01  -1.570843136708e-01  -4.888806513514e-02  -4.395656928290e-03  -1.695284550547e-01   1.119273718308e-02   1.013458520410e-07   1.208357693323e-01   1.394223105882e-01   3.752128246427e-01  -4.015497268914e-02  -5.307549016493e-08   3.794729041588e-01   3.788504396478e-01  -4.270698345856e-02  -4.079038943693e-08   2.766130427266e-01   1.509728079097e-01  -3.280776861021e-02  -5.490809210765e-08   9.440723285898e-02  -3.809556680181e-02  -1.266404417506e-02  -2.061749704754e-08  -6.399231210532e-03   9.657458574734e-07  -1.771778818323e-02   1.550001706379e-07   2.650150880208e-02   1.709295202302e-02   1.139700627746e-01   1.467046554753e-01   7.145007092861e-02   1.122885519649e-01   5.611493815154e-02   1.248383148508e-05   6.674817391207e-03   9.365101300352e-02   1.331314982204e-01   6.629471208877e-02   8.700710276630e-02  -3.139355126569e-02  -4.195207433691e-02   6.673647606957e-03   9.364841819602e-02   1.331288171770e-01   6.629344491782e-02   8.700380663839e-02  -3.140824152663e-02   4.194179979897e-02
  -1.277053689880e-02  -6.789014021055e-03   1.235936692415e-02  -8.577459597334e-01   8.112374983405e-07  -6.439165467831e-02  -1.815353047998e-02  -1.807650432228e-02   1.868241506938e-07  -1.152664918959e-01  -2.377765112834e-02  -4.950733491608e-01  -2.983463229993e-07  -8.672895506756e-02  -1.226537814498e-02  -3.435927461471e-01  -2.551595944279e-07  -3.691985855979e-02  -2.221739815025e-06   1.070658149479e-01  -5.535130000432e-07   1.302845358928e-01  -5.087010604640e-01  -4.372451371039e-01  -2.461108509051e-01  -9.662974136906e-02   5.404537986649e-02  -1.176681928413e-01   3.911366427102e-07  -1.228734504391e-02  -1.427334067094e-02  -4.725688516516e-02  -5.969120678654e-02  -2.677109675623e-07  -4.376413653045e-02  -6.802491682529e-02  -1.367753143426e-01  -3.527231454149e-07  -6.011556367449e-02  -1.031621579432e-01  -2.058412063517e-01  -3.300679180002e-07  -5.013078808300e-02  -6.004740755606e-02  -1.379948781767e-01  -1.972482878749e-07  -1.657441606490e-01  -2.134383818340e-06   1.376025964802e-02   6.487434433765e-08  -3.806874694115e-02   3.720279538613e-03   3.649987383136e-02   3.552741173425e-02  -1.069344517275e-03   4.402077171857e-02   1.048074369055e-02   5.175381981565e-06  -9.159297842577e-04  -3.030978950988e-02  -6.168302172039e-02  -5.139069083219e-02  -3.167556429528e-02  -6.533111691905e-05   1.553415716783e-02  -9.160968503242e-04  -3.032338697501e-02  -6.170474936016e-02  -5.140186778909e-02  -3.168917519605e-02  -5.441611559120e-05  -1.553837878705e-02
  -1.265285058090e-07  -6.405575954117e-08   4.696219203590e-08   8.112512013339e-07  -9.107823606804e-01  -3.956343385242e-07  -1.426925960183e-07   1.868241506938e-07   1.941637740449e-02  -8.693252890454e-07  -1.312621468182e-07  -2.260559291546e-07  -4.234248161824e-01  -7.369217091578e-07  -4.560467714989e-08  -1.348918233770e-07  -3.088348198578e-01  -7.122727363282e-07  -6.997453392125e-02   2.190408929278e-07   4.171394492335e-02   7.011255935444e-07  -3.794554509672e-06  -3.336592076697e-06  -1.979008746530e-06  -8.197933516524e-07   4.998836874118e-07   2.424623855117e-07  -2.084031574363e-01  -5.704615253264e-08  -7.199436825229e-08  -2.641739511694e-07   1.102527432950e-07  -6.670187034677e-02  -2.849448929123e-07  -3.961024010465e-07   1.869848045242e-07  -1.481232151530e-01  -4.484809471568e-07  -7.355144096434e-07   1.039950182480e-07  -2.040863153016e-01  -4.302429377069e-07  -4.935458910794e-07  -1.467560606908e-08  -1.308309040952e-01   3.665035537053e-08   2.267814563124e-02   3.245131194721e-06  -1.848619613888e-01   1.767037994510e-06   1.984977905788e-07   8.897777628486e-06   1.199813196806e-05   5.742609714658e-06   1.165715125713e-05   5.876961997927e-06  -1.511931509669e-02   2.008850186230e-03  -3.460020804011e-02  -5.310679351809e-02  -2.711698776903e-02  -4.085355100441e-02   1.558973702698e-02   9.982282843067e-03  -2.008574409843e-03   3.459245679102e-02   5.309506407047e-02   2.711064467224e-02   4.084345406793e-02  -1.559404317364e-02   9.972995732972e-03
  -3.530067822911e+00  -3.318720315834e+00   2.489498563855e-03  -1.661221070242e-02  -1.473509911608e-07  -2.485767242417e+00   6.205091178491e-02  -1.152664918959e-01  -8.693252890454e-07  -1.642889075718e+00   1.842950196407e-01  -1.576825267911e-01  -1.006251745251e-06  -1.045546456834e+00   1.416537774129e-01  -8.344119969050e-02  -4.119471955791e-07  -5.045567388490e-02  -8.859138135615e-07   8.805503010319e-02  -3.460508511536e-07  -1.348527076255e-02  -5.326483204203e-01  -9.229080163404e-01  -8.860223335664e-01  -5.991603145538e-01   3.632656599394e-01   7.633635321739e-01   5.197524547941e-06  -5.112895982778e-01  -4.911679247443e-01  -2.350710516238e-01   2.417124992367e-02   2.113816678972e-07  -6.089002195232e-01  -5.331620328589e-01   5.025052361116e-02   5.484428115062e-07  -7.714524122767e-01  -8.723578182154e-01   5.988811862207e-02   5.207628145231e-07  -6.100728458045e-01  -5.027589816897e-01   2.670575293816e-02   2.092484596196e-07   6.189495396897e-02  -5.835761212176e-07   2.055412530775e-01   2.345656038492e-07  -3.430576095694e-01  -7.928247204766e-02  -2.177946564008e-01  -4.335443926675e-01  -4.447085565604e-01  -1.073192457747e-01  -1.088482012109e-01  -2.215207970111e-05  -6.922986503413e-02  -2.010782009196e-01  -4.199259837471e-01  -4.410289860580e-01  -9.148706444504e-02   5.908386715430e-02   9.219012625448e-02  -6.922933038116e-02  -2.010778906337e-01  -4.199272264201e-01  -4.410298560160e-01  -9.148446881198e-02   5.911785105287e-02  -9.217016790506e-02
   2.524016318653e-03   5.338557496441e-04  -7.527850523449e-01   5.548531632436e-03   8.344707727430e-08   2.312435998364e-02  -5.078445344413e-01  -2.377765112834e-02  -1.312621468182e-07   1.842950196407e-01  -4.222085508023e-01  -2.582859085232e-02  -4.654849962526e-07   2.487449500836e-01  -4.139651678775e-01  -5.394769836566e-03  -4.156834725715e-07  -9.657108409763e-02  -4.347650674613e-07  -4.447918699427e-02  -7.252331150412e-07   1.471186775981e-01  -1.761915893988e-01  -5.988850842861e-02   1.016097744378e-01   1.405409821693e-01  -9.305098842637e-03   4.513988918654e-02   2.726539422317e-07   1.299780935372e+00   1.224515643992e+00   2.548442990531e-01  -4.200869262415e-02  -5.830051686880e-07   9.379370354326e-01   1.489959381028e-01  -3.007469996841e-02  -1.033144418819e-06   6.160854411598e-01   4.160757882789e-03  -2.065327156271e-02  -8.267309240059e-07   3.135380607766e-01  -3.183400401078e-02  -1.793297271806e-02  -3.778952677869e-07   7.810482718987e-03   3.604366174733e-06  -2.243378620487e-02   2.549955464729e-07   2.291945510468e-02   1.905921686344e-01   3.616353071488e-01   3.779471728183e-01   2.471320855253e-01   1.375929496081e-01   2.364784208268e-01   4.702762030526e-05   1.586988033644e-01   3.354161500028e-01   3.635810841543e-01   2.396016313733e-01   1.216955747890e-01  -1.231073371508e-01  -1.980141219160e-01   1.586947775927e-01   3.354129630894e-01   3.635784455409e-01   2.396000360463e-01   1.216907651764e-01  -1.231804032699e-01   1.979706494412e-01
  -5.272433460701e-03  -2.168551093575e-03   5.449166028657e-03  -7.780339024484e-01   4.450912445637e-07  -5.486169569962e-02  -2.366371917821e-02  -4.950733491608e-01  -2.260559291546e-07  -1.576825267911e-01  -2.582859085232e-02  -1.634058466146e-01  -1.205598344159e-06  -1.483300550017e-01  -5.595184288797e-03  -1.677232664300e-01  -9.914847208803e-07  -3.528620188342e-02  -1.766389517080e-06   8.750136407070e-02  -4.026850160074e-07   1.018389111836e-01  -3.969134306251e-01  -2.733030664469e-01  -2.092065379851e-01  -1.272829180479e-01   8.786863070355e-02   9.445992972427e-02   8.182359037735e-07  -1.313227745294e-01  -1.236760104807e-01  -4.375423344601e-02  -1.635021325300e-01  -6.376053444424e-07  -9.796768803236e-02  -4.732727564678e-02  -1.764319760523e-01  -1.156501083361e-06  -1.024639532139e-01  -1.044233075531e-01  -1.566276063032e-01  -1.162069237399e-06  -9.251791165199e-02  -8.647838553686e-02  -1.116842041790e-01  -6.019570592300e-07  -7.506143177880e-03   1.343683472252e-05  -9.884756273352e-03   9.380313370076e-07  -2.151362061138e-02   8.180504059519e-02   6.901245363159e-02   3.818881741843e-03  -3.705254632813e-02   3.227603233118e-02   7.434632150934e-03   9.902514833156e-06  -5.793780923239e-02  -8.418247945441e-02  -9.306746331140e-02  -8.271302827960e-02  -4.112630045245e-02  -1.180913149958e-02   5.098259200313e-02  -5.796578382835e-02  -8.421614366402e-02  -9.309064192235e-02  -8.272348775859e-02  -4.114211540059e-02  -1.177769084700e-02  -5.099335444248e-02
  -4.141586740053e-08  -1.145824579860e-08   6.409015055010e-08   3.943450848392e-07  -7.989432901669e-01  -3.295206162141e-07  -1.565894374465e-07  -2.983463229993e-07  -4.234248161824e-01  -1.006251745251e-06  -4.654849962526e-07  -1.205598344159e-06  -1.781847539230e-02  -8.550291793561e-07  -3.811722973787e-07  -9.109734736240e-07  -8.436810258174e-02  -4.792848920312e-07  -4.712137367061e-02   2.562850996011e-07   3.424185231933e-02   5.678929124589e-07  -2.969157286755e-06  -1.960419266254e-06  -1.356409492431e-06  -7.964412443053e-07   6.009611805950e-07   7.318183822261e-07  -4.531108335690e-02  -5.978745855650e-07  -5.653480390039e-07  -2.160541032286e-07  -3.987936097940e-07  -1.675386141743e-01  -2.554456412843e-07  -2.552049146727e-07  -8.259308750849e-07  -1.760191872090e-01  -2.933681980452e-07  -7.080568100273e-07  -8.706752722577e-07  -1.310768399091e-01  -4.089263581105e-07  -6.162444454163e-07  -4.655937616921e-07  -8.829525901105e-02   8.828474860286e-07  -2.185172526677e-02  -1.031556280476e-05  -1.481662951429e-02  -6.397011953348e-06   1.809697283520e-05   1.940406629063e-05   1.071667744970e-05   4.460714429379e-06   1.010624902574e-05   1.398361013087e-05  -4.440112812740e-02  -7.437749057788e-02  -8.616732765540e-02  -5.031524245085e-02  -2.156494130383e-02  -4.466704728438e-02   3.470153642713e-02   1.425464996810e-02   7.436110420213e-02   8.614919274658e-02   5.030465477415e-02   2.155982607312e-02   4.465679335649e-02  -3.471557020178e-02   1.423055809938e-02
  -1.596036196796e+00  -1.512489790293e+00  -6.076572615527e-03  -1.435640092590e-02  -2.014273927481e-07  -1.414730938465e+00   4.151973985294e-02  -8.672895506756e-02  -7.369217091578e-07  -1.045546456834e+00   2.487449500836e-01  -1.483300550017e-01  -8.550291793561e-07  -7.000274285281e-01   2.766403039295e-01  -1.013631292844e-01  -3.354120260473e-07  -3.353833093199e-02  -6.292125204056e-07   6.089974353119e-02  -2.546172413064e-07  -1.123324187722e-02  -3.964608798313e-01  -5.935494725110e-01  -5.730243365758e-01  -4.213237705318e-01   2.306426685051e-01   4.751728917630e-01   3.231611066795e-06  -7.425823774633e-01  -7.060456742431e-01  -1.047311953464e-01   1.289287182955e-02   3.780778736394e-07  -7.380008601489e-01  -2.635818112121e-01   2.658131178295e-02   9.094979994136e-07  -7.322120977592e-01  -4.483139350769e-01   1.925234900816e-02   7.325241899326e-07  -5.085356736724e-01  -2.403193975649e-01  -3.325765615057e-03   2.291847044730e-07   3.213189908823e-02  -7.838201997081e-07   1.143492996113e-01   2.270634932908e-07  -1.865121925203e-01  -1.759364391497e-01  -3.094841931741e-01  -4.320338603272e-01  -3.807681959287e-01  -9.246519020470e-02  -1.775625639701e-01  -3.466430017879e-05  -1.666765241873e-01  -3.002427598446e-01  -4.312737903070e-01  -3.846232014271e-01  -7.870511603092e-02   9.022300426132e-02   1.520605606276e-01  -1.666763422002e-01  -3.002437276068e-01  -4.312767598228e-01  -3.846251317873e-01  -7.870203510691e-02   9.027964307714e-02  -1.520284929610e-01
   6.582172618211e-04  -5.063229101789e-04  -2.897099969625e-01   5.388627639593e-04   5.833047547112e-08  -1.019341201513e-03  -3.367877373326e-01  -1.226537814498e-02  -4.560467714989e-08   1.416537774129e-01  -4.139651678775e-01  -5.595184288797e-03  -3.811722973787e-07   2.766403039295e-01  -3.565742891335e-01   1.085718608638e-02  -4.149181640518e-07  -4.000147998892e-02  -1.713465341256e-07  -2.099316071072e-02  -2.796898161474e-07   6.716482608740e-02  -1.182205667514e-01  -3.622848630264e-02   1.443091494948e-01   2.001795014262e-01  -2.675717765069e-02   6.651842761923e-02   3.675535259733e-07   1.131170132481e+00   1.069496496812e+00  -2.355869638605e-03  -1.876078928768e-02  -4.520559902482e-07   9.367849093796e-01  -3.778144551978e-02  -1.925450053049e-02  -1.035327681178e-06   6.543935344408e-01  -1.049641161558e-01  -5.559340706259e-03  -8.251643559975e-07   3.643373973387e-01  -4.469381912748e-02  -6.026204471918e-03  -3.593810251470e-07   3.596372843826e-04   3.259641074831e-06  -4.573302188596e-03  -1.866955844989e-07  -7.536942110004e-03   2.878366952378e-01   4.177059799655e-01   4.165056261701e-01   2.931720262939e-01   9.632352540345e-02   2.775321599900e-01   5.384595328980e-05   2.629234676360e-01   4.010899415414e-01   4.114285043936e-01   2.899287513322e-01   7.746135607680e-02  -1.370082926680e-01  -2.328052795179e-01   2.629196465885e-01   4.010879179579e-01   4.114276632425e-01   2.899280935849e-01   7.745589790154e-02  -1.370944040211e-01   2.327547488539e-01
  -1.995262600635e-03  -7.273687417759e-04   1.058282382931e-03  -3.149760932718e-01   1.884452461683e-07  -2.069000834447e-02  -1.153440373633e-02  -3.435927461471e-01  -1.348918233770e-07  -8.344119969050e-02  -5.394769836566e-03  -1.677232664300e-01  -9.109734736240e-07  -1.013631292844e-01   1.085718608638e-02  -2.437434568668e-02  -8.644237727606e-07  -1.351500884421e-02  -7.561906531375e-07   3.763322861052e-02  -1.025180231951e-07   4.375394381786e-02  -2.636994381079e-01  -1.687989671863e-01  -9.359179203130e-02  -7.765644942235e-02   8.751576266516e-02   9.028235173034e-02   1.075932718307e-06  -1.142443696949e-01  -1.079323610717e-01  -1.716233846247e-02  -1.786143085561e-01  -4.493067045394e-07  -9.455521572160e-02  -2.262157746752e-02  -2.196806617277e-01  -7.609937327528e-07  -8.703708917361e-02  -4.857983139402e-02  -1.364677763434e-01  -7.832252630769e-07  -7.617529941842e-02  -4.991298003992e-02  -4.202733264626e-02  -4.311007365935e-07  -6.211973844735e-03   2.890034866398e-05  -3.956620874471e-02   1.678889561837e-06  -3.254094830252e-02   1.256449181661e-01   8.342525106545e-02  -7.689031896533e-03  -4.510849313744e-02   2.144553219956e-02   2.480311672258e-02   1.195506819530e-05  -9.585619250603e-02  -1.008348302660e-01  -8.109365970543e-02  -6.564080242246e-02  -2.673178541407e-02  -4.842526054831e-03   5.993957629529e-02  -9.590318442699e-02  -1.008758821480e-01  -8.111187488208e-02  -6.564596119858e-02  -2.674104099351e-02  -4.806665312976e-03  -5.995228253144e-02
  -1.003312775171e-08  -3.571131874947e-10   6.583709386016e-08   1.070562361365e-07  -3.215756898077e-01  -1.279727643040e-07  -4.951168200564e-08  -2.551595944279e-07  -3.088348198578e-01  -4.119471955791e-07  -4.156834725715e-07  -9.914847208803e-07  -8.436810258174e-02  -3.354120260473e-07  -4.149181640518e-07  -8.644237727606e-07   3.423560049337e-02  -1.190271410652e-07  -1.878888419977e-02   1.182783255678e-07   1.687712365195e-02   2.456640040047e-07  -1.956723605997e-06  -9.651367761304e-07  -8.065433970339e-08  -1.929247815444e-07   4.778858886438e-07   1.040248768169e-06  -6.811421211932e-02  -5.172411678368e-07  -4.910838358919e-07  -1.422070462132e-08  -3.713731775894e-07  -1.795726983162e-01  -1.614266799738e-07   4.698534115751e-08  -6.793786968569e-07  -2.176833570136e-01  -2.363279875943e-08  -1.375662435809e-07  -7.128844291344e-07  -1.170924535885e-01  -1.196285948147e-07  -2.456546638729e-07  -3.961537816761e-07  -2.291453166218e-02   1.597935500980e-06  -4.807510130920e-02  -2.380841258027e-05  -1.233649999645e-02  -1.444748673242e-05   2.832340085939e-05   2.311268517934e-05   7.972733699518e-06   1.591422330189e-06   6.758173237859e-06   1.680137999153e-05  -3.838428271954e-02  -1.251794111070e-01  -1.061313593809e-01  -3.959812972758e-02  -8.566737473032e-03  -2.699063564481e-02   3.788722720992e-02   2.782575536658e-02   1.251527568485e-01   1.061094766450e-01   3.959044329650e-02   8.564917425281e-03   2.698393271733e-02  -3.790422862873e-02   2.779720235250e-02
   1.063880464063e-04   8.388127785372e-04  -5.516709267178e-02  -1.438235326418e-02  -3.880620864569e-07  -4.036344272095e-02  -1.220745117910e-01  -3.691985855979e-02  -7.122727363282e-07  -5.045567388490e-02  -9.657108409763e-02  -3.528620188342e-02  -4.792848920312e-07  -3.353833093199e-02  -4.000147998892e-02  -1.351500884421e-02  -1.190271410652e-07   3.075554463699e+00  -6.324762230117e-07   3.569554031395e-02  -5.572884528847e-07   3.656678203234e-02  -3.119303712361e-02  -5.869627074236e-02  -4.984047827329e-02  -2.283983343719e-02  -7.347615910708e-03  -3.777926056863e-01  -3.478118494126e-06   1.305679834173e-02   1.622159265838e-02   5.300326408815e-02   7.981941927185e-02   2.868309918207e-07   2.880398007955e-02   1.271160588953e-02   5.137522475389e-02   4.149494649961e-07   1.143961549072e-02  -1.120001602727e-02   2.434068157450e-02   2.261624169176e-07  -8.875986423724e-03  -2.419935195507e-02   8.096241502408e-03   5.897060240860e-08  -7.078267281380e-02  -2.336884104910e-06   2.696456380255e-02  -1.297196160682e-07  -5.251978908406e-02  -1.803133407356e-02  -2.888881517392e-02  -8.403253353522e-03  -8.541692542071e-03  -4.191900894077e-02  -1.391636261967e-02  -6.320411989701e-06   8.603333209216e-03   2.454987243069e-02   1.063114607449e-02  -5.080101430615e-03   2.802768365555e-02  -3.179101290940e-04  -1.787082809574e-02   8.607970033428e-03   2.456031115904e-02   1.063468116693e-02  -5.079544911549e-03   2.803867221676e-02  -3.306203371966e-04   1.787537037887e-02
   2.474037998828e-08   5.828281657002e-08  -1.718613729006e-07  -1.105806942028e-06  -3.487751800137e-02  -5.878032821853e-07  -4.987952064312e-07  -2.221739815025e-06  -6.997453392125e-02  -8.859138135615e-07  -4.347650674613e-07  -1.766389517080e-06  -4.712137367061e-02  -6.292125204056e-07  -1.713465341256e-07  -7.561906531375e-07  -1.878888419977e-02  -6.324762230117e-07   3.160383247771e+00   2.742479410218e-07  -1.307962469992e-02   7.507081431757e-07  -8.855942281270e-07  -1.485195531074e-06  -1.085285085779e-06  -4.821214691559e-07  -2.934479308201e-06  -5.447507324230e-06   2.160734712697e-01  -7.904297180989e-09  -1.176505388851e-08   1.615652278789e-08   5.000591029092e-07  -9.700514136842e-03  -7.751821591348e-08  -3.880971481346e-08   5.102426642508e-07  -9.603491065801e-03  -2.717677764678e-07  -4.939991311284e-07  -3.279639106555e-08  -1.355286870917e-02  -3.145588887914e-07  -3.787200809263e-07  -1.747020021791e-07  -7.671284943950e-03  -2.547727495555e-07  -1.820725002669e-02  -8.910927148266e-09  -3.861680520145e-04  -6.873782289342e-08  -7.831861169855e-07  -1.707182952455e-06  -5.560439158945e-08  -1.547461095872e-08  -4.461902241506e-06  -1.002628232308e-06   4.546892878641e-03  -2.315896444881e-03  -8.224871548287e-03  -5.208453773860e-03  -1.972819705214e-03  -1.299968116713e-02   1.436015948919e-03   3.743770707633e-03   2.316328702404e-03   8.226432142843e-03   5.208159337155e-03   1.972186199319e-03   1.300247349713e-02  -1.440546696629e-03   3.742447080376e-03
  -1.169145275849e-03  -3.037463143101e-03  -2.087853632013e-02   4.769343356140e-02   2.165072763963e-07   6.215337271988e-02  -4.553031320449e-02   1.070658149479e-01   2.190408929278e-07   8.805503010319e-02  -4.447918699427e-02   8.750136407070e-02   2.562850996011e-07   6.089974353119e-02  -2.099316071072e-02   3.763322861052e-02   1.182783255678e-07   3.569554031395e-02   2.742479410218e-07   3.140045129401e+00   1.144706386347e-07   1.759364458007e-03   2.701254643715e-02   6.705319427683e-02   6.747051730118e-02   3.713044061602e-02   8.648264458468e-02   2.332220681364e-01   4.322899657084e-06   3.729120454526e-02   4.583553404685e-02   1.105019802281e-01  -1.181261922937e-02  -5.983962080924e-07   6.526951893219e-02  -9.514893572305e-03   4.978887519330e-03  -5.852588772203e-07   5.946901623990e-02   5.350378528494e-02   1.110508028566e-02  -2.859021089199e-07   3.818055457129e-02   2.610511426827e-02   9.330279770130e-03  -4.035413146021e-08   3.996375171461e-02   5.002783659777e-07   6.199005769817e-02   3.501270026755e-07  -1.367797684387e-01   9.192957787303e-03   2.816917083703e-02   2.964848236107e-02   2.521933139981e-02   3.450559411310e-02   1.906224328408e-02   6.110996698056e-06   2.435594711173e-03   1.815980308911e-02   3.201185282921e-02   2.806263590905e-02   1.394938883553e-02  -5.744956917500e-03  -1.421379402080e-02   2.436071454127e-03   1.816312710846e-02   3.201444865497e-02   2.806377962853e-02   1.395527739597e-02  -5.750067667203e-03   1.421349343374e-02
  -4.929098929230e-09   1.377634830775e-09  -5.006691382940e-07  -2.419478789505e-07   1.800233343738e-02  -2.428299728426e-07  -1.016644881418e-06  -5.535130000432e-07   4.171394492335e-02  -3.460508511536e-07  -7.252331150412e-07  -4.026850160074e-07   3.424185231933e-02  -2.546172413064e-07  -2.796898161474e-07  -1.025180231951e-07   1.687712365195e-02  -5.572884528847e-07  -1.307962469992e-02   1.144706386347e-07   3.147712116051e+00   1.750725291374e-07  -2.949820960389e-07  -4.900809701778e-07  -3.838847306575e-07  -1.710685077074e-07  -5.749810262020e-08  -3.340241858020e-06   1.092025483660e-01   6.149631825556e-08   7.791034483838e-08   2.857813638908e-07   2.026201280200e-07   8.439212633301e-02   1.782353225581e-07   1.726937524593e-07   3.132925065547e-07   5.271841764553e-02   7.032550447405e-08  -5.944068705030e-08   1.808349893829e-07   3.517340300069e-02  -7.565441006796e-08  -1.796545886915e-07   5.138127126592e-08   1.641731086726e-02  -1.103311140318e-07   1.045333912360e-02   1.726526631832e-06  -7.544366812587e-02   8.347528113683e-07  -3.444916856355e-06  -7.053675046828e-06  -3.046673858995e-06  -9.068231781705e-07  -1.039301405136e-05  -6.718743188942e-06   1.575407452471e-02   1.189807420271e-02   2.873848573179e-02   1.311550827243e-02   3.713992689195e-03   3.374922351108e-02  -1.632411965730e-02  -1.136880877619e-02  -1.189515291165e-02  -2.873179296063e-02  -1.311251284457e-02  -3.713274396825e-03  -3.374014129499e-02   1.632889969278e-02  -1.135849460591e-02
   1.065184002382e-03   1.450603098225e-03   6.640092331635e-02   5.778636381072e-02   3.925440888653e-07  -4.633154637682e-03   1.562538191848e-01   1.302845358928e-01   7.011255935444e-07  -1.348527076255e-02   1.471186775981e-01   1.018389111836e-01   5.678929124589e-07  -1.123324187722e-02   6.716482608740e-02   4.375394381786e-02   2.456640040047e-07   3.656678203234e-02   7.507081431757e-07   1.759364458007e-03   1.750725291374e-07   3.053967922291e+00   4.347720527585e-02   6.623079465170e-02   3.101731812775e-02   3.433365305424e-03   2.960840225941e-01   1.792328904550e-01   2.868603484974e-06  -6.330155330920e-02  -7.793435804287e-02  -1.886716636598e-01   3.481331741624e-02  -1.431182150239e-07  -1.089484423853e-01   2.820619893694e-02   1.209477306568e-02  -2.691684454701e-07  -6.805957324641e-02  -1.326875970657e-02   3.229702461487e-02   3.931277927291e-09  -2.210241295885e-02   1.293862229470e-02   1.871267609511e-02   6.194712171241e-08  -5.138506767860e-02  -3.093571246791e-07  -1.437319767602e-01  -2.047368382167e-07   2.247148330107e-01  -1.046952527275e-02  -4.197590632917e-02  -4.374037880360e-02  -2.034166860191e-02  -4.287173821006e-02  -3.362130168265e-02  -6.422794313569e-06  -5.892604524664e-03  -3.236674751335e-02  -3.058300525237e-02  -1.394697553971e-02  -3.047080737618e-02   1.837055261858e-02   2.036719471242e-02  -5.891131395702e-03  -3.236203825824e-02  -3.057896209135e-02  -1.394527884296e-02  -3.046368529241e-02   1.837675662277e-02  -2.035905447931e-02
  -2.989792564339e-01  -2.990948084820e-01  -2.070836893191e-01  -4.657917462922e-01  -3.401500974792e-06  -6.007367553570e-01  -2.239761725668e-01  -5.087010604640e-01  -3.794554509672e-06  -5.326483204203e-01  -1.761915893988e-01  -3.969134306251e-01  -2.969157286755e-06  -3.964608798313e-01  -1.182205667514e-01  -2.636994381079e-01  -1.956723605997e-06  -3.119303712361e-02  -8.855942281270e-07   2.701254643715e-02  -2.949820960389e-07   4.347720527585e-02   4.263709469207e-01  -5.718266484915e-01  -5.002764942935e-01  -2.831743946482e-01   1.778224330596e-01   3.580267713578e-01   2.071126173341e-06  -3.469758575404e-04   3.205901366837e-04   4.440923421482e-04  -2.470294193676e-03   1.442289224425e-07  -3.393631987279e-02  -1.027340573879e-01  -4.175334232481e-02  -1.741557505121e-07  -1.595578336963e-01  -3.140553397833e-01  -1.055106824234e-01  -8.148486888126e-07  -1.965554730516e-01  -2.483997492588e-01  -8.562518193075e-02  -7.077169827173e-07  -8.560216604853e-02  -2.163921416411e-06   6.442051224898e-02  -8.128330532877e-07  -8.864856755987e-02  -6.310544179470e-03  -5.424349312884e-03  -5.803182086978e-02  -1.189375502590e-01   6.165198984917e-03   1.473356174320e-04   1.297449398503e-07   3.417955427336e-03  -1.548077257582e-02  -1.077355135320e-01  -1.519074362890e-01  -4.226631937266e-03  -2.737085318179e-05   1.390859947112e-03   3.419877521603e-03  -1.548621200789e-02  -1.077499213905e-01  -1.519157746281e-01  -4.230931612777e-03  -2.694416670447e-05  -1.391798018034e-03
  -1.499727101785e+00  -1.419672826905e+00  -1.852602640964e-01  -4.317573242727e-01  -3.190237140060e-06  -1.286180243368e+00  -1.570843136708e-01  -4.372451371039e-01  -3.336592076697e-06  -9.229080163404e-01  -5.988850842861e-02  -2.733030664469e-01  -1.960419266254e-06  -5.935494725110e-01  -3.622848630264e-02  -1.687989671863e-01  -9.651367761304e-07  -5.869627074236e-02  -1.485195531074e-06   6.705319427683e-02  -4.900809701778e-07   6.623079465170e-02  -5.718266484915e-01  -6.364933474560e-01  -5.834501095758e-01  -3.794498531266e-01   3.107342749101e-01   6.246557875184e-01   3.922886903831e-06  -5.680129198579e-02  -5.722350960252e-02  -7.527286794727e-02  -3.066812157219e-02   3.481413845517e-07  -1.742822789031e-01  -2.655612881456e-01  -5.533821783636e-02   5.968964935275e-07  -3.371329486063e-01  -5.106789322024e-01  -6.801054825262e-02   2.758831863250e-07  -3.186053204793e-01  -3.297244126841e-01  -5.566619555375e-02  -1.082420298885e-07  -4.344794650647e-02   6.782624171021e-07   1.107057684154e-01  -5.657417105522e-07  -1.873674419411e-01  -4.961772975216e-03  -3.481128695798e-02  -1.561383622483e-01  -2.131211142705e-01  -9.276449278665e-03  -1.220969823006e-02  -1.231055127263e-06  -1.815691991713e-02  -7.303472755036e-02  -2.010923554811e-01  -2.387156269885e-01  -4.274797302122e-02   2.956874403177e-03   2.667062834736e-02  -1.816372973633e-02  -7.304761221507e-02  -2.011053096549e-01  -2.387224801201e-01  -4.275861190286e-02   2.968081194619e-03  -2.667193386264e-02
  -1.320204782408e+00  -1.251064726099e+00  -6.921195511453e-02  -1.666723185582e-01  -1.354101420038e-06  -1.190413523383e+00  -4.888806513514e-02  -2.461108509051e-01  -1.979008746530e-06  -8.860223335664e-01   1.016097744378e-01  -2.092065379851e-01  -1.356409492431e-06  -5.730243365758e-01   1.443091494948e-01  -9.359179203130e-02  -8.065433970339e-08  -4.984047827329e-02  -1.085285085779e-06   6.747051730118e-02  -3.838847306575e-07   3.101731812775e-02  -5.002764942935e-01  -5.834501095758e-01  -4.894751842039e-01  -3.447804722832e-01   2.342373947211e-01   4.676720018249e-01   3.037736164579e-06  -3.965987221094e-01  -3.788543495245e-01  -9.451048617585e-02  -4.776783710239e-02   4.501350810088e-07  -4.408325628682e-01  -2.397115041028e-01  -5.320262057420e-02   1.429684113858e-06  -5.011866005502e-01  -4.233273197268e-01  -3.746120106950e-02   1.448714180696e-06  -3.767027720337e-01  -2.372437270894e-01  -2.191113582154e-02   6.095399646221e-07   1.169240016179e-02   7.622334756339e-06   8.633079771365e-02  -6.633733549757e-08  -1.676197084002e-01  -5.345589980907e-02  -1.418195889447e-01  -2.707067920956e-01  -2.720219195143e-01  -4.709904178682e-02  -8.209122350378e-02  -1.355342789129e-05  -1.086087545698e-01  -1.961154651730e-01  -3.013243975496e-01  -2.850495101697e-01  -6.001944533532e-02   4.162139143647e-02   9.370518309205e-02  -1.086252315960e-01  -1.961311474557e-01  -3.013341520269e-01  -2.850534816375e-01  -6.002162513899e-02   4.166090823094e-02  -9.369379648016e-02
  -7.567933043446e-01  -7.187806929550e-01  -2.357998825977e-02  -4.524858932222e-02  -4.270369855863e-07  -7.374096247673e-01  -4.395656928290e-03  -9.662974136906e-02  -8.197933516524e-07  -5.991603145538e-01   1.405409821693e-01  -1.272829180479e-01  -7.964412443053e-07  -4.213237705318e-01   2.001795014262e-01  -7.765644942235e-02  -1.929247815444e-07  -2.283983343719e-02  -4.821214691559e-07   3.713044061602e-02  -1.710685077074e-07   3.433365305424e-03  -2.831743946482e-01  -3.794498531266e-01  -3.447804722832e-01  -2.441396671450e-01   1.297817347728e-01   2.625674058536e-01   1.758237154271e-06  -4.461772066218e-01  -4.264774401891e-01  -2.817522133109e-02  -2.423434038413e-02   1.855994172307e-07  -4.821487699096e-01  -1.088139559717e-01  -2.953226632731e-02   6.599951120960e-07  -4.791112837386e-01  -2.329234500780e-01  -2.365590065118e-02   6.662584889748e-07  -3.219599972324e-01  -1.186895321704e-01  -1.156737832118e-02   3.249728305480e-07   1.353873470685e-02   5.005673577322e-06   4.288045307066e-02   3.026103538231e-07  -8.561880660124e-02  -1.134493048782e-01  -1.994393531605e-01  -2.777874572242e-01  -2.397865851797e-01  -5.076832863091e-02  -1.160247228528e-01  -2.109042094053e-05  -1.508336998453e-01  -2.321661186486e-01  -2.941794515628e-01  -2.455183049998e-01  -5.255924785313e-02   5.846779719732e-02   1.136074198739e-01  -1.508436158875e-01  -2.321755790530e-01  -2.941852315431e-01  -2.455202576824e-01  -5.255916586852e-02   5.851254516695e-02  -1.135881593229e-01
