ARMA_MAT_TXT_FN008
72 72
   3.184686274676e-01   2.841220137995e-01  -3.125972148304e-03   5.541716935488e-03   6.177294226923e-08  -6.570219710488e-02  -3.344669802837e-03   6.124414654091e-03   6.516149521644e-08  -5.913432973070e-02  -2.733868435832e-03   8.163552253790e-03   8.552739610318e-08   3.014229181717e-03  -1.785009645555e-03   8.596289578829e-04   3.115297025192e-09  -6.256456906454e-04   4.000506455333e-09   4.531357655356e-04  -1.575811151828e-09  -2.519248603992e-04  -7.166682881363e-03  -3.574094994629e-03   2.317078302190e-03   2.156332702107e-04   4.422644902629e-04   2.376426925220e-03   2.201632427289e-08   6.489957352504e-04   9.635435411134e-04  -4.204656267958e-03   7.538939263780e-05  -3.302918529304e-08  -1.631428465283e-03  -7.263233465372e-03   4.476385503440e-04  -4.571260699568e-08   6.479367900768e-03   6.103851507453e-04  -4.022681668177e-05   4.567417299827e-08  -9.305016200474e-03  -1.224775232991e-03   5.034158094106e-04   1.060990108999e-07   1.081858590800e-03   6.002859909390e-09   1.303677721375e-03   7.957993371132e-09  -2.204167707052e-03   1.598338171730e-03   2.091153385635e-03   2.689775669164e-03   1.917964652697e-03  -6.347820606862e-05  -2.886961676074e-05  -3.444692231747e-09   7.322719982737e-04  -5.610312359867e-04   2.760318153092e-04   1.140244868731e-03  -2.549358254019e-04   6.042019589030e-05   1.823324484016e-04   7.321158489223e-04  -5.614761503559e-04   2.757584479546e-04   1.140235674072e-03  -2.549474359461e-04   6.050075488744e-05  -1.823279333811e-04
   2.841220137995e-01   2.626629423349e-01  -4.922381906774e-03   8.843881316323e-03   9.670132053342e-08  -1.125320197869e-01  -5.873688195016e-03   1.093655181219e-02   1.147572039917e-07  -9.871449065207e-02  -4.668265160514e-03   1.386252398664e-02   1.432882352599e-07   4.331964245421e-03  -2.927605023899e-03   1.475127956442e-03   6.426957625021e-09  -1.033648006675e-03   8.336068561127e-09   6.732571182320e-04  -2.561660503745e-09  -4.021108155563e-04  -1.193118473790e-02  -5.819626059142e-03   4.050467266614e-03   3.336209259108e-04   7.403524918617e-04   3.996253434788e-03   3.685909992488e-08   1.031314788390e-03   1.539440679797e-03  -7.017694206426e-03   1.174674896448e-04  -5.617438954913e-08  -2.578211241784e-03  -1.222819864146e-02   7.324671069790e-04  -8.273547812897e-08   1.105880151819e-02   1.076976806436e-03  -3.308767769671e-05   7.773222642547e-08  -1.504032302537e-02  -1.965380301340e-03   7.725089570654e-04   1.743973724658e-07   1.840799960975e-03   1.099879129071e-08   2.196010671079e-03   1.467292095155e-08  -3.730976195704e-03   2.723846710374e-03   3.619830973885e-03   4.524275974503e-03   3.060499098063e-03  -1.031757565737e-04  -5.252095315346e-05  -6.135525575241e-09   1.241374794753e-03  -9.287694429470e-04   3.932988551393e-04   1.874206104537e-03  -4.192919637039e-04   9.545101320346e-05   3.109840114029e-04   1.241106197412e-03  -9.295371031121e-04   3.928280994669e-04   1.874205363095e-03  -4.193116206742e-04   9.558961685571e-05  -3.109805984378e-04
  -3.125972148304e-03  -4.922381906774e-03   5.281871060046e-02  -5.994516351856e-03  -2.445468844962e-08   1.396419583074e-02   8.303525178758e-02  -9.338533651817e-03  -3.754878261417e-08   1.934798428203e-02   5.981838782768e-02  -1.445600320798e-02  -8.193828813600e-08   2.115674796905e-02   1.577708478016e-03  -6.977931361193e-05   5.552289342119e-08   3.905446942436e-03  -8.532017393424e-10   1.633856893432e-03   3.824981464374e-08  -3.789120847385e-03   1.660376111585e-02   2.354929026861e-02  -2.346595490888e-03   3.101032971704e-03   2.976939344897e-03  -5.032365736902e-03  -3.262726114928e-08   7.455301776599e-03   1.263211047594e-02  -3.045996642363e-02   2.281241365747e-03  -6.025094545645e-08  -3.345903045176e-02  -5.637377483231e-02   3.590919964809e-03  -2.306432989464e-08  -1.677391982425e-02  -2.577474137719e-02  -2.532009246091e-03  -1.843202524911e-07  -1.478775911012e-02  -1.076497441880e-03  -1.031969233862e-04  -1.994747751211e-07   4.766931969533e-04   1.948681323354e-08   5.742120381220e-03  -2.698908150424e-08  -9.560162626171e-03   2.891588901031e-03   1.824677322595e-03   3.366008814845e-03   3.300500353300e-03  -1.473710854029e-03  -8.181272073788e-04  -1.984610782814e-07   4.092323537501e-03   6.447572291781e-03   8.708804197096e-03   1.424926405604e-03  -1.310415458602e-03   5.935726916051e-04   3.772824448032e-04   4.092571635476e-03   6.448661624488e-03   8.709574535754e-03   1.424244563671e-03  -1.310360416386e-03   5.936335734562e-04  -3.770142455595e-04
   5.541716935488e-03   8.843881316323e-03  -5.994516351856e-03   6.268849496201e-02  -2.318139077663e-07  -2.640447064354e-02  -9.333428432139e-03   9.636274469199e-02  -3.656335742878e-07  -5.354760377392e-02  -1.447475261945e-02   7.318159189269e-02  -5.058335609715e-07  -1.194452942177e-02  -5.872665646070e-03   6.984925694526e-03  -2.228546023764e-07  -5.189371140791e-04   8.799292157324e-08  -3.154837400877e-03   2.195458887719e-08  -3.929084922771e-03   3.900260554253e-02   6.031904846492e-02   1.466592290852e-02   2.768904904457e-03  -7.783340603454e-03  -5.721100984460e-03  -5.234685009630e-08  -1.051561385560e-03  -1.788795052313e-03   4.270695127399e-03  -1.667663350095e-03   6.243053879470e-08   4.597597735024e-03   8.778923579532e-03   2.523611724661e-05   4.434876262211e-08   3.678896817468e-03   5.466965720750e-03   1.465330153105e-04   6.147054432537e-07  -8.621416117690e-04  -1.554808354342e-03   1.065476308170e-03   5.964345569956e-07   6.744744905045e-03   1.664450225948e-07  -1.269091292113e-03  -1.529297271019e-08   1.908534680862e-03   4.359373550816e-03   1.342286300445e-02   1.094186657869e-02   9.757802750171e-04   1.017826570690e-03   8.439787956866e-04   2.384498793117e-07  -2.964123909239e-03  -7.715994102228e-03  -7.833064708898e-03  -1.478801658531e-03  -1.608507156914e-04  -3.619652888330e-04   3.390936851412e-04  -2.965879329504e-03  -7.720577000684e-03  -7.836007488345e-03  -1.478490346504e-03  -1.609966287514e-04  -3.616499851048e-04  -3.393913916703e-04
   6.177294226923e-08   9.670132053342e-08  -2.445468844962e-08  -2.318139077663e-07   8.398122516487e-02  -2.359267731912e-07  -5.983575008487e-08  -4.005960617367e-07   1.302331516636e-01  -1.036001466605e-06  -1.265375113817e-07  -8.698551801639e-07   1.235138005399e-01   6.035119086470e-08   5.464252051882e-07   1.061728171808e-07   2.370675561248e-02   2.091628720382e-08   3.927463404548e-03  -4.915316326656e-09  -2.416084177112e-03  -1.084522063637e-08   2.902992353258e-07   1.355289313790e-06  -1.346714018815e-06  -5.648060682987e-07  -1.446052568327e-07  -1.529889476189e-07   9.156277716078e-03  -1.390871301546e-08  -2.335940414385e-08   2.780580846324e-08  -7.296377891558e-08  -1.097628592865e-03  -2.036329417053e-08   8.611164632562e-08  -1.760471412698e-07   1.656534833917e-03   9.473531558683e-07   1.924298810995e-07   7.429654678083e-07  -5.439158291578e-03   2.503308110779e-06   4.645055281682e-07   2.814364287696e-06  -4.196055160524e-03   5.745011177155e-09  -1.390648140120e-03  -3.707896157541e-07   9.923202484750e-03  -2.237352018670e-07   1.364688689643e-06   3.419655249204e-06   4.972185123088e-06   2.092408271579e-06   1.801284593775e-07   2.142437798910e-07  -3.119360794201e-04  -6.356383923367e-03  -1.693302868234e-02  -1.376879866754e-02   2.741200352124e-03  -6.648707769624e-04   3.984493179026e-04   3.935999181694e-04   6.355063271442e-03   1.692939743118e-02   1.376271466413e-02  -2.744149426415e-03   6.646330424827e-04  -3.986905830751e-04   3.931781371869e-04
  -6.570219710488e-02  -1.125320197869e-01   1.396419583074e-02  -2.640447064354e-02  -2.359267731912e-07   3.302064392403e-01   1.892188853559e-02  -3.704434851726e-02  -3.135318882172e-07   2.834317855511e-01   1.478086961886e-02  -4.310124108751e-02  -3.719710870010e-07  -9.418859126183e-03   8.377358311347e-03  -4.550076214182e-03  -5.604210086607e-09   2.985025994565e-03  -3.137741754243e-08  -1.523145001069e-03   6.928824669613e-09   1.184591598734e-03   3.260024808026e-02   1.413602986730e-02  -1.268573781920e-02  -9.198291141789e-04  -1.786055722838e-03  -1.130998716769e-02  -1.019460071378e-07  -2.421142401998e-03  -3.532811518270e-03   1.967137795414e-02  -3.897676129719e-04   1.466159678548e-07   5.134307769368e-03   3.443828837222e-02  -2.270155095808e-03   2.319499429155e-07  -3.337872130368e-02  -3.598160037184e-03  -2.294970718681e-04  -2.699814026691e-07   4.103644294574e-02   5.394572191969e-03  -2.038985089657e-03  -5.160071640510e-07  -5.585673615038e-03  -2.964957578183e-08  -6.235427841303e-03  -4.225311449498e-08   1.062131888843e-02  -8.213917056065e-03  -1.139122801497e-02  -1.329609727618e-02  -8.253332944410e-03   2.234660597799e-04   7.238633867518e-05  -1.044254603779e-09  -3.791617705927e-03   2.465969325938e-03  -5.574816664729e-04  -5.174560560334e-03   1.152422662973e-03  -2.081872632904e-04  -8.503886012054e-04  -3.790782130252e-03   2.468380398940e-03  -5.559894140406e-04  -5.174629342340e-03   1.152485154585e-03  -2.085803171207e-04   8.504140543760e-04
  -3.344669802837e-03  -5.873688195016e-03   8.303525178758e-02  -9.333428432139e-03  -5.983575008487e-08   1.892188853559e-02   1.305890698932e-01  -1.457996544929e-02  -9.268530181728e-08   2.801130774896e-02   9.397678156384e-02  -2.251761785828e-02  -1.604294491413e-07   3.362815017425e-02   2.342874987265e-03  -8.182587173847e-05   8.098566941902e-08   6.121719488450e-03  -2.486175150771e-09   2.604532198760e-03   6.050459142616e-08  -5.984570865458e-03   2.573056135383e-02   3.677055658699e-02  -3.649865440292e-03   4.925668088661e-03   4.719816128529e-03  -7.799007557287e-03  -5.283817331492e-08   1.196396839628e-02   2.044179772292e-02  -4.783162325159e-02   3.649576808128e-03  -8.958087321119e-08  -5.452965185251e-02  -8.864545084618e-02   5.755131482240e-03  -2.890144314016e-08  -2.731223833552e-02  -4.030815339987e-02  -3.947593545761e-03  -2.849394766167e-07  -2.396816883666e-02  -1.766250274024e-03  -1.476488346134e-04  -3.114102438277e-07   7.724629895001e-04   2.616716667153e-08   9.085199047564e-03  -4.581241520438e-08  -1.510186606512e-02   4.133864232627e-03   2.243385894523e-03   5.359427740516e-03   5.299439063494e-03  -2.345985245410e-03  -1.387152986013e-03  -3.317209077178e-07   6.079393142963e-03   9.567654628247e-03   1.376063430407e-02   2.318055225064e-03  -2.087674842530e-03   9.845422466246e-04   6.777763746641e-04   6.079785280639e-03   9.569360247982e-03   1.376183810659e-02   2.316977773994e-03  -2.087587534404e-03   9.846691305740e-04  -6.773355138673e-04
   6.124414654091e-03   1.093655181219e-02  -9.338533651817e-03   9.636274469199e-02  -4.005960617367e-07  -3.704434851726e-02  -1.457996544929e-02   1.481837510678e-01  -6.292278938068e-07  -7.937211468029e-02  -2.243426327462e-02   1.123535871566e-01  -8.497719743097e-07  -1.858303259294e-02  -8.985558274636e-03   1.061893205944e-02  -3.654734507288e-07  -8.093666327366e-04   1.327947879046e-07  -4.887036271711e-03   3.308557002024e-08  -6.028531952194e-03   6.038639170739e-02   9.293802529979e-02   2.245643633425e-02   4.264230340557e-03  -1.203643835578e-02  -8.917159561847e-03  -8.724388878370e-08  -1.678779892402e-03  -2.851958201460e-03   6.997558345423e-03  -2.026696129379e-03   1.404226481631e-07   7.292325541420e-03   1.426305192718e-02   8.828095138458e-04   1.367960803763e-07   5.374225402651e-03   8.574587467232e-03   8.166934617158e-04   9.957307421342e-07  -8.563309097026e-04  -2.343473305756e-03   1.618862760536e-03   9.184321109455e-07   1.027356996094e-02   2.170116373357e-07  -1.986934404879e-03  -3.537669683340e-08   3.145083288697e-03   6.139751464126e-03   1.980936255986e-02   1.644384238704e-02   1.341552605939e-03   1.556811056479e-03   1.259765743241e-03   3.560161757795e-07  -4.406127551966e-03  -1.154437360503e-02  -1.197431589086e-02  -2.311718482538e-03  -2.168086532525e-04  -5.488812993603e-04   4.796633626889e-04  -4.408738399119e-03  -1.155128176686e-02  -1.197879124472e-02  -2.311224021254e-03  -2.170291371105e-04  -5.484181201431e-04  -4.801115814564e-04
   6.516149521644e-08   1.147572039917e-07  -3.754878261417e-08  -3.656335742878e-07   1.302331516636e-01  -3.135318882172e-07  -9.268530181728e-08  -6.292278938068e-07   2.019671337893e-01  -1.553290100713e-06  -1.965195853975e-07  -1.355828294312e-06   1.914560133312e-01   1.134321910199e-07   8.498112394711e-07   1.677952782343e-07   3.665801073172e-02   3.211709575164e-08   6.094784895075e-03  -7.088810200873e-09  -3.770967454382e-03  -1.607400655886e-08   4.513348356630e-07   2.091935228873e-06  -2.110469407503e-06  -8.765358609054e-07  -2.222191772732e-07  -2.380856174610e-07   1.419739861669e-02  -2.301161704197e-08  -3.897208752894e-08   4.570874479442e-08  -1.013584771727e-07  -1.110661477627e-03  -2.363877359205e-08   1.373141925535e-07  -2.540719124465e-07   3.503748223864e-03   1.470631559301e-06   2.933797254239e-07   1.173874191211e-06  -7.868858888602e-03   3.890150684324e-06   7.213521794137e-07   4.372236440847e-06  -6.516060747126e-03   3.719870652317e-09  -2.065875134931e-03  -5.334383085873e-07   1.533122596589e-02  -3.205255031958e-07   2.012980229658e-06   5.138708121079e-06   7.650818833881e-06   3.236613121189e-06   2.745987412051e-07   3.158170353547e-07  -4.489332656616e-04  -9.424052391650e-03  -2.555223655269e-02  -2.106228117448e-02   4.307004997036e-03  -1.011036129624e-03   5.837412486904e-04   5.808415532864e-04   9.422105348843e-03   2.554676326400e-02   2.105289704956e-02  -4.311573068283e-03   1.010671928098e-03  -5.840980250705e-04   5.802150204661e-04
  -5.913432973070e-02  -9.871449065207e-02   1.934798428203e-02  -5.354760377392e-02  -1.036001466605e-06   2.834317855511e-01   2.801130774896e-02  -7.937211468029e-02  -1.553290100713e-06   2.604587264468e-01   2.442440700668e-02  -7.339686623253e-02  -1.529107293738e-06   1.698767854830e-03   9.376997523699e-03  -7.756570964320e-03  -2.465218052172e-07   2.924436463376e-03  -1.172866937740e-07   5.649083413176e-04   6.802723039801e-09   2.462822285999e-03   8.334688234565e-03  -1.722690094107e-02  -1.825749338582e-02  -1.491225037481e-03   2.701505675778e-03  -6.762422817568e-03  -1.706001019341e-07   1.790336171432e-03   3.312376470733e-03   1.307033013480e-02   4.158271835757e-03   5.391726723996e-07  -1.157287562649e-02   2.127890547877e-02   3.905937893072e-03   8.506514359541e-07  -3.751619310460e-02  -6.333290393180e-03   2.967643857361e-03  -3.587966319901e-08   3.038337834868e-02   4.861781451194e-03  -2.221741841590e-03  -6.945490820406e-07  -8.301117297651e-03  -3.138528095026e-07  -3.615427568607e-03  -2.016558541588e-07   7.302736149526e-03  -1.402478463402e-02  -2.403433298386e-02  -1.766766932147e-02  -7.040764876035e-03  -7.119275893371e-04  -1.249211917895e-03  -3.035934932487e-07  -2.259928406742e-03   5.179826260076e-03   5.286290745085e-03  -3.022973877036e-03   8.813911902274e-04   4.174151476194e-04  -5.684414019078e-04  -2.258169603352e-03   5.184308651016e-03   5.288949951481e-03  -3.023199599579e-03   8.815269738381e-04   4.170263399359e-04   5.687830989758e-04
  -2.733868435832e-03  -4.668265160514e-03   5.981838782768e-02  -1.447475261945e-02  -1.265375113817e-07   1.478086961886e-02   9.397678156384e-02  -2.243426327462e-02  -1.965195853975e-07   2.442440700668e-02   6.920551035441e-02  -2.518041880305e-02  -2.080161848595e-07   2.447619634469e-02   2.758233007150e-03  -1.046437951987e-03   5.872274124001e-08   4.376465686979e-03  -1.902925911436e-08   2.213755408912e-03   4.673141790758e-08  -3.678607834062e-03   1.316057139852e-02   1.844873449723e-02  -4.188995534020e-03   2.957407796870e-03   4.373640363746e-03  -4.763721998686e-03  -4.434788497261e-08   6.426289618083e-03   1.100966358171e-02  -3.646318710146e-02   3.210257249017e-03  -1.484689010523e-07  -2.952053983852e-02  -6.691311258170e-02   4.736087776607e-03  -1.508586883330e-07  -1.297881438002e-02  -3.069392496485e-02  -2.332760221747e-03  -3.165451795719e-07  -1.564468093574e-02  -9.786674486727e-04  -2.160713131522e-04  -2.736514746703e-07  -2.619632158336e-04  -3.599229796261e-08   6.848155208900e-03  -3.819890006832e-08  -1.132342232204e-02   4.567786309358e-03   2.976456381432e-03   2.417351869090e-03   3.490500072375e-03  -1.710203977326e-03  -6.155201265725e-04  -1.823766381684e-07   7.261528390219e-03   1.142077826398e-02   1.083902087632e-02   1.790376930265e-03  -1.381637612223e-03   5.037836719818e-04  -1.879341416735e-05   7.262205701535e-03   1.142284864653e-02   1.084033625336e-02   1.789636566208e-03  -1.381554349015e-03   5.036497518991e-04   1.906584626573e-05
   8.163552253790e-03   1.386252398664e-02  -1.445600320798e-02   7.318159189269e-02  -8.698551801639e-07  -4.310124108751e-02  -2.251761785828e-02   1.123535871566e-01  -1.355828294312e-06  -7.339686623253e-02  -2.518041880305e-02   8.706855817927e-02  -1.479242006100e-06  -1.628203802053e-02  -7.131717640222e-03   8.628262780945e-03  -4.497082018725e-07  -1.096227785314e-03   7.843375351460e-08  -3.772453311409e-03   3.127862939830e-08  -3.997421287527e-03   4.126031655340e-02   6.557218188055e-02   1.754766516156e-02   2.681758477482e-03  -9.202302626629e-03  -5.489242252648e-03  -1.143125012305e-07  -1.866176862767e-03  -3.219640736158e-03   8.308977642000e-03  -5.037959848249e-03   2.443742353731e-07   8.626176160702e-03   1.642675313898e-02  -4.884421020674e-03   2.863831241185e-07   6.875768852254e-03   9.678174994488e-03  -2.439009741769e-03   8.877982828796e-07  -1.832886244494e-04  -1.751912805760e-03   1.298417066435e-03   7.386850920693e-07   8.103592593427e-03   4.567285252506e-07  -2.374515824685e-03  -8.750463123733e-08   2.960921250369e-03   6.994087174788e-03   1.884321759497e-02   1.375844558803e-02   1.224598640179e-03   1.452609652360e-03   1.249404652434e-03   3.767475736056e-07  -5.207581855053e-03  -1.191111770946e-02  -1.084582372407e-02  -1.865583358082e-03  -1.125929190046e-04  -5.319142184521e-04   5.718604217910e-04  -5.210755376901e-03  -1.191847645343e-02  -1.085021079357e-02  -1.865214682207e-03  -1.128268639732e-04  -5.313892992273e-04  -5.723312762411e-04
   8.552739610318e-08   1.432882352599e-07  -8.193828813600e-08  -5.058335609715e-07   1.235138005399e-01  -3.719710870010e-07  -1.604294491413e-07  -8.497719743097e-07   1.914560133312e-01  -1.529107293738e-06  -2.080161848595e-07  -1.479242006100e-06   1.823844230801e-01  -9.177470989070e-08   8.072306230833e-07   9.535820583035e-08   3.580057143230e-02   3.151514287971e-08   5.737945425821e-03  -6.216683247428e-09  -3.337733796840e-03  -3.286531538900e-09   3.052715164697e-07   1.866498674642e-06  -1.842461216272e-06  -8.382270728546e-07  -2.127665201710e-07  -2.047707558265e-07   1.348082497883e-02  -1.843656466708e-08  -3.017697199671e-08   7.156955620488e-08  -1.788205816216e-07  -6.875697149711e-03  -4.514575711599e-08   1.877628035562e-07  -3.847171893289e-07  -5.879852673405e-03   1.365011680762e-06   3.457832134474e-07   9.357210656550e-07  -1.303312701708e-02   3.679777407245e-06   6.862235124499e-07   4.063411922104e-06  -6.090634057978e-03   2.299842554847e-08  -2.851723337911e-03  -9.225608054990e-07   1.510222963447e-02  -5.422894811828e-07   2.875411896751e-06   6.395860282434e-06   7.775064990372e-06   3.129271286308e-06   3.051672985235e-07   4.579551659145e-07  -7.683217986011e-04  -1.320068008598e-02  -3.118852959733e-02  -2.282594168054e-02   3.532427709286e-03  -1.155805376584e-03   8.897928077779e-04   8.415544943404e-04   1.319787097394e-02   3.118187126743e-02   2.281658298774e-02  -3.536814383989e-03   1.155425160313e-03  -8.903012116333e-04   8.406993751293e-04
   3.014229181717e-03   4.331964245421e-03   2.115674796905e-02  -1.194452942177e-02   6.035119086470e-08  -9.418859126183e-03   3.362815017425e-02  -1.858303259294e-02   1.134321910199e-07   1.698767854830e-03   2.447619634469e-02  -1.628203802053e-02  -9.177470989070e-08   1.327766735024e-02   3.245618723881e-04  -1.390066965090e-03  -1.829196705685e-07   1.363869545544e-03  -8.543630312100e-09   1.408645455758e-03  -4.741264474624e-08  -1.061965899598e-03  -2.480367409426e-03  -2.886154066808e-03  -3.276946420846e-03   1.299827760703e-03   2.631857513201e-03  -2.516905856033e-04  -3.073827701607e-09   7.912381562851e-03   1.291313974322e-02  -1.058443322596e-02   4.067565640330e-03   1.349460134952e-06  -3.256618603746e-02  -2.109090683337e-02   6.065137615995e-03   2.173460899934e-06  -1.757955674155e-02  -8.192993603112e-03   1.780578771706e-03   1.161504134939e-06  -1.145000393960e-02  -7.678864465823e-04  -1.339726847423e-04  -1.858993495425e-07  -1.071370020078e-03  -5.801776321576e-08   2.984038844787e-03  -1.519802998154e-07  -4.060210951042e-03  -6.026612003784e-03  -1.122256331309e-02  -1.291393328323e-03   1.679826140005e-03  -1.084985390833e-03  -1.645908956570e-03  -2.961627675053e-07  -7.886893650769e-04  -5.874673638197e-04   5.766184023905e-03   1.499047858757e-03  -6.524591730747e-04   8.491192274228e-04   7.819419455742e-04  -7.895369531526e-04  -5.883602107222e-04   5.766115957258e-03   1.498490150335e-03  -6.524605993764e-04   8.494479742059e-04  -7.816629410778e-04
  -1.785009645555e-03  -2.927605023899e-03   1.577708478016e-03  -5.872665646070e-03   5.464252051882e-07   8.377358311347e-03   2.342874987265e-03  -8.985558274636e-03   8.498112394711e-07   9.376997523699e-03   2.758233007150e-03  -7.131717640222e-03   8.072306230833e-07   3.245618723881e-04   9.969221763262e-04  -4.837654339551e-04   1.592545384222e-07   2.055437152600e-04   1.970286279467e-08   2.231749390506e-04  -1.893230425908e-08   3.672633143224e-04  -2.377935322575e-03  -4.201820016284e-03  -1.311416628357e-03  -4.025516036537e-04   6.883934666951e-04   1.813175505658e-04   6.153885835212e-08  -1.558893647693e-03  -2.467200470881e-03  -1.774971782923e-03  -1.145100497568e-03   5.820613884871e-08   5.987321164080e-03  -2.841506065309e-03  -2.072424514836e-03   1.182911077016e-07   3.413180550737e-03  -1.991934770367e-03  -1.362035201664e-03  -3.026591785405e-08   1.843772681104e-03   3.285882276537e-04  -1.186676596538e-04  -8.802932451220e-08  -4.904497696106e-04   1.020922056254e-07   1.188711025915e-05   6.260390753360e-08  -3.964655681550e-04   2.314380141257e-03   2.848005068524e-03  -4.474266073064e-04  -1.762401722545e-04   1.955843108764e-05   3.741027478909e-04   8.167182798957e-08   1.326507548540e-03   2.270207121357e-03   3.881884935723e-04  -9.653882081806e-05   4.360530019092e-05  -1.711210735788e-04  -2.638286433750e-04   1.326275377333e-03   2.270096715645e-03   3.883311066706e-04  -9.664331472159e-05   4.360188005834e-05  -1.712064068621e-04   2.637520004777e-04
   8.596289578829e-04   1.475127956442e-03  -6.977931361193e-05   6.984925694526e-03   1.061728171808e-07  -4.550076214182e-03  -8.182587173847e-05   1.061893205944e-02   1.677952782343e-07  -7.756570964320e-03  -1.046437951987e-03   8.628262780945e-03   9.535820583035e-08  -1.390066965090e-03  -4.837654339551e-04   1.980983319194e-03  -1.729378593705e-08   2.708980313287e-04   2.957778512590e-08  -3.364071315924e-04  -1.442016204891e-08  -4.541964701758e-04   4.643623975486e-03   7.965939612289e-03   1.872584656477e-03   1.179869086177e-04  -7.713061692234e-04  -6.982227531993e-04   1.995471417037e-08   2.782719846649e-04   4.584488839944e-04  -2.868495139875e-04  -6.918292599124e-03   3.657153372768e-07  -1.104188707620e-03  -3.683749641913e-04  -1.066492913840e-02   5.706668167932e-07  -5.325757761015e-04  -2.594302195956e-04  -7.046957565163e-03   3.076688812936e-07   9.748802341542e-05  -6.623385436136e-05   1.317356708589e-04   2.186876074436e-08   1.476178177201e-03   6.294055455208e-07  -8.739737943430e-04   1.053551531000e-08  -3.662004817004e-04   5.943978829458e-03   1.008153854407e-02   4.406966687336e-03   8.460309022514e-04   3.429437625604e-04   5.679083221929e-04   2.136843733135e-07  -3.313932276032e-03  -5.523950876893e-03  -2.552842381085e-03  -5.102417112733e-04  -1.926573904025e-04  -1.700945093084e-04   4.899320192840e-04  -3.316497859900e-03  -5.528293691506e-03  -2.554708770380e-03  -5.105048234327e-04  -1.927850584754e-04  -1.697116163753e-04  -4.901800264698e-04
   3.115297025192e-09   6.426957625021e-09   5.552289342119e-08  -2.228546023764e-07   2.370675561248e-02  -5.604210086607e-09   8.098566941902e-08  -3.654734507288e-07   3.665801073172e-02  -2.465218052172e-07   5.872274124001e-08  -4.497082018725e-07   3.580057143230e-02  -1.829196705685e-07   1.592545384222e-07  -1.729378593705e-08   7.889804640311e-03   2.218764951660e-08   1.059575398850e-03  -4.804928851281e-10  -4.055473605451e-04  -3.827303657770e-11   2.709018173836e-08   3.730921921086e-07  -1.914270147982e-07  -1.620344139173e-07  -4.304675993184e-08  -4.037293884508e-08   2.603155308475e-03   3.541380284544e-08   5.867848232634e-08  -9.358890501773e-09  -2.422591640724e-07  -7.054525235864e-03  -1.766746962521e-07  -4.739800090824e-09  -4.143459608651e-07  -1.019306414450e-02   1.304754459289e-07   7.624786778231e-08  -1.363847903446e-07  -7.988067150444e-03   6.823046650935e-07   1.343461217618e-07   6.978256551329e-07  -1.081121666117e-03   4.135265889928e-08  -1.426371958307e-03  -5.952413427279e-07   3.452230776000e-03  -3.600532857048e-07   1.600144245335e-06   2.881887122321e-06   2.073881930670e-06   6.776957153816e-07   1.045725889730e-07   2.493647952823e-07  -4.848713153586e-04  -6.732543232661e-03  -1.283643320917e-02  -7.188667620598e-03   1.339367636555e-04  -4.158202673657e-04   5.018999888565e-04   4.478488651724e-04   6.730921828642e-03   1.283350679455e-02   7.186375378658e-03  -1.348465609654e-04   4.157010875825e-04  -5.021656995144e-04   4.474042141582e-04
  -6.256456906454e-04  -1.033648006675e-03   3.905446942436e-03  -5.189371140791e-04   2.091628720382e-08   2.985025994565e-03   6.121719488450e-03  -8.093666327366e-04   3.211709575164e-08   2.924436463376e-03   4.376465686979e-03  -1.096227785314e-03   3.151514287971e-08   1.363869545544e-03   2.055437152600e-04   2.708980313287e-04   2.218764951660e-08   3.739631926204e-04   3.593103545176e-09   1.010113929420e-04   3.190197368578e-09  -2.637666013579e-04   1.525522177538e-03   2.136989064938e-03  -1.758894124971e-04   1.647676860966e-04   2.054158738533e-04  -4.566029811540e-04   2.726077990114e-09   5.623378873402e-04   9.822790529169e-04  -2.149326507112e-03  -1.522271287040e-03  -2.137340107215e-08  -2.674016539635e-03  -3.974648843359e-03  -2.422049319127e-03  -2.951875405242e-08  -1.638066930421e-03  -2.021997350871e-03  -1.934351773768e-03  -5.691420778297e-08  -6.725345721729e-04  -1.014911551683e-05  -1.749119354219e-05  -2.581338323622e-08   1.818150831169e-04   1.369816477548e-07   1.675765012748e-04   1.027670751157e-08  -7.250107651604e-04   1.504555350909e-03   2.198912016818e-03   9.438053202910e-04   3.522612711980e-04  -4.185468173181e-05   6.312686807828e-05   2.686298151702e-08  -4.906341169009e-04  -7.057121670067e-04   1.698662026926e-04  -2.789725635505e-05  -1.259671560562e-04   6.709331976948e-06   1.327017640634e-04  -4.910464446188e-04  -7.063248761061e-04   1.696463766268e-04  -2.799768423268e-05  -1.259836532126e-04   6.785203626491e-06  -1.327262261875e-04
   4.000506455333e-09   8.336068561127e-09  -8.532017393424e-10   8.799292157324e-08   3.927463404548e-03  -3.137741754243e-08  -2.486175150771e-09   1.327947879046e-07   6.094784895075e-03  -1.172866937740e-07  -1.902925911436e-08   7.843375351460e-08   5.737945425821e-03  -8.543630312100e-09   1.970286279467e-08   2.957778512590e-08   1.059575398850e-03   3.593103545176e-09   1.856839909702e-04  -5.046946989703e-09  -1.243234115749e-04  -6.869274779776e-09   8.373561198565e-08   1.726940291403e-07  -4.719280388620e-08  -2.417451080307e-08  -1.753837373005e-08  -1.838063378905e-08   4.274454128315e-04  -2.028178393419e-09  -3.379079344356e-09  -1.521733848144e-09  -6.719180294540e-08   2.251319278580e-04   5.338487730344e-09   1.340826848554e-09  -1.048563537725e-07   5.144494814148e-04   4.807531717686e-08   3.417528321820e-09  -2.488057377983e-08   1.012651516011e-05   1.242057003381e-07   2.101416401179e-08   1.371125754277e-07  -2.004696092321e-04   1.599312374496e-08  -2.265921850780e-05  -6.968145805190e-09   4.373818913576e-04  -1.265763133826e-09   7.984990915329e-08   1.945535523947e-07   2.539779920349e-07   1.025971377316e-07   1.021214372854e-08   9.048031036865e-09   1.677448756346e-06  -9.487852555965e-05  -4.617117984929e-04  -5.085948111530e-04   1.544164657122e-04  -2.174399644307e-05   2.669284265245e-06   4.608795414971e-06   9.480149809522e-05   4.615078502401e-04   5.082757740817e-04  -1.545641861302e-04   2.173111317201e-05  -2.676816079774e-06   4.593044038170e-06
   4.531357655356e-04   6.732571182320e-04   1.633856893432e-03  -3.154837400877e-03  -4.915316326656e-09  -1.523145001069e-03   2.604532198760e-03  -4.887036271711e-03  -7.088810200873e-09   5.649083413176e-04   2.213755408912e-03  -3.772453311409e-03  -6.216683247428e-09   1.408645455758e-03   2.231749390506e-04  -3.364071315924e-04  -4.804928851281e-10   1.010113929420e-04  -5.046946989703e-09   2.294972944534e-04  -1.576228144361e-09   7.775528852705e-05  -1.896020145451e-03  -2.647904479043e-03  -7.240175390088e-04  -2.369173823440e-05   5.020601953504e-04   2.722901988185e-04   5.240481868318e-10   4.416570567635e-04   7.848445362599e-04  -1.090317619219e-03   2.830727703338e-04   4.095942080009e-08  -2.126130777148e-03  -2.116278957358e-03   3.261799639099e-04   6.887233145642e-08  -9.372580473863e-04  -8.237164956899e-04   5.124149758961e-05   1.154559204923e-08  -9.361055415900e-04  -1.731200183644e-05  -3.906876788020e-05  -3.165152249578e-08  -2.995467872932e-04  -1.179463798360e-08   2.907574263144e-04  -6.906844054104e-09  -4.349308558393e-04  -3.983795716850e-04  -1.027965586186e-03  -4.101349801849e-04   1.267135946000e-04  -1.106688705685e-04  -1.245154013888e-04  -2.753543541832e-08   1.411535094772e-04   3.274992431176e-04   6.939565890166e-04   1.849874364066e-04  -4.432238079277e-05   6.383567485787e-05   3.416388208200e-05   1.412093829530e-04   3.276838764106e-04   6.940888172701e-04   1.849464375573e-04  -4.431512901340e-05   6.383989038829e-05  -3.413348683892e-05
  -1.575811151828e-09  -2.561660503745e-09   3.824981464374e-08   2.195458887719e-08  -2.416084177112e-03   6.928824669613e-09   6.050459142616e-08   3.308557002024e-08  -3.770967454382e-03   6.802723039801e-09   4.673141790758e-08   3.127862939830e-08  -3.337733796840e-03  -4.741264474624e-08  -1.893230425908e-08  -1.442016204891e-08  -4.055473605451e-04   3.190197368578e-09  -1.243234115749e-04  -1.576228144361e-09   1.333320295579e-04  -4.433755781589e-09   2.065584421978e-08   1.876691782461e-08   9.317576616711e-08   2.049133892152e-08  -1.782723830950e-09  -2.399437576499e-09  -2.591580606638e-04   4.889311566176e-09   8.926906116643e-09  -1.978669090607e-08  -1.286580711083e-08  -1.525368210887e-03  -2.413307289832e-08  -3.478279300855e-08  -1.939958466471e-08  -2.508576063993e-03  -4.475521452876e-08  -9.567369209436e-09  -6.442653642138e-08  -1.333056860707e-03  -8.572006026693e-08  -1.505225812036e-08  -1.024001230320e-07   1.445791551730e-04   1.152258893151e-08  -1.986375701218e-04  -9.582516068327e-08  -1.351960919642e-04  -6.399073634637e-08   2.230694075009e-07   3.188340240268e-07   6.610862273823e-09  -4.142400028542e-08   6.215159267047e-09   3.627942805011e-08  -8.262707363382e-05  -9.570522062657e-04  -1.372578909815e-03  -3.660915896674e-04  -2.265684518188e-04  -3.353507290364e-05   7.843175132247e-05   6.640701283216e-05   9.568447589089e-04   1.372304210286e-03   3.661486308849e-04   2.266380953618e-04   3.353023196463e-05  -7.847007989068e-05   6.634975766870e-05
  -2.519248603992e-04  -4.021108155563e-04  -3.789120847385e-03  -3.929084922771e-03  -1.084522063637e-08   1.184591598734e-03  -5.984570865458e-03  -6.028531952194e-03  -1.607400655886e-08   2.462822285999e-03  -3.678607834062e-03  -3.997421287527e-03  -3.286531538900e-09  -1.061965899598e-03   3.672633143224e-04  -4.541964701758e-04  -3.827303657770e-11  -2.637666013579e-04  -6.869274779776e-09   7.775528852705e-05  -4.433755781589e-09   5.950723871133e-04  -3.987483213356e-03  -6.015610264776e-03  -8.103861805011e-04  -4.860310425539e-04   3.053011555412e-04   7.814757103614e-04   3.233802479550e-09  -7.878544744639e-04  -1.410633609321e-03   1.875527712418e-03  -3.112758043193e-04   1.900077286860e-08   3.919594462099e-03   3.531904074871e-03  -6.801210134322e-04   2.675081413302e-08   2.087188212203e-03   1.438890545565e-03  -4.834370269971e-05  -9.111346245988e-09   1.582695156147e-03   2.274473100106e-04  -6.673489745812e-05  -2.439395900464e-08  -4.825190396716e-04   1.160734373152e-08  -3.894473765103e-04  -7.668260949012e-10   5.868902430807e-04   4.294249014506e-05  -2.211902396208e-04  -9.244779818233e-04  -3.481420998194e-04   7.355420250504e-05   1.066065281782e-04   2.242778232878e-08   1.438827418960e-04   3.981207531325e-04  -2.276480601159e-04  -4.923671305083e-05   1.256480750368e-04  -6.850608795497e-05  -1.098395687391e-04   1.438845613514e-04   3.981880988407e-04  -2.275767693149e-04  -4.920802116593e-05   1.256480963748e-04  -6.854617897915e-05   1.098145588899e-04
  -7.166682881363e-03  -1.193118473790e-02   1.660376111585e-02   3.900260554253e-02   2.902992353258e-07   3.260024808026e-02   2.573056135383e-02   6.038639170739e-02   4.513348356630e-07   8.334688234565e-03   1.316057139852e-02   4.126031655340e-02   3.052715164697e-07  -2.480367409426e-03  -2.377935322575e-03   4.643623975486e-03   2.709018173836e-08   1.525522177538e-03   8.373561198565e-08  -1.896020145451e-03   2.065584421978e-08  -3.987483213356e-03   3.854205924262e-02   5.390068090230e-02   7.943103799853e-03   2.886104635374e-03  -4.744507674069e-03  -7.509307896835e-03  -5.726253104131e-09   1.466843670431e-03   2.577425290468e-03  -5.286660833897e-03  -2.221291844294e-03  -6.616174262203e-08  -7.552796206928e-03  -9.364703823217e-03  -1.853139269932e-03  -9.941318357083e-08  -7.824262600399e-03  -6.075994593381e-03  -2.689215837180e-03   1.807688121387e-07   1.437573339710e-04  -6.902193638891e-04   4.403548152163e-04   2.518314856034e-07   4.399913600306e-03   2.459762324438e-07   5.804588567658e-05   5.072573540207e-08  -6.899227752532e-04   4.604379302330e-03   1.117081969239e-02   7.988518323662e-03   8.778989987471e-04   3.060901874990e-04   4.872181314958e-04   1.434809785747e-07  -1.825095080101e-03  -3.871473455876e-03  -3.046833732459e-03  -1.388589912037e-03  -4.564742165378e-04  -1.311450579685e-04   3.430584460323e-04  -1.826412265533e-03  -3.874378777527e-03  -3.048516597809e-03  -1.388687725445e-03  -4.565593617868e-04  -1.309008675923e-04  -3.432125788432e-04
  -3.574094994629e-03  -5.819626059142e-03   2.354929026861e-02   6.031904846492e-02   1.355289313790e-06   1.413602986730e-02   3.677055658699e-02   9.293802529979e-02   2.091935228873e-06  -1.722690094107e-02   1.844873449723e-02   6.557218188055e-02   1.866498674642e-06  -2.886154066808e-03  -4.201820016284e-03   7.965939612289e-03   3.730921921086e-07   2.136989064938e-03   1.726940291403e-07  -2.647904479043e-03   1.876691782461e-08  -6.015610264776e-03   5.390068090230e-02   7.900253134366e-02   1.317968267690e-02   4.228098914378e-03  -6.777654729695e-03  -1.000818576920e-02   1.075949434464e-07   2.282458141058e-03   3.949203007543e-03  -1.052471903627e-02  -6.884839007963e-03  -4.632134715509e-07  -1.108369823402e-02  -1.850726723733e-02  -8.278932950935e-03  -6.914693972504e-07  -7.713211893707e-03  -9.338938649230e-03  -7.766091817805e-03  -1.372218624706e-07  -3.585613701311e-03  -1.488062624851e-03   8.651682463294e-04   3.684063018209e-07   7.468973542838e-03   6.030698535359e-07   3.451366180906e-04   2.355748694206e-07  -2.459822845576e-03   1.097029225368e-02   2.285626485740e-02   1.489421815569e-02   2.505840618168e-03   5.685629680124e-04   1.047039945562e-03   2.939238623229e-07  -3.562350485897e-03  -7.967771717501e-03  -5.356095193897e-03  -1.733548633812e-03  -8.746233395580e-04  -2.813832427289e-04   7.703782103584e-04  -3.564760793764e-03  -7.972776518775e-03  -5.358772765064e-03  -1.733796620369e-03  -8.747673600243e-04  -2.808887916824e-04  -7.706784190822e-04
   2.317078302190e-03   4.050467266614e-03  -2.346595490888e-03   1.466592290852e-02  -1.346714018815e-06  -1.268573781920e-02  -3.649865440292e-03   2.245643633425e-02  -2.110469407503e-06  -1.825749338582e-02  -4.188995534020e-03   1.754766516156e-02  -1.842461216272e-06  -3.276946420846e-03  -1.311416628357e-03   1.872584656477e-03  -1.914270147982e-07  -1.758894124971e-04  -4.719280388620e-08  -7.240175390088e-04   9.317576616711e-08  -8.103861805011e-04   7.943103799853e-03   1.317968267690e-02   3.699002141143e-03   4.667042951033e-04  -1.738679832767e-03  -1.006917661214e-03  -1.454752962696e-07  -1.124014356286e-03  -1.890854669067e-03   2.588983995986e-04  -1.746062109560e-03  -1.220794521259e-06   4.963607913001e-03   1.018707787785e-03  -2.136932441146e-03  -1.996461766100e-06   4.115877611484e-03   1.022469988639e-03  -1.296871392743e-03  -9.758163342862e-07  -6.532746345425e-05  -3.639153233439e-04   2.865247927607e-04   2.291321145094e-07   1.776479885565e-03  -1.783787377183e-08  -3.578070926572e-04  -2.874311553597e-08   1.602758554857e-04   3.116444334893e-03   6.266006699675e-03   3.322671537985e-03   4.006848696189e-04   3.350676428828e-04   4.921703575999e-04   5.914156376330e-08  -3.492301942830e-04  -1.517757191361e-03  -2.251555763339e-03  -3.672014739446e-04  -3.929481762480e-05  -2.103918381038e-04   7.321159973044e-06  -3.483913806403e-04  -1.517001077469e-03  -2.251711014160e-03  -3.668289329242e-04  -3.928565369764e-05  -2.104475005517e-04  -7.353461171488e-06
   2.156332702107e-04   3.336209259108e-04   3.101032971704e-03   2.768904904457e-03  -5.648060682987e-07  -9.198291141789e-04   4.925668088661e-03   4.264230340557e-03  -8.765358609054e-07  -1.491225037481e-03   2.957407796870e-03   2.681758477482e-03  -8.382270728546e-07   1.299827760703e-03  -4.025516036537e-04   1.179869086177e-04  -1.620344139173e-07   1.647676860966e-04  -2.417451080307e-08  -2.369173823440e-05   2.049133892152e-08  -4.860310425539e-04   2.886104635374e-03   4.228098914378e-03   4.667042951033e-04   4.750104803462e-04  -2.041623459772e-04  -5.737270604716e-04  -6.690734904069e-08   1.392917845537e-03   2.235549987339e-03  -1.048052207565e-03   1.514285786958e-03  -2.711970451492e-08  -5.578945534282e-03  -2.204533323096e-03   2.534874475545e-03  -6.188342904348e-08  -3.285858198068e-03  -7.445612507968e-04   1.316385898596e-03   3.435629268469e-08  -1.826706923817e-03  -2.357798412903e-04   4.361434215157e-05   4.772672562177e-08   2.048388054734e-04  -1.092523591127e-07   4.484703204705e-04  -7.135584200102e-08  -3.452146247981e-04  -1.696641408396e-03  -2.404023939343e-03   8.575574845170e-05   2.036501623377e-04  -1.407424427293e-04  -3.153420508726e-04  -7.578342700076e-08  -1.459090230426e-04  -2.764420462446e-04   5.889657787823e-04   1.521918070075e-04  -9.476842390000e-05   1.500321382967e-04   1.199033870364e-04  -1.456080538617e-04  -2.760867640891e-04   5.889895155959e-04   1.522385169392e-04  -9.475725551642e-05   1.500518199398e-04  -1.198253492840e-04
