ARMA_MAT_TXT_FN008
58 58
  -3.283175174563e+01  -3.486996221521e+01   1.263709558739e-01  -3.739180578871e-06   8.586232450775e-07  -1.247602939306e+01   5.755649174499e-02  -1.703034646154e-06   3.910656635902e-07  -5.414889576391e+00   1.675423597138e-02  -4.957398106544e-07   1.138360974424e-07  -2.444473092027e+00   4.651589083053e-03  -1.376355146318e-07   3.160506682660e-08   5.993574623946e-07   4.185546392669e-12   5.567508681015e-03  -1.425590173598e-07  -9.365362422237e-03  -2.956846075307e-03  -1.178920869964e-04  -1.149712716012e-01   3.726290593558e-06  -9.646777466966e-07  -7.815842484589e-01  -2.321124598226e+00   7.522619952933e-05  -1.946978211388e-05  -1.721762718940e+00  -2.943120936639e+00   9.538437491767e-05  -2.468610142329e-05  -1.199757114601e+00  -1.140961212242e+00   3.697775470852e-05  -9.570015328019e-06   1.730651223578e-04   1.451656626123e-09   1.541527682515e+00  -4.479204143649e-05  -2.669993027152e+00  -1.695733959572e-05  -6.939901877459e-02  -6.464258143683e-01  -7.735795367926e-01  -3.584753541656e-03   1.879450678310e-03   2.946091149705e-08  -1.694274213201e-05  -6.937759270906e-02  -6.463606370908e-01  -7.735519456149e-01  -3.582522021026e-03  -1.878416297510e-03   2.943486118350e-08
  -3.486996221521e+01  -3.057677609116e+01   1.498719432622e-01  -4.434549502996e-06   1.018299920104e-06  -1.257865023832e+01   4.387206129045e-02  -1.298127076761e-06   2.980872572743e-07  -5.468611427024e+00   1.049530740868e-02  -3.105448510296e-07   7.131001631276e-08  -2.462521008781e+00   2.739929293392e-03  -8.107155915926e-08   1.861635831077e-08   2.484861182625e-07   1.735275259663e-12   2.308219563895e-03  -5.910318811998e-08  -3.882762291952e-03  -1.787945668331e-03   8.658109526238e-05  -1.010552803548e-01   3.274916999569e-06  -8.475124429951e-07  -7.810240638267e-01  -2.338739500508e+00   7.579282908247e-05  -1.961439612920e-05  -1.732518368103e+00  -2.968999544075e+00   9.621800628249e-05  -2.490005518083e-05  -1.207060818545e+00  -1.149407973531e+00   3.724947683498e-05  -9.639688700956e-06   1.753762255296e-04   1.470835334717e-09   1.562190112071e+00  -4.538563317427e-05  -2.705790655462e+00  -5.153713409299e-06  -6.832082492454e-02  -6.494112118280e-01  -7.779941624785e-01  -2.862559251174e-03   1.497189789058e-03   2.341693358683e-08  -5.148476482678e-06  -6.829955816638e-02  -6.493456435993e-01  -7.779664021504e-01  -2.860666593213e-03  -1.496307550028e-03   2.339531169638e-08
   1.263709558739e-01   1.498719432622e-01  -1.103342152535e+01   3.526515670831e-06  -8.387926075518e-07   4.070695282882e-01  -7.484448802413e+00   3.817514936889e-06  -9.080076640661e-07   2.468943909694e-01  -2.633533429426e+00   1.507287148988e-06  -3.585127527599e-07   1.231873376696e-01  -7.800591797038e-01   4.592762376138e-07  -1.092401731966e-07  -9.252312130606e-06  -1.847098759453e-11  -1.551949027620e-01   2.155082567755e-06   2.681934076056e-01   3.308101178699e-02   1.049279693876e-02   6.004947365577e-01  -2.170333454747e-05   5.625678427272e-06   9.873279817852e-01   2.002301612396e+00  -8.384576557346e-05   2.172736816992e-05   7.082925428623e-01   4.470467160236e-01  -3.716658461404e-05   9.634070374726e-06   1.992935193351e-01  -9.958302646842e-02  -5.881988436919e-06   1.526525109736e-06  -1.793578476160e-04  -1.847975557851e-09  -1.235173892868e+00   4.647925242340e-05   2.139236620807e+00   3.366871766854e-04   1.061583816518e-01   2.883381393234e-01   1.487138864661e-01   2.111351829343e-02  -1.207025902325e-02  -1.907712173950e-07   3.364285570004e-04   1.061297771947e-01   2.883143803489e-01   1.487105850487e-01   2.110230962583e-02   1.206468676546e-02  -1.906194502107e-07
  -3.739180578871e-06  -4.434549502996e-06   3.526515670831e-06  -1.092321317919e+01   2.462703123068e-11  -1.204474922438e-05   3.817514936889e-06  -7.365146338485e+00   2.665919136128e-11  -7.305339082753e-06   1.507287148988e-06  -2.586428681189e+00   1.052596363179e-11  -3.644980468485e-06   4.592762376138e-07  -7.657061793218e-01   3.207298410475e-12   2.307160817408e-01   1.543249190747e-06   4.624151211270e-06  -1.847098759453e-11   5.528416253206e-06  -1.071536730453e-06  -3.400811317900e-07  -2.167771683758e-05  -6.903841474393e-02  -1.822212315560e-10  -3.188547598642e-05  -8.349855048483e-05  -5.836785890925e-01  -7.019467457801e-10  -2.270867843772e-05  -3.674083484905e-05  -6.991730889166e-01  -3.091420825060e-10  -6.282423160964e-06  -5.713577641503e-06  -2.809619385798e-01  -4.820480035302e-11  -1.253153082819e+00  -1.052628042069e-05   3.982698581100e-05  -1.842743814000e-09  -1.502475579944e-04  -1.718616716262e-04  -5.234435597626e-02  -1.308105283726e-01  -5.561345991557e-02  -1.156057715555e-02   4.382257623322e-03   9.586751557509e-08   1.717421797192e-04   5.233375816679e-02   1.308072586707e-01   5.561402054952e-02   1.155522472605e-02   4.380845925396e-03  -9.579794014282e-08
   8.586232450775e-07   1.018299920104e-06  -8.387926075518e-07   2.462703123068e-11  -1.092157838440e+01   2.765820326237e-06  -9.080076640661e-07   2.665919136128e-11  -7.363376644187e+00   1.677515576176e-06  -3.585127527599e-07   1.052596363179e-11  -2.585729941701e+00   8.369921025555e-07  -1.092401731966e-07   3.207298410475e-12  -7.654932695287e-01  -1.847098759453e-11  -6.771463544010e-06   1.614031336073e-06   2.301040326869e-01   3.059166885039e-07   2.766649613223e-07   8.792409749953e-08   5.594679079032e-06  -1.814315051609e-10  -6.901229645845e-02   8.203355114232e-06   2.148634544800e-05  -6.970478716188e-10  -5.834741772513e-01   5.793247161844e-06   9.378950024175e-06  -3.044449098202e-10  -6.989578895802e-01   1.570123843074e-06   1.429710449111e-06  -4.647968223545e-11  -2.808803919416e-01  -1.831836635721e-09   4.061881493173e-05  -2.845154175404e-05  -1.252723663770e+00   2.823543936098e-05  -2.625178363370e-09  -7.750724011769e-07  -1.781153882062e-06  -5.798332350811e-07  -1.754415264392e-07   9.201928397343e-08  -1.707067192343e-03  -2.622478272826e-09  -7.746521840315e-07  -1.780481647745e-06  -5.796011805514e-07  -1.753014295422e-07  -9.195234412911e-08  -1.706095875367e-03
  -1.247602939306e+01  -1.257865023832e+01   4.070695282882e-01  -1.204474922438e-05   2.765820326237e-06  -1.393483125612e+01   6.649897604066e-01  -1.967586706060e-05   4.517988495928e-06  -9.257503329993e+00   4.132060755146e-01  -1.221912427647e-05   2.803449851749e-06  -4.966993868967e+00   1.530569693653e-01  -4.522627746019e-06   1.036464012638e-06   1.304594066452e-05   9.109899113060e-11   1.211870232465e-01  -3.102929299392e-06  -2.038523980862e-01  -2.355893182567e-01  -2.394644309400e-01  -1.220539121435e+00   3.947153380014e-05  -1.037342251412e-05  -2.296446480723e+00  -4.727687811573e+00   1.534577599641e-04  -3.996794023434e-05  -3.665482805089e+00  -5.439761590926e+00   1.766705000990e-04  -4.588689184662e-05  -2.605222664874e+00  -2.328291379712e+00   7.562292900442e-05  -1.962780868450e-05   2.763901460402e-04   2.325433666418e-09   2.458857946854e+00  -7.190858786752e-05  -4.256072477360e+00  -8.279143242340e-03  -3.187833313072e-01  -1.498987162089e+00  -1.712309062032e+00  -1.081125336902e-01   6.189440811853e-02   1.049276643024e-06  -8.274685380346e-03  -3.187039108407e-01  -1.498846470357e+00  -1.712249414150e+00  -1.080683633455e-01  -6.187299532530e-02   1.048555255790e-06
   5.755649174499e-02   4.387206129045e-02  -7.484448802413e+00   3.817514936889e-06  -9.080076640661e-07   6.649897604066e-01  -9.268096292174e+00   1.376126872586e-05  -3.272619657534e-06   7.777853558110e-01  -5.665123159319e+00   1.301763577360e-05  -3.087420215927e-06   5.010805996136e-01  -2.153490722233e+00   5.513707948234e-06  -1.303676272993e-06  -2.847574153321e-05  -9.160930779442e-11  -4.299356080084e-01   6.689741940631e-06   7.416291964783e-01   7.797893633840e-01   8.481910856588e-01   2.476120851545e+00  -9.602565857709e-05   2.536776229810e-05   3.048302517613e+00   4.065273482376e+00  -1.843209300792e-04   4.828905143440e-05   2.082072875258e+00   9.991820898807e-01  -9.128521554488e-05   2.388347265293e-05   6.873565046764e-01  -2.541849864106e-01  -1.744956742024e-05   4.585480969503e-06  -2.715763682112e-04  -3.027841523519e-09  -1.631476530150e+00   7.098607410347e-05   2.818492580698e+00   2.818336376487e-02   4.981243418497e-01   9.342951996790e-01   5.158272437717e-01   2.631443795806e-01  -1.724208418389e-01  -2.988249688237e-06   2.816849058791e-02   4.980078362539e-01   9.342201146472e-01   5.158145677822e-01   2.630409771839e-01   1.723627039407e-01  -2.986211478293e-06
  -1.703034646154e-06  -1.298127076761e-06   3.817514936889e-06  -7.365146338485e+00   2.665919136128e-11  -1.967586706060e-05   1.376126872586e-05  -8.838028048408e+00   9.606406125340e-11  -2.300028118232e-05   1.301763577360e-05  -5.258137802873e+00   9.031292120750e-11  -1.480625829848e-05   5.513707948234e-06  -1.981032106192e+00   3.798300652977e-11   5.557236144709e-01   3.654891791252e-06   1.288033345347e-05  -9.160930779442e-11   1.000275886661e-05  -2.528998198658e-05  -2.751882408154e-05  -9.637530935435e-05  -4.993503009176e-01  -8.283483539591e-10  -9.842993565419e-05  -1.832039486645e-04  -1.617559838016e+00  -1.568143862424e-09  -6.648677175659e-05  -8.956733570088e-05  -1.811110383419e+00  -7.675593886903e-10  -2.148140116721e-05  -1.669001429837e-05  -7.909485436934e-01  -1.445858516007e-10  -2.723502964224e+00  -2.314906368850e-05   5.224859062320e-05  -3.048653780331e-09  -2.673640062105e-04  -1.358173717673e-02  -2.211036805840e-01  -3.740215866350e-01  -1.600546958889e-01  -1.377744769965e-01   4.651519925806e-02   1.263197862240e-06   1.357582905309e-02   2.210658506318e-01   3.740076854604e-01   1.600511358865e-01   1.377310579393e-01   4.650810980493e-02  -1.262441125910e-06
   3.910656635902e-07   2.980872572743e-07  -9.080076640661e-07   2.665919136128e-11  -7.363376644187e+00   4.517988495928e-06  -3.272619657534e-06   9.606406125340e-11  -8.831636724894e+00   5.276984946858e-06  -3.087420215927e-06   9.031292120750e-11  -5.251906584026e+00   3.393194122975e-06  -1.303676272993e-06   3.798300652977e-11  -1.978303390407e+00  -9.160930779442e-11  -1.616910843998e-05   3.387257825773e-06   5.526824938957e-01   1.517425074690e-06   6.517169967108e-06   7.096140214618e-06   2.476272268174e-05  -8.058100211608e-10  -4.980590142589e-01   2.511636326252e-05   4.687338372577e-05  -1.531635159677e-09  -1.613761748270e+00   1.677835585217e-05   2.269445520640e-05  -7.434340408964e-10  -1.807807759303e+00   5.289095396295e-06   4.130608723648e-06  -1.362147308886e-10  -7.896849597746e-01  -2.993771115496e-09   8.829920699440e-05  -5.313168792706e-05  -2.718632024126e+00   4.590906641735e-05  -1.947244537136e-07  -2.884713456136e-06  -4.288180266877e-06  -1.055459151978e-06  -1.920709797814e-06   9.882886796382e-07  -2.999766573945e-02  -1.945794053256e-07  -2.883216759902e-06  -4.286379207070e-06  -1.054817576292e-06  -1.919480221385e-06  -9.877199890155e-07  -2.998527155159e-02
  -5.414889576391e+00  -5.468611427024e+00   2.468943909694e-01  -7.305339082753e-06   1.677515576176e-06  -9.257503329993e+00   7.777853558110e-01  -2.300028118232e-05   5.276984946858e-06  -9.161161381543e+00   1.085206762137e+00  -3.161830358660e-05   7.111805434350e-06  -6.477876626071e+00   6.223559421612e-01  -1.763582717967e-05   3.862426160727e-06   1.713900983483e-05   1.195420956792e-10   1.592462080746e-01  -4.074384292310e-06  -2.678289829413e-01  -1.442497670317e+00  -1.551642870082e+00  -1.663922550977e+00   5.147960442423e-05  -1.509816295933e-05  -4.082226075859e+00  -4.494281348567e+00   1.446231411403e-04  -3.999639632115e-05  -5.224334401044e+00  -5.635148524269e+00   1.846987608684e-04  -4.920957414603e-05  -3.917267740205e+00  -2.980980647192e+00   9.799501744939e-05  -2.581869961183e-05   1.689843391801e-04   1.187338889901e-09   1.498831614364e+00  -4.380653239650e-05  -2.546383716095e+00  -2.456832434300e-01  -1.094633653892e+00  -2.536885064381e+00  -2.690851732751e+00  -6.630943702474e-01   4.414571375434e-01   8.274740095261e-06  -2.456125438900e-01  -1.094431733273e+00  -2.536677212526e+00  -2.690762864146e+00  -6.629250943592e-01  -4.413623043617e-01   8.270017836363e-06
   1.675423597138e-02   1.049530740868e-02  -2.633533429426e+00   1.507287148988e-06  -3.585127527599e-07   4.132060755146e-01  -5.665123159319e+00   1.301763577360e-05  -3.087420215927e-06   1.085206762137e+00  -7.302903133009e+00   3.099104272952e-05  -7.034314325690e-06   1.082431084907e+00  -4.576365091503e+00   2.000851884155e-05  -4.310122912215e-06  -2.263730357544e-05  -8.916654555668e-11  -3.191315538399e-01   5.341163291310e-06   5.497206467282e-01   3.120152607662e+00   3.372184413695e+00   1.851615677621e+00  -9.297648565923e-05   2.820124064646e-05   5.884846811493e+00   2.730179033269e+00  -1.751901339620e-04   5.114055462433e-05   4.380207194084e+00   4.202184807571e-01  -1.288692055647e-04   3.609589054276e-05   1.783918637820e+00  -8.896282811109e-01  -3.547427936672e-05   9.935583058270e-06  -1.167774209541e-04  -1.050926764192e-09  -2.912102169493e-01   2.833052108439e-05   3.862164683155e-01   6.517047979692e-01   1.974619581174e+00   2.460790726741e+00   1.416403805913e+00   1.248154716735e+00  -1.046873115133e+00  -1.969951696708e-05   6.515293312699e-01   1.974282116204e+00   2.460618228261e+00   1.416370234743e+00   1.247857458305e+00   1.046664826563e+00  -1.968856934807e-05
  -4.957398106544e-07  -3.105448510296e-07   1.507287148988e-06  -2.586428681189e+00   1.052596363179e-11  -1.221912427647e-05   1.301763577360e-05  -5.258137802873e+00   9.031292120750e-11  -3.161830358660e-05   3.099104272952e-05  -6.324567728758e+00   1.937520988908e-10  -3.067307027074e-05   2.000851884155e-05  -3.926674347371e+00   1.092741469007e-10   3.683652611937e-01   2.382358259634e-06   9.594901672307e-06  -8.916654555668e-11   4.607947460361e-06  -1.013458784092e-04  -1.095226422427e-04  -9.862606990984e-05  -1.218581980766e+00  -9.861030773515e-10  -1.914372404919e-04  -1.775396291982e-04  -2.838645490697e+00  -1.803035455609e-09  -1.391707764024e-04  -1.240280901525e-04  -3.521671171243e+00  -1.216277791455e-09  -5.443608180487e-05  -3.224236312249e-05  -1.952459565393e+00  -3.216062929913e-10  -2.533085790751e+00  -2.383690512141e-05   9.078274425867e-06  -1.588591858656e-09  -1.778323119700e-04  -3.215791045181e-01  -8.455561046759e-01  -9.276023897758e-01  -4.204812395192e-01  -7.224721509343e-01   1.355700845496e-01   7.916985725976e-06   3.215204837652e-01   8.454703129306e-01   9.275740757427e-01   4.204711247345e-01   7.223647542450e-01   1.355988422130e-01  -7.913382731681e-06
   1.138360974424e-07   7.131001631276e-08  -3.585127527599e-07   1.052596363179e-11  -2.585729941701e+00   2.803449851749e-06  -3.087420215927e-06   9.031292120750e-11  -5.251906584026e+00   7.111805434350e-06  -7.034314325690e-06   1.937520988908e-10  -6.302167303315e+00   6.717715468434e-06  -4.310122912215e-06   1.092741469007e-10  -3.904879174147e+00  -8.916654555668e-11  -1.062639384574e-05   1.939677706839e-06   3.653338423729e-01   1.479402515838e-06   2.606417935082e-05   2.819240666254e-05   2.554864382377e-05  -8.527717641441e-10  -1.208281297175e+00   4.766623694915e-05   4.579103435996e-05  -1.609982173102e-09  -2.801407042963e+00   3.413609616935e-05   3.156448006130e-05  -1.110030960425e-09  -3.484221645835e+00   1.297232043035e-05   8.031765660356e-06  -2.870134000298e-10  -1.936336549341e+00  -1.582636675677e-09   8.220349941720e-05  -4.043390305963e-05  -2.536260103765e+00   2.480782712268e-05  -4.752488909748e-06  -1.060869645365e-05  -9.965083917680e-06  -2.794721943513e-06  -9.930273567059e-06   5.461274088232e-06  -3.097544955635e-01  -4.750115198729e-06  -1.060404887824e-05  -9.960907305178e-06  -2.793058109689e-06  -9.925701574938e-06  -5.459116859162e-06  -3.096807369676e-01
  -2.444473092027e+00  -2.462521008781e+00   1.231873376696e-01  -3.644980468485e-06   8.369921025555e-07  -4.966993868967e+00   5.010805996136e-01  -1.480625829848e-05   3.393194122975e-06  -6.477876626071e+00   1.082431084907e+00  -3.067307027074e-05   6.717715468434e-06  -6.234830524744e+00   9.181124345694e-01  -2.331807148320e-05   4.848976987602e-06   1.118460382934e-05   7.790447919777e-11   1.039500993624e-01  -2.657279927859e-06  -1.747951939771e-01  -1.517617367432e+00  -1.635335089188e+00  -7.455038487989e-01   1.973526132438e-05  -7.819199429828e-06  -3.972074976172e+00  -2.244678630256e+00   6.920947002933e-05  -2.304767752008e-05  -5.277066990126e+00  -3.586266909394e+00   1.225766447132e-04  -3.474074880619e-05  -4.641719235302e+00  -2.712131329243e+00   9.353213819305e-05  -2.522043753698e-05   6.803195235164e-05  -9.581124261759e-11   5.863903989053e-01  -1.481041130546e-05  -8.997854933028e-01  -7.286544095156e-01  -1.880575176888e+00  -3.247542244269e+00  -3.441111623523e+00  -7.979569391278e-01   6.104927704643e-01   1.217773779381e-05  -7.285400008325e-01  -1.880348805124e+00  -3.247338217744e+00  -3.441013113096e+00  -7.978194626083e-01  -6.104081367886e-01   1.217168037400e-05
   4.651589083053e-03   2.739929293392e-03  -7.800591797038e-01   4.592762376138e-07  -1.092401731966e-07   1.530569693653e-01  -2.153490722233e+00   5.513707948234e-06  -1.303676272993e-06   6.223559421612e-01  -4.576365091503e+00   2.000851884155e-05  -4.310122912215e-06   9.181124345694e-01  -4.943243540740e+00   1.687769508851e-05  -3.297741664277e-06  -8.894930461747e-06  -3.697983240286e-11  -1.226260799254e-01   2.100197788743e-06   2.111071604482e-01   1.967958087175e+00   2.126935092628e+00   6.387460659505e-02  -2.093490561094e-05   9.394698191763e-06   4.270448661859e+00  -1.050386230407e-01  -5.649738618872e-05   2.250377576007e-05   4.190976556737e+00  -1.251206363157e+00  -8.083269216389e-05   2.518073992606e-05   2.351167895856e+00  -1.920723407908e+00  -4.111528891853e-05   1.184849339169e-05  -2.626077083029e-05   6.447548404901e-10   5.862339447553e-02   4.074493753054e-07  -2.853406610710e-01   1.286250411738e+00   2.709710279359e+00   3.199756093722e+00   2.092467335331e+00   7.641929309405e-01  -9.893502192383e-01  -1.959222350905e-05   1.286076207299e+00   2.709438429574e+00   3.199605701453e+00   2.092433212638e+00   7.640724651330e-01   9.892390254544e-01  -1.958299496386e-05
  -1.376355146318e-07  -8.107155915926e-08   4.592762376138e-07  -7.657061793218e-01   3.207298410475e-12  -4.522627746019e-06   5.513707948234e-06  -1.981032106192e+00   3.798300652977e-11  -1.763582717967e-05   2.000851884155e-05  -3.926674347371e+00   1.092741469007e-10  -2.331807148320e-05   1.687769508851e-05  -4.304821074813e+00   6.765519595561e-11   1.357217692524e-01   8.710339689706e-07   3.690376530019e-06  -3.697983240286e-11   1.396933419888e-06  -6.399219847569e-05  -6.910410809276e-05  -2.682281602350e-05  -8.044169755228e-01  -3.816490970655e-10  -1.398602216030e-04  -6.119622222310e-05  -2.106287060234e+00  -9.475895134736e-10  -1.309615178482e-04  -7.236193585387e-05  -3.553918898030e+00  -8.910207566425e-10  -6.834912359982e-05  -3.360036381790e-05  -3.012577146099e+00  -3.711019189875e-10  -8.493354880863e-01  -1.061465742006e-05  -1.492286908617e-06  -1.216944447474e-10  -4.907902534812e-05  -6.456687509037e-01  -1.229725940589e+00  -1.306535143770e+00  -7.268448336223e-01  -6.090394283902e-01  -1.124998003922e-01   8.018995502843e-06   6.456338044309e-01   1.229694932758e+00   1.306545937217e+00   7.268587527674e-01   6.090052196102e-01  -1.124337937402e-01  -8.016039002077e-06
   3.160506682660e-08   1.861635831077e-08  -1.092401731966e-07   3.207298410475e-12  -7.654932695287e-01   1.036464012638e-06  -1.303676272993e-06   3.798300652977e-11  -1.978303390407e+00   3.862426160727e-06  -4.310122912215e-06   1.092741469007e-10  -3.904879174147e+00   4.848976987602e-06  -3.297741664277e-06   6.765519595561e-11  -4.265442128629e+00  -3.697983240286e-11  -3.899944232583e-06   6.691742781621e-07   1.344343289367e-01   6.145819098860e-07   1.642783102776e-05   1.777874120331e-05   7.307433754190e-06  -2.646390306387e-10  -7.943365641844e-01   3.404252235284e-05   1.687884884839e-05  -7.259116922282e-10  -2.052236671057e+00   3.158569303794e-05   1.896548927942e-05  -7.606444726223e-10  -3.480052748002e+00   1.627287440531e-05   8.549191999421e-06  -3.272024907468e-10  -2.971566683114e+00  -2.422175118973e-10   2.816994350657e-05  -1.331909432660e-05  -8.788844768048e-01   5.697121690801e-06  -9.729632932692e-06  -1.684076544511e-05  -1.655340321527e-05  -7.966868292695e-06  -8.466826274918e-06   5.311268578079e-06  -5.360141918259e-01  -9.725954676858e-06  -1.683480730242e-05  -1.654770819002e-05  -7.963939493055e-06  -8.463728297597e-06  -5.309654165308e-06  -5.359428975961e-01
   5.993574623946e-07   2.484861182625e-07  -9.252312130606e-06   2.307160817408e-01  -1.847098759453e-11   1.304594066452e-05  -2.847574153321e-05   5.557236144709e-01  -9.160930779442e-11   1.713900983483e-05  -2.263730357544e-05   3.683652611937e-01  -8.916654555668e-11   1.118460382934e-05  -8.894930461747e-06   1.357217692524e-01  -3.697983240286e-11  -6.422747528270e+00  -1.845366724176e-06  -1.268917127158e-05   1.501359257611e-10   6.185506311033e-06   3.521632636333e-05   4.008659102094e-05   1.490878041987e-04   7.490195982168e-01   1.477411334183e-09   1.007662850629e-04   1.491429211500e-04   1.556042137353e+00   1.700664906272e-09   3.726288225191e-05   2.375970751711e-05   7.511887906699e-01   4.107851618532e-10   1.009389600740e-05   2.275572260100e-06   1.412425429665e-01   5.855647563435e-11   2.540858782071e+00   2.785962664014e-05  -1.584922357749e-05   3.186304526171e-09   2.407475932454e-04   1.301021886603e-02   2.059377008400e-01   1.608525115324e-01   3.233381529790e-02   1.579980542654e-01  -6.232286042002e-02  -1.562676262783e-06  -1.300370021486e-02  -2.059011038493e-01  -1.608402406599e-01  -3.232498599402e-02  -1.579435718687e-01  -6.231047695813e-02   1.561695528371e-06
   4.185546392669e-12   1.735275259663e-12  -1.847098759453e-11   1.543249190747e-06  -6.771463544010e-06   9.109899113060e-11  -9.160930779442e-11   3.654891791252e-06  -1.616910843998e-05   1.195420956792e-10  -8.916654555668e-11   2.382358259634e-06  -1.062639384574e-05   7.790447919777e-11  -3.697983240286e-11   8.710339689706e-07  -3.899944232583e-06  -1.845366724176e-06  -6.169225767625e+00   3.582056422582e-12   7.892798727331e-06  -5.228908779147e-12   2.939725487608e-10   3.352586809614e-10   1.439421152219e-09   6.229101626633e-06  -2.421615357203e-05   8.220964349562e-10   1.627874318921e-09   1.279839383884e-05  -5.004080618778e-05   2.901657971374e-10   3.718278716134e-10   6.027352303846e-06  -2.386491903213e-05   7.328572131210e-11   4.767375810663e-11   1.073870491278e-06  -4.374103462696e-06   2.712725861478e-05  -7.444488204201e-01  -1.666052472953e-09  -1.058021656588e-04   2.856487906592e-09  -9.669526222685e-08  -1.370210320750e-06  -8.633054778620e-07  -9.396365633574e-08  -1.258122705131e-06   4.259793995179e-07  -1.628124174604e-02   9.662378694223e-08   1.369634075831e-06   8.630928175304e-07   9.398576045882e-08   1.257375491822e-06   4.258005235559e-07   1.627517817124e-02
   5.567508681015e-03   2.308219563895e-03  -1.551949027620e-01   4.624151211270e-06   1.614031336073e-06   1.211870232465e-01  -4.299356080084e-01   1.288033345347e-05   3.387257825773e-06   1.592462080746e-01  -3.191315538399e-01   9.594901672307e-06   1.939677706839e-06   1.039500993624e-01  -1.226260799254e-01   3.690376530019e-06   6.691742781621e-07  -1.268917127158e-05   3.582056422582e-12  -6.282393562661e+00  -1.852486243589e-07   1.978260849006e-01   3.135644086721e-01   3.567800917798e-01   1.112824733598e+00  -3.595540189660e-05   2.029226930002e-05   9.018628072083e-01   8.884451125825e-01  -2.897595383398e-05   2.992965241877e-05   3.378608869135e-01   6.754865208844e-04  -2.848605016387e-07   1.066793236327e-05   9.305376145362e-02  -1.924262365363e-02   5.098432499641e-07   1.780340728669e-06  -1.678329302966e-05  -1.675599598547e-09  -8.909699055575e-01   5.170487757310e-05   2.525297721924e-01   9.695341773826e-03   1.692155388083e-01   1.734621608704e-01   7.217788455670e-02   1.130267452914e-01  -6.593846931815e-02  -1.547954217280e-06   9.689924356110e-03   1.691794266603e-01   1.734508912052e-01   7.217604564036e-02   1.129829328427e-01   6.591669391848e-02  -1.546896451800e-06
  -1.425590173598e-07  -5.910318811998e-08   2.155082567755e-06  -1.847098759453e-11   2.301040326869e-01  -3.102929299392e-06   6.689741940631e-06  -9.160930779442e-11   5.526824938957e-01  -4.074384292310e-06   5.341163291310e-06  -8.916654555668e-11   3.653338423729e-01  -2.657279927859e-06   2.100197788743e-06  -3.697983240286e-11   1.344343289367e-01   1.501359257611e-10   7.892798727331e-06  -1.852486243589e-07  -6.416929331884e+00  -3.409963509120e-06  -9.076903463236e-06  -1.034190901211e-05  -3.829633468899e-05   1.447032282270e-09   7.474762632729e-01  -2.565728744877e-05  -3.798983253489e-05   1.657589467147e-09   1.552341238703e+00  -9.289047648204e-06  -5.859610239847e-06   3.907819615301e-10   7.489534581724e-01  -2.439818527407e-06  -5.212031168771e-07   5.321061055680e-11   1.405708243629e-01   3.116808662335e-09  -1.064557970130e-04   5.183047684582e-05   2.535584669920e+00  -3.424479390478e-05   1.856093502373e-07   2.487723024001e-06   8.431577124484e-07  -8.024406690558e-07   2.177699644313e-06  -1.239497608686e-06   3.329094142863e-02   1.854585774471e-07   2.486393695166e-06   8.425141636571e-07  -8.025283649878e-07   2.176237712138e-06   1.238741081605e-06   3.327608538433e-02
  -9.365362422237e-03  -3.882762291952e-03   2.681934076056e-01   5.528416253206e-06   3.059166885039e-07  -2.038523980862e-01   7.416291964783e-01   1.000275886661e-05   1.517425074690e-06  -2.678289829413e-01   5.497206467282e-01   4.607947460361e-06   1.479402515838e-06  -1.747951939771e-01   2.111071604482e-01   1.396933419888e-06   6.145819098860e-07   6.185506311033e-06  -5.228908779147e-12   1.978260849006e-01  -3.409963509120e-06  -6.515458970022e+00  -5.430373659192e-01  -6.179342454859e-01  -1.926625126858e+00   1.107669259044e-04  -2.268774994833e-05  -1.559371017891e+00  -1.533931806884e+00   1.502204685472e-04  -2.618112719585e-05  -5.806968178586e-01   4.449793522392e-03   4.803625475624e-05  -6.336283480038e-06  -1.580584780158e-01   3.564335282048e-02   7.773199526012e-06  -8.986127687502e-07   2.406528708757e-04   2.934403702210e-09   2.521487649630e-01  -3.522700738271e-05  -1.179388320051e+00  -1.030506855503e-02  -1.957385873012e-01  -2.303309980462e-01  -1.120889765216e-01  -1.101198577042e-01   1.006225038486e-01   1.463081343431e-06  -1.029839449978e-02  -1.956855043658e-01  -2.303092605571e-01  -1.120856160328e-01  -1.100669278402e-01  -1.005819508411e-01   1.461985812263e-06
  -2.956846075307e-03  -1.787945668331e-03   3.308101178699e-02  -1.071536730453e-06   2.766649613223e-07  -2.355893182567e-01   7.797893633840e-01  -2.528998198658e-05   6.517169967108e-06  -1.442497670317e+00   3.120152607662e+00  -1.013458784092e-04   2.606417935082e-05  -1.517617367432e+00   1.967958087175e+00  -6.399219847569e-05   1.642783102776e-05   3.521632636333e-05   2.939725487608e-10   3.135644086721e-01  -9.076903463236e-06  -5.430373659192e-01  -2.125703071882e+01  -2.155163811168e+01  -1.565525571686e-01  -2.990878963718e-08  -2.834672416744e-06  -7.572423440114e+00  -7.227255361217e-02  -9.045491543777e-09  -1.308520887347e-06  -3.429949814824e+00  -2.302033085815e-02   1.066786225604e-09  -4.166901842343e-07  -1.447309153369e+00  -5.792311746855e-03   8.950654146921e-10  -1.048293436009e-07   2.621495370890e-06  -7.324361256942e-11   1.483606639187e-02  -1.706877533884e-07  -1.638874537141e-02  -2.065670982893e-01  -1.589032507435e+00  -1.736890100877e+00  -1.073378953219e+00  -9.639984441405e-01   1.549868484358e+00   4.095151743678e-05  -2.063522813240e-01  -1.588441736663e+00  -1.736675904329e+00  -1.073331806970e+00  -9.632969231899e-01  -1.548920596032e+00   4.091342245871e-05
  -1.178920869964e-04   8.658109526238e-05   1.049279693876e-02  -3.400811317900e-07   8.792409749953e-08  -2.394644309400e-01   8.481910856588e-01  -2.751882408154e-05   7.096140214618e-06  -1.551642870082e+00   3.372184413695e+00  -1.095226422427e-04   2.819240666254e-05  -1.635335089188e+00   2.126935092628e+00  -6.910410809276e-05   1.777874120331e-05   4.008659102094e-05   3.352586809614e-10   3.567800917798e-01  -1.034190901211e-05  -6.179342454859e-01  -2.155163811168e+01  -1.949967772768e+01  -2.174713237754e-01  -4.177919271046e-08  -3.937722907107e-06  -8.138968987962e+00  -6.757499680099e-02  -1.330938158558e-08  -1.223579225716e-06  -3.705529095732e+00  -1.764858798113e-02  -3.778067116351e-09  -3.195712926286e-07  -1.560950834917e+00  -4.129316913214e-03  -9.370472529412e-10  -7.477309549770e-08   1.312242564533e-06  -3.672569465304e-11   7.407615758999e-03  -8.515439474403e-08  -8.180374750472e-03  -2.173610023387e-01  -1.720800416445e+00  -1.875829218175e+00  -1.157586213537e+00  -1.064991715602e+00   1.714676524001e+00   4.533345595958e-05  -2.171209258952e-01  -1.720160664855e+00  -1.875597732087e+00  -1.157535355166e+00  -1.064221470510e+00  -1.713636747568e+00   4.529153400685e-05
  -1.149712716012e-01  -1.010552803548e-01   6.004947365577e-01  -2.167771683758e-05   5.594679079032e-06  -1.220539121435e+00   2.476120851545e+00  -9.637530935435e-05   2.476272268174e-05  -1.663922550977e+00   1.851615677621e+00  -9.862606990984e-05   2.554864382377e-05  -7.455038487989e-01   6.387460659505e-02  -2.682281602350e-05   7.307433754190e-06   1.490878041987e-04   1.439421152219e-09   1.112824733598e+00  -3.829633468899e-05  -1.926625126858e+00  -1.565525571686e-01  -2.174713237754e-01  -9.062855136298e+00   1.877706146469e-05  -1.219596222706e-06  -5.801905408120e-01  -6.064160471162e+00   2.040608183931e-05  -1.345773194430e-06  -3.700080354379e-01  -2.252575351970e+00   8.538986196354e-06  -5.798641079594e-07  -1.756164954246e-01  -6.017391247465e-01   2.349735689391e-06  -1.621021421275e-07   3.494272425982e-06   5.018856203013e-10   2.298523570949e-01  -7.981991388677e-06  -4.348095687783e-01   5.244897393426e-01   7.442652436158e-01   1.612664401492e-01  -4.689336509413e-02   8.730356624159e-02  -1.494066675205e+00  -3.925565124238e-05   5.241064715240e-01   7.440685915260e-01   1.612644256089e-01  -4.688744924848e-02   8.735519404634e-02   1.493518444503e+00  -3.922869868954e-05
   3.726290593558e-06   3.274916999569e-06  -2.170333454747e-05  -6.903841474393e-02  -1.814315051609e-10   3.947153380014e-05  -9.602565857709e-05  -4.993503009176e-01  -8.058100211608e-10   5.147960442423e-05  -9.297648565923e-05  -1.218581980766e+00  -8.527717641441e-10   1.973526132438e-05  -2.093490561094e-05  -8.044169755228e-01  -2.646390306387e-10   7.490195982168e-01   6.229101626633e-06  -3.595540189660e-05   1.447032282270e-09   1.107669259044e-04  -2.990878963718e-08  -4.177919271046e-08   1.877706146469e-05  -8.828565404841e+00  -5.252722925133e-10   4.316539921977e-08   2.040608183931e-05  -5.806300063781e+00  -5.664611242915e-10   2.599794728607e-07   8.538986196354e-06  -2.142074640092e+00  -2.334683955345e-10   1.899661020846e-07   2.349735689391e-06  -5.709423232088e-01  -6.370578152246e-11  -2.545244790413e-01  -6.735763680067e-06   2.075527961567e-06   5.018856203013e-10   4.420493186695e-06  -8.703933796064e-01  -1.408622771043e+00  -5.564966819921e-01  -1.304234763083e-01  -1.616990583975e+00   1.712985419987e+00   6.710897963272e-05   8.698570210481e-01   1.408404033172e+00   5.565257642656e-01   1.304402289235e-01   1.616388740428e+00   1.712834054934e+00  -6.707048011438e-05
  -9.646777466966e-07  -8.475124429951e-07   5.625678427272e-06  -1.822212315560e-10  -6.901229645845e-02  -1.037342251412e-05   2.536776229810e-05  -8.283483539591e-10  -4.980590142589e-01  -1.509816295933e-05   2.820124064646e-05  -9.861030773515e-10  -1.208281297175e+00  -7.819199429828e-06   9.394698191763e-06  -3.816490970655e-10  -7.943365641844e-01   1.477411334183e-09  -2.421615357203e-05   2.029226930002e-05   7.474762632729e-01  -2.268774994833e-05  -2.834672416744e-06  -3.937722907107e-06  -1.219596222706e-06  -5.252722925133e-10  -8.761991229331e+00  -1.050156958178e-05  -1.345773194430e-06  -5.664611242915e-10  -5.733339159269e+00  -6.690487570352e-06  -5.798641079594e-07  -2.334683955345e-10  -2.111091236380e+00  -3.173438972586e-06  -1.621021421275e-07  -6.370578152246e-11  -5.623512050420e-01   5.018856203013e-10   2.668699121250e-06  -4.694372035298e-06  -2.912180870918e-01  -6.231138543050e-07  -2.330287205836e-05  -3.961644288366e-05  -1.805697301779e-05  -5.762629350501e-06  -4.388878591167e-05   6.933596378921e-05  -8.405156311690e-01  -2.328110082817e-05  -3.959793040743e-05  -1.805262040618e-05  -5.761859595243e-06  -4.385849356827e-05  -6.929629494910e-05  -8.400159475123e-01
  -7.815842484589e-01  -7.810240638267e-01   9.873279817852e-01  -3.188547598642e-05   8.203355114232e-06  -2.296446480723e+00   3.048302517613e+00  -9.842993565419e-05   2.511636326252e-05  -4.082226075859e+00   5.884846811493e+00  -1.914372404919e-04   4.766623694915e-05  -3.972074976172e+00   4.270448661859e+00  -1.398602216030e-04   3.404252235284e-05   1.007662850629e-04   8.220964349562e-10   9.018628072083e-01  -2.565728744877e-05  -1.559371017891e+00  -7.572423440114e+00  -8.138968987962e+00  -5.801905408120e-01   4.316539921977e-08  -1.050156958178e-05  -1.037922105014e+01  -9.099858023256e-01   6.553247387257e-06  -1.624488933243e-05  -7.309380724362e+00  -5.573186717008e-01   9.999907028582e-06  -9.697355086596e-06  -3.754241886446e+00  -1.829657219040e-01   4.160285908700e-06  -3.143126879000e-06   5.732786944747e-05  -1.448289402264e-09   3.665424390521e-01  -4.456108323486e-06  -4.134531902747e-01  -1.462683553912e+00  -3.683445614505e+00  -4.146715888159e+00  -2.831309900260e+00  -1.905912199622e+00   2.930278580374e+00   7.594137816022e-05  -1.461995736780e+00  -3.682483571584e+00  -4.146270625882e+00  -2.831192358293e+00  -1.905182709680e+00  -2.929495705942e+00   7.589680483360e-05
  -2.321124598226e+00  -2.338739500508e+00   2.002301612396e+00  -8.349855048483e-05   2.148634544800e-05  -4.727687811573e+00   4.065273482376e+00  -1.832039486645e-04   4.687338372577e-05  -4.494281348567e+00   2.730179033269e+00  -1.775396291982e-04   4.579103435996e-05  -2.244678630256e+00  -1.050386230407e-01  -6.119622222310e-05   1.687884884839e-05   1.491429211500e-04   1.627874318921e-09   8.884451125825e-01  -3.798983253489e-05  -1.533931806884e+00  -7.227255361217e-02  -6.757499680099e-02  -6.064160471162e+00   2.040608183931e-05  -1.345773194430e-06  -9.099858023256e-01  -8.269744574324e+00   5.397584537183e-05  -4.521209096118e-06  -1.015602485815e+00  -5.271245983063e+00   3.540495505616e-05  -3.898976295152e-06  -6.078706231373e-01  -1.819597576801e+00   1.156762737362e-05  -1.425438449384e-06   2.946197418536e-05   1.714953982989e-09   6.810402742919e-01  -2.438297023512e-05  -1.330966686141e+00   1.342086016251e+00   1.509385290711e+00   3.356771789972e-01  -2.047387674591e-01  -4.666088082999e-01  -1.939937220538e+00  -5.024233683502e-05   1.341556915703e+00   1.509108656221e+00   3.356847510884e-01  -2.047195424842e-01  -4.663084305482e-01   1.939619757575e+00  -5.021802012461e-05
   7.522619952933e-05   7.579282908247e-05  -8.384576557346e-05  -5.836785890925e-01  -6.970478716188e-10   1.534577599641e-04  -1.843209300792e-04  -1.617559838016e+00  -1.531635159677e-09   1.446231411403e-04  -1.751901339620e-04  -2.838645490697e+00  -1.609982173102e-09   6.920947002933e-05  -5.649738618872e-05  -2.106287060234e+00  -7.259116922282e-10   1.556042137353e+00   1.279839383884e-05  -2.897595383398e-05   1.657589467147e-09   1.502204685472e-04  -9.045491543777e-09  -1.330938158558e-08   2.040608183931e-05  -5.806300063781e+00  -5.664611242915e-10   6.553247387257e-06   5.397584537183e-05  -7.442971532502e+00  -1.295117145932e-09   1.822284260665e-05   3.540495505616e-05  -4.593534725107e+00  -6.544208965040e-10   1.382179985100e-05   1.156762737362e-05  -1.576547969370e+00  -1.822885777749e-10  -5.236099177258e-01  -1.817476071293e-05  -3.184638989878e-06   1.714953982989e-09   1.111519149968e-05  -2.221859453697e+00  -2.840164465437e+00  -1.364944831213e+00  -3.695812069966e-01  -2.172606883852e+00   1.607869306478e+00   8.558406697782e-05   2.221240513938e+00   2.839958753417e+00   1.365055602124e+00   3.696491644973e-01   2.172245344358e+00   1.608346774446e+00  -8.555250649599e-05
  -1.946978211388e-05  -1.961439612920e-05   2.172736816992e-05  -7.019467457801e-10  -5.834741772513e-01  -3.996794023434e-05   4.828905143440e-05  -1.568143862424e-09  -1.613761748270e+00  -3.999639632115e-05   5.114055462433e-05  -1.803035455609e-09  -2.801407042963e+00  -2.304767752008e-05   2.250377576007e-05  -9.475895134736e-10  -2.052236671057e+00   1.700664906272e-09  -5.004080618778e-05   2.992965241877e-05   1.552341238703e+00  -2.618112719585e-05  -1.308520887347e-06  -1.223579225716e-06  -1.345773194430e-06  -5.664611242915e-10  -5.733339159269e+00  -1.624488933243e-05  -4.521209096118e-06  -1.295117145932e-09  -7.227472037261e+00  -1.767150183884e-05  -3.898976295152e-06  -6.544208965040e-10  -4.434127335605e+00  -1.044247236397e-05  -1.425438449384e-06  -1.822885777749e-10  -1.521804232872e+00   1.714953982989e-09   1.283082615145e-05  -7.958458063305e-06  -6.749802467925e-01  -3.104104761096e-06  -5.941831884983e-05  -7.966452303178e-05  -4.509367997901e-05  -1.727669292823e-05  -5.897392326611e-05   8.973783954148e-05  -1.695000480106e+00  -5.938285329986e-05  -7.963361251117e-05  -4.508352891868e-05  -1.727452292410e-05  -5.894529852684e-05  -8.970485671642e-05  -1.694360092487e+00
  -1.721762718940e+00  -1.732518368103e+00   7.082925428623e-01  -2.270867843772e-05   5.793247161844e-06  -3.665482805089e+00   2.082072875258e+00  -6.648677175659e-05   1.677835585217e-05  -5.224334401044e+00   4.380207194084e+00  -1.391707764024e-04   3.413609616935e-05  -5.277066990126e+00   4.190976556737e+00  -1.309615178482e-04   3.158569303794e-05   3.726288225191e-05   2.901657971374e-10   3.378608869135e-01  -9.289047648204e-06  -5.806968178586e-01  -3.429949814824e+00  -3.705529095732e+00  -3.700080354379e-01   2.599794728607e-07  -6.690487570352e-06  -7.309380724362e+00  -1.015602485815e+00   1.822284260665e-05  -1.767150183884e-05  -7.500835362748e+00  -1.064436500598e+00   3.881364604076e-05  -1.754740188722e-05  -5.074941098989e+00  -4.818530931356e-01   2.080361338696e-05  -7.763635797836e-06   6.242459614994e-05  -1.333057365603e-09   4.622264198570e-01  -6.015572913796e-06  -5.355534256911e-01  -1.804883196950e+00  -3.895232599524e+00  -4.958817036520e+00  -3.965544507147e+00  -1.242394688750e+00   1.803364365812e+00   4.552861371991e-05  -1.804468705966e+00  -3.894594406521e+00  -4.958408174006e+00  -3.965401437105e+00  -1.242102928215e+00  -1.803138795233e+00   4.550824825188e-05
