ARMA_MAT_TXT_FN008
58 58
   3.189782728655e-01   2.849748756520e-01  -6.064583605191e-03   3.422645859333e-07  -8.910191910236e-08  -6.823918053045e-02  -6.928178180901e-03   3.839437111208e-07  -1.079072097147e-07  -6.141363440368e-02  -7.216368416704e-03   4.885072349575e-07  -1.148763253156e-07   9.316013458229e-04  -1.867722940959e-04   8.836163816568e-09   9.493420004350e-09   4.433866457910e-08   4.189658173341e-13   2.768969052446e-04  -3.906452954309e-09  -5.408803570049e-04   1.631036095388e-03   2.397901112327e-03  -6.258404304135e-03   1.456472500004e-07  -5.107627478985e-08  -4.171686496315e-03  -7.951047951377e-03  -3.673254970228e-08  -5.802525473541e-08   7.443165943446e-03   1.986900279284e-03  -4.560456289677e-07  -1.585194140936e-08  -4.414115993924e-03  -1.218661972594e-03   3.804734941070e-07  -4.236441833387e-08   2.179192817491e-07   4.982984008968e-12   7.245876308774e-04  -5.139290624589e-08  -2.585408027130e-03   1.162150143202e-03   1.613363907979e-03   5.693332878882e-04   7.141038835007e-04  -1.923195830646e-04  -2.030535487260e-04  -9.356060804580e-09   1.162144454156e-03   1.613458255183e-03   5.697670621106e-04   7.147260810742e-04  -1.923104622035e-04   2.028453299783e-04  -9.347043024584e-09
   2.849748756520e-01   2.640869290198e-01  -9.642081572174e-03   5.482387064493e-07  -1.438548085470e-07  -1.167137716447e-01  -1.229428315194e-02   6.838919873787e-07  -1.930042106948e-07  -1.026770294806e-01  -1.220303820013e-02   8.246040012626e-07  -1.959885944564e-07   9.722843836443e-04  -2.766784128724e-04   2.190227346677e-08   1.515215289473e-08   6.860047685240e-08  -1.148018459549e-13   5.451910707972e-04  -5.197585278927e-09  -8.447219707679e-04   2.638409832079e-03   3.882974902994e-03  -1.039778640934e-02   2.396428189899e-07  -8.661806100207e-08  -6.614639449451e-03  -1.329057631964e-02  -6.153751104096e-08  -9.932290876371e-08   1.278980599634e-02   3.395749939060e-03  -7.653245541495e-07  -2.928200740583e-08  -7.107892526258e-03  -1.956502434961e-03   6.192508380525e-07  -6.907891943233e-08   3.637819676878e-07   8.766115565793e-12   1.206266699268e-03  -8.749124400527e-08  -4.372079989287e-03   1.986705327888e-03   2.750674106534e-03   9.502113909400e-04   1.157280435540e-03  -3.165641186375e-04  -3.389579558638e-04  -1.565135726266e-08   1.986698086845e-03   2.750864532898e-03   9.509431055494e-04   1.158299274918e-03  -3.165442561676e-04   3.386127869847e-04  -1.563640051391e-08
  -6.064583605191e-03  -9.642081572174e-03   6.226205297838e-02   9.711880031978e-07  -1.713277298085e-07   2.863400354482e-02   9.353921572245e-02   1.594847130968e-06  -2.881211916858e-07   6.765587398155e-02   5.503652949230e-02   2.599422007337e-06  -5.211489314292e-07   2.624631529457e-02  -1.112254665280e-03   1.064516554374e-06  -1.251111385115e-07   2.760638435879e-07   1.373312962946e-12   3.167981279594e-03  -4.121805063271e-08  -6.103511746127e-03   1.201070521040e-02   2.004107441838e-02  -3.876542883547e-02   1.456643985350e-06  -4.278163642525e-07  -5.913985718269e-02  -6.282615574554e-02   1.850888115588e-06  -6.930917731067e-07  -2.866963214348e-02  -2.488929829327e-02  -2.250675352711e-07  -3.984926079412e-07  -7.356220780956e-03   6.920734386897e-04  -9.765541252433e-08  -8.335970398360e-08   9.413113821422e-07   2.349742978427e-11   3.138794365861e-03  -3.156919113586e-07  -9.222685793431e-03   4.807851174644e-03   8.225856811838e-03   5.068392375959e-03   1.991593875544e-03  -1.274987501782e-03  -4.035055543345e-04  -2.764897558857e-08   4.807760250904e-03   8.227750127392e-03   5.071573134308e-03   1.991389342781e-03  -1.274658495818e-03   4.028661208935e-04  -2.761709278175e-08
   3.422645859333e-07   5.482387064493e-07   9.711880031978e-07   8.567458278915e-02   1.421472167923e-10  -1.732468529174e-06   1.612467135664e-06   1.323021686193e-01   2.112400787748e-10  -2.769276045589e-06   2.109473852822e-06   1.206311110876e-01   2.023357274536e-10   1.277548158741e-06   4.351066074547e-07   1.199326866838e-02  -1.663206755858e-11  -5.293989012830e-03  -5.961801758483e-08  -1.607657176262e-07   7.409087743000e-12  -2.063950673018e-07   1.754830773917e-08   1.052324180760e-07   2.198054081814e-06   6.208204312801e-03  -1.055107490698e-10  -9.646413965270e-07   4.371102174453e-06   7.778131057782e-03  -2.060639767709e-10   3.778107977533e-06  -1.360588551923e-06   4.608044020675e-03  -4.049764022942e-11   9.285388381380e-06  -2.440090882039e-06   2.046628169456e-02   1.397175460685e-10   1.909745284919e-02   2.521448571609e-10   1.861499098050e-07   5.381885802233e-11   8.077840307454e-07  -8.475380588460e-03  -2.328521936377e-02  -3.319205595098e-02  -1.988022097736e-02  -7.316880695139e-05  -1.537786828903e-03  -4.282910419109e-08   8.476899927912e-03   2.328750850703e-02   3.318993700831e-02   1.987416544265e-02   7.318394814416e-05  -1.536726779584e-03   4.275574361714e-08
  -8.910191910236e-08  -1.438548085470e-07  -1.713277298085e-07   1.421472167923e-10   4.907036065502e-02   4.519568309984e-07  -2.986517764612e-07   2.116645119436e-10   7.770706460921e-02   5.983515882196e-07  -3.316208704366e-07   2.088764402762e-10   6.803080662191e-02   6.845804239012e-08  -1.245534511219e-07  -1.350425693439e-12   5.745370348679e-03   4.400961552945e-12   2.397852956961e-07  -7.827539428878e-08  -6.272219092433e-03   1.832837735103e-08   2.656557752032e-07   4.565962403002e-07  -2.151810194865e-07  -8.129948157199e-11   3.112220408133e-02  -1.332335640587e-06  -3.489537672002e-07  -1.958366482322e-10   5.424200588715e-02  -1.240692578088e-06  -1.294129075462e-07  -9.259160919436e-11   3.762625061878e-02   5.258362146512e-07  -9.777478378136e-08   1.556289423109e-10   2.170698336614e-03   5.220875021252e-11  -2.138984207442e-07   1.525572214779e-07   1.171057640382e-02  -1.465482919762e-07   2.060849104310e-07   1.680053249901e-07  -1.880426480874e-07  -1.843881280090e-07   1.271358098710e-08  -7.400167557506e-08   1.850980456336e-03   2.061140921282e-07   1.682077024032e-07  -1.876303742803e-07  -1.840361809485e-07   1.271327633136e-08   7.392619086469e-08   1.850330712759e-03
  -6.823918053045e-02  -1.167137716447e-01   2.863400354482e-02  -1.732468529174e-06   4.519568309984e-07   3.421879888131e-01   4.115073293250e-02  -2.442949848965e-06   6.777051911969e-07   2.959316230877e-01   3.750805297465e-02  -2.696163803041e-06   6.385839253185e-07   9.372696628927e-05   6.120192331244e-04  -1.086415178885e-07  -3.796287338043e-08  -1.565569224026e-07   3.324463110659e-12  -1.668490185150e-03   1.262812228362e-09   1.968563263783e-03  -6.545699894742e-03  -9.449211786555e-03   2.817253712592e-02  -5.409778027241e-07   2.682370655402e-07   1.407826253585e-02   3.577440135504e-02   4.058138710419e-07   3.257473184647e-07  -3.958702433200e-02  -1.069214449304e-02   2.285627549256e-06   1.229474706789e-07   1.920872965548e-02   5.363015508367e-03  -1.797797900557e-06   1.910000455585e-07  -1.073012736246e-06  -2.548756700109e-11  -3.258678576935e-03   2.581807480147e-07   1.227680951205e-02  -5.965995559337e-03  -8.194330280929e-03  -2.522673600645e-03  -3.145768317254e-03   8.089388819873e-04   1.019639492149e-03   4.788322703407e-08  -5.966142254750e-03  -8.195318429256e-03  -2.525046804290e-03  -3.148788042197e-03   8.088761906855e-04  -1.018691057215e-03   4.784117657013e-08
  -6.928178180901e-03  -1.229428315194e-02   9.353921572245e-02   1.612467135664e-06  -2.986517764612e-07   4.115073293250e-02   1.405611447501e-01   2.632645329033e-06  -4.979668600577e-07   1.001827526951e-01   8.257484621062e-02   4.088672174963e-06  -8.401848430346e-07   3.951984062883e-02  -1.704481686582e-03   1.588648809364e-06  -1.915763135659e-07   4.006648766935e-07   1.751452545809e-12   4.778836252788e-03  -5.681418719946e-08  -9.206504095157e-03   1.839179719801e-02   3.070776832409e-02  -5.815707935447e-02   2.308608491473e-06  -6.754228715708e-07  -9.046013357285e-02  -9.423159669379e-02   2.996703601954e-06  -1.094090407433e-06  -4.385584903317e-02  -3.710850141520e-02  -2.127329286150e-07  -6.311142910289e-07  -1.113202844636e-02   1.002602973561e-03  -1.138290470704e-07  -1.285213240692e-07   1.438976793952e-06   3.583995722421e-11   4.783627095695e-03  -4.837965912370e-07  -1.391093259787e-02   6.867066604255e-03   1.184528164901e-02   7.611753398212e-03   2.975856391597e-03  -1.952473435278e-03  -5.353162953496e-04  -4.119941322361e-08   6.866842346163e-03   1.184790428464e-02   7.616460588450e-03   2.975589779463e-03  -1.951984059769e-03   5.343307033272e-04  -4.115044276137e-08
   3.839437111208e-07   6.838919873787e-07   1.594847130968e-06   1.323021686193e-01   2.116645119436e-10  -2.442949848965e-06   2.632645329033e-06   2.043207232291e-01   3.138060137650e-10  -4.019754485373e-06   3.343389467562e-06   1.861242526096e-01   3.007460851910e-10   2.003335150874e-06   6.626851158006e-07   1.835802293459e-02  -2.710873216313e-11  -8.219686871797e-03  -9.232127681775e-08  -2.440561303594e-07   1.208992852463e-11  -3.291469616937e-07   2.138608984937e-08   1.345775687794e-07   3.311891946321e-06   1.033582013061e-02  -1.636049555697e-10  -1.376134403949e-06   6.653350306830e-06   1.318127790074e-02  -3.215530445628e-10   5.727704844523e-06  -2.093479969755e-06   7.706530906775e-03  -6.781392423048e-11   1.431758427106e-05  -3.754959932827e-06   3.161764445076e-02   2.152982093763e-10   2.935533593648e-02   4.795889808664e-09   2.841725664254e-07   8.034299440699e-11   1.242405939180e-06  -1.253529971797e-02  -3.501449177056e-02  -5.090081424861e-02  -3.066374913058e-02  -6.951767118327e-05  -2.430514406425e-03  -6.886610160440e-08   1.253775035459e-02   3.501811620182e-02   5.089751437105e-02   3.065439792057e-02   6.955482847116e-05  -2.428870025539e-03   6.875125346274e-08
  -1.079072097147e-07  -1.930042106948e-07  -2.881211916858e-07   2.112400787748e-10   7.770706460921e-02   6.777051911969e-07  -4.979668600577e-07   3.138060137650e-10   1.230557063282e-01   9.042550833775e-07  -5.407176133559e-07   3.103461410654e-10   1.077325337540e-01   1.023971664815e-07  -1.968243321159e-07  -5.000326097603e-12   9.098279672909e-03   7.565660460929e-12   3.797202876981e-07  -1.245424904770e-07  -9.932589199520e-03   3.029080132629e-08   4.157656280105e-07   7.148810525980e-07  -3.375419643308e-07  -1.263657798462e-10   4.928464129982e-02  -2.086294561924e-06  -5.461597487918e-07  -3.064534020429e-10   8.589680205630e-02  -1.946760802942e-06  -2.007591636777e-07  -1.450689552650e-10   5.958434885768e-02   8.321242118648e-07  -1.554335919003e-07   2.435136853458e-10   3.437484331457e-03   7.879470904408e-11  -3.387262326508e-07   2.408359874839e-07   1.854468777236e-02  -2.314535828751e-07   3.292120224243e-07   2.698524723649e-07  -2.984273926581e-07  -2.918097737446e-07   2.058957265057e-08  -1.178470405893e-07   2.931184038391e-03   3.292498341450e-07   2.701563065032e-07  -2.977883123052e-07  -2.912585990317e-07   2.058852560486e-08   1.177274883595e-07   2.930155114507e-03
  -6.141363440368e-02  -1.026770294806e-01   6.765587398155e-02  -2.769276045589e-06   5.983515882196e-07   2.959316230877e-01   1.001827526951e-01  -4.019754485373e-06   9.042550833775e-07   2.869486342550e-01   6.940543227277e-02  -3.337765048822e-06   6.394256982172e-07   1.894200431185e-02  -4.343211763194e-04   2.880551079651e-07  -7.363793831599e-08   1.836117768678e-07   6.858875644941e-12   9.364466387497e-04  -7.240620847870e-08  -2.829937285753e-03   4.509005604177e-03   8.995606857421e-03  -3.388383405946e-03   6.493857957367e-07   1.076573277427e-07  -3.771948768166e-02  -1.362123503348e-02   1.957588402713e-06   1.267614216540e-07  -5.695171458881e-02  -2.501801799761e-02   1.964052397054e-06   8.048744442142e-08   1.044675038426e-02   4.776134218009e-03  -2.070305850412e-06   1.085542405535e-07  -6.688280127430e-07  -6.272440776558e-12  -1.747449295321e-04   7.625394250439e-08   3.468837658882e-03  -3.326441795309e-03  -3.544526632849e-03   1.450146454209e-03  -1.300075731866e-03  -4.033336700641e-04   9.121063943961e-04   4.261306250174e-08  -3.327141582678e-03  -3.545814295701e-03   1.448217302396e-03  -1.303786670991e-03  -4.031468499842e-04  -9.117423955896e-04   4.259346148731e-08
  -7.216368416704e-03  -1.220303820013e-02   5.503652949230e-02   2.109473852822e-06  -3.316208704366e-07   3.750805297465e-02   8.257484621062e-02   3.343389467562e-06  -5.407176133559e-07   6.940543227277e-02   4.926673670443e-02   4.166260108919e-06  -7.078703948135e-07   2.270477143259e-02  -8.406968718697e-04   1.230415298296e-06  -1.369197920081e-07   1.772981574734e-07  -5.240650164653e-13   2.677194235692e-03  -1.150652171774e-08  -5.185510954555e-03   9.276958387149e-03   1.529955760066e-02  -3.388192196305e-02   9.613374522140e-07  -4.657482066832e-07  -4.557372968018e-02  -5.514391224769e-02   1.000014131307e-06  -7.835119544624e-07  -2.280043495870e-02  -2.307072105666e-02  -5.271468917847e-07  -4.887776799115e-07  -5.861448630819e-03   8.273303382824e-04   2.082390497888e-07  -7.303444773600e-08   1.128679348371e-06   1.974490797670e-11   2.445774322270e-03  -3.190316274316e-07  -7.690554890779e-03   5.470147988098e-03   9.026192114767e-03   4.416608264953e-03   1.760509769767e-03  -9.661496668457e-04  -6.063634021436e-04  -3.778054092852e-08   5.470749214441e-03   9.029659609381e-03   4.421064511352e-03   1.760994462381e-03  -9.658417553715e-04   6.058427958192e-04  -3.775076866638e-08
   4.885072349575e-07   8.246040012626e-07   2.599422007337e-06   1.206311110876e-01   2.088764402762e-10  -2.696163803041e-06   4.088672174963e-06   1.861242526096e-01   3.103461410654e-10  -3.337765048822e-06   4.166260108919e-06   1.716175110095e-01   2.949855679500e-10   2.347616819279e-06   7.290933753179e-07   1.869000341368e-02  -2.262985818542e-11  -6.960162274095e-03  -8.109372349682e-08  -1.721787382475e-07   1.060532066133e-11  -3.635263637676e-07   1.665044445546e-07   3.676037006295e-07   2.108249208301e-06   4.294224699857e-04  -1.910929004980e-10  -2.041023112996e-06   4.173505177991e-06  -2.034165261376e-03  -3.448898126064e-10   7.107434477427e-06  -3.458142572460e-06  -6.708590233378e-05  -6.609652012108e-11   1.303215511796e-05  -3.521561957446e-06   2.867496947592e-02   1.968848566660e-10   2.839596888354e-02  -4.855430729535e-08   3.181359102270e-07   7.515415004427e-11   8.437247997348e-07  -1.806745107206e-02  -4.325667356256e-02  -5.068278535257e-02  -2.839215128349e-02  -5.855253937081e-04  -1.546025059774e-03  -3.003645718787e-08   1.807024268108e-02   4.326161160240e-02   5.068056076251e-02   2.838388979472e-02   5.854202617083e-04  -1.544300588806e-03   2.993531234376e-08
  -1.148763253156e-07  -1.959885944564e-07  -5.211489314292e-07   2.023357274536e-10   6.803080662191e-02   6.385839253185e-07  -8.401848430346e-07   3.007460851910e-10   1.077325337540e-01   6.394256982172e-07  -7.078703948135e-07   2.949855679500e-10   9.431743700100e-02  -2.890704903357e-08  -1.688004490622e-07  -1.198553782532e-12   7.965341480485e-03   5.376185733947e-12   3.324366657207e-07  -1.241865790022e-07  -8.695760912588e-03   5.473175135264e-08   3.297664500069e-07   5.676635570494e-07  -8.005674652503e-08  -1.421797700318e-10   4.314760721744e-02  -1.645424916686e-06  -1.365272225582e-07  -3.127354755696e-10   7.520073959367e-02  -1.659146677671e-06  -4.758862895820e-08  -1.407939681748e-10   5.216477208722e-02   7.755123568311e-07  -1.370048577405e-07   2.168035337752e-10   3.009441072411e-03   7.420583869432e-11  -2.965472826764e-07   1.977240175293e-07   1.623546165542e-02  -1.515339515664e-07   2.350789386260e-07   1.538831579426e-07  -2.878309949478e-07  -2.689578184457e-07   2.223061860979e-08  -9.537008629967e-08   2.566186427349e-03   2.351581753359e-07   1.542151505017e-07  -2.872519573180e-07  -2.684650341863e-07   2.223165223081e-08   9.527210904260e-08   2.565285627374e-03
   9.316013458229e-04   9.722843836443e-04   2.624631529457e-02   1.277548158741e-06   6.845804239012e-08   9.372696628927e-05   3.951984062883e-02   2.003335150874e-06   1.023971664815e-07   1.894200431185e-02   2.270477143259e-02   2.347616819279e-06  -2.890704903357e-08   1.152201399599e-02  -5.434521105124e-04   5.856436113307e-07  -3.350959517054e-08   8.198287981197e-08   7.685550336025e-13   1.451457565239e-03  -3.812841537782e-08  -2.758192440264e-03   6.156958897733e-03   9.995703495276e-03  -1.758437944106e-02   6.281642703584e-07  -1.030503596242e-07  -2.814296765251e-02  -2.818211964584e-02   7.816567153188e-07  -1.473594626635e-07  -1.228797344098e-02  -1.015879737077e-02  -1.455400960277e-07  -5.819448316843e-08  -3.861293179864e-03   9.802365534701e-05   1.938203201726e-07  -3.675534647952e-08   6.474109444397e-07   9.474839138820e-12   1.545364991371e-03  -1.072031976927e-07  -4.440202212521e-03   1.822242615313e-03   3.178327793482e-03   2.274844283353e-03   9.378265862878e-04  -6.243832249799e-04  -1.169817480239e-04  -5.174970447578e-09   1.822537541313e-03   3.179780677894e-03   2.276887985248e-03   9.381819086833e-04  -6.242182532711e-04   1.166549884738e-04  -5.162244841074e-09
  -1.867722940959e-04  -2.766784128724e-04  -1.112254665280e-03   4.351066074547e-07  -1.245534511219e-07   6.120192331244e-04  -1.704481686582e-03   6.626851158006e-07  -1.968243321159e-07  -4.343211763194e-04  -8.406968718697e-04   7.290933753179e-07  -1.688004490622e-07  -5.434521105124e-04   8.618350446893e-05   1.779917984374e-07  -1.510949380945e-08  -2.498947169948e-09  -8.373945687059e-13  -7.170260726842e-05   1.651012054178e-08   1.456690717059e-04  -1.115685242533e-03  -1.742295392844e-03   3.555969331461e-05  -4.947590977485e-07  -5.929050170914e-08   4.391629598285e-03   1.064432352300e-04  -8.636669578410e-07  -1.123510247176e-07   2.596874006308e-03  -2.301650852916e-04  -4.732643410149e-07  -8.776770919983e-08   8.815832163325e-05   2.273619281715e-05   1.267111451361e-07  -2.836602484943e-09   1.629487527613e-07  -1.883890867892e-12  -1.673909416423e-04  -2.833261647332e-08   1.284264903497e-04   8.263171531033e-04   1.169435811900e-03  -3.551388425373e-05   4.351927533328e-05   9.494182832248e-05  -1.703597231377e-04  -9.147003735412e-09   8.270606137778e-04   1.171015308832e-03  -3.450973696336e-05   4.384817945057e-05   9.498071820150e-05   1.704268470331e-04  -9.147695189079e-09
   8.836163816568e-09   2.190227346677e-08   1.064516554374e-06   1.199326866838e-02  -1.350425693439e-12  -1.086415178885e-07   1.588648809364e-06   1.835802293459e-02  -5.000326097603e-12   2.880551079651e-07   1.230415298296e-06   1.869000341368e-02  -1.198553782532e-12   5.856436113307e-07   1.779917984374e-07   3.519156320156e-03  -4.228344836971e-12  -2.371085942438e-04  -5.437952362592e-09   1.153798332328e-08   5.675608316871e-12  -6.623754697024e-08   2.192098501972e-07   3.230233837717e-07  -2.945155126880e-07  -7.613133261262e-03  -7.746537226750e-11  -9.359279173969e-07  -7.829358892100e-07  -1.216324120279e-02  -1.177473258753e-10   2.130502982972e-06  -1.529034091346e-06  -6.044587064200e-03  -3.731609005063e-11   1.351795665771e-06  -4.272072069230e-07   2.720225975950e-03   1.903669831536e-11   4.210726904850e-03  -4.987656504396e-08   7.330425103861e-08   2.287998152775e-12  -9.636268814740e-08  -7.446338599290e-03  -1.394523952511e-02  -8.675269017613e-03  -3.191698322983e-03  -5.026366345894e-04   4.166569614801e-04   2.489229479731e-08   7.446853517507e-03   1.394677095680e-02   8.675655313549e-03   3.191058041665e-03   5.025073362994e-04   4.169785786471e-04  -2.490078097439e-08
   9.493420004350e-09   1.515215289473e-08  -1.251111385115e-07  -1.663206755858e-11   5.745370348679e-03  -3.796287338043e-08  -1.915763135659e-07  -2.710873216313e-11   9.098279672909e-03  -7.363793831599e-08  -1.369197920081e-07  -2.262985818542e-11   7.965341480485e-03  -3.350959517054e-08  -1.510949380945e-08  -4.228344836971e-12   6.726928438233e-04   2.821644541786e-12   2.807510095237e-08  -1.394486640494e-08  -7.343785761282e-04   1.109038184933e-08   3.862103293382e-08   6.577962135428e-08   6.370925408402e-08  -2.833263370902e-11   3.643922443796e-03  -1.771096827627e-07   1.015196762796e-07  -4.772100792421e-11   6.350888971054e-03  -1.721360856907e-07   5.124660198894e-08  -1.943658028032e-11   4.405444381667e-03   7.541359915101e-08  -1.391351006631e-08   9.676892738570e-12   2.541547626003e-04   4.644830872841e-13  -2.504415364721e-08   1.662331726523e-08   1.371125004325e-03  -3.808434443111e-10  -1.695570754494e-08  -4.178987818640e-08  -3.254180597496e-08  -2.778414089532e-08   1.019228103694e-09  -1.564883251597e-09   2.167208086140e-04  -1.693444837069e-08  -4.175487348570e-08  -3.251849272071e-08  -2.775832166666e-08   1.020731607264e-09   1.560448774472e-09   2.166447338217e-04
   4.433866457910e-08   6.860047685240e-08   2.760638435879e-07  -5.293989012830e-03   4.400961552945e-12  -1.565569224026e-07   4.006648766935e-07  -8.219686871797e-03   7.565660460929e-12   1.836117768678e-07   1.772981574734e-07  -6.960162274095e-03   5.376185733947e-12   8.198287981197e-08  -2.498947169948e-09  -2.371085942438e-04   2.821644541786e-12   4.651453228136e-04   4.480228554327e-09   2.698778534978e-08  -1.722004232264e-12  -1.206464646768e-08   1.165484592756e-07   1.977867840045e-07  -3.327892407903e-07  -2.706564518206e-03  -2.475298102280e-13  -5.396255693974e-07  -7.005597737035e-07  -4.109859206334e-03   7.358998130210e-12   1.792807451111e-08  -2.609473979291e-07  -2.116777922619e-03   7.892420202367e-12  -5.826340471474e-07   1.216027956475e-07  -1.304296785864e-03  -8.297077019185e-12  -7.590467121901e-04  -1.368452427615e-08   1.816045385872e-08  -5.093358072726e-13  -1.288324766628e-07  -1.190699251692e-03  -1.487634350130e-03   9.476600963485e-04   1.116496332667e-03  -1.303351796731e-04   2.680959578752e-04   1.110651831523e-08   1.190564668442e-03   1.487650045738e-03  -9.473305881729e-04  -1.116066886613e-03   1.302810730087e-04   2.680518937393e-04  -1.109939473357e-08
   4.189658173341e-13  -1.148018459549e-13   1.373312962946e-12  -5.961801758483e-08   2.397852956961e-07   3.324463110659e-12   1.751452545809e-12  -9.232127681775e-08   3.797202876981e-07   6.858875644941e-12  -5.240650164653e-13  -8.109372349682e-08   3.324366657207e-07   7.685550336025e-13  -8.373945687059e-13  -5.437952362592e-09   2.807510095237e-08   4.480228554327e-09   1.217806016142e-12  -1.297991238806e-13  -3.064957930669e-08  -6.561470123600e-15   2.031868939513e-12   4.039254723543e-12  -3.476658397144e-12  -1.772258794650e-08   1.520805392574e-07  -1.280532968968e-11  -6.939555301079e-12  -2.635181055115e-08   2.650568541354e-07  -9.613029091787e-12  -1.475927082920e-12  -1.377673207856e-08   1.838629574665e-07  -3.885957406805e-12   1.062057535974e-12  -1.447053891643e-08   1.060724907837e-08  -1.086014454649e-08  -1.124267577928e-12   9.027312331646e-13   5.722444236252e-08  -1.745652529204e-12  -3.993490964130e-09  -6.814586645907e-10   1.673047074373e-08   1.318716163977e-08  -7.271642520904e-10   2.068450060919e-09   9.045006965572e-09   3.992704819685e-09   6.802769907635e-10  -1.672968434456e-08  -1.318455122374e-08   7.268254747403e-10   2.068253940785e-09   9.041674791339e-09
   2.768969052446e-04   5.451910707972e-04   3.167981279594e-03  -1.607657176262e-07  -7.827539428878e-08  -1.668490185150e-03   4.778836252788e-03  -2.440561303594e-07  -1.245424904770e-07   9.364466387497e-04   2.677194235692e-03  -1.721787382475e-07  -1.241865790022e-07   1.451457565239e-03  -7.170260726842e-05   1.153798332328e-08  -1.394486640494e-08   2.698778534978e-08  -1.297991238806e-13   1.912020884196e-04   6.017523972777e-09  -3.573480001420e-04   7.700786939237e-04   1.277046994326e-03  -2.351264706842e-03   1.338213422506e-07  -6.806919641317e-08  -3.628763610708e-03  -3.722654493707e-03   1.855036946500e-07  -1.138549383475e-07  -1.362879958788e-03  -1.225246163104e-03   1.302538502923e-08  -7.289083230926e-08  -5.802322914482e-04  -1.395941361110e-05  -4.447113340364e-08  -9.317330409652e-09  -4.679669747613e-10   2.129670066353e-12   2.111632771010e-04  -3.497281934726e-08  -6.195418502249e-04   2.553219940283e-04   4.356548597901e-04   2.989606894878e-04   1.333278189565e-04  -8.292608624057e-05  -1.902601567065e-05  -4.062018441738e-09   2.551828088112e-04   4.354715195901e-04   2.989009617588e-04   1.332265483148e-04  -8.291431521025e-05   1.898072729660e-05  -4.058869585898e-09
  -3.906452954309e-09  -5.197585278927e-09  -4.121805063271e-08   7.409087743000e-12  -6.272219092433e-03   1.262812228362e-09  -5.681418719946e-08   1.208992852463e-11  -9.932589199520e-03  -7.240620847870e-08  -1.150652171774e-08   1.060532066133e-11  -8.695760912588e-03  -3.812841537782e-08   1.651012054178e-08   5.675608316871e-12  -7.343785761282e-04  -1.722004232264e-12  -3.064957930669e-08   6.017523972777e-09   8.017208722984e-04   4.851914570747e-09  -3.910825550533e-08  -6.700471081803e-08   9.007748532368e-08  -4.655335385687e-12  -3.978069042559e-03   1.983568143352e-07   1.422547006261e-07   2.981189424016e-12  -6.933263590907e-03   1.513418343283e-07   5.109015072586e-08   3.745185083945e-12  -4.809422314158e-03  -5.207951841134e-08   1.290839133197e-08  -1.443564906502e-11  -2.774606781571e-04   8.837320719400e-13   2.734069474690e-08  -2.265968932492e-08  -1.496856756354e-03   3.375243257535e-08  -4.606992098798e-08  -5.131240004343e-08   1.661036453272e-08   1.920200269636e-08  -8.664685621809e-10   1.263545378270e-08  -2.365940416600e-04  -4.604463310621e-08  -5.128914375414e-08   1.658561243112e-08   1.916951038371e-08  -8.648321846638e-10  -1.262344782645e-08  -2.365109908324e-04
  -5.408803570049e-04  -8.447219707679e-04  -6.103511746127e-03  -2.063950673018e-07   1.832837735103e-08   1.968563263783e-03  -9.206504095157e-03  -3.291469616937e-07   3.029080132629e-08  -2.829937285753e-03  -5.185510954555e-03  -3.635263637676e-07   5.473175135264e-08  -2.758192440264e-03   1.456690717059e-04  -6.623754697024e-08   1.109038184933e-08  -1.206464646768e-08  -6.561470123600e-15  -3.573480001420e-04   4.851914570747e-09   6.743951675509e-04  -1.497964131194e-03  -2.554200084894e-03   4.203207124867e-03  -3.931481295422e-07   4.918174382886e-08   7.438420076966e-03   6.695293044070e-03  -5.799329812734e-07   7.573751176919e-08   3.135665599889e-03   2.230404760497e-03  -1.648136142747e-07   3.984757272913e-08   1.010172488540e-03   1.126114747454e-05  -2.915757896915e-08   1.143151120398e-08  -9.335425214653e-08  -3.803083049831e-12  -4.071136994154e-04   3.387626068400e-08   1.113792523418e-03  -2.837801973576e-04  -5.382466309595e-04  -5.439327984658e-04  -2.239385617400e-04   1.672154920001e-04  -2.115162820040e-06   1.739662357929e-09  -2.834808125686e-04  -5.378929198076e-04  -5.440667065302e-04  -2.239520031371e-04   1.672021053042e-04   2.230591621909e-06   1.734557965661e-09
   1.631036095388e-03   2.638409832079e-03   1.201070521040e-02   1.754830773917e-08   2.656557752032e-07  -6.545699894742e-03   1.839179719801e-02   2.138608984937e-08   4.157656280105e-07   4.509005604177e-03   9.276958387149e-03   1.665044445546e-07   3.297664500069e-07   6.156958897733e-03  -1.115685242533e-03   2.192098501972e-07   3.862103293382e-08   1.165484592756e-07   2.031868939513e-12   7.700786939237e-04  -3.910825550533e-08  -1.497964131194e-03   3.288710277717e-01   2.817836005943e-01   3.395217085164e-04  -1.143510522535e-06  -8.018721969319e-08  -4.839000097876e-02  -1.536977809745e-04  -5.677265106991e-07   2.449435460559e-08  -3.030491962413e-02   3.085380163903e-03   8.222185983748e-08   1.077264835140e-07  -8.206641424021e-04  -2.962691261797e-04  -4.604681689785e-07  -1.588892673471e-08   3.867820389063e-07  -9.831284892046e-12   1.661297975288e-03   5.038033183913e-08  -1.212505837157e-03  -9.533041951125e-03  -1.379385966786e-02   4.142899113625e-04  -6.052945649795e-04  -1.057867269496e-03   1.977871548406e-03   6.053057064996e-08  -9.530102157544e-03  -1.379104412710e-02   4.130994453358e-04  -6.061288530018e-04  -1.057429806668e-03  -1.977626235513e-03   6.050355556292e-08
   2.397901112327e-03   3.882974902994e-03   2.004107441838e-02   1.052324180760e-07   4.565962403002e-07  -9.449211786555e-03   3.070776832409e-02   1.345775687794e-07   7.148810525980e-07   8.995606857421e-03   1.529955760066e-02   3.676037006295e-07   5.676635570494e-07   9.995703495276e-03  -1.742295392844e-03   3.230233837717e-07   6.577962135428e-08   1.977867840045e-07   4.039254723543e-12   1.277046994326e-03  -6.700471081803e-08  -2.554200084894e-03   2.817836005943e-01   2.489626533209e-01   7.198842401501e-04  -1.749508006952e-06  -1.036204258772e-07  -8.189047553805e-02   3.950056906654e-05  -9.236062183950e-07   4.128623050948e-08  -5.024687948082e-02   5.103009076086e-03   2.699002195658e-07   1.977428851023e-07  -1.293303667289e-03  -4.399808385431e-04  -6.869114906517e-07  -2.641309065525e-08   7.544418679589e-07  -2.084351316010e-11   2.937936562900e-03   8.984419287278e-08  -2.030855282380e-03  -1.606937775578e-02  -2.301306397211e-02   5.897749988831e-04  -9.787690912203e-04  -1.776942667174e-03   3.312206032836e-03   1.029793038282e-07  -1.606459582616e-02  -2.300889120983e-02   5.879341649740e-04  -9.800908996831e-04  -1.776270968633e-03  -3.311916240635e-03   1.029371985908e-07
  -6.258404304135e-03  -1.039778640934e-02  -3.876542883547e-02   2.198054081814e-06  -2.151810194865e-07   2.817253712592e-02  -5.815707935447e-02   3.311891946321e-06  -3.375419643308e-07  -3.388383405946e-03  -3.388192196305e-02   2.108249208301e-06  -8.005674652503e-08  -1.758437944106e-02   3.555969331461e-05  -2.945155126880e-07   6.370925408402e-08  -3.327892407903e-07  -3.476658397144e-12  -2.351264706842e-03   9.007748532368e-08   4.203207124867e-03   3.395217085164e-04   7.198842401501e-04   4.119366770059e-02  -2.531974554830e-06  -9.668859867195e-08   9.168449167054e-04   6.430158570723e-02  -2.347919444371e-06  -1.267805883417e-07  -1.421201570200e-02   2.444149205833e-02   8.486290681365e-07  -5.593980670800e-08   9.313290162692e-03   4.229772671965e-05   1.435773463333e-07   5.842102824850e-08   3.038674971154e-07  -4.125554380053e-11  -1.368091534300e-03   2.166723904818e-07   9.262285656864e-03  -1.641106891854e-02  -2.451828977859e-02  -4.777015578657e-03  -3.023673797140e-03   1.091113181605e-04   2.790804042805e-03   7.557328706168e-08  -1.640683760651e-02  -2.451530620748e-02  -4.778718860699e-03  -3.023314788079e-03   1.092475070562e-04  -2.790012343520e-03   7.552172797621e-08
   1.456472500004e-07   2.396428189899e-07   1.456643985350e-06   6.208204312801e-03  -8.129948157199e-11  -5.409778027241e-07   2.308608491473e-06   1.033582013061e-02  -1.263657798462e-10   6.493857957367e-07   9.613374522140e-07   4.294224699857e-04  -1.421797700318e-10   6.281642703584e-07  -4.947590977485e-07  -7.613133261262e-03  -2.833263370902e-11  -2.706564518206e-03  -1.772258794650e-08   1.338213422506e-07  -4.655335385687e-12  -3.931481295422e-07  -1.143510522535e-06  -1.749508006952e-06  -2.531974554830e-06   3.954626857388e-02   1.578126930788e-10   4.227230785012e-06  -1.879616542243e-06   6.164549116547e-02   1.708370227889e-10  -5.243895262207e-06   2.466991024368e-06   3.116805420334e-02  -1.946907748030e-11  -6.385581856131e-07   2.790502978085e-07   2.150333785084e-03  -3.042709301487e-12  -5.702126779746e-03   2.300735828417e-07  -7.201794687450e-08  -5.297270233999e-11  -1.186827600112e-07   2.824153293161e-02   4.756872894185e-02   1.616528991113e-02   4.437964894468e-04   2.264262282763e-03  -3.024528604996e-03  -1.454915946526e-07  -2.823811784631e-02  -4.756712511092e-02  -1.616731306691e-02  -4.444027615055e-04  -2.263642392033e-03  -3.024443754305e-03   1.454397571467e-07
  -5.107627478985e-08  -8.661806100207e-08  -4.278163642525e-07  -1.055107490698e-10   3.112220408133e-02   2.682370655402e-07  -6.754228715708e-07  -1.636049555697e-10   4.928464129982e-02   1.076573277427e-07  -4.657482066832e-07  -1.910929004980e-10   4.314760721744e-02  -1.030503596242e-07  -5.929050170914e-08  -7.746537226750e-11   3.643922443796e-03  -2.475298102280e-13   1.520805392574e-07  -6.806919641317e-08  -3.978069042559e-03   4.918174382886e-08  -8.018721969319e-08  -1.036204258772e-07  -9.668859867195e-08   1.578126930788e-10   1.973883163233e-02   1.680285457277e-07  -1.427486423913e-07   1.897310103543e-10   3.440224923490e-02  -1.778363564081e-07  -1.013555064362e-07   8.986803830653e-11   2.386393405392e-02   3.538407806029e-07  -5.971728807136e-08   6.354442867415e-11   1.376735686449e-03  -5.820335450983e-11  -1.356621419320e-07   5.814191224751e-08   7.427272673596e-03  -5.937926847212e-08   3.073706726822e-07   3.550574492676e-07  -1.313042253040e-07  -1.084566788638e-07   2.980263566612e-08  -8.388225244669e-08   1.173958998809e-03   3.069927755190e-07   3.545149466708e-07  -1.313740124776e-07  -1.083278769485e-07   2.977068175837e-08   8.380916320579e-08   1.173546907847e-03
  -4.171686496315e-03  -6.614639449451e-03  -5.913985718269e-02  -9.646413965270e-07  -1.332335640587e-06   1.407826253585e-02  -9.046013357285e-02  -1.376134403949e-06  -2.086294561924e-06  -3.771948768166e-02  -4.557372968018e-02  -2.041023112996e-06  -1.645424916686e-06  -2.814296765251e-02   4.391629598285e-03  -9.359279173969e-07  -1.771096827627e-07  -5.396255693974e-07  -1.280532968968e-11  -3.628763610708e-03   1.983568143352e-07   7.438420076966e-03  -4.839000097876e-02  -8.189047553805e-02   9.168449167054e-04   4.227230785012e-06   1.680285457277e-07   2.249002309720e-01   4.471048200245e-03   2.435644735861e-06  -1.606560011143e-07   1.352371653267e-01  -1.093984256967e-02  -9.563185885277e-07  -6.113144787762e-07   3.654790134751e-03   8.884774444960e-04   1.538877828994e-06   7.044111052624e-08  -2.478857374476e-06   6.634316122420e-11  -8.453302063102e-03  -2.507012449623e-07   6.086563040580e-03   4.256346875129e-02   6.020959831975e-02  -1.730642647232e-03   2.363831985712e-03   4.838604613065e-03  -8.768333076207e-03  -2.793915031899e-07   4.255081536331e-02   6.019910917937e-02  -1.726906780301e-03   2.366990893625e-03   4.836929832975e-03   8.767915378204e-03  -2.792881498346e-07
  -7.951047951377e-03  -1.329057631964e-02  -6.282615574554e-02   4.371102174453e-06  -3.489537672002e-07   3.577440135504e-02  -9.423159669379e-02   6.653350306830e-06  -5.461597487918e-07  -1.362123503348e-02  -5.514391224769e-02   4.173505177991e-06  -1.365272225582e-07  -2.818211964584e-02   1.064432352300e-04  -7.829358892100e-07   1.015196762796e-07  -7.005597737035e-07  -6.939555301079e-12  -3.722654493707e-03   1.422547006261e-07   6.695293044070e-03  -1.536977809745e-04   3.950056906654e-05   6.430158570723e-02  -1.879616542243e-06  -1.427486423913e-07   4.471048200245e-03   1.006315680133e-01  -5.137468459919e-07  -1.860895961458e-07  -1.936285004225e-02   3.869246874665e-02   2.870817391227e-06  -8.341442742144e-08   1.425515483869e-02  -5.951300446309e-05   5.384886224743e-07   8.929875676280e-08   3.062804415919e-07  -5.192639663876e-11  -2.201973683262e-03   3.368850124387e-07   1.439203179443e-02  -2.510528881127e-02  -3.757689647252e-02  -7.500038781562e-03  -4.655164214550e-03   2.242284320027e-04   4.246160368302e-03   1.146712755026e-07  -2.510154120364e-02  -3.757682500387e-02  -7.503811393466e-03  -4.654257549964e-03   2.241918575573e-04  -4.245267488329e-03   1.146075095627e-07
  -3.673254970228e-08  -6.153751104096e-08   1.850888115588e-06   7.778131057782e-03  -1.958366482322e-10   4.058138710419e-07   2.996703601954e-06   1.318127790074e-02  -3.064534020429e-10   1.957588402713e-06   1.000014131307e-06  -2.034165261376e-03  -3.127354755696e-10   7.816567153188e-07  -8.636669578410e-07  -1.216324120279e-02  -4.772100792421e-11  -4.109859206334e-03  -2.635181055115e-08   1.855036946500e-07   2.981189424016e-12  -5.799329812734e-07  -5.677265106991e-07  -9.236062183950e-07  -2.347919444371e-06   6.164549116547e-02   1.897310103543e-10   2.435644735861e-06  -5.137468459919e-07   9.613677984527e-02   1.784967784149e-10  -1.143780176313e-05   5.056474764001e-06   4.859175682390e-02  -8.345912093481e-11  -8.829794416080e-07   4.811120525533e-07   2.900609651312e-03  -1.033941895098e-11  -9.336906238932e-03   3.594474394501e-07  -1.542267008360e-08  -9.004124325297e-11   6.433189982390e-08   4.431145858426e-02   7.483854566381e-02   2.599982266902e-02   1.138992406284e-03   3.539101579205e-03  -4.690579418292e-03  -2.263416634249e-07  -4.430908574653e-02  -7.484033845006e-02  -2.600325748191e-02  -1.140141204220e-03  -3.538305548817e-03  -4.691026462483e-03   2.262727583287e-07
  -5.802525473541e-08  -9.932290876371e-08  -6.930917731067e-07  -2.060639767709e-10   5.424200588715e-02   3.257473184647e-07  -1.094090407433e-06  -3.215530445628e-10   8.589680205630e-02   1.267614216540e-07  -7.835119544624e-07  -3.448898126064e-10   7.520073959367e-02  -1.473594626635e-07  -1.123510247176e-07  -1.177473258753e-10   6.350888971054e-03   7.358998130210e-12   2.650568541354e-07  -1.138549383475e-07  -6.933263590907e-03   7.573751176919e-08   2.449435460559e-08   4.128623050948e-08  -1.267805883417e-07   1.708370227889e-10   3.440224923490e-02  -1.606560011143e-07  -1.860895961458e-07   1.784967784149e-10   5.995870345750e-02  -5.816958216132e-07  -1.167893578698e-07   8.576622451422e-11   4.159177312901e-02   6.135532822165e-07  -1.081855040093e-07   1.004564173527e-10   2.399473540073e-03  -8.543234914810e-11  -2.364416962203e-07   1.177442325384e-07   1.294478267153e-02  -1.084643959908e-07   4.310456475361e-07   4.688109400162e-07  -2.307868595726e-07  -1.964711016782e-07   4.207426087129e-08  -1.253462861407e-07   2.046059809119e-03   4.305462177897e-07   4.681039123615e-07  -2.308528290069e-07  -1.962553024439e-07   4.203259807372e-08   1.252349080399e-07   2.045341587481e-03
   7.443165943446e-03   1.278980599634e-02  -2.866963214348e-02   3.778107977533e-06  -1.240692578088e-06  -3.958702433200e-02  -4.385584903317e-02   5.727704844523e-06  -1.946760802942e-06  -5.695171458881e-02  -2.280043495870e-02   7.107434477427e-06  -1.659146677671e-06  -1.228797344098e-02   2.596874006308e-03   2.130502982972e-06  -1.721360856907e-07   1.792807451111e-08  -9.613029091787e-12  -1.362879958788e-03   1.513418343283e-07   3.135665599889e-03  -3.030491962413e-02  -5.024687948082e-02  -1.421201570200e-02  -5.243895262207e-06  -1.778363564081e-07   1.352371653267e-01  -1.936285004225e-02  -1.143780176313e-05  -5.816958216132e-07   9.109642310038e-02  -1.220473247999e-02  -7.878912392378e-06  -7.050103297780e-07  -2.624680056380e-03  -1.021069776638e-04   2.098647789126e-06  -1.503391095777e-08   1.214387680860e-06   4.233763811067e-12  -4.389916205415e-03  -3.472780046081e-07  -3.102012573410e-04   3.121494310125e-02   4.448828434536e-02   5.631396475157e-04   2.651672648128e-03   2.824582546769e-03  -6.242794913822e-03  -2.134005431935e-07   3.122020135835e-02   4.450628252234e-02   5.783596720644e-04   2.656931899127e-03   2.824575884050e-03   6.243368029216e-03  -2.133727618500e-07
