ARMA_MAT_TXT_FN008
94 94
  -9.475948671160e+00  -1.192753274118e+01  -2.368230716584e-05  -8.462228331392e-07  -3.076977301345e-06  -4.399995899852e+00  -1.170759594720e-05   3.806630710275e-08  -1.913607036256e-06  -1.980479586398e+00  -5.016497373308e-06   1.604216695326e-07  -5.978062407332e-07  -8.348143075646e-01  -2.408366142242e-06   4.140307627441e-08  -1.153672676031e-07  -3.816837799647e-08   2.625255137530e-09  -2.535111849147e-06   8.162646281989e-07  -1.533474242402e-06  -1.313742377210e-01  -9.537972639468e-01  -1.015651415357e+00  -6.221138203051e-01  -5.745409875812e-01  -1.038359457030e-02  -9.613492386794e-01  -1.312265328671e-01  -9.534092733291e-01  -1.015515501222e+00  -6.220844384634e-01   6.571114827901e-01  -9.045677005373e-01   5.076880389732e-02  -1.313836043639e-01  -9.538200676748e-01  -1.015659303634e+00  -6.221154914599e-01  -7.143925968501e-01  -1.003983502822e-02   8.625788735958e-01  -1.312379275251e-01  -9.534400142983e-01  -1.015526315503e+00  -6.220868021014e-01   6.285428075436e-01   9.248599779692e-01   4.822660628217e-02   1.673098622610e-07   5.376721461280e-08   1.312800226685e-05  -6.254217236638e-08   1.200849436909e-07  -5.696721408874e-06   2.107608123525e-05  -3.976523844588e-08   9.092393152208e-08  -9.970833982742e-05   5.102771179006e-04   1.251675975689e-06  -1.355932354987e-06  -3.337845772118e-02   1.291682806013e-01   1.474114209134e-04  -1.052838726628e-06   4.942996455467e-09  -2.239490587390e-09   3.635670322953e-07   5.916582362635e-09  -1.568009709093e-06  -7.032613841866e-09  -5.988650543185e-08  -8.333028501758e-06   8.949925564802e-09   2.383084766152e-09  -8.505507505598e-07  -1.245774200982e-05   2.209453662586e-08  -2.802394839936e-09  -3.837628733108e-07  -1.026117029521e-05   3.174920803036e-08   9.919599455499e-09  -5.728646062058e-04   3.138270500791e-03  -5.116524535262e-07  -7.245418462133e-07  -2.005188194392e-08   2.108568156674e-10  -5.125262535516e-07   2.160738051815e-08   9.889703926717e-07
  -1.192753274118e+01  -8.698415821835e+00  -2.584958987405e-05  -1.166500052257e-06  -2.601236149129e-06  -3.921007843547e+00  -7.224980703671e-06   1.397184706669e-07  -8.742592836805e-07  -1.858247413084e+00   7.318731122889e-06   2.499161443571e-07   1.498763427750e-07  -7.970493391427e-01   2.476484569418e-05   2.602261696346e-08   3.046354356012e-07  -3.206245472577e-08  -6.668464860848e-10  -4.680705673341e-06   7.524948968368e-07   1.043332379740e-06  -1.526284840122e-01  -9.097187553852e-01  -9.645288009518e-01  -5.952839910264e-01  -5.626072906593e-01  -1.016792591639e-02  -9.413810721231e-01  -1.524646473805e-01  -9.093575615426e-01  -9.643892702556e-01  -5.952455977863e-01   6.434997033338e-01  -8.858300406341e-01   4.971738247385e-02  -1.526378115462e-01  -9.097388860496e-01  -9.645361128619e-01  -5.952861454444e-01  -6.995509841420e-01  -9.831263407700e-03   8.446594107470e-01  -1.524772748363e-01  -9.093861025474e-01  -9.644000198347e-01  -5.952482147839e-01   6.155197357080e-01   9.056975586069e-01   4.722761909498e-02  -2.755773657280e-07   1.189155888102e-06  -2.870199462369e-05  -8.084317752690e-07   1.001779021439e-06   4.533350026594e-05  -2.568109250422e-05  -9.018020117924e-07   1.126952775634e-06  -1.628854950046e-04   7.660125870312e-04   2.143537392892e-06  -2.584805370451e-06  -3.318988108593e-02   1.264647247223e-01   1.480995491759e-04  -1.197613612216e-05   2.016922049523e-08  -4.816840732106e-10   7.987882625838e-06   1.736316499962e-08  -1.456587760099e-05  -3.378578931368e-07  -3.516067893458e-07   3.102735113191e-05  -1.110300335958e-08  -1.000264827319e-07  -5.026333942102e-06   4.236511773836e-05  -4.861331299588e-08  -1.062366121432e-07  -1.233047511916e-06   2.391895011275e-05  -1.236429858250e-07   3.509012813243e-08  -6.128353143830e-04   3.308419207703e-03  -2.704073439850e-07  -1.475721168655e-06   3.541882050617e-08   2.586198432274e-10   1.781548888306e-06   5.510756773575e-09  -2.984625134955e-06
  -2.368230716584e-05  -2.584958987405e-05   1.046358323677e+00  -1.480020156301e-06   6.145478171667e-06  -7.013107027204e-05  -4.131999053031e-01  -8.691049787238e-07   6.269509815704e-06   9.174567479273e-06  -4.575902001371e-01  -5.767811593475e-07   2.900031166568e-06   3.072836615578e-04  -1.773002477780e-01  -2.139265928162e-06   3.456398002872e-06   3.295686782292e-03   1.654822354494e-04   8.934298672836e-02  -1.597148352249e-02   5.330907000713e-02   2.128773556746e-01   1.951884297637e-01   9.311517628593e-02   2.630083922980e-02  -8.418852777859e-02   1.692156750266e-03   1.565538485376e-01  -2.437242105475e-01  -2.235044701256e-01  -1.063298170580e-01  -2.941345864208e-02  -5.511807967380e-02  -1.689207984987e-01   9.485751263037e-03   2.646947023752e-01   2.427035634876e-01   1.157678210273e-01   3.263512671037e-02  -3.310880579599e-02   2.034246112113e-03  -1.746506562963e-01  -2.331211233031e-01  -2.137814541084e-01  -1.017051274323e-01  -2.812321185827e-02  -6.557093931313e-02   1.651760779236e-01   8.618324869607e-03  -2.060754022314e-05   2.228885905611e-05  -3.916085702078e-04  -2.622089162602e-05   3.131490135398e-05   1.144666043380e-03  -1.410237896329e-04  -2.888518785286e-05   3.495721386792e-05  -2.564865901586e-03   9.416759707016e-03   4.085235387113e-05  -5.330239083998e-05  -3.319371676986e-02   8.676235340496e-02   3.434579424717e-04  -5.371359785777e-04  -1.243798503550e-06   1.226946029998e-07   2.780500678628e-04   3.029404092727e-06  -4.531241749066e-04  -5.948610848031e-06  -8.796875455662e-06   9.747627143920e-04  -3.812122518572e-07  -3.693139016950e-06  -1.925006277183e-04   1.281927373026e-03  -1.581246470755e-06  -3.836030613879e-06  -2.129745683886e-05   7.070789149526e-04  -3.900342194417e-06   1.092222679427e-06  -1.733531068739e-03   7.711802057609e-03   1.533215672897e-05  -3.769256092001e-05   1.266407629101e-06   8.954176948188e-09   1.611542581160e-05  -1.119272487970e-06  -2.667313235872e-05
  -8.462228331392e-07  -1.166500052257e-06  -1.480020156301e-06   1.046524471412e+00  -2.121088846215e-07   1.032651674530e-06  -1.105783988025e-06  -4.130924221505e-01  -1.384048021203e-07   5.953890148822e-07  -4.329184452889e-06  -4.577239172171e-01  -8.021218195401e-08  -4.603108882811e-06  -1.126168788499e-05  -1.778697465173e-01  -1.647291885049e-07  -1.048801107363e-01  -8.071084937988e-03   1.447699264968e-03   1.654096173802e-04   4.122822477875e-03   3.842889895895e-03   3.525069865205e-03   1.681983592809e-03   4.684972263403e-04   1.691591891722e-03  -1.776676711076e-01   2.828434707622e-03   3.351775942530e-01   3.074208507236e-01   1.466146499525e-01   4.107737875126e-02  -1.686604388866e-01   5.470251893282e-02  -1.303536040155e-02   3.715195222284e-03   3.407970579645e-03   1.626316892629e-03   4.531358193433e-04   2.033309674059e-03  -1.776813742309e-01  -2.453314818201e-03  -3.426875931158e-01  -3.143057261768e-01  -1.499056314353e-01  -4.201138247136e-02   1.649165897691e-01   6.520343972930e-02   1.265830936392e-02   2.305338079692e-07  -3.533966007029e-07   7.614577161154e-06   7.581755064472e-04  -1.268201877086e-06  -1.535858581246e-05   5.159797507949e-06   8.338130817199e-04  -1.368676172197e-06   2.526646064889e-05  -8.389894691187e-05  -1.551476379710e-03   2.377457138099e-06   1.216012585163e-04  -1.928141099030e-04  -2.317734531033e-02   1.629324257190e-05   9.591868904656e-05  -1.996430951295e-06  -3.609092892769e-06  -2.058918606604e-07   5.819715182589e-06   8.028467220070e-08   1.152858748670e-07  -1.308075682133e-05  -8.755868419206e-05   1.502706133867e-07   2.422523162421e-06  -1.706850080007e-05  -8.565372987630e-05   1.444884743071e-07   2.770676710572e-07  -9.322715246710e-06   3.662547928950e-05  -6.959264423369e-08   1.507738325245e-05  -6.242141393852e-05  -1.159589276207e-03   1.328050049912e-06  -3.320188912460e-05  -7.496345333682e-08  -2.193855634246e-07   6.526455395645e-08   8.325253774016e-08
  -3.076977301345e-06  -2.601236149129e-06   6.145478171667e-06  -2.121088846215e-07   1.046356827036e+00  -8.103660461124e-06   8.727019966534e-06  -9.456161691774e-08  -4.132242731224e-01  -4.476244615618e-06   1.348099500701e-05  -6.182299883359e-08  -4.578131757672e-01   9.018564281913e-06   2.798166460766e-05  -1.555469255699e-07  -1.779693509427e-01   1.647794503518e-04   1.676902472629e-03   2.079455324582e-02   1.029880219087e-01  -3.958985209026e-03   3.561151673341e-01   3.265781130605e-01   1.557757523040e-01   4.367658445554e-02   1.565988410274e-01   2.830107519513e-03   8.420961840081e-02  -1.881718104447e-02  -1.725810891136e-02  -8.224048526109e-03  -2.291862893013e-03   9.466295751316e-03  -1.305312532764e-02  -1.770362379769e-01  -3.195084307509e-01  -2.930121325506e-01  -1.397692316269e-01  -3.917816005604e-02  -1.746585851386e-01  -2.454482709129e-03   3.314287275733e-02  -1.787443406284e-02  -1.639334170945e-02  -7.812074787537e-03  -2.176638446213e-03   8.599508189364e-03   1.267555694187e-02  -1.771093052813e-01  -7.228691628721e-07   8.093547088392e-07  -1.525923536877e-05  -1.585851512487e-06   1.872503500337e-04   4.108555166837e-05  -8.327071760136e-06  -1.747500853272e-06   2.023384198641e-04  -6.538737960775e-05   2.256445387375e-04   2.445924716195e-06  -5.890815702741e-04  -5.080937953600e-04   1.102808995992e-03   1.779884660552e-05  -1.371727564917e-02  -1.120538758500e-07  -2.010707694746e-08   1.025325780654e-05   3.103558970299e-05  -1.485749852680e-05  -2.259737391038e-07  -3.140532754710e-07   3.596638266516e-05   5.922084441758e-08  -2.050966763151e-05  -6.486987751291e-06   4.785317569126e-05   1.412623589759e-08  -1.874212494145e-05  -3.272984008301e-07   2.609153710844e-05  -1.677524000903e-07   1.057578529011e-05  -3.565893708013e-05   1.570219265345e-04   1.248725194612e-06  -5.119654693510e-04   6.769841789492e-08   3.987106856710e-08   6.845711476115e-07  -8.363665880329e-06  -1.050038315989e-06
  -4.399995899852e+00  -3.921007843547e+00  -7.013107027204e-05   1.032651674530e-06  -8.103660461124e-06  -2.145392389705e+00  -1.835897542223e-04   7.563526306638e-06  -2.148810072704e-05  -1.501561090105e+00  -5.154686510125e-05   6.381162119284e-06  -1.149725451731e-05  -8.382983296676e-01   3.517208098195e-04   1.023573998158e-06  -4.315172976586e-07  -2.244484963250e-06   2.421352944894e-07   2.630851127560e-05   1.256617749244e-05   2.465616780483e-04  -4.165121987985e-01  -8.406185283265e-01  -9.267990487019e-01  -6.506543235441e-01  -3.082483413060e-01  -5.569752273848e-03  -5.156914056692e-01  -4.165596308834e-01  -8.406018382245e-01  -9.266299694003e-01  -6.504834369254e-01   3.525106293177e-01  -4.856114236589e-01   2.725359728312e-02  -4.165163638040e-01  -8.406280395919e-01  -9.268063901564e-01  -6.506654158125e-01  -3.832530102477e-01  -5.385122583919e-03   4.627011360168e-01  -4.165647187509e-01  -8.406136294855e-01  -9.266432007065e-01  -6.504908924120e-01   3.371667338726e-01   4.964803323503e-01   2.588765692920e-02  -1.149344098452e-05   1.736508572960e-05  -4.306653228481e-04  -1.530313293044e-05   1.950722584425e-05   7.669506513866e-04  -1.861070391876e-04  -1.695553029355e-05   2.215298198850e-05  -3.982341579668e-03   1.407341603714e-02   4.376149465099e-05  -5.061835054677e-05  -6.288753145314e-02   1.877862133148e-01   3.783902340947e-04  -4.521667916971e-04  -4.602803720044e-07   1.774724326086e-08   1.978716573893e-04   4.036971799977e-07  -3.486289135100e-04  -4.818513701003e-06  -5.598712860766e-06   5.901560006326e-04  -2.465024003182e-07  -2.276720252330e-06  -1.073161573874e-04   7.943571800300e-04  -1.002904518683e-06  -2.419097282388e-06  -2.358536178047e-05   4.574612784866e-04  -2.378767011083e-06   2.168076954329e-07  -2.736341573106e-03   1.192343717735e-02   1.025049303767e-05  -3.036772573461e-05   6.861951886393e-07   2.069154589446e-09   2.289610954376e-05   1.182661359068e-08  -3.880116327043e-05
  -1.170759594720e-05  -7.224980703671e-06  -4.131999053031e-01  -1.105783988025e-06   8.727019966534e-06  -1.835897542223e-04  -1.537178544769e-01  -8.470549134447e-07   1.459112924931e-05  -2.509809618804e-04  -3.960941083583e-01  -8.268903312740e-07   8.836067090960e-06   1.945956395354e-04  -2.303045319947e-01  -3.608044592786e-06   7.505739805218e-06   7.878531910702e-03   3.955430174994e-04   2.136134264005e-01  -3.817375742991e-02   1.273110084339e-01   2.252050804776e-01   1.869997545593e-01   1.080689434129e-01   3.595977870808e-02  -7.497241579511e-02  -4.292304455328e-04  -3.993946851873e-02  -2.581831066142e-01  -2.146130824535e-01  -1.238501738339e-01  -4.060235842852e-02  -8.266361313166e-02   4.252285881970e-02  -2.378525181405e-03   2.800323074366e-01   2.325485793820e-01   1.344049943577e-01   4.466434636514e-02  -8.799381505711e-02  -5.159584895608e-04   4.454750996588e-02  -2.469420026625e-01  -2.052769147076e-01  -1.184721346544e-01  -3.882962423788e-02  -8.000285620114e-02  -4.159973309895e-02  -2.160711820757e-03  -4.325651371059e-05   1.954216490000e-05  -6.689474688477e-05  -3.867988571132e-05   5.220168533266e-05   1.245788205944e-03   1.078576361949e-03  -4.065451217202e-05   5.771971319709e-05  -9.343627384345e-03   2.906691446513e-02   1.080403608685e-04  -1.116890700686e-04  -5.527103041034e-02   1.220049266670e-01   7.138305421564e-04  -1.198128437825e-03  -4.059388422398e-06   1.966303378628e-07   5.840476602319e-04   4.897420159261e-06  -9.705290451630e-04  -6.477963737210e-06  -1.235461503362e-05   1.324206675782e-03  -5.118145640472e-07  -6.401102128818e-06  -3.035687184819e-04   1.694729100117e-03  -2.073486306251e-06  -6.790097107842e-06  -3.135909966704e-05   9.491573686047e-04  -4.997180968304e-06   1.231156004769e-06  -4.132259964101e-03   1.618781022351e-02   3.551683773942e-05  -7.725897380730e-05   1.427431901825e-06   1.379732091092e-08  -4.220263308280e-06  -1.460601776275e-06   9.629552731863e-06
   3.806630710275e-08   1.397184706669e-07  -8.691049787238e-07  -4.130924221505e-01  -9.456161691774e-08   7.563526306638e-06  -8.470549134447e-07  -1.538436968397e-01   2.110462293911e-07   7.475611302556e-06  -6.683051079888e-06  -3.963419529275e-01   2.540310283376e-07  -3.800998869874e-06  -1.896711210133e-05  -2.310547327827e-01  -1.121672494160e-07  -2.508555510319e-01  -1.930507753129e-02   3.462037815568e-03   3.954604118909e-04   9.859904076491e-03   4.064578587463e-03   3.379745711688e-03   1.959195273698e-03   6.457663821595e-04  -4.285915788645e-04  -5.107560089389e-02  -7.212715718158e-04   3.548633359660e-01   2.948243221068e-01   1.704810916354e-01   5.643876906891e-02   4.320396063994e-02  -1.100939565469e-01   3.317714483927e-03   3.929546735944e-03   3.267666240832e-03   1.894722419311e-03   6.248144080956e-04  -5.155516374532e-04  -5.109087345923e-02   6.261119036651e-04  -3.628023286382e-01  -3.014206451785e-01  -1.743043292793e-01  -5.772058572741e-02  -4.226955454818e-02  -1.127752127832e-01  -3.223234715287e-03   4.129426731032e-07  -5.990217467738e-07   1.124146606562e-05   1.064601506304e-03  -1.977924530851e-06  -2.644810256089e-05   6.280102982177e-06   1.104248387948e-03  -2.084803906266e-06   4.640874746493e-05  -1.598826262736e-04  -4.309966810201e-03   5.001753586388e-06   3.065790425603e-04  -5.824070687476e-04  -4.206972245274e-02   3.838951196684e-05   2.033434604446e-04  -2.910482697281e-06  -6.275688042656e-06  -3.742085483830e-07   1.016318903062e-05   1.330260778956e-07   2.006896217069e-07  -2.176360753224e-05  -1.207734609927e-04   2.306036221970e-07   4.386864764804e-06  -2.827025462530e-05  -1.170202969504e-04   2.205806496756e-07   5.858169348234e-07  -1.518246353858e-05   4.432531179294e-05  -1.039090060665e-07   3.251439990301e-05  -1.334731933262e-04  -2.523304046729e-03   2.863298783626e-06  -4.406796073069e-05  -1.418717206811e-07  -3.093913702093e-07   9.773384787205e-08   1.270838607866e-07
  -1.913607036256e-06  -8.742592836805e-07   6.269509815704e-06  -1.384048021203e-07  -4.132242731224e-01  -2.148810072704e-05   1.459112924931e-05   2.110462293911e-07  -1.537668153897e-01  -2.319365902556e-05   2.466109804505e-05   2.446296279857e-07  -3.962353035637e-01   5.009477080039e-06   4.925267970247e-05  -9.763274940427e-08  -2.311215034428e-01   3.946517224665e-04   4.010900608049e-03   4.970468190282e-02   2.462212987419e-01  -9.446563112149e-03   3.767373500205e-01   3.129730912507e-01   1.810448362860e-01   5.998623120902e-02  -3.983312437453e-02  -7.203872808871e-04  -1.178992423381e-01  -1.992431049937e-02  -1.655407630853e-02  -9.565845899178e-03  -3.150835021081e-03  -2.423082768182e-03   3.289896204362e-03  -5.153878588119e-02  -3.380007271140e-01  -2.808109662277e-01  -1.624624159915e-01  -5.382028726609e-02   4.449536380235e-02   6.258736315329e-04  -1.048464043760e-01  -1.892546493847e-02  -1.572452461229e-02  -9.087066432039e-03  -2.992636686354e-03  -2.202668456374e-03  -3.196152252136e-03  -5.151097984235e-02  -1.171833795617e-06   1.434259681880e-06  -2.685588319335e-05  -2.519502905440e-06   1.503370898938e-04   6.936720948062e-05  -1.462602830302e-05  -2.725775367134e-06   1.055300218955e-04  -1.233952865193e-04   4.224937242240e-04   5.204161981454e-06  -2.394927554598e-03  -1.094135337589e-03   2.481871490378e-03   4.201165287613e-05  -2.106797572869e-02  -2.161811571454e-07  -9.320889752803e-08   1.760577415259e-05   8.962339191043e-05  -2.590730860441e-05  -3.997837214981e-07  -5.622811693980e-07   6.159655923083e-05   8.531784506074e-08  -9.844357867748e-06  -1.199575837686e-05   8.208762472093e-05   1.099071335844e-08  -4.480655004632e-06  -1.826317369146e-06   4.541008146596e-05  -2.630827597433e-07   1.008648458477e-05  -7.258683555286e-05   3.145908513537e-04   2.716969048326e-06  -1.212180273603e-03   1.032614014067e-07   4.755937285564e-08   1.327263721650e-06  -8.530605884828e-06  -2.070559273306e-06
  -1.980479586398e+00  -1.858247413084e+00   9.174567479273e-06   5.953890148822e-07  -4.476244615618e-06  -1.501561090105e+00  -2.509809618804e-04   7.475611302556e-06  -2.319365902556e-05  -1.101557718802e+00  -1.685951534357e-03   4.225582786871e-06  -1.987151955927e-05  -6.611166017915e-01  -3.541884539994e-03  -3.962479654698e-06  -4.579409220132e-06  -3.134980199050e-06   3.322321781475e-07   7.252817534124e-05   1.758202706633e-05   2.078844328932e-04  -3.997518022517e-01  -6.401320744010e-01  -7.035834585362e-01  -5.234384814872e-01  -2.268118795015e-01  -4.098447849392e-03  -3.794295569780e-01  -3.998935097731e-01  -6.406312326130e-01  -7.050882123005e-01  -5.247550382183e-01   2.590169193354e-01  -3.574431120838e-01   2.005965356041e-02  -3.997595623262e-01  -6.401416744715e-01  -7.035409144185e-01  -5.233456671499e-01  -2.819934437026e-01  -3.962514413946e-03   3.404422933043e-01  -3.998920905022e-01  -6.406072540500e-01  -7.050213249666e-01  -5.247165051879e-01   2.477487399653e-01   3.654244847978e-01   1.905347425363e-02  -1.286632241064e-02  -1.230557522832e-02   8.808222141120e-03   8.838837038552e-06   2.466284252005e-05  -2.036534970604e-02   1.467991690578e-02   1.663924886035e-05   2.751358474191e-05  -2.741781331976e-02   3.148990511396e-02   1.010670735332e-04  -8.489583254482e-05  -7.355622661048e-02   1.620242347797e-01   4.747599865241e-04  -7.329405014141e-04  -1.283369298741e-05   3.685754242624e-08   1.587111665222e-03   7.377758067134e-08  -2.761308021959e-03  -3.344448606100e-05  -3.294015282274e-05  -6.862464245728e-04   2.360700942072e-06  -2.002282984313e-06  -3.648881854299e-07  -8.174175617690e-04   3.395417034611e-06  -1.973471260799e-06  -1.448553384233e-03   3.692196743586e-03  -3.902246257195e-06   3.942447704604e-07  -9.229509832533e-03   2.435816303727e-02   8.524747357674e-06  -5.001899915905e-05  -1.529015831670e-06   7.214086861513e-10  -4.588158512332e-05   2.988475108946e-07   8.057257558436e-05
  -5.016497373308e-06   7.318731122889e-06  -4.575902001371e-01  -4.329184452889e-06   1.348099500701e-05  -5.154686510125e-05  -3.960941083583e-01  -6.683051079888e-06   2.466109804505e-05  -1.685951534357e-03  -1.982527268738e-01  -1.317201884527e-05   2.085747969151e-05  -6.458176234652e-03  -1.314869243812e-01  -2.141753505865e-05   1.399667501228e-05   6.436801927383e-03   3.230066783472e-04   1.746398517927e-01  -3.120211531685e-02   1.038895100892e-01   2.030164953290e-01   1.317513058383e-01   5.265129353047e-02   1.665064822046e-02   1.169435103795e-02   8.360990730902e-04   7.738092096677e-02  -2.327084785898e-01  -1.522353582050e-01  -6.736450607508e-02  -3.291578381294e-02   2.511479933774e-02  -8.381309708996e-02   4.711811474425e-03   2.524573825988e-01   1.638671126221e-01   6.585134093883e-02   2.206180452530e-02   3.694446126703e-02   1.005391723475e-03  -8.632457949819e-02  -2.225759381793e-01  -1.455753261708e-01  -6.444355239460e-02  -3.172676588296e-02   2.002000434368e-02   8.192686236496e-02   4.280612123178e-03  -5.854155403631e-02  -5.591678084809e-02   3.256820286792e-02   5.463872895847e-05   5.648757135715e-05  -8.104115448977e-02   4.663487104910e-02   7.900296505951e-05   6.258410351243e-05  -7.850014222199e-02   4.682443443277e-02   2.011515812897e-04  -1.365845727750e-04  -7.442700118267e-02   5.880375293377e-02   7.457944827521e-04  -1.323391831603e-03  -3.960844754620e-05   2.505579682375e-07   3.749047498532e-03   3.008413050883e-06  -6.455912084222e-03  -2.608833502424e-04  -2.492745248678e-04  -2.509781041663e-03   8.405366769263e-06  -5.112236973192e-06  -2.147287213336e-04  -2.661321302083e-03   1.193364914270e-05  -5.067091095616e-06  -6.294148079678e-03   1.519314406262e-02  -1.925116042122e-05   7.821620618037e-07  -2.286092974156e-02   4.519609501767e-02  -4.679893819883e-06  -9.078343834131e-05  -4.364219740449e-06   8.098550891749e-09  -4.248905333805e-05  -1.195802909783e-06   7.512796054242e-05
   1.604216695326e-07   2.499161443571e-07  -5.767811593475e-07  -4.577239172171e-01  -6.182299883359e-08   6.381162119284e-06  -8.268903312740e-07  -3.963419529275e-01   2.446296279857e-07   4.225582786871e-06  -1.317201884527e-05  -1.941519031290e-01   2.936076951983e-07  -1.237873890518e-05  -3.483477252589e-05  -1.188487800785e-01  -8.484494744229e-08  -2.051309562406e-01  -1.577992147848e-02   2.829782259935e-03   3.232314788061e-04   8.060754933781e-03   3.665894063766e-03   2.382743434650e-03   9.710639026404e-04   3.686998364951e-04   8.383414863692e-04  -3.457093795289e-02   1.399417238942e-03   3.200752372027e-01   2.080948496024e-01   8.471024645541e-02   3.284347121426e-02  -8.300854403453e-02   8.036493247758e-02  -6.449305094771e-03   3.544344608181e-03   2.303899365876e-03   9.395087674653e-04   3.571407625895e-04   1.007505547460e-03  -3.458522353432e-02  -1.213706711935e-03  -3.272338240381e-01  -2.127438881962e-01  -8.662013831870e-02  -3.361838395614e-02   8.115825785490e-02   8.555709286807e-02   6.261748612956e-03  -6.446850010179e-05  -6.267573568866e-05   4.187079472116e-05  -4.789422582783e-03  -1.690276516204e-06  -1.164181693854e-04   5.075057512514e-05  -7.478907756531e-03  -1.690532360715e-06  -2.080334569063e-05  -1.625003822361e-04  -1.335706196655e-02   6.108340918783e-06   3.249811349157e-04  -7.277053074285e-04  -3.786463462004e-02   4.373024327584e-05   2.845456099513e-03  -2.765886258922e-06  -4.393605015158e-06  -4.462112792395e-07  -7.051528942117e-07   3.008851055328e-07   3.609033369973e-07  -2.704442447504e-05   1.038689667624e-04   1.485287487551e-07   5.820715385926e-06  -3.613600459755e-05   4.693154613005e-05   1.219593437240e-07  -1.019541921051e-06  -1.342922508282e-05  -8.839890842205e-04  -1.344679607102e-07   2.620490237692e-05  -1.302554868917e-04  -5.531469560294e-03   3.344828190787e-06   9.698667307748e-05  -9.957949032903e-08  -9.042057464103e-07   9.066795165879e-08   2.011852726807e-06
  -5.978062407332e-07   1.498763427750e-07   2.900031166568e-06  -8.021218195401e-08  -4.578131757672e-01  -1.149725451731e-05   8.836067090960e-06   2.540310283376e-07  -3.962353035637e-01  -1.987151955927e-05   2.085747969151e-05   2.936076951983e-07  -1.939758091435e-01   2.214693109144e-06   4.822579634708e-05  -4.840995039387e-08  -1.188740601489e-01   3.227490405048e-04   3.278765683948e-03   4.064251951058e-02   2.012578556819e-01  -7.722668177711e-03   3.397523861821e-01   2.206430346137e-01   8.968568413690e-02   3.483833753650e-02   7.748972507260e-02   1.399990928708e-03   9.491460387158e-02  -1.797080288643e-02  -1.168423112573e-02  -4.752087095581e-03  -1.829590629659e-03   4.658228102876e-03  -6.471393382343e-03  -3.449518398190e-02  -3.048136708655e-01  -1.979625370834e-01  -8.048543393814e-02  -3.125656424373e-02  -8.639020349727e-02  -1.213607159865e-03   6.967874372780e-02  -1.706973273442e-02  -1.109812757726e-02  -4.514057021129e-03  -1.737608168093e-03   4.231296792882e-03   6.283130600111e-03  -3.452104460632e-02  -5.178668891796e-06  -2.333314705620e-06  -2.846216446277e-05  -2.194075574197e-06  -5.653638704469e-03   6.730559210548e-05  -1.681913936123e-05  -2.277223272501e-06  -8.414669847258e-03  -1.290628571232e-04   4.323628110198e-04   6.413686404621e-06  -1.122043491151e-02  -1.143188165078e-03   2.573297153899e-03   4.768447183093e-05  -1.513786358494e-02  -2.947853464377e-07   3.432784496959e-06   1.831276900512e-05   2.723624305490e-03  -2.585987477729e-05  -4.528760279492e-07  -5.826277451548e-07   6.262854184045e-05  -5.301604969777e-09   1.894537952476e-04  -1.088261195373e-05   8.355917747988e-05  -9.893096118731e-08   1.277914087260e-04  -9.851077513221e-07   4.694044429869e-05  -2.980778982030e-07  -9.355616297671e-04  -7.646202174659e-05   3.311250329982e-04   3.199598249074e-06  -4.103257676606e-03   9.760279029825e-08  -3.377233946697e-07   1.490014691205e-06   1.292051929092e-04  -2.446230857347e-06
  -8.348143075646e-01  -7.970493391427e-01   3.072836615578e-04  -4.603108882811e-06   9.018564281913e-06  -8.382983296676e-01   1.945956395354e-04  -3.800998869874e-06   5.009477080039e-06  -6.611166017915e-01  -6.458176234652e-03  -1.237873890518e-05   2.214693109144e-06  -3.838742575735e-01  -3.016481018907e-02  -3.628099844220e-05   3.655556016964e-07  -8.669341416501e-06  -2.030957966523e-07  -3.471548922020e-05   2.801385651634e-05   1.299445436756e-05  -2.714391567582e-01  -3.960989161005e-01  -4.109888084022e-01  -2.988025523674e-01  -1.307576623041e-01  -2.366116986599e-03  -2.188650603373e-01  -2.712120410856e-01  -3.968016530762e-01  -4.199608071540e-01  -3.111241875362e-01   1.490715895288e-01  -2.060948540338e-01   1.157080057925e-02  -2.714608978191e-01  -3.961215624951e-01  -4.107689200510e-01  -2.979946177927e-01  -1.625912775388e-01  -2.287674973233e-03   1.963904075333e-01  -2.712244712211e-01  -3.967310671032e-01  -4.194785062914e-01  -3.107202731946e-01   1.426153755611e-01   2.106873807513e-01   1.099048892417e-02  -2.105709940948e-01  -1.998257720361e-01   3.351539529294e-02   6.551077301353e-05   2.242146038405e-05  -2.124897167818e-01   3.622024987942e-02   8.965718847603e-05   2.447200859592e-05  -1.590610926179e-01   1.633135322769e-02   1.654994291627e-04  -7.579329789395e-05  -1.269292403037e-01   7.699760490694e-02   4.021815346962e-04  -5.919635517746e-04  -9.774194887151e-06   1.037055331185e-07   1.148004344336e-03   5.262025287423e-07  -1.991097917189e-03  -3.827073583546e-02  -3.628195070942e-02   5.004386714639e-03   1.667608598862e-05  -7.645736261234e-07  -4.023298710788e-02   1.054427779399e-02   8.630401499361e-06  -1.347383362994e-06  -4.934193822653e-02   5.359478299340e-02  -1.271254110045e-04  -7.180238825805e-06  -6.148352876726e-02   7.485737388248e-02  -1.663926550977e-04  -5.526189496465e-05   1.155341623736e-05   2.188964802613e-09   1.962954710342e-03   1.219196778215e-06  -3.397589770610e-03
  -2.408366142242e-06   2.476484569418e-05  -1.773002477780e-01  -1.126168788499e-05   2.798166460766e-05   3.517208098195e-04  -2.303045319947e-01  -1.896711210133e-05   4.925267970247e-05  -3.541884539994e-03  -1.314869243812e-01  -3.483477252589e-05   4.822579634708e-05  -3.016481018907e-02  -6.292796438955e-02  -8.326061236525e-05   2.468167594628e-05   2.541968069281e-03   1.272592771636e-04   6.916336179300e-02  -1.236305628500e-02   4.105678717601e-02   1.038645072068e-01   7.793122130679e-02   1.567270906449e-02  -2.107111003028e-02  -1.356975436282e-02   5.263307786794e-04   4.902335453217e-02  -1.187270978188e-01  -9.063990301242e-02  -4.235521407196e-02  -4.690834001089e-02  -5.429843756660e-03  -5.285605896639e-02   2.978394318800e-03   1.291765917977e-01   9.692733870250e-02   2.049328380400e-02  -1.958829926833e-02   2.416030774058e-03   6.334948395066e-04  -5.467106936281e-02  -1.135664316802e-01  -8.660923796186e-02  -4.036851013385e-02  -4.600523165372e-02  -8.601199364032e-03   5.165714579441e-02   2.706309490275e-03  -5.332197466147e-01  -5.055801453540e-01   5.598385407813e-02   1.397172363193e-04   3.812198511021e-05  -5.150840312813e-01   5.093734828248e-02   1.974090366512e-04   4.174383280307e-05  -3.669164456508e-01  -1.921720713431e-02   3.335172847933e-04  -7.916482231604e-05  -2.224425449622e-01  -3.557318603839e-02   5.382110685512e-04  -6.828878420776e-04   2.704283073411e-06   2.848064537677e-07   1.793097324406e-03   3.684720230900e-06  -3.061390818929e-03  -1.390917531124e-01  -1.318295800533e-01   1.960953615528e-02   3.514374889038e-05  -1.989220437500e-06  -1.417347791494e-01   3.568531652146e-02   4.130354992625e-06  -4.290013035708e-06  -1.503024552327e-01   1.354186407944e-01  -3.487925832670e-04  -2.051398027720e-05  -1.540073006426e-01   1.509075886107e-01  -4.413659443311e-04  -8.216769052729e-05   4.226268442051e-05   1.102022171856e-08   5.627658835127e-03   2.104266610804e-06  -9.742243761042e-03
   4.140307627441e-08   2.602261696346e-08  -2.139265928162e-06  -1.778697465173e-01  -1.555469255699e-07   1.023573998158e-06  -3.608044592786e-06  -2.310547327827e-01  -9.763274940427e-08  -3.962479654698e-06  -2.141753505865e-05  -1.188487800785e-01  -4.840995039387e-08  -3.628099844220e-05  -8.326061236525e-05   7.338099228746e-03  -1.292108405943e-07  -8.142266233177e-02  -6.260555910349e-03   1.123922726310e-03   1.281230143388e-04   3.199594113429e-03   1.878927853992e-03   1.410942329857e-03   3.206150548869e-04  -5.372774110396e-05   5.306019456668e-04  -4.302326115870e-02   8.873337726088e-04   1.639722736411e-01   1.233171106324e-01   2.884126504883e-02  -2.356904129392e-03  -5.260583367025e-02   2.982045267676e-02  -4.088909627007e-03   1.816771172474e-03   1.364368719595e-03   3.105485223439e-04  -5.073285964547e-05   6.377811917045e-04  -4.302814709555e-02  -7.697323462073e-04  -1.676419778077e-01  -1.260659148001e-01  -2.950573445264e-02   2.308654059545e-03   5.144091658296e-02   3.311326875453e-02   3.970065961789e-03  -5.936935232089e-04  -5.638464671559e-04   6.681419448628e-05  -3.341854281267e-02  -6.285388091712e-07  -5.886076299801e-04   6.660251478439e-05  -3.892061578239e-02  -5.036737846815e-07  -3.464766600650e-04  -8.378501160567e-05  -2.418142212262e-02   3.795493997626e-06  -2.019706256429e-06  -3.822480771827e-04  -1.169479522553e-02   2.265983785147e-05   3.438741650088e-03  -2.327365346844e-06  -1.004420485420e-05  -2.709125302235e-07   5.870466726407e-07   3.708671287391e-05   3.535292299713e-05  -4.106814896675e-05  -5.610142775844e-03   1.026259008857e-07   4.608522671842e-05  -5.001279683940e-05  -7.496795046388e-03   1.119359063688e-07  -4.217045316515e-06   5.940350996589e-05  -9.846639540360e-03   1.689928656278e-08  -5.683450692988e-05   7.220445857296e-05  -8.893606073548e-03   2.001471729348e-06   2.045727430277e-03  -2.804561896917e-07  -3.054880948826e-07   2.738121887720e-08   6.278222929209e-06
  -1.153672676031e-07   3.046354356012e-07   3.456398002872e-06  -1.647291885049e-07  -1.779693509427e-01  -4.315172976586e-07   7.505739805218e-06  -1.121672494160e-07  -2.311215034428e-01  -4.579409220132e-06   1.399667501228e-05  -8.484494744229e-08  -1.188740601489e-01   3.655556016964e-07   2.468167594628e-05  -1.292108405943e-07   7.276195383335e-03   1.279968195762e-04   1.301561901888e-03   1.614275668932e-02   7.990977530708e-02  -3.069291370474e-03   1.741302593296e-01   1.307132229984e-01   2.990519803209e-02  -2.820770871452e-03   4.913212008667e-02   8.878572657942e-04   3.907770814628e-02  -9.207357433522e-03  -6.923599308868e-03  -1.617972988890e-03   1.342941978087e-04   2.951564299918e-03  -4.098254305996e-03  -4.295229074259e-02  -1.562239183342e-01  -1.172750107347e-01  -2.682426413495e-02   2.548286366283e-03  -5.477815271866e-02  -7.698307604096e-04   2.307041303979e-02  -8.745853983089e-03  -6.575756554497e-03  -1.535265191967e-03   1.281553621421e-04   2.681529238852e-03   3.979021948738e-03  -4.296880623635e-02  -3.719487697704e-05  -3.374538022569e-05  -1.706618312485e-05  -9.269841925432e-07  -3.386335472710e-02   1.041909322016e-05  -1.369496363122e-05  -8.500774328543e-07  -3.939552100126e-02  -8.295575375859e-05   2.156151328688e-04   3.954335445066e-06  -2.297932449906e-02  -5.720318019783e-04   1.226275302842e-03   2.461103177038e-05  -2.171866376766e-04  -1.911001212738e-07   7.663490445957e-06   1.075329025461e-05   3.375064907611e-03  -1.268461971918e-05   8.500057952294e-07   7.526953455289e-07   3.521906752222e-05   2.300379171851e-08  -5.550423108169e-03  -3.829570082877e-06   4.750116938260e-05  -5.648880709536e-09  -7.432657848516e-03  -1.031218558109e-06   3.228282471432e-05  -7.828181047977e-08  -9.849817239979e-03  -4.427504293179e-05   1.798255014532e-04   1.919780049569e-06  -8.085701935346e-03   3.631366975363e-08  -2.893169658287e-06   7.099599560511e-07   2.059167698308e-03  -1.558288204791e-06
  -3.816837799647e-08  -3.206245472577e-08   3.295686782292e-03  -1.048801107363e-01   1.647794503518e-04  -2.244484963250e-06   7.878531910702e-03  -2.508555510319e-01   3.946517224665e-04  -3.134980199050e-06   6.436801927383e-03  -2.051309562406e-01   3.227490405048e-04  -8.669341416501e-06   2.541968069281e-03  -8.142266233177e-02   1.279968195762e-04   1.339274330556e+00  -1.383116488033e-02  -2.393743002569e-03   8.666446115184e-04   4.188014498040e-03  -1.302802969205e-04  -5.304030819618e-04  -7.118351305728e-04  -2.138583244961e-04   1.253297092298e-03  -2.057339754525e-01   6.412339113740e-03   1.373154700301e-02   5.379903432148e-02   7.146913873392e-02   2.094476381638e-02   1.486500054903e-01  -4.131344235035e-01   3.360701412307e-02  -1.575569029001e-04  -6.389214321047e-04  -8.559894443558e-04  -2.557573881014e-04   3.246951177032e-03  -2.501033731202e-01  -6.838980204409e-03  -1.342211536473e-02  -5.262877134984e-02  -6.991448088014e-02  -2.050810656481e-02  -1.126218920713e-01  -4.220529367232e-01  -3.114541121735e-02   4.173463832169e-07  -5.189938682056e-07   4.619293020207e-06   1.345788937135e-04  -8.676544331348e-07  -2.418235335812e-05  -3.275336334310e-06   4.123699048395e-05  -8.033929271018e-07   5.529868042801e-05  -1.982125410242e-04  -4.145661946422e-03   4.769529414726e-06   6.436471040824e-04  -1.585715611237e-03  -2.456342975483e-02   4.915434358513e-05   1.138500271786e-04  -6.103079278390e-07  -6.030346036223e-06  -2.530763455983e-07   1.043169853506e-05   1.127500579639e-07   1.906154600635e-07  -1.828822850843e-05   7.420946460816e-06   2.239297833495e-08   4.361606981231e-06  -2.342547035798e-05   1.438220822531e-05  -5.152109211761e-09   3.329333946054e-07  -1.160566285015e-05   1.034721305945e-05  -9.959999612823e-08   4.320883408700e-05  -1.815417066941e-04  -1.776989139769e-03   2.885434419834e-06   2.523746673976e-06  -8.289447784253e-08  -7.138350319835e-08   3.420421931623e-08   7.548808289495e-08
   2.625255137530e-09  -6.668464860848e-10   1.654822354494e-04  -8.071084937988e-03   1.676902472629e-03   2.421352944894e-07   3.955430174994e-04  -1.930507753129e-02   4.010900608049e-03   3.322321781475e-07   3.230066783472e-04  -1.577992147848e-02   3.278765683948e-03  -2.030957966523e-07   1.272592771636e-04  -6.260555910349e-03   1.301561901888e-03  -1.383116488033e-02   1.517984123558e+00  -6.217964528461e-04  -2.766728560021e-03   5.071627403830e-04  -2.198649898359e-04  -8.940460730111e-04  -1.194639892589e-03  -3.505179768696e-04   6.408909912431e-03  -3.067653735778e-01   7.742726115961e-03   1.048542608574e-03   4.143105869097e-03   5.515551333049e-03   1.616511758825e-03   3.363055818391e-02  -3.191807634849e-02  -2.839757328178e-01   1.907472722857e-04   7.764717653499e-04   1.037372868623e-03   3.041367015517e-04  -6.835393366632e-03   2.718191048897e-01   5.487704286664e-03  -1.017803332624e-03  -4.024371005258e-03  -5.357272713430e-03  -1.570987588604e-03  -3.116715547738e-02  -3.239517645749e-02   2.913639148423e-01   2.634872178945e-08  -3.271290692334e-08   1.710328356118e-07   1.861102831268e-05  -1.895854799883e-06  -1.516685077331e-06  -4.177580541063e-07   1.855832565956e-05  -2.218762032680e-06   3.998676043212e-06  -1.420895089773e-05  -8.402746333399e-05   3.394547512882e-06   4.477549128416e-05  -1.092683198915e-04  -1.184492651930e-03   7.122885444820e-05   3.872865320184e-06   6.834937620154e-06  -4.018051147698e-07  -1.113270895576e-07   6.718413112460e-07   6.046779694320e-09   1.193138263441e-08  -1.112236660991e-06  -1.216928995984e-06   3.184819701741e-07   2.926141392672e-07  -1.401152316936e-06  -9.264250412439e-07   3.606646966456e-07   9.375736897249e-09  -6.225020542907e-07   1.344057470763e-06   3.051652320138e-08   2.836927219793e-06  -1.194680500998e-05  -5.939297161692e-05   4.333513770266e-06  -3.517088819678e-07  -3.575447499966e-07   9.932156904410e-09  -1.799899287048e-08  -2.514204042904e-08
  -2.535111849147e-06  -4.680705673341e-06   8.934298672836e-02   1.447699264968e-03   2.079455324582e-02   2.630851127560e-05   2.136134264005e-01   3.462037815568e-03   4.970468190282e-02   7.252817534124e-05   1.746398517927e-01   2.829782259935e-03   4.064251951058e-02  -3.471548922020e-05   6.916336179300e-02   1.123922726310e-03   1.614275668932e-02  -2.393743002569e-03  -6.217964528461e-04   1.381457618553e+00  -1.172474393030e-02  -7.685277287950e-02  -9.731307649782e-03  -3.930956910829e-02  -5.245661825091e-02  -1.541943852515e-02   4.050057297773e-01   7.281561582826e-03   1.204952424817e-01   8.231746349492e-03   3.240827363421e-02   4.308496376608e-02   1.253705716256e-02   1.626690378450e-01  -1.956588990347e-01   4.354935827462e-02  -6.245973159053e-03  -2.528479775950e-02  -3.374322811171e-02  -9.923082488533e-03   3.748618301309e-01   5.310419845571e-03   5.028574102097e-02   8.222818614464e-03   3.242443800887e-02   4.311546544195e-02   1.254819108159e-02   1.566137755030e-01   2.009249919391e-01   4.161309689159e-02   1.048651348617e-05  -4.838088717102e-06  -5.181587448685e-05   3.219365607296e-06  -3.218361224038e-05  -2.562515396286e-04  -4.255638335141e-04   2.190462865202e-06  -3.556647795058e-05   3.635047526382e-03  -1.110859483635e-02  -3.718845630716e-05   5.639539262173e-05   1.642974420245e-02  -3.481506490397e-02  -1.482959824553e-04   1.121023769988e-03   8.639378474777e-07  -5.963830866186e-08  -1.584989024211e-04  -4.033544364628e-06   2.727011840229e-04   1.801517012359e-06   3.361891491921e-06  -3.125085737349e-04   1.075141862296e-06   4.372923524161e-06   7.746606813014e-05  -3.939464824317e-04   1.469619342614e-06   4.422673016013e-06   9.607283167707e-06  -2.249305463893e-04   8.789391766235e-07  -8.974088190865e-07   1.367287984551e-03  -5.117020617688e-03  -9.006164225423e-06   4.924385834351e-05   7.104801667904e-08  -7.965452221144e-09   2.948090864810e-06   1.846146357128e-06  -6.192559666166e-06
