ARMA_MAT_TXT_FN008
50 50
  -1.874494760450e+01  -1.934491418923e+01  -1.248734910904e-04  -1.293141542520e-05   2.644435403371e-28  -6.745495845614e+00  -5.762936740182e-05  -5.967779668437e-06   1.220798579372e-28  -3.043686164709e+00  -1.834013747475e-05  -1.899129300056e-06   3.888571664981e-29  -1.282609067974e+00  -4.612093221994e-06  -4.775727659350e-07   9.784575612507e-30  -2.528133364111e-07   0.000000000000e+00   8.187887706019e-06   0.000000000000e+00  -1.044833921635e-05  -1.973664533576e-01  -1.454084460119e+00  -1.556454763799e+00  -9.547503842488e-01   5.728326503786e-01   8.024743711135e-01  -1.391791023229e+00  -1.973664533576e-01  -1.454084460119e+00  -1.556454763799e+00  -9.547503842488e-01   5.728326503786e-01   8.024743711136e-01   1.391791023229e+00  -1.973333524755e-01  -1.453997859997e+00  -1.556423960554e+00  -9.547436470483e-01   5.666524282460e-01  -1.608568258992e+00   5.824733092202e-15  -1.970902064699e-01  -1.453361431173e+00  -1.556197452846e+00  -9.546940932793e-01  -1.704164828156e+00   4.472612465466e-03   2.338693805305e-17
  -1.934491418923e+01  -1.698759461486e+01  -1.734659427333e-04  -1.796346678976e-05   3.673456376300e-28  -7.086909698609e+00  -5.390249625584e-05  -5.581941709976e-06   1.141454927578e-28  -3.235404316042e+00  -1.407901337852e-05  -1.457975622554e-06   2.981121112849e-29  -1.364215348334e+00  -3.294358075941e-06  -3.411536588150e-07   6.974998911834e-30  -1.267634945560e-07   0.000000000000e+00   4.087491226168e-06   0.000000000000e+00  -5.215488221675e-06  -2.107465545520e-01  -1.550296890776e+00  -1.655565393080e+00  -1.015440831743e+00   6.247742721312e-01   8.752354540310e-01  -1.517985395591e+00  -2.107465545520e-01  -1.550296890776e+00  -1.655565393080e+00  -1.015440831743e+00   6.247742721312e-01   8.752354540311e-01   1.517985395591e+00  -2.107098323907e-01  -1.550205334223e+00  -1.655532880410e+00  -1.015433728428e+00   6.180350059290e-01  -1.754421807036e+00   1.473673962916e-14  -2.104403518838e-01  -1.549532828961e+00  -1.655294008858e+00  -1.015381536650e+00  -1.858716352663e+00   4.878425954685e-03   5.901018069971e-17
  -1.248734910904e-04  -1.734659427333e-04  -6.372491785366e+00  -1.813026307251e-06   0.000000000000e+00  -4.621664944082e-04  -4.287536716588e+00  -1.956792671947e-06   0.000000000000e+00  -2.937515713353e-04  -1.615298918976e+00  -8.088530782052e-07   0.000000000000e+00  -1.391320305026e-04  -4.342620783972e-01  -2.211308693400e-07   0.000000000000e+00  -2.554704528137e-04   0.000000000000e+00  -1.923012073423e-02   5.641783441002e-28   3.315617811047e-02  -2.903493759098e-01  -4.336391020778e-01  -1.676796157086e-01  -3.914271401252e-02  -3.760520579718e-01   4.403202178704e-01  -7.636842000342e-01  -2.903493759098e-01  -4.336391020778e-01  -1.676796157086e-01  -3.914271401252e-02  -3.760520579718e-01   4.403202178703e-01   7.636842000343e-01  -2.872156610658e-01  -4.289915017804e-01  -1.658894233993e-01  -3.872602945394e-02  -3.826817926537e-01  -8.732400680501e-01  -7.248828809683e-14   8.636715864286e-01   1.290301157790e+00   4.986425298506e-01   1.161458143369e-01   2.095062806438e+00  -7.305765573465e-03   8.704188419077e-16
  -1.293141542520e-05  -1.796346678976e-05  -1.813026307251e-06  -6.372342411610e+00   0.000000000000e+00  -4.785724323516e-05  -1.956792671947e-06  -4.287372480337e+00   0.000000000000e+00  -3.041374114011e-05  -8.088530782052e-07  -1.615228786472e+00   0.000000000000e+00  -1.440394798312e-05  -2.211308693400e-07  -4.342425767957e-01   0.000000000000e+00  -2.249612375303e-02   5.641783441002e-28  -2.719027478008e-02   0.000000000000e+00  -1.590797051108e-02  -4.067177931278e-01  -6.072932757083e-01  -2.346822823736e-01  -5.469579495560e-02   4.402399441365e-01  -7.360344225089e-02  -1.069682168018e+00  -4.067177931278e-01  -6.072932757082e-01  -2.346822823735e-01  -5.469579495560e-02   4.402399441364e-01  -7.360344225125e-02   1.069682168018e+00   8.152605441345e-01   1.217370307958e+00   4.704224901614e-01   1.096185326820e-01  -8.730636448464e-01   1.788204057267e+00   2.057713226234e-13  -2.268616330594e-03  -3.399668568841e-03  -1.325465241723e-03  -3.159055872181e-04  -7.321642591121e-03  -6.897445968611e-01  -2.284761950129e-18
   2.644435403371e-28   3.673456376300e-28   0.000000000000e+00   0.000000000000e+00  -6.372315717514e+00   9.800580124812e-28   0.000000000000e+00   0.000000000000e+00  -4.287343169488e+00   6.251946895033e-28   0.000000000000e+00   0.000000000000e+00  -1.615216298797e+00   2.968193728336e-28   0.000000000000e+00   0.000000000000e+00  -4.342391084383e-01   0.000000000000e+00  -3.144243733259e-02   6.514570376744e-28  -2.264749178992e-02   0.000000000000e+00   7.053961093320e-01   1.053244838298e+00   4.069950161224e-01   9.484333570845e-02  -7.635318651071e-01  -1.069663802077e+00   1.164849355810e+00  -7.053961093320e-01  -1.053244838298e+00  -4.069950161224e-01  -9.484333570845e-02   7.635318651071e-01   1.069663802077e+00   1.164849355811e+00  -2.566647535936e-14   5.180521656275e-14   1.081734954661e-14   1.018433296932e-15  -7.248828809821e-14   2.057713226283e-13  -6.902836540815e-01  -1.026156277294e-16   2.067768946311e-16   4.319653531868e-17   4.067402617129e-18   8.704188419247e-16  -2.284761950184e-18  -6.897622871428e-01
  -6.745495845614e+00  -7.086909698609e+00  -4.621664944082e-04  -4.785724323516e-05   9.800580124812e-28  -7.867714362111e+00  -6.949180456357e-04  -7.185023534134e-05   1.557823119524e-27  -5.374026095146e+00  -3.951253484676e-04  -4.075627810090e-05   1.017976454387e-27  -2.736211333441e+00  -1.250096263814e-04  -1.287954534379e-05   3.526372116660e-28  -5.125968762764e-06   0.000000000000e+00   2.001910924110e-04   0.000000000000e+00  -2.563097411432e-04  -1.192549354416e+00  -2.897013981629e+00  -3.126104458311e+00  -2.087100276868e+00   9.347620092050e-01   1.309655118233e+00  -2.271459371824e+00  -1.192549354416e+00  -2.897013981629e+00  -3.126104458311e+00  -2.087100276868e+00   9.347620092050e-01   1.309655118233e+00   2.271459371825e+00  -1.192445792328e+00  -2.896864300819e+00  -3.126034358949e+00  -2.087081830344e+00   9.247139765850e-01  -2.625354468751e+00  -1.153845836711e-13  -1.191673407661e+00  -2.895739455476e+00  -3.125504164341e+00  -2.086942022118e+00  -2.782196337374e+00   7.292168968903e-03  -4.605103120742e-16
  -5.762936740182e-05  -5.390249625584e-05  -4.287536716588e+00  -1.956792671947e-06   0.000000000000e+00  -6.949180456357e-04  -5.140867409285e+00  -4.660337901881e-06   0.000000000000e+00  -7.200373977921e-04  -3.163118407727e+00  -2.604825639218e-06   0.000000000000e+00  -4.153219449842e-04  -1.094793743698e+00  -7.802506846977e-07   0.000000000000e+00  -9.953525455446e-04   0.000000000000e+00  -7.846827362622e-02   1.513099863122e-27   1.352973273808e-01  -6.807333947368e-01  -8.198616910677e-01  -3.802708738235e-01  -1.018858663403e-01  -8.998344294806e-01   5.347271739848e-01  -9.274340649253e-01  -6.807333947368e-01  -8.198616910677e-01  -3.802708738235e-01  -1.018858663403e-01  -8.998344294806e-01   5.347271739846e-01   9.274340649254e-01  -6.734172128989e-01  -8.110804971473e-01  -3.762112916380e-01  -1.008016187611e-01  -9.078643242914e-01  -1.060503064837e+00  -1.198536075339e-13   2.025673413333e+00   2.439544560506e+00   1.130565364397e+00   3.021353248878e-01   2.101802546079e+00  -8.864268036497e-03   1.440112320701e-15
  -5.967779668437e-06  -5.581941709976e-06  -1.956792671947e-06  -4.287372480337e+00   0.000000000000e+00  -7.185023534134e-05  -4.660337901881e-06  -5.140362769664e+00   0.000000000000e+00  -7.427021460726e-05  -2.604825639218e-06  -3.162730508297e+00   0.000000000000e+00  -4.278996728120e-05  -7.802506846977e-07  -1.094658554966e+00   0.000000000000e+00  -9.108163531737e-02   1.513099863122e-27  -1.106148933062e-01   0.000000000000e+00  -6.474650288180e-02  -9.535616026267e-01  -1.148116390653e+00  -5.321018044348e-01  -1.422996123172e-01   5.345601128933e-01  -5.325313514365e-01  -1.299005076162e+00  -9.535616026265e-01  -1.148116390652e+00  -5.321018044348e-01  -1.422996123172e-01   5.345601128931e-01  -5.325313514371e-01   1.299005076162e+00   1.911489850005e+00   2.301504126334e+00   1.066581057440e+00   2.851755949698e-01  -1.060137986444e+00   1.728494387005e+00   3.402264833515e-13  -5.320776043056e-03  -6.429961290290e-03  -3.011858260916e-03  -8.263969300805e-04  -8.895226372956e-03  -1.280620767894e+00  -3.780150056299e-18
   1.220798579372e-28   1.141454927578e-28   0.000000000000e+00   0.000000000000e+00  -4.287343169488e+00   1.557823119524e-27   0.000000000000e+00   0.000000000000e+00  -5.140274160874e+00   1.855059717311e-27   0.000000000000e+00   0.000000000000e+00  -3.162663449425e+00   1.171573556872e-27   0.000000000000e+00   0.000000000000e+00  -1.094635321299e+00   0.000000000000e+00  -1.278394649438e-01   1.747177226569e-27  -9.169534463942e-02   0.000000000000e+00   1.653821067890e+00   1.991194813050e+00   9.227699317505e-01   2.467386965972e-01  -9.271159320913e-01  -1.298965310091e+00   9.714239230058e-01  -1.653821067890e+00  -1.991194813050e+00  -9.227699317505e-01  -2.467386965972e-01   9.271159320914e-01   1.298965310091e+00   9.714239230064e-01   1.099074691373e-13   1.289855423181e-13   3.395349078475e-14   3.965294456058e-15  -1.198536075413e-13   3.402264833780e-13  -1.281395006493e+00   4.385458903519e-16   5.149509206322e-16   1.355887149475e-16   1.583658369976e-17   1.440112320792e-15  -3.780150056594e-18  -1.280640377004e+00
  -3.043686164709e+00  -3.235404316042e+00  -2.937515713353e-04  -3.041374114011e-05   6.251946895033e-28  -5.374026095146e+00  -7.200373977921e-04  -7.427021460726e-05   1.855059717311e-27  -5.152526395927e+00  -6.444335086653e-04  -6.614372830191e-05   2.838822944549e-27  -3.399607171040e+00  -2.722526477804e-04  -2.788193338931e-05   1.853906285123e-27  -5.002589890070e-06   0.000000000000e+00   2.465042039210e-04   0.000000000000e+00  -3.166633597794e-04  -1.417262254723e+00  -2.938965770476e+00  -3.520127050431e+00  -2.705623896583e+00   5.788938717988e-01   8.111878960185e-01  -1.406941806370e+00  -1.417262254723e+00  -2.938965770476e+00  -3.520127050431e+00  -2.705623896583e+00   5.788938717988e-01   8.111878960184e-01   1.406941806370e+00  -1.417188924714e+00  -2.938844876812e+00  -3.520048054402e+00  -2.705597262002e+00   5.726800478274e-01  -1.626169341319e+00  -4.270369095898e-14  -1.416633380114e+00  -2.937919030703e+00  -3.519437650740e+00  -2.705391248556e+00  -1.723526084852e+00   4.509908516728e-03  -1.705172508401e-16
  -1.834013747475e-05  -1.407901337852e-05  -1.615298918976e+00  -8.088530782052e-07   0.000000000000e+00  -3.951253484676e-04  -3.163118407727e+00  -2.604825639218e-06   0.000000000000e+00  -6.444335086653e-04  -3.552968064461e+00  -1.603741700514e-06   0.000000000000e+00  -4.963561100194e-04  -1.989953079506e+00  -4.950198556870e-07   0.000000000000e+00  -7.595599639127e-04   0.000000000000e+00  -6.040731664606e-02   1.203259396966e-27   1.041576643149e-01  -5.947275575596e-01  -8.196968549895e-01  -5.440100739917e-01  -1.983888482245e-01  -9.327705494847e-01   2.625473278664e-01  -4.553719166503e-01  -5.947275575596e-01  -8.196968549894e-01  -5.440100739917e-01  -1.983888482245e-01  -9.327705494847e-01   2.625473278663e-01   4.553719166503e-01  -5.883566846369e-01  -8.109281978556e-01  -5.382027913110e-01  -1.962756203910e-01  -9.367005353752e-01  -5.207181717926e-01  -2.806528928474e-14   1.770289001091e+00   2.439536880147e+00   1.618079227007e+00   5.892027386291e-01   5.414161812706e-01  -4.346003169906e-03   3.373456203695e-16
  -1.899129300056e-06  -1.457975622554e-06  -8.088530782052e-07  -1.615228786472e+00   0.000000000000e+00  -4.075627810090e-05  -2.604825639218e-06  -3.162730508297e+00   0.000000000000e+00  -6.614372830191e-05  -1.603741700514e-06  -3.552486470614e+00   0.000000000000e+00  -5.083281323347e-05  -4.950198556870e-07  -1.989728052707e+00   0.000000000000e+00  -7.001419721384e-02   1.203259396966e-27  -8.510010721828e-02   0.000000000000e+00  -4.981665582744e-02  -8.330936439651e-01  -1.147957583917e+00  -7.614406033272e-01  -2.773767084423e-01   2.624249346778e-01  -7.524030255817e-01  -6.378126188534e-01  -8.330936439650e-01  -1.147957583917e+00  -7.614406033271e-01  -2.773767084423e-01   2.624249346778e-01  -7.524030255818e-01   6.378126188533e-01   1.670063432615e+00   2.301234010547e+00   1.526341254538e+00   5.559477587859e-01  -5.204511244034e-01   3.578032377360e-01   7.966847952242e-14  -4.649457749839e-03  -6.424479171864e-03  -4.292896683360e-03  -1.587763228815e-03  -4.368264979540e-03  -1.119618896439e+00  -8.854983375182e-19
   3.888571664981e-29   2.981121112849e-29   0.000000000000e+00   0.000000000000e+00  -1.615216298797e+00   1.017976454387e-27   0.000000000000e+00   0.000000000000e+00  -3.162663449425e+00   2.838822944549e-27   0.000000000000e+00   0.000000000000e+00  -3.552404970012e+00   3.379940358803e-27   0.000000000000e+00   0.000000000000e+00  -1.989690245255e+00   0.000000000000e+00  -9.834061356809e-02   1.389404273487e-27  -7.048507447882e-02   0.000000000000e+00   1.444887303848e+00   1.990930191026e+00   1.320521235858e+00   4.809962177943e-01  -4.551386413146e-01  -6.377832006202e-01  -1.395551411578e-02  -1.444887303848e+00  -1.990930191027e+00  -1.320521235858e+00  -4.809962177943e-01   4.551386413146e-01   6.377832006201e-01  -1.395551411564e-02   7.663830065461e-14   1.058461573214e-13   5.361359189561e-14   1.084596299692e-14  -2.806528929533e-14   7.966847956003e-14  -1.120079824811e+00   3.060132156699e-16   4.226676273364e-16   2.141099469620e-16   4.331699189202e-17   3.373456204981e-16  -8.854983379366e-19  -1.119627479486e+00
  -1.282609067974e+00  -1.364215348334e+00  -1.391320305026e-04  -1.440394798312e-05   2.968193728336e-28  -2.736211333441e+00  -4.153219449842e-04  -4.278996728120e-05   1.171573556872e-27  -3.399607171040e+00  -4.963561100194e-04  -5.083281323347e-05   3.379940358803e-27  -3.125678233488e+00  -2.979729456020e-04  -3.043624453516e-05   5.175586446185e-27  -2.698628207219e-06   0.000000000000e+00   1.483524638633e-04   0.000000000000e+00  -1.908282821779e-04  -9.083833879941e-01  -1.956938930785e+00  -2.775662375153e+00  -2.682910774089e+00   2.310447318582e-01   3.238160384478e-01  -5.616437720472e-01  -9.083833879941e-01  -1.956938930785e+00  -2.775662375153e+00  -2.682910774089e+00   2.310447318582e-01   3.238160384478e-01   5.616437720472e-01  -9.083513015479e-01  -1.956876313749e+00  -2.775607932413e+00  -2.682885671884e+00   2.285649241540e-01  -6.491588692203e-01  -3.947642964858e-15  -9.081045331594e-01  -1.956388999788e+00  -2.775180360519e+00  -2.682688830716e+00  -6.880357724599e-01   1.796768551000e-03  -1.576583199648e-17
  -4.612093221994e-06  -3.294358075941e-06  -4.342620783972e-01  -2.211308693400e-07   0.000000000000e+00  -1.250096263814e-04  -1.094793743698e+00  -7.802506846977e-07   0.000000000000e+00  -2.722526477804e-04  -1.989953079506e+00  -4.950198556870e-07   0.000000000000e+00  -2.979729456020e-04  -2.106765359817e+00  -1.558539767739e-07   0.000000000000e+00  -2.584316148364e-04   0.000000000000e+00  -2.058136569387e-02   4.398872021035e-28   3.548771889543e-02  -2.338057897210e-01  -3.967515425451e-01  -3.997475757478e-01  -2.381313449507e-01  -4.225839973191e-01   6.312181311480e-02  -1.094834899532e-01  -2.338057897210e-01  -3.967515425451e-01  -3.997475757478e-01  -2.381313449507e-01  -4.225839973191e-01   6.312181311480e-02   1.094834899532e-01  -2.313051013257e-01  -3.925112049898e-01  -3.954809106342e-01  -2.355928080294e-01  -4.235256409957e-01  -1.251948018456e-01  -1.526586817269e-15   6.960579451425e-01   1.180968059010e+00   1.189454710912e+00   7.081172008858e-01  -6.810888594303e-02  -1.042579614004e-03   1.835244096660e-17
  -4.775727659350e-07  -3.411536588150e-07  -2.211308693400e-07  -4.342425767957e-01   0.000000000000e+00  -1.287954534379e-05  -7.802506846977e-07  -1.094658554966e+00   0.000000000000e+00  -2.788193338931e-05  -4.950198556870e-07  -1.989728052707e+00   0.000000000000e+00  -3.043624453516e-05  -1.558539767739e-07  -2.106615932073e+00   0.000000000000e+00  -2.384885200551e-02   4.398872021035e-28  -2.899085743613e-02   0.000000000000e+00  -1.697122974413e-02  -3.275166524331e-01  -5.556673171338e-01  -5.596730237422e-01  -3.332424190313e-01   6.307781458106e-02  -3.792136597036e-01  -1.533432328988e-01  -3.275166524331e-01  -5.556673171337e-01  -5.596730237421e-01  -3.332424190313e-01   6.307781458105e-02  -3.792136597036e-01   1.533432328988e-01   6.565685753405e-01   1.113926704695e+00   1.121926901901e+00   6.679885801220e-01  -1.250988309414e-01  -1.122924224787e-01   4.333497130679e-15  -1.828004431203e-03  -3.108083670418e-03  -3.144655668379e-03  -1.885133396284e-03  -1.050553555926e-03  -4.674682833870e-01  -4.817331242376e-20
   9.784575612507e-30   6.974998911834e-30   0.000000000000e+00   0.000000000000e+00  -4.342391084383e-01   3.526372116660e-28   0.000000000000e+00   0.000000000000e+00  -1.094635321299e+00   1.853906285123e-27   0.000000000000e+00   0.000000000000e+00  -1.989690245255e+00   5.175586446185e-27   0.000000000000e+00   0.000000000000e+00  -2.106591012182e+00   0.000000000000e+00  -3.350083990507e-02   5.079379890951e-28  -2.400910418101e-02   0.000000000000e+00   5.680332699157e-01   9.637120804055e-01   9.706313872993e-01   5.779158624470e-01  -1.093996194964e-01  -1.533326414580e-01  -2.016748598139e-01  -5.680332699157e-01  -9.637120804055e-01  -9.706313872994e-01  -5.779158624470e-01   1.093996194964e-01   1.533326414580e-01  -2.016748598139e-01   1.159964321932e-14   2.435151186677e-14   2.723546340603e-14   1.364797526930e-14  -1.526586822334e-15   4.333497148657e-15  -4.676054861859e-01   4.632579028872e-17   9.725399244568e-17   1.087735512141e-16   5.450877292017e-17   1.835244102804e-17  -4.817331262375e-20  -4.674699866009e-01
  -2.528133364111e-07  -1.267634945560e-07  -2.554704528137e-04  -2.249612375303e-02   0.000000000000e+00  -5.125968762764e-06  -9.953525455446e-04  -9.108163531737e-02   0.000000000000e+00  -5.002589890070e-06  -7.595599639127e-04  -7.001419721384e-02   0.000000000000e+00  -2.698628207219e-06  -2.584316148364e-04  -2.384885200551e-02   0.000000000000e+00  -3.723963882299e+00   0.000000000000e+00  -5.757030351326e-02   0.000000000000e+00  -3.273906760241e-02  -5.125551276175e-01  -3.293824731842e-01  -6.960999409318e-02  -8.992254698198e-03  -5.140971547547e-01  -2.066676564371e-01  -5.778740310066e-01  -5.125551276173e-01  -3.293824731841e-01  -6.960999409316e-02  -8.992254698198e-03  -5.140971547545e-01  -2.066676564377e-01   5.778740310063e-01   1.016489677827e+00   6.532273695504e-01   1.380348539472e-01   1.782401424926e-02   1.040566860740e+00   7.906028800630e-01   3.150359726239e-13   8.516189485944e-03   5.485315936789e-03   1.162002512833e-03   1.495264292275e-04   7.550793438775e-03   1.594161529163e+00   1.053594703006e-17
   0.000000000000e+00   0.000000000000e+00   0.000000000000e+00   5.641783441002e-28  -3.144243733259e-02   0.000000000000e+00   0.000000000000e+00   1.513099863122e-27  -1.278394649438e-01   0.000000000000e+00   0.000000000000e+00   1.203259396966e-27  -9.834061356809e-02   0.000000000000e+00   0.000000000000e+00   4.398872021035e-28  -3.350083990507e-02   0.000000000000e+00  -3.769993620742e+00   0.000000000000e+00  -6.648501024960e-02   0.000000000000e+00   1.245231027810e+00   8.000094177489e-01   1.689763953257e-01   2.180522101459e-02  -5.776688837967e-01   4.946502686603e-01   6.475570827394e-01  -1.245231027809e+00  -8.000094177488e-01  -1.689763953257e-01  -2.180522101459e-02   5.776688837964e-01  -4.946502686616e-01   6.475570827394e-01  -3.860800819921e-13  -1.956948938680e-13  -1.765644674200e-14  -7.197691434329e-16   3.150359726335e-13  -6.602755048613e-13   1.502863000278e+00   4.288096375098e-18   2.174695616957e-18   1.962605011186e-19   8.001421177701e-21   1.053594703039e-17   9.339629356800e-16  -8.484883653462e-03
   8.187887706019e-06   4.087491226168e-06  -1.923012073423e-02  -2.719027478008e-02   6.514570376744e-28   2.001910924110e-04  -7.846827362622e-02  -1.106148933062e-01   1.747177226569e-27   2.465042039210e-04  -6.040731664606e-02  -8.510010721828e-02   1.389404273487e-27   1.483524638633e-04  -2.058136569387e-02  -2.899085743613e-02   5.079379890951e-28  -5.757030351326e-02   0.000000000000e+00  -3.781971030091e+00   0.000000000000e+00   2.007010711419e-02  -9.340030759663e-01  -6.000003812145e-01  -1.266293155289e-01  -1.625323673705e-02   7.405428603644e-01   1.037404510135e+00   4.528778698440e-01  -9.340030759669e-01  -6.000003812148e-01  -1.266293155289e-01  -1.625323673705e-02   7.405428603649e-01   1.037404510134e+00  -4.528778698428e-01   9.362884304880e-01   6.015921588454e-01   1.271706376980e-01   1.649786391072e-02  -1.257876178757e-01   3.461487708356e-01   5.604093676785e-13   9.359244317144e-01   6.015275279286e-01   1.271849041461e-01   1.650118534059e-02   3.684963555901e-01  -4.675344013225e-03   2.237185487065e-15
   0.000000000000e+00   0.000000000000e+00   5.641783441002e-28   0.000000000000e+00  -2.264749178992e-02   0.000000000000e+00   1.513099863122e-27   0.000000000000e+00  -9.169534463942e-02   0.000000000000e+00   1.203259396966e-27   0.000000000000e+00  -7.048507447882e-02   0.000000000000e+00   4.398872021035e-28   0.000000000000e+00  -2.400910418101e-02   0.000000000000e+00  -6.648501024960e-02   0.000000000000e+00  -3.724571478845e+00   0.000000000000e+00   8.889548792564e-01   5.712426213998e-01   1.207064513805e-01   1.558712747366e-02   8.915702077582e-01  -5.778504827641e-01   4.623513503065e-01  -8.889548792565e-01  -5.712426213999e-01  -1.207064513805e-01  -1.558712747366e-02  -8.915702077584e-01   5.778504827638e-01   4.623513503070e-01   1.360067275416e-13   6.893860458793e-14   6.219941544384e-15   2.535573585792e-16   1.230323824396e-13   3.150359726359e-13  -5.341020164341e-01  -1.633623091715e-15  -8.284872042433e-16  -7.476876883783e-17  -3.048277197939e-18  -3.079857245953e-15   1.053594703046e-17   1.594166443900e+00
  -1.044833921635e-05  -5.215488221675e-06   3.315617811047e-02  -1.590797051108e-02   0.000000000000e+00  -2.563097411432e-04   1.352973273808e-01  -6.474650288180e-02   0.000000000000e+00  -3.166633597794e-04   1.041576643149e-01  -4.981665582744e-02   0.000000000000e+00  -1.908282821779e-04   3.548771889543e-02  -1.697122974413e-02   0.000000000000e+00  -3.273906760241e-02   0.000000000000e+00   2.007010711419e-02   0.000000000000e+00  -3.805916479163e+00   1.760362060296e-01   1.130370534717e-01   2.375019574479e-02   2.953446912299e-03  -6.138750763995e-01   6.352870781169e-01   1.984094228396e-01   1.760362060293e-01   1.130370534715e-01   2.375019574478e-02   2.953446912298e-03  -6.138750763992e-01   6.352870781169e-01  -1.984094228390e-01   1.263589688249e+00   8.117585252313e-01   1.713299428268e-01   2.199611593887e-02  -1.106380726617e+00   1.370937550975e-01   3.916539436339e-13  -1.621045458151e+00  -1.041843281772e+00  -2.202356689949e-01  -2.853406631536e-02  -6.382382951575e-01   7.897943133128e-03  -2.006910090759e-15
  -1.973664533576e-01  -2.107465545520e-01  -2.903493759098e-01  -4.067177931278e-01   7.053961093320e-01  -1.192549354416e+00  -6.807333947368e-01  -9.535616026267e-01   1.653821067890e+00  -1.417262254723e+00  -5.947275575596e-01  -8.330936439651e-01   1.444887303848e+00  -9.083833879941e-01  -2.338057897210e-01  -3.275166524331e-01   5.680332699157e-01  -5.125551276175e-01   1.245231027810e+00  -9.340030759663e-01   8.889548792564e-01   1.760362060296e-01  -3.615444388811e+00  -3.201264634436e+00  -1.830741616111e+00  -9.259909340644e-01   2.130305082017e-01   2.986211513248e-01  -5.179534747732e-01  -1.352720892346e-02  -2.612688771503e-01  -6.949839456790e-01  -6.427838967682e-01   4.442252137864e-03   6.224905906750e-03   1.580043413314e-01  -1.349851351513e-02  -2.610235741511e-01  -6.947311483753e-01  -6.426955509390e-01   4.066816389696e-03  -1.397695509517e-01   7.348167236497e-02  -1.334497901882e-02  -2.597057208261e-01  -6.933712635187e-01  -6.422200954807e-01  -1.323679545174e-01  -4.172181925182e-02   7.282705020586e-02
  -1.454084460119e+00  -1.550296890776e+00  -4.336391020778e-01  -6.072932757083e-01   1.053244838298e+00  -2.897013981629e+00  -8.198616910677e-01  -1.148116390653e+00   1.991194813050e+00  -2.938965770476e+00  -8.196968549895e-01  -1.147957583917e+00   1.990930191026e+00  -1.956938930785e+00  -3.967515425451e-01  -5.556673171338e-01   9.637120804055e-01  -3.293824731842e-01   8.000094177489e-01  -6.000003812145e-01   5.712426213998e-01   1.130370534717e-01  -3.201264634436e+00  -4.175894925901e+00  -3.270971074063e+00  -1.923618332272e+00   3.795278730559e-01   5.320214041093e-01  -9.227837760821e-01  -2.612688771503e-01  -9.690706316218e-01  -1.629821436009e+00  -1.433720747028e+00   7.196846489433e-02   1.008620120783e-01   7.912909855082e-01  -2.610181998013e-01  -9.685346075045e-01  -1.629386381468e+00  -1.433558201402e+00   6.980533005678e-02  -7.355556784773e-01   3.079213454577e-01  -2.596592908286e-01  -9.656155405493e-01  -1.627020403710e+00  -1.432675421380e+00  -7.154688903037e-01  -1.752016689586e-01   3.065423813617e-01
  -1.556454763799e+00  -1.655565393080e+00  -1.676796157086e-01  -2.346822823736e-01   4.069950161224e-01  -3.126104458311e+00  -3.802708738235e-01  -5.321018044348e-01   9.227699317505e-01  -3.520127050431e+00  -5.440100739917e-01  -7.614406033272e-01   1.320521235858e+00  -2.775662375153e+00  -3.997475757478e-01  -5.596730237422e-01   9.706313872993e-01  -6.960999409318e-02   1.689763953257e-01  -1.266293155289e-01   1.207064513805e-01   2.375019574479e-02  -1.830741616111e+00  -3.270971074063e+00  -3.592596116875e+00  -2.683235038305e+00   2.760313948052e-01   3.869488175553e-01  -6.711588439121e-01  -6.949839456790e-01  -1.629821436009e+00  -2.353770212525e+00  -2.161020824181e+00   1.432575043287e-01   2.008041755234e-01   9.007913999997e-01  -6.947128531363e-01  -1.629358274398e+00  -2.353365857881e+00  -2.160832966405e+00   1.404734435913e-01  -8.808864597040e-01   2.761495381438e-01  -6.932113362853e-01  -1.626772387580e+00  -2.351116582224e+00  -2.159794736454e+00  -8.772373334321e-01  -1.569010953787e-01   2.755889112563e-01
  -9.547503842488e-01  -1.015440831743e+00  -3.914271401252e-02  -5.469579495560e-02   9.484333570845e-02  -2.087100276868e+00  -1.018858663403e-01  -1.422996123172e-01   2.467386965972e-01  -2.705623896583e+00  -1.983888482245e-01  -2.773767084423e-01   4.809962177943e-01  -2.682910774089e+00  -2.381313449507e-01  -3.332424190313e-01   5.779158624470e-01  -8.992254698198e-03   2.180522101459e-02  -1.625323673705e-02   1.558712747366e-02   2.953446912299e-03  -9.259909340644e-01  -1.923618332272e+00  -2.683235038305e+00  -2.608797510406e+00   1.514889115237e-01   2.123639464883e-01  -3.683435433496e-01  -6.427838967682e-01  -1.433720747028e+00  -2.161020824181e+00  -2.268510597383e+00   1.179104744603e-01   1.652866173049e-01   4.824322952370e-01  -6.426782327795e-01  -1.433525295713e+00  -2.160811939795e+00  -2.268376554749e+00   1.162035345151e-01  -5.008596419409e-01   9.785647743839e-02  -6.420680723107e-01  -1.432383425375e+00  -2.159605788857e+00  -2.267617798042e+00  -5.110464527682e-01  -5.513986591288e-02   9.776467232782e-02
   5.728326503786e-01   6.247742721312e-01  -3.760520579718e-01   4.402399441365e-01  -7.635318651071e-01   9.347620092050e-01  -8.998344294806e-01   5.345601128933e-01  -9.271159320913e-01   5.788938717988e-01  -9.327705494847e-01   2.624249346778e-01  -4.551386413146e-01   2.310447318582e-01  -4.225839973191e-01   6.307781458106e-02  -1.093996194964e-01  -5.140971547547e-01  -5.776688837967e-01   7.405428603644e-01   8.915702077582e-01  -6.138750763995e-01   2.130305082017e-01   3.795278730559e-01   2.760313948052e-01   1.514889115237e-01  -2.692507064635e+00  -1.121541421898e-01   1.945189828224e-01   4.442252137863e-03   7.196846489433e-02   1.432575043287e-01   1.179104744603e-01  -1.101965902390e-01  -1.209980757594e-02  -4.874745907078e-02   4.759061942196e-03   7.327877894531e-02   1.444348583386e-01   1.183287567654e-01  -1.099603542958e-01   4.976847361903e-02  -1.463669747471e-02   1.236395527181e-01   5.736776187881e-01   5.943594137467e-01   2.779471533959e-01   4.827204235048e-01   1.715596875597e-01  -2.996409071592e-01
   8.024743711135e-01   8.752354540310e-01   4.403202178704e-01  -7.360344225089e-02  -1.069663802077e+00   1.309655118233e+00   5.347271739848e-01  -5.325313514365e-01  -1.298965310091e+00   8.111878960185e-01   2.625473278664e-01  -7.524030255817e-01  -6.377832006202e-01   3.238160384478e-01   6.312181311480e-02  -3.792136597036e-01  -1.533326414580e-01  -2.066676564371e-01   4.946502686603e-01   1.037404510135e+00  -5.778504827641e-01   6.352870781169e-01   2.986211513248e-01   5.320214041093e-01   3.869488175553e-01   2.123639464883e-01  -1.121541421898e-01  -2.769654033504e+00   2.725925312747e-01   6.224905906713e-03   1.008620120783e-01   2.008041755234e-01   1.652866173049e-01  -1.209980757594e-02  -1.185132977580e-01  -6.831044753404e-02   1.335214739069e-01   6.342797846896e-01   6.791906969680e-01   3.348096114462e-01  -3.430412489878e-02   5.614420278192e-01  -3.240524657900e-01   4.792659122475e-02   2.762680839604e-01   3.585331022072e-01   2.212513645283e-01   2.549231155475e-01  -3.239463833069e-02  -1.194135587705e-01
  -1.391791023229e+00  -1.517985395591e+00  -7.636842000342e-01  -1.069682168018e+00   1.164849355810e+00  -2.271459371824e+00  -9.274340649253e-01  -1.299005076162e+00   9.714239230058e-01  -1.406941806370e+00  -4.553719166503e-01  -6.378126188534e-01  -1.395551411578e-02  -5.616437720472e-01  -1.094834899532e-01  -1.533432328988e-01  -2.016748598139e-01  -5.778740310066e-01   6.475570827394e-01   4.528778698440e-01   4.623513503065e-01   1.984094228396e-01  -5.179534747732e-01  -9.227837760821e-01  -6.711588439121e-01  -3.683435433496e-01   1.945189828224e-01   2.725925312747e-01  -3.085285378540e+00  -1.580043413314e-01  -7.912909855082e-01  -9.007913999997e-01  -4.824322952370e-01   4.874745907078e-02   6.831044753410e-02   7.886414654937e-01  -8.426390664143e-02  -4.827651721599e-01  -6.243611241566e-01  -3.845189041897e-01   3.354407007194e-02  -4.608711432816e-01   1.081057759691e-01  -8.352916963728e-02  -4.808691844717e-01  -6.233877385597e-01  -3.842964586169e-01  -4.439586386439e-01  -1.190364685374e-01   1.073768316472e-01
  -1.973664533576e-01  -2.107465545520e-01  -2.903493759098e-01  -4.067177931278e-01  -7.053961093320e-01  -1.192549354416e+00  -6.807333947368e-01  -9.535616026265e-01  -1.653821067890e+00  -1.417262254723e+00  -5.947275575596e-01  -8.330936439650e-01  -1.444887303848e+00  -9.083833879941e-01  -2.338057897210e-01  -3.275166524331e-01  -5.680332699157e-01  -5.125551276173e-01  -1.245231027809e+00  -9.340030759669e-01  -8.889548792565e-01   1.760362060293e-01  -1.352720892346e-02  -2.612688771503e-01  -6.949839456790e-01  -6.427838967682e-01   4.442252137863e-03   6.224905906713e-03  -1.580043413314e-01  -3.615444388811e+00  -3.201264634436e+00  -1.830741616111e+00  -9.259909340644e-01   2.130305082017e-01   2.986211513248e-01   5.179534747732e-01  -1.349851351513e-02  -2.610235741511e-01  -6.947311483753e-01  -6.426955509390e-01   4.066816389696e-03  -1.397695509517e-01  -7.348167236494e-02  -1.334497901882e-02  -2.597057208261e-01  -6.933712635187e-01  -6.422200954807e-01  -1.323679545174e-01  -4.172181925184e-02  -7.282705020585e-02
  -1.454084460119e+00  -1.550296890776e+00  -4.336391020778e-01  -6.072932757082e-01  -1.053244838298e+00  -2.897013981629e+00  -8.198616910677e-01  -1.148116390652e+00  -1.991194813050e+00  -2.938965770476e+00  -8.196968549894e-01  -1.147957583917e+00  -1.990930191027e+00  -1.956938930785e+00  -3.967515425451e-01  -5.556673171337e-01  -9.637120804055e-01  -3.293824731841e-01  -8.000094177488e-01  -6.000003812148e-01  -5.712426213999e-01   1.130370534715e-01  -2.612688771503e-01  -9.690706316218e-01  -1.629821436009e+00  -1.433720747028e+00   7.196846489433e-02   1.008620120783e-01  -7.912909855082e-01  -3.201264634436e+00  -4.175894925901e+00  -3.270971074063e+00  -1.923618332272e+00   3.795278730559e-01   5.320214041093e-01   9.227837760821e-01  -2.610181998013e-01  -9.685346075045e-01  -1.629386381468e+00  -1.433558201402e+00   6.980533005678e-02  -7.355556784773e-01  -3.079213454577e-01  -2.596592908286e-01  -9.656155405493e-01  -1.627020403710e+00  -1.432675421380e+00  -7.154688903037e-01  -1.752016689586e-01  -3.065423813617e-01
  -1.556454763799e+00  -1.655565393080e+00  -1.676796157086e-01  -2.346822823735e-01  -4.069950161224e-01  -3.126104458311e+00  -3.802708738235e-01  -5.321018044348e-01  -9.227699317505e-01  -3.520127050431e+00  -5.440100739917e-01  -7.614406033271e-01  -1.320521235858e+00  -2.775662375153e+00  -3.997475757478e-01  -5.596730237421e-01  -9.706313872994e-01  -6.960999409316e-02  -1.689763953257e-01  -1.266293155289e-01  -1.207064513805e-01   2.375019574478e-02  -6.949839456790e-01  -1.629821436009e+00  -2.353770212525e+00  -2.161020824181e+00   1.432575043287e-01   2.008041755234e-01  -9.007913999997e-01  -1.830741616111e+00  -3.270971074063e+00  -3.592596116875e+00  -2.683235038305e+00   2.760313948052e-01   3.869488175553e-01   6.711588439121e-01  -6.947128531363e-01  -1.629358274398e+00  -2.353365857881e+00  -2.160832966405e+00   1.404734435913e-01  -8.808864597040e-01  -2.761495381438e-01  -6.932113362853e-01  -1.626772387580e+00  -2.351116582224e+00  -2.159794736454e+00  -8.772373334321e-01  -1.569010953787e-01  -2.755889112563e-01
  -9.547503842488e-01  -1.015440831743e+00  -3.914271401252e-02  -5.469579495560e-02  -9.484333570845e-02  -2.087100276868e+00  -1.018858663403e-01  -1.422996123172e-01  -2.467386965972e-01  -2.705623896583e+00  -1.983888482245e-01  -2.773767084423e-01  -4.809962177943e-01  -2.682910774089e+00  -2.381313449507e-01  -3.332424190313e-01  -5.779158624470e-01  -8.992254698198e-03  -2.180522101459e-02  -1.625323673705e-02  -1.558712747366e-02   2.953446912298e-03  -6.427838967682e-01  -1.433720747028e+00  -2.161020824181e+00  -2.268510597383e+00   1.179104744603e-01   1.652866173049e-01  -4.824322952370e-01  -9.259909340644e-01  -1.923618332272e+00  -2.683235038305e+00  -2.608797510406e+00   1.514889115237e-01   2.123639464883e-01   3.683435433496e-01  -6.426782327795e-01  -1.433525295713e+00  -2.160811939795e+00  -2.268376554749e+00   1.162035345151e-01  -5.008596419409e-01  -9.785647743840e-02  -6.420680723107e-01  -1.432383425375e+00  -2.159605788857e+00  -2.267617798042e+00  -5.110464527682e-01  -5.513986591287e-02  -9.776467232782e-02
   5.728326503786e-01   6.247742721312e-01  -3.760520579718e-01   4.402399441364e-01   7.635318651071e-01   9.347620092050e-01  -8.998344294806e-01   5.345601128931e-01   9.271159320914e-01   5.788938717988e-01  -9.327705494847e-01   2.624249346778e-01   4.551386413146e-01   2.310447318582e-01  -4.225839973191e-01   6.307781458105e-02   1.093996194964e-01  -5.140971547545e-01   5.776688837964e-01   7.405428603649e-01  -8.915702077584e-01  -6.138750763992e-01   4.442252137864e-03   7.196846489433e-02   1.432575043287e-01   1.179104744603e-01  -1.101965902390e-01  -1.209980757594e-02   4.874745907078e-02   2.130305082017e-01   3.795278730559e-01   2.760313948052e-01   1.514889115237e-01  -2.692507064635e+00  -1.121541421898e-01  -1.945189828224e-01   4.759061942196e-03   7.327877894531e-02   1.444348583386e-01   1.183287567654e-01  -1.099603542958e-01   4.976847361903e-02   1.463669747471e-02   1.236395527181e-01   5.736776187881e-01   5.943594137467e-01   2.779471533959e-01   4.827204235048e-01   1.715596875597e-01   2.996409071592e-01
   8.024743711136e-01   8.752354540311e-01   4.403202178703e-01  -7.360344225125e-02   1.069663802077e+00   1.309655118233e+00   5.347271739846e-01  -5.325313514371e-01   1.298965310091e+00   8.111878960184e-01   2.625473278663e-01  -7.524030255818e-01   6.377832006201e-01   3.238160384478e-01   6.312181311480e-02  -3.792136597036e-01   1.533326414580e-01  -2.066676564377e-01  -4.946502686616e-01   1.037404510134e+00   5.778504827638e-01   6.352870781169e-01   6.224905906750e-03   1.008620120783e-01   2.008041755234e-01   1.652866173049e-01  -1.209980757594e-02  -1.185132977580e-01   6.831044753410e-02   2.986211513248e-01   5.320214041093e-01   3.869488175553e-01   2.123639464883e-01  -1.121541421898e-01  -2.769654033504e+00  -2.725925312747e-01   1.335214739069e-01   6.342797846896e-01   6.791906969680e-01   3.348096114462e-01  -3.430412489878e-02   5.614420278192e-01   3.240524657899e-01   4.792659122477e-02   2.762680839604e-01   3.585331022072e-01   2.212513645283e-01   2.549231155475e-01  -3.239463833067e-02   1.194135587705e-01
   1.391791023229e+00   1.517985395591e+00   7.636842000343e-01   1.069682168018e+00   1.164849355811e+00   2.271459371825e+00   9.274340649254e-01   1.299005076162e+00   9.714239230064e-01   1.406941806370e+00   4.553719166503e-01   6.378126188533e-01  -1.395551411564e-02   5.616437720472e-01   1.094834899532e-01   1.533432328988e-01  -2.016748598139e-01   5.778740310063e-01   6.475570827394e-01  -4.528778698428e-01   4.623513503070e-01  -1.984094228390e-01   1.580043413314e-01   7.912909855082e-01   9.007913999997e-01   4.824322952370e-01  -4.874745907078e-02  -6.831044753404e-02   7.886414654937e-01   5.179534747732e-01   9.227837760821e-01   6.711588439121e-01   3.683435433496e-01  -1.945189828224e-01  -2.725925312747e-01  -3.085285378540e+00   8.426390664140e-02   4.827651721599e-01   6.243611241566e-01   3.845189041897e-01  -3.354407007194e-02   4.608711432815e-01   1.081057759690e-01   8.352916963727e-02   4.808691844717e-01   6.233877385597e-01   3.842964586169e-01   4.439586386438e-01   1.190364685374e-01   1.073768316472e-01
  -1.973333524755e-01  -2.107098323907e-01  -2.872156610658e-01   8.152605441345e-01  -2.566647535936e-14  -1.192445792328e+00  -6.734172128989e-01   1.911489850005e+00   1.099074691373e-13  -1.417188924714e+00  -5.883566846369e-01   1.670063432615e+00   7.663830065461e-14  -9.083513015479e-01  -2.313051013257e-01   6.565685753405e-01   1.159964321932e-14   1.016489677827e+00  -3.860800819921e-13   9.362884304880e-01   1.360067275416e-13   1.263589688249e+00  -1.349851351513e-02  -2.610181998013e-01  -6.947128531363e-01  -6.426782327795e-01   4.759061942196e-03   1.335214739069e-01  -8.426390664143e-02  -1.349851351513e-02  -2.610181998013e-01  -6.947128531363e-01  -6.426782327795e-01   4.759061942196e-03   1.335214739069e-01   8.426390664140e-02  -3.615305552549e+00  -3.201166797384e+00  -1.830690044370e+00  -9.259656175024e-01   2.107399696115e-01  -5.986491837740e-01   1.933680061858e-23  -1.333617936670e-02  -2.596245515979e-01  -6.932748605439e-01  -6.421754868881e-01  -1.319802324299e-01   8.440543334953e-02  -1.053291523675e-14
  -1.453997859997e+00  -1.550205334223e+00  -4.289915017804e-01   1.217370307958e+00   5.180521656275e-14  -2.896864300819e+00  -8.110804971473e-01   2.301504126334e+00   1.289855423181e-13  -2.938844876812e+00  -8.109281978556e-01   2.301234010547e+00   1.058461573214e-13  -1.956876313749e+00  -3.925112049898e-01   1.113926704695e+00   2.435151186677e-14   6.532273695504e-01  -1.956948938680e-13   6.015921588454e-01   6.893860458793e-14   8.117585252313e-01  -2.610235741511e-01  -9.685346075045e-01  -1.629358274398e+00  -1.433525295713e+00   7.327877894531e-02   6.342797846896e-01  -4.827651721599e-01  -2.610235741511e-01  -9.685346075045e-01  -1.629358274398e+00  -1.433525295713e+00   7.327877894531e-02   6.342797846896e-01   4.827651721599e-01  -3.201166797384e+00  -4.175765343988e+00  -3.270878676677e+00  -1.923567176146e+00   3.754485777482e-01  -1.066555046959e+00   3.527223753656e-23  -2.595834828459e-01  -9.654389981302e-01  -1.626850820159e+00  -1.432590128660e+00  -7.139536596760e-01   3.557869529979e-01  -9.059954211056e-16
