ARMA_MAT_TXT_FN008
50 50
   3.279160019065e-01   2.802238712856e-01   6.139151712034e-07   4.183013431445e-08   1.299843047729e-16  -4.073551933564e-02   8.200339937982e-06   8.293963659528e-07   2.262608149541e-17  -2.991429449068e-02   1.171741001568e-05   1.201609681291e-06  -1.780809478668e-15  -7.536344541561e-03  -1.193327824646e-05  -1.222824842858e-06   3.978117160812e-15   1.194201265586e-07   7.474736795122e-17   2.928231386512e-06  -1.581734001106e-16  -3.957850406717e-06  -8.319962655814e-03  -1.189673806277e-02   1.445677095258e-03   8.247884707173e-04   6.658151112724e-04   9.324537419561e-04  -1.617193250890e-03  -8.319962655813e-03  -1.189673806277e-02   1.445677095265e-03   8.247884707012e-04   6.658151112726e-04   9.324537419812e-04   1.617193250875e-03  -8.320901124074e-03  -1.189857377664e-02   1.444118509658e-03   8.226152698281e-04   6.587060267443e-04  -1.869244019947e-03   1.460083010223e-14  -8.329078829613e-03  -1.191413919481e-02   1.431346671399e-03   8.046078354430e-04  -1.981700686453e-03   5.226096105730e-06  -8.644311095946e-17
   2.802238712856e-01   2.463170593926e-01   1.810312565508e-06   1.535459395225e-07   6.617283562461e-17  -6.914253353589e-02   1.390884541351e-05   1.406042124484e-06  -4.028644216734e-16  -4.854879514836e-02   2.086475790951e-05   2.141895871872e-06  -1.626811448956e-15  -1.195960924896e-02  -1.890056016390e-05  -1.936671897796e-06   2.992873689795e-15   1.826277066146e-07  -3.887726160822e-17   4.956928881040e-06  -2.105390975024e-16  -6.682173763816e-06  -1.387344920183e-02  -1.958450060308e-02   2.120560906511e-03   1.322782724856e-03   1.097113017894e-03   1.536162446416e-03  -2.664160741535e-03  -1.387344920183e-02  -1.958450060308e-02   2.120560906515e-03   1.322782724845e-03   1.097113017894e-03   1.536162446428e-03   2.664160741528e-03  -1.387510458914e-02  -1.958775054542e-02   2.118019256609e-03   1.319285385633e-03   1.085406360205e-03  -3.079455220802e-03   7.001153616086e-15  -1.388946914265e-02  -1.961518700664e-02   2.097176593378e-03   1.290317892235e-03  -3.265143223293e-03   8.620678374542e-06  -3.154159411908e-17
   6.139151712034e-07   1.810312565508e-06   3.581505636498e-02   2.207313469918e-07  -9.533193373550e-18  -1.244848360170e-05   5.615900770905e-02   4.456466771416e-07   2.226633066611e-15  -2.947283761772e-05   3.788102637105e-02  -3.860499486127e-07   1.982640842615e-15   3.542166821611e-05  -1.976518596026e-03  -5.078502533635e-07   2.250901167547e-15   3.755443154661e-05   7.834969641104e-16   3.095810875167e-03   4.671929811134e-16  -5.337751411487e-03   1.095152844623e-02   1.735355392653e-02   6.810925189344e-03   2.065863114318e-03   1.466547314859e-03  -8.869959757755e-04   1.538763230974e-03   1.095152844623e-02   1.735355392652e-02   6.810925189341e-03   2.065863114312e-03   1.466547314860e-03  -8.869959757616e-04  -1.538763230980e-03   1.083445129797e-02   1.716841956557e-02   6.737378996660e-03   2.043126330613e-03   1.479867842564e-03   1.759622627469e-03   7.102535659124e-15  -3.267588349282e-02  -5.182109418214e-02  -2.039283359118e-02  -6.199366510095e-03  -3.521008774923e-03   1.476687299947e-05  -2.972339956964e-16
   4.183013431445e-08   1.535459395225e-07   2.207313469918e-07   3.582366099924e-02  -3.480350630486e-17  -1.196552547315e-06   4.454648313434e-07   5.617855934919e-02   3.254770544240e-13  -3.138124636064e-06  -3.874140693855e-07   3.791287913336e-02   3.536659669389e-13   3.540033877482e-06  -5.103900302425e-07  -1.973848770778e-03   2.388226631481e-13   3.572361653421e-03   8.995222047104e-14   4.359233880416e-03   1.107313205995e-13   2.552559436846e-03   1.538323868011e-02   2.439788822633e-02   9.616473997674e-03   2.917273812059e-03  -8.875440268028e-04   8.586491953611e-04   2.158639616402e-03   1.538323868016e-02   2.439788822577e-02   9.616473997308e-03   2.917273811453e-03  -8.875440266998e-04   8.586491955592e-04  -2.158639616188e-03  -3.084430923688e-02  -4.892295779803e-02  -1.928679537654e-02  -5.851673331219e-03   1.760762738925e-03  -2.899169132131e-03  -6.462565755175e-14   8.420377981984e-05   1.327816965832e-04   5.040586571707e-05   1.465648888675e-05   1.472354101112e-05   2.101497736944e-03  -2.294090506361e-14
   1.299843047729e-16   6.617283562461e-17  -9.533193373550e-18  -3.480350630486e-17   3.582490134819e-02  -6.586584088627e-18  -2.534915910938e-15  -3.255465247316e-13   5.618126835146e-02  -1.007445443560e-15  -2.194794457598e-15  -3.542444118906e-13   3.791872214384e-02  -2.443562061102e-14  -7.627993052505e-16  -2.361358515660e-13  -1.972642105233e-03  -1.106219146294e-13   5.036415225024e-03  -7.846367124163e-14   3.597425482581e-03  -4.490233083849e-14  -2.668910323626e-02  -4.233376135813e-02  -1.669393246200e-02  -5.063251327519e-03   1.539842313720e-03   2.158818720856e-03  -1.640895331284e-03   2.668910323623e-02   4.233376135845e-02   1.669393246222e-02   5.063251327872e-03  -1.539842313779e-03  -2.158818720842e-03  -1.640895331483e-03   2.548133129956e-14  -3.260076441355e-13  -2.070084710967e-13  -3.407825710247e-13   5.870190473600e-14  -1.643514393019e-13   2.103398136427e-03   2.020502881997e-16  -2.328801305580e-15   3.133177582316e-15   3.906904083958e-15  -1.065354895916e-15   2.283359613808e-14   2.101940489846e-03
  -4.073551933564e-02  -6.914253353589e-02  -1.244848360170e-05  -1.196552547315e-06  -6.586584088627e-18   1.771531216788e-01  -4.490641008180e-05  -4.540522017887e-06   1.769689267297e-15   1.189333964113e-01  -6.212009476108e-05  -6.374439572991e-06   5.131667279821e-16   2.860285313510e-02   4.543405279700e-05   4.654861556112e-06   1.551785907269e-15  -4.848662761999e-07   4.738423165070e-16  -1.325322335448e-05   3.738772690963e-16   1.787382740397e-05   3.493484683306e-02   4.868399141287e-02  -4.617803868065e-03  -3.200434057062e-03  -2.730297841378e-03  -3.821689136123e-03   6.627704117185e-03   3.493484683306e-02   4.868399141286e-02  -4.617803868059e-03  -3.200434057073e-03  -2.730297841378e-03  -3.821689136078e-03  -6.627704117211e-03   3.494003597126e-02   4.869390718860e-02  -4.611049272184e-03  -3.191791439721e-03  -2.701232421465e-03   7.661105038931e-03   2.562346025226e-14   3.498470870538e-02   4.877728943827e-02  -4.555529324557e-03  -3.120221414644e-03   8.124969850184e-03  -2.151284928244e-05  -2.136562389762e-16
   8.200339937982e-06   1.390884541351e-05   5.615900770905e-02   4.454648313434e-07  -2.534915910938e-15  -4.490641008180e-05   8.805889470765e-02   8.549722483065e-07  -4.597896237106e-16  -6.326920760008e-05   5.939851333696e-02  -4.994590469250e-07   4.424833549700e-16   5.143903866284e-05  -3.099242729242e-03  -8.024558781464e-07   3.668691753780e-15   5.889635463444e-05   8.744591716607e-16   4.854331647361e-03   4.797768101223e-16  -8.369738378913e-03   1.716733664463e-02   2.720394373167e-02   1.068041046438e-02   3.239798007509e-03   2.299976011019e-03  -1.390284117062e-03   2.411879392310e-03   1.716733664462e-02   2.720394373166e-02   1.068041046438e-02   3.239798007499e-03   2.299976011021e-03  -1.390284117040e-03  -2.411879392319e-03   1.698362768698e-02   2.691344348183e-02   1.056500699612e-02   3.204120580300e-03   2.320866134510e-03   2.758030920135e-03   1.098525723907e-14  -5.124170991892e-02  -8.126391175172e-02  -3.197587641666e-02  -9.720331793054e-03  -5.522204631811e-03   2.316377049173e-05  -6.139578370246e-16
   8.293963659528e-07   1.406042124484e-06   4.456466771416e-07   5.617855934919e-02  -3.255465247316e-13  -4.540522017887e-06   8.549722483065e-07   8.809905084979e-02  -3.031393152983e-17  -6.711037273247e-06  -5.015696945168e-07   5.945486513025e-02   2.101022855906e-13   5.120979208707e-06  -8.065567054830e-07  -3.095383881676e-03   3.924436840836e-13   5.602167101051e-03   9.530377547304e-14   6.836146474534e-03   1.409636337084e-13   4.002901097226e-03   2.412345432053e-02   3.826001189642e-02   1.508061462072e-02   4.574914071622e-03  -1.391798777182e-03   1.346586168230e-03   3.385076822376e-03   2.412345432011e-02   3.826001189477e-02   1.508061461984e-02   4.574914070580e-03  -1.391798776993e-03   1.346586168580e-03  -3.385076822011e-03  -4.837045013697e-02  -7.672152286022e-02  -3.024540731698e-02  -9.176523121972e-03   2.761267667527e-03  -4.546578847644e-03  -1.204568270114e-13   1.314312721541e-04   2.073503192613e-04   7.905847210219e-05   2.301403631654e-05   2.295741178755e-05   3.295562906365e-03  -5.507331944986e-14
   2.262608149541e-17  -4.028644216734e-16   2.226633066611e-15   3.254770544240e-13   5.618126835146e-02   1.769689267297e-15  -4.597896237106e-16  -3.031393152983e-17   8.810449700619e-02  -4.092551025383e-16  -1.077166600375e-15  -2.110162068777e-13   5.946483658397e-02  -3.799741903946e-14  -1.324017557087e-15  -3.882490400772e-13  -3.093533584317e-03  -1.410147226565e-13   7.898198868333e-03  -8.324210254123e-14   5.641548721849e-03  -4.755502508625e-14  -4.185434193935e-02  -6.638858217818e-02  -2.617973153283e-02  -7.940283737184e-03   2.414809001284e-03   3.385499172770e-03  -2.573282199631e-03   4.185434193960e-02   6.638858217914e-02   2.617973153334e-02   7.940283737791e-03  -2.414809001393e-03  -3.385499172732e-03  -2.573282199982e-03  -2.392929890081e-13  -9.542512593542e-13  -4.995197197783e-13  -5.875004230737e-13   1.081228075492e-13  -2.838964171478e-13   3.298587594255e-03  -6.077539269965e-16  -5.193308176513e-15   4.050480216210e-15   5.840889993275e-15  -1.675011425465e-15   5.490519968622e-14   3.296301686112e-03
  -2.991429449068e-02  -4.854879514836e-02  -2.947283761772e-05  -3.138124636064e-06  -1.007445443560e-15   1.189333964113e-01  -6.326920760008e-05  -6.711037273247e-06  -4.092551025383e-16   7.986772665989e-02  -6.403680548140e-05  -6.750007334291e-06  -7.268821963874e-16   1.921049666766e-02   3.168086777428e-05   3.255354290702e-06   1.045153207650e-15  -5.807464128206e-07   1.694443331106e-16  -1.100779674228e-05   1.434722243896e-16   1.498171422892e-05   2.344867826663e-02   3.267827309715e-02  -3.107943616881e-03  -2.150766191528e-03  -1.834124309387e-03  -2.565691392034e-03   4.449272425063e-03   2.344867826663e-02   3.267827309715e-02  -3.107943616878e-03  -2.150766191535e-03  -1.834124309387e-03  -2.565691392003e-03  -4.449272425080e-03   2.345524421345e-02   3.268981807644e-02  -3.101480232576e-03  -2.144377032095e-03  -1.814788134674e-03   5.143371475485e-03   1.697865754546e-14   2.350887583268e-02   3.278327776876e-02  -3.049458773773e-03  -2.091834288882e-03   5.457763988229e-03  -1.459088203900e-05  -1.994660330566e-16
   1.171741001568e-05   2.086475790951e-05   3.788102637105e-02  -3.874140693855e-07  -2.194794457598e-15  -6.212009476108e-05   5.939851333696e-02  -5.015696945168e-07  -1.077166600375e-15  -6.403680548140e-05   4.006618415396e-02  -1.063994870204e-06  -2.216669427199e-16   2.956148882918e-05  -2.090545239170e-03  -5.042034443450e-07   2.496467931290e-15   3.965891933197e-05   5.198653192014e-16   3.274318638215e-03   2.727370731683e-16  -5.645705084563e-03   1.157333943660e-02   1.834070585515e-02   7.204917737990e-03   2.185864739064e-03   1.551913918892e-03  -9.371205767052e-04   1.625656873958e-03   1.157333943660e-02   1.834070585514e-02   7.204917737985e-03   2.185864739057e-03   1.551913918893e-03  -9.371205766902e-04  -1.625656873964e-03   1.145030896061e-02   1.814616084528e-02   7.127628422102e-03   2.161966071758e-03   1.565948876814e-03   1.859058541033e-03   7.377996607705e-15  -3.457043784160e-02  -5.482383863404e-02  -2.156792223666e-02  -6.556110727553e-03  -3.726361111555e-03   1.558819282450e-05  -4.421056545398e-16
   1.201609681291e-06   2.141895871872e-06  -3.860499486127e-07   3.791287913336e-02  -3.542444118906e-13  -6.374439572991e-06  -4.994590469250e-07   5.945486513025e-02  -2.110162068777e-13  -6.750007334291e-06  -1.063994870204e-06   4.012393959042e-02  -6.180401307976e-16   2.921144719357e-06  -5.072492063080e-07  -2.088962775419e-03   2.722544839986e-13   3.780699373271e-03   4.540217161788e-14   4.613409022534e-03   8.162067080274e-14   2.701515323677e-03   1.627918457390e-02   2.581905672968e-02   1.017731721044e-02   3.087464289240e-03  -9.392518137126e-04   9.088507427440e-04   2.284312658655e-03   1.627918457342e-02   2.581905672825e-02   1.017731720972e-02   3.087464288499e-03  -9.392518135731e-04   9.088507429964e-04  -2.284312658396e-03  -3.264432908346e-02  -5.177782167230e-02  -2.041157538913e-02  -6.192883348499e-03   1.863501817579e-03  -3.068498603526e-03  -8.919215212872e-14   8.867138150391e-05   1.400160758747e-04   5.382988253312e-05   1.570853732835e-05   1.540888224956e-05   2.224056405103e-03  -4.506107931737e-14
  -1.780809478668e-15  -1.626811448956e-15   1.982640842615e-15   3.536659669389e-13   3.791872214384e-02   5.131667279821e-16   4.424833549700e-16   2.101022855906e-13   5.946483658397e-02  -7.268821963874e-16  -2.216669427199e-16  -6.180401307976e-16   4.013491830854e-02  -2.573545363384e-14  -9.221297294274e-16  -2.694257306666e-13  -2.087935069257e-03  -8.181373186836e-14   5.330773354057e-03  -3.983689456786e-14   3.807680472902e-03  -2.262076207365e-14  -2.824897352939e-02  -4.480799873339e-02  -1.766962539153e-02  -5.359177918329e-03   1.629839877895e-03   2.284992956149e-03  -1.736799036195e-03   2.824897352967e-02   4.480799873422e-02   1.766962539195e-02   5.359177918761e-03  -1.629839877975e-03  -2.284992956117e-03  -1.736799036448e-03  -2.768600062537e-13  -8.269948265267e-13  -4.091758812362e-13  -4.183726271450e-13   7.959149699677e-14  -2.024604518051e-13   2.226333262382e-03  -6.640706062176e-16  -3.883484996576e-15   2.664697087288e-15   3.925527366603e-15  -1.152875109896e-15   4.491789549538e-14   2.224790422246e-03
  -7.536344541561e-03  -1.195960924896e-02   3.542166821611e-05   3.540033877482e-06  -2.443562061102e-14   2.860285313510e-02   5.143903866284e-05   5.120979208707e-06  -3.799741903946e-14   1.921049666766e-02   2.956148882918e-05   2.921144719357e-06  -2.573545363384e-14   4.621097982379e-03   5.274778145201e-06   5.458493420057e-07   1.610157478714e-15   3.331198164967e-07  -3.348913415513e-15   1.549636042932e-06  -2.380994417780e-15  -2.426299131340e-06   5.654436077193e-03   7.883230816053e-03  -7.386203063363e-04  -5.145420287823e-04  -4.395040489689e-04  -6.180429923070e-04   1.072212181672e-03   5.654436077157e-03   7.883230815994e-03  -7.386203063582e-04  -5.145420287910e-04  -4.395040489667e-04  -6.180429922968e-04  -1.072212181674e-03   5.650334576069e-03   7.876998063503e-03  -7.406178473545e-04  -5.140833985105e-04  -4.345200764585e-04   1.238810756098e-03   2.641492282564e-15   5.615297416405e-03   7.823470555853e-03  -7.579886150765e-04  -5.105249181462e-04   1.308508700532e-03  -3.239896677736e-06  -1.470404810473e-15
  -1.193327824646e-05  -1.890056016390e-05  -1.976518596026e-03  -5.103900302425e-07  -7.627993052505e-16   4.543405279700e-05  -3.099242729242e-03  -8.065567054830e-07  -1.324017557087e-15   3.168086777428e-05  -2.090545239170e-03  -5.072492063080e-07  -9.221297294274e-16   5.274778145201e-06   1.090890675953e-04   5.663734912410e-08  -8.513793695202e-17  -2.122280085149e-06  -1.516813376417e-16  -1.709115809123e-04  -1.038776695719e-16   2.945420248319e-04  -5.957671041664e-04  -9.457241898153e-04  -3.771746235020e-04  -1.148576000661e-04  -8.161143609205e-05   4.797287323438e-05  -8.327473654740e-05  -5.957671041676e-04  -9.457241898169e-04  -3.771746235025e-04  -1.148576000660e-04  -8.161143609204e-05   4.797287323371e-05   8.327473654779e-05  -5.886621814701e-04  -9.344856543212e-04  -3.727124221687e-04  -1.134787693499e-04  -8.237601694592e-05  -9.513184506247e-05  -4.295160197391e-16   1.812111851063e-03   2.872158496072e-03   1.124260261691e-03   3.413339193091e-04   1.963655745061e-04  -8.495790016448e-07  -2.811724830881e-17
  -1.222824842858e-06  -1.936671897796e-06  -5.078502533635e-07  -1.973848770778e-03  -2.361358515660e-13   4.654861556112e-06  -8.024558781464e-07  -3.095383881676e-03  -3.882490400772e-13   3.255354290702e-06  -5.042034443450e-07  -2.088962775419e-03  -2.694257306666e-13   5.458493420057e-07   5.663734912410e-08   1.087572673515e-04  -1.563321424977e-16  -1.968341704410e-04  -3.815351837021e-14  -2.402326918851e-04  -2.981340676094e-14  -1.405692415640e-04  -8.468478426509e-04  -1.343278420366e-03  -5.300723428681e-04  -1.608504578651e-04   4.881178288228e-05  -4.739748416995e-05  -1.187884933996e-04  -8.468478430051e-04  -1.343278420893e-03  -5.300723430680e-04  -1.608504578984e-04   4.881178289690e-05  -4.739748415240e-05   1.187884934094e-04   1.700246656705e-03   2.696631409831e-03   1.062470765763e-03   3.223105046740e-04  -9.710676479317e-05   1.599155500406e-04  -1.030306192418e-14  -3.281248503949e-06  -5.335561143626e-06  -2.613455818850e-06  -8.026809275901e-07  -5.520345202884e-07  -1.157912346844e-04  -1.259079928296e-14
   3.978117160812e-15   2.992873689795e-15   2.250901167547e-15   2.388226631481e-13  -1.972642105233e-03   1.551785907269e-15   3.668691753780e-15   3.924436840836e-13  -3.093533584317e-03   1.045153207650e-15   2.496467931290e-15   2.722544839986e-13  -2.087935069257e-03   1.610157478714e-15  -8.513793695202e-17  -1.563321424977e-16   1.086204491540e-04   2.990895602082e-14  -2.773223193487e-04   3.357587946840e-14  -1.980866020650e-04   1.915424831326e-14   1.469593685318e-03   2.331042291566e-03   9.192252550454e-04   2.788000073375e-04  -8.478900623199e-05  -1.188719730093e-04   9.035333244416e-05  -1.469593685110e-03  -2.331042291255e-03  -9.192252549284e-04  -2.788000073178e-04   8.478900622354e-05   1.188719730198e-04   9.035333242603e-05  -2.060444978726e-13  -3.066995655386e-13  -1.167903624913e-13  -2.014449942041e-14   8.575562419377e-15  -1.010124216441e-14  -1.158203252999e-04  -1.197463298200e-15  -1.820670155723e-15  -1.151966094807e-15  -5.330066422124e-16   5.721999348880e-18   1.275321563018e-14  -1.157400622730e-04
   1.194201265586e-07   1.826277066146e-07   3.755443154661e-05   3.572361653421e-03  -1.106219146294e-13  -4.848662761999e-07   5.889635463444e-05   5.602167101051e-03  -1.410147226565e-13  -5.807464128206e-07   3.965891933197e-05   3.780699373271e-03  -8.181373186836e-14   3.331198164967e-07  -2.122280085149e-06  -1.968341704410e-04   2.990895602082e-14   3.562778474636e-04  -6.580283737480e-15   4.379502416720e-04  -6.526373350580e-17   2.489493424912e-04   1.545434815176e-03   2.451063798808e-03   9.661084910962e-04   2.930839566171e-04  -8.696422784176e-05   8.470320207221e-05   2.168604555227e-04   1.545434815015e-03   2.451063798490e-03   9.661084909565e-04   2.930839565254e-04  -8.696422782198e-05   8.470320210532e-05  -2.168604554912e-04  -3.064532444317e-03  -4.860738099988e-03  -1.916223550025e-03  -5.813856475764e-04   1.771407422197e-04  -2.872785040846e-04  -1.293189626662e-14  -2.591547941372e-05  -4.116196983570e-05  -1.633505959949e-05  -5.028853892937e-06  -2.237778713450e-06   2.095783940987e-04  -8.778267058596e-15
   7.474736795122e-17  -3.887726160822e-17   7.834969641104e-16   8.995222047104e-14   5.036415225024e-03   4.738423165070e-16   8.744591716607e-16   9.530377547304e-14   7.898198868333e-03   1.694443331106e-16   5.198653192014e-16   4.540217161788e-14   5.330773354057e-03  -3.348913415513e-15  -1.516813376417e-16  -3.815351837021e-14  -2.773223193487e-04  -6.580283737480e-15   7.080404234004e-04  -1.648234053126e-17   5.057411964729e-04  -1.964751932386e-17  -3.752066323183e-03  -5.951458125792e-03  -2.346903200070e-03  -7.118131554900e-04   2.164775053391e-04   3.034958105869e-04  -2.306839633313e-04   3.752066323258e-03   5.951458125961e-03   2.346903200149e-03   7.118131555544e-04  -2.164775053518e-04  -3.034958105806e-04  -2.306839633702e-04  -7.353974447224e-14  -1.681753901262e-13  -7.739806334809e-14  -6.256665906223e-14   1.269916555447e-14  -3.032619405150e-14   2.957045518598e-04  -3.814653519274e-16  -9.975383840189e-16   1.083724054017e-16   4.419180620877e-16  -1.680406565165e-16   8.487397947463e-15   2.954996297761e-04
   2.928231386512e-06   4.956928881040e-06   3.095810875167e-03   4.359233880416e-03  -7.846367124163e-14  -1.325322335448e-05   4.854331647361e-03   6.836146474534e-03  -8.324210254123e-14  -1.100779674228e-05   3.274318638215e-03   4.613409022534e-03  -3.983689456786e-14   1.549636042932e-06  -1.709115809123e-04  -2.402326918851e-04   3.357587946840e-14   4.379502416720e-04  -1.648234053126e-17   7.980516149199e-04   5.636166768317e-15  -1.507768804452e-04   2.816170660572e-03   4.465566032940e-03   1.759220755590e-03   5.337760275359e-04   1.894981011618e-05   2.807440933487e-05   3.952323301393e-04   2.816170660461e-03   4.465566032686e-03   1.759220755472e-03   5.337760274395e-04   1.894981013554e-05   2.807440936964e-05  -3.952323301065e-04  -2.819164949176e-03  -4.472510086976e-03  -1.764241335758e-03  -5.352422829307e-04   3.423593713842e-04  -2.012084334508e-04  -1.185836406490e-14  -2.816568990122e-03  -4.466469077509e-03  -1.756273331335e-03  -5.338656499648e-04  -3.031093032018e-04   2.569993678958e-04  -7.420621547516e-15
  -1.581734001106e-16  -2.105390975024e-16   4.671929811134e-16   1.107313205995e-13   3.597425482581e-03   3.738772690963e-16   4.797768101223e-16   1.409636337084e-13   5.641548721849e-03   1.434722243896e-16   2.727370731683e-16   8.162067080274e-14   3.807680472902e-03  -2.380994417780e-15  -1.038776695719e-16  -2.981340676094e-14  -1.980866020650e-04  -6.526373350580e-17   5.057411964729e-04   5.636166768317e-15   3.612423095584e-04   3.311649271631e-15  -2.680036970778e-03  -4.251025017496e-03  -1.676352921632e-03  -5.084359946444e-04   1.546261893255e-04   2.167818803824e-04  -1.647736199298e-04   2.680036970871e-03   4.251025017681e-03   1.676352921713e-03   5.084359946979e-04  -1.546261893369e-04  -2.167818803757e-04  -1.647736199632e-04  -9.256821329554e-14  -1.836345407699e-13  -8.032672932636e-14  -5.228865695464e-14   1.135090841168e-14  -2.542594649921e-14   2.112167171781e-04  -7.114324579016e-17  -3.954558528580e-16   1.944140202766e-16   3.500157700218e-16  -9.004230590334e-17   8.788982683797e-15   2.110703448294e-04
  -3.957850406717e-06  -6.682173763816e-06  -5.337751411487e-03   2.552559436846e-03  -4.490233083849e-14   1.787382740397e-05  -8.369738378913e-03   4.002901097226e-03  -4.755502508625e-14   1.498171422892e-05  -5.645705084563e-03   2.701515323677e-03  -2.262076207365e-14  -2.426299131340e-06   2.945420248319e-04  -1.405692415640e-04   1.915424831326e-14   2.489493424912e-04  -1.964751932386e-17  -1.507768804452e-04   3.311649271631e-15   9.774047202368e-04  -5.328833228523e-04  -8.434382937266e-04  -3.302835382792e-04  -1.003123590790e-04  -2.820593124644e-04   1.930302325904e-04  -7.491750866368e-05  -5.328833229161e-04  -8.434382938725e-04  -3.302835383468e-04  -1.003123591340e-04  -2.820593124533e-04   1.930302326079e-04   7.491750868393e-05  -3.809348896836e-03  -6.040276323617e-03  -2.378806113731e-03  -7.217487686971e-04  -9.533848700332e-05  -4.681307503489e-04  -8.297383889170e-15   4.879093586370e-03   7.737152386656e-03   3.042462615258e-03   9.246952007922e-04   5.265480968965e-04   1.475381349247e-04  -4.224835073966e-15
  -8.319962655814e-03  -1.387344920183e-02   1.095152844623e-02   1.538323868011e-02  -2.668910323626e-02   3.493484683306e-02   1.716733664463e-02   2.412345432053e-02  -4.185434193935e-02   2.344867826663e-02   1.157333943660e-02   1.627918457390e-02  -2.824897352939e-02   5.654436077193e-03  -5.957671041664e-04  -8.468478426509e-04   1.469593685318e-03   1.545434815176e-03  -3.752066323183e-03   2.816170660572e-03  -2.680036970778e-03  -5.328833228523e-04   3.672871354895e-02   5.692495360626e-02   1.773827834151e-02   5.025343136338e-03  -1.618274569020e-03  -2.264639534592e-03   3.927272509666e-03  -3.037382364710e-03  -6.151291394019e-03  -7.135263253079e-03  -2.518774631764e-03   6.760519431772e-04   9.519463340402e-04  -1.482379530056e-03  -3.040165871774e-03  -6.153295302744e-03  -7.131304431085e-03  -2.517528823429e-03   6.759322120453e-04   8.042755337862e-04  -1.567005292357e-03  -3.057481928343e-03  -6.171480785947e-03  -7.114231131376e-03  -2.505223245035e-03   5.319922252735e-04   9.026990179771e-04  -1.565919363883e-03
  -1.189673806277e-02  -1.958450060308e-02   1.735355392653e-02   2.439788822633e-02  -4.233376135813e-02   4.868399141287e-02   2.720394373167e-02   3.826001189642e-02  -6.638858217818e-02   3.267827309715e-02   1.834070585515e-02   2.581905672968e-02  -4.480799873339e-02   7.883230816053e-03  -9.457241898153e-04  -1.343278420366e-03   2.331042291566e-03   2.451063798808e-03  -5.951458125792e-03   4.465566032940e-03  -4.251025017496e-03  -8.434382937266e-04   5.692495360626e-02   8.843400796480e-02   2.830706299728e-02   8.091337932339e-03  -2.463868271149e-03  -3.446626769899e-03   5.976749685875e-03  -6.151291393471e-03  -1.161636388813e-02  -1.114688810312e-02  -3.875001978946e-03   1.175349959048e-03   1.655462174234e-03  -2.098705713067e-03  -6.152276061107e-03  -1.161416574694e-02  -1.113859685164e-02  -3.872665616188e-03   1.173845186806e-03   9.841472484237e-04  -2.485554778906e-03  -6.161921955513e-03  -1.161523334334e-02  -1.110145763058e-02  -3.852166996729e-03   5.370752118068e-04   1.432491725639e-03  -2.483832299267e-03
   1.445677095258e-03   2.120560906511e-03   6.810925189344e-03   9.616473997674e-03  -1.669393246200e-02  -4.617803868065e-03   1.068041046438e-02   1.508061462072e-02  -2.617973153283e-02  -3.107943616881e-03   7.204917737990e-03   1.017731721044e-02  -1.766962539153e-02  -7.386203063363e-04  -3.771746235020e-04  -5.300723428681e-04   9.192252550454e-04   9.661084910962e-04  -2.346903200070e-03   1.759220755590e-03  -1.676352921632e-03  -3.302835382792e-04   1.773827834151e-02   2.830706299728e-02   1.177649230242e-02   3.618838462167e-03  -6.057449433480e-04  -8.445320407327e-04   1.463929410136e-03  -7.135263252736e-03  -1.114688810292e-02  -3.781813265031e-03  -1.099978479384e-03   8.293475549405e-04   1.167430173720e-03   6.534184027766e-05  -7.130081362016e-03  -1.113741351701e-02  -3.775532895138e-03  -1.099030082647e-03   8.244805030612e-04  -6.433507114992e-04  -9.801558443810e-04  -7.102749468133e-03  -1.109015479069e-02  -3.745202065803e-03  -1.093537334609e-03  -8.774030572685e-04   5.674888735799e-04  -9.794766002512e-04
   8.247884707173e-04   1.322782724856e-03   2.065863114318e-03   2.917273812059e-03  -5.063251327519e-03  -3.200434057062e-03   3.239798007509e-03   4.574914071622e-03  -7.940283737184e-03  -2.150766191528e-03   2.185864739064e-03   3.087464289240e-03  -5.359177918329e-03  -5.145420287823e-04  -1.148576000661e-04  -1.608504578651e-04   2.788000073375e-04   2.930839566171e-04  -7.118131554900e-04   5.337760275359e-04  -5.084359946444e-04  -1.003123590790e-04   5.025343136338e-03   8.091337932339e-03   3.618838462167e-03   1.130146094933e-03  -1.560006424662e-04  -2.173077579114e-04   3.767148589243e-04  -2.518774631230e-03  -3.875001978202e-03  -1.099978479117e-03  -3.010658857073e-04   2.792613315241e-04   3.929181655748e-04   8.711142684891e-05  -2.518024337516e-03  -3.873448233431e-03  -1.098622849635e-03  -3.010118311594e-04   2.775339264833e-04  -2.730030494091e-04  -2.972801879688e-04  -2.509662642960e-03  -3.859127877744e-03  -1.089658764072e-03  -2.999731292536e-04  -3.486533136964e-04   1.723722336847e-04  -2.970741739721e-04
   6.658151112724e-04   1.097113017894e-03   1.466547314859e-03  -8.875440268028e-04   1.539842313720e-03  -2.730297841378e-03   2.299976011019e-03  -1.391798777182e-03   2.414809001284e-03  -1.834124309387e-03   1.551913918892e-03  -9.392518137126e-04   1.629839877895e-03  -4.395040489689e-04  -8.161143609205e-05   4.881178288228e-05  -8.478900623199e-05  -8.696422784176e-05   2.164775053391e-04   1.894981011618e-05   1.546261893255e-04  -2.820593124644e-04  -1.618274569020e-03  -2.463868271149e-03  -6.057449433480e-04  -1.560006424662e-04   1.902970655841e-04   9.409765628258e-05  -1.631513612553e-04   6.760519430864e-04   1.175349958936e-03   8.293475549035e-04   2.792613315374e-04   5.792465075643e-05  -9.148501325751e-05   2.209193227408e-05   6.693547830850e-04   1.164614608404e-03   8.247970412212e-04   2.778267657103e-04   5.859352708239e-05   2.580802646334e-05   9.040922183269e-05  -1.879047896911e-03  -2.876690415288e-03  -7.659406030527e-04  -2.060902036918e-04  -2.697382323040e-04  -5.113084206692e-05   9.034656859898e-05
   9.324537419561e-04   1.536162446416e-03  -8.869959757755e-04   8.586491953611e-04   2.158818720856e-03  -3.821689136123e-03  -1.390284117062e-03   1.346586168230e-03   3.385499172770e-03  -2.565691392034e-03  -9.371205767052e-04   9.088507427440e-04   2.284992956149e-03  -6.180429923070e-04   4.797287323438e-05  -4.739748416995e-05  -1.188719730093e-04   8.470320207221e-05   3.034958105869e-04   2.807440933487e-05   2.167818803824e-04   1.930302325904e-04  -2.264639534592e-03  -3.446626769899e-03  -8.445320407327e-04  -2.173077579114e-04   9.409765628258e-05   2.551050431112e-04  -2.282671685897e-04   9.519463339524e-04   1.655462174104e-03   1.167430173677e-03   3.929181655679e-04  -9.148501325422e-05  -5.077014287681e-06   3.050553202167e-05  -1.761549475663e-03  -2.648578841908e-03  -5.296341691814e-04  -1.219939455333e-04   6.382434565714e-05  -2.783818575936e-04   1.267513685556e-04   5.669760727629e-05   2.345225700287e-04   6.047602733613e-04   2.212636996991e-04  -8.772916631075e-05   5.046747492265e-05   1.266635303607e-04
  -1.617193250890e-03  -2.664160741535e-03   1.538763230974e-03   2.158639616402e-03  -1.640895331284e-03   6.627704117185e-03   2.411879392310e-03   3.385076822376e-03  -2.573282199631e-03   4.449272425063e-03   1.625656873958e-03   2.284312658655e-03  -1.736799036195e-03   1.072212181672e-03  -8.327473654740e-05  -1.187884933996e-04   9.035333244416e-05   2.168604555227e-04  -2.306839633313e-04   3.952323301393e-04  -1.647736199298e-04  -7.491750866368e-05   3.927272509666e-03   5.976749685875e-03   1.463929410136e-03   3.767148589243e-04  -1.631513612553e-04  -2.282671685897e-04   5.193729259706e-04   1.482379530293e-03   2.098705713390e-03  -6.534184015986e-05  -8.711142685656e-05  -2.209193227883e-05  -3.050553201430e-05  -3.690563926502e-04  -8.560742400427e-05  -3.880513651780e-04  -1.045277688533e-03  -3.842543308266e-04   6.862105977776e-05   1.876009043710e-04  -9.634237784616e-05  -9.016846738913e-05  -3.938602142718e-04  -1.043941063211e-03  -3.823162848551e-04   1.536003843832e-04   1.264624257549e-04  -9.627561295853e-05
  -8.319962655813e-03  -1.387344920183e-02   1.095152844623e-02   1.538323868016e-02   2.668910323623e-02   3.493484683306e-02   1.716733664462e-02   2.412345432011e-02   4.185434193960e-02   2.344867826663e-02   1.157333943660e-02   1.627918457342e-02   2.824897352967e-02   5.654436077157e-03  -5.957671041676e-04  -8.468478430051e-04  -1.469593685110e-03   1.545434815015e-03   3.752066323258e-03   2.816170660461e-03   2.680036970871e-03  -5.328833229161e-04  -3.037382364710e-03  -6.151291393471e-03  -7.135263252736e-03  -2.518774631230e-03   6.760519430864e-04   9.519463339524e-04   1.482379530293e-03   3.672871354895e-02   5.692495360626e-02   1.773827834151e-02   5.025343136337e-03  -1.618274569019e-03  -2.264639534480e-03  -3.927272509731e-03  -3.040165871774e-03  -6.153295303290e-03  -7.131304431418e-03  -2.517528823944e-03   6.759322121350e-04   8.042755335377e-04   1.567005292314e-03  -3.057481928343e-03  -6.171480785950e-03  -7.114231131372e-03  -2.505223245029e-03   5.319922252720e-04   9.026990180138e-04   1.565919363861e-03
  -1.189673806277e-02  -1.958450060308e-02   1.735355392652e-02   2.439788822577e-02   4.233376135845e-02   4.868399141286e-02   2.720394373166e-02   3.826001189477e-02   6.638858217914e-02   3.267827309715e-02   1.834070585514e-02   2.581905672825e-02   4.480799873422e-02   7.883230815994e-03  -9.457241898169e-04  -1.343278420893e-03  -2.331042291255e-03   2.451063798490e-03   5.951458125961e-03   4.465566032686e-03   4.251025017681e-03  -8.434382938725e-04  -6.151291394019e-03  -1.161636388813e-02  -1.114688810292e-02  -3.875001978202e-03   1.175349958936e-03   1.655462174104e-03   2.098705713390e-03   5.692495360626e-02   8.843400796480e-02   2.830706299729e-02   8.091337932339e-03  -2.463868271148e-03  -3.446626769761e-03  -5.976749685955e-03  -6.152276060563e-03  -1.161416574695e-02  -1.113859685182e-02  -3.872665616901e-03   1.173845186917e-03   9.841472480805e-04   2.485554778858e-03  -6.161921955512e-03  -1.161523334334e-02  -1.110145763057e-02  -3.852166996719e-03   5.370752118041e-04   1.432491725659e-03   2.483832299255e-03
   1.445677095265e-03   2.120560906515e-03   6.810925189341e-03   9.616473997308e-03   1.669393246222e-02  -4.617803868059e-03   1.068041046438e-02   1.508061461984e-02   2.617973153334e-02  -3.107943616878e-03   7.204917737985e-03   1.017731720972e-02   1.766962539195e-02  -7.386203063582e-04  -3.771746235025e-04  -5.300723430680e-04  -9.192252549284e-04   9.661084909565e-04   2.346903200149e-03   1.759220755472e-03   1.676352921713e-03  -3.302835383468e-04  -7.135263253079e-03  -1.114688810312e-02  -3.781813265031e-03  -1.099978479117e-03   8.293475549035e-04   1.167430173677e-03  -6.534184015986e-05   1.773827834151e-02   2.830706299729e-02   1.177649230242e-02   3.618838462168e-03  -6.057449433481e-04  -8.445320406932e-04  -1.463929410160e-03  -7.130081361676e-03  -1.113741351681e-02  -3.775532895135e-03  -1.099030082905e-03   8.244805030977e-04  -6.433507116226e-04   9.801558443605e-04  -7.102749468130e-03  -1.109015479069e-02  -3.745202065799e-03  -1.093537334605e-03  -8.774030572691e-04   5.674888735797e-04   9.794766002515e-04
   8.247884707012e-04   1.322782724845e-03   2.065863114312e-03   2.917273811453e-03   5.063251327872e-03  -3.200434057073e-03   3.239798007499e-03   4.574914070580e-03   7.940283737791e-03  -2.150766191535e-03   2.185864739057e-03   3.087464288499e-03   5.359177918761e-03  -5.145420287910e-04  -1.148576000660e-04  -1.608504578984e-04  -2.788000073178e-04   2.930839565254e-04   7.118131555544e-04   5.337760274395e-04   5.084359946979e-04  -1.003123591340e-04  -2.518774631764e-03  -3.875001978946e-03  -1.099978479384e-03  -3.010658857073e-04   2.792613315374e-04   3.929181655679e-04  -8.711142685656e-05   5.025343136337e-03   8.091337932339e-03   3.618838462168e-03   1.130146094934e-03  -1.560006424664e-04  -2.173077579286e-04  -3.767148589139e-04  -2.518024336991e-03  -3.873448232702e-03  -1.098622849369e-03  -3.010118311569e-04   2.775339264700e-04  -2.730030494072e-04   2.972801879789e-04  -2.509662642958e-03  -3.859127877742e-03  -1.089658764068e-03  -2.999731292516e-04  -3.486533136969e-04   1.723722336556e-04   2.970741739891e-04
   6.658151112726e-04   1.097113017894e-03   1.466547314860e-03  -8.875440266998e-04  -1.539842313779e-03  -2.730297841378e-03   2.299976011021e-03  -1.391798776993e-03  -2.414809001393e-03  -1.834124309387e-03   1.551913918893e-03  -9.392518135731e-04  -1.629839877975e-03  -4.395040489667e-04  -8.161143609204e-05   4.881178289690e-05   8.478900622354e-05  -8.696422782198e-05  -2.164775053518e-04   1.894981013554e-05  -1.546261893369e-04  -2.820593124533e-04   6.760519431772e-04   1.175349959048e-03   8.293475549405e-04   2.792613315241e-04   5.792465075643e-05  -9.148501325422e-05  -2.209193227883e-05  -1.618274569019e-03  -2.463868271148e-03  -6.057449433481e-04  -1.560006424664e-04   1.902970655842e-04   9.409765628290e-05   1.631513612551e-04   6.693547829944e-04   1.164614608292e-03   8.247970411837e-04   2.778267657228e-04   5.859352708244e-05   2.580802646919e-05  -9.040922183315e-05  -1.879047896912e-03  -2.876690415288e-03  -7.659406030533e-04  -2.060902036923e-04  -2.697382323039e-04  -5.113084206284e-05  -9.034656860131e-05
   9.324537419812e-04   1.536162446428e-03  -8.869959757616e-04   8.586491955592e-04  -2.158818720842e-03  -3.821689136078e-03  -1.390284117040e-03   1.346586168580e-03  -3.385499172732e-03  -2.565691392003e-03  -9.371205766902e-04   9.088507429964e-04  -2.284992956117e-03  -6.180429922968e-04   4.797287323371e-05  -4.739748415240e-05   1.188719730198e-04   8.470320210532e-05  -3.034958105806e-04   2.807440936964e-05  -2.167818803757e-04   1.930302326079e-04   9.519463340402e-04   1.655462174234e-03   1.167430173720e-03   3.929181655748e-04  -9.148501325751e-05  -5.077014287681e-06  -3.050553201430e-05  -2.264639534480e-03  -3.446626769761e-03  -8.445320406932e-04  -2.173077579286e-04   9.409765628290e-05   2.551050431163e-04   2.282671685926e-04  -1.761549475823e-03  -2.648578842121e-03  -5.296341692616e-04  -1.219939455246e-04   6.382434565969e-05  -2.783818575872e-04  -1.267513685593e-04   5.669760727295e-05   2.345225700220e-04   6.047602733522e-04   2.212636996955e-04  -8.772916630985e-05   5.046747493152e-05  -1.266635303609e-04
   1.617193250875e-03   2.664160741528e-03  -1.538763230980e-03  -2.158639616188e-03  -1.640895331483e-03  -6.627704117211e-03  -2.411879392319e-03  -3.385076822011e-03  -2.573282199982e-03  -4.449272425080e-03  -1.625656873964e-03  -2.284312658396e-03  -1.736799036448e-03  -1.072212181674e-03   8.327473654779e-05   1.187884934094e-04   9.035333242603e-05  -2.168604554912e-04  -2.306839633702e-04  -3.952323301065e-04  -1.647736199632e-04   7.491750868393e-05  -1.482379530056e-03  -2.098705713067e-03   6.534184027766e-05   8.711142684891e-05   2.209193227408e-05   3.050553202167e-05  -3.690563926502e-04  -3.927272509731e-03  -5.976749685955e-03  -1.463929410160e-03  -3.767148589139e-04   1.631513612551e-04   2.282671685926e-04   5.193729259654e-04   8.560742381082e-05   3.880513649057e-04   1.045277688436e-03   3.842543308230e-04  -6.862105977248e-05  -1.876009043747e-04  -9.634237785257e-05   9.016846739003e-05   3.938602142744e-04   1.043941063215e-03   3.823162848562e-04  -1.536003843836e-04  -1.264624257444e-04  -9.627561296740e-05
  -8.320901124074e-03  -1.387510458914e-02   1.083445129797e-02  -3.084430923688e-02   2.548133129956e-14   3.494003597126e-02   1.698362768698e-02  -4.837045013697e-02  -2.392929890081e-13   2.345524421345e-02   1.145030896061e-02  -3.264432908346e-02  -2.768600062537e-13   5.650334576069e-03  -5.886621814701e-04   1.700246656705e-03  -2.060444978726e-13  -3.064532444317e-03  -7.353974447224e-14  -2.819164949176e-03  -9.256821329554e-14  -3.809348896836e-03  -3.040165871774e-03  -6.152276061107e-03  -7.130081362016e-03  -2.518024337516e-03   6.693547830850e-04  -1.761549475663e-03  -8.560742400427e-05  -3.040165871774e-03  -6.152276060563e-03  -7.130081361676e-03  -2.518024336991e-03   6.693547829944e-04  -1.761549475823e-03   8.560742381082e-05   3.672730925447e-02   5.692284366709e-02   1.773468618877e-02   5.026856427414e-03  -1.601070968968e-03   4.539837437449e-03   6.432206165465e-14  -3.058872956422e-03  -6.172844913199e-03  -7.112868040908e-03  -2.503983774784e-03   5.246399451741e-04  -1.809163025378e-03   2.111368952250e-14
  -1.189857377664e-02  -1.958775054542e-02   1.716841956557e-02  -4.892295779803e-02  -3.260076441355e-13   4.869390718860e-02   2.691344348183e-02  -7.672152286022e-02  -9.542512593542e-13   3.268981807644e-02   1.814616084528e-02  -5.177782167230e-02  -8.269948265267e-13   7.876998063503e-03  -9.344856543212e-04   2.696631409831e-03  -3.066995655386e-13  -4.860738099988e-03  -1.681753901262e-13  -4.472510086976e-03  -1.836345407699e-13  -6.040276323617e-03  -6.153295302744e-03  -1.161416574694e-02  -1.113741351701e-02  -3.873448233431e-03   1.164614608404e-03  -2.648578841908e-03  -3.880513651780e-04  -6.153295303290e-03  -1.161416574695e-02  -1.113741351681e-02  -3.873448232702e-03   1.164614608292e-03  -2.648578842121e-03   3.880513649057e-04   5.692284366709e-02   8.843071889249e-02   2.830105323884e-02   8.093376451128e-03  -2.437679220481e-03   6.909168424383e-03   7.951698621870e-14  -6.164306449425e-03  -1.161774341334e-02  -1.109965788303e-02  -3.850327723031e-03   5.254360915662e-04  -2.868753463486e-03   1.199827912269e-14
