ARMA_MAT_TXT_FN008
50 50
   1.000000000000e+00   8.784438346368e-01  -1.165622825965e-20   6.222626694691e-21  -1.777143957896e-33   3.291794955376e-01  -2.101539715131e-20   3.523280164541e-24   1.196189225120e-33   1.537612665257e-01   7.014082772015e-21   1.195675769926e-23  -3.979890933888e-34   6.556249676812e-02  -1.077878760347e-21   5.441314261004e-27   7.304710024226e-35   1.261713225117e-41   0.000000000000e+00   0.000000000000e+00   0.000000000000e+00   0.000000000000e+00   1.183170869347e-02   7.429158810972e-02   7.928560437525e-02   4.886986971717e-02  -2.963028220592e-02  -4.150821247940e-02   7.199070267159e-02   1.183170869347e-02   7.429158810972e-02   7.928560437525e-02   4.886986971717e-02  -2.963028220592e-02  -4.150821247947e-02  -7.199070267155e-02   1.182988866435e-02   7.428736738059e-02   7.928408754103e-02   4.886953510402e-02  -2.931086129792e-02   8.320426450775e-02  -3.553460408556e-14   1.181655428460e-02   7.425643106949e-02   7.927296797506e-02   4.886708200565e-02   8.815469903152e-02  -2.313972220908e-04  -1.418056873390e-16
   8.784438346368e-01   1.000000000000e+00  -3.439417947539e-19  -3.814871725041e-20   1.061636388803e-32   4.187995882560e-01   3.674087789698e-22   7.635186582520e-21  -3.451196100809e-33   1.871454501484e-01  -1.091587410739e-22   0.000000000000e+00   6.204956041183e-36   7.831571041382e-02  -1.702086592612e-22   1.792180774933e-23  -1.954010535906e-34   0.000000000000e+00   0.000000000000e+00   0.000000000000e+00   0.000000000000e+00   0.000000000000e+00   1.070888878207e-02   8.902507679530e-02   9.525435829965e-02   5.824189546228e-02  -3.561413764408e-02  -4.989082393234e-02   8.652927353920e-02   1.070888878207e-02   8.902507679530e-02   9.525435829965e-02   5.824189546228e-02  -3.561413764408e-02  -4.989082393241e-02  -8.652927353916e-02   1.070694520191e-02   8.901983205895e-02   9.525251208541e-02   5.824149472226e-02  -3.522991145603e-02   1.000065757733e-01  -4.271048001064e-14   1.069270689633e-02   8.898139046108e-02   9.523897792316e-02   5.823855683843e-02   1.059501317410e-01  -2.781084438420e-04  -1.704314281627e-16
  -1.165622825965e-20  -3.439417947539e-19   1.000000000000e+00   1.876094786789e-38  -4.618350166713e-51  -1.718382283956e-19   6.291202128136e-01   3.238534632189e-39   0.000000000000e+00   9.303555173355e-20   2.202302509580e-01   0.000000000000e+00  -4.375500245133e-52   4.059549962522e-20   5.734990148843e-02  -6.245982534783e-42   0.000000000000e+00   0.000000000000e+00   0.000000000000e+00   6.501700983087e-20  -7.556141701966e-34  -1.126127643833e-19   3.593564987812e-02   5.905800647556e-02   2.238165655297e-02   5.134134177288e-03   4.832859717303e-02  -6.319943160647e-02   1.096113568382e-01   3.593564987812e-02   5.905800647556e-02   2.238165655297e-02   5.134134177288e-03   4.832859717303e-02  -6.319943160656e-02  -1.096113568381e-01   3.554779028950e-02   5.842516661998e-02   2.214256176074e-02   5.079347930234e-03   4.928092113553e-02   1.253362846373e-01  -5.352820890241e-14  -1.069024871078e-01  -1.758024549881e-01  -6.664366294971e-02  -1.528890649987e-02  -3.064194057717e-01   1.049399804389e-03   6.430970052719e-16
   6.222626694691e-21  -3.814871725041e-20   1.876094786789e-38   1.000000000000e+00  -5.332182089400e-52  -1.530190493600e-20   3.238534632189e-39   6.291202128136e-01  -5.294658528542e-53   0.000000000000e+00   0.000000000000e+00   2.202302509580e-01   0.000000000000e+00   1.376332741555e-22  -6.245982534783e-42   5.734990148843e-02   0.000000000000e+00  -1.126127643833e-19  -7.556141701966e-34   0.000000000000e+00   0.000000000000e+00   0.000000000000e+00   5.034122119931e-02   8.273266735568e-02   3.135382070900e-02   7.192261310493e-03  -6.319943160647e-02   4.908699459508e-03   1.535514058953e-01   5.034122119939e-02   8.273266735580e-02   3.135382070905e-02   7.192261310504e-03  -6.319943160656e-02   4.908699459245e-03  -1.535514058955e-01  -1.009089332398e-01  -1.658505687686e-01  -6.285572937943e-02  -1.441866222963e-02   1.253362846373e-01  -2.623561897002e-01   1.519496546646e-13   2.806082809323e-04   4.614637695768e-04   1.749329150452e-04   4.013184245130e-05   1.049399804389e-03   9.336450556548e-02  -1.688064983372e-18
  -1.777143957896e-33   1.061636388803e-32  -4.618350166713e-51  -5.332182089400e-52   1.000000000000e+00  -2.809371659828e-33   0.000000000000e+00  -5.294658528542e-53   6.291202128136e-01  -5.288458836137e-33  -4.375500245133e-52   0.000000000000e+00   2.202302509580e-01  -5.284548438666e-34   0.000000000000e+00   0.000000000000e+00   5.734990148843e-02   0.000000000000e+00   0.000000000000e+00  -8.725080891330e-34  -1.126127643833e-19   0.000000000000e+00  -8.731043017771e-02  -1.434892639568e-01  -5.437920472725e-02  -1.247406030305e-02   1.096113568382e-01   1.535514058953e-01  -1.728723667908e-01   8.731043017766e-02   1.434892639567e-01   5.437920472723e-02   1.247406030305e-02  -1.096113568381e-01  -1.535514058955e-01  -1.728723667906e-01   4.309585587454e-14   7.083091634094e-14   2.684421851718e-14   6.157874921488e-15  -5.352820890241e-14   1.519496546646e-13   9.343387983705e-02   1.719633874214e-16   2.827959058265e-16   1.072030253089e-16   2.459374166885e-17   6.430970052719e-16  -1.688064983372e-18   9.336726013446e-02
   3.291794955376e-01   4.187995882560e-01  -1.718382283956e-19  -1.530190493600e-20  -2.809371659828e-33   1.000000000000e+00   0.000000000000e+00  -1.884641538979e-20   0.000000000000e+00   7.746967835845e-01   0.000000000000e+00   0.000000000000e+00  -3.643430821140e-33   4.100964372946e-01  -1.861072622617e-20  -2.326340778271e-21   1.057897306178e-33   0.000000000000e+00   0.000000000000e+00   0.000000000000e+00   0.000000000000e+00   0.000000000000e+00   1.877010085989e-01   4.260419790163e-01   4.631623174138e-01   3.141246688210e-01  -1.303677448371e-01  -1.826284345033e-01   3.167457363824e-01   1.877010085989e-01   4.260419790163e-01   4.631623174138e-01   3.141246688210e-01  -1.303677448371e-01  -1.826284345036e-01  -3.167457363822e-01   1.876884339865e-01   4.260260161424e-01   4.631547630186e-01   3.141226428920e-01  -1.289701682942e-01   3.661055158801e-01  -1.563551416181e-13   1.875962708805e-01   4.259090048841e-01   4.630993828162e-01   3.141077904836e-01   3.880602136386e-01  -1.018619046136e-03  -6.242338290360e-16
  -2.101539715131e-20   3.674087789698e-22   6.291202128136e-01   3.238534632189e-39   0.000000000000e+00   0.000000000000e+00   1.000000000000e+00   0.000000000000e+00   0.000000000000e+00   0.000000000000e+00   6.534608721805e-01   0.000000000000e+00   0.000000000000e+00  -6.183078245701e-20   2.263653730943e-01   3.507454771640e-40  -1.595005765758e-52   0.000000000000e+00   0.000000000000e+00   0.000000000000e+00   0.000000000000e+00   0.000000000000e+00   1.298639132215e-01   1.648536137938e-01   7.801578639143e-02   2.092207973108e-02   1.951180170335e-01  -1.067222746523e-01   1.850961793824e-01   1.298639132215e-01   1.648536137938e-01   7.801578639143e-02   2.092207973108e-02   1.951180170335e-01  -1.067222746525e-01  -1.850961793823e-01   1.284703540055e-01   1.630894574498e-01   7.718254510358e-02   2.069882726607e-02   1.967230903737e-01   2.116589500441e-01  -9.039460940468e-14  -3.865257892785e-01  -4.907910208004e-01  -2.323042643896e-01  -6.230389883628e-02  -4.041624522950e-01   1.772687477708e-03   1.086344788163e-15
   3.523280164541e-24   7.635186582520e-21   3.238534632189e-39   6.291202128136e-01  -5.294658528542e-53  -1.884641538979e-20   0.000000000000e+00   1.000000000000e+00   0.000000000000e+00   0.000000000000e+00   0.000000000000e+00   6.534608721805e-01   0.000000000000e+00  -7.728847807127e-21   3.507454771640e-40   2.263653730943e-01  -1.993757207197e-53   0.000000000000e+00   0.000000000000e+00   0.000000000000e+00   0.000000000000e+00   0.000000000000e+00   1.819226312440e-01   2.309386991927e-01   1.092900774882e-01   2.930914140315e-02  -1.067222746523e-01   1.217966258221e-01   2.592959287237e-01   1.819226312442e-01   2.309386991930e-01   1.092900774884e-01   2.930914140319e-02  -1.067222746525e-01   1.217966258217e-01  -2.592959287239e-01  -3.646867012004e-01  -4.629593862205e-01  -2.190968335221e-01  -5.875742378710e-02   2.116589500441e-01  -3.295473656649e-01   2.566017052360e-13   1.014591336459e-03   1.288277086621e-03   6.097753386961e-04   1.635414705572e-04   1.772687477708e-03   2.711682752815e-01  -2.851545850367e-18
   1.196189225120e-33  -3.451196100809e-33   0.000000000000e+00  -5.294658528542e-53   6.291202128136e-01   0.000000000000e+00   0.000000000000e+00   0.000000000000e+00   1.000000000000e+00  -6.639428367892e-33   0.000000000000e+00   0.000000000000e+00   6.534608721805e-01   3.514673065696e-33  -1.595005765758e-52  -1.993757207197e-53   2.263653730943e-01   0.000000000000e+00   0.000000000000e+00   0.000000000000e+00   0.000000000000e+00   0.000000000000e+00  -3.155216106118e-01  -4.005337314199e-01  -1.895497060326e-01  -5.083296914702e-02   1.850961793824e-01   2.592959287237e-01  -1.784149314351e-01   3.155216106116e-01   4.005337314197e-01   1.895497060325e-01   5.083296914700e-02  -1.850961793823e-01  -2.592959287239e-01  -1.784149314346e-01   1.557491989034e-13   1.977191745443e-13   9.357115625825e-14   2.509392762155e-14  -9.039460940468e-14   2.566017052360e-13   2.712854480113e-01   6.217655533407e-16   7.894866502755e-16   3.736847410911e-16   1.002220788619e-16   1.086344788163e-15  -2.851545850367e-18   2.711729284079e-01
   1.537612665257e-01   1.871454501484e-01   9.303555173355e-20   0.000000000000e+00  -5.288458836137e-33   7.746967835845e-01   0.000000000000e+00   0.000000000000e+00  -6.639428367892e-33   1.000000000000e+00   0.000000000000e+00   0.000000000000e+00   0.000000000000e+00   7.744077347687e-01   0.000000000000e+00   0.000000000000e+00   0.000000000000e+00   0.000000000000e+00   0.000000000000e+00   0.000000000000e+00  -1.158170807218e-51   0.000000000000e+00   2.666509126298e-01   5.800571311080e-01   7.575131846250e-01   6.301034616786e-01  -7.360810915520e-02  -1.031154888700e-01   1.788406692715e-01   2.666509126298e-01   5.800571311080e-01   7.575131846250e-01   6.301034616786e-01  -7.360810915520e-02  -1.031154888702e-01  -1.788406692714e-01   2.666442258957e-01   5.800458957258e-01   7.575044017081e-01   6.300999609158e-01  -7.282142246242e-02   2.067169857211e-01  -8.828401150849e-14   2.665952081875e-01   5.799635317771e-01   7.574400141214e-01   6.300742961687e-01   2.191666424849e-01  -5.752904020218e-04  -3.525515567610e-16
   7.014082772015e-21  -1.091587410739e-22   2.202302509580e-01   0.000000000000e+00  -4.375500245133e-52   0.000000000000e+00   6.534608721805e-01   0.000000000000e+00   0.000000000000e+00   0.000000000000e+00   1.000000000000e+00   0.000000000000e+00   0.000000000000e+00   0.000000000000e+00   6.530545656898e-01   0.000000000000e+00   0.000000000000e+00   0.000000000000e+00   0.000000000000e+00   5.365325342836e-20   5.282468062506e-33  -9.293016092929e-20   1.258400581827e-01   2.114421036971e-01   1.652877641826e-01   6.588147431861e-02   2.466335960011e-01  -4.554149371017e-02   7.898591476411e-02   1.258400581827e-01   2.114421036971e-01   1.652877641826e-01   6.588147431861e-02   2.466335960011e-01  -4.554149371024e-02  -7.898591476407e-02   1.244949402789e-01   2.091831735362e-01   1.635231927988e-01   6.517853354207e-02   2.473174735533e-01   9.032401160793e-02  -3.857528229948e-14  -3.746811335830e-01  -6.295860467760e-01  -4.921896319185e-01  -1.961900213873e-01  -9.176315248869e-03   7.566659688335e-04   4.637027913603e-16
   1.195675769926e-23   0.000000000000e+00   0.000000000000e+00   2.202302509580e-01   0.000000000000e+00   0.000000000000e+00   0.000000000000e+00   6.534608721805e-01   0.000000000000e+00   0.000000000000e+00   0.000000000000e+00   1.000000000000e+00   0.000000000000e+00   0.000000000000e+00   0.000000000000e+00   6.530545656898e-01   0.000000000000e+00  -9.293016092929e-20   5.282468062506e-33   0.000000000000e+00   0.000000000000e+00   0.000000000000e+00   1.762857281334e-01   2.962031784360e-01   2.315468880200e-01   9.229146774466e-02  -4.554149371017e-02   2.153452291859e-01   1.106491025001e-01   1.762857281336e-01   2.962031784365e-01   2.315468880203e-01   9.229146774480e-02  -4.554149371024e-02   2.153452291857e-01  -1.106491025002e-01  -3.534017590120e-01  -5.938048672325e-01  -4.641906236903e-01  -1.850212414415e-01   9.032401160793e-02   2.273515010215e-02   1.095030254923e-13   9.835003060919e-04   1.652600075681e-03   1.291948300193e-03   5.149790816563e-04   7.566659688335e-04   2.790864415488e-01  -1.217173207728e-18
  -3.979890933888e-34   6.204956041183e-36  -4.375500245133e-52   0.000000000000e+00   2.202302509580e-01  -3.643430821140e-33   0.000000000000e+00   0.000000000000e+00   6.534608721805e-01   0.000000000000e+00   0.000000000000e+00   0.000000000000e+00   1.000000000000e+00   0.000000000000e+00   0.000000000000e+00   0.000000000000e+00   6.530545656898e-01   0.000000000000e+00   0.000000000000e+00   6.099668715746e-33  -9.293016092929e-20   0.000000000000e+00  -3.057451208141e-01  -5.137266501117e-01  -4.015885574029e-01  -1.600677845818e-01   7.898591476411e-02   1.106491025001e-01   8.723623983859e-02   3.057451208140e-01   5.137266501114e-01   4.015885574027e-01   1.600677845818e-01  -7.898591476407e-02  -1.106491025002e-01   8.723623983878e-02   1.509296628475e-13   2.536002329450e-13   1.982450074002e-13   7.901826427936e-14  -3.857528229948e-14   1.095030254923e-13   2.791364505225e-01   6.027122350190e-16   1.012752389640e-15   7.917364567306e-16   3.155913540348e-16   4.637027913603e-16  -1.217173207728e-18   2.790884277209e-01
   6.556249676812e-02   7.831571041382e-02   4.059549962522e-20   1.376332741555e-22  -5.284548438666e-34   4.100964372946e-01  -6.183078245701e-20  -7.728847807127e-21   3.514673065696e-33   7.744077347687e-01   0.000000000000e+00   0.000000000000e+00   0.000000000000e+00   1.000000000000e+00   0.000000000000e+00   0.000000000000e+00   0.000000000000e+00   0.000000000000e+00  -7.271243459299e-53   0.000000000000e+00   0.000000000000e+00   0.000000000000e+00   1.763460958201e-01   4.412994242884e-01   7.692155854958e-01   9.131380488851e-01  -1.710575249807e-02  -2.396295804324e-02   4.156069569313e-02   1.763460958201e-01   4.412994242884e-01   7.692155854958e-01   9.131380488851e-01  -1.710575249807e-02  -2.396295804327e-02  -4.156069569311e-02   1.763446601183e-01   4.412961445126e-01   7.692110385643e-01   9.131345757458e-01  -1.692319711170e-02   4.803960397093e-02  -2.051659632632e-14   1.763341348340e-01   4.412721000505e-01   7.691777042087e-01   9.131091133261e-01   5.093860753051e-02  -1.337087235193e-04  -8.193986630679e-17
  -1.077878760347e-21  -1.702086592612e-22   5.734990148843e-02  -6.245982534783e-42   0.000000000000e+00  -1.861072622617e-20   2.263653730943e-01   3.507454771640e-40  -1.595005765758e-52   0.000000000000e+00   6.530545656898e-01   0.000000000000e+00   0.000000000000e+00   0.000000000000e+00   1.000000000000e+00   0.000000000000e+00   0.000000000000e+00  -3.686465163450e-21   0.000000000000e+00   0.000000000000e+00   1.676410267214e-33   0.000000000000e+00   4.925912128791e-02   1.125295156725e-01   1.560056639142e-01   1.191636239098e-01   1.135920595983e-01  -6.549350746912e-03   1.135901389507e-02   4.925912128791e-02   1.125295156725e-01   1.560056639142e-01   1.191636239098e-01   1.135920595983e-01  -6.549350746922e-03  -1.135901389506e-02   4.873341132032e-02   1.113286417201e-01   1.543410631111e-01   1.178923809557e-01   1.136903375119e-01   1.298975407855e-02  -5.547621520134e-15  -1.466867574935e-01  -3.350991035720e-01  -4.645716305342e-01  -3.548653924728e-01   7.679852085688e-02   1.088306624109e-04   6.669400240545e-17
   5.441314261004e-27   1.792180774933e-23  -6.245982534783e-42   5.734990148843e-02   0.000000000000e+00  -2.326340778271e-21   3.507454771640e-40   2.263653730943e-01  -1.993757207197e-53   0.000000000000e+00   0.000000000000e+00   6.530545656898e-01   0.000000000000e+00   0.000000000000e+00   0.000000000000e+00   1.000000000000e+00   0.000000000000e+00   0.000000000000e+00   1.676410267214e-33   2.128381654476e-21   0.000000000000e+00   3.686465163450e-21   6.900569015028e-02   1.576393709070e-01   2.185438599854e-01   1.669329028556e-01  -6.549350746912e-03   1.090924599612e-01   1.591251676363e-02   6.900569015039e-02   1.576393709072e-01   2.185438599857e-01   1.669329028558e-01  -6.549350746922e-03   1.090924599612e-01  -1.591251676365e-02  -1.383387408731e-01  -3.160268017652e-01  -4.381254617181e-01  -3.346591814136e-01   1.298975407855e-02   8.139251215969e-02   1.574794284134e-14   3.850379908775e-04   8.796014567975e-04   1.219453823209e-03   9.314859779056e-04   1.088306624109e-04   1.182591231079e-01  -1.750650510555e-19
   7.304710024226e-35  -1.954010535906e-34   0.000000000000e+00   0.000000000000e+00   5.734990148843e-02   1.057897306178e-33  -1.595005765758e-52  -1.993757207197e-53   2.263653730943e-01   0.000000000000e+00   0.000000000000e+00   0.000000000000e+00   6.530545656898e-01   0.000000000000e+00   0.000000000000e+00   0.000000000000e+00   1.000000000000e+00   0.000000000000e+00  -3.686465163450e-21   1.935751838097e-33   0.000000000000e+00   0.000000000000e+00  -1.196815720437e-01  -2.734053914254e-01  -3.790364630305e-01  -2.895238377597e-01   1.135901389507e-02   1.591251676363e-02   9.066902592968e-02   1.196815720436e-01   2.734053914253e-01   3.790364630303e-01   2.895238377596e-01  -1.135901389506e-02  -1.591251676365e-02   9.066902592970e-02   5.908125521815e-14   1.349676888269e-13   1.871131836098e-13   1.429251443479e-13  -5.547621520134e-15   1.574794284134e-14   1.182663154661e-01   2.359603821286e-16   5.390405642669e-16   7.473101276493e-16   5.708366252201e-16   6.669400240545e-17  -1.750650510555e-19   1.182594087774e-01
   1.261713225117e-41   0.000000000000e+00   0.000000000000e+00  -1.126127643833e-19   0.000000000000e+00   0.000000000000e+00   0.000000000000e+00   0.000000000000e+00   0.000000000000e+00   0.000000000000e+00   0.000000000000e+00  -9.293016092929e-20   0.000000000000e+00   0.000000000000e+00  -3.686465163450e-21   0.000000000000e+00   0.000000000000e+00   1.000000000000e+00  -1.673150708518e-51   0.000000000000e+00   0.000000000000e+00   0.000000000000e+00   1.125773362429e-01   7.324805461948e-02   1.330698037602e-02   1.310135234133e-03   1.313746436596e-01   5.013787700636e-02   1.543396413999e-01   1.125773362431e-01   7.324805461959e-02   1.330698037604e-02   1.310135234135e-03   1.313746436598e-01   5.013787700609e-02  -1.543396414000e-01  -2.232655643445e-01  -1.452728040193e-01  -2.639236310465e-02  -2.598480247400e-03  -2.660589050645e-01  -2.161802273783e-01   1.511057762659e-13  -1.869554763331e-03  -1.216826575740e-03  -2.211056768513e-04  -2.177079370099e-05  -2.055088554075e-03  -4.140927889415e-01   5.054322533427e-18
   0.000000000000e+00   0.000000000000e+00   0.000000000000e+00  -7.556141701966e-34   0.000000000000e+00   0.000000000000e+00   0.000000000000e+00   0.000000000000e+00   0.000000000000e+00   0.000000000000e+00   0.000000000000e+00   5.282468062506e-33   0.000000000000e+00  -7.271243459299e-53   0.000000000000e+00   1.676410267214e-33  -3.686465163450e-21  -1.673150708518e-51   1.000000000000e+00   0.000000000000e+00   0.000000000000e+00   0.000000000000e+00  -2.735215778472e-01  -1.779658689963e-01  -3.233107471097e-02  -3.183147411306e-03   1.543396413999e-01  -1.218166256759e-01  -1.800901391904e-01   2.735215778475e-01   1.779658689965e-01   3.233107471100e-02   3.183147411309e-03  -1.543396414000e-01   1.218166256752e-01  -1.800901391903e-01  -2.706728183209e-13  -1.761194092099e-13  -3.199640448206e-14  -3.150230417216e-15   1.511057762659e-13  -2.620830112405e-13  -3.906991132058e-01   3.007366608300e-18   1.957387760845e-18   3.556706882891e-19   3.502050824973e-20   5.054322533427e-18   6.661098410307e-16   1.086973588166e-03
   0.000000000000e+00   0.000000000000e+00   6.501700983087e-20   0.000000000000e+00  -8.725080891330e-34   0.000000000000e+00   0.000000000000e+00   0.000000000000e+00   0.000000000000e+00   0.000000000000e+00   5.365325342836e-20   0.000000000000e+00   6.099668715746e-33   0.000000000000e+00   0.000000000000e+00   2.128381654476e-21   1.935751838097e-33   0.000000000000e+00   0.000000000000e+00   1.000000000000e+00  -9.659940119575e-52   0.000000000000e+00   2.051636934467e-01   1.334890478408e-01   2.425096679031e-02   2.387622522614e-03  -1.960922282191e-01  -2.746999781478e-01  -1.090471592002e-01   2.051636934463e-01   1.334890478406e-01   2.425096679026e-02   2.387622522609e-03  -1.960922282189e-01  -2.746999781478e-01   1.090471592007e-01  -2.056612329802e-01  -1.338181464787e-01  -2.431134399656e-02  -2.393591923251e-03   3.534944627128e-02  -1.003458973062e-01   3.318627863313e-13  -2.056069953244e-01  -1.338222666573e-01  -2.431641734076e-02  -2.394274597612e-03  -1.064714941115e-01   2.794769676479e-04   1.325029159258e-15
   0.000000000000e+00   0.000000000000e+00  -7.556141701966e-34   0.000000000000e+00  -1.126127643833e-19   0.000000000000e+00   0.000000000000e+00   0.000000000000e+00   0.000000000000e+00  -1.158170807218e-51   5.282468062506e-33   0.000000000000e+00  -9.293016092929e-20   0.000000000000e+00   1.676410267214e-33   0.000000000000e+00   0.000000000000e+00   0.000000000000e+00   0.000000000000e+00  -9.659940119575e-52   1.000000000000e+00  -1.673150708518e-51  -1.952510372506e-01  -1.270394123573e-01  -2.307926095787e-02  -2.272262534718e-03  -2.278525704997e-01   1.543396413999e-01  -1.285558044534e-01   1.952510372505e-01   1.270394123572e-01   2.307926095786e-02   2.272262534717e-03   2.278525704996e-01  -1.543396414000e-01  -1.285558044532e-01   9.535152412988e-14   6.204263213867e-14   1.127156377566e-14   1.109750411974e-15   1.136275635731e-13   1.511057762659e-13   1.376339011485e-01  -1.145707350489e-15  -7.457000882993e-16  -1.354987851503e-16  -1.334165698616e-17  -1.259406843004e-15   5.054322533427e-18  -4.141010365387e-01
   0.000000000000e+00   0.000000000000e+00  -1.126127643833e-19   0.000000000000e+00   0.000000000000e+00   0.000000000000e+00   0.000000000000e+00   0.000000000000e+00   0.000000000000e+00   0.000000000000e+00  -9.293016092929e-20   0.000000000000e+00   0.000000000000e+00   0.000000000000e+00   0.000000000000e+00   3.686465163450e-21   0.000000000000e+00   0.000000000000e+00   0.000000000000e+00   0.000000000000e+00  -1.673150708518e-51   1.000000000000e+00  -3.867199672748e-02  -2.516180097233e-02  -4.571146544486e-03  -4.500510242811e-04   1.609480207851e-01  -1.643295361401e-01  -5.301797241194e-02  -3.867199672771e-02  -2.516180097248e-02  -4.571146544513e-03  -4.500510242838e-04   1.609480207852e-01  -1.643295361401e-01   5.301797241223e-02  -2.775646159560e-01  -1.806037136754e-01  -3.281108822500e-02  -3.230440726748e-03   2.925870915655e-01  -4.916398432414e-02   1.878552874068e-13   3.561168549002e-01   2.317837709870e-01   4.211668991207e-02   4.146948104191e-03   1.844057897616e-01  -2.657993834730e-03  -9.627583420174e-16
   1.183170869347e-02   1.070888878207e-02   3.593564987812e-02   5.034122119931e-02  -8.731043017771e-02   1.877010085989e-01   1.298639132215e-01   1.819226312440e-01  -3.155216106118e-01   2.666509126298e-01   1.258400581827e-01   1.762857281334e-01  -3.057451208141e-01   1.763460958201e-01   4.925912128791e-02   6.900569015028e-02  -1.196815720437e-01   1.125773362429e-01  -2.735215778472e-01   2.051636934467e-01  -1.952510372506e-01  -3.867199672748e-02   1.000000000000e+00   7.063772200372e-01   3.736639626622e-01   1.837659445759e-01   0.000000000000e+00   1.848605776916e-17   2.763419593333e-16   1.060297578238e-03   3.848432049721e-02   1.282066284630e-01   1.238671596210e-01  -4.842435011388e-17  -7.466398452606e-15  -1.744142086470e-02   1.057702386624e-03   3.844262755497e-02   1.281553748206e-01   1.238488945102e-01   3.820340609871e-05   1.507920755205e-02  -8.703843419281e-03   1.043875203365e-03   3.821951796356e-02   1.278805037031e-01   1.237508607025e-01   1.410350861934e-02   4.938825214783e-03  -8.613829395950e-03
   7.429158810972e-02   8.902507679530e-02   5.905800647556e-02   8.273266735568e-02  -1.434892639568e-01   4.260419790163e-01   1.648536137938e-01   2.309386991927e-01  -4.005337314199e-01   5.800571311080e-01   2.114421036971e-01   2.962031784360e-01  -5.137266501117e-01   4.412994242884e-01   1.125295156725e-01   1.576393709070e-01  -2.734053914254e-01   7.324805461948e-02  -1.779658689963e-01   1.334890478408e-01  -1.270394123573e-01  -2.516180097233e-02   7.063772200372e-01   1.000000000000e+00   7.889632276872e-01   4.631805400595e-01   1.694117641212e-16   1.694117641212e-16  -3.388235282423e-16   3.848432049721e-02   1.592355135157e-01   3.269467075750e-01   3.213437340632e-01  -3.268287654016e-16  -5.124675041497e-14  -1.197672195519e-01   3.844262755497e-02   1.591261698551e-01   3.268390488691e-01   3.212998144095e-01   2.625929409220e-04   1.036476550712e-01  -5.982628446501e-02   3.821951796356e-02   1.585402998670e-01   3.262615499096e-01   3.210640776062e-01   9.745170059092e-02   3.412604119248e-02  -5.951939661912e-02
   7.928560437525e-02   9.525435829965e-02   2.238165655297e-02   3.135382070900e-02  -5.437920472725e-02   4.631623174138e-01   7.801578639143e-02   1.092900774882e-01  -1.895497060326e-01   7.575131846250e-01   1.652877641826e-01   2.315468880200e-01  -4.015885574029e-01   7.692155854958e-01   1.560056639142e-01   2.185438599854e-01  -3.790364630305e-01   1.330698037602e-02  -3.233107471097e-02   2.425096679031e-02  -2.307926095787e-02  -4.571146544486e-03   3.736639626622e-01   7.889632276872e-01   1.000000000000e+00   8.208664008791e-01   1.010168735038e-16   0.000000000000e+00   0.000000000000e+00   1.282066284630e-01   3.269467075750e-01   5.602659860568e-01   6.077165031329e-01  -3.645952347413e-16  -5.687685661964e-14  -1.328735765692e-01   1.281553748206e-01   3.268390488691e-01   5.601446501203e-01   6.076481990728e-01   2.914970620929e-04   1.150563561991e-01  -6.641148119311e-02   1.278805037031e-01   3.262615499096e-01   5.594935505374e-01   6.072815516908e-01   1.085139487227e-01   3.799986518055e-02  -6.627575212718e-02
   4.886986971717e-02   5.824189546228e-02   5.134134177288e-03   7.192261310493e-03  -1.247406030305e-02   3.141246688210e-01   2.092207973108e-02   2.930914140315e-02  -5.083296914702e-02   6.301034616786e-01   6.588147431861e-02   9.229146774466e-02  -1.600677845818e-01   9.131380488851e-01   1.191636239098e-01   1.669329028556e-01  -2.895238377597e-01   1.310135234133e-03  -3.183147411306e-03   2.387622522614e-03  -2.272262534718e-03  -4.500510242811e-04   1.837659445759e-01   4.631805400595e-01   8.208664008791e-01   1.000000000000e+00   0.000000000000e+00   0.000000000000e+00   0.000000000000e+00   1.238671596210e-01   3.213437340632e-01   6.077165031329e-01   8.162786562745e-01  -1.411619327097e-16  -2.092725652422e-14  -4.889208433363e-02   1.238488945102e-01   3.212998144095e-01   6.076481990728e-01   8.162167089014e-01   1.072844234233e-04   4.234606945051e-02  -2.444250181232e-02   1.237508607025e-01   3.210640776062e-01   6.072815516908e-01   8.158841447318e-01   3.998883904164e-02   1.400345771392e-02  -2.442349960879e-02
  -2.963028220592e-02  -3.561413764408e-02   4.832859717303e-02  -6.319943160647e-02   1.096113568382e-01  -1.303677448371e-01   1.951180170335e-01  -1.067222746523e-01   1.850961793824e-01  -7.360810915520e-02   2.466335960011e-01  -4.554149371017e-02   7.898591476411e-02  -1.710575249807e-02   1.135920595983e-01  -6.549350746912e-03   1.135901389507e-02   1.313746436596e-01   1.543396413999e-01  -1.960922282191e-01  -2.278525704997e-01   1.609480207851e-01   0.000000000000e+00   1.694117641212e-16   1.010168735038e-16   0.000000000000e+00   1.000000000000e+00   0.000000000000e+00   0.000000000000e+00   4.749292061127e-17   3.399019160177e-16   4.010547582154e-16   1.411619327097e-16   1.456467680356e-02  -1.429770050742e-28  -3.339622822056e-16  -3.820340609871e-05  -2.625929409220e-04  -2.914970620929e-04  -1.072844234233e-04   1.454107436286e-02  -2.338279223353e-04   1.349674123151e-04  -1.410350861934e-02  -9.745170059092e-02  -1.085139487227e-01  -3.998883904164e-02  -6.731710063103e-02  -2.862259186386e-02   4.992080352373e-02
  -4.150821247940e-02  -4.989082393234e-02  -6.319943160647e-02   4.908699459508e-03   1.535514058953e-01  -1.826284345033e-01  -1.067222746523e-01   1.217966258221e-01   2.592959287237e-01  -1.031154888700e-01  -4.554149371017e-02   2.153452291859e-01   1.106491025001e-01  -2.396295804324e-02  -6.549350746912e-03   1.090924599612e-01   1.591251676363e-02   5.013787700636e-02  -1.218166256759e-01  -2.746999781478e-01   1.543396413999e-01  -1.643295361401e-01   1.848605776916e-17   1.694117641212e-16   0.000000000000e+00   0.000000000000e+00   0.000000000000e+00   1.000000000000e+00   0.000000000000e+00   7.466410637113e-15   5.128596986682e-14   5.691331614311e-14   2.096254700740e-14  -1.464190091779e-28   1.456467680356e-02  -5.272531348091e-14  -1.507920755205e-02  -1.036476550712e-01  -1.150563561991e-01  -4.234606945051e-02  -2.338279223353e-04  -7.775219214055e-02   5.327277933815e-02  -4.938825214783e-03  -3.412604119248e-02  -3.799986518055e-02  -1.400345771392e-02  -2.862259186386e-02   4.395549854756e-03   1.748147427990e-02
   7.199070267159e-02   8.652927353920e-02   1.096113568382e-01   1.535514058953e-01  -1.728723667908e-01   3.167457363824e-01   1.850961793824e-01   2.592959287237e-01  -1.784149314351e-01   1.788406692715e-01   7.898591476411e-02   1.106491025001e-01   8.723623983859e-02   4.156069569313e-02   1.135901389507e-02   1.591251676363e-02   9.066902592968e-02   1.543396413999e-01  -1.800901391904e-01  -1.090471592002e-01  -1.285558044534e-01  -5.301797241194e-02   2.763419593333e-16  -3.388235282423e-16   0.000000000000e+00   0.000000000000e+00   0.000000000000e+00   0.000000000000e+00   1.000000000000e+00   1.744142086470e-02   1.197672195519e-01   1.328735765692e-01   4.889208433363e-02  -3.421077037229e-16  -5.274160432394e-14  -1.086279060742e-01   8.703843419281e-03   5.982628446501e-02   6.641148119311e-02   2.444250181232e-02   1.349674123151e-04   5.327277933815e-02  -1.620782243730e-02   8.613829395950e-03   5.951939661912e-02   6.627575212718e-02   2.442349960879e-02   4.992080352373e-02   1.748147427990e-02  -1.607079750910e-02
   1.183170869347e-02   1.070888878207e-02   3.593564987812e-02   5.034122119939e-02   8.731043017766e-02   1.877010085989e-01   1.298639132215e-01   1.819226312442e-01   3.155216106116e-01   2.666509126298e-01   1.258400581827e-01   1.762857281336e-01   3.057451208140e-01   1.763460958201e-01   4.925912128791e-02   6.900569015039e-02   1.196815720436e-01   1.125773362431e-01   2.735215778475e-01   2.051636934463e-01   1.952510372505e-01  -3.867199672771e-02   1.060297578238e-03   3.848432049721e-02   1.282066284630e-01   1.238671596210e-01   4.749292061127e-17   7.466410637113e-15   1.744142086470e-02   1.000000000000e+00   7.063772200372e-01   3.736639626622e-01   1.837659445759e-01  -1.581976499528e-16   2.002667028614e-17   0.000000000000e+00   1.057702386624e-03   3.844262755497e-02   1.281553748206e-01   1.238488945102e-01   3.820340609876e-05   1.507920755206e-02   8.703843419268e-03   1.043875203365e-03   3.821951796356e-02   1.278805037031e-01   1.237508607025e-01   1.410350861934e-02   4.938825214790e-03   8.613829395946e-03
   7.429158810972e-02   8.902507679530e-02   5.905800647556e-02   8.273266735580e-02   1.434892639567e-01   4.260419790163e-01   1.648536137938e-01   2.309386991930e-01   4.005337314197e-01   5.800571311080e-01   2.114421036971e-01   2.962031784365e-01   5.137266501114e-01   4.412994242884e-01   1.125295156725e-01   1.576393709072e-01   2.734053914253e-01   7.324805461959e-02   1.779658689965e-01   1.334890478406e-01   1.270394123572e-01  -2.516180097248e-02   3.848432049721e-02   1.592355135157e-01   3.269467075750e-01   3.213437340632e-01   3.399019160177e-16   5.128596986682e-14   1.197672195519e-01   7.063772200372e-01   1.000000000000e+00   7.889632276872e-01   4.631805400595e-01   0.000000000000e+00   1.694117641212e-16   0.000000000000e+00   3.844262755497e-02   1.591261698551e-01   3.268390488691e-01   3.212998144095e-01   2.625929409223e-04   1.036476550713e-01   5.982628446492e-02   3.821951796356e-02   1.585402998670e-01   3.262615499096e-01   3.210640776062e-01   9.745170059092e-02   3.412604119253e-02   5.951939661909e-02
   7.928560437525e-02   9.525435829965e-02   2.238165655297e-02   3.135382070905e-02   5.437920472723e-02   4.631623174138e-01   7.801578639143e-02   1.092900774884e-01   1.895497060325e-01   7.575131846250e-01   1.652877641826e-01   2.315468880203e-01   4.015885574027e-01   7.692155854958e-01   1.560056639142e-01   2.185438599857e-01   3.790364630303e-01   1.330698037604e-02   3.233107471100e-02   2.425096679026e-02   2.307926095786e-02  -4.571146544513e-03   1.282066284630e-01   3.269467075750e-01   5.602659860568e-01   6.077165031329e-01   4.010547582154e-16   5.691331614311e-14   1.328735765692e-01   3.736639626622e-01   7.889632276872e-01   1.000000000000e+00   8.208664008791e-01   1.010168735038e-16   1.010168735038e-16   0.000000000000e+00   1.281553748206e-01   3.268390488691e-01   5.601446501203e-01   6.076481990728e-01   2.914970620933e-04   1.150563561991e-01   6.641148119301e-02   1.278805037031e-01   3.262615499096e-01   5.594935505374e-01   6.072815516908e-01   1.085139487227e-01   3.799986518061e-02   6.627575212714e-02
   4.886986971717e-02   5.824189546228e-02   5.134134177288e-03   7.192261310504e-03   1.247406030305e-02   3.141246688210e-01   2.092207973108e-02   2.930914140319e-02   5.083296914700e-02   6.301034616786e-01   6.588147431861e-02   9.229146774480e-02   1.600677845818e-01   9.131380488851e-01   1.191636239098e-01   1.669329028558e-01   2.895238377596e-01   1.310135234135e-03   3.183147411309e-03   2.387622522609e-03   2.272262534717e-03  -4.500510242838e-04   1.238671596210e-01   3.213437340632e-01   6.077165031329e-01   8.162786562745e-01   1.411619327097e-16   2.096254700740e-14   4.889208433363e-02   1.837659445759e-01   4.631805400595e-01   8.208664008791e-01   1.000000000000e+00   0.000000000000e+00   5.198820882407e-17   0.000000000000e+00   1.238488945102e-01   3.212998144095e-01   6.076481990728e-01   8.162167089014e-01   1.072844234235e-04   4.234606945053e-02   2.444250181228e-02   1.237508607025e-01   3.210640776062e-01   6.072815516908e-01   8.158841447318e-01   3.998883904164e-02   1.400345771394e-02   2.442349960877e-02
  -2.963028220592e-02  -3.561413764408e-02   4.832859717303e-02  -6.319943160656e-02  -1.096113568381e-01  -1.303677448371e-01   1.951180170335e-01  -1.067222746525e-01  -1.850961793823e-01  -7.360810915520e-02   2.466335960011e-01  -4.554149371024e-02  -7.898591476407e-02  -1.710575249807e-02   1.135920595983e-01  -6.549350746922e-03  -1.135901389506e-02   1.313746436598e-01  -1.543396414000e-01  -1.960922282189e-01   2.278525704996e-01   1.609480207852e-01  -4.842435011388e-17  -3.268287654016e-16  -3.645952347413e-16  -1.411619327097e-16   1.456467680356e-02  -1.464190091779e-28  -3.421077037229e-16  -1.581976499528e-16   0.000000000000e+00   1.010168735038e-16   0.000000000000e+00   1.000000000000e+00   0.000000000000e+00   0.000000000000e+00  -3.820340609876e-05  -2.625929409223e-04  -2.914970620933e-04  -1.072844234235e-04   1.454107436286e-02  -2.338279223357e-04  -1.349674123150e-04  -1.410350861934e-02  -9.745170059092e-02  -1.085139487227e-01  -3.998883904164e-02  -6.731710063103e-02  -2.862259186390e-02  -4.992080352371e-02
  -4.150821247947e-02  -4.989082393241e-02  -6.319943160656e-02   4.908699459245e-03  -1.535514058955e-01  -1.826284345036e-01  -1.067222746525e-01   1.217966258217e-01  -2.592959287239e-01  -1.031154888702e-01  -4.554149371024e-02   2.153452291857e-01  -1.106491025002e-01  -2.396295804327e-02  -6.549350746922e-03   1.090924599612e-01  -1.591251676365e-02   5.013787700609e-02   1.218166256752e-01  -2.746999781478e-01  -1.543396414000e-01  -1.643295361401e-01  -7.466398452606e-15  -5.124675041497e-14  -5.687685661964e-14  -2.092725652422e-14  -1.429770050742e-28   1.456467680356e-02  -5.274160432394e-14   2.002667028614e-17   1.694117641212e-16   1.010168735038e-16   5.198820882407e-17   0.000000000000e+00   1.000000000000e+00   0.000000000000e+00  -1.507920755206e-02  -1.036476550713e-01  -1.150563561991e-01  -4.234606945053e-02  -2.338279223357e-04  -7.775219214065e-02  -5.327277933810e-02  -4.938825214790e-03  -3.412604119253e-02  -3.799986518061e-02  -1.400345771394e-02  -2.862259186390e-02   4.395549854726e-03  -1.748147427991e-02
  -7.199070267155e-02  -8.652927353916e-02  -1.096113568381e-01  -1.535514058955e-01  -1.728723667906e-01  -3.167457363822e-01  -1.850961793823e-01  -2.592959287239e-01  -1.784149314346e-01  -1.788406692714e-01  -7.898591476407e-02  -1.106491025002e-01   8.723623983878e-02  -4.156069569311e-02  -1.135901389506e-02  -1.591251676365e-02   9.066902592970e-02  -1.543396414000e-01  -1.800901391903e-01   1.090471592007e-01  -1.285558044532e-01   5.301797241223e-02  -1.744142086470e-02  -1.197672195519e-01  -1.328735765692e-01  -4.889208433363e-02  -3.339622822056e-16  -5.272531348091e-14  -1.086279060742e-01   0.000000000000e+00   0.000000000000e+00   0.000000000000e+00   0.000000000000e+00   0.000000000000e+00   0.000000000000e+00   1.000000000000e+00  -8.703843419268e-03  -5.982628446492e-02  -6.641148119301e-02  -2.444250181228e-02  -1.349674123151e-04  -5.327277933810e-02  -1.620782243721e-02  -8.613829395946e-03  -5.951939661909e-02  -6.627575212714e-02  -2.442349960877e-02  -4.992080352371e-02  -1.748147427991e-02  -1.607079750907e-02
   1.182988866435e-02   1.070694520191e-02   3.554779028950e-02  -1.009089332398e-01   4.309585587454e-14   1.876884339865e-01   1.284703540055e-01  -3.646867012004e-01   1.557491989034e-13   2.666442258957e-01   1.244949402789e-01  -3.534017590120e-01   1.509296628475e-13   1.763446601183e-01   4.873341132032e-02  -1.383387408731e-01   5.908125521815e-14  -2.232655643445e-01  -2.706728183209e-13  -2.056612329802e-01   9.535152412988e-14  -2.775646159560e-01   1.057702386624e-03   3.844262755497e-02   1.281553748206e-01   1.238488945102e-01  -3.820340609871e-05  -1.507920755205e-02   8.703843419281e-03   1.057702386624e-03   3.844262755497e-02   1.281553748206e-01   1.238488945102e-01  -3.820340609876e-05  -1.507920755206e-02  -8.703843419268e-03   1.000000000000e+00   7.063772200372e-01   3.736639626622e-01   1.837659445759e-01   0.000000000000e+00  -3.851272805530e-17  -1.445805139258e-28   1.043094805983e-03   3.820687671199e-02   1.278648993015e-01   1.237452913448e-01   1.405739243120e-02  -9.978537836447e-03   4.232798212323e-15
   7.428736738059e-02   8.901983205895e-02   5.842516661998e-02  -1.658505687686e-01   7.083091634094e-14   4.260260161424e-01   1.630894574498e-01  -4.629593862205e-01   1.977191745443e-13   5.800458957258e-01   2.091831735362e-01  -5.938048672325e-01   2.536002329450e-13   4.412961445126e-01   1.113286417201e-01  -3.160268017652e-01   1.349676888269e-13  -1.452728040193e-01  -1.761194092099e-13  -1.338181464787e-01   6.204263213867e-14  -1.806037136754e-01   3.844262755497e-02   1.591261698551e-01   3.268390488691e-01   3.212998144095e-01  -2.625929409220e-04  -1.036476550712e-01   5.982628446501e-02   3.844262755497e-02   1.591261698551e-01   3.268390488691e-01   3.212998144095e-01  -2.625929409223e-04  -1.036476550713e-01  -5.982628446492e-02   7.063772200372e-01   1.000000000000e+00   7.889632276872e-01   4.631805400595e-01   3.388235282423e-16  -6.776470564846e-16   1.540791018862e-28   3.820687671199e-02   1.585070671766e-01   3.262287587867e-01   3.210506848511e-01   9.716205094994e-02  -6.896977561205e-02   2.925630465104e-14
