ARMA_MAT_TXT_FN008
72 72
  -1.758512703569e+01  -2.200626991433e+01   1.532960730015e-02  -2.809887470953e-02  -2.732275747466e-07  -8.145259118078e+00   6.584141756546e-03  -1.276898189955e-02  -1.092905966665e-07  -3.530002215855e+00   2.481283781636e-03  -5.263262999669e-03  -3.487486781056e-08  -1.596008391331e+00   6.419613804630e-04  -1.989084440532e-03  -7.770217808095e-09   8.524552807184e-05   2.198455367951e-08  -1.162048808751e-03  -3.866718536891e-09   1.070915755440e-03  -3.006594447775e-01  -1.502415457218e+00  -1.320956628209e+00  -7.569378020876e-01   9.146888335397e-01   1.973371426203e+00   1.119263272316e-05  -3.202143352912e-04  -2.285830637573e-04  -1.264580920896e-02   1.187617999010e-03   9.077888265604e-09  -2.070996247119e-01  -7.126449577918e-01   7.148498735247e-02   3.937884643025e-07  -8.435944905927e-01  -1.686746055216e+00   1.693590562597e-01   9.225707947077e-07  -7.181317653649e-01  -7.996009718923e-01   8.015390746853e-02   4.374360907086e-07   1.493189545322e-01  -1.123734785130e-07   4.339504212759e-01   8.007359160581e-07  -7.367245010010e-01  -1.192031469291e-04  -4.510830803377e-02  -4.200432532544e-01  -5.045240650597e-01  -2.951838218861e-03  -1.386455036982e-03  -2.842770337596e-07   7.812299503481e-05  -3.371149010616e-02  -3.817627958013e-01  -4.877757787140e-01  -1.879066316015e-03   6.484155939300e-04   8.683281939373e-04   7.813852910983e-05  -3.371045740065e-02  -3.817589562331e-01  -4.877740487771e-01  -1.878972716276e-03   6.486865744464e-04  -8.681116291107e-04
  -2.200626991433e+01  -1.651634878039e+01   1.457271019233e-02  -2.659107658864e-02  -2.648416069513e-07  -7.391435771815e+00   3.329034471953e-03  -6.789660208289e-03  -5.543026775815e-08  -3.318636623023e+00   5.115217904721e-04  -2.160416270107e-03  -9.033880126336e-09  -1.512453844719e+00  -5.151333633822e-04  -7.210432286326e-04   6.103524243929e-10   8.271400766232e-04   5.115494462044e-08  -3.024953911962e-03   1.368008458253e-09   1.466242731752e-03  -3.007574350961e-01  -1.422192895543e+00  -1.251771513235e+00  -7.189144958866e-01   8.680509366181e-01   1.875295787527e+00   1.064405756394e-05  -2.529186946194e-04  -2.481296040236e-04  -1.208007809734e-02   1.107967314080e-03   1.847050830021e-09  -2.006865228779e-01  -6.859481246985e-01   6.903907364570e-02   3.719798280014e-07  -7.998891872302e-01  -1.594192235199e+00   1.606379089638e-01   8.706988291805e-07  -6.816986621857e-01  -7.587998266362e-01   7.641941013930e-02   4.158675076640e-07   1.451342769305e-01  -7.202061663319e-08   4.196112595187e-01   7.830457104022e-07  -7.124216499203e-01   2.374684057492e-04  -4.350823682619e-02  -3.991030215920e-01  -4.792246064036e-01  -3.060682252495e-03  -1.176865308551e-03  -2.502108166079e-07   2.469584387079e-04  -3.251660183429e-02  -3.625896867662e-01  -4.631973496838e-01  -1.891075071160e-03   5.474432788132e-04   6.973298885861e-04   2.469450028173e-04  -3.251560338278e-02  -3.625860027659e-01  -4.631956824757e-01  -1.890964857592e-03   5.476512833165e-04  -6.971479844395e-04
   1.532960730015e-02   1.457271019233e-02   1.695351500218e+00   1.812363550530e-02   5.996250537372e-08   2.039656111193e-03  -8.186981021699e-01   1.222013525246e-02   4.509241649312e-08   2.277189304616e-03  -7.527403101524e-01   5.322985004526e-03   5.485898827563e-08  -6.219614684102e-03  -2.897136567381e-01   9.885964081424e-04   5.143576401143e-08  -5.557604443363e-02  -1.383139720946e-07  -2.049259961801e-02  -4.401230775312e-07   6.600239757390e-02  -2.109013431641e-01  -1.885971918219e-01  -7.046518367907e-02  -2.391509221414e-02  -1.727692261765e-01   2.988729618322e-01   1.729760407658e-06   4.840801940596e-03   6.042901621107e-03   1.692914705388e-01  -1.559710933404e-02   2.338370981189e-08   2.238131602921e-01   4.427097181843e-01  -4.863862393418e-02  -1.167640709457e-07   1.979423160875e-01   1.718801773492e-01  -3.118284135639e-02  -5.552514485746e-08   4.786863140053e-02  -4.024631406252e-02  -5.380940774745e-03   2.456835549588e-08  -7.977856506598e-02   4.838479287241e-07  -2.005467515431e-01  -3.599476912301e-07   3.373749141040e-01  -2.647303794408e-03   4.732989709553e-02   9.180020759668e-02   3.468674214919e-02   3.709570492017e-02   9.763372392539e-03   2.233234827548e-06  -5.499399096309e-03   3.562651737561e-02   8.206121927152e-02   3.214942838056e-02   2.971893755493e-02  -5.859217060288e-03  -6.539104273369e-03  -5.499792284991e-03   3.562504349314e-02   8.205948605850e-02   3.214880144390e-02   2.971816579938e-02  -5.861285004883e-03   6.537499283533e-03
  -2.809887470953e-02  -2.659107658864e-02   1.812363550530e-02   1.652544056233e+00   8.007624367040e-07  -1.268140584399e-02   1.236720961862e-02  -8.579339553758e-01   7.116086068413e-07  -1.662310619428e-02   5.431845594411e-03  -7.781580717421e-01   3.493178229107e-07  -1.429667507660e-02   4.540609507880e-04  -3.150333926643e-01   9.412321984256e-08  -1.503773672357e-02  -9.595965339721e-07   4.770623480529e-02  -2.027804916390e-07   5.720089113984e-02  -4.651193155546e-01  -4.304217075998e-01  -1.660427440987e-01  -4.504398914579e-02   3.180784861545e-01   3.386772221052e-01   3.797831547184e-06  -5.341819735861e-04  -8.045164136052e-04  -2.108810451416e-02  -1.109011419762e-02  -1.076672412742e-07  -2.502101128677e-02  -6.101567513463e-02  -9.920383936514e-02  -8.036224390313e-08  -2.767628541097e-02  -5.169301484876e-02  -1.930666884690e-01  -2.573714205452e-08  -1.344066126046e-02  -1.695483700823e-02  -1.120554202588e-01  -2.635532868847e-08  -1.984870936458e-01  -2.442893931699e-06   2.719197129545e-02   9.221324396531e-08  -7.273370129321e-02  -5.905406337103e-03   1.743492169215e-02   4.288578581361e-02   1.765142902650e-02   1.219552196481e-02   2.866039930945e-03   1.023266162145e-06   4.193174717666e-03  -1.175758339125e-02  -3.671548478608e-02  -2.178312206097e-02  -1.002674349542e-02   4.894933842818e-04   2.872822349687e-03   4.195351915656e-03  -1.176262859082e-02  -3.673129824449e-02  -2.179115107844e-02  -1.003051762905e-02   4.913335153308e-04  -2.873603562273e-03
  -2.732275747466e-07  -2.648416069513e-07   5.996250537372e-08   8.007624367040e-07   1.580869026048e+00  -5.689922596752e-08   4.904892727942e-08   7.118259634848e-07  -9.104263683293e-01  -1.280721319071e-07   7.186765304406e-08   3.964290298076e-07  -7.988355778066e-01  -1.718432531251e-07   4.792394483222e-08   1.685382657534e-07  -3.215616268513e-01  -3.381504752199e-07  -3.489813548438e-02   2.094617091093e-07   1.768994234592e-02   3.437336895959e-07  -2.831134100743e-06  -2.656822873206e-06  -1.136623605398e-06  -3.602058711815e-07   1.887360437615e-06   3.608725411253e-06  -3.495862466316e-01  -3.450891465128e-09  -7.914004565351e-09  -1.344347482290e-07   1.553682237358e-07  -1.531060650345e-02  -1.788724964274e-07  -3.389711487770e-07   2.843172136789e-07  -1.134842864084e-01  -2.157637032225e-07  -3.296780947614e-07   2.488267362739e-07  -2.058271468603e-01  -1.482224095539e-07  -1.516826453502e-07   8.135536639008e-08  -1.155964076479e-01   6.024162590645e-08   2.895654823669e-02   3.442179656260e-06  -2.285798679761e-01   1.641637529021e-06  -1.709363724900e-06   3.865357014071e-06   1.004040656476e-05   4.745432268010e-06   3.723966587029e-06   1.307469770823e-06  -3.232986295502e-03   8.789312340058e-03  -1.408331747379e-02  -4.592012750010e-02  -2.312763428298e-02  -1.346492391654e-02   3.834409260017e-03   2.698846534801e-03  -8.787542512337e-03   1.408012824261e-02   4.591059384560e-02   2.312282788124e-02   1.346176543981e-02  -3.835098260418e-03   2.696901209482e-03
  -8.145259118078e+00  -7.391435771815e+00   2.039656111193e-03  -1.268140584399e-02  -5.689922596752e-08  -3.883940166043e+00   2.510435622462e-02  -6.443939606730e-02  -3.425134384964e-07  -2.485443238584e+00   2.251841413018e-02  -5.476785758206e-02  -2.773202738834e-07  -1.414562932691e+00  -1.273240704794e-03  -2.060299682942e-02  -1.019769488174e-07  -4.123154985449e-02  -4.742510662924e-07   6.225281275169e-02  -1.863461062355e-07  -5.177615748227e-03  -6.023484451236e-01  -1.287785824580e+00  -1.190877805121e+00  -7.374715439487e-01   5.615535351491e-01   1.214539782496e+00   6.921404440525e-06  -3.373716977806e-02  -3.704255874808e-02  -2.049169704673e-01   1.938692089661e-02  -3.962452423446e-08  -3.610676854358e-01  -7.690684657002e-01   7.533188246345e-02   2.533252542504e-07  -7.932985102953e-01  -1.358229969119e+00   1.272706096691e-01   6.168320289871e-07  -6.920688731147e-01  -7.374611187683e-01   6.732064432395e-02   3.549939645286e-07   1.218650329086e-01   4.623924162391e-07   3.471751063515e-01   6.887449909710e-07  -5.900181764895e-01   1.019086745106e-04  -9.760003486071e-02  -4.211740237596e-01  -4.943899772174e-01  -5.762924910114e-02  -2.248325945381e-02  -4.865986403069e-06  -2.483053480955e-04  -8.110286590325e-02  -3.903305686100e-01  -4.807081826005e-01  -4.184029725933e-02   1.302404587655e-02   1.681422153901e-02  -2.486184377823e-04  -8.110163581261e-02  -3.903281197054e-01  -4.807070482094e-01  -4.183850435304e-02   1.302937051407e-02  -1.681027853049e-02
   6.584141756546e-03   3.329034471953e-03  -8.186981021699e-01   1.236720961862e-02   4.904892727942e-08   2.510435622462e-02   3.008747779365e-03  -1.892563395456e-02  -1.013132567208e-07   6.091026426491e-02  -5.081025778315e-01  -2.440412749076e-02  -1.165781924916e-07   4.071872453763e-02  -3.369296748550e-01  -1.186425201167e-02  -4.137903042047e-08  -1.232129297010e-01  -4.107595869897e-07  -4.455740115098e-02  -8.998502810355e-07   1.554413755328e-01  -2.277301658122e-01  -1.605545275308e-01  -5.094039421338e-02  -5.206860344141e-03  -1.687798523953e-01   1.130861678728e-02   8.768398271441e-08   1.202157464449e-01   1.387120074917e-01   3.745080283689e-01  -4.020038525442e-02  -1.277046060148e-07   3.785682203607e-01   3.785072002977e-01  -4.281112307927e-02  -1.354669681613e-07   2.760095917136e-01   1.506936183119e-01  -3.292162999460e-02  -1.140633791032e-07   9.400953705818e-02  -3.839909710160e-02  -1.275254892953e-02  -3.664268064038e-08  -6.471936090825e-03   9.071808237929e-07  -1.785799145824e-02   1.018008565542e-07   2.678309534540e-02   1.709106814635e-02   1.138824244663e-01   1.464987059015e-01   7.119761007440e-02   1.122802118248e-01   5.597877969290e-02   1.169445612675e-05   6.881487203892e-03   9.403129996685e-02   1.330141111554e-01   6.596606791851e-02   8.739896336094e-02  -3.178097006134e-02  -4.238038276296e-02   6.880330840537e-03   9.402871135734e-02   1.330115279223e-01   6.596487454662e-02   8.739569926873e-02  -3.179477592108e-02   4.237050490658e-02
  -1.276898189955e-02  -6.789660208289e-03   1.222013525246e-02  -8.579339553758e-01   7.118259634848e-07  -6.443939606730e-02  -1.892563395456e-02  -1.775146754884e-02   1.946667784504e-07  -1.151573756633e-01  -2.450953339510e-02  -4.945636821611e-01  -2.293778367570e-07  -8.654909306904e-02  -1.261538548501e-02  -3.433587232527e-01  -2.130751629898e-07  -3.849620727325e-02  -1.902627763241e-06   1.070484460512e-01  -4.619222219754e-07   1.289141726370e-01  -5.070735332635e-01  -4.357593873294e-01  -2.452804078107e-01  -9.629896847823e-02   5.399561669879e-02  -1.190147833200e-01   2.879291853327e-07  -1.223618631159e-02  -1.422815950508e-02  -4.742919548944e-02  -5.943674127737e-02  -2.382938687958e-07  -4.380194496683e-02  -6.806735094508e-02  -1.363423387233e-01  -3.151894896418e-07  -5.988115833108e-02  -1.028505194284e-01  -2.053083669447e-01  -2.831475756636e-07  -4.991544327573e-02  -5.998306559868e-02  -1.378104695206e-01  -1.677313521387e-07  -1.653524931140e-01  -1.969288433289e-06   1.364230688343e-02   5.446688409408e-08  -3.809266197584e-02   3.723430537898e-03   3.643088555346e-02   3.553614558115e-02  -9.643686677788e-04   4.389178171206e-02   1.040016030858e-02   4.844582658924e-06  -1.003870898506e-03  -3.056719314566e-02  -6.178562085884e-02  -5.132926300900e-02  -3.201130223954e-02  -8.191741785117e-06   1.573572551272e-02  -1.004046997889e-03  -3.057994002280e-02  -6.180594553631e-02  -5.133971740088e-02  -3.202404981534e-02   2.164081241538e-06  -1.573964449088e-02
  -1.092905966665e-07  -5.543026775815e-08   4.509241649312e-08   7.116086068413e-07  -9.104263683293e-01  -3.425134384964e-07  -1.013132567208e-07   1.946667784504e-07   1.984888407676e-02  -7.478118039467e-07  -9.304016176000e-08  -1.623654936651e-07  -4.232187754862e-01  -6.318240289028e-07  -3.255025783147e-08  -1.027520959914e-07  -3.087915163885e-01  -6.092169391186e-07  -7.000394159133e-02   2.080796040718e-07   4.109635749996e-02   5.930293594545e-07  -3.161688077561e-06  -2.793654718690e-06  -1.670281498530e-06  -6.956723393148e-07   4.318631215466e-07   1.594732859449e-07  -2.083826275759e-01  -6.603276753808e-08  -8.093255993961e-08  -2.890373207302e-07   1.075202236744e-07  -6.641311178963e-02  -2.930504428574e-07  -4.151916476190e-07   1.768282123674e-07  -1.477263373671e-01  -4.202857891580e-07  -6.752107425109e-07   1.038203353886e-07  -2.037875345550e-01  -3.808757902104e-07  -4.310418185547e-07  -8.956722202615e-09  -1.307671233831e-01   2.157307510830e-08   2.269991286079e-02   3.078592849229e-06  -1.845596039096e-01   1.619878627721e-06   1.878284735763e-07   8.346314236580e-06   1.126396049896e-05   5.407317980506e-06   1.093710657552e-05   5.496364516917e-06  -1.509218658058e-02   1.902779749672e-03  -3.485852284566e-02  -5.325874803836e-02  -2.715493085898e-02  -4.114668692652e-02   1.576093667658e-02   1.005547292300e-02  -1.902571719659e-03   3.485111916151e-02   5.324769163303e-02   2.714900591838e-02   4.113705004122e-02  -1.576494788647e-02   1.004665993703e-02
  -3.530002215855e+00  -3.318636623023e+00   2.277189304616e-03  -1.662310619428e-02  -1.280721319071e-07  -2.485443238584e+00   6.091026426491e-02  -1.151573756633e-01  -7.478118039467e-07  -1.642508265355e+00   1.829242878411e-01  -1.573657423925e-01  -8.737505664815e-07  -1.045293831356e+00   1.410276102519e-01  -8.326491447501e-02  -3.607620370318e-07  -5.153628091505e-02  -7.262012252447e-07   8.811297078125e-02  -2.675675709156e-07  -1.421407257408e-02  -5.335705921167e-01  -9.233865985135e-01  -8.857524012281e-01  -5.989628339552e-01   3.697222062809e-01   7.618072813639e-01   4.286902272787e-06  -5.102640347919e-01  -4.902069538236e-01  -2.347742404194e-01   2.413629889782e-02   2.122450741797e-07  -6.078835306303e-01  -5.320976076196e-01   5.021782091796e-02   5.491676991350e-07  -7.704516185793e-01  -8.716770670462e-01   6.012863664986e-02   5.838342379437e-07  -6.096533350678e-01  -5.028848014731e-01   2.686089670232e-02   2.604403023277e-07   6.191399867910e-02  -5.653596917528e-07   2.047866843661e-01   2.952708105223e-07  -3.419584365466e-01  -7.926747529780e-02  -2.177125450819e-01  -4.332948772013e-01  -4.445168618956e-01  -1.074078565668e-01  -1.088211885288e-01  -2.080619128292e-05  -6.957483230909e-02  -2.016442789973e-01  -4.205576726285e-01  -4.412570715069e-01  -9.143888251807e-02   5.943792670604e-02   9.256198441003e-02  -6.957420285135e-02  -2.016437188640e-01  -4.205585324311e-01  -4.412577550180e-01  -9.143635160337e-02   5.946974795753e-02  -9.254300584640e-02
   2.481283781636e-03   5.115217904721e-04  -7.527403101524e-01   5.431845594411e-03   7.186765304406e-08   2.251841413018e-02  -5.081025778315e-01  -2.450953339510e-02  -9.304016176000e-08   1.829242878411e-01  -4.226214447124e-01  -2.672274445347e-02  -3.410028255054e-07   2.476776018686e-01  -4.143112946206e-01  -5.760774084242e-03  -3.168189925844e-07  -9.757510493054e-02  -3.557079062880e-07  -4.368107599254e-02  -6.469036959452e-07   1.464919750078e-01  -1.791425433474e-01  -6.228378240063e-02   9.940125654530e-02   1.393922639267e-01  -7.703053735247e-03   4.612761300118e-02   2.262277358591e-07   1.297900965732e+00   1.222797093708e+00   2.546993671104e-01  -4.200121249855e-02  -5.643480426730e-07   9.370171205114e-01   1.488854048330e-01  -2.995271908678e-02  -9.484482370086e-07   6.154990399937e-01   3.963097581311e-03  -2.056426906278e-02  -7.514504456347e-07   3.130418291326e-01  -3.222777817093e-02  -1.796023581308e-02  -3.430524708486e-07   7.962657090222e-03   3.443163882447e-06  -2.196364124292e-02   2.427966774338e-07   2.236857203095e-02   1.906889342674e-01   3.616846693710e-01   3.777411694556e-01   2.468155117399e-01   1.378468282371e-01   2.366121084779e-01   4.420853770068e-05   1.592105954182e-01   3.357343947387e-01   3.634001450347e-01   2.392271668989e-01   1.208637012253e-01  -1.236443260935e-01  -1.985224971484e-01   1.592065681127e-01   3.357310879870e-01   3.633975293535e-01   2.392256339035e-01   1.208591921014e-01  -1.237126797437e-01   1.984812696431e-01
  -5.263262999669e-03  -2.160416270107e-03   5.322985004526e-03  -7.781580717421e-01   3.964290298076e-07  -5.476785758206e-02  -2.440412749076e-02  -4.945636821611e-01  -1.623654936651e-07  -1.573657423925e-01  -2.672274445347e-02  -1.622175550317e-01  -1.024351157430e-06  -1.480380283389e-01  -5.985741987225e-03  -1.670493408342e-01  -8.685854866229e-07  -3.653364973414e-02  -1.501829058589e-06   8.740689233632e-02  -3.276189851339e-07   1.005380603355e-01  -3.955322627441e-01  -2.719306353388e-01  -2.083306183680e-01  -1.268825926330e-01   8.839258591203e-02   9.354681661504e-02   6.500587291927e-07  -1.312487402111e-01  -1.236243986402e-01  -4.393206847836e-02  -1.632916080636e-01  -5.961371608713e-07  -9.806735844802e-02  -4.727894155663e-02  -1.761431547122e-01  -1.084550517111e-06  -1.022010034137e-01  -1.038418590798e-01  -1.559817970006e-01  -1.051901474240e-06  -9.225587137324e-02  -8.631555841456e-02  -1.113245859564e-01  -5.296206433697e-07  -7.153627558571e-03   1.263415666366e-05  -1.019334147388e-02   8.977691089032e-07  -2.127709668468e-02   8.171310805779e-02   6.883899581950e-02   3.750867124105e-03  -3.697074052651e-02   3.220630845103e-02   7.314601935769e-03   9.290831015593e-06  -5.830337316562e-02  -8.448481518358e-02  -9.309974723818e-02  -8.262114029174e-02  -4.104334212230e-02  -1.167311690642e-02   5.122615377590e-02  -5.832959508586e-02  -8.451630026271e-02  -9.312137780359e-02  -8.263090249327e-02  -4.105804551079e-02  -1.164354763103e-02  -5.123611733458e-02
  -3.487486781056e-08  -9.033880126336e-09   5.485898827563e-08   3.493178229107e-07  -7.988355778066e-01  -2.773202738834e-07  -1.165781924916e-07  -2.293778367570e-07  -4.232187754862e-01  -8.737505664815e-07  -3.410028255054e-07  -1.024351157430e-06  -1.766394155636e-02  -7.553065581789e-07  -2.829345097930e-07  -7.945082079578e-07  -8.435521977639e-02  -3.995271507004e-07  -4.712022016657e-02   2.309324725888e-07   3.381936164565e-02   4.719951396637e-07  -2.476430831400e-06  -1.636632412341e-06  -1.150021355235e-06  -6.906987355924e-07   5.036462092779e-07   5.798583960026e-07  -4.527098705794e-02  -6.964340190730e-07  -6.584969489274e-07  -2.434592760693e-07  -3.725897415702e-07  -1.673652878309e-01  -3.541132630950e-07  -2.658684454540e-07  -7.755147326089e-07  -1.759563864166e-01  -3.322952580314e-07  -6.207468152617e-07  -7.928020793110e-07  -1.310394281887e-01  -3.867700504155e-07  -5.311553221212e-07  -4.145244333574e-07  -8.828487738484e-02   8.409486218079e-07  -2.201580461319e-02  -9.749078853979e-06  -1.475123146397e-02  -6.006492669705e-06   1.696761721834e-05   1.817402486599e-05   1.002071079750e-05   4.179156376187e-06   9.484804191808e-06   1.310680676284e-05  -4.441405715158e-02  -7.470987770743e-02  -8.634323948727e-02  -5.036582157596e-02  -2.158539989863e-02  -4.443344126945e-02   3.484702021894e-02   1.429612146751e-02   7.469431673206e-02   8.632607767911e-02   5.035582179665e-02   2.158059687247e-02   4.442385926778e-02  -3.486009378981e-02   1.427342551274e-02
  -1.596008391331e+00  -1.512453844719e+00  -6.219614684102e-03  -1.429667507660e-02  -1.718432531251e-07  -1.414562932691e+00   4.071872453763e-02  -8.654909306904e-02  -6.318240289028e-07  -1.045293831356e+00   2.476776018686e-01  -1.480380283389e-01  -7.553065581789e-07  -6.998795115823e-01   2.761502678017e-01  -1.012624775886e-01  -3.091519258932e-07  -3.424355660196e-02  -5.188572074937e-07   6.092433381058e-02  -1.985108649141e-07  -1.174066678082e-02  -3.969175421726e-01  -5.935213330958e-01  -5.723422965935e-01  -4.209564557471e-01   2.345024831919e-01   4.740537117759e-01   2.664297526670e-06  -7.420660667926e-01  -7.055659154070e-01  -1.046831878823e-01   1.281444565586e-02   3.318937672600e-07  -7.375453231056e-01  -2.631579018606e-01   2.643252009550e-02   8.272072799488e-07  -7.316793264363e-01  -4.480574683584e-01   1.934134804355e-02   7.274312763045e-07  -5.082916446150e-01  -2.404975433602e-01  -3.244104766634e-03   2.530873257283e-07   3.205428101949e-02  -8.109372276990e-07   1.137228318491e-01   2.198796291237e-07  -1.856440639997e-01  -1.759974083360e-01  -3.095492977425e-01  -4.319335060639e-01  -3.806604503804e-01  -9.263120078136e-02  -1.777125525337e-01  -3.259492171330e-05  -1.670296019690e-01  -3.006634443921e-01  -4.316185429813e-01  -3.847181428366e-01  -7.823365803698e-02   9.063242405135e-02   1.524640999196e-01  -1.670292613418e-01  -3.006640879384e-01  -4.316211101476e-01  -3.847198705399e-01  -7.823073363842e-02   9.068542988396e-02  -1.524337045049e-01
   6.419613804630e-04  -5.151333633822e-04  -2.897136567381e-01   4.540609507880e-04   4.792394483222e-08  -1.273240704794e-03  -3.369296748550e-01  -1.261538548501e-02  -3.255025783147e-08   1.410276102519e-01  -4.143112946206e-01  -5.985741987225e-03  -2.829345097930e-07   2.761502678017e-01  -3.569367590831e-01   1.074428364323e-02  -3.203358245085e-07  -4.043409477985e-02  -1.377928096155e-07  -2.066607310534e-02  -2.502111492666e-07   6.691263808566e-02  -1.201581034325e-01  -3.775478520559e-02   1.430101917444e-01   1.994378447023e-01  -2.531092659613e-02   6.748483326685e-02   2.997599200970e-07   1.131024831014e+00   1.069365486529e+00  -2.215953499763e-03  -1.874304677507e-02  -4.096041775104e-07   9.368011152929e-01  -3.741519051423e-02  -1.911459378170e-02  -9.456089537737e-07   6.543519208957e-01  -1.046517757687e-01  -5.417022204238e-03  -7.770240232165e-07   3.641402089906e-01  -4.477921605356e-02  -6.001335126967e-03  -3.417134610469e-07   7.117193223818e-04   3.219785485038e-06  -4.222295356852e-03  -8.516524860132e-08  -8.113277139954e-03   2.881058286254e-01   4.180178101732e-01   4.165468743702e-01   2.930509187105e-01   9.659780669196e-02   2.779108695957e-01   5.065411351821e-05   2.631118038255e-01   4.012249168880e-01   4.113274560245e-01   2.897512961273e-01   7.652359151411e-02  -1.375419471411e-01  -2.332478606244e-01   2.631080297357e-01   4.012227820879e-01   4.113265809636e-01   2.897506539854e-01   7.651850859718e-02  -1.376224985726e-01   2.332000426946e-01
  -1.989084440532e-03  -7.210432286326e-04   9.885964081424e-04  -3.150333926643e-01   1.685382657534e-07  -2.060299682942e-02  -1.186425201167e-02  -3.433587232527e-01  -1.027520959914e-07  -8.326491447501e-02  -5.760774084242e-03  -1.670493408342e-01  -7.945082079578e-07  -1.012624775886e-01   1.074428364323e-02  -2.392163852642e-02  -7.704339234740e-07  -1.404423767596e-02  -6.407809064356e-07   3.757506614423e-02  -7.536439738066e-08   4.315176410592e-02  -2.626923623599e-01  -1.678545746131e-01  -9.311982495722e-02  -7.748834519177e-02   8.824099269651e-02   8.902694249161e-02   8.762957040413e-07  -1.143322190304e-01  -1.080233101436e-01  -1.729267988923e-02  -1.785665205641e-01  -4.315856005373e-07  -9.475711592662e-02  -2.269707272901e-02  -2.196034714866e-01  -7.381190472830e-07  -8.703615579479e-02  -4.833103857012e-02  -1.361291567238e-01  -7.212145821572e-07  -7.610487773772e-02  -4.984129195670e-02  -4.178488045778e-02  -3.804949231864e-07  -6.041152421551e-03   2.713880115084e-05  -3.984849129829e-02   1.617198292627e-06  -3.225033277283e-02   1.255245600583e-01   8.323422123893e-02  -7.829878468945e-03  -4.513519419355e-02   2.140879828617e-02   2.468456098995e-02   1.122782429340e-05  -9.622650983196e-02  -1.011218183285e-01  -8.116444645960e-02  -6.563031177132e-02  -2.656977936561e-02  -4.615039575762e-03   6.020789835586e-02  -9.627052518316e-02  -1.011602265653e-01  -8.118144678651e-02  -6.563511565605e-02  -2.657834203874e-02  -4.581331123193e-03  -6.021967550435e-02
  -7.770217808095e-09   6.103524243929e-10   5.143576401143e-08   9.412321984256e-08  -3.215616268513e-01  -1.019769488174e-07  -4.137903042047e-08  -2.130751629898e-07  -3.087915163885e-01  -3.607620370318e-07  -3.168189925844e-07  -8.685854866229e-07  -8.435521977639e-02  -3.091519258932e-07  -3.203358245085e-07  -7.704339234740e-07   3.418757914356e-02  -9.195159100526e-08  -1.878347581598e-02   1.050574507262e-07   1.670787315667e-02   2.029138748172e-07  -1.632337361422e-06  -7.849121972636e-07  -4.841508458824e-08  -1.716349321068e-07   3.869533988625e-07   8.491007260981e-07  -6.817429138149e-02  -6.039810658403e-07  -5.737822911856e-07  -3.648093647468e-08  -3.549162992488e-07  -1.795593578760e-01  -2.704693123632e-07   5.305981033993e-09  -6.563592903192e-07  -2.177617911824e-01  -8.919276904749e-08  -1.326944401898e-07  -6.608315111002e-07  -1.171758784101e-01  -1.277536659619e-07  -2.131468368890e-07  -3.554672514234e-07  -2.294977074225e-02   1.544351667649e-06  -4.835784074101e-02  -2.243684968021e-05  -1.248385444907e-02  -1.353821453855e-05   2.656075697096e-05   2.165573918110e-05   7.447243024256e-06   1.478937524807e-06   6.340787050649e-06   1.576725793733e-05  -3.842742539806e-02  -1.254360373248e-01  -1.062445624798e-01  -3.959045682082e-02  -8.560426990712e-03  -2.673410782829e-02   3.806673099660e-02   2.796917533888e-02   1.254108701919e-01   1.062239187846e-01   3.958320121091e-02   8.558707530029e-03   2.672785409428e-02  -3.808257111221e-02   2.794226152900e-02
   8.524552807184e-05   8.271400766232e-04  -5.557604443363e-02  -1.503773672357e-02  -3.381504752199e-07  -4.123154985449e-02  -1.232129297010e-01  -3.849620727325e-02  -6.092169391186e-07  -5.153628091505e-02  -9.757510493054e-02  -3.653364973414e-02  -3.995271507004e-07  -3.424355660196e-02  -4.043409477985e-02  -1.404423767596e-02  -9.195159100526e-08   3.074887380488e+00  -5.276220195965e-07   3.645655149928e-02  -4.759686136877e-07   3.654633484599e-02  -3.119321515942e-02  -6.020673149346e-02  -5.098066872753e-02  -2.334933620988e-02  -1.393110612511e-02  -3.806906230098e-01  -2.922881142229e-06   1.299206653348e-02   1.613966502989e-02   5.303609748179e-02   7.954565569984e-02   2.572975531162e-07   2.878719789820e-02   1.272234448938e-02   5.129961920054e-02   3.808592388560e-07   1.127202652824e-02  -1.161048637345e-02   2.411048852100e-02   2.133499561408e-07  -9.152296808365e-03  -2.462463291916e-02   7.948874980536e-03   6.027526936630e-08  -7.032607475069e-02  -2.194146313241e-06   2.700738230953e-02  -1.127005054493e-07  -5.244247713759e-02  -1.800487836783e-02  -2.881198460716e-02  -8.411410919852e-03  -8.695520959003e-03  -4.182459835574e-02  -1.384002426886e-02  -5.921003729158e-06   8.683961119147e-03   2.464090537187e-02   1.049677791578e-02  -5.316317568886e-03   2.823605892621e-02  -4.000569297043e-04  -1.805810889395e-02   8.688312671349e-03   2.465066808804e-02   1.050006064343e-02  -5.315807788117e-03   2.824633452770e-02  -4.120735463169e-04   1.806232113928e-02
   2.198455367951e-08   5.115494462044e-08  -1.383139720946e-07  -9.595965339721e-07  -3.489813548438e-02  -4.742510662924e-07  -4.107595869897e-07  -1.902627763241e-06  -7.000394159133e-02  -7.262012252447e-07  -3.557079062880e-07  -1.501829058589e-06  -4.712022016657e-02  -5.188572074937e-07  -1.377928096155e-07  -6.407809064356e-07  -1.878347581598e-02  -5.276220195965e-07   3.160930111172e+00   2.311502409461e-07  -1.335372356294e-02   6.167385035162e-07  -7.524507803130e-07  -1.254209180621e-06  -9.047374614917e-07  -4.005104799334e-07  -2.441190526222e-06  -4.449227951110e-06   2.163464104618e-01  -8.626798986301e-09  -1.272218256269e-08   6.956912912708e-09   4.614848071986e-07  -9.690385739410e-03  -7.455519181233e-08  -3.016810360782e-08   4.827726400505e-07  -9.600146681502e-03  -2.313609483612e-07  -4.064680684231e-07  -3.101386936755e-09  -1.352174120612e-02  -2.622863259844e-07  -3.119108486852e-07  -1.439584073165e-07  -7.662788054017e-03  -2.147673943221e-07  -1.821438083052e-02  -1.777613942079e-08  -4.112298238644e-04  -5.122711588564e-08  -7.295989509747e-07  -1.596539015938e-06  -4.514921543163e-08   3.830328070188e-09  -4.178954313150e-06  -9.330079188331e-07   4.532437199483e-03  -2.353174460232e-03  -8.274656447139e-03  -5.219406807585e-03  -1.974880153548e-03  -1.314231365196e-02   1.465356011098e-03   3.790560233112e-03   2.353572389636e-03   8.276106364837e-03   5.219157521852e-03   1.974335402513e-03   1.314490400246e-02  -1.469651270205e-03   3.789283065042e-03
  -1.162048808751e-03  -3.024953911962e-03  -2.049259961801e-02   4.770623480529e-02   2.094617091093e-07   6.225281275169e-02  -4.455740115098e-02   1.070484460512e-01   2.080796040718e-07   8.811297078125e-02  -4.368107599254e-02   8.740689233632e-02   2.309324725888e-07   6.092433381058e-02  -2.066607310534e-02   3.757506614423e-02   1.050574507262e-07   3.645655149928e-02   2.311502409461e-07   3.140390537673e+00   9.860617782472e-08   2.219867608639e-03   2.647119754602e-02   6.699745792864e-02   6.742192113350e-02   3.712127865876e-02   8.845909181695e-02   2.325180629647e-01   3.594593752831e-06   3.707062200112e-02   4.554786081656e-02   1.103311215061e-01  -1.181949681253e-02  -5.897683075788e-07   6.506276555002e-02  -9.636832983267e-03   4.926155757631e-03  -5.591301011703e-07   5.924810548226e-02   5.334985634554e-02   1.100081329066e-02  -2.816565883819e-07   3.811984647907e-02   2.616804550316e-02   9.284682479502e-03  -4.513796800912e-08   3.986231498757e-02   4.617934354861e-07   6.193671796762e-02   3.641599759392e-07  -1.366717026013e-01   9.187567421564e-03   2.813150738553e-02   2.958135071522e-02   2.518993084482e-02   3.447729644537e-02   1.902072401819e-02   5.726669441319e-06   2.475711236494e-03   1.818649048759e-02   3.198310575158e-02   2.804703759898e-02   1.396200667531e-02  -5.784688025846e-03  -1.434555283551e-02   2.476163744042e-03   1.818960192486e-02   3.198551829256e-02   2.804810164746e-02   1.396756928878e-02  -5.789514459065e-03   1.434523607065e-02
  -3.866718536891e-09   1.368008458253e-09  -4.401230775312e-07  -2.027804916390e-07   1.768994234592e-02  -1.863461062355e-07  -8.998502810355e-07  -4.619222219754e-07   4.109635749996e-02  -2.675675709156e-07  -6.469036959452e-07  -3.276189851339e-07   3.381936164565e-02  -1.985108649141e-07  -2.502111492666e-07  -7.536439738066e-08   1.670787315667e-02  -4.759686136877e-07  -1.335372356294e-02   9.860617782472e-08   3.147899353282e+00   1.619522721647e-07  -2.528348767118e-07  -4.178552629098e-07  -3.167226362827e-07  -1.364798139010e-07  -8.949653049056e-08  -2.795679507655e-06   1.114334343783e-01   7.016874081963e-08   8.850514927795e-08   3.097713188776e-07   1.825012658940e-07   8.413873912443e-02   1.850311762231e-07   1.503817336974e-07   2.923737530405e-07   5.270393493538e-02   8.600453665618e-08  -2.651331207446e-08   1.716471387906e-07   3.504308553431e-02  -5.109109393598e-08  -1.444198936889e-07   5.114638974614e-08   1.635169555232e-02  -8.651386942142e-08   1.040339781669e-02   1.665913265615e-06  -7.489523019862e-02   7.175328450511e-07  -3.224719083094e-06  -6.605202990169e-06  -2.842624529268e-06  -8.354095253522e-07  -9.745376696653e-06  -6.291323600805e-06   1.574192888773e-02   1.198035307101e-02   2.879173131463e-02   1.309322190139e-02   3.700972876728e-03   3.393179471486e-02  -1.649099687183e-02  -1.146665306795e-02  -1.197756798938e-02  -2.878541516766e-02  -1.309039495519e-02  -3.700274281808e-03  -3.392315633137e-02   1.649544413469e-02  -1.145687203879e-02
   1.070915755440e-03   1.466242731752e-03   6.600239757390e-02   5.720089113984e-02   3.437336895959e-07  -5.177615748227e-03   1.554413755328e-01   1.289141726370e-01   5.930293594545e-07  -1.421407257408e-02   1.464919750078e-01   1.005380603355e-01   4.719951396637e-07  -1.174066678082e-02   6.691263808566e-02   4.315176410592e-02   2.029138748172e-07   3.654633484599e-02   6.167385035162e-07   2.219867608639e-03   1.619522721647e-07   3.055300860020e+00   4.254083529452e-02   6.547807748702e-02   3.029598993592e-02   3.085096447771e-03   2.981651639053e-01   1.702554531656e-01   2.342456162395e-06  -6.292511310560e-02  -7.744167073176e-02  -1.883954260537e-01   3.479244826664e-02  -1.022071668522e-07  -1.086965226821e-01   2.806942056694e-02   1.201238481749e-02  -2.496543555020e-07  -6.810798256083e-02  -1.373873385599e-02   3.194998382037e-02  -2.179758572341e-09  -2.232672430243e-02   1.257643817852e-02   1.850745402567e-02   5.043020576464e-08  -5.148504280542e-02  -2.936121413153e-07  -1.434493099670e-01  -2.509191305911e-07   2.242780259862e-01  -1.049603227698e-02  -4.194941858322e-02  -4.371877066989e-02  -2.045204648548e-02  -4.287843701062e-02  -3.356830246846e-02  -6.024444411664e-06  -5.954073571022e-03  -3.240580363927e-02  -3.067219558609e-02  -1.411069546019e-02  -3.052293877731e-02   1.855280240934e-02   2.051365412216e-02  -5.952647647543e-03  -3.240134080806e-02  -3.066841753677e-02  -1.410911864195e-02  -3.051616718758e-02   1.855859087367e-02  -2.050589769074e-02
  -3.006594447775e-01  -3.007574350961e-01  -2.109013431641e-01  -4.651193155546e-01  -2.831134100743e-06  -6.023484451236e-01  -2.277301658122e-01  -5.070735332635e-01  -3.161688077561e-06  -5.335705921167e-01  -1.791425433474e-01  -3.955322627441e-01  -2.476430831400e-06  -3.969175421726e-01  -1.201581034325e-01  -2.626923623599e-01  -1.632337361422e-06  -3.119321515942e-02  -7.524507803130e-07   2.647119754602e-02  -2.528348767118e-07   4.254083529452e-02   4.257609731882e-01  -5.724054545746e-01  -5.006138037168e-01  -2.833623789052e-01   1.812437397165e-01   3.574653085606e-01   1.670468499866e-06  -3.345734712848e-04   3.345820071332e-04   8.733427581100e-04  -2.331181553227e-03   1.341957639389e-07  -3.311557669455e-02  -1.010646566018e-01  -4.091133135846e-02  -1.176967953309e-07  -1.585840138065e-01  -3.133952117382e-01  -1.043518218200e-01  -6.373165116976e-07  -1.962375309078e-01  -2.488320377705e-01  -8.495112901262e-02  -5.622965028650e-07  -8.422556046759e-02  -2.001001782159e-06   6.352601415972e-02  -6.642196456096e-07  -8.774519643417e-02  -6.315396745027e-03  -5.377671871649e-03  -5.786178583933e-02  -1.188737022442e-01   6.200821643618e-03   1.358610371704e-04   1.159070688791e-07   3.406547332590e-03  -1.536189659191e-02  -1.075772815802e-01  -1.518895688269e-01  -4.122428456346e-03  -3.364389074548e-05   1.349999393437e-03   3.408361154605e-03  -1.536689750078e-02  -1.075906442710e-01  -1.518973144777e-01  -4.126400117289e-03  -3.324383742821e-05  -1.350858407915e-03
  -1.502415457218e+00  -1.422192895543e+00  -1.885971918219e-01  -4.304217075998e-01  -2.656822873206e-06  -1.287785824580e+00  -1.605545275308e-01  -4.357593873294e-01  -2.793654718690e-06  -9.233865985135e-01  -6.228378240063e-02  -2.719306353388e-01  -1.636632412341e-06  -5.935213330958e-01  -3.775478520559e-02  -1.678545746131e-01  -7.849121972636e-07  -6.020673149346e-02  -1.254209180621e-06   6.699745792864e-02  -4.178552629098e-07   6.547807748702e-02  -5.724054545746e-01  -6.368846955428e-01  -5.833615082982e-01  -3.792999447999e-01   3.161891321192e-01   6.234079791813e-01   3.197789792898e-06  -5.555496098342e-02  -5.597630064184e-02  -7.425724905952e-02  -3.001602594867e-02   3.550979867395e-07  -1.722491433291e-01  -2.640403436217e-01  -5.444196172478e-02   6.299854037907e-07  -3.355403842303e-01  -5.103214315003e-01  -6.702443632151e-02   3.820939965329e-07  -3.179382093083e-01  -3.301114136074e-01  -5.502112901166e-02  -1.091239854539e-08  -4.312047187496e-02   6.133055549058e-07   1.103100618446e-01  -4.293849238344e-07  -1.867127642502e-01  -4.956058064620e-03  -3.454718947190e-02  -1.556604952406e-01  -2.128046228817e-01  -9.155139425986e-03  -1.203721884642e-02  -1.138123835284e-06  -1.792775101291e-02  -7.257698918318e-02  -2.007590428053e-01  -2.384995657457e-01  -4.242031022800e-02   3.011990901109e-03   2.641119879277e-02  -1.793400139129e-02  -7.258885462162e-02  -2.007709689960e-01  -2.385058878700e-01  -4.243015458267e-02   3.022392160058e-03  -2.641233337832e-02
  -1.320956628209e+00  -1.251771513235e+00  -7.046518367907e-02  -1.660427440987e-01  -1.136623605398e-06  -1.190877805121e+00  -5.094039421338e-02  -2.452804078107e-01  -1.670281498530e-06  -8.857524012281e-01   9.940125654530e-02  -2.083306183680e-01  -1.150021355235e-06  -5.723422965935e-01   1.430101917444e-01  -9.311982495722e-02  -4.841508458824e-08  -5.098066872753e-02  -9.047374614917e-07   6.742192113350e-02  -3.167226362827e-07   3.029598993592e-02  -5.006138037168e-01  -5.833615082982e-01  -4.886598066833e-01  -3.440758943175e-01   2.380777877031e-01   4.665536353328e-01   2.485943043194e-06  -3.936279729507e-01  -3.760419895686e-01  -9.427488718711e-02  -4.726774266532e-02   4.468745412654e-07  -4.382110485331e-01  -2.392059829399e-01  -5.263266686617e-02   1.369275045727e-06  -4.991467955738e-01  -4.232380023076e-01  -3.684338296264e-02   1.425486177136e-06  -3.756483653281e-01  -2.375121829133e-01  -2.159676449040e-02   6.163891885747e-07   1.176209564893e-02   7.063206257121e-06   8.591765944130e-02  -1.049072532560e-08  -1.668798899120e-01  -5.324127137094e-02  -1.412192420540e-01  -2.698102345605e-01  -2.713226966682e-01  -4.702854152273e-02  -8.167712881472e-02  -1.266657505426e-05  -1.081444859115e-01  -1.953713540144e-01  -3.005937181839e-01  -2.844543640670e-01  -5.954403262784e-02   4.164313757029e-02   9.336702244418e-02  -1.081597308368e-01  -1.953857939936e-01  -3.006026458135e-01  -2.844580004690e-01  -5.954600648656e-02   4.167992438687e-02  -9.335619778169e-02
  -7.569378020876e-01  -7.189144958866e-01  -2.391509221414e-02  -4.504398914579e-02  -3.602058711815e-07  -7.374715439487e-01  -5.206860344141e-03  -9.629896847823e-02  -6.956723393148e-07  -5.989628339552e-01   1.393922639267e-01  -1.268825926330e-01  -6.906987355924e-07  -4.209564557471e-01   1.994378447023e-01  -7.748834519177e-02  -1.716349321068e-07  -2.334933620988e-02  -4.005104799334e-07   3.712127865876e-02  -1.364798139010e-07   3.085096447771e-03  -2.833623789052e-01  -3.792999447999e-01  -3.440758943175e-01  -2.435944848351e-01   1.318750717978e-01   2.619283360162e-01   1.445147375002e-06  -4.449808641631e-01  -4.253409698879e-01  -2.829251769036e-02  -2.411471946506e-02   1.736438968825e-07  -4.809719488748e-01  -1.088463708073e-01  -2.938552907503e-02   6.234389175208e-07  -4.780616566619e-01  -2.330250421512e-01  -2.339511274699e-02   6.731282397222e-07  -3.213949838661e-01  -1.188849745238e-01  -1.147536034019e-02   3.335530342889e-07   1.345963978385e-02   4.615470278501e-06   4.255985617944e-02   2.748165604053e-07  -8.509549555195e-02  -1.133070499411e-01  -1.991497372849e-01  -2.773181394987e-01  -2.393982198160e-01  -5.081453196018e-02  -1.158835658050e-01  -1.978785911458e-05  -1.506090670121e-01  -2.318427607430e-01  -2.938391809953e-01  -2.452040046307e-01  -5.207766513856e-02   5.861520446060e-02   1.135602130948e-01  -1.506182374486e-01  -2.318514508669e-01  -2.938444629676e-01  -2.452057884542e-01  -5.207756707646e-02   5.865699249843e-02  -1.135419825969e-01
