ARMA_MAT_TXT_FN008
72 72
  -3.323657846815e+01  -3.523510727633e+01   8.650668758037e-02  -3.707993153186e-02  -1.600817448209e-07  -1.261872307128e+01   3.940005135982e-02  -1.688828924247e-02  -7.291022641062e-08  -5.478829928352e+00   1.146905247000e-02  -4.916021464721e-03  -2.122344426876e-08  -2.473597177619e+00   3.184231400410e-03  -1.364861708945e-03  -5.892372120373e-09  -1.127602701687e-03  -3.320800720277e-08   5.281762708395e-03  -1.137058596050e-08  -4.031340883702e-03  -4.607570497262e-01  -2.326627100661e+00  -2.045814642646e+00  -1.171722549905e+00   1.423220218083e+00   3.067797612541e+00   1.741704779500e-05  -2.639360210133e-04   7.710705069881e-06  -1.504004988564e-02   1.517057185597e-03   8.191322928623e-09  -3.198491820504e-01  -1.108405827024e+00   1.118044782768e-01   6.029513341439e-07  -1.308469987385e+00  -2.617705001819e+00   2.639936044793e-01   1.423390650599e-06  -1.112502583622e+00  -1.238369377828e+00   1.248711029212e-01   6.732497336845e-07   2.348208771195e-01  -1.280051012642e-07   6.788554333103e-01   1.266394667664e-06  -1.152091460477e+00  -1.640311848403e-05  -6.928088653315e-02  -6.512614604282e-01  -7.815985025164e-01  -3.600445869825e-03  -1.695089034722e-03  -3.563756598848e-07  -7.229185007224e-06  -5.158413811145e-02  -5.914373165289e-01  -7.554100405992e-01  -1.887737162898e-03   7.111576567330e-04   9.517414643380e-04  -7.228557717164e-06  -5.158252457268e-02  -5.914312683651e-01  -7.554073080341e-01  -1.887593459587e-03   7.114454701746e-04  -9.514909249212e-04
  -3.523510727633e+01  -3.098160281369e+01   1.025941861432e-01  -4.397562210691e-02  -1.898518694096e-07  -1.274118264919e+01   3.003242701015e-02  -1.287300098633e-02  -5.557541607687e-08  -5.537552400618e+00   7.184513076209e-03  -3.079555141811e-03  -1.329508871779e-08  -2.493335364881e+00   1.875604724192e-03  -8.039577282619e-04  -3.470857614868e-09  -4.674955779682e-04  -1.376769353374e-08   2.189757079117e-03  -4.714134605431e-09  -1.671338834798e-03  -4.551617953782e-01  -2.347140008035e+00  -2.061961694720e+00  -1.179721386080e+00   1.443533682767e+00   3.115353614680e+00   1.768603845416e-05  -9.180508201173e-05   7.346108172035e-06  -1.024506467540e-02   1.034896971567e-03   5.577641089700e-09  -3.172513101327e-01  -1.111689697830e+00   1.122387400898e-01   6.049700214632e-07  -1.316868251533e+00  -2.640954471909e+00   2.666082229189e-01   1.436989282925e-06  -1.119863990769e+00  -1.247899296750e+00   1.259748925493e-01   6.789828495944e-07   2.368660230739e-01  -1.289648456537e-07   6.841537860597e-01   1.276721446297e-06  -1.161065071262e+00  -5.004474491253e-06  -6.830150452232e-02  -6.548820282226e-01  -7.865906744014e-01  -2.881326836882e-03  -1.353894488690e-03  -2.847725372142e-07  -1.881734960799e-06  -5.068712491344e-02  -5.945134454860e-01  -7.601624596637e-01  -1.449416297078e-03   5.456087874274e-04   7.295784206713e-04  -1.881538526962e-06  -5.068551752258e-02  -5.945073321647e-01  -7.601596973363e-01  -1.449299007011e-03   5.458267965735e-04  -7.293828474920e-04
   8.650668758037e-02   1.025941861432e-01  -1.140589307760e+01  -6.634662380466e-03  -6.690280609980e-08   2.786583424295e-01  -7.697173609199e+00  -7.179884495271e-03  -7.241067122190e-08   1.690137495262e-01  -2.699531574312e+00  -2.829879739639e-03  -2.856198130536e-08   8.433018148749e-02  -7.987453901138e-01  -8.611503977721e-04  -8.696581398429e-09  -7.451690879900e-02  -4.309707614611e-08  -1.017722194651e-01  -3.148130092794e-07   1.867549722297e-01  -4.574700827733e-01  -5.079181907605e-01  -1.076877977916e-01   3.975780355242e-03  -3.739981288991e-01   1.393253135658e+00   7.910817744911e-06   4.791607682282e-03   3.319271105428e-04   1.381149800434e-01  -1.506195049787e-02  -8.164087661539e-08   5.150887173880e-01   1.320207659645e+00  -1.595189516330e-01  -8.648314523125e-07   6.097888366731e-01   6.178939989414e-01  -1.177302949218e-01  -6.394838631945e-07   1.896134017420e-01  -6.056571538747e-02  -2.114129654370e-02  -1.156163616879e-07  -3.514855547067e-01   2.240098024110e-07  -8.613322483585e-01  -1.905526727802e-06   1.450794872070e+00   3.294041555777e-04   1.070501244533e-01   2.876971049902e-01   1.407633857363e-01   2.151435048552e-02   1.098464053756e-02   2.306614208174e-06   1.515529859087e-04   7.899224322768e-02   2.538066866896e-01   1.322865009289e-01   1.165623393155e-02  -4.776059427100e-03  -6.403112131356e-03   1.515393449933e-04   7.898911199488e-02   2.538014867730e-01   1.322847953186e-01   1.165528252787e-02  -4.777979451016e-03   6.401404319282e-03
  -3.707993153186e-02  -4.397562210691e-02  -6.634662380466e-03  -1.135845372544e+01  -1.953907008257e-07  -1.194414355592e-01  -7.179884495271e-03  -7.645815837392e+00  -2.114862121741e-07  -7.243715001665e-02  -2.829879739639e-03  -2.679245165622e+00  -8.344106178186e-08  -3.613985149396e-02  -8.611503977721e-04  -7.925620888825e-01  -2.541108698422e-08   1.521943368919e-01  -3.419961840203e-07   4.715466364323e-02  -4.309707614611e-08   7.280462700527e-02  -1.022240632543e+00  -1.276250398269e+00  -4.090590240796e-01  -9.729778105696e-02   1.503378216985e+00   2.184179209476e+00   1.820525288319e-05  -4.867931314059e-04  -3.346813119298e-05  -1.525896067884e-02  -9.885276944132e-03   8.204238070926e-09  -5.492545389923e-02  -1.701195487590e-01  -2.504336071638e-01   8.664543770189e-08  -7.504827495985e-02  -1.451077697578e-01  -5.339077085304e-01   6.265221135949e-08  -3.164211398287e-02  -3.512297317485e-02  -2.630519602468e-01   1.055501554371e-08  -5.139383573722e-01   2.813626026118e-07   9.290659618425e-02   2.218190301334e-07  -2.681826883076e-01   1.521252876211e-04   4.744224790839e-02   1.139136876560e-01   4.103014974674e-02   1.061013702529e-02   3.335902119421e-03   1.053088538086e-06  -5.657807670372e-05  -2.948156598818e-02  -9.561213109210e-02  -5.075519125953e-02  -4.714288772802e-03   7.991318618719e-04   2.385083472120e-03  -5.660002158621e-05  -2.949418291138e-02  -9.565201956578e-02  -5.077351474391e-02  -4.716156599592e-03   8.007490822286e-04  -2.385581575214e-03
  -1.600817448209e-07  -1.898518694096e-07  -6.690280609980e-08  -1.953907008257e-07  -1.132834643933e+01  -5.156514591455e-07  -7.241067122190e-08  -2.114862121741e-07  -7.613229043394e+00  -3.127167330890e-07  -2.856198130536e-08  -8.344106178186e-08  -2.666389527589e+00  -1.560151126804e-07  -8.696581398429e-09  -2.541108698422e-08  -7.886473475412e-01  -4.309707614611e-08  -6.564726256038e-02  -3.292182414635e-07   1.626746542089e-01   1.359158737043e-08  -5.792951469085e-06  -7.205776262662e-06  -2.283548303306e-06  -5.288014965377e-07   8.508276100077e-06   1.814539532394e-05  -1.019853094705e+00  -2.602658636456e-09  -1.804721058899e-10  -8.139785860446e-08   8.072350045017e-09  -1.141298998678e-02  -2.885285774453e-07  -8.944265162999e-07   8.386329001011e-08  -2.667556065082e-01  -3.814533057490e-07  -7.402228195579e-07   5.792443805585e-08  -5.460891010786e-01  -1.519062010924e-07  -1.701255435453e-07   8.450113501838e-09  -2.652838288562e-01   2.158911319451e-07   5.573636827308e-02   1.006997658259e-06  -5.555222421238e-01  -1.123618086643e-06   3.211811011740e-08   1.017560122371e-05   2.580446405591e-05   1.098900384490e-05   2.246977628746e-06   1.062082841228e-06  -1.676241053621e-03  -7.520599863819e-05  -3.822538612593e-02  -1.158579460864e-01  -5.250227806808e-02  -6.232487116062e-03   2.351936925555e-03   2.173301217881e-03   7.518514091568e-05   3.821670181155e-02   1.158337243381e-01   5.249156302640e-02   6.230823079073e-03  -2.352441103231e-03   2.171925531874e-03
  -1.261872307128e+01  -1.274118264919e+01   2.786583424295e-01  -1.194414355592e-01  -5.156514591455e-07  -1.433938179452e+01   4.558445017075e-01  -1.940469009582e-01  -8.362132721374e-07  -9.561366950870e+00   2.866813895105e-01  -1.170409879672e-01  -4.985641894337e-07  -5.134856781900e+00   1.074241794770e-01  -4.249439458542e-02  -1.793092393487e-07  -2.389714675386e-02  -7.150169339732e-07   1.145060446642e-01  -2.438611220542e-07  -8.833253548640e-02  -1.926247950730e+00  -4.656584214668e+00  -4.266055341732e+00  -2.583452210479e+00   2.451441011553e+00   5.087130121775e+00   2.897684288598e-05  -6.030740762064e-02  -5.488148430562e-02  -4.712570279306e-01   4.723526664231e-02   2.659155200468e-07  -1.214247207168e+00  -2.931147226616e+00   2.901436462163e-01   1.607029696157e-06  -2.915775442413e+00  -5.120842834228e+00   5.001506987848e-01   2.742447194928e-06  -2.471600584545e+00  -2.613305304606e+00   2.536278978334e-01   1.386590031207e-06   5.321885021523e-01  -3.291395067828e-07   1.569107023379e+00   2.940838567803e-06  -2.663094864894e+00  -7.859047948564e-03  -3.117975936668e-01  -1.519928285305e+00  -1.758118476037e+00  -1.050874173430e-01  -5.295332285026e-02  -1.100040194180e-05  -5.042188991361e-03  -2.508403726904e-01  -1.399033339348e+00  -1.705063044073e+00  -7.047495674590e-02   2.776297544843e-02   3.785172596916e-02  -5.041955943998e-03  -2.508348900256e-01  -1.399021841991e+00  -1.705057860233e+00  -7.047147442085e-02   2.777521756383e-02  -3.784282639902e-02
   3.940005135982e-02   3.003242701015e-02  -7.697173609199e+00  -7.179884495271e-03  -7.241067122190e-08   4.558445017075e-01  -9.546364490895e+00  -2.402228148751e-02  -2.506815699665e-07   5.396256244954e-01  -5.802848678792e+00  -1.621565792683e-02  -2.034673654569e-07   3.516871690886e-01  -2.201547659729e+00  -5.334733657147e-03  -7.904296181862e-08  -1.958960335834e-01  -2.006656446317e-07  -2.730595371797e-01  -8.100511367301e-07   5.226536749273e-01  -1.252873949003e+00  -1.103553509291e+00  -1.995503393985e-01   7.562173442777e-02  -1.225287030899e+00   2.181737245362e+00   1.239322431115e-05   2.237131849661e-01   2.274501182008e-01   1.195621842911e+00  -1.372306094136e-01  -7.793337549682e-07   1.874327338712e+00   3.318790689455e+00  -4.200805315613e-01  -2.369626376709e-06   1.797063421249e+00   1.483630247910e+00  -2.998533888741e-01  -1.693277290438e-06   6.318531978366e-01  -1.505522368119e-01  -6.631914580756e-02  -3.829724029289e-07  -7.054172825413e-01   5.921087932236e-07  -1.614870151337e+00  -3.960031398997e-06   2.708733402861e+00   2.728988959753e-02   4.818067458336e-01   9.076724351994e-01   4.749550688064e-01   2.583456452339e-01   1.483220909667e-01   3.070054476838e-05   1.702422726023e-02   3.788968507297e-01   8.112439829281e-01   4.484849226182e-01   1.676506862871e-01  -7.547145202867e-02  -1.034578218906e-01   1.702326415514e-02   3.788848040653e-01   8.112289338208e-01   4.484796431908e-01   1.676401921114e-01  -7.550422033550e-02   1.034325329925e-01
  -1.688828924247e-02  -1.287300098633e-02  -7.179884495271e-03  -7.645815837392e+00  -2.114862121741e-07  -1.940469009582e-01  -2.402228148751e-02  -9.357656400084e+00  -7.403420989737e-07  -2.203083929906e-01  -1.621565792683e-02  -5.607573319280e+00  -6.318437498396e-07  -1.391188967571e-01  -5.334733657147e-03  -2.113794667909e+00  -2.537983432841e-07   3.542408740434e-01  -9.222176773032e-07   1.324685126469e-01  -2.006656446317e-07   1.864695723135e-01  -2.815843049700e+00  -2.928029200936e+00  -1.119667960204e+00  -3.049227377086e-01   2.491399653027e+00   2.851346709906e+00   2.917467465100e-05  -2.266234407347e-02  -2.300546819669e-02  -1.393338662092e-01  -1.585235856651e-01   7.076540865657e-08  -1.980205969023e-01  -4.517837743414e-01  -8.585310548262e-01   1.871661095523e-07  -2.256122157523e-01  -3.896172210127e-01  -1.453874365046e+00   6.186029028811e-08  -1.120766267381e-01  -1.203493779983e-01  -7.624015485307e-01  -2.520563733400e-08  -1.514168575841e+00   1.050866463888e-06   1.777296162273e-01   4.300000686864e-07  -6.161278062406e-01   1.201377005021e-02   1.969814314535e-01   3.193859234883e-01   1.066281018228e-01   1.245871018754e-01   3.195102059987e-02   1.278311372935e-05  -6.143559975338e-03  -1.339500164119e-01  -2.915080575267e-01  -1.641732854266e-01  -6.762440468141e-02   5.983634104638e-03   3.612937815170e-02  -6.146107237450e-03  -1.340072469723e-01  -2.916257701194e-01  -1.642275547824e-01  -6.765211517079e-02   6.008154419021e-03  -3.613728266959e-02
  -7.291022641062e-08  -5.557541607687e-08  -7.241067122190e-08  -2.114862121741e-07  -7.613229043394e+00  -8.362132721374e-07  -2.506815699665e-07  -7.403420989737e-07  -9.244098668229e+00  -9.384564953201e-07  -2.034673654569e-07  -6.318437498396e-07  -5.512706815058e+00  -5.870257430377e-07  -7.904296181862e-08  -2.537983432841e-07  -2.076284377360e+00  -2.006656446317e-07  -1.529234115892e-01  -7.823661101237e-07   4.039415570842e-01   5.608327028652e-08  -1.591979002707e-05  -1.646558993680e-05  -6.204851003680e-06  -1.628556582185e-06   1.400759971686e-05   2.886444847108e-05  -2.248865913682e+00  -1.205385063896e-07  -1.231922452368e-07  -7.323868621498e-07   6.487300289862e-08  -1.723300230621e-01  -1.006830847055e-06  -2.316852895819e-06   1.645606456644e-07  -8.989130918491e-01  -1.096185787721e-06  -1.932992001606e-06   3.720046505178e-08  -1.473559365648e+00  -5.122114617640e-07  -5.713537765157e-07  -3.559057380441e-08  -7.616452841760e-01   3.920490723697e-07   1.580836412333e-01   2.232576078385e-06  -1.598038192146e+00  -2.489555946398e-06   2.557771292407e-06   4.278798768826e-05   7.440377801688e-05   3.204002938879e-05   2.663007137107e-05   1.321655599370e-05  -2.933514243213e-02  -8.067484640473e-03  -1.702218923840e-01  -3.376374216450e-01  -1.536512918651e-01  -8.825877045025e-02   3.435645608278e-02   2.613402442308e-02   8.065506588585e-03   1.701843625940e-01   3.375672412698e-01   1.536198765506e-01   8.823690498248e-02  -3.436470699398e-02   2.611453222844e-02
  -5.478829928352e+00  -5.537552400618e+00   1.690137495262e-01  -7.243715001665e-02  -3.127167330890e-07  -9.561366950870e+00   5.396256244954e-01  -2.203083929906e-01  -9.384564953201e-07  -9.568605302794e+00   8.509612711867e-01  -2.696399180342e-01  -1.035725901661e-06  -6.820035983947e+00   5.392193043738e-01  -1.452824828422e-01  -4.972666624158e-07  -2.777209597700e-02  -8.978991934855e-07   1.483670208747e-01  -3.006220453176e-07  -1.198931125385e-01  -2.729384632704e+00  -5.426142238550e+00  -5.668348990823e+00  -3.893604890070e+00   1.891574419469e+00   3.638366459375e+00   2.104838348812e-05  -8.998860981539e-01  -9.682330617766e-01  -1.215455255600e+00   1.210690602273e-01   8.085660828396e-07  -2.930265696322e+00  -3.659025557179e+00   3.563999567437e-01   2.324948804628e-06  -4.503100828633e+00  -5.770989693936e+00   5.393453955455e-01   3.286065707882e-06  -3.835641205722e+00  -3.495492051923e+00   3.204371274610e-01   1.891567712317e-06   4.042046561571e-01  -7.661273755720e-07   1.231124217540e+00   2.443968071484e-06  -2.085217010968e+00  -2.545313277847e-01  -1.102832002704e+00  -2.606522952969e+00  -2.813757482394e+00  -6.684256840378e-01  -4.175191835962e-01  -8.394971785094e-05  -2.107605262544e-01  -9.753626257637e-01  -2.454945073951e+00  -2.745622966946e+00  -5.397211889240e-01   2.462833210292e-01   3.523237804200e-01  -2.107565652818e-01  -9.753514652152e-01  -2.454932280350e+00  -2.745617135906e+00  -5.397044749670e-01   2.464029347290e-01  -3.522486300151e-01
   1.146905247000e-02   7.184513076209e-03  -2.699531574312e+00  -2.829879739639e-03  -2.856198130536e-08   2.866813895105e-01  -5.802848678792e+00  -1.621565792683e-02  -2.034673654569e-07   8.509612711867e-01  -7.584261416251e+00   1.190734478500e-02  -3.203543182811e-07   9.378358863407e-01  -4.858822132590e+00   2.398023993670e-02  -2.070482354039e-07  -1.376705852926e-01  -1.583745755755e-07  -2.011965971130e-01  -5.545490902714e-07   3.906878016393e-01  -1.467997898426e+00  -1.490409043705e+00  -2.805536836514e-01   3.097791326921e-01  -1.890665668641e+00   1.415856184571e+00   8.042690847738e-06   2.277892368088e+00   2.464592457322e+00   1.877574866480e+00  -2.684212202823e-01  -1.820971054045e-06   5.025783982235e+00   3.456120173530e+00  -5.525583694390e-01  -3.857469538146e-06   4.307691902548e+00   1.566040640301e+00  -4.728648559178e-01  -3.243438373994e-06   1.852619142175e+00  -5.944403955566e-01  -1.471051930593e-01  -1.045889326357e-06  -4.072572597533e-01   2.167633312535e-06  -6.291422481145e-01  -2.543705092141e-06   1.016003101618e+00   6.975665552670e-01   2.060481276295e+00   2.563780717371e+00   1.451770851088e+00   1.303285105308e+00   1.039334786340e+00   2.083875556320e-04   5.591824919739e-01   1.779686692790e+00   2.355825504079e+00   1.385279391558e+00   1.001961841737e+00  -5.935322348643e-01  -8.527466679246e-01   5.591659146715e-01   1.779649447320e+00   2.355791218180e+00   1.385265801386e+00   1.001913194898e+00  -5.938163050194e-01   8.525569485548e-01
  -4.916021464721e-03  -3.079555141811e-03  -2.829879739639e-03  -2.679245165622e+00  -8.344106178186e-08  -1.170409879672e-01  -1.621565792683e-02  -5.607573319280e+00  -6.318437498396e-07  -2.696399180342e-01   1.190734478500e-02  -6.891616776647e+00  -1.198973505459e-06  -2.526822110428e-01   2.398023993670e-02  -4.299167859168e+00  -7.720786785719e-07   2.332321113114e-01  -5.957305986689e-07   9.519921507702e-02  -1.583745755755e-07   1.254895310909e-01  -3.293076780052e+00  -3.989770304574e+00  -2.190315732710e+00  -7.441741746278e-01   1.763520968537e+00   7.186096375596e-01   1.944021913272e-05  -2.304452154616e-01  -2.492674126468e-01  -2.733589806053e-01  -7.844624474338e-01   1.175932619981e-07  -5.180038916893e-01  -5.892755264135e-01  -2.077430975937e+00  -3.638507282861e-08  -4.940391325559e-01  -5.924359127225e-01  -3.113704887154e+00  -2.874059332972e-07  -2.669976421417e-01  -2.364429696208e-01  -1.958955563036e+00  -2.271617007246e-07  -2.051566489114e+00   8.839785334704e-06   6.527100976907e-02   7.618845622509e-07  -5.472548329286e-01   3.055108359089e-01   7.721361178128e-01   8.094457062955e-01   3.037020115770e-01   6.768691763242e-01   5.501780286703e-02   7.755449160479e-05  -2.015567592514e-01  -5.890987838686e-01  -7.568391905496e-01  -4.278659785228e-01  -4.479129826892e-01  -7.847325393082e-02   2.783602381498e-01  -2.016458041162e-01  -5.893518014574e-01  -7.571458780564e-01  -4.280130291364e-01  -4.481031198604e-01  -7.828694812420e-02  -2.784236086149e-01
  -2.122344426876e-08  -1.329508871779e-08  -2.856198130536e-08  -8.344106178186e-08  -2.666389527589e+00  -4.985641894337e-07  -2.034673654569e-07  -6.318437498396e-07  -5.512706815058e+00  -1.035725901661e-06  -3.203543182811e-07  -1.198973505459e-06  -6.738238033749e+00  -8.648698540803e-07  -2.070482354039e-07  -7.720786785719e-07  -4.213989774085e+00  -1.583745755755e-07  -9.827023902943e-02  -5.419693902219e-07   2.754371844411e-01   2.059075419874e-08  -1.857555806541e-05  -2.218702389866e-05  -1.192888014234e-05  -3.868061606083e-06   9.712633005212e-06   1.878366544358e-05  -2.583660804594e+00  -1.228860944759e-06  -1.333788362300e-06  -1.424254641408e-06   7.479235382980e-08  -8.110408272164e-01  -2.496442751591e-06  -2.958873265285e-06  -1.472411400120e-07  -2.126754062768e+00  -2.157773746116e-06  -2.857631509697e-06  -3.915477767468e-07  -3.133666251679e+00  -1.039431032519e-06  -1.079812717133e-06  -2.723965739235e-07  -1.951506401907e+00   6.889651729467e-07   1.928501426055e-01  -3.864399650402e-06  -2.108248748613e+00  -5.563426921106e-06   6.510020952476e-05   1.700728079957e-04   1.893706204525e-04   8.660055867391e-05   1.457365009507e-04   8.394393562460e-05  -3.249554717532e-01  -2.646899044693e-01  -7.383675260048e-01  -8.761266115190e-01  -4.160847372063e-01  -5.800287354090e-01   2.489733009286e-01   7.524548069472e-02   2.646322401533e-01   7.382117265422e-01   8.759468522198e-01   4.160003182575e-01   5.798959177991e-01  -2.490423285764e-01   7.510525974978e-02
  -2.473597177619e+00  -2.493335364881e+00   8.433018148749e-02  -3.613985149396e-02  -1.560151126804e-07  -5.134856781900e+00   3.516871690886e-01  -1.391188967571e-01  -5.870257430377e-07  -6.820035983947e+00   9.378358863407e-01  -2.526822110428e-01  -8.648698540803e-07  -6.692309423506e+00   9.270528403431e-01  -1.993939475387e-01  -5.369868194169e-07  -1.666411735817e-02  -5.702658591675e-07   9.621254548693e-02  -1.885205327054e-07  -8.004152462378e-02  -2.070329483258e+00  -4.337035142354e+00  -5.553152134480e+00  -4.706630019620e+00   9.513682420740e-01   1.661676374246e+00   9.875529565855e-06  -1.299245238656e+00  -1.401706811101e+00  -6.762038950542e-01   6.630000681368e-02   5.940610439368e-07  -3.520136141060e+00  -2.111855469944e+00   2.009637074072e-01   1.767104076673e-06  -5.035815062187e+00  -3.971731302508e+00   3.542433088028e-01   2.652639868950e-06  -4.764950188494e+00  -3.316379530840e+00   2.903791281888e-01   1.954411529781e-06   1.387089302600e-01  -6.362484633143e-07   4.467879594575e-01   1.038110192546e-06  -7.526081299359e-01  -7.797888724292e-01  -1.996623448383e+00  -3.466681583791e+00  -3.714924277478e+00  -8.111566515668e-01  -6.305565913152e-01  -1.232597593642e-04  -7.222801852940e-01  -1.879522133182e+00  -3.340990062996e+00  -3.648556459803e+00  -7.115282298264e-01   3.780736224273e-01   5.646925266945e-01  -7.222752110239e-01  -1.879512780266e+00  -3.340980925863e+00  -3.648551500470e+00  -7.115112319347e-01   3.782690585834e-01  -5.645775192620e-01
   3.184231400410e-03   1.875604724192e-03  -7.987453901138e-01  -8.611503977721e-04  -8.696581398429e-09   1.074241794770e-01  -2.201547659729e+00  -5.334733657147e-03  -7.904296181862e-08   5.392193043738e-01  -4.858822132590e+00   2.398023993670e-02  -2.070482354039e-07   9.270528403431e-01  -5.462870096383e+00   4.514828080494e-02  -1.888855779425e-07  -5.170390325402e-02  -5.808916346376e-08  -7.770362458868e-02  -2.054022703903e-07   1.508954032865e-01  -7.515490327897e-01  -1.014666602431e+00  -3.830033338177e-01   2.901198099680e-01  -1.193164421996e+00   4.366477464494e-01   2.481653862365e-06   1.974204565145e+00   2.135151784727e+00   2.507283373488e-01  -9.390380375170e-02  -8.490855243115e-07   4.518980180828e+00   4.562180414792e-01  -2.306142045021e-01  -2.166814854160e-06   4.709186760079e+00  -4.271959747740e-01  -2.986627215206e-01  -2.499095574948e-06   2.746589108687e+00  -1.616069924924e+00  -1.577962517869e-01  -1.243131445331e-06  -4.792673737830e-02   1.791861053471e-06   8.790020753297e-02  -5.149032601025e-07  -1.758167129556e-01   1.418034307791e+00   3.001046198256e+00   3.572893992080e+00   2.347683076361e+00   7.959808756214e-01   1.074572110607e+00   2.099937947833e-04   1.270581922985e+00   2.746745554227e+00   3.352952293254e+00   2.250878724066e+00   6.316122210621e-01  -6.267598217161e-01  -9.363531709683e-01   1.270559104593e+00   2.746704192070e+00   3.352910956924e+00   2.250857240862e+00   6.315750751700e-01  -6.270780507067e-01   9.361536905898e-01
  -1.364861708945e-03  -8.039577282619e-04  -8.611503977721e-04  -7.925620888825e-01  -2.541108698422e-08  -4.249439458542e-02  -5.334733657147e-03  -2.113794667909e+00  -2.537983432841e-07  -1.452824828422e-01   2.398023993670e-02  -4.299167859168e+00  -7.720786785719e-07  -1.993939475387e-01   4.514828080494e-02  -4.762624374233e+00  -7.017959414660e-07   8.641729311432e-02  -2.074263257107e-07   3.573938208092e-02  -5.808916346376e-08   4.594651522546e-02  -1.681696577562e+00  -2.663094416358e+00  -2.273354236557e+00  -1.106883082308e+00   6.115917464563e-01  -4.050012058819e-01   6.278458269255e-06  -1.996999480406e-01  -2.159439691334e-01  -9.712664116437e-02  -6.950829593578e-01   5.428131660197e-08  -4.621563292166e-01  -2.501758334509e-01  -1.895496368406e+00  -4.239186379138e-08  -5.121946262060e-01  -3.723678993204e-01  -3.457782863471e+00  -2.008863895648e-07  -3.401124276093e-01  -2.277685733570e-01  -3.137937775592e+00  -1.777112460961e-07  -8.417255680868e-01   1.590066626745e-05  -2.695584979053e-02   9.645110926063e-07  -1.728141834074e-01   6.307092500569e-01   1.172778947631e+00   1.204332840498e+00   6.095686525807e-01   5.725385882231e-01  -1.978247459732e-01   7.639055747026e-05  -4.628759710382e-01  -9.302901248892e-01  -1.078070376976e+00  -6.831869576742e-01  -4.127084190595e-01  -3.361363133406e-01   3.030011935628e-01  -4.630869302664e-01  -9.307013869365e-01  -1.078524856029e+00  -6.834477652293e-01  -4.128870371288e-01  -3.359369758216e-01  -3.030727214579e-01
  -5.892372120373e-09  -3.470857614868e-09  -8.696581398429e-09  -2.541108698422e-08  -7.886473475412e-01  -1.793092393487e-07  -7.904296181862e-08  -2.537983432841e-07  -2.076284377360e+00  -4.972666624158e-07  -2.070482354039e-07  -7.720786785719e-07  -4.213989774085e+00  -5.369868194169e-07  -1.888855779425e-07  -7.017959414660e-07  -4.696810841989e+00  -5.808916346376e-08  -3.574799288422e-02  -2.074943082447e-07   1.027260706810e-01   1.012027660193e-09  -9.479923132498e-06  -1.467202911065e-05  -1.214590952624e-05  -5.743124430997e-06   3.278908724153e-06   5.854978633786e-06  -1.421671877336e+00  -1.064999525002e-06  -1.155673323077e-06  -4.975915373144e-07   1.698692052484e-08  -7.042187896267e-01  -2.203784032741e-06  -1.206428928165e-06  -1.501502562255e-07  -1.914483733877e+00  -2.192585005206e-06  -1.737401134575e-06  -3.180490112470e-07  -3.467465772645e+00  -1.290735172832e-06  -1.012834517677e-06  -2.391119787995e-07  -3.133425465622e+00   9.187238760781e-07   5.386015240085e-02  -1.192425588408e-05  -8.540407693259e-01  -8.087995352793e-06   1.340144857894e-04   2.558332946923e-04   2.740882955460e-04   1.536208584010e-04   1.232768467288e-04   8.526749631238e-05  -5.819754346759e-01  -6.104849722763e-01  -1.184026832204e+00  -1.297546618906e+00  -7.414805239006e-01  -5.350440092488e-01   2.596421534256e-01  -1.616217076908e-01   6.103593668990e-01   1.183785044081e+00   1.297284024980e+00   7.413312783784e-01   5.349257710927e-01  -2.597217876888e-01  -1.617715000486e-01
  -1.127602701687e-03  -4.674955779682e-04  -7.451690879900e-02   1.521943368919e-01  -4.309707614611e-08  -2.389714675386e-02  -1.958960335834e-01   3.542408740434e-01  -2.006656446317e-07  -2.777209597700e-02  -1.376705852926e-01   2.332321113114e-01  -1.583745755755e-07  -1.666411735817e-02  -5.170390325402e-02   8.641729311432e-02  -5.808916346376e-08  -6.852028842009e+00  -6.434265502155e-07   2.765156317815e-02  -6.233248175354e-07   3.185385608883e-02  -1.509817759223e+00  -6.074786739116e-01  -7.002284772705e-02  -8.964121050926e-03  -1.047607213347e+00   1.269643760963e+00   1.214445092032e-05   2.551371458456e-02   2.452150006280e-02   2.098787317684e-01   2.189319363041e-01  -1.205627664182e-07   2.085394113023e-01   4.137125243363e-01   8.875183097171e-01  -2.259166914608e-07   9.590482775747e-02   7.340476072228e-02   6.423810418988e-01  -6.651957390416e-08   9.885005262117e-03  -1.861563674407e-02   1.299942357313e-01  -1.509181283646e-08   1.626715259508e+00  -1.259041674042e-06  -1.379274711800e-01  -5.227074348178e-07   6.424187333152e-01  -1.160135830183e-02  -1.832449194258e-01  -1.343264819013e-01  -2.541157562888e-02  -1.449273232748e-01  -4.464025717040e-02  -1.619782231949e-05   5.239219956141e-03   1.192239667076e-01   1.132793117301e-01   2.205269152215e-02   7.166970529950e-02  -9.715695002551e-03  -4.169629496191e-02   5.241287211524e-03   1.192730587063e-01   1.133245760943e-01   2.206177151759e-02   7.169767933257e-02  -9.743846385797e-03   4.170477361049e-02
  -3.320800720277e-08  -1.376769353374e-08  -4.309707614611e-08  -3.419961840203e-07  -6.564726256038e-02  -7.150169339732e-07  -2.006656446317e-07  -9.222176773032e-07  -1.529234115892e-01  -8.978991934855e-07  -1.583745755755e-07  -5.957305986689e-07  -9.827023902943e-02  -5.702658591675e-07  -5.808916346376e-08  -2.074263257107e-07  -3.574799288422e-02  -6.434265502155e-07  -6.638758964249e+00   3.271746736060e-08  -9.296561642802e-03   6.302662318918e-07  -1.924685312790e-05  -9.062213773549e-06  -1.702294326373e-06  -4.322916546733e-07   1.380839145600e-05   1.713043490369e-05  -2.049330478184e+00  -1.407954171244e-08  -1.333249277201e-08  -1.310405733979e-07  -1.024254299206e-07  -2.469009457304e-02  -1.643388266872e-07  -4.149218573339e-07  -3.830626593462e-07  -9.978320127291e-02  -3.101552603458e-07  -5.937049529787e-07  -3.039543355495e-07  -8.188432428116e-02  -2.809632820444e-07  -3.240602185591e-07  -7.849796287813e-08  -2.237674618461e-02  -9.084705134597e-07  -3.300987021568e-01   3.379256313318e-07  -2.199950159494e-01  -5.473173933638e-07  -1.114692357060e-06  -1.701957755395e-05  -1.160072880716e-05  -1.676655310042e-06  -1.518141193025e-05  -4.208927676490e-06   1.457728573530e-02  -2.533324124190e-03  -5.497128833976e-02  -4.954987146728e-02  -1.001306208124e-02  -3.797822431764e-02   4.441602650512e-03   1.194892395883e-02   2.533853696505e-03   5.498389773049e-02   4.956004514255e-02   1.001414976539e-02   3.798613056998e-02  -4.454108565198e-03   1.194610288617e-02
   5.281762708395e-03   2.189757079117e-03  -1.017722194651e-01   4.715466364323e-02  -3.292182414635e-07   1.145060446642e-01  -2.730595371797e-01   1.324685126469e-01  -7.823661101237e-07   1.483670208747e-01  -2.011965971130e-01   9.519921507702e-02  -5.419693902219e-07   9.621254548693e-02  -7.770362458868e-02   3.573938208092e-02  -2.074943082447e-07   2.765156317815e-02   3.271746736060e-08  -6.690794263803e+00   1.810146860749e-07   7.811882130276e-02   1.180738627672e+00   5.684904647645e-01   1.417715065947e-01   5.625881591484e-02  -3.438780196415e-01  -5.650327038340e-01  -2.339212865251e-05   7.340563948116e-02   7.070147837843e-02   5.316736241190e-01  -5.324150956836e-02  -5.391241257911e-07   5.842217855045e-01   8.880151965698e-01  -8.463188722533e-02  -1.474615928745e-06   2.921780779855e-01   1.037999821781e-01   3.940322978809e-03  -8.256575042251e-07   8.150302441135e-02  -1.022426344050e-03   9.305368863996e-03  -1.905104418136e-07  -1.188374858215e-01   2.963540436640e-07  -7.224050416061e-01  -2.831115689583e-06   6.301044405043e-01   9.078135091951e-03   1.563085161917e-01   1.517850729115e-01   6.051877231158e-02   1.077421616903e-01   5.475661925639e-02   1.673105358420e-05   2.795227501349e-03   7.219001779959e-02   1.010617908807e-01   5.468594528248e-02   3.110792840394e-02  -1.285558413135e-02  -3.530989771654e-02   2.796265050491e-03   7.221381695819e-02   1.010833029053e-01   5.469006601218e-02   3.112400780842e-02  -1.286810395293e-02   3.531057334670e-02
  -1.137058596050e-08  -4.714134605431e-09  -3.148130092794e-07  -4.309707614611e-08   1.626746542089e-01  -2.438611220542e-07  -8.100511367301e-07  -2.006656446317e-07   4.039415570842e-01  -3.006220453176e-07  -5.545490902714e-07  -1.583745755755e-07   2.754371844411e-01  -1.885205327054e-07  -2.054022703903e-07  -5.808916346376e-08   1.027260706810e-01  -6.233248175354e-07  -9.296561642802e-03   1.810146860749e-07  -6.763741134806e+00   1.179165118172e-07  -8.555563587478e-06  -3.467771619353e-06  -4.468934852349e-07  -9.341604526710e-08  -5.885923874234e-06   1.211999384696e-05  -8.691980751067e-01   1.355240852442e-07   1.313900868508e-07   1.103347066032e-06  -1.129144588049e-07   2.422743384190e-01   1.048656808628e-06   2.083947763569e-06  -1.977203703847e-07   9.367186075848e-01   4.093748368309e-07   2.714703253064e-07  -4.433964421770e-08   6.622482047138e-01  -1.122868407503e-08  -1.396029110962e-07  -7.781891349300e-09   1.355004248657e-01  -4.715975639718e-07  -2.075757919527e-01  -2.498449858159e-06   1.732173010398e+00   2.316343740408e-06  -2.467151016676e-06  -3.999558595613e-05  -3.120573437766e-05  -6.026421565482e-06  -3.097985219955e-05  -1.665882534105e-05   3.284070743877e-02   6.889875026852e-03   1.513987405098e-01   1.365968853475e-01   2.780461185727e-02   9.355777585011e-02  -3.997710233605e-02  -3.301520514251e-02  -6.888042922781e-03  -1.513633851230e-01  -1.365671040311e-01  -2.779882982814e-02  -9.353278539889e-02   3.998594922200e-02  -3.299196144732e-02
  -4.031340883702e-03  -1.671338834798e-03   1.867549722297e-01   7.280462700527e-02   1.359158737043e-08  -8.833253548640e-02   5.226536749273e-01   1.864695723135e-01   5.608327028652e-08  -1.198931125385e-01   3.906878016393e-01   1.254895310909e-01   2.059075419874e-08  -8.004152462378e-02   1.508954032865e-01   4.594651522546e-02   1.012027660193e-09   3.185385608883e-02   6.302662318918e-07   7.811882130276e-02   1.179165118172e-07  -6.882637552806e+00   1.363123938998e+00   6.394555122213e-01   5.981061849274e-02  -2.451852618247e-02  -1.872243311784e+00  -8.476541697307e-03  -1.181233448575e-05  -1.245481080942e-01  -1.199779817021e-01  -8.967280183103e-01   1.391333680465e-01   6.323465075970e-07  -9.850336705858e-01  -1.467345685008e+00   3.422004464444e-01   1.310070031535e-06  -4.597866850738e-01  -8.514075440299e-02   1.656923417041e-01   4.133205040524e-07  -9.907558426603e-02   5.334827214898e-02   3.602934215952e-02   5.217518581539e-08   6.348193735293e-01  -5.094736628777e-07   6.186349822772e-01   2.243383695839e-06  -1.318059135143e+00  -1.045960101254e-02  -1.909642659686e-01  -1.983976979602e-01  -7.430253182454e-02  -1.151366048397e-01  -8.964134889181e-02  -1.557997630495e-05  -6.271683716834e-03  -1.511983278309e-01  -1.723281252855e-01  -6.616562251350e-02  -7.475668384265e-02   4.557977755575e-02   5.163510937991e-02  -6.270290087580e-03  -1.511717863547e-01  -1.723052650357e-01  -6.616088124029e-02  -7.473683175623e-02   4.559347808434e-02  -5.161455919453e-02
  -4.607570497262e-01  -4.551617953782e-01  -4.574700827733e-01  -1.022240632543e+00  -5.792951469085e-06  -1.926247950730e+00  -1.252873949003e+00  -2.815843049700e+00  -1.591979002707e-05  -2.729384632704e+00  -1.467997898426e+00  -3.293076780052e+00  -1.857555806541e-05  -2.070329483258e+00  -7.515490327897e-01  -1.681696577562e+00  -9.479923132498e-06  -1.509817759223e+00  -1.924685312790e-05   1.180738627672e+00  -8.555563587478e-06   1.363123938998e+00  -6.477537398255e+00  -5.218844385741e+00  -2.895320563824e+00  -1.448904052168e+00   6.001903295261e-01   9.295927512210e-01   5.749789685243e-06  -2.481536619725e-04  -4.587906067872e-05  -6.866080381724e-03  -2.590525167724e-03  -1.459796792432e-08  -8.751327424869e-02  -2.826161931068e-01  -9.991051718787e-02  -5.652956738240e-07  -6.958137948245e-01  -1.564579300412e+00  -5.690350772612e-01  -3.230763059685e-06  -9.681458351005e-01  -1.305626263275e+00  -4.837853196023e-01  -2.750552854084e-06  -1.676963750680e-01  -3.510814630067e-07   1.568778402771e-01  -9.498410926177e-07  -2.089450688802e-01  -1.431356287212e-06  -6.754475239829e-03  -2.350296899827e-01  -5.666196608771e-01  -1.903790417783e-04  -1.432692037824e-04  -1.639719310919e-08  -1.505721476680e-04  -4.588350834351e-02  -4.884278836674e-01  -7.467830783678e-01  -6.269994526155e-03  -4.756117201529e-04   2.624562810437e-03  -1.507199824584e-04  -4.590267875133e-02  -4.885043712376e-01  -7.468268573510e-01  -6.274676975248e-03  -4.750630834751e-04  -2.626049959473e-03
  -2.326627100661e+00  -2.347140008035e+00  -5.079181907605e-01  -1.276250398269e+00  -7.205776262662e-06  -4.656584214668e+00  -1.103553509291e+00  -2.928029200936e+00  -1.646558993680e-05  -5.426142238550e+00  -1.490409043705e+00  -3.989770304574e+00  -2.218702389866e-05  -4.337035142354e+00  -1.014666602431e+00  -2.663094416358e+00  -1.467202911065e-05  -6.074786739116e-01  -9.062213773549e-06   5.684904647645e-01  -3.467771619353e-06   6.394555122213e-01  -5.218844385741e+00  -6.923083602654e+00  -5.335258062370e+00  -3.106258930000e+00   1.048217470536e+00   1.594925728411e+00   9.916301982707e-06  -9.887764430803e-02  -1.036061681199e-01  -2.782451576925e-01  -1.011314247687e-01  -5.192447752550e-07  -7.195851655788e-01  -1.348595831346e+00  -4.204427378323e-01  -2.075112695173e-06  -1.941465374432e+00  -3.371007245274e+00  -1.045902876929e+00  -5.510299531266e-06  -2.255584258274e+00  -2.682369258813e+00  -8.831630058232e-01  -4.796757247605e-06  -5.446798300421e-01  -3.109928259989e-07   6.083234443746e-01  -2.928097481644e-06  -8.563937384258e-01  -5.853096018234e-03  -1.112814262227e-01  -7.811012844015e-01  -1.399410208049e+00  -3.590947711406e-02  -3.107140860841e-02  -3.876951256625e-06  -4.237840957195e-02  -3.447256159424e-01  -1.315832690845e+00  -1.747272648971e+00  -1.867282100291e-01  -3.464634060794e-03   9.071015956052e-02  -4.239640632442e-02  -3.448120137103e-01  -1.315983831154e+00  -1.747356376862e+00  -1.867942164664e-01  -3.435202795893e-03  -9.072465624872e-02
  -2.045814642646e+00  -2.061961694720e+00  -1.076877977916e-01  -4.090590240796e-01  -2.283548303306e-06  -4.266055341732e+00  -1.995503393985e-01  -1.119667960204e+00  -6.204851003680e-06  -5.668348990823e+00  -2.805536836514e-01  -2.190315732710e+00  -1.192888014234e-05  -5.553152134480e+00  -3.830033338177e-01  -2.273354236557e+00  -1.214590952624e-05  -7.002284772705e-02  -1.702294326373e-06   1.417715065947e-01  -4.468934852349e-07   5.981061849274e-02  -2.895320563824e+00  -5.335258062370e+00  -5.915130725371e+00  -4.448716606641e+00   7.542470704717e-01   1.125657941562e+00   7.038782778133e-06  -6.905453282314e-01  -7.437718782987e-01  -5.386533975842e-01  -1.790354837616e-01  -8.407267934978e-07  -2.072675004209e+00  -1.760265080262e+00  -4.994714095431e-01  -1.981336538693e-06  -3.384137301079e+00  -3.622301731435e+00  -1.007611106131e+00  -4.566187610030e-06  -3.595057918580e+00  -3.292978328586e+00  -1.010966380174e+00  -5.107899744252e-06  -2.848310184822e-01   3.366218563682e-06   4.573100485556e-01  -1.409569920249e-06  -6.943135123667e-01  -2.050280185202e-01  -7.184052207466e-01  -1.778218467508e+00  -2.442599660044e+00  -3.178295542000e-01  -3.090450537703e-01  -4.239108259662e-05  -4.346493488304e-01  -1.230417142410e+00  -2.452956515881e+00  -2.883650516578e+00  -5.883227262034e-01   6.027304372255e-02   3.699175514441e-01  -4.347193924377e-01  -1.230563009000e+00  -2.453131349384e+00  -2.883754695592e+00  -5.883996913761e-01   6.040732077672e-02  -3.698947976783e-01
  -1.171722549905e+00  -1.179721386080e+00   3.975780355242e-03  -9.729778105696e-02  -5.288014965377e-07  -2.583452210479e+00   7.562173442777e-02  -3.049227377086e-01  -1.628556582185e-06  -3.893604890070e+00   3.097791326921e-01  -7.441741746278e-01  -3.868061606083e-06  -4.706630019620e+00   2.901198099680e-01  -1.106883082308e+00  -5.743124430997e-06  -8.964121050926e-03  -4.322916546733e-07   5.625881591484e-02  -9.341604526710e-08  -2.451852618247e-02  -1.448904052168e+00  -3.106258930000e+00  -4.448716606641e+00  -4.441671840798e+00   4.127398238973e-01   6.103705482948e-01   3.827121825396e-06  -7.782231059666e-01  -8.393186327532e-01  -2.631422416928e-01  -6.923219389779e-02  -2.421016712595e-07  -2.196028711413e+00  -9.144217554037e-01  -1.969418796110e-01  -5.761811199270e-07  -3.429327944602e+00  -2.075556901035e+00  -4.663224541226e-01  -1.929011610269e-06  -3.938849298768e+00  -2.441673709947e+00  -6.753297051038e-01  -3.371432153193e-06  -2.895726977133e-02   2.268164417253e-06   1.728476743468e-01   8.750219077961e-08  -2.862334651407e-01  -5.014314637851e-01  -1.281715041345e+00  -2.379479936886e+00  -3.020216524311e+00  -3.513799439877e-01  -3.886666929694e-01  -5.904377141142e-05  -6.626840073214e-01  -1.606567606217e+00  -2.808774680962e+00  -3.363664544290e+00  -4.199420526655e-01   1.214145037571e-01   3.531955904090e-01  -6.627242732730e-01  -1.606648281630e+00  -2.808878553880e+00  -3.363743773413e+00  -4.199571769065e-01   1.215427691924e-01  -3.531436631231e-01
