ARMA_MAT_TXT_FN008
72 72
   3.184613303667e-01   2.841103130429e-01  -3.094447326526e-03   5.538201490380e-03   5.325349762360e-08  -6.566007680441e-02  -3.306072467146e-03   6.120309856481e-03   5.564652562428e-08  -5.907544036345e-02  -2.686464602454e-03   8.180944685725e-03   7.315430421112e-08   3.042172287481e-03  -1.802776810744e-03   8.670422398590e-04   1.017533308938e-09  -6.300635984128e-04   4.167766477788e-09   4.548849230110e-04  -9.487099592889e-10  -2.602461016378e-04  -7.199113487190e-03  -3.623248404873e-03   2.327576665479e-03   2.123954694436e-04   4.669040826119e-04   2.380206177201e-03   1.885500528327e-08   6.477779125069e-04   9.620788791875e-04  -4.214284264106e-03   7.966607137646e-05  -2.798257934251e-08  -1.626564310932e-03  -7.291466466866e-03   4.536063446157e-04  -3.936519623853e-08   6.445209016620e-03   5.839209077488e-04  -3.123841596612e-05   4.674988914423e-08  -9.342311529031e-03  -1.228394000373e-03   4.996191815819e-04   1.023563411833e-07   1.080635185765e-03   6.292498106397e-09   1.307377778776e-03   8.087251707098e-09  -2.210246616575e-03   1.598977679936e-03   2.089947145096e-03   2.692698608691e-03   1.918358848878e-03  -6.509021807648e-05  -2.939271868512e-05  -3.130961169669e-09   7.344918734048e-04  -5.554442132081e-04   2.804762736918e-04   1.152558248746e-03  -2.526790495809e-04   6.177180865321e-05   1.848666578128e-04   7.343430044458e-04  -5.558673245378e-04   2.802218630092e-04   1.152553116094e-03  -2.526904655195e-04   6.184876747080e-05  -1.848628195642e-04
   2.841103130429e-01   2.626434215612e-01  -4.872097924678e-03   8.838028979593e-03   8.319956315751e-08  -1.124614266827e-01  -5.804992165651e-03   1.092977668589e-02   9.791912249994e-08  -9.861477837170e-02  -4.588546588713e-03   1.389209703351e-02   1.224036950205e-07   4.382076848674e-03  -2.958287072224e-03   1.488714134856e-03   2.734569031823e-09  -1.041046148359e-03   8.402521734173e-09   6.766734116604e-04  -1.518487850498e-09  -4.156642876557e-04  -1.198529336799e-02  -5.901098415473e-03   4.066498706819e-03   3.284697171639e-04   7.816566602074e-04   4.001775323370e-03   3.155107514895e-08   1.029489846750e-03   1.537263044068e-03  -7.034453699077e-03   1.247699149610e-04  -4.763047355728e-08  -2.570572072318e-03  -1.227583845258e-02   7.423323409299e-04  -7.156396893085e-08   1.099852769405e-02   1.031699356158e-03  -1.793413509887e-05   7.957632386129e-08  -1.510264227326e-02  -1.971390843502e-03   7.669731745537e-04   1.685892471110e-07   1.838557525948e-03   1.149681989077e-08   2.202147352826e-03   1.477556574562e-08  -3.741029829976e-03   2.724860475503e-03   3.618093795007e-03   4.529079920734e-03   3.062187021871e-03  -1.059396072739e-04  -5.329367185897e-05  -5.568925210478e-09   1.245211730219e-03  -9.186515914442e-04   4.004212847927e-04   1.894083401587e-03  -4.153912886040e-04   9.766460410272e-05   3.150863567375e-04   1.244955682800e-03  -9.193812972906e-04   3.999831477009e-04   1.894088797802e-03  -4.154105190978e-04   9.779686415027e-05  -3.150837733382e-04
  -3.094447326526e-03  -4.872097924678e-03   5.276891203632e-02  -6.030934761194e-03  -2.000082038594e-08   1.382226428271e-02   8.295805417644e-02  -9.405274517872e-03  -3.069582371782e-08   1.891778666173e-02   5.976198087525e-02  -1.464939594072e-02  -6.598408300882e-08   2.099204872850e-02   1.659024617357e-03  -1.175868850759e-04   5.308888423625e-08   3.917690213930e-03  -1.738209638211e-09   1.619382730199e-03   3.315699233509e-08  -3.757383719979e-03   1.681132869337e-02   2.385865024546e-02  -2.397731342895e-03   3.102160118332e-03   2.880866987123e-03  -5.089877404747e-03  -2.737307468493e-08   7.417873850634e-03   1.256793491374e-02  -3.041221639467e-02   2.314927112555e-03  -4.111070263950e-08  -3.326963636457e-02  -5.626725371093e-02   3.655510341320e-03   3.496966489225e-09  -1.652304782970e-02  -2.570730600189e-02  -2.460814668954e-03  -1.609232440190e-07  -1.466325382330e-02  -1.090040127774e-03  -1.094147200887e-04  -1.919607083516e-07   4.874775504972e-04   2.102872888544e-08   5.731543067285e-03  -1.812765758323e-08  -9.555555151501e-03   2.880498959274e-03   1.796637415245e-03   3.337438069534e-03   3.260789512380e-03  -1.476983349510e-03  -8.181237300969e-04  -1.858141291719e-07   4.078991480236e-03   6.448137039139e-03   8.725660101090e-03   1.413900815021e-03  -1.306607821085e-03   5.959278915362e-04   3.798076199460e-04   4.079225513562e-03   6.449158502562e-03   8.726371962285e-03   1.413256238771e-03  -1.306557332198e-03   5.959859298489e-04  -3.795546580179e-04
   5.538201490380e-03   8.838028979593e-03  -6.030934761194e-03   6.282724736872e-02  -1.995307656434e-07  -2.639875800491e-02  -9.398014687100e-03   9.657667789903e-02  -3.145353878196e-07  -5.345838906516e-02  -1.467716029632e-02   7.356982966641e-02  -4.356138020339e-07  -1.188332582582e-02  -6.019448513133e-03   7.053261053600e-03  -2.035331209888e-07  -4.867569640369e-04   7.904251820653e-08  -3.165630890666e-03   1.916893230637e-08  -3.906948378437e-03   3.891578893107e-02   5.999598127014e-02   1.475584709336e-02   2.752639046077e-03  -7.834621466040e-03  -5.589493199278e-03  -3.674357220126e-08  -1.068424371870e-03  -1.818581187168e-03   4.351448589344e-03  -1.687559791880e-03   5.526958661288e-08   4.682812361205e-03   8.882465615327e-03   6.761554014480e-06   3.694210757891e-08   3.600584435345e-03   5.527782539395e-03   2.191358596874e-04   5.939227857316e-07  -1.047741085456e-03  -1.542379033610e-03   1.084730608181e-03   5.833019384618e-07   6.721329083463e-03   1.480024437055e-07  -1.262001488006e-03  -1.285843114681e-08   1.929972523325e-03   4.346876224932e-03   1.344101594483e-02   1.096615009005e-02   1.012644318982e-03   1.027730494564e-03   8.531156271671e-04   2.252341733125e-07  -2.964619770737e-03  -7.756786194354e-03  -7.867227943098e-03  -1.444652862333e-03  -1.601423476337e-04  -3.592487874549e-04   3.524835325490e-04  -2.966260533986e-03  -7.761074218804e-03  -7.869947506862e-03  -1.444325506419e-03  -1.602765990085e-04  -3.589469251132e-04  -3.527656769169e-04
   5.325349762360e-08   8.319956315751e-08  -2.000082038594e-08  -1.995307656434e-07   8.396295879545e-02  -1.993816366025e-07  -5.146244887915e-08  -3.471081683266e-07   1.301980507867e-01  -9.254252698937e-07  -1.121427914089e-07  -7.709404303195e-07   1.235337817155e-01   6.123241518741e-08   5.121836953278e-07   8.981288033438e-08   2.381296321045e-02   1.764694958429e-08   3.927706130680e-03  -7.179341798250e-09  -2.383943480036e-03  -1.031208716038e-08   2.411842595724e-07   1.212270630397e-06  -1.243951724435e-06  -5.244842249032e-07  -1.299934694490e-07  -1.305504655898e-07   9.163021263108e-03  -1.147303668506e-08  -1.952059936691e-08   2.885048911697e-08  -6.851043097949e-08  -1.142048843173e-03  -2.453027069561e-08   8.041182235270e-08  -1.647666989640e-07   1.644555774706e-03   8.702119753717e-07   1.879774323833e-07   7.167053377429e-07  -5.507153521831e-03   2.249347239737e-06   4.437536764840e-07   2.653054807978e-06  -4.309866898485e-03   8.164920350269e-09  -1.376732054011e-03  -3.419581287644e-07   9.883833236746e-03  -2.016013488630e-07   1.278279025454e-06   3.208188798147e-06   4.673103897743e-06   1.971941044998e-06   1.697114476825e-07   2.039014393097e-07  -3.118142126917e-04  -6.352281418220e-03  -1.693395876931e-02  -1.368683929922e-02   2.845330730397e-03  -6.634183652757e-04   4.143321867610e-04   4.180778761502e-04   6.351043753788e-03   1.693054205373e-02   1.368117869833e-02  -2.848053699408e-03   6.631927999635e-04  -4.145621905740e-04   4.176692398248e-04
  -6.566007680441e-02  -1.124614266827e-01   1.382226428271e-02  -2.639875800491e-02  -1.993816366025e-07   3.299684470952e-01   1.870506023782e-02  -3.704267491802e-02  -2.623425986811e-07   2.831091047205e-01   1.455273727857e-02  -4.320768409353e-02  -3.122881625512e-07  -9.575084966199e-03   8.474183401946e-03  -4.595153697633e-03   4.798865039275e-09   3.004516837961e-03  -3.054424489482e-08  -1.533664759985e-03   3.928001167001e-09   1.222528998332e-03   3.274906860603e-02   1.436978521255e-02  -1.273215906924e-02  -9.059079573571e-04  -1.902517760447e-03  -1.132638104535e-02  -8.713110664272e-08  -2.416476719231e-03  -3.527146463040e-03   1.971853486234e-02  -4.129014050233e-04   1.233492936677e-07   5.113473091228e-03   3.457304215176e-02  -2.301246352978e-03   2.006561792435e-07  -3.318679196095e-02  -3.465042129618e-03  -2.773035567016e-04  -2.730316559539e-07   4.122063568818e-02   5.410409176524e-03  -2.026353870683e-03  -5.000429883295e-07  -5.577948788598e-03  -3.091967491760e-08  -6.253453011477e-03  -4.221475436777e-08   1.064863919363e-02  -8.214586387661e-03  -1.138600545701e-02  -1.331003163256e-02  -8.262686364399e-03   2.312128304289e-04   7.404859858585e-05  -1.581678908135e-09  -3.804159798539e-03   2.434349669085e-03  -5.761526984181e-04  -5.230210991154e-03   1.141241743816e-03  -2.143912079854e-04  -8.619245982587e-04  -3.803364682824e-03   2.436637621712e-03  -5.747646960600e-04  -5.230295079219e-03   1.141302209921e-03  -2.147662060566e-04   8.619502039096e-04
  -3.306072467146e-03  -5.804992165651e-03   8.295805417644e-02  -9.398014687100e-03  -5.146244887915e-08   1.870506023782e-02   1.304694579599e-01  -1.469608742390e-02  -7.973134739388e-08   2.734434844006e-02   9.389092934246e-02  -2.282968586068e-02  -1.333672968378e-07   3.337158834902e-02   2.470830400563e-03  -1.574781887967e-04   7.742853171712e-08   6.140785691862e-03  -3.783273143284e-09   2.582239156373e-03   5.247023900064e-08  -5.934615489172e-03   2.605165057321e-02   3.724896658237e-02  -3.731890570307e-03   4.927111164293e-03   4.570507363927e-03  -7.889011392720e-03  -4.456316296286e-08   1.190658155138e-02   2.034375655293e-02  -4.775632039532e-02   3.702739620092e-03  -5.946922397765e-08  -5.424021519472e-02  -8.847810287367e-02   5.856726753665e-03   1.299834702354e-08  -2.692357885950e-02  -4.020243514176e-02  -3.835510772662e-03  -2.481296367024e-07  -2.377255653649e-02  -1.788135190559e-03  -1.578983200287e-04  -2.996542513766e-07   7.884097347025e-04   2.884991142558e-08   9.068462837084e-03  -3.169789859565e-08  -1.509443293508e-02   4.113552405109e-03   2.194696794029e-03   5.313419352911e-03   5.236282592894e-03  -2.351442002326e-03  -1.387699751851e-03  -3.107317119676e-07   6.057069671528e-03   9.567352700583e-03   1.378776703085e-02   2.301167950788e-03  -2.081147251808e-03   9.885839859045e-04   6.821117167751e-04   6.057439492756e-03   9.568951683482e-03   1.378887930360e-02   2.300149565064e-03  -2.081067243011e-03   9.887045526532e-04  -6.816959420689e-04
   6.120309856481e-03   1.092977668589e-02  -9.405274517872e-03   9.657667789903e-02  -3.471081683266e-07  -3.704267491802e-02  -1.469608742390e-02   1.485136446114e-01  -5.448057409768e-07  -7.924086313558e-02  -2.275814030002e-02   1.129530552550e-01  -7.356525707962e-07  -1.849580144424e-02  -9.211322723158e-03   1.072251356226e-02  -3.339315628415e-07  -7.603814635642e-04   1.191966452086e-07  -4.903947872913e-03   2.879046051382e-08  -5.993378035306e-03   6.024874013992e-02   9.243469173114e-02   2.259755204829e-02   4.238386901432e-03  -1.211633570890e-02  -8.713033236030e-03  -6.261382177619e-08  -1.706704431913e-03  -2.901219940507e-03   7.127358518630e-03  -2.054972022468e-03   1.264389408073e-07   7.432417461333e-03   1.443290885819e-02   8.577012660516e-04   1.207815159826e-07   5.260620281270e-03   8.673578567749e-03   9.299728431123e-04   9.600893182836e-07  -1.137604173266e-03  -2.323889483783e-03   1.648482977820e-03   8.978578061851e-07   1.023711557735e-02   1.907334885274e-07  -1.976468431124e-03  -3.088199017570e-08   3.179759144004e-03   6.118568837471e-03   1.983504469433e-02   1.647986672750e-02   1.397380158331e-03   1.572318346627e-03   1.273937986318e-03   3.363010847427e-07  -4.404891111104e-03  -1.160489398391e-02  -1.202793891589e-02  -2.259623466913e-03  -2.156386937673e-04  -5.450113160532e-04   4.996458751319e-04  -4.407330281970e-03  -1.161135554894e-02  -1.203207322029e-02  -2.259105541984e-03  -2.158414598130e-04  -5.445677439641e-04  -5.000708305698e-04
   5.564652562428e-08   9.791912249994e-08  -3.069582371782e-08  -3.145353878196e-07   1.301980507867e-01  -2.623425986811e-07  -7.973134739388e-08  -5.448057409768e-07   2.019021552141e-01  -1.387493948809e-06  -1.741212270591e-07  -1.201256981627e-06   1.914773984703e-01   1.128794227289e-07   7.965862699860e-07   1.421724057816e-07   3.682094673671e-02   2.705585703981e-08   6.094851354370e-03  -1.064553312697e-08  -3.720838424472e-03  -1.532384454127e-08   3.752764920710e-07   1.871309530839e-06  -1.949001777689e-06  -8.138984266108e-07  -1.997426107997e-07  -2.032332293817e-07   1.420699930892e-02  -1.934720333205e-08  -3.318561760230e-08   4.711346756263e-08  -9.493559884111e-08  -1.180439815686e-03  -2.968566081344e-08   1.282102548443e-07  -2.374306585698e-07   3.483198591456e-03   1.351481862452e-06   2.869612675179e-07   1.131489425625e-06  -7.975618082623e-03   3.495351639049e-06   6.890476023009e-07   4.121152084687e-06  -6.692099113183e-03   7.828088910750e-09  -2.044135880251e-03  -4.912064186987e-07   1.526996552013e-02  -2.880181292425e-07   1.885577105051e-06   4.821383653444e-06   7.190917441570e-06   3.050080299991e-06   2.587350063398e-07   3.008008133818e-07  -4.487602913657e-04  -9.417987825516e-03  -2.555423724097e-02  -2.093548853487e-02   4.467956756066e-03  -1.009080256313e-03   6.082808586056e-04   6.187684778867e-04   9.416163759633e-03   2.554908727629e-02   2.092675802868e-02  -4.472174105021e-03   1.008734599232e-03  -6.086213709891e-04   6.181607138766e-04
  -5.907544036345e-02  -9.861477837170e-02   1.891778666173e-02  -5.345838906516e-02  -9.254252698937e-07   2.831091047205e-01   2.734434844006e-02  -7.924086313558e-02  -1.387493948809e-06   2.599126950824e-01   2.395143025611e-02  -7.346546030375e-02  -1.366442277630e-06   1.359489184483e-03   9.516354314674e-03  -7.824260464461e-03  -2.138965190832e-07   2.900999169773e-03  -1.074672559604e-07   5.443997622898e-04   3.886974141751e-09   2.500372571023e-03   8.494281705783e-03  -1.687483873329e-02  -1.828836064717e-02  -1.486698776200e-03   2.591905003536e-03  -6.828037755203e-03  -1.549483296546e-07   1.755897048453e-03   3.250060995516e-03   1.326417460885e-02   4.147594230170e-03   4.822445556371e-07  -1.140826969303e-02   2.170330257057e-02   3.891605186332e-03   7.655606825795e-07  -3.718497516657e-02  -6.083176758946e-03   2.918686219352e-03  -7.346393605913e-08   3.073961252872e-02   4.868032935306e-03  -2.221358668461e-03  -6.764017978716e-07  -8.274160495463e-03  -2.968629058292e-07  -3.670177987364e-03  -1.855402665417e-07   7.377327287408e-03  -1.404148648672e-02  -2.404090435369e-02  -1.769382944808e-02  -7.094447371491e-03  -7.008192366238e-04  -1.247094438499e-03  -2.862048065001e-07  -2.292311674467e-03   5.133668115165e-03   5.222386186595e-03  -3.098016233163e-03   8.821950812302e-04   4.068664794416e-04  -5.874136090865e-04  -2.290629050006e-03   5.137930163214e-03   5.224870207623e-03  -3.098256323063e-03   8.823232082481e-04   4.064909534034e-04   5.877363392893e-04
  -2.686464602454e-03  -4.588546588713e-03   5.976198087525e-02  -1.467716029632e-02  -1.121427914089e-07   1.455273727857e-02   9.389092934246e-02  -2.275814030002e-02  -1.741212270591e-07   2.395143025611e-02   6.918290210544e-02  -2.560957234305e-02  -1.806089937198e-07   2.431341969428e-02   2.876051609724e-03  -1.130391811752e-03   5.633213376701e-08   4.383181624350e-03  -1.837746262826e-08   2.207011171574e-03   4.047641245196e-08  -3.636135915104e-03   1.328651201876e-02   1.866804198244e-02  -4.286242808547e-03   2.954199583561e-03   4.293873311766e-03  -4.824886653178e-03  -3.897901920073e-08   6.386679847670e-03   1.094307461048e-02  -3.642184851785e-02   3.284824700351e-03  -1.148394451000e-07  -2.932484357891e-02  -6.681605144537e-02   4.858195967539e-03  -1.025362156865e-07  -1.268911526603e-02  -3.062829193468e-02  -2.232085480765e-03  -2.810266554821e-07  -1.550384719034e-02  -9.919745435964e-04  -2.271659351851e-04  -2.669006563122e-07  -2.634907230648e-04  -3.097017806684e-08   6.843726222041e-03  -2.763259211453e-08  -1.132685747307e-02   4.524436581034e-03   2.873654512183e-03   2.345584009303e-03   3.440922523733e-03  -1.718468330532e-03  -6.212016843505e-04  -1.716930792132e-07   7.264052337709e-03   1.145792221458e-02   1.088916496180e-02   1.782236826124e-03  -1.378696414857e-03   5.074644602314e-04  -1.954273396670e-05   7.264689942480e-03   1.145987094599e-02   1.089038928744e-02   1.781530354019e-03  -1.378619438291e-03   5.073385738605e-04   1.980090753664e-05
   8.180944685725e-03   1.389209703351e-02  -1.464939594072e-02   7.356982966641e-02  -7.709404303195e-07  -4.320768409353e-02  -2.282968586068e-02   1.129530552550e-01  -1.201256981627e-06  -7.346546030375e-02  -2.560957234305e-02   8.782342198997e-02  -1.308026739862e-06  -1.626398417533e-02  -7.339185616185e-03   8.739225581654e-03  -4.100961580350e-07  -1.075234710446e-03   7.118281178902e-08  -3.796937282223e-03   2.734618005201e-08  -3.980800067492e-03   4.120968198232e-02   6.528514692365e-02   1.770039832316e-02   2.666088873803e-03  -9.279210330952e-03  -5.334760672152e-03  -9.121761725672e-08  -1.899577545811e-03  -3.278215473078e-03   8.489430718389e-03  -5.058991026338e-03   2.191686497289e-07   8.787916975145e-03   1.670738279883e-02  -4.893568818706e-03   2.537516488596e-07   6.794214776331e-03   9.826264793484e-03  -2.331357704340e-03   8.498019802434e-07  -3.916712613278e-04  -1.739891867517e-03   1.325943634546e-03   7.248677658357e-07   8.093788542778e-03   4.166837669193e-07  -2.382710491551e-03  -7.715913734105e-08   3.018540188073e-03   6.968864129497e-03   1.887560220374e-02   1.380664074538e-02   1.266634234542e-03   1.470687263101e-03   1.262674536705e-03   3.556067366700e-07  -5.224754087867e-03  -1.199463320446e-02  -1.093073727317e-02  -1.830780300387e-03  -1.079614695060e-04  -5.302918433977e-04   5.873897117857e-04  -5.227714003674e-03  -1.200151068760e-02  -1.093479683499e-02  -1.830386554030e-03  -1.081768299419e-04  -5.297923761478e-04  -5.878352240441e-04
   7.315430421112e-08   1.224036950205e-07  -6.598408300882e-08  -4.356138020339e-07   1.235337817155e-01  -3.122881625512e-07  -1.333672968378e-07  -7.356525707962e-07   1.914773984703e-01  -1.366442277630e-06  -1.806089937198e-07  -1.308026739862e-06   1.824794784697e-01  -7.348291052900e-08   7.550288594178e-07   7.741434601076e-08   3.596867340540e-02   2.702469086436e-08   5.740431613943e-03  -1.010236669445e-08  -3.292634808242e-03  -4.878980657763e-09   2.524221806017e-07   1.680928138375e-06  -1.701965586536e-06  -7.775979846764e-07  -1.923940881163e-07  -1.755166894218e-07   1.349690061275e-02  -1.271808989461e-08  -2.097168332768e-08   6.692490659608e-08  -1.693799883639e-07  -6.932937380870e-03  -6.070524422174e-08   1.676578167082e-07  -3.613533648474e-07  -5.880252276950e-03   1.249180821693e-06   3.310110280892e-07   9.095794719751e-07  -1.312058499486e-02   3.307122151953e-06   6.551903598515e-07   3.834737757530e-06  -6.261371433633e-03   2.761259028399e-08  -2.832457886246e-03  -8.567518560105e-07   1.504461168587e-02  -4.962553273790e-07   2.694589144926e-06   6.000381657261e-06   7.307962419675e-06   2.951473677386e-06   2.873932872636e-07   4.339729910167e-07  -7.679529900338e-04  -1.319101956653e-02  -3.118228151931e-02  -2.270052432253e-02   3.689808993546e-03  -1.150928397416e-03   9.138945609889e-04   8.777758852770e-04   1.318838317296e-02   3.117601726608e-02   2.269181184681e-02  -3.693863634520e-03   1.150567883390e-03  -9.143758922335e-04   8.769539296503e-04
   3.042172287481e-03   4.382076848674e-03   2.099204872850e-02  -1.188332582582e-02   6.123241518741e-08  -9.575084966199e-03   3.337158834902e-02  -1.849580144424e-02   1.128794227289e-07   1.359489184483e-03   2.431341969428e-02  -1.626398417533e-02  -7.348291052900e-08   1.311142557034e-02   3.709796216430e-04  -1.379494748947e-03  -1.638769565717e-07   1.358139872572e-03  -7.148700229455e-09   1.396575892857e-03  -4.383235319972e-08  -1.049190048769e-03  -2.387271333780e-03  -2.687333294688e-03  -3.266675166217e-03   1.288723274921e-03   2.593514377602e-03  -2.894730817602e-04  -3.261253317556e-09   7.882339864413e-03   1.286279283344e-02  -1.050961413145e-02   3.895556922541e-03   1.238206776912e-06  -3.242562143071e-02  -2.093216080996e-02   5.797270142976e-03   1.995221319765e-06  -1.742277917873e-02  -8.121729215723e-03   1.612169495673e-03   1.054843800874e-06  -1.130497679318e-02  -7.767576429603e-04  -1.410468666489e-04  -1.793203723619e-07  -1.038674539710e-03  -4.351478140237e-08   2.939764343827e-03  -1.347740710833e-07  -4.045055918730e-03  -5.886317116047e-03  -1.098988952897e-02  -1.212576629156e-03   1.661581810092e-03  -1.076641265188e-03  -1.630736464015e-03  -2.752453002110e-07  -8.809165919347e-04  -7.209602854666e-04   5.692705100130e-03   1.474607820904e-03  -6.467625035413e-04   8.437349781933e-04   7.910824845838e-04  -8.817091682627e-04  -7.217983841629e-04   5.692631577453e-03   1.474080754757e-03  -6.467647802678e-04   8.440459320323e-04  -7.908225167674e-04
  -1.802776810744e-03  -2.958287072224e-03   1.659024617357e-03  -6.019448513133e-03   5.121836953278e-07   8.474183401946e-03   2.470830400563e-03  -9.211322723158e-03   7.965862699860e-07   9.516354314674e-03   2.876051609724e-03  -7.339185616185e-03   7.550288594178e-07   3.709796216430e-04   1.026374685898e-03  -5.036731314535e-04   1.487494985947e-07   2.095754672897e-04   1.867145816583e-08   2.318651214833e-04  -1.790849215610e-08   3.695645070278e-04  -2.415597908665e-03  -4.249880365775e-03  -1.359700808689e-03  -4.014350749996e-04   7.077675369896e-04   1.721158918654e-04   5.696946597725e-08  -1.544710102516e-03  -2.443087507825e-03  -1.822328528148e-03  -1.139691378115e-03   6.324569281723e-08   5.923418794242e-03  -2.927866152285e-03  -2.069714372062e-03   1.248935550676e-07   3.383900363654e-03  -2.036919790088e-03  -1.371576779372e-03  -2.326605460446e-08   1.843081816956e-03   3.316009304172e-04  -1.215839131070e-04  -8.685612451091e-08  -5.005061830725e-04   9.814940777546e-08   1.964831432861e-05   5.818599710437e-08  -4.130861235226e-04   2.310896755488e-03   2.820534401789e-03  -4.698926673196e-04  -1.757340338418e-04   1.510002900384e-05   3.704915296328e-04   7.648743275205e-08   1.331184888745e-03   2.289047235821e-03   4.186854061859e-04  -9.604345109729e-05   4.049746531817e-05  -1.697437663515e-04  -2.644902124011e-04   1.330956968895e-03   2.288932588533e-03   4.188133853026e-04  -9.614882075641e-05   4.049433514829e-05  -1.698234423595e-04   2.644190529123e-04
   8.670422398590e-04   1.488714134856e-03  -1.175868850759e-04   7.053261053600e-03   8.981288033438e-08  -4.595153697633e-03  -1.574781887967e-04   1.072251356226e-02   1.421724057816e-07  -7.824260464461e-03  -1.130391811752e-03   8.739225581654e-03   7.741434601076e-08  -1.379494748947e-03  -5.036731314535e-04   2.014466159543e-03  -1.967235192980e-08   2.730196135279e-04   2.695262842990e-08  -3.410728665091e-04  -1.322948721455e-08  -4.515105593747e-04   4.656195161647e-03   7.972803120684e-03   1.865755008668e-03   1.182086488717e-04  -7.890433276091e-04  -6.848347523553e-04   1.868011429798e-08   2.724163291182e-04   4.490177880718e-04  -2.619667601270e-04  -6.984140857703e-03   3.388178849348e-07  -1.078421566451e-03  -3.223435517803e-04  -1.076086744701e-02   5.288746294230e-07  -5.334628652327e-04  -2.329640542103e-04  -7.080961878077e-03   2.908887910526e-07   8.132119482229e-05  -6.515603280458e-05   1.377546989532e-04   2.768110176656e-08   1.483519942398e-03   5.939694063987e-07  -8.877147162336e-04   1.032813014477e-08  -3.561373662848e-04   5.989513057646e-03   1.015975766788e-02   4.434887771953e-03   8.565056349328e-04   3.482097139889e-04   5.745703592077e-04   2.025609123804e-07  -3.351687835453e-03  -5.584858859650e-03  -2.583344236690e-03  -5.124593068019e-04  -1.915201332496e-04  -1.702024649628e-04   4.965598254127e-04  -3.354103819132e-03  -5.588952944922e-03  -2.585101558263e-03  -5.126962280903e-04  -1.916389450439e-04  -1.698395482325e-04  -4.967936081883e-04
   1.017533308938e-09   2.734569031823e-09   5.308888423625e-08  -2.035331209888e-07   2.381296321045e-02   4.798865039275e-09   7.742853171712e-08  -3.339315628415e-07   3.682094673671e-02  -2.138965190832e-07   5.633213376701e-08  -4.100961580350e-07   3.596867340540e-02  -1.638769565717e-07   1.487494985947e-07  -1.967235192980e-08   7.953174652110e-03   1.970724067145e-08   1.064626346789e-03  -1.293238621551e-09  -3.998897575170e-04  -2.907174412612e-10   1.778434469909e-08   3.339188839295e-07  -1.810076710125e-07  -1.507388386995e-07  -3.914090978748e-08  -3.475622309492e-08   2.618611571091e-03   3.312432598172e-08   5.487450589453e-08  -1.048962709202e-08  -2.187715480237e-07  -7.077564186836e-03  -1.657238798218e-07  -8.713075421244e-09  -3.739025786167e-07  -1.020524329932e-02   1.222961196788e-07   7.154805594096e-08  -1.068464095958e-07  -8.013816691836e-03   6.169235845262e-07   1.284875981567e-07   6.644325234986e-07  -1.119872555009e-03   3.930601985420e-08  -1.427923851398e-03  -5.574178810349e-07   3.449451458977e-03  -3.344741164468e-07   1.496378622646e-06   2.696171793104e-06   1.946031563679e-06   6.411265469133e-07   9.828721345529e-08   2.350663683493e-07  -4.859718545179e-04  -6.745373183157e-03  -1.286133377063e-02  -7.177482781092e-03   1.685915955862e-04  -4.129726047158e-04   5.087569908932e-04   4.563041323105e-04   6.743858400477e-03   1.285859703531e-02   7.175344958299e-03  -1.694377118928e-04   4.128609311655e-04  -5.090066207616e-04   4.558836954209e-04
  -6.300635984128e-04  -1.041046148359e-03   3.917690213930e-03  -4.867569640369e-04   1.764694958429e-08   3.004516837961e-03   6.140785691862e-03  -7.603814635642e-04   2.705585703981e-08   2.900999169773e-03   4.383181624350e-03  -1.075234710446e-03   2.702469086436e-08   1.358139872572e-03   2.095754672897e-04   2.730196135279e-04   1.970724067145e-08   3.761655517550e-04   3.236186204589e-09   9.833934704376e-05   2.820386045233e-09  -2.649213916396e-04   1.576823957607e-03   2.209304736469e-03  -1.808388827743e-04   1.688822184354e-04   1.924741040974e-04  -4.675258465648e-04   2.526911681218e-09   5.618327872164e-04   9.814778494095e-04  -2.152074949821e-03  -1.517209456679e-03  -1.838317715348e-08  -2.671131617357e-03  -3.977154425334e-03  -2.410492773761e-03  -2.480828183400e-08  -1.628517201356e-03  -2.021381392105e-03  -1.922419209178e-03  -5.053525195762e-08  -6.661916034162e-04  -1.197036973632e-05  -1.671716458503e-05  -2.341921860503e-08   1.856663792879e-04   1.286244043772e-07   1.669896044905e-04   9.928805897056e-09  -7.241797861566e-04   1.502634395047e-03   2.197524043102e-03   9.445230605461e-04   3.503864828032e-04  -4.197798717667e-05   6.307571039045e-05   2.534469378500e-08  -4.929543189624e-04  -7.075925512784e-04   1.701787972036e-04  -3.006192777334e-05  -1.257477141403e-04   7.288355600223e-06   1.332290410832e-04  -4.933415305577e-04  -7.081697701942e-04   1.699698457092e-04  -3.015519681426e-05  -1.257630943727e-04   7.359839405591e-06  -1.332517356203e-04
   4.167766477788e-09   8.402521734173e-09  -1.738209638211e-09   7.904251820653e-08   3.927706130680e-03  -3.054424489482e-08  -3.783273143284e-09   1.191966452086e-07   6.094851354370e-03  -1.074672559604e-07  -1.837746262826e-08   7.118281178902e-08   5.740431613943e-03  -7.148700229455e-09   1.867145816583e-08   2.695262842990e-08   1.064626346789e-03   3.236186204589e-09   1.857622595934e-04  -4.639269589842e-09  -1.228763358576e-04  -6.013994297674e-09   7.314375274059e-08   1.533960213174e-07  -4.434999699089e-08  -2.271044373097e-08  -1.575040499057e-08  -1.575049265059e-08   4.278206030254e-04  -1.975143752035e-09  -3.300396982328e-09  -9.473193958538e-10  -6.300466135585e-08   2.242698831394e-04   5.450636817301e-09   1.813695746896e-09  -9.847680632161e-08   5.157227534221e-04   4.466073043322e-08   4.015873368208e-09  -2.231170882285e-08   7.667430141820e-06   1.114991824691e-07   2.020472461111e-08   1.291625630150e-07  -2.058243319528e-04   1.458485671293e-08  -2.174421513885e-05  -6.143680472907e-09   4.357831402466e-04  -7.730197050321e-10   7.435693798654e-08   1.814360333510e-07   2.379824804722e-07   9.664440050681e-08   9.579102955677e-09   8.555052959169e-09   1.759378488467e-06  -9.390833985773e-05  -4.608547159905e-04  -5.047720752124e-04   1.593445381819e-04  -2.179186092753e-05   3.292949950879e-06   5.674955045121e-06   9.383655655182e-05   4.606636424329e-04   5.044756140213e-04  -1.594806682400e-04   2.177972007213e-05  -3.300134914664e-06   5.659620709562e-06
   4.548849230110e-04   6.766734116604e-04   1.619382730199e-03  -3.165630890666e-03  -7.179341798250e-09  -1.533664759985e-03   2.582239156373e-03  -4.903947872913e-03  -1.064553312697e-08   5.443997622898e-04   2.207011171574e-03  -3.796937282223e-03  -1.010236669445e-08   1.396575892857e-03   2.318651214833e-04  -3.410728665091e-04  -1.293238621551e-09   9.833934704376e-05  -4.639269589842e-09   2.295499420944e-04  -1.431497902333e-09   7.854201861580e-05  -1.896256709398e-03  -2.637346750531e-03  -7.293118921948e-04  -2.420763531255e-05   5.029962213406e-04   2.663056054441e-04  -3.079646390465e-10   4.399505016162e-04   7.821025924547e-04  -1.084685675114e-03   2.830195504039e-04   3.936529966343e-08  -2.118723396744e-03  -2.103505427097e-03   3.254705617935e-04   6.596713233092e-08  -9.242517237552e-04  -8.183463376449e-04   4.868165974843e-05   1.064061236700e-08  -9.203501054649e-04  -1.838306752557e-05  -4.050368095330e-05  -3.080856351623e-08  -2.986266438020e-04  -1.040864585808e-08   2.884284625202e-04  -6.527831040266e-09  -4.334723136102e-04  -3.987727130590e-04  -1.030158395412e-03  -4.127501408761e-04   1.227276291585e-04  -1.109685700452e-04  -1.248737945342e-04  -2.585053529010e-08   1.387538730258e-04   3.266557059741e-04   6.936464555105e-04   1.831024448145e-04  -4.359160673348e-05   6.371487305093e-05   3.372701010612e-05   1.388050714903e-04   3.268263016288e-04   6.937672209862e-04   1.830624416718e-04  -4.358506245373e-05   6.371868493041e-05  -3.369846127024e-05
  -9.487099592889e-10  -1.518487850498e-09   3.315699233509e-08   1.916893230637e-08  -2.383943480036e-03   3.928001167001e-09   5.247023900064e-08   2.879046051382e-08  -3.720838424472e-03   3.886974141751e-09   4.047641245196e-08   2.734618005201e-08  -3.292634808242e-03  -4.383235319972e-08  -1.790849215610e-08  -1.322948721455e-08  -3.998897575170e-04   2.820386045233e-09  -1.228763358576e-04  -1.431497902333e-09   1.312969552207e-04  -3.891509344953e-09   1.852171980938e-08   1.674630166294e-08   8.512912747901e-08   1.868735672384e-08  -1.904321957396e-09  -2.196637481034e-09  -2.555899240120e-04   4.435101394125e-09   8.076874435300e-09  -1.769354829101e-08  -1.177443804990e-08  -1.522822238309e-03  -2.180914095064e-08  -3.089683525792e-08  -1.753233544403e-08  -2.504186084743e-03  -4.008961399702e-08  -8.408565319611e-09  -5.886261798648e-08  -1.329397822053e-03  -7.596268396240e-08  -1.418782857985e-08  -9.478224984286e-08   1.459640150781e-04   1.065230723475e-08  -1.998203935976e-04  -9.040414453036e-08  -1.318051300593e-04  -5.963665120568e-08   2.086970046278e-07   2.980488266351e-07   5.950174190686e-09  -3.830603862449e-08   5.890221327369e-09   3.402537298787e-08  -8.269247191139e-05  -9.580873853867e-04  -1.374933699219e-03  -3.703317386858e-04  -2.277933032381e-04  -3.293526479643e-05   7.833329841605e-05   6.590066715039e-05   9.578924070929e-04   1.374676173136e-03   3.703822632256e-04   2.278559975656e-04   3.293100718642e-05  -7.836896308881e-05   6.584725091882e-05
  -2.602461016378e-04  -4.156642876557e-04  -3.757383719979e-03  -3.906948378437e-03  -1.031208716038e-08   1.222528998332e-03  -5.934615489172e-03  -5.993378035306e-03  -1.532384454127e-08   2.500372571023e-03  -3.636135915104e-03  -3.980800067492e-03  -4.878980657763e-09  -1.049190048769e-03   3.695645070278e-04  -4.515105593747e-04  -2.907174412612e-10  -2.649213916396e-04  -6.013994297674e-09   7.854201861580e-05  -3.891509344953e-09   5.871178525311e-04  -3.963934480812e-03  -5.969999032076e-03  -8.079207555639e-04  -4.818597387794e-04   3.133018362689e-04   7.699074163102e-04   2.034937589089e-09  -7.815942162065e-04  -1.399759302232e-03   1.854869126581e-03  -3.129375072334e-04   1.737652637399e-08   3.888108801221e-03   3.495696606164e-03  -6.831849278869e-04   2.425646960794e-08   2.063876716005e-03   1.418381267872e-03  -6.038463595669e-05  -1.004245575305e-08   1.581026170202e-03   2.273212214560e-04  -6.700488495683e-05  -2.398958510370e-08  -4.781188211313e-04   1.150412567330e-08  -3.875144383483e-04  -1.171759028633e-09   5.820702670102e-04   4.934431094711e-05  -2.111638036802e-04  -9.176477845641e-04  -3.455990490446e-04   7.306765005010e-05   1.062710741171e-04   2.104354922808e-08   1.450920321616e-04   4.002600997179e-04  -2.263719765305e-04  -5.138845987330e-05   1.242924241657e-04  -6.890370522303e-05  -1.107297604150e-04   1.450917813848e-04   4.003202628738e-04  -2.263078880780e-04  -5.136385064210e-05   1.242924153498e-04  -6.894152751906e-05   1.107062898417e-04
  -7.199113487190e-03  -1.198529336799e-02   1.681132869337e-02   3.891578893107e-02   2.411842595724e-07   3.274906860603e-02   2.605165057321e-02   6.024874013992e-02   3.752764920710e-07   8.494281705783e-03   1.328651201876e-02   4.120968198232e-02   2.524221806017e-07  -2.387271333780e-03  -2.415597908665e-03   4.656195161647e-03   1.778434469909e-08   1.576823957607e-03   7.314375274059e-08  -1.896256709398e-03   1.852171980938e-08  -3.963934480812e-03   3.858315077390e-02   5.380504834431e-02   7.927271975879e-03   2.885950488666e-03  -4.802668513554e-03  -7.454114568163e-03   5.026185339779e-10   1.477182545946e-03   2.593442053271e-03  -5.358835256941e-03  -2.223439731011e-03  -5.757271541901e-08  -7.584756525402e-03  -9.518348426706e-03  -1.847608608598e-03  -8.570505566200e-08  -7.854954742915e-03  -6.128769365649e-03  -2.637802757392e-03   1.882360279014e-07   2.629696813577e-05  -6.836878376543e-04   4.510317195266e-04   2.496114533139e-07   4.375026113275e-03   2.274664469201e-07   8.339739254826e-05   4.475152561880e-08  -7.161296671090e-04   4.604902441083e-03   1.116697129019e-02   7.984626041542e-03   9.012795769299e-04   3.044506862695e-04   4.897529906935e-04   1.352374070993e-07  -1.810513476527e-03  -3.860700793589e-03  -3.011524056280e-03  -1.368585382838e-03  -4.616813225379e-04  -1.258607795752e-04   3.531483708944e-04  -1.811752201331e-03  -3.863431313320e-03  -3.013090821321e-03  -1.368657680054e-03  -4.617598298528e-04  -1.256273193988e-04  -3.532931569690e-04
  -3.623248404873e-03  -5.901098415473e-03   2.385865024546e-02   5.999598127014e-02   1.212270630397e-06   1.436978521255e-02   3.724896658237e-02   9.243469173114e-02   1.871309530839e-06  -1.687483873329e-02   1.866804198244e-02   6.528514692365e-02   1.680928138375e-06  -2.687333294688e-03  -4.249880365775e-03   7.972803120684e-03   3.339188839295e-07   2.209304736469e-03   1.533960213174e-07  -2.637346750531e-03   1.674630166294e-08  -5.969999032076e-03   5.380504834431e-02   7.863060917368e-02   1.310072425907e-02   4.218132407578e-03  -6.829905848295e-03  -9.901605057109e-03   1.076973881305e-07   2.293575941203e-03   3.967517861292e-03  -1.064405787724e-02  -6.883811955979e-03  -4.189796489140e-07  -1.111817601181e-02  -1.876229975746e-02  -8.270385487425e-03  -6.231849600424e-07  -7.766439387382e-03  -9.434556503778e-03  -7.677027372313e-03  -9.064710142682e-08  -3.781810596859e-03  -1.475815066543e-03   8.783986861260e-04   3.664615196756e-07   7.410648974740e-03   5.624080574116e-07   3.859457040930e-04   2.148705855701e-07  -2.504323883084e-03   1.096106412963e-02   2.281039950081e-02   1.485237863604e-02   2.540001667351e-03   5.630052135715e-04   1.049008823012e-03   2.769900351014e-07  -3.532896135108e-03  -7.928071258194e-03  -5.280334958701e-03  -1.693476758775e-03  -8.797798395043e-04  -2.715686556788e-04   7.857180675933e-04  -3.535170652951e-03  -7.932787556276e-03  -5.282833674423e-03  -1.693679587220e-03  -8.799131740151e-04  -2.710976850357e-04  -7.859994521893e-04
   2.327576665479e-03   4.066498706819e-03  -2.397731342895e-03   1.475584709336e-02  -1.243951724435e-06  -1.273215906924e-02  -3.731890570307e-03   2.259755204829e-02  -1.949001777689e-06  -1.828836064717e-02  -4.286242808547e-03   1.770039832316e-02  -1.701965586536e-06  -3.266675166217e-03  -1.359700808689e-03   1.865755008668e-03  -1.810076710125e-07  -1.808388827743e-04  -4.434999699089e-08  -7.293118921948e-04   8.512912747901e-08  -8.079207555639e-04   7.927271975879e-03   1.310072425907e-02   3.724879505876e-03   4.697153109522e-04  -1.756654026921e-03  -9.745924000596e-04  -1.324448871717e-07  -1.138933344125e-03  -1.917611313446e-03   3.096250824652e-04  -1.574490639187e-03  -1.121662040042e-06   5.037097054546e-03   1.099694127382e-03  -1.859354437018e-03  -1.835295214118e-06   4.127403699580e-03   1.072616831689e-03  -1.089522680082e-03  -8.835510497391e-07  -1.261954451576e-04  -3.650872941310e-04   2.924625392388e-04   2.228855015128e-07   1.758299371068e-03  -2.931975116515e-08  -3.386461243985e-04  -2.798872764775e-08   1.833718504718e-04   2.972761312565e-03   6.053016601107e-03   3.252704619399e-03   3.929544206954e-04   3.325911786837e-04   4.825217911230e-04   5.335903556548e-08  -2.756995454537e-04  -1.415387440877e-03  -2.223513972732e-03  -3.495335964981e-04  -3.489193854114e-05  -2.065315812601e-04  -7.200469968940e-07  -2.748992874878e-04  -1.414657951348e-03  -2.223640888561e-03  -3.491723912880e-04  -3.488289872544e-05  -2.065867171542e-04   6.906104387015e-07
   2.123954694436e-04   3.284697171639e-04   3.102160118332e-03   2.752639046077e-03  -5.244842249032e-07  -9.059079573571e-04   4.927111164293e-03   4.238386901432e-03  -8.138984266108e-07  -1.486698776200e-03   2.954199583561e-03   2.666088873803e-03  -7.775979846764e-07   1.288723274921e-03  -4.014350749996e-04   1.182086488717e-04  -1.507388386995e-07   1.688822184354e-04  -2.271044373097e-08  -2.420763531255e-05   1.868735672384e-08  -4.818597387794e-04   2.885950488666e-03   4.218132407578e-03   4.697153109522e-04   4.718318050322e-04  -2.094785770426e-04  -5.701136024255e-04  -6.147343483337e-08   1.390935256798e-03   2.232304134028e-03  -1.045294630776e-03   1.493133309650e-03  -2.459723863610e-08  -5.569313179249e-03  -2.200360518431e-03   2.501076075643e-03  -5.674909088624e-08  -3.276646816573e-03  -7.432737737435e-04   1.297035685727e-03   3.274274210304e-08  -1.819596681541e-03  -2.358687762680e-04   4.283632547067e-05   4.525103399110e-08   2.042697910226e-04  -1.013384619744e-07   4.460205197326e-04  -6.589572729178e-08  -3.462111575344e-04  -1.681299186016e-03  -2.378776334002e-03   9.405331345033e-05   2.030160675339e-04  -1.401403282479e-04  -3.135666686331e-04  -7.069806127708e-08  -1.540971143394e-04  -2.892247304221e-04   5.841867296211e-04   1.520455820893e-04  -9.428894428806e-05   1.497882092119e-04   1.217841653266e-04  -1.538191298147e-04  -2.888978855669e-04   5.842090370254e-04   1.520902005698e-04  -9.427898242153e-05   1.498077128118e-04  -1.217119004789e-04
