ARMA_MAT_TXT_FN008
50 50
  -1.875104802543e+01  -1.935027306664e+01   2.088715936473e-04   1.406839098292e-06  -9.889373783872e-07  -6.747503767414e+00   9.639613389023e-05   6.470500557601e-07  -4.547786525777e-07  -3.044623750238e+00   3.067865500356e-05   2.042012287195e-07  -1.434719577822e-07  -1.283008747640e+00   7.715130894819e-06   5.108628565920e-08  -3.588537355954e-08  -5.326442902578e-07  -1.144709314448e-07   1.101541654509e-05   3.917041902274e-07  -2.067716082086e-05  -2.015922672375e-01  -1.465344224409e+00  -1.560759481037e+00  -9.558820362303e-01   1.728157827857e+00   3.244722462293e-03  -1.652640203424e-03  -2.019903868381e-01  -1.466370097644e+00  -1.561122816612e+00  -9.559614078482e-01  -5.783466713584e-01  -4.390136472683e-01   1.570519548211e+00  -2.018839307596e-01  -1.466095881401e+00  -1.561026131108e+00  -9.559403313738e-01  -5.837254013667e-01   1.577031903746e+00  -4.050302437847e-01  -2.019503880806e-01  -1.466267078147e+00  -1.561086494246e+00  -9.559534900025e-01  -5.795274891875e-01  -1.141551782688e+00  -1.163627887662e+00
  -1.935027306664e+01  -1.699369503605e+01   2.901504527239e-04   1.954409922614e-06  -1.373855852449e-06  -7.089464566426e+00   9.016072746637e-05   6.074541116763e-07  -4.270151699223e-07  -3.236546010967e+00   2.354935005905e-05   1.587885285736e-07  -1.116254586421e-07  -1.364693126467e+00   5.510311167942e-06   3.717643035953e-08  -2.613498472184e-08  -2.671404338321e-07  -5.741083268894e-08   5.498464082387e-06   1.964541635818e-07  -1.032555430107e-05  -2.154703619855e-01  -1.562327031259e+00  -1.660213413311e+00  -1.016683908926e+00   1.884471705641e+00   3.538237163115e-03  -1.802143027299e-03  -2.159111383090e-01  -1.563410356402e+00  -1.660596188172e+00  -1.016767400664e+00  -6.306465427342e-01  -4.787102986653e-01   1.712529691856e+00  -2.157920814873e-01  -1.563119222494e+00  -1.660493418634e+00  -1.016744988740e+00  -6.365155620064e-01   1.719641568084e+00  -4.416567951359e-01  -2.158664059323e-01  -1.563300982350e+00  -1.660557580850e+00  -1.016758981303e+00  -6.319355981730e-01  -1.244776515909e+00  -1.268848883416e+00
   2.088715936473e-04   2.901504527239e-04  -6.378676370765e+00  -3.820477498563e-06   2.809564833475e-06   7.730990857163e-04  -4.291447611213e+00  -4.120008028326e-06   3.029823182303e-06   4.914558455370e-04  -1.616658623729e+00  -1.701108574446e-06   1.250974173846e-06   2.327945515783e-04  -4.346142572661e-01  -4.648191136122e-07   3.418211701892e-07  -1.660901290478e-04  -1.811179053364e-05   1.925681789471e-02   8.369352886542e-05  -3.347491944578e-02  -8.758131118934e-01  -1.296098236471e+00  -4.986417883676e-01  -1.159159117687e-01   2.105859555555e+00   5.265604193024e-03  -2.681853992239e-03   2.931647131978e-01   4.336946225123e-01   1.670302248201e-01   3.897356071384e-02  -3.860301221779e-01   2.380998327806e-01  -8.517743361998e-01   2.958920505400e-01   4.378263801085e-01   1.686369174619e-01   3.934881749886e-02  -3.798065924904e-01  -8.636849681619e-01   2.218208981327e-01   2.937636286755e-01   4.346170697720e-01   1.673915025894e-01   3.905815527615e-02  -3.846126728616e-01   6.205014725034e-01   6.325013417808e-01
   1.406839098292e-06   1.954409922614e-06  -3.820477498563e-06  -6.378380675405e+00  -8.210563175841e-07   5.138887463653e-06  -4.120008028326e-06  -4.291123041854e+00  -8.854550819642e-07   3.170507796196e-06  -1.701108574446e-06  -1.616520432539e+00  -3.656117807151e-07   1.474972240061e-06  -4.648191136122e-07  -4.345758888055e-01  -9.990374527213e-08   2.309720105305e-02   2.177349000105e-02   2.011000277641e-02  -1.811179053364e-05   1.143960600710e-02  -1.644493070308e-03  -2.433374697258e-03  -9.354441336049e-04  -2.169633005923e-04   5.266138502981e-03  -6.988074874264e-01  -5.077082540517e-06   2.225072114695e-01   3.290260844232e-01   1.265766460986e-01   2.944909353347e-02   2.380200221236e-01  -5.189825589020e-01  -6.463975070973e-01  -7.992974859232e-01  -1.182202153424e+00  -4.548358107471e-01  -1.058219676027e-01  -8.633982829747e-01   1.633311065726e+00  -5.991291431152e-01   5.785786617711e-01   8.556280768733e-01   3.291718492560e-01   7.658446744573e-02   6.202940358601e-01   5.223448988317e-01   1.245570942278e+00
  -9.889373783872e-07  -1.373855852449e-06   2.809564833475e-06  -8.210563175841e-07  -6.378392142078e+00  -3.610380531404e-06   3.029823182303e-06  -8.854550819642e-07  -4.291135373837e+00  -2.224622878898e-06   1.250974173846e-06  -3.656117807151e-07  -1.616525499547e+00  -1.034112434177e-06   3.418211701892e-07  -9.990374527213e-08  -4.345772697381e-01  -1.811179053364e-05   2.322585041294e-02  -1.893473557066e-02   2.297606859300e-02  -1.084489823609e-02   8.376165958216e-04   1.239354241864e-03   4.762359454067e-04   1.103216738923e-04  -2.682252341961e-03  -5.077319505141e-06  -6.988152726594e-01  -7.959934130694e-01  -1.177050425341e+00  -4.528092869945e-01  -1.053477595224e-01  -8.514888326266e-01  -6.463975144104e-01   1.612737352377e+00   2.052841653763e-01   3.036255748088e-01   1.168152244176e-01   2.717788249423e-02   2.217472639589e-01  -5.991291306585e-01  -5.455930304742e-01   5.897676698726e-01   8.721738263150e-01   3.355353517429e-01   7.806377279008e-02   6.322898911000e-01   1.245570937374e+00   5.700625928071e-01
  -6.747503767414e+00  -7.089464566426e+00   7.730990857163e-04   5.138887463653e-06  -3.610380531404e-06  -7.873554006835e+00   1.164612054034e-03   5.266781345286e-06  -3.627103655270e-06  -5.378041341467e+00   6.643035385467e-04   8.113737822937e-07  -4.636697134885e-07  -2.738171105759e+00   2.105072024605e-04  -7.651299220190e-08   9.728883003250e-08  -1.073941536309e-05  -2.308583971212e-06   2.700291730273e-04   7.897460660670e-06  -4.989506841842e-04  -1.204382843504e+00  -2.913847937234e+00  -3.134836404956e+00  -2.090250476420e+00   2.802376018472e+00   5.260597053085e-03  -2.679138451499e-03  -1.205655044121e+00  -2.915706537531e+00  -3.135715368964e+00  -2.090482377049e+00  -9.372141229267e-01  -7.115833187156e-01   2.545603377793e+00  -1.205366105794e+00  -2.915320045400e+00  -3.135546402463e+00  -2.090438924949e+00  -9.460912749855e-01   2.556587078733e+00  -6.566097996797e-01  -1.205546453669e+00  -2.915561259649e+00  -3.135651845379e+00  -2.090466040132e+00  -9.391873805636e-01  -1.850420558190e+00  -1.886204045298e+00
   9.639613389023e-05   9.016072746637e-05  -4.291447611213e+00  -4.120008028326e-06   3.029823182303e-06   1.164612054034e-03  -5.146343975602e+00  -9.746587376847e-06   7.167293482824e-06   1.210561137356e-03  -3.165797741574e+00  -5.414539010311e-06   3.981534683402e-06   6.993722266821e-04  -1.095573186397e+00  -1.617594559866e-06   1.189469603572e-06  -6.795454121791e-04  -7.368116838916e-05   7.838854512747e-02   3.438550232378e-04  -1.362689854987e-01  -2.040061653331e+00  -2.446316108470e+00  -1.130083816952e+00  -3.014500709045e-01   2.101229460133e+00   6.368757330176e-03  -3.243355374129e-03   6.825223014513e-01   8.185821262101e-01   3.787079919710e-01   1.014632670751e-01  -9.137593471763e-01   2.879960782668e-01  -1.030271136797e+00   6.889845109784e-01   8.264123608142e-01   3.823518533189e-01   1.024393895910e-01  -9.061986711900e-01  -1.044776894417e+00   2.683307336981e-01   6.839586446180e-01   8.203350810009e-01   3.795276547035e-01   1.016833085700e-01  -9.120325401926e-01   7.505601317456e-01   7.650745427895e-01
   6.470500557601e-07   6.074541116763e-07  -4.120008028326e-06  -4.291123041854e+00  -8.854550819642e-07   5.266781345286e-06  -9.746587376847e-06  -5.145367658211e+00  -2.095361704785e-06   1.478567419460e-06  -5.414539010311e-06  -3.165062778315e+00  -1.164511266395e-06  -2.542006216398e-07  -1.617594559866e-06  -1.095319084000e+00  -3.479738747321e-07   9.283679316125e-02   8.816956869262e-02   8.143231698084e-02  -7.368116838916e-05   4.632951246702e-02  -3.830763432957e-03  -4.594841932790e-03  -2.123942487958e-03  -5.675676502025e-04   6.371765282994e-03  -1.291801785959e+00  -6.165673544167e-06   5.180216655517e-01   6.209559079669e-01   2.868622584657e-01   7.659325504105e-02   2.878295599171e-01  -1.074529257530e+00  -7.818108303104e-01  -1.861159123552e+00  -2.231212705959e+00  -1.030824035125e+00  -2.752440047428e-01  -1.044181695854e+00   1.528916034223e+00  -7.247098583773e-01   1.347078852715e+00   1.614814785871e+00   7.460142092836e-01   1.991914059455e-01   7.501284068761e-01   1.849982100009e-01   1.506558919707e+00
  -4.547786525777e-07  -4.270151699223e-07   3.029823182303e-06  -8.854550819642e-07  -4.291135373837e+00  -3.627103655270e-06   7.167293482824e-06  -2.095361704785e-06  -5.145395597857e+00  -8.449458765983e-07   3.981534683402e-06  -1.164511266395e-06  -3.165077160259e+00   3.232245970514e-07   1.189469603572e-06  -3.479738747321e-07  -1.095323176319e+00  -7.368116838916e-05   9.403585250966e-02  -7.666174953832e-02   9.234075055476e-02  -4.391285683469e-02   1.951230974384e-03   2.340705755307e-03   1.082204776092e-03   2.893417232991e-04  -3.245614179501e-03  -6.167038080118e-06  -1.291811239710e+00  -1.853162206658e+00  -2.221398907653e+00  -1.026217935897e+00  -2.740048361943e-01  -1.029677322720e+00  -7.818122616607e-01   1.503764927904e+00   4.780029633382e-01   5.730443274998e-01   2.647476716378e-01   7.069145466816e-02   2.681781565895e-01  -7.247106368907e-01  -1.106699953033e+00   1.373130050612e+00   1.646044579847e+00   7.604424624259e-01   2.030445491190e-01   7.646355915286e-01   1.506561130935e+00   2.427139667112e-01
  -3.044623750238e+00  -3.236546010967e+00   4.914558455370e-04   3.170507796196e-06  -2.224622878898e-06  -5.378041341467e+00   1.210561137356e-03   1.478567419460e-06  -8.449458765983e-07  -5.155681161747e+00   1.090992437841e-03  -5.984116418184e-06   4.594258221493e-06  -3.401215209383e+00   4.623753582552e-04  -3.894924990607e-06   2.941681805258e-06  -1.042963547241e-05  -2.242635994198e-06   3.331599988634e-04   7.669456007588e-06  -6.059586007519e-04  -1.424598812617e+00  -2.950217414447e+00  -3.527570776438e+00  -2.708724018205e+00   1.731222541959e+00   3.248615065114e-03  -1.654176667381e-03  -1.425526273985e+00  -2.951777148278e+00  -3.528605249365e+00  -2.709072842977e+00  -5.787103657028e-01  -4.395132434027e-01   1.572302768542e+00  -1.425352560842e+00  -2.951526028493e+00  -3.528459862806e+00  -2.709024496842e+00  -5.842328799295e-01   1.579191886985e+00  -4.055843683518e-01  -1.425460958402e+00  -2.951682688044e+00  -3.528550537199e+00  -2.709054648540e+00  -5.799439349179e-01  -1.142949504759e+00  -1.165050226206e+00
   3.067865500356e-05   2.354935005905e-05  -1.616658623729e+00  -1.701108574446e-06   1.250974173846e-06   6.643035385467e-04  -3.165797741574e+00  -5.414539010311e-06   3.981534683402e-06   1.090992437841e-03  -3.554533908329e+00  -3.292701511216e-06   2.421136800840e-06   8.429774184510e-04  -1.990456328384e+00  -1.007399631756e-06   7.407243101214e-07  -5.233277496835e-04  -5.669161863573e-05   6.014360525780e-02   2.653290735270e-04  -1.045555073121e-01  -1.774003492292e+00  -2.440616488442e+00  -1.615911204176e+00  -5.876756642362e-01   5.359249550155e-01   3.116652255493e-03  -1.586882886898e-03   5.932524247761e-01   8.164337220078e-01   5.411275988326e-01   1.973024363440e-01  -9.403535769420e-01   1.409635774428e-01  -5.042789697728e-01   5.989393220330e-01   8.242878932608e-01   5.463475131254e-01   1.992059709034e-01  -9.366425974474e-01  -5.114157834133e-01   1.313470807515e-01   5.945269574921e-01   8.181985359013e-01   5.423033531859e-01   1.977318072757e-01  -9.395044688865e-01   3.673812349073e-01   3.744850048823e-01
   2.042012287195e-07   1.587885285736e-07  -1.701108574446e-06  -1.616520432539e+00  -3.656117807151e-07   8.113737822937e-07  -5.414539010311e-06  -3.165062778315e+00  -1.164511266395e-06  -5.984116418184e-06  -3.292701511216e-06  -3.553647698680e+00  -7.090602388501e-07  -7.101013830052e-06  -1.007399631756e-06  -1.990046390706e+00  -2.171990998029e-07   7.106568421739e-02   6.757951861308e-02   6.241501841835e-02  -5.669161863573e-05   3.551282874356e-02  -3.331175503626e-03  -4.585075334037e-03  -3.040918523456e-03  -1.110547515505e-03   3.119584599078e-03  -1.125194995797e+00  -3.022296528859e-06   4.502752031803e-01   6.193955356108e-01   4.101038399423e-01   1.492230078114e-01   1.408416242053e-01  -1.018998932843e+00  -3.826651379005e-01  -1.617946897531e+00  -2.225728814970e+00  -1.473734684475e+00  -5.362715027014e-01  -5.109809896919e-01   2.553804036766e-01  -3.547417855554e-01   1.170960251678e+00   1.610790746930e+00   1.066531121752e+00   3.880840848003e-01   3.670654495760e-01  -4.024915454733e-01   7.374198939999e-01
  -1.434719577822e-07  -1.116254586421e-07   1.250974173846e-06  -3.656117807151e-07  -1.616525499547e+00  -4.636697134885e-07   3.981534683402e-06  -1.164511266395e-06  -3.165077160259e+00   4.594258221493e-06   2.421136800840e-06  -7.090602388501e-07  -3.553653846060e+00   5.363113085135e-06   7.407243101214e-07  -2.171990998029e-07  -1.990047450321e+00  -5.669161863573e-05   7.206982656269e-02  -5.875389145096e-02   7.068195696215e-02  -3.365709476978e-02   1.696762966849e-03   2.335949950557e-03   1.550340246979e-03   5.671263710427e-04  -1.589078872102e-03  -3.023615421274e-06  -1.125199521674e+00  -1.610807194043e+00  -2.215820033126e+00  -1.467113665079e+00  -5.338443169673e-01  -5.038447877621e-01  -3.826667253426e-01   2.429732584702e-01   4.155385884279e-01   5.716364162827e-01   3.785029632417e-01   1.377338689068e-01   1.312357400631e-01  -3.547426708615e-01  -1.034741866124e+00   1.193605531201e+00   1.641944661409e+00   1.087166025976e+00   3.955994755768e-01   3.741643687123e-01   7.374223680666e-01  -3.742421837722e-01
  -1.283008747640e+00  -1.364693126467e+00   2.327945515783e-04   1.474972240061e-06  -1.034112434177e-06  -2.738171105759e+00   6.993722266821e-04  -2.542006216398e-07   3.232245970514e-07  -3.401215209383e+00   8.429774184510e-04  -7.101013830052e-06   5.363113085135e-06  -3.126508813039e+00   5.079839978344e-04  -6.025461603318e-06   4.510077590314e-06  -5.614707541593e-06  -1.207477520475e-06   2.006401406717e-04   4.128745428517e-06  -3.626504508887e-04  -9.111564240436e-01  -1.961752526030e+00  -2.779602162918e+00  -2.684979188997e+00   6.906746374930e-01   1.295447653579e-03  -6.594937998964e-04  -9.115747289903e-01  -1.962586976155e+00  -2.780338463956e+00  -2.685316948782e+00  -2.307932191243e-01  -1.753402769170e-01   6.272562024413e-01  -9.115116386766e-01  -1.962484098096e+00  -2.780262241937e+00  -2.685280681001e+00  -2.330005192427e-01   6.300149058672e-01  -1.618067208372e-01  -9.115509914949e-01  -1.962548240177e+00  -2.780309742518e+00  -2.685303285215e+00  -2.312869087019e-01  -4.559727566410e-01  -4.647888895392e-01
   7.715130894819e-06   5.510311167942e-06  -4.346142572661e-01  -4.648191136122e-07   3.418211701892e-07   2.105072024605e-04  -1.095573186397e+00  -1.617594559866e-06   1.189469603572e-06   4.623753582552e-04  -1.990456328384e+00  -1.007399631756e-06   7.407243101214e-07   5.079839978344e-04  -2.106954789077e+00  -3.093463850651e-07   2.274422017529e-07  -1.783467066775e-04  -1.931383844429e-05   2.046408736559e-02   9.048933900375e-05  -3.557582886172e-02  -6.959421223592e-01  -1.179734574963e+00  -1.187038223370e+00  -7.061985979109e-01  -6.986409726072e-02   7.481698671535e-04  -3.808413259408e-04   2.326843388561e-01   3.945535226166e-01   3.972506252145e-01   2.365932947525e-01  -4.245160353239e-01   3.385814854632e-02  -1.211227929098e-01   2.349272196349e-01   3.983630501301e-01   4.010909442037e-01   2.388810338802e-01  -4.236246720320e-01  -1.228399374585e-01   3.154896979655e-02   2.331888463458e-01   3.954115256797e-01   3.981166029863e-01   2.371095556277e-01  -4.243120492899e-01   8.824222606035e-02   8.994829166917e-02
   5.108628565920e-08   3.717643035953e-08  -4.648191136122e-07  -4.345758888055e-01  -9.990374527213e-08  -7.651299220190e-08  -1.617594559866e-06  -1.095319084000e+00  -3.479738747321e-07  -3.894924990607e-06  -1.007399631756e-06  -1.990046390706e+00  -2.171990998029e-07  -6.025461603318e-06  -3.093463850651e-07  -2.106685407966e+00  -6.696067458498e-08   2.417219520375e-02   2.299032600334e-02   2.123330501352e-02  -1.931383844429e-05   1.208166690510e-02  -1.306813840562e-03  -2.216273037938e-03  -2.233154765104e-03  -1.331950236479e-03   7.493214300093e-04  -4.688486221569e-01  -7.284470300733e-07   1.766078589584e-01   2.993618197818e-01   3.012161399109e-01   1.792374192292e-01   3.381433304494e-02  -4.433915364325e-01  -9.190807885868e-02  -6.346277896696e-01  -1.075759901223e+00  -1.082455274108e+00  -6.441311293032e-01  -1.226838714408e-01  -1.373053820513e-01  -8.520344681463e-02   4.592854858264e-01   7.785257968434e-01   7.833578379867e-01   4.661404900062e-01   8.812882237749e-02  -2.953180950435e-01   1.771141359654e-01
  -3.588537355954e-08  -2.613498472184e-08   3.418211701892e-07  -9.990374527213e-08  -4.345772697381e-01   9.728883003250e-08   1.189469603572e-06  -3.479738747321e-07  -1.095323176319e+00   2.941681805258e-06   7.407243101214e-07  -2.171990998029e-07  -1.990047450321e+00   4.510077590314e-06   2.274422017529e-07  -6.696067458498e-08  -2.106684884002e+00  -1.931383844429e-05   2.451714948425e-02  -1.998721646861e-02   2.404120538976e-02  -1.144991833217e-02   6.656350437237e-04   1.129109783744e-03   1.138382202308e-03   6.796802325889e-04  -3.817025199007e-04  -7.289627332882e-07  -4.688496978375e-01  -6.317940739883e-01  -1.070934357919e+00  -1.077575690463e+00  -6.412154338830e-01  -1.209668941726e-01  -9.190872106666e-02  -1.402924985375e-01   1.629919585216e-01   2.762886311693e-01   2.780095272066e-01   1.654351801217e-01   3.150902076622e-02  -8.520380752622e-02  -4.471731903948e-01   4.681676329365e-01   7.935831230775e-01   7.985134023411e-01   4.751641673182e-01   8.983320433198e-02   1.771151394006e-01  -2.885334967510e-01
  -5.326442902578e-07  -2.671404338321e-07  -1.660901290478e-04   2.309720105305e-02  -1.811179053364e-05  -1.073941536309e-05  -6.795454121791e-04   9.283679316125e-02  -7.368116838916e-05  -1.042963547241e-05  -5.233277496835e-04   7.106568421739e-02  -5.669161863573e-05  -5.614707541593e-06  -1.783467066775e-04   2.417219520375e-02  -1.931383844429e-05  -3.729635199330e+00  -4.596716191194e-02  -4.221699254933e-02   7.761994042583e-05  -2.472477871972e-02  -6.120059989045e-03  -3.916961903728e-03  -8.297364944158e-04  -1.103619579747e-04   5.375998319421e-03  -1.603851693061e+00  -1.064443386514e-05  -2.766231201372e-01  -1.769054665874e-01  -3.728537154622e-02  -4.816458257234e-03   2.809310821564e-01   4.443647028019e-01   3.452192311493e-01   1.003467706750e+00   6.417985351429e-01   1.352569188003e-01   1.745725085514e-02  -1.000573808681e+00  -7.120912810698e-01   3.231063828533e-01  -7.209068766777e-01  -4.610498392782e-01  -9.716862140441e-02  -1.254692089159e-02   7.291382466097e-01  -1.120509744965e-01  -6.667044560651e-01
  -1.144709314448e-07  -5.741083268894e-08  -1.811179053364e-05   2.177349000105e-02   2.322585041294e-02  -2.308583971212e-06  -7.368116838916e-05   8.816956869262e-02   9.403585250966e-02  -2.242635994198e-06  -5.669161863573e-05   6.757951861308e-02   7.206982656269e-02  -1.207477520475e-06  -1.931383844429e-05   2.299032600334e-02   2.451714948425e-02  -4.596716191194e-02  -3.775328813896e+00   1.910171494214e-04  -4.876585323883e-02   1.917454101654e-04   5.837308195961e-06   3.320404582391e-06  -2.404511426560e-07  -7.445829626681e-07  -1.040889969208e-05   4.528045795554e-03   1.714774883968e-04   7.510732486588e-01   4.801264733088e-01   1.011056928614e-01   1.303468255696e-02   3.450185692858e-01  -1.194770038261e+00  -5.258640320003e-01   6.961805155091e-01   4.450862761490e-01   9.373245746230e-02   1.208418367746e-02   3.229217665585e-01  -4.930765230370e-01  -1.238754074282e+00  -1.447299046484e+00  -9.252321689534e-01  -1.948438241325e-01  -2.512171190049e-02  -6.663194742663e-01  -2.281563391141e-01  -2.738634752410e-01
   1.101541654509e-05   5.498464082387e-06   1.925681789471e-02   2.011000277641e-02  -1.893473557066e-02   2.700291730273e-04   7.838854512747e-02   8.143231698084e-02  -7.666174953832e-02   3.331599988634e-04   6.014360525780e-02   6.241501841835e-02  -5.875389145096e-02   2.006401406717e-04   2.046408736559e-02   2.123330501352e-02  -1.998721646861e-02  -4.221699254933e-02   1.910171494214e-04  -3.787281208153e+00   3.966466335982e-02   2.078530631500e-02   9.408429303116e-01   6.017796861008e-01   1.269068411680e-01   1.648241546896e-02  -3.632977189722e-01   2.076219518753e-03   4.116799190037e-04  -1.385449721624e+00  -8.855884817793e-01  -1.863553710388e-01  -2.390871383249e-02  -9.441806522708e-01  -7.160071413139e-01   4.041774127817e-02   7.865043756455e-01   5.029001828907e-01   1.060437145088e-01   1.379000185172e-02   5.412797725649e-02  -1.366585546080e-01   6.853717859835e-01  -3.362221392895e-01  -2.148740626502e-01  -4.511509037114e-02  -5.698843876035e-03  -4.631941040853e-01  -9.147945895689e-01   9.354982285290e-01
   3.917041902274e-07   1.964541635818e-07   8.369352886542e-05  -1.811179053364e-05   2.297606859300e-02   7.897460660670e-06   3.438550232378e-04  -7.368116838916e-05   9.234075055476e-02   7.669456007588e-06   2.653290735270e-04  -5.669161863573e-05   7.068195696215e-02   4.128745428517e-06   9.048933900375e-05  -1.931383844429e-05   2.404120538976e-02   7.761994042583e-05  -4.876585323883e-02   3.966466335982e-02  -3.729122019652e+00   2.307989817244e-02   3.117325113023e-03   1.995763529520e-03   4.237856538443e-04   5.711963050982e-05  -2.738615688420e-03  -1.064668659317e-05  -1.603881218450e+00   9.895869928010e-01   6.328557032811e-01   1.333727053812e-01   1.721981977125e-02  -1.005070408343e+00   3.452196119133e-01  -6.941416145823e-01  -2.577213837552e-01  -1.648329266829e-01  -3.473605379013e-02  -4.481738947248e-03   2.569840954520e-01   3.231064211570e-01   4.629695617623e-01  -7.348484846409e-01  -4.699639733311e-01  -9.904050755521e-02  -1.278301056162e-02   7.432750240250e-01  -6.667048732683e-01  -1.376093872675e-01
  -2.067716082086e-05  -1.032555430107e-05  -3.347491944578e-02   1.143960600710e-02  -1.084489823609e-02  -4.989506841842e-04  -1.362689854987e-01   4.632951246702e-02  -4.391285683469e-02  -6.059586007519e-04  -1.045555073121e-01   3.551282874356e-02  -3.365709476978e-02  -3.626504508887e-04  -3.557582886172e-02   1.208166690510e-02  -1.144991833217e-02  -2.472477871972e-02   1.917454101654e-04   2.078530631500e-02   2.307989817244e-02  -3.810717637644e+00  -1.629579368505e+00  -1.042312108442e+00  -2.198201237366e-01  -2.855852079468e-02   6.292227009893e-01   8.795661777190e-03  -3.631464276242e-03  -7.725764491435e-02  -4.950835385825e-02  -1.067092349548e-02  -1.588667970512e-03   4.975220128777e-01  -4.334307598698e-01   9.497100523661e-02   1.169592018050e+00   7.476288796343e-01   1.572017483809e-01   2.005494820721e-02   1.080634753998e+00   1.723686158187e-03   3.749983221304e-01   5.269058926139e-01   3.367197765311e-01   7.066365184310e-02   8.897647798885e-03   7.767294957318e-01  -5.816418045968e-01   4.856247076620e-01
  -2.015922672375e-01  -2.154703619855e-01  -8.758131118934e-01  -1.644493070308e-03   8.376165958216e-04  -1.204382843504e+00  -2.040061653331e+00  -3.830763432957e-03   1.951230974384e-03  -1.424598812617e+00  -1.774003492292e+00  -3.331175503626e-03   1.696762966849e-03  -9.111564240436e-01  -6.959421223592e-01  -1.306813840562e-03   6.656350437237e-04  -6.120059989045e-03   5.837308195961e-06   9.408429303116e-01   3.117325113023e-03  -1.629579368505e+00  -3.625737601902e+00  -3.208505098870e+00  -1.834548044168e+00  -9.278569472412e-01   6.383076432713e-01   1.196704691001e-03  -6.091011826224e-04  -1.381791188102e-02  -2.641801088052e-01  -6.988265020128e-01  -6.449156259570e-01  -1.265532936860e-01  -2.681438026104e-02   9.539842236238e-02  -1.381529472916e-02  -2.641585749510e-01  -6.988056847110e-01  -6.449085252586e-01  -1.268753153345e-01   9.555746591057e-02  -2.449873513712e-02  -1.381705211258e-02  -2.641730623235e-01  -6.988197522661e-01  -6.449133320831e-01  -1.266241552132e-01  -6.945639672345e-02  -7.053708847911e-02
  -1.465344224409e+00  -1.562327031259e+00  -1.296098236471e+00  -2.433374697258e-03   1.239354241864e-03  -2.913847937234e+00  -2.446316108470e+00  -4.594841932790e-03   2.340705755307e-03  -2.950217414447e+00  -2.440616488442e+00  -4.585075334037e-03   2.335949950557e-03  -1.961752526030e+00  -1.179734574963e+00  -2.216273037938e-03   1.129109783744e-03  -3.916961903728e-03   3.320404582391e-06   6.017796861008e-01   1.995763529520e-03  -1.042312108442e+00  -3.208505098870e+00  -4.185010855037e+00  -3.277016132412e+00  -1.926844869629e+00   1.136562943895e+00   2.130761286562e-03  -1.084500921053e-03  -2.642507628655e-01  -9.768881078338e-01  -1.637313601084e+00  -1.437762218016e+00  -5.799513149262e-01  -1.523375915762e-01   5.427786330025e-01  -2.642182849461e-01  -9.768152835773e-01  -1.637264594869e+00  -1.437745610478e+00  -5.818217617355e-01   5.440850041257e-01  -1.395573717221e-01  -2.642395989806e-01  -9.768629367412e-01  -1.637296972001e+00  -1.437756647162e+00  -5.803656896976e-01  -3.950130571149e-01  -4.015602983234e-01
  -1.560759481037e+00  -1.660213413311e+00  -4.986417883676e-01  -9.354441336049e-04   4.762359454067e-04  -3.134836404956e+00  -1.130083816952e+00  -2.123942487958e-03   1.082204776092e-03  -3.527570776438e+00  -1.615911204176e+00  -3.040918523456e-03   1.550340246979e-03  -2.779602162918e+00  -1.187038223370e+00  -2.233154765104e-03   1.138382202308e-03  -8.297364944158e-04  -2.404511426560e-07   1.269068411680e-01   4.237856538443e-04  -2.198201237366e-01  -1.834548044168e+00  -3.277016132412e+00  -3.597189042287e+00  -2.685840105082e+00   8.262051499102e-01   1.548838774108e-03  -7.882983820489e-04  -6.990702976855e-01  -1.637694519609e+00  -2.360833878062e+00  -2.164935787484e+00  -5.964587552270e-01  -1.959201410660e-01   6.989242430568e-01  -6.990175664000e-01  -1.637604262530e+00  -2.360774240169e+00  -2.164912726993e+00  -5.988982133937e-01   7.010417227062e-01  -1.798878353167e-01  -6.990515340395e-01  -1.637662349482e+00  -2.360813007354e+00  -2.164927852606e+00  -5.970022514996e-01  -5.084738663052e-01  -5.173318042198e-01
  -9.558820362303e-01  -1.016683908926e+00  -1.159159117687e-01  -2.169633005923e-04   1.103216738923e-04  -2.090250476420e+00  -3.014500709045e-01  -5.675676502025e-04   2.893417232991e-04  -2.708724018205e+00  -5.876756642362e-01  -1.110547515505e-03   5.671263710427e-04  -2.684979188997e+00  -7.061985979109e-01  -1.331950236479e-03   6.796802325889e-04  -1.103619579747e-04  -7.445829626681e-07   1.648241546896e-02   5.711963050982e-05  -2.855852079468e-02  -9.278569472412e-01  -1.926844869629e+00  -2.685840105082e+00  -2.610317562469e+00   4.533349279243e-01   8.498170481026e-04  -4.325180955969e-04  -6.451474370573e-01  -1.438212288741e+00  -2.165230366247e+00  -2.271114592052e+00  -2.780948771500e-01  -1.203509899770e-01   4.298481739915e-01  -6.451118625099e-01  -1.438152520057e+00  -2.165187759939e+00  -2.271094502229e+00  -2.796025805682e-01   4.314001979473e-01  -1.107396068680e-01  -6.451344215416e-01  -1.438190447230e+00  -2.165215045773e+00  -2.271107521022e+00  -2.784315403075e-01  -3.126130880967e-01  -3.183129546057e-01
   1.728157827857e+00   1.884471705641e+00   2.105859555555e+00   5.266138502981e-03  -2.682252341961e-03   2.802376018472e+00   2.101229460133e+00   6.371765282994e-03  -3.245614179501e-03   1.731222541959e+00   5.359249550155e-01   3.119584599078e-03  -1.589078872102e-03   6.906746374930e-01  -6.986409726072e-02   7.493214300093e-04  -3.817025199007e-04   5.375998319421e-03  -1.040889969208e-05  -3.632977189722e-01  -2.738615688420e-03   6.292227009893e-01   6.383076432713e-01   1.136562943895e+00   8.262051499102e-01   4.533349279243e-01  -3.336372010207e+00  -1.343220446216e-03   6.839911787685e-04   1.356118669166e-01   7.246196558437e-01   8.827886788803e-01   5.133057522018e-01   4.891307531829e-01   1.413023830793e-01  -5.031477170283e-01   1.358845985251e-01   7.257871712286e-01   8.838577673082e-01   5.136877037932e-01   4.920657824111e-01  -5.051314938682e-01   1.295398912762e-01   1.356708425982e-01   7.248758764830e-01   8.830266473583e-01   5.133912251967e-01   4.897848839275e-01   3.663874201233e-01   3.723039702917e-01
   3.244722462293e-03   3.538237163115e-03   5.265604193024e-03  -6.988074874264e-01  -5.077319505141e-06   5.260597053085e-03   6.368757330176e-03  -1.291801785959e+00  -6.167038080118e-06   3.248615065114e-03   3.116652255493e-03  -1.125194995797e+00  -3.023615421274e-06   1.295447653579e-03   7.481698671535e-04  -4.688486221569e-01  -7.289627332882e-07  -1.603851693061e+00   4.528045795554e-03   2.076219518753e-03  -1.064668659317e-05   8.795661777190e-03   1.196704691001e-03   2.130761286562e-03   1.548838774108e-03   8.498170481026e-04  -1.343220446216e-03  -2.620639868109e+00   1.235039541919e-06   2.339786081716e-02   9.755662693226e-02   8.749240973481e-02   3.131154461277e-02   9.542312764191e-02  -8.221328761612e-02  -7.401588020000e-02  -8.316468289245e-02  -3.454053767994e-01  -3.077758199407e-01  -1.084442047274e-01  -3.397787613675e-01   1.599491472041e-01  -6.741853031146e-02   6.053092217399e-02   2.519093134676e-01   2.252244425803e-01   8.000951129946e-02   2.469013235113e-01   3.623947164351e-02   1.414347463412e-01
  -1.652640203424e-03  -1.802143027299e-03  -2.681853992239e-03  -5.077082540517e-06  -6.988152726594e-01  -2.679138451499e-03  -3.243355374129e-03  -6.165673544167e-06  -1.291811239710e+00  -1.654176667381e-03  -1.586882886898e-03  -3.022296528859e-06  -1.125199521674e+00  -6.594937998964e-04  -3.808413259408e-04  -7.284470300733e-07  -4.688496978375e-01  -1.064443386514e-05   1.714774883968e-04   4.116799190037e-04  -1.603881218450e+00  -3.631464276242e-03  -6.091011826224e-04  -1.084500921053e-03  -7.882983820489e-04  -4.325180955969e-04   6.839911787685e-04   1.235039541919e-06  -2.620638084417e+00  -8.309800589238e-02  -3.455559486992e-01  -3.085643469417e-01  -1.092901002639e-01  -3.386718060266e-01  -7.375108181608e-02   1.594278110627e-01   2.130945857334e-02   8.842758624815e-02   7.868200311302e-02   2.762792747345e-02   8.704334594331e-02  -6.734026934894e-02  -8.573442871691e-02   6.140004709604e-02   2.550663802726e-01   2.273733699359e-01   8.020025985751e-02   2.503333420293e-01   1.410916913325e-01   4.029796855040e-02
  -2.019903868381e-01  -2.159111383090e-01   2.931647131978e-01   2.225072114695e-01  -7.959934130694e-01  -1.205655044121e+00   6.825223014513e-01   5.180216655517e-01  -1.853162206658e+00  -1.425526273985e+00   5.932524247761e-01   4.502752031803e-01  -1.610807194043e+00  -9.115747289903e-01   2.326843388561e-01   1.766078589584e-01  -6.317940739883e-01  -2.766231201372e-01   7.510732486588e-01  -1.385449721624e+00   9.895869928010e-01  -7.725764491435e-02  -1.381791188102e-02  -2.642507628655e-01  -6.990702976855e-01  -6.451474370573e-01   1.356118669166e-01   2.339786081716e-02  -8.309800589238e-02  -3.627598871567e+00  -3.209817004276e+00  -1.835239813513e+00  -9.281965992035e-01  -2.132704688272e-01  -1.620801442361e-01   5.798186754964e-01  -1.410142022245e-02  -2.666374178462e-01  -7.015095708059e-01  -6.459970029922e-01  -4.936854344147e-03   1.208141580370e-01  -1.093025169186e-01  -1.410291232276e-02  -2.666495281110e-01  -7.015211307394e-01  -6.460009260710e-01  -4.669874046413e-03  -4.680386607356e-02  -1.560737256042e-01
  -1.466370097644e+00  -1.563410356402e+00   4.336946225123e-01   3.290260844232e-01  -1.177050425341e+00  -2.915706537531e+00   8.185821262101e-01   6.209559079669e-01  -2.221398907653e+00  -2.951777148278e+00   8.164337220078e-01   6.193955356108e-01  -2.215820033126e+00  -1.962586976155e+00   3.945535226166e-01   2.993618197818e-01  -1.070934357919e+00  -1.769054665874e-01   4.801264733088e-01  -8.855884817793e-01   6.328557032811e-01  -4.950835385825e-02  -2.641801088052e-01  -9.768881078338e-01  -1.637694519609e+00  -1.438212288741e+00   7.246196558437e-01   9.755662693226e-02  -3.455559486992e-01  -3.209817004276e+00  -4.186760918717e+00  -3.278276601405e+00  -1.927546056308e+00  -3.797180810366e-01  -2.885845137968e-01   1.032369903184e+00  -2.666264028686e-01  -9.821036818814e-01  -1.641911812075e+00  -1.439783360995e+00  -7.496685979109e-02   6.458496308470e-01  -4.886432838949e-01  -2.666453837917e-01  -9.821462720155e-01  -1.641939977556e+00  -1.439792804889e+00  -7.346710945190e-02  -2.998716247716e-01  -7.525130898309e-01
  -1.561122816612e+00  -1.660596188172e+00   1.670302248201e-01   1.265766460986e-01  -4.528092869945e-01  -3.135715368964e+00   3.787079919710e-01   2.868622584657e-01  -1.026217935897e+00  -3.528605249365e+00   5.411275988326e-01   4.101038399423e-01  -1.467113665079e+00  -2.780338463956e+00   3.972506252145e-01   3.012161399109e-01  -1.077575690463e+00  -3.728537154622e-02   1.011056928614e-01  -1.863553710388e-01   1.333727053812e-01  -1.067092349548e-02  -6.988265020128e-01  -1.637313601084e+00  -2.360833878062e+00  -2.165230366247e+00   8.827886788803e-01   8.749240973481e-02  -3.085643469417e-01  -1.835239813513e+00  -3.278276601405e+00  -3.598339220284e+00  -2.686548262358e+00  -2.760067729713e-01  -2.097729967439e-01   7.504327672346e-01  -7.014775755790e-01  -1.641870504330e+00  -2.364814135682e+00  -2.167070601000e+00  -1.465287458964e-01   7.899957700618e-01  -4.896459936553e-01  -7.015090859351e-01  -1.641924414758e+00  -2.364849165171e+00  -2.167083951040e+00  -1.446088757940e-01  -4.228944713636e-01  -8.280426323138e-01
  -9.559614078482e-01  -1.016767400664e+00   3.897356071384e-02   2.944909353347e-02  -1.053477595224e-01  -2.090482377049e+00   1.014632670751e-01   7.659325504105e-02  -2.740048361943e-01  -2.709072842977e+00   1.973024363440e-01   1.492230078114e-01  -5.338443169673e-01  -2.685316948782e+00   2.365932947525e-01   1.792374192292e-01  -6.412154338830e-01  -4.816458257234e-03   1.303468255696e-02  -2.390871383249e-02   1.721981977125e-02  -1.588667970512e-03  -6.449156259570e-01  -1.437762218016e+00  -2.164935787484e+00  -2.271114592052e+00   5.133057522018e-01   3.131154461277e-02  -1.092901002639e-01  -9.281965992035e-01  -1.927546056308e+00  -2.686548262358e+00  -2.610771385304e+00  -1.514379033887e-01  -1.150995499967e-01   4.117520556756e-01  -6.459685018355e-01  -1.439740174511e+00  -2.167051047275e+00  -2.272453462973e+00  -1.196420082411e-01   4.625457215890e-01  -2.199846056582e-01  -6.459901940321e-01  -1.439776524521e+00  -2.167076562387e+00  -2.272465279834e+00  -1.184651355630e-01  -2.822364156939e-01  -4.277753542680e-01
  -5.783466713584e-01  -6.306465427342e-01  -3.860301221779e-01   2.380200221236e-01  -8.514888326266e-01  -9.372141229267e-01  -9.137593471763e-01   2.878295599171e-01  -1.029677322720e+00  -5.787103657028e-01  -9.403535769420e-01   1.408416242053e-01  -5.038447877621e-01  -2.307932191243e-01  -4.245160353239e-01   3.381433304494e-02  -1.209668941726e-01   2.809310821564e-01   3.450185692858e-01  -9.441806522708e-01  -1.005070408343e+00   4.975220128777e-01  -1.265532936860e-01  -5.799513149262e-01  -5.964587552270e-01  -2.780948771500e-01   4.891307531829e-01   9.542312764191e-02  -3.386718060266e-01  -2.132704688272e-01  -3.797180810366e-01  -2.760067729713e-01  -1.514379033887e-01  -2.702247641634e+00  -6.070982690307e-02   2.171819918850e-01  -4.289380169413e-03  -7.178179229063e-02  -1.429447719834e-01  -1.177345165375e-01  -1.132108316605e-01   4.310079715541e-02  -2.497028117752e-02  -4.523554115680e-03  -7.274888438939e-02  -1.438025705353e-01  -1.180369970443e-01  -1.131570835866e-01  -2.434091696040e-02  -4.484684647192e-02
  -4.390136472683e-01  -4.787102986653e-01   2.380998327806e-01  -5.189825589020e-01  -6.463975144104e-01  -7.115833187156e-01   2.879960782668e-01  -1.074529257530e+00  -7.818122616607e-01  -4.395132434027e-01   1.409635774428e-01  -1.018998932843e+00  -3.826667253426e-01  -1.753402769170e-01   3.385814854632e-02  -4.433915364325e-01  -9.190872106666e-02   4.443647028019e-01  -1.194770038261e+00  -7.160071413139e-01   3.452196119133e-01  -4.334307598698e-01  -2.681438026104e-02  -1.523375915762e-01  -1.959201410660e-01  -1.203509899770e-01   1.413023830793e-01  -8.221328761612e-02  -7.375108181608e-02  -1.620801442361e-01  -2.885845137968e-01  -2.097729967439e-01  -1.150995499967e-01  -6.070982690307e-02  -2.668450564995e+00   1.649629715495e-01  -1.117687125387e-01  -5.020031202426e-01  -5.061661946118e-01  -2.297630384870e-01  -2.825818319819e-02   3.509624949865e-01  -3.928926058554e-01   3.424688347373e-02   1.001207728567e-01   2.876862061451e-02  -4.099512273785e-02   4.416022938796e-04  -6.446587732566e-02   1.530001787590e-01
   1.570519548211e+00   1.712529691856e+00  -8.517743361998e-01  -6.463975070973e-01   1.612737352377e+00   2.545603377793e+00  -1.030271136797e+00  -7.818108303104e-01   1.503764927904e+00   1.572302768542e+00  -5.042789697728e-01  -3.826651379005e-01   2.429732584702e-01   6.272562024413e-01  -1.211227929098e-01  -9.190807885868e-02  -1.402924985375e-01   3.452192311493e-01  -5.258640320003e-01   4.041774127817e-02  -6.941416145823e-01   9.497100523661e-02   9.539842236238e-02   5.427786330025e-01   6.989242430568e-01   4.298481739915e-01  -5.031477170283e-01  -7.401588020000e-02   1.594278110627e-01   5.798186754964e-01   1.032369903184e+00   7.504327672346e-01   4.117520556756e-01   2.171819918850e-01   1.649629715495e-01  -3.212472299750e+00   1.185554901599e-01   6.359115476172e-01   7.802327023477e-01   4.582990625647e-01   4.533016689669e-02  -5.333846677096e-01   3.319075671207e-01   1.593033889889e-01   8.039221213266e-01   9.294786582207e-01   5.109626043340e-01   5.183870926871e-02   2.937691321584e-01   7.473207811720e-01
  -2.018839307596e-01  -2.157920814873e-01   2.958920505400e-01  -7.992974859232e-01   2.052841653763e-01  -1.205366105794e+00   6.889845109784e-01  -1.861159123552e+00   4.780029633382e-01  -1.425352560842e+00   5.989393220330e-01  -1.617946897531e+00   4.155385884279e-01  -9.115116386766e-01   2.349272196349e-01  -6.346277896696e-01   1.629919585216e-01   1.003467706750e+00   6.961805155091e-01   7.865043756455e-01  -2.577213837552e-01   1.169592018050e+00  -1.381529472916e-02  -2.642182849461e-01  -6.990175664000e-01  -6.451118625099e-01   1.358845985251e-01  -8.316468289245e-02   2.130945857334e-02  -1.410142022245e-02  -2.666264028686e-01  -7.014775755790e-01  -6.459685018355e-01  -4.289380169413e-03  -1.117687125387e-01   1.185554901599e-01  -3.627376198789e+00  -3.209660497791e+00  -1.835157631179e+00  -9.281563351766e-01  -2.152996810255e-01   5.823378701583e-01  -1.495616407938e-01  -1.410014863185e-02  -2.666159889853e-01  -7.014674280403e-01  -6.459650300240e-01  -4.367002209085e-03  -1.550694035028e-01  -4.997127494816e-02
  -1.466095881401e+00  -1.563119222494e+00   4.378263801085e-01  -1.182202153424e+00   3.036255748088e-01  -2.915320045400e+00   8.264123608142e-01  -2.231212705959e+00   5.730443274998e-01  -2.951526028493e+00   8.242878932608e-01  -2.225728814970e+00   5.716364162827e-01  -1.962484098096e+00   3.983630501301e-01  -1.075759901223e+00   2.762886311693e-01   6.417985351429e-01   4.450862761490e-01   5.029001828907e-01  -1.648329266829e-01   7.476288796343e-01  -2.641585749510e-01  -9.768152835773e-01  -1.637604262530e+00  -1.438152520057e+00   7.257871712286e-01  -3.454053767994e-01   8.842758624815e-02  -2.666374178462e-01  -9.821036818814e-01  -1.641870504330e+00  -1.439740174511e+00  -7.178179229063e-02  -5.020031202426e-01   6.359115476172e-01  -3.209660497791e+00  -4.186568180484e+00  -3.278153038757e+00  -1.927481303996e+00  -3.833368212875e-01   1.036870682229e+00  -2.662991243464e-01  -2.666228595826e-01  -9.820714317262e-01  -1.641848176358e+00  -1.439732479873e+00  -7.221567391925e-02  -7.463505487929e-01  -3.150079855235e-01
