ARMA_MAT_TXT_FN008
72 72
   3.284684649603e-01   2.812028262915e-01  -8.945867356498e-04  -5.225028725553e-16  -3.989060063339e-06  -4.411369096970e-02  -2.663214844493e-04   2.668296505071e-15   3.373618346248e-07  -2.960640093390e-02   1.042251616087e-03  -1.186733455862e-14   4.474274815573e-06   2.669263851575e-03   7.280067588328e-04  -1.542402980794e-13   9.137950754571e-07  -1.033260511871e-15  -3.895569538192e-16   1.316572022294e-03   3.738330075069e-06  -2.316961082755e-04   2.795150376947e-03   4.604498762753e-03   9.617536985215e-03   1.553648325318e-15   8.878129773768e-06  -1.154495378808e-02   1.557296808450e-02  -7.464918786326e-15   1.511523093974e-05  -2.437760831636e-03   5.242231811529e-03   1.737260885042e-14   1.185461869693e-05  -1.265061171879e-03  -2.610070618488e-04   1.280556228022e-13   1.188657478722e-06  -2.065083751446e-15   1.328459039281e-16   4.586017253635e-04   8.750773768219e-07  -2.192446339376e-03  -9.217954507506e-03  -1.297469678464e-02   2.119266222576e-04  -1.084343816497e-03  -1.057184373143e-03   1.771190897804e-03   3.215283690380e-06  -9.217954507509e-03  -1.297469678462e-02   2.119266221768e-04  -1.084343816723e-03  -1.057184373144e-03  -1.771190897804e-03   3.215283690358e-06   1.782241608557e-03   3.072374248543e-03   1.730876820890e-03   5.557468762973e-05   3.797042009973e-04   1.336630477343e-04   3.112853730105e-07   1.782241608556e-03   3.072374248555e-03   1.730876820818e-03   5.557468747491e-05   3.797042009963e-04  -1.336630477378e-04   3.112853728266e-07
   2.812028262915e-01   2.480263495978e-01  -1.256293706421e-03  -3.443442768920e-16  -5.399582972221e-06  -7.484183540833e-02  -6.810422968632e-04   2.029509405339e-15   6.196315957296e-07  -4.880235684958e-02   1.769668452724e-03  -8.573425984331e-15   8.563676303926e-06   4.185412524071e-03   1.167508455375e-03  -1.158144061353e-13   1.442015190031e-06  -8.016740415765e-16  -3.510844707676e-16   2.384895950838e-03   6.390276020326e-06  -5.311312425197e-04   4.604498762752e-03   7.529889296712e-03   1.607285371506e-02   1.375234971324e-15   1.525039451124e-05  -1.872182206064e-02   2.570772868177e-02  -5.804464508468e-15   2.591887945769e-05  -3.596475347783e-03   8.708042661846e-03   1.353788633283e-14   2.032598155977e-05  -2.261988347095e-03  -4.536182440785e-04   9.248369213664e-14   1.994248644528e-06  -1.574629065837e-15   1.032448321433e-16   6.756993503614e-04   1.392517115487e-06  -3.616671086174e-03  -1.544886770001e-02  -2.147495309221e-02   2.757166549947e-04  -1.722958572519e-03  -1.768609573917e-03   2.945661854184e-03   5.415936774562e-06  -1.544886770001e-02  -2.147495309220e-02   2.757166549326e-04  -1.722958572690e-03  -1.768609573917e-03  -2.945661854184e-03   5.415936774556e-06   3.060313402704e-03   5.237926858428e-03   2.890521077896e-03   1.788908794411e-04   6.286770130078e-04   2.532437296802e-04   5.381708232000e-07   3.060313402703e-03   5.237926858437e-03   2.890521077842e-03   1.788908793335e-04   6.286770130070e-04  -2.532437296831e-04   5.381708231117e-07
  -8.945867356498e-04  -1.256293706421e-03   4.108594903506e-02   1.739625838166e-16   3.033546336077e-06   3.505002586797e-03   6.233816453773e-02   1.004604655282e-16   8.773905480248e-06  -1.032269430784e-02   3.062931771537e-02   7.133695286908e-16   3.522379803761e-05   4.104312891859e-03  -1.310639611444e-03   7.506324046052e-15   9.122503536142e-06  -7.582330500131e-17   3.432606551650e-17   4.380547973880e-04   1.087519314192e-05   6.208829789516e-03  -9.617536985214e-03  -1.607285371506e-02  -3.101400686680e-02  -3.396418764896e-17   1.628916358108e-05   4.217244801106e-02  -4.595624143818e-02   9.056404909660e-16   2.610006835099e-05   1.979649226751e-02  -2.363449128505e-02  -4.280670725132e-16   4.271793067179e-05  -1.259134813579e-04   1.744488977937e-03  -1.693926057796e-14   9.553235626251e-06   4.209003398385e-16  -2.751723297461e-17  -8.870996211943e-04  -5.619262974373e-06   4.270140652971e-03  -1.734179959387e-02  -2.710253077701e-02  -8.627402595664e-03  -1.573435497800e-03   5.023985374268e-04   2.828890610428e-03   6.145901698857e-06  -1.734179959387e-02  -2.710253077701e-02  -8.627402595664e-03  -1.573435497792e-03   5.023985374268e-04  -2.828890610428e-03   6.145901698828e-06  -4.873439691929e-03  -9.296567009360e-03  -6.827388372731e-03  -3.028945019762e-04  -1.270285328157e-03  -6.780953229096e-04   2.865693938181e-06  -4.873439691928e-03  -9.296567009363e-03  -6.827388372719e-03  -3.028945019480e-04  -1.270285328156e-03   6.780953229101e-04   2.865693938273e-06
  -5.225028725553e-16  -3.443442768920e-16   1.739625838166e-16   3.778822672384e-02   9.191748148900e-17   4.919771870417e-16   3.833586774625e-16   5.769916590911e-02  -1.028646383508e-18  -1.301004172162e-14  -6.746958472810e-15   3.868407450413e-02   4.060628536753e-17   1.924877586622e-13   5.375315852598e-14   2.595648177280e-03  -6.046983305593e-16  -5.945694908366e-03   1.620734453357e-05   4.004796216133e-16  -6.109915283377e-17   1.183399345082e-17   8.647961171143e-16   7.145000046495e-16   2.604170072027e-17   1.938657285351e-03   5.960848410459e-18  -7.035380519005e-16  -3.252310470263e-16   2.674396908858e-03   4.846417880110e-17   1.160917180192e-14  -6.884308389897e-15  -6.131662593259e-03   5.833662464472e-17  -1.717373351834e-13   5.836582592639e-14  -4.328866389850e-03   2.540068154423e-16  -4.784437822357e-03  -1.521742904578e-06  -1.808291938882e-16  -4.738257732780e-17   1.815601589016e-16   2.813870436024e-02   4.448274536999e-02   1.355942175063e-02   1.479397762736e-03   2.673144825852e-03  -2.445147059771e-03  -7.705772342432e-06  -2.813870436024e-02  -4.448274536999e-02  -1.355942175064e-02  -1.479397762726e-03  -2.673144825851e-03  -2.445147059771e-03   7.705772342313e-06   1.595847083998e-03   3.484943215292e-03   4.213480945540e-03  -2.599505421565e-03   2.277055865492e-04  -6.166313851695e-04   1.259102315833e-06  -1.595847083998e-03  -3.484943215291e-03  -4.213480945539e-03   2.599505421541e-03  -2.277055865490e-04  -6.166313851698e-04  -1.259102315890e-06
  -3.989060063339e-06  -5.399582972221e-06   3.033546336077e-06   9.191748148900e-17   2.655406601354e-02   9.554357331359e-06   5.922664499017e-06   1.549889751440e-16   4.464751843550e-02  -2.180011527818e-05   1.877085708149e-05  -1.045288414385e-15   4.193461397011e-02   3.628534036724e-06   7.044929503816e-06  -1.742183163627e-15   5.042965600404e-03   2.491216735336e-17  -4.186847808914e-17  -1.905627077540e-06   5.040308625791e-03  -2.908948389903e-06   8.878129773878e-06   1.525039451109e-05  -1.628916358081e-05   7.695425341607e-18   2.655404856186e-02  -4.133160473432e-05  -2.748768448006e-05  -2.129354821397e-16   4.464749563364e-02  -6.144450374515e-05  -2.797768999907e-05   1.344293681790e-15   4.193460410325e-02   9.197087498715e-06  -7.616313710542e-06   2.192396972243e-15   5.042965033949e-03  -5.780714823712e-17   1.295238337457e-16  -1.628630734124e-07  -5.040315543354e-03  -3.562240113514e-07   2.719105580314e-05   3.528474085077e-05  -3.540509496185e-06  -3.900890045074e-06   5.062280857179e-06  -5.566899632942e-06   2.096363339227e-03   2.719105580302e-05   3.528474085002e-05  -3.540509498088e-06  -3.900890046764e-06   5.062280857102e-06   5.566899632860e-06   2.096363339227e-03   1.078064903991e-05   1.184769920197e-05  -5.909322149279e-06  -5.573213171696e-06  -4.051615830968e-06   2.736068345884e-06   2.096367656562e-03   1.078064904001e-05   1.184769920207e-05  -5.909322153295e-06  -5.573213173933e-06  -4.051615830968e-06  -2.736068345985e-06   2.096367656562e-03
  -4.411369096970e-02  -7.484183540833e-02   3.505002586797e-03   4.919771870417e-16   9.554357331359e-06   1.945765852587e-01   3.664385134552e-03   2.398175924319e-15  -3.456763152989e-06   1.231379676212e-01  -3.874701839234e-03  -5.521998314700e-15  -2.561446792500e-05  -9.973836638424e-03  -2.900947475767e-03  -6.094073672947e-14  -3.454166702584e-06  -4.301059201605e-16   1.421762028017e-16  -6.560287934301e-03  -1.675242351557e-05   1.834417580614e-03  -1.154495378807e-02  -1.872182206064e-02  -4.217244801106e-02  -3.114248129260e-16  -4.133160473464e-05   4.612476787425e-02  -6.655340152020e-02  -1.746483630335e-15  -6.997472730009e-05   7.509776746419e-03  -2.297865658456e-02   4.358868363079e-15  -5.438280716246e-05   6.265748780988e-03   1.235609357567e-03   6.872968742326e-14  -5.108084917504e-06  -7.936502016704e-16   3.413502597872e-17  -1.472016827678e-03  -3.425572002884e-06   9.276473074207e-03   3.929761612333e-02   5.387580358234e-02  -7.062036533797e-04   4.153706399758e-03   4.544200455332e-03  -7.442775429005e-03  -1.392752660507e-05   3.929761612333e-02   5.387580358234e-02  -7.062036534057e-04   4.153706399676e-03   4.544200455332e-03   7.442775429005e-03  -1.392752660514e-05  -8.569393203421e-03  -1.448170805284e-02  -7.616798923201e-03  -7.239450137113e-04  -1.596223015122e-03  -8.142748258420e-04  -1.334581356820e-06  -8.569393203422e-03  -1.448170805283e-02  -7.616798923231e-03  -7.239450138154e-04  -1.596223015122e-03   8.142748258416e-04  -1.334581357150e-06
  -2.663214844493e-04  -6.810422968632e-04   6.233816453773e-02   3.833586774625e-16   5.922664499017e-06   3.664385134552e-03   9.466008039905e-02   2.951412179547e-16   1.570851744050e-05  -1.690842833097e-02   4.638315865583e-02   1.410289501667e-15   5.567598856324e-05   6.405071080770e-03  -1.949770288067e-03   9.977768010820e-15   1.404656833331e-05  -2.235444865824e-16   5.209223768607e-17   7.104364913328e-04   1.701974057267e-05   9.463923486392e-03  -1.557296808450e-02  -2.570772868178e-02  -4.595624143818e-02  -8.197648829882e-16   2.748768448008e-05   6.655340152020e-02  -6.801109515766e-02   1.287608027548e-16   4.388856423910e-05   3.208396769277e-02  -3.500533988756e-02  -1.424391433029e-15   6.786825769777e-05  -4.763059532653e-04   2.655743331683e-03  -2.410917299862e-14   1.474680488935e-05   4.750802533311e-16  -4.031875621891e-17  -1.443896327499e-03  -8.470801491013e-06   6.309672258366e-03  -2.665371201194e-02  -4.158046686787e-02  -1.306476476940e-02  -2.425019736348e-03   7.258522647941e-04   4.349357061653e-03   9.542222857075e-06  -2.665371201194e-02  -4.158046686787e-02  -1.306476476940e-02  -2.425019736337e-03   7.258522647941e-04  -4.349357061653e-03   9.542222857036e-06  -6.373327357694e-03  -1.261702584073e-02  -1.013719847533e-02  -3.583571714540e-04  -1.974856959619e-03  -8.509597611911e-04   4.206772494813e-06  -6.373327357694e-03  -1.261702584074e-02  -1.013719847531e-02  -3.583571714143e-04  -1.974856959619e-03   8.509597611920e-04   4.206772494966e-06
   2.668296505071e-15   2.029509405339e-15   1.004604655282e-16   5.769916590911e-02   1.549889751440e-16   2.398175924319e-15   2.951412179547e-16   8.810351548384e-02   2.173603546660e-17  -1.871629959179e-14  -1.041119772127e-14   5.912858099436e-02   8.345336190659e-17   2.952705146995e-13   8.242993987637e-14   3.997148385242e-03  -9.227856569802e-16  -9.117120565538e-03   2.476497485230e-05   5.611692051794e-16  -9.074174253202e-17  -3.238689659212e-17  -3.319572052065e-15  -2.348087896030e-15  -7.593529014260e-16   2.674396908860e-03   2.213277244353e-17  -3.164011154379e-15  -1.734702490232e-15   3.647125882660e-03   9.543900795866e-17   1.619101704962e-14  -1.115288776852e-14  -9.658174885411e-03   1.133057806342e-16  -2.636260024782e-13   8.946360189128e-14  -6.631147029829e-03   3.908253675712e-16  -7.352340130865e-03  -2.447037904043e-06  -1.985290282131e-16  -7.554876319713e-17   4.012929323891e-16   4.298827292140e-02   6.796480922655e-02   2.074121766782e-02   2.239771130807e-03   4.080960990517e-03  -3.729791741700e-03  -1.175946046160e-05  -4.298827292140e-02  -6.796480922654e-02  -2.074121766783e-02  -2.239771130792e-03  -4.080960990516e-03  -3.729791741700e-03   1.175946046142e-05   2.650680353977e-03   5.659812358103e-03   6.538046229586e-03  -3.959001407429e-03   3.275064482616e-04  -9.232405282763e-04   1.864598833126e-06  -2.650680353979e-03  -5.659812358104e-03  -6.538046229585e-03   3.959001407392e-03  -3.275064482613e-04  -9.232405282765e-04  -1.864598833209e-06
   3.373618346248e-07   6.196315957296e-07   8.773905480248e-06  -1.028646383508e-18   4.464751843550e-02  -3.456763152989e-06   1.570851744050e-05   2.173603546660e-17   7.506951908996e-02  -5.025932722893e-05   3.495885876655e-05  -1.949004845294e-15   7.050809616697e-02   7.528374345975e-06   1.201385072772e-05  -2.952463991979e-15   8.479151029849e-03   8.693913292206e-17  -7.048712676580e-17  -2.493075903410e-06   8.474685176379e-03  -4.465674338343e-06   1.511523093993e-05   2.591887945756e-05  -2.610006835084e-05   1.571892582916e-16   4.464749563364e-02  -6.997472730019e-05  -4.388856423954e-05  -1.363952628844e-16   7.506948928463e-02  -1.020707963828e-04  -4.699148037385e-05   2.442654415047e-15   7.050808327590e-02   1.480518744545e-05  -1.276011068175e-05   3.708026580694e-15   8.479150288816e-03  -5.239932725399e-17   2.178460571991e-16  -2.132842378187e-07  -8.474694217799e-03  -1.130864411203e-06   4.000226216363e-05   5.116137706879e-05  -6.726222515757e-06  -7.138571243225e-06   8.096833804664e-06  -8.322190549447e-06   3.524788859517e-03   4.000226216369e-05   5.116137706794e-05  -6.726222518803e-06  -7.138571246068e-06   8.096833804556e-06   8.322190549325e-06   3.524788859516e-03   1.855382888329e-05   2.053128503575e-05  -9.822708508910e-06  -9.324179019580e-06  -6.775892749745e-06   4.622335533722e-06   3.524794502218e-03   1.855382888371e-05   2.053128503629e-05  -9.822708515514e-06  -9.324179023340e-06  -6.775892749766e-06  -4.622335533907e-06   3.524794502218e-03
  -2.960640093390e-02  -4.880235684958e-02  -1.032269430784e-02  -1.301004172162e-14  -2.180011527818e-05   1.231379676212e-01  -1.690842833097e-02  -1.871629959179e-14  -5.025932722893e-05   8.234761913896e-02  -1.138965059547e-02  -1.951144671465e-14  -6.902996185225e-05  -7.898770411311e-03  -1.497450496232e-03  -3.756047274856e-14  -9.818223974783e-06   3.156834980747e-15   7.103430165157e-17  -4.290362044834e-03  -1.945575860176e-05  -8.949724515150e-04  -2.437760831689e-03  -3.596475347834e-03  -1.979649226749e-02   9.267169205604e-15  -6.144450374489e-05   7.509776746456e-03  -3.208396769274e-02   1.338790507302e-14  -1.020707963818e-04  -7.724638317749e-03  -9.528485068993e-03   1.533629781714e-14  -9.144348488659e-05   4.752241737484e-03   1.997543483529e-04   4.484898092035e-14  -1.110595299523e-05   2.789570885461e-15   2.894558887362e-17  -3.286002887145e-04   3.738189325646e-06   4.903452821394e-03   3.036989730831e-02   4.261582529216e-02   2.107929648222e-03   3.136420496562e-03   2.741312048038e-03  -5.590500628642e-03  -1.284850530040e-05   3.036989730833e-02   4.261582529220e-02   2.107929648218e-03   3.136420496517e-03   2.741312048040e-03   5.590500628644e-03  -1.284850530045e-05  -6.916236217598e-03  -1.063335038567e-02  -3.274705785977e-03  -6.631463929095e-04  -4.449771502208e-04  -8.413919093814e-04  -3.039140490010e-06  -6.916236217583e-03  -1.063335038564e-02  -3.274705785987e-03  -6.631463929745e-04  -4.449771502223e-04   8.413919093803e-04  -3.039140490284e-06
   1.042251616087e-03   1.769668452724e-03   3.062931771537e-02  -6.746958472810e-15   1.877085708149e-05  -3.874701839234e-03   4.638315865583e-02  -1.041119772127e-14   3.495885876655e-05  -1.138965059547e-02   2.339985786745e-02  -7.667323070487e-15   5.431689385121e-05   3.190898747324e-03  -9.195999188250e-04   1.010958545361e-14   1.037063873546e-05   1.807485185775e-15   1.351793311049e-17   5.704557283665e-04   1.164488844990e-05   4.455390475595e-03  -5.242231811542e-03  -8.708042661858e-03  -2.363449128503e-02   5.668324061728e-15   2.797769000033e-05   2.297865658457e-02  -3.500533988754e-02   9.602619900516e-15   4.699148037577e-05   9.528485069020e-03  -1.854188505102e-02   6.806315313154e-15   5.952210040313e-05   2.528715086922e-04   1.220967364697e-03  -1.806846789985e-14   1.066970638809e-05   2.250770368999e-15  -2.277531753980e-17  -3.496396597262e-04  -7.994672908855e-06   3.108796722052e-03  -1.430522001268e-02  -2.213304138571e-02  -6.493750861129e-03  -1.313906416942e-03   2.194846835489e-04   2.385771849588e-03   6.432498901801e-06  -1.430522001267e-02  -2.213304138569e-02  -6.493750861122e-03  -1.313906416926e-03   2.194846835499e-04  -2.385771849588e-03   6.432498901770e-06  -5.645970473751e-03  -9.766596756032e-03  -5.243694005784e-03  -4.315048686361e-04  -7.527804422322e-04  -8.920438684432e-04   4.154394412766e-06  -5.645970473741e-03  -9.766596756019e-03  -5.243694005766e-03  -4.315048686042e-04  -7.527804422327e-04   8.920438684431e-04   4.154394412818e-06
  -1.186733455862e-14  -8.573425984331e-15   7.133695286908e-16   3.868407450413e-02  -1.045288414385e-15  -5.521998314700e-15   1.410289501667e-15   5.912858099436e-02  -1.949004845294e-15  -1.951144671465e-14  -7.667323070487e-15   4.134900183921e-02  -1.794942364824e-15   2.408784549636e-13   6.596074797817e-14   3.618082279656e-03  -8.988082192756e-16  -7.182667946350e-03   1.709834170598e-05   7.321972516520e-16  -2.765377999260e-16   1.012863302825e-16   6.518380625703e-15   5.381063661762e-15   1.107471508186e-15  -6.131662593271e-03  -1.141977532206e-15  -7.411256989282e-16   1.458301967144e-15  -9.658174885431e-03  -1.901306999069e-15   1.526644674498e-14  -7.650990248880e-15  -1.467538905423e-02  -1.677017762022e-15  -2.222698987327e-13   6.981576278951e-14  -5.038290146299e-03   5.107515112216e-17  -6.231127951685e-03  -5.064884632560e-06  -2.940385061816e-16   1.621388115896e-16  -1.097243932891e-16   2.946033681060e-02   4.677923546105e-02   1.493805585691e-02   9.710107981137e-04   2.717014119610e-03  -2.397337034129e-03  -7.702440284018e-06  -2.946033681061e-02  -4.677923546105e-02  -1.493805585692e-02  -9.710107981049e-04  -2.717014119610e-03  -2.397337034130e-03   7.702440283707e-06   7.710983824662e-03   1.318542672259e-02   7.279944168326e-03  -2.371263329636e-03  -3.400424574374e-04  -1.114998808536e-04  -3.565761448108e-07  -7.710983824661e-03  -1.318542672259e-02  -7.279944168321e-03   2.371263329614e-03   3.400424574377e-04  -1.114998808540e-04   3.565761445900e-07
   4.474274815573e-06   8.563676303926e-06   3.522379803761e-05   4.060628536753e-17   4.193461397011e-02  -2.561446792500e-05   5.567598856324e-05   8.345336190659e-17   7.050809616697e-02  -6.902996185225e-05   5.431689385121e-05  -1.794942364824e-15   6.622385909089e-02   1.074330401034e-05   1.072146083059e-05  -2.755509413168e-15   7.963941524416e-03   8.008068323330e-17  -6.618889301194e-17  -1.178732687153e-06   7.959749140837e-03  -4.850669637035e-07   1.185461869687e-05   2.032598155943e-05  -4.271793067139e-05   1.869290751924e-16   4.193460410325e-02  -5.438280716246e-05  -6.786825769777e-05  -6.736412899163e-17   7.050808327589e-02  -9.144348488730e-05  -5.952210040117e-05   2.324888398892e-15   6.622385351231e-02   1.389160496382e-05  -1.104452625148e-05   3.453367736466e-15   7.963941204200e-03  -4.790221379728e-17   2.045940124570e-16  -1.935482877350e-07  -7.959753051738e-03   9.582228376167e-07   2.098203673005e-05   2.304068200326e-05  -1.208251908837e-05  -8.278594301936e-06   7.355939058587e-06  -4.951722746615e-06   3.310618985657e-03   2.098203673005e-05   2.304068200237e-05  -1.208251909125e-05  -8.278594304587e-06   7.355939058480e-06   4.951722746495e-06   3.310618985657e-03   1.170426019960e-05   9.790219555895e-06  -1.342172643322e-05  -9.224064095239e-06  -6.784550154828e-06   3.351283440358e-06   3.310621426507e-03   1.170426020004e-05   9.790219556486e-06  -1.342172643939e-05  -9.224064098718e-06  -6.784550154853e-06  -3.351283440536e-06   3.310621426506e-03
   2.669263851575e-03   4.185412524071e-03   4.104312891859e-03   1.924877586622e-13   3.628534036724e-06  -9.973836638424e-03   6.405071080770e-03   2.952705146995e-13   7.528374345975e-06  -7.898770411311e-03   3.190898747324e-03   2.408784549636e-13   1.074330401034e-05   1.090289700435e-03   3.925801069884e-05   3.861057914999e-14   1.718945191306e-06  -5.748349456079e-14   9.297736250088e-17   3.796418025804e-04   2.901885243548e-06   6.307034982797e-04  -1.265061171765e-03  -2.261988346919e-03   1.259134811074e-04  -1.918014626107e-13   9.197087440899e-06   6.265748780583e-03   4.763059528923e-04  -2.943301758255e-13   1.480518734821e-05   4.752241737185e-03  -2.528715089199e-04  -2.401297476837e-13   1.389160487281e-05  -6.866401642759e-04   1.430368310903e-04  -3.965885786145e-14   1.899769587606e-06  -5.745248472932e-14  -9.687687854051e-17  -1.766779609626e-04  -6.943367373382e-07  -1.837876981917e-04  -3.890488491974e-03  -5.662868707524e-03  -8.259418722033e-04  -3.867188973584e-04  -1.861556364342e-04   6.786821173648e-04   1.659142162896e-06  -3.890488492293e-03  -5.662868708039e-03  -8.259418723929e-04  -3.867188973458e-04  -1.861556364605e-04  -6.786821173845e-04   1.659142162972e-06   1.346407565747e-03   1.816187533434e-03  -6.996800899973e-05   1.469433161795e-04  -1.363682140191e-04   2.246900245407e-04   2.813977180610e-07   1.346407565429e-03   1.816187532920e-03  -6.996800918857e-05   1.469433161950e-04  -1.363682139929e-04  -2.246900245211e-04   2.813977181727e-07
   7.280067588328e-04   1.167508455375e-03  -1.310639611444e-03   5.375315852598e-14   7.044929503816e-06  -2.900947475767e-03  -1.949770288067e-03   8.242993987637e-14   1.201385072772e-05  -1.497450496232e-03  -9.195999188250e-04   6.596074797817e-14   1.072146083059e-05   3.925801069884e-05   8.552805682228e-05   9.878915653800e-15   1.127559031962e-06  -1.525804535653e-14   2.344730403041e-17   7.827278315822e-05   1.313055499584e-06  -2.034552215476e-04   2.610070618602e-04   4.536182441078e-04   1.744488977862e-03  -4.767220403171e-14   7.616313697323e-06  -1.235609357665e-03   2.655743331571e-03  -7.324521941784e-14   1.276011065954e-05  -1.997543484284e-04   1.220967364629e-03  -6.094782973719e-14   1.104452623069e-05  -1.430368310776e-04  -6.681379655222e-05  -9.903093374789e-15   1.146084671761e-06  -1.509984144876e-14  -2.311400727705e-17   2.127480181402e-05  -1.086638445498e-06  -2.870451609403e-04  -3.074120772045e-05   6.299210313963e-05   2.810462237456e-04  -1.163226644224e-05  -8.017216019709e-05   1.802542736305e-05   5.817162434463e-07  -3.074120780863e-05   6.299210299760e-05   2.810462236943e-04  -1.163226643956e-05  -8.017216020445e-05  -1.802542736870e-05   5.817162434687e-07   5.063918497230e-04   8.301643695208e-04   3.585704497396e-04   4.310768980493e-05   4.709183293719e-05   7.463226219148e-05   4.404030359389e-07   5.063918496429e-04   8.301643693915e-04   3.585704496905e-04   4.310768980849e-05   4.709183294365e-05  -7.463226218679e-05   4.404030359602e-07
  -1.542402980794e-13  -1.158144061353e-13   7.506324046052e-15   2.595648177280e-03  -1.742183163627e-15  -6.094073672947e-14   9.977768010820e-15   3.997148385242e-03  -2.952463991979e-15  -3.756047274856e-14   1.010958545361e-14   3.618082279656e-03  -2.755509413168e-15   3.861057914999e-14   9.878915653800e-15   7.065601560400e-04  -4.028337808461e-16  -1.010956181711e-03   1.391874462956e-06   2.622439097038e-15  -3.300497290181e-16  -7.839270621076e-16   8.633450296700e-14   8.780150183301e-14  -1.299033680070e-14  -4.328866389978e-03  -1.762256051599e-15  -8.158684801461e-14  -1.961010121377e-14  -6.631147030022e-03  -2.961520568844e-15  -5.047123074122e-14  -1.639151893966e-14  -5.038290146402e-03  -2.704822412675e-15  -3.317092613954e-14   9.027411659915e-15  -6.309427134065e-04  -3.051186800164e-16  -1.061619906825e-03  -2.032582961564e-06   2.980244227108e-15   3.173828234807e-16   4.452570585942e-16   2.292674431297e-03   3.738260277215e-03   1.512586308592e-03  -1.971549548119e-04   1.728944488605e-04  -1.098030789947e-04  -4.270411403020e-07  -2.292674431329e-03  -3.738260277260e-03  -1.512586308599e-03   1.971549548091e-04  -1.728944488632e-04  -1.098030790009e-04   4.270411400240e-07   3.450695373420e-03   5.526926545584e-03   1.920334241063e-03  -1.919915830090e-05  -2.994537522758e-04   2.433834061792e-04  -8.181637873315e-07  -3.450695373466e-03  -5.526926545651e-03  -1.920334241067e-03   1.919915829640e-05   2.994537522795e-04   2.433834061878e-04   8.181637870769e-07
   9.137950754571e-07   1.442015190031e-06   9.122503536142e-06  -6.046983305593e-16   5.042965600404e-03  -3.454166702584e-06   1.404656833331e-05  -9.227856569802e-16   8.479151029849e-03  -9.818223974783e-06   1.037063873546e-05  -8.988082192756e-16   7.963941524416e-03   1.718945191306e-06   1.127559031962e-06  -4.028337808461e-16   9.577274659154e-04   1.424970957320e-16  -8.237033155772e-18  -5.145404282100e-08   9.572233296259e-04   6.120823648927e-07   1.188657479504e-06   1.994248645285e-06  -9.553235626351e-06   2.650467519714e-16   5.042965033949e-03  -5.108084918222e-06  -1.474680488957e-05   3.671717486267e-16   8.479150288816e-03  -1.110595299578e-05  -1.066970638801e-05   6.617609636913e-16   7.963941204200e-03   1.899769598547e-06  -1.146084674251e-06   5.012634325151e-16   9.577274474646e-04   1.164824124275e-16   2.474161453178e-17   5.306315552117e-09  -9.572235543796e-04   6.949045153313e-07   2.871220334458e-07  -7.069444417530e-07  -2.508811475494e-06  -1.199167632949e-06   9.237349208095e-07  -2.178867141437e-07   3.981286329732e-04   2.871220343971e-07  -7.069444403406e-07  -2.508811475331e-06  -1.199167633252e-06   9.237349208816e-07   2.178867142010e-07   3.981286329732e-04  -2.460318870032e-07  -1.468232988961e-06  -2.585802402250e-06  -1.253490804903e-06  -8.908996637118e-07   1.259197841168e-07   3.981287732336e-04  -2.460318864881e-07  -1.468232988129e-06  -2.585802402654e-06  -1.253490805378e-06  -8.908996637462e-07  -1.259197841533e-07   3.981287732336e-04
  -1.033260511871e-15  -8.016740415765e-16  -7.582330500131e-17  -5.945694908366e-03   2.491216735336e-17  -4.301059201605e-16  -2.235444865824e-16  -9.117120565538e-03   8.693913292206e-17   3.156834980747e-15   1.807485185775e-15  -7.182667946350e-03   8.008068323330e-17  -5.748349456079e-14  -1.525804535653e-14  -1.010956181711e-03   1.424970957320e-16   1.622790090611e-03  -2.867883621586e-06  -1.195775159352e-16   1.618837294152e-17  -2.092482216335e-17   1.725338472531e-15   1.261187435253e-15   3.443681172073e-16   4.784437822357e-03   4.555324415309e-17   1.077646853195e-15   5.372818885390e-16   7.352340130864e-03   8.328309706512e-17  -2.843619108684e-15   2.094192102120e-15   6.231127951684e-03   1.566175482912e-17   5.590270957455e-14  -1.549884918372e-14   1.061619906822e-03  -3.696260665279e-17   1.588845368958e-03   2.438608600925e-06   5.600553158248e-17   3.660804825262e-18  -4.610550629836e-17  -4.837860820061e-03  -7.777806821293e-03  -2.796398943834e-03   1.080144448548e-04  -4.083695435268e-04   3.183959085342e-04   1.095802418627e-06   4.837860820062e-03   7.777806821292e-03   2.796398943838e-03  -1.080144448559e-04   4.083695435266e-04   3.183959085340e-04  -1.095802418595e-06  -4.061986198537e-03  -6.579399509711e-03  -2.523207621234e-03   2.272449192334e-04   3.235747457249e-04  -2.288970212276e-04   8.337500457304e-07   4.061986198538e-03   6.579399509713e-03   2.523207621232e-03  -2.272449192315e-04  -3.235747457250e-04  -2.288970212277e-04  -8.337500457259e-07
  -3.895569538192e-16  -3.510844707676e-16   3.432606551650e-17   1.620734453357e-05  -4.186847808914e-17   1.421762028017e-16   5.209223768607e-17   2.476497485230e-05  -7.048712676580e-17   7.103430165157e-17   1.351793311049e-17   1.709834170598e-05  -6.618889301194e-17   9.297736250088e-17   2.344730403041e-17   1.391874462956e-06  -8.237033155772e-18  -2.867883621586e-06   7.098251313792e-09  -4.288199545253e-18  -7.983343856960e-18   7.387216679611e-18  -2.712448126324e-16  -2.533014188701e-16  -3.386641705270e-17  -1.521742904548e-06  -4.190848184230e-17   1.433667686794e-16  -5.180330641178e-17  -2.447037903998e-06  -7.046684219002e-17   8.370254367456e-17  -1.990584844285e-17  -5.064884632526e-06  -6.615274584922e-17  -8.928108435314e-17   3.069263040694e-17  -2.032582961516e-06  -7.848170594847e-18  -2.438608600922e-06  -1.669512046048e-09  -4.752715108586e-18   7.935774944074e-18   7.466503190096e-18   1.225845001581e-05   1.943870523388e-05   6.122145161775e-06   4.769423089413e-07   1.140855256516e-06  -1.018052866466e-06  -3.251067846658e-09  -1.225845001578e-05  -1.943870523384e-05  -6.122145161794e-06  -4.769423089335e-07  -1.140855256508e-06  -1.018052866459e-06   3.251067839974e-09   2.446509367139e-06   4.283290830628e-06   2.667286646314e-06  -1.030881643075e-06  -6.851508676968e-08  -1.137766147567e-07   6.292420605525e-11  -2.446509367108e-06  -4.283290830589e-06  -2.667286646325e-06   1.030881643069e-06   6.851508676233e-08  -1.137766147639e-07  -6.292421270500e-11
   1.316572022294e-03   2.384895950838e-03   4.380547973880e-04   4.004796216133e-16  -1.905627077540e-06  -6.560287934301e-03   7.104364913328e-04   5.611692051794e-16  -2.493075903410e-06  -4.290362044834e-03   5.704557283665e-04   7.321972516520e-16  -1.178732687153e-06   3.796418025804e-04   7.827278315822e-05   2.622439097038e-15  -5.145404282100e-08  -1.195775159352e-16  -4.288199545253e-18   2.304511966650e-04   3.915529925459e-07   1.294575063747e-05   4.586017253670e-04   6.756993503647e-04   8.870996211938e-04  -4.592593006296e-16  -1.628630734327e-07  -1.472016827680e-03   1.443896327498e-03  -6.332434833811e-16  -2.132842378748e-07  -3.286002887141e-04   3.496396597251e-04  -7.462380217627e-16  -1.935482877825e-07  -1.766779609814e-04  -2.127480180913e-05  -3.045297241928e-15   5.306315518653e-09  -9.557519403390e-17  -2.133315852085e-18   5.583826096362e-05   2.999080475806e-07  -2.418689069183e-04  -1.570508229152e-03  -2.200133230284e-03  -9.716404972013e-05  -1.621785355646e-04  -1.478134037709e-04   2.924393536029e-04   4.308372170684e-07  -1.570508229153e-03  -2.200133230285e-03  -9.716404971961e-05  -1.621785355610e-04  -1.478134037710e-04  -2.924393536029e-04   4.308372170700e-07   6.975648436627e-05   1.420079154014e-04   1.396982599348e-04   4.949138994022e-06   4.679470766260e-05  -9.499932544164e-06  -6.786438552762e-10   6.975648436555e-05   1.420079154000e-04   1.396982599357e-04   4.949138998623e-06   4.679470766268e-05   9.499932544240e-06  -6.786438442434e-10
   3.738330075069e-06   6.390276020326e-06   1.087519314192e-05  -6.109915283377e-17   5.040308625791e-03  -1.675242351557e-05   1.701974057267e-05  -9.074174253202e-17   8.474685176379e-03  -1.945575860176e-05   1.164488844990e-05  -2.765377999260e-16   7.959749140837e-03   2.901885243548e-06   1.313055499584e-06  -3.300497290181e-16   9.572233296259e-04   1.618837294152e-17  -7.983343856960e-18   3.915529925459e-07   9.567211240086e-04   9.653130498732e-07  -8.750773762645e-07  -1.392517115102e-06  -5.619262974265e-06  -9.583243266726e-18   5.040315543354e-03   3.425572003102e-06  -8.470801490921e-06  -5.642458195987e-17   8.474694217799e-03  -3.738189325570e-06  -7.994672908573e-06   2.601690400421e-16   7.959753051739e-03   6.943367482104e-07  -1.086638447983e-06   4.166409941336e-16   9.572235543797e-04  -2.034176347983e-18   2.457793699553e-17  -2.999080475833e-07  -9.567183812485e-04  -4.642455820402e-08  -3.256994972924e-06  -5.684872131331e-06  -2.794671220619e-06  -1.565821450786e-06   6.395965329766e-07   4.074221505434e-07   3.979201206745e-04  -3.256994972831e-06  -5.684872131291e-06  -2.794671220923e-06  -1.565821451094e-06   6.395965329732e-07  -4.074221505486e-07   3.979201206745e-04   3.249517907492e-06   3.607091433423e-06  -1.855361687732e-06  -9.027962308807e-07  -1.040312053311e-06   7.149544066041e-07   3.979184089227e-04   3.249517907508e-06   3.607091433438e-06  -1.855361688478e-06  -9.027962313048e-07  -1.040312053309e-06  -7.149544066197e-07   3.979184089227e-04
  -2.316961082755e-04  -5.311312425197e-04   6.208829789516e-03   1.183399345082e-17  -2.908948389903e-06   1.834417580614e-03   9.463923486392e-03  -3.238689659212e-17  -4.465674338343e-06  -8.949724515150e-04   4.455390475595e-03   1.012863302825e-16  -4.850669637035e-07   6.307034982797e-04  -2.034552215476e-04  -7.839270621076e-16   6.120823648927e-07  -2.092482216335e-17   7.387216679611e-18   1.294575063747e-05   9.653130498732e-07   9.954655418196e-04  -2.192446339376e-03  -3.616671086174e-03  -4.270140652970e-03  -1.872614752993e-16  -3.562240114491e-07   9.276473074207e-03  -6.309672258366e-03  -2.095530358815e-16  -1.130864411425e-06   4.903452821396e-03  -3.108796722054e-03  -1.688584150169e-16   9.582228374585e-07  -1.837876982172e-04   2.870451609481e-04  -3.401149586773e-16   6.949045153036e-07   1.017491950011e-17  -2.379214534971e-18  -2.418689069183e-04   4.642455821468e-08   6.220491415405e-04  -2.341434328498e-03  -3.699769618388e-03  -1.280806727190e-03  -2.099319357226e-04   1.078877604955e-04   3.684369824369e-04   5.461423738894e-07  -2.341434328498e-03  -3.699769618388e-03  -1.280806727191e-03  -2.099319357246e-04   1.078877604955e-04  -3.684369824369e-04   5.461423738878e-07   5.870592231296e-05  -2.718496376985e-04  -9.343679395293e-04   3.466207972368e-05  -2.557048071523e-04   4.559430774627e-05  -8.530150370417e-08   5.870592231272e-05  -2.718496376992e-04  -9.343679395286e-04   3.466207972410e-05  -2.557048071522e-04  -4.559430774620e-05  -8.530150368291e-08
   2.795150376947e-03   4.604498762752e-03  -9.617536985214e-03   8.647961171143e-16   8.878129773878e-06  -1.154495378807e-02  -1.557296808450e-02  -3.319572052065e-15   1.511523093993e-05  -2.437760831689e-03  -5.242231811542e-03   6.518380625703e-15   1.185461869687e-05  -1.265061171765e-03   2.610070618602e-04   8.633450296700e-14   1.188657479504e-06   1.725338472531e-15  -2.712448126324e-16   4.586017253670e-04  -8.750773762645e-07  -2.192446339376e-03   3.284684649603e-01   2.812028262915e-01   8.945867356498e-04  -3.118647440887e-16  -3.989060063550e-06  -4.411369096970e-02   2.663214844477e-04   4.868489095258e-16   3.373618350053e-07  -2.960640093385e-02  -1.042251616102e-03  -6.922611009545e-15   4.474274815958e-06   2.669263851477e-03  -7.280067588169e-04  -8.794444962353e-14   9.137950747821e-07   2.063700353422e-16  -5.172894011717e-17   1.316572022290e-03  -3.738330074659e-06  -2.316961082748e-04   1.782241608556e-03   3.072374248559e-03   1.730876820833e-03   5.557468747144e-05  -3.797042009955e-04  -1.336630477386e-04   3.112853730260e-07   1.782241608555e-03   3.072374248552e-03   1.730876820872e-03   5.557468759597e-05  -3.797042009955e-04   1.336630477365e-04   3.112853730380e-07  -9.217954507507e-03  -1.297469678464e-02   2.119266222019e-04  -1.084343816664e-03   1.057184373146e-03  -1.771190897806e-03   3.215283690467e-06  -9.217954507507e-03  -1.297469678464e-02   2.119266222423e-04  -1.084343816536e-03   1.057184373146e-03   1.771190897806e-03   3.215283690437e-06
   4.604498762753e-03   7.529889296712e-03  -1.607285371506e-02   7.145000046495e-16   1.525039451109e-05  -1.872182206064e-02  -2.570772868178e-02  -2.348087896030e-15   2.591887945756e-05  -3.596475347834e-03  -8.708042661858e-03   5.381063661762e-15   2.032598155943e-05  -2.261988346919e-03   4.536182441078e-04   8.780150183301e-14   1.994248645285e-06   1.261187435253e-15  -2.533014188701e-16   6.756993503647e-04  -1.392517115102e-06  -3.616671086174e-03   2.812028262915e-01   2.480263495978e-01   1.256293706421e-03  -3.920621624585e-16  -5.399582972619e-06  -7.484183540833e-02   6.810422968617e-04   6.310016872128e-16   6.196315958844e-07  -4.880235684953e-02  -1.769668452739e-03  -6.407817063604e-15   8.563676303924e-06   4.185412523918e-03  -1.167508455340e-03  -9.034838035331e-14   1.442015189331e-06   2.947122631176e-16  -5.544549694771e-17   2.384895950834e-03  -6.390276019932e-06  -5.311312425191e-04   3.060313402703e-03   5.237926858442e-03   2.890521077849e-03   1.788908793039e-04  -6.286770130063e-04  -2.532437296840e-04   5.381708232890e-07   3.060313402702e-03   5.237926858437e-03   2.890521077883e-03   1.788908794366e-04  -6.286770130062e-04   2.532437296824e-04   5.381708232732e-07  -1.544886770001e-02  -2.147495309222e-02   2.757166549474e-04  -1.722958572667e-03   1.768609573919e-03  -2.945661854186e-03   5.415936774765e-06  -1.544886770001e-02  -2.147495309222e-02   2.757166549878e-04  -1.722958572530e-03   1.768609573919e-03   2.945661854186e-03   5.415936774633e-06
   9.617536985215e-03   1.607285371506e-02  -3.101400686680e-02   2.604170072027e-17  -1.628916358081e-05  -4.217244801106e-02  -4.595624143818e-02  -7.593529014260e-16  -2.610006835084e-05  -1.979649226749e-02  -2.363449128503e-02   1.107471508186e-15  -4.271793067139e-05   1.259134811074e-04   1.744488977862e-03  -1.299033680070e-14  -9.553235626351e-06   3.443681172073e-16  -3.386641705270e-17   8.870996211938e-04  -5.619262974265e-06  -4.270140652970e-03   8.945867356498e-04   1.256293706421e-03   4.108594903507e-02   2.040368356137e-16  -3.033546336034e-06  -3.505002586796e-03   6.233816453773e-02  -8.843411471733e-16  -8.773905480326e-06   1.032269430782e-02   3.062931771538e-02   2.042291050315e-17  -3.522379803770e-05  -4.104312891622e-03  -1.310639611522e-03   2.188356284852e-14  -9.122503536060e-06  -4.330617592442e-16   3.496435218358e-17  -4.380547973875e-04   1.087519314191e-05  -6.208829789516e-03   4.873439691929e-03   9.296567009360e-03   6.827388372730e-03   3.028945019653e-04  -1.270285328157e-03  -6.780953229099e-04  -2.865693938362e-06   4.873439691929e-03   9.296567009358e-03   6.827388372734e-03   3.028945019390e-04  -1.270285328157e-03   6.780953229095e-04  -2.865693938281e-06   1.734179959387e-02   2.710253077701e-02   8.627402595666e-03   1.573435497832e-03   5.023985374265e-04   2.828890610427e-03  -6.145901698977e-06   1.734179959387e-02   2.710253077701e-02   8.627402595653e-03   1.573435497791e-03   5.023985374262e-04  -2.828890610428e-03  -6.145901698841e-06
   1.553648325318e-15   1.375234971324e-15  -3.396418764896e-17   1.938657285351e-03   7.695425341607e-18  -3.114248129260e-16  -8.197648829882e-16   2.674396908860e-03   1.571892582916e-16   9.267169205604e-15   5.668324061728e-15  -6.131662593271e-03   1.869290751924e-16  -1.918014626107e-13  -4.767220403171e-14  -4.328866389978e-03   2.650467519714e-16   4.784437822357e-03  -1.521742904548e-06  -4.592593006296e-16  -9.583243266726e-18  -1.872614752993e-16  -3.118647440887e-16  -3.920621624585e-16   2.040368356137e-16   3.778822672384e-02   5.338329818520e-17   1.409295953498e-15  -4.920348696987e-17   5.769916590911e-02   1.867562576789e-16  -1.129734270444e-14   5.229024439695e-15   3.868407450414e-02  -2.700024831231e-16   2.056286804425e-13  -4.378291464122e-14   2.595648177414e-03  -1.940917594053e-17   5.945694908365e-03   1.620734453356e-05   4.285774570132e-16   2.353625017445e-17   2.067924882590e-16  -1.595847083997e-03  -3.484943215296e-03  -4.213480945502e-03   2.599505421645e-03   2.277055865488e-04  -6.166313851691e-04  -1.259102315867e-06   1.595847083998e-03   3.484943215292e-03   4.213480945517e-03  -2.599505421641e-03  -2.277055865493e-04  -6.166313851696e-04   1.259102315914e-06  -2.813870436024e-02  -4.448274536999e-02  -1.355942175061e-02  -1.479397762640e-03   2.673144825851e-03  -2.445147059771e-03   7.705772342341e-06   2.813870436024e-02   4.448274536999e-02   1.355942175060e-02   1.479397762625e-03  -2.673144825852e-03  -2.445147059772e-03  -7.705772342421e-06
