ARMA_MAT_TXT_FN008
50 50
  -1.875036540579e+01  -1.934967342359e+01  -5.978102199540e-29   1.827334256931e-29   1.423108056574e-04  -6.747279087337e+00  -2.759724698272e-29   8.435527781091e-30   6.568509290518e-05  -3.044518838156e+00  -8.790719005247e-30   2.687204866124e-30   2.091041292264e-05  -1.282964025288e+00  -2.212002820659e-30   6.761643385037e-31   5.259479103447e-06   0.000000000000e+00  -1.824270281912e-35  -1.894713498257e-05   7.818301208196e-36   1.927568037814e-13  -2.013428220432e-01  -1.464668794017e+00  -1.560486282863e+00  -9.558010677402e-01   1.627063953200e+00  -5.557987920277e-16  -5.784221227964e-01  -2.013428220433e-01  -1.464668794017e+00  -1.560486282863e+00  -9.558010677402e-01  -8.135319765998e-01  -1.409078717053e+00  -5.784221227964e-01  -2.013316689764e-01  -1.464640112213e+00  -1.560475073970e+00  -9.557985095914e-01  -9.235384287653e-19  -1.318990678279e-18   1.726767769501e+00  -2.013428220433e-01  -1.464668794017e+00  -1.560486282863e+00  -9.558010677402e-01  -8.135319765998e-01   1.409078717053e+00  -5.784221227964e-01
  -1.934967342359e+01  -1.699301241639e+01  -8.304235611995e-29   2.538300713819e-29   1.976882479726e-04  -7.089178683997e+00  -2.580379263583e-29   7.887300556546e-30   6.142873946543e-05  -3.236418258516e+00  -6.739523907959e-30   2.060199319544e-30   1.604433837921e-05  -1.364639664425e+00  -1.576772075775e-30   4.820599093474e-31   3.754142415975e-06   0.000000000000e+00  -2.084880322186e-34  -9.467284907794e-06   8.339521288742e-35   9.621431247670e-14  -2.151879563613e-01  -1.561596642591e+00  -1.659912090943e+00  -1.016592615192e+00   1.774246000757e+00  -6.124479412674e-16  -6.307485521150e-01  -2.151879563613e-01  -1.561596642591e+00  -1.659912090943e+00  -1.016592615192e+00  -8.871230003784e-01  -1.536542109218e+00  -6.307485521150e-01  -2.151785977554e-01  -1.561570265228e+00  -1.659902564853e+00  -1.016590529009e+00  -2.452614709489e-18  -3.502805988897e-18   1.882974308825e+00  -2.151879563613e-01  -1.561596642591e+00  -1.659912090943e+00  -1.016592615192e+00  -8.871230003784e-01   1.536542109218e+00  -6.307485521150e-01
  -5.978102199540e-29  -8.304235611995e-29  -6.377722267919e+00   2.220446049250e-16   0.000000000000e+00  -2.215555327862e-28  -4.290722490469e+00   0.000000000000e+00   0.000000000000e+00  -1.413318540680e-28  -1.616384169241e+00   0.000000000000e+00   3.851859888774e-34  -6.709953524305e-29  -4.345409049940e-01   1.387778780781e-17   1.805559322863e-35   2.328587628046e-17   1.877893248421e-19   1.734723476050e-18   2.285735621017e-02  -3.179163625979e-02  -8.246509822796e-01  -1.221081381572e+00  -4.700405970556e-01  -1.093811354886e-01   1.790900972306e+00  -9.998716622241e-16  -8.848954260385e-01   4.123254911401e-01   6.105406907861e-01   2.350202985278e-01   5.469056774431e-02  -7.605765589302e-02   1.077889066557e+00   4.424477130194e-01   4.388336140190e-18  -9.107205758332e-18  -1.887346690070e-18  -1.773098989639e-19  -6.982949775481e-01   1.387778780781e-17   3.862258001897e-17   4.123254911401e-01   6.105406907861e-01   2.350202985278e-01   5.469056774431e-02  -7.605765589302e-02  -1.077889066557e+00   4.424477130194e-01
   1.827334256931e-29   2.538300713819e-29   2.220446049250e-16  -6.377722267921e+00   1.155557966632e-33   6.772355081060e-29   0.000000000000e+00  -4.290722490472e+00   0.000000000000e+00   4.321341278432e-29   0.000000000000e+00  -1.616384169242e+00  -9.629649721936e-34   2.050968587211e-29  -1.387778780781e-17  -4.345409049943e-01  -4.212971753347e-35   3.179163625979e-02   2.285735621017e-02   1.084202172261e-19   0.000000000000e+00   2.234692965618e-17   2.530661400163e-16   3.817999675097e-16   1.512510068491e-16  -1.319627503941e-19  -9.721160866087e-16  -6.983771986265e-01   3.234381581692e-16   7.141686999107e-01   1.057487496531e+00   4.070670978605e-01   9.472684202802e-02   1.077889066558e+00   1.168581429574e+00   7.663419186428e-01   6.267388862122e-18  -1.300684316560e-17  -2.695494430132e-18  -2.532326717853e-19  -1.387778780781e-17  -6.982949775485e-01   5.516047998623e-17  -7.141686999107e-01  -1.057487496531e+00  -4.070670978605e-01  -9.472684202802e-02  -1.077889066558e+00   1.168581429574e+00  -7.663419186428e-01
   1.423108056574e-04   1.976882479726e-04   0.000000000000e+00   1.155557966632e-33  -6.377957022965e+00   5.269634752251e-04   0.000000000000e+00   0.000000000000e+00  -4.290979544525e+00   3.353082532124e-04   3.851859888774e-34  -9.629649721936e-34  -1.616493163913e+00   1.589192010591e-04   1.805559322863e-35  -4.212971753347e-35  -4.345711034811e-01   1.877893248421e-19   3.899540679446e-29  -3.871562285434e-02  -1.275438028875e-28   0.000000000000e+00   2.931911143408e-01   4.342645169643e-01   1.672941785905e-01   3.900785633438e-02  -8.851034421039e-01   3.789493094003e-16  -3.837412297761e-01   2.931911143410e-01   4.342645169644e-01   1.672941785905e-01   3.900785633438e-02   4.425517210522e-01   7.665220658391e-01  -3.837412297762e-01  -8.751212053624e-01  -1.295791380646e+00  -4.986990038870e-01  -1.159751070798e-01   3.862258001960e-17   5.516047998756e-17   2.105262275471e+00   2.931911143410e-01   4.342645169644e-01   1.672941785905e-01   3.900785633438e-02   4.425517210522e-01  -7.665220658391e-01  -3.837412297762e-01
  -6.747279087337e+00  -7.089178683997e+00  -2.215555327862e-28   6.772355081060e-29   5.269634752251e-04  -7.872900869293e+00  -3.521627331536e-28   1.076386178410e-28   8.020526217150e-04  -5.377592557446e+00  -2.301273965399e-28   7.034276599454e-29   4.647881364864e-04  -2.737952131445e+00  -7.971659091545e-29   2.436710943811e-29   1.483934802462e-04   0.000000000000e+00  -1.667904257748e-33  -4.468366066870e-04   6.671617030994e-34   5.022645207504e-12  -1.203829182679e+00  -2.913128029984e+00  -3.134424075171e+00  -2.090048324114e+00   2.639756158461e+00  -9.840829231197e-16  -9.382859428744e-01  -1.203829182682e+00  -2.913128029986e+00  -3.134424075172e+00  -2.090048324114e+00  -1.319878079233e+00  -2.286095893023e+00  -9.382859428758e-01  -1.203665503651e+00  -2.912799808469e+00  -3.134234242646e+00  -2.089995411252e+00   2.031261127509e-17   2.901031953818e-17   2.801221401844e+00  -1.203829182682e+00  -2.913128029986e+00  -3.134424075172e+00  -2.090048324114e+00  -1.319878079233e+00   2.286095893023e+00  -9.382859428758e-01
  -2.759724698272e-29  -2.580379263583e-29  -4.290722490469e+00   0.000000000000e+00   0.000000000000e+00  -3.521627331536e-28  -5.144871012292e+00  -1.665334536938e-16   1.925929944387e-34  -4.193619791019e-28  -3.164853430022e+00   1.110223024625e-16  -7.703719777549e-34  -2.648496416871e-28  -1.095263518011e+00  -1.387778780781e-17  -2.407412430484e-35   9.164119052307e-17   0.000000000000e+00   1.974839205788e-28   9.213785079512e-02  -1.288030613164e-01  -1.921748422531e+00  -2.305050232869e+00  -1.065338345686e+00  -2.845082301125e-01   1.720962313433e+00  -1.287965227593e-15  -1.070722310588e+00   9.608742112685e-01   1.152525116436e+00   5.326691728432e-01   1.422541150562e-01  -5.383544384711e-01   1.304417134895e+00   5.353611552953e-01  -1.942430903783e-17  -2.259281867981e-17  -5.921519609487e-18  -6.903215134108e-19  -1.291196076635e+00   2.775557561563e-17   6.317566965699e-17   9.608742112685e-01   1.152525116436e+00   5.326691728432e-01   1.422541150562e-01  -5.383544384711e-01  -1.304417134895e+00   5.353611552953e-01
   8.435527781091e-30   7.887300556546e-30   0.000000000000e+00  -4.290722490472e+00   0.000000000000e+00   1.076386178410e-28  -1.665334536938e-16  -5.144871012303e+00  -4.814824860968e-34   1.281866653434e-28  -1.110223024625e-16  -3.164853430032e+00  -1.540743955510e-33   8.095637196074e-29   0.000000000000e+00  -1.095263518015e+00   2.407412430484e-35   1.288030613164e-01   9.213785079512e-02  -4.336808690546e-19  -1.502314598737e-18   8.938771862476e-17   7.626993912271e-16   7.603413362557e-16  -4.407093228894e-18  -5.137712071736e-19  -1.176942925131e-15  -1.291460022440e+00   4.283394421508e-16   1.664282953601e+00   1.996232058671e+00   9.226100709934e-01   2.463913548641e-01   1.304417134900e+00   9.678567294627e-01   9.272727213717e-01  -2.774165292417e-17  -3.226689470199e-17  -8.457070027819e-18  -9.859120231642e-19  -2.775557561563e-17  -1.291196076638e+00   9.022701901348e-17  -1.664282953601e+00  -1.996232058671e+00  -9.226100709934e-01  -2.463913548641e-01  -1.304417134900e+00   9.678567294627e-01  -9.272727213717e-01
   6.568509290518e-05   6.142873946543e-05   0.000000000000e+00   0.000000000000e+00  -4.290979544525e+00   8.020526217150e-04   1.925929944387e-34  -4.814824860968e-34  -5.145621751657e+00   8.469839801931e-04  -7.703719777549e-34  -1.540743955510e-33  -3.165402233990e+00   4.930105834474e-04  -2.407412430484e-35   2.407412430484e-35  -1.095451095217e+00   0.000000000000e+00   1.045534037947e-28  -1.573964734233e-01  -3.420521841204e-28   0.000000000000e+00   6.832479937781e-01   8.198340249387e-01   3.792940665428e-01   1.015388290217e-01  -1.071160841877e+00   4.283394421495e-16  -9.107254320159e-01   6.832479937800e-01   8.198340249395e-01   3.792940665429e-01   1.015388290217e-01   5.355804209395e-01   9.276525006041e-01  -9.107254320180e-01  -2.039273145597e+00  -2.446001533989e+00  -1.130253747471e+00  -3.016167214959e-01   6.317566966065e-17   9.022701902058e-17   2.101306548750e+00   6.832479937800e-01   8.198340249395e-01   3.792940665429e-01   1.015388290217e-01   5.355804209395e-01  -9.276525006041e-01  -9.107254320180e-01
  -3.044518838156e+00  -3.236418258516e+00  -1.413318540680e-28   4.321341278432e-29   3.353082532124e-04  -5.377592557446e+00  -4.193619791019e-28   1.281866653434e-28   8.469839801931e-04  -5.155329015674e+00  -6.417520332783e-28   1.961585253044e-28   7.876624373489e-04  -3.401035813127e+00  -4.190950706136e-28   1.280984945257e-28   3.383410276461e-04   0.000000000000e+00  -2.001485109298e-33  -5.298433613574e-04   0.000000000000e+00   7.278541007644e-12  -1.424375967979e+00  -2.950004500096e+00  -3.527452646931e+00  -2.708619181360e+00   1.631081997712e+00  -5.495610440943e-16  -5.796404706279e-01  -1.424375967985e+00  -2.950004500104e+00  -3.527452646935e+00  -2.708619181361e+00  -8.155409988582e-01  -1.412558445668e+00  -5.796404706293e-01  -1.424164133202e+00  -2.949545501788e+00  -3.527095057031e+00  -2.708496875674e+00   7.457787513426e-18   1.065115636337e-17   1.730786933950e+00  -1.424375967985e+00  -2.950004500104e+00  -3.527452646935e+00  -2.708619181361e+00  -8.155409988582e-01   1.412558445668e+00  -5.796404706293e-01
  -8.790719005247e-30  -6.739523907959e-30  -1.616384169241e+00   0.000000000000e+00   3.851859888774e-34  -2.301273965399e-28  -3.164853430022e+00  -1.110223024625e-16  -7.703719777549e-34  -6.417520332783e-28  -3.553586153085e+00   1.110223024625e-16   3.851859888774e-34  -7.640711694597e-28  -1.990043335654e+00   2.775557561563e-17   9.629649721936e-35   6.910647154199e-17   0.000000000000e+00   1.570447456758e-28   7.059344739574e-02  -9.876801301676e-02  -1.671603406209e+00  -2.300009136552e+00  -1.523240366472e+00  -5.543495807431e-01   3.499372797990e-01  -5.448003929746e-16  -5.241935317802e-01   8.358017031087e-01   1.150004568280e+00   7.616201832369e-01   2.771747903717e-01  -7.563805074261e-01   6.387328722570e-01   2.620967658910e-01  -1.338849770677e-17  -1.847031911208e-17  -9.342173160098e-18  -1.887888565054e-18  -1.124911309692e+00  -1.475063266701e-33   1.470384186052e-17   8.358017031087e-01   1.150004568280e+00   7.616201832369e-01   2.771747903717e-01  -7.563805074261e-01  -6.387328722570e-01   2.620967658910e-01
   2.687204866124e-30   2.060199319544e-30   0.000000000000e+00  -1.616384169242e+00  -9.629649721936e-34   7.034276599454e-29   1.110223024625e-16  -3.164853430032e+00  -1.540743955510e-33   1.961585253044e-28   1.110223024625e-16  -3.553586153119e+00  -5.777789833162e-34   2.335410243655e-28  -2.775557561563e-17  -1.990043335688e+00  -2.407412430484e-34   9.876801301676e-02   7.059344739574e-02  -4.799601999991e-29   0.000000000000e+00   7.060878614056e-17   6.006582534357e-16   7.634095678854e-16  -6.952910395284e-18  -1.405059278135e-18  -5.170448173600e-16  -1.125153103165e+00   1.906233649874e-16   1.447651014839e+00   1.991866341208e+00   1.319164853452e+00   4.800808195098e-01   6.387328722646e-01  -1.883531595502e-02   4.539649150236e-01  -1.912135231329e-17  -2.637917164412e-17  -1.334242184909e-17  -2.696268329901e-18  -1.387778780781e-17  -1.124911309695e+00   2.099991699825e-17  -1.447651014839e+00  -1.991866341208e+00  -1.319164853452e+00  -4.800808195098e-01  -6.387328722646e-01  -1.883531595502e-02  -4.539649150236e-01
   2.091041292264e-05   1.604433837921e-05   3.851859888774e-34  -9.629649721936e-34  -1.616493163913e+00   4.647881364864e-04  -7.703719777549e-34  -1.540743955510e-33  -3.165402233990e+00   7.876624373489e-04   3.851859888774e-34  -5.777789833162e-34  -3.554220369963e+00   6.168448230404e-04   9.629649721936e-35  -2.407412430484e-34  -1.990332320330e+00   0.000000000000e+00   8.314755708181e-29  -1.207624351629e-01  -2.720094785722e-28   0.000000000000e+00   5.943057245059e-01   8.179794378032e-01   5.421347836989e-01   1.975917179431e-01  -5.245165168690e-01   1.906233649857e-16  -9.387515147664e-01   5.943057245087e-01   8.179794378060e-01   5.421347836997e-01   1.975917179432e-01   2.622582584354e-01   4.542446283101e-01  -9.387515147713e-01  -1.773828207217e+00  -2.440634760957e+00  -1.616178831721e+00  -5.879064900326e-01   1.470384186579e-17   2.099991700824e-17   5.362476012773e-01   5.943057245087e-01   8.179794378060e-01   5.421347836997e-01   1.975917179432e-01   2.622582584354e-01  -4.542446283101e-01  -9.387515147713e-01
  -1.282964025288e+00  -1.364639664425e+00  -6.709953524305e-29   2.050968587211e-29   1.589192010591e-04  -2.737952131445e+00  -2.648496416871e-28   8.095637196074e-29   4.930105834474e-04  -3.401035813127e+00  -7.640711694597e-28   2.335410243655e-28   6.168448230404e-04  -3.126416209701e+00  -1.169995907850e-27   3.576109324275e-28   3.775253830679e-04   0.000000000000e+00  -1.334323406199e-33  -3.140187296337e-04   0.000000000000e+00   4.851183006237e-12  -9.111302859339e-01  -1.961803070803e+00  -2.779695472527e+00  -2.684991807456e+00   6.507582831576e-01  -1.937774086908e-16  -2.312047551214e-01  -9.111302859386e-01  -1.961803070813e+00  -2.779695472538e+00  -2.684991807461e+00  -3.253791415794e-01  -5.635732049297e-01  -2.312047551218e-01  -9.109964964533e-01  -1.961478590283e+00  -2.779372538526e+00  -2.684846902233e+00   6.874317353597e-19   9.817848655774e-19   6.905225931610e-01  -9.111302859386e-01  -1.961803070813e+00  -2.779695472538e+00  -2.684991807461e+00  -3.253791415794e-01   5.635732049297e-01  -2.312047551218e-01
  -2.212002820659e-30  -1.576772075775e-30  -4.345409049940e-01  -1.387778780781e-17   1.805559322863e-35  -7.971659091545e-29  -1.095263518011e+00   0.000000000000e+00  -2.407412430484e-35  -4.190950706136e-28  -1.990043335654e+00  -2.775557561563e-17   9.629649721936e-35  -1.169995907850e-27  -2.106699651965e+00  -5.551115123126e-17  -1.203706215242e-34   2.328587628046e-17   3.755786496843e-19   1.734723476034e-18   2.401738497752e-02  -3.360613837795e-02  -6.558503981665e-01  -1.111855792641e+00  -1.118907894096e+00  -6.658657096413e-01  -1.145464638339e-01  -1.243406451250e-16  -1.258821365068e-01   3.279251990851e-01   5.559278963239e-01   5.594539470510e-01   3.329328548216e-01  -3.802954278830e-01   1.534302359260e-01   6.294106825355e-02  -2.019993030539e-18  -4.240106614431e-18  -4.740999313214e-18  -2.374896202404e-18  -4.687836543932e-01   1.387778780781e-17   7.977807100025e-19   3.279251990851e-01   5.559278963239e-01   5.594539470510e-01   3.329328548216e-01  -3.802954278830e-01  -1.534302359260e-01   6.294106825355e-02
   6.761643385037e-31   4.820599093474e-31   1.387778780781e-17  -4.345409049943e-01  -4.212971753347e-35   2.436710943811e-29  -1.387778780781e-17  -1.095263518015e+00   2.407412430484e-35   1.280984945257e-28   2.775557561563e-17  -1.990043335688e+00  -2.407412430484e-34   3.576109324275e-28  -5.551115123126e-17  -2.106699652079e+00   1.444447458290e-34   3.360613837795e-02   2.401738497752e-02  -2.168404345146e-19  -3.755786496843e-19   2.403703357976e-17  -1.503378530260e-18  -3.155696290830e-18  -3.528484453283e-18  -1.767513754483e-18  -1.243406451255e-16  -4.688784158972e-01   4.143447734380e-17   5.679831058984e-01   9.628953617852e-01   9.690026608132e-01   5.766566200962e-01   1.534302359296e-01  -2.031294518587e-01   1.090171280979e-01  -2.884938941776e-18  -6.055688560627e-18  -6.771059764665e-18  -3.391808991734e-18  -1.387778780781e-17  -4.687836543947e-01   1.139384444635e-18  -5.679831058984e-01  -9.628953617852e-01  -9.690026608132e-01  -5.766566200962e-01  -1.534302359296e-01  -2.031294518587e-01  -1.090171280979e-01
   5.259479103447e-06   3.754142415975e-06   1.805559322863e-35  -4.212971753347e-35  -4.345711034811e-01   1.483934802462e-04  -2.407412430484e-35   2.407412430484e-35  -1.095451095217e+00   3.383410276461e-04   9.629649721936e-35  -2.407412430484e-34  -1.990332320330e+00   3.775253830679e-04  -1.203706215242e-34   1.444447458290e-34  -2.106886550674e+00   0.000000000000e+00   3.039680030948e-29  -4.109246301776e-02  -9.944381057886e-29   0.000000000000e+00   2.331730632770e-01   3.953948024365e-01   3.980872405324e-01   2.370586627988e-01  -1.259984302801e-01   4.490392429492e-17  -4.241125869767e-01   2.331730632783e-01   3.953948024389e-01   3.980872405346e-01   2.370586627995e-01   6.299921514023e-02   1.091178414574e-01  -4.241125869796e-01  -6.959633053128e-01  -1.179842938039e+00  -1.187252409832e+00  -7.063993590017e-01   7.977807125314e-19   1.139384449398e-18  -6.976783264182e-02   2.331730632783e-01   3.953948024389e-01   3.980872405346e-01   2.370586627995e-01   6.299921514023e-02  -1.091178414574e-01  -4.241125869796e-01
   0.000000000000e+00   0.000000000000e+00   2.328587628046e-17   3.179163625979e-02   1.877893248421e-19   0.000000000000e+00   9.164119052307e-17   1.288030613164e-01   0.000000000000e+00   0.000000000000e+00   6.910647154199e-17   9.876801301676e-02   0.000000000000e+00   0.000000000000e+00   2.328587628046e-17   3.360613837795e-02   0.000000000000e+00  -3.774798502357e+00  -6.689724185112e-02  -4.807406715959e-17  -4.878909776185e-17   3.330669073875e-16   1.007062592585e-15   5.514818036292e-16   1.900135357328e-16  -9.289980806208e-20  -1.068335116681e-15  -1.509590603312e+00   5.356187336761e-16  -1.252761837324e+00  -8.014066675092e-01  -1.688398275954e-01  -2.177225141122e-02   4.992898562677e-01  -6.447952045530e-01  -5.771401446660e-01   7.233796398179e-33  -2.403703357979e-17   4.807406715959e-17   1.328987065298e-35  -5.566230802529e-17   4.371995359516e-03  -1.762523524747e-32   1.252761837324e+00   8.014066675092e-01   1.688398275954e-01   2.177225141122e-02  -4.992898562677e-01  -6.447952045530e-01   5.771401446660e-01
  -1.824270281912e-35  -2.084880322186e-34   1.877893248421e-19   2.285735621017e-02   3.899540679446e-29  -1.667904257748e-33   0.000000000000e+00   9.213785079512e-02   1.045534037947e-28  -2.001485109298e-33   0.000000000000e+00   7.059344739574e-02   8.314755708181e-29  -1.334323406199e-33   3.755786496843e-19   2.401738497752e-02   3.039680030948e-29  -6.689724185112e-02  -3.728643907054e+00  -5.633679745264e-19  -1.665334536938e-16  -4.716279450312e-17  -4.146897757380e-16  -2.553750287755e-16  -4.726254201877e-17  -5.976231959990e-18   6.317668679940e-16   5.414640635931e-01   4.647666503827e-16  -8.908043170444e-01  -5.700217887547e-01  -1.201562680026e-01  -1.550842534013e-02  -5.773783680240e-01  -4.585846050121e-01   9.007147982534e-01  -1.029848193218e-16  -5.174447023214e-17  -4.649082945898e-18  -1.892028545918e-19  -4.807406715959e-17  -1.603366073822e+00   1.921160189586e-16   8.908043170444e-01   5.700217887547e-01   1.201562680026e-01   1.550842534013e-02   5.773783680240e-01  -4.585846050121e-01  -9.007147982534e-01
  -1.894713498257e-05  -9.467284907794e-06   1.734723476050e-18   1.084202172261e-19  -3.871562285434e-02  -4.468366066870e-04   1.974839205788e-28  -4.336808690546e-19  -1.573964734233e-01  -5.298433613574e-04   1.570447456758e-28  -4.799601999991e-29  -1.207624351629e-01  -3.140187296337e-04   1.734723476034e-18  -2.168404345146e-19  -4.109246301776e-02  -4.807406715959e-17  -5.633679745264e-19  -3.822332812115e+00   5.337293624795e-33  -4.611423875317e-12   6.240334231443e-01   3.990962298957e-01   8.386700265951e-02   1.063060536355e-02   6.535006187856e-02   7.591901956912e-17   9.037031368929e-01   6.240334231475e-01   3.990962298978e-01   8.386700265996e-02   1.063060536360e-02  -3.267503093775e-02  -5.659481372755e-02   9.037031368960e-01  -1.881162202994e+00  -1.203552038453e+00  -2.538064085271e-01  -3.291632388861e-02   1.252097366149e-16   1.788371621174e-16   7.272011929831e-01   6.240334231475e-01   3.990962298978e-01   8.386700265996e-02   1.063060536360e-02  -3.267503093775e-02   5.659481372755e-02   9.037031368960e-01
   7.818301208196e-36   8.339521288742e-35   2.285735621017e-02   0.000000000000e+00  -1.275438028875e-28   6.671617030994e-34   9.213785079512e-02  -1.502314598737e-18  -3.420521841204e-28   0.000000000000e+00   7.059344739574e-02   0.000000000000e+00  -2.720094785722e-28   0.000000000000e+00   2.401738497752e-02  -3.755786496843e-19  -9.944381057886e-29  -4.878909776185e-17  -1.665334536938e-16   5.337293624795e-33  -3.728643907046e+00   6.689724185112e-02   1.028612224478e+00   6.582044663610e-01   1.387445073519e-01   1.790758708963e-02  -7.919341612140e-01   6.798409351532e-16  -1.040055862465e+00  -5.143061122403e-01  -3.291022331807e-01  -6.937225367594e-02  -8.953793544813e-03   2.081145073910e-01  -5.773783680215e-01   5.200279312337e-01  -7.210849916440e-17  -3.623073879340e-17  -3.255221458327e-18  -1.324771357209e-19  -1.603366073819e+00   2.403703357979e-17   1.345168917492e-16  -5.143061122403e-01  -3.291022331807e-01  -6.937225367594e-02  -8.953793544813e-03   2.081145073910e-01   5.773783680215e-01   5.200279312337e-01
   1.927568037814e-13   9.621431247670e-14  -3.179163625979e-02   2.234692965618e-17   0.000000000000e+00   5.022645207504e-12  -1.288030613164e-01   8.938771862476e-17   0.000000000000e+00   7.278541007644e-12  -9.876801301676e-02   7.060878614056e-17   0.000000000000e+00   4.851183006237e-12  -3.360613837795e-02   2.403703357976e-17   0.000000000000e+00   3.330669073875e-16  -4.716279450312e-17  -4.611423875317e-12   6.689724185112e-02  -3.774798502357e+00  -1.446564768013e+00  -9.253847104282e-01  -1.949594398190e-01  -2.514043042243e-02   3.565300716336e-01  -1.497754302229e-15  -6.664240357629e-01   7.232823840114e-01   4.626923552216e-01   9.747971991735e-02   1.257021521697e-02   1.221325470397e+00  -4.992898562679e-01   3.332120178847e-01   2.836672363759e-13   2.590553049292e-12   4.719932059264e-12   3.780179068647e-12  -4.371995359516e-03   6.183588207930e-17  -1.262867032441e-12   7.232823840114e-01   4.626923552216e-01   9.747971991735e-02   1.257021521697e-02   1.221325470397e+00   4.992898562679e-01   3.332120178847e-01
  -2.013428220432e-01  -2.151879563613e-01  -8.246509822796e-01   2.530661400163e-16   2.931911143408e-01  -1.203829182679e+00  -1.921748422531e+00   7.626993912271e-16   6.832479937781e-01  -1.424375967979e+00  -1.671603406209e+00   6.006582534357e-16   5.943057245059e-01  -9.111302859339e-01  -6.558503981665e-01  -1.503378530260e-18   2.331730632770e-01   1.007062592585e-15  -4.146897757380e-16   6.240334231443e-01   1.028612224478e+00  -1.446564768013e+00  -3.625903773802e+00  -3.208624336402e+00  -1.834612558319e+00  -9.278890368636e-01   6.013430782207e-01   1.726543329187e-27  -2.135987706438e-01  -1.399425955923e-02  -2.656665846011e-01  -7.003745119244e-01  -6.454708403923e-01  -1.370125642695e-01  -8.653391219849e-02  -4.573038767923e-03  -1.380204794280e-02  -2.640438699081e-01  -6.987118593674e-01  -6.448912094674e-01  -8.611357503296e-02  -1.280936790054e-18   1.355590134511e-01  -1.399425955923e-02  -2.656665846011e-01  -7.003745119244e-01  -6.454708403923e-01  -1.370125642695e-01   8.653391219849e-02  -4.573038767923e-03
  -1.464668794017e+00  -1.561596642591e+00  -1.221081381572e+00   3.817999675097e-16   4.342645169643e-01  -2.913128029984e+00  -2.305050232869e+00   7.603413362557e-16   8.198340249387e-01  -2.950004500096e+00  -2.300009136552e+00   7.634095678854e-16   8.179794378032e-01  -1.961803070803e+00  -1.111855792641e+00  -3.155696290830e-18   3.953948024365e-01   5.514818036292e-16  -2.553750287755e-16   3.990962298957e-01   6.582044663610e-01  -9.253847104282e-01  -3.208624336402e+00  -4.185246560756e+00  -3.277258889284e+00  -1.926998988363e+00   1.070785698977e+00   3.149385858885e-27  -3.803382387429e-01  -2.656665846018e-01  -9.798453778787e-01  -1.639862163592e+00  -1.438801215924e+00  -6.426915143923e-01  -4.896212716210e-01  -7.296444407485e-02  -2.640219894845e-01  -9.763429709272e-01  -1.637010399921e+00  -1.437735482691e+00  -3.580832838598e-01  -8.705568795933e-20   7.245020493089e-01  -2.656665846018e-01  -9.798453778787e-01  -1.639862163592e+00  -1.438801215924e+00  -6.426915143923e-01   4.896212716210e-01  -7.296444407485e-02
  -1.560486282863e+00  -1.659912090943e+00  -4.700405970556e-01   1.512510068491e-16   1.672941785905e-01  -3.134424075171e+00  -1.065338345686e+00  -4.407093228894e-18   3.792940665428e-01  -3.527452646931e+00  -1.523240366472e+00  -6.952910395284e-18   5.421347836989e-01  -2.779695472527e+00  -1.118907894096e+00  -3.528484453283e-18   3.980872405324e-01   1.900135357328e-16  -4.726254201877e-17   8.386700265951e-02   1.387445073519e-01  -1.949594398190e-01  -1.834612558319e+00  -3.277258889284e+00  -3.597539755665e+00  -2.686087229371e+00   7.784191047479e-01   2.369227549838e-27  -2.764827329178e-01  -7.003745119275e-01  -1.639862163597e+00  -2.362968903444e+00  -2.166079456900e+00  -6.834486178095e-01  -6.288798358112e-01  -1.441528918761e-01  -6.986217078187e-01  -1.636847975899e+00  -2.360300656545e+00  -2.164837404618e+00  -3.196035611724e-01   1.049354295077e-18   8.827808050985e-01  -7.003745119275e-01  -1.639862163597e+00  -2.362968903444e+00  -2.166079456900e+00  -6.834486178095e-01   6.288798358112e-01  -1.441528918761e-01
  -9.558010677402e-01  -1.016592615192e+00  -1.093811354886e-01  -1.319627503941e-19   3.900785633438e-02  -2.090048324114e+00  -2.845082301125e-01  -5.137712071736e-19   1.015388290217e-01  -2.708619181360e+00  -5.543495807431e-01  -1.405059278135e-18   1.975917179431e-01  -2.684991807456e+00  -6.658657096413e-01  -1.767513754483e-18   2.370586627988e-01  -9.289980806208e-20  -5.976231959990e-18   1.063060536355e-02   1.790758708963e-02  -2.514043042243e-02  -9.278890368636e-01  -1.926998988363e+00  -2.686087229371e+00  -2.610496876045e+00   4.271218589230e-01   1.322855186363e-27  -1.517049540661e-01  -6.454708403956e-01  -1.438801215931e+00  -2.166079456909e+00  -2.271808122106e+00  -3.362089757851e-01  -3.863784933739e-01  -1.182866420451e-01  -6.448007988870e-01  -1.437529567011e+00  -2.164680749670e+00  -2.270910279858e+00  -1.130138825068e-01   2.086802296068e-19   5.132735983340e-01  -6.454708403956e-01  -1.438801215931e+00  -2.166079456909e+00  -2.271808122106e+00  -3.362089757851e-01   3.863784933739e-01  -1.182866420451e-01
   1.627063953200e+00   1.774246000757e+00   1.790900972306e+00  -9.721160866087e-16  -8.851034421039e-01   2.639756158461e+00   1.720962313433e+00  -1.176942925131e-15  -1.071160841877e+00   1.631081997712e+00   3.499372797990e-01  -5.170448173600e-16  -5.245165168690e-01   6.507582831576e-01  -1.145464638339e-01  -1.243406451255e-16  -1.259984302801e-01  -1.068335116681e-15   6.317668679940e-16   6.535006187856e-02  -7.919341612140e-01   3.565300716336e-01   6.013430782207e-01   1.070785698977e+00   7.784191047479e-01   4.271218589230e-01  -3.256088718362e+00   0.000000000000e+00   2.256888661660e-01   1.434468483876e-01   7.453702166531e-01   8.863502226475e-01   5.027180786348e-01   5.711193810959e-01   4.697265733994e-01   4.927309864180e-02   9.887838532691e-02   5.627269896842e-01   7.248196901414e-01   4.458446144755e-01   1.791947059595e-01   1.133225114294e-18  -5.218181131831e-01   1.434468483876e-01   7.453702166531e-01   8.863502226475e-01   5.027180786348e-01   5.711193810959e-01  -4.697265733994e-01   4.927309864180e-02
  -5.557987920277e-16  -6.124479412674e-16  -9.998716622241e-16  -6.983771986265e-01   3.789493094003e-16  -9.840829231197e-16  -1.287965227593e-15  -1.291460022440e+00   4.283394421495e-16  -5.495610440943e-16  -5.448003929746e-16  -1.125153103165e+00   1.906233649857e-16  -1.937774086908e-16  -1.243406451250e-16  -4.688784158972e-01   4.490392429492e-17  -1.509590603312e+00   5.414640635931e-01   7.591901956912e-17   6.798409351532e-16  -1.497754302229e-15   1.726543329187e-27   3.149385858885e-27   2.369227549838e-27   1.322855186363e-27   0.000000000000e+00  -2.620958087391e+00   0.000000000000e+00   7.538940519588e-02   3.117765424492e-01   2.774439472953e-01   9.797626731974e-02   3.297420404926e-01   1.095459616565e-01   1.414600407312e-02   1.280936790065e-18   8.705568887576e-20  -1.049354292155e-18  -2.086802268150e-19   1.133225114505e-18  -1.029290221225e-01  -1.605577452893e-18  -7.538940519588e-02  -3.117765424492e-01  -2.774439472953e-01  -9.797626731974e-02  -3.297420404926e-01   1.095459616565e-01  -1.414600407312e-02
  -5.784221227964e-01  -6.307485521150e-01  -8.848954260385e-01   3.234381581692e-16  -3.837412297761e-01  -9.382859428744e-01  -1.070722310588e+00   4.283394421508e-16  -9.107254320159e-01  -5.796404706279e-01  -5.241935317802e-01   1.906233649874e-16  -9.387515147664e-01  -2.312047551214e-01  -1.258821365068e-01   4.143447734380e-17  -4.241125869767e-01   5.356187336761e-16   4.647666503827e-16   9.037031368929e-01  -1.040055862465e+00  -6.664240357629e-01  -2.135987706438e-01  -3.803382387429e-01  -2.764827329178e-01  -1.517049540661e-01   2.256888661660e-01   0.000000000000e+00  -2.701142867941e+00  -4.573038767923e-03  -7.296444407485e-02  -1.441528918761e-01  -1.182866420451e-01  -3.688734821027e-02  -3.559875311042e-02  -1.126223032708e-01  -1.265423456731e-01  -5.800890644514e-01  -5.968225064076e-01  -2.783623587953e-01  -3.512745914723e-01  -1.605577452574e-18   4.895830106411e-01  -4.573038767923e-03  -7.296444407485e-02  -1.441528918761e-01  -1.182866420451e-01  -3.688734821027e-02   3.559875311042e-02  -1.126223032708e-01
  -2.013428220433e-01  -2.151879563613e-01   4.123254911401e-01   7.141686999107e-01   2.931911143410e-01  -1.203829182682e+00   9.608742112685e-01   1.664282953601e+00   6.832479937800e-01  -1.424375967985e+00   8.358017031087e-01   1.447651014839e+00   5.943057245087e-01  -9.111302859386e-01   3.279251990851e-01   5.679831058984e-01   2.331730632783e-01  -1.252761837324e+00  -8.908043170444e-01   6.240334231475e-01  -5.143061122403e-01   7.232823840114e-01  -1.399425955923e-02  -2.656665846018e-01  -7.003745119275e-01  -6.454708403956e-01   1.434468483876e-01   7.538940519588e-02  -4.573038767923e-03  -3.625903773830e+00  -3.208624336421e+00  -1.834612558329e+00  -9.278890368688e-01  -3.006715391103e-01  -5.207783821160e-01  -2.135987706438e-01  -1.380204794281e-02  -2.640438699088e-01  -6.987118593705e-01  -6.448912094707e-01   4.305678751654e-02   7.457654358938e-02   1.355590134512e-01  -1.399425955922e-02  -2.656665846015e-01  -7.003745119270e-01  -6.454708403954e-01  -6.434284118020e-03   1.619233173943e-01  -4.573038767923e-03
  -1.464668794017e+00  -1.561596642591e+00   6.105406907861e-01   1.057487496531e+00   4.342645169644e-01  -2.913128029986e+00   1.152525116436e+00   1.996232058671e+00   8.198340249395e-01  -2.950004500104e+00   1.150004568280e+00   1.991866341208e+00   8.179794378060e-01  -1.961803070813e+00   5.559278963239e-01   9.628953617852e-01   3.953948024389e-01  -8.014066675092e-01  -5.700217887547e-01   3.990962298978e-01  -3.291022331807e-01   4.626923552216e-01  -2.656665846011e-01  -9.798453778787e-01  -1.639862163597e+00  -1.438801215931e+00   7.453702166531e-01   3.117765424492e-01  -7.296444407485e-02  -3.208624336421e+00  -4.185246560784e+00  -3.277258889306e+00  -1.926998988376e+00  -5.353928494883e-01  -9.273276172990e-01  -3.803382387429e-01  -2.640219894845e-01  -9.763429709283e-01  -1.637010399926e+00  -1.437735482699e+00   1.790416419300e-01   3.101092204939e-01   7.245020493091e-01  -2.656665846015e-01  -9.798453778776e-01  -1.639862163594e+00  -1.438801215929e+00  -1.026787022620e-01   8.013978140697e-01  -7.296444407485e-02
  -1.560486282863e+00  -1.659912090943e+00   2.350202985278e-01   4.070670978605e-01   1.672941785905e-01  -3.134424075172e+00   5.326691728432e-01   9.226100709934e-01   3.792940665429e-01  -3.527452646935e+00   7.616201832369e-01   1.319164853452e+00   5.421347836997e-01  -2.779695472538e+00   5.594539470510e-01   9.690026608132e-01   3.980872405346e-01  -1.688398275954e-01  -1.201562680026e-01   8.386700265996e-02  -6.937225367594e-02   9.747971991735e-02  -7.003745119244e-01  -1.639862163592e+00  -2.362968903444e+00  -2.166079456909e+00   8.863502226475e-01   2.774439472953e-01  -1.441528918761e-01  -1.834612558329e+00  -3.277258889306e+00  -3.597539755693e+00  -2.686087229394e+00  -3.892095523739e-01  -6.741307194850e-01  -2.764827329178e-01  -6.986217078187e-01  -1.636847975899e+00  -2.360300656549e+00  -2.164837404627e+00   1.598017805862e-01   2.767848031160e-01   8.827808050985e-01  -7.003745119270e-01  -1.639862163594e+00  -2.362968903440e+00  -2.166079456903e+00  -2.029016048405e-01   9.063237831072e-01  -1.441528918761e-01
  -9.558010677402e-01  -1.016592615192e+00   5.469056774431e-02   9.472684202802e-02   3.900785633438e-02  -2.090048324114e+00   1.422541150562e-01   2.463913548641e-01   1.015388290217e-01  -2.708619181361e+00   2.771747903717e-01   4.800808195098e-01   1.975917179432e-01  -2.684991807461e+00   3.329328548216e-01   5.766566200962e-01   2.370586627995e-01  -2.177225141122e-02  -1.550842534013e-02   1.063060536360e-02  -8.953793544813e-03   1.257021521697e-02  -6.454708403923e-01  -1.438801215924e+00  -2.166079456900e+00  -2.271808122106e+00   5.027180786348e-01   9.797626731974e-02  -1.182866420451e-01  -9.278890368688e-01  -1.926998988376e+00  -2.686087229394e+00  -2.610496876073e+00  -2.135609294615e-01  -3.698983803290e-01  -1.517049540661e-01  -6.448007988870e-01  -1.437529567011e+00  -2.164680749671e+00  -2.270910279864e+00   5.650694125339e-02   9.787289323149e-02   5.132735983340e-01  -6.454708403954e-01  -1.438801215929e+00  -2.166079456903e+00  -2.271808122100e+00  -1.665091028508e-01   4.843547606942e-01  -1.182866420451e-01
  -8.135319765998e-01  -8.871230003784e-01  -7.605765589302e-02   1.077889066558e+00   4.425517210522e-01  -1.319878079233e+00  -5.383544384711e-01   1.304417134900e+00   5.355804209395e-01  -8.155409988582e-01  -7.563805074261e-01   6.387328722646e-01   2.622582584354e-01  -3.253791415794e-01  -3.802954278830e-01   1.534302359296e-01   6.299921514023e-02   4.992898562677e-01  -5.773783680240e-01  -3.267503093775e-02   2.081145073910e-01   1.221325470397e+00  -1.370125642695e-01  -6.426915143923e-01  -6.834486178095e-01  -3.362089757851e-01   5.711193810959e-01   3.297420404926e-01  -3.688734821027e-02  -3.006715391103e-01  -5.353928494883e-01  -3.892095523739e-01  -2.135609294615e-01  -2.779740745157e+00  -2.750196305742e-01  -1.128444330830e-01  -4.943919266348e-02  -2.813634948426e-01  -3.624098450715e-01  -2.229223072381e-01  -3.239809010199e-02   1.221631577649e-01   2.609090565918e-01  -6.434284118020e-03  -1.026787022620e-01  -2.029016048405e-01  -1.665091028508e-01  -1.212407480629e-01   6.999226645375e-02  -1.238575043154e-02
  -1.409078717053e+00  -1.536542109218e+00   1.077889066557e+00   1.168581429574e+00   7.665220658391e-01  -2.286095893023e+00   1.304417134895e+00   9.678567294627e-01   9.276525006041e-01  -1.412558445668e+00   6.387328722570e-01  -1.883531595502e-02   4.542446283101e-01  -5.635732049297e-01   1.534302359260e-01  -2.031294518587e-01   1.091178414574e-01  -6.447952045530e-01  -4.585846050121e-01  -5.659481372755e-02  -5.773783680215e-01  -4.992898562679e-01  -8.653391219849e-02  -4.896212716210e-01  -6.288798358112e-01  -3.863784933739e-01   4.697265733994e-01   1.095459616565e-01  -3.559875311042e-02  -5.207783821160e-01  -9.273276172990e-01  -6.741307194850e-01  -3.698983803290e-01  -2.750196305742e-01  -3.097306060652e+00  -1.954522914511e-01  -8.563119357830e-02  -4.873358684612e-01  -6.277122648214e-01  -3.861127622704e-01   1.221631577647e-01   1.086637739390e-01   4.519077421715e-01  -1.619233173943e-01  -8.013978140697e-01  -9.063237831072e-01  -4.843547606942e-01  -6.999226645375e-02   8.019060908146e-01  -4.974475718354e-02
  -5.784221227964e-01  -6.307485521150e-01   4.424477130194e-01   7.663419186428e-01  -3.837412297762e-01  -9.382859428758e-01   5.353611552953e-01   9.272727213717e-01  -9.107254320180e-01  -5.796404706293e-01   2.620967658910e-01   4.539649150236e-01  -9.387515147713e-01  -2.312047551218e-01   6.294106825355e-02   1.090171280979e-01  -4.241125869796e-01  -5.771401446660e-01   9.007147982534e-01   9.037031368960e-01   5.200279312337e-01   3.332120178847e-01  -4.573038767923e-03  -7.296444407485e-02  -1.441528918761e-01  -1.182866420451e-01   4.927309864180e-02   1.414600407312e-02  -1.126223032708e-01  -2.135987706438e-01  -3.803382387429e-01  -2.764827329178e-01  -1.517049540661e-01  -1.128444330830e-01  -1.954522914511e-01  -2.701142867969e+00  -1.265423456731e-01  -5.800890644527e-01  -5.968225064100e-01  -2.783623587963e-01   1.756372957363e-01   3.042127199197e-01   4.895830106416e-01  -4.573038767923e-03  -7.296444407485e-02  -1.441528918761e-01  -1.182866420451e-01  -1.238575043154e-02   4.974475718354e-02  -1.126223032707e-01
  -2.013316689764e-01  -2.151785977554e-01   4.388336140190e-18   6.267388862122e-18  -8.751212053624e-01  -1.203665503651e+00  -1.942430903783e-17  -2.774165292417e-17  -2.039273145597e+00  -1.424164133202e+00  -1.338849770677e-17  -1.912135231329e-17  -1.773828207217e+00  -9.109964964533e-01  -2.019993030539e-18  -2.884938941776e-18  -6.959633053128e-01   7.233796398179e-33  -1.029848193218e-16  -1.881162202994e+00  -7.210849916440e-17   2.836672363759e-13  -1.380204794280e-02  -2.640219894845e-01  -6.986217078187e-01  -6.448007988870e-01   9.887838532691e-02   1.280936790065e-18  -1.265423456731e-01  -1.380204794281e-02  -2.640219894845e-01  -6.986217078187e-01  -6.448007988870e-01  -4.943919266348e-02  -8.563119357830e-02  -1.265423456731e-01  -3.625162911259e+00  -3.208101035158e+00  -1.834335760750e+00  -9.277529149850e-01   9.304315593917e-28   3.259706048379e-27   6.380796770519e-01  -1.380204794281e-02  -2.640219894845e-01  -6.986217078187e-01  -6.448007988870e-01  -4.943919266348e-02   8.563119357830e-02  -1.265423456731e-01
  -1.464640112213e+00  -1.561570265228e+00  -9.107205758332e-18  -1.300684316560e-17  -1.295791380646e+00  -2.912799808469e+00  -2.259281867981e-17  -3.226689470199e-17  -2.446001533989e+00  -2.949545501788e+00  -1.847031911208e-17  -2.637917164412e-17  -2.440634760957e+00  -1.961478590283e+00  -4.240106614431e-18  -6.055688560627e-18  -1.179842938039e+00  -2.403703357979e-17  -5.174447023214e-17  -1.203552038453e+00  -3.623073879340e-17   2.590553049292e-12  -2.640438699081e-01  -9.763429709272e-01  -1.636847975899e+00  -1.437529567011e+00   5.627269896842e-01   8.705568887576e-20  -5.800890644514e-01  -2.640438699088e-01  -9.763429709283e-01  -1.636847975899e+00  -1.437529567011e+00  -2.813634948426e-01  -4.873358684612e-01  -5.800890644527e-01  -3.208101035158e+00  -4.184508313090e+00  -3.276688921014e+00  -1.926671921539e+00   1.697199607629e-27   5.946034012848e-27   1.136195969621e+00  -2.640438699088e-01  -9.763429709283e-01  -1.636847975899e+00  -1.437529567011e+00  -2.813634948426e-01   4.873358684612e-01  -5.800890644527e-01
