ARMA_MAT_TXT_FN008
50 50
   3.279187010429e-01   2.802359206067e-01  -1.652095423552e-13  -2.411824344020e-16  -2.907197182587e-06  -4.069699501341e-02  -2.663591126495e-13   1.024226614046e-15  -1.121644404662e-05  -2.981486958593e-02  -1.158947115327e-12  -2.300647247198e-15  -1.464844704556e-05  -7.595736304792e-03  -6.055597227124e-13   4.349689267567e-15   1.442037030803e-05  -2.130139224943e-16   3.180234620759e-16  -6.145309682306e-06   4.144593665520e-14   5.760599822458e-14  -8.348570945563e-03  -1.192077952592e-02   1.456468660628e-03   8.376939398652e-04   1.871943444392e-03  -2.387466384231e-17  -6.658330433165e-04  -8.348570945510e-03  -1.192077952648e-02   1.456468658984e-03   8.376939391168e-04  -9.359717222597e-04  -1.621150577178e-03  -6.658330434195e-04  -8.363287062045e-03  -1.194495451452e-02   1.441234637810e-03   8.144538403007e-04   5.380189192009e-14   2.948771272130e-16   1.987268391851e-03  -8.348570945511e-03  -1.192077952648e-02   1.456468658986e-03   8.376939391027e-04  -9.359717222598e-04   1.621150577178e-03  -6.658330434197e-04
   2.802359206067e-01   2.463375337487e-01  -2.637865289331e-13  -1.720173078980e-16  -5.492887229241e-06  -6.908424033769e-02  -4.173817424957e-13   3.588962286564e-16  -1.910455970901e-05  -4.836230745139e-02  -1.896646051676e-12  -7.634398277341e-16  -2.583858859290e-05  -1.202755217650e-02  -9.973416524114e-13   1.089978877790e-15   2.281276159918e-05  -1.501963510963e-16   3.654080739274e-16  -1.059249060646e-05   6.562429051785e-14   1.063628669844e-13  -1.391885847227e-02  -1.961372097936e-02   2.129835665539e-03   1.340026086607e-03   3.080954108678e-03  -3.837311343900e-17  -1.096145977424e-03  -1.391885847219e-02  -1.961372098031e-02   2.129835662821e-03   1.340026085367e-03  -1.540477054442e-03  -2.668184525821e-03  -1.096145977592e-03  -1.394415883979e-02  -1.965517539000e-02   2.104789375436e-03   1.302789461649e-03   8.870637874731e-14   2.051311248886e-16   3.271090834403e-03  -1.391885847219e-02  -1.961372098030e-02   2.129835662820e-03   1.340026085363e-03  -1.540477054441e-03   2.668184525821e-03  -1.096145977592e-03
  -1.652095423552e-13  -2.637865289331e-13   3.593726652141e-02  -1.024977628813e-16  -2.232508350581e-13  -8.598292667472e-14   5.629502863866e-02  -2.865768688028e-16  -3.714375245836e-13   9.260068920864e-12   3.791343961829e-02  -2.266213568731e-15  -1.537693105884e-12   1.686847090675e-11  -1.989914493902e-03   4.660957531535e-15  -1.019445995309e-12   2.717385323979e-16   2.757582463631e-16  -2.049109956155e-13  -3.595705380612e-03   5.053403342187e-03   3.091344072095e-02   4.893461545482e-02   1.924647718190e-02   5.862266614566e-03  -2.894794101835e-03   6.241614396494e-17   1.780003153926e-03  -1.545672036055e-02  -2.446730772958e-02  -9.623238597464e-03  -2.931133312141e-03   8.641193694192e-04  -2.170209704410e-03  -8.900015771463e-04   1.897606365568e-14  -5.843325322611e-13  -2.351291304042e-12  -1.377474536370e-12   2.115908528423e-03   1.215775704475e-16   8.251853269103e-14  -1.545672036055e-02  -2.446730772957e-02  -9.623238597463e-03  -2.931133312156e-03   8.641193694193e-04   2.170209704410e-03  -8.900015771461e-04
  -2.411824344020e-16  -1.720173078980e-16  -1.024977628813e-16   3.593726652014e-02  -3.312250758259e-17  -6.642514104968e-16  -1.994296722663e-16   5.629502863649e-02  -5.611909076589e-17  -3.731678184248e-16   8.229044725979e-16   3.791343961716e-02  -3.215342912086e-16  -5.522982716005e-16  -2.506808360637e-15  -1.989914490611e-03   6.850472030914e-16  -5.053403342138e-03  -3.595705380548e-03  -5.656076073367e-17  -3.074703128754e-17  -2.377886180739e-18  -1.421486456917e-16  -7.899122216650e-16   3.447500857686e-16   4.715403988821e-15   9.438001087310e-17   2.117090526354e-03  -6.232947528908e-17  -2.677182498228e-02  -4.237862010826e-02  -1.666793817813e-02  -5.076871813657e-03  -2.170209704740e-03  -1.641822944051e-03  -1.541527950240e-03  -2.199986880996e-16   2.292470441729e-16  -5.283553474513e-16  -1.623936591922e-16  -5.845753548595e-17   2.115908528186e-03  -6.843823111681e-17   2.677182498228e-02   4.237862010826e-02   1.666793817814e-02   5.076871813652e-03   2.170209704740e-03  -1.641822944051e-03   1.541527950240e-03
  -2.907197182587e-06  -5.492887229241e-06  -2.232508350581e-13  -3.312250758259e-17   3.593559066754e-02   2.334577051270e-05  -3.697189813145e-13   2.454419324168e-16   5.627973735805e-02   2.772014514845e-05  -1.514188737586e-12  -8.271501395929e-16   3.787074578283e-02  -5.021191124269e-05  -9.895207309164e-13   6.313958891629e-16  -1.995445612267e-03  -3.502625426857e-17  -2.806503527136e-17   6.182210212629e-03   1.038310813337e-13  -1.771620183299e-13  -1.095162034782e-02  -1.731458289226e-02  -6.770226939299e-03  -2.061639673917e-03   1.778638275997e-03  -1.686530576020e-17   1.480794439053e-03  -1.095162034790e-02  -1.731458289317e-02  -6.770226941386e-03  -2.061639675854e-03  -8.893191381562e-04  -1.540345931001e-03   1.480794439168e-03   3.278335383675e-02   5.187650622185e-02   2.035071912044e-02   6.218119497976e-03   3.157274303069e-14   3.447356247276e-17  -3.530457348321e-03  -1.095162034790e-02  -1.731458289317e-02  -6.770226941382e-03  -2.061639675858e-03  -8.893191381563e-04   1.540345931001e-03   1.480794439168e-03
  -4.069699501341e-02  -6.908424033769e-02  -8.598292667472e-14  -6.642514104968e-16   2.334577051270e-05   1.768306977442e-01  -1.452574538528e-13   1.638789102679e-15   6.146276469042e-05   1.182843864091e-01   3.921380844615e-12  -6.289172083330e-15   7.686482796247e-05   2.866537678865e-02   2.517570954998e-12   1.264491730659e-14  -5.475372068205e-05  -5.941734924538e-17  -4.559395132294e-16   2.886882415112e-05  -8.429579210856e-14  -3.945732777934e-13   3.500538539017e-02   4.867739810793e-02  -4.614589384857e-03  -3.229762610565e-03  -7.648986720377e-03   6.210636016829e-17   2.722536900044e-03   3.500538539094e-02   4.867739811176e-02  -4.614589377499e-03  -3.229762607289e-03   3.824493360449e-03   6.624216812678e-03   2.722536900509e-03   3.508056645699e-02   4.879977671632e-02  -4.546494453182e-03  -3.138044955132e-03  -2.630394583054e-13   1.672789433056e-16  -8.123056001659e-03   3.500538539094e-02   4.867739811176e-02  -4.614589377487e-03  -3.229762607332e-03   3.824493360448e-03  -6.624216812677e-03   2.722536900509e-03
  -2.663591126495e-13  -4.173817424957e-13   5.629502863866e-02  -1.994296722663e-16  -3.697189813145e-13  -1.452574538528e-13   8.818506681746e-02  -5.098041434804e-16  -6.131750704231e-13   1.449872400741e-11   5.939066533706e-02  -3.590985380215e-15  -2.429847412760e-12   2.642247981590e-11  -3.117162329415e-03   7.303451497805e-15  -1.595828565823e-12   4.311387378310e-16   4.358589348087e-16  -3.244314433096e-13  -5.632602503509e-03   7.916057992380e-03   4.842530328979e-02   7.665512280433e-02   3.014923195405e-02   9.183126567455e-03  -4.534638625583e-03   9.548390656161e-17   2.788340300380e-03  -2.421265164501e-02  -3.832756140555e-02  -1.507461598722e-02  -4.591563291336e-03   1.353626175761e-03  -3.399591267991e-03  -1.394170150478e-03   9.395895543111e-15  -9.471067946927e-13  -3.694318997241e-12  -2.161063260881e-12   3.314529532551e-03   1.881604018289e-16   1.317096178431e-13  -2.421265164501e-02  -3.832756140555e-02  -1.507461598722e-02  -4.591563291359e-03   1.353626175761e-03   3.399591267990e-03  -1.394170150478e-03
   1.024226614046e-15   3.588962286564e-16  -2.865768688028e-16   5.629502863649e-02   2.454419324168e-16   1.638789102679e-15  -5.098041434804e-16   8.818506681379e-02   3.781151379084e-16   1.191350312321e-15   1.156118234323e-15   5.939066533511e-02  -1.895436029152e-16  -4.376023929070e-16  -3.919888763324e-15  -3.117162324250e-03   1.055805453454e-15  -7.916057992279e-03  -5.632602503391e-03  -3.707329651165e-17  -3.555608731535e-17  -2.144494193057e-17   1.069364272832e-16  -8.191009770274e-16   3.491933559121e-16   7.300660061023e-15   5.751159158977e-17   3.316381109297e-03  -5.064286907158e-17  -4.193754283409e-02  -6.638528367851e-02  -2.611000078494e-02  -7.952820896198e-03  -3.399591268497e-03  -2.571883690698e-03  -2.414773534711e-03   4.559504761346e-16   1.522633036092e-15  -7.258684898626e-16  -2.499617453687e-16  -9.899213174068e-17   3.314529532169e-03  -2.587063129287e-16   4.193754283410e-02   6.638528367851e-02   2.611000078494e-02   7.952820896191e-03   3.399591268497e-03  -2.571883690698e-03   2.414773534712e-03
  -1.121644404662e-05  -1.910455970901e-05  -3.714375245836e-13  -5.611909076589e-17   5.627973735805e-02   6.146276469042e-05  -6.131750704231e-13   3.781151379084e-16   8.814128011683e-02   6.007702364582e-05  -2.393845026176e-12  -1.300678583523e-15   5.931044546732e-02  -7.459885926154e-05  -1.548155154196e-12   9.908360378897e-16  -3.125130924463e-03  -5.427936921844e-17  -4.360277288061e-17   9.682136465489e-03   1.647806847015e-13  -2.805774296267e-13  -1.714670895382e-02  -2.710999617838e-02  -1.060369280635e-02  -3.229246654442e-03   2.784497759361e-03  -2.664908775956e-17   2.319497093111e-03  -1.714670895391e-02  -2.710999617974e-02  -1.060369280960e-02  -3.229246657470e-03  -1.392248879926e-03  -2.411445796140e-03   2.319497093292e-03   5.134786846790e-02   8.125212177796e-02   3.187118929131e-02   9.737928786538e-03   4.812718965792e-14   5.376809257910e-17  -5.530292228564e-03  -1.714670895391e-02  -2.710999617975e-02  -1.060369280959e-02  -3.229246657476e-03  -1.392248879927e-03   2.411445796140e-03   2.319497093292e-03
  -2.981486958593e-02  -4.836230745139e-02   9.260068920864e-12  -3.731678184248e-16   2.772014514845e-05   1.182843864091e-01   1.449872400741e-11   1.191350312321e-15   6.007702364582e-05   7.914308296734e-02   1.245308399984e-11  -4.104989598657e-15   6.416794028692e-05   1.918275538263e-02   1.168062160656e-12   8.395726394083e-15  -3.731350659919e-05  -4.746908624826e-17  -3.135274324019e-16   2.139242597646e-05  -9.886592736524e-13   1.046288087567e-12   2.341424533315e-02   3.256095116839e-02  -3.092253229284e-03  -2.161894168549e-03  -5.116815443472e-03   4.561980393145e-17   1.821959701288e-03   2.341424532165e-02   3.256095115192e-02  -3.092253231847e-03  -2.161894168638e-03   2.558407721759e-03   4.431292159058e-03   1.821959700907e-03   2.347926914734e-02   3.266612297426e-02  -3.037557161794e-03  -2.097732261907e-03   3.726299082718e-13   1.131955159026e-16  -5.435768404384e-03   2.341424532165e-02   3.256095115192e-02  -3.092253231839e-03  -2.161894168666e-03   2.558407721758e-03  -4.431292159057e-03   1.821959700907e-03
  -1.158947115327e-12  -1.896646051676e-12   3.791343961829e-02   8.229044725979e-16  -1.514188737586e-12   3.921380844615e-12   5.939066533706e-02   1.156118234323e-15  -2.393845026176e-12   1.245308399984e-11   3.999828152855e-02  -1.408595568372e-15  -2.968582393022e-12   1.844855949590e-11  -2.099338940126e-03   4.865707980226e-15  -1.005716342510e-12   1.557611136637e-16   1.977669333559e-16  -4.355905951943e-13  -3.793431499633e-03   5.331287574883e-03   3.261335604119e-02   5.162550655451e-02   2.030483175650e-02   6.184629851723e-03  -3.053977445125e-03   1.206965436858e-16   1.877884675978e-03  -1.630667801890e-02  -2.581275327696e-02  -1.015241588492e-02  -3.092314930987e-03   9.116368803456e-04  -2.289548497819e-03  -9.389423381684e-04  -3.508022390939e-13  -1.355521341706e-12  -3.308259579954e-12  -1.745797359060e-12   2.232261326342e-03   1.830806062779e-16   2.836513788626e-14  -1.630667801890e-02  -2.581275327696e-02  -1.015241588492e-02  -3.092314931002e-03   9.116368803458e-04   2.289548497818e-03  -9.389423381681e-04
  -2.300647247198e-15  -7.634398277341e-16  -2.266213568731e-15   3.791343961716e-02  -8.271501395929e-16  -6.289172083330e-15  -3.590985380215e-15   5.939066533511e-02  -1.300678583523e-15  -4.104989598657e-15  -1.408595568372e-15   3.999828152758e-02  -1.175738494718e-15  -1.476948715940e-15  -2.525159613989e-15  -2.099338936666e-03   7.683763624661e-16  -5.331287574862e-03  -3.793431499587e-03  -1.967450147082e-16   1.834889621852e-16  -3.059720571754e-16  -2.868279293684e-15  -4.921305681019e-15  -5.012655219765e-16   4.769144311797e-15   4.747757841610e-16   2.233508321787e-03  -2.908833762125e-16  -2.824399483300e-02  -4.470900015818e-02  -1.758450012622e-02  -5.356046566404e-03  -2.289548498385e-03  -1.732106002455e-03  -1.626295834905e-03  -2.059636617182e-15  -2.435284715391e-15  -8.660727410900e-16  -2.100731882127e-16  -1.887351269185e-16   2.232261326105e-03   2.610108301691e-16   2.824399483300e-02   4.470900015818e-02   1.758450012622e-02   5.356046566400e-03   2.289548498384e-03  -1.732106002455e-03   1.626295834905e-03
  -1.464844704556e-05  -2.583858859290e-05  -1.537693105884e-12  -3.215342912086e-16   3.787074578283e-02   7.686482796247e-05  -2.429847412760e-12  -1.895436029152e-16   5.931044546732e-02   6.416794028692e-05  -2.968582393022e-12  -1.175738494718e-15   3.991012571618e-02  -4.444525367771e-05  -9.699468091377e-13   6.850043659515e-16  -2.102917463090e-03   3.346894965160e-18  -1.051909167060e-18   6.515133630578e-03   2.397087051454e-13  -3.699581970677e-13  -1.153102483145e-02  -1.823259572106e-02  -7.136170080135e-03  -2.173614343130e-03   1.872158287621e-03  -3.462904195076e-17   1.561340490280e-03  -1.153102482985e-02  -1.823259571935e-02  -7.136170081285e-03  -2.173614344851e-03  -9.360791439555e-04  -1.621336636652e-03   1.561340490498e-03   3.455912020659e-02   5.468450178503e-02   2.144527162093e-02   6.552040801664e-03  -4.348696802277e-14   1.951542967514e-17  -3.722974698069e-03  -1.153102482985e-02  -1.823259571935e-02  -7.136170081282e-03  -2.173614344856e-03  -9.360791439556e-04   1.621336636652e-03   1.561340490498e-03
  -7.595736304792e-03  -1.202755217650e-02   1.686847090675e-11  -5.522982716005e-16  -5.021191124269e-05   2.866537678865e-02   2.642247981590e-11  -4.376023929070e-16  -7.459885926154e-05   1.918275538263e-02   1.844855949590e-11  -1.476948715940e-15  -4.444525367771e-05   4.650050120568e-03  -5.250769888498e-13   2.050809852065e-15  -5.883732633256e-06   5.383302831357e-17  -2.992161410891e-17  -4.609727950232e-06  -1.702968901034e-12   2.310238360071e-12   5.691971091580e-03   7.919187424232e-03  -7.391200277464e-04  -5.207640876832e-04  -1.242972585830e-03  -1.614529491902e-17   4.392393487976e-04   5.691971069922e-03   7.919187390373e-03  -7.391200401120e-04  -5.207640912799e-04   6.214862926837e-04   1.076445833278e-03   4.392393476185e-04   5.638444039235e-03   7.835062397991e-03  -7.688285702028e-04  -5.183286696235e-04   9.512791207664e-13  -2.335827086041e-19  -1.311865562872e-03   5.691971069922e-03   7.919187390371e-03  -7.391200401105e-04  -5.207640912869e-04   6.214862926835e-04  -1.076445833278e-03   4.392393476184e-04
  -6.055597227124e-13  -9.973416524114e-13  -1.989914493902e-03  -2.506808360637e-15  -9.895207309164e-13   2.517570954998e-12  -3.117162329415e-03  -3.919888763324e-15  -1.548155154196e-12   1.168062160656e-12  -2.099338940126e-03  -2.525159613989e-15  -9.699468091377e-13  -5.250769888498e-13   1.101853333970e-04  -1.189650553132e-16   1.113215206093e-13   3.382521560590e-16   2.361174692182e-16  -1.606601721291e-13   1.991010153323e-04  -2.798165115913e-04  -1.711735745997e-03  -2.709602313431e-03  -1.065713884320e-03  -3.246048025404e-04   1.602902305043e-04  -1.514683531686e-16  -9.856214504160e-05   8.558678742093e-04   1.354801158601e-03   5.328569427067e-04   1.623024015569e-04  -4.784792560094e-05   1.201686207261e-04   4.928107252715e-05  -4.166854436910e-13  -7.207190283234e-13  -5.020380172562e-13  -1.417593745722e-13  -1.171618616561e-04  -1.546615962422e-16  -2.158171595016e-14   8.558678742055e-04   1.354801158595e-03   5.328569427043e-04   1.623024015570e-04  -4.784792560125e-05  -1.201686207258e-04   4.928107252693e-05
   4.349689267567e-15   1.089978877790e-15   4.660957531535e-15  -1.989914490611e-03   6.313958891629e-16   1.264491730659e-14   7.303451497805e-15  -3.117162324250e-03   9.908360378897e-16   8.395726394083e-15   4.865707980226e-15  -2.099338936666e-03   6.850043659515e-16   2.050809852065e-15  -1.189650553132e-16   1.101853330365e-04  -7.665789627209e-17   2.798165111358e-04   1.991010150065e-04   1.132127233382e-16  -4.640820047824e-16   6.547451102106e-16   6.310217434542e-15   9.534483407488e-15   2.035747527325e-15   2.341402751165e-16  -8.919650511259e-16  -1.172273109299e-04   4.531231785376e-16   1.482406638871e-03   2.346584434803e-03   9.229352958892e-04   2.811160048382e-04   1.201686204130e-04   9.091084502933e-05   8.535732132405e-05   3.079553781357e-15   4.356777356611e-15   6.962427032967e-17  -1.040107239860e-16   2.773298415505e-16  -1.171618614534e-04  -6.343761955973e-16  -1.482406638871e-03  -2.346584434803e-03  -9.229352958927e-04  -2.811160048392e-04  -1.201686204123e-04   9.091084502902e-05  -8.535732132385e-05
   1.442037030803e-05   2.281276159918e-05  -1.019445995309e-12   6.850472030914e-16  -1.995445612267e-03  -5.475372068205e-05  -1.595828565823e-12   1.055805453454e-15  -3.125130924463e-03  -3.731350659919e-05  -1.005716342510e-12   7.683763624661e-16  -2.102917463090e-03  -5.883732633256e-06   1.113215206093e-13  -7.665789627209e-17   1.108200613890e-04  -9.408148503444e-17  -6.664102157988e-17  -3.432957128482e-04   9.750363809175e-14  -1.351419212733e-13   5.975395253083e-04   9.467275894226e-04   3.773359470035e-04   1.154560976904e-04  -9.645154064210e-05   4.115425744303e-17  -8.304913212827e-05   5.975395266433e-04   9.467275915784e-04   3.773359479458e-04   1.154560980493e-04   4.822577034642e-05   8.352948455592e-05  -8.304913205815e-05  -1.831007462559e-03  -2.895365830599e-03  -1.128661880018e-03  -3.443317433787e-04  -6.242783064704e-14   3.825134925250e-17   1.984963219749e-04   5.975395266443e-04   9.467275915800e-04   3.773359479462e-04   1.154560980498e-04   4.822577034651e-05  -8.352948455598e-05  -8.304913205809e-05
  -2.130139224943e-16  -1.501963510963e-16   2.717385323979e-16  -5.053403342138e-03  -3.502625426857e-17  -5.941734924538e-17   4.311387378310e-16  -7.916057992279e-03  -5.427936921844e-17  -4.746908624826e-17   1.557611136637e-16  -5.331287574862e-03   3.346894965160e-18   5.383302831357e-17   3.382521560590e-16   2.798165111358e-04  -9.408148503444e-17   7.105962086467e-04   5.056185777855e-04   1.104837956289e-18  -2.142315730196e-17   3.651880974308e-17   2.234397078938e-16   4.391512989351e-16   1.004451108826e-16  -6.161087900641e-16  -2.945184181057e-17  -2.976996688241e-04   1.755808392509e-17   3.764583201251e-03   5.959169442403e-03   2.343801369777e-03   7.138962830232e-04   3.051691471561e-04   2.308687987724e-04   2.167655820839e-04  -3.530293755318e-17  -1.310263546251e-16   5.541406587949e-17   1.860238699275e-17   2.337091535443e-17  -2.975334593688e-04   2.043482806087e-17  -3.764583201251e-03  -5.959169442403e-03  -2.343801369777e-03  -7.138962830226e-04  -3.051691471561e-04   2.308687987724e-04  -2.167655820839e-04
   3.180234620759e-16   3.654080739274e-16   2.757582463631e-16  -3.595705380548e-03  -2.806503527136e-17  -4.559395132294e-16   4.358589348087e-16  -5.632602503391e-03  -4.360277288061e-17  -3.135274324019e-16   1.977669333559e-16  -3.793431499587e-03  -1.051909167060e-18  -2.992161410891e-17   2.361174692182e-16   1.991010150065e-04  -6.664102157988e-17   5.056185777855e-04   3.597685198584e-04   1.874813198300e-19  -2.348850486877e-17   3.757222259880e-17   1.485823638520e-16   3.114571910790e-16   1.274442529891e-16  -4.171009451686e-16  -9.722649487085e-18  -2.118256209735e-04   1.003258248208e-17   2.678656571777e-03   4.240195404347e-03   1.667711564990e-03   5.079667171261e-04   2.171404635875e-04   1.642726942107e-04   1.542376725241e-04  -1.103433356079e-16  -2.126885504673e-16   4.877879705986e-17   2.015080147790e-17   2.148120387426e-17  -2.117073560752e-04   3.398452933539e-17  -2.678656571778e-03  -4.240195404348e-03  -1.667711564990e-03  -5.079667171257e-04  -2.171404635875e-04   1.642726942108e-04  -1.542376725241e-04
  -6.145309682306e-06  -1.059249060646e-05  -2.049109956155e-13  -5.656076073367e-17   6.182210212629e-03   2.886882415112e-05  -3.244314433096e-13  -3.707329651165e-17   9.682136465489e-03   2.139242597646e-05  -4.355905951943e-13  -1.967450147082e-16   6.515133630578e-03  -4.609727950232e-06  -1.606601721291e-13   1.132127233382e-16  -3.432957128482e-04   1.104837956289e-18   1.874813198300e-19   1.063565337937e-03   3.450915872742e-14  -5.394529445387e-14  -1.879150682010e-03  -2.971886407236e-03  -1.165369650738e-03  -3.551296662937e-04   3.049144073427e-04  -5.883551413954e-18   2.551322356254e-04  -1.879150681808e-03  -2.971886407050e-03  -1.165369650962e-03  -3.551296665858e-04  -1.524572036957e-04  -2.640636226902e-04   2.551322356576e-04   5.644839747463e-03   8.931472932461e-03   3.500412697971e-03   1.069297949742e-03  -4.408002654052e-15   2.965101680483e-18  -6.085065607909e-04  -1.879150681808e-03  -2.971886407051e-03  -1.165369650961e-03  -3.551296665865e-04  -1.524572036957e-04   2.640636226902e-04   2.551322356576e-04
   4.144593665520e-14   6.562429051785e-14  -3.595705380612e-03  -3.074703128754e-17   1.038310813337e-13  -8.429579210856e-14  -5.632602503509e-03  -3.555608731535e-17   1.647806847015e-13  -9.886592736524e-13  -3.793431499633e-03   1.834889621852e-16   2.397087051454e-13  -1.702968901034e-12   1.991010153323e-04  -4.640820047824e-16   9.750363809175e-14  -2.142315730196e-17  -2.348850486877e-17   3.450915872742e-14   3.597685198584e-04  -5.056185777814e-04  -3.093046185605e-03  -4.896155916215e-03  -1.925707441327e-03  -5.865494415421e-04   2.896387993734e-04  -8.660535518497e-18  -1.780983234826e-04   1.546523092745e-03   2.448077958227e-03   9.628537212962e-04   2.932747212527e-04  -8.645951590129e-05   2.171404635438e-04   8.904916176252e-05   5.401422153243e-14   1.504674513784e-13   2.838105662022e-13   1.535772388213e-13  -2.117073560952e-04  -1.457858680330e-17  -1.199264776794e-14   1.546523092745e-03   2.448077958227e-03   9.628537212961e-04   2.932747212542e-04  -8.645951590130e-05  -2.171404635437e-04   8.904916176250e-05
   5.760599822458e-14   1.063628669844e-13   5.053403342187e-03  -2.377886180739e-18  -1.771620183299e-13  -3.945732777934e-13   7.916057992380e-03  -2.144494193057e-17  -2.805774296267e-13   1.046288087567e-12   5.331287574883e-03  -3.059720571754e-16  -3.699581970677e-13   2.310238360071e-12  -2.798165115913e-04   6.547451102106e-16  -1.351419212733e-13   3.651880974308e-17   3.757222259880e-17  -5.394529445387e-14  -5.056185777814e-04   7.105962086351e-04   4.346966249187e-03   6.881056163228e-03   2.706388702650e-03   8.243364220742e-04  -4.070582880895e-04   9.485789627403e-18   2.502993342960e-04  -2.173483124651e-03  -3.440528081971e-03  -1.353194352185e-03  -4.121682116973e-04   1.215101795987e-04  -3.051691471100e-04  -1.251496671916e-04  -2.061213957080e-13  -3.980372104468e-13  -4.033316915045e-13  -2.121274576286e-13   2.975334593944e-04   1.780451674600e-17   4.348257975323e-14  -2.173483124651e-03  -3.440528081971e-03  -1.353194352185e-03  -4.121682116993e-04   1.215101795987e-04   3.051691471099e-04  -1.251496671916e-04
  -8.348570945563e-03  -1.391885847227e-02   3.091344072095e-02  -1.421486456917e-16  -1.095162034782e-02   3.500538539017e-02   4.842530328979e-02   1.069364272832e-16  -1.714670895382e-02   2.341424533315e-02   3.261335604119e-02  -2.868279293684e-15  -1.153102483145e-02   5.691971091580e-03  -1.711735745997e-03   6.310217434542e-15   5.975395253083e-04   2.234397078938e-16   1.485823638520e-16  -1.879150682010e-03  -3.093046185605e-03   4.346966249187e-03   3.686224609132e-02   5.701158782258e-02   1.770602276367e-02   5.031739275110e-03  -4.547001860631e-03   7.509047000827e-17   1.618794667991e-03  -3.025629770102e-03  -6.129163290787e-03  -7.127870675817e-03  -2.532393271334e-03   1.771762156820e-03  -8.551331508701e-05  -6.779585624557e-04  -3.048947161425e-03  -6.153378777793e-03  -7.105207011954e-03  -2.517232217818e-03   1.820116530651e-03   1.308371956605e-16  -5.320887337050e-04  -3.025629770102e-03  -6.129163290785e-03  -7.127870675815e-03  -2.532393271354e-03   1.771762156820e-03   8.551331508686e-05  -6.779585624556e-04
  -1.192077952592e-02  -1.961372097936e-02   4.893461545482e-02  -7.899122216650e-16  -1.731458289226e-02   4.867739810793e-02   7.665512280433e-02  -8.191009770274e-16  -2.710999617838e-02   3.256095116839e-02   5.162550655451e-02  -4.921305681019e-15  -1.823259572106e-02   7.919187424232e-03  -2.709602313431e-03   9.534483407488e-15   9.467275894226e-04   4.391512989351e-16   3.114571910790e-16  -2.971886407236e-03  -4.896155916215e-03   6.881056163228e-03   5.701158782258e-02   8.838281273313e-02   2.819909480240e-02   8.086675661613e-03  -6.905380526903e-03   8.171059497388e-17   2.459740756061e-03  -6.129163289809e-03  -1.156621601318e-02  -1.111186500585e-02  -3.887013089331e-03   2.658459877978e-03  -3.885231306356e-04  -1.175918475197e-03  -6.141870914744e-03  -1.156638881916e-02  -1.106179767749e-02  -3.861380722356e-03   2.881164323139e-03   1.657260460066e-16  -5.351857490731e-04  -6.129163289810e-03  -1.156621601318e-02  -1.111186500585e-02  -3.887013089360e-03   2.658459877978e-03   3.885231306353e-04  -1.175918475196e-03
   1.456468660628e-03   2.129835665539e-03   1.924647718190e-02   3.447500857686e-16  -6.770226939299e-03  -4.614589384857e-03   3.014923195405e-02   3.491933559121e-16  -1.060369280635e-02  -3.092253229284e-03   2.030483175650e-02  -5.012655219765e-16  -7.136170080135e-03  -7.391200277464e-04  -1.065713884320e-03   2.035747527325e-15   3.773359470035e-04   1.004451108826e-16   1.274442529891e-16  -1.165369650738e-03  -1.925707441327e-03   2.706388702650e-03   1.770602276367e-02   2.819909480240e-02   1.170378401955e-02   3.612278404163e-03  -1.685835956914e-03   5.715777666328e-17   6.033106204148e-04  -7.127870672337e-03  -1.111186500108e-02  -3.757612457447e-03  -1.097093994247e-03   5.305391674492e-04  -1.044919944507e-03  -8.266307776776e-04  -7.090748487879e-03  -1.104575868304e-02  -3.714688656743e-03  -1.089455288305e-03   1.133190950596e-03   7.684160143888e-17   8.769988569886e-04  -7.127870672337e-03  -1.111186500107e-02  -3.757612457447e-03  -1.097093994253e-03   5.305391674494e-04   1.044919944507e-03  -8.266307776774e-04
   8.376939398652e-04   1.340026086607e-03   5.862266614566e-03   4.715403988821e-15  -2.061639673917e-03  -3.229762610565e-03   9.183126567455e-03   7.300660061023e-15  -3.229246654442e-03  -2.161894168549e-03   6.184629851723e-03   4.769144311797e-15  -2.173614343130e-03  -5.207640876832e-04  -3.246048025404e-04   2.341402751165e-16   1.154560976904e-04  -6.161087900641e-16  -4.171009451686e-16  -3.551296662937e-04  -5.865494415421e-04   8.243364220742e-04   5.031739275110e-03   8.086675661613e-03   3.612278404163e-03   1.133529195068e-03  -4.345516895351e-04   2.879656785815e-16   1.557093658447e-04  -2.532393268414e-03  -3.887013084919e-03  -1.097093993003e-03  -3.008941711665e-04   1.221286727621e-04  -3.866313606562e-04  -2.798351569109e-04  -2.520963260395e-03  -3.866718695736e-03  -1.084165030326e-03  -2.993433494894e-04   3.451575794819e-04   2.926980830907e-16   3.508407415955e-04  -2.532393268407e-03  -3.887013084908e-03  -1.097093992999e-03  -3.008941711665e-04   1.221286727627e-04   3.866313606557e-04  -2.798351569105e-04
   1.871943444392e-03   3.080954108678e-03  -2.894794101835e-03   9.438001087310e-17   1.778638275997e-03  -7.648986720377e-03  -4.534638625583e-03   5.751159158977e-17   2.784497759361e-03  -5.116815443472e-03  -3.053977445125e-03   4.747757841610e-16   1.872158287621e-03  -1.242972585830e-03   1.602902305043e-04  -8.919650511259e-16  -9.645154064210e-05  -2.945184181057e-17  -9.722649487085e-18   3.049144073427e-04   2.896387993734e-04  -4.070582880895e-04  -4.547001860631e-03  -6.905380526903e-03  -1.685835956914e-03  -4.345516895351e-04   6.522169493035e-04  -5.067723263577e-18  -1.878453927507e-04  -8.118243752143e-04  -9.927590379300e-04   6.396576332735e-04   2.737682440118e-04  -2.791246899936e-04  -1.880838519392e-04   2.722700131242e-05   1.057631119611e-04   4.576420515379e-04   1.204664817851e-03   4.437335388540e-04  -1.704392159034e-04  -1.172279454211e-17   1.766253914896e-04  -8.118243752142e-04  -9.927590379299e-04   6.396576332732e-04   2.737682440146e-04  -2.791246899936e-04   1.880838519392e-04   2.722700131243e-05
  -2.387466384231e-17  -3.837311343900e-17   6.241614396494e-17   2.117090526354e-03  -1.686530576020e-17   6.210636016829e-17   9.548390656161e-17   3.316381109297e-03  -2.664908775956e-17   4.561980393145e-17   1.206965436858e-16   2.233508321787e-03  -3.462904195076e-17  -1.614529491902e-17  -1.514683531686e-16  -1.172273109299e-04   4.115425744303e-17  -2.976996688241e-04  -2.118256209735e-04  -5.883551413954e-18  -8.660535518497e-18   9.485789627403e-18   7.509047000827e-17   8.171059497388e-17   5.715777666328e-17   2.879656785815e-16  -5.067723263577e-18   1.247193437560e-04   6.607688305099e-19  -1.577147694620e-03  -2.496555354339e-03  -9.819203692360e-04  -2.990822135619e-04  -1.278486332156e-04  -9.672098457609e-05  -9.081253349455e-05  -6.504750080710e-18   1.986644303728e-17  -4.216568547755e-17  -1.394250773721e-17   5.866695776471e-19   1.246497113837e-04  -7.211168319678e-18   1.577147694620e-03   2.496555354339e-03   9.819203692360e-04   2.990822135616e-04   1.278486332156e-04  -9.672098457610e-05   9.081253349456e-05
  -6.658330433165e-04  -1.096145977424e-03   1.780003153926e-03  -6.232947528908e-17   1.480794439053e-03   2.722536900044e-03   2.788340300380e-03  -5.064286907158e-17   2.319497093111e-03   1.821959701288e-03   1.877884675978e-03  -2.908833762125e-16   1.561340490280e-03   4.392393487976e-04  -9.856214504160e-05   4.531231785376e-16  -8.304913212827e-05   1.755808392509e-17   1.003258248208e-17   2.551322356254e-04  -1.780983234826e-04   2.502993342960e-04   1.618794667991e-03   2.459740756061e-03   6.033106204148e-04   1.557093658447e-04  -1.878453927507e-04   6.607688305099e-19   1.910762316935e-04  -6.779585623678e-04  -1.175918475133e-03  -8.266307778529e-04  -2.798351571394e-04   6.503246032584e-05  -6.898554154774e-05   5.882864299394e-05   1.890528591996e-03   2.888310289890e-03   7.683636178922e-04   2.078587520157e-04   1.048027359480e-04   7.283919622800e-18  -2.704792502194e-04  -6.779585623679e-04  -1.175918475133e-03  -8.266307778526e-04  -2.798351571410e-04   6.503246032582e-05   6.898554154773e-05   5.882864299394e-05
  -8.348570945510e-03  -1.391885847219e-02  -1.545672036055e-02  -2.677182498228e-02  -1.095162034790e-02   3.500538539094e-02  -2.421265164501e-02  -4.193754283409e-02  -1.714670895391e-02   2.341424532165e-02  -1.630667801890e-02  -2.824399483300e-02  -1.153102482985e-02   5.691971069922e-03   8.558678742093e-04   1.482406638871e-03   5.975395266433e-04   3.764583201251e-03   2.678656571777e-03  -1.879150681808e-03   1.546523092745e-03  -2.173483124651e-03  -3.025629770102e-03  -6.129163289809e-03  -7.127870672337e-03  -2.532393268414e-03  -8.118243752143e-04  -1.577147694620e-03  -6.779585623678e-04   3.686224609192e-02   5.701158782564e-02   1.770602277283e-02   5.031739279793e-03   2.273500930654e-03   3.937819121759e-03   1.618794668241e-03  -3.048947161651e-03  -6.153378777384e-03  -7.105207009144e-03  -2.517232216115e-03  -9.100582654272e-04  -1.576267153301e-03  -5.320887338058e-04  -3.025629769771e-03  -6.129163288154e-03  -7.127870671486e-03  -2.532393266375e-03  -9.599377816408e-04  -1.491634380056e-03  -6.779585623360e-04
  -1.192077952648e-02  -1.961372098031e-02  -2.446730772958e-02  -4.237862010826e-02  -1.731458289317e-02   4.867739811176e-02  -3.832756140555e-02  -6.638528367851e-02  -2.710999617974e-02   3.256095115192e-02  -2.581275327696e-02  -4.470900015818e-02  -1.823259571935e-02   7.919187390373e-03   1.354801158601e-03   2.346584434803e-03   9.467275915784e-04   5.959169442403e-03   4.240195404347e-03  -2.971886407050e-03   2.448077958227e-03  -3.440528081971e-03  -6.129163290787e-03  -1.156621601318e-02  -1.111186500108e-02  -3.887013084919e-03  -9.927590379300e-04  -2.496555354339e-03  -1.175918475133e-03   5.701158782564e-02   8.838281274110e-02   2.819909481755e-02   8.086675669161e-03   3.452690264045e-03   5.980234958442e-03   2.459740756527e-03  -6.141870915298e-03  -1.156638881892e-02  -1.106179767355e-02  -3.861380719842e-03  -1.440582161836e-03  -2.495161496203e-03  -5.351857492759e-04  -6.129163288153e-03  -1.156621600732e-02  -1.111186499868e-02  -3.887013081409e-03  -1.665700840125e-03  -2.108032224715e-03  -1.175918474977e-03
   1.456468658984e-03   2.129835662821e-03  -9.623238597464e-03  -1.666793817813e-02  -6.770226941386e-03  -4.614589377499e-03  -1.507461598722e-02  -2.611000078494e-02  -1.060369280960e-02  -3.092253231847e-03  -1.015241588492e-02  -1.758450012622e-02  -7.136170081285e-03  -7.391200401120e-04   5.328569427067e-04   9.229352958892e-04   3.773359479458e-04   2.343801369777e-03   1.667711564990e-03  -1.165369650962e-03   9.628537212962e-04  -1.353194352185e-03  -7.127870675817e-03  -1.111186500585e-02  -3.757612457447e-03  -1.097093993003e-03   6.396576332735e-04  -9.819203692360e-04  -8.266307778529e-04   1.770602277283e-02   2.819909481755e-02   1.170378402866e-02   3.612278407890e-03   8.429179790067e-04   1.459976765972e-03   6.033106209214e-04  -7.090748488516e-03  -1.104575868383e-02  -3.714688656325e-03  -1.089455287720e-03  -5.665954756841e-04  -9.813721507905e-04   8.769988568102e-04  -7.127870671486e-03  -1.111186499868e-02  -3.757612455381e-03  -1.097093991415e-03  -1.170196800990e-03   6.299957478867e-05  -8.266307776582e-04
   8.376939391168e-04   1.340026085367e-03  -2.931133312141e-03  -5.076871813657e-03  -2.061639675854e-03  -3.229762607289e-03  -4.591563291336e-03  -7.952820896198e-03  -3.229246657470e-03  -2.161894168638e-03  -3.092314930987e-03  -5.356046566404e-03  -2.173614344851e-03  -5.207640912799e-04   1.623024015569e-04   2.811160048382e-04   1.154560980493e-04   7.138962830232e-04   5.079667171261e-04  -3.551296665858e-04   2.932747212527e-04  -4.121682116973e-04  -2.532393271334e-03  -3.887013089331e-03  -1.097093994247e-03  -3.008941711665e-04   2.737682440118e-04  -2.990822135619e-04  -2.798351571394e-04   5.031739279793e-03   8.086675669161e-03   3.612278407890e-03   1.133529196472e-03   2.172758449230e-04   3.763328028755e-04   1.557093660314e-04  -2.520963261570e-03  -3.866718697570e-03  -1.084165030962e-03  -2.993433495548e-04  -1.725787900238e-04  -2.989152322146e-04   3.508407416214e-04  -2.532393266377e-03  -3.887013081415e-03  -1.097093991424e-03  -3.008941700248e-04  -3.958969167584e-04   8.754914668783e-05  -2.798351568750e-04
  -9.359717222597e-04  -1.540477054442e-03   8.641193694192e-04  -2.170209704740e-03  -8.893191381562e-04   3.824493360449e-03   1.353626175761e-03  -3.399591268497e-03  -1.392248879926e-03   2.558407721759e-03   9.116368803456e-04  -2.289548498385e-03  -9.360791439555e-04   6.214862926837e-04  -4.784792560094e-05   1.201686204130e-04   4.822577034642e-05   3.051691471561e-04   2.171404635875e-04  -1.524572036957e-04  -8.645951590129e-05   1.215101795987e-04   1.771762156820e-03   2.658459877978e-03   5.305391674492e-04   1.221286727621e-04  -2.791246899936e-04  -1.278486332156e-04   6.503246032584e-05   2.273500930654e-03   3.452690264045e-03   8.429179790067e-04   2.172758449230e-04   2.565937452069e-04   2.284131633937e-04   9.392269639725e-05  -5.288155607644e-05  -2.288210259205e-04  -6.023324089853e-04  -2.218667694371e-04   5.087747956568e-05  -1.277772537218e-04  -8.831269574221e-05  -9.599377816406e-04  -1.665700840125e-03  -1.170196800990e-03  -3.958969167593e-04  -5.519131959587e-06  -3.011760940950e-05  -9.225946166218e-05
  -1.621150577178e-03  -2.668184525821e-03  -2.170209704410e-03  -1.641822944051e-03  -1.540345931001e-03   6.624216812678e-03  -3.399591267991e-03  -2.571883690698e-03  -2.411445796140e-03   4.431292159058e-03  -2.289548497819e-03  -1.732106002455e-03  -1.621336636652e-03   1.076445833278e-03   1.201686207261e-04   9.091084502933e-05   8.352948455592e-05   2.308687987724e-04   1.642726942107e-04  -2.640636226902e-04   2.171404635438e-04  -3.051691471100e-04  -8.551331508701e-05  -3.885231306356e-04  -1.044919944507e-03  -3.866313606562e-04  -1.880838519392e-04  -9.672098457609e-05  -6.898554154774e-05   3.937819121759e-03   5.980234958442e-03   1.459976765972e-03   3.763328028755e-04   2.284131633937e-04   5.203425478091e-04   1.626788821054e-04  -9.159354170555e-05  -3.963296423200e-04  -1.043270334917e-03  -3.842845169506e-04  -1.277772537238e-04  -9.666698403850e-05  -1.529620759887e-04   1.491634380057e-03   2.108032224716e-03  -6.299957478831e-05  -8.754914668812e-05   3.011760940948e-05  -3.703265426628e-04   2.182699198279e-05
  -6.658330434195e-04  -1.096145977592e-03  -8.900015771463e-04  -1.541527950240e-03   1.480794439168e-03   2.722536900509e-03  -1.394170150478e-03  -2.414773534711e-03   2.319497093292e-03   1.821959700907e-03  -9.389423381684e-04  -1.626295834905e-03   1.561340490498e-03   4.392393476185e-04   4.928107252715e-05   8.535732132405e-05  -8.304913205815e-05   2.167655820839e-04   1.542376725241e-04   2.551322356576e-04   8.904916176252e-05  -1.251496671916e-04  -6.779585624557e-04  -1.175918475197e-03  -8.266307776776e-04  -2.798351569109e-04   2.722700131242e-05  -9.081253349455e-05   5.882864299394e-05   1.618794668241e-03   2.459740756527e-03   6.033106209214e-04   1.557093660314e-04   9.392269639725e-05   1.626788821054e-04   1.910762317376e-04   1.890528592175e-03   2.888310290202e-03   7.683636181106e-04   2.078587521269e-04  -5.240136798797e-05  -9.076183171923e-05  -2.704792502563e-04  -6.779585623358e-04  -1.175918474977e-03  -8.266307776578e-04  -2.798351568752e-04  -9.225946166220e-05  -2.182699198278e-05   5.882864301025e-05
  -8.363287062045e-03  -1.394415883979e-02   1.897606365568e-14  -2.199986880996e-16   3.278335383675e-02   3.508056645699e-02   9.395895543111e-15   4.559504761346e-16   5.134786846790e-02   2.347926914734e-02  -3.508022390939e-13  -2.059636617182e-15   3.455912020659e-02   5.638444039235e-03  -4.166854436910e-13   3.079553781357e-15  -1.831007462559e-03  -3.530293755318e-17  -1.103433356079e-16   5.644839747463e-03   5.401422153243e-14  -2.061213957080e-13  -3.048947161425e-03  -6.141870914744e-03  -7.090748487879e-03  -2.520963260395e-03   1.057631119611e-04  -6.504750080710e-18   1.890528591996e-03  -3.048947161651e-03  -6.141870915298e-03  -7.090748488516e-03  -2.520963261570e-03  -5.288155607644e-05  -9.159354170555e-05   1.890528592175e-03   3.685890836684e-02   5.699519172031e-02   1.766118206568e-02   5.049623457810e-03  -9.245290352571e-15   6.086381503882e-17  -4.830936914168e-03  -3.048947161651e-03  -6.141870915300e-03  -7.090748488510e-03  -2.520963261583e-03  -5.288155607675e-05   9.159354170569e-05   1.890528592175e-03
  -1.194495451452e-02  -1.965517539000e-02  -5.843325322611e-13   2.292470441729e-16   5.187650622185e-02   4.879977671632e-02  -9.471067946927e-13   1.522633036092e-15   8.125212177796e-02   3.266612297426e-02  -1.355521341706e-12  -2.435284715391e-15   5.468450178503e-02   7.835062397991e-03  -7.207190283234e-13   4.356777356611e-15  -2.895365830599e-03  -1.310263546251e-16  -2.126885504673e-16   8.931472932461e-03   1.504674513784e-13  -3.980372104468e-13  -6.153378777793e-03  -1.156638881916e-02  -1.104575868304e-02  -3.866718695736e-03   4.576420515379e-04   1.986644303728e-17   2.888310289890e-03  -6.153378777384e-03  -1.156638881892e-02  -1.104575868383e-02  -3.866718697570e-03  -2.288210259205e-04  -3.963296423200e-04   2.888310290202e-03   5.699519172031e-02   8.833900561166e-02   2.811987746595e-02   8.109732145909e-03  -4.101235558410e-14   1.221867272027e-16  -7.336353466970e-03  -6.153378777383e-03  -1.156638881892e-02  -1.104575868382e-02  -3.866718697588e-03  -2.288210259209e-04   3.963296423201e-04   2.888310290202e-03
