ARMA_MAT_TXT_FN008
50 50
   1.000000000000e+00   8.784438346368e-01   1.508941422220e-33   1.190670788335e-34  -1.825973350351e-22   3.291794955376e-01   5.184285042706e-34   0.000000000000e+00   8.548092715278e-22   1.537612665257e-01  -1.989945466944e-34   3.527975822208e-35  -2.357669985576e-20   6.556249676812e-02   6.251916983682e-35  -7.810068767771e-36   3.689727499758e-22  -1.069470978014e-66   0.000000000000e+00   0.000000000000e+00   0.000000000000e+00   0.000000000000e+00   1.205191717929e-02   7.479908122932e-02   7.946756778422e-02   4.890998097626e-02  -8.407345053821e-02   4.664598688249e-18   2.988861229244e-02   1.205191717929e-02   7.479908122932e-02   7.946756778422e-02   4.890998097626e-02   4.203672526911e-02   7.280974394991e-02   2.988861229244e-02   1.205171075432e-02   7.479860842591e-02   7.946739864341e-02   4.890994371898e-02   6.267447597704e-18   8.951121794813e-18  -8.922727747942e-02   1.205191717929e-02   7.479908122932e-02   7.946756778422e-02   4.890998097626e-02   4.203672526911e-02  -7.280974394991e-02   2.988861229244e-02
   8.784438346368e-01   1.000000000000e+00   4.337007027335e-33  -1.024218352210e-33   3.051897380033e-19   4.187995882560e-01  -1.725598050404e-33   2.610596389515e-36   0.000000000000e+00   1.871454501484e-01   3.102478020591e-36   0.000000000000e+00   3.012662314821e-20   7.831571041382e-02  -9.693785303781e-35  -1.906684393767e-37   5.366839453302e-23  -2.924380047408e-66   0.000000000000e+00   0.000000000000e+00   0.000000000000e+00   0.000000000000e+00   1.094434987691e-02   8.965576378475e-02   9.547583820657e-02   5.828993367903e-02  -1.011543983706e-01   5.612291049428e-18   3.596099095755e-02   1.094434987691e-02   8.965576378475e-02   9.547583820657e-02   5.828993367903e-02   5.057719918531e-02   8.760227869348e-02   3.596099095755e-02   1.094412887388e-02   8.965517614484e-02   9.547563233095e-02   5.828988905872e-02   7.540778841878e-18   1.076968395653e-17  -1.073552120933e-01   1.094434987691e-02   8.965576378475e-02   9.547583820657e-02   5.828993367903e-02   5.057719918531e-02  -8.760227869348e-02   3.596099095755e-02
   1.508941422220e-33   4.337007027335e-33   1.000000000000e+00  -7.577486498746e-66   2.132872835760e-51  -1.404685829914e-33   6.291202128136e-01   0.000000000000e+00   0.000000000000e+00  -2.644229418068e-33   2.202302509580e-01   0.000000000000e+00   4.375500245133e-52  -1.449315099871e-33   5.734990148843e-02  -3.821360502258e-67   1.075617358376e-52   9.765264489771e-35   0.000000000000e+00   2.255191232751e-34   0.000000000000e+00  -3.906105795908e-34   1.021246028827e-01   1.662646228112e-01   6.275964942058e-02   1.437616752637e-02  -2.627787283077e-01   1.982483721107e-17   1.270284782815e-01  -5.106230144137e-02  -8.313231140562e-02  -3.137982471029e-02  -7.188083763184e-03   5.209353104051e-03  -1.547229909427e-01  -6.351423914077e-02  -7.613100917948e-18  -1.239466663018e-17  -4.678612929977e-18  -1.071717448220e-18   9.453769024200e-02  -2.836032804105e-33   2.827036563163e-17  -5.106230144137e-02  -8.313231140562e-02  -3.137982471029e-02  -7.188083763184e-03   5.209353104051e-03   1.547229909427e-01  -6.351423914077e-02
   1.190670788335e-34  -1.024218352210e-33  -7.577486498746e-66   1.000000000000e+00  -5.332182089400e-52  -1.220984049124e-33   0.000000000000e+00   6.291202128136e-01   0.000000000000e+00   0.000000000000e+00   0.000000000000e+00   2.202302509580e-01   0.000000000000e+00   2.962719194845e-34  -3.821360502258e-67   5.734990148843e-02  -2.689043395940e-53  -3.906105795908e-34   0.000000000000e+00  -5.637978081877e-35   0.000000000000e+00  -9.765264489771e-35  -5.666120345902e-18  -9.224764018873e-18  -3.482057373500e-18  -7.976245979706e-19   1.982483721107e-17   9.453871357464e-02  -7.047847678061e-18  -8.844250044785e-02  -1.439893871052e-01  -5.435145073083e-02  -1.245012628690e-02  -1.547229909427e-01  -1.734493678371e-01  -1.100098891959e-01  -1.087297380479e-17  -1.770197020132e-17  -6.681960002721e-18  -1.530618845885e-18  -2.836032804105e-33   9.453769024200e-02   4.037552480620e-17   8.844250044785e-02   1.439893871052e-01   5.435145073083e-02   1.245012628690e-02   1.547229909427e-01  -1.734493678371e-01   1.100098891959e-01
  -1.825973350351e-22   3.051897380033e-19   2.132872835760e-51  -5.332182089400e-52   1.000000000000e+00   0.000000000000e+00   0.000000000000e+00   0.000000000000e+00   6.291202128136e-01  -1.417049750072e-19   4.375500245133e-52   0.000000000000e+00   2.202302509580e-01  -8.339313163692e-20   1.075617358376e-52  -2.689043395940e-53   5.734990148843e-02   0.000000000000e+00   9.765264489771e-35   0.000000000000e+00  -3.906105795908e-34   0.000000000000e+00  -3.630590443882e-02  -5.910806345334e-02  -2.231142907937e-02  -5.110813160351e-03   1.270284782815e-01  -7.047847678061e-18   4.937933313824e-02  -3.630590443882e-02  -5.910806345334e-02  -2.231142907937e-02  -5.110813160351e-03  -6.351423914077e-02  -1.100098891959e-01   4.937933313824e-02   1.083848340963e-01   1.764581739912e-01   6.660764013006e-02   1.525763536768e-02   2.827036563163e-17   4.037552480620e-17  -3.079367970728e-01  -3.630590443882e-02  -5.910806345334e-02  -2.231142907937e-02  -5.110813160351e-03  -6.351423914077e-02   1.100098891959e-01   4.937933313824e-02
   3.291794955376e-01   4.187995882560e-01  -1.404685829914e-33  -1.220984049124e-33   0.000000000000e+00   1.000000000000e+00   0.000000000000e+00   0.000000000000e+00   0.000000000000e+00   7.746967835845e-01  -1.821715410570e-33   4.554288526425e-34   0.000000000000e+00   4.100964372946e-01   5.289486530890e-34   0.000000000000e+00   3.722145245234e-20   0.000000000000e+00   0.000000000000e+00   0.000000000000e+00   0.000000000000e+00   0.000000000000e+00   1.892138962507e-01   4.279590496692e-01   4.640684073862e-01   3.143675182277e-01  -3.672302047994e-01   2.037482130954e-17   1.305525245254e-01   1.892138962507e-01   4.279590496692e-01   4.640684073862e-01   3.143675182277e-01   1.836151023997e-01   3.180306863932e-01   1.305525245254e-01   1.892124859122e-01   4.279572657360e-01   4.640675652893e-01   3.143672926628e-01   2.737619995730e-17   3.909848407616e-17  -3.897445892994e-01   1.892138962507e-01   4.279590496692e-01   4.640684073862e-01   3.143675182277e-01   1.836151023997e-01  -3.180306863932e-01   1.305525245254e-01
   5.184285042706e-34  -1.725598050404e-33   6.291202128136e-01   0.000000000000e+00   0.000000000000e+00   0.000000000000e+00   1.000000000000e+00   0.000000000000e+00   0.000000000000e+00  -3.319714183946e-33   6.534608721805e-01  -1.951594035153e-66   0.000000000000e+00   1.757336532848e-33   2.263653730943e-01   0.000000000000e+00   1.595005765758e-52   0.000000000000e+00   0.000000000000e+00   0.000000000000e+00   0.000000000000e+00   0.000000000000e+00   3.662835222250e-01   4.633102127376e-01   2.187030584799e-01   5.858198133861e-02  -3.272644568557e-01   3.331225757652e-17   2.134496915670e-01  -1.831417611125e-01  -2.316551063688e-01  -1.093515292400e-01  -2.929099066931e-02   1.230438054711e-01  -2.599855964727e-01  -1.067248457835e-01  -2.730559412985e-17  -3.453882561031e-17  -1.630390259102e-17  -4.367181564850e-18   2.731448400402e-01  -4.765491289473e-33   4.750374571576e-17  -1.831417611125e-01  -2.316551063688e-01  -1.093515292400e-01  -2.929099066931e-02   1.230438054711e-01   2.599855964727e-01  -1.067248457835e-01
   0.000000000000e+00   2.610596389515e-36   0.000000000000e+00   6.291202128136e-01   0.000000000000e+00   0.000000000000e+00   0.000000000000e+00   1.000000000000e+00   0.000000000000e+00   8.299285459865e-34  -1.951594035153e-66   6.534608721805e-01   0.000000000000e+00   0.000000000000e+00   0.000000000000e+00   2.263653730943e-01   0.000000000000e+00   0.000000000000e+00   0.000000000000e+00   0.000000000000e+00   0.000000000000e+00   0.000000000000e+00  -2.032229706715e-17  -2.570557288600e-17  -1.213417545219e-17  -3.250270228684e-18   3.331225757652e-17   2.731465595801e-01  -1.184270593055e-17  -3.172108352345e-01  -4.012384140635e-01  -1.894024045290e-01  -5.073348404327e-02  -2.599855964727e-01  -1.771617027467e-01  -1.848528553270e-01  -3.899764536134e-17  -4.932809247595e-17  -2.328511176965e-17  -6.237176055745e-18  -4.765491289473e-33   2.731448400402e-01   6.784449442662e-17   3.172108352345e-01   4.012384140635e-01   1.894024045290e-01   5.073348404327e-02   2.599855964727e-01  -1.771617027467e-01   1.848528553270e-01
   8.548092715278e-22   0.000000000000e+00   0.000000000000e+00   0.000000000000e+00   6.291202128136e-01   0.000000000000e+00   0.000000000000e+00   0.000000000000e+00   1.000000000000e+00   0.000000000000e+00   0.000000000000e+00   0.000000000000e+00   6.534608721805e-01   1.236615649140e-19   1.595005765758e-52   0.000000000000e+00   2.263653730943e-01   0.000000000000e+00   0.000000000000e+00   0.000000000000e+00   0.000000000000e+00   0.000000000000e+00  -1.302159732330e-01  -1.647095394681e-01  -7.775023958493e-02  -2.082624319977e-02   2.134496915670e-01  -1.184270593055e-17   1.972639232145e-01  -1.302159732330e-01  -1.647095394681e-01  -7.775023958493e-02  -2.082624319977e-02  -1.067248457835e-01  -1.848528553270e-01   1.972639232145e-01   3.887394008779e-01   4.917161776787e-01   2.321124856344e-01   6.217390974799e-02   4.750374571576e-17   6.784449442662e-17  -4.031479943578e-01  -1.302159732330e-01  -1.647095394681e-01  -7.775023958493e-02  -2.082624319977e-02  -1.067248457835e-01   1.848528553270e-01   1.972639232145e-01
   1.537612665257e-01   1.871454501484e-01  -2.644229418068e-33   0.000000000000e+00  -1.417049750072e-19   7.746967835845e-01  -3.319714183946e-33   8.299285459865e-34   0.000000000000e+00   1.000000000000e+00   0.000000000000e+00   0.000000000000e+00   0.000000000000e+00   7.744077347687e-01   0.000000000000e+00   0.000000000000e+00   0.000000000000e+00   0.000000000000e+00   0.000000000000e+00   0.000000000000e+00   0.000000000000e+00   0.000000000000e+00   2.674533593147e-01   5.814049755291e-01   7.585663258942e-01   6.305230777254e-01  -2.065239927880e-01   1.145845138606e-17   7.342050920965e-02   2.674533593147e-01   5.814049755291e-01   7.585663258942e-01   6.305230777254e-01   1.032619963940e-01   1.788550242454e-01   7.342050920965e-02   2.674526131492e-01   5.814037226475e-01   7.585653474077e-01   6.305226879959e-01   1.539596383872e-17   2.198840043264e-17  -2.191865055248e-01   2.674533593147e-01   5.814049755291e-01   7.585663258942e-01   6.305230777254e-01   1.032619963940e-01  -1.788550242454e-01   7.342050920965e-02
  -1.989945466944e-34   3.102478020591e-36   2.202302509580e-01   0.000000000000e+00   4.375500245133e-52  -1.821715410570e-33   6.534608721805e-01  -1.951594035153e-66   0.000000000000e+00   0.000000000000e+00   1.000000000000e+00   0.000000000000e+00   0.000000000000e+00   0.000000000000e+00   6.530545656898e-01   0.000000000000e+00   0.000000000000e+00   0.000000000000e+00   0.000000000000e+00   0.000000000000e+00   0.000000000000e+00   0.000000000000e+00   3.531411263844e-01   5.929567610026e-01   4.630923951302e-01   1.844488751861e-01   2.473096531856e-02   1.415900949000e-17   9.072444884868e-02  -1.765705631922e-01  -2.964783805013e-01  -2.315461975651e-01  -9.222443759305e-02   2.161295502107e-01  -1.105040245100e-01  -4.536222442434e-02  -2.632598254448e-17  -4.420379874508e-17  -3.452268713012e-17  -1.375033396011e-17   2.799283476352e-01  -2.025527235460e-33   2.019102016746e-17  -1.765705631922e-01  -2.964783805013e-01  -2.315461975651e-01  -9.222443759305e-02   2.161295502107e-01   1.105040245100e-01  -4.536222442434e-02
   3.527975822208e-35   0.000000000000e+00   0.000000000000e+00   2.202302509580e-01   0.000000000000e+00   4.554288526425e-34  -1.951594035153e-66   6.534608721805e-01   0.000000000000e+00   0.000000000000e+00   0.000000000000e+00   1.000000000000e+00   0.000000000000e+00   0.000000000000e+00   0.000000000000e+00   6.530545656898e-01   0.000000000000e+00   0.000000000000e+00   0.000000000000e+00   0.000000000000e+00   0.000000000000e+00   0.000000000000e+00  -1.959312511089e-17  -3.289867742854e-17  -2.569348783752e-17  -1.023367038862e-17   1.415900949000e-17   2.799290785081e-01  -5.033612185327e-18  -3.058291865699e-01  -5.135156183740e-01  -4.010497784821e-01  -1.597374116106e-01  -1.105040245100e-01   8.853049361595e-02  -7.856967744729e-02  -3.759857142005e-17  -6.313153483813e-17  -4.930504361922e-17  -1.963812414504e-17  -2.025527235460e-33   2.799283476352e-01   2.883666402679e-17   3.058291865699e-01   5.135156183740e-01   4.010497784821e-01   1.597374116106e-01   1.105040245100e-01   8.853049361595e-02   7.856967744729e-02
  -2.357669985576e-20   3.012662314821e-20   4.375500245133e-52   0.000000000000e+00   2.202302509580e-01   0.000000000000e+00   0.000000000000e+00   0.000000000000e+00   6.534608721805e-01   0.000000000000e+00   0.000000000000e+00   0.000000000000e+00   1.000000000000e+00   0.000000000000e+00   0.000000000000e+00   0.000000000000e+00   6.530545656898e-01   0.000000000000e+00   0.000000000000e+00   0.000000000000e+00   0.000000000000e+00   0.000000000000e+00  -1.255437732536e-01  -2.107996593733e-01  -1.646321040116e-01  -6.557267345306e-02   9.072444884868e-02  -5.033612185327e-18   2.476759967121e-01  -1.255437732536e-01  -2.107996593733e-01  -1.646321040116e-01  -6.557267345306e-02  -4.536222442434e-02  -7.856967744729e-02   2.476759967121e-01   3.747930417918e-01   6.293127393225e-01   4.914864202492e-01   1.957582962708e-01   2.019102016746e-17   2.883666402679e-17  -7.523558581731e-03  -1.255437732536e-01  -2.107996593733e-01  -1.646321040116e-01  -6.557267345306e-02  -4.536222442434e-02   7.856967744730e-02   2.476759967121e-01
   6.556249676812e-02   7.831571041382e-02  -1.449315099871e-33   2.962719194845e-34  -8.339313163692e-20   4.100964372946e-01   1.757336532848e-33   0.000000000000e+00   1.236615649140e-19   7.744077347687e-01   0.000000000000e+00   0.000000000000e+00   0.000000000000e+00   1.000000000000e+00  -1.289815284859e-33   0.000000000000e+00   0.000000000000e+00   0.000000000000e+00   0.000000000000e+00   0.000000000000e+00   0.000000000000e+00   0.000000000000e+00   1.765182119113e-01   4.416925964800e-01   7.697606113818e-01   9.135543097875e-01  -4.790494028979e-02   2.657882128138e-18   1.703049152911e-02   1.765182119113e-01   4.416925964800e-01   7.697606113818e-01   9.135543097875e-01   2.395247014490e-02   4.148689525773e-02   1.703049152911e-02   1.765180520292e-01   4.416922312698e-01   7.697601051638e-01   9.135539232146e-01   3.571226715486e-18   5.100399291558e-18  -5.084220204750e-02   1.765182119113e-01   4.416925964800e-01   7.697606113818e-01   9.135543097875e-01   2.395247014490e-02  -4.148689525773e-02   1.703049152911e-02
   6.251916983682e-35  -9.693785303781e-35   5.734990148843e-02  -3.821360502258e-67   1.075617358376e-52   5.289486530890e-34   2.263653730943e-01   0.000000000000e+00   1.595005765758e-52   0.000000000000e+00   6.530545656898e-01   0.000000000000e+00   0.000000000000e+00  -1.289815284859e-33   1.000000000000e+00   0.000000000000e+00   0.000000000000e+00   0.000000000000e+00   0.000000000000e+00   0.000000000000e+00   0.000000000000e+00   0.000000000000e+00   1.379538850863e-01   3.151205959411e-01   4.367888625028e-01   3.335532787372e-01   8.174810812166e-02   2.032437126464e-18   1.302292637407e-02  -6.897694254313e-02  -1.575602979705e-01  -2.183944312514e-01  -1.667766393686e-01   1.092221761461e-01  -1.586216056967e-02  -6.511463187035e-03  -1.028421259480e-17  -2.349167227539e-17  -3.256182769355e-17  -2.486580558240e-17   1.183800939087e-01  -2.907522490939e-34   2.898299476017e-18  -6.897694254313e-02  -1.575602979705e-01  -2.183944312514e-01  -1.667766393686e-01   1.092221761461e-01   1.586216056967e-02  -6.511463187035e-03
  -7.810068767771e-36  -1.906684393767e-37  -3.821360502258e-67   5.734990148843e-02  -2.689043395940e-53   0.000000000000e+00   0.000000000000e+00   2.263653730943e-01   0.000000000000e+00   0.000000000000e+00   0.000000000000e+00   6.530545656898e-01   0.000000000000e+00   0.000000000000e+00   0.000000000000e+00   1.000000000000e+00   0.000000000000e+00   0.000000000000e+00   0.000000000000e+00   0.000000000000e+00   0.000000000000e+00   0.000000000000e+00  -7.654015712365e-18  -1.748365398419e-17  -2.423410413191e-17  -1.850634387548e-17   2.032437126464e-18   1.183801988210e-01  -7.225435008646e-19  -1.194715690355e-01  -2.729024413407e-01  -3.782702510175e-01  -2.888656129020e-01  -1.586216056967e-02   9.090613079649e-02  -1.127818507156e-02  -1.468783552870e-17  -3.355063068703e-17  -4.650455883404e-17  -3.551315760115e-17  -2.907522490939e-34   1.183800939087e-01   4.139329639895e-18   1.194715690355e-01   2.729024413407e-01   3.782702510175e-01   2.888656129020e-01   1.586216056967e-02   9.090613079649e-02   1.127818507156e-02
   3.689727499758e-22   5.366839453302e-23   1.075617358376e-52  -2.689043395940e-53   5.734990148843e-02   3.722145245234e-20   1.595005765758e-52   0.000000000000e+00   2.263653730943e-01   0.000000000000e+00   0.000000000000e+00   0.000000000000e+00   6.530545656898e-01   0.000000000000e+00   0.000000000000e+00   0.000000000000e+00   1.000000000000e+00   0.000000000000e+00   0.000000000000e+00   0.000000000000e+00   0.000000000000e+00   0.000000000000e+00  -4.904342761221e-02  -1.120272482829e-01  -1.552810415348e-01  -1.185801767767e-01   1.302292637407e-02  -7.225435008646e-19   1.137504709483e-01  -4.904342761221e-02  -1.120272482829e-01  -1.552810415348e-01  -1.185801767767e-01  -6.511463187036e-03  -1.127818507156e-02   1.137504709483e-01   1.464124392823e-01   3.344420400642e-01   4.635704071804e-01   3.540050554652e-01   2.898299476017e-18   4.139329639895e-18   7.711810207968e-02  -4.904342761221e-02  -1.120272482829e-01  -1.552810415348e-01  -1.185801767767e-01  -6.511463187036e-03   1.127818507156e-02   1.137504709483e-01
  -1.069470978014e-66  -2.924380047408e-66   9.765264489771e-35  -3.906105795908e-34   0.000000000000e+00   0.000000000000e+00   0.000000000000e+00   0.000000000000e+00   0.000000000000e+00   0.000000000000e+00   0.000000000000e+00   0.000000000000e+00   0.000000000000e+00   0.000000000000e+00   0.000000000000e+00   0.000000000000e+00   0.000000000000e+00   1.000000000000e+00   0.000000000000e+00   0.000000000000e+00   0.000000000000e+00   0.000000000000e+00  -3.524462841800e-17  -2.282165040250e-17  -4.133975666253e-18  -4.065008537309e-19   3.376960244294e-17   3.923301869790e-01  -1.974374542331e-17   2.750667894742e-01   1.781116268916e-01   3.226362329018e-02   3.172536916212e-03  -1.230484586408e-01   1.792040048201e-01   1.540901098850e-01   5.041913024784e-33   3.264761071960e-33   5.913892737382e-34   5.815237997892e-35  -4.177080166257e-17  -2.924731855240e-17  -8.431993669930e-33  -2.750667894742e-01  -1.781116268916e-01  -3.226362329018e-02  -3.172536916212e-03   1.230484586408e-01   1.792040048201e-01  -1.540901098850e-01
   0.000000000000e+00   0.000000000000e+00   0.000000000000e+00   0.000000000000e+00   9.765264489771e-35   0.000000000000e+00   0.000000000000e+00   0.000000000000e+00   0.000000000000e+00   0.000000000000e+00   0.000000000000e+00   0.000000000000e+00   0.000000000000e+00   0.000000000000e+00   0.000000000000e+00   0.000000000000e+00   0.000000000000e+00   0.000000000000e+00   1.000000000000e+00   0.000000000000e+00   0.000000000000e+00   0.000000000000e+00   1.252967527124e-17   8.113232612525e-18   1.469652965639e-18   1.445134740626e-19  -1.974374542331e-17  -1.394757176513e-01  -1.474841005629e-17   1.955757631569e-01   1.266394878968e-01   2.293982039505e-02   2.255711529980e-03   1.540901098850e-01   1.274161816134e-01  -2.302080053686e-01  -7.177980596987e-17  -4.647916676296e-17  -8.419385085169e-18  -8.278934069379e-19  -8.431993669930e-33   4.163829959999e-01   7.827229836545e-17  -1.955757631569e-01  -1.266394878968e-01  -2.293982039505e-02  -2.255711529980e-03  -1.540901098850e-01   1.274161816134e-01   2.302080053686e-01
   0.000000000000e+00   0.000000000000e+00   2.255191232751e-34  -5.637978081877e-35   0.000000000000e+00   0.000000000000e+00   0.000000000000e+00   0.000000000000e+00   0.000000000000e+00   0.000000000000e+00   0.000000000000e+00   0.000000000000e+00   0.000000000000e+00   0.000000000000e+00   0.000000000000e+00   0.000000000000e+00   0.000000000000e+00   0.000000000000e+00   0.000000000000e+00   1.000000000000e+00   0.000000000000e+00   0.000000000000e+00  -1.370256273940e-01  -8.872702323550e-02  -1.607225369443e-02  -1.580412023588e-03  -1.059260794199e-02   5.877035472557e-19  -2.378132941957e-01  -1.370256273940e-01  -8.872702323550e-02  -1.607225369443e-02  -1.580412023588e-03   5.296303970994e-03   9.173467570091e-03  -2.378132941957e-01   4.131063094892e-01   2.674963632200e-01   4.845514770774e-02   4.764682564538e-03   6.541365972829e-17   9.342329969969e-17  -2.100729918396e-01  -1.370256273940e-01  -8.872702323550e-02  -1.607225369443e-02  -1.580412023588e-03   5.296303970994e-03  -9.173467570091e-03  -2.378132941957e-01
   0.000000000000e+00   0.000000000000e+00   0.000000000000e+00   0.000000000000e+00  -3.906105795908e-34   0.000000000000e+00   0.000000000000e+00   0.000000000000e+00   0.000000000000e+00   0.000000000000e+00   0.000000000000e+00   0.000000000000e+00   0.000000000000e+00   0.000000000000e+00   0.000000000000e+00   0.000000000000e+00   0.000000000000e+00   0.000000000000e+00   0.000000000000e+00   0.000000000000e+00   1.000000000000e+00   0.000000000000e+00  -2.258314390112e-01  -1.462306848545e-01  -2.648862296049e-02  -2.604671318096e-03   2.163801480350e-01  -1.974374542331e-17   2.658213077383e-01   1.129157195056e-01   7.311534242726e-02   1.324431148025e-02   1.302335659048e-03  -5.051175122971e-02   1.540901098850e-01  -1.329106538691e-01  -5.025919463527e-17  -3.254404852815e-17  -5.895133150436e-18  -5.796791355777e-19   4.163829959999e-01  -8.431993669930e-33   5.480514505362e-17   1.129157195056e-01   7.311534242726e-02   1.324431148025e-02   1.302335659048e-03  -5.051175122971e-02  -1.540901098850e-01  -1.329106538691e-01
   0.000000000000e+00   0.000000000000e+00  -3.906105795908e-34  -9.765264489771e-35   0.000000000000e+00   0.000000000000e+00   0.000000000000e+00   0.000000000000e+00   0.000000000000e+00   0.000000000000e+00   0.000000000000e+00   0.000000000000e+00   0.000000000000e+00   0.000000000000e+00   0.000000000000e+00   0.000000000000e+00   0.000000000000e+00   0.000000000000e+00   0.000000000000e+00   0.000000000000e+00   0.000000000000e+00   1.000000000000e+00   3.176197698961e-01   2.056655914633e-01   3.725482318324e-02   3.663330085178e-03  -1.081619441005e-01   4.953594490286e-17   1.779279328431e-01  -1.588098849480e-01  -1.028327957317e-01  -1.862741159162e-02  -1.831665042589e-03  -3.212881262594e-01   1.230484586408e-01  -8.896396642156e-02   0.000000000000e+00   0.000000000000e+00   0.000000000000e+00   0.000000000000e+00  -2.924731855240e-17   4.177080166257e-17   0.000000000000e+00  -1.588098849480e-01  -1.028327957317e-01  -1.862741159162e-02  -1.831665042589e-03  -3.212881262594e-01  -1.230484586408e-01  -8.896396642156e-02
   1.205191717929e-02   1.094434987691e-02   1.021246028827e-01  -5.666120345902e-18  -3.630590443882e-02   1.892138962507e-01   3.662835222250e-01  -2.032229706715e-17  -1.302159732330e-01   2.674533593147e-01   3.531411263844e-01  -1.959312511089e-17  -1.255437732536e-01   1.765182119113e-01   1.379538850863e-01  -7.654015712365e-18  -4.904342761221e-02  -3.524462841800e-17   1.252967527124e-17  -1.370256273940e-01  -2.258314390112e-01   3.176197698961e-01   1.000000000000e+00   7.063772200372e-01   3.736639626622e-01   1.837659445759e-01   4.005334057228e-17   1.756346734192e-32   1.389412859252e-16   1.098853094597e-03   3.909713660109e-02   1.289559489126e-01   1.241336678896e-01   1.549461620023e-02   8.945820834191e-03   9.449703005431e-19   1.081364123736e-03   3.882067446902e-02   1.286188325194e-01   1.240138881882e-01   1.019964099900e-02   5.200474972706e-19  -1.445106837634e-02   1.098853094597e-03   3.909713660109e-02   1.289559489126e-01   1.241336678896e-01   1.549461620023e-02  -8.945820834191e-03   9.449703005431e-19
   7.479908122932e-02   8.965576378475e-02   1.662646228112e-01  -9.224764018873e-18  -5.910806345334e-02   4.279590496692e-01   4.633102127376e-01  -2.570557288600e-17  -1.647095394681e-01   5.814049755291e-01   5.929567610026e-01  -3.289867742854e-17  -2.107996593733e-01   4.416925964800e-01   3.151205959411e-01  -1.748365398419e-17  -1.120272482829e-01  -2.282165040250e-17   8.113232612525e-18  -8.872702323550e-02  -1.462306848545e-01   2.056655914633e-01   7.063772200372e-01   1.000000000000e+00   7.889632276872e-01   4.631805400595e-01   3.388235282423e-16   0.000000000000e+00   0.000000000000e+00   3.909713660109e-02   1.608376815397e-01   3.285197952224e-01   3.219845167711e-01   1.048924542222e-01   6.055968668113e-02   0.000000000000e+00   3.882067446902e-02   1.601160432096e-01   3.278122695078e-01   3.216965353155e-01   6.949124015105e-02   3.543138971884e-18  -9.845666755115e-02   3.909713660109e-02   1.608376815397e-01   3.285197952224e-01   3.219845167711e-01   1.048924542222e-01  -6.055968668113e-02   0.000000000000e+00
   7.946756778422e-02   9.547583820657e-02   6.275964942058e-02  -3.482057373500e-18  -2.231142907937e-02   4.640684073862e-01   2.187030584799e-01  -1.213417545219e-17  -7.775023958493e-02   7.585663258942e-01   4.630923951302e-01  -2.569348783752e-17  -1.646321040116e-01   7.697606113818e-01   4.367888625028e-01  -2.423410413191e-17  -1.552810415348e-01  -4.133975666253e-18   1.469652965639e-18  -1.607225369443e-02  -2.648862296049e-02   3.725482318324e-02   3.736639626622e-01   7.889632276872e-01   1.000000000000e+00   8.208664008791e-01   0.000000000000e+00   0.000000000000e+00   0.000000000000e+00   1.289559489126e-01   3.285197952224e-01   5.620373657954e-01   6.087128630513e-01   1.153969580244e-01   6.662446477907e-02   0.000000000000e+00   1.286188325194e-01   3.278122695078e-01   5.612410146237e-01   6.082651212170e-01   7.673966673441e-02   3.912713362217e-18  -1.087263925530e-01   1.289559489126e-01   3.285197952224e-01   5.620373657954e-01   6.087128630513e-01   1.153969580244e-01  -6.662446477907e-02   0.000000000000e+00
   4.890998097626e-02   5.828993367903e-02   1.437616752637e-02  -7.976245979706e-19  -5.110813160351e-03   3.143675182277e-01   5.858198133861e-02  -3.250270228684e-18  -2.082624319977e-02   6.305230777254e-01   1.844488751861e-01  -1.023367038862e-17  -6.557267345306e-02   9.135543097875e-01   3.335532787372e-01  -1.850634387548e-17  -1.185801767767e-01  -4.065008537309e-19   1.445134740626e-19  -1.580412023588e-03  -2.604671318096e-03   3.663330085178e-03   1.837659445759e-01   4.631805400595e-01   8.208664008791e-01   1.000000000000e+00  -1.039764176481e-16   0.000000000000e+00   5.198820882407e-17   1.241336678896e-01   3.219845167711e-01   6.087128630513e-01   8.171820334817e-01   4.231550281299e-02   2.443086693997e-02   3.536505508400e-17   1.240138881882e-01   3.216965353155e-01   6.082651212170e-01   8.167761354613e-01   2.818360039922e-02   1.436992817014e-18  -3.993112468376e-02   1.241336678896e-01   3.219845167711e-01   6.087128630513e-01   8.171820334817e-01   4.231550281299e-02  -2.443086693997e-02   3.536505508400e-17
  -8.407345053821e-02  -1.011543983706e-01  -2.627787283077e-01   1.982483721107e-17   1.270284782815e-01  -3.672302047994e-01  -3.272644568557e-01   3.331225757652e-17   2.134496915670e-01  -2.065239927880e-01   2.473096531856e-02   1.415900949000e-17   9.072444884868e-02  -4.790494028979e-02   8.174810812166e-02   2.032437126464e-18   1.302292637407e-02   3.376960244294e-17  -1.974374542331e-17  -1.059260794199e-02   2.163801480350e-01  -1.081619441005e-01   4.005334057228e-17   3.388235282423e-16   0.000000000000e+00  -1.039764176481e-16   1.000000000000e+00   0.000000000000e+00  -7.395570986447e-32  -1.549461620023e-02  -1.048924542222e-01  -1.153969580244e-01  -4.231550281299e-02  -7.912888918748e-02  -5.429002669008e-02  -7.198888814994e-18  -1.019964099900e-02  -6.949124015105e-02  -7.673966673441e-02  -2.818360039922e-02  -2.661141260997e-02  -2.108924773482e-18   5.860275506006e-02  -1.549461620023e-02  -1.048924542222e-01  -1.153969580244e-01  -4.231550281299e-02  -7.912888918748e-02   5.429002669008e-02  -7.198888814994e-18
   4.664598688249e-18   5.612291049428e-18   1.982483721107e-17   9.453871357464e-02  -7.047847678061e-18   2.037482130954e-17   3.331225757652e-17   2.731465595801e-01  -1.184270593055e-17   1.145845138606e-17   1.415900949000e-17   2.799290785081e-01  -5.033612185327e-18   2.657882128138e-18   2.032437126464e-18   1.183801988210e-01  -7.225435008646e-19   3.923301869790e-01  -1.394757176513e-01   5.877035472557e-19  -1.974374542331e-17   4.953594490286e-17   1.756346734192e-32   0.000000000000e+00   0.000000000000e+00   0.000000000000e+00   0.000000000000e+00   1.000000000000e+00   0.000000000000e+00  -8.945820834191e-03  -6.055968668113e-02  -6.662446477907e-02  -2.443086693997e-02  -5.429002669008e-02  -1.644016613982e-02  -4.156280395203e-18  -5.200474972706e-19  -3.543138971884e-18  -3.912713362217e-18  -1.436992817014e-18  -2.108924773482e-18   1.475072391853e-02   2.987969488841e-18   8.945820834191e-03   6.055968668113e-02   6.662446477907e-02   2.443086693997e-02   5.429002669008e-02  -1.644016613982e-02   4.156280395203e-18
   2.988861229244e-02   3.596099095755e-02   1.270284782815e-01  -7.047847678061e-18   4.937933313824e-02   1.305525245254e-01   2.134496915670e-01  -1.184270593055e-17   1.972639232145e-01   7.342050920965e-02   9.072444884868e-02  -5.033612185327e-18   2.476759967121e-01   1.703049152911e-02   1.302292637407e-02  -7.225435008646e-19   1.137504709483e-01  -1.974374542331e-17  -1.474841005629e-17  -2.378132941957e-01   2.658213077383e-01   1.779279328431e-01   1.389412859252e-16   0.000000000000e+00   0.000000000000e+00   5.198820882407e-17  -7.395570986447e-32   0.000000000000e+00   1.000000000000e+00   9.449703005431e-19   0.000000000000e+00   0.000000000000e+00   3.536505508400e-17   7.198888814994e-18   4.156280395203e-18   1.490419538401e-02   1.445106837634e-02   9.845666755115e-02   1.087263925530e-01   3.993112468376e-02   5.860275506006e-02   2.987969488841e-18  -6.827890629080e-02   9.449703005431e-19   0.000000000000e+00   0.000000000000e+00   3.536505508400e-17   7.198888814994e-18  -4.156280395203e-18   1.490419538401e-02
   1.205191717929e-02   1.094434987691e-02  -5.106230144137e-02  -8.844250044785e-02  -3.630590443882e-02   1.892138962507e-01  -1.831417611125e-01  -3.172108352345e-01  -1.302159732330e-01   2.674533593147e-01  -1.765705631922e-01  -3.058291865699e-01  -1.255437732536e-01   1.765182119113e-01  -6.897694254313e-02  -1.194715690355e-01  -4.904342761221e-02   2.750667894742e-01   1.955757631569e-01  -1.370256273940e-01   1.129157195056e-01  -1.588098849480e-01   1.098853094597e-03   3.909713660109e-02   1.289559489126e-01   1.241336678896e-01  -1.549461620023e-02  -8.945820834191e-03   9.449703005431e-19   1.000000000000e+00   7.063772200372e-01   3.736639626622e-01   1.837659445759e-01   1.381709796667e-16   0.000000000000e+00   1.389412859252e-16   1.081364123736e-03   3.882067446902e-02   1.286188325194e-01   1.240138881882e-01  -5.099820499501e-03  -8.833148214617e-03  -1.445106837634e-02   1.098853094597e-03   3.909713660109e-02   1.289559489126e-01   1.241336678896e-01   7.796250419970e-18  -1.789164166838e-02   9.449703005431e-19
   7.479908122932e-02   8.965576378475e-02  -8.313231140562e-02  -1.439893871052e-01  -5.910806345334e-02   4.279590496692e-01  -2.316551063688e-01  -4.012384140635e-01  -1.647095394681e-01   5.814049755291e-01  -2.964783805013e-01  -5.135156183740e-01  -2.107996593733e-01   4.416925964800e-01  -1.575602979705e-01  -2.729024413407e-01  -1.120272482829e-01   1.781116268916e-01   1.266394878968e-01  -8.872702323550e-02   7.311534242726e-02  -1.028327957317e-01   3.909713660109e-02   1.608376815397e-01   3.285197952224e-01   3.219845167711e-01  -1.048924542222e-01  -6.055968668113e-02   0.000000000000e+00   7.063772200372e-01   1.000000000000e+00   7.889632276872e-01   4.631805400595e-01  -1.694117641212e-16  -3.388235282423e-16   0.000000000000e+00   3.882067446902e-02   1.601160432096e-01   3.278122695078e-01   3.216965353155e-01  -3.474562007553e-02  -6.018117931130e-02  -9.845666755115e-02   3.909713660109e-02   1.608376815397e-01   3.285197952224e-01   3.219845167711e-01   5.302764210511e-17  -1.211193733623e-01   0.000000000000e+00
   7.946756778422e-02   9.547583820657e-02  -3.137982471029e-02  -5.435145073083e-02  -2.231142907937e-02   4.640684073862e-01  -1.093515292400e-01  -1.894024045290e-01  -7.775023958493e-02   7.585663258942e-01  -2.315461975651e-01  -4.010497784821e-01  -1.646321040116e-01   7.697606113818e-01  -2.183944312514e-01  -3.782702510175e-01  -1.552810415348e-01   3.226362329018e-02   2.293982039505e-02  -1.607225369443e-02   1.324431148025e-02  -1.862741159162e-02   1.289559489126e-01   3.285197952224e-01   5.620373657954e-01   6.087128630513e-01  -1.153969580244e-01  -6.662446477907e-02   0.000000000000e+00   3.736639626622e-01   7.889632276872e-01   1.000000000000e+00   8.208664008791e-01   0.000000000000e+00  -2.020337470076e-16   0.000000000000e+00   1.286188325194e-01   3.278122695078e-01   5.612410146237e-01   6.082651212170e-01  -3.836983336721e-02  -6.645850086995e-02  -1.087263925530e-01   1.289559489126e-01   3.285197952224e-01   5.620373657954e-01   6.087128630513e-01   3.666253616511e-17  -1.332489295581e-01   0.000000000000e+00
   4.890998097626e-02   5.828993367903e-02  -7.188083763184e-03  -1.245012628690e-02  -5.110813160351e-03   3.143675182277e-01  -2.929099066931e-02  -5.073348404327e-02  -2.082624319977e-02   6.305230777254e-01  -9.222443759305e-02  -1.597374116106e-01  -6.557267345306e-02   9.135543097875e-01  -1.667766393686e-01  -2.888656129020e-01  -1.185801767767e-01   3.172536916212e-03   2.255711529980e-03  -1.580412023588e-03   1.302335659048e-03  -1.831665042589e-03   1.241336678896e-01   3.219845167711e-01   6.087128630513e-01   8.171820334817e-01  -4.231550281299e-02  -2.443086693997e-02   3.536505508400e-17   1.837659445759e-01   4.631805400595e-01   8.208664008791e-01   1.000000000000e+00   0.000000000000e+00  -1.039764176481e-16   5.198820882407e-17   1.240138881882e-01   3.216965353155e-01   6.082651212170e-01   8.167761354613e-01  -1.409180019961e-02  -2.440771391584e-02  -3.993112468376e-02   1.241336678896e-01   3.219845167711e-01   6.087128630513e-01   8.171820334817e-01   3.536505508400e-17  -4.886173387995e-02   3.536505508400e-17
   4.203672526911e-02   5.057719918531e-02   5.209353104051e-03  -1.547229909427e-01  -6.351423914077e-02   1.836151023997e-01   1.230438054711e-01  -2.599855964727e-01  -1.067248457835e-01   1.032619963940e-01   2.161295502107e-01  -1.105040245100e-01  -4.536222442434e-02   2.395247014490e-02   1.092221761461e-01  -1.586216056967e-02  -6.511463187036e-03  -1.230484586408e-01   1.540901098850e-01   5.296303970994e-03  -5.051175122971e-02  -3.212881262594e-01   1.549461620023e-02   1.048924542222e-01   1.153969580244e-01   4.231550281299e-02  -7.912888918748e-02  -5.429002669008e-02   7.198888814994e-18   1.381709796667e-16  -1.694117641212e-16   0.000000000000e+00   0.000000000000e+00   1.000000000000e+00   0.000000000000e+00   3.697785493223e-32   5.099820499501e-03   3.474562007553e-02   3.836983336721e-02   1.409180019961e-02   4.410189786406e-03  -1.791033049424e-02  -2.930137753003e-02  -6.838187523712e-18  -6.628455263138e-17  -3.666253616511e-17  -3.536505508400e-17   1.490419538401e-02   4.156280395203e-17  -2.755625873958e-33
   7.280974394991e-02   8.760227869348e-02  -1.547229909427e-01  -1.734493678371e-01  -1.100098891959e-01   3.180306863932e-01  -2.599855964727e-01  -1.771617027467e-01  -1.848528553270e-01   1.788550242454e-01  -1.105040245100e-01   8.853049361595e-02  -7.856967744729e-02   4.148689525773e-02  -1.586216056967e-02   9.090613079649e-02  -1.127818507156e-02   1.792040048201e-01   1.274161816134e-01   9.173467570091e-03   1.540901098850e-01   1.230484586408e-01   8.945820834191e-03   6.055968668113e-02   6.662446477907e-02   2.443086693997e-02  -5.429002669008e-02  -1.644016613982e-02   4.156280395203e-18   0.000000000000e+00  -3.388235282423e-16  -2.020337470076e-16  -1.039764176481e-16   0.000000000000e+00   1.000000000000e+00   0.000000000000e+00   8.833148214617e-03   6.018117931130e-02   6.645850086995e-02   2.440771391584e-02  -1.791033049424e-02  -1.627087847785e-02  -5.075147461377e-02   1.789164166838e-02   1.211193733623e-01   1.332489295581e-01   4.886173387995e-02   5.818792553284e-17  -1.104732507113e-01   8.312560790406e-18
   2.988861229244e-02   3.596099095755e-02  -6.351423914077e-02  -1.100098891959e-01   4.937933313824e-02   1.305525245254e-01  -1.067248457835e-01  -1.848528553270e-01   1.972639232145e-01   7.342050920965e-02  -4.536222442434e-02  -7.856967744729e-02   2.476759967121e-01   1.703049152911e-02  -6.511463187035e-03  -1.127818507156e-02   1.137504709483e-01   1.540901098850e-01  -2.302080053686e-01  -2.378132941957e-01  -1.329106538691e-01  -8.896396642156e-02   9.449703005431e-19   0.000000000000e+00   0.000000000000e+00   3.536505508400e-17  -7.198888814994e-18  -4.156280395203e-18   1.490419538401e-02   1.389412859252e-16   0.000000000000e+00   0.000000000000e+00   5.198820882407e-17   3.697785493223e-32   0.000000000000e+00   1.000000000000e+00   1.445106837634e-02   9.845666755115e-02   1.087263925530e-01   3.993112468376e-02  -2.930137753003e-02  -5.075147461377e-02  -6.827890629080e-02   9.449703005431e-19   0.000000000000e+00   0.000000000000e+00   3.536505508400e-17   3.857876223541e-33  -8.312560790406e-18   1.490419538401e-02
   1.205171075432e-02   1.094412887388e-02  -7.613100917948e-18  -1.087297380479e-17   1.083848340963e-01   1.892124859122e-01  -2.730559412985e-17  -3.899764536134e-17   3.887394008779e-01   2.674526131492e-01  -2.632598254448e-17  -3.759857142005e-17   3.747930417918e-01   1.765180520292e-01  -1.028421259480e-17  -1.468783552870e-17   1.464124392823e-01   5.041913024784e-33  -7.177980596987e-17   4.131063094892e-01  -5.025919463527e-17   0.000000000000e+00   1.081364123736e-03   3.882067446902e-02   1.286188325194e-01   1.240138881882e-01  -1.019964099900e-02  -5.200474972706e-19   1.445106837634e-02   1.081364123736e-03   3.882067446902e-02   1.286188325194e-01   1.240138881882e-01   5.099820499501e-03   8.833148214617e-03   1.445106837634e-02   1.000000000000e+00   7.063772200372e-01   3.736639626622e-01   1.837659445759e-01   3.512693468384e-32  -4.446814091649e-33   3.081225033956e-18   1.081364123736e-03   3.882067446902e-02   1.286188325194e-01   1.240138881882e-01   5.099820499501e-03  -8.833148214617e-03   1.445106837634e-02
   7.479860842591e-02   8.965517614484e-02  -1.239466663018e-17  -1.770197020132e-17   1.764581739912e-01   4.279572657360e-01  -3.453882561031e-17  -4.932809247595e-17   4.917161776787e-01   5.814037226475e-01  -4.420379874508e-17  -6.313153483813e-17   6.293127393225e-01   4.416922312698e-01  -2.349167227539e-17  -3.355063068703e-17   3.344420400642e-01   3.264761071960e-33  -4.647916676296e-17   2.674963632200e-01  -3.254404852815e-17   0.000000000000e+00   3.882067446902e-02   1.601160432096e-01   3.278122695078e-01   3.216965353155e-01  -6.949124015105e-02  -3.543138971884e-18   9.845666755115e-02   3.882067446902e-02   1.601160432096e-01   3.278122695078e-01   3.216965353155e-01   3.474562007553e-02   6.018117931130e-02   9.845666755115e-02   7.063772200372e-01   1.000000000000e+00   7.889632276872e-01   4.631805400595e-01   0.000000000000e+00  -3.761696823394e-32   0.000000000000e+00   3.882067446902e-02   1.601160432096e-01   3.278122695078e-01   3.216965353155e-01   3.474562007553e-02  -6.018117931130e-02   9.845666755115e-02
