ARMA_MAT_TXT_FN008
141 141
   3.185569752417e-01   2.842935196908e-01   5.266767614514e-03  -5.854500761690e-07  -3.992751702958e-03  -6.611398406981e-02   5.822058107752e-03  -6.576107627160e-07  -4.406731538961e-03  -6.141056198634e-02   7.889064002893e-03  -7.539452265795e-07  -3.273903149558e-03   6.231614656791e-03  -8.666032217956e-04  -7.510827864279e-08  -9.738561012322e-04   4.662788689091e-09   2.044853488281e-08  -4.634131769506e-04  -7.521147818010e-04  -2.933791951022e-04  -6.919629763400e-03  -4.366658196608e-03   3.249591659258e-03   2.071526331519e-03   2.493728045645e-03  -1.817221302050e-07   2.769512905879e-04   1.036586284935e-03   1.611394395051e-03   4.386703175555e-04  -1.508227537204e-07  -4.875059060841e-03  -3.681788027265e-03   4.753765944162e-04  -1.929539612623e-07  -7.533612511804e-03   1.050175351974e-02   1.092071924318e-03  -8.418546467928e-08   3.039852429154e-03  -2.736913448541e-02  -3.166159214691e-04   3.650632415943e-07  -3.528743739140e-03  -7.148248897879e-08  -2.512289395052e-07  -3.003915094688e-03   1.110642367618e-03   2.234919335915e-04   9.743945704778e-05   2.820512514088e-04  -5.571395052772e-04  -1.137746214681e-03   1.939901227353e-03   7.953279738970e-04  -1.411692723617e-03   3.659288189070e-07  -2.931795564204e-03  -3.554075128628e-04   9.261868084119e-08  -6.924721613850e-04   1.099623492474e-03  -2.871610952254e-07   2.173856395343e-03   1.896080315292e-03  -4.750613206880e-07   5.212244740932e-03   9.400133256163e-04  -2.943074921572e-07   2.452638465815e-03   5.444704041402e-03   5.810995696272e-04  -1.671755955503e-07   1.388191359880e-03  -1.716730040772e-07  -3.058909841468e-08  -3.777078747895e-04   1.231084775859e-04   3.115328316174e-04   2.798383342656e-05   7.914470724913e-05  -1.404771561395e-04  -3.483305000015e-04   8.026109672934e-04  -1.562706356759e-03   2.695946147670e-04   2.373578335717e-04  -1.706408649980e-03   7.259126287547e-05   7.860667022870e-05  -4.204338540609e-04  -2.390564227120e-04  -2.851351302686e-04   1.341311524800e-03  -1.127624956189e-04   4.159454032370e-04   2.500766829136e-03   1.752097380547e-04   6.059081882848e-04   1.015764781149e-03   7.398409392387e-03  -1.125935235851e-03  -1.523172053585e-03   1.546444955837e-03   1.321575547231e-04  -1.261774682824e-04  -1.084502796888e-04  -6.229898788706e-06  -4.756609036861e-05   2.799175906854e-05   7.916712508939e-05  -1.405170181828e-04  -3.484475453382e-04   8.028446417364e-04  -1.562469185301e-03   2.696253829788e-04  -2.377384214399e-04  -1.706464663650e-03   7.258643775264e-05  -7.870405949381e-05  -4.204446029512e-04  -2.390129897901e-04   2.854403299873e-04   1.341339846231e-03  -1.133207142873e-04  -4.154415308832e-04   2.501011016686e-03   1.745983063990e-04  -6.057466380819e-04   1.015737922013e-03   7.398797687012e-03  -1.124982613848e-03   1.523783976202e-03   1.546712846678e-03  -1.321263626334e-04   1.261552281383e-04  -1.085169676350e-04  -6.144854371360e-06  -4.772215027509e-05
   2.842935196908e-01   2.629683680079e-01   8.418244528868e-03  -9.309987983267e-07  -6.300200761253e-03  -1.132867392936e-01   1.040612002478e-02  -1.168818174962e-06  -7.784378910266e-03  -1.024289990437e-01   1.338863591011e-02  -1.279502245283e-06  -5.587228958507e-03   9.305251371511e-03  -1.409510313667e-03  -1.249149657290e-07  -1.505376324314e-03  -2.967554569791e-09   3.942856693532e-08  -7.167129152196e-04  -1.245670506801e-03  -4.290497157909e-04  -1.153919825503e-02  -7.181456964502e-03   5.567911608689e-03   3.306210394932e-03   4.200156924639e-03  -3.056390125569e-07   4.605753700496e-04   1.671944988129e-03   2.613210651434e-03   7.433776453546e-04  -2.495957013378e-07  -8.112284955502e-03  -5.954049283689e-03   7.876200272697e-04  -3.157428225446e-07  -1.263244966066e-02   1.783376647729e-02   1.901644687698e-03  -1.510166244636e-07   5.180691263394e-03  -4.366519504863e-02  -4.903084217632e-04   6.044192006107e-07  -5.768101068736e-03  -1.209998397466e-07  -4.252413857344e-07  -5.078667570536e-03   1.891911534554e-03   3.849413737220e-04   1.639078980530e-04   4.745722806327e-04  -9.387634950003e-04  -1.911713928448e-03   3.255533739815e-03   1.409590311537e-03  -2.409920865366e-03   6.270817777052e-07  -5.003900618202e-03  -6.053275999988e-04   1.584545905441e-07  -1.182873950408e-03   1.865787057129e-03  -4.892447276946e-07   3.710692525662e-03   3.263636172873e-03  -8.205673243866e-07   8.901835871741e-03   1.593068199229e-03  -5.041820457428e-07   4.234815979949e-03   8.605490714605e-03   8.678788759077e-04  -2.515898048170e-07   2.212186654102e-03  -2.935975498905e-07  -5.513930931186e-08  -6.364716432261e-04   2.220788697893e-04   5.327844448954e-04   4.548925751814e-05   1.285395986635e-04  -2.276148693746e-04  -5.641822909280e-04   1.310510779110e-03  -2.643184641417e-03   4.650839132787e-04   4.003879142197e-04  -2.880951380871e-03   1.242326647315e-04   1.324057755120e-04  -7.086495503317e-04  -4.056474698334e-04  -4.734562142650e-04   2.258812646057e-03  -2.130037636965e-04   7.058186866526e-04   4.233146511031e-03   2.850500828821e-04   1.061824094704e-03   1.713360106771e-03   1.180549748609e-02  -1.805067337177e-03  -2.449027303227e-03   2.495735362750e-03   2.273670640532e-04  -2.233926679693e-04  -1.751982209148e-04  -1.822019958533e-05  -7.774459294601e-05   4.550339535969e-05   1.285795363442e-04  -2.276855613970e-04  -5.643880986231e-04   1.310914971773e-03  -2.642769520780e-03   4.651392111270e-04  -4.010402383459e-04  -2.881044481542e-03   1.242254173271e-04  -1.325719493883e-04  -7.086677693930e-04  -4.055801640494e-04   4.739735053782e-04   2.258859742022e-03  -2.139563472485e-04  -7.049425020832e-04   4.233555010018e-03   2.839936880454e-04  -1.061548191110e-03   1.713318052096e-03   1.180615081069e-02  -1.803532002351e-03   2.450008463752e-03   2.496184501138e-03  -2.273185224961e-04   2.233591871232e-04  -1.753136188427e-04  -1.807021481971e-05  -7.801330519713e-05
   5.266767614514e-03   8.418244528868e-03   6.311161613800e-02   1.550220195298e-06  -6.766693920499e-03  -2.531872735462e-02   9.786602627579e-02   2.464981340771e-06  -1.017132325293e-02  -4.928122334246e-02   7.362920725931e-02   3.567171643265e-06  -1.354429551917e-02  -1.028040649534e-02  -1.566463910085e-03   7.898421775816e-07  -1.993673386260e-03  -5.704702206521e-07  -1.386257472768e-07  -1.977310336173e-03  -1.928196240972e-03   4.666844308313e-03   3.837847342111e-02   5.954670101132e-02   8.517779225849e-03  -1.701921752969e-03  -7.089560884115e-03   7.741531819355e-07  -7.648313758568e-03  -8.016944240130e-04  -1.412143276735e-03   3.588480087311e-03   2.921847621589e-07   2.508094396395e-03   4.155511599364e-03   5.740896525483e-03   6.964822149972e-07   5.473050963785e-03   5.629397389948e-03   5.219882452561e-03  -1.198344460612e-06   4.754308090515e-03   6.112499230073e-03   2.702316338613e-02  -3.719570782776e-06   7.682312625164e-04  -6.994328384427e-07   3.948348969761e-07   1.092546543333e-03   9.811198667017e-03   1.302525387422e-03   3.495838384513e-04   1.017000932730e-03  -2.052911432469e-03  -4.123235215974e-03   6.367557364197e-03   1.001240613276e-02  -4.897015585889e-03   1.875839611105e-06  -5.343863408473e-03  -1.158965869806e-03   4.496279714658e-07  -1.219336905452e-03   3.434903748074e-03  -1.375578120359e-06   3.772785847795e-03   1.003314820781e-02  -3.521604039010e-06   1.131450012559e-02   7.306360970395e-03  -3.066245772470e-06   7.021503698591e-03   1.993664347663e-02   3.312831188998e-04  -6.703247077652e-07   2.460453608730e-03  -4.140027602634e-07   8.451478293137e-08  -1.290604779750e-03   1.384624635456e-04   7.067622542253e-04  -2.169970865763e-04  -6.302601495566e-04   1.263090380501e-03   2.538077187140e-03  -3.847298307617e-03  -5.894434731052e-03   5.017776335692e-04  -4.125868282655e-03   4.559769041952e-03   1.076726352387e-04  -9.794679644476e-04   1.061180494256e-03  -3.624541942767e-04   2.921963991204e-03  -3.269726041095e-03  -8.457235607879e-04   8.019684366560e-03  -9.123028680176e-03  -9.400941540115e-04   5.733179473282e-03  -6.424604842117e-03  -1.171919387323e-02  -2.402112778278e-03   2.189501316585e-03  -1.285906260017e-03  -2.811384114308e-04  -3.278489241697e-04   7.403405154910e-04   2.651508198963e-04   4.604824378228e-04  -2.167590742098e-04  -6.295707676779e-04   1.261723847484e-03   2.535216326340e-03  -3.842655563198e-03  -5.889007735993e-03   5.058703687019e-04   4.123312320162e-03   4.555296945022e-03   1.086443021643e-04   9.788649838920e-04   1.060136759043e-03  -3.653441448959e-04  -2.920165829827e-03  -3.266474941743e-03  -8.537457248861e-04  -8.014572721634e-03  -9.114141830327e-03  -9.451554364460e-04  -5.730778193795e-03  -6.419436659095e-03  -1.171807130038e-02  -2.403443170247e-03  -2.189759875194e-03  -1.285806459466e-03   2.802420341906e-04   3.276928104422e-04   7.394899564460e-04   2.654240602418e-04   4.606604067728e-04
  -5.854500761690e-07  -9.309987983267e-07   1.550220195298e-06   8.352777563990e-02  -6.642651713500e-07   2.658949350079e-06   2.518553217310e-06   1.303883263700e-01  -9.811157385685e-07   6.177515485439e-06   4.592856779826e-06   1.217497555967e-01  -1.774013746640e-06   5.808538232039e-06  -7.109516113095e-07   7.807299844665e-03  -2.414185661884e-06   3.657017338793e-03  -4.244019199021e-03   2.124374841593e-07  -1.816961285103e-07   3.086458068659e-07  -2.371513593536e-06  -6.031359080168e-06   4.340511360648e-06   4.308030931343e-06   1.117896204031e-06   8.119615643745e-03   6.251980326031e-07   4.478720564391e-07   7.677394264485e-07   3.487556755366e-07   7.518277683298e-03  -1.481072504307e-06  -2.207341572287e-06   8.614154217143e-07   1.257365033429e-02  -2.824795208175e-06  -2.978656695210e-06  -2.536652880153e-06   1.835876993071e-03  -2.456032314070e-06  -3.304126165180e-05  -1.930474665444e-05   1.267097973543e-02  -1.813023426641e-06  -2.002464036138e-03   1.391625123288e-02  -1.198319437795e-06   2.536627304145e-07  -2.007806342166e-06  -1.352971299475e-07  -3.937293177593e-07   7.957263757503e-07   1.600845447933e-06  -2.485515053471e-06  -3.810209328446e-06   3.050024327620e-06   3.770970783770e-03   1.973590288810e-06   7.293723729447e-07   9.051469907091e-04   4.571867380760e-07  -2.248356617564e-06  -2.914144411297e-03  -1.442181189500e-06  -5.781435585959e-06  -6.388686244638e-03  -3.989473847274e-06  -5.883105870691e-06  -6.193594706026e-03  -3.746885452003e-06  -1.586636212573e-05  -2.420577809832e-06  -2.653084052775e-03  -1.814774974019e-06  -1.593536423491e-05   1.007441845032e-03   4.413279019331e-07   2.954309263684e-07  -2.762758039474e-07  -4.800751846934e-04  -1.393832712769e-03   2.790201209667e-03   5.709967208947e-03  -8.923644100506e-03  -1.285424707766e-02  -5.552648749627e-03  -6.009339418563e-03   8.188835176479e-03  -1.323420251547e-03  -1.422703759206e-03   1.877851633954e-03   4.016469619620e-03   4.148511839764e-03  -5.756581868853e-03   1.056113609210e-02   1.235149099510e-02  -1.708242542654e-02   6.984218524127e-03   5.828949698317e-03  -9.667866336663e-03   1.087425210357e-03  -7.770951869207e-04  -4.026678573688e-03  -2.168242554365e-05  -7.013577513089e-04  -7.688851503258e-05   1.559726873337e-03  -6.030548422325e-04   3.455948625306e-04   4.802201212165e-04   1.394256628282e-03  -2.791074449557e-03  -5.711563442729e-03   8.925735594652e-03   1.285921383494e-02   5.549284404018e-03  -6.016266326922e-03  -8.191642582754e-03   1.322639162265e-03  -1.424338388428e-03  -1.878501661985e-03  -4.014173839516e-03   4.153394197748e-03   5.758600626831e-03  -1.055404532718e-02   1.236500650858e-02   1.708786496549e-02  -6.981305729674e-03   5.839583922908e-03   9.673692701603e-03  -1.046547332874e-03   7.746707166368e-04  -4.018244249493e-03   2.704134037391e-05  -7.011919406929e-04  -7.758210577511e-05  -1.560255299991e-03   6.027883688030e-04  -3.466950967355e-04
  -3.992751702958e-03  -6.300200761253e-03  -6.766693920499e-03  -6.642651713500e-07   5.316594744604e-02   1.786033759723e-02  -1.023744047354e-02  -1.046639093863e-06   8.275205717026e-02   3.442638493737e-02  -1.364983539481e-02  -1.474597385362e-06   5.397644383749e-02   1.734154409145e-02   3.336908271795e-03  -5.108960421874e-07  -1.175692906395e-03  -7.135053450340e-08  -4.279998579302e-07  -5.198836523029e-03   3.558339558619e-03   5.252074334149e-04   1.388305055883e-02   1.840770520395e-02  -3.933577975343e-03   2.577248247672e-03  -4.208384228766e-03   1.743596669259e-07   3.284569531429e-03   9.775125781061e-03   1.672056068670e-02  -3.751008485689e-04  -1.113708849846e-06  -3.410636046712e-02  -5.022046652894e-02  -4.904076266146e-04  -1.997094833411e-06  -6.003643649672e-02  -1.617934835023e-02  -4.835247661342e-03  -3.524057008702e-07  -2.356198308372e-02  -1.400694179981e-02  -6.754697941654e-03  -2.395378924320e-07   7.441665671774e-03   1.358074196785e-07  -1.052726637457e-06  -1.136404657122e-02  -1.467521419926e-03  -2.243050288421e-04   1.723756301529e-04   4.992569850005e-04  -9.848616783104e-04  -1.943443712210e-03   3.487137086578e-03  -2.459823452074e-03  -3.504386875498e-03   6.068749660468e-07  -5.626970574984e-03  -8.840389324904e-04   1.585527974127e-07  -1.340333716191e-03   2.858795880331e-03  -5.163549491384e-07   4.343579869642e-03   3.981590599680e-03  -4.522319957915e-07   9.879931562331e-03  -5.314776987645e-05   7.280790231163e-07   9.282871119526e-03  -5.246768329365e-04   1.047087249690e-03  -7.686927304222e-08  -3.041734864382e-03  -3.859999427413e-07   2.275687468552e-07  -9.955613939756e-04  -1.149449313188e-03   6.878438730416e-04   2.405486005082e-04   6.975619681793e-04  -1.384399629636e-03  -2.726594176428e-03   4.334839403437e-03   2.847580195386e-03   2.719021887859e-03   4.829741533757e-03  -7.147745275416e-03   6.735774685820e-04   1.177620662207e-03  -1.682899854875e-03  -2.084190490711e-03  -3.582772071037e-03   5.293522986977e-03  -4.129068205866e-03  -7.809149394626e-03   1.344922238939e-02  -1.075048612557e-03  -3.749132256771e-03   1.069827059091e-02   5.688038153063e-03   1.191123198871e-04  -9.041689570843e-04  -2.228501642130e-03   7.762116153707e-04   7.891211694939e-04  -1.265822615643e-03   4.700802022060e-04  -5.350339607973e-04   2.404900225266e-04   6.973922888017e-04  -1.384062987539e-03  -2.725880229009e-03   4.333748468939e-03   2.845419739428e-03   2.715444547183e-03  -4.830680376953e-03  -7.146684592694e-03   6.727139654827e-04  -1.177861427158e-03  -1.682657417614e-03  -2.081576385469e-03   3.583564840001e-03   5.292794499096e-03  -4.122923515481e-03   7.810085680584e-03   1.344683437558e-02  -1.071563624069e-03   3.749099290359e-03   1.069696948100e-02   5.685276997379e-03   1.198225809379e-04   9.041061569739e-04  -2.228907620785e-03  -7.754626455930e-04  -7.894277966008e-04  -1.265560226707e-03   4.695448506034e-04  -5.358374022418e-04
  -6.611398406981e-02  -1.132867392936e-01  -2.531872735462e-02   2.658949350079e-06   1.786033759723e-02   3.323166668360e-01  -3.552615176857e-02   3.770914486780e-06   2.507713091043e-02   2.936136674355e-01  -4.178414015339e-02   3.864333855445e-06   1.742795640859e-02  -2.181070296958e-02   4.148355484961e-03   3.311023224383e-07   3.813779220132e-03   7.058697838537e-08  -1.427088505075e-07   1.835013336380e-03   3.644322207580e-03   8.681188716777e-04   3.154493642747e-02   1.818577821989e-02  -1.692415809390e-02  -8.802754334934e-03  -1.186560201053e-02   8.697776462421e-07  -9.768296928941e-04  -4.038237647406e-03  -6.227574963517e-03  -2.347223769832e-03   7.099316464142e-07   2.273316284094e-02   1.349270481864e-02  -2.574324760890e-03   8.923330927166e-07   3.570770288827e-02  -5.407021227035e-02  -5.955978865632e-03   5.149903561052e-07  -1.533955456385e-02   1.173199038846e-01   3.462568273015e-04  -1.691220012593e-06   1.590228165548e-02   3.460970730231e-07   1.243658612949e-06   1.454605264432e-02  -5.894493907573e-03  -1.143618026471e-03  -5.414979122797e-04  -1.565497920211e-03   3.074688546129e-03   6.191797133561e-03  -1.022718257940e-02  -4.987894989054e-03   7.550239289256e-03  -2.001361239048e-06   1.483409078975e-02   1.890939273556e-03  -5.040373025581e-07   3.509784277934e-03  -5.704376316921e-03   1.524414307312e-06  -1.098652759886e-02  -1.037313675390e-02   2.673653838035e-06  -2.643374714143e-02  -4.803429319672e-03   1.578801073732e-06  -1.268724318383e-02  -2.339039356841e-02  -2.085363091696e-03   6.388080442794e-07  -5.991140628701e-03   9.292860284012e-07   1.890638869306e-07   1.935171464380e-03  -7.647200122459e-04  -1.690509827637e-03  -1.502201727205e-04  -4.235392891184e-04   7.408613101400e-04   1.778099025163e-03  -3.878548434678e-03   7.793239371871e-03  -1.899864611780e-03  -1.271947092209e-03   8.278130953772e-03  -4.918162198899e-04  -4.136831762640e-04   2.036196992321e-03   1.524459751282e-03   1.372276194090e-03  -6.460507283269e-03   1.538629316871e-03  -1.991837945826e-03  -1.209379988636e-02  -4.302064192099e-04  -3.497752460178e-03  -4.700737020495e-03  -3.136647816190e-02   4.949941401163e-03   6.607967536105e-03  -6.762410641629e-03  -7.799760856589e-04   7.766666107318e-04   5.031189732760e-04   1.229943459925e-04   2.539258678015e-04  -1.502555475021e-04  -4.236390242220e-04   7.410375623729e-04   1.778665129446e-03  -3.879717563269e-03   7.791978543990e-03  -1.899905238696e-03   1.274294204006e-03   8.278519366616e-03  -4.917642353724e-04   4.142728935260e-04   2.036278498313e-03   1.524221338966e-03  -1.374069796115e-03  -6.460731845824e-03   1.541289939856e-03   1.988476456013e-03  -1.209522177060e-02  -4.269680159161e-04   3.496589069851e-03  -4.700789624871e-03  -3.136866310192e-02   4.945847712948e-03  -6.610644329697e-03  -6.763741677800e-03   7.798157758660e-04  -7.766023334738e-04   5.034908726835e-04   1.224743566051e-04   2.548508180476e-04
   5.822058107752e-03   1.040612002478e-02   9.786602627579e-02   2.518553217310e-06  -1.023744047354e-02  -3.552615176857e-02   1.518374650486e-01   3.997413889418e-06  -1.541400364969e-02  -7.315960224533e-02   1.138765446934e-01   5.728618267565e-06  -2.083030477257e-02  -1.615732496233e-02  -2.420323194988e-03   1.246128636074e-06  -3.072448866306e-03  -8.907516384018e-07  -2.170763858112e-07  -3.061301874088e-03  -2.970207441082e-03   7.274688885899e-03   6.007791139341e-02   9.292798450697e-02   1.299579545283e-02  -2.733013626934e-03  -1.118323577249e-02   1.217700833944e-06  -1.190369979089e-02  -1.318369267264e-03  -2.304752538078e-03   5.937157440562e-03   3.817359001950e-07   4.074014597131e-03   6.686984989493e-03   9.614370342438e-03   9.353642622756e-07   8.760592304508e-03   8.197127234513e-03   8.790812983302e-03  -1.970239610472e-06   7.065630395196e-03   1.029010885505e-02   4.195332459887e-02  -5.714749649875e-06   1.528684706383e-03  -1.164650000275e-06   6.375804161436e-07   1.854868567561e-03   1.503086437158e-02   2.063504216020e-03   5.626807701926e-04   1.636399881953e-03  -3.297713500023e-03  -6.570835290618e-03   1.004513000168e-02   1.610811511465e-02  -6.867263305983e-03   2.430648078707e-06  -8.634893563187e-03  -1.619359049263e-03   5.813493918835e-07  -1.971244337005e-03   4.789626563818e-03  -1.789795535788e-06   6.136579994341e-03   1.440135861967e-02  -4.672247492392e-06   1.830845524226e-02   1.084968031864e-02  -4.360664042137e-06   1.157761286983e-02   3.109951260913e-02   6.934615333871e-04  -1.124922722963e-06   3.574654921810e-03  -5.714037592699e-07   1.477760226654e-07  -1.936101308891e-03   1.668735641217e-04   1.008479864972e-03  -3.253460319395e-04  -9.461422983647e-04   1.907109181353e-03   3.849317755532e-03  -5.903705569550e-03  -9.182052221429e-03   3.689826641427e-04  -5.663566098169e-03   7.634976081449e-03   6.939207618610e-05  -1.342282714242e-03   1.779909067463e-03  -2.675563415688e-04   4.006025587195e-03  -5.487991181965e-03  -5.994892944605e-04   1.116143196797e-02  -1.515558736612e-02  -1.082058127088e-03   8.275787405769e-03  -1.061140734848e-02  -1.849662837068e-02  -3.697497982510e-03   3.540384523089e-03  -1.987735358897e-03  -4.348270987516e-04  -5.246886298594e-04   1.115181042513e-03   4.181333925942e-04   6.249823695425e-04  -3.249977270823e-04  -9.451319236023e-04   1.905092312850e-03   3.845044613393e-03  -5.896663887119e-03  -9.173671848151e-03   3.744321729118e-04   5.659829396685e-03   7.627369211004e-03   7.068324049181e-05   1.341402552272e-03   1.778131295406e-03  -2.713930493817e-04  -4.003394806092e-03  -5.482438558163e-03  -6.103856938756e-04  -1.115385613889e-02  -1.514054349233e-02  -1.089064401301e-03  -8.272214056489e-03  -1.060254484716e-02  -1.849466400067e-02  -3.699761657174e-03  -3.540740141025e-03  -1.987712811473e-03   4.335546693426e-04   5.244584808630e-04   1.113886323131e-03   4.185625236853e-04   6.252394764809e-04
  -6.576107627160e-07  -1.168818174962e-06   2.464981340771e-06   1.303883263700e-01  -1.046639093863e-06   3.770914486780e-06   3.997413889418e-06   2.035646099214e-01  -1.538588018445e-06   9.349380920707e-06   7.260068808325e-06   1.899264319903e-01  -2.785708958020e-06   9.110405821909e-06  -1.153470685494e-06   1.208966628069e-02  -3.796118700579e-06   5.703058036438e-03  -6.644480674335e-03   3.253796107721e-07  -2.867223686539e-07   4.786212211266e-07  -3.732861428540e-06  -9.460596196141e-06   6.853752856490e-06   6.730316764407e-06   1.758763964153e-06   1.267053759113e-02   9.815394697168e-07   7.465215448108e-07   1.281561084647e-06   5.426879986393e-07   1.215685610963e-02  -2.328756682266e-06  -3.675146531023e-06   1.342047567596e-06   2.042298333469e-02  -4.426865285247e-06  -4.784451186400e-06  -3.973206487085e-06   3.634979984531e-03  -3.825748361527e-06  -5.177512318053e-05  -3.010180952440e-05   1.994715739982e-02  -2.876188463561e-06  -3.173858997790e-03   2.155983126254e-02  -1.869436834498e-06   4.062396188385e-07  -3.170680733762e-06  -2.162301293558e-07  -6.290640837770e-07   1.269548672536e-06   2.543190074086e-06  -3.923818666995e-06  -6.079965925960e-06   4.326796955104e-06   4.942089883045e-03   3.268577994015e-06   1.033593632743e-06   1.186021064489e-03   7.580867335154e-07  -3.194959287431e-06  -3.878153113010e-03  -2.392678989087e-06  -8.299439183653e-06  -8.359750994706e-03  -6.585493347049e-06  -8.827411455867e-06  -8.861733734250e-03  -6.108711014073e-06  -2.482232313988e-05  -3.852219917254e-06  -4.225081986234e-03  -2.773417716205e-06   7.681223524989e-05   1.594083043898e-03   6.745321433431e-07   4.679978506307e-07  -3.626506092489e-07  -7.474210754562e-04  -2.170950054553e-03   4.354864602107e-03   8.903475765756e-03  -1.392930869379e-02  -2.037780048282e-02  -7.944928141754e-03  -9.092580114273e-03   1.322598492627e-02  -1.891138583779e-03  -2.149706584125e-03   3.035179588851e-03   5.748344594862e-03   6.260645815560e-03  -9.330367086280e-03   1.526566196517e-02   1.881924728517e-02  -2.753590068645e-02   1.033266933262e-02   8.984035133360e-03  -1.580063274827e-02   1.216590249772e-03  -1.067133862086e-03  -6.121284852575e-03   7.137672815936e-05  -1.004387510647e-03  -1.478956503695e-04   2.381025790836e-03  -9.744221588394e-04   5.440701873517e-04   7.476326892600e-04   2.171570399259e-03  -4.356155480601e-03  -8.905833698375e-03   1.393242936716e-02   2.038554912152e-02   7.940085490934e-03  -9.102522544534e-03  -1.323046886832e-02   1.890018032637e-03  -2.152047598921e-03  -3.036217861751e-03  -5.745057933549e-03   6.267643831716e-03   9.333598024936e-03  -1.525528312601e-02   1.883887173486e-02   2.754459026048e-02  -1.032844248424e-02   9.000001976361e-03   1.580990407657e-02  -1.152559298780e-03   1.063425521089e-03  -6.107950815742e-03  -6.301486424169e-05  -1.004102696370e-03  -1.490256497377e-04  -2.381821995570e-03   9.739914786616e-04  -5.456180532211e-04
  -4.406731538961e-03  -7.784378910266e-03  -1.017132325293e-02  -9.811157385685e-07   8.275205717026e-02   2.507713091043e-02  -1.541400364969e-02  -1.538588018445e-06   1.289491170665e-01   5.136434068244e-02  -2.077804336930e-02  -2.222912665426e-06   8.372167155450e-02   2.887273448405e-02   5.473555114555e-03  -8.005858257850e-07  -2.250418056622e-03  -1.092935626619e-07  -6.735377213715e-07  -8.202050218834e-03   5.515142825327e-03   8.204086407350e-04   2.147726359358e-02   2.874115351118e-02  -6.576444175741e-03   4.189615433310e-03  -6.496698794986e-03   2.736159033227e-07   5.094270383491e-03   1.607178120745e-02   2.760848319175e-02  -4.847546768310e-04  -1.751742995525e-06  -5.265963570153e-02  -8.281157499449e-02  -5.974521733197e-04  -3.128512186391e-06  -9.241189076335e-02  -2.907840995497e-02  -7.467211997303e-03  -5.872446534208e-07  -3.609807240125e-02  -2.373450215376e-02  -1.025031815215e-02  -6.021531691086e-07   1.097439063793e-02   2.150186253384e-07  -1.613145025549e-06  -1.759528940468e-02  -2.246425131407e-03  -3.694595593464e-04   1.709761518692e-04   5.016153048786e-04  -1.047013498661e-03  -2.104780368558e-03   4.356939889968e-03  -4.085856374153e-03  -4.316274873463e-03   6.761805105322e-07  -8.438150599594e-03  -1.092786711863e-03   1.797931915638e-07  -2.003413855376e-03   3.714244128166e-03  -6.336101187650e-07   6.590079789354e-03   4.475418929342e-03  -3.022575394494e-07   1.501786470500e-02  -2.171252422593e-04   1.126947892892e-06   1.439534811332e-02   2.271260833177e-04   1.828930029036e-03  -1.429258401657e-07  -4.433426150332e-03  -4.355092405727e-07   4.072628906298e-07  -1.399637692970e-03  -1.981335326645e-03   7.542370956349e-04   2.622097324052e-04   7.671654684789e-04  -1.584173293158e-03  -3.177965041866e-03   5.495636097268e-03   3.850097936755e-03   3.759959462592e-03   6.722048735812e-03  -1.063670684620e-02   9.311678487905e-04   1.635893357726e-03  -2.498335922721e-03  -2.937468702814e-03  -5.064396678431e-03   7.938955298369e-03  -5.689432649598e-03  -1.090117199896e-02   2.020443558098e-02  -1.615391771081e-03  -5.728079809423e-03   1.631686714160e-02   9.266699332606e-03   1.138525482686e-04  -1.467891118144e-03  -3.266828965603e-03   9.579305965138e-04   1.376260313826e-03  -1.831774594999e-03   8.213061328451e-04  -7.034898622831e-04   2.621064646187e-04   7.668667230228e-04  -1.583583803139e-03  -3.176741105031e-03   5.493803297669e-03   3.846582927989e-03   3.754886410045e-03  -6.723366896112e-03  -1.063502907789e-02   9.299466277761e-04  -1.636231855928e-03  -2.497952499850e-03  -2.933720227106e-03   5.065549220432e-03   7.937797903009e-03  -5.680640509467e-03   1.090242647000e-02   2.020066491177e-02  -1.610035866188e-03   5.728073596890e-03   1.631475402174e-02   9.262048963279e-03   1.150405227611e-04   1.467762271319e-03  -3.267496027064e-03  -9.569235649076e-04  -1.376769016124e-03  -1.831369712181e-03   8.203785126715e-04  -7.044570020476e-04
  -6.141056198634e-02  -1.024289990437e-01  -4.928122334246e-02   6.177515485439e-06   3.442638493737e-02   2.936136674355e-01  -7.315960224533e-02   9.349380920707e-06   5.136434068244e-02   2.897988562492e-01  -6.872178128078e-02   8.078675765267e-06   3.148897372560e-02   1.706241236415e-02   5.906128036967e-03   6.906053009016e-08  -4.951796895280e-03   5.051382628332e-07  -4.163353796034e-07   4.095267607771e-04   4.847511002973e-03  -1.085574829806e-03   1.407674051050e-02  -5.461936924489e-03  -2.233231681306e-02  -4.569578110242e-03  -8.151791976516e-03   8.630613866853e-07   3.332202640193e-03   2.599402517398e-03   4.987568054063e-03  -1.260823023391e-03  -9.307571201263e-08   5.657249322407e-03  -1.762699560104e-02   1.246914227456e-04  -7.463696728737e-07   6.377174116191e-03  -7.797179044914e-02  -7.021795403131e-03   1.792597235578e-07  -3.874421675760e-02   4.129781820333e-02  -1.380627209317e-02   1.238909280473e-06   2.171318910347e-02   1.021530822399e-06   1.317917542385e-06   1.079503181669e-02  -9.470228761982e-03  -2.743916287494e-03   1.596392229755e-04   4.426885930277e-04  -7.296808729219e-04  -3.331712223447e-04  -1.802316231509e-03  -8.340827780211e-04   6.635538523585e-03  -1.386544868969e-06   3.745671748843e-02   1.645523406477e-03  -3.512852156069e-07   8.935128947708e-03  -5.118526326507e-03   1.097615688074e-06  -2.717924620730e-02  -1.167176898643e-02   2.304774822292e-06  -6.640105928115e-02  -4.373604399004e-03   1.254238246443e-06  -3.280795862717e-02  -1.203849925930e-02   1.723346344085e-03  -1.207362567303e-07  -4.698991598892e-03   1.354326281630e-06   8.502614162951e-07   1.916500585601e-03  -3.293117341244e-03  -2.470058211793e-03   4.921963041868e-04   1.422716218267e-03  -2.806360320980e-03  -4.863797218452e-03   5.666003740128e-03   1.486211027773e-02   4.300309941673e-03   4.314613204688e-03   2.130447138819e-02   1.017170729121e-03   9.556202438678e-04   5.182663864576e-03  -2.933473735738e-03  -2.597551338634e-03  -1.578641351295e-02  -8.387122660375e-03  -1.037731718697e-02  -3.420252333789e-02  -5.966054245830e-03  -8.657830553412e-03  -1.505894874084e-02  -5.830137304032e-03   4.341832148355e-03   1.846074906070e-03  -4.457717683536e-03  -3.005948157727e-04   2.066863420979e-03  -4.849789847456e-04   6.467538104488e-04  -1.194795428680e-04   4.919481029831e-04   1.422007607867e-03  -2.805042288927e-03  -4.861131840014e-03   5.661990868141e-03   1.485818089130e-02   4.295459370841e-03  -4.315624692628e-03   2.130457462998e-02   1.016054882267e-03  -9.558484602595e-04   5.182673964488e-03  -2.930313871037e-03   2.598221600034e-03  -1.578646053645e-02  -8.376741791635e-03   1.037925033058e-02  -3.420360064813e-02  -5.958151146415e-03   8.660222761133e-03  -1.505871862904e-02  -5.832470929989e-03   4.340213792769e-03  -1.848008290676e-03  -4.459300968109e-03   3.009972350934e-04  -2.067068353438e-03  -4.842252714833e-04   6.455513784403e-04  -1.190671340098e-04
   7.889064002893e-03   1.338863591011e-02   7.362920725931e-02   4.592856779826e-06  -1.364983539481e-02  -4.178414015339e-02   1.138765446934e-01   7.260068808325e-06  -2.077804336930e-02  -6.872178128078e-02   8.836032802095e-02   8.243144933478e-06  -2.153869938745e-02  -1.315837965152e-02  -1.702684170453e-03   1.360696859792e-06  -2.357742469403e-03  -5.068736289367e-07  -2.328121034240e-07  -1.783431548819e-03  -2.509878196441e-03   5.238490112074e-03   4.143616336741e-02   6.533774782151e-02   1.124812107035e-02  -2.529333231449e-03  -7.200143397610e-03   1.111509498622e-06  -9.024604011945e-03  -1.937368804350e-03  -3.368721843383e-03   9.414117105872e-04   3.185194765222e-07   5.174034272278e-03   1.018736511560e-02   7.170592962766e-04   6.206612271477e-07   1.038397406016e-02   9.921633569252e-03  -1.746352770096e-04  -1.501397909877e-06   7.261122951533e-03   7.116827022425e-03   3.003252284412e-02  -3.613412603121e-06  -5.225560655536e-05  -8.505614546622e-07   8.942790431176e-07   1.935293159634e-03   1.241773648947e-02   1.155936496956e-03   5.770073787968e-04   1.662515912083e-03  -3.208494826541e-03  -6.360135714901e-03   9.278786203367e-03   9.744286645890e-03  -9.168102353693e-03   4.545904228623e-06  -5.376204148318e-03  -2.212039176331e-03   1.098135726638e-06  -1.231686433618e-03   6.527324177350e-03  -3.307414406584e-06   3.787827375508e-03   1.674126321300e-02  -7.927906086679e-06   1.122538983454e-02   9.395504448558e-03  -5.047496510954e-06   5.428226955611e-03   1.895738514165e-02  -1.266860284982e-03  -3.325158920601e-07   3.308870815390e-03  -9.560936915072e-07  -6.884315670927e-08  -1.855469303452e-03   6.886102564777e-04   1.414076977081e-03  -2.672618922804e-04  -7.734177703168e-04   1.523490742595e-03   3.082783200850e-03  -4.618519717838e-03  -5.623379159651e-03   6.320181415836e-03  -1.020445485895e-02   6.551225579018e-03   1.494865155616e-03  -2.446438942819e-03   1.537546653558e-03  -4.482586002676e-03   7.279555826191e-03  -4.694592649906e-03  -1.107169428700e-02   1.831655683767e-02  -1.264464178054e-02  -6.780397157157e-03   1.086082996566e-02  -8.413613113612e-03  -1.179353610664e-02  -2.499732734085e-03   1.590188680901e-03  -1.195135317661e-03  -2.278659283481e-04  -1.755055688421e-04   1.088986427888e-03   1.745091001650e-04   1.194903143419e-03  -2.671249679928e-04  -7.730166229034e-04   1.522661143902e-03   3.080604991880e-03  -4.614292106455e-03  -5.619448380466e-03   6.329757946711e-03   1.019593152528e-02   6.542584809376e-03   1.497163550577e-03   2.444400156227e-03   1.535509026681e-03  -4.489438052647e-03  -7.273443714779e-03  -4.688355653308e-03  -1.108910738604e-02  -1.830084407776e-02  -1.262820296184e-02  -6.789452287954e-03  -1.085347573557e-02  -8.404757816166e-03  -1.179375902506e-02  -2.500572795495e-03  -1.591505959054e-03  -1.195317801133e-03   2.255591095281e-04   1.758232824014e-04   1.087735822074e-03   1.745252010759e-04   1.194866387172e-03
  -7.539452265795e-07  -1.279502245283e-06   3.567171643265e-06   1.217497555967e-01  -1.474597385362e-06   3.864333855445e-06   5.728618267565e-06   1.899264319903e-01  -2.222912665426e-06   8.078675765267e-06   8.243144933478e-06   1.790971244268e-01  -3.163965369097e-06   8.653336275463e-06  -1.458342057054e-07   1.289033632910e-02  -3.264482532205e-06   5.311473595815e-03  -5.904879904787e-03   3.021652759055e-07  -3.195731562580e-07   5.342961276236e-07  -2.698051517972e-06  -7.667248548799e-06   4.737793223965e-06   5.831332831398e-06   1.507798939694e-06   1.183547514006e-02   7.759220182937e-07   4.370051830762e-07   7.515274938326e-07   4.832454411970e-07   5.395791330844e-03  -1.674266285522e-06  -2.229883671462e-06   1.125309781792e-06   7.624701344616e-03  -3.278466084228e-06  -3.361679857721e-06  -3.471861605778e-06  -6.034655911069e-03  -2.937887059943e-06  -4.490996504929e-05  -2.584360778755e-05   1.612379284275e-02  -2.143224681202e-06  -3.622024128511e-03   2.121016580778e-02  -1.704204416569e-06   5.690229636344e-07  -3.406812259308e-06  -2.006252497197e-07  -5.816799008059e-07   1.153997625639e-06   2.380055923913e-06  -3.713988856624e-06  -4.455824764113e-06   7.256791752988e-06   1.064073786763e-02   3.239279862521e-06   1.748406535887e-06   2.554980662693e-03   7.576555705205e-07  -5.314584760443e-06  -7.905184983667e-03  -2.377667915907e-06  -1.300280630564e-05  -1.811530996707e-02  -6.346391553919e-06  -9.867501672833e-06  -1.255354994601e-02  -5.275871594710e-06  -1.952494804668e-05  -2.540449988312e-06  -3.551943410338e-03  -2.358222863583e-06  -7.937987210968e-04   1.220320568896e-03   7.574983969306e-07   1.842913477378e-07  -1.060827282042e-06  -6.087455827006e-04  -1.763185884016e-03   3.485170266179e-03   7.503906325688e-03  -1.200597937848e-02  -1.445880799001e-02  -1.282687140547e-02  -1.191810152486e-02   1.620725941255e-02  -3.081999473401e-03  -2.859187106652e-03   3.772310633698e-03   9.273905802336e-03   8.370891160133e-03  -1.148021829506e-02   2.327979121162e-02   2.304217796686e-02  -3.217389658069e-02   1.271970101970e-02   9.398565777716e-03  -1.685244851707e-02   6.818694373718e-03  -2.136899687487e-03  -7.354774705597e-03   5.718098729375e-04  -2.056746355566e-03   6.258080365735e-04   2.659848184762e-03  -3.091772257966e-04   6.681943369416e-04   6.089208173848e-04   1.763696091251e-03  -3.486198707785e-03  -7.505858116818e-03   1.200849082848e-02   1.446407717398e-02   1.281838512442e-02  -1.193371201910e-02  -1.621272393568e-02   3.079989481347e-03  -2.862913772078e-03  -3.773592354872e-03  -9.267972804431e-03   8.381973934924e-03   1.148415787380e-02  -2.326347689983e-02   2.307100456373e-02   3.218411675411e-02  -1.271312896472e-02   9.416734431920e-03   1.686148505667e-02  -6.765032674241e-03   2.132700917279e-03  -7.344585228960e-03  -5.647594803942e-04  -2.056429022586e-03   6.254623291685e-04  -2.660778265134e-03   3.092070552304e-04  -6.714562306999e-04
  -3.273903149558e-03  -5.587228958507e-03  -1.354429551917e-02  -1.774013746640e-06   5.397644383749e-02   1.742795640859e-02  -2.083030477257e-02  -2.785708958020e-06   8.372167155450e-02   3.148897372560e-02  -2.153869938745e-02  -3.163965369097e-06   5.847364811404e-02   6.169345875520e-03   2.494395011836e-03  -5.597212865477e-07   2.991322063005e-03  -5.306096257021e-08  -3.626236162256e-07  -4.774477843011e-03   3.721017437923e-03   1.665645667573e-05   9.616507905652e-03   1.171830417699e-02  -2.372843395782e-03   2.346520839884e-03  -3.306748399904e-03   3.089736448631e-08   4.220709892216e-03   7.256403038025e-03   1.239940961905e-02  -4.159181064872e-04  -1.080228148200e-06  -3.539034641480e-02  -3.855991959939e-02  -4.878835414444e-04  -1.947535311263e-06  -6.298508056273e-02   2.559918515029e-03  -4.905246403173e-03   8.388488720984e-08  -1.849957122518e-02   4.711130671717e-03  -1.007190959037e-02   3.014700042622e-07   5.369694269265e-03   3.934324544837e-07  -1.392794152982e-06  -1.316898995216e-02  -2.493100671058e-03  -4.847448465390e-04  -2.848453657831e-05  -8.599827208350e-05   2.113063538227e-04   1.898551016015e-04   3.706800863872e-04  -7.346092622485e-03  -3.449294200540e-03   2.001467014004e-07  -1.389861846081e-02  -8.883433986465e-04   6.531800890203e-08  -3.340829293094e-03   2.834896199170e-03  -2.174301136514e-07   1.036317106010e-02   3.595962819740e-03   3.155771351456e-07   2.387912741216e-02  -2.538054931083e-03   1.785792861696e-06   1.630037568944e-02  -9.448537042895e-03  -2.431543464892e-04   3.058661573779e-07  -4.278117056480e-03  -6.571140662757e-07  -2.936655745231e-08  -1.163142708733e-03  -2.833044145780e-04   1.274354990531e-03   1.122675418502e-04   3.213257866403e-04  -5.961798401307e-04  -1.443106948755e-03   2.481215646971e-03  -2.013765876113e-04   4.109302221647e-03   5.617459009941e-03  -1.740155956999e-02   1.016384964173e-03   1.381089419838e-03  -4.148438613245e-03  -3.065106354534e-03  -4.086386241795e-03   1.268355455400e-02  -6.535052022129e-03  -9.161480680434e-03   3.125776142503e-02  -1.364030440794e-03  -2.666456582124e-03   2.009252038483e-02   1.304876525048e-03   1.088490461870e-03  -3.582897677753e-04  -2.953784284574e-03   1.485094174999e-03  -4.404224906040e-05  -1.571867054343e-03  -3.751639548672e-05  -9.175276634932e-04   1.121954126701e-04   3.211175366698e-04  -5.957715592666e-04  -1.442208106011e-03   2.479823119439e-03  -2.038459462309e-04   4.104608149676e-03  -5.618188750328e-03  -1.739998075508e-02   1.015243747865e-03  -1.381282008507e-03  -4.148072930901e-03  -3.061729989486e-03   4.087046534445e-03   1.268247974581e-02  -6.526960810240e-03   9.162051841731e-03   3.125441882437e-02  -1.360702903715e-03   2.665767841692e-03   2.009090394991e-02   1.302614438908e-03   1.088835854920e-03   3.581279901213e-04  -2.954127854226e-03  -1.483744601285e-03   4.391047064550e-05  -1.571514427725e-03  -3.753082186209e-05  -9.191031065622e-04
