ARMA_MAT_TXT_FN008
137 137
   4.497666255002e-01  -5.538315581698e-01  -4.898483237529e-01  -2.772406070760e-01  -2.896797159476e-01  -2.807903158441e-01   8.778751800956e-06  -2.952753124346e-01  -2.955200852061e-01   3.511585390220e-01   3.665668055656e-01  -1.152405801280e-05  -5.957214771129e-01   3.795581531709e-01   3.988527455173e-01  -1.254880512298e-05  -5.249703943774e-01   2.929629292897e-01   3.060633345713e-01  -9.678080273314e-06  -3.894437758676e-01   1.956039214606e-01   2.032659658694e-01  -6.436690135597e-06  -4.849747876016e-02   1.779644393140e-06   2.541902584682e-02   1.492917837005e-06   1.317678865284e-02  -3.892701233472e-04   2.830173765730e-04   1.859973168284e-03   2.673647593293e-03  -1.086110802237e-07  -3.651844413763e-02   1.168247777060e-01   3.497696530362e-03  -4.679275288639e-07  -1.612880201876e-01   3.305076892317e-01  -1.053103954106e-02  -6.850308152391e-07  -1.946749561501e-01   2.573034557760e-01  -6.152681941426e-03  -5.910542648888e-07  -6.611473144919e-03  -6.317108225234e-07   6.735200781453e-02   7.636744473975e-07  -1.286696966085e-01  -6.308408356531e-03  -5.508873075586e-03  -5.788544385905e-02  -1.173313503212e-01  -5.811015136211e-03   1.985741774555e-03  -6.353057872557e-08   3.450191528350e-03  -1.596472293536e-02  -1.073443899194e-01  -1.497787772290e-01   4.345856024823e-03  -1.628582194717e-03   1.582423010396e-03   3.449864930421e-03  -1.596373316111e-02  -1.073418669469e-01  -1.497773308523e-01   4.345144416527e-03  -1.628326279806e-03  -1.582176932122e-03  -1.436846412156e-04  -1.096355923876e-04  -4.013386837472e-03  -7.969853560302e-04  -5.645965984326e-08  -3.870965822916e-03  -1.390530565553e-02  -3.550518728360e-03  -1.435741852090e-07  -4.387549294687e-02  -1.067401975139e-01  -3.212023103541e-02  -8.381371753728e-07  -1.277888925080e-01  -2.459344263381e-01  -8.048135483739e-02  -1.562948143733e-06  -3.014492536956e-03  -2.330313664180e-08   3.058932859606e-03  -8.512444568470e-08  -4.606181394907e-03  -1.161234679159e-05   3.363391823718e-05   4.664008849748e-04   1.462493273027e-04   5.457243096332e-09  -8.235568135865e-04  -4.686961412727e-03   1.300328483325e-03  -1.257225851829e-08  -3.306005658221e-02  -9.442243977368e-02   2.125090390798e-02  -2.060733441563e-07  -1.096099642705e-01  -2.091018780795e-01   4.452908011249e-02  -3.789789766565e-07   1.834279243807e-03   2.323461571013e-08   2.393020156331e-03  -2.806122275413e-08  -4.672230235884e-03  -5.277512070263e-04  -3.991367747950e-04  -7.909735609816e-03  -5.237357957139e-02  -7.138188679271e-06   4.392670035601e-05   2.834904785517e-09   4.269921955489e-04  -3.579570956733e-03  -5.190197267776e-02  -1.119886713590e-01  -8.151330666244e-04   3.605353021443e-04  -6.328734479418e-05   4.269888718696e-04  -3.579464651568e-03  -5.190153480058e-02  -1.119882993475e-01  -8.150952245092e-04   3.605231180152e-04   6.329067494926e-05
  -5.538315581698e-01  -6.234353891517e-01  -5.894869772178e-01  -3.890584818880e-01  -4.979574944205e-01  -4.862782974022e-01   1.527978542598e-05  -1.493154058597e+00  -1.413423221228e+00   3.190823593313e-01   3.422977083496e-01  -1.076256144798e-05  -1.278461163127e+00   2.912382931703e-01   3.538779636806e-01  -1.105841380509e-05  -9.146346058517e-01   1.440313308354e-01   2.296365879736e-01  -7.151636760163e-06  -5.928773393068e-01   1.029825410344e-01   1.471257076264e-01  -4.516770620137e-06  -8.253266010253e-02   3.910393408817e-06   6.570408000307e-02   2.696108962565e-06   1.339276417133e-02  -6.084452663919e-02  -6.126321460778e-02   8.520936150469e-02   2.787230225898e-03  -4.364467527179e-07  -1.808043627502e-01   2.738776657728e-01  -4.214287076702e-02   2.021658089043e-07  -3.399920597616e-01   4.986066868543e-01  -1.161914674071e-01   1.662445648218e-06  -3.202074764424e-01   3.315997274131e-01  -6.260488385895e-02   7.771833344710e-07   9.396462266785e-02   5.211609516108e-07   1.123902212596e-01  -1.576675861623e-06  -1.718823178730e-01  -4.780894078317e-03  -3.523877384891e-02  -1.562331789376e-01  -2.132573157622e-01   1.347012285026e-02   8.344032272640e-03  -7.915795883639e-08  -1.897185061141e-02  -7.440291519294e-02  -2.005574734908e-01  -2.397065267276e-01   3.990870822214e-02  -1.835056857943e-02   2.749141185824e-02  -1.897060184005e-02  -7.440059762616e-02  -2.005551538591e-01  -2.397052628791e-01   3.990746338184e-02  -1.834970652142e-02  -2.749032155809e-02  -5.374073247944e-02  -5.159266794115e-02  -6.405392405114e-02  -1.824582646708e-02  -5.735358776496e-07  -1.011987176652e-01  -9.691742003986e-02  -2.917076430629e-02  -8.799084322427e-07  -1.162979803916e-01  -1.036125462127e-01  -3.646816381994e-02  -9.006579826597e-07  -1.583239285219e-01  -2.196396579476e-01  -8.786312824043e-02  -8.919252554826e-07  -1.264126202609e-02  -1.199440741255e-07   1.234281046389e-02  -3.432110519701e-07  -1.655258580033e-02  -2.019673804950e-03  -2.101121867536e-03  -8.903675527335e-03   4.225694896455e-04  -6.647532699633e-08  -2.130124511260e-02  -3.992180025536e-02   1.247436400847e-02  -1.404654335905e-07  -6.495757162784e-02  -1.193828992319e-01   3.599583477867e-02  -1.114511559597e-07  -1.500480130470e-01  -2.688486838810e-01   4.246727164617e-02   1.512192672067e-07   2.265844765517e-02   3.151088331677e-08   1.700052259350e-02  -7.529593962039e-08  -1.988904565631e-02  -3.594048192509e-04  -1.683697234278e-03  -2.078148555459e-02  -7.527212034173e-02   2.105336070639e-04  -9.382272515747e-04  -1.556200365298e-08  -4.778423985565e-03  -2.203905016769e-02  -7.946731435154e-02  -1.586284746880e-01  -1.055737135418e-02   6.918575428545e-03   6.157898284218e-03  -4.778279941953e-03  -2.203870249705e-02  -7.946716010215e-02  -1.586284866703e-01  -1.055713284742e-02   6.918488997002e-03  -6.157798583801e-03
  -4.898483237529e-01  -5.894869772178e-01  -5.558664970112e-01  -4.256079458160e-01  -3.651672740265e-01  -3.602545117455e-01   1.141998943668e-05  -1.317840159104e+00  -1.248707544933e+00   1.191967771472e-01   1.311707427890e-01  -4.143592736769e-06  -1.185040567733e+00   1.243417476997e-01   2.109092621285e-01  -6.501987277810e-06  -8.826483746603e-01  -2.145449817993e-02   2.285756684009e-01  -6.672274994515e-06  -5.986088634343e-01  -2.835283405768e-02   1.542071859004e-01  -4.092594785961e-06  -5.438735803550e-02   3.300849867747e-06   6.719859557039e-02   1.957468087214e-06  -7.779986148940e-03  -4.057508123259e-01  -3.874570616555e-01   1.071764080782e-01   1.211897511389e-02  -8.192968920203e-07  -4.480972256144e-01   2.458288716534e-01  -3.521107020725e-02  -9.052006054922e-08  -5.041404317416e-01   4.066136891687e-01  -1.149433639479e-01   1.685948919404e-06  -3.915272950917e-01   2.722507906389e-01  -6.236230163897e-02   9.900682669575e-07   1.237075639614e-01   1.803818880918e-06   8.846366399975e-02  -2.253069161836e-06  -1.200200811766e-01  -5.332356894634e-02  -1.425387112010e-01  -2.712977230166e-01  -2.797848402065e-01   7.413672084893e-02   6.051353038788e-02   2.921041547843e-07  -1.097789169074e-01  -1.971051271202e-01  -3.010210439281e-01  -2.989760040151e-01   4.179747386037e-02  -6.106332421529e-02   9.428295955044e-02  -1.097760021139e-01  -1.971023522849e-01  -3.010192539205e-01  -2.989750357296e-01   4.179893198824e-02  -6.106249589340e-02  -9.428148928462e-02  -4.688978551517e-01  -4.443735525554e-01  -1.168719722114e-01  -3.488265234035e-02  -1.026175510853e-06  -4.605605439083e-01  -1.223824155606e-01  -5.158086404409e-02  -1.254455558906e-06  -3.502265276366e-01  -5.941117087322e-02  -8.427202330643e-02  -1.231287801945e-06  -2.846392934921e-01  -1.271784506923e-01  -1.311522431526e-01  -1.105878883205e-06  -2.918485650817e-03  -1.758651965590e-07   9.173524226157e-03  -1.372584473167e-07  -2.166013468390e-05  -1.267950607171e-01  -1.225665264329e-01  -5.643763903909e-02   4.252621695542e-03  -3.345214572010e-07  -1.733248232952e-01  -1.054931107357e-01   4.707209790531e-02  -2.727202987503e-07  -2.106013804045e-01  -1.545024968439e-01   1.054278773716e-01   1.886253313232e-07  -2.276459916048e-01  -2.506980265397e-01   6.758638571625e-02   4.605211633892e-07   6.193120887251e-02  -4.744240790495e-07   2.999236377412e-02   1.959359708532e-07   1.951314737833e-02  -8.644396299691e-03  -4.025262448096e-02  -1.006460511115e-01  -1.389740119251e-01  -2.720202027746e-02  -4.144246670589e-03  -1.085615233101e-07  -6.067223495327e-02  -1.008437236319e-01  -1.598818769949e-01  -2.146998555071e-01  -7.718967970524e-03   3.061320113676e-02   4.443549203275e-02  -6.067154635380e-02  -1.008430673804e-01  -1.598817420789e-01  -2.146999855202e-01  -7.718939453867e-03   3.061355264575e-02  -4.443504619728e-02
  -2.772406070760e-01  -3.890584818880e-01  -4.256079458160e-01  -3.582261266675e-01  -2.004172027836e-01  -2.017831963014e-01   6.407731665173e-06  -7.560471667447e-01  -7.179939735542e-01   3.539012953371e-02   3.262004078058e-02  -1.069468351988e-06  -7.344746374573e-01   3.317130292735e-02   8.642547221480e-02  -2.646037485784e-06  -5.981067114086e-01  -8.274639996589e-02   1.664104569162e-01  -4.667207722384e-06  -4.546837394758e-01  -6.125465779269e-02   1.570030186226e-01  -4.102300008386e-06  -1.736527799680e-02   1.566994837461e-06   3.702034157767e-02   7.418214449963e-07  -1.180719491873e-02  -4.496236138736e-01  -4.296765850716e-01   3.541558282004e-02   1.304081817683e-02  -5.575930909237e-07  -4.843889614110e-01   1.132205842346e-01  -1.111253629943e-02  -2.261879620552e-07  -4.787105256895e-01   2.250912036917e-01  -6.092986192592e-02   8.263994944691e-07  -3.388941478624e-01   1.731529834763e-01  -3.400956642318e-02   4.743574279268e-07   6.988129342704e-02   1.137871079156e-06   4.479590322741e-02  -1.236655758501e-06  -5.668885136972e-02  -1.129879521020e-01  -1.988115579276e-01  -2.766262692382e-01  -2.489435062967e-01   8.928277043077e-02   9.014028564833e-02   6.328990569746e-07  -1.508323672158e-01  -2.311023812188e-01  -2.918832614983e-01  -2.617096698447e-01   2.911376060181e-02  -7.388446876568e-02   1.132386641106e-01  -1.508306299200e-01  -2.311007139496e-01  -2.918821791902e-01  -2.617089804349e-01   2.911574905215e-02  -7.388416473976e-02  -1.132376687822e-01  -5.474526275450e-01  -5.185195355690e-01  -5.080978715857e-02  -1.250740264831e-02  -4.386031749204e-07  -5.271079753144e-01  -4.980303489736e-02  -3.364525182395e-02  -6.714860825732e-07  -4.100047684368e-01  -1.213038865898e-03  -1.212516428671e-01  -1.283435649313e-06  -3.293053875790e-01  -3.608994851574e-02  -1.893723213169e-01  -1.608432579332e-06   5.667914644534e-03  -1.549395948883e-07   7.494271985286e-03   8.227440518353e-11   5.913855002881e-03  -2.976627780398e-01  -2.851828682593e-01  -4.432607089325e-02  -5.219973563034e-03  -3.326797969354e-07  -3.350454062532e-01  -8.788915631324e-02   3.765133950169e-02  -2.196467518128e-07  -3.365338122236e-01  -1.288804348286e-01   1.049876948500e-01   2.544191123435e-07  -2.688836388827e-01  -1.715663649872e-01   6.192425953169e-02   3.177742378658e-07   5.333560014902e-02  -5.674209001338e-07   2.430751819251e-02   2.305524580869e-07   3.369501580911e-02  -6.033367930562e-02  -1.221883464864e-01  -1.871202147974e-01  -1.844552985638e-01  -7.835645408706e-02  -1.364652154547e-02  -1.826052907525e-07  -1.199712574770e-01  -1.772765990823e-01  -2.263469874746e-01  -2.322956641977e-01   1.404377479334e-02   5.201122601378e-02   8.549095824122e-02  -1.199706623512e-01  -1.772760316408e-01  -2.263467989665e-01  -2.322956932118e-01   1.404382351442e-02   5.201216737928e-02  -8.549021897441e-02
  -2.896797159476e-01  -4.979574944205e-01  -3.651672740265e-01  -2.004172027836e-01   1.015429791707e+00  -3.604057650883e-01   1.141688328194e-05  -1.498586952600e+00  -1.423383176615e+00   7.910238770628e-02   4.111913988439e-01  -1.302206766825e-05  -9.233405979119e-01  -1.395551759488e-01   6.427413599704e-02  -1.989397742960e-06  -5.949601765019e-01   4.527387132849e-02   1.052905798447e-01  -3.292854254404e-06  -3.705112096790e-01   2.643067593105e-02   1.027787390365e-01  -3.363851002497e-06   3.211135808913e-01  -1.452758169380e-05  -1.604299015414e-01  -1.004463816859e-05  -1.772358521628e-01  -8.921261302179e-03  -9.898944742337e-03   9.843793147654e-02  -6.058098437646e-03  -1.887650744159e-07  -1.544839300507e-01   2.897567652597e-01  -4.998943243823e-02   3.627552929585e-07  -2.348761628417e-01   3.294334846245e-01  -9.904138336644e-02   1.628315058343e-06  -1.921062831433e-01   1.842240582163e-01  -4.551759112498e-02   5.693089148201e-07   9.433416417420e-02   4.488698105146e-07   1.217698504815e-01  -1.268967223803e-06  -1.875635759745e-01   4.288372158711e-03  -1.718230397917e-02  -1.045456250629e-01  -1.275090834498e-01   8.311584801415e-03  -9.655944890169e-04  -4.275158969938e-08  -4.564253171602e-03  -5.179409618304e-02  -1.275741837646e-01  -1.380216677774e-01   3.772372312010e-02  -1.354938402418e-02   1.765706010909e-02  -4.563485065487e-03  -5.179211293889e-02  -1.275729843969e-01  -1.380210823595e-01   3.772164686339e-02  -1.354839603218e-02  -1.765568972985e-02   3.584984050712e-03   3.544101132013e-03   3.752076729081e-02   1.181997929623e-02   3.615812407424e-07   4.716857468507e-02   8.930983907460e-02   2.911097355045e-02   8.630524166128e-07   5.759093305462e-02   1.981043334126e-02   1.234815500906e-02   4.178893604842e-07  -2.182999768788e-02  -1.334076072693e-01  -4.464807481152e-02  -4.299267455184e-07   2.203008496852e-02   2.074416322552e-07  -2.057721265222e-02   6.157380527143e-07   2.847612747364e-02   4.715515059209e-05   5.382790261688e-05   2.346686419186e-03   1.106948987764e-03   4.545165651605e-08   9.297315806878e-03   2.610512749534e-02  -5.877602300229e-03   1.337011501644e-07   1.660050176152e-02  -2.204999555984e-03  -6.896553721486e-03   8.639459444295e-08  -4.308252545561e-02  -1.289397822683e-01   8.915937731270e-03   1.373315964309e-07  -1.667714493116e-02  -8.271069882217e-08  -1.301867812710e-02   9.990469268424e-08   2.044454109486e-02   4.992448006614e-04   2.446344328078e-04   6.230627925438e-03  -1.500202368518e-02  -7.646632717206e-04   1.084598664055e-03   1.645498086180e-08   1.007984879134e-03   1.101239812791e-02  -2.377598081713e-03  -5.544128063581e-02   3.814019565496e-03  -2.661518520054e-03  -2.463952541085e-03   1.007939659986e-03   1.101214960067e-02  -2.377655693115e-03  -5.544135726616e-02   3.813886689083e-03  -2.661430811649e-03   2.463879131586e-03
  -2.807903158441e-01  -4.862782974022e-01  -3.602545117455e-01  -2.017831963014e-01  -3.604057650883e-01   1.016264259496e+00   1.138780395459e-05  -1.545951256516e+00  -1.469870906017e+00   3.917519080246e-01   9.521139000709e-02  -1.383622915671e-05  -9.536276517640e-01   2.088726973781e-02  -1.411419778771e-01  -1.921797965617e-06  -5.930830645565e-01   6.360053497067e-02   4.504806983305e-02  -2.675126208132e-06  -3.683657525314e-01   8.496781355597e-02   3.044667630368e-02  -3.046002050099e-06   3.181401055291e-01  -1.033395750070e-05  -1.908639260680e-01  -1.566448391487e-05   1.713184938088e-01  -5.168005125064e-04   4.969547970706e-04  -7.434791782188e-03  -4.569059966560e-03  -9.066822552256e-08  -2.187732842776e-02   8.735948156536e-02  -5.910779076291e-02   1.505621952931e-07  -1.522946488582e-01   3.087193037655e-01  -1.243431320692e-01   1.095312105513e-06  -1.656483607522e-01   1.935172629421e-01  -7.960114070118e-02   6.280330454398e-07   1.027623937953e-01  -2.612600337358e-07   5.911536869476e-02  -1.887682604351e-07  -7.803651487315e-02  -1.630544988279e-03  -8.716946359308e-03  -7.754220148520e-02  -1.146677618549e-01  -1.648564001813e-03   6.871466091503e-04  -2.078771595781e-08   3.120088886543e-03   3.835506998575e-03  -7.469433628467e-02  -1.139276398410e-01  -1.032084022701e-02   6.521289265387e-04  -4.928459493241e-03   3.119543339758e-03   3.835220103011e-03  -7.469327012763e-02  -1.139270626194e-01  -1.032050938452e-02   6.523244944724e-04   4.928157219001e-03   1.071450605760e-03   1.103851763079e-03   1.458148526732e-02   1.572756818080e-04   1.426118200356e-07   1.561178937209e-02   3.234811757867e-02  -1.785835816026e-03   2.963666597856e-07   1.496864794209e-02   4.769310840470e-03  -2.188334962412e-02   1.030687304471e-07  -3.939255655892e-02  -1.194867047734e-01  -5.909687907481e-02  -2.929797240607e-07  -3.804037706818e-04  -9.461896998499e-09  -5.855930771338e-03   2.041385010661e-07   1.326384956543e-02  -2.195336813219e-05  -7.329955726003e-05  -1.608063856537e-03   1.136425687448e-03   2.075058738902e-09  -2.814690076268e-03  -7.107290602766e-03   5.384170994426e-04  -9.189392986131e-09  -1.317373120035e-02  -3.748427591839e-02  -7.939547353126e-03   2.440059302959e-08  -6.692994734326e-02  -1.490473528585e-01  -4.118444125943e-03   1.912175289234e-07  -2.118508635753e-03  -4.187692201142e-08   2.588183134634e-03  -3.551150303283e-08  -4.152317763670e-03   9.885802239771e-04   6.069732747651e-04  -2.412040995336e-03  -2.878188351532e-02  -1.274923825085e-04   6.469257039661e-04   3.884345582001e-09  -6.915237931717e-04  -6.546142017052e-03  -3.169566070100e-02  -7.952595198862e-02  -2.910179862854e-03   1.058745969211e-03   1.093059757225e-03  -6.914916227628e-04  -6.546054545725e-03  -3.169583945117e-02  -7.952613090446e-02  -2.910108519559e-03   1.058741668852e-03  -1.093038759587e-03
   8.778751800956e-06   1.527978542598e-05   1.141998943668e-05   6.407731665173e-06   1.141688328194e-05   1.138780395459e-05   1.376734933359e+00   4.887591094862e-05   4.646600916643e-05  -1.249763044414e-05  -1.388115442425e-05  -3.457534198515e-01   3.009374047938e-05  -7.169795317366e-07  -1.970640756672e-06  -2.047790718898e-01   1.868119592785e-05  -1.945426118924e-06  -2.631023767624e-06  -4.013623722403e-02   1.160714047089e-05  -2.752099494537e-06  -3.022750903441e-06  -6.512941015786e-02  -1.568580401243e-05  -1.678225781591e-01   1.519300812559e-05  -1.765157324361e-01  -1.062858884126e-07   4.029256146941e-08   1.394912891314e-08  -9.480323958754e-08  -9.301219574308e-08  -1.104080337898e-02   1.069917767504e-06  -3.482519342397e-06   5.504690134590e-07  -4.868348090350e-02   5.017353304088e-06  -9.919159817423e-06   2.296934322634e-06  -5.711450177525e-02   5.285634304178e-06  -6.209576992416e-06   1.339214720216e-06  -3.798553824531e-02  -9.363642843856e-07  -1.866201505779e-02  -1.744354164023e-06   7.891862715664e-02   3.487857204787e-06   1.546169251105e-07   1.224504226931e-07   1.972507339001e-06   3.350839440119e-06   2.457275035454e-07  -4.286934766768e-08  -1.596320091659e-03   1.304454963429e-03  -1.418825239427e-02  -1.567558631287e-02  -8.401949695005e-03   1.509762493121e-02  -6.530878308089e-03   3.226175380147e-03  -1.304911326596e-03   1.418817908837e-02   1.568108203244e-02   8.409521641091e-03  -1.509685031502e-02   6.530617661477e-03   3.225969337384e-03   2.820347390330e-08   2.634152232431e-08   1.997175979617e-07   7.227143293510e-08  -5.056470984151e-03   3.205261972230e-07   6.618336452280e-07   2.133987212483e-07  -1.225861999921e-02   5.854674683403e-07   7.257612221358e-07   2.619915524301e-07  -2.293897152072e-02   1.683953876812e-06   3.736489753915e-06   1.559127726306e-06  -1.230086402889e-02   2.028445145191e-07  -2.403003349631e-03  -2.868184669180e-07  -7.916573314827e-03   3.066605522345e-07   3.362483037971e-10  -1.104529077542e-09  -1.158765573803e-08  -1.088514409898e-08  -2.666379940228e-04   1.281509827664e-08   8.474819721057e-08  -4.340188805321e-08  -2.876769366429e-03   3.591228307570e-07   1.141492266672e-06  -1.768696156659e-07  -1.181851021909e-02   2.089276848305e-06   4.607118699474e-06  -4.859287660858e-07  -1.759876849152e-02  -5.733979998764e-08   1.821709548458e-03  -5.985157989474e-08  -4.049083415145e-03   1.008925145484e-07   9.767459302463e-09   6.752118966912e-09   8.610966493115e-08   9.332372048100e-07   2.233615044113e-11  -1.669017785663e-09  -5.615494142715e-06  -2.363316314721e-04  -4.229733081141e-03  -7.251148648267e-03  -5.961073230337e-03  -1.816848711858e-03   1.013257021085e-03   2.364372697268e-04   2.362920092098e-04   4.229699578761e-03   7.252702095383e-03   5.965744409959e-03   1.816814596140e-03  -1.013248988052e-03   2.364084930442e-04
  -2.952753124346e-01  -1.493154058597e+00  -1.317840159104e+00  -7.560471667447e-01  -1.498586952600e+00  -1.545951256516e+00   4.887591094862e-05  -1.757273350427e+01  -2.199514062728e+01  -5.576664661679e-03   3.075356109185e-02  -8.746015263107e-07  -8.141289366457e+00  -2.173458953289e-03   1.398095216572e-02  -3.998760722888e-07  -3.528306144906e+00  -6.952160114719e-04   5.712921371641e-03  -1.655628383727e-07  -1.595231889086e+00  -9.720323328568e-06   2.036502059224e-03  -6.115313445357e-08  -7.474424666123e-04  -2.308494724164e-08  -1.016779028732e-03   8.991051710570e-09   8.601100042034e-04  -3.443277991760e-04  -2.370350468138e-04   1.227137914629e-02  -5.995777892610e-03   1.357725349709e-07  -2.153453966640e-01   6.632077179092e-01  -3.291432920109e-01   7.487229113466e-06  -8.538789861291e-01   1.527556204838e+00  -7.582643213863e-01   1.725073176813e-05  -7.205464591613e-01   7.178498746393e-01  -3.562066430159e-01   8.102540276378e-06   6.218573456407e-01   7.014569313828e-06   4.507358792072e-01  -1.415086191836e-05  -4.721387277271e-01  -1.058702253931e-04  -4.499700823370e-02  -4.195748818276e-01  -5.041651286673e-01   3.249716988534e-03   2.463639238571e-04   3.354481955886e-08   8.031647953976e-05  -3.309725037012e-02  -3.793382276702e-01  -4.865175723731e-01   1.490645252209e-03  -1.233106103099e-03   8.364880041123e-04   8.031406948341e-05  -3.309732470907e-02  -3.793385066482e-01  -4.865176979353e-01   1.490664659260e-03  -1.233111274299e-03  -8.364571837610e-04   1.129139295344e-06   1.639715229304e-06   2.228187085073e-05   4.439243542450e-06   2.894099247096e-10   2.246086780938e-05   1.385520957618e-05   8.707523924518e-07   3.137463813308e-10  -6.219145678406e-04  -3.043243775229e-03  -1.430164470164e-03   5.285429763047e-09  -8.533586202058e-02  -2.679243202502e-01  -1.298871705038e-01   5.929521634292e-07  -1.186201400394e-06   8.460411575630e-12   2.268897104419e-06  -4.216215743969e-11  -1.460716029018e-06   2.399599054705e-07   9.325204439946e-08  -4.543305850568e-06  -1.812470720214e-06   2.136605345070e-10  -6.349081693567e-06  -2.561553567218e-05  -5.309419530773e-06   3.116546711906e-10  -1.171651556450e-02  -5.316951935922e-02  -3.766321930758e-04   2.273180787332e-07  -1.939367395825e-01  -4.924807166827e-01  -3.764811328483e-03   2.117170879009e-06  -4.285063977143e-06   2.160232867022e-11   4.454661764574e-06  -1.118256419729e-11  -1.338882086236e-05   3.555107297426e-06   3.700094500085e-06  -2.274472061514e-03  -7.929039485988e-02   7.035055240685e-07  -5.525320832724e-07   7.402627992662e-11  -3.722370199721e-06  -1.247961314320e-04  -5.506943332422e-02  -2.456354233760e-01  -1.157452186043e-05   2.257185374638e-06   2.544714320155e-06  -3.722649675908e-06  -1.248019180472e-04  -5.507050347864e-02  -2.456371180605e-01  -1.157436159442e-05   2.257421417547e-06  -2.544745886024e-06
  -2.955200852061e-01  -1.413423221228e+00  -1.248707544933e+00  -7.179939735542e-01  -1.423383176615e+00  -1.469870906017e+00   4.646600916643e-05  -2.199514062728e+01  -1.650405608907e+01  -5.345944899637e-03   2.909373070557e-02  -8.260909435226e-07  -7.386747643589e+00  -9.894147079790e-04   7.418407154450e-03  -2.124697366011e-07  -3.316707752069e+00   1.848642661568e-04   2.205830536975e-03  -6.584674211637e-08  -1.511578436745e+00   6.503941163397e-04   4.702548231195e-04  -1.727603757554e-08  -5.721721550980e-04  -9.136308955287e-08  -2.827957692858e-03  -8.846390261962e-09   1.619711974730e-03  -2.680725032815e-04  -2.561095953812e-04   1.171143561426e-02  -5.703297143932e-03   1.306398795936e-07  -2.085830485798e-01   6.378857106128e-01  -3.168402128159e-01   7.211308487329e-06  -8.095211118171e-01   1.443323394491e+00  -7.170665853701e-01   1.631901177215e-05  -6.839268605477e-01   6.810350153885e-01  -3.383238324249e-01   7.698752451085e-06   6.013572888556e-01   6.794296221081e-06   4.354597958289e-01  -1.368692264645e-05  -4.556763305740e-01   2.427310715080e-04  -4.339690876075e-02  -3.986124633771e-01  -4.788371920330e-01   3.269157093400e-03   1.541612123137e-05   3.422556057910e-08   2.510378363784e-04  -3.191576264425e-02  -3.602571991092e-01  -4.619611667732e-01   1.531684796701e-03  -1.138847404616e-03   6.638205902697e-04   2.510402492215e-04  -3.191583479027e-02  -3.602574714728e-01  -4.619612904522e-01   1.531704147434e-03  -1.138854306460e-03  -6.637895941586e-04   1.831331603468e-06   2.656823195644e-06   9.127407381872e-05   3.080429824737e-05   2.787170002459e-10   4.826144071015e-05   1.073444564734e-04   3.597228091282e-05   3.555661194238e-10  -6.124830736871e-04  -2.996589843356e-03  -1.426368712595e-03   5.830431091356e-09  -8.157959371068e-02  -2.552627590280e-01  -1.238785348200e-01   5.684978359394e-07   3.248223090143e-06   1.087748567754e-11  -1.405489211860e-06   4.591489621039e-11   8.632115249134e-07  -1.581999478939e-07   1.168990785772e-06   1.623440011664e-05   1.853769744632e-05  -1.024359629508e-10   1.415015231530e-05  -2.126871750338e-06   2.239086595317e-05  -3.679794547316e-11  -1.134403164093e-02  -5.125899434019e-02  -3.794987401685e-04   2.199225201644e-07  -1.846026302763e-01  -4.680635416839e-01  -3.745512963492e-03   2.017083165839e-06  -1.999218677736e-05  -1.873269479543e-10   1.692467151635e-05   2.575288279888e-11  -1.296447256128e-05  -6.263205716479e-06  -5.871177182952e-06  -2.206135484927e-03  -7.553915590341e-02  -2.256514174880e-06   7.307290460639e-06  -3.652801251478e-11   1.743088978873e-05  -1.202666898381e-04  -5.279269189487e-02  -2.337250155728e-01  -2.122519507558e-05  -3.259136037337e-06  -1.043456168186e-05   1.743111035829e-05  -1.202730212871e-04  -5.279371737243e-02  -2.337266304548e-01  -2.122597184362e-05  -3.259305714215e-06   1.043466188711e-05
   3.511585390220e-01   3.190823593313e-01   1.191967771472e-01   3.539012953371e-02   7.910238770628e-02   3.917519080246e-01  -1.249763044414e-05  -5.576664661679e-03  -5.345944899637e-03   1.710089229349e+00  -3.892750767581e-03  -3.211900896664e-07   2.351205819306e-03  -8.124451843225e-01  -6.962062806993e-03  -1.460492637069e-07   3.136767422153e-03  -7.513266519411e-01  -5.728125067142e-03   1.471296449269e-08   9.338161846019e-03  -2.899153194073e-01  -7.070391461682e-03   1.413042343902e-07   9.629535326425e-02  -7.489630492066e-07   4.079629959731e-03  -2.689224964759e-06  -2.722428142697e-02  -4.575078794168e-03  -5.598067984003e-03   1.394270879487e-01  -7.323282077690e-02   1.669859320367e-06  -2.051893196567e-01   3.421144240543e-01  -2.172318429670e-01   4.911812944831e-06  -1.764566505685e-01   9.652240990411e-02  -1.415036586463e-01   3.186636517952e-06  -4.066939553689e-02  -5.564836945955e-02  -2.613551408075e-02   5.947784820599e-07   3.030580764988e-01   4.283434798549e-06   1.783003321939e-01  -6.769500504799e-06  -1.199467200835e-01   4.973136156185e-03  -5.016345454265e-02  -1.010499105262e-01  -3.911093222246e-02   4.017078625473e-02  -4.473838619807e-03   4.369615698347e-07   3.680983467767e-03  -2.882861036045e-02  -6.381273385707e-02  -2.314397692860e-02   2.066678390662e-02  -1.317385809711e-02   4.751911737475e-03   3.681011313513e-03  -2.882901193549e-02  -6.381369484337e-02  -2.314444093728e-02   2.066705940719e-02  -1.317397652914e-02  -4.751508214904e-03  -2.182264575782e-05  -6.521607269693e-05  -3.233133749034e-03  -1.151734159011e-03  -1.578035831245e-08  -1.700564420131e-03  -3.626987632872e-03  -1.265912238350e-03  -1.864928247838e-08   3.888752614755e-03   1.295036174706e-02   6.126266390116e-03   2.704155948539e-10   4.221465897996e-02   8.982989022333e-02   5.085865419593e-02  -9.779615420967e-08   8.324858143642e-05   3.062601605280e-10  -1.324559053604e-04   2.728655385360e-09   2.659618883076e-04   1.648940890050e-05  -3.396165368859e-05  -4.646699989325e-04  -7.222292593917e-04  -1.297321675292e-09  -4.286376400594e-04   1.631597417797e-04  -9.268966072648e-04  -4.820159700182e-09   1.234812686045e-02   4.268827889992e-02  -1.489261953063e-03  -1.668883367607e-07   4.255031619995e-02   7.008333810940e-02  -2.369942750136e-03  -3.605890331299e-07   8.770409800970e-04   6.329748521736e-09  -5.607944031250e-04   1.020569409056e-09   5.201473955060e-04   1.750102570866e-04   1.846003153218e-04   2.623097631622e-03   2.004191840730e-02   9.582694270551e-05  -4.034312530266e-04  -1.124173853459e-09  -5.347225960939e-04   9.001264899519e-04   2.790112776336e-02   4.024161528977e-02   7.603822485727e-04   1.440521778121e-05   3.316899057736e-04  -5.347252339488e-04   9.001629062602e-04   2.790152420489e-02   4.024181924109e-02   7.604010313627e-04   1.440972478255e-05  -3.316911661185e-04
   3.665668055656e-01   3.422977083496e-01   1.311707427890e-01   3.262004078058e-02   4.111913988439e-01   9.521139000709e-02  -1.388115442425e-05   3.075356109185e-02   2.909373070557e-02  -3.892750767581e-03   1.655748906499e+00  -1.740230355440e-06   1.336322652616e-02  -6.825841760236e-03  -8.570307748348e-01  -1.262178878889e-06   1.640114123478e-02  -5.305301453165e-03  -7.777638485414e-01  -5.017833941100e-07   9.973694556135e-03  -6.804946700277e-03  -3.113783451483e-01  -2.359667971043e-07   1.499464082117e-02  -2.282731939268e-06  -5.170059612127e-02  -7.718998591516e-07  -2.752669932289e-02   2.300882210368e-03   2.922442619944e-03  -7.756471819485e-02   2.330282648154e-02  -9.560663880692e-07   1.038161068776e-01  -2.279998664613e-01   1.948594611186e-03  -2.794526475555e-06   9.578857314619e-02  -1.610384735193e-01  -1.229831475653e-01  -1.995863548966e-06   2.870002042694e-02  -3.619872984438e-02  -9.618579564817e-02  -4.629759338937e-07  -1.567274283013e-03  -4.033358828645e-07  -9.634873888833e-02   4.994515615397e-06   2.490054452018e-01   4.911873429793e-03   5.387415058520e-04  -7.764500713412e-03  -4.616851291107e-03  -1.412381877803e-03  -1.757155458686e-04  -5.828062234159e-08  -5.989057189876e-03   2.300327845335e-02   6.274950066426e-02   3.105191749090e-02  -1.716037377694e-02   9.111455083933e-03  -4.713201728148e-03  -5.989187076720e-03   2.300329373973e-02   6.274962547750e-02   3.105197883645e-02  -1.716056480309e-02   9.111604170269e-03   4.712869515268e-03  -1.693249506657e-05  -5.555544432352e-05  -2.880357218893e-03  -6.154858305572e-04  -1.334120820229e-08  -1.454534092838e-03  -3.246664988745e-03  -6.451760702197e-04  -1.547987971246e-08   2.538775487862e-03   8.923932082186e-03   2.183517707483e-03   2.836933199211e-09   2.464696004731e-02   6.379097418226e-02   2.145917633018e-03  -5.196526885848e-08  -6.059958111727e-05   8.421559958740e-10  -1.544570568951e-04   2.783588541898e-09   1.908172029035e-04  -8.971302035821e-06   2.368797262537e-05   3.715164588250e-04  -8.498022254158e-05  -4.517841754075e-09   3.321356038794e-04   2.047251562319e-04  -1.987258253247e-04  -6.686321935747e-09   8.577763503562e-04   2.564532271440e-03  -7.107724115164e-03  -6.835808850749e-09   2.960051632541e-03   5.864567756039e-03  -3.654864656078e-02  -4.453163106328e-08   3.523282350020e-04   3.396186337981e-09   3.528551056764e-04   3.360652204751e-09  -7.521005055715e-04  -4.665409663324e-04  -3.099558435246e-04   2.509678533608e-04   2.198879779735e-03   1.405727323146e-04  -1.762700350937e-04  -2.354239994542e-09   2.870303347576e-04  -2.180278453526e-04  -4.667718354551e-03  -5.116702775316e-03  -2.845733991929e-04  -1.943556962470e-04  -7.068250251124e-05   2.870340979407e-04  -2.180428554094e-04  -4.667915439828e-03  -5.116881782587e-03  -2.845849889214e-04  -1.943597051295e-04   7.067973832373e-05
  -1.152405801280e-05  -1.076256144798e-05  -4.143592736769e-06  -1.069468351988e-06  -1.302206766825e-05  -1.383622915671e-05  -3.457534198515e-01  -8.746015263107e-07  -8.260909435226e-07  -3.211900896664e-07  -1.740230355440e-06   1.594467169955e+00  -3.901683484207e-07  -1.476151781148e-07  -1.261084133510e-06  -9.020754924849e-01  -4.886019510556e-07   2.188248090730e-08  -4.861636387294e-07  -7.962080109484e-01  -3.367049725336e-07   1.522839439012e-07  -2.161857363986e-07  -3.208276900876e-01  -7.215721120660e-07   3.814810491143e-02  -4.890094670688e-07  -5.616461651189e-03  -2.597892337625e-07  -5.285704457377e-08  -6.661487123917e-08   1.774873549432e-06  -9.094711859405e-07  -1.655976374070e-02  -2.363626495749e-06   5.210912169473e-06  -2.750085568896e-06  -1.169177593395e-01  -2.223414236167e-06   3.746970757316e-06  -1.992262583896e-06  -2.077105553274e-01  -7.135204254800e-07   8.958761418696e-07  -4.698573255272e-07  -1.157302028409e-01   5.078814733357e-06  -1.103115870324e-01   6.118819648112e-06   2.087318864168e-01  -3.248176576177e-06   1.558016129891e-07  -5.480852695831e-07  -1.262542396107e-06  -6.102543370745e-07   6.229423396294e-07  -9.329319633163e-08  -3.230179942932e-03   8.941519101728e-03  -1.355718624451e-02  -4.531294085813e-02  -2.291645817217e-02   1.103727480400e-02  -8.196319402597e-03   2.722712694999e-03  -8.941515249956e-03   1.355650858581e-02   4.531126305911e-02   2.291557135174e-02  -1.103690378111e-02   8.196077172176e-03   2.722392673425e-03   3.403292090204e-10   6.549373588275e-10   3.924394070711e-08   1.053082414582e-08   6.547778037456e-04   1.516742097981e-08   4.642744136154e-08   1.259858531634e-08   7.395300571484e-04  -1.923383974913e-08  -7.159520986003e-08  -3.174346972117e-08  -1.951679245366e-03  -1.798711424394e-07  -4.312879670040e-07  -1.947211285142e-07  -2.860429904298e-02  -5.368860594698e-10   4.106441570264e-05   4.688067656165e-09  -1.323893249985e-04  -3.718344675491e-09  -1.839073582299e-10   2.866670701594e-10   6.309825481076e-09   3.134490281691e-09   6.948459943375e-04   5.512025090704e-09   1.095743958105e-09   3.129093250822e-09   7.956149104800e-04  -8.329664267312e-08  -3.072585120334e-07   9.160738189497e-09  -6.540640046896e-03  -2.827237323266e-07  -6.365066262326e-07  -1.523026427243e-08  -3.706530160557e-02  -1.289553423773e-08  -4.336469901802e-05   1.286641854456e-08  -2.629268405400e-04  -3.924647647153e-09  -3.680600833404e-09  -4.044152704994e-09  -1.482762639658e-08  -1.011992159466e-07  -1.929946385720e-09   4.459295741509e-09   2.715008892959e-04   2.749279393874e-04  -6.288920832538e-04  -1.029717711469e-02  -1.341922062971e-02  -7.251210384525e-04  -1.758910580993e-04  -2.097802840490e-04  -2.749108717603e-04   6.288980416015e-04   1.029686705576e-02   1.341859709850e-02   7.251129978493e-04   1.758801454924e-04  -2.097813464493e-04
  -5.957214771129e-01  -1.278461163127e+00  -1.185040567733e+00  -7.344746374573e-01  -9.233405979119e-01  -9.536276517640e-01   3.009374047938e-05  -8.141289366457e+00  -7.386747643589e+00   2.351205819306e-03   1.336322652616e-02  -3.901683484207e-07  -3.873861351779e+00  -2.691795849658e-03   7.061728417155e-02  -2.045570651206e-06  -2.478948470411e+00  -3.712140885304e-03   6.004881168032e-02  -1.747051715037e-06  -1.410845324815e+00   6.630778152075e-03   1.867624183149e-02  -5.804684683421e-07  -2.583872804986e-02   2.401872517702e-06   6.302827153381e-02   1.183524750447e-06  -2.885937535990e-02  -3.565873488770e-02  -3.922673377509e-02   1.896015200011e-01  -9.297850548301e-02   2.147710936074e-06  -3.699212433960e-01   7.053834445363e-01  -3.480043722563e-01   7.949360279856e-06  -8.006301595410e-01   1.228911569435e+00  -5.995371254909e-01   1.359694537276e-05  -6.930561699636e-01   6.624060618405e-01  -3.216701019546e-01   7.272711140144e-06   4.896894651369e-01   5.618321735694e-06   3.536924031812e-01  -1.112006707075e-05  -3.694728648806e-01   5.942416476622e-05  -9.748655938917e-02  -4.202713317333e-01  -4.932420534549e-01   6.173581939717e-02   6.632773444240e-04   6.645550509103e-07  -8.017602348106e-05  -8.001394849538e-02  -3.877144752202e-01  -4.786315717753e-01   3.402550304134e-02  -2.642004839099e-02   1.632709673312e-02  -8.010475656834e-05  -8.001398254983e-02  -3.877145398815e-01  -4.786316018597e-01   3.402593930893e-02  -2.642018201196e-02  -1.632637375939e-02   2.535709934984e-05   4.564545305968e-05   2.131932955518e-03   7.447189155858e-04   5.176003253960e-09   1.025432264773e-03   2.504368848836e-03   8.518477675499e-04   7.245477761172e-09  -5.677106678535e-03  -2.017900639545e-02  -9.398927643317e-03   2.334509632868e-08  -1.104446627005e-01  -2.988886979557e-01  -1.424285070724e-01   5.188841598228e-07   1.200972040180e-05   2.218756564868e-10   7.918563029786e-07   1.442453686491e-09  -5.224881695660e-05  -1.135515508205e-05   3.086051904578e-05   4.920891272339e-04   5.459155055129e-04  -5.306330962338e-09   3.843317847860e-04  -1.755673597252e-04   6.943678638851e-04  -2.903863647875e-09  -2.286112932672e-02  -8.552276369451e-02   4.565358675674e-04   3.392589896008e-07  -2.034283991765e-01  -4.855144650488e-01  -1.527036811740e-03   2.019712838463e-06  -5.165619018477e-04  -5.245938393730e-09   5.670006497079e-04   3.193063791576e-09  -4.971140041667e-04  -2.204017054361e-04  -2.048484499991e-04  -4.727209580388e-03  -8.642790158325e-02  -6.190081655951e-05   2.279182688502e-04  -1.892717683331e-09   5.178100616185e-04  -1.532738854002e-03  -7.261988277854e-02  -2.521398657202e-01  -5.667194157367e-04  -9.773848816738e-05  -2.881766173827e-04   5.178183141071e-04  -1.532806023464e-03  -7.262105920766e-02  -2.521414741785e-01  -5.667484874440e-04  -9.774522897209e-05   2.881795480937e-04
