ARMA_MAT_TXT_FN008
137 137
   3.749392063062e-02   5.214145470127e-02   2.264259653394e-03   3.203224420834e-03   7.145899350699e-03   5.734753796851e-03  -1.717402356262e-07  -7.174062033286e-03  -1.194285493772e-02  -2.888430849186e-02  -3.094445936307e-02   9.760747478381e-07   3.267713865103e-02  -4.451600861313e-02  -4.783045942171e-02   1.507193585980e-06   9.451059937423e-03  -2.754998362124e-02  -3.463361579964e-02   1.084202750030e-06   1.981570698151e-03   5.449348803071e-04  -6.872725916976e-03   2.314506412719e-07   3.596314755060e-03  -1.577454224276e-07  -1.822608125209e-03  -1.042985749647e-07  -2.064572278980e-03   1.432813729665e-03   2.516597182219e-03   5.535705142609e-03   2.499507420271e-04  -1.021934859858e-08  -7.371503393430e-03   8.870440862354e-03  -1.319584824561e-03   3.651187061797e-08  -8.324569029948e-03   6.580253961923e-03   3.291074165508e-04  -9.368307839655e-08  -2.323725936746e-03   9.012637324770e-04  -5.911793312928e-04  -7.650942144007e-08   3.745112564699e-03   9.884229917005e-08  -5.367625917725e-05  -9.630516545496e-08   2.561686240310e-03   4.664940514660e-03   1.133843567124e-02   8.486462677706e-03   1.221390317824e-03  -4.748693754521e-04  -3.291712089258e-04  -1.151426002045e-08  -1.895933059795e-03  -4.094445813875e-03  -3.144535196487e-03  -1.024207784321e-03   4.723503990736e-04  -2.098439363938e-05   3.081065568258e-04  -1.895709390088e-03  -4.093958230059e-03  -3.144297128342e-03  -1.024280799924e-03   4.723498719171e-04  -2.096342331418e-05  -3.080826328262e-04   2.910028856129e-04   5.156186832700e-04  -3.321876063346e-04  -2.039474109631e-04   2.020940552313e-08  -1.772562464410e-03  -3.329801139304e-04  -3.284282754919e-04   3.259109046960e-08  -2.090663229653e-03  -1.079213762700e-03  -4.101148332177e-04   1.456328783598e-08  -2.504778626840e-03  -1.154251684972e-04  -9.669139727869e-04   1.826172393491e-08   9.775243606494e-05   8.073675270728e-10  -8.504265930994e-05   1.492075150251e-09   1.698197631977e-04   1.379476484447e-04   2.466424723127e-04  -3.839260535386e-04  -2.978093159683e-04  -5.235201474199e-09  -9.902577722118e-04  -6.754996762180e-04  -4.919722655762e-04  -9.708391499924e-09   1.286371036067e-03   3.614085119709e-04  -1.343158026182e-03  -3.013444495091e-08   2.866099735550e-03   1.957067623921e-03   9.890441283762e-04   4.810904530320e-09   1.055879812987e-04  -2.788057618430e-09  -2.432010998512e-04   2.424967168723e-09   3.177682353161e-04   2.059703320341e-04   5.913536782725e-05   7.087291425489e-04   1.879612626877e-03  -1.024528260058e-04  -4.695072328003e-05  -1.195795446581e-11  -3.528600922079e-04  -8.327715894436e-05  -6.632841299699e-04  -1.947768536691e-03   6.927338139442e-05  -5.257304003501e-05  -4.465949867952e-05  -3.528559233220e-04  -8.328439874641e-05  -6.632842443957e-04  -1.947750144182e-03   6.927116792331e-05  -5.257205351057e-05   4.465635048010e-05
   5.214145470127e-02   7.573298537879e-02   5.962805071516e-03   6.812078946836e-03   9.926835566610e-03   7.524884692848e-03  -2.610177421117e-07  -3.767692495727e-03  -6.177301163873e-03  -4.238481626064e-02  -4.823669936132e-02   1.197326744494e-06   1.540073800443e-02  -6.545810887229e-02  -7.408854593418e-02   1.833800269216e-06  -1.458491338564e-02  -4.082113423320e-02  -5.540921841211e-02   1.255848227868e-06   2.304711105744e-03   3.303655962058e-04  -1.062899818879e-02   2.599291496635e-07   5.242149290214e-03  -2.113565721830e-07  -2.521105045650e-03  -1.537670408719e-07  -3.224208476551e-03   2.248571020138e-03   3.884591101081e-03   1.136262569128e-02   1.776806993835e-03  -7.221766140425e-08  -1.095025810352e-02   1.848183402872e-02  -2.791888561269e-05  -4.081681250187e-08  -8.080587240978e-03   1.052819130420e-02   3.166363983687e-03  -2.002749837393e-07  -7.797445128555e-03   2.283358610618e-03  -8.171383552261e-04  -8.387243990087e-08   7.010877674215e-03   1.630015269739e-07   2.821573709560e-04  -1.337392632672e-07   3.337746780368e-03   1.001792443447e-02   2.138559412167e-02   1.517941833201e-02   2.271994973909e-03  -8.370236058048e-04  -6.598262968974e-04  -2.295512035977e-08  -3.231544421463e-03  -7.581822562528e-03  -4.734194460478e-03  -1.201898286248e-03   8.756912949197e-04  -4.542061970461e-05   6.445780411250e-04  -3.231116024164e-03  -7.580977727645e-03  -4.733819813338e-03  -1.201943498494e-03   8.756939356567e-04  -4.538082282601e-05  -6.445314390607e-04   9.360926625717e-04   1.565197490214e-03  -3.018218467503e-05   3.481607885065e-05  -6.601831280793e-08  -4.852810658919e-03   2.342699455948e-04   1.364257017696e-06  -9.839544731010e-08  -4.865429704299e-03  -9.273701125829e-04  -1.257972361032e-04  -1.012981067788e-07  -3.743622402535e-03  -2.917924953431e-04  -1.422692719915e-03   7.958797242980e-09   1.464170051312e-04  -3.237220420936e-09  -1.250230352830e-04   4.154758932409e-09   2.602281446483e-04   7.565465230022e-05   1.971173366370e-04  -1.271404905957e-03  -6.480173978521e-04  -5.143040884014e-08  -1.084753654917e-03  -2.032977737077e-03  -1.009511737750e-03  -8.688859821418e-08   2.320656941515e-03  -4.091967924570e-04  -2.355163848995e-03  -7.994657663778e-08   2.567859006347e-03   1.149588083584e-03   1.225872301407e-03   5.510146546195e-09   1.971089045666e-04  -2.270981359615e-09  -3.812716776758e-04  -4.261282777006e-09   6.224972454228e-04   1.018081595141e-03   1.204573612365e-03   8.538958297936e-04   1.482511786736e-03  -6.585181930662e-05  -5.736561860882e-05  -2.203902776889e-09  -7.228684827964e-04  -5.099398661977e-04  -6.864508050700e-04  -2.278213276826e-03   7.243885122981e-05  -6.615497786124e-05  -1.915429060671e-05  -7.228114032847e-04  -5.098785526525e-04  -6.864404829249e-04  -2.278174678048e-03   7.243182388985e-05  -6.615596031911e-05   1.915297515017e-05
   2.264259653394e-03   5.962805071516e-03   1.066882106804e-02   5.435525348554e-03   8.528374250069e-04  -5.291257175222e-04   1.986404494240e-07   3.862824692255e-03   6.783130528927e-03   2.928369042115e-03  -1.104108730915e-02   2.126191776273e-06  -2.063433638482e-02   4.679481050996e-03  -1.671929512791e-02   3.297999161308e-06  -2.396187560729e-02   3.528881526393e-03  -1.506152128006e-02   2.987757006139e-06  -1.105802098778e-02  -6.012997627370e-04  -1.225680613398e-03   3.330950426606e-07  -2.233369084275e-05  -1.388169170676e-07  -5.084813077318e-04   5.356858529564e-08  -7.211623073753e-05  -1.292254128134e-03  -2.215706699100e-03   3.205247308290e-03   1.208700464585e-02   5.355748271972e-07   6.084067359779e-03   4.091103800901e-03   1.905073620874e-02   9.202186163727e-07   6.108853959906e-03   2.425746182110e-03   1.304923722560e-02   4.172262068966e-07  -7.818753028745e-04   1.747142806111e-03   5.977366258831e-04  -6.337382422582e-09   1.913661987143e-03   4.220542270044e-08  -1.868181793943e-03  -1.554472493487e-07   1.414278633251e-03   1.140957695810e-02   1.864897337474e-02   7.288822169407e-03  -5.417506716355e-05  -1.125348204214e-03  -8.787564253100e-04   1.268015943555e-08  -4.955913705873e-03  -8.464624240288e-03  -4.007639838039e-03  -1.134782714653e-03   3.103114546574e-04   3.367024630863e-04   5.976276937914e-04  -4.956382407965e-03  -8.465067802072e-03  -4.007407594972e-03  -1.134781669146e-03   3.103060293292e-04   3.366590797688e-04  -5.976559089793e-04  -6.259982135487e-03  -1.029055767224e-02   6.421739345200e-03  -1.015027886400e-02   9.110340869576e-07   2.980832461898e-02   9.717301893136e-03  -1.537275537900e-02   1.387625255208e-06   2.741186291889e-02   7.822787398942e-03  -1.161756118788e-02   1.206225681987e-06  -1.078239197418e-03  -1.406298405433e-03  -1.271904538605e-03   1.075762926422e-07   4.841839286253e-04   3.708931470965e-08   2.972120155695e-04  -1.235033391166e-08   3.311025624801e-04   1.585339421715e-03   2.598711496659e-03  -9.469474033465e-04   3.573722739856e-03   4.100269124337e-07  -6.740161130151e-03  -2.259332463058e-03   7.192003755579e-03   6.906026442890e-07  -3.783109897840e-03  -1.681093970255e-03   3.112389378468e-03   3.244421411099e-07   6.149950071026e-04  -1.809521961296e-03  -1.172739444036e-04  -3.652643661679e-08   1.050924869579e-03  -4.309337326825e-08   8.427411024200e-04   8.460161995671e-08   6.734439790490e-04  -7.535433951630e-04  -1.361745745885e-03  -9.040276278410e-04  -1.573911724645e-03  -4.432298314160e-04   7.290406533580e-05   2.061046002214e-08   2.240511354407e-04   6.367387531992e-04   1.173686339826e-03  -4.259266588278e-04   4.782445542137e-05   2.176042381193e-04   1.612384518366e-04   2.235887539053e-04   6.360980934571e-04   1.173535951659e-03  -4.260781068667e-04   4.784733960742e-05   2.176371478063e-04  -1.612679289118e-04
   3.203224420834e-03   6.812078946836e-03   5.435525348554e-03   8.963076304504e-03   9.445677870519e-04  -4.649608159738e-04   1.639113207689e-07   4.280543679416e-03   7.081722541580e-03   1.399324650849e-03  -1.117868348945e-02   1.793859281102e-06  -2.024270852301e-02   2.139694684614e-03  -1.693898344016e-02   2.775803582976e-06  -2.266708551778e-02   2.839786484650e-03  -1.447915000799e-02   2.546569732598e-06  -3.532180403699e-03   3.212677523808e-04  -1.329607463212e-03   3.854662846118e-07   9.323794595021e-07  -1.186679630128e-07  -4.100572971979e-04   2.995551632621e-08  -5.239540563219e-04   2.339997138935e-03   3.642041654152e-03  -2.557955924655e-03   3.745377376066e-03   2.201818618530e-07  -8.547313322809e-03  -4.504097593112e-03   5.623033799139e-03   4.165119709685e-07  -3.999301699411e-03  -3.260936621897e-03   4.211881975242e-03   1.170105409776e-07  -5.869718544207e-03   2.732629455893e-03   1.380031120744e-04  -4.430925674817e-08   5.879819480504e-04   5.873503464546e-08  -7.084372009817e-04  -1.546834055374e-07   1.310044228030e-03  -1.854085311613e-04   9.427321898568e-04   2.772389704921e-03  -3.970865505855e-04  -8.189071200923e-05   3.148572349736e-04   8.483334966466e-09  -4.148270111664e-03  -6.872612203019e-03  -1.297659454392e-03  -7.471227465415e-04   5.964682928781e-05  -2.093080472051e-04   6.674313582226e-04  -4.148395634851e-03  -6.872540034061e-03  -1.297324934436e-03  -7.471401700455e-04   5.964406933031e-05  -2.093195822533e-04  -6.674410243106e-04  -1.676921935612e-04  -2.721452688233e-04   1.872427423874e-02  -2.939886312458e-03   8.208593399673e-07   9.793162487714e-04   2.852795031024e-02  -4.868755163981e-03   1.245533478319e-06   4.121713367748e-03   2.451240890010e-02  -1.404074480645e-03   1.102382474243e-06   4.975591084026e-03   6.975904529141e-04   1.125726046484e-03   1.306610979355e-07   9.611611418691e-04   2.944133144656e-08   3.896413460733e-04  -4.842782492549e-09   8.375962470879e-05   4.443651824449e-03   7.179137916614e-03  -1.707382743854e-03   2.871160750436e-03   2.597099601021e-07  -1.778133718805e-02  -3.337439001772e-03   6.967798702142e-03   4.533647378691e-07  -1.036207871746e-02  -2.203047002900e-03   1.688735064668e-03   1.800305794625e-07  -9.167070526173e-03  -3.717807922771e-03   2.765293261089e-04  -2.695680966507e-08   8.908347999115e-04  -6.600235816404e-08   1.102037289036e-03   6.467559050012e-08   2.316371743113e-03  -1.314035365821e-03  -1.139917995001e-03   2.182113759624e-03  -1.174747617368e-03  -8.063869177012e-04  -1.269581712204e-04   1.141401352984e-08  -2.676881672579e-03  -4.813518533516e-03   1.872751080149e-03   1.048022033880e-03   1.907218628742e-04   5.990396462713e-04   8.431588642881e-04  -2.677149371979e-03  -4.813864093027e-03   1.872690820912e-03   1.047940779739e-03   1.907355274310e-04   5.990665687155e-04  -8.431702936628e-04
   7.145899350699e-03   9.926835566610e-03   8.528374250069e-04   9.445677870519e-04   1.754257720005e-03   8.065625306185e-04  -2.658095525868e-08  -1.269789818770e-03  -2.132105043074e-03  -2.457214101628e-03  -9.361798221559e-03   2.668847949673e-07   5.756495864914e-03  -3.691778494559e-03  -1.451246470880e-02   4.132851025588e-07  -1.014897290311e-04  -1.712105255349e-03  -1.112893221938e-02   3.099281711283e-07  -1.725145068181e-03  -5.532104872931e-06  -1.445105862520e-03   4.393811683414e-08   3.322695617443e-04  -4.164609314429e-08  -5.631353819042e-04  -1.014098385770e-08  -4.676664009921e-04  -3.055211607760e-04  -5.064975081779e-04  -1.425433584955e-03   7.228610636840e-04   2.622012861470e-10   1.196586546941e-03  -2.852918227019e-03   9.638183279321e-04   8.749516440136e-09  -2.659160791869e-04  -1.080698165210e-03   2.652198669911e-04  -6.976826941627e-09   5.148006658509e-04   2.719223466311e-04   3.990261402114e-05  -1.947498796768e-08   2.269747469603e-04   9.602182350690e-09  -4.451830737099e-04  -9.201851145812e-09   1.182916148482e-03   3.490427092986e-04   1.705847856087e-03   1.480217977596e-03  -2.482243711720e-04  -2.168173853535e-04  -5.431595638150e-05  -2.276762076827e-09  -6.063016768960e-04  -1.231418312729e-03  -1.182358593810e-03  -3.088402629161e-04   3.928719463087e-06   6.962517947317e-05   1.636365595653e-05  -6.062942318842e-04  -1.231368518859e-03  -1.182324706624e-03  -3.088643914593e-04   3.928066387218e-06   6.962728574755e-05  -1.636249464651e-05   1.769611994648e-04   3.062089606391e-04  -1.284842345246e-03  -2.434617666778e-04  -1.148357333353e-08  -9.601046881308e-04  -1.922068675005e-03  -3.739372797479e-04  -1.697598853955e-08  -9.793192206139e-04  -1.853915206695e-03  -4.066535337554e-04  -1.896473039634e-08  -5.589890951651e-04  -1.137120306766e-04  -2.757382391837e-04   4.021187088605e-09  -2.774542835145e-05  -4.287069658226e-10  -2.094797693284e-05   1.865994285132e-10   4.674352083525e-05  -1.056968624137e-05  -2.152685570209e-05   7.507251681726e-05  -1.363866321618e-04  -5.656723623066e-09   3.743993053783e-05   1.274451937555e-04  -2.948982334415e-04  -1.062225252313e-08   3.905502270414e-04  -1.602079551087e-05  -3.505584253715e-04  -1.202911018548e-08   7.729843241076e-04  -6.631994369330e-05   1.250774283819e-04  -6.429875036736e-09   2.460159949021e-05   1.080965846765e-09  -5.784974294931e-05  -3.992674040465e-10  -9.503871283925e-05  -1.202347571111e-04  -3.696097804228e-04  -4.027316289183e-04  -7.112221459186e-05  -2.875802130918e-05  -8.110327407178e-06  -1.464691088629e-10  -1.371536630100e-05   1.811563304684e-04  -3.079765049608e-05  -3.527041295081e-04   1.431839289265e-05  -2.348681953951e-05  -2.847253501982e-05  -1.371024094667e-05   1.811566869212e-04  -3.079906030432e-05  -3.527225566092e-04   1.431685373024e-05  -2.348679194994e-05   2.847167211717e-05
   5.734753796851e-03   7.524884692848e-03  -5.291257175222e-04  -4.649608159738e-04   8.065625306185e-04   1.183579812690e-03  -8.249636040947e-09  -2.066877291842e-03  -3.474873399128e-03  -6.519797107315e-03  -1.286519121522e-03   3.005166342759e-07   9.891464966542e-03  -1.010501625552e-02  -2.024927151309e-03   4.663723379782e-07   7.126852172317e-03  -6.684503527491e-03  -7.661232915328e-04   4.065364988690e-07   2.022364868769e-03   1.765620306355e-04  -8.464841309441e-04   9.969568876464e-08   7.993006155216e-04  -2.624968956223e-08  -1.142999107609e-04  -2.041763983016e-08  -1.991956401503e-04   6.173427169053e-04   1.051197614201e-03   2.407254190778e-03  -4.635047696838e-04  -2.460381723299e-09  -2.886150750550e-03   4.261461586063e-03  -1.046788143237e-03   1.253046419501e-08  -2.713921965096e-03   2.782270786526e-03  -2.917626079108e-04  -3.149677066083e-08  -2.930760048112e-04  -1.798472693631e-04  -1.882914285530e-04  -1.834381866348e-08   7.321070015286e-04   3.165996852942e-08   2.496145298897e-04  -4.197422607551e-08  -1.110798401859e-04   9.038126619104e-04   1.726791857768e-03   1.077804071614e-03   5.070332456386e-04   2.817479856814e-05  -5.358410447692e-05  -2.015376839935e-09  -7.949682921229e-05  -1.211440790592e-04  -4.911419469566e-05  -6.552108321500e-05   1.169117367429e-04  -4.843812835959e-05   5.756636342144e-05  -7.941243678926e-05  -1.209659760091e-04  -4.900396320605e-05  -6.553602237118e-05   1.169095169794e-04  -4.843164078681e-05  -5.755980050089e-05   9.782750802010e-05   1.706819568193e-04  -7.214348299256e-04   1.230024216073e-04  -8.518763230947e-09  -5.539951216335e-04  -1.065830697226e-03   1.973328908573e-04  -1.227022895003e-08  -6.793722277795e-04  -1.046879660397e-03   4.151648350181e-05  -1.564351831859e-08  -5.405673037831e-04  -3.420367765591e-05  -1.392532729577e-04   5.350705784583e-09  -1.403238553789e-05  -2.943553034425e-11  -2.691540889295e-05   2.418550069004e-10   2.539576442446e-05  -1.731528526944e-05  -2.320358411577e-05  -1.514147634031e-05  -2.595952702018e-04  -1.007507290589e-09  -3.717860765045e-05  -3.983604004334e-05  -4.955778442661e-04  -2.759382841674e-09   2.521560169118e-04   3.318723423301e-04  -3.202095037722e-04  -6.479442770962e-09   8.517980877542e-04   9.931910268278e-04   2.083185472475e-04  -1.054579189407e-09  -2.425096657210e-05   1.965557940013e-09  -1.000168876360e-04  -1.920592027800e-10  -1.936874014892e-05   2.650671973141e-05   2.386756031002e-05   3.677503670278e-04   8.077383600137e-04  -4.956494375604e-06  -1.126570086532e-05   1.411554249616e-10  -9.956372383148e-05  -9.904514699641e-05  -2.941199021555e-04  -4.170033609260e-04   1.417463842834e-05  -1.881549916861e-05  -9.698016245166e-06  -9.956634973779e-05  -9.905307325034e-05  -2.941277719211e-04  -4.170066448815e-04   1.417452909370e-05  -1.881489769913e-05   9.696958832660e-06
  -1.717402356262e-07  -2.610177421117e-07   1.986404494240e-07   1.639113207689e-07  -2.658095525868e-08  -8.249636040947e-09   9.243536727310e-04   5.996001853572e-08   1.008673842197e-07   2.088613837971e-07   3.066464842122e-07   8.762754645874e-03  -2.889027159211e-07   3.217515464620e-07   4.747961725025e-07   1.358223497726e-02  -1.800169469531e-07   2.227221383979e-07   4.085833018877e-07   1.301119916312e-02  -1.473988469986e-07   5.676912509548e-08   1.315645899187e-07   2.499435110176e-03  -2.141361515265e-08  -4.609111412431e-04   2.770492954212e-08   9.508579860743e-05   1.949509171150e-08  -1.662374520822e-08  -2.823559731464e-08  -6.781118396457e-08  -9.598789408653e-09  -1.820294350397e-04   8.042019727624e-08  -1.161038525923e-07   8.077294558025e-10   3.870399267831e-05   4.675826571213e-08  -6.422851293409e-08  -5.395642681267e-09  -7.026197273745e-04  -1.159436296020e-07   7.742442794418e-08   4.432162955166e-08  -3.242814894906e-04  -5.067353810826e-08   5.388164079597e-04  -1.765423108598e-08  -9.387259755316e-04  -1.563118139206e-08  -6.335760526375e-08  -1.343140924312e-07  -1.437563668145e-07  -7.118759856742e-08   5.005969590571e-09   3.736306530944e-09  -3.554472831801e-05  -7.412839573560e-04  -1.880172363053e-03  -1.535635508777e-03   7.623796926364e-05   4.983686792866e-05  -6.298860485728e-05   3.569792055700e-05   7.413300685417e-04   1.880280433819e-03   1.535790757844e-03  -7.619643336413e-05  -4.985016720690e-05   6.299003597995e-05   3.570761349489e-05  -3.170160321961e-10  -6.851074194212e-10   7.624118484767e-09   8.548304531152e-09   5.265207886309e-04   3.361639256616e-09   9.190710311578e-09   1.442438859729e-08   8.080521688622e-04   1.179317265785e-08   1.900911839673e-08   4.758521224801e-09   6.613537411846e-04  -1.744314868499e-08  -4.414548785136e-08   1.193195505721e-08   3.121181326818e-04  -6.320661255536e-10   1.994664802455e-05   7.357357813640e-10   1.825394082623e-06  -1.707065477708e-09  -1.865090221336e-09  -3.459423967635e-09   6.715869245364e-09   1.730676956072e-09  -2.352431298373e-05   1.278799689989e-08   1.357554886707e-08  -1.696497656306e-10  -3.606284763185e-05  -1.633703700488e-08   1.128103572853e-08   1.402850067498e-08  -2.238248495588e-04  -5.947347469564e-08  -2.587132507433e-08   1.597883562025e-08  -2.586524149440e-04  -3.064080576219e-09  -5.362913999749e-05   4.838431066043e-10   2.886456769881e-05  -2.869702579297e-09  -3.581632876746e-09   1.654332227584e-09  -5.560933984488e-09   4.709168617273e-10   1.078745226837e-09   7.940044367533e-10   1.780521251593e-06  -2.756721727284e-05  -1.529906998045e-05   7.082231703980e-05   3.493448181881e-04   1.427995040316e-05  -3.483189091963e-06  -7.349345321079e-06   2.757463587676e-05   1.529733094596e-05  -7.079893097377e-05  -3.493616086812e-04  -1.428124612347e-05   3.483301998109e-06  -7.348800224125e-06
  -7.174062033286e-03  -3.767692495727e-03   3.862824692255e-03   4.280543679416e-03  -1.269789818770e-03  -2.066877291842e-03   5.996001853572e-08   3.184214579516e-01   2.840432647380e-01   1.168554141054e-03  -6.078889009493e-03   1.730266975322e-07  -6.532308956677e-02   1.142673705525e-03  -6.665060367064e-03   1.910966690367e-07  -5.927831404587e-02   3.139533586943e-04  -8.554219389721e-03   2.438309634624e-07   1.083845254111e-03  -1.721015025609e-04  -5.833717560537e-04   9.994633145776e-09  -3.168165198068e-04   8.347369588547e-09   4.676133240029e-04   1.461420744057e-08  -5.730616684756e-04   6.824114696922e-04   1.022286611623e-03   3.902993689757e-03  -1.598611177586e-03   4.096994647308e-08  -1.882922604945e-03   6.745507581302e-03  -3.127480105610e-03   7.932371233738e-08   7.275154852500e-03  -1.034223530620e-03   7.658323053920e-04  -1.521655882768e-08  -1.035154662077e-02   2.082227899061e-03  -2.225115524053e-04   2.078576941347e-08   2.274403687521e-03   3.313896865332e-08   1.297181469338e-03  -5.550227367943e-08  -9.448939983080e-04   1.566758933811e-03   1.919564483640e-03   2.866602274900e-03   8.965363945853e-04   9.545478832020e-05   2.629381521476e-05   5.312345134363e-10   7.430233110614e-04  -5.530744668503e-04   1.080861970534e-03   9.180854543583e-04   2.187751667622e-04  -1.604618028289e-04   1.701218699725e-04   7.430488911534e-04  -5.530042114015e-04   1.080928320437e-03   9.181420758083e-04   2.187765136884e-04  -1.604595676148e-04  -1.701154694915e-04  -7.317951842399e-05  -1.236427878832e-04   7.099746119061e-04   2.616332468603e-04   4.679691196322e-10   3.639620510122e-04   1.112633495262e-03   4.026004984819e-04   6.652714312896e-10   3.914444917279e-04   9.132086582327e-04   4.096284790186e-04   2.790752199713e-09   2.410749077060e-04  -3.085456932039e-04  -8.441527824673e-06  -1.314367059307e-09   1.012065781263e-05   2.622492817438e-10   1.349074645911e-06   8.126386760170e-10  -2.327435064286e-05  -7.267936287395e-05  -1.286877642253e-04   1.542535199175e-04   1.821730766568e-04  -2.833500345470e-09   4.465183468835e-04   3.935219288090e-04   3.665545465804e-04  -5.138621175632e-09   5.812329069485e-05  -5.149708486273e-04   1.198017862911e-04  -8.344632704855e-09  -2.763354940407e-03  -3.456996687367e-03  -5.492821364119e-04  -2.201551539155e-08  -3.388478870780e-05  -1.452734443438e-09   9.311478633480e-05  -3.777902096868e-10  -1.114063397636e-05  -7.923135061069e-05  -7.172550625724e-05  -1.204116621258e-03  -2.841131912124e-03   2.420953374793e-05   2.104587642945e-06  -1.055234765958e-10   1.664564555708e-04   2.178945899746e-04   8.973668590890e-04   1.176470608530e-03  -1.412926623623e-05   1.000779300530e-05  -1.309434325907e-06   1.664610654843e-04   2.178972852665e-04   8.973475761296e-04   1.176430392549e-03  -1.413255840554e-05   1.000881172628e-05   1.308597913047e-06
  -1.194285493772e-02  -6.177301163873e-03   6.783130528927e-03   7.081722541580e-03  -2.132105043074e-03  -3.474873399128e-03   1.008673842197e-07   2.840432647380e-01   2.625262500048e-01   1.794860772882e-03  -9.678848263318e-03   2.763011253667e-07  -1.118858770655e-01   1.947228716144e-03  -1.187146123775e-02   3.412251658556e-07  -9.889458179190e-02   5.253122644297e-04  -1.453301886575e-02   4.152772185666e-07   1.004844877341e-03  -2.455309572364e-04  -9.750563984319e-04   1.554295976195e-08  -5.377961945225e-04   1.061389308624e-08   7.012189052787e-04   2.408634767035e-08  -9.361657038142e-04   1.086518038198e-03   1.636392441247e-03   6.516941026309e-03  -2.663919788936e-03   6.844558336779e-08  -2.990679613434e-03   1.135478230471e-02  -5.246022618499e-03   1.338365937382e-07   1.234122437546e-02  -1.764045048328e-03   1.265888758466e-03  -2.389635821784e-08  -1.682189190235e-02   3.430834379957e-03  -2.792220083535e-04   3.444576245317e-08   3.857052027660e-03   5.572537500838e-08   2.184632749042e-03  -9.400689039940e-08  -1.593147662383e-03   2.668434305789e-03   3.328252890114e-03   4.793729031804e-03   1.356250828936e-03   1.585309919250e-04   4.878683202769e-05   7.807368301795e-10   1.259704992557e-03  -9.025299151440e-04   1.736161746531e-03   1.517581331021e-03   3.599031120149e-04  -2.599911661994e-04   2.886192821811e-04   1.259748979183e-03  -9.024082879295e-04   1.736277114322e-03   1.517676053925e-03   3.599053939191e-04  -2.599870640239e-04  -2.886082676724e-04  -1.232243270550e-04  -2.069294346262e-04   1.197544764056e-03   4.494606705404e-04   4.108897016625e-10   6.027101737376e-04   1.877513775573e-03   6.937203291807e-04   5.107907107976e-10   6.610003948111e-04   1.541681889490e-03   6.951923041187e-04   4.246590599923e-09   3.074198619894e-04  -5.418393228172e-04  -2.261919752468e-05  -3.617505692872e-09   1.799737463791e-05   4.076708977121e-10   1.283313243162e-06   1.363269820907e-09  -3.874298113579e-05  -1.239128890679e-04  -2.184593652629e-04   2.705298514720e-04   3.091485441711e-04  -4.811383391387e-09   7.523884899026e-04   6.710889409560e-04   6.154556213122e-04  -8.867518200500e-09   1.180188697125e-04  -8.280401425800e-04   1.975543491483e-04  -1.314746480233e-08  -4.480473096790e-03  -5.633528354876e-03  -8.776481748015e-04  -3.566053420669e-08  -5.904442832637e-05  -2.371021351254e-09   1.538075075877e-04  -6.394964055377e-10  -1.647672393343e-05  -1.409676892518e-04  -1.399206622812e-04  -1.979355672150e-03  -4.624339906050e-03   3.834052037297e-05   4.255326143915e-06  -2.476982379902e-10   2.827224621069e-04   3.806911909574e-04   1.463088922074e-03   1.893105527141e-03  -2.343901752531e-05   1.477143936362e-05  -5.219470617360e-06   2.827301816386e-04   3.806962269090e-04   1.463058362852e-03   1.893040212114e-03  -2.344450320191e-05   1.477298703240e-05   5.218097518821e-06
  -2.888430849186e-02  -4.238481626064e-02   2.928369042115e-03   1.399324650849e-03  -2.457214101628e-03  -6.519797107315e-03   2.088613837971e-07   1.168554141054e-03   1.794860772882e-03   5.080758345767e-02  -4.103472962926e-04   1.313098757193e-07  -4.515793725585e-03   7.934432935061e-02  -1.284257362571e-03   2.213958900239e-07  -1.790626781714e-03   5.410924180274e-02  -5.004506847272e-03   3.779202887202e-07  -2.212624697695e-02  -2.140921942914e-03   4.823511785496e-03  -9.004157081228e-08  -5.835675773581e-03   2.575190384914e-08  -4.490549394236e-04   1.633313108391e-07   1.595998053427e-03  -6.813443136256e-03  -1.152953343323e-02  -2.512612858727e-02   1.115584240176e-02  -2.626379870764e-07   3.054234189112e-02  -4.550199343046e-02   2.071037587364e-02  -4.701174888574e-07   1.653332888693e-02  -2.254670651926e-02   6.702490212719e-03  -1.051582040250e-07   1.432205132830e-02  -1.075023996848e-04   2.000928316817e-03   2.630898548982e-08  -7.689526956909e-03  -9.895132330078e-08  -4.878863711175e-03   1.505534993511e-07   4.190923537746e-03  -4.427637403499e-03  -7.051870217251e-03  -7.209026414522e-03  -5.339888614826e-03  -1.091265416159e-03  -2.658323926963e-05  -1.300184442674e-08  -2.750870672510e-03  -3.128153895916e-03  -3.948032220862e-03  -1.163513248446e-03  -1.084512254393e-03   8.156700543763e-04  -4.527889614884e-04  -2.750897576871e-03  -3.128144446387e-03  -3.947933680111e-03  -1.163469564735e-03  -1.084525588577e-03   8.156769711467e-04   4.527701129922e-04  -5.641432071643e-04  -9.641729334922e-04   3.442597715860e-03   1.177104805277e-03   1.788607685664e-08   3.034703476459e-03   4.946616323914e-03   1.748419333447e-03   2.528397549654e-08   3.522592236545e-03   5.352157053071e-03   2.085927197211e-03   3.392640513722e-08   2.457711208226e-03   3.993848154999e-04   7.629194943791e-04   1.386591818587e-08  -3.047839508053e-05   1.016732912580e-09   9.711115336338e-05   9.774942379954e-11  -2.390976456569e-04  -2.319978111902e-04  -4.173293531264e-04   4.204242121400e-04   7.164755355815e-04   1.390197818305e-09   1.680961780010e-03   9.441605334954e-04   1.292545639516e-03   5.887795488099e-10  -9.100032130583e-04  -2.289367158905e-03   1.174216368599e-03  -2.892726658253e-09  -3.131309751023e-03  -5.615544376633e-03  -1.044301831250e-03  -5.745307249763e-08  -2.191467894529e-04  -4.216775580906e-09   3.356465622988e-04  -1.377105065924e-09  -1.091770888399e-04  -1.097348919835e-04  -1.634426759388e-04  -2.748836562962e-03  -4.627807787201e-03   1.121852470645e-04   5.709896298805e-05   3.474764970496e-10   4.984134755016e-04   7.562737439495e-04   1.309450529167e-03   1.877534259610e-03  -9.794872405430e-05   3.616046484351e-05  -1.811468846893e-05   4.984181755634e-04   7.562655100607e-04   1.309444990322e-03   1.877364990843e-03  -9.795398695956e-05   3.616083710118e-05   1.811486280001e-05
  -3.094445936307e-02  -4.823669936132e-02  -1.104108730915e-02  -1.117868348945e-02  -9.361798221559e-03  -1.286519121522e-03   3.066464842122e-07  -6.078889009493e-03  -9.678848263318e-03  -4.103472962926e-04   6.573671014369e-02   5.099029590826e-07   2.847599181445e-02  -1.291582062539e-03   1.011964305274e-01   8.141582653574e-07   5.681980930675e-02  -5.599920848229e-03   8.165115154208e-02   1.221861863372e-06   1.825036997485e-02   9.192208238038e-04   8.412416403473e-03   3.939173637254e-07  -1.011306302764e-04   1.258277783241e-07   3.437314611863e-03   3.537919814704e-08   3.016222762838e-03   3.625758766607e-03   6.137505964108e-03   1.273749637443e-02  -7.236915174728e-03   1.656942095113e-07  -1.597510049691e-02   2.514391569293e-02  -1.063200059242e-02   2.999918548707e-07  -1.075828616170e-02   1.436352309065e-02  -5.251299510834e-03   6.828651204405e-08   1.452761085319e-03  -3.773919549362e-03  -7.703984354691e-04   9.068319117931e-09  -1.440427109527e-03   5.210278718716e-08   3.209517283477e-03  -1.868014916100e-07  -8.012163334571e-03  -3.243008316981e-03  -1.203064655883e-02  -1.041156401508e-02   2.543794217322e-03   1.709024516052e-03   3.991405388192e-04   1.963596657578e-08   4.217993661881e-03   9.674876056906e-03   8.082616083177e-03   1.661555642798e-03   8.374893150988e-05  -5.814985033830e-04  -1.484608379157e-04   4.218074024922e-03   9.675090899965e-03   8.082964123790e-03   1.661575209110e-03   8.373267811920e-05  -5.815057419658e-04   1.484545332179e-04  -5.221272663047e-04  -8.928333128389e-04   3.118112295326e-03   6.144538517729e-04   1.568369199511e-08   2.833471510714e-03   4.618330826990e-03   9.793796296242e-04   2.429906638530e-08   2.815456423197e-03   4.803072556673e-03   8.777705691473e-04   2.282786797519e-08   2.410198364216e-03   6.914655702383e-04   1.410623105658e-03   3.555076088286e-08   5.416279756798e-05   7.090117621342e-10   7.955886974891e-05   4.188682134313e-10  -1.664343344707e-04   1.700103509029e-04   2.927608442281e-04  -4.520663333547e-04   4.763624252364e-05   3.554753570766e-09  -8.527906216209e-04  -9.803727146160e-04   2.287503851610e-04   9.698712636806e-09  -2.051889516277e-03   1.624720359524e-03   1.467533716530e-03   1.304135567639e-09  -7.714362701389e-04   5.528718701621e-03  -5.603224600184e-05  -6.813403307899e-09  -6.805439701289e-05  -2.265010190712e-09   8.688520354576e-05   3.535081714177e-10   2.706993703684e-04   5.500084962681e-04   1.783552783442e-03   4.027520274921e-03   4.456046490451e-03   1.142989624409e-04   2.520915540483e-05   6.006046063690e-10  -2.181649062932e-04  -1.460757632277e-03  -1.086781283920e-03   5.921090651345e-04  -3.626532451953e-05   1.009307861040e-04   1.659096720551e-04  -2.181699397945e-04  -1.460745598513e-03  -1.086822145020e-03   5.920842981128e-04  -3.626050976804e-05   1.009319139677e-04  -1.659074203497e-04
   9.760747478381e-07   1.197326744494e-06   2.126191776273e-06   1.793859281102e-06   2.668847949673e-07   3.005166342759e-07   8.762754645874e-03   1.730266975322e-07   2.763011253667e-07   1.313098757193e-07   5.099029590826e-07   8.345390859648e-02  -8.360234618154e-07   2.059529252456e-07   8.014744281062e-07   1.293624388103e-01  -1.487325430656e-06   3.785679816386e-07   1.125224547724e-06   1.238308536082e-01  -1.430393792371e-06   5.350569886094e-07   7.323112783138e-07   2.348275803613e-02   3.356648439002e-08  -4.408917747654e-03   1.251124568533e-07   9.394634636499e-04   3.934724204285e-08  -8.161839067450e-08  -1.384124446413e-07  -3.001187845423e-07   1.433848942023e-07  -8.315336582461e-04   3.861332086354e-07  -5.819884387188e-07   2.635766880669e-07   1.787561569444e-03  -1.602010030647e-08  -2.071302283965e-07   1.867636469460e-07  -5.758286353510e-03  -1.219306676000e-06   8.013193733063e-07   3.907549942900e-07  -2.948476735256e-03  -2.066499049972e-07   4.969247091836e-03  -2.138670614752e-07  -8.903301526767e-03   7.147131270514e-08  -1.234999915340e-07  -2.247034411535e-07  -6.568363650838e-07  -5.947522055739e-07  -6.141897093116e-09   8.448269472323e-10  -2.883680600281e-04  -6.399641763389e-03  -1.684632220840e-02  -1.418427711666e-02   6.092338383266e-04   4.629344678813e-04  -5.412346667230e-04   2.967385612474e-04   6.399626293640e-03   1.684645732089e-02   1.418514871240e-02  -6.090111274851e-04  -4.629899613295e-04   5.412583561706e-04   2.967675637010e-04   3.973386205281e-09   6.832728805390e-09  -3.778890223377e-08  -1.092811347408e-08  -7.936776355435e-04  -2.159741778426e-08  -6.723578606645e-08  -5.283024740262e-09  -1.122254953270e-03   4.106270251832e-08  -1.789543504535e-08  -7.638688671246e-08  -1.514165725847e-03  -3.735044024946e-07  -4.399625071565e-07   2.351758573693e-08   2.187704520297e-03  -8.041136698982e-10  -1.038675672916e-05   6.138783833992e-10   1.080007532308e-04   1.074704742235e-09   2.843736678693e-09   3.870012871856e-09  -7.767384821477e-09  -6.891504321578e-10  -7.494232867219e-04  -9.563804070769e-10   4.913066809227e-09  -2.229899533189e-08  -1.392149552755e-03  -6.279728355140e-08   7.679544758569e-08   2.901268742185e-08  -2.462196528194e-03  -3.480805264135e-07  -1.478939778634e-07   2.114232034013e-07  -2.772343219489e-03  -5.017734956308e-09  -7.388041892524e-05  -6.553827194695e-09  -2.775468956263e-05  -3.991542379853e-09   1.824203473082e-09   3.708121317188e-08  -2.659541594985e-08   9.629714407814e-08   1.812014312789e-09   5.404503155465e-09   4.973580154277e-06  -3.640616832386e-04   3.545918677723e-05   1.140300427199e-03   3.693647503923e-03   1.542820086048e-04  -5.718856719125e-05  -7.442080976513e-05   3.640505021735e-04  -3.551998032379e-05  -1.140157491727e-03  -3.694065177388e-03  -1.542854236219e-04   5.718568160766e-05  -7.441678040412e-05
   3.267713865103e-02   1.540073800443e-02  -2.063433638482e-02  -2.024270852301e-02   5.756495864914e-03   9.891464966542e-03  -2.889027159211e-07  -6.532308956677e-02  -1.118858770655e-01  -4.515793725585e-03   2.847599181445e-02  -8.360234618154e-07   3.276739642581e-01  -5.502692973857e-03   3.963117851681e-02  -1.172540355828e-06   2.831064658349e-01  -1.500432317435e-03   4.496575130671e-02  -1.318127511226e-06   2.088893200228e-04   6.092752304421e-04   3.062851801104e-03  -5.688129846074e-08   1.551329425772e-03  -9.757910065979e-09  -1.627319243765e-03  -6.736900776877e-08   2.711906076655e-03  -2.583949191008e-03  -3.819439958748e-03  -1.826804601239e-02   7.583387130431e-03  -1.941010745985e-07   6.333318325591e-03  -3.194756637151e-02   1.505258845810e-02  -3.861812984676e-07  -3.683324068627e-02   5.507884073286e-03  -3.473472803999e-03   6.804746011673e-08   4.631676888027e-02  -9.718447869874e-03   5.085594496410e-04  -9.198710566756e-08  -1.122449497374e-02  -1.636216178065e-07  -6.206032273936e-03   2.773595155946e-07   4.326525305209e-03  -8.015932563190e-03  -1.046942949950e-02  -1.396387014596e-02  -3.339157999491e-03  -3.670510629107e-04  -9.678374821990e-05  -8.932668328645e-10  -3.866034632191e-03   2.300743245135e-03  -4.474647240491e-03  -4.209617815668e-03  -1.002755778703e-03   6.661958090461e-04  -7.762069474321e-04  -3.866170927737e-03   2.300359206708e-03  -4.475007690150e-03  -4.209882442009e-03  -1.002760796194e-03   6.661818360460e-04   7.761741239249e-04   3.257636588200e-04   5.423472092039e-04  -3.313187142319e-03  -1.344261230233e-03   3.588916066162e-09  -1.549103779830e-03  -5.208569910426e-03  -2.080151625192e-03   5.754673456571e-09  -1.741742710899e-03  -4.227717337160e-03  -2.028601527939e-03  -5.015575506862e-09  -5.042063953396e-04   1.664049852843e-03   1.445203213005e-04   1.333788704901e-08  -5.366264869815e-05  -1.038820548185e-09   3.782630906190e-06  -4.049385381097e-09   1.102966865431e-04   3.739814484361e-04   6.560446318885e-04  -9.893473589404e-04  -9.572780180802e-04   1.388948217739e-08  -2.225206363379e-03  -2.249701857448e-03  -1.847983966057e-03   2.658221499188e-08  -4.868646854630e-04   2.145915477645e-03  -5.710766648909e-04   3.707210981859e-08   1.225192801143e-02   1.576654571735e-02   2.373926206714e-03   1.015377134318e-07   1.823760913373e-04   6.332144223815e-09  -4.461579118840e-04   2.001062827206e-09   7.385647619040e-05   5.903079863619e-04   7.438202618319e-04   5.749325132295e-03   1.294450922151e-02  -8.522867384944e-05  -1.130792505512e-05   9.076751446758e-10  -8.986068576657e-04  -1.296019864025e-03  -4.114874023139e-03  -5.143174424067e-03   6.066170336597e-05  -3.020051189792e-05   4.149729003552e-05  -8.986288390809e-04  -1.296032954260e-03  -4.114789652656e-03  -5.142984810196e-03   6.067778713069e-05  -3.020453926401e-05  -4.149306377402e-05
