ARMA_MAT_TXT_FN008
137 137
   1.000000000000e+00   7.063772200372e-01   3.736639626622e-01   1.837659445759e-01  -1.381709796667e-16   0.000000000000e+00   0.000000000000e+00   1.407765392917e-02   1.283035627083e-02  -5.262279514757e-02  -5.438098127447e-02   1.719002051215e-06   1.665273863642e-01  -2.313847256888e-01  -2.391155467814e-01   7.558527002669e-06   3.126045163458e-01  -3.314906551655e-01  -3.425661267263e-01   1.082863642249e-05   2.536878565648e-01  -1.744559373694e-01  -1.802847043130e-01   5.698863265314e-06   2.410930137034e-01  -7.875662703350e-06  -1.392702962915e-01  -7.621035431451e-06  -7.924970087724e-03   1.360564393063e-05   1.591950082478e-06  -4.691234854970e-04  -1.469914691285e-05   1.815590052708e-09   7.875303738974e-03  -2.851599639531e-02  -8.934978387129e-04   1.103619004356e-07   8.075496019306e-02  -2.016706732314e-01  -6.318990512065e-03   7.805008266728e-07   1.196418161563e-01  -1.769719043286e-01  -5.545098682105e-03   6.849122651951e-07   1.558955376757e-03  -6.033430348637e-09  -1.437686763397e-02  -1.925570165015e-07   2.485261811288e-02   5.441804599999e-08   4.892620231623e-04   2.548563474584e-02   6.825554802606e-02  -1.105088856779e-05  -3.487144387144e-06   9.197418667652e-13   8.678502362699e-06   4.591657811980e-03   5.843747163219e-02   9.270403526569e-02  -4.650179354684e-04   1.237970481227e-04  -1.968825865588e-04   8.676762690547e-06   4.591250930325e-03   5.843555481952e-02   9.270291354305e-02  -4.649485997927e-04   1.237779462362e-04   1.968538797062e-04   3.193267630569e-07   8.946939052603e-08   6.762267707673e-06   1.989129917062e-06   5.683882106927e-11   2.278524080632e-04   8.859249018060e-04   2.605959720365e-04   7.446455708552e-09   1.890453696485e-02   6.117509227914e-02   1.799473364436e-02   5.141943907373e-07   9.473749912713e-02   2.063383507304e-01   6.069469654526e-02   1.734333673833e-06   1.815104279004e-04   1.525647782611e-09  -1.935440787800e-04   5.186608800733e-09   2.818366475195e-04   0.000000000000e+00  -2.002854004114e-10   3.325659708446e-07  -8.620152427092e-08   1.023777179407e-12   1.448362714446e-04   6.905235718808e-04  -1.789845915081e-04   2.125720418535e-09   1.771888297414e-02   5.854643548731e-02  -1.517531083177e-02   1.802304199535e-07   7.307783378297e-02   1.431334063743e-01  -3.710036168829e-02   4.406245013122e-07  -1.933225685669e-04  -5.951277379959e-10  -2.297706920689e-04   2.296006197537e-09   3.478650561494e-04   0.000000000000e+00   3.203293539309e-06   3.934137523515e-03   3.425052111299e-02   0.000000000000e+00   0.000000000000e+00   0.000000000000e+00   1.519515433821e-07   7.695481185454e-04   3.014793796894e-02   7.262033480227e-02   2.096566717701e-05  -1.121605914902e-05  -8.196931791685e-06   1.519388455720e-07   7.695197486663e-04   3.014752577179e-02   7.261996846606e-02   2.096428420975e-05  -1.121542984354e-05   8.196470166708e-06
   7.063772200372e-01   1.000000000000e+00   7.889632276872e-01   4.631805400595e-01   0.000000000000e+00  -1.694117641212e-16   5.170036746862e-21   6.724143258853e-02   7.129559555536e-02  -6.918357784622e-02  -7.149507814636e-02   2.259984706143e-06   3.755321013637e-01  -2.390041315283e-01  -2.469895254464e-01   7.807426253087e-06   6.162332239939e-01  -4.412980760080e-01  -4.560423356560e-01   1.441565952032e-05   5.827431937899e-01  -3.399945745215e-01  -3.513541714882e-01   1.110642962551e-05   1.052379514211e-01  -3.437754567220e-06  -6.079197588676e-02  -3.326608864328e-06  -3.459277414530e-03   5.047508591064e-03   5.372919995203e-03  -2.655937481531e-02  -8.321905945727e-04   1.027894322318e-07   7.145783052690e-02  -1.464219154612e-01  -4.587869320474e-03   5.666784576523e-07   2.304734743117e-01  -4.448891641787e-01  -1.393980771879e-02   1.721798984728e-06   3.096902424670e-01  -4.181872518301e-01  -1.310315096508e-02   1.618457907278e-06   6.435125559156e-03  -2.490506298305e-08  -5.934547566361e-02  -7.948454439161e-07   1.025877458807e-01   4.892620231623e-04   9.918281051865e-03   8.638804064530e-02   1.849589108471e-01  -3.773225303900e-03  -1.190653707094e-03   3.140374878859e-10   4.591657811980e-03   4.128432839658e-02   1.711586039559e-01   2.456490728698e-01  -2.148228506294e-02   5.719012697960e-03  -9.095321977472e-03   4.591250930325e-03   4.128200152729e-02   1.711539787323e-01   2.456463178316e-01  -2.148078303797e-02   5.718583106112e-03   9.094716022450e-03   1.943360229720e-03   1.845631133152e-03   5.621316050417e-03   1.653517490361e-03   4.724879152609e-08   2.041118082336e-02   3.476139561872e-02   1.022511012179e-02   2.921796106132e-07   1.009737263468e-01   2.080714430468e-01   6.120448792361e-02   1.748900817331e-06   2.554667566049e-01   4.548371179999e-01   1.337909349222e-01   3.823037874754e-06   8.391725091895e-03   7.053488290909e-08  -8.948073788781e-03   2.397911553536e-07   1.303008148988e-02   1.738029473017e-04   1.514489883503e-04   1.546031320132e-03  -4.007332921870e-04   4.759331149185e-09   7.390820138372e-03   2.005372475070e-02  -5.197951060445e-03   6.173375378647e-08   7.132365705879e-02   1.823100632055e-01  -4.725500116063e-02   5.612266396712e-07   1.974585300788e-01   3.530736654368e-01  -9.151714489392e-02   1.086908442273e-06  -7.678377240542e-03  -2.363725721481e-08  -9.126022200119e-03   9.119267275414e-08   1.381648893721e-02   3.203293539309e-06   3.994244251549e-04   1.851926695402e-02   9.760985136098e-02   5.797508300837e-05  -7.739193516160e-06   1.478738545120e-10   7.695481185454e-04   1.323839512535e-02   9.921464910990e-02   1.958968764831e-01   4.776287813743e-03  -2.555183490199e-03  -1.867381805509e-03   7.695197486663e-04   1.323808404934e-02   9.921353134489e-02   1.958959605185e-01   4.776130051189e-03  -2.555124275974e-03   1.867338139725e-03
   3.736639626622e-01   7.889632276872e-01   1.000000000000e+00   8.208664008791e-01  -1.010168735038e-16  -5.050843675191e-17   0.000000000000e+00   5.940748997043e-02   6.281935328113e-02  -2.076570558869e-02  -2.145951091352e-02   6.783427296436e-07   3.469514935175e-01  -8.502909646244e-02  -8.787001316713e-02   2.777602193536e-06   6.752308767994e-01  -2.473898620747e-01  -2.556554325791e-01   8.081358642459e-06   8.518949358076e-01  -3.434496729463e-01  -3.549247085952e-01   1.121929556627e-05   1.276410311084e-02  -4.169584562721e-07  -7.373338591758e-03  -4.034778136628e-07  -4.195689198795e-04   3.186954304663e-02   3.782468166458e-02  -4.899891663344e-02  -1.535293577132e-03   1.896343892033e-07   2.129066324569e-01  -1.899103532683e-01  -5.950501881195e-03   7.349863286743e-07   4.359586586280e-01  -5.037394865476e-01  -1.578377750737e-02   1.949560039535e-06   5.803878911790e-01  -6.233339946521e-01  -1.953105791209e-02   2.412411732076e-06   3.714765612541e-03  -1.437679353684e-08  -3.425800013200e-02  -4.588355728573e-07   5.922020124745e-02   2.548563474584e-02   8.638804064530e-02   2.334823033250e-01   3.858568785303e-01  -4.305840068340e-02  -1.358722055167e-02   3.583658778346e-09   5.843747163219e-02   1.711586039559e-01   3.660509884342e-01   4.872717779103e-01  -7.403041872155e-02   1.970837382818e-02  -3.134352292723e-02   5.843555481952e-02   1.711539787323e-01   3.660444830026e-01   4.872672838870e-01  -7.402874581235e-02   1.970782603320e-02   3.134291796866e-02   1.680222850367e-02   1.697875524493e-02   1.462257123088e-02   4.301248509682e-03   1.229069515869e-07   1.058814148758e-01   6.685988736169e-02   1.966692357530e-02   5.619767419367e-07   2.631306642413e-01   2.607933781409e-01   7.671271429300e-02   2.192043970601e-06   4.749223562255e-01   5.493998839893e-01   1.616066965869e-01   4.617865345099e-06   6.466668156875e-03   5.435422112405e-08  -6.895390780993e-03   1.847832015044e-07   1.004098825085e-02   1.001557910151e-02   1.169645821931e-02   2.112109554689e-02  -5.474614933662e-03   6.501956760660e-08   7.929555757299e-02   9.366006766606e-02  -2.427680912641e-02   2.883248687613e-07   2.160383691368e-01   3.305504378415e-01  -8.567909554304e-02   1.017572525673e-06   4.057565759856e-01   5.770509969644e-01  -1.495723552054e-01   1.776404364361e-06  -1.926128465520e-02  -5.929429167387e-08  -2.289271624193e-02   2.287577144702e-07   3.465879807909e-02   3.934137523515e-03   1.851926695402e-02   8.479969418864e-02   2.281181963178e-01   9.814155375628e-03  -1.310108476062e-03   2.503242615390e-08   3.014793796894e-02   9.921464910990e-02   2.557370523519e-01   4.045250952582e-01   4.277092546644e-02  -2.288127660522e-02  -1.672211791572e-02   3.014752577179e-02   9.921353134489e-02   2.557351575330e-01   4.045235398371e-01   4.277035655856e-02  -2.288119778221e-02   1.672205681073e-02
   1.837659445759e-01   4.631805400595e-01   8.208664008791e-01   1.000000000000e+00   0.000000000000e+00   0.000000000000e+00   1.586554224367e-21   3.414754789282e-02   3.590949288806e-02  -4.319876814181e-03  -4.464208704254e-03   1.411152160152e-07   2.118310424395e-01  -1.947987801454e-02  -2.013072240969e-02   6.363392550795e-07   4.808247159920e-01  -7.585444438036e-02  -7.838882575251e-02   2.477898506112e-06   8.057909482441e-01  -1.768772886676e-01  -1.827869556518e-01   5.777960315112e-06   1.033567710071e-03  -3.376303004618e-08  -5.970528926069e-04  -3.267144086118e-08  -3.397441120387e-05   3.526507798081e-02   4.196066109129e-02  -1.969081216002e-02  -6.169764459071e-04   7.620689177309e-08   2.310106223995e-01  -8.147885885465e-02  -2.552994581644e-03   3.153374542437e-07   4.835423064787e-01  -2.677294218681e-01  -8.388823468862e-03   1.036159753644e-06   7.617690841450e-01  -5.264301863635e-01  -1.649475007741e-02   2.037377021946e-06   6.013579670274e-04  -2.327360656215e-09  -5.545793049301e-03  -7.427774887381e-08   9.586752851619e-03   6.825554802606e-02   1.849589108471e-01   3.858568785303e-01   6.006741404911e-01  -4.114715385890e-02  -1.298412030362e-02   3.424589784805e-09   9.270403526569e-02   2.456490728698e-01   4.872717779103e-01   7.031805787221e-01  -4.332736797263e-02   1.153460941788e-02  -1.834424787646e-02   9.270291354305e-02   2.456463178316e-01   4.872672838870e-01   7.031761998464e-01  -4.332722844832e-02   1.153451232207e-02   1.834424927996e-02   1.960690605217e-02   1.984998864239e-02   6.060511541693e-03   1.782707420264e-03   5.094035699231e-08   1.214319421904e-01   2.836067238605e-02   8.342328986336e-03   2.383796757005e-07   2.949926604196e-01   1.215505062801e-01   3.575424087416e-02   1.021667253648e-06   5.508273442991e-01   3.270466069228e-01   9.620118845124e-02   2.748921571251e-06   9.859101682700e-04   8.286860867853e-09  -1.051273348231e-03   2.817210236697e-08   1.530852082687e-03   2.329627100715e-02   2.766263112304e-02   1.730448991377e-02  -4.485345880426e-03   5.327045888070e-08   1.563228100593e-01   7.300985738546e-02  -1.892424825500e-02   2.247548829881e-07   3.454019853919e-01   2.532401786028e-01  -6.564017763684e-02   7.795792068087e-07   6.050582905928e-01   5.536825246387e-01  -1.435152173411e-01   1.704466430892e-06  -5.865816665877e-03  -1.805743752393e-08  -6.971730020242e-03   6.966569665564e-08   1.055496344252e-02   3.425052111299e-02   9.760985136098e-02   2.281181963178e-01   4.212248786693e-01   2.829640285679e-02  -3.777335471659e-03   7.217407793365e-08   7.262033480227e-02   1.958968764831e-01   4.045250952582e-01   6.201453189335e-01   3.700998174555e-02  -1.979932910590e-02  -1.446976589957e-02   7.261996846606e-02   1.958959605185e-01   4.045235398371e-01   6.201437089282e-01   3.700978845254e-02  -1.979942085124e-02   1.446982992085e-02
  -1.381709796667e-16   0.000000000000e+00  -1.010168735038e-16   0.000000000000e+00   1.000000000000e+00   0.000000000000e+00   0.000000000000e+00   6.767842165457e-02   7.229718464305e-02  -6.721189543336e-02  -1.450986783223e-01   4.586620539372e-06   3.068048347296e-01  -7.920746929221e-02  -3.454728188861e-01   1.092051798968e-05   2.408865075997e-01   1.474219367899e-01  -2.372534300342e-01   7.499664833707e-06   8.083070520478e-02   1.666491120505e-01  -5.515928798182e-02   1.743604601501e-06   1.070983212429e-01  -1.028088248328e-05  -6.580695178443e-02  -3.385415812360e-06  -2.112568345852e-01   7.846431982319e-04   4.703975622561e-04  -1.165577402595e-02  -3.948125803469e-04   4.876594524920e-08   4.656406002613e-02  -1.257958400200e-01  -4.514946941756e-03   5.576713264082e-07   1.273979365686e-01  -2.067253272863e-01  -9.336001084421e-03   1.153152002728e-06   6.197251146617e-02  -8.783077434687e-03  -2.810425338857e-03   3.471344506835e-07   8.217325525148e-03  -3.570940316984e-08  -6.648973234134e-02  -1.014976894359e-06   1.148744887194e-01   1.105088856779e-05   3.773225303900e-03   4.305840068340e-02   4.114715385890e-02  -4.478204260579e-04  -1.490270665374e-04   3.930621080129e-11   4.650179354684e-04   2.148228506294e-02   7.403041872155e-02   4.332736797263e-02  -6.994703549311e-03   2.035563344384e-03  -3.237290245801e-03   4.649485997927e-04   2.148078303797e-02   7.402874581235e-02   4.332722844832e-02  -6.993928627473e-03   2.035323967056e-03   3.236937043771e-03  -1.104880336381e-04  -7.561669374089e-05  -9.057383671477e-04  -2.838104355757e-04  -8.109802394962e-09  -5.732412443893e-03  -1.602413707184e-02  -5.146185609300e-03  -1.470507886525e-07  -6.791726738651e-02  -1.615038831606e-01  -5.726065066361e-02  -1.636206790448e-06  -1.116088768337e-01  -1.369143203455e-01  -6.799736972514e-02  -1.943005480857e-06  -5.079650612092e-03  -4.606209408234e-08   5.057399074336e-03  -1.451495700500e-07  -7.147684295010e-03  -1.885443919192e-06  -2.679340764327e-07  -6.450199048884e-05   1.746909841333e-05  -2.074727152640e-10  -2.003962331560e-03  -7.616968242467e-03   2.128480642676e-03  -2.527901829128e-08  -4.073146332237e-02  -1.041169214245e-01   3.269692061686e-02  -3.883267894338e-07  -5.065880140504e-02  -4.714046245283e-02   2.516553725189e-02  -2.988798975878e-07   3.113760419836e-03   1.022335697134e-08   3.485539652914e-03  -3.698074815882e-08  -5.176330248889e-03   0.000000000000e+00  -5.797508300837e-05  -9.814155375628e-03  -2.829640285679e-02  -5.174345695861e-07   7.108153515024e-08  -1.358164848229e-12  -2.096566717701e-05  -4.776287813743e-03  -4.277092546644e-02  -3.700998174555e-02  -6.099889518597e-04   3.517534738298e-04   2.570688326587e-04  -2.096428420975e-05  -4.776130051189e-03  -4.277035655856e-02  -3.700978845254e-02  -6.099556075837e-04   3.517377272528e-04  -2.570572709341e-04
   0.000000000000e+00  -1.694117641212e-16  -5.050843675191e-17   0.000000000000e+00   0.000000000000e+00   1.000000000000e+00   0.000000000000e+00   6.993963301191e-02   7.471271401006e-02  -1.450986783223e-01  -7.675097471076e-02   4.739864634047e-06   3.170555255675e-01  -3.454728188861e-01  -1.019195480351e-01   1.128538464441e-05   2.489347937964e-01  -2.372534300342e-01   1.318244185760e-01   7.750236978915e-06   8.353134898699e-02  -5.515928798182e-02   1.630228293922e-01   1.801860370936e-06   1.243262326020e-01  -4.061301727956e-06  -6.800563525146e-02  -1.028088248328e-05   1.969333713456e-01   2.458539382815e-05   1.473906783354e-05  -3.948125803469e-04   9.323044165986e-04   1.527993834720e-09   1.459001692183e-03  -4.514946941756e-03   1.815728887178e-02   1.747363542730e-08   3.991786904532e-03  -9.336001084421e-03   9.094075490172e-02   3.613195933474e-08   1.941798010037e-03  -2.810425338857e-03   8.082362808459e-02   1.087683828854e-08  -3.192887332112e-02   1.235703318809e-07  -2.083337061768e-03  -3.570940316984e-08   5.618372745745e-03   3.487144387144e-06   1.190653707094e-03   1.358722055167e-02   1.298412030362e-02  -1.490270665374e-04  -2.257416482726e-05   1.240320464140e-11  -1.237970481227e-04  -5.719012697960e-03  -1.970837382818e-02  -1.153460941788e-02   2.035563344384e-03   1.095604162996e-04   8.618312236558e-04  -1.237779462362e-04  -5.718583106112e-03  -1.970782603320e-02  -1.153451232207e-02   2.035323967056e-03   1.095424471206e-04  -8.617327152991e-04  -3.250020003459e-05  -2.224274965906e-05  -2.838104355757e-04  -2.437653445331e-05  -2.385509013045e-09  -1.686196640240e-03  -5.146185609300e-03  -4.286573205596e-05  -4.325518238569e-08  -1.997795329668e-02  -5.726065066361e-02   1.631675232026e-02  -4.812923738121e-07  -3.282989753091e-02  -6.799736972514e-02   7.424876207524e-02  -5.715376110594e-07  -2.505088172346e-04  -2.105599253770e-09   1.487640572092e-03  -4.606209408234e-08  -2.903462403058e-03   4.887094712334e-07   6.944885471586e-08   1.746909841333e-05  -1.634122081350e-06   5.377719270244e-11   5.194295950463e-04   2.128480642676e-03   4.301728085788e-05   6.552353817942e-09   1.055764730004e-02   3.269692061686e-02   1.355290068280e-02   1.006547996460e-07   1.313082600653e-02   2.516553725189e-02   4.342538398769e-02   7.747005107160e-08  -6.135813459522e-05  -1.888860060157e-10  -9.034563284539e-04   1.022335697134e-08   1.756144903234e-03   0.000000000000e+00   7.739193516160e-06   1.310108476062e-03   3.777335471659e-03   7.108153515024e-08   5.555618095586e-09   1.813037608894e-13   1.121605914902e-05   2.555183490199e-03   2.288127660522e-02   1.979932910590e-02   3.517534738298e-04  -1.406507447806e-04  -1.375248022459e-04   1.121542984354e-05   2.555124275974e-03   2.288119778221e-02   1.979942085124e-02   3.517377272528e-04  -1.406467460633e-04   1.375199724965e-04
   0.000000000000e+00   5.170036746862e-21   0.000000000000e+00   1.586554224367e-21   0.000000000000e+00   0.000000000000e+00   1.000000000000e+00  -2.210816535323e-06  -2.361695313788e-06   4.586620539372e-06   4.739864634047e-06   7.319561172167e-02  -1.002223729743e-05   1.092051798968e-05   1.128538464441e-05   2.550959016996e-01  -7.868916873622e-06   7.499664833707e-06   7.750236978915e-06   3.770047493988e-01  -2.640455484330e-06   1.743604601501e-06   1.801860370936e-06   2.200250504913e-01  -1.028088248328e-05  -2.076242655592e-01   1.351726409286e-05  -2.009115859651e-01   3.379429577980e-07  -3.036706602156e-09  -1.820520952912e-09   4.876594524920e-08   1.527993834720e-09   9.446751637738e-04  -1.802110676842e-07   5.576713264082e-07   1.747363542730e-08   1.829875667171e-02  -4.930523274153e-07   1.153152002728e-06   3.613195933474e-08   9.123328182409e-02  -2.398444734442e-07   3.471344506835e-07   1.087683828854e-08   8.091168774391e-02  -3.570940316984e-08  -1.009492860870e-03   4.732949775353e-07  -3.221797919861e-02  -5.692736131198e-07  -9.197418667652e-13  -3.140374878858e-10  -3.583658778346e-09  -3.424589784804e-09   3.930621080129e-11   1.240320464140e-11   2.445181823468e-05   1.968825865588e-04   9.095321977472e-03   3.134352292723e-02   1.834424787646e-02  -3.237290245801e-03   8.618312236558e-04  -7.191588960961e-04  -1.968538797062e-04  -9.094716022450e-03  -3.134291796866e-02  -1.834424927996e-02   3.236937043771e-03  -8.617327152991e-04  -7.190983855121e-04  -9.286839630919e-10  -6.355802389354e-10  -8.109802394962e-09  -2.385509013045e-09   5.910667741012e-05  -4.818258893003e-08  -1.470507886525e-07  -4.325518238569e-08   1.470891514531e-03  -5.708643276744e-07  -1.636206790448e-06  -4.812923738121e-07   3.316004781464e-02  -9.381049751836e-07  -1.943005480857e-06  -5.715376110594e-07   9.425027756358e-02  -4.606209408234e-08   4.004808452307e-04   6.232984771904e-08   1.361479038657e-03  -7.152198539811e-08  -5.804185114365e-12  -8.248131711755e-13  -2.074727152640e-10   5.377719270244e-11   2.893890531699e-06  -6.169034367023e-09  -2.527901829128e-08   6.552353817942e-09   5.947221810554e-04  -1.253884831554e-07  -3.883267894338e-07   1.006547996460e-07   2.202798425369e-02  -1.559489826421e-07  -2.988798975878e-07   7.747005107160e-08   4.994832337441e-02   1.022335697134e-08  -2.072167466996e-04   1.499256285768e-08   7.994433871588e-04  -1.839593107640e-08   0.000000000000e+00  -1.478738545120e-10  -2.503242615390e-08  -7.217407793365e-08  -1.358164848229e-12   1.813037608894e-13   1.504441444062e-08   8.196931791685e-06   1.867381805509e-03   1.672211791572e-02   1.446976589957e-02   2.570688326587e-04  -1.375248022459e-04  -5.297826263359e-05  -8.196470166708e-06  -1.867338139725e-03  -1.672205681073e-02  -1.446982992085e-02  -2.570572709341e-04   1.375199724965e-04  -5.297728248435e-05
   1.407765392917e-02   6.724143258853e-02   5.940748997043e-02   3.414754789282e-02   6.767842165457e-02   6.993963301191e-02  -2.210816535323e-06   1.000000000000e+00   9.019786511306e-01  -1.915140865264e-16  -2.906584434511e-16  -5.933308504796e-22   3.524808859889e-01  -4.713996122174e-21   4.550103656151e-18  -1.417113972850e-21   1.579450275960e-01  -3.369289089485e-18   1.771543703836e-17  -5.117460205676e-22   7.194213528220e-02  -9.523615859440e-19   1.242677438415e-18  -8.084065471151e-23   5.843002991905e-32  -3.227697684404e-37   0.000000000000e+00   0.000000000000e+00   0.000000000000e+00   8.847882396096e-06  -3.520748142832e-07  -4.888681536568e-04   2.430813132946e-04  -5.533507898759e-09   9.927737076696e-03  -3.036016402368e-02   1.509607137940e-02  -3.436472721244e-07   3.854424627116e-02  -6.869034708164e-02   3.415509816782e-02  -7.775073407861e-07   3.254658799220e-02  -3.238500512742e-02   1.610288892525e-02  -3.665664869627e-07  -2.869556786955e-02  -3.248056766999e-07  -2.077851883043e-02   6.532264834075e-07   2.172107086531e-02   4.700920597751e-07   2.075602660234e-03   1.898531825544e-02   2.278830586619e-02  -1.280993244695e-04  -9.926839057779e-06  -1.373508532567e-09   1.915415835662e-07   1.523250172320e-03   1.714938149452e-02   2.198117921986e-02  -4.744000522822e-05   4.157283988005e-05  -2.951523237783e-05   1.915428988835e-07   1.523253778970e-03   1.714939484405e-02   2.198118528681e-02  -4.744084342378e-05   4.157310946949e-05   2.951427611876e-05   0.000000000000e+00   0.000000000000e+00   0.000000000000e+00   0.000000000000e+00   0.000000000000e+00   0.000000000000e+00   0.000000000000e+00   0.000000000000e+00   0.000000000000e+00   2.492321246727e-05   1.293198944421e-04   6.282919874150e-05  -2.902878790615e-10   3.864122215583e-03   1.211829886683e-02   5.887593793651e-03  -2.720227456929e-08   0.000000000000e+00   0.000000000000e+00   0.000000000000e+00   0.000000000000e+00   0.000000000000e+00   0.000000000000e+00   0.000000000000e+00   0.000000000000e+00   0.000000000000e+00   0.000000000000e+00   1.825500062786e-08   1.389503542468e-07   1.134559945193e-09  -5.995887221995e-13   5.338901089572e-04   2.423658892321e-03   1.978970341561e-05  -1.045840110427e-08   8.770535533155e-03   2.225409923872e-02   1.817095735341e-04  -9.602931204147e-08   0.000000000000e+00   0.000000000000e+00   0.000000000000e+00   0.000000000000e+00   0.000000000000e+00   0.000000000000e+00   0.000000000000e+00   1.033788055917e-04   3.586923418588e-03   0.000000000000e+00   0.000000000000e+00   0.000000000000e+00   0.000000000000e+00   4.445800343314e-06   2.502110520084e-03   1.110748054214e-02   0.000000000000e+00   0.000000000000e+00   0.000000000000e+00   0.000000000000e+00   4.446062685960e-06   2.502159352097e-03   1.110755742272e-02   0.000000000000e+00   0.000000000000e+00   0.000000000000e+00
   1.283035627083e-02   7.129559555536e-02   6.281935328113e-02   3.590949288806e-02   7.229718464305e-02   7.471271401006e-02  -2.361695313788e-06   9.019786511306e-01   1.000000000000e+00   0.000000000000e+00  -2.164799991751e-16  -6.637168212113e-21   4.014863665549e-01  -1.480906315175e-17   5.473196364216e-19  -1.296870551868e-22   1.702974760105e-01   5.987657263970e-19   1.785878160665e-17  -4.568219958473e-24   7.611738684957e-02  -1.902960864502e-17  -4.560891860233e-18  -5.997018463844e-24   5.749716410698e-33   0.000000000000e+00   0.000000000000e+00   0.000000000000e+00   0.000000000000e+00   1.916506079738e-06  -1.796014926211e-07  -2.360085153907e-04   1.173511905833e-04  -2.671384859742e-09   9.767655452895e-03  -3.106491750806e-02   1.544649797448e-02  -3.516243901742e-07   4.059850346020e-02  -7.317872223074e-02   3.638686580832e-02  -8.283113441853e-07   3.423218534027e-02  -3.418284998606e-02   1.699683647750e-02  -3.869163269995e-07  -2.944260823888e-02  -3.332614408020e-07  -2.131945227534e-02   6.702321253812e-07   2.228654205150e-02   9.167888199012e-08   2.007892135223e-03   1.988942397033e-02   2.393584548468e-02  -8.078441428347e-05  -6.260250647614e-06  -8.661878801964e-10   3.109266797303e-08   1.460503004104e-03   1.795098128601e-02   2.308564009081e-02  -2.818599803940e-05   2.470008124397e-05  -1.753617601709e-05   3.109292646479e-08   1.460506562312e-03   1.795099537497e-02   2.308564648123e-02  -2.818650909103e-05   2.470025285041e-05   1.753561598190e-05   0.000000000000e+00   0.000000000000e+00   0.000000000000e+00   0.000000000000e+00   0.000000000000e+00   0.000000000000e+00   0.000000000000e+00   0.000000000000e+00   0.000000000000e+00   2.106447051668e-05   1.129410497503e-04   5.487164748662e-05  -2.535218415730e-10   3.991056162138e-03   1.262734189495e-02   6.134908916509e-03  -2.834493727886e-08   0.000000000000e+00   0.000000000000e+00   0.000000000000e+00   0.000000000000e+00   0.000000000000e+00   0.000000000000e+00   0.000000000000e+00   0.000000000000e+00   0.000000000000e+00   0.000000000000e+00   8.634329643846e-09   7.023233411419e-08   5.734623245497e-10  -3.030615912918e-13   5.341804954579e-04   2.455461500919e-03   2.004937865044e-05  -1.059563346727e-08   9.181834874227e-03   2.338097211709e-02   1.909107363383e-04  -1.008919140326e-07   5.617215361450e-11  -2.423900967469e-16  -1.986056580397e-09  -2.968568558374e-14   3.439492246198e-09   0.000000000000e+00   0.000000000000e+00   1.035562014854e-04   3.747126841830e-03   0.000000000000e+00   0.000000000000e+00   0.000000000000e+00   0.000000000000e+00   3.527859580249e-06   2.577106957240e-03   1.164227395381e-02   0.000000000000e+00   0.000000000000e+00   0.000000000000e+00   0.000000000000e+00   3.528075193526e-06   2.577157681377e-03   1.164235477258e-02   0.000000000000e+00   0.000000000000e+00   0.000000000000e+00
  -5.262279514757e-02  -6.918357784622e-02  -2.076570558869e-02  -4.319876814181e-03  -6.721189543336e-02  -1.450986783223e-01   4.586620539372e-06  -1.915140865264e-16   0.000000000000e+00   1.000000000000e+00   0.000000000000e+00   0.000000000000e+00  -3.237596127416e-17   6.119923480445e-01   0.000000000000e+00   2.087833182193e-37  -5.007919094688e-16   1.971949078096e-01   5.621954147442e-32  -1.715684249097e-36  -5.231616892975e-17   5.657041005734e-02   3.376793579514e-33   0.000000000000e+00  -2.069300791285e-17   0.000000000000e+00   1.433074287998e-18  -5.214631075851e-21  -2.482157477833e-18   1.909013252272e-04   3.575446698084e-06  -5.968848932765e-03   3.260513776974e-03  -7.422240111492e-08   3.120574886851e-02  -7.075818808983e-02   4.449733203575e-02  -1.012938160306e-06   3.596716637432e-02  -2.336854316804e-02   3.118234661090e-02  -7.098355646289e-07   9.469379055998e-03   9.525238363101e-03   4.653751492735e-03  -1.059380924633e-07  -8.710922703992e-02  -1.185436230747e-06  -5.537543689490e-02   1.982956194152e-06   4.383807528593e-02   1.329707183418e-05   7.524662942890e-03   2.036689587340e-02   8.712521315136e-03  -1.383381545179e-03  -1.137744174796e-04  -1.574218462559e-08   4.088402838193e-06   3.953468028873e-03   1.301663357745e-02   5.937899919359e-03  -3.551220388111e-04   3.519530277581e-04  -2.498740867917e-04   4.088480915601e-06   3.953527318875e-03   1.301680927027e-02   5.937977145229e-03  -3.551338989918e-04   3.519596722764e-04   2.498690880426e-04   0.000000000000e+00   0.000000000000e+00   0.000000000000e+00   0.000000000000e+00   0.000000000000e+00   0.000000000000e+00   0.000000000000e+00   0.000000000000e+00   0.000000000000e+00  -1.368103696830e-04  -6.324785329933e-04  -3.313230245574e-04   1.530801920278e-09  -5.689500430359e-03  -1.399991342696e-02  -8.530763841507e-03   3.941443456114e-08   0.000000000000e+00   0.000000000000e+00   0.000000000000e+00   0.000000000000e+00   0.000000000000e+00   0.000000000000e+00   0.000000000000e+00   0.000000000000e+00   0.000000000000e+00   0.000000000000e+00  -2.911083980456e-07  -2.050003594685e-06  -1.729823510499e-08   9.141717656125e-12  -1.391288458009e-03  -5.587496341914e-03  -5.049604795205e-05   2.668599486168e-08  -6.564574203601e-03  -1.141192369509e-02  -1.350988000195e-04   7.139659496841e-08  -4.898593331981e-09   2.170378132968e-14   1.685629492846e-07   2.588793416285e-12  -2.919185238934e-07   0.000000000000e+00   0.000000000000e+00  -2.561386994268e-04  -2.956744077895e-03   0.000000000000e+00   0.000000000000e+00   0.000000000000e+00   0.000000000000e+00  -3.020673884289e-05  -4.038456975148e-03  -6.218806358742e-03   0.000000000000e+00   0.000000000000e+00   0.000000000000e+00   0.000000000000e+00  -3.020844664338e-05  -4.038533756100e-03  -6.218847876849e-03   0.000000000000e+00   0.000000000000e+00   0.000000000000e+00
  -5.438098127447e-02  -7.149507814636e-02  -2.145951091352e-02  -4.464208704254e-03  -1.450986783223e-01  -7.675097471076e-02   4.739864634047e-06  -2.906584434511e-16  -2.164799991751e-16   0.000000000000e+00   1.000000000000e+00   2.359983881499e-36  -2.431914695880e-16   0.000000000000e+00   6.119923480445e-01  -1.568272260807e-36  -9.918042064429e-17   5.621954147442e-32   1.971949078096e-01  -4.289210622743e-37  -1.167255793981e-17   3.376793579514e-33   5.657041005734e-02  -2.770470507924e-39  -2.482157477833e-18  -5.214631075851e-21   1.194711368883e-17   0.000000000000e+00   2.069300791285e-17  -9.492241312675e-05  -1.777829610058e-06   3.260513776974e-03  -1.032766041573e-03   3.690581725142e-08  -1.551652395550e-02   4.449733203575e-02  -3.393798797407e-03   5.036661448525e-07  -1.788405722966e-02   3.118234661090e-02   2.383832609909e-02   3.529535724153e-07  -4.708486490271e-03   4.653751492735e-03   1.657054002242e-02   5.267590136785e-08   1.663814917832e-02   1.883275259602e-07   2.753448721089e-02  -1.185436230747e-06  -5.703846060544e-02   1.030433943226e-06   5.831109438512e-04   1.578297920611e-03   6.751620060528e-04  -1.137744174796e-04   7.598567443847e-05  -1.219913796136e-09  -3.582767660747e-06  -3.464520978540e-03  -1.140679519088e-02  -5.203527305356e-03   3.519530277581e-04  -2.619230296745e-04   2.189707895349e-04  -3.582796012918e-06  -3.464534189454e-03  -1.140682158415e-02  -5.203536785398e-03   3.519596722764e-04  -2.619251892519e-04  -2.189639601776e-04   0.000000000000e+00   0.000000000000e+00   0.000000000000e+00   0.000000000000e+00   0.000000000000e+00   0.000000000000e+00   0.000000000000e+00   0.000000000000e+00   0.000000000000e+00  -6.646839563080e-05  -3.313230245574e-04  -1.114950307754e-04   7.437297911350e-10  -2.764205421146e-03  -8.530763841507e-03  -5.858525458007e-04   1.914923726940e-08   0.000000000000e+00   0.000000000000e+00   0.000000000000e+00   0.000000000000e+00   0.000000000000e+00   0.000000000000e+00   0.000000000000e+00   0.000000000000e+00   0.000000000000e+00   0.000000000000e+00  -2.376963555956e-09  -1.729823510499e-08   6.838217791078e-08   7.464411831928e-14  -1.136017367658e-05  -5.049604795205e-05   5.963778455227e-04   2.178969678185e-10  -5.360117999718e-05  -1.350988000195e-04   5.132618226039e-03   5.829687683305e-10   1.601498489225e-08  -6.910672793629e-14   1.376353241692e-09   2.170378132968e-14  -2.645780766050e-09   0.000000000000e+00   0.000000000000e+00  -1.224980139654e-05  -1.414059172459e-04   0.000000000000e+00   0.000000000000e+00   0.000000000000e+00   0.000000000000e+00   5.388621021240e-06   7.204258050774e-04   1.109381282304e-03   0.000000000000e+00   0.000000000000e+00   0.000000000000e+00   0.000000000000e+00   5.389046519200e-06   7.204556572509e-04   1.109413565676e-03   0.000000000000e+00   0.000000000000e+00   0.000000000000e+00
   1.719002051215e-06   2.259984706143e-06   6.783427296436e-07   1.411152160152e-07   4.586620539372e-06   4.739864634047e-06   7.319561172167e-02  -5.933308504796e-22  -6.637168212113e-21   0.000000000000e+00   2.359983881499e-36   1.000000000000e+00   7.174605690597e-21   2.087833182193e-37  -1.568272260807e-36   6.119923480445e-01   3.820739055396e-21  -1.715684249097e-36  -4.289210622743e-37   1.971949078096e-01  -4.292249428178e-23   0.000000000000e+00  -2.770470507924e-39   5.657041005734e-02   0.000000000000e+00  -2.069300791285e-17  -6.021337310734e-21  -2.482157477833e-18   0.000000000000e+00   2.160815719181e-09   4.047054895568e-11  -7.422240111492e-08   3.690581725142e-08   5.884685685830e-04   3.532184630128e-07  -1.012938160306e-06   5.036661448525e-07   1.873173714279e-02   4.071130380237e-07  -7.098355646289e-07   3.529535724153e-07   3.934321367493e-02   1.071840810467e-07  -1.059380924633e-07   5.267590136785e-08   1.888453821509e-02  -1.185436230747e-06   1.762036437514e-02  -1.321539089052e-06  -3.543684572905e-02   8.973143340958e-07   1.425740666319e-10   8.068105588812e-08   2.183782418829e-07   9.341752906250e-08  -1.574218462559e-08  -1.219913796136e-09   8.480242904875e-05   2.543637152714e-06   2.459686229147e-03   8.098417421486e-03   3.694318647586e-03  -2.498740867917e-04   2.189707895349e-04  -1.089594054817e-04  -2.543558375880e-06  -2.459599967269e-03  -8.098121265600e-03  -3.694181730406e-03   2.498690880426e-04  -2.189639601776e-04  -1.089482984001e-04   0.000000000000e+00   0.000000000000e+00   0.000000000000e+00   0.000000000000e+00   0.000000000000e+00   0.000000000000e+00   0.000000000000e+00   0.000000000000e+00   0.000000000000e+00   3.071019522574e-10   1.530801920278e-09   7.437297911350e-10   4.947602667027e-05   1.277137612874e-08   3.941443456114e-08   1.914923726940e-08   3.558761545602e-03   0.000000000000e+00   0.000000000000e+00   0.000000000000e+00   0.000000000000e+00   0.000000000000e+00   0.000000000000e+00   0.000000000000e+00   0.000000000000e+00   0.000000000000e+00   0.000000000000e+00   1.256170330416e-12   9.141717656125e-12   7.464411831927e-14   6.852342173342e-08   6.003589363051e-09   2.668599486168e-08   2.178969678185e-10   5.967901566514e-04   2.832698541760e-08   7.139659496841e-08   5.829687683304e-10   5.133721336896e-03   2.170378132968e-14   1.311011778422e-10  -8.473742051005e-13   1.605605343335e-08   1.328950072111e-12   0.000000000000e+00   0.000000000000e+00   7.483069403884e-10   8.638101619912e-09   0.000000000000e+00   0.000000000000e+00   0.000000000000e+00   0.000000000000e+00   9.125079115616e-06   1.219967491191e-03   1.878623850240e-03   0.000000000000e+00   0.000000000000e+00   0.000000000000e+00   0.000000000000e+00  -9.125233787779e-06  -1.219942392911e-03  -1.878562027264e-03   0.000000000000e+00   0.000000000000e+00   0.000000000000e+00
   1.665273863642e-01   3.755321013637e-01   3.469514935175e-01   2.118310424395e-01   3.068048347296e-01   3.170555255675e-01  -1.002223729743e-05   3.524808859889e-01   4.014863665549e-01  -3.237596127416e-17  -2.431914695880e-16   7.174605690597e-21   1.000000000000e+00   0.000000000000e+00  -2.113114638814e-16   6.448714107709e-21   7.543153851937e-01   0.000000000000e+00   0.000000000000e+00   2.584241080494e-21   4.176890115920e-01   1.078404326182e-16   2.696010815454e-17   0.000000000000e+00   0.000000000000e+00   0.000000000000e+00   0.000000000000e+00   0.000000000000e+00   0.000000000000e+00   3.213714409902e-03   2.459012507126e-03  -3.278849185792e-02   1.630351578878e-02  -3.711335609142e-07   9.734631248306e-02  -2.114622723401e-01   1.051459917939e-01  -2.393545469326e-06   2.339088099584e-01  -3.684463659292e-01   1.832036426156e-01  -4.170451400623e-06   2.014864835664e-01  -1.927434290445e-01   9.583836768785e-02  -2.181666527209e-06  -1.720805119799e-01  -1.947782577247e-06  -1.246038473530e-01   3.917244231396e-06   1.302561082690e-01   5.027456166348e-04   2.499817694385e-02   1.222196872596e-01   1.432064007470e-01  -8.944604619468e-03  -6.931469065949e-04  -9.590597621151e-08   3.009251145624e-04   1.963304988518e-02   1.113625925342e-01   1.382937137689e-01  -4.178247245816e-03   3.661500518264e-03  -2.599534671192e-03   3.009262964411e-04   1.963308618859e-02   1.113626718280e-01   1.382937507177e-01  -4.178313667049e-03   3.661517775441e-03   2.599445844133e-03   0.000000000000e+00   0.000000000000e+00   0.000000000000e+00   0.000000000000e+00   0.000000000000e+00   3.135790098875e-07   1.442963029776e-06   7.010538584612e-07  -3.239058300232e-12   7.731076749568e-04   3.154420570379e-03   1.532553964614e-03  -7.080813520563e-09   2.872107110303e-02   8.208243141537e-02   3.987919584091e-02  -1.842526629532e-07   2.128917417664e-07  -4.778838743544e-13  -1.563528591621e-07  -9.836173853076e-13   1.673790787207e-07   0.000000000000e+00   0.000000000000e+00   0.000000000000e+00   0.000000000000e+00   0.000000000000e+00   7.208309528490e-06   3.993061100397e-05   3.260421470514e-07  -1.723057429993e-10   5.314344411196e-03   2.134698442512e-02   1.743027832544e-04  -9.211499447876e-08   5.711512050606e-02   1.393297634479e-01   1.137657904062e-03  -6.012259218976e-07   2.592186798145e-07  -1.118562078108e-12  -9.165092161867e-06  -1.369910842161e-10   1.587228870394e-05   0.000000000000e+00   1.042872718251e-07   1.036537999005e-03   2.391398788849e-02   0.000000000000e+00   0.000000000000e+00   0.000000000000e+00   1.837952567761e-08   2.027773216092e-04   1.914260851542e-02   7.142488312114e-02   3.433723950035e-06  -6.125466623368e-07  -1.037285185542e-06   1.838133382596e-08   2.027867247668e-04   1.914295032932e-02   7.142536167800e-02   3.433995851761e-06  -6.126089040708e-07   1.037326259887e-06
