ARMA_MAT_TXT_FN008
105 105
  -9.826302270369e+02  -1.319415283206e+03  -6.420879610981e+02  -3.801510272522e+02  -1.865303867815e+02  -1.139310648125e+02  -5.453310379906e+01  -3.121041362038e+01  -1.025305587742e+01  -4.856303224466e+00   1.894165044983e-03  -1.409268170474e-09   3.952616883248e-08   3.131534271691e-04  -2.329877000703e-10   6.534676197057e-09   1.149239542092e-04  -8.550399085834e-11   2.398156184437e-09   4.433225477322e-05  -3.298341701651e-11   9.250958312912e-10   1.405538960602e-05  -1.045727944754e-11   2.932984662795e-10   4.806247348439e-06  -3.575871820399e-12   1.002935539584e-10   1.394505304410e-06  -1.037518849934e-12   2.909960367283e-11   4.951922631004e-07  -3.684254951810e-13   1.033334082882e-11   1.496919272294e-07  -1.113715349044e-13   3.123670983266e-12   3.593914108286e-12  -8.747234680461e-12   5.742142373574e-07  -3.438873722595e-11  -9.945703406915e-07   1.805658044361e-13  -4.394794697618e-13   2.884973117512e-08  -1.727762493396e-12  -4.996930591228e-08   2.539360492896e-14  -6.180554543170e-14   4.057239324472e-09  -2.429813236524e-13  -7.027359471691e-09   3.714470493211e-15  -9.040657105014e-15   5.934760203836e-10  -3.554229340943e-14  -1.027932796113e-09   3.658040764773e-16  -8.903312676962e-16   5.844600154222e-11  -3.500233974198e-15  -1.012316580328e-10   0.000000000000e+00   1.809351585335e-13  -4.497868501470e-10   3.002407801606e-15   4.150637343333e-15  -6.673822574677e-03  -3.718186828297e-02   2.481956351282e-07   3.431146524650e-07  -6.164037553478e-01  -1.885277081671e+00   1.258456243030e-05   1.739735576964e-05  -1.284943275201e+00  -2.155881674085e+00   1.439089658681e-05   1.989449765537e-05   2.204964587195e-07  -2.034743663934e-12   9.535600863745e-03   3.048223058506e-07  -1.651614517804e-02   0.000000000000e+00  -3.004668712624e-03  -3.629727131446e-01  -8.992346475907e-01  -9.369530488563e-09   3.925520879053e-09   2.491748074384e-10   0.000000000000e+00  -3.010923900735e-03  -3.632108696899e-01  -8.994413578659e-01  -9.410158132630e-09  -1.754597517850e-09  -3.540740584454e-09   0.000000000000e+00  -3.001063276827e-03  -3.628352875534e-01  -8.991153276316e-01  -9.346164383769e-09  -2.173511011052e-09   3.265749676912e-09
  -1.319415283206e+03  -1.129655570150e+03  -7.377471325169e+02  -4.888470070303e+02  -2.581137947981e+02  -1.613570841468e+02  -7.847070323065e+01  -4.513720186611e+01  -1.488079133483e+01  -7.052828481771e+00   1.028370925370e-02  -7.651130593903e-09   2.145935642000e-07   3.827849335799e-03  -2.847938855498e-09   7.987699884595e-08   1.628367262841e-03  -1.211513304731e-09   3.397967855168e-08   6.718283486950e-04  -4.998436172970e-10   1.401926448136e-08   2.208567740224e-04  -1.643185332150e-10   4.608691391981e-09   7.658785973298e-05  -5.698174678715e-11   1.598184214382e-09   2.236662496533e-05  -1.664087969930e-11   4.667317649718e-10   7.959713620273e-06  -5.922066337765e-12   1.660979782340e-10   2.408645969616e-06  -1.792044525322e-12   5.026201254473e-11   1.247722723222e-10  -3.036834812218e-10   1.993537221887e-05  -1.193896336053e-09  -3.452915053763e-05   1.386388932625e-11  -3.374334774478e-11   2.215089850516e-06  -1.326580526427e-10  -3.836656273341e-06   2.124227550695e-12  -5.170161651262e-12   3.393964547901e-07  -2.032589005963e-11  -5.878531463480e-07   3.195727950228e-13  -7.778088600154e-13   5.105944214632e-08  -3.057865196964e-12  -8.843773490778e-08   3.179972783868e-14  -7.739742069459e-14   5.080771545808e-09  -3.042789703787e-13  -8.800173058488e-09   0.000000000000e+00   0.000000000000e+00   0.000000000000e+00   0.000000000000e+00   0.000000000000e+00  -9.770941004980e-03  -5.436993355725e-02   3.629291020951e-07   5.017265472699e-07  -8.958275458985e-01  -2.738885145818e+00   1.828255179266e-05   2.527447239716e-05  -1.866680196678e+00  -3.131573005267e+00   2.090381399925e-05   2.889820172258e-05   3.237006507746e-07  -2.987126631107e-12   1.399877255479e-02   4.474956927033e-07  -2.424658531047e-02   0.000000000000e+00  -4.389869012933e-03  -5.275017138086e-01  -1.306393960932e+00  -3.132936735709e-08   1.312596034965e-08   8.331782566798e-10   0.000000000000e+00  -4.399000365532e-03  -5.278477321174e-01  -1.306694238886e+00  -3.146492088197e-08  -5.866880375518e-09  -1.183924018950e-08   0.000000000000e+00  -4.384605773882e-03  -5.273020477563e-01  -1.306220630633e+00  -3.125140619315e-08  -7.267716753369e-09   1.091990954659e-08
  -6.420879610981e+02  -7.377471325169e+02  -6.448283903637e+02  -5.138041822168e+02  -3.208641456676e+02  -2.138162774430e+02  -1.090153610953e+02  -6.369462370370e+01  -2.123484058790e+01  -1.008540524695e+01   2.439806974562e-02  -1.815228467259e-08   5.091225954710e-07   2.269389770530e-02  -1.688437223805e-08   4.735610735415e-07   1.334166599989e-02  -9.926265551370e-09   2.784049595970e-07   6.478492498719e-03  -4.820030490599e-09   1.351888469078e-07   2.336370644545e-03  -1.738271325664e-09   4.875381941828e-08   8.405824536790e-04  -6.253975068083e-10   1.754071223611e-08   2.497650835971e-04  -1.858264586495e-10   5.211930654548e-09   8.940207861427e-05  -6.651558907131e-11   1.865582760406e-09   2.712873979231e-05  -2.018391670523e-11   5.661043909999e-10   1.465969595668e-09  -3.568026308192e-09   2.342239105514e-04  -1.402728103336e-08  -4.056885708265e-04   3.797974743727e-10  -9.243898266037e-10   6.068178353475e-05  -3.634131242918e-09  -1.051041543051e-04   6.959290091369e-11  -1.693822996449e-10   1.111914015594e-05  -6.659068386752e-10  -1.925895639028e-05   1.112886693554e-11  -2.708657132018e-11   1.778104226372e-06  -1.064877092599e-10  -3.079773370034e-06   1.133010032575e-12  -2.757635366796e-12   1.810256101413e-07  -1.084132316759e-11  -3.135462169297e-07   0.000000000000e+00   0.000000000000e+00   0.000000000000e+00   0.000000000000e+00   0.000000000000e+00  -1.433578108160e-02  -7.945725832323e-02   5.303920793299e-07   7.332356171774e-07  -1.283858864276e+00  -3.920614843506e+00   2.617083797312e-05   3.617963123492e-05  -2.671838334419e+00  -4.480723582341e+00   2.990966854831e-05   4.134834232953e-05   4.790195948867e-07  -4.420881299179e-12   2.071568029595e-02   6.622162101708e-07  -3.588061078885e-02   0.000000000000e+00  -6.398262276587e-03  -7.559404785991e-01  -1.870091385151e+00  -2.293508651454e-06   9.609048119567e-07   6.099401304640e-08   0.000000000000e+00  -6.411535994777e-03  -7.564359296086e-01  -1.870521104504e+00  -2.304026692262e-06  -4.296042982652e-07  -8.669323639982e-07   0.000000000000e+00  -6.390611377617e-03  -7.556545839252e-01  -1.869843337006e+00  -2.287460565261e-06  -5.319643978472e-07   7.992885942061e-07
  -3.801510272522e+02  -4.888470070303e+02  -5.138041822168e+02  -4.599816068885e+02  -3.308426183674e+02  -2.363911915691e+02  -1.279201314196e+02  -7.635829905726e+01  -2.586458673403e+01  -1.232149936983e+01   2.525720036241e-02  -1.879148210474e-08   5.270503583651e-07   3.968343731148e-02  -2.952467381116e-08   8.280874188770e-07   3.338262626679e-02  -2.483683920210e-08   6.966063096709e-07   2.032475541399e-02  -1.512171864508e-08   4.241233973251e-07   8.486789769410e-03  -6.314213602081e-09   1.770966506641e-07   3.250345111751e-03  -2.418272853886e-09   6.782602708840e-08   9.954658791728e-04  -7.406315421222e-10   2.077271593169e-08   3.600055222639e-04  -2.678458907599e-10   7.512354370237e-09   1.097845451129e-04  -8.168024504865e-11   2.290910434034e-09   4.043168430294e-09  -9.840675666389e-09   6.459934254934e-04  -3.868747346782e-08  -1.118895799057e-03   2.166564462542e-09  -5.273205545051e-09   3.461607951483e-04  -2.073099516035e-08  -5.995693519548e-04   5.318095524375e-10  -1.294372325083e-09   8.496937004093e-05  -5.088674465226e-09  -1.471715770390e-04   9.490590269733e-11  -2.309916649221e-10   1.516350116044e-05  -9.081169028343e-10  -2.626400993864e-05   1.008207387653e-11  -2.453877961651e-11   1.610853851815e-06  -9.647136208224e-11  -2.790086611775e-06   0.000000000000e+00   0.000000000000e+00   0.000000000000e+00   0.000000000000e+00   0.000000000000e+00  -1.817904928654e-02  -1.001771698231e-01   6.687033198961e-07   9.244499397104e-07  -1.573577658426e+00  -4.797098739902e+00   3.202162206600e-05   4.426832590171e-05  -3.268720915822e+00  -5.478857556517e+00   3.657250163193e-05   5.055969042331e-05   6.149306674382e-07  -5.679297845895e-12   2.659321148337e-02   8.501119678621e-07  -4.606079342937e-02   0.000000000000e+00  -8.036571359803e-03  -9.264399947680e-01  -2.288236762719e+00  -3.257072946958e-06   1.364610791051e-06   8.661949399491e-08   0.000000000000e+00  -8.053179032783e-03  -9.270464553749e-01  -2.288762340743e+00  -3.271862193899e-06  -6.100668768673e-07  -1.231102020627e-06   0.000000000000e+00  -8.026998726296e-03  -9.260900429639e-01  -2.287933381759e+00  -3.248568564117e-06  -7.554788658496e-07   1.135124160907e-06
  -1.865303867815e+02  -2.581137947981e+02  -3.208641456676e+02  -3.308426183674e+02  -2.925434152112e+02  -2.377409929974e+02  -1.471367060312e+02  -9.287412631273e+01  -3.289539759220e+01  -1.580995631408e+01   1.832943540156e-02  -1.363719067800e-08   3.824863943114e-07   4.636149679377e-02  -3.449318312528e-08   9.674406960742e-07   6.442040292900e-02  -4.792909868994e-08   1.344281866658e-06   6.023225387688e-02  -4.481309506239e-08   1.256886374397e-06   3.569036481632e-02  -2.655380810754e-08   7.447626536873e-07   1.624898803981e-02  -1.208932754172e-08   3.390730107282e-07   5.444628751385e-03  -4.050830744477e-09   1.136148699542e-07   2.032152283897e-03  -1.511931359314e-09   4.240559421123e-08   6.293142358463e-04  -4.682129068701e-10   1.313210841930e-08   7.901356526012e-09  -1.923112732935e-08   1.262431792354e-03  -7.560494355600e-08  -2.186600626783e-03   1.089997120268e-08  -2.652946154175e-08   1.741532626298e-03  -1.042974968698e-07  -3.016429366956e-03   5.195787020436e-09  -1.264603634029e-08   8.301519744475e-04  -4.971642313739e-08  -1.437868436663e-03   1.255598013026e-09  -3.056002495718e-09   2.006119892026e-04  -1.201431888203e-08  -3.474708922800e-04   1.515648713973e-10  -3.688940412828e-10   2.421613448617e-05  -1.450264079255e-09  -4.194366394010e-05   0.000000000000e+00   0.000000000000e+00   0.000000000000e+00   0.000000000000e+00   0.000000000000e+00  -2.600730495809e-02  -1.408443629147e-01   9.401801825498e-07   1.299809220269e-06  -2.038359857209e+00  -6.182517580802e+00   4.127016742195e-05   5.705616903506e-05  -4.211242250920e+00  -7.047773651827e+00   4.704599720597e-05   6.504121500198e-05   9.104938083758e-07  -8.500591494387e-12   3.937444399998e-02   1.258770078714e-06  -6.819853753331e-02   0.000000000000e+00  -1.118718309862e-02  -1.199768799711e+00  -2.949453593723e+00  -6.543254663671e-06   2.741469836612e-06   1.740164558224e-07   0.000000000000e+00  -1.121003292442e-02  -1.200551364134e+00  -2.950130183512e+00  -6.572044852874e-06  -1.225437862510e-06  -2.472907617563e-06   0.000000000000e+00  -1.117401224799e-02  -1.199317228078e+00  -2.949063043609e+00  -6.526697605091e-06  -1.517861361622e-06   2.280621184920e-06
  -1.139310648125e+02  -1.613570841468e+02  -2.138162774430e+02  -2.363911915691e+02  -2.377409929974e+02  -2.136986672924e+02  -1.509016203913e+02  -1.018053500106e+02  -3.828229094885e+01  -1.863319586728e+01   1.275317659337e-02  -9.488426519668e-09   2.661247564014e-07   3.898939743362e-02  -2.900830470633e-08   8.136046590663e-07   7.119009632885e-02  -5.296578409286e-08   1.485547299138e-06   9.131508936801e-02  -6.793887854154e-08   1.905502188880e-06   7.631079804591e-02  -5.677561152028e-08   1.592402676469e-06   4.288951790440e-02  -3.191001364381e-08   8.949897636025e-07   1.625926728504e-02  -1.209697535108e-08   3.392875111403e-07   6.353800311206e-03  -4.727258885839e-09   1.325868537664e-07   2.013226603234e-03  -1.497850559216e-09   4.201066576972e-08   8.461148189957e-09  -2.059360537108e-08   1.351871977921e-03  -8.096136773635e-08  -2.341515899788e-03   2.020502938927e-08  -4.917706112851e-08   3.228239528559e-03  -1.933339043103e-07  -5.591486700005e-03   1.776419473238e-08  -4.323630881307e-08   2.838257471604e-03  -1.699785265523e-07  -4.916016535706e-03   6.210042660397e-09  -1.511463515531e-08   9.922037134498e-04  -5.942143267093e-08  -1.718550875284e-03   8.965585461041e-10  -2.182135624631e-09   1.432467967476e-04  -8.578812770894e-09  -2.481112543680e-04   0.000000000000e+00   9.574620090266e-10  -2.050407021631e-06   1.368817604208e-11   1.892819194330e-11  -3.579049763782e-02  -1.888650983604e-01   1.260785440755e-06   1.743244381227e-06  -2.435681525220e+00  -7.333026462204e+00   4.895176829478e-05   6.768198276470e-05  -4.992784462377e+00  -8.336784064824e+00   5.565227582466e-05   7.694588481556e-05   1.310365857941e-06  -1.303569485777e-11   5.666444676952e-02   1.811819046266e-06  -9.814570079580e-02   0.000000000000e+00  -1.482954407726e-02  -1.433174448753e+00  -3.499278958737e+00  -1.470511208865e-05   6.161465761348e-06   3.911027817298e-07   0.000000000000e+00  -1.485930990660e-02  -1.434104339978e+00  -3.500080173303e+00  -1.476672931876e-05  -2.753601842506e-06  -5.556710101662e-06   0.000000000000e+00  -1.481238629347e-02  -1.432637861776e+00  -3.498816470646e+00  -1.466967134575e-05  -3.411811664016e-06   5.126324563566e-06
  -5.453310379906e+01  -7.847070323065e+01  -1.090153610953e+02  -1.279201314196e+02  -1.471367060312e+02  -1.509016203913e+02  -1.333738861483e+02  -1.043613786442e+02  -4.631856238123e+01  -2.347419917236e+01   6.687276685198e-03  -4.975366958902e-09   1.395456156204e-07   2.363622398244e-02  -1.758546765320e-08   4.932249078121e-07   5.543313619307e-02  -4.124252774779e-08   1.156741597510e-06   1.028314456080e-01  -7.650710459565e-08   2.145817805665e-06   1.488882340891e-01  -1.107735832279e-07   3.106900052539e-06   1.326255784565e-01  -9.867408693103e-08   2.767541835631e-06   7.054169327679e-02  -5.248336901230e-08   1.472016858073e-06   3.182326227943e-02  -2.367666467584e-08   6.640665453040e-07   1.087826414281e-02  -8.093482374775e-09   2.270003378280e-07   6.274781819323e-09  -1.527220392266e-08   1.002547351554e-03  -6.004089597940e-08  -1.736466619870e-03   2.599646632357e-08  -6.327285097623e-08   4.153560906645e-03  -2.487498649851e-07  -7.194193727424e-03   5.694230110237e-08  -1.385919796576e-07   9.097902493693e-03  -5.448582716902e-07  -1.575806266580e-02   4.474701669295e-08  -1.089098527316e-07   7.149412420562e-03  -4.281664370190e-07  -1.238317172831e-02   1.079659537332e-08  -2.627785490554e-08   1.725015850589e-03  -1.033083346016e-07  -2.987821411795e-03  -5.468022962360e-07   6.112001667130e-08  -1.002878209753e-04   6.699857544485e-10   9.284101450280e-10  -7.293172796291e-02  -3.523210145120e-01   2.352678924918e-06   3.255774243078e-06  -3.210505244147e+00  -9.428593597104e+00   6.295278159702e-05   8.708513904870e-05  -6.415754371867e+00  -1.063045423191e+01   7.097587767042e-05   9.817777785404e-05   2.957957923699e-06  -7.430941412810e-11   1.278662640482e-01   4.093978314081e-06  -2.214708659358e-01   0.000000000000e+00  -2.727561113600e-02  -1.888047575820e+00  -4.507211260882e+00  -1.256712702541e-04   5.268954567447e-05   3.344502063151e-06   0.000000000000e+00  -2.732715523469e-02  -1.889251006631e+00  -4.508236684797e+00  -1.261191506874e-04  -2.353263757613e-05  -4.748836196534e-05   0.000000000000e+00  -2.724589691026e-02  -1.887353136091e+00  -4.506619349074e+00  -1.254135506575e-04  -2.918649123342e-05   4.385336730822e-05
  -3.121041362038e+01  -4.513720186611e+01  -6.369462370370e+01  -7.635829905726e+01  -9.287412631273e+01  -1.018053500106e+02  -1.043613786442e+02  -9.326626560240e+01  -5.071565629320e+01  -2.736165251186e+01   3.941003981762e-03  -2.932126472259e-09   8.223823428970e-08   1.462961110005e-02  -1.088450308185e-08   3.052809362235e-07   3.771786574638e-02  -2.806227883635e-08   7.870711865587e-07   8.264352173252e-02  -6.148718929313e-08   1.724549717335e-06   1.663207087981e-01  -1.237434307108e-07   3.470669271248e-06   2.187188859720e-01  -1.627279339225e-07   4.564079374541e-06   1.722939798041e-01  -1.281875739094e-07   3.595315494072e-06   9.558296146959e-02  -7.111419623772e-08   1.994561289795e-06   3.691120935189e-02  -2.746212162345e-08   7.702384250011e-07   4.172296051870e-09  -1.015495964080e-08   6.666246695315e-04  -3.992304441170e-08  -1.154630237510e-03   2.163674525024e-08  -5.266171720369e-08   3.456990580945e-03  -2.070334249553e-07  -5.987695982359e-03   7.928566429574e-08  -1.929735356766e-07   1.266779229061e-02  -7.586530432025e-07  -2.194130623965e-02   1.246037975187e-07  -3.032734300647e-07   1.990845431656e-02  -1.192284267552e-06  -3.448252725470e-02   5.711584885513e-08  -1.390143778779e-07   9.125630922351e-03  -5.465188812354e-07  -1.580608981455e-02  -7.477591426806e-05  -3.346460129428e-06  -3.473983077912e-03   2.329439427828e-08   3.263999189764e-08  -1.680238015091e-01  -7.020305424024e-01   4.694100019724e-06   6.520570725382e-06  -4.027949895729e+00  -1.134146037129e+01   7.576895176238e-05   1.049829847547e-04  -7.731831542026e+00  -1.263998422803e+01   8.443265117006e-05   1.169404415191e-04   7.103823205146e-06  -1.596347068001e-09   3.066193619301e-01   9.875079784047e-06  -5.310803139009e-01  -1.064021750230e-05  -5.679706974996e-02  -2.370600398978e+00  -5.453835486689e+00  -1.525417375775e-03   6.420700050304e-04   4.075584364586e-05  -1.067985714474e-05  -5.689381385502e-02  -2.372065853663e+00  -5.455062456848e+00  -1.529700936044e-03  -2.865503245425e-04  -5.782523780704e-04  -1.061739248803e-05  -5.674128853057e-02  -2.369754735338e+00  -5.453127227345e+00  -1.522951113776e-03  -3.558188240279e-04   5.346258996054e-04
  -1.025305587742e+01  -1.488079133483e+01  -2.123484058790e+01  -2.586458673403e+01  -3.289539759220e+01  -3.828229094885e+01  -4.631856238123e+01  -5.071565629320e+01  -4.590482061048e+01  -3.215329796675e+01   1.321743257683e-03  -9.833835269724e-10   2.758125396452e-08   5.083468005369e-03  -3.782125361544e-09   1.060784091476e-07   1.408545096463e-02  -1.047964524724e-08   2.939257665981e-07   3.547443155151e-02  -2.639315268921e-08   7.402567027912e-07   9.973678939873e-02  -7.420466505663e-08   2.081240590426e-06   2.259374797136e-01  -1.680986034026e-07   4.714712159007e-06   4.139120196481e-01  -3.079186234949e-07   8.637410638355e-06   4.529009300036e-01  -3.344024320302e-07   9.463280948584e-06   3.006330220520e-01  -2.121172184511e-07   6.325554803020e-06   1.528596890944e-09  -3.720455006454e-09   2.442301276330e-04  -1.462653675722e-08  -4.230198838466e-04   9.471090354993e-09  -2.305170561094e-08   1.513234535500e-03  -9.062510334094e-08  -2.621004638711e-03   5.728403967244e-08  -1.394237378415e-07   9.152503451653e-03  -5.481282323884e-07  -1.585263449900e-02   2.424848976275e-07  -5.901844962632e-07   3.874279707710e-02  -2.320241814815e-06  -6.710463478944e-02   5.454740192276e-07  -1.337103544110e-06   8.761039051292e-02  -5.262075546130e-06  -1.517459689021e-01  -1.350745237560e-01  -1.413582478024e-01  -5.052683997756e-01   3.581937389808e-06   5.768196725736e-06  -1.479733560120e+00  -3.245260905600e+00   2.243645339554e-05   3.422885070574e-05  -6.745614569478e+00  -1.495507957292e+01   1.010604507502e-04   1.445897778852e-04  -1.091796040373e+01  -1.639754065682e+01   1.102664250878e-04   1.555006568912e-04   3.205641763432e-05  -1.029753647142e-06   1.347721967720e+00   4.813547820354e-05  -2.334323094153e+00  -4.510401593949e-02  -5.513697294093e-01  -4.107704878242e+00  -7.892074850491e+00  -2.370569994991e-01   1.097780361222e-01   6.968211229372e-03  -4.516869171898e-02  -5.519261422203e-01  -4.109816194005e+00  -7.893726654190e+00  -2.373277587741e-01  -4.890974246533e-02  -9.869864469681e-02  -4.506653487756e-02  -5.510481525695e-01  -4.106486010512e+00  -7.891121211374e+00  -2.369004961795e-01  -6.089583036852e-02   9.149719729724e-02
  -4.856303224466e+00  -7.052828481771e+00  -1.008540524695e+01  -1.232149936983e+01  -1.580995631408e+01  -1.863319586728e+01  -2.347419917236e+01  -2.736165251186e+01  -3.215329796675e+01  -2.878911255976e+01   6.284469398532e-04  -4.675676343587e-10   1.311401026679e-08   2.433163619745e-03  -1.810285778377e-09   5.077363046364e-08   6.836235549788e-03  -5.086193091574e-09   1.426539895429e-07   1.771057289762e-02  -1.317675391141e-08   3.695723856407e-07   5.373548888471e-02  -3.997946974602e-08   1.121316229322e-06   1.421219353281e-01  -1.057394234546e-07   2.965705457112e-06   3.700881804686e-01  -2.749218785713e-07   7.724872486719e-06   6.276688479215e-01  -4.255717354944e-07   1.327682934645e-05   6.785015164483e-01  -2.711576965741e-07   1.486879498926e-05   7.390436229432e-10  -1.798759740549e-09   1.180799983495e-04  -7.071615008627e-09  -2.045209887493e-04   4.742569078567e-09  -1.154294829222e-08   7.577395049248e-04  -4.537976059113e-08  -1.312446095267e-03   3.206440295480e-08  -7.804161398489e-08   5.123059763193e-03  -3.068115414817e-07  -8.873418553882e-03   1.812602436852e-07  -4.411698919425e-07   2.896069538517e-02  -1.734408319739e-06  -5.016150184517e-02   8.443622528816e-07  -2.193871234684e-06   1.417802594521e-01  -8.705239549862e-06  -2.455711373642e-01  -8.098798968893e-01  -8.952663184321e-01  -1.053672543803e+00   8.229698981818e-06   1.535215746805e-05  -3.769862513534e+00  -4.283067490992e+00   3.267272844922e-05   5.980015287226e-05  -8.935003130542e+00  -1.378486605453e+01   9.751830364364e-05   1.538688383373e-04  -1.281401004182e+01  -1.639369238648e+01   1.128126674942e-04   1.672538215398e-04   2.831557139036e-05  -4.897215382304e-06   1.126259725296e+00   5.242301905166e-05  -1.950737415438e+00  -5.791658753878e-01  -2.034638997500e+00  -6.041506656390e+00  -9.684243537469e+00  -1.000002655363e+00   5.195747957561e-01   3.298008894257e-02  -5.795459756259e-01  -2.035768886725e+00  -6.043784758154e+00  -9.686002978569e+00  -1.000460481374e+00  -2.313320004942e-01  -4.668217662539e-01  -5.789444253564e-01  -2.033983305219e+00  -6.040190243404e+00  -9.683227476578e+00  -9.997363012557e-01  -2.883292458756e-01   4.332197748091e-01
   1.894165044983e-03   1.028370925370e-02   2.439806974562e-02   2.525720036241e-02   1.832943540156e-02   1.275317659337e-02   6.687276685198e-03   3.941003981762e-03   1.321743257683e-03   6.284469398532e-04  -3.504967039351e+02   1.073402994609e-09  -1.027096708686e-08  -2.507441399815e+02   1.304505243327e-09  -1.248229275132e-08  -1.404288726593e+02   8.466705575901e-10  -8.101454415614e-09  -6.718074600531e+01   4.309430417834e-10  -4.123522871361e-09  -2.408763172022e+01   1.594757076927e-10  -1.525959730955e-09  -8.650746754645e+00   5.795630146645e-11  -5.545608385899e-10  -2.568510500249e+00   1.730158253955e-11  -1.655519741482e-10  -9.191675100903e-01   6.202705908383e-12  -5.935123020375e-11  -2.788872089264e-01   1.883597807245e-12  -1.802339958079e-11  -1.034946690019e-08   1.400123355126e-10  -7.970648468796e-03   2.882025771737e-07   1.380556815648e-02  -2.219105510072e-09   4.257340043486e-11  -1.703615170638e-03   6.160987820708e-08   2.950748044025e-03  -3.900036401968e-10   8.080077595798e-12  -2.991485242640e-04   1.081897274901e-08   5.181404452995e-04  -6.148949207088e-11   1.306927541990e-12  -4.715064835650e-05   1.705273124792e-09   8.166731892964e-05  -6.227043911054e-12   1.336143443771e-13  -4.774402653271e-06   1.726744216418e-10   8.269508008714e-06   0.000000000000e+00  -1.786846779675e-12   4.270907346654e-09  -2.917212584689e-14  -4.032860388244e-14   3.076075208693e-03   1.594616538445e-02  -1.138084270976e-07  -1.573334834450e-07   8.334029476964e-02   2.000652679250e-01  -1.698841067377e-06  -2.348551025255e-06   5.235924707893e-02   2.559499468169e-02  -5.861297912081e-07  -8.102942575114e-07  -1.262059618156e-07   1.226145511871e-12  -5.170252639841e-03  -1.744723324253e-07   8.955140260981e-03   0.000000000000e+00   1.074309563416e-03   4.015762682020e-02   3.491292851419e-02   4.420211362648e-08  -1.915402911807e-08  -1.215813560599e-09   0.000000000000e+00   1.076355479815e-03   4.017712767116e-02   3.491503814626e-02   4.438341210588e-08   8.559418469406e-09   1.727272496720e-08   0.000000000000e+00   1.073131320813e-03   4.014641631122e-02   3.491174856950e-02   4.409787813455e-08   1.060670894575e-08  -1.593682117852e-08
  -1.409268170474e-09  -7.651130593903e-09  -1.815228467259e-08  -1.879148210474e-08  -1.363719067800e-08  -9.488426519668e-09  -4.975366958902e-09  -2.932126472259e-09  -9.833835269724e-10  -4.675676343587e-10   1.073402994609e-09  -3.504961098336e+02  -2.612557678807e-09   1.304505243327e-09  -2.507434179708e+02  -3.175037900597e-09   8.466705575901e-10  -1.404284040485e+02  -2.060713150380e-09   4.309430417834e-10  -6.718050748923e+01  -1.048873124624e-09   1.594757076927e-10  -2.408754345444e+01  -3.881482414403e-10   5.795630146645e-11  -8.650714677296e+00  -1.410599571560e-10   1.730158253955e-11  -2.568500924260e+00  -4.211035607890e-11   6.202705908383e-12  -9.191640770493e-01  -1.509677822002e-11   1.883597807245e-12  -2.788861664026e-01  -4.584492441146e-12   1.378762544953e-02   2.700673749135e-07   8.545196303518e-08   1.400123355126e-10   5.609191592869e-08   2.945292224400e-03   5.609552673960e-08   2.544759458767e-08   4.257340043486e-11   1.612796284203e-08   5.171049760755e-04   9.772394667572e-09   4.811749343452e-09   8.080077595798e-12   3.029789172089e-09   8.149983498759e-05   1.535992359445e-09   7.773661966018e-10   1.306927541990e-12   4.884666312956e-10   8.252385210095e-06   1.553679239586e-10   7.944012105628e-11   1.336143443771e-13   4.987925008826e-11   0.000000000000e+00   1.192752235824e-17  -2.917212584689e-14  -9.933129619805e-11   2.692006555660e-19  -2.052805502705e-08  -1.137788931691e-07  -1.103305063454e-03   1.031599483862e-12  -5.558358732173e-07  -1.697386420800e-06  -5.443547235674e-02   1.476402037652e-11  -3.485186378022e-07  -5.844708339758e-07  -6.221208048824e-02   4.368738059900e-12  -9.964466935004e-04   9.195257541746e-09   3.450472970865e-08   1.209175463882e-12  -7.306685217436e-08   0.000000000000e+00  -4.499323867869e-04  -1.680492044497e-02  -1.457845972522e-02  -1.915402911808e-08   6.509701961480e-09   5.093853446544e-10   0.000000000000e+00   2.006201901204e-04   7.482527868338e-03   6.488417013955e-03   8.559418469407e-09   7.399372223065e-11   3.220634544797e-09   0.000000000000e+00   2.494707690559e-04   9.325330220517e-03   8.091817261057e-03   1.060670894575e-08   9.553613382441e-10  -3.706210900040e-09
   3.952616883248e-08   2.145935642000e-07   5.091225954710e-07   5.270503583651e-07   3.824863943114e-07   2.661247564014e-07   1.395456156204e-07   8.223823428970e-08   2.758125396452e-08   1.311401026679e-08  -1.027096708686e-08  -2.612557678807e-09  -3.504961098343e+02  -1.248229275132e-08  -3.175037900597e-09  -2.507434179716e+02  -8.101454415614e-09  -2.060713150380e-09  -1.404284040490e+02  -4.123522871361e-09  -1.048873124624e-09  -6.718050748948e+01  -1.525959730955e-09  -3.881482414403e-10  -2.408754345454e+01  -5.545608385899e-10  -1.410599571560e-10  -8.650714677330e+00  -1.655519741482e-10  -4.211035607890e-11  -2.568500924270e+00  -5.935123020375e-11  -1.509677822002e-11  -9.191640770529e-01  -1.802339958079e-11  -4.584492441146e-12  -2.788861664037e-01   1.400123355126e-10   8.156575875456e-08   3.475063306099e-07   1.378762548878e-02   9.067601130117e-09   4.257340043486e-11   2.572945840416e-08   7.561644654206e-08   2.945292236335e-03   2.757175733736e-09   8.080077595798e-12   4.914401523859e-09   1.334208389831e-08   5.171049783406e-04   5.232890407211e-10   1.306927541990e-12   7.964816252344e-10   2.106469272592e-09   8.149983535396e-05   8.464038267353e-11   1.336143443771e-13   8.148803182959e-11   2.134333246699e-10   8.252385247551e-06   8.653248841595e-12   0.000000000000e+00   1.648903912623e-17  -4.032860388244e-14   2.692006555660e-19  -9.933129602063e-11  -2.835914760310e-08  -1.571835087674e-07   1.030870915396e-12  -1.103305062767e-03  -7.666516133779e-07  -2.341168278788e-06   1.472816271377e-11  -5.443547234668e-02  -4.781544367138e-07  -8.018759566296e-07   4.327853266584e-12  -6.221208048499e-02   1.208517938450e-12   6.651482821737e-09   6.359897187197e-08  -9.964466926974e-04  -9.176612422489e-08   0.000000000000e+00  -2.855972151323e-05  -1.066701482624e-03  -9.253740913202e-04  -1.215813560599e-09   5.093853446543e-10  -1.482864069716e-09   0.000000000000e+00   4.048472984215e-04   1.509958362646e-02   1.309349055663e-02   1.727272496720e-08   3.220634544797e-09   4.977195479788e-09   0.000000000000e+00  -3.748354906968e-04  -1.401151959924e-02  -1.215813697963e-02  -1.593682117853e-08  -3.706210900040e-09   4.057368615209e-09
   3.131534271691e-04   3.827849335799e-03   2.269389770530e-02   3.968343731148e-02   4.636149679377e-02   3.898939743362e-02   2.363622398244e-02   1.462961110005e-02   5.083468005369e-03   2.433163619745e-03  -2.507441399815e+02   1.304505243327e-09  -1.248229275132e-08  -2.581697734555e+02   3.797149111304e-09  -3.633341228035e-08  -1.967385795481e+02   4.286896400864e-09  -4.101960965190e-08  -1.172925237909e+02   3.038096326488e-09  -2.907033754598e-08  -4.893212381098e+01   1.385003709769e-09  -1.325255061672e-08  -1.877994291472e+01   5.494660137862e-10  -5.257622133800e-09  -5.760240313617e+00   1.711021874058e-10  -1.637208899327e-09  -2.084362262277e+00   6.222474732519e-11  -5.954039023307e-10  -6.358148022514e-01   1.902643102146e-11  -1.820563644629e-10  -2.845876927106e-08   7.742345827486e-10  -2.174915133104e-02   7.867338001508e-07   3.767063534390e-02  -1.430901869634e-08   5.856827107993e-10  -1.085046932435e-02   3.926618572194e-07   1.879356431992e-02  -3.401777807080e-09   1.617413537571e-10  -2.569818735914e-03   9.301708156539e-08   4.451056662186e-03  -5.994548355366e-10   3.004599773377e-11  -4.521805207034e-04   1.636844055325e-08   7.831996444741e-04  -6.336426357873e-11   3.240116206238e-12  -4.776914828322e-05   1.729246208174e-09   8.273859276913e-05   0.000000000000e+00  -1.037399220930e-11   2.421549875270e-08  -1.654923215788e-13  -2.287825823036e-13   7.328092519224e-03   3.767362813051e-02  -2.690211212127e-07  -3.719108245608e-07   1.906960912930e-01   4.564956869859e-01  -3.878095011055e-06  -5.361336860707e-06   1.198851960518e-01   5.877684885165e-02  -1.341087449152e-06  -1.854040874960e-06  -3.047816899057e-07   2.965881389125e-12  -1.247857292099e-02  -4.213482012836e-07   2.161352230706e-02   0.000000000000e+00   2.533108721434e-03   9.195228807044e-02   7.997563326562e-02   2.347208396317e-06  -1.015443715965e-06  -6.445590312908e-08   0.000000000000e+00   2.537905274293e-03   9.199685336315e-02   7.998048661458e-02   2.357411893987e-06   4.538847694090e-07   9.159298396442e-07   0.000000000000e+00   2.530346379268e-03   9.192666878481e-02   7.997291814657e-02   2.341342926423e-06   5.622317861540e-07  -8.447660330322e-07
  -2.329877000703e-10  -2.847938855498e-09  -1.688437223805e-08  -2.952467381116e-08  -3.449318312528e-08  -2.900830470633e-08  -1.758546765320e-08  -1.088450308185e-08  -3.782125361544e-09  -1.810285778377e-09   1.304505243327e-09  -2.507434179708e+02  -3.175037900597e-09   3.797149111304e-09  -2.581676718294e+02  -9.241888757650e-09   4.286896400864e-09  -1.967362068592e+02  -1.043388565764e-08   3.038096326488e-09  -1.172908422813e+02  -7.394428678329e-09   1.385003709769e-09  -4.893135724641e+01  -3.370963277817e-09   5.494660137862e-10  -1.877963879916e+01  -1.337346421399e-09   1.711021874058e-10  -5.760145612878e+00  -4.164459534894e-10   6.222474732519e-11  -2.084327822451e+00  -1.514489360029e-10   1.902643102146e-11  -6.358042716025e-01  -4.630846822219e-11   3.757141648454e-02   6.864504879434e-07   4.559177131525e-07   7.742345827486e-10   2.814035245161e-07   1.871850855283e-02   3.168008669586e-07   3.407186404704e-07   5.856827107993e-10   2.056533130939e-07   4.430329361973e-03   7.206741199877e-08   9.377498727894e-08   1.617413537571e-10   5.624316212476e-08   7.793492227931e-04   1.247671027091e-08   1.740142560833e-08   3.004599773377e-11   1.041557221418e-08   8.232336895795e-05   1.309567738188e-09   1.875805099464e-09   3.240116206238e-12   1.121919924891e-09   0.000000000000e+00   6.924825644153e-17  -1.654923215788e-13  -5.766930352762e-10   1.527164722036e-18  -4.889456016274e-08  -2.688997635653e-07  -2.627829123893e-03   2.283891762703e-12  -1.271073457412e-06  -3.872414029987e-06  -1.244721144288e-01   2.655161977163e-11  -7.964108871488e-07  -1.334637181466e-06  -1.421269492803e-01   1.911228940401e-12  -2.431630213406e-03   2.243947849929e-08   8.326508897933e-08   2.777925578253e-12  -1.766818805092e-07   0.000000000000e+00  -1.060607115344e-03  -3.844762861718e-02  -3.331690872910e-02  -1.015153876943e-06   3.488541670431e-07   2.699730879331e-08   0.000000000000e+00   4.729085787519e-04   1.711910143536e-02   1.482831310359e-02   4.537551937255e-07   7.783609236804e-09   1.707344220816e-07   0.000000000000e+00   5.880708796041e-04   2.133524274870e-02   1.849265011476e-02   5.620713229596e-07   5.445699920797e-08  -1.964007750948e-07
   6.534676197057e-09   7.987699884595e-08   4.735610735415e-07   8.280874188770e-07   9.674406960742e-07   8.136046590663e-07   4.932249078121e-07   3.052809362235e-07   1.060784091476e-07   5.077363046364e-08  -1.248229275132e-08  -3.175037900597e-09  -2.507434179716e+02  -3.633341228035e-08  -9.241888757650e-09  -2.581676718316e+02  -4.101960965190e-08  -1.043388565764e-08  -1.967362068617e+02  -2.907033754598e-08  -7.394428678329e-09  -1.172908422831e+02  -1.325255061672e-08  -3.370963277817e-09  -4.893135724723e+01  -5.257622133800e-09  -1.337346421399e-09  -1.877963879948e+01  -1.637208899327e-09  -4.164459534894e-10  -5.760145612978e+00  -5.954039023307e-10  -1.514489360029e-10  -2.084327822488e+00  -1.820563644629e-10  -4.630846822219e-11  -6.358042716136e-01   7.742345827486e-10   4.798103494635e-07   9.898325945041e-07   3.757141670158e-02   5.014165610369e-08   5.856827107993e-10   3.701796645903e-07   5.149761790471e-07   1.871850871701e-02   3.793049513041e-08   1.617413537571e-10   1.027781025144e-07   1.244097754999e-07   4.430329407314e-03   1.047483478331e-08   3.004599773377e-11   1.912512622803e-08   2.205920319166e-08   7.793492312158e-04   1.945865141169e-09   3.240116206238e-12   2.063705548900e-09   2.337375569051e-09   8.232336986625e-05   2.098392349928e-10   0.000000000000e+00   9.573129905710e-17  -2.287825823036e-13   1.527164722035e-18  -5.766930342697e-10  -6.751302080040e-08  -3.712938020754e-07   2.280892916605e-12  -2.627829122310e-03  -1.750316415953e-06  -5.332493403529e-06   2.641150867529e-11  -1.244721144077e-01  -1.086791931430e-06  -1.821305574613e-06   1.752238077962e-12  -1.421269492749e-01   2.775143931730e-12   1.623205293130e-08   1.538563329212e-07  -2.431630211502e-03  -2.216077219860e-07   0.000000000000e+00  -6.732264311984e-05  -2.440482584168e-03  -2.114801405011e-03  -6.443749118310e-08   2.699730282762e-08  -7.475003517863e-08   0.000000000000e+00   9.543195200852e-04   3.454598780786e-02   2.992323155915e-02   9.156683740542e-07   1.707344249515e-07   2.677154099512e-07   0.000000000000e+00  -8.835898259800e-04  -3.205668334027e-02  -2.778561799962e-02  -8.445249201005e-07  -1.964007719933e-07   2.188396080622e-07
   1.149239542092e-04   1.628367262841e-03   1.334166599989e-02   3.338262626679e-02   6.442040292900e-02   7.119009632885e-02   5.543313619307e-02   3.771786574638e-02   1.408545096463e-02   6.836235549788e-03  -1.404288726593e+02   8.466705575901e-10  -8.101454415614e-09  -1.967385795481e+02   4.286896400864e-09  -4.101960965190e-08  -1.932487450301e+02   8.734344265074e-09  -8.357547251332e-08  -1.458029315251e+02   9.957242877106e-09  -9.527690381012e-08  -7.498841196073e+01   6.556413270066e-09  -6.273571551650e-08  -3.207263481745e+01   3.098131097140e-09  -2.964478643093e-08  -1.041831775656e+01   1.054704801738e-09  -1.009205150292e-08  -3.847169623791e+00   3.956421439597e-10  -3.785742595466e-09  -1.185234723347e+00   1.228102872064e-10  -1.175122879438e-09  -3.633465884627e-08   1.529051315439e-09  -2.753432133606e-02   9.964607383019e-07   4.769084393463e-02  -4.076376868117e-08   2.952779569035e-09  -3.035539700542e-02   1.099615606570e-06   5.257709072506e-02  -1.622211225649e-08   1.558907405642e-09  -1.191400332652e-02   4.319162471085e-07   2.063565952008e-02  -3.578950264819e-09   3.837972120950e-10  -2.611240162785e-03   9.470009324349e-08   4.522800740297e-03  -4.150492270199e-10   4.647786812102e-11  -3.019724722272e-04   1.095318618162e-08   5.230316774138e-04   0.000000000000e+00  -6.460191078394e-11   1.435962749530e-07  -9.825030149092e-13  -1.358247770819e-12   1.480441306962e-02   7.493226622595e-02  -5.356251822773e-07  -7.405130296630e-07   3.577556462059e-01   8.518235005826e-01  -7.243680537865e-06  -1.001469947322e-05   2.249692558627e-01   1.105238528120e-01  -2.513248550289e-06  -3.474881496020e-06  -6.304603442294e-07   6.197776209649e-12  -2.578342388105e-02  -8.716239800555e-07   4.465820015912e-02   0.000000000000e+00   5.024285748206e-03   1.727212643491e-01   1.501955606462e-01   6.178681906553e-06  -2.675109998850e-06  -1.698042248132e-07   0.000000000000e+00   5.033697867510e-03   1.728046533374e-01   1.502047103646e-01   6.204865109383e-06   1.195595296879e-06   2.412685953188e-06   0.000000000000e+00   5.018865262567e-03   1.726733268782e-01   1.501904408859e-01   6.163629584020e-06   1.481250240148e-06  -2.225612142842e-06
  -8.550399085834e-11  -1.211513304731e-09  -9.926265551370e-09  -2.483683920210e-08  -4.792909868994e-08  -5.296578409286e-08  -4.124252774779e-08  -2.806227883635e-08  -1.047964524724e-08  -5.086193091574e-09   8.466705575901e-10  -1.404284040485e+02  -2.060713150380e-09   4.286896400864e-09  -1.967362068592e+02  -1.043388565764e-08   8.734344265074e-09  -1.932439107912e+02  -2.125853784050e-08   9.957242877106e-09  -1.457974204426e+02  -2.423495319933e-08   6.556413270066e-09  -7.498478315159e+01  -1.595766726949e-08   3.098131097140e-09  -3.207092008015e+01  -7.540547425739e-09   1.054704801738e-09  -1.041773400410e+01  -2.567048110065e-09   3.956421439597e-10  -3.846950645858e+00  -9.629541993589e-10   1.228102872064e-10  -1.185166750955e+00  -2.989082017548e-10   4.749489463088e-02   7.984092254096e-07   8.889295338108e-07   1.529051315439e-09   5.358802996101e-07   5.219868936284e-02   7.171546289820e-07   1.699652737224e-06   2.952779569035e-09   1.005445690703e-06   2.043588413147e-02   2.299976018483e-07   8.942650805836e-07   1.558907405642e-09   5.255218270405e-07   4.473616781765e-03   4.498847288661e-08   2.199252134083e-07   3.837972120950e-10   1.289666480507e-07   5.170754967375e-04   4.933105622884e-09   2.662235684912e-08   4.647786812102e-11   1.559950783701e-08   0.000000000000e+00   4.312293275648e-16  -9.825030149093e-13  -3.591237709294e-09   9.066547192937e-18  -9.875296682921e-08  -5.352397480823e-07  -5.307247174396e-03   3.477721275897e-12  -2.382769683828e-06  -7.227426819622e-06  -2.333126556121e-01   6.020324572290e-12  -1.490812565081e-06  -2.494963710772e-06  -2.659645216765e-01  -4.490333083505e-11  -5.129951073323e-03   4.734129427659e-08   1.720103009273e-07   4.696086678636e-12  -3.664039632434e-07   0.000000000000e+00  -2.102890391575e-03  -7.214299340933e-02  -6.238705786150e-02  -2.673814200766e-06   9.140666735134e-07   7.110927434988e-08   0.000000000000e+00   9.376278611937e-04   3.212215548087e-02   2.776651895637e-02   1.195016067978e-06   1.568335761156e-08   4.496552262121e-07   0.000000000000e+00   1.165995426875e-03   4.003342024894e-02   3.462812810906e-02   1.480532797255e-06   1.386640092630e-07  -5.173401944494e-07
