ARMA_MAT_TXT_FN008
105 105
   2.659586909144e-01   3.712684002414e-01  -1.318885373932e-01  -1.616970856966e-01   4.705003905462e-02   9.822822955641e-02  -2.676291560714e-02  -3.287560410422e-02   9.024538891372e-03   5.672053388672e-03  -9.299881643671e-05   1.792886813162e-09   1.250836683198e-08  -3.089264796402e-06   1.025482321871e-10   3.790617389866e-10   2.035106714347e-04  -4.088357610985e-09  -2.725257601304e-08   1.303359605682e-04  -2.273908345507e-09  -1.756685409678e-08  -4.283572634748e-04   7.855849826010e-09   5.629698226946e-08  -3.287575839965e-04   7.370722720467e-09   4.868349804672e-08   3.845548389315e-04  -8.346313204911e-09  -5.054551505612e-08   8.591169713950e-04  -1.764963723962e-08  -1.390346377279e-07   2.027180959259e-04  -9.776641878182e-09  -5.612322166511e-08   3.782836229548e-10   3.339659799804e-10   8.275937340606e-06   2.085812922620e-09  -1.433425464699e-05  -2.176718237620e-10  -8.277723777356e-11  -3.232536940880e-06  -1.343149601073e-09   5.598806401275e-06  -2.541136390137e-10  -4.465302930540e-10  -8.524365768666e-06  -1.513608239503e-09   1.476466307228e-05   2.819488614928e-10   1.538523026692e-10   2.833435312312e-06   3.121119448877e-09  -4.906921667411e-06   4.965526528607e-10   5.999689755862e-11  -8.110390137527e-06   4.940638350924e-09   1.404484685599e-05  -7.017469698544e-06  -9.122080279093e-06   2.582443886302e-04   9.553591870338e-09   1.080385840398e-07  -3.685793435683e-06   5.653237601485e-04   1.589629093464e-08   1.860297329837e-07  -4.611510703712e-04  -9.015028274700e-05   1.027822081567e-08   7.143944640750e-08  -8.272617888986e-04  -8.440292617489e-05   1.823253975604e-08   5.463478250078e-08  -7.912816036210e-10  -5.999528016082e-10  -7.265778280502e-05   1.368247182784e-08   1.258537344030e-04  -8.099944473526e-05  -1.308144752044e-04   2.991821207035e-05   1.648861550224e-04   6.929388763562e-06  -1.279771353627e-06  -7.386378745293e-08  -8.104043474218e-05  -1.309398304430e-04   2.983568865901e-05   1.649954927981e-04   6.924114058511e-06   5.656451364510e-07   1.147789732094e-06  -8.097077489095e-05  -1.307413151833e-04   2.998217747864e-05   1.648324283674e-04   6.931793374751e-06   7.146271321290e-07  -1.065538029848e-06
   3.712684002414e-01   5.457417224324e-01  -2.933249578306e-01  -3.579481801519e-01   1.148897737692e-01   2.305478557433e-01  -6.369214457375e-02  -7.878097416307e-02   2.172162520562e-02   1.354782723201e-02  -2.224110479955e-04   4.352055474938e-09   2.998217168022e-08  -9.543790553660e-06   2.908234523853e-10   1.199566691301e-09   4.909662502016e-04  -9.895830636508e-09  -6.588444152058e-08   3.129771524142e-04  -5.549775392772e-09  -4.232884676099e-08  -1.028351765065e-03   1.895470033062e-08   1.355167722455e-07  -7.939718296177e-04   1.771399743347e-08   1.174570516537e-07   9.298995692092e-04  -1.995713039125e-08  -1.216719492235e-07   2.056649765098e-03  -4.264670928613e-08  -3.351857644913e-07   5.009549319454e-04  -2.322365592577e-08  -1.356035096672e-07   9.123790581785e-10   7.533960765977e-10   2.029877252538e-05   4.852006212478e-09  -3.515831036489e-05  -5.019387615396e-10  -2.472665382734e-10  -7.171030976916e-06  -3.293300310511e-09   1.242030344341e-05  -6.647487873143e-10  -1.106711661024e-09  -2.185101609456e-05  -3.887568077180e-09   3.784710618559e-05   6.111678933765e-10   2.124336570452e-10   5.624199454600e-06   6.786821490506e-09  -9.739737521768e-06   1.259253115266e-09   3.484324641588e-10  -1.935763384974e-05   1.294791029365e-08   3.352188996940e-05  -1.610790276084e-05  -2.039019203910e-05   6.188342117679e-04   2.281628046847e-08   2.584516002660e-07  -1.207781804278e-05   1.350252292533e-03   3.843551177818e-08   4.484242731957e-07  -1.106041080404e-03  -2.193265633224e-04   2.467874696212e-08   1.744246107491e-07  -1.913691454999e-03  -1.963833327993e-04   4.086457804575e-08   1.196792948944e-07  -1.889701405960e-09  -3.150866845254e-09  -1.730075913653e-04   3.244826078219e-08   2.996731694809e-04  -1.955006431695e-04  -3.109824523625e-04   6.112640510794e-05   3.838857134844e-04   1.713820081101e-05  -2.683596448153e-06  -1.529913014195e-07  -1.955992746532e-04  -3.112774761823e-04   6.092602562483e-05   3.841319403385e-04   1.712754609593e-05   1.185736353551e-06   2.407743217294e-06  -1.954316897151e-04  -3.108099442059e-04   6.127986601246e-05   3.837629912559e-04   1.714283717039e-05   1.499146089266e-06  -2.233224442744e-06
  -1.318885373932e-01  -2.933249578306e-01   5.089631009830e-01   6.352339525078e-01  -2.856606098778e-01  -5.101160463266e-01   1.494231651260e-01   1.879999996257e-01  -5.273022503962e-02  -3.214045408557e-02   5.407354164758e-04  -1.108632929478e-08  -7.362573386769e-08   3.539280416437e-05  -9.755535937072e-10  -4.674514958564e-09  -1.199114888877e-03   2.452970012431e-08   1.622462055707e-07  -7.618192148529e-04   1.424091053604e-08   1.042549715374e-07   2.484055366438e-03  -4.654792343642e-08  -3.304604892350e-07   1.953162585690e-03  -4.303332443621e-08  -2.884360044530e-07  -2.293105845086e-03   4.764267676490e-08   2.966466122115e-07  -4.923880741326e-03   1.049381597250e-07   8.200080053327e-07  -1.311640529144e-03   5.430946029709e-08   3.340708127863e-07  -2.191055870589e-09  -1.370610088926e-09  -5.233167838968e-05  -1.006445969106e-08   9.064085473850e-05   1.054472335585e-09   1.000271895728e-09   1.243213237825e-05   8.583492566324e-09  -2.153223575758e-05   2.054855285566e-09   3.054219582188e-09   6.485926591154e-05   1.183465035530e-08  -1.123393215651e-04  -9.328085515709e-10   7.238598308422e-10  -2.673441797393e-06  -1.071323575709e-08   4.627291244889e-06  -3.569621531075e-09  -2.285467717775e-09   4.473402479660e-05  -3.924994771529e-08  -7.746671131588e-05   3.191465394253e-05   3.542838015789e-05  -1.478840492095e-03  -5.406849355723e-08  -6.155886506572e-07   6.000741950790e-05  -3.196339594714e-03  -9.446288648262e-08  -1.091947677966e-06   2.664395664572e-03   5.543766523682e-04  -5.927415864017e-08  -4.395177989697e-07   4.094399982309e-03   4.281046179057e-04  -7.791749558659e-08  -2.063397819930e-07   4.481052229323e-09   1.971378216886e-08   4.062507462719e-04  -7.522175162727e-08  -7.036764930483e-04   4.787702402574e-04   7.275739912338e-04  -7.214145939360e-05  -8.395909435858e-04  -4.452535669414e-05   3.486149626009e-06   1.819692308245e-07   4.790099637138e-04   7.282434886968e-04  -7.164269839081e-05  -8.400685191852e-04  -4.451389145576e-05  -1.536426721907e-06  -3.134743724710e-06   4.786029488640e-04   7.271801142472e-04  -7.251013879731e-05  -8.393405926421e-04  -4.452849676462e-05  -1.953347976432e-06   2.891583103513e-06
  -1.616970856966e-01  -3.579481801519e-01   6.352339525078e-01   8.277420668470e-01  -4.787692366179e-01  -8.024359973481e-01   2.597848705428e-01   3.250607002752e-01  -9.293712590545e-02  -5.582476375667e-02   8.910429926889e-04  -1.523117796092e-08  -1.164809490412e-07   5.979268587625e-05  -9.743753660408e-10  -7.328520701870e-09  -2.031608147011e-03   3.784312970803e-08   2.657617333538e-07  -1.296311373594e-03   2.169892040603e-08   1.708614189165e-07   4.216600465376e-03  -7.737718488044e-08  -5.464058639567e-07   3.302760686143e-03  -7.012133454102e-08  -4.722692005285e-07  -3.894965925816e-03   7.944056565764e-08   4.837700143497e-07  -8.292596712510e-03   1.783467414145e-07   1.365591644345e-06  -2.303274141836e-03   9.081683679246e-08   5.521561299593e-07  -3.373319245437e-09  -5.095966962493e-09  -5.861641232985e-05  -2.537275721562e-08   1.015250245882e-04   1.320584375950e-09  -1.094180546114e-09   2.612939015431e-05   3.684060297394e-09  -4.525738442911e-05   1.135989784467e-09   7.944768156242e-10   4.585388514338e-05   4.491887217591e-10  -7.942376974203e-05  -3.576170106835e-09  -1.476398509099e-09  -6.544789320787e-05  -3.181042733651e-08   1.133514739239e-04  -5.388824303634e-09  -5.765845862165e-09   9.914903927022e-05  -6.839297135641e-08  -1.717059938766e-04   9.209023739014e-05   1.287311320226e-04  -2.677029855952e-03  -9.583663761284e-08  -1.089338479346e-06  -8.284716426095e-05  -5.739538992574e-03  -1.709650504488e-07  -1.955275881063e-06   4.452989706146e-03   8.459279791685e-04  -1.074815691740e-07  -8.285582322922e-07   6.719230728059e-03   7.200689512973e-04  -1.178606623214e-07  -2.929310742678e-07   7.862869978196e-09   4.348864612714e-08   7.149154004135e-04  -1.336676258350e-07  -1.238316350703e-03   8.321740664392e-04   1.245040874843e-03  -3.020528008002e-05  -1.394641210810e-03  -8.984382049510e-05   1.061721119654e-05   6.057428322695e-07   8.325863471187e-04   1.246165226221e-03  -2.931355207509e-05  -1.395377966032e-03  -8.983370398925e-05  -4.704449403304e-06  -9.552632413976e-06   8.318869791784e-04   1.244378210293e-03  -3.085112041583e-05  -1.394240046534e-03  -8.984343869165e-05  -5.921268944252e-06   8.821401356276e-06
   4.705003905462e-02   1.148897737692e-01  -2.856606098778e-01  -4.787692366179e-01   5.915993944888e-01   8.811480268611e-01  -3.729124977237e-01  -4.549787551888e-01   1.388389853804e-01   8.128172955333e-02  -1.348215869896e-03   2.008758824740e-08   1.685746002169e-07  -1.212764735874e-04   1.442861919715e-09   1.458771782562e-08   3.010135387215e-03  -5.091505306535e-08  -3.783684933869e-07   1.972680457905e-03  -3.036123950077e-08  -2.488337850746e-07  -6.050205723696e-03   1.086122501712e-07   7.577269541312e-07  -4.795663387598e-03   9.639941630484e-08   6.528762534224e-07   5.579654694237e-03  -1.098285683827e-07  -6.538114984026e-07   1.166617826523e-02  -2.548390660668e-07  -1.898161194445e-06   3.485347631778e-03  -1.250824350628e-07  -7.613624502959e-07   5.795539503826e-09   1.197220275920e-08   5.191398856769e-05   5.531497185654e-08  -8.991304683150e-05   6.394225019042e-10   6.769105417858e-09  -1.898564613015e-05   2.145565139712e-08   3.288701925070e-05   1.738491295933e-09   6.588151444825e-09   4.783785200708e-05   3.416884730811e-08  -8.284941777946e-05   7.236387646770e-09   6.195328084583e-09   1.899914239899e-04   6.508101577229e-08  -3.290613076105e-04   7.048747998391e-09   1.252517691738e-08  -1.756241122259e-04   1.065815574227e-07   3.041548607474e-04  -1.929400540725e-04  -2.932122682724e-04   4.090000182485e-03   1.424918904328e-07   1.627335760829e-06   4.149610621786e-04   8.681847309023e-03   2.625508835372e-07   2.969338746296e-06  -6.218340473337e-03  -1.055780170265e-03   1.639040009376e-07   1.338622663123e-06  -8.811780057363e-03  -9.802138890514e-04   1.287357318153e-07   2.622165540866e-07  -1.155698091271e-08  -8.532227737084e-08  -1.056824451844e-03   2.001364177534e-07   1.830530525485e-03  -1.222745126859e-03  -1.773869134781e-03  -1.678007591625e-04   1.874983604679e-03   1.549537787921e-04  -2.243260149179e-05  -1.325711042519e-06  -1.223344844959e-03  -1.775429751887e-03  -1.691594252066e-04   1.875825398333e-03   1.549613645673e-04   9.964827938693e-06   2.019395266001e-05  -1.222327950931e-03  -1.772942269261e-03  -1.668500404690e-04   1.874486532718e-03   1.549401261670e-04   1.248415626298e-05  -1.864903601013e-05
   9.822822955641e-02   2.305478557433e-01  -5.101160463266e-01  -8.024359973481e-01   8.811480268611e-01   1.382587296007e+00  -7.019057357300e-01  -8.238520184919e-01   2.729383725519e-01   1.600803974759e-01  -2.662835611941e-03   6.048638069099e-08   3.803358955689e-07  -2.258575488725e-04   6.169572186049e-09   3.260206823991e-08   6.196524397734e-03  -1.347875235613e-07  -8.775191049097e-07   4.076717098499e-03  -8.626291037848e-08  -5.838333855194e-07  -1.327203748802e-02   2.610422055100e-07   1.846344216607e-06  -1.109619881101e-02   2.424909465535e-07   1.666037199472e-06   1.285259094019e-02  -2.567610529622e-07  -1.698966425070e-06   2.633669540472e-02  -5.849770218763e-07  -4.585912967714e-06   7.851740838321e-03  -2.782234571143e-07  -1.907729930196e-06   8.159348240021e-09  -4.241747234883e-09   3.438446539670e-04   2.976651725733e-09  -5.955612485554e-04  -4.525217502567e-09  -1.378725931629e-08   1.465024500244e-05  -6.650827960313e-08  -2.538339793624e-05  -2.601204855538e-08  -3.749714280888e-08  -7.665163001264e-04  -1.884766312804e-07   1.327631189614e-03  -1.162647273135e-08  -2.844145234331e-08  -4.243072818970e-04  -8.661679642762e-08   7.349228967510e-04   2.943845341166e-08   2.022538527719e-08  -7.172853343861e-05   2.971078292696e-07   1.241675100093e-04   1.047815931047e-04   3.053288494334e-04   6.960288599205e-03   2.667541498190e-07   3.038315445146e-06  -1.552184285703e-03   1.500528470156e-02   4.880923292275e-07   5.504744587659e-06  -1.459173444918e-02  -3.721566775456e-03   2.850948920653e-07   2.197896051862e-06  -1.720745524085e-02  -1.797026596091e-03   2.533175912703e-07   4.556842231148e-07  -2.261862936717e-08  -1.776150173851e-07  -1.953674771931e-03   3.517149452534e-07   3.383968967782e-03  -2.544186798565e-03  -3.585684220524e-03  -1.524890458518e-05   3.687679651123e-03   2.071012373521e-04   2.655024619070e-05   1.863101685914e-06  -2.545500002831e-03  -3.588952420654e-03  -1.789526215913e-05   3.689283079529e-03   2.071237741349e-04  -1.186883358876e-05  -2.379007739235e-05  -2.543286137781e-03  -3.583742909234e-03  -1.341234912774e-05   3.686752986724e-03   2.070722482943e-04  -1.466873706235e-05   2.223142146027e-05
  -2.676291560714e-02  -6.369214457375e-02   1.494231651260e-01   2.597848705428e-01  -3.729124977237e-01  -7.019057357300e-01   7.025478366331e-01   7.601030130974e-01  -3.310670405411e-01  -1.896932735302e-01   3.862861545757e-03  -8.385743552031e-08  -5.513497733202e-07   3.661026720736e-04  -8.801270320598e-09  -5.245528506211e-08  -8.816077857908e-03   1.863076777532e-07   1.255104743458e-06  -6.040514849923e-03   1.255134886455e-07   8.638820497928e-07   1.818426473767e-02  -3.589738753611e-07  -2.575508327672e-06   1.627730361619e-02  -3.429437358420e-07  -2.415265710626e-06  -1.722085652686e-02   3.397472532274e-07   2.339066567827e-06  -3.451729789280e-02   7.762163705914e-07   6.121245662628e-06  -1.070903333929e-02   3.528668479347e-07   2.577758317295e-06  -2.805602656868e-08  -2.201905651073e-09  -8.231769323508e-04  -1.019768285414e-07   1.425783525491e-03  -5.018785742939e-09   1.535241389129e-08  -2.327518879997e-04   3.238417466242e-08   4.031457457689e-04   7.114908972189e-08   8.750796897210e-08   1.794428895860e-03   5.235638319157e-07  -3.107998642767e-03   5.610841484887e-08   7.580729380026e-08   1.413926013932e-03   4.090129872009e-07  -2.448965045187e-03  -5.077154670346e-08  -2.559148186226e-08  -1.938999490566e-04  -4.592038560903e-07   3.359260705537e-04  -5.906563278148e-04  -1.181048037290e-03  -7.240377418130e-03  -3.135891789595e-07  -3.498418912968e-06   3.944582032369e-03  -1.586411615944e-02  -5.780788062701e-07  -6.316091021183e-06   1.951496895844e-02   6.088353710607e-03  -3.148828076174e-07  -2.312452138054e-06   1.870683998281e-02   1.852022587818e-03  -2.301134983408e-07  -2.179138570936e-07   2.745426365133e-08   2.379013167468e-07   2.206571240926e-03  -3.864306098466e-07  -3.822001861732e-03   3.138376435126e-03   4.223384564303e-03  -2.067663646720e-05  -4.132099649704e-03  -1.721427080250e-04  -8.438211383728e-05  -5.549445064966e-06   3.140117841685e-03   4.227464329833e-03  -1.749173299778e-05  -4.133568163094e-03  -1.721785247614e-04   3.763071925386e-05   7.575463911675e-05   3.137216766107e-03   4.220970104888e-03  -2.280392164830e-05  -4.131195578581e-03  -1.721043134301e-04   4.675445308286e-05  -7.045080475246e-05
  -3.287560410422e-02  -7.878097416307e-02   1.879999996257e-01   3.250607002752e-01  -4.549787551888e-01  -8.238520184919e-01   7.601030130974e-01   8.477661508284e-01  -4.542140992913e-01  -2.487351231779e-01   2.907892480916e-03  -4.891321902554e-08  -3.435381373923e-07   2.594397425551e-04  -4.287415116317e-09  -3.042694971107e-08  -6.693977137292e-03   1.192227078435e-07   7.917786064833e-07  -4.609262385902e-03   7.759956656476e-08   5.460326492411e-07   1.499248480692e-02  -2.737591326924e-07  -1.756621665730e-06   1.232903760458e-02  -2.454445963216e-07  -1.522241642196e-06  -1.664917981553e-02   3.061906793908e-07   1.707868679496e-06  -3.338707619425e-02   7.390409126690e-07   5.157280310424e-06  -1.126214329177e-02   3.427437456832e-07   2.066774584179e-06   2.609307533436e-08  -4.523771555291e-09   6.506959762027e-04   1.161515744050e-07  -1.127028833082e-03   1.013143817623e-08  -1.696126942744e-08   2.686336366445e-04  -2.696602536151e-09  -4.652919252151e-04  -7.078954120894e-08  -9.744602737861e-08  -1.516232259754e-03  -6.170856592091e-07   2.626116860370e-03  -7.267944006409e-08  -8.095277318987e-08  -1.651168401087e-03  -6.092592445811e-07   2.859828458823e-03  -2.372186888107e-08  -6.031453383138e-08   5.678875744013e-04  -3.671087169911e-07  -9.835137161335e-04   8.122691628275e-04   1.271018515207e-03  -1.370993729262e-02  -4.644625156760e-07  -5.517881888645e-06  -2.231344431665e-03  -2.879604186360e-02  -8.837970014739e-07  -1.004248326278e-05   1.804846271778e-02   2.052100402078e-03  -5.475562957844e-07  -5.054711843938e-06   2.240507766248e-02   2.599124180739e-03  -1.881419483757e-07  -5.184878977956e-08   3.495979009763e-08   3.124020977046e-07   3.403923507163e-03  -6.926374795134e-07  -5.895940997054e-03   3.933321512597e-03   5.477900577024e-03   1.557075063137e-03  -5.034660865081e-03  -6.033741863466e-04   1.002917192274e-04   6.047337250620e-06   3.935310795280e-03   5.482787146969e-03   1.561595802624e-03  -5.036134241303e-03  -6.034043967619e-04  -4.457964420680e-05  -9.024099761884e-05   3.931922556311e-03   5.474894110013e-03   1.554099679597e-03  -5.033564027122e-03  -6.033271116071e-04  -5.577196817424e-05   8.344902666093e-05
   9.024538891372e-03   2.172162520562e-02  -5.273022503962e-02  -9.293712590545e-02   1.388389853804e-01   2.729383725519e-01  -3.310670405411e-01  -4.542140992913e-01   7.279763874090e-01   3.667794180805e-01  -5.341738358749e-03   8.941395393904e-08   4.133281174252e-07  -4.975469770675e-04   8.065587771851e-09   3.795374478898e-08   1.220278654807e-02  -2.073780121819e-07  -9.229349873301e-07   8.573061057556e-03  -1.456589912124e-07  -6.708428547865e-07  -2.605488622960e-02   4.560600041308e-07   1.976084523130e-06  -2.452097479329e-02   4.265997375873e-07   1.746944618843e-06   2.929409180575e-02  -4.651800174631e-07  -1.665811653769e-06   5.419409743046e-02  -1.197565285649e-06  -6.055246410189e-06   2.170701826569e-02  -4.479991216778e-07  -1.943807728578e-06   3.106775301844e-09   9.991073144489e-09   3.765998809013e-04  -1.350192607288e-08  -6.522947617766e-04  -3.687410529809e-10   5.059514800560e-08   3.167181773458e-04   8.757898057344e-08  -5.485469551258e-04  -9.516342545934e-09   2.714231526569e-07   3.390587322618e-04   6.100423224577e-07  -5.871015358880e-04  -1.971865586817e-08   2.070523738598e-07   2.578141213124e-04   4.395731570754e-07  -4.464004251510e-04   7.523828455037e-08   1.496506769000e-07  -4.518223024980e-04   8.323595741301e-07   7.824661588151e-04  -2.708343393483e-04  -1.386090188680e-04   1.963490286284e-02   6.170981666731e-07   8.590650054002e-06  -1.324551991404e-03   4.076507217884e-02   1.276060471772e-06   1.590808718367e-05  -3.133030024927e-02  -5.635686103188e-03   7.292753941670e-07   8.347139910535e-06  -1.880749864250e-02  -2.337807963684e-03  -3.185952529212e-07  -2.494081368908e-06  -4.252191868792e-08  -7.571619301082e-07  -4.894953961771e-03   1.084817724546e-06   8.478463957590e-03  -6.654545283965e-03  -8.213527235872e-03  -4.274897665919e-03   5.222809167966e-03   9.169104516606e-04   2.270697391659e-05   1.867369109869e-06  -6.657965686095e-03  -8.220563745618e-03  -4.282035655771e-03   5.221381990496e-03   9.172099107211e-04  -1.012751884809e-05  -2.002559998731e-05  -6.651985006195e-03  -8.208801106601e-03  -4.270527554691e-03   5.222710261655e-03   9.167077572046e-04  -1.251195991988e-05   1.923716002844e-05
   5.672053388672e-03   1.354782723201e-02  -3.214045408557e-02  -5.582476375667e-02   8.128172955333e-02   1.600803974759e-01  -1.896932735302e-01  -2.487351231779e-01   3.667794180805e-01   1.986018466449e-01  -7.780035872418e-03   1.385142128354e-07   1.732326960536e-06  -7.885849730165e-04   1.369107287719e-08   1.632496016722e-07   1.756954612931e-02  -3.137034369772e-07  -4.041936316011e-06   1.196756028153e-02  -2.163650653522e-07  -2.758698096340e-06  -3.456941940613e-02   6.328879595730e-07   8.559348715945e-06  -3.636056564451e-02   6.429456907594e-07   8.791224819535e-06   3.986285713104e-02  -6.647203372570e-07  -9.438967374905e-06   7.287235478638e-02  -1.521599288398e-06  -2.093878407401e-05   2.522938853535e-02  -6.494522054421e-07  -1.086872320030e-05   1.953513579833e-08   4.506801281017e-08  -7.842251838907e-04   2.642447544808e-07   1.358324837332e-03   2.614327833851e-08  -1.464121695179e-07  -8.816474772227e-04  -5.340160675206e-08   1.526973107149e-03   6.959982693936e-08  -1.040892390091e-06  -2.041414094857e-03  -1.400512145450e-06   3.535303083521e-03   6.979199824552e-08  -9.462820400956e-07  -1.118132529611e-03  -1.288890362425e-06   1.936190812499e-03   1.722849681719e-07  -6.828932900598e-08   3.812633229190e-03   1.540159236158e-06  -6.603815829102e-03   5.085811473439e-03   8.392077786036e-03  -5.042199052643e-03   1.042430150622e-06   4.727240170815e-06  -2.061021397482e-02  -7.743608057068e-03   1.743656402726e-06   8.123078185713e-06  -3.974905869111e-02  -2.576733168028e-02   9.236212692167e-07   1.324960136913e-06  -7.071291842389e-03   2.446921631554e-04  -3.763666277260e-07  -2.554234894068e-06  -9.014845138565e-08  -1.144612684862e-06  -6.477057094100e-04  -6.311859565632e-07   1.121177006263e-03  -2.943956343198e-03  -2.227847893411e-03   1.608772921753e-03   2.599176023424e-03  -6.973132967186e-04   4.818268953841e-04   3.074101266648e-05  -2.951150992192e-03  -2.239259518642e-03   1.603106282193e-03   2.596806880430e-03  -6.971562874791e-04  -2.147836509229e-04  -4.332784148986e-04  -2.940890966002e-03  -2.222993994446e-03   1.611565878634e-03   2.599633617873e-03  -6.974590536562e-04  -2.672313938386e-04   4.016830516714e-04
  -9.299881643671e-05  -2.224110479955e-04   5.407354164758e-04   8.910429926889e-04  -1.348215869896e-03  -2.662835611941e-03   3.862861545757e-03   2.907892480916e-03  -5.341738358749e-03  -7.780035872418e-03   8.094245192684e-01   2.377328613675e-08   1.626261090430e-07   2.447554662675e-01   1.743083749263e-09   1.195854929287e-08  -2.915880222779e-01  -5.343810594290e-08  -3.655852068052e-07  -2.471829489721e-01  -3.453954825804e-08  -2.362904497740e-07   8.463262443331e-02   1.103648243483e-07   7.532440307443e-07   1.215076980080e-01   9.618975742954e-08   6.647673830133e-07  -6.157068076522e-03  -1.224265083114e-07  -8.456575948460e-07  -1.421555137808e-02  -2.145128809767e-07  -1.459863898337e-06  -6.593132070962e-03  -2.585868492883e-07  -1.761199112926e-06  -2.179205023686e-08  -7.615797475669e-09  -3.580805743650e-04  -1.399464616290e-07   6.202098751995e-04  -7.033351492371e-09  -3.018619539470e-09  -1.413679431310e-04  -4.745183491295e-08   2.448549138052e-04   5.156308656595e-08   2.061516270629e-08   9.104050620078e-04   3.363644360111e-07  -1.576857192873e-03   3.391625727975e-08  -1.546391682761e-10   5.303575831522e-04   2.080050850074e-07  -9.186073854508e-04  -8.656997908573e-08  -1.101094195297e-08  -1.394477586484e-03  -5.437297330217e-07   2.415300089808e-03  -1.115642305008e-03  -1.901229258058e-03   5.926435298216e-03   1.210958576457e-07   1.471681064279e-06   4.376247173452e-03   1.090779113340e-02   2.148670301499e-07   2.638696183836e-06   8.283663649097e-03   9.347325121230e-03   1.364629772707e-07   2.475311155370e-06  -7.703046336597e-04  -5.476581254658e-04   4.467598441819e-08   5.511642472522e-07  -9.148393739444e-09  -1.951277120246e-08  -6.465654594829e-04   1.152587900637e-07   1.119916126229e-03  -8.124538484348e-04  -1.934452647374e-03  -1.551578007108e-03  -4.969943707904e-05   3.520923603088e-04   4.052642409193e-05   2.719340540910e-06  -8.121798819890e-04  -1.934383038244e-03  -1.552725782203e-03  -4.895356360133e-05   3.522446277651e-04  -1.796916958280e-05  -3.617354835979e-05  -8.125340797642e-04  -1.934441062706e-03  -1.550931528704e-03  -5.011591022224e-05   3.519946035436e-04  -2.249118969851e-05   3.398773565902e-05
   1.792886813162e-09   4.352055474938e-09  -1.108632929478e-08  -1.523117796092e-08   2.008758824740e-08   6.048638069099e-08  -8.385743552031e-08  -4.891321902554e-08   8.941395393904e-08   1.385142128354e-07   2.377328613675e-08   8.106791276890e-01   1.468977359437e-08   1.773919036659e-09   2.448394561081e-01   3.840732149771e-10  -5.356079582122e-08  -2.943771166255e-01  -3.034848602371e-08  -3.427870476874e-08  -2.490658099929e-01  -2.652816538228e-08   1.096979968674e-07   9.061976758272e-02   7.980359757829e-08   9.797417903723e-08   1.261496372795e-01   3.629246327248e-08  -1.283272152657e-07  -1.159787991855e-02  -3.597584919985e-08  -1.941152666915e-07  -2.735395310211e-02  -1.701748424277e-07  -2.680611070511e-07  -2.039612402515e-02  -3.507618189375e-07  -7.264544786495e-05   2.306508611479e-06  -1.027590279654e-05  -2.832749557510e-08  -5.949845884403e-06   3.150814325969e-05   5.385279650052e-07  -2.428192307490e-06  -9.042326707177e-09  -1.406114778130e-06   6.320194341093e-05  -4.937963213596e-06   2.206295323581e-05   6.926225588993e-08   1.277560078035e-05  -4.421039398028e-05  -4.550494242726e-06   2.026797232051e-05   3.148691447803e-08   1.172758479520e-05   4.127941671845e-04   1.439980652339e-05  -6.407742855110e-05  -7.974859579997e-08  -3.706669878494e-05   2.204810089136e-08   3.785419575777e-08  -6.453257866518e-08   4.800573100252e-04   1.535198176982e-07  -1.179544173709e-07  -1.333787542474e-07   4.562398566648e-04   2.790082709832e-07  -7.187405000541e-08  -5.009884568210e-08  -4.913111943664e-04   8.969219603542e-07  -3.783429070219e-08   2.222815749062e-10   1.528523700869e-03   2.328911564252e-07  -8.128976689106e-04   1.196349468981e-05  -5.389658432538e-05   2.701428795064e-08  -3.113460663861e-05   8.169477322217e-04   2.551027434170e-03   2.878914270798e-03  -2.138279997383e-03  -2.844540042681e-05  -1.400253763432e-04  -1.636534726551e-05  -3.634678071339e-04  -1.134740337055e-03  -1.280694244249e-03   9.514696051630e-04   1.279637457786e-05   6.659918849067e-05  -1.029672899736e-04  -4.534672036991e-04  -1.416431742237e-03  -1.598312995449e-03   1.186862892670e-03   1.568056750754e-05   3.825947803587e-05   1.193380017925e-04
   1.250836683198e-08   2.998217168022e-08  -7.362573386769e-08  -1.164809490412e-07   1.685746002169e-07   3.803358955689e-07  -5.513497733202e-07  -3.435381373923e-07   4.133281174252e-07   1.732326960536e-06   1.626261090430e-07   1.468977359437e-08   8.106791381498e-01   1.155540344824e-08   3.840732330833e-10   2.448394562694e-01  -3.638740514097e-07  -3.034846487917e-08  -2.943771377980e-01  -2.401922636163e-07  -2.652825817654e-08  -2.490658297554e-01   7.631459445610e-07   7.980395484979e-08   9.061982658907e-02   6.408979981228e-07   3.629130719811e-08   1.261496580458e-01  -7.739022683015e-07  -3.597116012867e-08  -1.159789415458e-02  -1.552371069926e-06  -1.701869421136e-07  -2.735410146328e-02  -2.019822111975e-06  -3.507573995021e-07  -2.039635688277e-02  -2.832753906652e-08  -1.187107138517e-05  -1.919658442652e-06  -7.266607760922e-05  -1.221989084143e-06  -9.042055123519e-09  -2.807049667098e-06  -4.590359473062e-07   3.150135492128e-05  -2.931367469010e-07   6.926134288226e-08   2.549221146901e-05   4.131237631946e-06   6.325312102976e-05   2.637357782767e-06   3.148893414265e-08   2.341162849018e-05   3.810510774114e-06  -4.418926532554e-05   2.363403207377e-06  -7.974971788116e-08  -7.400938782029e-05  -1.207624753742e-05   4.127451320901e-04  -7.389920031475e-06   1.696545801946e-07   3.012292474717e-07  -3.231914754956e-07   1.535086214946e-07   4.801240454009e-04  -7.844374994554e-07  -5.973058333001e-07   2.790100054944e-07   4.564360393134e-04  -2.147652702963e-06   5.046004285721e-08   8.969723910097e-07  -4.904320710605e-04  -2.365517990205e-06  -1.786687817902e-07   2.329565476093e-07   1.528544168731e-03   2.702909733310e-08  -6.228259973151e-05  -1.047563906775e-05  -8.129021234325e-04  -5.965764920160e-06   5.194472967354e-05   1.620060887677e-04   1.830045976144e-04  -1.355642165922e-04  -1.851393724489e-06  -1.634404989545e-05   1.166041581976e-04  -7.334971292563e-04  -2.289745700240e-03  -2.584396437169e-03   1.920238705118e-03   2.579638653098e-05  -1.029517119970e-04  -9.012891466611e-05   6.815256044502e-04   2.128252484558e-03   2.401962924250e-03  -1.783146907454e-03  -2.362177106131e-05   1.193011287417e-04  -6.158810638575e-05
  -3.089264796402e-06  -9.543790553660e-06   3.539280416437e-05   5.979268587625e-05  -1.212764735874e-04  -2.258575488725e-04   3.661026720736e-04   2.594397425551e-04  -4.975469770675e-04  -7.885849730165e-04   2.447554662675e-01   1.773919036659e-09   1.155540344824e-08   8.067819383710e-02  -6.888493582024e-11  -5.307664758245e-10  -3.675105451065e-02  -4.766723040623e-09  -3.133088037100e-08  -3.564309908399e-02  -2.916789325185e-09  -1.913656333287e-08   7.193202416381e-03   1.061736940631e-08   7.026112814887e-08   1.320556849431e-02   9.000008196575e-09   5.972094583245e-08  -8.209156674105e-04  -1.196503680524e-08  -7.971826719667e-08  -1.310885215529e-03  -2.074950820963e-08  -1.361660410469e-07  -7.034809965813e-04  -2.523847646380e-08  -1.710072982632e-07  -2.109658668795e-09   1.724005095659e-10  -2.335470760143e-05  -1.137282471760e-08   4.045171588078e-05  -6.886513713661e-10   5.341958399363e-10  -7.194366498138e-06  -2.956854913100e-09   1.246135545887e-05   4.958871186492e-09   3.180020359216e-09   9.206840770954e-05   3.472617427044e-08  -1.594654388783e-04   3.236769551664e-09   4.648043068808e-10   4.937563828874e-05   2.071845628045e-08  -8.552094642759e-05  -8.946358538453e-09  -4.138212997188e-10  -1.390268444300e-04  -5.466148750181e-08   2.408013720316e-04  -1.172605044313e-04  -2.027533161086e-04   6.041446019267e-04   1.156691019137e-08   1.453100570838e-07   4.695450336034e-04   1.113231638182e-03   2.100765628495e-08   2.702333894823e-07   9.022393211169e-04   9.599322190563e-04   1.060541744875e-08   2.415970718982e-07  -5.891562146125e-05  -5.795232117658e-05   3.085035693265e-09   5.182171797936e-08  -7.972165203241e-10  -5.108567570492e-09  -6.513998700549e-05   9.982682183983e-09   1.128265242692e-04  -7.793705995961e-05  -1.991265987373e-04  -1.686937888809e-04  -7.769778369898e-06   3.466991845062e-05   4.883456574260e-06   3.256244914346e-07  -7.790653158318e-05  -1.991082163645e-04  -1.688193603642e-04  -7.695452949512e-06   3.469108211383e-05  -2.165011678259e-06  -4.360022021994e-06  -7.794597255100e-05  -1.991326793328e-04  -1.686245593130e-04  -7.813254779649e-06   3.465670814770e-05  -2.710982708756e-06   4.094340238887e-06
   1.025482321871e-10   2.908234523853e-10  -9.755535937072e-10  -9.743753660408e-10   1.442861919715e-09   6.169572186049e-09  -8.801270320598e-09  -4.287415116317e-09   8.065587771851e-09   1.369107287719e-08   1.743083749263e-09   2.448394561081e-01   3.840732330833e-10  -6.888493582024e-11   8.067215967875e-02  -2.542218726825e-10  -4.711779695864e-09  -3.698075937913e-02  -1.422517672016e-09  -2.843575384617e-09  -3.579161152078e-02  -1.689096721541e-09   1.041407856989e-08   7.748028652127e-03   7.388488696401e-09   9.043306289876e-09   1.360356050191e-02   1.540457851340e-09  -1.241113654530e-08  -1.312727936787e-03  -1.308908949326e-09  -1.821649012737e-08  -2.557809687653e-03  -1.807101493944e-08  -2.613910060260e-08  -2.049587544801e-03  -3.106579449610e-08  -1.160963744965e-05   2.736939300351e-07  -1.218497616085e-06  -1.944088448861e-09  -7.051283868269e-07   5.163757991930e-06   8.563777189984e-08  -3.866968222274e-07  -2.084624482282e-10  -2.235381989517e-07   3.172199625658e-06  -4.046902117675e-07   1.810183648437e-06   6.926769900612e-09   1.048597715532e-06  -6.312970980960e-06  -4.060048981965e-07   1.809220171105e-06   2.808437723069e-09   1.046908452409e-06   3.982233583458e-05   1.460778988026e-06  -6.501220049819e-06  -7.465286821730e-09  -3.760799405473e-06   2.211946394665e-09   3.861625132383e-09  -6.483025994478e-09   4.444493986233e-05   1.555947775372e-08  -1.227136529809e-08  -1.341287439758e-08   3.691506837506e-05   3.162639353090e-08  -6.657857951032e-09  -4.991772355774e-09  -6.165827279954e-05   9.234175257184e-08  -4.946832843648e-09  -2.682954100842e-10   1.727752118795e-04   1.200495656950e-08  -8.022981785940e-05   7.369515172818e-07  -3.330632436430e-06   1.120213815690e-09  -1.924834109174e-06   7.706681985193e-05   2.559223530682e-04   2.751201735587e-04  -2.269760799915e-04  -1.892863030867e-06  -1.451880658502e-05  -1.722820463363e-06  -3.428878477931e-05  -1.138357180641e-04  -1.223897359498e-04   1.009841847619e-04   8.575405610503e-07   7.232038805048e-06  -1.083744607602e-05  -4.277654010767e-05  -1.421020259237e-04  -1.527380307478e-04   1.259975725208e-04   1.038629655179e-06   4.246857203345e-06   1.256258067212e-05
   3.790617389866e-10   1.199566691301e-09  -4.674514958564e-09  -7.328520701870e-09   1.458771782562e-08   3.260206823991e-08  -5.245528506211e-08  -3.042694971107e-08   3.795374478898e-08   1.632496016722e-07   1.195854929287e-08   3.840732149771e-10   2.448394562694e-01  -5.307664758245e-10  -2.542218726825e-10   8.067215946567e-02  -3.209471729819e-08  -1.422536239249e-09  -3.698076014250e-02  -2.015015648505e-08  -1.689109371605e-09  -3.579161270029e-02   7.312160052948e-08   7.388548765104e-09   7.748034021351e-03   5.945977929990e-08   1.540397712380e-09   1.360356077806e-02  -7.515526808969e-08  -1.308497592830e-09  -1.312727359695e-03  -1.482847244886e-07  -1.807232744878e-08  -2.557825365968e-03  -1.951702647780e-07  -3.106522247385e-08  -2.049607506276e-03  -1.943751408520e-09  -1.407349886993e-06  -2.281991011166e-07  -1.161081575699e-05  -1.433383091356e-07  -2.083189031922e-10  -4.468226107790e-07  -7.418102346333e-08   5.163742490048e-06  -4.490867302576e-08   6.925812901791e-09   2.091938792216e-06   3.376019935158e-07   3.177320392987e-06   2.198591449210e-07   2.807924618249e-09   2.089956946566e-06   3.395937249066e-07  -6.311206037867e-06   2.123682773765e-07  -7.465606047871e-09  -7.508915067149e-06  -1.225480832242e-06   3.981794276527e-05  -7.497899532280e-07   1.583449787469e-08   2.905267704193e-08  -3.275950063405e-08   1.555848011214e-08   4.445190490677e-05  -7.759280386617e-08  -5.863433937042e-08   3.162589438368e-08   3.693820874516e-05  -2.058185051142e-07   6.555791746179e-09   9.234627419966e-08  -6.156769634989e-05  -1.889274815447e-07  -2.615855144635e-08   1.200921917859e-08   1.727669443501e-04   1.122060143441e-09  -3.850994887616e-06  -6.510124104348e-07  -8.023154103654e-05  -3.680256560274e-07   4.901877066334e-06   1.625256566569e-05   1.748395088841e-05  -1.438724136048e-05  -1.253407668144e-07  -1.719820083340e-06   1.249440782173e-05  -6.919581063904e-05  -2.297017695365e-04  -2.469855134569e-04   2.038015360683e-04   1.727475368390e-06  -1.083601474232e-05  -9.264080295240e-06   6.429217700426e-05   2.135124181023e-04   2.295338599578e-04  -1.892919025661e-04  -1.567494776019e-06   1.255814853817e-05  -6.263427286570e-06
   2.035106714347e-04   4.909662502016e-04  -1.199114888877e-03  -2.031608147011e-03   3.010135387215e-03   6.196524397734e-03  -8.816077857908e-03  -6.693977137292e-03   1.220278654807e-02   1.756954612931e-02  -2.915880222779e-01  -5.356079582122e-08  -3.638740514097e-07  -3.675105451065e-02  -4.711779695864e-09  -3.209471729819e-08   5.048180052331e-01   1.223590995306e-07   8.321295470446e-07   3.914548204627e-01   8.074580985576e-08   5.476963153404e-07  -2.058996772182e-01  -2.524119284739e-07  -1.711766302505e-06  -2.554052706044e-01  -2.227765986871e-07  -1.531896046189e-06   1.193944942327e-02   2.799347566552e-07   1.930036525932e-06   3.485968004260e-02   4.930053235044e-07   3.326674676248e-06   1.459773267764e-02   5.977150510061e-07   4.023269352880e-06   5.085703707689e-08   1.452645995902e-08   7.998349507471e-04   3.196935753654e-07  -1.385347646107e-03   1.699952609441e-08   4.013178511296e-09   2.874687655863e-04   1.052381391200e-07  -4.979086847601e-04  -1.178722291898e-07  -4.988477881084e-08  -2.072163319052e-03  -7.728149255600e-07   3.589066253334e-03  -7.742953837420e-08  -8.049442601153e-09  -1.239862264698e-03  -4.922592659056e-07   2.147501928196e-03   1.957893917230e-07   3.346374933072e-08   3.265209844924e-03   1.253175910547e-06  -5.655490625981e-03   2.574226249928e-03   4.366196084490e-03  -1.359343745637e-02  -2.764481638446e-07  -3.392844127468e-06  -1.011243613944e-02  -2.503923046635e-02  -4.862092237000e-07  -5.948198002005e-06  -1.835382265856e-02  -2.131271611163e-02  -3.534395739533e-07  -5.800435078170e-06   2.067653823701e-03   1.231392874085e-03  -1.244091117472e-07  -1.328345908621e-06   2.233081584109e-08  -1.276174864135e-08   1.502621290724e-03  -2.987064281574e-07  -2.602734653454e-03   1.857474347393e-03   4.282658101667e-03   3.409350509415e-03   6.752204259063e-05  -8.355791277637e-04  -5.772140887539e-05  -3.986881249562e-06   1.856830048181e-03   4.282582645797e-03   3.411797958632e-03   6.578842962576e-05  -8.358303189791e-04   2.555749761322e-05   5.137482062192e-05   1.857667832297e-03   4.282550442992e-03   3.407941232870e-03   6.845985878651e-05  -8.354119392601e-04   3.202102406393e-05  -4.853410380842e-05
  -4.088357610985e-09  -9.895830636508e-09   2.452970012431e-08   3.784312970803e-08  -5.091505306535e-08  -1.347875235613e-07   1.863076777532e-07   1.192227078435e-07  -2.073780121819e-07  -3.137034369772e-07  -5.343810594290e-08  -2.943771166255e-01  -3.034846487917e-08  -4.766723040623e-09  -3.698075937913e-02  -1.422536239249e-09   1.223590995306e-07   5.111435613777e-01   6.688425893686e-08   7.998240012058e-08   3.957830795004e-01   5.505008472424e-08  -2.503841247065e-07  -2.194390181544e-01  -1.727478254158e-07  -2.261873536539e-07  -2.661470087882e-01  -9.378405598816e-08   2.920264310071e-07   2.444113706412e-02   1.048621294658e-07   4.480498552090e-07   6.456044322313e-02   3.505592689780e-07   6.136154528840e-07   4.603297769628e-02   8.422369666104e-07   1.581764763084e-04  -5.522486949203e-06   2.461909415024e-05   6.256485390321e-08   1.425279490485e-05  -1.270826116239e-05  -1.619990695963e-06   7.261092631097e-06   1.979755081621e-08   4.203436334473e-06  -1.607108970357e-04   1.121571364698e-05  -5.010554985447e-05  -1.585816654258e-07  -2.901433237091e-05   8.317495404441e-05   1.003972639596e-05  -4.470890105203e-05  -7.611117209547e-08  -2.587192002412e-05  -9.568041344937e-04  -3.228476312295e-05   1.436411852604e-04   1.889589418830e-07   8.309330170393e-05  -5.062556666430e-08  -8.654886580098e-08   1.477246646165e-07  -1.091702247003e-03  -3.614849599632e-07   2.667422502670e-07   3.054975598526e-07  -1.085089039887e-03  -6.036599731508e-07   1.753261454097e-07   1.173462594860e-07   9.809250607973e-04  -2.011825718617e-06   6.542102964258e-08  -4.842785907504e-09  -3.172088901510e-03  -6.919460425215e-07   1.853604774719e-03  -3.250055448619e-05   1.462848638113e-04  -8.135608633509e-08   8.449623767960e-05  -1.878737936669e-03  -5.704680952752e-03  -6.689433356149e-03   4.658092980829e-03   8.059507913196e-05   3.056765406865e-04   3.539669079847e-05   8.358643157073e-04   2.537590738527e-03   2.975792366470e-03  -2.072900732198e-03  -3.615521898090e-05  -1.412500168654e-04   2.227438807902e-04   1.042846781200e-03   3.167401962979e-03   3.713874956114e-03  -2.585303303413e-03  -4.450816065439e-05  -7.998261252145e-05  -2.581253127531e-04
