ARMA_MAT_TXT_FN008
50 50
  -9.475197678599e+00  -1.192686698150e+01   8.147007818090e-06  -4.421776878998e-06   6.562456788651e-08  -4.399723119372e+00   1.476254367794e-05  -9.020164980866e-06  -8.441577624397e-08  -1.980346601787e+00   8.757761652335e-06  -5.279353553190e-06  -2.863548093666e-08  -8.347564798281e-01   3.188862595825e-06  -1.893841423790e-06  -3.001645727754e-09  -8.073823706069e-06   5.353999647935e-08   1.220455832128e-05   2.350812117296e-07  -2.043321220544e-05  -1.313014167230e-01  -9.535742715337e-01  -1.015526667904e+00  -6.220588313371e-01   4.936831991153e-01   1.004877105244e+00  -1.012683729087e-04  -1.313600895781e-01  -9.537253006370e-01  -1.015580331983e+00  -6.220706293330e-01  -6.420985794555e-01  -1.018932847166e-01  -9.118726400603e-01  -1.309325834712e-01  -9.526167123357e-01  -1.015187913918e+00  -6.219847039910e-01   7.835338465279e-01  -7.970066191951e-01  -1.169534357322e-03  -1.313758172083e-01  -9.537663491127e-01  -1.015594789512e+00  -6.220737797120e-01  -6.402085359699e-01  -1.026765273404e-01   9.132157931675e-01
  -1.192686698150e+01  -8.697650676054e+00   1.040312414025e-05  -6.496279733345e-06  -1.207921767217e-07  -3.920664162745e+00   1.603623154163e-05  -1.039404177523e-05  -2.308446177797e-07  -1.858092520192e+00   9.169003784665e-06  -5.796622779605e-06  -9.091919788396e-08  -7.969968640907e-01   2.932780749436e-06  -1.809638731808e-06  -1.739132762058e-08  -7.419779310420e-06   6.374815977844e-08   2.386478507105e-05   3.095993281547e-07  -3.130365423867e-05  -1.525498359664e-01  -9.094962298140e-01  -9.643975496409e-01  -5.952324358632e-01   4.834314143978e-01   9.840138837118e-01  -9.918331388774e-05  -1.526123614129e-01  -9.096341532389e-01  -9.644475448419e-01  -5.952435866372e-01  -6.287506468374e-01  -9.977543476226e-02  -8.929207769775e-01  -1.521489481339e-01  -9.086164454882e-01  -9.640803633114e-01  -5.951620065735e-01   7.673744287943e-01  -7.805723384255e-01  -1.145437254555e-03  -1.526297382928e-01  -9.096720597706e-01  -9.644611390510e-01  -5.952465927066e-01  -6.268960430462e-01  -1.005417803287e-01   8.942304861342e-01
   8.147007818090e-06   1.040312414025e-05   1.047112914132e+00  -7.843768953585e-05   2.980957352048e-06   1.591295075139e-04  -4.129002163470e-01  -9.520509931425e-05   3.714185854421e-06   1.315625116075e-04  -4.577861698917e-01  -4.256519112289e-05   1.721292224086e-06   6.467015650444e-05  -1.779962191836e-01  -8.946062027025e-06   3.855056650819e-07   3.211850036813e-02  -1.012620204568e-04   8.967365822873e-02   2.401297540859e-04   4.419221124288e-02  -1.827876448890e-01  -1.676230756993e-01  -7.994296973963e-02  -2.238958913259e-02  -1.085683961151e-01   1.406092763913e-01  -1.388105077820e-05   2.376053387649e-01   2.179746916160e-01   1.040802941739e-01   2.921707177672e-02  -6.088199712739e-02   1.849392997827e-02   1.659084317212e-01  -2.903672032389e-01  -2.664270771259e-01  -1.271361301955e-01  -3.563139179918e-02  -2.789996694449e-03  -1.776994219950e-01  -2.603815664670e-04   2.368961303979e-01   2.173195899920e-01   1.037663011249e-01   2.912878015303e-02  -6.159438852169e-02   1.857836519490e-02  -1.656353137671e-01
  -4.421776878998e-06  -6.496279733345e-06  -7.843768953585e-05   1.047467366589e+00   6.292427559001e-07  -1.070789035764e-04  -9.516937876215e-05  -4.122893499530e-01   7.782193851370e-07  -8.625604554011e-05  -4.247810854553e-05  -4.574155510359e-01   3.571618441361e-07  -4.125060601975e-05  -8.884070954351e-06  -1.778881809872e-01   7.859903470081e-08  -9.594735765560e-02   6.662305510498e-05   1.446886704065e-02  -1.014874963271e-04   4.069013917426e-02  -3.722766466086e-01  -3.413476458665e-01  -1.628615135833e-01  -4.568310864625e-02   1.405960004792e-01   1.084891709611e-01  -2.890370560910e-05   3.776925487804e-02   3.459998592791e-02   1.646839176537e-02   4.598857118670e-03   1.848412377962e-02  -1.746541807006e-01   2.631947457626e-02   2.956021420337e-01   2.711228309339e-01   1.293320163283e-01   3.625176783929e-02  -1.776664737989e-01   3.179494496532e-03   2.652610355661e-04   3.805783838865e-02   3.486381323719e-02   1.659401634745e-02   4.634041692471e-03   1.856854476055e-02  -1.746153151815e-01  -2.655596941963e-02
   6.562456788651e-08  -1.207921767217e-07   2.980957352048e-06   6.292427559001e-07   1.047467147393e+00  -3.223799370051e-06   3.711993321150e-06   7.782956209796e-07  -4.122279675898e-01  -2.083124185692e-06   1.716051786668e-06   3.573222746921e-07  -4.573549180506e-01  -7.350043354157e-07   3.818237237115e-07   7.869690010788e-08  -1.778651864583e-01  -1.015620158706e-04   1.657355689979e-02  -2.703942568630e-04   1.040860368554e-01   8.708932072205e-05   3.745816879770e-05   3.395663242931e-05   1.563956928549e-05   4.143440723436e-06  -1.380578724636e-05  -2.875142236067e-05  -1.776069715315e-01   3.378888742702e-01   3.097235550049e-01   1.477082491011e-01   4.141169246507e-02   1.658516682023e-01   2.632418586218e-02   5.772880103024e-02   4.337889671650e-04   3.974645798941e-04   1.890640412889e-04   5.277689978519e-05  -2.602103290804e-04   2.651353937091e-04  -1.774096894307e-01  -3.383728596369e-01  -3.101613892507e-01  -1.479162314881e-01  -4.147014587550e-02  -1.655788092487e-01  -2.656070695014e-02   5.837724989677e-02
  -4.399723119372e+00  -3.920664162745e+00   1.591295075139e-04  -1.070789035764e-04  -3.223799370051e-06  -2.144302635914e+00   3.529633343221e-04  -2.282647166895e-04  -4.819077084621e-06  -1.500696247917e+00   2.281267775084e-04  -1.429003215315e-04  -1.930468833341e-06  -8.380440804759e-01   7.264356429856e-05  -4.440575985681e-05  -3.312759726407e-07  -1.431693030788e-04   1.285038455725e-06   7.883398832999e-04   6.343249972658e-06  -9.413057249685e-04  -4.163100013679e-01  -8.401437806371e-01  -9.262966142008e-01  -6.504422496595e-01   2.646842952606e-01   5.388532676650e-01  -5.448644946444e-05  -4.163523469194e-01  -8.402407653930e-01  -9.263554730838e-01  -6.504599679711e-01  -3.441833333638e-01  -5.464653475325e-02  -4.889919283454e-01  -4.159695639151e-01  -8.395511766526e-01  -9.259841021277e-01  -6.503519374346e-01   4.203312815765e-01  -4.276665234918e-01  -6.277750566186e-04  -4.163696248659e-01  -8.402655827052e-01  -9.263667475763e-01  -6.504630483241e-01  -3.431608469193e-01  -5.506501893740e-02   4.896985424557e-01
   1.476254367794e-05   1.603623154163e-05  -4.129002163470e-01  -9.516937876215e-05   3.711993321150e-06   3.529633343221e-04  -1.537777620917e-01  -1.669241970035e-04   6.531840525294e-06   3.694181521138e-04  -3.964508525262e-01  -8.036673682813e-05   3.239161841507e-06   2.072204933680e-04  -2.312461037940e-01  -1.629678773673e-05   7.011246722762e-07   7.687164936467e-02  -2.423073906589e-04   2.146101285129e-01   5.752549155913e-04   1.057571626845e-01  -1.932884945902e-01  -1.605343317695e-01  -9.281265432210e-02  -3.067250025548e-02  -6.865912747010e-02  -3.602747121050e-02   3.977576454747e-06   2.512152985984e-01   2.088722503368e-01   1.211210237095e-01   4.023470529925e-02  -8.086247553022e-02  -4.807576870660e-03  -4.236050534931e-02  -3.072449453750e-01  -2.552341776826e-01  -1.476762780764e-01  -4.886612137875e-02  -9.568792574677e-02   4.549341868056e-02   6.725103518302e-05   2.504587336481e-01   2.082429912861e-01   1.207559196114e-01   4.011340469798e-02  -8.068124467548e-02  -4.829131634808e-03   4.229233733256e-02
  -9.020164980866e-06  -1.039404177523e-05  -9.520509931425e-05  -4.122893499530e-01   7.782956209796e-07  -2.282647166895e-04  -1.669241970035e-04  -1.520593867538e-01   1.366610751756e-06  -2.312558567807e-04  -8.028406447452e-05  -3.951181589519e-01   6.723519749450e-07  -1.264680291810e-04  -1.622746823553e-05  -2.307865438848e-01   1.430342909058e-07  -2.293792053557e-01   1.596254153476e-04   3.458649568563e-02  -2.425852578487e-04   9.727099673628e-02  -3.937165465850e-01  -3.269138333063e-01  -1.891976289913e-01  -6.275189564120e-02  -3.609451340787e-02  -1.244343055226e-01   7.277243636080e-06   3.994368155553e-02   3.310160745557e-02   1.905040303130e-02   6.258539070643e-03  -4.844307525146e-03  -5.152656098181e-02  -6.758091113404e-03   3.128355594157e-01   2.596462556993e-01   1.501138040386e-01   4.970061435962e-02   4.563392320882e-02  -9.739659850236e-02  -6.800256295841e-05   4.024777634537e-02   3.335397633335e-02   1.919627166006e-02   6.306830372170e-03  -4.865923856590e-03  -5.153657741537e-02   6.819656321022e-03
  -8.441577624397e-08  -2.308446177797e-07   3.714185854421e-06   7.782193851370e-07  -4.122279675898e-01  -4.819077084621e-06   6.531840525294e-06   1.366610751756e-06  -1.517343782814e-01  -3.135658160183e-06   3.234228185558e-06   6.725003391694e-07  -3.947916016611e-01  -9.472884263662e-07   6.970425147031e-07   1.431428230376e-07  -2.306566037849e-01  -2.426771612145e-04   3.961022519642e-02  -6.455894132408e-04   2.487368366880e-01   2.082286892018e-04   3.953219682574e-05   3.233561525692e-05   1.803136597322e-05   5.778850361005e-06   4.084547236607e-06   7.481989485878e-06  -5.081616787868e-02   3.573337536999e-01   2.965495546915e-01   1.714640585872e-01   5.681531747311e-02  -4.259249305124e-02  -6.743011597334e-03  -1.115616272735e-01   4.590148343758e-04   3.804579979451e-04   2.193485314106e-04   7.250136628067e-05   6.765045444737e-05  -6.819923858699e-05  -5.075121181964e-02  -3.578361725881e-01  -2.969667318252e-01  -1.717056327993e-01  -5.689534220759e-02   4.252380972597e-02   6.804569064965e-03  -1.117297040570e-01
  -1.980346601787e+00  -1.858092520192e+00   1.315625116075e-04  -8.625604554011e-05  -2.083124185692e-06  -1.500696247917e+00   3.694181521138e-04  -2.312558567807e-04  -3.135658160183e-06  -1.100023257457e+00   2.788832840836e-04  -1.660697362062e-04  -2.302139769726e-07  -6.587127841465e-01   9.685108223549e-05  -5.534339595197e-05   5.055234500949e-07  -1.328692084378e-04   1.194931582191e-06   9.549733806469e-04   5.901250845622e-06  -1.105223562080e-03  -3.995165085539e-01  -6.396062390506e-01  -7.026618061468e-01  -5.218218175260e-01   1.947432209646e-01   3.965192056019e-01  -3.991680423410e-05  -3.995392933497e-01  -6.396755344643e-01  -7.027162061861e-01  -5.218403052598e-01  -2.532237961261e-01  -4.021461361603e-02  -3.598517674214e-01  -3.993090544820e-01  -6.392205139252e-01  -7.024210095227e-01  -5.217441331892e-01   3.092679606551e-01  -3.147152908076e-01  -4.618155954902e-04  -3.995505637129e-01  -6.396904274546e-01  -7.027228805826e-01  -5.218422190174e-01  -2.524708055425e-01  -4.052244828054e-02   3.603711188722e-01
   8.757761652335e-06   9.169003784665e-06  -4.577861698917e-01  -4.247810854553e-05   1.716051786668e-06   2.281267775084e-04  -3.964508525262e-01  -8.028406447452e-05   3.234228185558e-06   2.788832840836e-04  -1.939376840242e-01  -2.348553598502e-05   1.081547512620e-06   1.716103642458e-04  -1.185001974358e-01   5.350052075553e-06  -1.101922588063e-07   6.289752448420e-02  -1.979461963669e-04   1.754944847637e-01   4.721060541720e-04   8.644986044021e-02  -1.743238430458e-01  -1.131158472302e-01  -4.585566328021e-02  -1.772020461584e-02  -3.059909386419e-04   6.952825350686e-02  -6.952970509741e-06   2.265810376090e-01   1.471739014125e-01   5.998165132409e-02   2.334164397774e-02   2.329407164462e-02   9.122679268305e-03   8.213405953552e-02  -2.771177048065e-01  -1.798979868469e-01  -7.303282646602e-02  -2.826653763283e-02   5.187431453304e-02  -8.772527185161e-02  -1.285598398624e-04   2.258980326530e-01   1.467285692498e-01   5.979974161502e-02   2.327103209846e-02   2.294532908699e-02   9.165133641599e-03  -8.200459562885e-02
  -5.279353553190e-06  -5.796622779605e-06  -4.256519112289e-05  -4.574155510359e-01   3.573222746921e-07  -1.429003215315e-04  -8.036673682813e-05  -3.951181589519e-01   6.725003391694e-07  -1.660697362062e-04  -2.348553598502e-05  -1.926248331434e-01   2.179895423452e-07  -9.828505733697e-05   5.374957317515e-06  -1.179761492255e-01  -2.829880184035e-08  -1.875898445542e-01   1.309665291661e-04   2.824928543443e-02  -1.981651161622e-04   7.951476790011e-02  -3.550905776295e-01  -2.303570172697e-01  -9.349652991444e-02  -3.630595307491e-02   6.947705259579e-02   1.069421588963e-01  -1.438325302497e-05   3.601996335497e-02   2.332345732720e-02   9.376482349800e-03   3.597409464927e-03   9.094533821779e-03  -3.287673146039e-02   1.300809674633e-02   2.821513945424e-01   1.830116067267e-01   7.415657824723e-02   2.872734939278e-02  -8.761792975555e-02   5.474725359646e-02   1.308283437800e-04   3.629411571540e-02   2.350096453350e-02   9.448327795893e-03   3.625271770011e-03   9.136940985854e-03  -3.285736279329e-02  -1.312566655906e-02
  -2.863548093666e-08  -9.091919788396e-08   1.721292224086e-06   3.571618441361e-07  -4.573549180506e-01  -1.930468833341e-06   3.239161841507e-06   6.723519749450e-07  -3.947916016611e-01  -2.302139769726e-07   1.081547512620e-06   2.179895423452e-07  -1.922191134954e-01   8.254035680704e-07  -1.116310576162e-07  -2.826204652683e-08  -1.177918707934e-01  -1.982376545178e-04   3.239388131982e-02  -5.262038242814e-04   2.033323051252e-01   1.708954062178e-04   3.554677556998e-05   2.300069171766e-05   9.701629236246e-06   4.347029225969e-06  -6.899183759261e-06  -1.428630372080e-05  -3.434707386740e-02   3.222671214670e-01   2.089526415581e-01   8.465500654332e-02   3.283442288075e-02   8.195613703537e-02   1.301959801199e-02   8.182896551163e-02   4.138871161314e-04   2.683816946984e-04   1.091515723995e-04   4.292267356342e-05  -1.282988733407e-04   1.307242302223e-04  -3.419853450598e-02  -3.227195209227e-01  -2.092433576915e-01  -8.477082761705e-02  -3.287812423646e-02  -8.182698557938e-02  -1.313716076484e-02   8.215706235080e-02
  -8.347564798281e-01  -7.969968640907e-01   6.467015650444e-05  -4.125060601975e-05  -7.350043354157e-07  -8.380440804759e-01   2.072204933680e-04  -1.264680291810e-04  -9.472884263662e-07  -6.587127841465e-01   1.716103642458e-04  -9.828505733697e-05   8.254035680704e-07  -3.703029295963e-01   6.659964038495e-05  -3.633255560074e-05   7.694175971784e-07  -6.746847731035e-05   6.231670553327e-07   6.001661545728e-04   3.101883465949e-06  -6.801193998853e-04  -2.712183967106e-01  -3.957006906388e-01  -4.094688613053e-01  -2.900610593586e-01   1.123428818448e-01   2.287535120137e-01  -2.290046474922e-05  -2.712249913840e-01  -3.957367187034e-01  -4.095026148705e-01  -2.900732032742e-01  -1.460788880542e-01  -2.319722224225e-02  -2.075925839371e-01  -2.711402719059e-01  -3.955098084068e-01  -4.093307679203e-01  -2.900155165756e-01   1.784527058796e-01  -1.815999009999e-01  -2.663580493491e-04  -2.712297137264e-01  -3.957437425378e-01  -4.095058792813e-01  -2.900740318556e-01  -1.456429369302e-01  -2.337455339999e-02   2.078902000824e-01
   3.188862595825e-06   2.932780749436e-06  -1.779962191836e-01  -8.884070954351e-06   3.818237237115e-07   7.264356429856e-05  -2.312461037940e-01  -1.622746823553e-05   6.970425147031e-07   9.685108223549e-05  -1.185001974358e-01   5.374957317515e-06  -1.116310576162e-07   6.659964038495e-05   8.838827644710e-03   9.493533764712e-06  -2.946880954271e-07   2.498373619531e-02  -7.855233019964e-05   6.968541435239e-02   1.878573385938e-04   3.431905990156e-02  -8.936927286674e-02  -6.704308070536e-02  -1.520272909764e-02   1.671749016348e-03  -2.132504180433e-02   4.413269920951e-02  -4.516517753574e-06   1.161599377380e-01   8.719660579411e-02   1.989954163488e-02  -2.051696920772e-03  -6.352061208691e-03   5.800142128388e-03   5.209901282546e-02  -1.421014209074e-01  -1.066327706047e-01  -2.422745754880e-02   2.620510153573e-03   1.183166218218e-02  -5.571908468680e-02  -8.178305229763e-05   1.158085291820e-01   8.693215451964e-02   1.983880456071e-02  -2.045552124063e-03  -6.574497348521e-03   5.826865779987e-03  -5.201535931252e-02
  -1.893841423790e-06  -1.809638731808e-06  -8.946062027025e-06  -1.778881809872e-01   7.869690010788e-08  -4.440575985681e-05  -1.629678773673e-05  -2.307865438848e-01   1.431428230376e-07  -5.534339595197e-05   5.350052075553e-06  -1.179761492255e-01  -2.826204652683e-08  -3.633255560074e-05   9.493533764712e-06   9.088910194450e-03  -6.568372882542e-08  -7.451444661259e-02   5.211259522041e-05   1.121280811407e-02  -7.866069621684e-05   3.157604796794e-02  -1.820565815953e-01  -1.365453656758e-01  -3.099773779329e-02   3.317525588837e-03   4.412143324306e-02   4.677237175116e-02  -9.121103410378e-06   1.846559248152e-02   1.383350642963e-02   3.105545800695e-03  -3.686438621513e-04   5.790976305599e-03  -4.204261829210e-02   8.259542700220e-03   1.446911358400e-01   1.085117655121e-01   2.459204707012e-02  -2.682318898044e-03  -5.568961767604e-02   1.367595543490e-02   8.311769282071e-05   1.860594389180e-02   1.393863911528e-02   3.129296380882e-03  -3.712607929467e-04   5.817687420273e-03  -4.203034171522e-02  -8.334033409076e-03
  -3.001645727754e-09  -1.739132762058e-08   3.855056650819e-07   7.859903470081e-08  -1.778651864583e-01  -3.312759726407e-07   7.011246722762e-07   1.430342909058e-07  -2.306566037849e-01   5.055234500949e-07  -1.101922588063e-07  -2.829880184035e-08  -1.177918707934e-01   7.694175971784e-07  -2.946880954271e-07  -6.568372882542e-08   9.187522279877e-03  -7.869670349197e-05   1.286939184549e-02  -2.086297289166e-04   8.075433676947e-02   6.803340081186e-05   1.816790958422e-05   1.368598644966e-05   3.499385285202e-06   2.392716908728e-07  -4.489759446025e-06  -9.070820138563e-06  -4.297183294766e-02   1.652245063483e-01   1.238771420962e-01   2.805793095288e-02  -3.052617707195e-03   5.204661099520e-02   8.264121028357e-03   3.083983262586e-02   2.121954425213e-04   1.591859235679e-04   3.647834416001e-05  -3.335640850292e-06  -8.169393646769e-05   8.307197794414e-05  -4.289410680923e-02  -1.654547630631e-01  -1.240485883909e-01  -2.809516634151e-02   3.058342812384e-03  -5.196306925099e-02  -8.338616440602e-03   3.104580743527e-02
  -8.073823706069e-06  -7.419779310420e-06   3.211850036813e-02  -9.594735765560e-02  -1.015620158706e-04  -1.431693030788e-04   7.687164936467e-02  -2.293792053557e-01  -2.426771612145e-04  -1.328692084378e-04   6.289752448420e-02  -1.875898445542e-01  -1.982376545178e-04  -6.746847731035e-05   2.498373619531e-02  -7.451444661259e-02  -7.869670349197e-05   1.352025337212e+00   1.879542570944e-04  -2.437482627775e-02  -1.130884644174e-04   4.076696620572e-02  -1.080162437514e-02  -4.430939303794e-02  -5.940062270565e-02  -1.745699336653e-02   5.382482758010e-02  -4.195055524741e-01   3.326012052461e-05  -1.442482883017e-03  -5.967829062409e-03  -7.979958435800e-03  -2.374798658130e-03   2.148463653559e-02  -2.180141732395e-01   6.623910792979e-02   1.393584700179e-02   5.590924227856e-02   7.494041728735e-02   2.196600134683e-02   3.011844310896e-01  -3.291821073081e-01  -8.395825093211e-04  -1.447674738401e-03  -5.994511943740e-03  -8.015508946614e-03  -2.385187847423e-03   2.130933640854e-02  -2.173215558361e-01  -6.668182263247e-02
   5.353999647935e-08   6.374815977844e-08  -1.012620204568e-04   6.662305510498e-05   1.657355689979e-02   1.285038455725e-06  -2.423073906589e-04   1.596254153476e-04   3.961022519642e-02   1.194931582191e-06  -1.979461963669e-04   1.309665291661e-04   3.239388131982e-02   6.231670553327e-07  -7.855233019964e-05   5.211259522041e-05   1.286939184549e-02   1.879542570944e-04   1.515941209161e+00   2.055594302993e-04  -2.835514893324e-02   3.953504559727e-06   2.063868663558e-06   8.914887708995e-06   1.242033094292e-05   3.916586970989e-06   3.349043074261e-05   9.687231455632e-05   3.229642737048e-01  -2.016939197579e-03  -8.262013545296e-03  -1.108728592771e-02  -3.252666936153e-03   6.635496322780e-02  -2.791554111884e-01   6.560687009385e-02  -2.079867075390e-05  -8.321463362519e-05  -1.114528854889e-04  -3.245290638994e-05  -8.396997303593e-04   4.744030244838e-04  -2.496077422008e-01   2.033555694848e-03   8.338300316952e-03   1.118930126510e-02   3.283134275812e-03  -6.679695210469e-02   2.794323153174e-01   6.634219423607e-02
   1.220455832128e-05   2.386478507105e-05   8.967365822873e-02   1.446886704065e-02  -2.703942568630e-04   7.883398832999e-04   2.146101285129e-01   3.458649568563e-02  -6.455894132408e-04   9.549733806469e-04   1.754944847637e-01   2.824928543443e-02  -5.262038242814e-04   6.001661545728e-04   6.968541435239e-02   1.121280811407e-02  -2.086297289166e-04  -2.437482627775e-02   2.055594302993e-04   1.385525105912e+00   1.291951015971e-04  -7.403909634233e-02   7.889282536118e-03   3.259722739242e-02   4.388577648684e-02   1.316950913115e-02   1.282885834618e-01   2.234975066187e-01  -1.381096876772e-04  -7.881825232209e-03  -3.202772279274e-02  -4.258828247228e-02  -1.222103809622e-02   3.934532149406e-01   6.249482381140e-02   2.850673392005e-02   8.059030917965e-03   3.263035907433e-02   4.393852963331e-02   1.319069120816e-02   1.921550016059e-01  -1.718437791221e-01  -9.607846251297e-04  -7.918994551479e-03  -3.220896792714e-02  -4.282937857402e-02  -1.229159690061e-02   3.937720154772e-01   6.317776758225e-02  -3.069707182987e-02
   2.350812117296e-07   3.095993281547e-07   2.401297540859e-04  -1.014874963271e-04   1.040860368554e-01   6.343249972658e-06   5.752549155913e-04  -2.425852578487e-04   2.487368366880e-01   5.901250845622e-06   4.721060541720e-04  -1.981651161622e-04   2.033323051252e-01   3.101883465949e-06   1.878573385938e-04  -7.866069621684e-05   8.075433676947e-02  -1.130884644174e-04  -2.835514893324e-02   1.291951015971e-04   1.342531691409e+00  -2.548281530046e-04   9.921499832166e-07   5.551008785307e-06   8.672473187561e-06   3.916888744813e-06   4.921504773750e-05   3.286560079776e-05   1.801091214278e-01  -1.268801569919e-02  -5.219744084691e-02  -6.995192496173e-02  -2.051850163348e-02   1.285112187584e-01   6.633110203854e-02   4.132034085687e-01   2.039365922551e-05   8.339757011850e-05   1.129906512149e-04   3.454933703848e-05   4.849673930920e-04  -8.390843452017e-04   2.722092601279e-01   1.265627893734e-02   5.211638846937e-02   6.984330283409e-02   2.048907608474e-02  -1.260460038080e-01  -6.677371567624e-02   4.136787769788e-01
  -2.043321220544e-05  -3.130365423867e-05   4.419221124288e-02   4.069013917426e-02   8.708932072205e-05  -9.413057249685e-04   1.057571626845e-01   9.727099673628e-02   2.082286892018e-04  -1.105223562080e-03   8.644986044021e-02   7.951476790011e-02   1.708954062178e-04  -6.801193998853e-04   3.431905990156e-02   3.157604796794e-02   6.803340081186e-05   4.076696620572e-02   3.953504559727e-06  -7.403909634233e-02  -2.548281530046e-04   1.461031463837e+00   8.408772964492e-03   3.412153354237e-02   4.540072017297e-02   1.300295661143e-02   3.771414764520e-01   1.182853496647e-01  -2.348557334716e-05  -4.347263774448e-03  -1.825621299378e-02  -2.467977291512e-02  -7.566997546664e-03  -5.065416054112e-02   6.423293918797e-02   2.036184802235e-01   3.128379215341e-04   8.781833170243e-04   8.640117813184e-04  -6.222311553032e-05   2.681591977732e-01   2.528496026875e-01   5.672323987740e-06  -4.314950104572e-03  -1.813908240280e-02  -2.452199469938e-02  -7.520636771829e-03  -5.142268546749e-02   6.450426243364e-02  -2.025241202114e-01
  -1.313014167230e-01  -1.525498359664e-01  -1.827876448890e-01  -3.722766466086e-01   3.745816879770e-05  -4.163100013679e-01  -1.932884945902e-01  -3.937165465850e-01   3.953219682574e-05  -3.995165085539e-01  -1.743238430458e-01  -3.550905776295e-01   3.554677556998e-05  -2.712183967106e-01  -8.936927286674e-02  -1.820565815953e-01   1.816790958422e-05  -1.080162437514e-02   2.063868663558e-06   7.889282536118e-03   9.921499832166e-07   8.408772964492e-03   5.447553695236e-01  -4.953451067170e-01  -4.798370033460e-01  -2.791833145388e-01   1.165377041734e-01   2.371097088792e-01  -2.405339168135e-05  -1.072589222209e-02  -1.154833909234e-01  -2.138435823151e-01  -1.953879716947e-01  -7.245619446420e-02  -8.167864413753e-02  -4.981969561499e-02  -1.094207972681e-02  -1.159890285249e-01  -2.141892323528e-01  -1.955170652717e-01   5.824306037430e-03  -1.205138519002e-01  -5.701779934885e-05  -1.072667333483e-02  -1.154867214124e-01  -2.138461220939e-01  -1.953889238610e-01  -7.235297477296e-02  -8.172458003585e-02   4.990609898280e-02
  -9.535742715337e-01  -9.094962298140e-01  -1.676230756993e-01  -3.413476458665e-01   3.395663242931e-05  -8.401437806371e-01  -1.605343317695e-01  -3.269138333063e-01   3.233561525692e-05  -6.396062390506e-01  -1.131158472302e-01  -2.303570172697e-01   2.300069171766e-05  -3.957006906388e-01  -6.704308070536e-02  -1.365453656758e-01   1.368598644966e-05  -4.430939303794e-02   8.914887708995e-06   3.259722739242e-02   5.551008785307e-06   3.412153354237e-02  -4.953451067170e-01  -5.250218386771e-01  -5.341052308522e-01  -3.627429962562e-01   2.056351931122e-01   4.185543854312e-01  -4.232657001378e-05  -1.154862491123e-01  -2.932786397996e-01  -3.749827500866e-01  -2.988267180602e-01  -1.539892234775e-01  -1.042640779795e-01  -1.583154135085e-01  -1.159694795431e-01  -2.937245001345e-01  -3.752254286735e-01  -2.989234275537e-01   9.407013334919e-02  -2.255451696258e-01  -1.951942396859e-04  -1.154904561203e-01  -2.932862415913e-01  -3.749868560459e-01  -2.988280522519e-01  -1.536583353868e-01  -1.044023026946e-01   1.585600636469e-01
  -1.015526667904e+00  -9.643975496409e-01  -7.994296973963e-02  -1.628615135833e-01   1.563956928549e-05  -9.262966142008e-01  -9.281265432210e-02  -1.891976289913e-01   1.803136597322e-05  -7.026618061468e-01  -4.585566328021e-02  -9.349652991444e-02   9.701629236246e-06  -4.094688613053e-01  -1.520272909764e-02  -3.099773779329e-02   3.499385285202e-06  -5.940062270565e-02   1.242033094292e-05   4.388577648684e-02   8.672473187561e-06   4.540072017297e-02  -4.798370033460e-01  -5.341052308522e-01  -4.721444327002e-01  -3.351936349313e-01   1.634816459977e-01   3.328149106668e-01  -3.353889294832e-05  -2.138488807957e-01  -3.750031929595e-01  -4.300656480844e-01  -3.209552089132e-01  -1.561756376417e-01  -5.442231872780e-02  -1.994627742206e-01  -2.141406053850e-01  -3.751150470533e-01  -4.300629831938e-01  -3.209521103041e-01   1.559376745037e-01  -2.068337369322e-01  -2.531048505646e-04  -2.138540674834e-01  -3.750114465792e-01  -4.300697193712e-01  -3.209563746309e-01  -1.557580758778e-01  -5.459426214091e-02   1.997560416094e-01
  -6.220588313371e-01  -5.952324358632e-01  -2.238958913259e-02  -4.568310864625e-02   4.143440723436e-06  -6.504422496595e-01  -3.067250025548e-02  -6.275189564120e-02   5.778850361005e-06  -5.218218175260e-01  -1.772020461584e-02  -3.630595307491e-02   4.347029225969e-06  -2.900610593586e-01   1.671749016348e-03   3.317525588837e-03   2.392716908728e-07  -1.745699336653e-02   3.916586970989e-06   1.316950913115e-02   3.916888744813e-06   1.300295661143e-02  -2.791833145388e-01  -3.627429962562e-01  -3.351936349313e-01  -2.224482695052e-01   9.508903037180e-02   1.936043886514e-01  -1.941044454679e-05  -1.953906458866e-01  -2.988478789633e-01  -3.209702595385e-01  -2.261697748941e-01  -1.123222530574e-01  -2.907205785086e-02  -1.510988335977e-01  -1.954812091138e-01  -2.988144359807e-01  -3.208906814420e-01  -2.261264722712e-01   1.239885379508e-01  -1.444552443129e-01  -1.927606135601e-04  -1.953938501123e-01  -2.988531056711e-01  -3.209728842788e-01  -2.261704639650e-01  -1.120050753621e-01  -2.920158436607e-02   1.513178274669e-01
   4.936831991153e-01   4.834314143978e-01  -1.085683961151e-01   1.405960004792e-01  -1.380578724636e-05   2.646842952606e-01  -6.865912747010e-02  -3.609451340787e-02   4.084547236607e-06   1.947432209646e-01  -3.059909386419e-04   6.947705259579e-02  -6.899183759261e-06   1.123428818448e-01  -2.132504180433e-02   4.412143324306e-02  -4.489759446025e-06   5.382482758010e-02   3.349043074261e-05   1.282885834618e-01   4.921504773750e-05   3.771414764520e-01   1.165377041734e-01   2.056351931122e-01   1.634816459977e-01   9.508903037180e-02   1.391181725809e+00  -1.574105305676e-01   1.593254525417e-05   7.552584679706e-02   1.409672324024e-01   1.284771917199e-01   8.955878784748e-02   6.746782658705e-02   8.495798950058e-02   1.115063967903e-01  -3.243625615496e-02   1.826502311020e-02   8.296134511015e-02   7.228031436369e-02  -4.428611928198e-02   5.973587742926e-03  -1.325490796263e-07   7.538167096407e-02   1.408027138872e-01   1.284162178801e-01   8.953553025256e-02   6.708118677253e-02   8.494715174548e-02  -1.115284623953e-01
   1.004877105244e+00   9.840138837118e-01   1.406092763913e-01   1.084891709611e-01  -2.875142236067e-05   5.388532676650e-01  -3.602747121050e-02  -1.244343055226e-01   7.481989485878e-06   3.965192056019e-01   6.952825350686e-02   1.069421588963e-01  -1.428630372080e-05   2.287535120137e-01   4.413269920951e-02   4.677237175116e-02  -9.070820138563e-06  -4.195055524741e-01   9.687231455632e-05   2.234975066187e-01   3.286560079776e-05   1.182853496647e-01   2.371097088792e-01   4.185543854312e-01   3.328149106668e-01   1.936043886514e-01  -1.574105305676e-01   1.148057628601e+00   3.228264305256e-05   6.266826469015e-02   1.833047388301e-01   2.230827070707e-01   1.677465507756e-01   1.384680302935e-01   5.933786857484e-02   1.330370570716e-01   1.162096742988e-01   2.437709811927e-01   2.455899090712e-01   1.762838114364e-01  -1.009332678447e-01   2.418044372786e-01   2.290737329199e-04   6.273011868462e-02   1.833767209062e-01   2.231101568068e-01   1.677567383550e-01   1.382508235206e-01   5.949620866422e-02  -1.333071513373e-01
  -1.012683729087e-04  -9.918331388774e-05  -1.388105077820e-05  -2.890370560910e-05  -1.776069715315e-01  -5.448644946444e-05   3.977576454747e-06   7.277243636080e-06  -5.081616787868e-02  -3.991680423410e-05  -6.952970509741e-06  -1.438325302497e-05  -3.434707386740e-02  -2.290046474922e-05  -4.516517753574e-06  -9.121103410378e-06  -4.297183294766e-02   3.326012052461e-05   3.229642737048e-01  -1.381096876772e-04   1.801091214278e-01  -2.348557334716e-05  -2.405339168135e-05  -4.232657001378e-05  -3.353889294832e-05  -1.941044454679e-05   1.593254525417e-05   3.228264305256e-05   1.468560028275e+00   6.908310062921e-02   7.854736999465e-02   2.913293023927e-02   1.104014437149e-02   7.103722578920e-02   5.064638965565e-02   2.436763009920e-02   8.358973228658e-05   8.343775760218e-05   1.538834650993e-05  -2.439057680100e-06  -4.522253852260e-05   1.153690874584e-04  -4.679222047712e-02  -6.919211458995e-02  -7.869194121631e-02  -2.921730650107e-02  -1.108869256935e-02  -7.101196900858e-02  -5.079825300483e-02   2.459898384504e-02
  -1.313600895781e-01  -1.526123614129e-01   2.376053387649e-01   3.776925487804e-02   3.378888742702e-01  -4.163523469194e-01   2.512152985984e-01   3.994368155553e-02   3.573337536999e-01  -3.995392933497e-01   2.265810376090e-01   3.601996335497e-02   3.222671214670e-01  -2.712249913840e-01   1.161599377380e-01   1.846559248152e-02   1.652245063483e-01  -1.442482883017e-03  -2.016939197579e-03  -7.881825232209e-03  -1.268801569919e-02  -4.347263774448e-03  -1.072589222209e-02  -1.154862491123e-01  -2.138488807957e-01  -1.953906458866e-01   7.552584679706e-02   6.266826469015e-02   6.908310062921e-02   5.447112024518e-01  -4.953883860656e-01  -4.798555029185e-01  -2.791886812305e-01  -1.515940662936e-01  -2.403022668324e-02  -2.150920114753e-01  -1.055541161025e-02  -1.150548398470e-01  -2.135483047780e-01  -1.952786351451e-01   9.096336473440e-02  -3.567569808602e-02   6.872513690318e-02  -1.122603460689e-02  -1.166937541186e-01  -2.146801488866e-01  -1.957003525711e-01   1.335340660596e-02   2.086633882941e-03   1.208096422405e-01
  -9.537253006370e-01  -9.096341532389e-01   2.179746916160e-01   3.459998592791e-02   3.097235550049e-01  -8.402407653930e-01   2.088722503368e-01   3.310160745557e-02   2.965495546915e-01  -6.396755344643e-01   1.471739014125e-01   2.332345732720e-02   2.089526415581e-01  -3.957367187034e-01   8.719660579411e-02   1.383350642963e-02   1.238771420962e-01  -5.967829062409e-03  -8.262013545296e-03  -3.202772279274e-02  -5.219744084691e-02  -1.825621299378e-02  -1.154833909234e-01  -2.932786397996e-01  -3.750031929595e-01  -2.988478789633e-01   1.409672324024e-01   1.833047388301e-01   7.854736999465e-02  -4.953883860656e-01  -5.250918045810e-01  -5.341592687199e-01  -3.627730172113e-01  -2.674338449500e-01  -4.243497804013e-02  -3.797713570196e-01  -1.150326621508e-01  -2.927005361211e-01  -3.746771205325e-01  -2.987305696524e-01   1.911107893586e-01  -1.295388441003e-01   7.823732338222e-02  -1.166946437844e-01  -2.946392130344e-01  -3.757625852562e-01  -2.991313753800e-01  -5.643334145870e-02  -9.124184787917e-03   2.382795279806e-01
  -1.015580331983e+00  -9.644475448419e-01   1.040802941739e-01   1.646839176537e-02   1.477082491011e-01  -9.263554730838e-01   1.211210237095e-01   1.905040303130e-02   1.714640585872e-01  -7.027162061861e-01   5.998165132409e-02   9.376482349800e-03   8.465500654332e-02  -4.095026148705e-01   1.989954163488e-02   3.105545800695e-03   2.805793095288e-02  -7.979958435800e-03  -1.108728592771e-02  -4.258828247228e-02  -6.995192496173e-02  -2.467977291512e-02  -2.138435823151e-01  -3.749827500866e-01  -4.300656480844e-01  -3.209702595385e-01   1.284771917199e-01   2.230827070707e-01   2.913293023927e-02  -4.798555029185e-01  -5.341592687199e-01  -4.722008881347e-01  -3.352272623007e-01  -2.125851727889e-01  -3.374801798616e-02  -3.020037367566e-01  -2.134945678770e-01  -3.745464085177e-01  -4.298273492413e-01  -3.208948153950e-01   1.918426646981e-01  -1.711096409677e-01   2.885350867152e-02  -2.146828069878e-01  -3.757667386618e-01  -4.304331374578e-01  -3.210851692178e-01  -1.197971394164e-01  -1.925238175196e-02   2.294860560159e-01
  -6.220706293330e-01  -5.952435866372e-01   2.921707177672e-02   4.598857118670e-03   4.141169246507e-02  -6.504599679711e-01   4.023470529925e-02   6.258539070643e-03   5.681531747311e-02  -5.218403052598e-01   2.334164397774e-02   3.597409464927e-03   3.283442288075e-02  -2.900732032742e-01  -2.051696920772e-03  -3.686438621513e-04  -3.052617707195e-03  -2.374798658130e-03  -3.252666936153e-03  -1.222103809622e-02  -2.051850163348e-02  -7.566997546664e-03  -1.953879716947e-01  -2.988267180602e-01  -3.209552089132e-01  -2.261697748941e-01   8.955878784748e-02   1.677465507756e-01   1.104014437149e-02  -2.791886812305e-01  -3.627730172113e-01  -3.352272623007e-01  -2.224662439356e-01  -1.236459663894e-01  -1.963210907504e-02  -1.756877038251e-01  -1.952401588554e-01  -2.986004550871e-01  -3.208183428454e-01  -2.261340493837e-01   1.376288097942e-01  -1.309110370880e-01   1.084377385381e-02  -1.957026078943e-01  -2.991352697443e-01  -3.210866284344e-01  -2.261815450743e-01  -9.833666597772e-02  -1.579327416749e-02   1.625824165143e-01
  -6.420985794555e-01  -6.287506468374e-01  -6.088199712739e-02   1.848412377962e-02   1.658516682023e-01  -3.441833333638e-01  -8.086247553022e-02  -4.844307525146e-03  -4.259249305124e-02  -2.532237961261e-01   2.329407164462e-02   9.094533821779e-03   8.195613703537e-02  -1.460788880542e-01  -6.352061208691e-03   5.790976305599e-03   5.204661099520e-02   2.148463653559e-02   6.635496322780e-02   3.934532149406e-01   1.285112187584e-01  -5.065416054112e-02  -7.245619446420e-02  -1.539892234775e-01  -1.561756376417e-01  -1.123222530574e-01   6.746782658705e-02   1.384680302935e-01   7.103722578920e-02  -1.515940662936e-01  -2.674338449500e-01  -2.125851727889e-01  -1.236459663894e-01   1.337713908331e+00  -2.078074710801e-02  -1.857033167169e-01  -9.399731763916e-02  -1.787315514076e-01  -1.653282636151e-01  -1.158002243961e-01   1.332458319423e-01  -1.139456634828e-01   8.307038866602e-02   1.309493130425e-02  -5.694041419446e-02  -1.202815889318e-01  -9.867898065416e-02  -5.222630280305e-02  -8.719120822409e-04   5.358519071815e-02
  -1.018932847166e-01  -9.977543476226e-02   1.849392997827e-02  -1.746541807006e-01   2.632418586218e-02  -5.464653475325e-02  -4.807576870660e-03  -5.152656098181e-02  -6.743011597334e-03  -4.021461361603e-02   9.122679268305e-03  -3.287673146039e-02   1.301959801199e-02  -2.319722224225e-02   5.800142128388e-03  -4.204261829210e-02   8.264121028357e-03  -2.180141732395e-01  -2.791554111884e-01   6.249482381140e-02   6.633110203854e-02   6.423293918797e-02  -8.167864413753e-02  -1.042640779795e-01  -5.442231872780e-02  -2.907205785086e-02   8.495798950058e-02   5.933786857484e-02   5.064638965565e-02  -2.403022668324e-02  -4.243497804013e-02  -3.374801798616e-02  -1.963210907504e-02  -2.078074710801e-02   1.465267753616e+00  -2.946656091527e-02   5.473631680410e-02   5.110238190687e-02   3.264524761022e-03  -7.196423011712e-03  -6.091816405719e-02  -6.069732391509e-03  -2.590236584112e-02   2.188951363915e-03  -8.921963422155e-03  -1.905707490107e-02  -1.565478470275e-02  -8.086142277017e-04  -4.715828091154e-02   8.363718161506e-03
  -9.118726400603e-01  -8.929207769775e-01   1.659084317212e-01   2.631947457626e-02   5.772880103024e-02  -4.889919283454e-01  -4.236050534931e-02  -6.758091113404e-03  -1.115616272735e-01  -3.598517674214e-01   8.213405953552e-02   1.300809674633e-02   8.182896551163e-02  -2.075925839371e-01   5.209901282546e-02   8.259542700220e-03   3.083983262586e-02   6.623910792979e-02   6.560687009385e-02   2.850673392005e-02   4.132034085687e-01   2.036184802235e-01  -4.981969561499e-02  -1.583154135085e-01  -1.994627742206e-01  -1.510988335977e-01   1.115063967903e-01   1.330370570716e-01   2.436763009920e-02  -2.150920114753e-01  -3.797713570196e-01  -3.020037367566e-01  -1.756877038251e-01  -1.857033167169e-01  -2.946656091527e-02   1.204660033082e+00  -4.936979129916e-02  -1.578340630951e-01  -1.992171984688e-01  -1.510169378739e-01   1.471712198812e-01  -9.103016907835e-02   2.416879539909e-02  -1.208357021511e-01  -2.381627325512e-01  -2.292399433857e-01  -1.623812082127e-01  -5.294128579850e-02  -8.613792255941e-03   2.497770260060e-01
  -1.309325834712e-01  -1.521489481339e-01  -2.903672032389e-01   2.956021420337e-01   4.337889671650e-04  -4.159695639151e-01  -3.072449453750e-01   3.128355594157e-01   4.590148343758e-04  -3.993090544820e-01  -2.771177048065e-01   2.821513945424e-01   4.138871161314e-04  -2.711402719059e-01  -1.421014209074e-01   1.446911358400e-01   2.121954425213e-04   1.393584700179e-02  -2.079867075390e-05   8.059030917965e-03   2.039365922551e-05   3.128379215341e-04  -1.094207972681e-02  -1.159694795431e-01  -2.141406053850e-01  -1.954812091138e-01  -3.243625615496e-02   1.162096742988e-01   8.358973228658e-05  -1.055541161025e-02  -1.150326621508e-01  -2.134945678770e-01  -1.952401588554e-01  -9.399731763916e-02   5.473631680410e-02  -4.936979129916e-02   5.450779426838e-01  -4.950503614873e-01  -4.796973634896e-01  -2.791283991296e-01   1.850772047891e-01  -1.881548116518e-01  -2.762215431188e-04  -1.055675036006e-02  -1.150373580388e-01  -2.134980546328e-01  -1.952414653153e-01  -9.389743239115e-02   5.469739865208e-02   4.961842851533e-02
  -9.526167123357e-01  -9.086164454882e-01  -2.664270771259e-01   2.711228309339e-01   3.974645798941e-04  -8.395511766526e-01  -2.552341776826e-01   2.596462556993e-01   3.804579979451e-04  -6.392205139252e-01  -1.798979868469e-01   1.830116067267e-01   2.683816946984e-04  -3.955098084068e-01  -1.066327706047e-01   1.085117655121e-01   1.591859235679e-04   5.590924227856e-02  -8.321463362519e-05   3.263035907433e-02   8.339757011850e-05   8.781833170243e-04  -1.159890285249e-01  -2.937245001345e-01  -3.751150470533e-01  -2.988144359807e-01   1.826502311020e-02   2.437709811927e-01   8.343775760218e-05  -1.150548398470e-01  -2.927005361211e-01  -3.745464085177e-01  -2.986004550871e-01  -1.787315514076e-01   5.110238190687e-02  -1.578340630951e-01  -4.950503614873e-01  -5.246071476337e-01  -5.338227213191e-01  -3.625924626105e-01   3.265883747675e-01  -3.321920324503e-01  -4.876016859939e-04  -1.150604085241e-01  -2.927096554501e-01  -3.745513633496e-01  -2.986021083778e-01  -1.784032793216e-01   5.096978281739e-02   1.582635931097e-01
