ARMA_MAT_TXT_FN008
50 50
   1.000000000000e+00   8.784438346368e-01  -5.073013672984e-20   1.896667800084e-20   4.163666681279e-22   3.291794955376e-01   4.274046357639e-22   0.000000000000e+00   8.231160013260e-23   1.537612665257e-01  -1.187751633219e-20   8.379913394287e-21  -2.734960224431e-23   6.556249676812e-02   1.858451846944e-22  -9.292259234719e-23   5.019588464660e-24   0.000000000000e+00   0.000000000000e+00   0.000000000000e+00   2.608316674521e-44   0.000000000000e+00   1.209036540471e-02   7.488704989429e-02   7.949902529467e-02   4.891690935350e-02  -3.942155019392e-02  -8.024189323299e-02   8.087382984812e-06   1.209534096276e-02   7.489842013599e-02   7.950308948000e-02   4.891780434378e-02   5.127178232001e-02   8.136244271826e-03   7.281385520833e-02   1.205857150201e-02   7.481431962737e-02   7.947301879026e-02   4.891118166241e-02  -6.257472330575e-02   6.365107269721e-02   9.340317255652e-05   1.209671539826e-02   7.490156046944e-02   7.950421188983e-02   4.891805150890e-02   5.112059048017e-02   8.198743258940e-03  -7.292071845039e-02
   8.784438346368e-01   1.000000000000e+00   1.525948690016e-19  -7.629743450082e-20   1.536790334960e-23   4.187995882560e-01  -3.674087789698e-22   3.054074633008e-20  -2.276765614047e-22   1.871454501484e-01   1.495415283303e-20  -5.457937053696e-23   2.495377956108e-24   7.831571041382e-02   0.000000000000e+00   1.718765844021e-21  -1.353267923948e-23   0.000000000000e+00   0.000000000000e+00   0.000000000000e+00   0.000000000000e+00   0.000000000000e+00   1.098552246366e-02   8.976510070904e-02   9.551412790343e-02   5.829823129095e-02  -4.743896915781e-02  -9.656121282696e-02   9.732167053213e-06   1.099085189839e-02   8.977923316752e-02   9.551907479394e-02   5.829930315592e-02   6.170064820991e-02   9.791185772179e-03   8.762445660610e-02   1.095147441792e-02   8.967470341294e-02   9.548247309083e-02   5.829137165282e-02  -7.529011342260e-02   7.658518055969e-02   1.123830052184e-04   1.099232414108e-02   8.978313640634e-02   9.552044098184e-02   5.829959916768e-02   6.151908545015e-02   9.866458552083e-03  -8.775360118692e-02
  -5.073013672984e-20   1.525948690016e-19   1.000000000000e+00  -1.876094786789e-38   0.000000000000e+00   1.718382283956e-19   6.291202128136e-01  -1.295413852876e-38   1.012042072559e-40   2.218306422993e-20   2.202302509580e-01   0.000000000000e+00   0.000000000000e+00   0.000000000000e+00   5.734990148843e-02   0.000000000000e+00   0.000000000000e+00  -4.965992966168e-20   0.000000000000e+00   0.000000000000e+00   0.000000000000e+00   0.000000000000e+00   4.789862025534e-02   7.785511412603e-02   2.936761257183e-02   6.725514832202e-03   1.639045757605e-02  -1.594571604065e-01   1.607129485509e-05  -6.229926706665e-02  -1.012408932458e-01  -3.818553001186e-02  -8.744642506500e-03  -3.771309997890e-02  -2.102098289377e-02  -1.881235068204e-01   7.601352278883e-02   1.237194828906e-01   4.669462651846e-02   1.069574891573e-02  -1.032717397729e-01   2.012465476768e-01   2.953142063838e-04  -6.211615810930e-02  -1.009374795398e-01  -3.807015449483e-02  -8.718145335617e-03  -3.691292826126e-02  -2.111786415841e-02   1.878251065967e-01
   1.896667800084e-20  -7.629743450082e-20  -1.876094786789e-38   1.000000000000e+00   0.000000000000e+00  -6.120761974401e-20  -1.295413852876e-38   6.291202128136e-01  -6.515595017105e-41   4.651777586678e-20   0.000000000000e+00   2.202302509580e-01   0.000000000000e+00   4.648337964687e-21   0.000000000000e+00   5.734990148843e-02  -8.240148821592e-43   0.000000000000e+00   0.000000000000e+00   2.867117375811e-20   0.000000000000e+00   4.965992966168e-20   9.749682479836e-02   1.584727572765e-01   5.977727463543e-02   1.368967076251e-02  -1.594571604065e-01  -2.298431379531e-01   3.271284664186e-05  -9.886179724480e-03  -1.606576952220e-02  -6.059606000949e-03  -1.387674550860e-03  -2.102098289377e-02   9.141803585889e-02  -2.985304460864e-02  -7.732103330865e-02  -1.258475848315e-01  -4.749782196516e-02  -1.087972676219e-02   2.012465476768e-01  -1.101364966625e-01  -3.003939134851e-04  -9.962217333296e-03  -1.618839829858e-02  -6.105708474795e-03  -1.398220064155e-03  -2.111786415841e-02   9.137373591137e-02   3.012347494630e-02
   4.163666681279e-22   1.536790334960e-23   0.000000000000e+00   0.000000000000e+00   1.000000000000e+00   5.034334550560e-22   1.012042072559e-40  -6.515595017105e-41   6.291202128136e-01   1.051130653345e-23   0.000000000000e+00   0.000000000000e+00   2.202302509580e-01   1.265620698792e-22   0.000000000000e+00  -8.240148821592e-43   5.734990148843e-02   0.000000000000e+00  -4.965992966168e-20   0.000000000000e+00   0.000000000000e+00   0.000000000000e+00  -9.826465081750e-06  -1.597207928572e-05  -6.024804429293e-06  -1.379748232895e-06   1.607129485509e-05   3.271284664186e-05   9.472918981324e-02  -8.847458790224e-02  -1.437777157024e-01  -5.422935438412e-02  -1.241874388807e-02  -1.881235068204e-01  -2.985304460864e-02  -1.724106301864e-01  -1.134628139062e-04  -1.846718866429e-04  -6.969948931065e-05  -1.596518256607e-05   2.953142063838e-04  -3.003939134851e-04   9.457125714358e-02   8.860529258686e-02   1.439817783300e-01   5.430498730951e-02   1.243595614716e-02   1.878251065967e-01   3.012347494630e-02  -1.731615842526e-01
   3.291794955376e-01   4.187995882560e-01   1.718382283956e-19  -6.120761974401e-20   5.034334550560e-22   1.000000000000e+00   0.000000000000e+00   0.000000000000e+00   0.000000000000e+00   7.746967835845e-01   0.000000000000e+00   0.000000000000e+00   0.000000000000e+00   4.100964372946e-01   0.000000000000e+00   0.000000000000e+00   7.269814932098e-23   0.000000000000e+00   0.000000000000e+00   0.000000000000e+00   0.000000000000e+00   0.000000000000e+00   1.894763284505e-01   4.282908962171e-01   4.642250194576e-01   3.144094641872e-01  -1.719762045891e-01  -3.500546320318e-01   3.528114505759e-05   1.895102527455e-01   4.283337786492e-01   4.642452524457e-01   3.144148826352e-01   2.236365039103e-01   3.548855026250e-02   3.175983997082e-01   1.892593521585e-01   4.280165435407e-01   4.640955460252e-01   3.143747874774e-01  -2.732650153751e-01   2.779654537865e-01   4.078934438116e-04   1.895196224198e-01   4.283456219003e-01   4.642508401818e-01   3.144163790206e-01   2.229670583546e-01   3.575955695112e-02  -3.180502794133e-01
   4.274046357639e-22  -3.674087789698e-22   6.291202128136e-01  -1.295413852876e-38   1.012042072559e-40   0.000000000000e+00   1.000000000000e+00   0.000000000000e+00   0.000000000000e+00   0.000000000000e+00   6.534608721805e-01   0.000000000000e+00   0.000000000000e+00   0.000000000000e+00   2.263653730943e-01   0.000000000000e+00   0.000000000000e+00   8.401587031234e-20   0.000000000000e+00   0.000000000000e+00   0.000000000000e+00   0.000000000000e+00   1.715711099578e-01   2.168852830603e-01   1.023347133406e-01   2.740586925669e-02   1.419439478631e-01  -2.677118945622e-01   2.698202315126e-05  -2.231161466133e-01  -2.820215094516e-01  -1.330609357211e-01  -3.563360272249e-02   5.113425661520e-02  -3.528813977143e-02  -3.158048620523e-01   2.725710958440e-01   3.447368798890e-01   1.627188196874e-01   4.358445608025e-02  -5.919098552265e-02   3.381104653902e-01   4.961517348220e-04  -2.224500276763e-01  -2.811733244759e-01  -1.326586812332e-01  -3.552562080565e-02   5.248424488818e-02  -3.544969566846e-02   3.152943317470e-01
   0.000000000000e+00   3.054074633008e-20  -1.295413852876e-38   6.291202128136e-01  -6.515595017105e-41   0.000000000000e+00   0.000000000000e+00   1.000000000000e+00   0.000000000000e+00   0.000000000000e+00   0.000000000000e+00   6.534608721805e-01   0.000000000000e+00   0.000000000000e+00   0.000000000000e+00   2.263653730943e-01   0.000000000000e+00   0.000000000000e+00   0.000000000000e+00  -4.850658534103e-20   0.000000000000e+00  -8.401587031234e-20   3.492300688172e-01   4.414662955039e-01   2.083005640699e-01   5.578417956764e-02  -2.677118945622e-01  -2.714565052487e-01   5.492144804715e-05  -3.540597552284e-02  -4.475358154094e-02  -2.111524560054e-02  -5.654644385597e-03  -3.528813977143e-02   2.679080199219e-01  -5.011461243636e-02  -2.772595981280e-01  -3.506667076418e-01  -1.655177502028e-01  -4.433415340692e-02   3.381104653902e-01  -7.072433192539e-02  -5.046860533078e-04  -3.567663533874e-02  -4.509470405150e-02  -2.127585887183e-02  -5.697615019000e-03  -3.544969566846e-02   2.678338261303e-01   5.056704652101e-02
   8.231160013260e-23  -2.276765614047e-22   1.012042072559e-40  -6.515595017105e-41   6.291202128136e-01   0.000000000000e+00   0.000000000000e+00   0.000000000000e+00   1.000000000000e+00   0.000000000000e+00   0.000000000000e+00   0.000000000000e+00   6.534608721805e-01   2.415264939727e-22   0.000000000000e+00   0.000000000000e+00   2.263653730943e-01   0.000000000000e+00   8.401587031234e-20   0.000000000000e+00   0.000000000000e+00   0.000000000000e+00  -3.519803936001e-05  -4.449430170172e-05  -2.099410133175e-05  -5.622350202369e-06   2.698202315126e-05   5.492144804715e-05   2.734664857745e-01  -3.168594119227e-01  -4.005141312756e-01  -1.889670939662e-01  -5.060522321991e-02  -3.158048620523e-01  -5.011461243636e-02  -1.749838700608e-01  -4.068576536030e-04  -5.145770780565e-04  -2.428848773201e-04  -6.505704311555e-05   4.961517348220e-04  -5.046860533078e-04   2.732012395060e-01   3.173127635088e-01   4.010783255297e-01   1.892303326966e-01   5.067534956485e-02   3.152943317470e-01   5.056704652101e-02  -1.762308066861e-01
   1.537612665257e-01   1.871454501484e-01   2.218306422993e-20   4.651777586678e-20   1.051130653345e-23   7.746967835845e-01   0.000000000000e+00   0.000000000000e+00   0.000000000000e+00   1.000000000000e+00   0.000000000000e+00   4.136838709262e-20   0.000000000000e+00   7.744077347687e-01   0.000000000000e+00   0.000000000000e+00   0.000000000000e+00   0.000000000000e+00   0.000000000000e+00   0.000000000000e+00   0.000000000000e+00   0.000000000000e+00   2.675921428568e-01   5.816379921946e-01   7.587482945882e-01   6.305955510047e-01  -9.665024108074e-02  -1.967299177123e-01   1.982792435481e-05   2.676100743850e-01   5.816680971016e-01   7.587718021479e-01   6.306049127787e-01   1.256720918136e-01   1.994272074968e-02   1.784737936342e-01   2.674774067177e-01   5.814453529386e-01   7.585978597461e-01   6.305356374664e-01  -1.536613296393e-01   1.563044620403e-01   2.293650683430e-04   2.676150266021e-01   5.816764112050e-01   7.587782941689e-01   6.306074981687e-01   1.252928362196e-01   2.009452134061e-02  -1.787233587875e-01
  -1.187751633219e-20   1.495415283303e-20   2.202302509580e-01   0.000000000000e+00   0.000000000000e+00   0.000000000000e+00   6.534608721805e-01   0.000000000000e+00   0.000000000000e+00   0.000000000000e+00   1.000000000000e+00   0.000000000000e+00   0.000000000000e+00   0.000000000000e+00   6.530545656898e-01   0.000000000000e+00   0.000000000000e+00   0.000000000000e+00   0.000000000000e+00   0.000000000000e+00   0.000000000000e+00   0.000000000000e+00   1.652704927409e-01   2.774716580743e-01   2.166673136833e-01   8.628742486164e-02   2.242010873807e-01  -1.137100729313e-01   1.146055846858e-05  -2.148983640935e-01  -3.607860817217e-01  -2.817186001362e-01  -1.121921894515e-01   1.856382162769e-01  -1.498723798457e-02  -1.341255916271e-01   2.627513169362e-01   4.411748201012e-01   3.445428442771e-01   1.372278294517e-01   1.386894247765e-01   1.436930802168e-01   2.108588119248e-04  -2.142500966224e-01  -3.596962067731e-01  -2.808659634625e-01  -1.118521352623e-01   1.862138643432e-01  -1.505548450971e-02   1.339054916581e-01
   8.379913394287e-21  -5.457937053696e-23   0.000000000000e+00   2.202302509580e-01   0.000000000000e+00   0.000000000000e+00   0.000000000000e+00   6.534608721805e-01   0.000000000000e+00   4.136838709262e-20   0.000000000000e+00   1.000000000000e+00   0.000000000000e+00   0.000000000000e+00   0.000000000000e+00   6.530545656898e-01   0.000000000000e+00   0.000000000000e+00   0.000000000000e+00   0.000000000000e+00   0.000000000000e+00   0.000000000000e+00   3.364052699054e-01   5.647888287713e-01   4.410226225535e-01   1.756365819973e-01  -1.137100729313e-01   4.861010084622e-02   2.332777134594e-05  -3.410190761398e-02  -5.725261650633e-02  -4.470551330397e-02  -1.780361472654e-02  -1.498723798457e-02   2.777042758802e-01  -2.128419429171e-02  -2.672709089560e-01  -4.487634792924e-01  -3.504693344185e-01  -1.395882888021e-01   1.436930802168e-01   1.337878844829e-01  -2.144857996590e-04  -3.436152671381e-02  -5.768823917813e-02  -4.504540935412e-02  -1.793889568502e-02  -1.505548450971e-02   2.776728239599e-01   2.147582288770e-02
  -2.734960224431e-23   2.495377956108e-24   0.000000000000e+00   0.000000000000e+00   2.202302509580e-01   0.000000000000e+00   0.000000000000e+00   0.000000000000e+00   6.534608721805e-01   0.000000000000e+00   0.000000000000e+00   0.000000000000e+00   1.000000000000e+00   0.000000000000e+00   0.000000000000e+00   0.000000000000e+00   6.530545656898e-01   0.000000000000e+00   0.000000000000e+00   0.000000000000e+00   0.000000000000e+00   0.000000000000e+00  -3.390545943294e-05  -5.692367639624e-05  -4.444958499671e-05  -1.770197894797e-05   1.146055846858e-05   2.332777134594e-05   2.800650130478e-01  -3.051888906446e-01  -5.123719973631e-01  -4.000839532315e-01  -1.593302488929e-01  -1.341255916271e-01  -2.128419429171e-02   8.960350889165e-02  -3.922000018335e-04  -6.585267288864e-04  -5.142874476629e-04  -2.048353385633e-04   2.108588119248e-04  -2.144857996590e-04   2.799523182495e-01   3.056160116115e-01   5.130869102921e-01   4.006398919021e-01   1.595509360696e-01   1.339054916581e-01   2.147582288770e-02   8.907858994432e-02
   6.556249676812e-02   7.831571041382e-02   0.000000000000e+00   4.648337964687e-21   1.265620698792e-22   4.100964372946e-01   0.000000000000e+00   0.000000000000e+00   2.415264939727e-22   7.744077347687e-01   0.000000000000e+00   0.000000000000e+00   0.000000000000e+00   1.000000000000e+00   0.000000000000e+00   0.000000000000e+00   0.000000000000e+00   0.000000000000e+00   0.000000000000e+00   0.000000000000e+00   0.000000000000e+00   0.000000000000e+00   1.765479440531e-01   4.417605115041e-01   7.698547469598e-01   9.136261947389e-01  -2.241163047044e-02  -4.561849167624e-02   4.597775532339e-06   1.765517848341e-01   4.417692846554e-01   7.698669070232e-01   9.136354803253e-01   2.914012196333e-02   4.624203405387e-03   4.138347694153e-02   1.765233644275e-01   4.417043660789e-01   7.697769251860e-01   9.135667677570e-01  -3.564102938124e-02   3.625409162521e-02   5.320015881049e-05   1.765528455263e-01   4.417717074963e-01   7.698702652034e-01   9.136380446673e-01   2.905185000893e-02   4.659348751318e-03  -4.144087059765e-02
   1.858451846944e-22   0.000000000000e+00   5.734990148843e-02   0.000000000000e+00   0.000000000000e+00   0.000000000000e+00   2.263653730943e-01   0.000000000000e+00   0.000000000000e+00   0.000000000000e+00   6.530545656898e-01   0.000000000000e+00   0.000000000000e+00   0.000000000000e+00   1.000000000000e+00   0.000000000000e+00   0.000000000000e+00  -1.474586065380e-20   0.000000000000e+00   0.000000000000e+00   0.000000000000e+00   0.000000000000e+00   6.453995620035e-02   1.474229654689e-01   2.043366386462e-01   1.560346199608e-01   1.103833628892e-01  -1.631713496779e-02   1.644563885304e-06  -8.391638805016e-02  -1.916824869910e-01  -2.656817801090e-01  -2.028775769124e-01   1.048502405678e-01  -2.150545230310e-03  -1.924591786913e-02   1.026370462733e-01   2.344476551891e-01   3.249662749007e-01   2.481582217749e-01   9.810725810212e-02   2.062509524402e-02   3.026577948240e-05  -8.366219738287e-02  -1.911017625366e-01  -2.648765688741e-01  -2.022623940391e-01   1.049329954146e-01  -2.160313331040e-03   1.921411552992e-02
  -9.292259234719e-23   1.718765844021e-21   0.000000000000e+00   5.734990148843e-02  -8.240148821592e-43   0.000000000000e+00   0.000000000000e+00   2.263653730943e-01   0.000000000000e+00   0.000000000000e+00   0.000000000000e+00   6.530545656898e-01   0.000000000000e+00   0.000000000000e+00   0.000000000000e+00   1.000000000000e+00   0.000000000000e+00   0.000000000000e+00   0.000000000000e+00   8.513526617904e-21   0.000000000000e+00   1.474586065380e-20   1.313699803588e-01   3.000769324659e-01   4.159237437690e-01   3.176058083449e-01  -1.631713496779e-02   8.518645858200e-02   3.347481746664e-06  -1.331656908910e-02  -3.041781397526e-02  -4.216065375003e-02  -3.219434644836e-02  -2.150545230310e-03   1.180609619534e-01  -3.054106604710e-03  -1.044025086911e-01  -2.384803952103e-01  -3.305560279792e-01  -2.524267975973e-01   2.062509524402e-02   9.740371179880e-02  -3.078638191749e-05  -1.341778078810e-02  -3.064898649746e-02  -4.248102306937e-02  -3.243893358995e-02  -2.160313331040e-03   1.180564528214e-01   3.081568477550e-03
   5.019588464660e-24  -1.353267923948e-23   0.000000000000e+00  -8.240148821592e-43   5.734990148843e-02   7.269814932098e-23   0.000000000000e+00   0.000000000000e+00   2.263653730943e-01   0.000000000000e+00   0.000000000000e+00   0.000000000000e+00   6.530545656898e-01   0.000000000000e+00   0.000000000000e+00   0.000000000000e+00   1.000000000000e+00   0.000000000000e+00  -1.474586065380e-20   0.000000000000e+00   0.000000000000e+00   0.000000000000e+00  -1.324045708623e-05  -3.024401568783e-05  -4.191993075948e-05  -3.201070795809e-05   1.644563885304e-06   3.347481746664e-06   1.183997082440e-01  -1.191742407345e-01  -2.722187570275e-01  -3.773091902211e-01  -2.881175149738e-01  -1.924591786913e-02  -3.054106604710e-03   9.107005090753e-02  -1.532028467296e-04  -3.499520834651e-04  -4.850661648361e-04  -3.704173823752e-04   3.026577948240e-05  -3.078638191749e-05   1.183835346488e-01   1.193395358503e-01   2.725961826813e-01   3.778318975105e-01   2.885162113797e-01   1.921411552992e-02   3.081568477550e-03   9.099504289882e-02
   0.000000000000e+00   0.000000000000e+00  -4.965992966168e-20   0.000000000000e+00   0.000000000000e+00   0.000000000000e+00   8.401587031234e-20   0.000000000000e+00   0.000000000000e+00   0.000000000000e+00   0.000000000000e+00   0.000000000000e+00   0.000000000000e+00   0.000000000000e+00  -1.474586065380e-20   0.000000000000e+00   0.000000000000e+00   1.000000000000e+00   0.000000000000e+00   0.000000000000e+00   0.000000000000e+00   0.000000000000e+00   2.833869310217e-01   1.833466046003e-01   3.319523630125e-02   3.263439402527e-03   1.652418739272e-01  -2.412622348255e-01   4.283747448816e-05   3.735680771809e-02   2.416663443804e-02   4.375129480669e-03   4.301090574903e-04  -2.134851047515e-03  -2.332936469564e-01   5.082360610650e-02  -3.577553848225e-01  -2.316208854672e-01  -4.195278612261e-02  -4.125134421056e-03   1.224072246243e-01  -1.346428847992e-01  -6.259960492885e-04   3.752852264535e-02   2.427699921048e-02   4.395031241004e-03   4.320622271559e-04  -2.369731787293e-03  -2.325105274358e-01  -5.112713752992e-02
   0.000000000000e+00   0.000000000000e+00   0.000000000000e+00   0.000000000000e+00  -4.965992966168e-20   0.000000000000e+00   0.000000000000e+00   0.000000000000e+00   8.401587031234e-20   0.000000000000e+00   0.000000000000e+00   0.000000000000e+00   0.000000000000e+00   0.000000000000e+00   0.000000000000e+00   0.000000000000e+00  -1.474586065380e-20   0.000000000000e+00   1.000000000000e+00   0.000000000000e+00   0.000000000000e+00   0.000000000000e+00  -5.813720243847e-05  -3.761379760748e-05  -6.810046482671e-06  -6.694988950493e-07   4.283747448816e-05   4.949526548821e-05   3.740510255173e-01   5.305244064373e-02   3.432035597791e-02   6.213360060994e-03   6.108213371718e-04   5.082360610650e-02  -3.313130353941e-01   3.425514791905e-02   5.340093599508e-04   3.457326599318e-04   6.262150456967e-05   6.157448595756e-06  -6.259960492885e-04   2.009768791299e-04  -2.969729872716e-01  -5.353237918374e-02  -3.462980782538e-02  -6.269271005982e-03  -6.163130692262e-04  -5.112713752992e-02   3.316635146160e-01   3.471798188079e-02
   0.000000000000e+00   0.000000000000e+00   0.000000000000e+00   2.867117375811e-20   0.000000000000e+00   0.000000000000e+00   0.000000000000e+00  -4.850658534103e-20   0.000000000000e+00   0.000000000000e+00   0.000000000000e+00   0.000000000000e+00   0.000000000000e+00   0.000000000000e+00   0.000000000000e+00   8.513526617904e-21   0.000000000000e+00   0.000000000000e+00   0.000000000000e+00   1.000000000000e+00   0.000000000000e+00   0.000000000000e+00  -2.067066068804e-01  -1.337357173930e-01  -2.421309492180e-02  -2.380400829440e-03   4.621156415908e-02   9.406285088083e-02  -7.477813037776e-05   2.044480578192e-01   1.322602699933e-01   2.394441012681e-02   2.353920659333e-03   3.338297526692e-01   5.297495600928e-02  -1.137303709066e-01  -2.065797551361e-01  -1.337455362914e-01  -2.422492197786e-02  -2.381988628985e-03   7.360590872451e-02  -7.487200581417e-02  -8.646741780697e-04   2.056038311291e-01   1.330040111934e-01   2.407862599927e-02   2.367096888649e-03   3.339247909961e-01   5.355500794214e-02   1.123351176997e-01
   2.608316674521e-44   0.000000000000e+00   0.000000000000e+00   0.000000000000e+00   0.000000000000e+00   0.000000000000e+00   0.000000000000e+00   0.000000000000e+00   0.000000000000e+00   0.000000000000e+00   0.000000000000e+00   0.000000000000e+00   0.000000000000e+00   0.000000000000e+00   0.000000000000e+00   0.000000000000e+00   0.000000000000e+00   0.000000000000e+00   0.000000000000e+00   0.000000000000e+00   1.000000000000e+00   0.000000000000e+00  -2.856187150779e-05  -1.847905315571e-05  -3.345666190353e-06  -3.289140277303e-07  -1.665432189763e-05   4.283747448816e-05   1.837652463496e-01   3.343180338930e-01   2.162749497256e-01   3.915443463592e-02   3.849183676102e-03  -1.910546560203e-02   5.082360610650e-02   2.158640312124e-01  -5.249791798569e-04  -3.398862676817e-04  -6.156256533298e-05  -6.053325196602e-06   1.796234162169e-04  -6.259960492885e-04   2.919511285568e-01  -3.337836967509e-01  -2.159228760234e-01  -3.908999533026e-02  -3.842819200995e-03   2.107671127227e-02  -5.112713752992e-02   2.164726565978e-01
   0.000000000000e+00   0.000000000000e+00   0.000000000000e+00   4.965992966168e-20   0.000000000000e+00   0.000000000000e+00   0.000000000000e+00  -8.401587031234e-20   0.000000000000e+00   0.000000000000e+00   0.000000000000e+00   0.000000000000e+00   0.000000000000e+00   0.000000000000e+00   0.000000000000e+00   1.474586065380e-20   0.000000000000e+00   0.000000000000e+00   0.000000000000e+00   0.000000000000e+00   0.000000000000e+00   1.000000000000e+00  -2.188029147564e-01  -1.415618262727e-01  -2.563002617148e-02  -2.519700011675e-03   3.449867041543e-01  -4.588751475972e-02  -3.307479369292e-05   1.147407577535e-01   7.422737961711e-02   1.343813089358e-02   1.321072173659e-03  -1.290524145324e-01   5.536531637024e-02   1.561037848960e-01  -6.101728877043e-03  -3.950430672296e-03  -7.155294858350e-04  -7.035659807364e-05   2.991048397079e-01   2.896980937612e-01  -1.067673145648e-05   1.139890129367e-01   7.373887864491e-02   1.334945363351e-02   1.312344407110e-03  -1.293915198785e-01   5.567228108745e-02  -1.552934016719e-01
   1.209036540471e-02   1.098552246366e-02   4.789862025534e-02   9.749682479836e-02  -9.826465081750e-06   1.894763284505e-01   1.715711099578e-01   3.492300688172e-01  -3.519803936001e-05   2.675921428568e-01   1.652704927409e-01   3.364052699054e-01  -3.390545943294e-05   1.765479440531e-01   6.453995620035e-02   1.313699803588e-01  -1.324045708623e-05   2.833869310217e-01  -5.813720243847e-05  -2.067066068804e-01  -2.856187150779e-05  -2.188029147564e-01   1.000000000000e+00   7.063772200372e-01   3.736639626622e-01   1.837659445759e-01  -1.589679562113e-16  -3.564486404779e-16  -4.889323800327e-21   1.091536369900e-03   3.898177662802e-02   1.288154636771e-01   1.240837766091e-01   1.105563462392e-02   1.077500663444e-02   8.873908513235e-03   1.107042055501e-03   3.922574091103e-02   1.291122540747e-01   1.241891370650e-01  -2.870018177942e-03   1.775619282146e-02   1.054162314194e-05   1.091625073015e-03   3.898317775896e-02   1.288171715506e-01   1.240843833417e-01   1.103737620044e-02   1.078323010566e-02  -8.888707330233e-03
   7.488704989429e-02   8.976510070904e-02   7.785511412603e-02   1.584727572765e-01  -1.597207928572e-05   4.282908962171e-01   2.168852830603e-01   4.414662955039e-01  -4.449430170172e-05   5.816379921946e-01   2.774716580743e-01   5.647888287713e-01  -5.692367639624e-05   4.417605115041e-01   1.474229654689e-01   3.000769324659e-01  -3.024401568783e-05   1.833466046003e-01  -3.761379760748e-05  -1.337357173930e-01  -1.847905315571e-05  -1.415618262727e-01   7.063772200372e-01   1.000000000000e+00   7.889632276872e-01   4.631805400595e-01   1.694117641212e-16   3.388235282423e-16  -4.136029397489e-20   3.898177662802e-02   1.605367911971e-01   3.282249904749e-01   3.218645676699e-01   7.504218587002e-02   7.313737095315e-02   6.023331221555e-02   3.922574091103e-02   1.611727314503e-01   3.288477310206e-01   3.221178721607e-01  -1.937138547821e-02   1.198466471096e-01   7.115141186837e-05   3.898317775896e-02   1.605404476959e-01   3.282285747455e-01   3.218660264035e-01   7.491582290562e-02   7.319081476211e-02  -6.033180459911e-02
   7.949902529467e-02   9.551412790343e-02   2.936761257183e-02   5.977727463543e-02  -6.024804429293e-06   4.642250194576e-01   1.023347133406e-01   2.083005640699e-01  -2.099410133175e-05   7.587482945882e-01   2.166673136833e-01   4.410226225535e-01  -4.444958499671e-05   7.698547469598e-01   2.043366386462e-01   4.159237437690e-01  -4.191993075948e-05   3.319523630125e-02  -6.810046482671e-06  -2.421309492180e-02  -3.345666190353e-06  -2.563002617148e-02   3.736639626622e-01   7.889632276872e-01   1.000000000000e+00   8.208664008791e-01   0.000000000000e+00   0.000000000000e+00   0.000000000000e+00   1.288154636771e-01   3.282249904749e-01   5.617056215700e-01   6.085263797247e-01   8.268721935293e-02   8.058834860401e-02   6.636966983009e-02   1.291122540747e-01   3.288477310206e-01   5.624062727264e-01   6.089201744747e-01  -2.127413856647e-02   1.316185762863e-01   7.814025470664e-05   1.288171715506e-01   3.282285747455e-01   5.617096555675e-01   6.085286476732e-01   8.254640438573e-02   8.064569483919e-02  -6.647692498863e-02
   4.891690935350e-02   5.829823129095e-02   6.725514832202e-03   1.368967076251e-02  -1.379748232895e-06   3.144094641872e-01   2.740586925669e-02   5.578417956764e-02  -5.622350202369e-06   6.305955510047e-01   8.628742486164e-02   1.756365819973e-01  -1.770197894797e-05   9.136261947389e-01   1.560346199608e-01   3.176058083449e-01  -3.201070795809e-05   3.263439402527e-03  -6.694988950493e-07  -2.380400829440e-03  -3.289140277303e-07  -2.519700011675e-03   1.837659445759e-01   4.631805400595e-01   8.208664008791e-01   1.000000000000e+00   5.198820882407e-17   1.039764176481e-16   0.000000000000e+00   1.240837766091e-01   3.218645676699e-01   6.085263797247e-01   8.170129897839e-01   3.034052677521e-02   2.957038545647e-02   2.435310753342e-02   1.241891370650e-01   3.221178721607e-01   6.089201744747e-01   8.173699377229e-01  -7.795543850967e-03   4.822937388681e-02   2.863315852663e-05   1.240843833417e-01   3.218660264035e-01   6.085286476732e-01   8.170150457385e-01   3.028862018520e-02   2.959119587016e-02  -2.439227180207e-02
  -3.942155019392e-02  -4.743896915781e-02   1.639045757605e-02  -1.594571604065e-01   1.607129485509e-05  -1.719762045891e-01   1.419439478631e-01  -2.677118945622e-01   2.698202315126e-05  -9.665024108074e-02   2.242010873807e-01  -1.137100729313e-01   1.146055846858e-05  -2.241163047044e-02   1.103833628892e-01  -1.631713496779e-02   1.644563885304e-06   1.652418739272e-01   4.283747448816e-05   4.621156415908e-02  -1.665432189763e-05   3.449867041543e-01  -1.589679562113e-16   1.694117641212e-16   0.000000000000e+00   5.198820882407e-17   1.000000000000e+00   0.000000000000e+00   0.000000000000e+00  -1.105563462392e-02  -7.504218587002e-02  -8.268721935293e-02  -3.034052677521e-02  -3.333238376814e-02  -4.694970501947e-02  -3.866609100124e-02   2.870018177942e-03   1.937138547821e-02   2.127413856647e-02   7.795543850967e-03   1.177189555689e-02   1.982160563612e-02   1.176783214652e-05  -1.103737620044e-02  -7.491582290562e-02  -8.254640438573e-02  -3.028862018520e-02  -3.316897551080e-02  -4.690437661293e-02   3.866367240004e-02
  -8.024189323299e-02  -9.656121282696e-02  -1.594571604065e-01  -2.298431379531e-01   3.271284664186e-05  -3.500546320318e-01  -2.677118945622e-01  -2.714565052487e-01   5.492144804715e-05  -1.967299177123e-01  -1.137100729313e-01   4.861010084622e-02   2.332777134594e-05  -4.561849167624e-02  -1.631713496779e-02   8.518645858200e-02   3.347481746664e-06  -2.412622348255e-01   4.949526548821e-05   9.406285088083e-02   4.283747448816e-05  -4.588751475972e-02  -3.564486404779e-16   3.388235282423e-16   0.000000000000e+00   1.039764176481e-16   0.000000000000e+00   1.000000000000e+00   0.000000000000e+00  -1.077500663444e-02  -7.313737095315e-02  -8.058834860401e-02  -2.957038545647e-02  -4.694970501947e-02  -3.091787313553e-02  -3.768461976526e-02  -1.775619282146e-02  -1.198466471096e-01  -1.316185762863e-01  -4.822937388681e-02   1.982160563612e-02  -1.076563073272e-01  -7.280507778314e-05  -1.078323010566e-02  -7.319081476211e-02  -8.064569483919e-02  -2.959119587016e-02  -4.690437661293e-02  -3.098348510396e-02   3.777340453457e-02
   8.087382984812e-06   9.732167053213e-06   1.607129485509e-05   3.271284664186e-05   9.472918981324e-02   3.528114505759e-05   2.698202315126e-05   5.492144804715e-05   2.734664857745e-01   1.982792435481e-05   1.146055846858e-05   2.332777134594e-05   2.800650130478e-01   4.597775532339e-06   1.644563885304e-06   3.347481746664e-06   1.183997082440e-01   4.283747448816e-05   3.740510255173e-01  -7.477813037776e-05   1.837652463496e-01  -3.307479369292e-05  -4.889323800327e-21  -4.136029397489e-20   0.000000000000e+00   0.000000000000e+00   0.000000000000e+00   0.000000000000e+00   1.000000000000e+00  -8.873908513235e-03  -6.023331221555e-02  -6.636966983009e-02  -2.435310753342e-02  -3.866609100124e-02  -3.768461976526e-02  -1.619560394909e-02  -1.054162314194e-05  -7.115141186837e-05  -7.814025470664e-05  -2.863315852663e-05   1.176783214652e-05  -7.280507778314e-05   1.497571304074e-02   8.888707330233e-03   6.033180459911e-02   6.647692498863e-02   2.439227180207e-02   3.866367240004e-02   3.777340453457e-02  -1.629606168379e-02
   1.209534096276e-02   1.099085189839e-02  -6.229926706665e-02  -9.886179724480e-03  -8.847458790224e-02   1.895102527455e-01  -2.231161466133e-01  -3.540597552284e-02  -3.168594119227e-01   2.676100743850e-01  -2.148983640935e-01  -3.410190761398e-02  -3.051888906446e-01   1.765517848341e-01  -8.391638805016e-02  -1.331656908910e-02  -1.191742407345e-01   3.735680771809e-02   5.305244064373e-02   2.044480578192e-01   3.343180338930e-01   1.147407577535e-01   1.091536369900e-03   3.898177662802e-02   1.288154636771e-01   1.240837766091e-01  -1.105563462392e-02  -1.077500663444e-02  -8.873908513235e-03   1.000000000000e+00   7.063772200372e-01   3.736639626622e-01   1.837659445759e-01   0.000000000000e+00  -5.006667571535e-18   1.540612516978e-18   1.079148853753e-03   3.878547814994e-02   1.285758053768e-01   1.239985860969e-01  -1.376912912703e-02   6.723512840196e-03  -8.783920522500e-03   1.127697977306e-03   3.954779064143e-02   1.295022537782e-01   1.243273545095e-01  -1.946171421857e-05   7.727663336706e-06  -1.822534247779e-02
   7.489842013599e-02   8.977923316752e-02  -1.012408932458e-01  -1.606576952220e-02  -1.437777157024e-01   4.283337786492e-01  -2.820215094516e-01  -4.475358154094e-02  -4.005141312756e-01   5.816680971016e-01  -3.607860817217e-01  -5.725261650633e-02  -5.123719973631e-01   4.417692846554e-01  -1.916824869910e-01  -3.041781397526e-02  -2.722187570275e-01   2.416663443804e-02   3.432035597791e-02   1.322602699933e-01   2.162749497256e-01   7.422737961711e-02   3.898177662802e-02   1.605367911971e-01   3.282249904749e-01   3.218645676699e-01  -7.504218587002e-02  -7.313737095315e-02  -6.023331221555e-02   7.063772200372e-01   1.000000000000e+00   7.889632276872e-01   4.631805400595e-01  -3.388235282423e-16   0.000000000000e+00   0.000000000000e+00   3.878547814994e-02   1.600240359796e-01   3.277219423907e-01   3.216597436554e-01  -9.388737540002e-02   4.584552648250e-02  -5.989480060586e-02   3.954779064143e-02   1.620099897738e-01   3.296656637225e-01   3.224501466113e-01  -1.303921636072e-04   5.177481956547e-05  -1.221085569068e-01
   7.950308948000e-02   9.551907479394e-02  -3.818553001186e-02  -6.059606000949e-03  -5.422935438412e-02   4.642452524457e-01  -1.330609357211e-01  -2.111524560054e-02  -1.889670939662e-01   7.587718021479e-01  -2.817186001362e-01  -4.470551330397e-02  -4.000839532315e-01   7.698669070232e-01  -2.656817801090e-01  -4.216065375003e-02  -3.773091902211e-01   4.375129480669e-03   6.213360060994e-03   2.394441012681e-02   3.915443463592e-02   1.343813089358e-02   1.288154636771e-01   3.282249904749e-01   5.617056215700e-01   6.085263797247e-01  -8.268721935293e-02  -8.058834860401e-02  -6.636966983009e-02   3.736639626622e-01   7.889632276872e-01   1.000000000000e+00   8.208664008791e-01   0.000000000000e+00   0.000000000000e+00   0.000000000000e+00   1.285758053768e-01   3.277219423907e-01   5.611393051626e-01   6.082079139140e-01  -1.037305399121e-01   5.065197737527e-02  -6.617417920464e-02   1.295022537782e-01   3.296656637225e-01   5.633258466856e-01   6.094366548869e-01  -1.425783101623e-04   5.661357307361e-05  -1.335205369593e-01
   4.891780434378e-02   5.829930315592e-02  -8.744642506500e-03  -1.387674550860e-03  -1.241874388807e-02   3.144148826352e-01  -3.563360272249e-02  -5.654644385597e-03  -5.060522321991e-02   6.306049127787e-01  -1.121921894515e-01  -1.780361472654e-02  -1.593302488929e-01   9.136354803253e-01  -2.028775769124e-01  -3.219434644836e-02  -2.881175149738e-01   4.301090574903e-04   6.108213371718e-04   2.353920659333e-03   3.849183676102e-03   1.321072173659e-03   1.240837766091e-01   3.218645676699e-01   6.085263797247e-01   8.170129897839e-01  -3.034052677521e-02  -2.957038545647e-02  -2.435310753342e-02   1.837659445759e-01   4.631805400595e-01   8.208664008791e-01   1.000000000000e+00   0.000000000000e+00   0.000000000000e+00   1.039764176481e-16   1.239985860969e-01   3.216597436554e-01   6.082079139140e-01   8.167242674891e-01  -3.810386448049e-02   1.860624733286e-02  -2.430809632976e-02   1.243273545095e-01   3.224501466113e-01   6.094366548869e-01   8.178379781689e-01  -5.215239750468e-05   2.070815374185e-05  -4.883923866549e-02
   5.127178232001e-02   6.170064820991e-02  -3.771309997890e-02  -2.102098289377e-02  -1.881235068204e-01   2.236365039103e-01   5.113425661520e-02  -3.528813977143e-02  -3.158048620523e-01   1.256720918136e-01   1.856382162769e-01  -1.498723798457e-02  -1.341255916271e-01   2.914012196333e-02   1.048502405678e-01  -2.150545230310e-03  -1.924591786913e-02  -2.134851047515e-03   5.082360610650e-02   3.338297526692e-01  -1.910546560203e-02  -1.290524145324e-01   1.105563462392e-02   7.504218587002e-02   8.268721935293e-02   3.034052677521e-02  -3.333238376814e-02  -4.694970501947e-02  -3.866609100124e-02   0.000000000000e+00  -3.388235282423e-16   0.000000000000e+00   0.000000000000e+00   1.000000000000e+00   0.000000000000e+00   0.000000000000e+00   1.376912912703e-02   9.388737540002e-02   1.037305399121e-01   3.810386448049e-02  -6.079169481267e-02   3.687809816765e-02  -4.817932099259e-02   1.946171421858e-05   1.303921636072e-04   1.425783101623e-04   5.215239750468e-05   1.515528339785e-02   5.749459100765e-08  -1.355983776826e-04
   8.136244271826e-03   9.791185772179e-03  -2.102098289377e-02   9.141803585889e-02  -2.985304460864e-02   3.548855026250e-02  -3.528813977143e-02   2.679080199219e-01  -5.011461243636e-02   1.994272074968e-02  -1.498723798457e-02   2.777042758802e-01  -2.128419429171e-02   4.624203405387e-03  -2.150545230310e-03   1.180609619534e-01  -3.054106604710e-03  -2.332936469564e-01  -3.313130353941e-01   5.297495600928e-02   5.082360610650e-02   5.536531637024e-02   1.077500663444e-02   7.313737095315e-02   8.058834860401e-02   2.957038545647e-02  -4.694970501947e-02  -3.091787313553e-02  -3.768461976526e-02  -5.006667571535e-18   0.000000000000e+00   0.000000000000e+00   0.000000000000e+00   0.000000000000e+00   1.000000000000e+00   0.000000000000e+00  -6.723512840196e-03  -4.584552648250e-02  -5.065197737527e-02  -1.860624733286e-02   3.687809816765e-02  -3.276480237127e-03   2.352612720362e-02  -7.727663336706e-06  -5.177481956547e-05  -5.661357307360e-05  -2.070815374185e-05   5.749459100764e-08   1.515540536558e-02   5.384205111463e-05
   7.281385520833e-02   8.762445660610e-02  -1.881235068204e-01  -2.985304460864e-02  -1.724106301864e-01   3.175983997082e-01  -3.158048620523e-01  -5.011461243636e-02  -1.749838700608e-01   1.784737936342e-01  -1.341255916271e-01  -2.128419429171e-02   8.960350889165e-02   4.138347694153e-02  -1.924591786913e-02  -3.054106604710e-03   9.107005090753e-02   5.082360610650e-02   3.425514791905e-02  -1.137303709066e-01   2.158640312124e-01   1.561037848960e-01   8.873908513235e-03   6.023331221555e-02   6.636966983009e-02   2.435310753342e-02  -3.866609100124e-02  -3.768461976526e-02  -1.619560394909e-02   1.540612516978e-18   0.000000000000e+00   0.000000000000e+00   1.039764176481e-16   0.000000000000e+00   0.000000000000e+00   1.000000000000e+00   8.783920522500e-03   5.989480060586e-02   6.617417920464e-02   2.430809632976e-02  -4.817932099259e-02   2.352612720362e-02  -1.600444278711e-02   1.822534247779e-02   1.221085569068e-01   1.335205369593e-01   4.883923866549e-02  -1.355983776826e-04   5.384205111463e-05  -1.118286002901e-01
   1.205857150201e-02   1.095147441792e-02   7.601352278883e-02  -7.732103330865e-02  -1.134628139062e-04   1.892593521585e-01   2.725710958440e-01  -2.772595981280e-01  -4.068576536030e-04   2.674774067177e-01   2.627513169362e-01  -2.672709089560e-01  -3.922000018335e-04   1.765233644275e-01   1.026370462733e-01  -1.044025086911e-01  -1.532028467296e-04  -3.577553848225e-01   5.340093599508e-04  -2.065797551361e-01  -5.249791798569e-04  -6.101728877043e-03   1.107042055501e-03   3.922574091103e-02   1.291122540747e-01   1.241891370650e-01   2.870018177942e-03  -1.775619282146e-02  -1.054162314194e-05   1.079148853753e-03   3.878547814994e-02   1.285758053768e-01   1.239985860969e-01   1.376912912703e-02  -6.723512840196e-03   8.783920522500e-03   1.000000000000e+00   7.063772200372e-01   3.736639626622e-01   1.837659445759e-01  -3.163952999056e-16   4.005334057228e-17   0.000000000000e+00   1.079276996844e-03   3.878751519320e-02   1.285782963153e-01   1.239994720577e-01   1.375162231350e-02  -6.716679253686e-03  -8.819510719187e-03
   7.481431962737e-02   8.967470341294e-02   1.237194828906e-01  -1.258475848315e-01  -1.846718866429e-04   4.280165435407e-01   3.447368798890e-01  -3.506667076418e-01  -5.145770780565e-04   5.814453529386e-01   4.411748201012e-01  -4.487634792924e-01  -6.585267288864e-04   4.417043660789e-01   2.344476551891e-01  -2.384803952103e-01  -3.499520834651e-04  -2.316208854672e-01   3.457326599318e-04  -1.337455362914e-01  -3.398862676817e-04  -3.950430672296e-03   3.922574091103e-02   1.611727314503e-01   3.288477310206e-01   3.221178721607e-01   1.937138547821e-02  -1.198466471096e-01  -7.115141186837e-05   3.878547814994e-02   1.600240359796e-01   3.277219423907e-01   3.216597436554e-01   9.388737540002e-02  -4.584552648250e-02   5.989480060586e-02   7.063772200372e-01   1.000000000000e+00   7.889632276872e-01   4.631805400595e-01   0.000000000000e+00   0.000000000000e+00  -6.617647035983e-19   3.878751519320e-02   1.600293618835e-01   3.277271717771e-01   3.216618738288e-01   9.376355718125e-02  -4.579675945963e-02  -6.013462839343e-02
