ARMA_MAT_TXT_FN008
73 73
   3.281281564303e-01   2.805205696332e-01  -3.174860632577e-03  -2.699230831118e-06   9.668956931598e-08  -4.266368092013e-02  -5.774300089176e-04  -8.198455858397e-06   1.773062510964e-07  -3.332974534927e-02  -1.311570122530e-03  -7.437365428681e-06   1.494795949909e-07  -1.903847121116e-02   3.412998463143e-03   1.876241504312e-05  -3.601005789478e-07   3.773563081934e-07  -3.871324991878e-09   1.687820130491e-04  -1.470330649928e-08  -2.830141232239e-04  -4.211178704983e-05  -1.052366602200e-04   6.106824682605e-05   5.156116447484e-04  -4.039274038640e-04   4.085460322281e-03   7.770852394934e-03   7.897268356179e-07   3.687896385637e-09   1.922487880930e-03   2.153262258132e-07   2.955184595094e-10  -5.188720007849e-03  -4.886086981405e-07  -4.459272200430e-09  -1.192323284033e-02  -5.338104158832e-07  -2.553015331381e-08  -6.975630686887e-04   2.539985298220e-06  -7.631123260357e-08   1.402236771125e-02   3.979266263006e-03  -2.986550141231e-06   6.495821900006e-08  -1.633979022578e-06  -6.017829526630e-10   1.360441058980e-03   3.497658808389e-08  -2.355730540117e-03  -8.935023437256e-03  -1.296210895680e-02   3.052006104599e-03   9.572311253818e-04   5.783176443289e-04  -1.129208162886e-03  -1.920419099471e-03  -8.934846042095e-03  -1.296186086906e-02   3.052191350689e-03   9.576014323976e-04   5.783712425122e-04  -1.104287680959e-03   1.934829123877e-03  -8.942695101423e-03  -1.297466253082e-02   3.037577874124e-03   9.312223536060e-04   5.763219179117e-04   2.228002094920e-03  -1.431880520413e-05
   2.805205696332e-01   2.468740320833e-01  -4.716119904881e-03  -4.650257586369e-06   1.572947582044e-07  -7.255942469685e-02  -1.210161325672e-03  -1.400894856453e-05   3.045468582827e-07  -5.453558270182e-02  -2.009749446837e-03  -1.316559794916e-05   2.589209248000e-07  -3.096766386721e-02   5.591201841822e-03   2.998237760418e-05  -5.741725231581e-07   9.414982635948e-07  -8.644182960886e-09   2.133251834801e-04  -3.055448801850e-08  -3.533030742231e-04  -4.214062820832e-05  -9.282745705377e-05  -7.152997424002e-05   6.177755260576e-04  -2.987257225625e-04   7.047175409585e-03   1.298913486558e-02   1.149815328740e-06   9.562998314045e-09   3.220295388474e-03   3.247296963683e-07   1.158833354369e-09  -8.701016219461e-03  -7.038943610573e-07  -9.639234918413e-09  -2.018798098575e-02  -5.809374040195e-07  -4.938680519913e-08  -1.247820906733e-03   4.585970467183e-06  -1.339992183306e-07   2.302746609565e-02   6.550270458276e-03  -4.752910121618e-06   1.034650844023e-07  -2.761493175003e-06  -8.781768661903e-10   2.321682255381e-03   5.845038934342e-08  -4.020265258519e-03  -1.494513578378e-02  -2.143268263209e-02   4.777625517559e-03   1.553221145293e-03   9.784757034959e-04  -1.867556108509e-03  -3.175512312950e-03  -1.494483453219e-02  -2.143226209828e-02   4.777928821819e-03   1.553810966006e-03   9.785674800755e-04  -1.826343523016e-03   3.199344739895e-03  -1.495845713276e-02  -2.145473792154e-02   4.754226773609e-03   1.511475252519e-03   9.750529610935e-04   3.684592564375e-03  -2.367530148112e-05
  -3.174860632577e-03  -4.716119904881e-03   2.302839821016e-02  -6.200075276334e-06   1.505635803549e-07   1.136178027827e-02   4.251179243177e-02  -8.681696800441e-06   2.067283061463e-07  -1.864199992633e-03   2.630165454443e-02   1.092336001342e-05  -1.824908716408e-07  -1.968679448028e-02   5.492392026315e-03   8.090686075940e-06  -1.866022644490e-07  -8.430624615855e-06  -8.110882357265e-09   3.401723160027e-03   1.998788450934e-07  -5.901082827810e-03  -7.329983344037e-04  -2.090674691212e-03   3.870817245374e-03   9.083353204485e-03  -1.435179707010e-02  -1.405703433957e-03   3.642424799973e-02   4.882580141052e-06  -9.383897770008e-08   8.885400659286e-03   1.182572756193e-06  -2.274576876947e-08  -2.580912726044e-02  -3.361478781650e-06   6.591784351579e-08  -6.100125534538e-02  -8.366490587521e-06   1.569436033240e-07  -2.239308649722e-02  -1.944756631516e-06   2.662090117633e-08   2.575612225765e-02   1.045742547165e-02   6.325993278288e-07  -1.477220200000e-08  -2.394297513013e-06   5.242798256604e-10   3.735093636867e-03   4.736858543049e-08  -6.469876776788e-03   9.180522009967e-03   1.438885295020e-02   5.747305047260e-03  -7.111023436139e-05   8.411416920863e-04   5.833528957198e-04   9.935118661271e-04   9.180894779146e-03   1.438938409622e-02   5.747302780713e-03  -7.087380935208e-05   8.410601928747e-04   5.705146445821e-04  -1.001025033537e-03   9.169038624174e-03   1.437582278775e-02   5.747987522666e-03  -7.998252569225e-05   8.436617573044e-04  -1.150072481068e-03   7.403959922264e-06
  -2.699230831118e-06  -4.650257586369e-06  -6.200075276334e-06   3.938836830998e-02   6.161422303076e-08   1.800269130779e-05  -7.524807942395e-06   6.298501961471e-02   7.345533905804e-08   1.043464736728e-05   6.000159830236e-06   4.197344431992e-02  -3.043237881866e-08  -6.391798699030e-05   1.604759080989e-05  -4.557593419459e-03  -1.102526720983e-08   3.025615962956e-03  -1.156080168845e-04  -5.171421996605e-03  -2.761806861754e-08  -2.988439035848e-03  -7.215252682468e-07  -2.072785279506e-06   3.961134191380e-06   8.563197175476e-06  -1.382106435102e-05  -8.662032297639e-06   1.569053087258e-05   2.869008428953e-03   3.399970689173e-08   3.799812484161e-06   6.597486596084e-04   8.043844056910e-09  -1.117157791557e-05  -2.583024518385e-03  -2.553009204330e-08  -2.817115273281e-05  -6.223314049566e-03  -6.070604236226e-08  -1.015538410735e-05  -1.306187755067e-02  -4.054127243048e-08   4.163837782549e-05   1.133471695011e-05   1.370124611036e-03  -1.146527221590e-09   4.196231142878e-03  -6.371060210753e-06  -2.834409954812e-04   6.393562717625e-09  -1.670992196266e-04  -1.650869790843e-02  -2.526787715017e-02  -8.667220921523e-03  -3.700725895651e-03   7.261433127238e-04   7.646204524182e-04  -2.282978135284e-03  -1.614405781675e-02  -2.470961488470e-02  -8.475509986099e-03  -3.618827360899e-03   7.101486591744e-04   8.231920783472e-04   2.249328586467e-03   3.262491968018e-02   4.997026087388e-02   1.717877294433e-02   7.337362214303e-03  -1.432860661316e-03  -3.124224494402e-03   3.363848754541e-05
   9.668956931598e-08   1.572947582044e-07   1.505635803549e-07   6.161422303076e-08   3.939604578568e-02  -5.167572299404e-07   1.832001734692e-07   7.333030692183e-08   6.300395317182e-02  -8.214082273147e-08  -1.089751877438e-07  -3.084479815871e-08   4.202052377744e-02   1.302517305943e-06  -3.537109699811e-07  -1.099359457222e-08  -4.551749782786e-03  -2.772872267424e-08  -5.995270660074e-03   1.003811244071e-04   3.025010264131e-03   5.810307569259e-05   2.030724884585e-08   5.843810083145e-08  -1.125080559900e-07  -2.410463003354e-07   3.866514366937e-07   2.736108139657e-07  -4.827736328716e-07   3.401420255814e-08   2.863417935914e-03  -1.165836982537e-07   8.047926358264e-09   6.584252112341e-04   3.458148821185e-07  -2.554817444357e-08  -2.579466963055e-03   8.682344041405e-07  -6.070696697683e-08  -6.213799976576e-03   3.706168811171e-07  -4.054528304280e-08  -1.306594215731e-02  -8.777760898359e-07  -2.574750397703e-07  -1.237270179633e-09   1.369435923955e-03   6.421064310397e-09  -3.288374064861e-04   5.467139690363e-06   4.201144179295e-03   3.248561315049e-06  -2.815081344275e-02  -4.313747857801e-02  -1.486359728521e-02  -6.331439567925e-03   1.238336186587e-03  -2.284551857771e-03  -1.778639743948e-03   2.836141229443e-02   4.345985288397e-02   1.497423137391e-02   6.378543356230e-03  -1.247675522832e-03   2.250881020477e-03  -1.837155342245e-03  -2.102753714987e-04  -3.224837809613e-04  -1.113921164809e-04  -4.743987291929e-05   9.237091582603e-06   3.365975021338e-05   2.108245146899e-03
  -4.266368092013e-02  -7.255942469685e-02   1.136178027827e-02   1.800269130779e-05  -5.167572299404e-07   1.901785584546e-01   5.078831858054e-03   4.615591953165e-05  -1.006170725515e-06   1.373104006716e-01   5.505679893567e-03   4.271715416727e-05  -8.383972863477e-07   7.683419558516e-02  -1.390579162519e-02  -7.470300834842e-05   1.428319285429e-06  -3.531375729677e-06   2.965917195137e-08  -2.645895653306e-04   1.003108382923e-07   4.130446629362e-04  -6.649241639460e-06  -9.919586487487e-05   8.755052555008e-04  -4.264152286868e-04  -1.030126030882e-03  -1.912453520914e-02  -3.251542613694e-02  -9.685856982273e-06   1.078211685472e-07  -8.086367846521e-03  -2.466526064671e-06   2.923445181086e-08   2.166815004608e-02   6.531544548189e-06  -6.800083208541e-08   5.074523968923e-02   1.287527608551e-05  -9.521216708900e-08   2.730773090282e-03  -6.150204070011e-06   2.356529062127e-07  -5.735217943851e-02  -1.624958036444e-02   1.102805879027e-05  -2.419486931985e-07   7.978605111735e-06   2.050328332128e-09  -5.977618497761e-03  -1.673277222775e-07   1.035096675137e-02   3.876043828735e-02   5.498829766866e-02  -1.128871793305e-02  -3.880566071025e-03  -2.520294446379e-03   4.771721985755e-03   8.111687260189e-03   3.875954059354e-02   5.498704403776e-02  -1.128951889606e-02  -3.882063235506e-03  -2.520533016570e-03   4.666425388056e-03  -8.172575486721e-03   3.880244498997e-02   5.505689602493e-02  -1.122853097262e-02  -3.774129772581e-03  -2.511501445132e-03  -9.414014406059e-03   6.047399295569e-05
  -5.774300089176e-04  -1.210161325672e-03   4.251179243177e-02  -7.524807942395e-06   1.832001734692e-07   5.078831858054e-03   7.989258284249e-02  -1.146340291475e-05   2.490774989853e-07  -1.487911583205e-02   4.892148225389e-02   2.251493250593e-05  -4.171863208332e-07  -4.421068893089e-02   1.172767577507e-02   2.158174703012e-05  -4.681517818560e-07  -1.497797519537e-05  -1.255307764058e-08   6.477034929341e-03   3.544118179013e-07  -1.123371289160e-02  -1.774957507520e-03  -5.056879425181e-03   9.260237779910e-03   2.050978213511e-02  -3.039064820326e-02  -4.537587515063e-03   7.103124652268e-02   1.491861653316e-05  -2.775130244318e-07   1.733938827737e-02   3.610315292510e-06  -6.726432973340e-08  -5.030055767426e-02  -1.037813939851e-05   1.950169962390e-07  -1.188784402000e-01  -2.534538187210e-05   4.621458125999e-07  -4.235891433414e-02  -9.831418679968e-06   1.637225661553e-07   5.390971877377e-02   2.129575247982e-02   8.979954472635e-07  -2.032138875194e-08  -4.734052989002e-06   1.053852906931e-09   7.551651937222e-03   9.090117699838e-08  -1.308066980074e-02   1.400294285219e-02   2.237397106403e-02   1.183385008830e-02   2.001003183685e-04   1.807583252389e-03   6.850819065041e-04   1.167425711845e-03   1.400356523127e-02   2.237482688944e-02   1.183381809471e-02   2.006584869845e-04   1.807458230251e-03   6.700238945000e-04  -1.176287707393e-03   1.398490767477e-02   2.235539362753e-02   1.183478891020e-02   1.743799778565e-04   1.811222286167e-03  -1.350258661556e-03   8.697495536086e-06
  -8.198455858397e-06  -1.400894856453e-05  -8.681696800441e-06   6.298501961471e-02   7.333030692183e-08   4.615591953165e-05  -1.146340291475e-05   1.008154039029e-01   7.827346569462e-08   2.442116710834e-05   1.116850868810e-05   6.729734737109e-02  -7.481245375757e-08  -1.006847479236e-04   2.499733287728e-05  -7.575415614408e-03  -1.824991413924e-08   4.620089655168e-03  -1.848360174404e-04  -8.268528069362e-03  -4.708869845456e-08  -4.777692244020e-03   4.926200563006e-08   1.201175469294e-07  -2.369858934312e-08   2.344396715253e-06  -8.524040929776e-06  -8.961852568928e-07   2.393926588221e-05   1.366112616403e-03   3.184230894661e-08   5.758163192567e-06   2.867241883129e-04   7.452027796681e-09  -1.780911704106e-05  -1.722194024372e-03  -2.509201585630e-08  -4.462757897047e-05  -4.114201802252e-03  -5.918429147291e-08  -1.695143528409e-05  -1.716445546306e-02  -3.380910363957e-08   6.389184419557e-05   1.714643648192e-05   1.834000320388e-03  -5.056884427959e-09   6.817688817799e-03  -1.001242794434e-05  -4.458039721979e-04   7.914434874926e-09  -2.619651285954e-04  -2.633412907375e-02  -4.016586671498e-02  -1.355967677785e-02  -6.228140694273e-03   1.159118561367e-03   1.211332774883e-03  -3.631732791324e-03  -2.575242565866e-02  -3.927837980366e-02  -1.325976431421e-02  -6.090309088378e-03   1.133581930293e-03   1.304514071706e-03   3.578186926207e-03   5.205258314628e-02   7.945026746785e-02   2.687715334515e-02   1.234798616959e-02  -2.288012421681e-03  -4.977902554991e-03   5.352951054531e-05
   1.773062510964e-07   3.045468582827e-07   2.067283061463e-07   7.345533905804e-08   6.300395317182e-02  -1.006170725515e-06   2.490774989853e-07   7.827346569462e-08   1.008556430131e-01  -1.535553343943e-07  -2.223485319472e-07  -7.533142225101e-08   6.737686677576e-02   2.166666209888e-06  -5.758889032264e-07  -1.830281647200e-08  -7.564482777873e-03  -4.726902079071e-08  -9.586417026259e-03   1.605134502696e-04   4.620242526894e-03   9.290614488390e-05   8.315188761595e-09   2.440908396876e-08  -5.152614096963e-08  -1.604775010485e-07   3.514822678141e-07   1.546935715680e-07  -8.091863268327e-07   3.176302242263e-08   1.369630385321e-03  -1.948880082925e-07   7.433736358215e-09   2.875973622537e-04   5.934368514482e-07  -2.505151231615e-08  -1.725351606422e-03   1.478336038273e-06  -5.901671132338e-08  -4.120333154589e-03   6.254929846926e-07  -3.375311730853e-08  -1.718595445039e-02  -1.440305284472e-06  -4.208449971781e-07  -5.198854413233e-09   1.834215030478e-03   7.985674691966e-09  -5.167816941945e-04   8.589735504274e-06   6.825866128529e-03   5.108675872528e-06  -4.491607236414e-02  -6.859105412872e-02  -2.326031152830e-02  -1.065279857808e-02   1.977358981126e-03  -3.635641861521e-03  -2.836320986643e-03   4.525202968489e-02   6.910352181240e-02   2.343340595058e-02   1.073204096545e-02  -1.992267462539e-03   3.582044795361e-03  -2.929426068724e-03  -3.355675486387e-04  -5.128794523651e-04  -1.743603530862e-04  -7.982079701604e-05   1.475267897585e-05   5.358069665680e-05   3.349357094758e-03
  -3.332974534927e-02  -5.453558270182e-02  -1.864199992633e-03   1.043464736728e-05  -8.214082273147e-08   1.373104006716e-01  -1.487911583205e-02   2.442116710834e-05  -1.535553343943e-07   1.108302445688e-01  -1.187512772977e-02   1.107015315424e-05   5.346515548794e-08   6.081937359681e-02  -1.070874174109e-02  -4.875755052258e-05   9.063757661394e-07   5.708159043277e-06  -1.408418565918e-08  -1.298552975507e-03  -8.876777198922e-08   2.220012919657e-03  -3.047752816820e-03  -8.863836117475e-03   1.789240403520e-02   3.181078658112e-02  -4.553995955749e-02  -6.600643832586e-02  -4.714600653817e-02   8.500480538288e-05  -1.816489740698e-06  -1.159047883538e-02   2.027045966893e-05  -4.331554846298e-07   3.262444341326e-02  -6.075250484359e-05   1.293550773141e-06   7.609522342029e-02  -1.499321484179e-04   3.203085260393e-06   1.475792567973e-02  -1.063217497354e-04   2.205691939576e-06  -5.024394978229e-02  -1.490039929414e-02   1.773839320320e-05  -3.697450778444e-07   3.447563749178e-06  -9.496991951955e-10  -6.424802044498e-03  -4.295730015645e-08   1.112635803474e-02   2.497892817021e-02   3.383998668706e-02  -1.099909275536e-02  -2.866208839372e-03  -2.244344463161e-03   3.231765082623e-03   5.491411873523e-03   2.497848450558e-02   3.383915781564e-02  -1.099983867400e-02  -2.866876511694e-03  -2.244484772518e-03   3.160464489111e-03  -5.532632205640e-03   2.501341177799e-02   3.390949745493e-02  -1.093327246586e-02  -2.812395961868e-03  -2.239410798300e-03  -6.375846615297e-03   4.095120400884e-05
  -1.311570122530e-03  -2.009749446837e-03   2.630165454443e-02   6.000159830236e-06  -1.089751877438e-07   5.505679893567e-03   4.892148225389e-02   1.116850868810e-05  -2.223485319472e-07  -1.187512772977e-02   3.275323741903e-02   2.801872626807e-05  -5.467347199116e-07  -2.273470277453e-02   5.678648038505e-03   1.049398003932e-05  -2.400938143816e-07  -7.249091428490e-06  -4.803653700286e-09   3.710846514982e-03   1.731166612981e-07  -6.439758307501e-03   1.078458728216e-03   3.145493590383e-03  -6.433215263446e-03  -1.032197166725e-02   1.316323535590e-02   2.955161357573e-02   4.741595280430e-02   1.776399783431e-05  -4.085247767876e-07   1.155919338451e-02   4.271207141490e-06  -9.821927282166e-08  -3.363773357962e-02  -1.253842497221e-05   2.900816645496e-07  -7.910742313077e-02  -3.050553663438e-05   6.956142463702e-07  -2.765883996135e-02  -1.827159168254e-05   4.199513216219e-07   2.974637625148e-02   1.165931522872e-02   1.921841727827e-06  -4.621198286762e-08  -1.977880879636e-06   1.280495490705e-09   4.736274695124e-03   3.707929562376e-08  -8.204464493158e-03   9.044584623733e-03   1.498544217259e-02   7.100490654951e-03   7.432349702597e-05   1.066833453000e-03   5.313233519010e-04   9.045764089121e-04   9.044733259758e-03   1.498562908296e-02   7.100289599151e-03   7.463685116285e-05   1.066750558528e-03   5.196311006177e-04  -9.114223491863e-04   9.047362491524e-03   1.499378781452e-02   7.110650857256e-03   6.225233767832e-05   1.069029544994e-03  -1.047841804432e-03   6.741599087472e-06
  -7.437365428681e-06  -1.316559794916e-05   1.092336001342e-05   4.197344431992e-02  -3.084479815871e-08   4.271715416727e-05   2.251493250593e-05   6.729734737109e-02  -7.533142225101e-08   1.107015315424e-05   2.801872626807e-05   4.505533876412e-02  -1.366047420993e-07  -8.496333212412e-05   2.062427018031e-05  -5.383205666364e-03  -3.502937744609e-09   2.824762642766e-03  -1.231326777397e-04  -5.506687925017e-03  -3.564442153926e-08  -3.186728391610e-03   1.063787381614e-06   3.073868637905e-06  -6.045464797911e-06  -8.926154748927e-06   8.426406705972e-06   2.343923917807e-05   4.477847434014e-05  -3.262066905655e-03   3.813206790767e-08   1.084900166291e-05  -8.153736516663e-04   9.098875194733e-09  -3.260365437052e-05   1.641239346660e-03  -2.679233531713e-08  -7.833760573231e-05   4.059842535952e-03  -6.461279606753e-08  -2.858861882605e-05  -7.102088423379e-03  -1.899056135246e-08   6.190924294650e-05   1.876514241204e-05   8.065654955620e-04  -4.138712330672e-09   4.668564193136e-03  -6.467685037892e-06  -2.852280323146e-04  -4.180090963488e-09  -1.739950485071e-04  -1.747079093695e-02  -2.648212821119e-02  -8.681838708040e-03  -4.511732772361e-03   7.708740978486e-04   7.940243257557e-04  -2.398121222451e-03  -1.708482333770e-02  -2.589688218244e-02  -8.489745345128e-03  -4.411909138610e-03   7.539059940306e-04   8.555566638868e-04   2.362747907347e-03   3.455467252934e-02   5.242021453916e-02   1.722518687399e-02   8.945391119251e-03  -1.520166601429e-03  -3.296381540211e-03   3.536593204792e-05
   1.494795949909e-07   2.589209248000e-07  -1.824908716408e-07  -3.043237881866e-08   4.202052377744e-02  -8.383972863477e-07  -4.171863208332e-07  -7.481245375757e-08   6.737686677576e-02   5.346515548794e-08  -5.467347199116e-07  -1.366047420993e-07   4.513881108726e-02   1.846090187962e-06  -4.715181637263e-07  -3.565628741941e-09  -5.372414094247e-03  -3.582205390907e-08  -6.391949896101e-03   1.069955892290e-04   2.831851718274e-03   6.202308572603e-05  -1.654444030834e-08  -4.795074970618e-08   9.539808634064e-08   1.214413822020e-07  -7.846607705729e-08  -4.092800260914e-07  -1.116787334235e-06   3.780130503025e-08  -3.188412453476e-03  -2.705054995358e-07   9.019889531746e-09  -7.977443749254e-04   8.069172044157e-07  -2.657704376272e-08   1.587137673766e-03   1.950321749245e-06  -6.402372533665e-08   3.929723640771e-03   7.512381879853e-07  -1.875391697165e-08  -7.204576019024e-03  -1.370556388569e-06  -4.328418498854e-07  -4.251319041181e-09   8.151008857402e-04  -4.069654312163e-09  -3.342109813390e-04   5.498826648654e-06   4.675450783638e-03   3.401728181349e-06  -2.983750076037e-02  -4.529196175635e-02  -1.492792590802e-02  -7.710015552176e-03   1.315301153881e-03  -2.404228586111e-03  -1.882320713617e-03   3.006048405405e-02   4.563000069240e-02   1.503881466443e-02   7.767367602067e-03  -1.325240842122e-03   2.368762153174e-03  -1.943865864747e-03  -2.231061142862e-04  -3.389829948799e-04  -1.120457108997e-04  -5.779314578788e-05   9.805509540329e-06   3.545909920819e-05   2.208319012491e-03
  -1.903847121116e-02  -3.096766386721e-02  -1.968679448028e-02  -6.391798699030e-05   1.302517305943e-06   7.683419558516e-02  -4.421068893089e-02  -1.006847479236e-04   2.166666209888e-06   6.081937359681e-02  -2.273470277453e-02  -8.496333212412e-05   1.846090187962e-06   6.206304876580e-02  -1.428184803915e-02  -1.613652119185e-05   2.260779022395e-07   1.771031345523e-05  -4.075665417220e-09  -4.153835030802e-03  -4.255602703180e-07   7.208024942615e-03   5.127095182696e-03   1.451567105192e-02  -2.601836343178e-02  -4.710859985974e-02   5.450529506082e-02   3.365346438729e-02  -5.228215977873e-02   2.243428555227e-04  -5.432421378572e-06  -1.289939212132e-02   5.380408146138e-05  -1.302454411753e-06   3.438108149834e-02  -1.572910065507e-04   3.820011991597e-06   8.182653035821e-02  -3.836664992646e-04   9.322647864685e-06   2.360714443821e-02  -2.369592692908e-04   5.772916996666e-06  -5.854639864076e-02  -2.063559404751e-02   2.692955599942e-05  -6.376754362992e-07  -9.695666515052e-06   2.323458697346e-09  -6.653918771593e-03   2.319955307952e-07   1.152400987305e-02   8.163430214374e-03   1.087499971900e-02  -1.160529591728e-02  -1.713643179458e-03  -2.116459214897e-03   1.667536522964e-03   2.838141632476e-03   8.164065339711e-03   1.087554404740e-02  -1.160602987532e-02  -1.712937454828e-03  -2.116566940294e-03   1.630737933595e-03  -2.859442338199e-03   8.110925693735e-03   1.081749067490e-02  -1.156692747744e-02  -1.738152443322e-03  -2.110613604412e-03  -3.287340306135e-03   2.114303846601e-05
   3.412998463143e-03   5.591201841822e-03   5.492392026315e-03   1.604759080989e-05  -3.537109699811e-07  -1.390579162519e-02   1.172767577507e-02   2.499733287728e-05  -5.758889032264e-07  -1.070874174109e-02   5.678648038505e-03   2.062427018031e-05  -4.715181637263e-07  -1.428184803915e-02   3.500020260121e-03   3.988688474119e-06  -5.600173971661e-08  -3.542411278381e-06   5.130269378683e-09   1.117476227277e-03   8.715181471811e-08  -1.940230850698e-03  -1.815415702403e-03  -5.149786170783e-03   9.323095103473e-03   1.662142612988e-02  -1.933792285969e-02  -1.466730183083e-02   1.207328293060e-02  -3.655161936539e-05   9.435108978887e-07   2.983848302484e-03  -8.752235205402e-06   2.258820485849e-07  -7.772841910823e-03   2.597379301948e-05  -6.721946305065e-07  -1.861676738016e-02   6.330439395918e-05  -1.639324328099e-06  -5.800356248381e-03   3.819908038450e-05  -9.921858307731e-07   1.386507689257e-02   5.060850252769e-03  -4.432894854464e-06   1.099443624754e-07   1.974858214291e-06  -2.914044872554e-10   1.514344226382e-03  -5.085979158013e-08  -2.622822334736e-03  -8.729095820255e-04  -1.155105498069e-03   2.665267117201e-03   3.235790025672e-04   4.727037532756e-04  -2.892079483825e-04  -4.927761763420e-04  -8.731314785080e-04  -1.155381809473e-03   2.665332424334e-03   3.234484095672e-04   4.727271632793e-04  -2.828280143304e-04   4.964756048699e-04  -8.582284911934e-04  -1.135417166074e-03   2.662048267362e-03   3.269536290125e-04   4.714253098136e-04   5.700055283556e-04  -3.671528031141e-06
   1.876241504312e-05   2.998237760418e-05   8.090686075940e-06  -4.557593419459e-03  -1.099359457222e-08  -7.470300834842e-05   2.158174703012e-05  -7.575415614408e-03  -1.830281647200e-08  -4.875755052258e-05   1.049398003932e-05  -5.383205666364e-03  -3.565628741941e-09  -1.613652119185e-05   3.988688474119e-06   1.374787059838e-03   1.287845192153e-08   2.928023227318e-04   1.330013115957e-05   5.971961385768e-04   6.668429384669e-09   3.397767047657e-04  -1.717735433484e-06  -4.856606338214e-06   8.634025986709e-06   1.656913303499e-05  -1.963598621145e-05  -7.876904706134e-06   2.862586124501e-05   9.511892881298e-03   6.440812924024e-08   7.082211183782e-06   2.280601586290e-03   1.542574844192e-08  -1.874313346085e-05  -6.786193838082e-03  -4.699599140137e-08  -4.442532174080e-05  -1.648774603480e-02  -1.130423222541e-07  -1.079388345604e-05  -9.461251454429e-03  -7.408845849602e-08   2.331231687995e-05   8.633479012450e-06   8.934355519610e-04   8.216869468201e-09  -8.026076858851e-04   2.208124254211e-07   1.392748569090e-05  -2.616637145875e-09  -1.413136330246e-06   1.719365190060e-03   2.218440762424e-03   1.237322466148e-04   1.343682661832e-03  -7.719679624835e-05  -5.533043699373e-05   2.078155507855e-04   1.681141585257e-03   2.169055515774e-03   1.210905537150e-04   1.313928569156e-03  -7.545912061747e-05  -6.069655246748e-05  -2.046840328585e-04  -3.430279502264e-03  -4.437435607611e-03  -2.349107790771e-04  -2.661231721550e-03   1.570659106998e-04   3.091775137317e-04  -3.131157475402e-06
  -3.601005789478e-07  -5.741725231581e-07  -1.866022644490e-07  -1.102526720983e-08  -4.551749782786e-03   1.428319285429e-06  -4.681517818560e-07  -1.824991413924e-08  -7.564482777873e-03   9.063757661394e-07  -2.400938143816e-07  -3.502937744609e-09  -5.372414094247e-03   2.260779022395e-07  -5.600173971661e-08   1.287845192153e-08   1.365358096197e-03   6.638641756418e-09   6.882847566867e-04  -1.157208585472e-05   2.908211080356e-04  -6.585019777464e-06   3.313256538066e-08   9.358591974606e-08  -1.654400585873e-07  -3.155299031072e-07   3.667658707455e-07   1.298005945553e-07  -5.751312303557e-07   6.375002531662e-08   9.467902594090e-03  -1.422197236674e-07   1.526788110373e-08   2.270081417415e-03   3.794772599271e-07  -4.653128242747e-08  -6.753667027602e-03   8.950885504535e-07  -1.119157541664e-07  -1.640942515304e-02   2.248930185294e-07  -7.335313761267e-08  -9.412131555206e-03  -4.121007244064e-07  -1.560505256370e-07   8.146737534044e-09   8.892888649425e-04  -2.603379475885e-09   1.117118574600e-05  -2.669430568401e-07  -8.009290472490e-04   3.218263886706e-08   2.946431169384e-03   3.817136685217e-03   2.149810141266e-04   2.283843193147e-03  -1.341449966606e-04   2.112120077890e-04   1.815046490211e-04  -2.968072537548e-03  -3.845045507844e-03  -2.167181003898e-04  -2.300824729397e-03   1.350904549746e-04  -2.080319959925e-04   1.868016824743e-04   2.220160595633e-05   2.884166411369e-05   1.559361416249e-06   1.708309537707e-05  -1.031527791233e-06  -3.179613324923e-06  -1.780866303002e-04
   3.773563081934e-07   9.414982635948e-07  -8.430624615855e-06   3.025615962956e-03  -2.772872267424e-08  -3.531375729677e-06  -1.497797519537e-05   4.620089655168e-03  -4.726902079071e-08   5.708159043277e-06  -7.249091428490e-06   2.824762642766e-03  -3.582205390907e-08   1.771031345523e-05  -3.542411278381e-06   2.928023227318e-04   6.638641756418e-09   7.201707339510e-04  -8.934131264282e-06  -4.009072754224e-04  -5.896322083014e-09  -2.293303816053e-04   8.863859550685e-07   2.537376016068e-06  -4.748497251531e-06  -9.181758523340e-06   1.245551462007e-05   7.718038654092e-06  -1.130733049830e-05   7.576434486476e-03  -8.959642207549e-09  -2.767669302389e-06   1.808998562775e-03  -2.126823551852e-09   7.878012886488e-06  -5.578181093371e-03   6.452790360636e-09   1.845196900667e-05  -1.353298060946e-02   1.667115326248e-08   6.580350672001e-06  -9.328138805549e-03   1.571920065332e-08  -1.394134481478e-05  -5.122304886304e-06   9.034136159658e-04  -1.638347953898e-09   8.175520725790e-05  -8.807396846228e-07  -4.059519677466e-05  -2.151064404763e-09  -2.077063141048e-05  -1.407763051849e-03  -2.469360002671e-03  -1.340503810053e-03   4.091432796280e-04   5.954797492836e-05   8.494995173408e-05  -2.162951607752e-04  -1.376788844180e-03  -2.415017117961e-03  -1.310993628865e-03   4.000593676124e-04   5.823548771585e-05   9.049205111101e-05   2.131216452288e-04   2.772741592952e-03   4.865195071233e-03   2.641673426390e-03  -8.124080661315e-04  -1.180977474732e-04  -2.817932533240e-04   3.172936548896e-06
  -3.871324991878e-09  -8.644182960886e-09  -8.110882357265e-09  -1.156080168845e-04  -5.995270660074e-03   2.965917195137e-08  -1.255307764058e-08  -1.848360174404e-04  -9.586417026259e-03  -1.408418565918e-08  -4.803653700286e-09  -1.231326777397e-04  -6.391949896101e-03  -4.075665417220e-09   5.130269378683e-09   1.330013115957e-05   6.882847566867e-04  -8.934131264282e-06   9.127196735852e-04  -9.929226186870e-08  -4.636987521826e-04  -7.053722087537e-08  -3.298662609916e-10  -9.894437518510e-10   2.294147674289e-09   6.085021078657e-09  -1.273006004472e-08  -1.309057363429e-08   2.102987709629e-08  -9.489605613248e-06  -4.958057201834e-04   5.025655568841e-09  -2.196699506847e-06  -1.148070309467e-04  -1.534434827776e-08   8.224461605888e-06   4.291371589504e-04  -3.878531232996e-08   1.984410032630e-05   1.035361958176e-03  -2.311205868793e-08   3.934171896049e-05   2.045578751616e-03   4.799327858936e-09   3.482426065554e-09  -4.116811367793e-06  -2.138834246612e-04  -1.228737291394e-05   5.020158195317e-05  -1.149438623263e-09  -6.376773489626e-04  -2.763440710272e-09   4.334047565057e-03   6.644974761261e-03   2.295320805752e-03   9.661617664408e-04  -1.906279424245e-04   3.456913218564e-04   2.775036654561e-04  -4.270245939806e-03  -6.547280284303e-03  -2.261747863962e-03  -9.519531569296e-04   1.878329121925e-04  -3.452296185959e-04   2.731041747550e-04  -6.377017197738e-05  -9.765856301717e-05  -3.356737255642e-05  -1.421026095291e-05   2.799899299429e-06   4.047713045243e-06  -3.212736967015e-04
   1.687820130491e-04   2.133251834801e-04   3.401723160027e-03  -5.171421996605e-03   1.003811244071e-04  -2.645895653306e-04   6.477034929341e-03  -8.268528069362e-03   1.605134502696e-04  -1.298552975507e-03   3.710846514982e-03  -5.506687925017e-03   1.069955892290e-04  -4.153835030802e-03   1.117476227277e-03   5.971961385768e-04  -1.157208585472e-05  -4.009072754224e-04  -9.929226186870e-08   1.228349641313e-03   7.792590303491e-06  -5.598970465953e-04  -3.363498734119e-04  -9.652572931998e-04   1.826834230363e-03   3.699522505124e-03  -5.281437611818e-03  -3.188360625899e-03   5.477265928521e-03  -4.204345322785e-04   8.213522407674e-06   1.338339334333e-03  -9.728993748292e-05   1.901157724204e-06  -3.885583860953e-03   3.649701535084e-04  -7.121505632823e-06  -9.214199761453e-03   8.805644108458e-04  -1.718191832332e-05  -3.292852783349e-03   1.755818772357e-03  -3.416173113215e-05   4.801905609593e-03   1.890072666713e-03  -1.838462070876e-04   3.573686683181e-06  -5.500657835935e-04  -1.603262358696e-09   6.551881143901e-04   1.068510308612e-05  -1.048234983559e-03   3.097063608056e-03   4.778482043067e-03   2.104422599074e-03   4.962633607251e-04   6.430227491802e-05  -7.219518708942e-05   3.535747971602e-04   3.193264483405e-03   4.926029728238e-03   2.155448025992e-03   5.177696431837e-04   6.005898882760e-05  -6.907424239250e-05  -3.588154800960e-04  -3.285454705254e-03  -4.998672728720e-03  -1.261017408658e-03  -9.290850178225e-04   3.448806267064e-04   3.431919810657e-04   1.391205015204e-06
  -1.470330649928e-08  -3.055448801850e-08   1.998788450934e-07  -2.761806861754e-08   3.025010264131e-03   1.003108382923e-07   3.544118179013e-07  -4.708869845456e-08   4.620242526894e-03  -8.876777198922e-08   1.731166612981e-07  -3.564442153926e-08   2.831851718274e-03  -4.255602703180e-07   8.715181471811e-08   6.668429384669e-09   2.908211080356e-04  -5.896322083014e-09  -4.636987521826e-04   7.792590303491e-06   7.207135745212e-04   4.455171627756e-06  -1.918554825219e-08  -5.491560241205e-08   1.027179914467e-07   1.990837194244e-07  -2.705300609322e-07  -1.640766351951e-07   2.455750474588e-07  -8.908219825827e-09   7.581309913838e-03   6.014174917787e-08  -2.114613689912e-09   1.810164114106e-03  -1.704412887211e-07   6.414158448011e-09  -5.581550186932e-03  -4.002075563571e-07   1.657502164945e-08  -1.354147527890e-02  -1.358080624928e-07   1.562290004732e-08  -9.334388722962e-03   3.330450552615e-07   1.213062159969e-07  -1.633436303464e-09   9.042425575471e-04  -2.137105397251e-09  -4.570925207954e-05   7.927953384024e-07   8.186382134050e-05   3.969230277332e-07  -2.395069998621e-03  -4.202441864904e-03  -2.287094016280e-03   6.979774000486e-04   1.019275768644e-04  -2.156672593132e-04  -1.549052336400e-04   2.413180677734e-03   4.234196566202e-03   2.304360042653e-03  -7.031263665446e-04  -1.026904526989e-04   2.125021885839e-04  -1.604563173037e-04  -1.783896681614e-05  -3.131210229236e-05  -1.704388937258e-05   5.233632697588e-06   7.662808443657e-07   3.164509336309e-06   2.118394708912e-04
  -2.830141232239e-04  -3.533030742231e-04  -5.901082827810e-03  -2.988439035848e-03   5.810307569259e-05   4.130446629362e-04  -1.123371289160e-02  -4.777692244020e-03   9.290614488390e-05   2.220012919657e-03  -6.439758307501e-03  -3.186728391610e-03   6.202308572603e-05   7.208024942615e-03  -1.940230850698e-03   3.397767047657e-04  -6.585019777464e-06  -2.293303816053e-04  -7.053722087537e-08  -5.598970465953e-04   4.455171627756e-06   1.878779172791e-03   5.836766782797e-04   1.675044812497e-03  -3.170284024108e-03  -6.419718202351e-03   9.165354048601e-03   5.537060157542e-03  -9.499199610299e-03  -2.528953700942e-04   4.968154223583e-06  -2.321048952917e-03  -5.860707729707e-05   1.151803934575e-06   6.738605316065e-03   2.180463979565e-04  -4.276410434143e-06   1.598050992723e-02   5.262072058927e-04  -1.031784857777e-05   5.714215394135e-03   1.024740219797e-03  -1.999247143009e-05  -8.329625698654e-03  -3.278434903137e-03  -1.071137763540e-04   2.088810687527e-06  -3.168646405690e-04  -1.981592522412e-09  -1.048894585189e-03   6.165238358765e-06   1.866922168283e-03  -5.324453188378e-04  -8.767370219928e-04  -1.095907297866e-03   2.178711486404e-04  -3.242138887002e-04  -1.217428929895e-04   6.812527610439e-05  -4.767922317797e-04  -7.913350781641e-04  -1.066293720021e-03   2.301825651910e-04  -3.266550935257e-04  -1.181720682588e-04  -7.012349208062e-05  -4.219231494334e-03  -6.527424560644e-03  -3.043215062282e-03  -5.982993603311e-04  -1.625070768309e-04   3.559813250279e-04  -2.048581023947e-07
  -4.211178704983e-05  -4.214062820832e-05  -7.329983344037e-04  -7.215252682468e-07   2.030724884585e-08  -6.649241639460e-06  -1.774957507520e-03   4.926200563006e-08   8.315188761595e-09  -3.047752816820e-03   1.078458728216e-03   1.063787381614e-06  -1.654444030834e-08   5.127095182696e-03  -1.815415702403e-03  -1.717735433484e-06   3.313256538066e-08   8.863859550685e-07  -3.298662609916e-10  -3.363498734119e-04  -1.918554825219e-08   5.836766782797e-04   1.857083168666e-01   3.137818324248e-01  -6.503791869230e-02  -8.913339437164e-02   1.701960747647e-02   2.403113001573e-02   1.507859457448e-03   4.346754718380e-08   1.663827768227e-09   3.871811094120e-04   6.923554861131e-09   5.295510448885e-10  -1.189475492267e-03  -2.929238895635e-08  -1.228711508017e-09  -2.236053869706e-03  -6.243881493652e-08  -3.185239185857e-09  -1.812612153773e-05  -5.197074575748e-08  -3.070238920759e-09  -5.022233150950e-03  -2.024479385163e-03  -3.137639145916e-08   2.082082887677e-09  -5.708387805427e-08   1.111529792748e-10  -1.828509644094e-05   9.571851272187e-10   3.153381871754e-05  -2.709825725339e-04   1.022937380972e-04  -3.532927986548e-04   6.589512610641e-06  -5.596161653179e-05   3.777106517898e-05   6.485223988807e-05  -2.709698503366e-04   1.023522247619e-04  -3.532862821155e-04   6.564994352761e-06  -5.597288307794e-05   3.693863049131e-05  -6.534013898647e-05  -2.715339451785e-04   9.914179484688e-05  -3.536156007727e-04   8.461757155642e-06  -5.556553122936e-05  -7.452035566366e-05   4.838672508027e-07
  -1.052366602200e-04  -9.282745705377e-05  -2.090674691212e-03  -2.072785279506e-06   5.843810083145e-08  -9.919586487487e-05  -5.056879425181e-03   1.201175469294e-07   2.440908396876e-08  -8.863836117475e-03   3.145493590383e-03   3.073868637905e-06  -4.795074970618e-08   1.451567105192e-02  -5.149786170783e-03  -4.856606338214e-06   9.358591974606e-08   2.537376016068e-06  -9.894437518510e-10  -9.652572931998e-04  -5.491560241205e-08   1.675044812497e-03   3.137818324248e-01   5.495276793045e-01  -1.837871377384e-01  -2.445747302194e-01   5.015263669415e-02   6.941629708124e-02   4.404331277254e-03   1.179541015581e-07   4.992975586354e-09   1.096723975889e-03   1.692373836847e-08   1.551851696255e-09  -3.441438770162e-03  -7.923766232560e-08  -3.646822134750e-09  -6.667436537973e-03  -1.689788792164e-07  -9.696310712582e-09  -1.226367303769e-04  -1.359937773533e-07  -9.204926758312e-09  -1.417288145416e-02  -5.737972534966e-03  -8.807285337447e-08   5.930732297616e-09  -1.662601027341e-07   3.268860743841e-10  -4.251854524736e-05   2.763993873831e-09   7.324690189282e-05  -7.886743953115e-04   2.779777061928e-04  -9.922371984020e-04   2.019390716408e-05  -1.570757270785e-04   1.064521736130e-04   1.828071047788e-04  -7.886371461929e-04   2.781465849166e-04  -9.922181414728e-04   2.012492508411e-05  -1.571079136075e-04   1.041061616705e-04  -1.841825074809e-04  -7.902787432311e-04   2.689023727406e-04  -9.931927604847e-04   2.548442780878e-05  -1.559451382070e-04  -2.100240137924e-04   1.363954465669e-06
   6.106824682605e-05  -7.152997424002e-05   3.870817245374e-03   3.961134191380e-06  -1.125080559900e-07   8.755052555008e-04   9.260237779910e-03  -2.369858934312e-08  -5.152614096963e-08   1.789240403520e-02  -6.433215263446e-03  -6.045464797911e-06   9.539808634064e-08  -2.601836343178e-02   9.323095103473e-03   8.634025986709e-06  -1.654400585873e-07  -4.748497251531e-06   2.294147674289e-09   1.826834230363e-03   1.027179914467e-07  -3.170284024108e-03  -6.503791869230e-02  -1.837871377384e-01   3.059610725020e-01   3.960157079360e-01  -1.058411895510e-01  -1.361878538958e-01  -9.919142260299e-03  -1.994556843440e-07  -1.197037551286e-08  -2.390944312210e-03  -2.508713383993e-08  -3.461170996221e-09   7.146215846192e-03   1.309804140562e-07   7.943621602704e-09   1.465023684320e-02   2.249321006249e-07   2.323783891892e-08   9.622207738065e-04   1.551963619969e-07   2.088571713465e-08   2.501140953266e-02   1.028207218414e-02   1.523276793209e-07  -1.103718026351e-08   3.353733283371e-07  -6.800650287870e-10   4.284065787505e-06  -5.394027114889e-09  -6.626537355537e-06   1.596326512657e-03  -4.033733803732e-04   1.703942311863e-03  -4.451238280841e-05   2.721434601368e-04  -1.840598445637e-04  -3.163742833982e-04   1.596249369290e-03  -4.037031581638e-04   1.703902809180e-03  -4.439310744523e-05   2.722032522388e-04  -1.800041062608e-04   3.187553038852e-04   1.599562805154e-03  -3.858572223069e-04   1.706028827948e-03  -5.388822278310e-05   2.700504625250e-04   3.631480269484e-04  -2.360757832464e-06
   5.156116447484e-04   6.177755260576e-04   9.083353204485e-03   8.563197175476e-06  -2.410463003354e-07  -4.264152286868e-04   2.050978213511e-02   2.344396715253e-06  -1.604775010485e-07   3.181078658112e-02  -1.032197166725e-02  -8.926154748927e-06   1.214413822020e-07  -4.710859985974e-02   1.662142612988e-02   1.656913303499e-05  -3.155299031072e-07  -9.181758523340e-06   6.085021078657e-09   3.699522505124e-03   1.990837194244e-07  -6.419718202351e-03  -8.913339437164e-02  -2.445747302194e-01   3.960157079360e-01   5.366039475405e-01  -2.275056053964e-01  -2.620860623163e-01  -1.404888490531e-02  -7.377448795918e-07  -1.019936780866e-08  -3.299133710748e-03  -1.378861896334e-07  -3.317000694435e-09   1.200538441571e-02   5.592129696329e-07   7.648594103254e-09   2.426700689304e-02   1.012168453825e-06   3.040771293703e-08   1.571774565642e-03   7.851809937938e-07   2.902295821884e-08   4.427294556113e-02   1.843045401336e-02  -9.240361710588e-08  -1.285161506972e-08   4.780256477648e-07  -1.302308072192e-09   3.809788230635e-04  -7.778038095626e-09  -6.583218407810e-04   3.162372103042e-03  -2.800189964266e-04   3.525870198325e-03   1.029369424298e-05   5.879868792560e-04  -3.465125527063e-04  -5.953313136833e-04   3.162213869533e-03  -2.806491788843e-04   3.525781681638e-03   1.052159390087e-05   5.880917935761e-04  -3.388753213235e-04   5.998077210238e-04   3.169317517347e-03  -2.463009345125e-04   3.530112403401e-03  -7.687897995234e-06   5.842557039327e-04   6.837013612489e-04  -4.442925208612e-06
