ARMA_MAT_TXT_FN008
73 73
   1.000000000000e+00   8.784438346368e-01   3.018141773377e-16   5.183940519471e-20   9.858809261322e-22   3.291794955376e-01   1.012887766804e-16   4.549011535692e-20  -5.802043895212e-23   1.537612665257e-01   3.040249833280e-18  -8.916640431166e-23   1.108930036897e-22   6.556249676812e-02   5.263598294905e-18   2.952533913477e-21  -1.976759820721e-23   0.000000000000e+00   0.000000000000e+00   0.000000000000e+00   1.327985631173e-41   0.000000000000e+00   0.000000000000e+00   0.000000000000e+00   1.584706417475e-08   1.256046842134e-06   1.779645493638e-03   2.545445793470e-02   4.205480296405e-08   9.122222938315e-12  -2.002247591711e-13   3.641614833159e-06   7.899126858816e-10  -1.733788774582e-11   5.817004923421e-04   1.261782531476e-07  -2.769501526104e-09   2.268929085724e-02   4.921596462810e-06  -1.080247077020e-07   8.212345984049e-02   1.781362546797e-05  -3.909933898138e-07   4.114618669332e-02   5.982141704195e-02   1.297602804629e-05  -2.848123870831e-07   2.214142924533e-06  -1.054163145679e-11  -2.946659605904e-03  -4.859848710482e-08   5.103763669992e-03   1.224124024052e-02   7.523044581533e-02   7.962158757575e-02   4.894388636097e-02  -2.872614610968e-02   4.327705231397e-02   7.360075489488e-02   1.224100751978e-02   7.522991832881e-02   7.962139959619e-02   4.894384500550e-02  -2.872802120623e-02   4.232161437895e-02  -7.415226722112e-02   1.223660077856e-02   7.521992870641e-02   7.961783944357e-02   4.894306176071e-02  -2.864005225936e-02  -8.538645620669e-02   5.488252418802e-04
   8.784438346368e-01   1.000000000000e+00   5.904216818381e-16   1.867650486335e-19  -1.860505987987e-21   4.187995882560e-01  -2.486848875773e-16  -6.108149266016e-20   9.980904000110e-22   1.871454501484e-01   0.000000000000e+00   1.091587410739e-22   8.275906495153e-24   7.831571041382e-02  -1.408012979422e-17  -3.437531688041e-21  -8.385686645784e-25   5.662610975426e-35  -2.365144278041e-40   0.000000000000e+00  -8.847829649103e-37   0.000000000000e+00  -1.909167235435e-11  -1.065304995476e-10  -2.824848010018e-09  -7.272215991494e-08   1.543060898936e-03   2.983729607605e-02  -6.487055824670e-09  -1.407125114735e-12   3.088515695424e-14  -1.920502271422e-07  -4.165814280103e-11   9.143595444064e-13   2.377361806703e-04   5.156800859184e-08  -1.131872370480e-09   2.534219687691e-02   5.497045601557e-06  -1.206553094752e-07   9.908499947900e-02   2.149279966578e-05  -4.717480230526e-07   4.902232236058e-02   7.173840952551e-02   1.556097565102e-05  -3.415497103350e-07   1.892377604325e-06  -9.009692671980e-12  -2.518442953251e-03  -4.153602171849e-08   4.362070740712e-03   1.114726148269e-02   9.019194918353e-02   9.566331102222e-02   5.833053973861e-02  -3.459177260947e-02   5.211384594150e-02   8.862938200925e-02   1.114701179264e-02   9.019129345891e-02   9.566308221082e-02   5.833049021003e-02  -3.459399475633e-02   5.096326319850e-02  -8.929341582573e-02   1.114228384762e-02   9.017887527085e-02   9.565874874357e-02   5.832955217211e-02  -3.448738692642e-02  -1.028194965152e-01   6.608768831951e-04
   3.018141773377e-16   5.904216818381e-16   1.000000000000e+00   1.536896849337e-34  -2.401401327089e-36  -2.024365625655e-16   6.291202128136e-01   3.052162838553e-35  -4.769004435239e-37   0.000000000000e+00   2.202302509580e-01   0.000000000000e+00   0.000000000000e+00  -3.807918460672e-17   5.734990148843e-02   1.728084458150e-36   0.000000000000e+00  -1.374338797416e-20   1.085913065322e-55   3.143541684078e-17   2.217792326316e-22  -5.444773912533e-17  -4.132714991236e-08  -2.212802720222e-07  -5.054931664223e-06  -1.087946841261e-04  -1.672312266285e-02  -6.284318680747e-02  -1.126299739329e-05  -2.536379449205e-09   5.567129501414e-11  -2.775532454314e-04  -6.317678517721e-08   1.386674792192e-09  -1.118983754070e-02  -2.619092868216e-06   5.748678171225e-08  -9.864603362733e-02  -2.502848534263e-05   5.493532096324e-07  -6.711974611485e-02  -2.568828652269e-05   5.638352644202e-07  -2.800621155061e-02  -2.198033473123e-03  -8.700631264045e-06   1.909711932344e-07  -2.337890643154e-05   1.221183698541e-10   2.809169507223e-02   5.131464053874e-07  -4.865623757481e-02   3.494020315742e-02   5.643433429733e-02   2.123051147601e-02   4.857422019632e-03   5.433224832268e-02   6.198207765551e-02   1.054121632939e-01   3.494242728338e-02   5.643847369350e-02   2.123215595748e-02   4.857805322145e-03   5.432503674631e-02   6.061866316517e-02  -1.062107713889e-01   3.483436049385e-02   5.627425572763e-02   2.117202482277e-02   4.844180865311e-03   5.454187885765e-02  -1.219663202342e-01   7.839439435420e-04
   5.183940519471e-20   1.867650486335e-19   1.536896849337e-34   1.000000000000e+00  -4.893564352538e-40   1.224152394880e-19   3.052162838553e-35   6.291202128136e-01  -5.212476013684e-40  -9.303555173355e-20   0.000000000000e+00   2.202302509580e-01  -1.202728349215e-40  -9.296675929375e-21   1.728084458150e-36   5.734990148843e-02   0.000000000000e+00  -5.444773912533e-17   2.217792326316e-22   7.934748746458e-21   1.085913065322e-55   1.374338797416e-20  -8.964385714231e-12  -4.799851220236e-11  -1.096479125545e-09  -2.359895405883e-08  -3.627458516111e-06  -1.363148843432e-05  -2.536379449205e-09   4.300881277384e-07   1.207581366670e-14  -6.317678517721e-08   1.370110622015e-05   3.007874417609e-13  -2.619092868216e-06   8.845691121195e-04   1.246961587797e-11  -2.502848534263e-05   1.673899666251e-02   1.191617151180e-10  -2.568828652269e-05   5.130706549356e-02   1.223030574397e-10  -6.074904348992e-06  -8.700631264045e-06   3.791316735263e-02   4.142408658933e-11   1.046774559648e-02  -4.983739533653e-08   6.093446814698e-06   1.221183698541e-10  -1.509533563935e-05  -5.263877006443e-02  -8.502051157036e-02  -3.198458826644e-02  -7.317894508092e-03   6.198207765551e-02   2.095886431633e-03  -1.588075089495e-01  -5.147656785463e-02  -8.314416446041e-02  -3.127883784322e-02  -7.156433159665e-03   6.061866316517e-02   6.170796055894e-03   1.564678359621e-01   1.038539514475e-01   1.677741097935e-01   6.312153881443e-02   1.444227243608e-02  -1.219663202342e-01  -2.681747150882e-01   2.337223221437e-03
   9.858809261322e-22  -1.860505987987e-21  -2.401401327089e-36  -4.893564352538e-40   1.000000000000e+00  -1.811742413777e-21  -4.769004435239e-37  -5.212476013684e-40   6.291202128136e-01   1.495725721971e-21   0.000000000000e+00  -1.202728349215e-40   2.202302509580e-01   1.303017681827e-21   0.000000000000e+00   0.000000000000e+00   5.734990148843e-02   1.085913065322e-55  -1.374338797416e-20   2.560885993210e-22  -5.444773912533e-17   0.000000000000e+00   1.967603711164e-13   1.053525068536e-12   2.406675109049e-11   5.179762570012e-10   7.961951957357e-08   2.991991653089e-07   5.567129501414e-11   1.207581366670e-14   4.300886776464e-07   1.386674792192e-09   3.007874417609e-13   1.370111991740e-05   5.748678171225e-08   1.246961587797e-11   8.845696799605e-04   5.493532096324e-07   1.191617151180e-10   1.673900208889e-02   5.638352644202e-07   1.223030574397e-10   5.130707106299e-02   1.333388000370e-07   1.909711932344e-07   4.142408658933e-11   3.791316923900e-02   1.221183698541e-10   2.270588684083e-06  -2.200667375482e-07   1.046775115750e-02   2.814919003620e-07  -8.952211406110e-02  -1.445933467864e-01  -5.439579905611e-02  -1.244545391237e-02   1.054121632939e-01  -1.588075089495e-01  -1.746077046774e-01   9.019278378666e-02   1.456780038148e-01   5.480407059496e-02   1.253888236054e-02  -1.062107713889e-01   1.564678359621e-01  -1.786762484734e-01  -6.675258882439e-04  -1.078375546653e-03  -4.057164958787e-04  -9.282834790384e-05   7.839439435420e-04   2.337223221437e-03   9.543640959957e-02
   3.291794955376e-01   4.187995882560e-01  -2.024365625655e-16   1.224152394880e-19  -1.811742413777e-21   1.000000000000e+00   0.000000000000e+00   1.507713231183e-19  -2.355801923724e-21   7.746967835845e-01  -2.625368590150e-16   0.000000000000e+00   0.000000000000e+00   4.100964372946e-01   0.000000000000e+00   1.861072622617e-20  -2.907925972839e-22   0.000000000000e+00   0.000000000000e+00   0.000000000000e+00   0.000000000000e+00   0.000000000000e+00   1.478497683206e-04   4.954408209872e-04   2.213293194060e-03   6.305437946627e-03   5.314694323959e-02   1.880079198626e-01   2.126935966653e-03   4.613595284210e-07  -1.012643531013e-08   5.485275795522e-03   1.189826254273e-06  -2.611563835133e-08   4.816571905540e-02   1.044775854932e-05  -2.293190983778e-07   2.065538016826e-01   4.480415303138e-05  -9.834116981393e-07   4.522407560726e-01   9.809678581096e-05  -2.153138050591e-06   2.653071973191e-01   3.563591041778e-01   7.729883307710e-05  -1.696641305713e-06   3.935155330412e-05  -1.873544691212e-10  -5.237043700568e-02  -8.637319364596e-07   9.070824917669e-02   1.905012952743e-01   4.295850105924e-01   4.648351116607e-01   3.145727857890e-01  -1.247069634108e-01   1.878758730405e-01   3.195182052139e-01   1.904997201857e-01   4.295830242858e-01   4.648341760400e-01   3.145725354227e-01  -1.247160374370e-01   1.837294676646e-01  -3.219148603518e-01   1.904698912889e-01   4.295454063924e-01   4.648164562185e-01   3.145677936510e-01  -1.243517732376e-01  -3.707380539541e-01   2.382935317552e-03
   1.012887766804e-16  -2.486848875773e-16   6.291202128136e-01   3.052162838553e-35  -4.769004435239e-37   0.000000000000e+00   1.000000000000e+00   0.000000000000e+00   0.000000000000e+00  -4.784212339775e-16   6.534608721805e-01   0.000000000000e+00   0.000000000000e+00   0.000000000000e+00   2.263653730943e-01   0.000000000000e+00   0.000000000000e+00   0.000000000000e+00   0.000000000000e+00   0.000000000000e+00   0.000000000000e+00   0.000000000000e+00  -6.888409030929e-04  -2.280143851303e-03  -9.637455896833e-03  -2.479780747775e-02  -1.332926414166e-01  -2.415596939569e-01  -8.399755906914e-03  -2.019424675090e-06   4.432459302609e-08  -1.796927002712e-02  -4.406876970609e-06   9.672706818322e-08  -1.323141550192e-01  -3.317110492958e-05   7.280765380190e-07  -3.373623117668e-01  -9.234937718637e-05   2.026987493266e-06  -1.966638662126e-01  -8.463340562431e-05   1.857628713259e-06  -1.126374854675e-01   1.188008350510e-03  -3.281760267102e-05   7.203174747878e-07  -9.500230298989e-05   5.324769855597e-10   1.040237043793e-01   2.085216878110e-06  -1.801743169285e-01   1.245212272709e-01   1.570304578799e-01   7.396681134033e-02   1.979304703886e-02   2.058713516200e-01   1.037161501613e-01   1.763887912532e-01   1.245301221403e-01   1.570422543405e-01   7.397256102502e-02   1.979460970606e-02   2.058589335716e-01   1.014352315224e-01  -1.777260273235e-01   1.241632729912e-01   1.565905698871e-01   7.376344893882e-02   1.973910751200e-02   2.062151764310e-01  -2.041100033753e-01   1.311926117433e-03
   4.549011535692e-20  -6.108149266016e-20   3.052162838553e-35   6.291202128136e-01  -5.212476013684e-40   1.507713231183e-19   0.000000000000e+00   1.000000000000e+00  -3.551873730445e-40   0.000000000000e+00   0.000000000000e+00   6.534608721805e-01   0.000000000000e+00   6.183078245701e-20   0.000000000000e+00   2.263653730943e-01  -4.384318464550e-41   0.000000000000e+00   0.000000000000e+00   0.000000000000e+00   0.000000000000e+00   0.000000000000e+00  -1.494183742203e-07  -4.945922719170e-07  -2.090487056241e-06  -5.378960600215e-06  -2.891287333051e-05  -5.239737737136e-05  -2.019424675090e-06   9.100914175846e-04   9.614569341337e-12  -4.406876970609e-06   2.347086547252e-03   2.098133430541e-11  -3.317110492958e-05   2.060955948652e-02   1.579290836684e-10  -9.234937718637e-05   8.838201666644e-02   4.396794302556e-10  -8.463340562431e-05   1.935086886907e-01   4.029433516416e-10  -2.443250666337e-05  -3.281760267102e-05   1.524820250039e-01   1.562460439298e-10   7.762604816765e-02  -3.695810158250e-07   2.256406772441e-05   5.324769855597e-10  -7.275827606210e-05  -1.875960543481e-01  -2.365724700629e-01  -1.114338676567e-01  -2.981899238704e-02   1.037161501613e-01   1.184629497287e-01  -2.657365494667e-01  -1.834555805272e-01  -2.313518805102e-01  -1.089750727992e-01  -2.916107004892e-02   1.014352315224e-01   1.252808360324e-01   2.618228502232e-01   3.701760658722e-01   4.668536815843e-01   2.199157824655e-01   5.884948895588e-02  -2.041100033753e-01  -3.338493672324e-01   3.911330920705e-03
  -5.802043895212e-23   9.980904000110e-22  -4.769004435239e-37  -5.212476013684e-40   6.291202128136e-01  -2.355801923724e-21   0.000000000000e+00  -3.551873730445e-40   1.000000000000e+00   0.000000000000e+00   0.000000000000e+00   0.000000000000e+00   6.534608721805e-01  -9.661059758908e-22   0.000000000000e+00  -4.384318464550e-41   2.263653730943e-01   0.000000000000e+00   0.000000000000e+00   0.000000000000e+00   0.000000000000e+00   0.000000000000e+00   3.279601715098e-09   1.085586476039e-08   4.588434970473e-08   1.180634476982e-07   6.346121048227e-07   1.150076284730e-06   4.432459302609e-08   9.614569341337e-12   9.100918554125e-04   9.672706818322e-08   2.098133430541e-11   2.347087502700e-03   7.280765380190e-07   1.579290836684e-10   2.060956667829e-02   2.026987493266e-06   4.396794302556e-10   8.838203668854e-02   1.857628713259e-06   4.029433516416e-10   1.935087070400e-01   5.362720025262e-07   7.203174747878e-07   1.562460439298e-10   1.524820321190e-01   5.324769855597e-10   1.683808479631e-05  -1.135394710404e-06   7.762607241557e-02   1.227398946967e-06  -3.190423209776e-01  -4.023359136766e-01  -1.895142192423e-01  -5.071279656406e-02   1.763887912532e-01  -2.657365494667e-01  -1.772195585501e-01   3.214349790311e-01   4.053547275417e-01   1.909366841796e-01   5.109350128659e-02  -1.777260273235e-01   2.618228502232e-01  -1.840298907149e-01  -2.379323114181e-03  -3.000722785566e-03  -1.413518464951e-03  -3.782577055611e-04   1.311926117433e-03   3.911330920705e-03   2.746519612068e-01
   1.537612665257e-01   1.871454501484e-01   0.000000000000e+00  -9.303555173355e-20   1.495725721971e-21   7.746967835845e-01  -4.784212339775e-16   0.000000000000e+00   0.000000000000e+00   1.000000000000e+00   0.000000000000e+00   0.000000000000e+00   0.000000000000e+00   7.744077347687e-01   0.000000000000e+00   0.000000000000e+00  -5.491197095876e-22   0.000000000000e+00   0.000000000000e+00   0.000000000000e+00   0.000000000000e+00   0.000000000000e+00   2.698727273410e-03   8.627522939813e-03   3.140105828830e-02   6.385669970674e-02   1.974289769922e-01   3.959239648135e-01   9.695394917916e-03   2.103054768604e-06  -4.616019992219e-08   1.549132958100e-02   3.360266891979e-06  -7.375489875076e-08   1.076434165218e-01   2.334922943743e-05  -5.124950215044e-07   2.949938882089e-01   6.398793536098e-05  -1.404478824311e-06   6.173106673896e-01   1.339025541254e-04  -2.939043129450e-06   5.340497273341e-01   5.924454775731e-01   1.285089774369e-04  -2.820658871485e-06   3.106266963526e-05  -1.478907308697e-10  -4.133929786176e-02  -6.817982402962e-07   7.160175751115e-02   2.681330232763e-01   5.825458638660e-01   7.594569959339e-01   6.308777216098e-01  -6.989838966958e-02   1.053046327497e-01   1.790903042119e-01   2.681321935041e-01   5.825444714076e-01   7.594559092948e-01   6.308772890677e-01  -6.990376135582e-02   1.029809888576e-01  -1.804343694475e-01   2.681164785282e-01   5.825180995883e-01   7.594353292021e-01   6.308690969977e-01  -6.970498517475e-02  -2.078160196816e-01   1.335746701939e-03
   3.040249833280e-18   0.000000000000e+00   2.202302509580e-01   0.000000000000e+00   0.000000000000e+00  -2.625368590150e-16   6.534608721805e-01   0.000000000000e+00   0.000000000000e+00   0.000000000000e+00   1.000000000000e+00   0.000000000000e+00   0.000000000000e+00   0.000000000000e+00   6.530545656898e-01   0.000000000000e+00   0.000000000000e+00   0.000000000000e+00   0.000000000000e+00   0.000000000000e+00   0.000000000000e+00   0.000000000000e+00  -6.915382794820e-03  -2.202663790690e-02  -7.879961122765e-02  -1.549911564744e-01  -4.018746995500e-01  -5.659536807137e-01  -1.681300617449e-02  -5.286795703828e-06   1.160405093960e-07  -2.435181858745e-02  -7.902361433012e-06   1.734498735130e-07  -1.577943650150e-01  -5.243398638418e-05   1.150879820319e-06  -3.175820711931e-01  -1.187816863075e-04   2.607153398429e-06  -1.981254048625e-01  -1.473853829130e-04   3.234979346443e-06  -3.412429114214e-01   8.339850087065e-02  -8.211365975832e-05   1.802322510746e-06  -4.250162017659e-05   3.176687021889e-10   2.432867002142e-02   9.328731299142e-07  -4.213847809169e-02   1.195408558697e-01   2.006039698204e-01   1.565461514352e-01   6.231395760108e-02   2.514312854242e-01   4.393590160768e-02   7.472125185079e-02   1.195500186088e-01   2.006194876965e-01   1.565584114006e-01   6.231888417948e-02   2.514259057241e-01   4.296984180783e-02  -7.528803517874e-02   1.192096172282e-01   2.000509287418e-01   1.561175592470e-01   6.214427777312e-02   2.515745713023e-01  -8.647146870064e-02   5.557992079034e-04
  -8.916640431166e-23   1.091587410739e-22   0.000000000000e+00   2.202302509580e-01  -1.202728349215e-40   0.000000000000e+00   0.000000000000e+00   6.534608721805e-01   0.000000000000e+00   0.000000000000e+00   0.000000000000e+00   1.000000000000e+00   0.000000000000e+00   0.000000000000e+00   0.000000000000e+00   6.530545656898e-01   0.000000000000e+00   0.000000000000e+00   0.000000000000e+00   0.000000000000e+00   0.000000000000e+00   0.000000000000e+00  -1.500034695492e-06  -4.777858589423e-06  -1.709264032662e-05  -3.361955789057e-05  -8.717174601193e-05  -1.227625689423e-04  -5.286795703828e-06   7.559906291912e-03   2.517066594013e-11  -7.902361433012e-06   1.207923989760e-02   3.762348895466e-11  -5.243398638418e-05   8.393409055602e-02   2.496405061065e-10  -1.187816863075e-04   2.300191233997e-01   5.655248118792e-10  -1.473853829130e-04   4.813430743079e-01   7.017082644359e-10  -7.401993814516e-05  -8.211365975832e-05   4.619546535391e-01   3.909467311932e-10   1.116617980232e-01  -5.316267118628e-07   5.277198704695e-06   3.176687021889e-10  -5.758211465352e-05  -1.800929318321e-01  -3.022176543683e-01  -2.358428436361e-01  -9.387839192546e-02   4.393590160768e-02   2.144036196344e-01  -1.125704615219e-01  -1.761189798016e-01  -2.955490924434e-01  -2.306390916211e-01  -9.180708151938e-02   4.296984180783e-02   2.172915319718e-01   1.109130061312e-01   3.554074087818e-01   5.964248846837e-01   4.654434641047e-01   1.852747894633e-01  -8.647146870064e-02   2.277552416385e-02   1.657040437482e-03
   1.108930036897e-22   8.275906495153e-24   0.000000000000e+00  -1.202728349215e-40   2.202302509580e-01   0.000000000000e+00   0.000000000000e+00   0.000000000000e+00   6.534608721805e-01   0.000000000000e+00   0.000000000000e+00   0.000000000000e+00   1.000000000000e+00  -1.001124966857e-21   0.000000000000e+00   0.000000000000e+00   6.530545656898e-01   0.000000000000e+00   0.000000000000e+00   0.000000000000e+00   0.000000000000e+00   0.000000000000e+00   3.292444042248e-08   1.048697879771e-07   3.751684009630e-07   7.379196855414e-07   1.913343049144e-06   2.694530266133e-06   1.160405093960e-07   2.517066594013e-11   7.559907438133e-03   1.734498735130e-07   3.762348895466e-11   1.207924161089e-02   1.150879820319e-06   2.496405061065e-10   8.393410192414e-02   2.607153398429e-06   5.655248118792e-10   2.300191491525e-01   3.234979346443e-06   7.017082644359e-10   4.813431062623e-01   1.624672449818e-06   1.802322510746e-06   3.909467311932e-10   4.619546713420e-01   3.176687021889e-10   2.422087075509e-05  -1.036634458674e-06   1.116618124892e-01   7.322499208885e-07  -3.062818520520e-01  -5.139778777604e-01  -4.010950469139e-01  -1.596578358411e-01   7.472125185079e-02  -1.125704615219e-01   8.914754745425e-02   3.085804226658e-01   5.178355221421e-01   4.041058405852e-01   1.608564167865e-01  -7.528803517874e-02   1.109130061312e-01   8.626178226542e-02  -2.284396914406e-03  -3.833547451689e-03  -2.991658550045e-03  -1.190861942969e-03   5.557992079034e-04   1.657040437482e-03   2.805679042838e-01
   6.556249676812e-02   7.831571041382e-02  -3.807918460672e-17  -9.296675929375e-21   1.303017681827e-21   4.100964372946e-01   0.000000000000e+00   6.183078245701e-20  -9.661059758908e-22   7.744077347687e-01   0.000000000000e+00   0.000000000000e+00  -1.001124966857e-21   1.000000000000e+00   0.000000000000e+00   0.000000000000e+00   7.090834516931e-22   0.000000000000e+00   0.000000000000e+00   0.000000000000e+00   0.000000000000e+00   0.000000000000e+00   3.460508803827e-03   1.104488257743e-02   3.990329946895e-02   8.008496509723e-02   2.361909832950e-01   4.701936674423e-01   3.761848470197e-03   8.159928946672e-07  -1.791032535873e-08   6.126616171402e-03   1.328941158535e-06  -2.916908797555e-08   4.337836898707e-02   9.409321283442e-06  -2.065263149871e-07   1.300652675819e-01   2.821281479854e-05  -6.192464366169e-07   3.834560014930e-01   8.317649557517e-05  -1.825650820842e-06   7.700529423610e-01   5.410399522775e-01   1.173584636083e-04  -2.575914913674e-06   4.327626071633e-06  -2.060401730371e-11  -5.759357624770e-03  -9.498758075029e-08   9.975499086795e-03   1.766637196125e-01   4.420249599098e-01   7.702212650869e-01   9.139060499042e-01  -1.618808811363e-02   2.438798206630e-02   4.147634356933e-02   1.766635421206e-01   4.420245545037e-01   7.702207032396e-01   9.139056209416e-01  -1.618936313852e-02   2.384988436449e-02  -4.178770173447e-02   1.766601805477e-01   4.420168763891e-01   7.702100622172e-01   9.138974966490e-01  -1.614391249163e-02  -4.813089950004e-02   3.093634954949e-04
   5.263598294905e-18  -1.408012979422e-17   5.734990148843e-02   1.728084458150e-36   0.000000000000e+00   0.000000000000e+00   2.263653730943e-01   0.000000000000e+00   0.000000000000e+00   0.000000000000e+00   6.530545656898e-01   0.000000000000e+00   0.000000000000e+00   0.000000000000e+00   1.000000000000e+00   0.000000000000e+00   0.000000000000e+00   0.000000000000e+00   0.000000000000e+00   0.000000000000e+00  -4.608081454312e-22   0.000000000000e+00  -4.867105650265e-03  -1.551711294324e-02  -5.576821713203e-02  -1.107782309677e-01  -3.081787257960e-01  -5.339093518842e-01   8.748650052020e-05  -1.141024725337e-06   2.504448777275e-08   3.131074999050e-04  -1.821283208154e-06   3.997556233836e-08   3.141312860550e-03  -1.269474077827e-05   2.786383792916e-07   2.076298204404e-02  -3.560310360615e-05   7.814567670062e-07   1.598368798579e-01  -8.357163865761e-05   1.834323863482e-06  -5.681537090860e-01   3.699478690003e-01  -8.658839246463e-05   1.900538952564e-06   3.995661853186e-07   2.738796951591e-11  -8.719161163130e-03  -8.770125853021e-09   1.510203138112e-02   4.661835296817e-02   1.064801321737e-01   1.475694624128e-01   1.126672033575e-01   1.142960071551e-01   6.296836088515e-03   1.070895231500e-02   4.662202376443e-02   1.064885259000e-01   1.475811228716e-01   1.126761352592e-01   1.142952281461e-01   6.158393440039e-03  -1.079020360447e-02   4.649111616561e-02   1.061896983660e-01   1.471675046671e-01   1.123608969957e-01   1.143163840879e-01  -1.239345081054e-02   7.965945585514e-05
   2.952533913477e-21  -3.437531688041e-21   1.728084458150e-36   5.734990148843e-02   0.000000000000e+00   1.861072622617e-20   0.000000000000e+00   2.263653730943e-01  -4.384318464550e-41   0.000000000000e+00   0.000000000000e+00   6.530545656898e-01   0.000000000000e+00   0.000000000000e+00   0.000000000000e+00   1.000000000000e+00   0.000000000000e+00   0.000000000000e+00  -4.608081454312e-22   0.000000000000e+00   0.000000000000e+00   0.000000000000e+00  -1.055737268440e-06  -3.365859631972e-06  -1.209683730978e-05  -2.402921065790e-05  -6.684789473298e-05  -1.158117454718e-04  -1.141024725337e-06   5.347779750079e-03   5.432468701238e-12  -1.821283208154e-06   8.709493268456e-03   8.671209137438e-12  -1.269474077827e-05   6.166595105460e-02   6.044021695314e-11  -3.560310360615e-05   1.848985712246e-01   1.695079359040e-10  -8.357163865761e-05   5.451145315365e-01   3.978882326012e-10  -1.232397831454e-04  -8.658839246463e-05   7.691332032508e-01   4.122511296288e-10   2.836200079185e-02  -1.350327282003e-07  -1.891297220752e-06   2.738796951591e-11  -9.028336535303e-06  -7.023235530766e-02  -1.604164454531e-01  -2.223191137579e-01  -1.697375079537e-01   6.296836088515e-03   1.089892504097e-01  -1.613345165740e-02  -6.868274348450e-02  -1.568770190112e-01  -2.174139084258e-01  -1.659924960343e-01   6.158393440039e-03   1.094031248813e-01   1.589593772367e-02   1.386069975895e-01   3.165902752908e-01   4.387600825064e-01   3.349888723590e-01  -1.239345081054e-02   8.152395233190e-02   2.374939325260e-04
  -1.976759820721e-23  -8.385686645784e-25   0.000000000000e+00   0.000000000000e+00   5.734990148843e-02  -2.907925972839e-22   0.000000000000e+00  -4.384318464550e-41   2.263653730943e-01  -5.491197095876e-22   0.000000000000e+00   0.000000000000e+00   6.530545656898e-01   7.090834516931e-22   0.000000000000e+00   0.000000000000e+00   1.000000000000e+00   0.000000000000e+00   0.000000000000e+00  -5.320954136190e-22   0.000000000000e+00   0.000000000000e+00   2.317250321011e-08   7.387765446783e-08   2.655149247569e-07   5.274200104057e-07   1.467252413640e-06   2.541965812837e-06   2.504448777275e-08   5.432468701239e-12   5.347779997462e-03   3.997556233836e-08   8.671209137438e-12   8.709493663325e-03   2.786383792916e-07   6.044021695314e-11   6.166595380692e-02   7.814567670062e-07   1.695079359040e-10   1.848985789436e-01   1.834323863482e-06   3.978882326012e-10   5.451145496556e-01   2.705004697589e-06   1.900538952565e-06   4.122511296288e-10   7.691332220239e-01   2.738796951591e-11   6.152079842065e-06  -1.923712479667e-07   2.836200203905e-02   6.313130117363e-08  -1.194433098444e-01  -2.728182917183e-01  -3.780954044982e-01  -2.886705089970e-01   1.070895231500e-02  -1.613345165740e-02   9.103771358566e-02   1.203399544909e-01   2.748663255236e-01   3.809338200292e-01   2.908376748681e-01  -1.079020360447e-02   1.589593772367e-02   9.062407620218e-02  -8.909026367622e-04  -2.034898063842e-03  -2.820149929001e-03  -2.153155864140e-03   7.965945585514e-05   2.374939325260e-04   1.184718292485e-01
   0.000000000000e+00   5.662610975426e-35  -1.374338797416e-20  -5.444773912533e-17   1.085913065322e-55   0.000000000000e+00   0.000000000000e+00   0.000000000000e+00   0.000000000000e+00   0.000000000000e+00   0.000000000000e+00   0.000000000000e+00   0.000000000000e+00   0.000000000000e+00   0.000000000000e+00   0.000000000000e+00   0.000000000000e+00   1.000000000000e+00   0.000000000000e+00   0.000000000000e+00   0.000000000000e+00   0.000000000000e+00   2.205019698755e-07   7.441668308108e-07   3.390259005102e-06   9.534613186716e-06   4.841363003126e-05   4.858368361309e-05   3.817083432896e-06  -1.466483506630e-03  -1.968778549030e-11   9.146500205469e-06  -4.367688134636e-03  -4.805753779388e-11   6.414459498879e-05  -3.802099686999e-02  -3.446607088917e-10   1.211830951976e-04  -1.282892801908e-01  -7.094463879164e-10   2.830236873872e-05  -1.181044213919e-01  -2.567189387434e-10   7.026504934525e-06   1.252162421753e-07  -4.385205803160e-02  -4.588354639885e-11  -1.400843520507e-01   7.663506075147e-07  -3.738869243168e-05  -1.115335738568e-09   1.345888641296e-04  -1.100088873659e-01  -7.094394112481e-02  -1.281946113427e-02  -1.259228720085e-03  -1.424646475284e-01   4.531530242610e-02  -1.497251360958e-01  -1.075892492050e-01  -6.938387802198e-02  -1.253759766674e-02  -1.231543450163e-03  -1.393111929324e-01   4.916074924861e-02   1.475316215849e-01   2.164806624248e-01   1.396206325010e-01   2.523073992918e-02   2.478426188257e-03   2.817451621588e-01  -2.089577057251e-01   2.197758742256e-03
   0.000000000000e+00  -2.365144278041e-40   1.085913065322e-55   2.217792326316e-22  -1.374338797416e-20   0.000000000000e+00   0.000000000000e+00   0.000000000000e+00   0.000000000000e+00   0.000000000000e+00   0.000000000000e+00   0.000000000000e+00   0.000000000000e+00   0.000000000000e+00   0.000000000000e+00  -4.608081454312e-22   0.000000000000e+00   0.000000000000e+00   1.000000000000e+00   0.000000000000e+00   0.000000000000e+00   0.000000000000e+00  -1.049819537921e-12  -3.543010880579e-12  -1.614117163751e-11  -4.539471105672e-11  -2.304994133939e-10  -2.313090459464e-10  -1.968778549030e-11   6.981992216070e-09  -3.180991639106e-07  -4.805753779388e-11   2.079475454063e-08  -9.474077167050e-07  -3.446607088917e-10   1.810196316518e-07  -8.247242372201e-06  -7.094463879164e-10   6.107908828488e-07  -2.782758749830e-05  -2.567189387434e-10   5.623003239474e-07  -2.561835730157e-05  -3.345349779745e-11  -4.588354639885e-11   2.087815692786e-07  -9.512070929700e-06   7.663506075147e-07   2.087837769907e-02   4.659302211573e-10  -3.491488092807e-05  -8.070147555560e-10   2.818594991600e-01   1.817691660436e-01   3.284540896037e-02   3.226335479522e-03  -1.497251360958e-01  -1.161046961927e-01   1.827166650413e-01  -2.777074933181e-01  -1.790924556547e-01  -3.236182839819e-02  -3.178838471170e-03   1.475316215849e-01   1.268928684264e-01   1.843382542031e-01  -4.148388097960e-03  -2.675530292679e-03  -4.834930753287e-04  -4.749372801189e-05   2.197758742256e-03   4.004226750314e-03   3.963915130732e-01
   0.000000000000e+00   0.000000000000e+00   3.143541684078e-17   7.934748746458e-21   2.560885993210e-22   0.000000000000e+00   0.000000000000e+00   0.000000000000e+00   0.000000000000e+00   0.000000000000e+00   0.000000000000e+00   0.000000000000e+00   0.000000000000e+00   0.000000000000e+00   0.000000000000e+00   0.000000000000e+00  -5.320954136190e-22   0.000000000000e+00   0.000000000000e+00   1.000000000000e+00   0.000000000000e+00   0.000000000000e+00  -2.934518094813e-04  -9.903635018803e-04  -4.511876425500e-03  -1.268899998456e-02  -6.443056878019e-02  -6.465688209306e-02  -4.656571886448e-03  -1.010069810879e-06   3.426331539096e-08  -1.091164198833e-02  -2.366874264652e-06   8.796839495424e-08  -7.439017214611e-02  -1.613617677193e-05   6.677101970139e-07  -1.242408103727e-01  -2.694941577126e-05   1.649437049133e-06  -3.571980421498e-03  -7.748080941922e-07   9.909391819012e-07  -9.351120937968e-03   1.249235656531e-02   2.709751409634e-06   3.021436460635e-07  -3.738869243168e-05   4.659302211573e-10   7.063657769871e-02   2.148007539200e-06  -8.618370927503e-02   2.078335174779e-01   1.340303422820e-01   2.421907687190e-02   2.378989011443e-03  -1.873937342486e-01   2.823159225544e-01  -1.116610065536e-01   2.140871347536e-01   1.380639399715e-01   2.494801647005e-02   2.450594371820e-03  -1.907304922150e-01   2.809807986386e-01   1.039203025890e-01  -2.072588871139e-01  -1.336729876293e-01  -2.415594547896e-02  -2.372848677653e-03   3.303234263175e-02   9.848147803601e-02  -5.046423670898e-03
   1.327985631173e-41  -8.847829649103e-37   2.217792326316e-22   1.085913065322e-55  -5.444773912533e-17   0.000000000000e+00   0.000000000000e+00   0.000000000000e+00   0.000000000000e+00   0.000000000000e+00   0.000000000000e+00   0.000000000000e+00   0.000000000000e+00   0.000000000000e+00  -4.608081454312e-22   0.000000000000e+00   0.000000000000e+00   0.000000000000e+00   0.000000000000e+00   0.000000000000e+00   1.000000000000e+00   0.000000000000e+00  -4.839824033421e-09  -1.633380651731e-08  -7.441319921849e-08  -2.092763619141e-07  -1.062636539269e-06  -1.066369065616e-06  -8.378161948637e-08  -1.968778549030e-11  -1.466484403171e-03  -2.007576238032e-07  -4.805753779388e-11  -4.367690323079e-03  -1.407917365165e-06  -3.446607088917e-10  -3.802101256514e-02  -2.659862208545e-06  -7.094463879164e-10  -1.282893124976e-01  -6.212120667300e-07  -2.567189387434e-10  -1.181044330823e-01  -1.542255947748e-07  -2.748386232544e-09  -4.588354639885e-11  -4.385206012104e-02  -1.115335738568e-09  -3.491488092807e-05   2.148007539200e-06  -1.400844028408e-01  -2.187756144075e-06  -1.870907726462e-01  -1.206534951623e-01  -2.180190115497e-02  -2.141554921791e-03  -2.422878879978e-01  -1.497251360958e-01  -1.212824195735e-01   1.885085641047e-01   1.215684217019e-01   2.196729274481e-02   2.157803768856e-03   2.440890064523e-01   1.475316215849e-01  -1.251292833125e-01  -1.391439078231e-03  -8.974178202023e-04  -1.621717021600e-04  -1.593019446737e-05  -1.810929550655e-03   2.197758742256e-03   1.329563745110e-01
   0.000000000000e+00   0.000000000000e+00  -5.444773912533e-17   1.374338797416e-20   0.000000000000e+00   0.000000000000e+00   0.000000000000e+00   0.000000000000e+00   0.000000000000e+00   0.000000000000e+00   0.000000000000e+00   0.000000000000e+00   0.000000000000e+00   0.000000000000e+00   0.000000000000e+00   0.000000000000e+00   0.000000000000e+00   0.000000000000e+00   0.000000000000e+00   0.000000000000e+00   0.000000000000e+00   1.000000000000e+00   5.082733957880e-04   1.715359741877e-03   7.814798471401e-03   2.197799060332e-02   1.115970081914e-01   1.119889943108e-01   8.065418199883e-03   2.385690365172e-06  -4.538180585122e-08   1.889951612934e-02   5.994361440670e-06  -1.107761891719e-07   1.288475420457e-01   4.444315935210e-05  -7.944684984084e-07   2.151913636323e-01   1.023329253457e-04  -1.635326545697e-06   6.186839883218e-03   5.257871905503e-05  -5.917561953387e-07   1.619661504888e-02  -2.163739836683e-02   1.433071428924e-05  -1.057649777556e-07   1.345888641296e-04  -8.070147555560e-10  -8.618370927503e-02  -2.187756144075e-06   1.701529041984e-01  -4.635585211916e-02  -2.989455599705e-02  -5.401900326573e-03  -5.306173140207e-04   1.579777467389e-01   1.638042090801e-01  -6.309159590258e-02  -4.273336239536e-02  -2.755857509758e-02  -4.979807077558e-03  -4.891566113747e-04   1.560648705080e-01   1.630235720579e-01   5.859806901292e-02  -2.863983347975e-01  -1.847144969151e-01  -3.337961839403e-02  -3.278893945004e-03   2.847003845049e-01   5.592857264847e-02  -2.907578150484e-03
   0.000000000000e+00  -1.909167235435e-11  -4.132714991236e-08  -8.964385714231e-12   1.967603711164e-13   1.478497683206e-04  -6.888409030929e-04  -1.494183742203e-07   3.279601715098e-09   2.698727273410e-03  -6.915382794820e-03  -1.500034695492e-06   3.292444042248e-08   3.460508803827e-03  -4.867105650265e-03  -1.055737268440e-06   2.317250321011e-08   2.205019698755e-07  -1.049819537921e-12  -2.934518094813e-04  -4.839824033421e-09   5.082733957880e-04   1.000000000000e+00   7.245384183819e-01   2.285975824102e-01   1.171681753233e-01   3.816266561976e-02   1.658025694500e-02  -1.138826776332e-16  -1.448987532086e-20  -2.688661842312e-22   9.416034757998e-17   1.680461866354e-20  -2.338666700818e-24  -8.275680642741e-19  -1.227111213474e-21  -3.963386115722e-23  -4.148556549211e-18  -2.561117233027e-22  -3.703669079676e-24   5.006829973139e-21  -7.581806432273e-23  -2.457028496662e-24   6.106805140501e-03  -1.467972079678e-19  -1.229021980605e-24   0.000000000000e+00   3.194814119375e-37   2.511939805058e-44   0.000000000000e+00   2.600234416146e-42   0.000000000000e+00   0.000000000000e+00   3.978683565471e-05   1.396803598709e-03   2.395762279834e-03  -1.186162376115e-07   2.904353008962e-08   4.943109074934e-08   0.000000000000e+00   3.978298202229e-05   1.396760875206e-03   2.395736591753e-03  -1.185914085007e-07   2.839595115746e-08  -4.979019357366e-08   0.000000000000e+00   3.988015661818e-05   1.397837343250e-03   2.396383677133e-03  -1.192032152864e-07  -5.769343515204e-08   3.711633268335e-10
   0.000000000000e+00  -1.065304995476e-10  -2.212802720222e-07  -4.799851220236e-11   1.053525068536e-12   4.954408209872e-04  -2.280143851303e-03  -4.945922719170e-07   1.085586476039e-08   8.627522939813e-03  -2.202663790690e-02  -4.777858589423e-06   1.048697879771e-07   1.104488257743e-02  -1.551711294324e-02  -3.365859631972e-06   7.387765446783e-08   7.441668308108e-07  -3.543010880579e-12  -9.903635018803e-04  -1.633380651731e-08   1.715359741877e-03   7.245384183819e-01   1.000000000000e+00   5.916177003156e-01   3.419347414953e-01   1.194150207184e-01   5.261249985216e-02  -1.879017963012e-16  -1.558611934696e-20   3.284621387953e-22   0.000000000000e+00   1.854623947112e-20  -8.043205741647e-22   0.000000000000e+00   2.280129169895e-21  -2.003798236272e-23  -1.348668658802e-18   7.679564403291e-24   2.092556948753e-23   0.000000000000e+00  -1.781977861098e-22   8.965527175838e-24   1.947705891000e-02   8.488346346341e-19   5.180875455531e-23   0.000000000000e+00   7.340284604460e-38   0.000000000000e+00   0.000000000000e+00   0.000000000000e+00   0.000000000000e+00   0.000000000000e+00   1.323991193241e-04   4.469368709688e-03   7.649591146256e-03  -4.794198565205e-07   1.173873434936e-07   1.997892271067e-07   0.000000000000e+00   1.323864013606e-04   4.469232361190e-03   7.649509199706e-03  -4.793216095998e-07   1.147704811587e-07  -2.012415235449e-07   0.000000000000e+00   1.327070990577e-04   4.472667815852e-03   7.651573441477e-03  -4.817410731654e-07  -2.331589571470e-07   1.499998292486e-09
   1.584706417475e-08  -2.824848010018e-09  -5.054931664223e-06  -1.096479125545e-09   2.406675109049e-11   2.213293194060e-03  -9.637455896833e-03  -2.090487056241e-06   4.588434970473e-08   3.140105828830e-02  -7.879961122765e-02  -1.709264032662e-05   3.751684009630e-07   3.990329946895e-02  -5.576821713203e-02  -1.209683730978e-05   2.655149247569e-07   3.390259005102e-06  -1.614117163751e-11  -4.511876425500e-03  -7.441319921849e-08   7.814798471401e-03   2.285975824102e-01   5.916177003156e-01   1.000000000000e+00   8.514542739284e-01   3.940464990159e-01   1.849868896425e-01  -7.610168503910e-16   6.227818864366e-20   1.698858922127e-21   1.172351560812e-15  -1.106343446040e-19  -3.457323268876e-21   0.000000000000e+00   0.000000000000e+00   0.000000000000e+00  -8.417256922132e-17   0.000000000000e+00   1.605464348246e-22  -1.876678494511e-17  -1.145433651435e-21   3.579480160734e-23   7.012983079624e-02   0.000000000000e+00   0.000000000000e+00   0.000000000000e+00   0.000000000000e+00   0.000000000000e+00   0.000000000000e+00   0.000000000000e+00   0.000000000000e+00   0.000000000000e+00   5.765919027388e-04   1.633635421247e-02   2.768877788609e-02  -4.538012695322e-06   1.111145581057e-06   1.891131618075e-06   0.000000000000e+00   5.765385735349e-04   1.633586187912e-02   2.768848254239e-02  -4.537161377522e-06   1.086394153662e-06  -1.904911545599e-06   0.000000000000e+00   5.778832710790e-04   1.634826671935e-02   2.769592227547e-02  -4.558072956676e-06  -2.206072092204e-06   1.419248229576e-08
   1.256046842134e-06  -7.272215991494e-08  -1.087946841261e-04  -2.359895405883e-08   5.179762570012e-10   6.305437946627e-03  -2.479780747775e-02  -5.378960600215e-06   1.180634476982e-07   6.385669970674e-02  -1.549911564744e-01  -3.361955789057e-05   7.379196855414e-07   8.008496509723e-02  -1.107782309677e-01  -2.402921065790e-05   5.274200104057e-07   9.534613186716e-06  -4.539471105672e-11  -1.268899998456e-02  -2.092763619141e-07   2.197799060332e-02   1.171681753233e-01   3.419347414953e-01   8.514542739284e-01   1.000000000000e+00   6.716826254521e-01   3.524762004540e-01   0.000000000000e+00  -9.246447174289e-21   4.292587358727e-22   0.000000000000e+00  -4.473026050970e-20   1.397820640928e-21   0.000000000000e+00   0.000000000000e+00   7.356101378565e-22   1.508727085908e-16   9.208539342700e-21  -2.877668544594e-22   0.000000000000e+00  -2.236427278041e-21   0.000000000000e+00   1.398221906004e-01  -1.364645628960e-17  -8.329135918943e-22   2.602854974670e-23   0.000000000000e+00   0.000000000000e+00   0.000000000000e+00   0.000000000000e+00   0.000000000000e+00   9.781755521153e-08   1.606630724914e-03   3.351610982738e-02   5.577674523821e-02  -4.030193174171e-05   9.868044972426e-06   1.679507363759e-05   9.779429855195e-08   1.606492352007e-03   3.351512349175e-02   5.577615532009e-02  -4.029548758961e-05   9.648495720954e-06  -1.691792139580e-05   9.838174795939e-08   1.609981160543e-03   3.353997500943e-02   5.579101539192e-02  -4.045296973971e-05  -1.957892478637e-05   1.259585053374e-07
