ARMA_MAT_TXT_FN008
65 65
  -2.170607547638e+01  -2.194609871140e+01  -1.325096648760e-01   1.547303485142e-06   2.663364557694e-06  -7.720239060231e+00  -6.117522180421e-02   7.156045957567e-07   1.227784863971e-06  -3.498994410292e+00  -1.948820332414e-02   2.289732120906e-07   3.896387041070e-07  -1.476749021086e+00  -4.904075109755e-03   5.777694758823e-08   9.781234379133e-08  -7.695896938081e-08  -5.625857419386e-07   6.449207933121e-03   2.519801802564e-07  -1.116906391142e-02  -2.579347447754e-04  -1.169624108921e-04   3.653338528302e-03  -6.933192783073e-08   4.542228517104e-08  -3.663214384421e-02   1.318962090893e-01  -2.507112671645e-06   1.649975860807e-06  -7.895608337295e-01   2.149093123485e+00  -4.080821938945e-05   2.681185497313e-05  -1.389533901315e+00   2.309907363692e+00  -4.384434737679e-05   2.880894376306e-05   2.323104639026e-06  -9.855323685172e-10   3.527564721854e-02  -1.529273088150e-06  -6.109921187014e-02  -2.328485304590e-01  -1.678156448386e+00  -1.792706531378e+00  -1.099780344680e+00  -6.500881605660e-01  -7.659463018779e-01  -1.701298745309e+00  -2.328552899365e-01  -1.678173808985e+00  -1.792712665127e+00  -1.099781683022e+00  -6.500827291846e-01   1.856382916154e+00   1.872971676981e-01  -2.327821890233e-01  -1.677986358011e+00  -1.792646102129e+00  -1.099767123670e+00  -6.503711256202e-01  -1.090210801826e+00   1.513540111730e+00
  -2.194609871140e+01  -1.994872248626e+01  -1.840726484417e-01   2.149331714614e-06   3.699841190838e-06  -8.327028782716e+00  -5.719680351535e-02   6.677765229000e-07   1.149773393596e-06  -3.789565807638e+00  -1.493781775111e-02   1.743248575416e-07   3.003965644695e-07  -1.596118100391e+00  -3.495002375608e-03   4.077374226585e-08   7.030444328189e-08  -3.823373884744e-08  -2.821375165858e-07   3.218108182073e-03   1.255056610470e-07  -5.573280459859e-03   1.205767564115e-05   9.222893053577e-06   4.209675396721e-05  -7.949226580924e-10   5.133071194210e-10  -2.776676286047e-02   1.208762003167e-01  -2.293369918453e-06   1.501999990803e-06  -8.484474713921e-01   2.328613027605e+00  -4.417884251280e-05   2.896365527103e-05  -1.500176807051e+00   2.501482131317e+00  -4.744931035459e-05   3.110634900892e-05   1.673395762911e-06  -8.709999837521e-11   2.546603291414e-02  -1.095090702056e-06  -4.410846269648e-02  -2.449991386612e-01  -1.820284667889e+00  -1.939934702585e+00  -1.188410982098e+00  -7.177917685984e-01  -8.480855372105e-01  -1.883743944013e+00  -2.450067439009e-01  -1.820303596049e+00  -1.939941392418e+00  -1.188412440848e+00  -7.177856719896e-01   2.055458995368e+00   2.073826738880e-01  -2.449256999629e-01  -1.820100866666e+00  -1.939869679676e+00  -1.188396801070e+00  -7.181070309801e-01  -1.207125820706e+00   1.675853145581e+00
  -1.325096648760e-01  -1.840726484417e-01  -9.439938811771e+00  -5.482902258099e-07   1.798398024814e-06  -4.911815694666e-01  -6.267763521392e+00  -6.091955832774e-07   1.991426152344e-06  -3.134786091778e-01  -2.318058045495e+00  -2.586403286325e-07   8.565487991654e-07  -1.488709885099e-01  -6.182552891475e-01  -7.115576129008e-08   2.386846083724e-07   1.042965386875e-05  -2.732554382323e-06   2.043185141590e-01  -2.225307943542e-06  -3.538901760411e-01  -1.798466661424e-02  -1.348553589113e-02   1.245376004436e-01  -2.552431476099e-06   1.674520777644e-06  -4.177593094595e-01   1.049113914243e+00  -2.258202375154e-05   1.494388666280e-05  -1.337204376266e+00   2.285162313176e+00  -5.922760344883e-05   3.948721707890e-05  -8.863825488715e-01   5.086941935719e-01  -2.617097680877e-05   1.755007852935e-05   2.935114760802e-05  -2.225729402587e-08   3.974906709544e-01  -1.940369319938e-05  -6.884740072353e-01   3.576694887055e-01   4.550658742765e-01   5.987553189850e-02  -5.841294348991e-02  -5.675533266689e-01   4.464888814744e-01   9.917299707759e-01   3.576656244872e-01   4.550518195055e-01   5.986875753829e-02  -5.841462836071e-02  -5.675868282990e-01  -1.082089215162e+00  -1.091757824248e-01   3.578366976207e-01   4.554124795589e-01   6.002484662364e-02  -5.837695929661e-02  -5.669243377939e-01   6.360015959999e-01  -8.829619620262e-01
   1.547303485142e-06   2.149331714614e-06  -5.482902258099e-07  -9.280304498979e+00  -4.035039634663e-06   5.775150986231e-06  -6.091955832774e-07  -6.091723237907e+00  -4.352390265101e-06   3.743387913432e-06  -2.586403286325e-07  -2.242191788598e+00  -1.797610136366e-06   1.794014385948e-06  -7.115576129008e-08  -5.970328259184e-01  -4.912572662439e-07  -2.354592509724e-01  -9.515743070443e-03   2.649417731566e-02  -2.732554382323e-06   1.530124883390e-02   3.407364503496e-07   2.555528349611e-07  -2.545558868623e-06  -9.896780028729e-03  -3.034748612625e-10   7.865105695248e-06  -2.228888419163e-05  -1.364272080129e-01  -3.255672838478e-08   2.441781563809e-05  -5.648787549760e-05  -8.113354634662e-01  -6.414238208634e-07   1.542676211616e-05  -2.381983210869e-05  -8.429551717885e-01  -7.739574257745e-07   1.645602895771e-01  -1.524437088311e-06   2.516097020039e-06   2.568861722201e-08   2.499361032672e-05   4.446258898087e-01   6.892160396856e-01   2.658979402598e-01   6.175731879613e-02   5.074815448013e-01  -3.614671460208e-01   1.292886292160e+00  -1.077613638889e+00  -1.670385423069e+00  -6.444221418382e-01  -1.496698392313e-01  -1.229909554752e+00   2.475478239036e+00   3.449585959054e-01   6.328508709482e-01   9.811111117960e-01   3.785322511393e-01   8.791922409850e-02   7.228061843345e-01   2.361583077305e-01  -1.637553683908e+00
   2.663364557694e-06   3.699841190838e-06   1.798398024814e-06  -4.035039634663e-06  -9.280295248305e+00   9.814309353921e-06   1.991426152344e-06  -4.352390265101e-06  -6.091713165778e+00   6.174470316417e-06   8.565487991654e-07  -1.797610136366e-06  -2.242187559432e+00   2.906297477957e-06   2.386846083724e-07  -4.912572662439e-07  -5.970316600699e-01  -2.732554382323e-06   3.059844203544e-02   8.258965641294e-03  -2.354593795631e-01   4.756758881250e-03  -2.221687673142e-07  -1.667332488664e-07   1.657152432136e-06  -3.032307014025e-10  -9.896779696517e-03  -5.037275925711e-06   1.421571443699e-05  -3.254655380202e-08  -1.364271646324e-01  -1.395475680632e-05   3.182993205024e-05  -6.413125873532e-07  -8.113344529308e-01  -6.283716020535e-06   9.529463592304e-06  -7.738345012055e-07  -8.429536919211e-01   2.567812625333e-08   8.411442751519e-06   1.148153420808e-05   1.645602562559e-01  -8.563616984559e-06   9.875894744612e-01   1.530862611484e+00   5.906018962119e-01   1.371723169994e-01   1.127202223136e+00   1.292882794794e+00   1.928177205741e+00  -1.087242028555e-01  -1.685295559945e-01  -6.501537052701e-02  -1.509878688567e-02  -1.240894831058e-01   3.449573804387e-01  -9.087508244009e-01  -8.785860353553e-01  -1.362070641570e+00  -5.255095932543e-01  -1.220540525128e-01  -1.003469998366e+00  -1.637548971996e+00   1.330031954315e+00
  -7.720239060231e+00  -8.327028782716e+00  -4.911815694666e-01   5.775150986231e-06   9.814309353921e-06  -1.082978682134e+01  -7.837956225005e-01   1.078858465085e-05   1.297253717524e-05  -7.666509698797e+00  -5.047477382967e-01   8.365486174030e-06   5.556420414080e-06  -3.946871516932e+00  -1.708162933387e-01   3.027401135961e-06   1.454036035883e-06  -1.524527861286e-06  -1.136020232821e-05   1.707826238043e-01   6.228743971890e-06  -2.957753704742e-01  -3.890275218531e-01  -3.804102769217e-01   4.958279109685e-01  -9.444764826625e-06   6.257867218852e-06  -1.227344464346e+00   1.694237788248e+00  -3.247439884144e-05   2.187627332352e-05  -2.911857164963e+00   4.945709605866e+00  -9.578822762793e-05   6.644385915660e-05  -3.813832130210e+00   5.150276347622e+00  -9.933115340054e-05   6.972583292573e-05   2.936791787931e-05  -1.100600942708e-07   4.416400052503e-01  -1.985634216397e-05  -7.649427806160e-01  -1.637220159288e+00  -4.024023550712e+00  -4.438084029894e+00  -3.000005441662e+00  -1.351780312066e+00  -1.470263354505e+00  -3.265716709597e+00  -1.637239197855e+00  -4.024047514271e+00  -4.438094148000e+00  -3.000008023898e+00  -1.351757107888e+00   3.563367607881e+00   3.595210687721e-01  -1.636981442483e+00  -4.023683066874e+00  -4.437921403196e+00  -2.999962010431e+00  -1.352384503914e+00  -2.092863648625e+00   2.905529479949e+00
  -6.117522180421e-02  -5.719680351535e-02  -6.267763521392e+00  -6.091955832774e-07   1.991426152344e-06  -7.837956225005e-01  -8.510146276172e+00  -1.150660100910e-06   6.003651440135e-06  -9.198024106377e-01  -5.467292950417e+00   6.779461389494e-07   3.846755373706e-06  -5.675063372157e-01  -1.900091983889e+00   5.512127936444e-07   1.167645922522e-06   4.185385883056e-05  -1.268717730330e-05   6.358922811651e-01  -2.141396594293e-05  -1.101396864111e+00  -1.336611683629e+00  -1.318288242673e+00   1.285120034198e+00  -2.950765147815e-05   1.954963886198e-05  -3.160258609353e+00   3.250530133016e+00  -7.851185934322e-05   5.277064246632e-05  -4.157664870665e+00   4.090298545194e+00  -1.208609445235e-04   8.263838016480e-05  -2.705979132039e+00   9.479338378031e-01  -6.331804673145e-05   4.392352392037e-05   6.252701690704e-05  -2.706233575365e-07   7.221308129792e-01  -4.231421224863e-05  -1.250766893938e+00   9.090022943527e-01   9.134764248509e-01   4.862806451312e-02  -2.695296975878e-01  -1.425034113602e+00   5.792563442814e-01   1.286633657248e+00   9.089831514677e-01   9.134442864375e-01   4.861032380963e-02  -2.695347445428e-01  -1.425079599990e+00  -1.403852153353e+00  -1.416392677614e-01   9.095037771448e-01   9.142235617956e-01   4.902993899569e-02  -2.694158579315e-01  -1.424135629454e+00   8.251706661038e-01  -1.145587885583e+00
   7.156045957567e-07   6.677765229000e-07  -6.091955832774e-07  -6.091723237907e+00  -4.352390265101e-06   1.078858465085e-05  -1.150660100910e-06  -7.900753917346e+00  -1.031474401085e-05   1.524443551744e-05   6.779461389494e-07  -4.894989639471e+00  -5.738948518207e-06   1.005799444755e-05   5.512127936444e-07  -1.681252320153e+00  -1.715591381672e-06  -5.376425071003e-01  -3.859053811325e-02   1.074149449188e-01  -1.268717730330e-05   6.203897757296e-02   2.532680406497e-05   2.498150260036e-05  -2.933242880786e-05  -2.640492985626e-01  -7.266513453463e-09   5.965475596193e-05  -7.717987999743e-05  -8.495805962849e-01  -1.700445812669e-07   7.626717320806e-05  -1.133708799313e-04  -2.167842904081e+00  -2.656618580597e-06   4.762083441242e-05  -5.704136528922e-05  -2.234706302608e+00  -3.591523681454e-06   7.548750689498e-01  -2.269988676799e-05   7.670295750118e-05   1.307392981244e-07   1.043322932723e-04   1.129233891874e+00   1.414119410104e+00   6.665314506405e-01   1.787599413234e-01   7.079997342764e-01  -1.163453181094e+00   1.686741736393e+00  -2.736829281513e+00  -3.427245561093e+00  -1.615368241361e+00  -4.332141981562e-01  -1.715867827294e+00   2.537689288598e+00   4.500404296111e-01   1.607409651520e+00   2.013049358870e+00   9.488709475009e-01   2.544849597424e-01   1.008396059643e+00  -3.836786783819e-01  -2.136501938488e+00
   1.227784863971e-06   1.149773393596e-06   1.991426152344e-06  -4.352390265101e-06  -6.091713165778e+00   1.297253717524e-05   6.003651440135e-06  -1.031474401085e-05  -7.900726582161e+00   1.012547160421e-05   3.846755373706e-06  -5.738948518207e-06  -4.894971220946e+00   4.830772573120e-06   1.167645922522e-06  -1.715591381672e-06  -1.681246238364e+00  -1.268717730330e-05   1.240510183775e-01   3.347113777129e-02  -5.376416320927e-01   1.928456207366e-02  -1.651995339748e-05  -1.629842709397e-05   1.909137773058e-05  -7.259995771946e-09  -2.640492896214e-01  -3.848693064659e-05   4.941224744993e-05  -1.699974077736e-07  -8.495803733666e-01  -4.494406841342e-05   6.344345724513e-05  -2.656347440769e-06  -2.167839094837e+00  -2.067456159646e-05   2.199503731663e-05  -3.591185731623e-06  -2.234699216950e+00   1.306916272672e-07   8.968637887228e-05   5.332381746813e-05   7.548748992046e-01  -8.105119391507e-06   2.508219380439e+00   3.140984496467e+00   1.480457777848e+00   3.970408391932e-01   1.572586459690e+00   1.686731739644e+00   1.823689447105e+00  -2.761284856458e-01  -3.457856806181e-01  -1.629770580928e-01  -4.370604317929e-02  -1.731194751406e-01   4.500399433517e-01  -1.877452566185e+00  -2.231564727261e+00  -2.794701792295e+00  -1.317295897232e+00  -3.532862238609e-01  -1.399953528621e+00  -2.136491457275e+00   1.043489623017e+00
  -3.498994410292e+00  -3.789565807638e+00  -3.134786091778e-01   3.743387913432e-06   6.174470316417e-06  -7.666509698797e+00  -9.198024106377e-01   1.524443551744e-05   1.012547160421e-05  -8.009763365570e+00  -1.113907464179e+00   2.288315507662e-05   1.817830342365e-06  -5.480958858162e+00  -5.416780168930e-01   1.171365423950e-05  -7.943760733846e-07  -3.188843747662e-07  -1.104642068316e-05   2.433157260431e-01   7.018878679301e-06  -4.214031414641e-01  -1.435260975167e+00  -1.420191844835e+00   5.453436601508e-01  -1.048108225754e-05   7.133411697885e-06  -2.979407884241e+00   1.586953623075e+00  -3.081997211290e-05   2.157447039663e-05  -4.556972521833e+00   4.071015566275e+00  -8.043240804696e-05   5.904596937726e-05  -5.348487797851e+00   5.027592444537e+00  -9.775634269214e-05   7.305208247707e-05   1.344289226555e-05  -2.640231029758e-07   1.971114510080e-01  -9.694154334150e-06  -3.414066914694e-01  -1.997360617810e+00  -4.301647424831e+00  -5.440077507528e+00  -4.327712721044e+00  -9.202027135905e-01  -8.982765650241e-01  -1.995240486126e+00  -1.997369734407e+00  -4.301658867328e+00  -5.440083472186e+00  -4.327714812359e+00  -9.201853015205e-01   2.177085020040e+00   2.196535904877e-01  -1.997192312614e+00  -4.301362023686e+00  -5.439872166100e+00  -4.327639252007e+00  -9.205693733001e-01  -1.278705319364e+00   1.775235925583e+00
  -1.948820332414e-02  -1.493781775111e-02  -2.318058045495e+00  -2.586403286325e-07   8.565487991654e-07  -5.047477382967e-01  -5.467292950417e+00   6.779461389494e-07   3.846755373706e-06  -1.113907464179e+00  -6.904780461451e+00   6.234840307939e-06   1.669417243000e-06  -9.875576804855e-01  -3.899959080751e+00   4.248153229598e-06  -2.739612670229e-08   3.666923078184e-05  -1.076140730891e-05   5.288541773382e-01  -2.140027737334e-05  -9.160007420181e-01  -2.814303097884e+00  -2.790800419253e+00   5.305795392831e-01  -1.981258630319e-05   1.347315705481e-05  -5.274903644094e+00   1.328278242891e+00  -5.177581583198e-05   3.605796982206e-05  -6.170730985259e+00   1.720578315762e+00  -9.300294223573e-05   6.626882658527e-05  -4.659775690472e+00  -1.252574210296e-01  -7.302339924328e-05   5.258561320975e-05   1.316430621047e-05  -4.209279627824e-07   4.833567519760e-02  -9.675318809048e-06  -8.371927277117e-02   8.029697821301e-01   9.815037989912e-01   1.588753593976e-01  -4.281798962682e-01  -1.463323501997e+00   2.751112546455e-01   6.110751829138e-01   8.029474589134e-01   9.814674674128e-01   1.588481081251e-01  -4.281903036444e-01  -1.463345073765e+00  -6.667437204040e-01  -6.726971534449e-02   8.034599201356e-01   9.823047719097e-01   1.595054421622e-01  -4.279354627561e-01  -1.462843282652e+00   3.919215968574e-01  -5.441081131661e-01
   2.289732120906e-07   1.743248575416e-07  -2.586403286325e-07  -2.242191788598e+00  -1.797610136366e-06   8.365486174030e-06   6.779461389494e-07  -4.894989639471e+00  -5.738948518207e-06   2.288315507662e-05   6.234840307939e-06  -5.874598618715e+00  -3.499631385628e-06   2.135569258861e-05   4.248153229598e-06  -3.342771673748e+00  -1.072588507213e-06  -3.835310869374e-01  -2.961176252331e-02   8.241250228224e-02  -1.076140730891e-05   4.759974661460e-02   5.332805108132e-05   5.288567326969e-05  -1.952111798982e-05  -5.006839580850e-01  -1.167047496837e-08   9.970254793991e-05  -5.028953599388e-05  -1.344076792523e+00  -1.939893060594e-07   1.147360250481e-04  -8.645817132489e-05  -3.033744727653e+00  -2.630034726783e-06   8.542698244336e-05  -6.808285411487e-05  -3.751792633364e+00  -3.833716521845e-06   4.954482933817e-01  -3.698364853520e-05   1.208606400609e-04   1.059967834159e-07   9.070252700668e-05   9.925895687163e-01   1.466044252414e+00   1.024324344179e+00   3.802238459877e-01   3.756207603569e-01  -1.354202168489e+00   7.981849516293e-01  -2.405639555520e+00  -3.553078994281e+00  -2.482489692467e+00  -9.214498118158e-01  -9.103315262973e-01   3.972125175181e-01   2.129625103016e-01   1.412991543222e+00   2.087013929102e+00   1.458229614042e+00   5.412924209506e-01   5.349679966053e-01  -9.851569797015e-01  -1.011053215329e+00
   3.896387041070e-07   3.003965644695e-07   8.565487991654e-07  -1.797610136366e-06  -2.242187559432e+00   5.556420414080e-06   3.846755373706e-06  -5.738948518207e-06  -4.894971220946e+00   1.817830342365e-06   1.669417243000e-06  -3.499631385628e-06  -5.874580053204e+00  -1.448262931117e-06  -2.739612670229e-08  -1.072588507213e-06  -3.342763667393e+00  -1.076140730891e-05   9.517956374790e-02   2.567765637252e-02  -3.835295240107e-01   1.479518112297e-02  -3.478648007102e-05  -3.450387033302e-05   1.269677424543e-05  -1.165936606759e-08  -5.006839428207e-01  -6.454450591265e-05   3.217089902876e-05  -1.939340217009e-07  -1.344076533440e+00  -7.046040745722e-05   4.891630395107e-05  -2.629786812517e-06  -3.033740948324e+00  -4.497399647565e-05   3.089260459169e-05  -3.833366510960e-06  -3.751784234364e+00   1.059619389780e-07   1.307959188218e-04   4.961765195284e-05   4.954481552882e-01   1.490062639900e-05   2.204709458020e+00   3.256317058457e+00   2.275157387325e+00   8.445013913568e-01   8.343170249888e-01   7.981765622093e-01   5.934755583219e-02  -2.427136415755e-01  -3.584831064932e-01  -2.504692931701e-01  -9.297148714224e-02  -9.184630978838e-02   2.129629443923e-01  -1.692070700654e+00  -1.961654595758e+00  -2.897388596002e+00  -2.024433543822e+00  -7.514527505753e-01  -7.426947473967e-01  -1.011045261217e+00  -3.097788467611e-01
  -1.476749021086e+00  -1.596118100391e+00  -1.488709885099e-01   1.794014385948e-06   2.906297477957e-06  -3.946871516932e+00  -5.675063372157e-01   1.005799444755e-05   4.830772573120e-06  -5.480958858162e+00  -9.875576804855e-01   2.135569258861e-05  -1.448262931117e-06  -5.329403655367e+00  -6.996553209040e-01   1.574662611048e-05  -3.071668935693e-06   3.808795548146e-07  -5.949771253517e-06   1.573497822371e-01   3.936870305776e-06  -2.725193359740e-01  -1.170350981905e+00  -1.158123235317e+00   1.628078297510e-01  -3.201398456469e-06   2.324356371408e-06  -2.432983484818e+00   5.373354912965e-01  -1.074970191488e-05   8.154105202072e-06  -3.738794255180e+00   1.664222013727e+00  -3.396339661401e-05   2.727642866566e-05  -4.794093294248e+00   2.694196899513e+00  -5.288915851763e-05   4.292757967216e-05   3.212618720303e-06  -2.046916131852e-07   4.472162963607e-02  -2.588846788966e-06  -7.745985668984e-02  -1.279193669286e+00  -2.913647464963e+00  -4.458064138833e+00  -4.531508490591e+00  -3.979006729373e-01  -3.400878095872e-01  -7.554029769494e-01  -1.279195692402e+00  -2.913649387984e+00  -4.458064806859e+00  -4.531509191568e+00  -3.978937423670e-01   8.242487585779e-01   8.316107555073e-02  -1.279121197645e+00  -2.913497517956e+00  -4.457911960212e+00  -4.531431892512e+00  -3.980276765788e-01  -4.841213543928e-01   6.721118339132e-01
  -4.904075109755e-03  -3.495002375608e-03  -6.182552891475e-01  -7.115576129008e-08   2.386846083724e-07  -1.708162933387e-01  -1.900091983889e+00   5.512127936444e-07   1.167645922522e-06  -5.416780168930e-01  -3.899959080751e+00   4.248153229598e-06  -2.739612670229e-08  -6.996553209040e-01  -4.125565292959e+00   3.970703750432e-06  -7.254599039969e-07   1.335328000903e-05  -3.792827713265e-06   1.917863854806e-01  -7.984302260086e-06  -3.321831187188e-01  -1.273044797566e+00  -1.260904127832e+00  -5.845303722696e-02  -3.403243546645e-06   2.466040529744e-06  -2.541494929258e+00  -1.299486425092e-01  -1.048700627946e-05   7.897920505940e-06  -3.442105031071e+00  -4.830820322940e-01  -2.533220658822e-05   1.959259328921e-05  -3.477838450469e+00  -1.451739757072e+00  -3.206650535824e-05   2.461512511382e-05   1.050080154682e-06  -1.894741227645e-07  -1.402510264244e-02  -9.514122516940e-07   2.429244975939e-02   3.128924753312e-01   4.923175401804e-01   2.528655283105e-01  -1.632163327429e-01  -6.461017276278e-01   6.148379097001e-02   1.365684253050e-01   3.128828933798e-01   4.922990433083e-01   2.528450596879e-01  -1.632289685253e-01  -6.461063199715e-01  -1.490093228155e-01  -1.503389705014e-02   3.130915369424e-01   4.927118108323e-01   2.533284394413e-01  -1.629274224860e-01  -6.459772152392e-01   8.759175612234e-02  -1.216049830705e-01
   5.777694758823e-08   4.077374226585e-08  -7.115576129008e-08  -5.970328259184e-01  -4.912572662439e-07   3.027401135961e-06   5.512127936444e-07  -1.681252320153e+00  -1.715591381672e-06   1.171365423950e-05   4.248153229598e-06  -3.342771673748e+00  -1.072588507213e-06   1.574662611048e-05   3.970703750432e-06  -3.691262320539e+00  -3.308948864703e-07  -1.336272088902e-01  -1.007799266157e-02   2.804674313546e-02  -3.792827713265e-06   1.619941540448e-02   2.412293822764e-05   2.389416553855e-05  -3.276361648178e-06  -2.316953660394e-01  -5.013834901694e-09   4.805464168341e-05  -9.867270664004e-06  -6.563145843191e-01  -8.097799212982e-08   6.433786279553e-05  -2.268019423417e-05  -1.743424535278e+00  -1.098422737923e-06   6.474126016391e-05  -3.006376950578e-05  -3.019368457324e+00  -1.830952256871e-06   9.549357562057e-02  -1.727867752393e-05   5.244341911019e-05   3.449463598992e-08   3.332201824645e-05   3.856792865153e-01   7.111506746894e-01   7.721853561307e-01   4.772204586669e-01   9.886818002072e-02  -6.260004485976e-01   1.801010237609e-01  -9.347294631468e-01  -1.723530178834e+00  -1.871429398123e+00  -1.156542700621e+00  -2.396112505721e-01  -2.308142574528e-01   4.805217952194e-02   5.490456042931e-01   1.012388755544e+00   1.099292735261e+00   6.793830242994e-01   1.407985319389e-01  -5.427211276501e-01  -2.281341778941e-01
   9.781234379133e-08   7.030444328189e-08   2.386846083724e-07  -4.912572662439e-07  -5.970316600699e-01   1.454036035883e-06   1.167645922522e-06  -1.715591381672e-06  -1.681246238364e+00  -7.943760733846e-07  -2.739612670229e-08  -1.072588507213e-06  -3.342763667393e+00  -3.071668935693e-06  -7.254599039969e-07  -3.308948864703e-07  -3.691257456984e+00  -3.792827713265e-06   3.239232197298e-02   8.738453449895e-03  -1.336265637565e-01   5.035004179652e-03  -1.573581123571e-05  -1.558917440994e-05   2.125883246433e-06  -5.008957616286e-09  -2.316953593167e-01  -3.113746837044e-05   6.247185470271e-06  -8.095437277028e-08  -6.563144748426e-01  -4.009782762743e-05   1.226836946148e-05  -1.098316731578e-06  -1.743422929792e+00  -3.687874492537e-05   1.410354220658e-05  -1.830777816699e-06  -3.019364197772e+00   3.448442733561e-08   5.826004665357e-05   1.837231545980e-05   9.549353090469e-02   8.531734156958e-06   8.566590513971e-01   1.579579538499e+00   1.715130576362e+00   1.059955194621e+00   2.196029232726e-01   1.800978615487e-01  -3.070494323224e-01  -9.430822921444e-02  -1.738934627882e-01  -1.888175010458e-01  -1.166917354200e-01  -2.417514063917e-02   4.805244321270e-02  -7.022351268479e-01  -7.622394631034e-01  -1.405494128118e+00  -1.526133986368e+00  -9.431708334573e-01  -1.954702439578e-01  -2.281312797858e-01  -3.903282370786e-01
  -7.695896938081e-08  -3.823373884744e-08   1.042965386875e-05  -2.354592509724e-01  -2.732554382323e-06  -1.524527861286e-06   4.185385883056e-05  -5.376425071003e-01  -1.268717730330e-05  -3.188843747662e-07   3.666923078184e-05  -3.835310869374e-01  -1.076140730891e-05   3.808795548146e-07   1.335328000903e-05  -1.336272088902e-01  -3.792827713265e-06  -6.746518480981e+00   1.953159243019e-02  -5.432801152329e-02   1.068414065744e-05  -3.135244556241e-02   5.475490480382e-05   5.418219161508e-05  -6.696845787012e-05  -5.650380820028e-01  -1.579392984065e-08   1.160543844082e-04  -1.415479291725e-04  -1.607005516452e+00  -2.922474479644e-07   9.942202636476e-05  -1.021385337331e-04  -2.457752899633e+00  -1.909619775628e-06   3.596042927767e-05  -8.167977512498e-06  -1.193461601182e+00  -3.175139075636e-06   1.507280953441e+00  -3.595513105530e-05   1.421158837503e-04   2.506022268102e-07   2.013449459057e-04  -5.874196336469e-01  -3.146015976571e-01  -2.504439774470e-02   6.455461287123e-03   7.171345990802e-01   4.390166205299e-01  -7.183155573581e-01   1.423635997268e+00   7.624319716119e-01   6.068591992792e-02  -1.564677602355e-02  -1.738095335571e+00  -1.137107888151e+00  -1.916472301822e-01  -8.367304844235e-01  -4.482340102334e-01  -3.573058779137e-02   9.181323604671e-03   1.020241870505e+00   1.070166162108e-01   9.105267632817e-01
  -5.625857419386e-07  -2.821375165858e-07  -2.732554382323e-06  -9.515743070443e-03   3.059844203544e-02  -1.136020232821e-05  -1.268717730330e-05  -3.859053811325e-02   1.240510183775e-01  -1.104642068316e-05  -1.076140730891e-05  -2.961176252331e-02   9.517956374790e-02  -5.949771253517e-06  -3.792827713265e-06  -1.007799266157e-02   3.239232197298e-02   1.953159243019e-02  -6.444989328680e+00  -2.570724385601e-05  -6.273501663235e-02   1.475645083641e-05   4.020076745669e-10   6.283997364452e-10   2.678065027312e-09  -7.673752882550e-06   1.296758715546e-05  -9.767481309443e-08   2.670085839223e-07  -8.490767850749e-05   2.406373281384e-04  -3.124627206334e-06   7.360181369899e-06  -3.340961342239e-03   1.069818615792e-02  -7.222038762798e-06   9.208233785037e-06  -9.274973289568e-03   2.979687663436e-02   6.163605265957e-05  -2.917576343039e-01   2.196262703136e-08  -1.616542859487e-04  -4.613417436586e-08  -1.626008173614e+00  -1.067139539720e+00  -2.152107411608e-01  -2.570862704416e-02  -8.819121077768e-01   1.256957603160e+00  -1.117686019688e+00  -4.338386811156e-01  -2.847237024146e-01  -5.742282663224e-02  -6.862030631382e-03  -2.352971985580e-01   3.717023318227e-01  -2.346802049549e+00   2.059507948805e+00   1.351734237621e+00   2.726056404682e-01   3.255700755677e-02   1.117708236067e+00  -2.498615088928e-01  -9.651542384861e-01
   6.449207933121e-03   3.218108182073e-03   2.043185141590e-01   2.649417731566e-02   8.258965641294e-03   1.707826238043e-01   6.358922811651e-01   1.074149449188e-01   3.347113777129e-02   2.433157260431e-01   5.288541773382e-01   8.241250228224e-02   2.567765637252e-02   1.573497822371e-01   1.917863854806e-01   2.804674313546e-02   8.738453449895e-03  -5.432801152329e-02  -2.570724385601e-05  -6.645679061759e+00  -1.690134594435e-02   3.475989923325e-01   8.341774170389e-01   8.253878130657e-01  -8.579048136834e-01   1.831736169859e-05  -2.231881129905e-05   1.774584483205e+00  -1.706352751661e+00   2.150220575828e-04   6.464779904846e-07   1.553518925201e+00  -9.184799347448e-01   9.245320695153e-03   2.813378477513e-03   6.334264580253e-01   6.841647988396e-02   2.578672792819e-02   8.012052384231e-03  -1.334053033729e-04   1.207014310143e-07  -6.310520452758e-01   1.936763852957e-05   5.876749836558e-01  -1.734845482483e+00  -1.122317401087e+00  -1.249184305545e-01   7.975703791460e-02  -1.382157368063e+00  -1.592258734261e+00   2.870250679369e-01   1.355024441820e+00   9.055324538212e-01   2.840300604186e-01   1.286024300945e-01   2.937078027517e-01  -5.192692399159e-01  -4.733383658093e-01  -1.083347745586e+00  -6.948275794636e-01  -3.873986514477e-02   9.004341548048e-02  -1.029438001595e+00  -1.724474948295e+00  -1.007904502957e+00
   2.519801802564e-07   1.255056610470e-07  -2.225307943542e-06  -2.732554382323e-06  -2.354593795631e-01   6.228743971890e-06  -2.141396594293e-05  -1.268717730330e-05  -5.376416320927e-01   7.018878679301e-06  -2.140027737334e-05  -1.076140730891e-05  -3.835295240107e-01   3.936870305776e-06  -7.984302260086e-06  -3.792827713265e-06  -1.336265637565e-01   1.068414065744e-05  -6.273501663235e-02  -1.690134594435e-02  -6.746512560801e+00  -9.762344370960e-03  -3.571481610052e-05  -3.534947410640e-05   4.358638010194e-05  -1.577965825373e-08  -5.650380629572e-01  -7.489842465557e-05   9.067361627930e-05  -2.921583105465e-07  -1.607005133523e+00  -6.071496474359e-05   6.007938025241e-05  -1.909385787641e-06  -2.457750756018e+00  -1.872180470331e-05   4.251033697459e-07  -3.174984916302e-06  -1.193460106836e+00   2.505044929041e-07   1.549853846671e-04   1.044056635758e-04   1.507280628160e+00  -1.698365926264e-05  -1.304757889201e+00  -6.987744512448e-01  -5.561879135050e-02   1.434252170598e-02   1.592871981364e+00  -7.183094958447e-01  -8.330831020423e-01   1.436358122196e-01   7.692607235816e-02   6.126462787672e-03  -1.575800446369e-03  -1.753637243012e-01  -1.916481876511e-01   7.430547706300e-01   1.161631696040e+00   6.222791531010e-01   4.960457373917e-02  -1.274425804190e-02  -1.416398640396e+00   9.105216573847e-01  -5.012079262969e-01
  -1.116906391142e-02  -5.573280459859e-03  -3.538901760411e-01   1.530124883390e-02   4.756758881250e-03  -2.957753704742e-01  -1.101396864111e+00   6.203897757296e-02   1.928456207366e-02  -4.214031414641e-01  -9.160007420181e-01   4.759974661460e-02   1.479518112297e-02  -2.725193359740e-01  -3.321831187188e-01   1.619941540448e-02   5.035004179652e-03  -3.135244556241e-02   1.475645083641e-05   3.475989923325e-01  -9.762344370960e-03  -7.047096085376e+00  -1.444837667873e+00  -1.429613627532e+00   1.485934719701e+00  -4.859414105700e-05   2.613211889913e-05  -3.073670354948e+00   2.955489305161e+00  -1.226897364008e-05   9.096228299554e-05  -2.690769180404e+00   1.590842630127e+00   5.205434440899e-03   1.709175334967e-03  -1.097112857048e+00  -1.185232441168e-01   1.484923729676e-02   4.644911897954e-03   4.355363836234e-05  -2.170929648335e-07   5.876751177431e-01  -6.926673646347e-05  -1.309640507079e+00   1.252522401149e-01   5.406944793420e-02  -1.647375397933e-01  -1.836512988196e-01   8.321431301677e-01  -9.135016048095e-01   1.785779337169e-01   1.909220338831e+00   1.224858311830e+00   7.136603334415e-02  -1.554518508260e-01   1.799675175083e+00  -3.138569696922e-01  -2.747016147444e-01   5.006772673839e-01   3.005389898174e-01  -1.149845431053e-01  -1.776967098803e-01   1.036420784043e+00  -9.878124370882e-01  -5.927671853529e-01
  -2.579347447754e-04   1.205767564115e-05  -1.798466661424e-02   3.407364503496e-07  -2.221687673142e-07  -3.890275218531e-01  -1.336611683629e+00   2.532680406497e-05  -1.651995339748e-05  -1.435260975167e+00  -2.814303097884e+00   5.332805108132e-05  -3.478648007102e-05  -1.170350981905e+00  -1.273044797566e+00   2.412293822764e-05  -1.573581123571e-05   5.475490480382e-05   4.020076745669e-10   8.341774170389e-01  -3.571481610052e-05  -1.444837667873e+00  -4.059158081535e+01  -4.357008912507e+01   9.598040822189e-02  -2.129163805522e-06   2.021059713851e-06  -1.570109533700e+01   4.356371403586e-02  -9.663876709590e-07   9.173212435199e-07  -6.722316333949e+00   1.232417774928e-02  -2.733911397409e-07   2.595102439847e-07  -3.058634708063e+00   3.454683404530e-03  -7.663633652670e-08   7.274527773277e-08   2.387733514411e-07  -2.703086568749e-08   3.186440778049e-03  -2.068271247838e-07  -5.519040485457e-03  -9.180439793904e-06  -7.052810850024e-02  -6.757304050354e-01  -8.087542605264e-01  -2.977318231143e-03  -7.233596726092e-04  -1.606835193970e-03  -9.180429866875e-06  -7.052808228670e-02  -6.757303235518e-01  -8.087542260837e-01  -2.977297274567e-03   1.753281377941e-03   1.768610145627e-04  -9.160331053517e-06  -7.047560890179e-02  -6.755673720563e-01  -8.086853662708e-01  -2.972991227580e-03  -1.028199760971e-03   1.427482839650e-03
  -1.169624108921e-04   9.222893053577e-06  -1.348553589113e-02   2.555528349611e-07  -1.667332488664e-07  -3.804102769217e-01  -1.318288242673e+00   2.498150260036e-05  -1.629842709397e-05  -1.420191844835e+00  -2.790800419253e+00   5.288567326969e-05  -3.450387033302e-05  -1.158123235317e+00  -1.260904127832e+00   2.389416553855e-05  -1.558917440994e-05   5.418219161508e-05   6.283997364452e-10   8.253878130657e-01  -3.534947410640e-05  -1.429613627532e+00  -4.357008912507e+01  -3.806987933453e+01   1.087433804494e-01  -2.412288862197e-06   2.289809654342e-06  -1.561526409580e+01   3.127422855985e-02  -6.937661209079e-07   6.585415148268e-07  -6.683080423791e+00   7.268219938119e-03  -1.612332257124e-07   1.530469267685e-07  -3.031498613442e+00   1.920188900612e-03  -4.259615876499e-08   4.043342284021e-08   9.467182011496e-08  -1.071753291761e-08   1.263399564171e-03  -8.200538391007e-08  -2.188257629643e-03  -3.642435718645e-06  -6.856031097542e-02  -6.679935752870e-01  -8.001035381989e-01  -2.472426045663e-03  -6.001727060065e-04  -1.333193934610e-03  -3.642431205510e-06  -6.856028532964e-02  -6.679934947329e-01  -8.001035041643e-01  -2.472408566965e-03   1.454700535076e-03   1.467418389052e-04  -3.633397798334e-06  -6.850891372553e-02  -6.678321383187e-01  -8.000353291188e-01  -2.468662900191e-03  -8.530403219465e-04   1.184303371625e-03
   3.653338528302e-03   4.209675396721e-05   1.245376004436e-01  -2.545558868623e-06   1.657152432136e-06   4.958279109685e-01   1.285120034198e+00  -2.933242880786e-05   1.909137773058e-05   5.453436601508e-01   5.305795392831e-01  -1.952111798982e-05   1.269677424543e-05   1.628078297510e-01  -5.845303722696e-02  -3.276361648178e-06   2.125883246433e-06  -6.696845787012e-05   2.678065027312e-09  -8.579048136834e-01   4.358638010194e-05   1.485934719701e+00   9.598040822189e-02   1.087433804494e-01  -1.297959034401e+01   1.298649054907e-06  -1.124898773287e-06   2.968357647189e-01  -8.862966810537e+00   1.398724703486e-06  -1.211584990704e-06   1.770849361252e-01  -3.059200577094e+00   5.372389196631e-07  -4.653600596769e-07   8.865453900014e-02  -9.155156747684e-01   1.647968818388e-07  -1.427481963056e-07  -4.599490843443e-06   5.080595936230e-08  -1.117633092410e-01   4.281083834305e-06   1.935796644808e-01   1.377208784624e-04   8.367305140506e-02   2.362668850964e-01   1.160547587571e-01   1.288152292981e-02   3.398602272607e-03   7.549483095724e-03   1.377198979362e-04   8.367251910915e-02   2.362655202553e-01   1.160541863614e-01   1.288134110483e-02  -8.237489633285e-03  -8.309518377585e-04   1.374642648103e-04   8.362552765943e-02   2.362400765426e-01   1.160572288939e-01   1.286689504722e-02   4.832278093547e-03  -6.708806796214e-03
  -6.933192783073e-08  -7.949226580924e-10  -2.552431476099e-06  -9.896780028729e-03  -3.032307014025e-10  -9.444764826625e-06  -2.950765147815e-05  -2.640492985626e-01  -7.259995771946e-09  -1.048108225754e-05  -1.981258630319e-05  -5.006839580850e-01  -1.165936606759e-08  -3.201398456469e-06  -3.403243546645e-06  -2.316953660394e-01  -5.008957616286e-09  -5.650380820028e-01  -7.673752882550e-06   1.831736169859e-05  -1.577965825373e-08  -4.859414105700e-05  -2.129163805522e-06  -2.412288862197e-06   1.298649054907e-06  -1.291955603392e+01  -1.470164403461e-07  -6.584801816664e-06   1.398724703486e-06  -8.798306175505e+00  -1.583457256244e-07  -3.928331244739e-06   5.372389196631e-07  -3.034364946735e+00  -6.081932088259e-08  -1.966651727485e-06   1.647968818388e-07  -9.078973986312e-01  -1.865619572629e-08   1.781011934756e-01  -2.854984931299e-05   9.242718578576e-05   5.080595936230e-08   5.557707048922e-05   3.306211712105e-05   1.958584225023e-02   5.201920558119e-02   2.207947269452e-02   3.326697685182e-03  -2.508652230058e-04   1.799297578208e-03  -8.013616257265e-05  -4.747247260407e-02  -1.260860655516e-01  -5.351824089544e-02  -8.063228366328e-03   3.697764566982e-03   4.800238694845e-04   4.697601142015e-05   2.786458354697e-02   7.404155492124e-02   3.143172994427e-02   4.730054643341e-03   5.800760725414e-04  -2.276077019027e-03
   4.542228517104e-08   5.133071194210e-10   1.674520777644e-06  -3.034748612625e-10  -9.896779696517e-03   6.257867218852e-06   1.954963886198e-05  -7.266513453463e-09  -2.640492896214e-01   7.133411697885e-06   1.347315705481e-05  -1.167047496837e-08  -5.006839428207e-01   2.324356371408e-06   2.466040529744e-06  -5.013834901694e-09  -2.316953593167e-01  -1.579392984065e-08   1.296758715546e-05  -2.231881129905e-05  -5.650380629572e-01   2.613211889913e-05   2.021059713851e-06   2.289809654342e-06  -1.124898773287e-06  -1.470164403461e-07  -1.291955583357e+01   6.250471495359e-06  -1.211584990704e-06  -1.583457256244e-07  -8.798305959712e+00   3.728877975861e-06  -4.653600596769e-07  -6.081932088259e-08  -3.034364863851e+00   1.866798865964e-06  -1.427481963056e-07  -1.865619572629e-08  -9.078973732067e-01   5.080595936230e-08   9.991202044888e-05   3.221983648119e-05   1.781011279288e-01   1.641546657365e-05   7.344264642146e-05   4.350722389266e-02   1.155544176897e-01   4.904800638352e-02   7.389777179497e-03   1.799302281328e-03   2.936012426035e-03  -8.083645723548e-06  -4.788684000347e-03  -1.271833390161e-02  -5.398031210939e-03  -8.133671578273e-04   4.800202192905e-04  -1.012444671323e-03  -6.521832667704e-05  -3.868532914561e-02  -1.027944924507e-01  -4.363792872366e-02  -6.566889727723e-03  -2.276078070167e-03   2.100595787126e-03
  -3.663214384421e-02  -2.776676286047e-02  -4.177593094595e-01   7.865105695248e-06  -5.037275925711e-06  -1.227344464346e+00  -3.160258609353e+00   5.965475596193e-05  -3.848693064659e-05  -2.979407884241e+00  -5.274903644094e+00   9.970254793991e-05  -6.454450591265e-05  -2.432983484818e+00  -2.541494929258e+00   4.805464168341e-05  -3.113746837044e-05   1.160543844082e-04  -9.767481309443e-08   1.774584483205e+00  -7.489842465557e-05  -3.073670354948e+00  -1.570109533700e+01  -1.561526409580e+01   2.968357647189e-01  -6.584801816664e-06   6.250471495359e-06  -1.683877535566e+01   4.890845985390e-01  -1.084951935183e-05   1.029865770457e-05  -1.099564314208e+01   3.010469023162e-01  -6.678336848286e-06   6.339462846235e-06  -5.911150480623e+00   1.128536609706e-01  -2.503646534557e-06   2.376838864992e-06   4.783360046074e-06  -5.415109301668e-07   6.383414705431e-02  -4.143379613653e-06  -1.105632479894e-01  -3.341972449784e-03  -2.648889628967e-01  -1.465376966892e+00  -1.700466284346e+00  -6.505973637404e-02  -1.642191616570e-02  -3.647867825480e-02  -3.341972527527e-03  -2.648888970187e-01  -1.465376798477e+00  -1.700466209815e+00  -6.505929792527e-02   3.980334930967e-02   4.015179599307e-03  -3.337664322511e-03  -2.647297640463e-01  -1.465049070359e+00  -1.700326151033e+00  -6.500134167599e-02  -2.335550583292e-02   3.242517254160e-02
   1.318962090893e-01   1.208762003167e-01   1.049113914243e+00  -2.228888419163e-05   1.421571443699e-05   1.694237788248e+00   3.250530133016e+00  -7.717987999743e-05   4.941224744993e-05   1.586953623075e+00   1.328278242891e+00  -5.028953599388e-05   3.217089902876e-05   5.373354912965e-01  -1.299486425092e-01  -9.867270664004e-06   6.247185470271e-06  -1.415479291725e-04   2.670085839223e-07  -1.706352751661e+00   9.067361627930e-05   2.955489305161e+00   4.356371403586e-02   3.127422855985e-02  -8.862966810537e+00   1.398724703486e-06  -1.211584990704e-06   4.890845985390e-01  -1.066353046079e+01   5.139431191120e-06  -4.451816359461e-06   5.728301842563e-01  -6.356690120952e+00   4.953991073208e-06  -4.292101454105e-06   3.714123491605e-01  -2.427982220603e+00   2.165782492615e-06  -1.877427130130e-06  -1.253205024280e-05   2.418972030831e-07  -2.883377324918e-01   1.149164535608e-05   4.994152903341e-01   1.110483297406e-02   3.532348814339e-01   7.332447362229e-01   3.875479219401e-01   1.476246248291e-01   4.219397394485e-02   9.372705791057e-02   1.110476974164e-02   3.532328332217e-01   7.332408701955e-01   3.875462813043e-01   1.476225632902e-01  -1.022687845110e-01  -1.031645016725e-02   1.109208992625e-02   3.530743553384e-01   7.331688240221e-01   3.875525906105e-01   1.475193755431e-01   6.001802670889e-02  -8.332485313154e-02
