ARMA_MAT_TXT_FN008
65 65
   3.280789045930e-01   2.804237342671e-01   3.871945773908e-03  -5.298593116363e-07   5.735417068373e-07  -4.298443622330e-02   1.587347126523e-03  -4.638098469424e-07   2.639267210175e-07  -2.911306545024e-02   2.348826387393e-03  -2.958141174296e-07  -8.312143970041e-08  -6.195320706580e-03   2.200106887313e-04   1.678744644760e-07   1.356826913154e-07  -1.502148409630e-08  -8.030950532342e-08   3.778547934524e-04   6.957230294315e-08  -6.541958872521e-04   3.025452869862e-04   4.576646809939e-04   7.414171225125e-03   7.583173278987e-08  -2.001714153577e-07  -7.939061746010e-04   1.162704716645e-02   9.313100981595e-08  -2.912488809399e-07   3.361312806212e-03   6.517833532921e-03   2.813793950778e-07  -4.065057110629e-07   5.631972717183e-03  -1.245390958817e-03   2.146975870966e-08   1.035725786182e-08   2.472591698875e-08  -2.525034475560e-09   3.821739671547e-04  -1.071741460716e-08  -6.619380375181e-04  -8.985450967499e-03  -1.346864437015e-02   1.247986781739e-03   7.672051442224e-04  -5.214960568750e-04  -9.466660029547e-04  -2.102647964740e-03  -8.985799702730e-03  -1.346908968555e-02   1.247809213292e-03   7.667696370737e-04  -5.214809401730e-04   2.294288996918e-03   2.315099196239e-04  -8.984990437809e-03  -1.346844763482e-02   1.248040324322e-03   7.668304098816e-04  -5.221451986717e-04  -1.347634106149e-03   1.870931061614e-03
   2.804237342671e-01   2.467493160417e-01   5.625374221196e-03  -8.020824830271e-07   8.404565509228e-07  -7.321216237839e-02   2.871494895274e-03  -8.093183415545e-07   4.775729517143e-07  -4.755072786533e-02   3.681971365015e-03  -4.638624890454e-07  -2.148528160321e-07  -1.002317626447e-02   3.679101674631e-04   2.544467580924e-07   2.307783799962e-07  -4.101981929867e-08  -1.595498283063e-07   5.578272568483e-04   1.328389725209e-07  -9.656991189170e-04   3.332697979537e-04   4.890761888835e-04   1.269207073190e-02   8.234980846320e-08  -2.737412604999e-07  -5.077799872097e-04   2.006350163761e-02   8.773040305312e-08  -3.959304372830e-07   6.164068487020e-03   1.134034518899e-02   4.121900237270e-07  -5.993896187649e-07   9.309691066501e-03  -2.035434912648e-03   3.616720998457e-08   2.841195783704e-08   4.187614693130e-08  -2.937810577209e-09   6.965975841274e-04  -1.575063827608e-08  -1.206532772631e-03  -1.503341321671e-02  -2.229852780004e-02   1.836216432420e-03   1.269088231097e-03  -8.924953413510e-04  -1.565847666707e-03  -3.477904654903e-03  -1.503400506799e-02  -2.229927431196e-02   1.835926504714e-03   1.268392825071e-03  -8.924662444346e-04   3.794895114654e-03   3.829298979588e-04  -1.503267357618e-02  -2.229831746587e-02   1.836331781640e-03   1.268425142404e-03  -8.935873071340e-04  -2.229083292660e-03   3.094641807778e-03
   3.871945773908e-03   5.625374221196e-03   2.092712876814e-02   7.537389846295e-07  -1.022124854555e-06  -1.304488600281e-02   3.810396744285e-02   1.367388602546e-06  -1.706498165087e-06  -1.708595657566e-02   1.461736151204e-02   8.970188955132e-07  -9.393257890901e-07   3.912962207970e-03  -5.619216636136e-04  -1.130218441644e-07   7.066244167468e-08  -8.829511558724e-07   4.047610404433e-07  -4.635307934901e-03   8.336834089780e-07   8.028708539455e-03  -2.847805564688e-03  -4.756586737274e-03  -3.130963174749e-02   3.968078719941e-07  -1.120598158322e-07   1.344966581559e-02  -4.842172791164e-02   6.225364043605e-07  -1.707018431906e-07   5.217853020241e-03  -3.715020359755e-02   2.630239115870e-07   1.042344485852e-07  -7.135747190595e-03  -2.188195177068e-03  -2.515926661325e-07   2.710805944692e-07  -7.434539163760e-08   1.357467063025e-10  -1.048166686194e-03   4.110794709593e-08   1.815480670743e-03  -8.968654603011e-03  -1.116913562937e-02  -3.147731634578e-03  -1.156724033015e-03   6.092532462055e-04  -2.751434563885e-04  -6.112816241475e-04  -8.968672015969e-03  -1.116941964568e-02  -3.147891095571e-03  -1.156660173222e-03   6.092755103483e-04   6.670191623181e-04   6.720440915120e-05  -8.972541531733e-03  -1.117492090282e-02  -3.149622492710e-03  -1.157101025808e-03   6.092448148866e-04  -3.921214200241e-04   5.443218151080e-04
  -5.298593116363e-07  -8.020824830271e-07   7.537389846295e-07   4.004057384244e-02   8.761203586600e-07   2.022322047471e-06   9.349929215658e-07   6.327098085493e-02   1.137549052793e-06   9.906596589191e-07   5.298993253345e-07   3.852957880960e-02  -3.116608253244e-08  -3.976641983107e-07  -4.740053038935e-08  -5.132492254400e-04  -2.926562796034e-07  -3.974840555701e-03   1.724142698859e-03  -4.798337049301e-03   5.057051685263e-07  -2.771719819345e-03   2.721016414954e-07   4.633637202173e-07   1.877646971464e-06  -1.981238172352e-03  -6.946918180472e-07  -1.411051487239e-06   2.923336600661e-06  -2.600293772165e-03  -1.051893375004e-06  -1.487347951814e-06   2.551609250736e-06  -6.590037990364e-03  -1.061670991245e-06   4.523840680732e-08   2.651646541117e-07  -7.526698033943e-03  -2.224632782910e-07  -1.204829594313e-03   2.663002464229e-05  -7.413352134497e-05  -4.877418809804e-09  -4.293271512739e-05  -1.357519122619e-02  -2.173909201289e-02  -7.666590342279e-03  -1.537485738374e-03  -5.712520067542e-04   1.350414963789e-03  -2.125678932974e-03   3.290232265331e-02   5.268951363857e-02   1.858262347114e-02   3.726152095908e-03   1.384736283899e-03  -3.313756363941e-03  -5.670903605277e-04  -1.932542555324e-02  -3.094930425689e-02  -1.091540340455e-02  -2.188370053275e-03  -8.140401853051e-04   3.678418570347e-04   2.692738794003e-03
   5.735417068373e-07   8.404565509228e-07  -1.022124854555e-06   8.761203586600e-07   4.003997388596e-02  -1.874480649974e-06  -1.299158673362e-06   1.137528491065e-06   6.327057994257e-02  -7.911366356984e-07  -1.052561842502e-06  -3.120511325727e-08   3.853109005755e-02  -7.655156414132e-07   1.000466207368e-07  -2.926530791189e-07  -5.129904059038e-04   5.057443405658e-07  -5.541197543599e-03  -1.494970699979e-03  -3.975120448336e-03  -8.612513637558e-04  -3.213244188793e-07  -5.478269000923e-07  -2.209710040797e-06  -6.946972430262e-07  -1.980729806412e-03   1.674940902614e-06  -3.393306728000e-06  -1.051904393215e-06  -2.599516372700e-03   1.916902025231e-06  -3.211744378967e-06  -1.061668348347e-06  -6.589375194796e-03   7.448360306436e-07  -5.711255798844e-07  -2.225013993528e-07  -7.526850541282e-03  -4.878521811161e-09  -8.562129438732e-05  -2.315664089576e-05  -1.204850149185e-03  -1.325930557456e-05  -3.015475838743e-02  -4.829016830313e-02  -1.703223700834e-02  -3.414906218641e-03  -1.269089692111e-03  -2.125554251080e-03  -2.413936563902e-03   3.319879231283e-03   5.316567409329e-03   1.875129479810e-03   3.764463042823e-04   1.396452407186e-04  -5.672359591050e-04   2.250225217809e-03   2.683126185353e-02   4.297057671862e-02   1.515670583766e-02   3.038888100267e-03   1.130189270594e-03   2.692759705068e-03  -1.430919143788e-03
  -4.298443622330e-02  -7.321216237839e-02  -1.304488600281e-02   2.022322047471e-06  -1.874480649974e-06   1.941329040352e-01  -9.074355683937e-03   2.424376313961e-06  -1.316873600625e-06   1.214869527601e-01  -9.204317887196e-03   1.261584909093e-06   7.560811574564e-07   2.459320815344e-02  -9.844053877912e-04  -5.902614089769e-07  -5.912258943197e-07   1.727906633254e-07   4.777273680002e-07  -1.099864260014e-03  -4.106673736620e-07   1.903609079657e-03   4.067683233333e-04   8.433854325232e-04  -3.330195767539e-02   1.770139242814e-08   5.658104369917e-07  -4.962526129757e-03  -5.300683388652e-02   1.254017928024e-07   8.118123403316e-07  -2.074027738386e-02  -3.005608432876e-02  -7.736245081509e-07   1.363115855729e-06  -2.359303350000e-02   5.179242096686e-03  -1.002464310231e-07  -1.045307217980e-07  -1.179187340882e-07   4.392854957446e-09  -1.930711215529e-03   3.410136551378e-08   3.344068515177e-03   3.935685648311e-02   5.765684176490e-02  -4.005611914962e-03  -3.143307718674e-03   2.351895531569e-03   4.030707560107e-03   8.952553522109e-03   3.935858841901e-02   5.765905858813e-02  -4.004800186550e-03  -3.141588430919e-03   2.351815532626e-03  -9.768561007799e-03  -9.857062421453e-04   3.935506188449e-02   5.765666360249e-02  -4.005944953878e-03  -3.141543270118e-03   2.354739243305e-03   5.737989503769e-03  -7.966018343745e-03
   1.587347126523e-03   2.871494895274e-03   3.810396744285e-02   9.349929215658e-07  -1.299158673362e-06  -9.074355683937e-03   7.057009786077e-02   1.734637549211e-06  -2.079241768665e-06  -2.217616976834e-02   2.671057403904e-02   1.167316945384e-06  -9.719834750669e-07   8.942462226736e-03  -1.157191851751e-03  -2.590974260545e-07   1.007537606729e-07  -1.589243231240e-06   6.624923635113e-07  -8.737764510611e-03   1.477804256404e-06   1.513447323754e-02  -4.710281494009e-03  -7.920344894711e-03  -6.147247760896e-02   6.164594917356e-07   6.530864782630e-08   2.229943792107e-02  -9.515392463416e-02   9.740984751263e-07   1.024131547221e-07   6.061421910195e-03  -7.217600638086e-02   3.212748899342e-07   5.392201667383e-07  -1.512413177541e-02  -3.718490075469e-03  -3.853566128529e-07   3.982176487377e-07  -1.230811366748e-07  -1.256456648576e-09  -2.113797380524e-03   4.644008583132e-08   3.661209586979e-03  -1.366875206424e-02  -1.637527152681e-02  -6.181361817957e-03  -2.354612080508e-03   1.322744216537e-03  -1.989600442104e-04  -4.420918419527e-04  -1.366875183407e-02  -1.637579439536e-02  -6.181661555532e-03  -2.354378942204e-03   1.322775030354e-03   4.824536339963e-04   4.853897956704e-05  -1.367501955388e-02  -1.638431311856e-02  -6.184325659403e-03  -2.355108658550e-03   1.322991527106e-03  -2.839195697359e-04   3.940490950593e-04
  -4.638098469424e-07  -8.093183415545e-07   1.367388602546e-06   6.327098085493e-02   1.137528491065e-06   2.424376313961e-06   1.734637549211e-06   1.001261604169e-01   1.519605260451e-06   8.983063131362e-07   9.374059880212e-07   6.080284785488e-02  -3.271190304136e-07  -9.841097821301e-07  -2.489075216607e-08  -6.448242836440e-04  -4.482441902365e-07  -5.890310641409e-03   2.720527577740e-03  -7.571275431458e-03   9.579374401199e-07  -4.373400387524e-03   2.863262473795e-07   4.910246983191e-07   2.990810490927e-06   6.131507768321e-04   3.472793337293e-07  -1.510235135814e-06   4.654330051337e-06   1.576761658528e-03   5.296340727726e-07  -1.734543827461e-06   4.024836195795e-06  -5.371299679693e-03   2.830970826182e-07   1.622511668109e-07   3.910472971893e-07  -1.130117876499e-02  -5.736033867115e-08  -2.042059379710e-03   4.119849510079e-05  -1.146872321991e-04  -5.203644977558e-08  -6.642801172407e-05  -2.136343137361e-02  -3.409751345929e-02  -1.189133337678e-02  -2.347709672590e-03  -8.884140799396e-04   2.126989323926e-03  -3.342988347650e-03   5.177866550193e-02   8.264317087150e-02   2.882354990394e-02   5.690069993783e-03   2.153594394736e-03  -5.208171816929e-03  -8.918599479709e-04  -3.041311770388e-02  -4.854470442219e-02  -1.693104096420e-02  -3.341693889006e-03  -1.266073931737e-03   5.816536755159e-04   4.234860976974e-03
   2.639267210175e-07   4.775729517143e-07  -1.706498165087e-06   1.137549052793e-06   6.327057994257e-02  -1.316873600625e-06  -2.079241768665e-06   1.519605260451e-06   1.001263039330e-01  -1.825435342624e-07  -1.726197440397e-06  -3.271418126897e-07   6.080574288925e-02  -7.400901337730e-07   1.038434869726e-07  -4.482445887936e-07  -6.444752015131e-04   9.580005146689e-07  -8.743473532768e-03  -2.358905159660e-03  -5.890914681592e-03  -1.358948775821e-03  -4.375504367866e-07  -7.465303687654e-07  -3.829450951410e-06   3.472753005770e-07   6.128106658011e-04   2.268591724908e-06  -5.893701522923e-06   5.296243502408e-07   1.576259057752e-03   2.579536105239e-06  -5.398011025862e-06   2.830998172988e-07  -5.371837539234e-03   9.377374983841e-07  -8.587805905870e-07  -5.743062353675e-08  -1.130170091427e-02  -5.203991912052e-08  -1.324614807953e-04  -3.584492170222e-05  -2.042067602976e-03  -2.047926561219e-05  -4.745502258536e-02  -7.574324007792e-02  -2.641908317582e-02  -5.214877633607e-03  -1.973740568546e-03  -3.342803535558e-03  -3.793043082803e-03   5.224647425247e-03   8.339051992797e-03   2.908195466955e-03   5.747550634404e-04   2.171793031639e-04  -8.921233429271e-04   3.542119723359e-03   4.222563354437e-02   6.740090610173e-02   2.350999681329e-02   4.640551688110e-03   1.757807784468e-03   4.234939556942e-03  -2.247291195597e-03
  -2.911306545024e-02  -4.755072786533e-02  -1.708595657566e-02   9.906596589191e-07  -7.911366356984e-07   1.214869527601e-01  -2.217616976834e-02   8.983063131362e-07  -1.825435342624e-07   8.187909359452e-02  -1.091657127124e-02   4.879575305717e-07   7.178441912842e-07   9.467717775939e-03  -6.415608398430e-04  -4.190221817787e-07  -2.166331857823e-07   2.837893609074e-07   1.272783288933e-07   1.614276064688e-03  -5.607614339310e-07  -2.796950632520e-03   6.674999838080e-03   1.143677520501e-02  -8.960004403294e-03  -2.305554015264e-06   9.460654953810e-07  -3.546051766358e-02  -1.439848111946e-02  -3.457254785022e-06   1.409547500612e-06  -3.682055922188e-02  -4.827530451165e-03  -3.477762738430e-06   1.543932827802e-06  -9.955865692360e-03   3.681725014426e-03  -3.214136393948e-07  -6.876213270819e-08   4.147454383200e-08   3.225155060707e-09  -6.981957241594e-04  -1.845723702582e-08   1.209294927640e-03   2.741527468469e-02   3.889187246654e-02  -7.232884369901e-04  -7.440306030107e-04   1.104906996380e-03   2.494217254634e-03   5.539899432606e-03   2.741647980454e-02   3.889379938290e-02  -7.223817580884e-04  -7.429914137544e-04   1.104874934203e-03  -6.044896231311e-03  -6.099270846649e-04   2.741562794993e-02   3.889372076254e-02  -7.228880031726e-04  -7.433086320203e-04   1.106515276267e-03   3.550837015649e-03  -4.929557975435e-03
   2.348826387393e-03   3.681971365015e-03   1.461736151204e-02   5.298993253345e-07  -1.052561842502e-06  -9.204317887196e-03   2.671057403904e-02   9.374059880212e-07  -1.726197440397e-06  -1.091657127124e-02   1.082282053943e-02   6.137529121290e-07  -9.852066755146e-07   7.473567501124e-04  -5.661696411483e-04  -8.848798884523e-08   1.209445628680e-07  -5.986570038465e-07   3.260311008224e-07  -3.116647574124e-03   5.750379508133e-07   5.398296718935e-03   1.010104396408e-03   1.760095252972e-03  -2.358286908542e-02   3.283291126878e-07  -3.685639429643e-07  -5.773924299404e-03  -3.626855044089e-02   5.085503846043e-07  -5.623048466584e-07  -9.008166463189e-03  -2.789111933692e-02   2.489856278874e-07  -2.780790424133e-07  -4.438168056906e-03  -1.746644700940e-03  -1.760128817988e-07   2.061290005605e-07  -5.187138946036e-08   2.269560765213e-10  -7.388990712362e-04   4.797311715726e-08   1.279814002699e-03  -6.297128591953e-03  -8.076152945239e-03  -2.044195375691e-03  -4.544923894979e-04   4.095783635728e-04  -2.114071320606e-04  -4.696897648864e-04  -6.297410394424e-03  -8.076745272216e-03  -2.044441514304e-03  -4.545192784977e-04   4.095852954885e-04   5.125354357504e-04   5.163111422948e-05  -6.300312798889e-03  -8.080924673399e-03  -2.045675217366e-03  -4.550138163278e-04   4.095159460293e-04  -3.013084751921e-04   4.182527048407e-04
  -2.958141174296e-07  -4.638624890454e-07   8.970188955132e-07   3.852957880960e-02  -3.120511325727e-08   1.261584909093e-06   1.167316945384e-06   6.080284785488e-02  -3.271418126897e-07   4.879575305717e-07   6.137529121290e-07   3.711964411449e-02  -8.608547538112e-07  -1.813562235114e-07  -6.516514928757e-08  -5.848038593099e-04  -2.525715430479e-07  -4.038542816675e-03   1.661362123099e-03  -4.623245261997e-03   5.560691379990e-07  -2.670522410170e-03   1.785186248921e-07   2.954220227761e-07   1.742517448029e-06  -3.954646282911e-03  -8.711480881047e-07  -8.786579895416e-07   2.712586222216e-06  -5.612668936087e-03  -1.328816570919e-06  -1.013562436605e-06   2.346061325289e-06  -9.099765583212e-03  -1.203698221441e-06   1.918705833152e-08   2.334083448062e-07  -7.566697842376e-03  -1.001571964905e-07  -1.083745448657e-03   2.610992126602e-05  -7.267914839489e-05   3.007004424785e-08  -4.208523855740e-05  -1.311038565109e-02  -2.105677070115e-02  -7.498901157574e-03  -1.524106949427e-03  -5.574661778364e-04   1.303262378830e-03  -2.054173974513e-03   3.177666710902e-02   5.103728039565e-02   1.817682937987e-02   3.693776639069e-03   1.351360467415e-03  -3.204028170794e-03  -5.480632591874e-04  -1.866517703851e-02  -2.998015220813e-02  -1.067747243586e-02  -2.169528761287e-03  -7.944368741636e-04   3.536393033264e-04   2.602217880731e-03
  -8.312143970041e-08  -2.148528160321e-07  -9.393257890901e-07  -3.116608253244e-08   3.853109005755e-02   7.560811574564e-07  -9.719834750669e-07  -3.271190304136e-07   6.080574288925e-02   7.178441912842e-07  -9.852066755146e-07  -8.608547538112e-07   3.712315580978e-02  -4.873926336364e-07   1.016884778284e-07  -2.525594089770e-07  -5.846288006128e-04   5.561305295000e-07  -5.339348599036e-03  -1.440460086647e-03  -4.039139707781e-03  -8.296861895722e-04  -3.914091656677e-07  -6.527651478064e-07  -2.912197199922e-06  -8.710815388672e-07  -3.955365233519e-03   1.913392874617e-06  -4.503824558962e-06  -1.328716646449e-06  -5.613734244182e-03   1.792857865456e-06  -3.889952401495e-06  -1.203613482660e-06  -9.100963985795e-03   3.267365026906e-07  -5.015512052200e-07  -1.002017794706e-07  -7.567411073077e-03   3.006288801120e-08  -8.394833200233e-05  -2.273844457501e-05  -1.083787014722e-03  -1.293459450199e-05  -2.912422425132e-02  -4.677775644546e-02  -1.666130675205e-02  -3.385511362766e-03  -1.238530630380e-03  -2.054159128620e-03  -2.334483641574e-03   3.206246180947e-03   5.149752213687e-03   1.833845270443e-03   3.730707734298e-04   1.363023173561e-04  -5.482542600586e-04   2.172899689416e-03   2.591585368285e-02   4.162711272425e-02   1.482688284420e-02   3.012771107742e-03   1.103059039648e-03   2.602394035954e-03  -1.384778985859e-03
  -6.195320706580e-03  -1.002317626447e-02   3.912962207970e-03  -3.976641983107e-07  -7.655156414132e-07   2.459320815344e-02   8.942462226736e-03  -9.841097821301e-07  -7.400901337730e-07   9.467717775939e-03   7.473567501124e-04  -1.813562235114e-07  -4.873926336364e-07   1.102698462260e-02   2.628249916949e-04  -4.887157829249e-07   1.350685067977e-08  -1.164001813314e-06   2.153454437923e-07  -1.832708033646e-03   1.013439876603e-06   3.174414233906e-03  -1.115993837649e-02  -1.824024797186e-02  -7.932812152921e-03  -9.343282358676e-06   7.650421604981e-06   5.191197013005e-02  -1.314208841459e-02  -1.416590281967e-05   1.160538260000e-05   3.926033418198e-02  -8.346546082508e-03  -1.267447648539e-05   1.045899495361e-05  -7.132150010098e-03   8.428442824756e-04  -1.393173099472e-06   1.295060718390e-06   3.335806428841e-07   9.650777819301e-09  -5.457718205297e-04  -2.502137277172e-07   9.452922726705e-04   3.282537333484e-03   6.088078659556e-03  -1.947056053333e-03  -1.912089611706e-03   5.584074050059e-04   5.656546150650e-04   1.256327954478e-03   3.281898722038e-03   6.087258096641e-03  -1.946812171960e-03  -1.911491724928e-03   5.584003770434e-04  -1.370734794302e-03  -1.383914024561e-04   3.280246091389e-03   6.083893090761e-03  -1.949975603983e-03  -1.911994898967e-03   5.588030815301e-04   8.050405654037e-04  -1.117734404811e-03
   2.200106887313e-04   3.679101674631e-04  -5.619216636136e-04  -4.740053038935e-08   1.000466207368e-07  -9.844053877912e-04  -1.157191851751e-03  -2.489075216607e-08   1.038434869726e-07  -6.415608398430e-04  -5.661696411483e-04  -6.516514928757e-08   1.016884778284e-07   2.628249916949e-04   7.429948477796e-05   5.970359661204e-08  -6.850285543676e-08   1.372925911346e-07  -2.808673294053e-08   1.191137370275e-04  -1.361975940355e-07  -2.062995910918e-04  -8.259543442068e-04  -1.354447162238e-03   1.714733693772e-03   1.077200668809e-06  -1.059064406130e-06   3.932115805311e-03   2.604817370896e-03   1.635619725764e-06  -1.607802615729e-06   3.590468073110e-03   1.939424372207e-03   1.466915511915e-06  -1.446007563652e-06   2.410236594579e-04   9.297636324341e-05   1.848626152329e-07  -1.854537727192e-07  -3.733749950634e-08  -1.116009442462e-09   4.896977753388e-05   3.645095467469e-08  -8.481723977407e-05   3.019952496258e-06   7.185208481132e-06   8.401265344363e-05  -4.137289321357e-05  -3.179274625244e-05  -1.537155072962e-05  -3.411815355200e-05   3.017610715907e-06   7.153698069034e-06   8.396776621430e-05  -4.139311055705e-05  -3.179593329879e-05   3.723108888137e-05   3.766832876016e-06   3.353216208331e-06   7.838944085638e-06   8.440015080641e-05  -4.119220702403e-05  -3.177963717937e-05  -2.184370589672e-05   3.032606822109e-05
   1.678744644760e-07   2.544467580924e-07  -1.130218441644e-07  -5.132492254400e-04  -2.926530791189e-07  -5.902614089769e-07  -2.590974260545e-07  -6.448242836440e-04  -4.482445887936e-07  -4.190221817787e-07  -8.848798884523e-08  -5.848038593099e-04  -2.525594089770e-07  -4.887157829249e-07   5.970359661204e-08   1.942920451573e-04  -1.108999680976e-07   4.921387642523e-04  -2.653063071072e-05   7.390575155562e-05  -1.341040591932e-07   4.263054442753e-05  -4.685938190505e-08  -7.640068456577e-08   3.743059222154e-07   4.253910554843e-03  -1.303760911061e-06   2.326597067752e-07   5.810969832731e-07   6.455053668433e-03  -1.983089572521e-06   2.888441136178e-07   4.086988797618e-07   5.779298594096e-03  -1.737485254089e-06   2.011552383036e-07  -6.725216224263e-09   7.654521617576e-04  -1.303079084291e-07  -1.406717754964e-04  -1.339210176658e-06   3.737414885568e-06   5.879586383237e-08   2.122935989265e-06   2.730642704334e-04   5.652676865952e-04   3.500190988514e-04   1.119580256198e-04   2.339869161639e-05  -2.510751572515e-05   4.525817744616e-05  -6.617645849663e-04  -1.370112779579e-03  -8.482243089432e-04  -2.712316238779e-04  -5.675096403697e-05   7.423268843458e-05   1.206732556313e-05   3.884763549496e-04   8.044744143828e-04   4.985376396496e-04   1.595647170711e-04   3.331990476060e-05  -4.238626665614e-06  -5.727324838720e-05
   1.356826913154e-07   2.307783799962e-07   7.066244167468e-08  -2.926562796034e-07  -5.129904059038e-04  -5.912258943197e-07   1.007537606729e-07  -4.482441902365e-07  -6.444752015131e-04  -2.166331857823e-07   1.209445628680e-07  -2.525715430479e-07  -5.846288006128e-04   1.350685067977e-08  -6.850285543676e-08  -1.108999680976e-07   1.942777465738e-04  -1.340552441829e-07   8.528321874181e-05   2.304381365471e-05   4.921181777300e-04   1.322624164695e-05   4.297146347984e-07   7.020514698895e-07  -1.039511402312e-07  -1.303362866958e-06   4.253801129401e-03  -2.013784220341e-06  -1.308790664394e-07  -1.982485814651e-06   6.454889829567e-03  -1.625104943917e-06  -1.385008885651e-07  -1.736942297901e-06   5.779136293128e-03   8.105900640133e-08  -3.195565188494e-08  -1.302493842105e-07   7.653906780684e-04   5.878128039351e-08   4.301734470553e-06   1.162619183119e-06  -1.406762878529e-04   6.613211139178e-07   6.061726821564e-04   1.255122642873e-03   7.773554108112e-04   2.486009627982e-04   5.198096605890e-05   4.522264266775e-05   5.500079574820e-05  -6.702178197718e-05  -1.385649348961e-04  -8.550698112015e-05  -2.729765645303e-05  -5.732292935313e-06   1.213616530978e-05  -4.424503150989e-05  -5.395081753936e-04  -1.117107536389e-03  -6.919265223903e-04  -2.213540737125e-04  -4.627502387943e-05  -5.730655559077e-05   3.407436571025e-05
  -1.502148409630e-08  -4.101981929867e-08  -8.829511558724e-07  -3.974840555701e-03   5.057443405658e-07   1.727906633254e-07  -1.589243231240e-06  -5.890310641409e-03   9.580005146689e-07   2.837893609074e-07  -5.986570038465e-07  -4.038542816675e-03   5.561305295000e-07  -1.164001813314e-06   1.372925911346e-07   4.921387642523e-04  -1.340552441829e-07   1.431523512166e-03  -1.817328296676e-04   5.055355617963e-04  -1.869240343955e-07   2.916353948029e-04   1.508595631617e-07   2.536433301226e-07   1.095001124900e-06   1.013509793472e-02  -3.203032083018e-07  -7.186819758580e-07   1.700180899632e-06   1.535132197258e-02  -4.811532347427e-07  -3.414314609997e-07   1.268618787837e-06   1.403893583816e-02  -5.022972481270e-07   4.951021212348e-07   3.796465483020e-08   2.319487970838e-03  -9.032617368589e-08  -2.473198131348e-04  -4.989467599673e-06   1.391887816357e-05  -1.036276825360e-09   7.942365440082e-06   1.580109073898e-03   2.831232914135e-03   1.352637452559e-03   3.694990160569e-04   9.447883409276e-05  -1.524036613267e-04   2.533642038130e-04  -3.829765640684e-03  -6.862571087300e-03  -3.278401712518e-03  -8.950988343398e-04  -2.291246458505e-04   4.034977453593e-04   6.762474244715e-05   2.250469545557e-03   4.032346086105e-03   1.926657857875e-03   5.263444142799e-04   1.346152798259e-04  -3.527773579753e-05  -3.208980531865e-04
  -8.030950532342e-08  -1.595498283063e-07   4.047610404433e-07   1.724142698859e-03  -5.541197543599e-03   4.777273680002e-07   6.624923635113e-07   2.720527577740e-03  -8.743473532768e-03   1.272783288933e-07   3.260311008224e-07   1.661362123099e-03  -5.339348599036e-03   2.153454437923e-07  -2.808673294053e-08  -2.653063071072e-05   8.528321874181e-05  -1.817328296676e-04   8.423029019211e-04   2.040506644989e-07   5.837613949262e-04  -7.049919102126e-08   1.258745462924e-08   2.174600238719e-08  -2.910342249171e-08  -1.857933813050e-04   5.962312379337e-04  -8.092799202672e-08  -5.067772549721e-08  -2.645658876256e-04   8.489374721117e-04  -2.475669480917e-07   7.411439294038e-08  -4.190867594642e-04   1.345727398534e-03  -2.288865314458e-07   7.349129091138e-08  -3.399999351234e-04   1.092614662130e-03  -4.816962945978e-05   1.326398720035e-05  -3.322679344106e-09   1.548486146436e-04   1.278420135704e-08   3.602957357737e-03   5.788487456053e-03   2.063554930812e-03   4.197780822609e-04   1.533831207998e-04   3.538741533474e-04   2.439461847112e-04   9.612373184758e-04   1.544325217161e-03   5.504928286551e-04   1.119373871233e-04   4.094313123203e-05  -6.459284924334e-05  -3.371249052335e-04  -4.563768158248e-03  -7.332481591208e-03  -2.614116272185e-03  -5.318437302748e-04  -1.944200113425e-04  -3.585614375889e-04   3.157201899729e-04
   3.778547934524e-04   5.578272568483e-04  -4.635307934901e-03  -4.798337049301e-03  -1.494970699979e-03  -1.099864260014e-03  -8.737764510611e-03  -7.571275431458e-03  -2.358905159660e-03   1.614276064688e-03  -3.116647574124e-03  -4.623245261997e-03  -1.440460086647e-03  -1.832708033646e-03   1.191137370275e-04   7.390575155562e-05   2.304381365471e-05   5.055355617963e-04   2.040506644989e-07   1.767698401761e-03   1.572234028691e-04  -1.602786820462e-03   1.233329168885e-03   2.080952338418e-03   7.730376026865e-03   5.156870441267e-04   1.606784902981e-04  -6.015918373411e-03   1.202688664312e-02   7.341938816192e-04   2.287625611924e-04  -3.253566080267e-03   8.987903134596e-03   1.164543117292e-03   3.627847051296e-04   2.286861147281e-03   3.606145511080e-04   9.460320044387e-04   2.947331275614e-04   1.341196843157e-04   5.915137884580e-09   2.959753084940e-04   4.178262668974e-05  -4.896580633198e-04   4.023028986482e-03   5.777603102396e-03   2.438188057475e-03   7.299013920987e-04  -7.880428616852e-05  -1.078715078367e-04   2.904356623989e-04  -2.823727419329e-03  -5.222004702024e-03  -1.482723501710e-03  -6.792250079293e-05  -3.702370476221e-04   4.816712840796e-04  -9.869919080523e-06   2.579346054331e-03   3.458171873898e-03   1.611353597953e-03   5.615560997801e-04  -1.403050558350e-04  -1.809464871366e-04  -2.205863964281e-04
   6.957230294315e-08   1.328389725209e-07   8.336834089780e-07   5.057051685263e-07  -3.975120448336e-03  -4.106673736620e-07   1.477804256404e-06   9.579374401199e-07  -5.890914681592e-03  -5.607614339310e-07   5.750379508133e-07   5.560691379990e-07  -4.039139707781e-03   1.013439876603e-06  -1.361975940355e-07  -1.341040591932e-07   4.921181777300e-04  -1.869240343955e-07   5.837613949262e-04   1.572234028691e-04   1.431631508047e-03   9.091536218274e-05  -1.025104649139e-07  -1.715436130979e-07  -7.681825370347e-07  -3.202864976421e-07   1.013528028511e-02   4.729222974748e-07  -1.195195570778e-06  -4.811273277942e-07   1.535159455103e-02   1.860711755134e-07  -8.752415490755e-07  -5.022691283597e-07   1.403923890825e-02  -4.216350710032e-07  -2.837293495977e-09  -9.030791168108e-08   2.319596590214e-03  -1.036196405423e-09   1.603313856805e-05   4.289509604129e-06  -2.473168491531e-04   2.547846943940e-06   3.510037571674e-03   6.289681132871e-03   3.004905855809e-03   8.203524318953e-04   2.099873045163e-04   2.533674567789e-04   2.962325738523e-04  -3.863049896481e-04  -6.921160635841e-04  -3.306662483605e-04  -9.039969968062e-05  -2.307393633662e-05   6.761904858921e-05  -2.596524691239e-04  -3.124408918523e-03  -5.598362043239e-03  -2.674930272772e-03  -7.306185738777e-04  -1.869065775319e-04  -3.208956247835e-04   1.790830590781e-04
  -6.541958872521e-04  -9.656991189170e-04   8.028708539455e-03  -2.771719819345e-03  -8.612513637558e-04   1.903609079657e-03   1.513447323754e-02  -4.373400387524e-03  -1.358948775821e-03  -2.796950632520e-03   5.398296718935e-03  -2.670522410170e-03  -8.296861895722e-04   3.174414233906e-03  -2.062995910918e-04   4.263054442753e-05   1.322624164695e-05   2.916353948029e-04  -7.049919102126e-08  -1.602786820462e-03   9.091536218274e-05   3.618749144116e-03  -2.136299290861e-03  -3.604501856652e-03  -1.338982163030e-02   2.985337415001e-04   9.219232849748e-05   1.042043970921e-02  -2.083182724913e-02   4.251025453011e-04   1.312247201452e-04   5.635877957047e-03  -1.556808403422e-02   6.734307475782e-04   2.085971977157e-04  -3.960984346534e-03  -6.246676681487e-04   5.464902256834e-04   1.697659493850e-04   7.742622371270e-05  -3.217620677866e-09  -4.896671298218e-04   2.408790223492e-05   8.614047537953e-04  -5.869760771387e-04   2.445507042174e-04  -5.686617960641e-04  -5.206927470125e-04   4.080974545347e-04  -4.125517799334e-06   2.971559557837e-04  -4.539999500118e-03  -6.106345871183e-03  -2.832542685560e-03  -9.811998668849e-04   2.398393217468e-04   1.369022685247e-04  -1.984390170586e-05  -1.418772670006e-03  -1.091389183776e-03  -1.044797015339e-03  -6.174201970169e-04   3.729141575871e-04  -2.147672050391e-05  -2.426171944752e-04
   3.025452869862e-04   3.332697979537e-04  -2.847805564688e-03   2.721016414954e-07  -3.213244188793e-07   4.067683233333e-04  -4.710281494009e-03   2.863262473795e-07  -4.375504367866e-07   6.674999838080e-03   1.010104396408e-03   1.785186248921e-07  -3.914091656677e-07  -1.115993837649e-02  -8.259543442068e-04  -4.685938190505e-08   4.297146347984e-07   1.508595631617e-07   1.258745462924e-08   1.233329168885e-03  -1.025104649139e-07  -2.136299290861e-03   3.155900269764e-01   2.855869996248e-01  -4.607188539357e-03  -2.824273665111e-08   1.112323737310e-07  -7.416122197718e-02  -4.917131831733e-03  -5.953496615817e-08   1.491820793352e-07  -6.424751744460e-02  -4.405053661917e-03  -5.181660252038e-08   1.841069076747e-07   4.404658829688e-03  -8.668866833609e-04  -7.022556092483e-08   6.933646103655e-08   6.670279500397e-09   1.154642322986e-09   1.611138654313e-04  -1.749754569542e-09  -2.790546354006e-04   8.905652501577e-04  -1.242849416839e-04   1.301441400565e-03   2.042093980693e-03  -1.835653901374e-04  -7.529039832054e-05  -1.672943210794e-04   8.905846538044e-04  -1.241246527996e-04   1.301406762930e-03   2.041799335377e-03  -1.835625862029e-04   1.825012588321e-04   1.841392911675e-05   8.902923207322e-04  -1.248869505381e-04   1.301453937562e-03   2.040829477217e-03  -1.838096794051e-04  -1.072348442316e-04   1.489185031484e-04
   4.576646809939e-04   4.890761888835e-04  -4.756586737274e-03   4.633637202173e-07  -5.478269000923e-07   8.433854325232e-04  -7.920344894711e-03   4.910246983191e-07  -7.465303687654e-07   1.143677520501e-02   1.760095252972e-03   2.954220227761e-07  -6.527651478064e-07  -1.824024797186e-02  -1.354447162238e-03  -7.640068456577e-08   7.020514698895e-07   2.536433301226e-07   2.174600238719e-08   2.080952338418e-03  -1.715436130979e-07  -3.604501856652e-03   2.855869996248e-01   2.683013522920e-01  -7.347923317071e-03  -5.124232995019e-08   1.871913342168e-07  -1.272905130290e-01  -8.623416269040e-03  -1.078234544014e-07   2.684685402137e-07  -1.075213104262e-01  -7.460412332195e-03  -9.282362486968e-08   3.177363552828e-07   6.901083556234e-03  -1.408459698429e-03  -1.185790736666e-07   1.199963012400e-07   1.197549749613e-08   6.276670206628e-10   2.346144433354e-04  -5.941341147065e-09  -4.063586588832e-04   1.518063625549e-03  -1.560081049189e-04   2.119336688207e-03   3.342119658031e-03  -2.989895740314e-04  -1.251102557478e-04  -2.779973487435e-04   1.518097773824e-03  -1.557370801593e-04   2.119283304294e-03   3.341637656542e-03  -2.989848657208e-04   3.032654544769e-04   3.059773547808e-05   1.517589024718e-03  -1.570524189768e-04   2.119348932911e-03   3.340046155658e-03  -2.994024185552e-04  -1.781966507377e-04   2.474651875146e-04
   7.414171225125e-03   1.269207073190e-02  -3.130963174749e-02   1.877646971464e-06  -2.209710040797e-06  -3.330195767539e-02  -6.147247760896e-02   2.990810490927e-06  -3.829450951410e-06  -8.960004403294e-03  -2.358286908542e-02   1.742517448029e-06  -2.912197199922e-06  -7.932812152921e-03   1.714733693772e-03   3.743059222154e-07  -1.039511402312e-07   1.095001124900e-06  -2.910342249171e-08   7.730376026865e-03  -7.681825370347e-07  -1.338982163030e-02  -4.607188539357e-03  -7.347923317071e-03   6.678501408895e-02  -1.609292562536e-07   6.559774322424e-07   2.194244472115e-02   1.031345468734e-01  -2.565293281492e-07   9.616963449077e-07   3.309679514148e-02   7.628385071058e-02   1.105313669790e-07   7.016227375463e-07   1.712865754782e-02   2.804531929806e-03  -1.173524314814e-07   4.736415376487e-07   1.488518552435e-08   1.165219233283e-08   2.324772679536e-03   4.683285094126e-08  -4.026634400209e-03   3.877422786770e-03   3.026499746658e-03   5.976507196360e-03   1.830462622296e-03  -1.645678443206e-03  -6.348389571172e-04  -1.410477605899e-03   3.877479247816e-03   3.027017876497e-03   5.976706962520e-03   1.830007111353e-03  -1.645683558147e-03   1.538864145243e-03   1.551637028807e-04   3.877582510199e-03   3.025261144594e-03   5.975698411412e-03   1.830439285916e-03  -1.646653986562e-03  -9.037720349462e-04   1.254815029982e-03
   7.583173278987e-08   8.234980846320e-08   3.968078719941e-07  -1.981238172352e-03  -6.946972430262e-07   1.770139242814e-08   6.164594917356e-07   6.131507768321e-04   3.472753005770e-07  -2.305554015264e-06   3.283291126878e-07  -3.954646282911e-03  -8.710815388672e-07  -9.343282358676e-06   1.077200668809e-06   4.253910554843e-03  -1.303362866958e-06   1.013509793472e-02  -1.857933813050e-04   5.156870441267e-04  -3.202864976421e-07   2.985337415001e-04  -2.824273665111e-08  -5.124232995019e-08  -1.609292562536e-07   9.535157681066e-02   3.180839537199e-07   2.246092362244e-07  -2.212013719729e-07   1.447874594722e-01   4.718897406372e-07  -1.430309889540e-07  -1.285539508710e-07   1.286104557901e-01   2.551961255752e-07   1.640344850584e-06  -1.744215688462e-07   1.544203802498e-02   7.095739708112e-07  -3.457117863189e-03  -2.378528142237e-05   6.611168109075e-05   3.956067725762e-08   3.814754021264e-05   2.901790839711e-03   7.532062634031e-03   6.051070606107e-03   2.154822868278e-03   3.907694564023e-04  -2.423873237076e-04   5.113007133959e-04  -7.032977289504e-03  -1.825422288546e-02  -1.466225407986e-02  -5.218748161857e-03  -9.467956922065e-04   8.786510031116e-04   1.362939954019e-04   4.130900365970e-03   1.072122227577e-02   8.616371515179e-03   3.069654638807e-03   5.560277204616e-04  -6.880780250775e-06  -6.464774365174e-04
  -2.001714153577e-07  -2.737412604999e-07  -1.120598158322e-07  -6.946918180472e-07  -1.980729806412e-03   5.658104369917e-07   6.530864782630e-08   3.472793337293e-07   6.128106658011e-04   9.460654953810e-07  -3.685639429643e-07  -8.711480881047e-07  -3.955365233519e-03   7.650421604981e-06  -1.059064406130e-06  -1.303760911061e-06   4.253801129401e-03  -3.203032083018e-07   5.962312379337e-04   1.606784902981e-04   1.013528028511e-02   9.219232849748e-05   1.112323737310e-07   1.871913342168e-07   6.559774322424e-07   3.180839537199e-07   9.535139571254e-02  -6.766577478111e-07   9.819735107953e-07   4.718903053695e-07   1.447871856397e-01  -2.224342141704e-07   6.940943694862e-07   2.551994602931e-07   1.286103776354e-01  -1.103836179485e-06   2.131278982144e-07   7.095860909035e-07   1.544189149123e-02   3.955997483858e-08   7.642562255977e-05   2.057203171066e-05  -3.457138961169e-03   1.188716045648e-05   6.445728839329e-03   1.672982854334e-02   1.343829445225e-02   4.782755400745e-03   8.677064728333e-04   5.108966740068e-04   6.623198112904e-04  -7.097870643343e-04  -1.842294717773e-03  -1.480150294040e-03  -5.272110875947e-04  -9.561835322346e-05   1.366476067835e-04  -4.587058047637e-04  -5.735525776642e-03  -1.488510439927e-02  -1.196198469463e-02  -4.260306852499e-03  -7.719088407629e-04  -6.464270210029e-04   4.249232468694e-04
  -7.939061746010e-04  -5.077799872097e-04   1.344966581559e-02  -1.411051487239e-06   1.674940902614e-06  -4.962526129757e-03   2.229943792107e-02  -1.510235135814e-06   2.268591724908e-06  -3.546051766358e-02  -5.773924299404e-03  -8.786579895416e-07   1.913392874617e-06   5.191197013005e-02   3.932115805311e-03   2.326597067752e-07  -2.013784220341e-06  -7.186819758580e-07  -8.092799202672e-08  -6.015918373411e-03   4.729222974748e-07   1.042043970921e-02  -7.416122197718e-02  -1.272905130290e-01   2.194244472115e-02   2.246092362244e-07  -6.766577478111e-07   3.845850622127e-01   2.890072485206e-02   4.346950550550e-07  -1.035188556661e-06   3.167756558547e-01   2.385195275511e-02   3.909884309876e-07  -1.143791513182e-06  -1.831240693672e-02   4.023094528730e-03   3.687221240188e-07  -3.874724902628e-07  -3.759835939501e-08   2.186389677143e-09  -5.218493049082e-04   3.050452585199e-08   9.038508382013e-04  -4.747907486383e-03  -4.710048623891e-05  -5.903260235927e-03  -9.528369807614e-03   8.055066367709e-04   3.250406491392e-04   7.222980555830e-04  -4.748022706073e-03  -4.790605428138e-05  -5.903114085293e-03  -9.527006556199e-03   8.054935547809e-04  -7.879243661427e-04  -7.949056910349e-05  -4.746333146159e-03  -4.374744916684e-05  -5.903194497386e-03  -9.522400044538e-03   8.067007317317e-04   4.630156940220e-04  -6.430242125194e-04
   1.162704716645e-02   2.006350163761e-02  -4.842172791164e-02   2.923336600661e-06  -3.393306728000e-06  -5.300683388652e-02  -9.515392463416e-02   4.654330051337e-06  -5.893701522923e-06  -1.439848111946e-02  -3.626855044089e-02   2.712586222216e-06  -4.503824558962e-06  -1.314208841459e-02   2.604817370896e-03   5.810969832731e-07  -1.308790664394e-07   1.700180899632e-06  -5.067772549721e-08   1.202688664312e-02  -1.195195570778e-06  -2.083182724913e-02  -4.917131831733e-03  -8.623416269040e-03   1.031345468734e-01  -2.212013719729e-07   9.819735107953e-07   2.890072485206e-02   1.593519694083e-01  -3.564909705720e-07   1.438658085036e-06   4.713407587219e-02   1.177545230676e-01   2.109404869704e-07   1.037106447309e-06   2.689524519243e-02   4.234651204400e-03  -1.843769252664e-07   7.272629815113e-07   2.264640159726e-08   1.786424501087e-08   3.613747915943e-03   7.214344601351e-08  -6.259210121556e-03   5.718249920527e-03   4.187982028092e-03   9.341491792841e-03   2.978884182439e-03  -2.572067449318e-03  -1.018724011426e-03  -2.263367588272e-03   5.718370375029e-03   4.188847609493e-03   9.341816601007e-03   2.978153050303e-03  -2.572072615649e-03   2.469389956117e-03   2.489969684542e-04   5.718528035588e-03   4.186090522223e-03   9.340272774569e-03   2.978761850715e-03  -2.573611741783e-03  -1.450278555869e-03   2.013594792480e-03
