ARMA_MAT_TXT_FN008
145 145
   4.378240696843e-01  -5.629047134331e-01  -4.951748037063e-01  -2.800851497306e-01  -2.841507691016e-01  -2.816574346026e-01   3.717713573884e-05  -2.944000140138e-01  -2.946225698535e-01   3.477621731622e-01   3.694160742773e-01  -4.710127842127e-05  -5.960513484309e-01   3.782760520062e-01   4.043248449277e-01  -5.141995179041e-05  -5.278581922474e-01   2.946148480198e-01   3.128688885736e-01  -3.999546051027e-05  -3.925349257977e-01   1.967424428491e-01   2.078881387443e-01  -2.666324134848e-05  -5.134852319184e-02   7.339419966708e-06   2.725339208460e-02   5.540233222171e-06   1.389467200940e-02  -3.864084283108e-04   2.794071430627e-04   1.844723048295e-03   2.573938250146e-03  -3.769824394391e-07  -3.651223357074e-02   1.167120225413e-01   4.262033626586e-03  -8.080461692531e-06  -1.619531290871e-01   3.325538175875e-01  -7.873636842602e-03  -2.153345688337e-05  -1.961747112472e-01   2.599346277120e-01  -3.916500391112e-03  -1.697407252986e-05  -8.543523653530e-03  -1.315065890090e-06   6.727884530542e-02   1.623904524436e-05  -1.283357394144e-01  -6.309317543887e-03  -5.536370779298e-03  -5.815314367360e-02  -1.181943612219e-01  -5.762773531180e-03   1.950506798069e-03   1.748872013591e-07   3.451770378504e-03  -1.604576589827e-02  -1.081167478171e-01  -1.511097019298e-01   4.383088123084e-03  -1.610201256017e-03   1.569342594157e-03   3.450592734254e-03  -1.604171877135e-02  -1.081065582206e-01  -1.511038732235e-01   4.380085688691e-03  -1.609156223111e-03  -1.568988566296e-03   2.174045817720e-05   2.103063998680e-07  -2.872717617601e-05  -4.587107230882e-05  -2.406351641338e-03  -3.285106289020e-02   3.638388113690e-04  -2.249056023017e-05   3.186964873809e-08  -1.100611068418e-03   6.003443442370e-05  -9.555593841052e-08  -3.179417308894e-03  -2.286730481430e-05  -2.365208663241e-07  -2.506149327815e-02  -3.536066770844e-03  -1.265419136406e-06  -1.636541172924e-01  -3.119454294697e-02  -6.807965914491e-06  -1.202931215858e-01  -2.255097862066e-01  -4.477907494876e-02  -9.102574168544e-06  -1.788589329774e-03  -7.799841002351e-08   3.366093193268e-03  -5.623655874430e-07  -5.955175042712e-03  -1.639565837902e-05   3.645482734412e-05   5.183951153566e-04  -1.110665463229e-04   5.185423841621e-08  -1.177476992422e-04  -2.046760205283e-03   1.363747127950e-03  -7.102868430402e-08  -2.620256561933e-02  -7.222834823631e-02   3.794671677625e-02  -3.279785806972e-06  -1.020789679478e-01  -1.845333406148e-01   9.431673822235e-02  -8.177152344844e-06   2.458692289647e-03   1.353383550592e-07   1.508999991646e-03  -1.706895511971e-07  -1.510126099544e-03  -4.523634561059e-04  -3.069576658407e-04  -5.480992183285e-03  -4.617213572570e-02   4.530092789787e-05  -1.830949876502e-05   2.199420634676e-08   4.787292561005e-04  -4.040505461542e-03  -5.663410559747e-02  -1.166590513469e-01  -8.277526242966e-04   6.404511210215e-04  -2.018983096559e-05   4.787057065043e-04  -4.039302520757e-03  -5.662832161356e-02  -1.166542661203e-01  -8.273966671905e-04   6.402088351660e-04   2.019086458531e-05
  -5.629047134331e-01  -6.328488864613e-01  -5.939221768811e-01  -3.917901998241e-01  -4.917347235530e-01  -4.894148487838e-01   6.485540224448e-05  -1.492114712750e+00  -1.412500482428e+00   3.165277215328e-01   3.454951080926e-01  -4.356561848821e-05  -1.280418597562e+00   2.908772318573e-01   3.587340784405e-01  -4.279042328102e-05  -9.200802436420e-01   1.478553835859e-01   2.357786303008e-01  -2.526026581306e-05  -5.976409719347e-01   1.036394784525e-01   1.496616950731e-01  -1.579384706226e-05  -8.364945931533e-02   1.405102691497e-05   6.656722664425e-02   1.212899808649e-05   1.460558953711e-02  -6.075810404060e-02  -6.118206097114e-02   8.516599433165e-02   3.372625573390e-03  -6.256173177880e-06  -1.809163720249e-01   2.744446883150e-01  -3.995535093595e-02  -1.632033893586e-05  -3.415169944808e-01   5.031012037582e-01  -1.121441396569e-01  -2.665456972919e-05  -3.225415714656e-01   3.349670361336e-01  -6.036282788316e-02  -1.805534647367e-05   9.092348908455e-02  -4.068675239842e-06   1.124171422250e-01   1.857453485903e-05  -1.733259726454e-01  -4.830964409632e-03  -3.537186403606e-02  -1.569588567308e-01  -2.148202467155e-01   1.349615247563e-02   8.476114909620e-03  -7.221086562786e-07  -1.904434318664e-02  -7.476304815255e-02  -2.021228488258e-01  -2.416454606434e-01   4.021066416892e-02  -1.809437878027e-02   2.758444924893e-02  -1.903943932852e-02  -7.475361944755e-02  -2.021129230333e-01  -2.416402714579e-01   4.020254073752e-02  -1.808902761919e-02  -2.758589120112e-02  -5.480140856383e-03  -5.966849049794e-03  -6.964995463480e-03  -1.317321876577e-02  -4.095827620004e-02  -7.175053597404e-02  -1.772795690537e-03  -8.783259213662e-04  -6.294340625338e-08  -1.217343505039e-02  -3.994708421026e-04  -6.405002840285e-07  -4.678391049020e-02  -4.878870231904e-03  -2.349590905255e-06  -8.371497527298e-02  -1.123307737681e-02  -4.133695007736e-06  -1.675971381643e-01  -3.703635210912e-02  -6.112586746581e-06  -1.535336093921e-01  -2.667189039040e-01  -6.695033078939e-02  -7.728393830413e-06  -9.518717232949e-03  -4.585032990300e-07   1.682996329652e-02  -2.683060624790e-06  -2.667773645934e-02  -9.525361124546e-04  -1.071510821485e-03  -5.646437852559e-03   3.252000406017e-03  -4.299327566433e-07  -1.410614780658e-02  -2.395036528116e-02   1.540679789599e-02  -1.484415195143e-06  -5.197514107465e-02  -9.733392983738e-02   5.459154436658e-02  -4.202330210294e-06  -1.436313910783e-01  -2.519596438198e-01   1.063555655533e-01  -7.784493872058e-06   1.735917387547e-02   8.874451767760e-07   1.026600481179e-02  -1.351165017546e-06  -5.111104954463e-03   1.962485874074e-04  -4.256714559591e-04  -1.382730774719e-02  -6.800516526429e-02  -3.260131222922e-05  -5.036404943745e-04  -5.715122126505e-08  -4.727014778773e-03  -2.225459529362e-02  -8.759281342169e-02  -1.695346579274e-01  -8.942130733739e-03   9.826694134454e-03   5.960787136345e-03  -4.725666771531e-03  -2.225112650217e-02  -8.758738043636e-02  -1.695303241553e-01  -8.940220155935e-03   9.824609496367e-03  -5.960844928667e-03
  -4.951748037063e-01  -5.939221768811e-01  -5.578168023978e-01  -4.363873510789e-01  -3.616574133518e-01  -3.632457789311e-01   4.860441502442e-05  -1.317882820485e+00  -1.248783169899e+00   1.180235956261e-01   1.325147837233e-01  -1.666887856132e-05  -1.187021442233e+00   1.238173438808e-01   2.130832671001e-01  -2.242043989249e-05  -8.887823209411e-01  -1.784033211360e-02   2.301613887476e-01  -1.365365490759e-05  -6.070362979897e-01  -2.307747240264e-02   1.467626351542e-01  -2.538050184668e-06  -5.492562730198e-02   1.090966018589e-05   6.753340341317e-02   1.179493590590e-05  -6.938432071144e-03  -4.056738424759e-01  -3.874365444478e-01   1.073325586326e-01   1.286983457802e-02  -8.654667381316e-06  -4.490836442292e-01   2.468936826867e-01  -3.326384461091e-02  -1.584161309799e-05  -5.069286650484e-01   4.116123511456e-01  -1.118410802991e-01  -2.147904844565e-05  -3.960980866239e-01   2.788731962068e-01  -6.345605124343e-02  -1.229114725455e-05   1.213285205052e-01  -1.465511992696e-06   8.830497746882e-02   1.219790922158e-05  -1.216824580008e-01  -5.354975817267e-02  -1.431367903776e-01  -2.729474299186e-01  -2.834985738933e-01   7.401533326704e-02   6.120710262035e-02  -8.097212685044e-07  -1.101707909504e-01  -1.981811602605e-01  -3.036182823931e-01  -3.027397180780e-01   4.267398374959e-02  -6.086821903956e-02   9.460614579059e-02  -1.101594426577e-01  -1.981699231287e-01  -3.036105812976e-01  -3.027366946298e-01   4.266895792576e-02  -6.085791917061e-02  -9.460925462063e-02  -2.604208042186e-01  -3.176615993475e-01  -3.467058784597e-01  -3.529209987132e-01  -3.382148066014e-01  -2.834951371123e-01  -5.451390236554e-02  -1.093754861538e-02  -2.566139553191e-06  -6.985368948940e-03   2.751282131496e-03  -3.856331052392e-07  -1.487707645787e-01  -2.130909721035e-02  -7.172455946595e-06  -1.518787926469e-01  -3.596207008160e-02  -7.391975070817e-06  -1.560121591582e-01  -7.780407726871e-02  -6.005077984867e-06  -2.522774217626e-01  -2.339465112613e-01  -9.724570040079e-02  -5.540267349268e-06  -1.066234307069e-02  -4.770812124047e-07   1.680092736974e-02  -1.966229046892e-06  -1.052266201062e-02  -9.670738104112e-02  -9.413197257990e-02  -4.761736769820e-02   2.139514534563e-02  -2.937024719778e-06  -1.381106861509e-01  -7.329841081235e-02   5.060543858871e-02  -4.960048445990e-06  -1.783972991332e-01  -1.081128433551e-01   1.366052043528e-01  -6.212011242164e-06  -2.279679647301e-01  -2.333499581756e-01   1.535739476271e-01  -6.467998025684e-06   1.389174119247e-02   6.323484471396e-07   7.669254589389e-03  -1.815002255653e-06   1.956556411427e-02  -4.005375428067e-03  -2.814151372928e-02  -8.041628801130e-02  -1.336163229554e-01  -1.984940238265e-02   5.939389216985e-03  -6.573372328354e-07  -5.956798448682e-02  -9.458581327718e-02  -1.605189100287e-01  -2.317129567382e-01   2.488476427882e-03   2.777706791069e-02   4.049935942073e-02  -5.956186851482e-02  -9.458006606071e-02  -1.605141066524e-01  -2.317100625364e-01   2.487900204335e-03   2.777519459178e-02  -4.049920724569e-02
  -2.800851497306e-01  -3.917901998241e-01  -4.363873510789e-01  -3.920883840376e-01  -1.976370290173e-01  -2.031544780123e-01   2.714920540430e-05  -7.562405835280e-01  -7.181824147108e-01   3.464695231492e-02   3.308650530369e-02  -4.699095924080e-06  -7.354235083243e-01   3.254168901680e-02   8.714094304095e-02  -8.192741651356e-06  -6.027406539784e-01  -7.940266893869e-02   1.654875699008e-01  -5.234594816626e-06  -4.684049507938e-01  -4.073191954059e-02   1.457795477603e-01   1.685012525174e-06  -1.764328487900e-02   4.683501304198e-06   3.719292276762e-02   6.189017125227e-06  -1.158649330680e-02  -4.497167601775e-01  -4.298288885812e-01   3.564429237421e-02   1.317479283625e-02  -3.638447099290e-06  -4.856928837824e-01   1.139691065637e-01  -1.037979183834e-02  -7.908634241093e-06  -4.816487796079e-01   2.284625300540e-01  -5.946587121835e-02  -1.215270380486e-05  -3.473802247079e-01   1.895436785749e-01  -3.744482383355e-02  -6.441959383095e-06   6.863273856816e-02  -5.151107680375e-07   4.455786131161e-02   6.084545775087e-06  -5.740114833399e-02  -1.133710854497e-01  -1.998263419809e-01  -2.788742459431e-01  -2.556901063716e-01   8.896437598687e-02   9.095090419149e-02   7.175889329738e-07  -1.513257921771e-01  -2.324331012925e-01  -2.948032915243e-01  -2.694713542526e-01   2.996198430968e-02  -7.375482074385e-02   1.135142285530e-01  -1.513190460874e-01  -2.324263533292e-01  -2.947987829906e-01  -2.694702692726e-01   2.995705529222e-02  -7.374519216816e-02  -1.135186815570e-01  -5.034938631578e-01  -6.143127010940e-01  -6.645962323168e-01  -6.595631785801e-01  -5.827807122380e-01  -4.614477450102e-01  -3.685688416830e-02  -8.636592715193e-03  -1.724958285282e-06  -4.063803623822e-03   4.138924070557e-03  -2.587631895458e-07  -9.870958862018e-02  -1.427159726630e-02  -4.813607428487e-06  -1.023911424879e-01  -4.610525951609e-02  -4.990991271489e-06  -1.061259163038e-01  -1.364776368454e-01  -3.988036678371e-06  -3.356285089162e-01  -1.546289331216e-01  -1.409942417257e-01  -3.017636172786e-06  -5.681117781357e-03  -1.596610218186e-07   1.293716566688e-02  -7.454363211346e-07   8.511946547227e-03  -2.700088154149e-01  -2.591176142431e-01  -4.685076272595e-02   1.352011695336e-02  -2.604704494153e-06  -3.042979559756e-01  -6.872432401927e-02   4.778379556669e-02  -4.222423462576e-06  -3.291792414432e-01  -8.366301367664e-02   1.889432405016e-01  -5.280651389176e-06  -3.070850276767e-01  -1.540003417154e-01   1.842477958396e-01  -4.366835604835e-06   2.160857227889e-03   2.372101730851e-07   2.931987155712e-03  -1.164714929549e-06   2.694915719707e-02  -5.068110388866e-02  -1.078603746426e-01  -1.817217725889e-01  -2.077031639842e-01  -6.830114701376e-02   2.177276353226e-02  -9.248369381645e-07  -1.184256819538e-01  -1.722096041527e-01  -2.374777275687e-01  -2.720880989998e-01   3.299646736591e-02   3.868667361538e-02   8.232966960721e-02  -1.184206447278e-01  -1.722049520593e-01  -2.374741778593e-01  -2.720865891139e-01   3.299626332034e-02   3.868484424721e-02  -8.232914355098e-02
  -2.841507691016e-01  -4.917347235530e-01  -3.616574133518e-01  -1.976370290173e-01   1.013536760523e+00  -3.588146860787e-01   4.643883220701e-05  -1.482674494402e+00  -1.408402897501e+00   7.187698664560e-02   4.110942184859e-01  -5.444456002270e-05  -9.160666491983e-01  -1.409494257569e-01   6.591533097956e-02  -8.488072965534e-06  -5.901072384688e-01   4.072848531383e-02   1.058830078177e-01  -1.271683843747e-05  -3.670686018802e-01   2.309937127546e-02   1.033973165088e-01  -1.370274319504e-05   3.146447772860e-01  -6.188236522203e-05  -1.584860458699e-01  -3.817314181338e-05  -1.819388748136e-01  -8.897485633025e-03  -9.877015897383e-03   9.856538688986e-02  -5.226071339657e-03  -6.993637874298e-06  -1.543007807475e-01   2.897560011922e-01  -4.721652860033e-02  -1.950337653315e-05  -2.339377873937e-01   3.281244758406e-01  -9.553723705826e-02  -1.954018240368e-05  -1.906466259811e-01   1.823582565451e-01  -4.345722333394e-02  -1.227525295712e-05   9.067876225590e-02  -5.315592569627e-06   1.213780587013e-01   2.579043877178e-05  -1.883513536507e-01   4.490748016701e-03  -1.701010434833e-02  -1.041062992326e-01  -1.265702560310e-01   8.373336865380e-03  -9.440325633944e-04  -7.322401292920e-07  -4.687959253225e-03  -5.207251329127e-02  -1.272955732718e-01  -1.369993655147e-01   3.804428203749e-02  -1.328957666754e-02   1.778782841258e-02  -4.685074380495e-03  -5.206286211294e-02  -1.272884970941e-01  -1.369958095935e-01   3.803229104910e-02  -1.328373219752e-02  -1.778721266673e-02   4.250952404517e-04  -3.232278084595e-04  -1.266073270409e-03   1.461671594820e-03   2.095820853943e-02   3.014910398002e-02  -2.834161798335e-03  -5.893286795839e-05  -1.608194371064e-07   9.491712066822e-03   4.004424362134e-04   5.301259284805e-07   2.742578981169e-02   2.431293201698e-03   1.492223234832e-06   6.772988125036e-02   9.673186722370e-03   3.759340711249e-06  -4.418511994708e-02  -1.160812630766e-02  -5.556300763721e-07  -3.873189239412e-02  -1.223294086004e-01  -3.128979446559e-02  -2.419382946112e-06   1.020154041321e-02   5.434400516305e-07  -1.688554501096e-02   2.923018789339e-06   2.680683152679e-02   2.251707942536e-05   8.812794225220e-05   1.755607169828e-03  -1.515056052689e-03   2.474164447993e-07   5.811753005574e-03   1.324948228299e-02  -9.643083433060e-03   9.718235671155e-07   1.279288600022e-02  -1.903342849456e-03  -1.047122517842e-02   8.150326916605e-07  -4.296420720294e-02  -1.205289889307e-01   3.387720591451e-02  -2.810181705648e-06  -1.259765927583e-02  -7.012333257213e-07  -6.878799447222e-03   8.625651798533e-07   2.685374757973e-03  -1.281056634215e-04  -3.171043321207e-04   3.570955752522e-03  -1.545297647754e-02  -1.707035591101e-04   5.505695381649e-04   6.356101065725e-08   7.900650495919e-04   9.591766348168e-03  -9.705090674924e-03  -6.319434590967e-02   2.860431032675e-03  -3.849196451892e-03  -2.118574348629e-03   7.896578725290e-04   9.589721629186e-03  -9.703670412449e-03  -6.319251212336e-02   2.859583266179e-03  -3.847939395189e-03   2.118310582668e-03
  -2.816574346026e-01  -4.894148487838e-01  -3.632457789311e-01  -2.031544780123e-01  -3.588146860787e-01   1.000275919868e+00   4.769446766294e-05  -1.556809443998e+00  -1.480329008017e+00   3.922786565889e-01   1.024237087565e-01  -5.534409927242e-05  -9.632419660401e-01   2.369447316502e-02  -1.403561031939e-01  -5.925022578309e-06  -5.996064162472e-01   6.546759695824e-02   4.426164890796e-02  -1.012340763126e-05  -3.719931495914e-01   8.572846483290e-02   3.036504236092e-02  -1.229273240778e-05   3.230538606851e-01  -4.350881794914e-05  -1.916372451413e-01  -6.517419602590e-05   1.615752179096e-01  -5.821029134704e-04   4.141360813892e-04  -6.508773628785e-03  -4.680935444175e-03   2.768103540104e-07  -2.300754173871e-02   8.976391797540e-02  -5.886657589159e-02  -4.886984689516e-06  -1.537865133695e-01   3.117064640384e-01  -1.236746328967e-01  -1.606419955781e-05  -1.669607210731e-01   1.955404905684e-01  -7.940177772347e-02  -1.033071380137e-05   1.023297251236e-01  -6.881468879589e-06   5.977119760773e-02   1.053557152342e-05  -8.058213475598e-02  -1.529763307844e-03  -8.827478006072e-03  -7.846470552805e-02  -1.157258041101e-01  -1.552918278936e-03   6.451335191168e-04   9.323845652421e-08   3.081846553859e-03   3.482318596775e-03  -7.541099580145e-02  -1.147781507026e-01  -1.002476309998e-02   4.498231257498e-04  -4.808115986708e-03   3.079938894950e-03   3.480378085690e-03  -7.540748780179e-02  -1.147762233447e-01  -1.002184104898e-02   4.497795526550e-04   4.807858382330e-03   1.550487338894e-04  -1.171687318872e-04  -4.624883096818e-04   4.618937817545e-04   5.131351885083e-03   2.356123745643e-03  -1.106510038809e-03   2.701296991747e-04  -5.477054119489e-08   3.520783330611e-03  -8.051586251020e-04   1.725883411306e-07   8.634510093139e-03  -2.038566791687e-03   4.200912335632e-07   1.631610100106e-02  -8.105990037364e-03   8.093823872143e-07  -5.514558449398e-02  -2.967997546890e-02  -1.208678277630e-06  -5.777130008153e-02  -1.323816493018e-01  -5.526800594556e-02  -2.988753265588e-06  -3.863416178054e-03  -1.822754547855e-07  -2.768212068459e-03   5.547522446136e-07   6.821877085713e-03  -2.737100568597e-05  -3.105188419653e-05  -8.922042209923e-04   7.344203316889e-04  -9.210084941297e-08  -2.585153171343e-03  -7.542883215548e-03   3.241590990157e-03  -4.472017763510e-07  -1.839263803486e-02  -4.686398694031e-02   7.386205391807e-03  -1.461986317097e-06  -7.234061975959e-02  -1.501646800120e-01   3.358752382072e-02  -3.852782518457e-06   2.937287056502e-03   1.333841465860e-07   3.336933689547e-03  -5.886351794545e-07  -4.778163352005e-03   6.863742147597e-04   4.405869618454e-04  -4.348417870829e-03  -3.214317437023e-02   2.830708946168e-04   3.513657412947e-04  -1.198855470785e-08  -8.908402125627e-04  -1.006226113728e-02  -4.559598531363e-02  -9.235204360787e-02  -3.743591473123e-03   2.504134532248e-03   1.657595522549e-03  -8.904725084449e-04  -1.006007966153e-02  -4.559332798424e-02  -9.234969329942e-02  -3.742369588621e-03   2.503221602423e-03  -1.657416547067e-03
   3.717713573884e-05   6.485540224448e-05   4.860441502442e-05   2.714920540430e-05   4.643883220701e-05   4.769446766294e-05   1.366342893021e+00   2.003429077275e-04   1.904012356307e-04  -5.339992999734e-05  -5.657853180087e-05  -3.460441728733e-01   1.237159079646e-04  -5.824933556768e-06  -8.602713237538e-06  -2.070688740824e-01   7.828138291396e-05  -9.910865597176e-06  -1.258998171754e-05  -4.366798228529e-02   4.896970923914e-05  -1.241065296489e-05  -1.348619270183e-05  -6.725146372046e-02  -6.443732699195e-05  -1.670895170086e-01   6.177344202761e-05  -1.726353178440e-01   9.917031885676e-07   6.236042538636e-07   6.244889174564e-07  -6.788628780108e-06   1.997869485023e-07  -1.096163301292e-02   1.169333985687e-05  -2.821934413170e-05   4.160646755523e-06  -4.863095448678e-02   2.547910602507e-05  -4.589121387262e-05   1.090429230723e-05  -5.779816391159e-02   2.370192816228e-05  -2.797065863830e-05   5.552482838102e-06  -3.875947714922e-02  -8.401357478160e-06  -1.796212291299e-02  -1.971134096490e-05   7.903838975641e-02   2.388206839548e-05   2.350287288154e-07   1.063012908791e-06   1.002784341700e-05   1.495773292577e-05   2.511322756696e-07  -7.349038422986e-09  -1.580454875820e-03   1.268220837514e-03  -1.429765023236e-02  -1.596040811340e-02  -8.580186301281e-03   1.519250756563e-02  -6.404663447008e-03   3.225587760397e-03  -1.269191694024e-03   1.430317119090e-02   1.598879960114e-02   8.614581676926e-03  -1.519397580138e-02   6.404876860381e-03   3.229306045729e-03   4.951910974632e-09  -3.802607594765e-09  -1.444608413479e-08   2.886197362441e-08   7.013872048610e-07   2.113313530197e-06  -2.894879847732e-08  -5.122161266702e-09   3.973503104885e-04   1.348765732143e-07   2.204947779806e-08  -1.237044133653e-03   7.012268278116e-07   1.188192298252e-07  -3.146843816834e-03   3.024171735597e-06   5.431096466534e-07  -1.018286087893e-02   9.569736659771e-06   2.715782140675e-06  -1.381056134841e-02   9.443788598261e-06   1.999495135378e-05   5.648601348118e-06  -1.797719615942e-02   5.375850538661e-07  -9.031230167811e-04  -1.255241280969e-06  -5.760882178740e-03   1.568311545450e-06   3.309238455041e-09  -3.208136574540e-09  -3.604512796243e-08  -6.418032996025e-08  -1.915479194738e-05   1.588894754337e-07   6.198325192196e-07  -4.770986212532e-07  -1.476470453289e-03   2.181294665680e-06   5.869777167358e-06  -2.462000250249e-06  -1.112568371901e-02   9.518860934407e-06   1.952197782568e-05  -7.083031450315e-06  -1.866746023063e-02  -6.362179339846e-07   1.406507722371e-03  -5.530109014346e-07  -1.805460071340e-03   3.666522641539e-07   3.408424380001e-08   2.429937470921e-08   4.582414553254e-07   4.131112476432e-06  -2.272763843104e-08  -1.388029772979e-08   4.430348274727e-05  -3.043112981196e-04  -4.780233461969e-03  -8.858819024615e-03  -6.755129650998e-03  -1.890017315294e-03   1.531825731311e-03   1.955627747890e-04   3.041451726128e-04   4.780782210254e-03   8.869172609834e-03   6.778472698359e-03   1.890049577614e-03  -1.531796519986e-03   1.957932139608e-04
  -2.944000140138e-01  -1.492114712750e+00  -1.317882820485e+00  -7.562405835280e-01  -1.482674494402e+00  -1.556809443998e+00   2.003429077275e-04  -1.758143270644e+01  -2.200297783185e+01  -5.601363947908e-03   3.083247182216e-02  -1.613099557848e-06  -8.144248846916e+00  -2.183171088358e-03   1.399600673798e-02  -7.621072535846e-07  -3.529611223423e+00  -6.926653747333e-04   5.724691063038e-03  -3.299574074572e-07  -1.595827246832e+00  -1.879448219529e-06   2.050234571211e-03  -1.391859835931e-07  -6.583414227758e-04  -1.322991744777e-08  -1.050643532525e-03  -1.637716269565e-07   8.613919540700e-04  -3.402373838855e-04  -2.353470417290e-04   1.216562850516e-02  -5.840860397540e-03  -4.204764563478e-07  -2.139978889033e-01   6.619982607622e-01  -3.227626812941e-01  -2.272993565604e-05  -8.523868823351e-01   1.531759893389e+00  -7.469717723434e-01  -5.258550069452e-05  -7.203497579957e-01   7.208910788818e-01  -3.514152790589e-01  -2.475883918417e-05   6.114253412842e-01  -2.101650001966e-05   4.480053963682e-01   4.303693509894e-05  -4.779289456255e-01  -1.090462154582e-04  -4.503642841955e-02  -4.197967964733e-01  -5.043815730399e-01   3.250369163136e-03   2.708950130957e-04  -5.142027653873e-08   8.092487298375e-05  -3.306285383214e-02  -3.793056210032e-01  -4.866217282652e-01   1.495732832698e-03  -1.218977467730e-03   8.339551718988e-04   8.091934577477e-05  -3.306214667994e-02  -3.793029458548e-01  -4.866205089441e-01   1.495646671336e-03  -1.218876972732e-03  -8.340586578085e-04   6.345519567531e-07  -5.923545656170e-07  -2.026764646739e-06   2.406338419849e-06   1.152640028310e-05  -2.985661078268e-03  -1.380680309339e-06   3.011436081755e-07  -1.009782005959e-10   5.131072422933e-06  -6.167287021274e-07   2.937404526139e-10   8.192900286677e-06  -1.349033525964e-06   5.115898193454e-10  -7.998092505430e-05  -2.500634029327e-05  -7.743337947997e-10  -1.159083288818e-01  -4.125801939466e-02  -9.682598846934e-07  -1.667462237079e-01  -4.252469396014e-01  -1.516109839994e-01  -3.534575824930e-06  -7.518095133397e-06  -2.642294941173e-10   5.742678883714e-06  -4.702676875578e-10  -8.975094195451e-06   5.340286397275e-07   3.746444868505e-07  -8.877698400700e-06  -2.320043069272e-06  -5.198344743816e-10  -6.842519717357e-06  -3.801057318305e-05   1.305865639336e-06  -9.631804609948e-10  -1.477993921005e-02  -6.411173248970e-02   1.416812744930e-02  -7.110563038144e-07  -2.083984153606e-01  -5.052949630366e-01   1.115450397605e-01  -5.606883625514e-06   7.448347100387e-06  -5.794870092430e-11   5.832375167057e-06  -3.822143128116e-10  -1.454731905756e-05   5.737757604601e-06   7.083557641827e-06  -2.803085792391e-03  -8.550232004002e-02   1.071181713296e-06  -3.179516596480e-06  -7.145406709685e-11  -6.944259170854e-06  -4.464667737571e-04  -8.850208710873e-02  -2.906808759509e-01  -2.120636082477e-05   8.516851508076e-06   5.792502951196e-06  -6.943341652812e-06  -4.464371226887e-04  -8.849994221194e-02  -2.906783755587e-01  -2.120706530721e-05   8.516785588904e-06  -5.792807383946e-06
  -2.946225698535e-01  -1.412500482428e+00  -1.248783169899e+00  -7.181824147108e-01  -1.408402897501e+00  -1.480329008017e+00   1.904012356307e-04  -2.200297783185e+01  -1.651273727931e+01  -5.362314471669e-03   2.916597023129e-02  -1.519003903632e-06  -7.390171988679e+00  -9.941519113868e-04   7.415484697259e-03  -4.149891051825e-07  -3.318141409741e+00   1.789465334286e-04   2.209066260493e-03  -1.587773548212e-07  -1.512204844961e+00   6.298931273123e-04   4.850022184016e-04  -8.061584855828e-08  -4.293948108104e-04  -1.831972042248e-07  -2.878106135926e-03  -4.450263784063e-07   1.609351619998e-03  -2.655121427007e-04  -2.545467941195e-04   1.161420300773e-02  -5.552855710492e-03  -3.943060217355e-07  -2.072963152240e-01   6.368092506537e-01  -3.107393888270e-01  -2.183633254437e-05  -8.081552154967e-01   1.447393649589e+00  -7.064444275611e-01  -4.964079913339e-05  -6.837654552961e-01   6.839367865156e-01  -3.337940388737e-01  -2.346249863410e-05   5.913900682966e-01  -2.029705941629e-05   4.328975476368e-01   4.152679141426e-05  -4.613615230446e-01   2.420808256885e-04  -4.343411629043e-02  -3.988428713744e-01  -4.790606891371e-01   3.270827700644e-03   3.919346751792e-05  -5.826125058968e-08   2.512760484560e-04  -3.188368255317e-02  -3.602430401751e-01  -4.620744817945e-01   1.537401217781e-03  -1.124829300611e-03   6.619460173866e-04   2.512849692880e-04  -3.188300181380e-02  -3.602405329637e-01  -4.620733400185e-01   1.537334102504e-03  -1.124748487984e-03  -6.620477614138e-04   1.549777742691e-06  -1.319771639147e-06  -4.971101818937e-06   4.827181171788e-06   3.543151336979e-05  -2.894543852168e-03  -1.361250892130e-05  -2.712828046358e-07  -3.571380331022e-10   4.127766762596e-05   1.293934472530e-06   1.046077877984e-09   8.343020684042e-05   3.509237174697e-06   2.129760408788e-09   1.760616581782e-05  -2.110439980954e-05   1.786691643749e-09  -1.107804243715e-01  -3.950160521935e-02  -9.217075699976e-07  -1.586971458293e-01  -4.040708405077e-01  -1.442329097791e-01  -3.351349965101e-06  -3.931204261614e-07  -5.770379555043e-11  -1.999139505235e-06   3.505564320957e-10  -2.304077683245e-06  -9.943404534081e-08   2.426106268756e-06   3.670587502863e-05   2.150104476035e-06   1.411229632034e-10   3.132590709886e-05   1.372336911525e-05   6.889562653360e-06   2.568111549321e-10  -1.429172042050e-02  -6.176151986256e-02   1.361586840158e-02  -6.819847776428e-07  -1.983819969500e-01  -4.802870823884e-01   1.058492094706e-01  -5.320920579821e-06   3.066870867708e-06  -3.371260276294e-10   2.623076861873e-05  -1.196111082390e-10  -3.853782729001e-05  -1.515295034170e-05  -1.125176936906e-05  -2.720728070836e-03  -8.147497646075e-02   2.653666004860e-06   6.419685476677e-06   3.878152372655e-12   2.677195702420e-05  -4.459967471413e-04  -8.471853617121e-02  -2.765521890436e-01  -4.865356355617e-05   3.969092262526e-06  -1.303023164850e-05   2.677167597291e-05  -4.459684638378e-04  -8.471649701201e-02  -2.765498187540e-01  -4.865407905785e-05   3.969785194515e-06   1.302981320227e-05
   3.477621731622e-01   3.165277215328e-01   1.180235956261e-01   3.464695231492e-02   7.187698664560e-02   3.922786565889e-01  -5.339992999734e-05  -5.601363947908e-03  -5.362314471669e-03   1.701944764514e+00  -1.859760659909e-03  -8.135205675166e-06   2.303097480152e-03  -8.169817304376e-01  -4.930362072611e-03  -6.182940376065e-06   3.092820453304e-03  -7.525511570781e-01  -4.713737068147e-03  -2.812557465212e-06   9.179799828146e-03  -2.897153309491e-01  -6.803097323466e-03  -1.396992427950e-06   9.558124513137e-02  -5.182137902858e-06   4.274833639771e-03  -4.196652086090e-06  -2.810311571433e-02  -4.554413466109e-03  -5.577475910282e-03   1.397645871019e-01  -7.201560126826e-02  -5.384355352562e-06  -2.053824224314e-01   3.453512057228e-01  -2.146082909319e-01  -1.624696430830e-05  -1.772324998581e-01   9.932708624506e-02  -1.400649851179e-01  -1.095242966136e-05  -4.103881087803e-02  -5.487282718734e-02  -2.585602152670e-02  -2.152903292104e-06   3.014795064449e-01  -1.484429357808e-05   1.794178054187e-01   2.321681938188e-05  -1.268033438216e-01   4.858129011263e-03  -5.026989521983e-02  -1.011167360142e-01  -3.918022325668e-02   4.019639289133e-02  -4.157432678798e-03  -9.844789196604e-07   3.778227076766e-03  -2.895755622381e-02  -6.434929264019e-02  -2.351287739316e-02   2.085970594558e-02  -1.306868912081e-02   4.775208837765e-03   3.777375633286e-03  -2.895689743728e-02  -6.434744558430e-02  -2.351207949042e-02   2.085861283854e-02  -1.306747253954e-02  -4.776392421793e-03  -8.096596899681e-05   5.630716641503e-05   2.352869102140e-04  -1.791629798633e-04  -1.265691746442e-03   5.141608839780e-03   5.341711105362e-04   1.098133615301e-05   1.633803944049e-08  -1.602564718063e-03  -5.063844287938e-05  -4.785011817967e-08  -3.123016088986e-03  -1.127861169536e-04  -9.321294511954e-08  -1.937245442059e-03   4.211719616294e-04  -8.235602287381e-08   5.606847513623e-02   2.176420206883e-02   6.937128329264e-07   3.966722029013e-02   6.501426896180e-02   3.060693024824e-02   8.360735695101e-07   1.434495178434e-04   2.853742827052e-09  -1.951380017921e-04   2.569394686391e-08   6.670091828862e-04   2.613629343428e-05  -6.079868319301e-05  -9.391206159572e-04   8.687979811216e-05  -6.713787438504e-09  -9.025216748326e-04  -3.188841925536e-04  -2.340467223847e-05  -1.004552307508e-08   1.314028433393e-02   4.390970975148e-02  -1.214291808950e-02   5.378534958738e-07   4.234608487181e-02   6.352447135938e-02  -2.397262551031e-02   9.209790365179e-07  -1.108497237044e-05   1.425399104836e-08  -7.411062086607e-04   1.660116409372e-08   1.413784880396e-03   4.201298410872e-04   3.534087856635e-04   2.833347102831e-03   1.996564199382e-02  -1.469088977718e-04  -2.520580973728e-04   2.115224444589e-10  -6.050717471600e-04   2.081426797367e-03   3.588087001555e-02   4.070978322345e-02   1.238249640552e-03  -1.441254770490e-04   2.809981571803e-04  -6.050595307984e-04   2.081348642484e-03   3.588014827470e-02   4.070951657507e-02   1.238249088118e-03  -1.441186628268e-04  -2.810006272762e-04
   3.694160742773e-01   3.454951080926e-01   1.325147837233e-01   3.308650530369e-02   4.110942184859e-01   1.024237087565e-01  -5.657853180087e-05   3.083247182216e-02   2.916597023129e-02  -1.859760659909e-03   1.648146467431e+00  -3.869202450076e-06   1.304892875715e-02  -4.813890759480e-03  -8.612393518143e-01  -2.599389604787e-06   1.630798964625e-02  -4.418986830331e-03  -7.789442795701e-01  -8.893537717958e-07   1.026350490882e-02  -6.745896166183e-03  -3.116064039483e-01  -1.077064977834e-07   1.562923782076e-02  -6.053325640736e-06  -5.166963489660e-02  -5.495302963465e-06  -2.802214679313e-02   2.255483155010e-03   2.866165238711e-03  -7.642003828422e-02   2.226742187926e-02   2.280439813469e-06   1.021767339547e-01  -2.255803060559e-01  -6.310812621579e-04   7.018578149308e-06   9.467079801931e-02  -1.598033855731e-01  -1.247020509642e-01   4.916888152075e-06   2.857544154579e-02  -3.610112037032e-02  -9.648527669909e-02   1.085543795741e-06   3.073418543779e-03  -4.746773938774e-07  -9.531982422186e-02  -1.317674442089e-05   2.476682034668e-01   4.823100028794e-03   1.158662853452e-04  -8.446452342065e-03  -4.793469714899e-03  -1.200324479935e-03  -2.037459236424e-04  -5.001599307598e-08  -5.944759457405e-03   2.280910583840e-02   6.239320895808e-02   3.099033384309e-02  -1.705081295784e-02   8.867186340876e-03  -4.650987295245e-03  -5.944615542938e-03   2.280755744770e-02   6.238983578883e-02   3.098878797229e-02  -1.704978933038e-02   8.866558596251e-03   4.651880906494e-03  -6.793335533995e-05   4.729330275730e-05   1.966059435870e-04  -1.508613414832e-04  -1.068464888325e-03   2.367403331414e-03   4.662114177229e-04  -2.987460888424e-05   1.897759547489e-08  -1.399249985950e-03   7.302691037001e-05  -5.540125314883e-08  -2.738232277692e-03   1.391458329474e-04  -1.069698784714e-07  -2.109881266221e-03   3.719471577078e-04  -9.492630011205e-08   2.873939238149e-02  -1.324288499717e-03   5.275066803955e-07   1.771502230402e-02   3.954332516904e-02  -1.824378530004e-02   6.797660391196e-07   4.782321987714e-05   3.702965347011e-09  -2.138336577781e-04   4.073841341610e-08   3.588791579080e-04  -1.247916619327e-05   3.801872572795e-05   7.318434678423e-04   3.577024561531e-04   1.269757265102e-08   4.602959704581e-04   3.329796961366e-04   5.848693169837e-04   6.523357486708e-09  -2.831021207131e-03  -1.135144278657e-02  -5.041678504616e-03  -4.837814920731e-08  -7.362660038961e-03  -1.832431798691e-02  -3.460656431847e-02  -5.007160472464e-08   7.198909928154e-04   2.354455103866e-08   7.294362872769e-04   2.089235550217e-10  -3.766088173932e-04  -5.513924819421e-04  -3.399510475128e-04  -5.997174891183e-04  -4.096121987771e-03   1.006159722059e-04  -1.928507359555e-05   3.650751081624e-09   6.260036102450e-04  -1.084970973399e-03  -1.496155707332e-02  -1.417387519361e-02  -1.038569759931e-03   9.551814186105e-05  -2.162694982527e-04   6.259951435539e-04  -1.084908584040e-03  -1.496124360204e-02  -1.417370297203e-02  -1.038518550387e-03   9.553377323411e-05   2.162447423592e-04
  -4.710127842127e-05  -4.356561848821e-05  -1.666887856132e-05  -4.699095924080e-06  -5.444456002270e-05  -5.534409927242e-05  -3.460441728733e-01  -1.613099557848e-06  -1.519003903632e-06  -8.135205675166e-06  -3.869202450076e-06   1.585450807080e+00  -1.011784739313e-06  -6.174394629113e-06  -2.592547040424e-06  -9.076331137486e-01  -1.267509253268e-06  -2.750305088231e-06  -8.295755811837e-07  -7.979788235450e-01  -1.366526766103e-06  -1.290114363772e-06  -5.363144471450e-08  -3.212416453486e-01  -5.078383933962e-06   3.808706825789e-02  -8.098184804836e-07  -5.551756508864e-03   7.689772308212e-07   1.513223030362e-07   1.877013550826e-07  -5.330954033274e-06   2.279970186992e-06  -1.629059694834e-02   7.002589043475e-06  -1.575613133894e-05   6.655968398257e-06  -1.163789462613e-01   5.614099610732e-06  -9.838674440726e-06   3.918221894623e-06  -2.076229334552e-01   8.184132159768e-07  -1.475370192202e-06   5.169294605184e-07  -1.158057486102e-01  -1.266637309516e-05  -1.084473182539e-01  -1.913670097335e-05   2.088357353955e-01   1.223435754926e-05   4.803449093308e-07   8.704737080742e-07   8.421192636256e-07  -1.751165287766e-07  -2.493834771096e-07   2.106536779019e-08  -3.188643575571e-03   8.905167803595e-03  -1.358745869872e-02  -4.539895185337e-02  -2.295556222634e-02   1.107008332052e-02  -8.055497469788e-03   2.687596333900e-03  -8.906050700544e-03   1.358948678948e-02   4.540437131429e-02   2.295718529840e-02  -1.107178161150e-02   8.056305309857e-03   2.689125065894e-03  -7.434188748059e-11  -1.216697431042e-10  -1.206777507147e-10   6.312054239874e-10   1.640709115590e-08   6.550015407435e-08  -1.002961175865e-08   3.110537347733e-09  -1.013541082249e-04   2.948117475158e-08  -8.826970614496e-09   2.952897868352e-04   6.519523749399e-08  -1.613197081469e-08   5.677365991239e-04   1.084616928545e-07  -5.530831550073e-09   4.492424601700e-04   4.690952812726e-07   3.313735875093e-07  -1.177364886515e-02   2.310703842402e-07   4.410059533141e-07   4.145021379610e-07  -3.341842921859e-02   1.648258105230e-08   1.199312078925e-04   1.488562533731e-08  -2.385279334610e-04   2.030229877701e-08   1.758920726552e-09  -3.438961286410e-09  -5.361402351113e-08   1.496387347511e-10   9.748287276205e-04  -3.902833117473e-08   9.480987793959e-09  -1.903463006941e-08   1.145761238933e-03   2.909843837222e-07   9.896129133671e-07  -1.881659818964e-07  -7.413761940956e-03   4.941184756500e-07   9.005572595211e-07  -1.269885606081e-07  -3.933489931148e-02  -7.273957440122e-08   9.133682252097e-05  -7.382733381147e-08  -3.064760632920e-04   9.280470501132e-08   4.861662488017e-08   3.628346181081e-08   6.244926741408e-08   2.140784730428e-07  -1.405019700617e-08   7.540886404537e-09   3.764863220144e-04   3.275327417912e-04  -1.425608698258e-03  -1.516502412996e-02  -1.560095082209e-02  -1.385184041476e-03   1.552269516966e-04  -2.677242764374e-04  -3.276265467396e-04   1.425710374450e-03   1.516617390023e-02   1.560163231795e-02   1.385346706649e-03  -1.552906549166e-04  -2.677023420261e-04
  -5.960513484309e-01  -1.280418597562e+00  -1.187021442233e+00  -7.354235083243e-01  -9.160666491983e-01  -9.632419660401e-01   1.237159079646e-04  -8.144248846916e+00  -7.390171988679e+00   2.303097480152e-03   1.304892875715e-02  -1.011784739313e-06  -3.882279834950e+00  -2.893520816511e-03   6.999786959572e-02  -4.407490721615e-06  -2.484981347573e+00  -3.955477482200e-03   5.972459767202e-02  -3.681860226813e-06  -1.413813309995e+00   6.010098198796e-03   1.877889690352e-02  -1.741916526117e-06  -2.597075354653e-02   7.091999889135e-06   6.281822822405e-02   1.083468261214e-05  -2.816399870876e-02  -3.534116317491e-02  -3.885563451717e-02   1.895893336664e-01  -9.125745241474e-02  -6.349006372374e-06  -3.689461099574e-01   7.070137116845e-01  -3.425742098107e-01  -2.412472543749e-05  -8.008566944763e-01   1.235016377714e+00  -5.918094359139e-01  -4.291266241024e-05  -6.939904457848e-01   6.660806070803e-01  -3.178150527618e-01  -2.333047106417e-05   4.840569326661e-01  -1.630829198533e-05   3.534111645743e-01   3.387213441920e-05  -3.760460498781e-01   6.946946812401e-05  -9.763120754537e-02  -4.211886586491e-01  -4.942326293818e-01   6.175519421004e-02   1.110909966451e-03  -1.019220345151e-06  -7.912417290371e-05  -8.004317501674e-02  -3.883379677225e-01  -4.794493444223e-01   3.419634988868e-02  -2.614657870613e-02   1.631944970790e-02  -7.872437249723e-05  -8.004164959669e-02  -3.883348793168e-01  -4.794478697096e-01   3.419532619132e-02  -2.614508873650e-02  -1.632200127073e-02   3.950476127689e-05  -3.011957898591e-05  -1.207049194925e-04   1.032704707053e-04   7.768263593275e-04  -8.882147664822e-03  -3.464814069108e-04  -8.446316881114e-06  -9.500548839225e-09   1.039016578078e-03   3.553473623452e-05   2.791921572410e-08   2.095571780445e-03   8.667953752283e-05   5.735271271505e-08   7.044698683383e-04  -5.250094234235e-04   5.178888434232e-08  -1.477888615719e-01  -5.163882829854e-02  -1.524177091369e-06  -1.781810359312e-01  -4.245259053414e-01  -1.496198023699e-01  -3.959152734705e-06  -7.736059627224e-06   1.761517626145e-09  -2.521301485248e-05   8.036337953994e-09  -1.202838251148e-04  -1.675653532951e-05   5.875749502350e-05   1.055340948341e-03   9.846562581271e-05   1.486869558202e-08   7.862118695296e-04   2.104366804780e-04   3.132220693308e-04   1.735252881411e-08  -2.673973302243e-02  -9.662467733575e-02   2.198326949898e-02  -1.142852881703e-06  -2.168346847935e-01  -4.948107242390e-01   1.114064089353e-01  -5.805657022506e-06   1.534293262801e-04  -6.628624532228e-09   8.654700999875e-04  -1.067294222325e-08  -1.249784038204e-03  -4.676825187450e-04  -3.740589938744e-04  -5.529686681547e-03  -9.238036375637e-02   8.960622621541e-05   2.210320895989e-04   2.558742187889e-09   7.383332462872e-04  -4.059423524646e-03  -1.086779045668e-01  -2.953732630883e-01  -1.413309500926e-03   1.468045933017e-04  -2.876806692494e-04   7.383122397959e-04  -4.059239320838e-03  -1.086753807775e-01  -2.953706464520e-01  -1.413271210370e-03   1.468070395989e-04   2.876731893315e-04
