ARMA_MAT_TXT_FN008
145 145
   3.777567883995e-02   5.267804509870e-02   6.783133200313e-03   7.590471046748e-03   6.954384079962e-03   5.773917209297e-03  -8.263846921625e-07  -7.143136602141e-03  -1.189206065796e-02  -2.864442305554e-02  -3.118147332975e-02   3.961172057262e-06   3.254472443287e-02  -4.416138163531e-02  -4.825945244649e-02   6.120007525287e-06   8.887405682319e-03  -2.729051663518e-02  -3.466225608169e-02   4.133253141444e-06  -1.702423502842e-03   1.134266008495e-03  -5.530841804154e-03   3.067889024183e-07   3.605457874405e-03  -5.760825037706e-07  -1.842405211409e-03  -2.976583612407e-07  -2.122078605660e-03   1.428990917687e-03   2.509485546750e-03   5.527270403423e-03   3.103420204843e-04  -3.456341864132e-07  -7.352058079648e-03   8.834285804379e-03  -1.234268967144e-03  -4.156152599028e-07  -7.758467639579e-03   6.507970907048e-03   9.097743547713e-04  -6.151285745779e-07  -4.080321327944e-03   2.079643079639e-03  -3.158012860235e-04  -1.788637476509e-07   3.767221231737e-03   4.406793190471e-08  -6.616868469072e-05  -3.494379246726e-07   2.491170798208e-03   4.652274832151e-03   1.115869044829e-02   8.058226532737e-03   7.161751178486e-04  -4.553677325611e-04  -3.284965509118e-04  -2.977710526182e-08  -1.896882427720e-03  -3.996146966787e-03  -2.572767743396e-03  -1.298621250656e-03   4.577497706107e-04  -2.569405336329e-05   2.931302789911e-04  -1.896064306563e-03  -3.994360764441e-03  -2.571810898616e-03  -1.298256789352e-03   4.577079025555e-04  -2.558278646205e-05  -2.930778640999e-04  -6.571140958484e-05  -1.933981673206e-04   4.106083663072e-04   8.843488887642e-04  -1.869266786985e-03  -1.051742611705e-03   9.957089019085e-04   2.285572343373e-04  -4.751078458761e-08   2.405904778387e-04   6.841625920793e-05  -1.210724371465e-08  -9.678133034728e-04  -2.430215218721e-04   2.801025626403e-08  -1.516918586149e-03  -1.136594558977e-04   7.474911270416e-08  -2.494058860330e-03   3.705846778719e-05   2.587533398738e-08  -5.246612025357e-04  -6.233446055576e-04   7.198518147694e-04  -1.041630470976e-07   1.168040304683e-04   4.597647485993e-09  -3.187311714065e-04   5.492379026669e-08   7.490360526860e-04   1.986049446307e-04   3.478782536525e-04  -5.283703293945e-04   1.796986762183e-04  -5.655462846886e-08  -1.053538995864e-03  -8.603776283303e-04   4.371945024325e-04  -9.343946848641e-08  -1.056291287968e-03  -4.511447661192e-04   5.514625897625e-05  -1.407207958967e-07   7.215867765697e-05   1.208004802520e-03   7.512755590935e-04   1.232964917257e-07  -1.654153224959e-04  -1.111858759098e-08  -2.043810040548e-04   2.168100094644e-09   3.260702843583e-04   2.679655707923e-04   4.356935702560e-04   2.898780418259e-04   1.580179999228e-03  -8.680606418457e-05   1.270739753024e-05  -1.581736026794e-09  -3.730721357026e-04   9.727501253456e-05  -2.191449164328e-04  -1.775160701146e-03   5.982279333508e-05  -6.608094729932e-05  -4.187755340160e-05  -3.730088009310e-04   9.725894107283e-05  -2.191722299960e-04  -1.774665988534e-03   5.978549693607e-05  -6.605097163956e-05   4.187217832071e-05
   5.267804509870e-02   7.706711290276e-02   1.174450720415e-02   1.360030227321e-02   9.656676067608e-03   7.554111171833e-03  -1.248186584009e-06  -3.451734313836e-03  -5.652604412756e-03  -4.187172078795e-02  -4.910037370131e-02   4.930267121519e-06   1.390562179141e-02  -6.471432597726e-02  -7.548044892959e-02   7.584687855040e-06  -1.691646727056e-02  -4.003805688766e-02  -5.612907645670e-02   4.816231086889e-06  -2.418215589949e-03   9.915267853365e-04  -8.871539941647e-03   1.337791945806e-07   5.251376014805e-03  -7.793508444728e-07  -2.573845386447e-03  -4.145132207537e-07  -3.312742713614e-03   2.148039052364e-03   3.728540972463e-03   1.144110383427e-02   2.304651643808e-03  -8.003922143009e-07  -1.056879029560e-02   1.856416883709e-02   7.787815664720e-04  -1.117149433024e-06  -7.044212255570e-03   1.042794690059e-02   4.310806080049e-03  -1.021290914221e-06  -1.031374508245e-02   4.040351801328e-03  -3.950974302217e-04  -2.071327948562e-07   7.112061862573e-03   3.564569046877e-08   2.166997517753e-04  -3.762350092987e-07   3.254404995961e-03   1.040836464476e-02   2.186696347227e-02   1.479972992503e-02   1.523427467232e-03  -8.602226258736e-04  -6.974220153191e-04  -6.515403596875e-08  -3.371776059786e-03  -7.727054906256e-03  -4.086504478566e-03  -1.664873203803e-03   8.673710338910e-04  -3.376191068381e-05   6.470141830881e-04  -3.370242712307e-03  -7.723986113658e-03  -4.085048747409e-03  -1.664055232306e-03   8.673052896663e-04  -3.355253548422e-05  -6.469156418001e-04  -2.835415015963e-04  -8.208639463782e-04   1.620881776147e-03   3.071615739951e-03  -4.960031780050e-03  -4.053817707425e-03  -1.121455756139e-03  -1.097277914839e-03   1.573830096324e-07  -2.617336164609e-04  -2.494712192875e-04   3.712251771316e-08   5.025630926523e-04   6.255215116408e-04  -1.160519707385e-07   2.482206104639e-03   2.147928325952e-03  -2.651003159615e-07  -7.333806104458e-04   8.423109248850e-04  -1.872821395056e-07   1.224719782640e-05  -1.400638131765e-03   1.371875479529e-03  -2.184131317693e-07   2.681538323611e-04  -6.096212385557e-09  -6.200810143706e-04   8.241699178404e-08   9.236330360715e-04   1.793859278669e-04   3.272601998217e-04  -7.009734355407e-04  -2.561881168427e-04  -1.254302302942e-07  -1.060230927021e-03  -9.776557679586e-04  -3.356106284353e-04  -2.110471080952e-07  -5.253401256563e-04  -8.130611585390e-04  -6.413621090162e-04  -2.544260930902e-07  -2.195253349087e-03  -6.654632093433e-04   2.179391546723e-03   3.503042847035e-07  -3.831401190133e-04  -7.833673151269e-09  -3.221929506554e-04  -5.100899275680e-09   3.299213689531e-04   3.338899142307e-04   6.478013556960e-04  -8.171654558071e-05  -1.105858456727e-04  -1.108418812396e-04  -1.253628762065e-05  -3.077897051432e-09  -6.241017571230e-04  -2.917277799947e-04  -1.040640839019e-04  -1.679292932066e-03   4.996806491117e-05  -1.102789612736e-04  -1.744236471652e-05  -6.239515302933e-04  -2.916999395797e-04  -1.040559356930e-04  -1.678035877160e-03   4.991762527494e-05  -1.102400216278e-04   1.743698756526e-05
   6.783133200313e-03   1.174450720415e-02   5.146334562794e-03   1.441013372865e-03   1.598286060759e-03   3.810222748581e-04   4.806231890659e-07   1.980595013091e-03   3.637573276869e-03  -1.754159517544e-03  -1.268393878352e-02   6.924282058632e-06  -1.175847136346e-02  -2.643716722982e-03  -1.934974733884e-02   1.073603267111e-05  -1.744600971794e-02  -8.733621353217e-04  -1.610347665147e-02   9.694587653223e-06  -6.024374619958e-03  -1.866771883053e-03  -1.296700498014e-03   1.359688614130e-06   4.282054304881e-04  -4.772412645665e-07  -6.258127399922e-04   7.901370466238e-08  -4.384983187135e-04  -6.324985338108e-04  -1.149334378160e-03   2.183482962554e-03   6.992174450764e-03   1.525328851939e-06   3.170209097489e-03   2.845145823695e-03   1.073069578665e-02   2.706725674429e-06   4.202610681419e-03   1.114120240253e-03   7.531298433566e-03   1.150908598286e-06   3.383678089743e-04   3.032853159809e-04   4.426121941160e-04  -2.464151543535e-07   1.704779799710e-03   1.306953988060e-07  -1.097568118446e-03  -7.149508622714e-07   1.311585024867e-03   7.213106855664e-03   1.244331296352e-02   5.840695076457e-03   7.867760594495e-05  -7.485403024759e-04  -5.618852083651e-04   4.856660350055e-08  -3.036865506924e-03  -5.606756250421e-03  -2.702048744758e-03  -4.427063939247e-04   2.424989770327e-04   2.081936886328e-04   3.904794041745e-04  -3.037855775301e-03  -5.607250810032e-03  -2.701182460625e-03  -4.429843412492e-04   2.424339012383e-04   2.081340168663e-04  -3.905451047278e-04  -1.433877822652e-04  -3.714682975887e-04   3.762525972033e-04   2.063768966091e-04   1.515950617794e-03   4.770006337418e-03  -4.790300584015e-03   9.200387634991e-03  -1.455579913265e-06  -1.165888720650e-03   2.255733703747e-03  -3.519797058178e-07   2.747767232463e-03  -6.199573649127e-03   9.576143294398e-07   7.079141316388e-03  -1.459089724068e-02   2.332967143557e-06   3.929740345902e-03  -4.657194317768e-03   1.331183401823e-06   8.413120935514e-03  -5.138065506673e-05   2.879774001166e-03  -6.263769294799e-08   1.119778856164e-04   1.240153810946e-07   8.087988846030e-04   5.293590682977e-08   1.799247922270e-03   7.728690991841e-04   1.317411801368e-03   1.012204670988e-04   4.159302150036e-03   6.058197263487e-07  -3.203802251247e-03   4.198950249544e-04   8.039818548808e-03   9.782041749487e-07  -5.053775419346e-03  -6.899132799487e-04   5.684601081833e-03   6.292210351032e-07  -9.400734444312e-03  -3.604613667034e-03   2.560463188832e-03  -5.024041178677e-07  -2.875706528468e-04  -3.116413029232e-08   6.321829835911e-04   1.025556093409e-07   1.117821427159e-03   6.706705765506e-04   1.456977672109e-03   7.848688339680e-04  -3.162647367108e-03  -4.655287868469e-05   2.405754587695e-04   2.433623176465e-08   5.738399472264e-04   1.241388405113e-03   1.888406069459e-03   1.672142193504e-03  -2.151667209743e-05   2.072448450925e-04   4.008235572668e-05   5.730007883700e-04   1.240191774466e-03   1.888194424785e-03   1.670787645150e-03  -2.149051468061e-05   2.073106883867e-04  -4.014966421875e-05
   7.590471046748e-03   1.360030227321e-02   1.441013372865e-03   2.490918464899e-02   1.353188655700e-03   1.127347600529e-04   1.409380369371e-06   3.179623498535e-03   5.306609425181e-03  -5.982535689327e-04  -1.509076320159e-02   1.588561773025e-05  -1.552842039245e-02  -1.167766394855e-03  -2.314463844279e-02   2.465668226221e-05  -2.096742810856e-02   2.621725891611e-03  -1.831576926355e-02   2.266672590913e-05   1.445591048818e-03   2.202653154873e-03  -3.224637126972e-03   3.402418490480e-06   2.832599867643e-04  -1.004033971034e-06  -6.747417274193e-04   2.671591346696e-07  -8.415129389067e-04   3.350620053994e-03   5.220388557915e-03  -4.554559188179e-03   1.843641380537e-03   3.622623198781e-06  -1.232113830583e-02  -7.686087747230e-03   2.388895964916e-03   6.368712209036e-06  -9.407981003072e-03  -4.713973165089e-03   1.005779915097e-03   2.590846990886e-06  -1.317770430258e-02   6.139811213626e-03   1.797588866294e-04  -1.123074451449e-06   3.744242393113e-04   2.284797625288e-07  -5.284736391067e-04  -1.631893913844e-06   1.751047327636e-03  -3.146586707266e-03  -2.554564769117e-03   2.088047090445e-03  -1.425709715807e-03   4.217588409995e-05   5.897273558539e-04   1.791676946914e-07  -4.247789960812e-03  -7.075451980188e-03  -9.065589133797e-04  -1.533536574023e-03   8.129611342156e-06  -3.071668569135e-04   7.204697632207e-04  -4.250691175345e-03  -7.077595726952e-03  -9.051831901352e-04  -1.533985662636e-03   8.008500308603e-06  -3.073793879442e-04  -7.207111356726e-04   2.108416913163e-03   5.967343606952e-03  -1.073440388257e-02  -1.948343679076e-02   2.241180079265e-02   1.552857948220e-02  -2.936660042731e-02  -2.675451239823e-02  -6.710729930416e-06  -6.997682284515e-03  -6.580614319888e-03  -1.598523645710e-06   2.230236895139e-02   1.703401559995e-02   5.078487084379e-06   5.373990339937e-02   4.145994169032e-02   1.223935959740e-05   3.760687684854e-02   1.282710641914e-02   8.595584338143e-06  -1.776204349583e-02  -9.628405779768e-03  -3.880419063037e-03  -1.139984953550e-06   7.342653322043e-04   3.605609881581e-09  -3.297824861410e-03   1.232520775371e-07  -4.579215274191e-03  -4.452461091814e-03  -7.444636896916e-03  -3.313683344756e-03  -1.204515279578e-02  -1.625078981566e-06   1.873516743633e-02  -4.335902773291e-03  -2.411521142681e-02  -2.425402543303e-06   1.671052018719e-02  -2.318756904154e-03  -1.420519962861e-02  -1.787448270448e-06   1.454494166133e-02  -6.688450530738e-03   1.945917050042e-03  -4.838895341181e-07  -2.044478175317e-03  -6.082871157104e-07  -2.524789743659e-03  -2.290815393768e-07  -3.585771096394e-03   3.471370499477e-03   7.586921300039e-03  -1.229288148314e-04  -1.082838034270e-02   1.114221925919e-03  -1.012481886878e-03  -1.199718881635e-07  -2.035061276524e-03  -5.292755892158e-03  -5.812778595945e-03  -5.636658855072e-04  -5.186070618896e-04  -7.015358334436e-04  -1.477079485528e-04  -2.032367873042e-03  -5.288002206881e-03  -5.810278872575e-03  -5.646025752938e-04  -5.189604429298e-04  -7.015809802138e-04   1.478377243267e-04
   6.954384079962e-03   9.656676067608e-03   1.598286060759e-03   1.353188655700e-03   1.723348431212e-03   7.824882310586e-04  -1.076751920437e-07  -1.230004671630e-03  -2.067061531763e-03  -2.181750822343e-03  -9.254231439135e-03   1.223189907269e-06   5.582368508314e-03  -3.249764335905e-03  -1.434211965969e-02   1.886733385903e-06  -1.816023027499e-04  -1.495444428343e-03  -1.103278072978e-02   1.517196409160e-06  -2.350464404040e-03  -2.529293024681e-05  -1.135749073220e-03   1.850126902747e-07   3.056550274075e-04  -1.363627096431e-07  -5.556770952060e-04  -4.495298358827e-08  -4.620788416137e-04  -3.208747804940e-04  -5.305571605843e-04  -1.474234664876e-03   7.292857795178e-04   1.045538067290e-07   1.249815889724e-03  -2.943901862484e-03   9.813879803979e-04   2.428079595864e-07  -6.832885829276e-05  -1.125650833880e-03   3.983205123052e-04   2.793525008160e-08   4.715790086301e-04   4.609830042208e-04   1.032636696735e-04  -5.696785125821e-08   2.113005167832e-04   3.098272753496e-08  -4.570412192193e-04  -1.841090665810e-07   1.170377818270e-03   3.286338467308e-04   1.617941581705e-03   1.330931056616e-03  -3.299295894113e-04  -2.105538022078e-04  -5.504727111073e-05  -1.614809592749e-10  -6.022178427756e-04  -1.200997922446e-03  -1.063957448229e-03  -3.986060443768e-04  -9.504777436429e-07   6.761173616092e-05   1.146403701995e-05  -6.021271609644e-04  -1.200629339916e-03  -1.063670313524e-03  -3.985629440293e-04  -9.618711772279e-07   6.762885603816e-05  -1.144868118616e-05  -2.478794970108e-05  -7.453054596566e-05   1.709386562268e-04   3.916013496929e-04  -7.553350105446e-04  -6.925632716051e-04   2.767142684091e-03   9.433797672820e-05   1.567416231909e-07   6.632531662195e-04   2.508911285941e-05   3.739644822205e-08  -2.003221678311e-03  -7.150506047398e-05  -1.107255644281e-07  -4.730743392764e-03  -9.949708556599e-05  -2.715022488196e-07  -3.438272630445e-03  -1.885697145999e-05  -1.838241010716e-07  -2.669880342563e-05   4.669014606847e-04   8.587472017998e-05   1.155637422333e-08  -6.339626754147e-05  -5.995930741251e-09  -2.231746302878e-05   7.376556320669e-09   1.043393372276e-04   1.584540996862e-05   2.420134558175e-05  -7.523490623688e-05   1.150380873966e-04  -2.828626510506e-08  -4.799909536915e-05  -1.694577352194e-04   1.867773833939e-04  -5.255914447015e-08   6.719670784781e-05  -3.840481724895e-04   1.662907820422e-04  -4.840965908348e-08  -3.124324171521e-04  -9.625392541297e-05   1.420063800511e-04   2.129110034581e-08   1.335138218150e-04   7.090751934274e-09  -1.320224947056e-05  -3.101058197224e-09   5.592918830525e-05  -2.388855163064e-05  -3.152097628493e-04  -6.778685886822e-04   4.344312264120e-04  -2.480993189297e-05   8.324013175711e-06  -5.983345675519e-10   1.978092890109e-05   2.670153066246e-04   2.645869001098e-04  -3.064954566904e-04  -3.381282475344e-06  -1.215106811361e-05  -2.222414918120e-05   1.980685687649e-05   2.670053120068e-04   2.645771622163e-04  -3.064092685366e-04  -3.390711021077e-06  -1.214551433905e-05   2.222337345138e-05
   5.773917209297e-03   7.554111171833e-03   3.810222748581e-04   1.127347600529e-04   7.824882310586e-04   1.186516433980e-03  -6.625429146900e-08  -2.055837260204e-03  -3.458469485321e-03  -6.513743862166e-03  -1.354862801428e-03   1.073212952005e-06   9.850165107084e-03  -1.008656100814e-02  -2.144106720640e-03   1.667856678395e-06   7.033415158466e-03  -6.752206619275e-03  -7.981819734613e-04   1.315896600618e-06   1.289277308370e-03   4.155708891613e-04  -7.226564726854e-04   2.116218364066e-07   7.991661458927e-04  -1.084085796892e-07  -1.179884915356e-04  -4.503830016027e-08  -2.123839517769e-04   6.064890472301e-04   1.033107155564e-03   2.398234760186e-03  -4.572687891992e-04  -1.469679407182e-07  -2.826745063890e-03   4.227631932937e-03  -1.027918736957e-03  -2.192022736212e-07  -2.623667174689e-03   2.788833327107e-03  -1.666451092577e-04  -2.422688003547e-07  -6.583379148199e-04   4.035744498603e-06  -1.907292665978e-04  -3.454590714547e-08   7.297349356094e-04   3.999794887480e-08   2.460231204801e-04  -5.854813360615e-08  -1.204351446685e-04   8.974500085899e-04   1.668239453311e-03   1.021049898719e-03   4.747384610903e-04   3.211467033956e-05  -5.171105859034e-05  -8.817882628741e-09  -7.065065252068e-05  -7.951019023360e-05   1.183224763281e-05  -9.673693368811e-05   1.135345903950e-04  -4.856021491963e-05   5.048416845684e-05  -7.040671867835e-05  -7.902959360951e-05   1.213282443159e-05  -9.672862608147e-05   1.135228504483e-04  -4.853741665884e-05  -5.047753499429e-05  -6.170098007551e-05  -1.782318495545e-04   3.476185754043e-04   6.544522268942e-04  -9.617031492744e-04  -9.501172784281e-04   9.090973219264e-04  -1.712901949534e-04   7.500445430331e-08   2.190569613181e-04  -3.992111454544e-05   1.788103480673e-08  -6.801712746428e-04   1.033869132603e-04  -5.454241988985e-08  -1.514281776699e-03   2.864816511019e-04  -1.314710518426e-07  -1.247876120724e-03   8.633493647804e-05  -9.405753213075e-08  -9.714085664999e-04   1.501231082997e-06  -2.078840404546e-04   3.114503915138e-08   5.182798897839e-07   4.102055520034e-10  -5.791003682390e-05   8.401937091973e-09   8.630547974404e-05   4.226522791389e-05   7.623212781480e-05  -1.098927495807e-04  -4.494670986633e-05   9.909912209518e-09  -2.667889546098e-04  -2.389713592067e-04  -4.462434751433e-05   1.134345087488e-08  -1.040821344500e-04   1.195849900274e-04  -2.134238404819e-04  -7.729213366837e-09   1.402616855954e-03   1.301494128032e-03  -4.406016727133e-04  -3.514117871084e-08   1.101890189371e-05   4.467967553199e-09  -5.142880294692e-05   3.985748507412e-09   6.746694516538e-05   2.258649837221e-05   7.885157051111e-06   3.398214689387e-04   1.228106861393e-03  -2.551258982446e-05   6.001219842234e-07   9.912414629203e-10  -8.421656869948e-05  -4.557731498881e-06  -2.984063259187e-04  -6.210059625475e-04   3.269586424847e-05  -1.408988710440e-05  -1.072523877012e-05  -8.424111438946e-05  -4.622506211253e-06  -2.984883283374e-04  -6.210838590048e-04   3.268956255848e-05  -1.408155609472e-05   1.072113981815e-05
  -8.263846921625e-07  -1.248186584009e-06   4.806231890659e-07   1.409380369371e-06  -1.076751920437e-07  -6.625429146900e-08   9.437486652725e-04   2.048131484723e-07   3.442786426645e-07   1.145728393241e-06   1.278485242639e-06   8.874335586133e-03  -9.656284638550e-07   1.764579145298e-06   1.980475716431e-06   1.375442692820e-02  -3.310647019191e-07   1.366455076541e-06   1.605464386904e-06   1.316146363253e-02  -2.807926826451e-07   3.777319615171e-07   4.279427774065e-07   2.548779184590e-03  -9.637125797868e-08  -4.648996614693e-04   8.797306654742e-08   9.605317994877e-05   7.930727170504e-08  -1.880421975194e-08  -3.279772906525e-08  -8.355693532285e-08  -8.678169817463e-08  -1.832803362723e-04   1.081864710635e-07  -8.730009404035e-08  -1.004477414105e-07   4.343294590614e-05   8.309567868899e-08  -1.700752321782e-07  -2.986897398323e-08  -7.584986653635e-04  -1.127199856579e-06   4.969639307698e-07   2.348921468005e-07  -3.871015706242e-04  -1.101690566595e-07   5.332271690005e-04   9.997944955495e-08  -9.459832789749e-04  -1.584127004873e-07  -2.163679478233e-07  -5.091139169933e-07  -5.181038283562e-07  -2.955737138778e-07   2.904551330712e-08   1.406400089455e-08  -3.345605565387e-05  -7.409057406336e-04  -1.872872035773e-03  -1.485130925020e-03   1.164854143908e-04   5.179415501241e-05  -6.229195452863e-05   3.668403802863e-05   7.411411959857e-04   1.873338006913e-03   1.486061523801e-03  -1.162954761429e-04  -5.182672519264e-05   6.227999265032e-05   3.671994561704e-05   1.110506350494e-08   3.167163336736e-08  -5.852407236855e-08  -1.074918117476e-07   1.522310692185e-07   1.223005833286e-07   2.051864080381e-08  -1.428736389376e-08  -2.893364622957e-04   4.764765478579e-09  -4.003776606458e-09  -7.014458765738e-05  -4.030920088755e-09   1.057961376849e-08   1.928309372917e-04  -2.867369773162e-08   1.456316669424e-08   4.484926714184e-04  -3.754904840237e-08  -1.058025214826e-07   3.233447587754e-04  -6.198267704576e-07  -1.921649485867e-07   7.067063800294e-09   1.283693837447e-04  -6.364588904738e-09   6.643578980628e-06   1.409069897792e-08   3.394033612449e-05  -3.070184508589e-08  -1.290961989279e-08  -2.246263081104e-08   3.537421606510e-08  -9.390355128232e-09  -5.159253759154e-05   5.993859083771e-08   6.216850140321e-08  -1.863501583379e-08  -1.139146946270e-04   1.284958999029e-07   2.174160296643e-08  -6.505480241886e-08  -1.258174922448e-04   3.969927872497e-07  -8.347330042263e-08   1.815020689211e-08  -4.217487447922e-04   1.156991046778e-08  -2.253857775529e-05   1.037901160345e-08   9.908015547482e-07  -1.968256893123e-08  -2.437172819290e-08  -2.919367900556e-08  -1.253230976690e-07  -9.862576245552e-08   4.305857869744e-09   1.255728642117e-09  -5.685065908218e-06  -2.007628608168e-05   1.433020247738e-05   3.904996300720e-05   5.152834662149e-04   2.818473139948e-05  -1.583585430681e-05  -9.222211947299e-06   2.012910679286e-05  -1.430988118139e-05  -3.894860286216e-05  -5.156329698303e-04  -2.819006183972e-05   1.583888737814e-05  -9.221063619022e-06
  -7.143136602141e-03  -3.451734313836e-03   1.980595013091e-03   3.179623498535e-03  -1.230004671630e-03  -2.055837260204e-03   2.048131484723e-07   3.184373007831e-01   2.840686502852e-01   1.182944520611e-03  -6.108856306968e-03   3.159330229587e-07  -6.540034543516e-02   1.124357340698e-03  -6.652134797914e-03   3.483299345552e-07  -5.954766471293e-02   5.808708597510e-04  -8.657668890040e-03   5.491504719678e-07   2.569315942775e-03  -1.187853581407e-03  -5.136194634203e-04  -2.754246907051e-08  -3.230145828041e-04   4.165711389789e-08   4.698788218656e-04   1.162056734338e-07  -5.645381213509e-04   6.757993137435e-04   1.015440256884e-03   3.907770821090e-03  -1.553257154931e-03  -1.202540619620e-07  -1.918622291509e-03   6.835065505922e-03  -3.082464759619e-03  -1.989731001780e-07   7.504778733133e-03  -1.196496126977e-03   6.243957014791e-04   7.224464511862e-08  -9.252236742142e-03   1.733011083617e-03  -1.382534590091e-04  -5.678241155528e-08   2.257302792167e-03  -6.423246819279e-08   1.312961240479e-03   6.908324500793e-08  -9.860604047847e-04   1.568426770510e-03   2.006858207026e-03   2.937533251322e-03   8.451500544721e-04   8.754819258688e-05   2.501164066573e-05  -4.424249855879e-09   7.465624837662e-04  -6.201107077896e-04   1.057584471769e-03   9.026286233258e-04   2.254246915894e-04  -1.594764536148e-04   1.863899416433e-04   7.466410166395e-04  -6.198490451395e-04   1.057719847989e-03   9.028033873877e-04   2.254225443191e-04  -1.594541696438e-04  -1.863993507053e-04   2.071072371671e-05   5.978515225994e-05  -1.169385971220e-04  -2.387244307347e-04   3.526047391160e-04   4.554551737008e-04  -9.633366378892e-04  -3.633688342996e-05  -2.217881094769e-08  -2.303715318507e-04  -1.134020509513e-05  -5.040177381689e-09   6.897624505348e-04   3.189946906360e-05   1.384317923525e-08   1.709798624178e-03   4.854333932676e-05   4.261997801550e-08   9.845835449984e-04   1.847018785757e-04   2.426280915807e-08   3.780870840427e-03   1.919667391744e-04   1.078945816053e-03  -8.286067762879e-08   5.647437234083e-05   1.467877919267e-09  -9.826999164728e-06   6.036085594966e-09  -2.044880844651e-05  -1.275290620116e-04  -2.250387222998e-04   3.604097392610e-04   5.713402335060e-05   6.101447197515e-09   7.026348601478e-04   7.953375959291e-04   4.642902019493e-05   5.855557394999e-10   6.278384183371e-04  -3.668989624465e-04   3.671599224271e-04   4.381819512768e-09  -7.281039853980e-03  -5.017883568073e-03   2.125781641709e-03   1.155018369468e-07   9.890771012500e-06  -2.489010499105e-09   1.087820468391e-04  -2.693774656135e-09  -9.556739366849e-05  -1.651045713004e-04  -3.200786289431e-04  -1.405135852018e-03  -4.205033506758e-03   1.995667573433e-05   6.720479437471e-07   1.583667955672e-10   2.789796690109e-04   1.152366088227e-04   1.305241553323e-03   2.299780077028e-03  -7.284352448865e-05   1.524329593545e-05   2.602766618141e-05   2.789767092466e-04   1.152006159245e-04   1.305342325628e-03   2.300211373931e-03  -7.283924430747e-05   1.524539098060e-05  -2.603418890399e-05
  -1.189206065796e-02  -5.652604412756e-03   3.637573276869e-03   5.306609425181e-03  -2.067061531763e-03  -3.458469485321e-03   3.442786426645e-07   2.840686502852e-01   2.625683145044e-01   1.819308729847e-03  -9.724024839033e-03   5.085763463145e-07  -1.120171890443e-01   1.921953046808e-03  -1.185233649805e-02   6.285410668364e-07  -9.932906980669e-02   9.599673847300e-04  -1.469679996782e-02   9.349087687300e-07   3.498584016817e-03  -1.865822567675e-03  -8.954384643614e-04  -5.001987068088e-08  -5.444501734447e-04   6.228095375196e-08   7.039584304336e-04   1.830939468033e-07  -9.222527943279e-04   1.076171673206e-03   1.625027683117e-03   6.527021506466e-03  -2.587224929356e-03  -2.004481890881e-07  -3.044931843837e-03   1.150293758074e-02  -5.165809838165e-03  -3.331007008648e-07   1.268175479612e-02  -2.020302745940e-03   1.025290898506e-03   1.232948732748e-07  -1.508413447766e-02   2.866829286358e-03  -1.497561018214e-04  -8.954894008850e-08   3.828564540787e-03  -1.094846175763e-07   2.210464691019e-03   1.155042161798e-07  -1.662835469873e-03   2.672829428486e-03   3.474220648272e-03   4.913802639307e-03   1.286789066858e-03   1.448939060601e-04   4.617578952572e-05  -7.212359961207e-09   1.265150692677e-03  -1.013983136827e-03   1.695229583237e-03   1.494923127347e-03   3.710543946788e-04  -2.580099829044e-04   3.150760859553e-04   1.265286334915e-03  -1.013535468152e-03   1.695471453760e-03   1.495221446254e-03   3.710504555968e-04  -2.579718103922e-04  -3.150897781120e-04   3.472873225833e-05   1.001582623369e-04  -1.950177395129e-04  -3.975484692734e-04   5.816455309164e-04   7.416571667586e-04  -1.605716309434e-03  -7.102713851318e-05  -3.510820519448e-08  -3.829511965371e-04  -2.116098148156e-05  -7.859546067348e-09   1.145536808529e-03   5.916917531354e-05   2.150978834687e-08   2.858319246073e-03   9.928241638460e-05   6.905033398479e-08   1.604050323506e-03   2.988004768344e-04   3.596257356572e-08   5.966149548447e-03   2.874783513284e-04   1.718416443736e-03  -1.392548494702e-07   9.692657191259e-05   2.348616905760e-09  -1.918966238885e-05   9.948021893505e-09  -3.330261564364e-05  -2.180567969191e-04  -3.828557011410e-04   6.248096327384e-04   9.363346952368e-05   1.040546686087e-08   1.188064749078e-03   1.350560215707e-03   7.363231597514e-05   1.616093723325e-09   1.063328870236e-03  -5.586685286508e-04   5.949749897363e-04   8.034314252398e-09  -1.161572616255e-02  -8.123024476888e-03   3.423501053263e-03   1.937507101284e-07   1.555030533479e-05  -4.026023897313e-09   1.818073130120e-04  -4.373437451433e-09  -1.614956394048e-04  -2.917463824915e-04  -5.561002531656e-04  -2.313717151604e-03  -6.828577350173e-03   3.232116541641e-05   2.566613146954e-06   2.020737016219e-10   4.735029915561e-04   2.299002365665e-04   2.102681025379e-03   3.698197386021e-03  -1.206645371668e-04   2.347164896100e-05   3.755579018577e-05   4.734973878511e-04   2.298402549705e-04   2.102847561493e-03   3.698911150999e-03  -1.206577125933e-04   2.347509799315e-05  -3.756652047612e-05
  -2.864442305554e-02  -4.187172078795e-02  -1.754159517544e-03  -5.982535689327e-04  -2.181750822343e-03  -6.513743862166e-03   1.145728393241e-06   1.182944520611e-03   1.819308729847e-03   5.079704584940e-02  -8.680518376932e-04   2.355302331622e-06  -4.614559394875e-03   7.928881787585e-02  -1.924051865952e-03   3.632419016727e-06  -1.731229807842e-03   5.461992784170e-02  -5.894409799737e-03   5.205235577605e-06  -1.831101222199e-02  -2.743392396464e-03   3.922982217572e-03   1.355178104787e-06  -5.823101575829e-03   1.435064456013e-07  -4.757995174099e-04   2.710541494808e-07   1.635549172991e-03  -6.798177356160e-03  -1.149956588377e-02  -2.524517169157e-02   1.101941721517e-02   7.786122677665e-07   3.039308426215e-02  -4.567992574027e-02   2.040943561715e-02   1.635343233479e-06   1.567558553010e-02  -2.260207112437e-02   5.799967082514e-03   6.543962182365e-07   1.567795021969e-02  -7.218937084807e-04   2.001461444074e-03  -1.170061812101e-07  -7.603679092930e-03   5.012391478487e-07  -4.885218089688e-03  -9.561272559625e-07   4.395248446714e-03  -4.389523401915e-03  -6.557430544787e-03  -6.970954440611e-03  -5.182756356697e-03  -1.132896925700e-03  -5.739329950168e-05  -5.013396762688e-09  -2.796553376921e-03  -3.385690403809e-03  -4.356168288158e-03  -1.110093433152e-03  -1.068648018213e-03   8.252137881652e-04  -4.223450460459e-04  -2.795933065291e-03  -3.383695564019e-03  -4.354449019049e-03  -1.110226386441e-03  -1.068706416939e-03   8.252641102690e-04   4.224764777418e-04   1.506627073784e-04   4.381332100148e-04  -8.830759242821e-04  -1.810206650209e-03   3.165023651376e-03   2.617359738617e-03  -4.462118433504e-03  -9.184936061695e-05  -1.338540196249e-07  -1.077831385132e-03  -3.270551921501e-05  -3.252611019590e-08   3.485585398201e-03   1.400944980148e-04   1.043694047282e-07   7.493767805150e-03   1.130575064904e-04   2.048258698848e-07   6.408308659578e-03  -1.489444366579e-04   2.097392672381e-07   3.438092276044e-03  -9.919324283515e-06   6.571712946042e-04  -2.241382521988e-09  -2.795298906495e-05  -2.894253149918e-09   2.860435651318e-04  -2.264914248517e-08  -7.463735533764e-04  -4.001517136409e-04  -7.005759763191e-04   8.814233238997e-04  -2.039017445803e-05   1.558647936273e-09   2.267294001964e-03   1.745197810034e-03  -3.788298610458e-04  -1.084897594157e-08   1.760501354794e-03  -7.675156768478e-04   7.555985229727e-04   4.044682419834e-08  -4.086318044399e-03  -6.691733091175e-03   2.070140818528e-03  -1.542671099235e-07  -1.671958781403e-06  -4.697034648471e-09   3.109569459340e-04  -4.578417007932e-09  -5.251603568541e-04  -3.622346343630e-04  -6.231725770705e-04  -2.851819715938e-03  -6.382161049441e-03   1.480781124159e-04  -1.367351135996e-05  -2.607057226169e-09   6.006160214914e-04   3.099384839824e-04   1.392574253958e-03   2.420815135255e-03  -2.273263123679e-04   4.645659503145e-05   1.670613596399e-05   6.006129248579e-04   3.099430551160e-04   1.392838626874e-03   2.420353796808e-03  -2.273264940503e-04   4.644253914372e-05  -1.670554950871e-05
  -3.118147332975e-02  -4.910037370131e-02  -1.268393878352e-02  -1.509076320159e-02  -9.254231439135e-03  -1.354862801428e-03   1.278485242639e-06  -6.108856306968e-03  -9.724024839033e-03  -8.680518376932e-04   6.553621598141e-02   1.217858962215e-06   2.857524973904e-02  -1.954105860424e-03   1.008391844519e-01   2.001806690000e-06   5.720904612949e-02  -6.540344436815e-03   8.140208677635e-02   3.068654471308e-06   1.921498639660e-02   1.642487208532e-03   6.740635279660e-03   1.258811245844e-06  -1.140669973038e-04   2.784621206798e-07   3.432768884049e-03   2.607428298772e-07   3.013167423172e-03   3.558269860241e-03   6.017769847850e-03   1.262495207684e-02  -7.094860083266e-03  -3.121395871018e-07  -1.555562259074e-02   2.485614720446e-02  -1.031147249305e-02  -7.195039915918e-07  -1.108085996453e-02   1.435350332915e-02  -5.327293109322e-03  -6.356670395161e-07   1.720324713950e-03  -4.914368931313e-03  -1.300686759223e-03   6.127054959639e-08  -1.518536539505e-03   2.007005294728e-07   3.174291010663e-03   3.471316391320e-07  -7.905882994380e-03  -3.194702699640e-03  -1.198515852242e-02  -9.709802546778e-03   3.228150912498e-03   1.686560452605e-03   4.177803123482e-04   1.053550942473e-08   4.185423019646e-03   9.615839926894e-03   7.377271888072e-03   2.231713172879e-03   8.598010857291e-05  -5.657617624289e-04  -1.580101129913e-04   4.185247695459e-03   9.615227300308e-03   7.377481197274e-03   2.230862680977e-03   8.597478067326e-05  -5.658612895036e-04   1.578932616322e-04   1.329996976341e-04   3.885367657510e-04  -7.986141887278e-04  -1.533658642856e-03   2.560731178520e-03   2.029415100644e-03  -3.935548121870e-03   2.363198041349e-04  -1.603032208950e-07  -9.381507823710e-04   4.858382052594e-05  -3.755076146846e-08   3.016581934285e-03  -9.940306093779e-05   1.172831985075e-07   6.726659171514e-03  -7.255141313324e-04   2.812078250258e-07   6.099082608899e-03  -3.634184645250e-04   2.395945509575e-07  -5.534483844344e-03  -6.915648650792e-04  -2.590360710842e-03   3.801088804231e-07  -6.632983313084e-05  -1.078337094111e-09   2.609103701618e-04  -2.952851169416e-08  -4.346623673918e-04   2.469435425753e-04   4.309728379519e-04  -8.061877867407e-04  -3.556995839680e-04  -1.637587322773e-08  -1.424130155843e-03  -1.606705427217e-03  -3.811519976699e-04  -3.429369792329e-08  -1.466918120392e-03   1.778452868970e-03  -1.066496606599e-03  -1.503889537437e-08   1.090507969676e-02   8.902564667886e-03  -4.908984090100e-03  -6.835857324714e-07  -2.129587897888e-04  -7.332287477140e-09  -1.381257891234e-04   1.409719910646e-09   6.265853524218e-05   6.662171722425e-04   1.858580875267e-03   5.262692119444e-03   6.118461709319e-03   6.611063172695e-05  -3.463038688643e-05  -3.265398796058e-09  -6.047178744118e-04  -1.457460330554e-03  -2.830514469383e-03  -1.286824872445e-03   1.818906191034e-04   7.594888225860e-05   1.008054606156e-04  -6.047116611071e-04  -1.457333971677e-03  -2.830927134102e-03  -1.288850452927e-03   1.818788287894e-04   7.594329993134e-05  -1.008087769176e-04
   3.961172057262e-06   4.930267121519e-06   6.924282058632e-06   1.588561773025e-05   1.223189907269e-06   1.073212952005e-06   8.874335586133e-03   3.159330229587e-07   5.085763463145e-07   2.355302331622e-06   1.217858962215e-06   8.357859547439e-02  -1.598062608038e-06   3.618715976999e-06   1.940527274274e-06   1.295460503283e-01  -3.102327981116e-06   4.970196401255e-06   2.822660549727e-06   1.238659749106e-01  -3.618526767932e-06   3.772872518184e-06   2.212854421497e-06   2.378191559975e-02   1.640158748718e-07  -4.395121625768e-03   2.122060521224e-07   9.367708062789e-04   4.882065054036e-08   2.371170829102e-07   3.983293475590e-07   7.667483633230e-07  -3.256084083993e-07  -9.082239469243e-04  -1.008125708713e-06   1.574441479939e-06  -7.148295716302e-07   1.700509104216e-03  -1.190000379746e-06   9.701401643097e-08   4.056416779670e-07  -6.338036980610e-03  -1.199989231642e-05   5.406922491328e-06   2.146427116268e-06  -3.475296398202e-03   1.947082830478e-07   4.878347034294e-03   8.305768365106e-07  -8.876642565220e-03  -5.921480485184e-07  -3.255311736112e-07  -8.122944353248e-07  -2.050029436758e-06  -2.599097992562e-06   8.764850431685e-08   1.273640461776e-08  -2.673624864777e-04  -6.381592298391e-03  -1.666216176538e-02  -1.362104277157e-02   9.508701556829e-04   4.777989960427e-04  -5.321162227479e-04   3.055805960194e-04   6.382196619561e-03   1.666321370995e-02   1.362783310678e-02  -9.499251600409e-04  -4.778140381036e-04   5.320117699756e-04   3.056748429683e-04   2.201941493544e-09   5.645653089622e-09  -5.086816910505e-09  -4.558213587710e-08   1.390987955006e-07   1.237803404242e-07   6.123992622835e-08  -3.113046380312e-08   9.028832943843e-04   1.329154871209e-08  -7.676388597016e-09   2.129626042375e-04  -4.062234926213e-08   2.099226699810e-08  -6.513024478927e-04  -1.063310464794e-08   8.846024792763e-08  -1.791069604493e-03  -6.575490044200e-07  -9.983417836172e-07  -6.924191345018e-04  -5.633453214887e-06  -2.040354345991e-06   4.165441719362e-07   1.593724167274e-03  -2.417888020481e-08  -9.811592595819e-05   3.565493799787e-08   3.026602770672e-04  -3.815013052448e-08  -2.855522178899e-08  -4.797716181474e-08   6.030852219494e-08  -9.275464113017e-09  -1.005681141462e-03   9.862877309698e-08   1.715046463042e-07   1.835999933989e-08  -2.004472420937e-03   8.767347923138e-07  -1.158550684660e-07  -5.914460724621e-07  -1.895396947771e-03   3.175655662377e-06  -8.000795395281e-07   6.188640983028e-07  -3.620340087361e-03   2.556721227394e-08  -2.869985775128e-05   3.178207366364e-08  -7.006127362020e-05  -6.337575676363e-08  -6.535627471027e-08  -8.318864310866e-09  -1.101905167347e-06  -7.855601219624e-07   1.639542791032e-08   1.484083310728e-08  -5.985598187395e-05  -4.561524814226e-04  -3.829734052622e-05   7.043159853078e-04   4.224370133752e-03   2.787431974018e-04  -1.366546777841e-04  -7.305072352904e-05   4.562716283358e-04   3.826894194948e-05  -7.033730946457e-04  -4.228472668697e-03  -2.787654732533e-04   1.366565111082e-04  -7.305184739305e-05
   3.254472443287e-02   1.390562179141e-02  -1.175847136346e-02  -1.552842039245e-02   5.582368508314e-03   9.850165107084e-03  -9.656284638550e-07  -6.540034543516e-02  -1.120171890443e-01  -4.614559394875e-03   2.857524973904e-02  -1.598062608038e-06   3.280869203128e-01  -5.488143430941e-03   3.955911408503e-02  -2.247010492195e-06   2.843213035386e-01  -2.747744835993e-03   4.539212587784e-02  -2.973964291298e-06  -6.889578797120e-03   4.973168917008e-03   2.908136847865e-03   1.244647231102e-07   1.560426325544e-03  -1.318554069796e-07  -1.632679624708e-03  -4.807680146099e-07   2.671758958079e-03  -2.563161830691e-03  -3.796016540614e-03  -1.831168638577e-02   7.347747136511e-03   5.614415638976e-07   6.487726393535e-03  -3.238051468747e-02   1.478919260489e-02   9.199271453215e-07  -3.765468392326e-02   6.174685203369e-03  -2.794163202180e-03  -3.584783081912e-07   4.169764178118e-02  -8.225639586561e-03   1.520822619110e-04   2.560130400641e-07  -1.114746087665e-02   3.152361238214e-07  -6.277211568635e-03  -2.930782809923e-07   4.531882225963e-03  -8.043050653984e-03  -1.090428838383e-02  -1.428041371471e-02  -3.164565930797e-03  -3.268807975666e-04  -8.630224879088e-05   2.150439326898e-08  -3.871069930259e-03   2.627343742196e-03  -4.365773683758e-03  -4.134941119740e-03  -1.034386603168e-03   6.599135630879e-04  -8.507654932528e-04  -3.871496696959e-03   2.625946755074e-03  -4.366568069514e-03  -4.135819679065e-03  -1.034374602817e-03   6.598010698344e-04   8.507915455348e-04  -9.125187744187e-05  -2.623524676662e-04   5.040764187465e-04   1.035835006596e-03  -1.485184728276e-03  -1.855529593671e-03   4.323971693677e-03   3.893244393174e-04   7.772890667341e-08   1.028529916971e-03   1.046260836830e-04   1.682061079824e-08  -3.053407726728e-03  -2.988169553734e-04  -4.412794273473e-08  -7.707949706840e-03  -6.158210275366e-04  -1.599716403603e-07  -4.042694594379e-03  -9.125203807341e-04  -6.739564043553e-08  -1.593544660390e-02  -7.637284148172e-04  -4.663455625908e-03   4.029296631608e-07  -3.121523408912e-04  -6.138405505745e-09   8.748106770679e-05  -2.963316390522e-08   1.066410986234e-04   6.789606114323e-04   1.181760961693e-03  -2.128761620793e-03  -2.144093619177e-04  -3.188089093669e-08  -3.610058221791e-03  -4.366942987216e-03  -9.198890832288e-05  -8.170015420216e-09  -3.270997561223e-03   1.192839648333e-03  -1.583782199188e-03  -2.416594498145e-08   3.151207418738e-02   2.257650153613e-02  -9.463327211482e-03  -5.626360843925e-07  -7.278916448652e-05   1.021213540211e-08  -5.468200530995e-04   1.206322870237e-08   5.029564048279e-04   1.106199664309e-03   2.031791508755e-03   6.792338451177e-03   1.901506024871e-02  -7.126747904054e-05  -1.748749006227e-05  -4.366970983678e-10  -1.506654821721e-03  -9.799959930902e-04  -5.856284679089e-03  -1.010171745120e-02   3.445552571224e-04  -4.911587771002e-05  -6.745862301386e-05  -1.506634710878e-03  -9.798137580390e-04  -5.856754373601e-03  -1.010376276034e-02   3.445380511246e-04  -4.912714537031e-05   6.748923991116e-05
