ARMA_MAT_TXT_FN008
65 65
  -9.578684728157e+00  -1.201665732628e+01   1.229484550721e-02   1.404528105939e-05  -2.382531890422e-07  -4.429610543056e+00   4.985033644133e-03   1.150825921071e-05  -7.737658657239e-08  -1.993472978579e+00   1.828252903406e-03   6.004194748610e-06  -5.174907089324e-08  -8.400426191384e-01   4.936248350407e-04   2.098236797066e-06  -2.308563311956e-08   8.312429304175e-06  -1.583106361347e-07  -7.012990515150e-04  -8.550378654800e-09   1.223951126291e-03  -3.434495116855e-04  -2.718871970215e-04  -4.501831719713e-03  -1.229181356238e-06   2.982295819793e-08  -2.113732574965e-02  -6.995769900416e-02  -1.967748240730e-05   3.686073623900e-07  -4.455831561173e-01  -1.218734185577e+00  -3.457746282076e-04   6.332659715469e-06  -7.893869708078e-01  -1.315202550687e+00  -3.723687037931e-04   6.825834694584e-06  -1.671361570342e-05   1.970684324309e-09   1.733463344244e-02   3.069509212086e-07  -3.002475048571e-02  -1.308914565198e-01  -9.564601739731e-01  -1.020856182981e+00  -6.256837205462e-01   3.688638025443e-01  -5.320548578617e-01  -9.145443073479e-01  -1.308794210556e-01  -9.564284861101e-01  -1.020845001847e+00  -6.256812839929e-01   3.688581570686e-01  -5.279555257092e-01   9.168400851776e-01  -1.307463235927e-01  -9.560832900163e-01  -1.020722326535e+00  -6.256543502868e-01   3.672042258079e-01   1.057819916126e+00  -2.329653327091e-03
  -1.201665732628e+01  -8.798590976368e+00   1.099916715560e-02   1.370006699347e-05  -7.048315548668e-08  -3.959069665496e+00   1.752825428381e-04   8.537936364273e-06   8.571364437192e-08  -1.873487452452e+00  -2.635742119567e-03   3.663486469530e-06   2.783552516467e-08  -8.023768656253e-01  -1.781556621767e-03   8.570292658197e-07   2.881116352650e-09   1.221334962683e-05  -2.214695080039e-07  -1.833854853376e-03  -3.143261884266e-08   3.198875169822e-03  -2.325840666621e-04  -2.190510631920e-04  -5.712379104110e-03  -1.117187525809e-06   2.163425987086e-08  -2.170145008234e-02  -8.357587805196e-02  -2.316510727866e-05   4.243446010941e-07  -4.314883058239e-01  -1.154010920645e+00  -3.280003760132e-04   6.007274071816e-06  -7.497678815958e-01  -1.239904945680e+00  -3.519133080710e-04   6.455349350068e-06  -1.933803434579e-05   1.331496157516e-09   1.982134227210e-02   3.539892426778e-07  -3.433164524328e-02  -1.527324136297e-01  -9.147740082187e-01  -9.710996104598e-01  -5.990401941405e-01   3.615667277708e-01  -5.226349192330e-01  -8.983530075248e-01  -1.527190305852e-01  -9.147446377252e-01  -9.710890826960e-01  -5.990378724063e-01   3.615628957516e-01  -5.186105963122e-01   9.006123954777e-01  -1.525766611460e-01  -9.144279676744e-01  -9.709738506851e-01  -5.990120376903e-01   3.599572704211e-01   1.039148717067e+00  -2.288518516041e-03
   1.229484550721e-02   1.099916715560e-02   1.022118373952e+00   9.888077589403e-05  -3.524229401147e-09  -1.396312516097e-02  -3.948635431137e-01   1.364196611550e-04  -2.043414725898e-07  -2.559022471779e-02  -3.999253425225e-01   9.288244007465e-05  -5.390760715525e-07  -2.728115458329e-02  -1.343480318709e-01   3.769146763926e-05  -3.623081527531e-07   1.847512513325e-04  -6.996781752641e-07  -6.483809489409e-02  -1.597759130905e-06   1.123501192785e-01   1.580365825741e-02   1.437011640777e-02   1.711800182394e-01   4.686848059412e-05  -9.437255830991e-07   2.002329860336e-01   3.819773721885e-01   1.173102569087e-04  -2.255428931506e-06   2.516248257994e-01   2.908955373857e-01   1.292168650339e-04  -2.307646014391e-06   1.316102395835e-01   2.660072280133e-02   8.006738698614e-05  -1.193879250943e-06   1.190355666179e-04  -4.136544237515e-09  -1.034933451412e-01  -2.185659142245e-06   1.792563517113e-01  -1.343919080197e-01  -1.278397683390e-01  -7.193137047179e-02  -3.530971709135e-02  -1.216802872511e-01  -5.722935867198e-02  -9.843579756706e-02  -1.343930865929e-01  -1.278434107407e-01  -7.193375073732e-02  -3.531041831770e-02  -1.216717832673e-01  -5.679499319374e-02   9.869421768918e-02  -1.338855022551e-01  -1.273655964816e-01  -7.170465604977e-02  -3.524899826908e-02  -1.219423117766e-01   1.134974095254e-01  -2.501709057311e-04
   1.404528105939e-05   1.370006699347e-05   9.888077589403e-05   9.468395684561e-01  -2.097909248958e-06   6.596803801311e-05   1.361767430591e-04  -4.731028969564e-01  -2.587799324896e-06   4.825666177254e-05   9.813249244696e-05  -4.769212415785e-01  -1.161208710461e-06   1.611817619500e-05   4.370953441493e-05  -1.809272000276e-01  -2.464838676048e-07  -5.945774449245e-02   5.916660748797e-04   7.695701154117e-02  -5.755327286050e-07   4.455019399818e-02   4.792586780390e-06   4.650260855529e-06   7.013707439093e-05  -1.358486220465e-02   1.039166298946e-07   6.726334722047e-05   1.439839341813e-04  -5.893854068135e-02   1.132035226110e-07   6.969733728048e-05   1.319281386319e-04  -1.647622077295e-01  -1.620093080904e-07   3.702578057711e-05   9.280292427315e-05  -2.026044554589e-01  -3.358860390566e-07  -6.693553409815e-02   4.413708792837e-06   5.006385536521e-04  -1.059415500043e-08   3.965113371029e-04   2.031417486911e-01   1.893297107287e-01   8.897408541116e-02   2.456276239889e-02  -6.054518845530e-02  -9.674469619482e-02   1.525796075563e-01   2.015825698136e-01   1.878799494886e-01   8.829390095358e-02   2.437518998390e-02  -6.008537378997e-02  -9.809170984003e-02  -1.518040600304e-01  -4.041457147799e-01  -3.766524690447e-01  -1.769500543134e-01  -4.883380722528e-02   1.200676856870e-01   1.658883816964e-01  -7.735600210890e-04
  -2.382531890422e-07  -7.048315548668e-08  -3.524229401147e-09  -2.097909248958e-06   9.469308433394e-01   1.867608281537e-06  -2.296141756552e-07  -2.587151815399e-06  -4.729102667725e-01   1.122032277334e-06  -7.048637179199e-07  -1.159695470797e-06  -4.767892819403e-01   4.177992440525e-07  -5.155407666209e-07  -2.454449294504e-07  -1.808834409174e-01  -5.750190549635e-07   8.910106831147e-02  -5.105112283009e-04  -5.949323340641e-02  -2.975681272894e-04  -8.825089994461e-08  -8.364283489583e-08  -1.251138873207e-06   1.038066568376e-07  -1.359377676042e-02  -1.188045182048e-06  -2.613149679275e-06   1.130898244358e-07  -5.894945057088e-02  -1.146585211235e-06  -1.912725271612e-06  -1.617629934782e-07  -1.647433980788e-01  -2.115513947045e-07  -5.340254302737e-07  -3.349946251842e-07  -2.025543149069e-01  -1.056905022811e-08   5.958140285310e-04  -2.389121850897e-06  -6.693758474793e-02  -3.344229711335e-06   3.493757041748e-01   3.255086260627e-01   1.528921520806e-01   4.219308043100e-02  -1.041288111519e-01   1.525595244625e-01   7.666337241689e-02  -3.502624200189e-01  -3.263404659034e-01  -1.532842299855e-01  -4.230129653016e-02   1.044015814790e-01  -1.517840383411e-01   7.802025353955e-02   8.909115001651e-04   8.301226867180e-04   3.900790289212e-04   1.077812985855e-04  -2.646784076924e-04  -7.734957674215e-04  -1.854180077879e-01
  -4.429610543056e+00  -3.959069665496e+00  -1.396312516097e-02   6.596803801311e-05   1.867608281537e-06  -2.218626664564e+00   1.262963034973e-02   1.721387805173e-04   1.716133640277e-06  -1.558158818442e+00   1.437137086146e-02   1.161201539728e-04  -2.767597810918e-08  -8.617462866012e-01  -3.379174001010e-03   3.487446341027e-05  -2.308461279991e-07   2.241917810581e-04  -4.518993192924e-06   1.981792260674e-02  -2.387458896568e-07  -3.361123809151e-02  -2.637459311905e-01  -2.520535057859e-01  -2.368983383975e-01  -6.173976775325e-05   1.100278528587e-06  -3.949701532385e-01  -3.631067864572e-01  -9.675223312595e-05   1.740898160951e-06  -6.022243881756e-01  -8.890290221314e-01  -2.541866709731e-04   4.816204962239e-06  -7.801741407640e-01  -1.033353603521e+00  -2.789185671786e-04   5.506400473383e-06  -5.053989909100e-05  -2.643616214772e-09   5.175581505182e-02   9.349611001342e-07  -8.964108781839e-02  -4.278905758839e-01  -8.647554889547e-01  -9.552935672621e-01  -6.675191374995e-01   1.997215546957e-01  -2.978617491672e-01  -5.120666326895e-01  -4.278764109083e-01  -8.647358771796e-01  -9.552848991956e-01  -6.675168374195e-01   1.997226602313e-01  -2.955731164755e-01   5.133631262500e-01  -4.277697119564e-01  -8.645177518700e-01  -9.551603097306e-01  -6.674787958835e-01   1.988633685552e-01   5.923773425175e-01  -1.304745435280e-03
   4.985033644133e-03   1.752825428381e-04  -3.948635431137e-01   1.361767430591e-04  -2.296141756552e-07   1.262963034973e-02  -2.404692732783e-01   2.560646772686e-04  -6.083573053954e-07   5.881287573042e-02  -4.976497846770e-01   1.774737821890e-04  -1.022631915968e-06   3.534771678202e-02  -2.489137641059e-01   6.835959099667e-05  -6.429962278006e-07   5.064521783427e-04  -1.411490503353e-06  -2.057572302084e-01  -5.305851148337e-06   3.564718165460e-01   8.984153845281e-01   8.560747799626e-01   4.929994681558e-01   1.707174307693e-04  -3.203316649408e-06   9.230148856001e-01   4.377486710242e-01   1.602065059735e-04  -3.065552755043e-06   6.312509307818e-01   1.725786222985e-01   1.023270777810e-04  -1.817048311570e-06   3.302797540344e-01  -2.001935694690e-02   1.030180390611e-04  -1.423879152016e-06   1.574145343322e-05  -1.620071224313e-09  -3.646780522956e-03  -3.303606640655e-07   6.316130080855e-03  -1.465300473137e-01  -1.208327331716e-01  -4.269090976074e-02   1.813136379344e-03  -4.315752313591e-02   1.082736831989e-02   1.849457760915e-02  -1.465340297540e-01  -1.208378687859e-01  -4.269533137780e-02   1.811554055343e-03  -4.315891399806e-02   1.074462569592e-02  -1.854252394041e-02  -1.460371990418e-01  -1.203371653451e-01  -4.235445558026e-02   1.923238014370e-03  -4.315337084083e-02  -2.137576671531e-02   4.660605601703e-05
   1.150825921071e-05   8.537936364273e-06   1.364196611550e-04  -4.731028969564e-01  -2.587151815399e-06   1.721387805173e-04   2.560646772686e-04  -2.281164717592e-01  -4.542012961118e-06   1.986233572321e-04   1.850507055455e-04  -4.371475039524e-01  -2.225006969199e-06   1.100489593493e-04   7.705022204037e-05  -2.419161284366e-01  -4.787988014758e-07  -1.246638567291e-01   1.379574771520e-03   1.794993018166e-01  -1.219380027785e-06   1.038919296036e-01   2.557540371989e-04   2.440529518710e-04   1.981971398315e-04  -1.223454197793e-01   1.105791641829e-07   2.760443576067e-04   1.939515406898e-04  -1.559407897708e-01   1.211637082512e-07   1.781706427218e-04   1.088286067765e-04  -1.730125033224e-01  -3.098915426863e-07   1.164410134581e-04   1.589973444204e-04  -2.325224382413e-01  -6.582769537564e-07  -5.677181525777e-02   3.952087857974e-06   4.755770842923e-04  -1.056363116562e-08   3.106962662964e-04   2.182479862252e-01   1.860216638498e-01   1.060323405154e-01   3.456709345362e-02   7.923524352762e-03  -7.470710339655e-02  -1.721424612571e-02   2.165770959769e-01   1.845985865638e-01   1.052224650943e-01   3.430362954026e-02   7.863324400193e-03  -7.455591137614e-02   1.712529529315e-02  -4.343200688764e-01  -3.699843216402e-01  -2.106096570925e-01  -6.851831602310e-02  -1.561708435447e-02  -1.044889779997e-01   8.797495482065e-05
  -7.737658657239e-08   8.571364437192e-08  -2.043414725898e-07  -2.587799324896e-06  -4.729102667725e-01   1.716133640277e-06  -6.083573053954e-07  -4.542012961118e-06  -2.275061325829e-01  -1.254265185197e-07  -1.204360820040e-06  -2.223595177646e-06  -4.366355319104e-01  -7.393008475237e-07  -8.263623352941e-07  -4.776551601589e-07  -2.417278819207e-01  -1.218888510703e-06   2.077208702282e-01  -1.190712266652e-03  -1.246786126940e-01  -6.935396627103e-04  -4.677621875775e-06  -4.460741707117e-06  -3.544447265209e-06   1.105507495546e-07  -1.223606371555e-01  -4.963044193570e-06  -3.465737230438e-06   1.211447084596e-07  -1.559571658326e-01  -3.056843158664e-06  -1.226120753395e-06  -3.095970289714e-07  -1.729400194817e-01  -1.360016648042e-06  -9.194782349841e-07  -6.572026770377e-07  -2.323317450485e-01  -1.054275791984e-08   5.387250570131e-04  -2.655122796573e-06  -5.677238563257e-02  -2.189901220104e-06   3.753843769326e-01   3.197012562453e-01   1.819694711185e-01   5.923236081127e-02   1.355154276750e-02  -1.729529792701e-02  -9.447296776843e-02  -3.763442037854e-01  -3.205208590343e-01  -1.824385569381e-01  -5.938640704565e-02  -1.358735806329e-02   1.720582619133e-02  -9.462557437657e-02   9.576270378319e-04   8.149933431047e-04   4.630794427767e-04   1.502315860225e-04   3.405849483919e-05   8.849776436600e-05  -6.461959599996e-02
  -1.993472978579e+00  -1.873487452452e+00  -2.559022471779e-02   4.825666177254e-05   1.122032277334e-06  -1.558158818442e+00   5.881287573042e-02   1.986233572321e-04  -1.254265185197e-07  -1.213650490385e+00   1.442209226246e-01   1.877409084612e-04  -2.549546626215e-06  -7.438181241538e-01   6.574974886691e-02   7.132647474626e-05  -1.479972488139e-06   2.302446917926e-04  -4.188510705623e-06   5.191360431115e-02  -5.731348093632e-07  -8.905837214354e-02  -9.600740883083e-01  -9.079586448828e-01  -2.038985306230e-01  -5.153944986540e-05   1.021268648652e-06  -8.853497995740e-01  -2.747170523841e-01  -7.040055388518e-05   1.388426924714e-06  -7.910519678245e-01  -5.930327335573e-01  -1.720427762539e-04   3.217080346805e-06  -7.627722962946e-01  -7.189375373178e-01  -1.868195844149e-04   3.374863058045e-06  -3.576737325056e-05  -7.621007515756e-09   3.622320205872e-02   6.465402335152e-07  -6.273674743501e-02  -4.105471045858e-01  -6.639781316532e-01  -7.628173586742e-01  -5.825090902088e-01   1.413940163990e-01  -2.174726954425e-01  -3.739016676571e-01  -4.105378269765e-01  -6.639663195112e-01  -7.628117475354e-01  -5.825074187616e-01   1.413950982036e-01  -2.158022799105e-01   3.748489224947e-01  -4.104758613029e-01  -6.638242836374e-01  -7.627292193735e-01  -5.824820388404e-01   1.407809857234e-01   4.325171764276e-01  -9.529169598377e-04
   1.828252903406e-03  -2.635742119567e-03  -3.999253425225e-01   9.813249244696e-05  -7.048637179199e-07   1.437137086146e-02  -4.976497846770e-01   1.850507055455e-04  -1.204360820040e-06   1.442209226246e-01  -4.915649482827e-01   1.119733110194e-04  -9.929734807508e-07   1.290936116099e-01  -2.619767228671e-01   3.940001901379e-05  -5.236531774869e-07   4.319562189113e-04  -5.866112405331e-07  -2.049268334572e-01  -5.497303208696e-06   3.550173180714e-01   1.877425300645e+00   1.772769205029e+00   1.768047242896e-01   1.048580261769e-04  -1.970360597229e-06   1.532435842655e+00   1.841228891440e-01   1.035313333463e-04  -2.005803373214e-06   9.445667720971e-01   6.539839897378e-02   5.760920503694e-05  -1.127220298810e-06   4.688569018778e-01  -8.570257021258e-02   4.810893422986e-05  -7.796766367100e-07   3.009377776248e-05   6.589240601947e-09  -2.047533345192e-02  -5.816039674610e-07   3.546209690387e-02  -1.301687076258e-01  -8.264953772402e-02   3.520904932613e-02   7.612367422222e-02   3.699679141452e-03  -2.826511936969e-02  -4.867969630716e-02  -1.301727323798e-01  -8.265437309173e-02   3.520435482582e-02   7.612173940603e-02   3.702840215647e-03  -2.804941683095e-02   4.880495454915e-02  -1.297275952489e-01  -8.229155789720e-02   3.545773875037e-02   7.622351208651e-02   3.536157012036e-03   5.607783965731e-02  -1.240155678173e-04
   6.004194748610e-06   3.663486469530e-06   9.288244007465e-05  -4.769212415785e-01  -1.159695470797e-06   1.161201539728e-04   1.774737821890e-04  -4.371475039524e-01  -2.223595177646e-06   1.877409084612e-04   1.119733110194e-04  -2.370642175275e-01  -7.649141460166e-07   1.280523463578e-04   4.352673562825e-05  -1.365804844562e-01   4.288727418399e-08  -9.014101164088e-02   1.108920532978e-03   1.444065601411e-01  -4.186278038637e-07   8.360857933326e-02   5.340340943346e-04   5.045086414148e-04   1.280190919892e-04  -2.108988250547e-01   1.841195079632e-08   4.456627641657e-04   1.322686235835e-04  -2.118601060954e-01   2.360090709443e-08   2.654731595450e-04   5.941937108740e-05  -1.280786865677e-01  -1.584750458825e-07   1.478835605011e-04   8.626438445103e-05  -1.138299370834e-01  -2.228526673705e-07  -3.972600902227e-02   8.335616867886e-07   7.511764217560e-05   7.997792525859e-09   7.986162594923e-05   1.922150887029e-01   1.304160834294e-01   5.635144344633e-02   2.155438806817e-02  -2.940935333991e-02   9.253012032013e-04   7.570764607306e-02   1.907441281080e-01   1.294196665440e-01   5.592225391854e-02   2.139068557815e-02  -2.918463984080e-02   2.547422874573e-04  -7.531984437345e-02  -3.825058657960e-01  -2.594005095926e-01  -1.117773166735e-01  -4.258708802514e-02   5.833470751993e-02   1.310652938366e-01  -3.831513111954e-04
  -5.174907089324e-08   2.783552516467e-08  -5.390760715525e-07  -1.161208710461e-06  -4.767892819403e-01  -2.767597810918e-08  -1.022631915968e-06  -2.225006969199e-06  -4.366355319104e-01  -2.549546626215e-06  -9.929734807508e-07  -7.649141460166e-07  -2.365190011895e-01  -2.579399050448e-06  -5.972554101025e-07   4.328655182430e-08  -1.363488424586e-01  -4.185518955608e-07   1.670917037993e-01  -9.589480264551e-04  -9.013952721577e-02  -5.579827172903e-04  -9.765095608631e-06  -9.222467934568e-06  -2.209479755330e-06   1.861747834821e-08  -2.109117973870e-01  -8.041633146995e-06  -2.280429033566e-06   2.383652856148e-08  -2.118738244603e-01  -4.824355626178e-06  -9.020006440801e-07  -1.584119166730e-07  -1.280083665894e-01  -2.783657546618e-06  -1.304169496145e-06  -2.226747456076e-07  -1.136180499866e-01   7.963075960228e-09   8.621182359083e-05  -8.380180665932e-08  -3.972627889053e-02  -7.278748270515e-07   3.305863018932e-01   2.241193211472e-01   9.655481732011e-02   3.682982450603e-02  -5.060628785604e-02   7.564451882616e-02   8.687330944093e-02  -3.314325343931e-01  -2.246965200064e-01  -9.680821535254e-02  -3.692920096411e-02   5.073618414162e-02  -7.525716357817e-02   8.754110738173e-02   8.433930718802e-04   5.711504204209e-04   2.441976605256e-04   9.182127788230e-05  -1.288113055510e-04  -3.827056336428e-04  -4.302409656112e-02
  -8.400426191384e-01  -8.023768656253e-01  -2.728115458329e-02   1.611817619500e-05   4.177992440525e-07  -8.617462866012e-01   3.534771678202e-02   1.100489593493e-04  -7.393008475237e-07  -7.438181241538e-01   1.290936116099e-01   1.280523463578e-04  -2.579399050448e-06  -4.469678118754e-01   6.306320739956e-02   5.547700084302e-05  -1.460262184512e-06   1.351205331467e-04  -2.208824092872e-06   3.704578732537e-02  -5.528577432384e-07  -6.362234738061e-02  -7.816897681898e-01  -7.398837584284e-01  -4.932168011208e-02  -7.301463619888e-06   2.719632444516e-07  -7.368439297435e-01  -9.717949973056e-02  -1.982041487462e-05   5.301400928014e-07  -6.026200072443e-01  -3.135214341374e-01  -9.177988135864e-05   1.685205638556e-06  -5.067639283148e-01  -4.178767006876e-01  -1.097730693183e-04   1.731157758785e-06  -1.647078823708e-05  -8.328045371679e-09   1.568574190080e-02   2.765130620302e-07  -2.716566872683e-02  -2.776078766059e-01  -4.097121521576e-01  -4.575368911007e-01  -3.458894458513e-01   7.709146403896e-02  -1.239268970098e-01  -2.130680286611e-01  -2.776039455448e-01  -4.097066038505e-01  -4.575339201618e-01  -3.458885930107e-01   7.709284747081e-02  -1.229760375886e-01   2.136094267464e-01  -2.775844035036e-01  -4.096382973989e-01  -4.574932759739e-01  -3.458758699485e-01   7.675019673002e-02   2.464822712038e-01  -5.431362223212e-04
   4.936248350407e-04  -1.781556621767e-03  -1.343480318709e-01   4.370953441493e-05  -5.155407666209e-07  -3.379174001010e-03  -2.489137641059e-01   7.705022204037e-05  -8.263623352941e-07   6.574974886691e-02  -2.619767228671e-01   4.352673562825e-05  -5.972554101025e-07   6.306320739956e-02  -7.101804706067e-02   1.720283710984e-05  -3.184425886166e-07   1.631585658952e-04  -9.700216899326e-08  -8.035868711529e-02  -2.244187289958e-06   1.392107125635e-01   8.487864856187e-01   8.034073667256e-01  -3.688652209339e-02   1.538080391641e-05  -3.113666914969e-07   7.721393469871e-01  -1.976333997529e-02   2.228844699249e-05  -4.668704970387e-07   4.967571460695e-01   1.325019431898e-02   2.705214823407e-05  -5.680960673951e-07   2.188906868248e-01  -1.472177385890e-02   2.089687482572e-05  -4.405271460241e-07   7.914255628303e-06   4.823875417439e-09  -3.257070271213e-03  -1.509153390433e-07   5.640078257891e-03  -6.426179232716e-02  -4.873864086529e-02   2.046226607740e-02   4.336595530482e-02  -1.795748360573e-02  -1.699148755178e-02  -2.924577773684e-02  -6.426443090784e-02  -4.874147395813e-02   2.046015596844e-02   4.336532259186e-02  -1.795545263636e-02  -1.686212781696e-02   2.932156934926e-02  -6.404219413164e-02  -4.854208379078e-02   2.056360602683e-02   4.338947123403e-02  -1.804564911669e-02   3.371347246873e-02  -7.451025687135e-05
   2.098236797066e-06   8.570292658197e-07   3.769146763926e-05  -1.809272000276e-01  -2.454449294504e-07   3.487446341027e-05   6.835959099667e-05  -2.419161284366e-01  -4.776551601589e-07   7.132647474626e-05   3.940001901379e-05  -1.365804844562e-01   4.328655182430e-08   5.547700084302e-05   1.720283710984e-05  -1.762208391590e-03   1.646068432296e-07  -3.298236564607e-02   4.325253053027e-04   5.635332519248e-02  -2.055971725388e-08   3.263143915903e-02   2.414387850883e-04   2.286391797302e-04   2.924526291366e-05  -1.087532338628e-01  -2.357639876796e-08   2.240155793286e-04   3.919923626551e-05  -1.223745721890e-01  -2.424249498313e-08   1.393239683602e-04   2.856217041203e-05  -8.325683934995e-02  -3.720960463233e-08   6.508978447181e-05   3.181634730332e-05  -2.878721595512e-02   1.478963751695e-08  -1.483652609583e-02  -3.872583456614e-07  -6.204927059168e-05   1.120609641966e-08  -2.515195458680e-05   9.630382806142e-02   7.443518678493e-02   1.983038990365e-02  -1.925338074811e-04  -1.742568184074e-02  -1.927216009371e-02   4.464583371781e-02   9.556768371719e-02   7.386679013718e-02   1.967962827091e-02  -1.905854896171e-04  -1.729293260472e-02  -1.966695895262e-02  -4.441788759768e-02  -1.916555253018e-01  -1.480856555953e-01  -3.931994356025e-02   5.161767383539e-04   3.456193063410e-02   5.752401932919e-02  -2.260595449135e-04
  -2.308563311956e-08   2.881116352650e-09  -3.623081527531e-07  -2.464838676048e-07  -1.808834409174e-01  -2.308461279991e-07  -6.429962278006e-07  -4.787988014758e-07  -2.417278819207e-01  -1.479972488139e-06  -5.236531774869e-07   4.288727418399e-08  -1.363488424586e-01  -1.460262184512e-06  -3.184425886166e-07   1.646068432296e-07  -1.644507911128e-03  -2.064313688108e-08   6.520700874504e-02  -3.745057616309e-04  -3.298476079855e-02  -2.177325310530e-04  -4.414059463794e-06  -4.178582560507e-06  -4.416383423340e-07  -2.337809559051e-08  -1.087586654912e-01  -4.032625943447e-06  -6.151800151758e-07  -2.401507653716e-08  -1.223806164919e-01  -2.566720708629e-06  -5.448260792815e-07  -3.720542237516e-08  -8.322860744217e-02  -1.411231132363e-06  -8.331615513691e-07   1.467186827968e-08  -2.869090296560e-02   1.116856307762e-08  -7.274963922603e-05   5.531109133141e-07  -1.483712351542e-02   1.149606746438e-07   1.656291370677e-01   1.279451255950e-01   3.396044892799e-02  -4.318730839055e-04  -2.997868508874e-02   4.462588628182e-02   3.144076019204e-02  -1.660544848251e-01  -1.282751253223e-01  -3.405062011412e-02   4.304576070404e-04   3.005631895906e-02  -4.439806461408e-02   3.183621458742e-02   4.226218954520e-04   3.261543328763e-04   8.557207166834e-05  -2.240757778539e-06  -7.630458738750e-05  -2.259361604118e-04  -4.520528835397e-02
   8.312429304175e-06   1.221334962683e-05   1.847512513325e-04  -5.945774449245e-02  -5.750190549635e-07   2.241917810581e-04   5.064521783427e-04  -1.246638567291e-01  -1.218888510703e-06   2.302446917926e-04   4.319562189113e-04  -9.014101164088e-02  -4.185518955608e-07   1.351205331467e-04   1.631585658952e-04  -3.298236564607e-02  -2.064313688108e-08   1.353252735485e+00   5.925933659189e-04   7.725781799055e-02  -1.170698776074e-06   4.443409898044e-02  -5.506279205223e-04  -5.262538685617e-04  -3.183387514002e-04   2.581228272273e-01  -1.497423937110e-08  -4.565523774572e-04  -1.372355954269e-04   2.292990269824e-01  -1.477894281711e-08  -2.451184373350e-04   2.690399048864e-05   8.727435834507e-03   1.537574898545e-09  -6.861927630714e-05   1.631596705495e-04   4.774723180370e-03  -5.662723216767e-08  -1.962403725876e-02   1.201071206927e-06   9.890214928130e-05   1.128004907072e-09   1.944412012234e-04   1.399560164221e-02   2.228101043821e-02   2.135877889914e-02   5.554601747798e-03  -8.118450969682e-02  -1.477855929063e-02  -1.907038032933e-01   1.389154361057e-02   2.211144898422e-02   2.119720646625e-02   5.513151590300e-03  -8.055019689297e-02  -1.309213131470e-02   1.897371558983e-01  -2.785630063422e-02  -4.393822363925e-02  -4.190336974668e-02  -1.069082694718e-02   1.625874639552e-01  -3.418748834298e-01   9.637717417908e-04
  -1.583106361347e-07  -2.214695080039e-07  -6.996781752641e-07   5.916660748797e-04   8.910106831147e-02  -4.518993192924e-06  -1.411490503353e-06   1.379574771520e-03   2.077208702282e-01  -4.188510705623e-06  -5.866112405331e-07   1.108920532978e-03   1.670917037993e-01  -2.208824092872e-06  -9.700216899326e-08   4.325253053027e-04   6.520700874504e-02   5.925933659189e-04   1.340033640696e+00   8.515204646817e-07   8.948283890589e-02   4.811304973030e-06   5.500354873754e-09   6.860563030922e-09   7.631796187788e-08  -4.516612534078e-05  -6.546617203986e-03   6.629066365683e-08   5.203804121308e-08  -4.352493534260e-05  -6.331335617525e-03  -4.087531925129e-07  -1.161739846669e-06   1.226463233881e-04   1.846403449862e-02  -1.515229676836e-06  -2.606928892098e-06   3.627390963953e-04   5.466753393409e-02   1.360499264359e-05  -2.228950665006e-02  -6.547687833616e-09   2.059702043605e-03  -1.361886378687e-08  -2.560411322373e-02  -5.283570061968e-02  -5.926911566273e-02  -1.685373516271e-02  -1.912206881490e-01   1.640182862301e-03   3.334555413795e-01   2.547993491617e-02   5.256281052650e-02   5.896234960465e-02   1.676463975879e-02   1.902520261890e-01   2.808665485449e-03   3.334727688635e-01   1.307689580075e-04   2.682597022789e-04   2.997490378149e-04   8.430210706606e-05   9.658051216766e-04   2.208516813620e-03   3.361901785773e-01
  -7.012990515150e-04  -1.833854853376e-03  -6.483809489409e-02   7.695701154117e-02  -5.105112283009e-04   1.981792260674e-02  -2.057572302084e-01   1.794993018166e-01  -1.190712266652e-03   5.191360431115e-02  -2.049268334572e-01   1.444065601411e-01  -9.589480264551e-04   3.704578732537e-02  -8.035868711529e-02   5.635332519248e-02  -3.745057616309e-04   7.725781799055e-02   8.515204646817e-07   1.280552036038e+00  -5.153113532817e-04   1.042491788867e-01   5.587318123297e-01   5.340360525306e-01   2.413831666354e-01  -5.643495258024e-03   3.446920486563e-05   4.586777667470e-01   6.204707097740e-02  -5.501951081681e-03   3.438684470802e-05   2.566008112807e-01   3.839031058725e-03   1.597519460484e-02  -1.061013627340e-04   1.458901118404e-01   4.616020958118e-03   4.727679318912e-02  -3.143431704417e-04   1.713045777989e-03  -8.552772955047e-09   4.015792020975e-02  -1.073788537489e-05  -1.081639165454e-01  -2.190453910096e-02  -3.873696800647e-02  -2.131348320626e-02   1.264393491511e-02  -2.176544272170e-01   3.126289900863e-01   3.410795846391e-02  -2.210501564340e-02  -3.914015762528e-02  -2.176728228884e-02   1.251473449980e-02  -2.191220765084e-01   3.124515478973e-01  -3.806431919420e-02   1.631326872908e-02   4.006604913473e-02   6.709162679355e-02   3.779477021600e-02   6.668353085677e-02   2.436368606101e-01  -1.819682279922e-03
  -8.550378654800e-09  -3.143261884266e-08  -1.597759130905e-06  -5.755327286050e-07  -5.949323340641e-02  -2.387458896568e-07  -5.305851148337e-06  -1.219380027785e-06  -1.246786126940e-01  -5.731348093632e-07  -5.497303208696e-06  -4.186278038637e-07  -9.013952721577e-02  -5.528577432384e-07  -2.244187289958e-06  -2.055971725388e-08  -3.298476079855e-02  -1.170698776074e-06   8.948283890589e-02  -5.153113532817e-04   1.353260320590e+00  -2.951614091353e-04   1.006788419324e-05   9.622296024916e-06   5.729919781103e-06  -1.490327258424e-08   2.581279062853e-01   8.287891328606e-06   2.368993485498e-06  -1.473556016030e-08   2.293023140220e-01   4.577550128500e-06  -4.244279964395e-09   1.594368596608e-09   8.710738524698e-03   2.204329149408e-06  -8.259956713584e-07  -5.619311299678e-08   4.766296264826e-03   1.063821194092e-09   1.822262133589e-04   3.782047515961e-08  -1.962667543419e-02  -2.513859048811e-06   2.407253162430e-02   3.811352826957e-02   3.641354480938e-02   9.346652722485e-03  -1.395955129402e-01  -1.907881730914e-01  -2.317866668445e-01  -2.413943549227e-02  -3.821294409900e-02  -3.650986978974e-02  -9.372165801319e-03   1.399302668997e-01   1.898209410648e-01  -2.334835551864e-01   6.142886441812e-05   9.624697443540e-05   9.164541724422e-05   2.316641910886e-05  -3.583782008366e-04   9.643565080838e-04   9.571531450604e-02
   1.223951126291e-03   3.198875169822e-03   1.123501192785e-01   4.455019399818e-02  -2.975681272894e-04  -3.361123809151e-02   3.564718165460e-01   1.038919296036e-01  -6.935396627103e-04  -8.905837214354e-02   3.550173180714e-01   8.360857933326e-02  -5.579827172903e-04  -6.362234738061e-02   1.392107125635e-01   3.263143915903e-02  -2.177325310530e-04   4.443409898044e-02   4.811304973030e-06   1.042491788867e-01  -2.951614091353e-04   1.159302971577e+00  -9.677523583348e-01  -9.249785635431e-01  -4.181149001166e-01  -3.578526346743e-03   2.564319367799e-05  -7.944725628128e-01  -1.074913678142e-01  -3.360750469822e-03   2.313288555361e-05  -4.443548966831e-01  -6.412937204349e-03   9.226144031845e-03  -6.132982974494e-05  -2.523352733171e-01  -7.418174751573e-03   2.731425855762e-02  -1.817378190615e-04   1.134566836902e-03  -1.009378277122e-08  -1.081641101451e-01  -8.801850522721e-06   1.650560375366e-01   8.726716854968e-03   6.991354458594e-03  -3.022883434007e-02  -4.073839948794e-02   1.595639739432e-01   1.290019990564e-01  -6.884309586107e-02   8.613975646762e-03   6.757834177093e-03  -3.049016600462e-02  -4.081252361937e-02   1.587131233044e-01   1.292968500982e-01   6.677977688411e-02   3.088172507500e-02   5.248544303777e-02   2.080217815318e-02  -2.622907371369e-02   3.230763887976e-01   2.444981076046e-01  -1.279532036447e-03
  -3.434495116855e-04  -2.325840666621e-04   1.580365825741e-02   4.792586780390e-06  -8.825089994461e-08  -2.637459311905e-01   8.984153845281e-01   2.557540371989e-04  -4.677621875775e-06  -9.600740883083e-01   1.877425300645e+00   5.340340943346e-04  -9.765095608631e-06  -7.816897681898e-01   8.487864856187e-01   2.414387850883e-04  -4.414059463794e-06  -5.506279205223e-04   5.500354873754e-09   5.587318123297e-01   1.006788419324e-05  -9.677523583348e-01  -2.256520129944e+01  -2.815978675627e+01  -2.656772148826e-02  -2.676712431191e-06   1.009970427921e-07  -1.044985287021e+01  -1.153505027658e-02  -1.642080107673e-06   4.846405076380e-08  -4.472144375105e+00  -4.547263125384e-03  -6.430915408785e-07   1.881340127864e-08  -2.038808120815e+00  -1.447451796635e-03  -9.906981587081e-08   5.527531269059e-09  -2.543227930553e-07  -3.593126034413e-09  -1.124018839632e-03  -3.034565060436e-09   1.947551898385e-03   6.705509493156e-05  -4.765226706038e-02  -4.510415788105e-01  -5.397936272663e-01   2.732862237356e-03  -7.575715623151e-04  -1.303421589603e-03   6.706263237839e-05  -4.764893345486e-02  -4.510313044018e-01  -5.397892829853e-01   2.732545782197e-03  -7.516826917216e-04   1.306587222961e-03   6.675681623077e-05  -4.776166732925e-02  -4.513786316601e-01  -5.399361067419e-01   2.741964987788e-03   1.516298166567e-03  -3.350545416075e-06
  -2.718871970215e-04  -2.190510631920e-04   1.437011640777e-02   4.650260855529e-06  -8.364283489583e-08  -2.520535057859e-01   8.560747799626e-01   2.440529518710e-04  -4.460741707117e-06  -9.079586448828e-01   1.772769205029e+00   5.045086414148e-04  -9.222467934568e-06  -7.398837584284e-01   8.034073667256e-01   2.286391797302e-04  -4.178582560507e-06  -5.262538685617e-04   6.860563030922e-09   5.340360525306e-01   9.622296024916e-06  -9.249785635431e-01  -2.815978675627e+01  -2.133658136726e+01  -2.537825635960e-02  -2.650623669982e-06   9.758234925269e-08  -9.528039988422e+00  -6.404234234647e-03  -1.070987553457e-06   2.863114898149e-08  -4.203219261719e+00  -1.881695529246e-03  -2.196146479398e-07   7.653279279289e-09  -1.927152733290e+00  -1.842491734734e-04   2.434088040438e-07  -7.212811181489e-10   4.043975303110e-07  -4.408359948510e-09  -2.221222926041e-03  -1.749720787255e-08   3.848022167178e-03   2.162232907154e-04  -4.540139824588e-02  -4.269735605757e-01  -5.110385158286e-01   2.566065053303e-03  -6.483463278029e-04  -1.115699214434e-03   2.162245445777e-04  -4.539821907260e-02  -4.269638448509e-01  -5.110344037608e-01   2.565762660558e-03  -6.432985106577e-04   1.118393517995e-03   2.163059755352e-04  -4.550559967933e-02  -4.272923053633e-01  -5.111734001523e-01   2.574826142591e-03   1.298567026647e-03  -2.870710518361e-06
  -4.501831719713e-03  -5.712379104110e-03   1.711800182394e-01   7.013707439093e-05  -1.251138873207e-06  -2.368983383975e-01   4.929994681558e-01   1.981971398315e-04  -3.544447265209e-06  -2.038985306230e-01   1.768047242896e-01   1.280190919892e-04  -2.209479755330e-06  -4.932168011208e-02  -3.688652209339e-02   2.924526291366e-05  -4.416383423340e-07  -3.183387514002e-04   7.631796187788e-08   2.413831666354e-01   5.729919781103e-06  -4.181149001166e-01  -2.656772148826e-02  -2.537825635960e-02   2.011244082709e+00   7.777798136194e-06  -2.955100841633e-07  -7.511293521165e-03  -1.126562620478e+00   4.914869932428e-06  -2.203883030460e-07  -1.188333750661e-02  -9.526289561434e-01   6.898080612696e-06  -1.428066879122e-07  -4.303273974424e-03  -3.671132311663e-01   1.347337189208e-05  -1.831147271671e-07  -1.874133438465e-05   4.228266798205e-09   3.629503747908e-02   4.148796029918e-07  -6.286640843194e-02   5.449094839283e-03  -3.990713754401e-02  -8.690371834633e-02  -3.404738052466e-02   3.070655654611e-02  -4.446332777959e-03  -7.660213552613e-03   5.449189455200e-03  -3.990505515328e-02  -8.690284801718e-02  -3.404755747678e-02   3.070487786237e-02  -4.411795099684e-03   7.678717477488e-03   5.445805488094e-03  -3.995198746980e-02  -8.689140283824e-02  -3.402406898489e-02   3.072997132403e-02   8.926539275622e-03  -1.982318832759e-05
  -1.229181356238e-06  -1.117187525809e-06   4.686848059412e-05  -1.358486220465e-02   1.038066568376e-07  -6.173976775325e-05   1.707174307693e-04  -1.223454197793e-01   1.105507495546e-07  -5.153944986540e-05   1.048580261769e-04  -2.108988250547e-01   1.861747834821e-08  -7.301463619888e-06   1.538080391641e-05  -1.087532338628e-01  -2.337809559051e-08   2.581228272273e-01  -4.516612534078e-05  -5.643495258024e-03  -1.490327258424e-08  -3.578526346743e-03  -2.676712431191e-06  -2.650623669982e-06   7.777798136194e-06   1.891598886119e+00  -6.273824145484e-08  -7.757313412991e-06   5.182051072170e-06  -1.226228180430e+00  -6.023446259567e-08  -2.190506494693e-06   6.965071280381e-06  -9.948843732347e-01  -2.085507854509e-08   6.481246751087e-06   9.741336082121e-06  -3.930854553586e-01  -1.139475316126e-08  -3.323012637615e-02  -3.204468273397e-06  -4.325851162904e-04   5.393263565541e-09  -2.529368735558e-04  -5.113254230440e-03   9.529928001692e-03   2.753073055334e-02   1.271857063301e-02  -8.070074865391e-03  -5.195146428125e-05   2.711180058233e-03  -5.074228835689e-03   9.456302963946e-03   2.731978101148e-02   1.262133344841e-02  -8.007827363543e-03  -7.576486941942e-05  -2.697027129763e-03   1.018791920477e-02  -1.902484794523e-02  -5.486284031429e-02  -2.531987405213e-02   1.610510349456e-02   4.644666371964e-03  -1.393249875848e-05
   2.982295819793e-08   2.163425987086e-08  -9.437255830991e-07   1.039166298946e-07  -1.359377676042e-02   1.100278528587e-06  -3.203316649408e-06   1.105791641829e-07  -1.223606371555e-01   1.021268648652e-06  -1.970360597229e-06   1.841195079632e-08  -2.109117973870e-01   2.719632444516e-07  -3.113666914969e-07  -2.357639876796e-08  -1.087586654912e-01  -1.497423937110e-08  -6.546617203986e-03   3.446920486563e-05   2.581279062853e-01   2.564319367799e-05   1.009970427921e-07   9.758234925269e-08  -2.955100841633e-07  -6.273824145484e-08   1.891609855483e+00   1.047237908543e-07  -2.241483864211e-07  -6.023470775760e-08  -1.226217485515e+00   6.351287994663e-08  -1.480492892194e-07  -2.087555399219e-08  -9.948821873442e-01  -1.721721671408e-08  -1.274408034780e-07  -1.149599101239e-08  -3.930897881105e-01   5.397815851079e-09  -5.157986982553e-04   3.056275313281e-06  -3.323050525957e-02   1.807396559412e-06  -8.817466552020e-03   1.637322454099e-02   4.734385594746e-02   2.186523594535e-02  -1.387409927139e-02   2.710748701114e-03   3.044429064635e-03   8.840109075206e-03  -1.641386021741e-02  -4.746426029328e-02  -2.192117531969e-02   1.390866040282e-02  -2.696619048245e-03   3.068146811440e-03  -2.257830018324e-05   4.193774983834e-05   1.211144840197e-04   5.590120091351e-05  -3.554756249045e-05  -1.390953180819e-05  -1.644022096864e-03
  -2.113732574965e-02  -2.170145008234e-02   2.002329860336e-01   6.726334722047e-05  -1.188045182048e-06  -3.949701532385e-01   9.230148856001e-01   2.760443576067e-04  -4.963044193570e-06  -8.853497995740e-01   1.532435842655e+00   4.456627641657e-04  -8.041633146995e-06  -7.368439297435e-01   7.721393469871e-01   2.240155793286e-04  -4.032625943447e-06  -4.565523774572e-04   6.629066365683e-08   4.586777667470e-01   8.287891328606e-06  -7.944725628128e-01  -1.044985287021e+01  -9.528039988422e+00  -7.511293521165e-03  -7.757313412991e-06   1.047237908543e-07  -4.990265471448e+00  -4.914140628820e-02  -1.928729907711e-05   3.395314250673e-07  -3.096429873710e+00  -4.376296515468e-02  -1.179860259215e-05   2.507801183307e-07  -1.749577596729e+00  -8.819191283521e-03   1.579624457617e-06   3.158553613823e-08  -1.946755454388e-05  -1.510851094049e-08   2.000724665901e-02   3.774422362145e-07  -3.464900383477e-02   1.658763027427e-03  -8.960900065414e-02  -4.420306663106e-01  -5.168480859188e-01   3.986335350577e-02  -9.506830055669e-03  -1.635979725010e-02   1.658986849960e-03  -8.960415177787e-02  -4.420214567973e-01  -5.168440541742e-01   3.986063109862e-02  -9.433290964064e-03   1.640013197048e-02   1.654390208765e-03  -8.976036060658e-02  -4.423282975246e-01  -5.169792027717e-01   3.993141401666e-02   1.901117257451e-02  -4.202945748197e-05
  -6.995769900416e-02  -8.357587805196e-02   3.819773721885e-01   1.439839341813e-04  -2.613149679275e-06  -3.631067864572e-01   4.377486710242e-01   1.939515406898e-04  -3.465737230438e-06  -2.747170523841e-01   1.841228891440e-01   1.322686235835e-04  -2.280429033566e-06  -9.717949973056e-02  -1.976333997529e-02   3.919923626551e-05  -6.151800151758e-07  -1.372355954269e-04   5.203804121308e-08   6.204707097740e-02   2.368993485498e-06  -1.074913678142e-01  -1.153505027658e-02  -6.404234234647e-03  -1.126562620478e+00   5.182051072170e-06  -2.241483864211e-07  -4.914140628820e-02   5.451488134731e-02  -1.374890324642e-05   1.620170893159e-07  -1.044743996778e-01  -5.569311334642e-01  -1.786649913587e-05   3.419049781850e-07  -7.621436338450e-02  -3.846215700561e-01   2.199722457831e-06   3.838198713893e-08  -4.652989516326e-05   2.537231539139e-09   7.752049474262e-02   9.637213350838e-07  -1.342699938200e-01  -3.590428734986e-03  -8.907713940857e-02  -1.332210116057e-01  -6.934056558207e-02   8.281423870646e-02  -2.239307169528e-02  -3.853071609425e-02  -3.589544098454e-03  -8.907381558134e-02  -1.332197129953e-01  -6.934060388517e-02   8.281041638235e-02  -2.222030954934e-02   3.862647571698e-02  -3.618929493780e-03  -8.914030047541e-02  -1.332103571045e-01  -6.931699503295e-02   8.284940683451e-02   4.473548377866e-02  -9.890460115711e-05
