ARMA_MAT_TXT_FN008
65 65
  -2.171142963838e+01  -2.195080204198e+01   1.329258344254e-01   9.267425093381e-05  -6.960268801848e-07  -7.722001558066e+00   6.136733880866e-02   4.277261766027e-05  -3.218012794342e-07  -3.499817706146e+00   1.954939092878e-02   1.361540217227e-05  -1.028807182736e-07  -1.477100074569e+00   4.919469992134e-03   3.424520508794e-06  -2.594589195396e-08   3.466347549963e-06  -1.763524006366e-07   6.514806389551e-03   9.186076837591e-08  -1.125859957237e-02  -2.659385287345e-04  -1.212665754484e-04  -3.746163767219e-03  -1.064425013262e-06   1.947661310160e-08  -3.729662629256e-02  -1.341535129728e-01  -3.806621872760e-05   6.975677183541e-07  -7.952304624825e-01  -2.160861986389e+00  -6.126786851884e-04   1.123841214124e-05  -1.393255882834e+00  -2.312114584119e+00  -6.549650428303e-04   1.202470675101e-05  -3.532236228056e-05   7.712619836016e-11   3.592963600543e-02   6.471160024764e-07  -6.223191542233e-02  -2.323727730478e-01  -1.677183421215e+00  -1.792644372644e+00  -1.099935551903e+00   6.537434404236e-01  -9.363514166354e-01  -1.609499840977e+00  -2.323511506029e-01  -1.677127825507e+00  -1.792624653378e+00  -1.099931241587e+00   6.537335258377e-01  -9.291376763011e-01   1.613541167495e+00  -2.321216891387e-01  -1.676536225954e+00  -1.792414926344e+00  -1.099885414680e+00   6.508369384733e-01   1.861676459096e+00  -4.100038427192e-03
  -2.195080204198e+01  -1.995407664824e+01   1.846507612111e-01   1.287367922660e-04  -9.668433912520e-07  -8.329271102467e+00   5.737644133872e-02   4.000317476953e-05  -3.003960081029e-07  -3.790567812765e+00   1.498473441556e-02   1.044828788387e-05  -7.842620787690e-08  -1.596537414208e+00   3.505979811753e-03   2.444742559460e-06  -1.834479619466e-08   1.739039149069e-06  -8.843908666821e-08   3.250866688935e-03   4.602643737033e-08  -5.617994587301e-03   1.234311793673e-05   9.502524218227e-06  -4.673082271488e-05  -1.330755175132e-08   2.432653805617e-10  -2.836121231649e-02  -1.232509745643e-01  -3.499951068845e-05   6.409968640175e-07  -8.545850477846e-01  -2.341455457400e+00  -6.641464401550e-04   1.217734758203e-05  -1.504236512188e+00  -2.503960969425e+00  -7.099984291209e-04   1.302213205637e-05  -2.569376846188e-05   1.169260471697e-10   2.610896019583e-02   4.703682273965e-07  -4.522203499115e-02  -2.444677658390e-01  -1.819288002827e+00  -1.939923692095e+00  -1.188609204687e+00   7.218733950046e-01  -1.036808939569e+00  -1.782172339908e+00  -2.444436494553e-01  -1.819227683177e+00  -1.939902349057e+00  -1.188604549404e+00   7.218628114330e-01  -1.028821686115e+00   1.786647992568e+00  -2.441863045758e-01  -1.818584199829e+00  -1.939674637264e+00  -1.188554878475e+00   7.186556489276e-01   2.061410644544e+00  -4.539894885875e-03
   1.329258344254e-01   1.846507612111e-01  -9.446204062796e+00   2.486930756054e-05   6.584080194214e-07   4.927236804403e-01  -6.272133857808e+00   2.670368358475e-05   7.142911440160e-07   3.144616070316e-01  -2.319665252496e+00   1.084796644589e-05   2.996941878504e-07   1.493373593145e-01  -6.186813666283e-01   2.929888059848e-06   8.273421304472e-08   2.683036065522e-04  -3.652483602038e-07  -2.050549502261e-01  -2.818832089842e-06   3.551699085434e-01   1.844614320940e-02   1.386736669430e-02   1.269864741890e-01   3.895043839601e-05  -7.127455480232e-07   4.234279177309e-01   1.060968638463e+00   3.400822881083e-04  -6.234097604613e-06   1.344337559918e+00   2.290511787318e+00   8.816164887385e-04  -1.615629757817e-05   8.881110376517e-01   5.062971404439e-01   3.901828979076e-04  -7.045563943009e-06   4.426581488468e-04  -3.902039323403e-10  -4.022898547910e-01  -8.111908572358e-06   6.967856611284e-01  -3.598321391655e-01  -4.589092582970e-01  -6.113186611538e-02   5.833658090516e-02  -5.612828629939e-01  -5.503738287932e-01  -9.460687354438e-01  -3.598275346786e-01  -4.589286698828e-01  -6.114394105783e-02   5.833339491909e-02  -5.612075197658e-01  -5.461759755806e-01   9.485176301864e-01  -3.581474627687e-01  -4.565582312519e-01  -6.026743815776e-02   5.853383288891e-02  -5.639534375827e-01   1.090041081923e+00  -2.400724916136e-03
   9.267425093381e-05   1.287367922660e-04   2.486930756054e-05  -9.285289296691e+00  -1.264835269282e-06   3.431192665174e-04   2.670368358475e-05  -6.094687448874e+00  -1.364406021546e-06   2.183254460274e-04   1.084796644589e-05  -2.243199199022e+00  -5.635715654169e-07   1.034848295548e-04   2.929888059848e-06  -5.972922021653e-01  -1.540207714032e-07   2.360838573905e-01   2.109840006172e-04   2.753053315273e-02  -3.652483602038e-07   1.583438058664e-02   5.245733879404e-06   3.943177431438e-06   3.900389463511e-05  -1.012780275364e-02  -2.262217552398e-10   1.208905258880e-04   3.428577211029e-04  -1.384558438972e-01  -5.347674880670e-09   3.993811960273e-04   9.323329449671e-04  -8.166373440257e-01  -1.129163479980e-07   2.974182229209e-04   4.670219100245e-04  -8.452845344960e-01  -1.819929573578e-07  -1.671983222203e-01   9.505980497774e-07  -1.042162808433e-04  -5.153032501218e-09   2.999457441808e-04   5.435731342246e-01   8.436199267899e-01   3.257056291769e-01   7.571051783731e-02  -6.250291086529e-01  -7.097366346065e-02   1.498329472373e+00   5.393847586116e-01   8.371549305800e-01   3.232162362854e-01   7.513274277595e-02  -6.202565738596e-01  -8.422851861173e-02  -1.490647424956e+00  -1.080706162510e+00  -1.677818313271e+00  -6.476648308053e-01  -1.504110050228e-01   1.238483239983e+00   2.506941589184e+00  -7.596165941929e-03
  -6.960268801848e-07  -9.668433912520e-07   6.584080194214e-07  -1.264835269282e-06  -9.285107854191e+00  -2.594489364492e-06   7.142911440160e-07  -1.364406021546e-06  -6.094488262495e+00  -1.676314983415e-06   2.996941878504e-07  -5.635715654169e-07  -2.243114370978e+00  -8.017761354556e-07   8.273421304472e-08  -1.540207714032e-07  -5.972686467963e-01  -3.652483602038e-07   3.211820519991e-02  -1.846260657197e-04   2.360881737988e-01  -1.069014163535e-04  -9.593745905807e-08  -7.211965307122e-08  -7.131940782254e-07  -2.260712881035e-10  -1.012780552964e-02  -2.203164828490e-06  -6.240299788930e-06  -5.335004598883e-09  -1.384550052267e-01  -6.984981372458e-06  -1.613755298585e-05  -1.126472639892e-07  -8.166172234627e-01  -4.615127855021e-06  -7.039487474146e-06  -1.815916233997e-07  -8.452549849060e-01  -5.141796030211e-09  -3.514840052170e-05   3.527877429224e-06  -1.671977271560e-01  -4.535697665666e-06   9.343146635291e-01   1.449891973762e+00   5.596279687257e-01   1.299984747664e-01  -1.074299920380e+00   1.498194495647e+00   1.632669674438e+00  -9.366597272362e-01  -1.453592861999e+00  -5.610681596854e-01  -1.303346816416e-01   1.077072025089e+00  -1.490513741417e+00   1.645891964567e+00   2.379896679045e-03   3.694224349621e-03   1.425534337312e-03   3.307761474961e-04  -2.727194334983e-03  -7.594877230446e-03  -9.420262999437e-01
  -7.722001558066e+00  -8.329271102467e+00   4.927236804403e-01   3.431192665174e-04  -2.594489364492e-06  -1.083513820538e+01   7.861638112831e-01   5.255675934625e-04  -4.668185924811e-06  -7.670556651406e+00   5.060348252418e-01   3.127643668993e-04  -3.435703791872e-06  -3.948954164365e+00   1.711958824667e-01   1.016729490033e-04  -1.217287237624e-06   5.827263441337e-05  -3.562467262534e-06   1.723747554709e-01   2.122762825806e-06  -2.979486167916e-01  -3.932244494996e-01  -3.845460537584e-01  -5.000055923356e-01  -1.417927348362e-04   2.595766696173e-06  -1.237827482674e+00  -1.705874906354e+00  -4.822386561292e-04   8.848771656761e-06  -2.927220346507e+00  -4.962710525065e+00  -1.389130842942e-03   2.574704388493e-05  -3.823852397675e+00  -5.154051457592e+00  -1.419246645284e-03   2.659589893695e-05  -4.348649507620e-04  -6.736654467781e-09   4.443783586816e-01   7.984815199742e-06  -7.696823927180e-01  -1.635861283778e+00  -4.023008562595e+00  -4.438963624734e+00  -3.001199650863e+00   1.359557025223e+00  -1.798691062765e+00  -3.091978514930e+00  -1.635791310360e+00  -4.022912872821e+00  -4.438919813432e+00  -3.001188143243e+00   1.359570602298e+00  -1.784887494741e+00   3.099834299475e+00  -1.635113709556e+00  -4.022007108161e+00  -4.438521050276e+00  -3.001085771771e+00   1.354529214398e+00   3.577828147876e+00  -7.880698877329e-03
   6.136733880866e-02   5.737644133872e-02  -6.272133857808e+00   2.670368358475e-05   7.142911440160e-07   7.861638112831e-01  -8.518458630905e+00   4.454422102745e-05   2.103247824855e-06   9.221478707260e-01  -5.472484693874e+00  -8.197404434404e-06   1.835403067992e-06   5.687674536554e-01  -1.901729182098e+00  -1.003288282159e-05   6.984271561005e-07   8.296972058396e-04  -9.745055478956e-07  -6.382154657559e-01  -1.056983881787e-05   1.105451499439e+00   1.348755981118e+00   1.330353123155e+00   1.292854246276e+00   4.422636621179e-04  -8.095920007871e-06   3.181897872830e+00   3.264039123593e+00   1.165512840306e-03  -2.136931449054e-05   4.173543202707e+00   4.090152752258e+00   1.773435074366e-03  -3.250060233863e-05   2.710660234221e+00   9.403257516659e-01   9.301501839009e-04  -1.670427102579e-05   9.231493420819e-04   1.569187137224e-08  -7.238806017672e-01  -1.694602186713e-05   1.253789248626e+00  -9.151572034541e-01  -9.218666389187e-01  -5.217837216129e-02   2.691163701208e-01  -1.416457869881e+00  -7.144081159617e-01  -1.228115801188e+00  -9.151729169182e-01  -9.219150581976e-01  -5.221157634180e-02   2.691062173357e-01  -1.416347632570e+00  -7.089724297682e-01   1.231317450187e+00  -9.112076575157e-01  -9.170376992006e-01  -4.990778868707e-02   2.697243715363e-01  -1.420046214266e+00   1.415240071668e+00  -3.117360993192e-03
   4.277261766027e-05   4.000317476953e-05   2.670368358475e-05  -6.094687448874e+00  -1.364406021546e-06   5.255675934625e-04   4.454422102745e-05  -7.904839049503e+00  -3.234935420565e-06   5.699508820117e-04  -8.197404434404e-06  -4.897319960921e+00  -1.800227082780e-06   3.377900418925e-04  -1.003288282159e-05  -1.682000089306e+00  -5.381610673196e-07   5.386843233341e-01   8.571983840579e-04   1.118362162466e-01  -9.745055478956e-07   6.456583870676e-02   3.835352563553e-04   3.782873865967e-04   4.436396511794e-04  -2.666875319770e-01  -2.832193596039e-09   9.065539650682e-04   1.175712196737e-03  -8.565426003457e-01  -2.057905354755e-08   1.213633735109e-03   1.853146288913e-03  -2.178487860202e+00  -3.132824325968e-07   8.688091134273e-04   1.097989940710e-03  -2.240178982308e+00  -6.013628451218e-07  -7.603955174563e-01   4.672828001113e-06  -1.121601111864e-04  -1.698708299819e-08   8.443491958374e-04   1.381458525983e+00   1.731110498469e+00   8.164904198025e-01   2.191749106640e-01  -8.718145348349e-01  -7.841770619629e-01   1.955553309800e+00   1.370855075054e+00   1.717855977629e+00   8.102509736899e-01   2.175025532828e-01  -8.651695601130e-01  -8.014553995237e-01  -1.945561384034e+00  -2.747584021622e+00  -3.443201505077e+00  -1.623499513809e+00  -4.353312364790e-01   1.728402142444e+00   2.581442252328e+00  -9.917560369572e-03
  -3.218012794342e-07  -3.003960081029e-07   7.142911440160e-07  -1.364406021546e-06  -6.094488262495e+00  -4.668185924811e-06   2.103247824855e-06  -3.234935420565e-06  -7.904238751928e+00  -6.260887152567e-06   1.835403067992e-06  -1.800227082780e-06  -4.896867148819e+00  -4.044217375643e-06   6.984271561005e-07  -5.381610673196e-07  -1.681843410086e+00  -9.745055478956e-07   1.299698671645e-01  -7.471387660396e-04   5.387142099076e-01  -4.338841114379e-04  -7.014651929659e-06  -6.918770186425e-06  -8.112406997967e-06  -2.829725601314e-09  -2.666874399751e-01  -1.656230792181e-05  -2.145181601017e-05  -2.054946969360e-08  -8.565378692635e-01  -2.178057318390e-05  -3.272499547486e-05  -3.129316934786e-07  -2.178405186479e+00  -1.453801224653e-05  -1.745919235370e-05  -6.007046387229e-07  -2.240012124465e+00  -1.695491626508e-08  -1.051619995610e-04   9.971721399752e-06  -7.603919913026e-01  -1.084706218022e-05   2.374505803598e+00   2.975104573604e+00   1.402760467769e+00   3.762575308677e-01  -1.498474847833e+00   1.955255518444e+00   1.439344362689e+00  -2.380537025285e+00  -2.982720120959e+00  -1.406374973964e+00  -3.772333567669e-01   1.502362444907e+00  -1.945266878891e+00   1.456661695193e+00   6.050601497743e-03   7.580427674890e-03   3.571690802878e-03   9.560157985803e-04  -3.805905215919e-03  -9.914280205210e-03  -1.921005200999e+00
  -3.499817706146e+00  -3.790567812765e+00   3.144616070316e-01   2.183254460274e-04  -1.676314983415e-06  -7.670556651406e+00   9.221478707260e-01   5.699508820117e-04  -6.260887152567e-06  -8.013813620947e+00   1.114853022814e+00   5.829149205211e-04  -8.703947676159e-06  -5.483275476764e+00   5.416348919635e-01   2.645743502298e-04  -4.343629813987e-06   2.251866740790e-05  -3.464865094788e-06   2.451917874220e-01   2.766936086218e-06  -4.239386953139e-01  -1.440187031565e+00  -1.425077477476e+00  -5.465102924504e-01  -1.542180827877e-04   2.826417925052e-06  -2.989424607389e+00  -1.590592012191e+00  -4.464499577108e-04   8.202206000206e-06  -4.569831930983e+00  -4.076933620014e+00  -1.129274347804e-03   2.091969145774e-05  -5.358074932045e+00  -5.027916007306e+00  -1.352792456745e-03   2.519538877686e-05  -1.909701733779e-04  -1.875272076896e-08   1.975428343310e-01   3.530570908831e-06  -3.421457901324e-01  -1.996648821204e+00  -4.301055882406e+00  -5.440762760105e+00  -4.328858997261e+00   9.249008626666e-01  -1.099161893172e+00  -1.889643884981e+00  -1.996606106205e+00  -4.300989277232e+00  -5.440718969006e+00  -4.328843583634e+00   9.249164373258e-01  -1.090740338214e+00   1.894467384672e+00  -1.996258291288e+00  -4.300504772736e+00  -5.440470272238e+00  -4.328765055862e+00   9.220593537227e-01   2.186930150205e+00  -4.818090102338e-03
   1.954939092878e-02   1.498473441556e-02  -2.319665252496e+00   1.084796644589e-05   2.996941878504e-07   5.060348252418e-01  -5.472484693874e+00  -8.197404434404e-06   1.835403067992e-06   1.114853022814e+00  -6.908288740457e+00  -1.220457843763e-04   3.400713418668e-06   9.874790574770e-01  -3.900795893458e+00  -8.174376313034e-05   1.897553200160e-06   6.572891402281e-04  -4.239955801997e-07  -5.304597255233e-01  -9.368834852180e-06   9.188140446506e-01   2.819147841942e+00   2.795631159543e+00   5.292462058686e-01   2.911640315294e-04  -5.335326653363e-06   5.283308971467e+00   1.324690631213e+00   7.510767461219e-04  -1.378138681868e-05   6.176773227026e+00   1.709539692947e+00   1.332934297669e-03  -2.441093911418e-05   4.660374563679e+00  -1.380153417150e-01   1.046793804079e-03  -1.892072680302e-05   1.840546245380e-04   2.923272480475e-08  -4.770030294208e-02  -3.411955224725e-06   8.260571829721e-02  -8.087611613357e-01  -9.906309745254e-01  -1.657842633999e-01   4.253192743059e-01  -1.459024060509e+00  -3.393852775177e-01  -5.834854911761e-01  -8.087920612543e-01  -9.906902386024e-01  -1.658366500384e-01   4.252979070311e-01  -1.458966115772e+00  -3.368076492160e-01   5.850142787810e-01  -8.054967783969e-01  -9.857292206201e-01  -1.622668077644e-01   4.266259306201e-01  -1.460869955269e+00   6.724954139708e-01  -1.481655946243e-03
   1.361540217227e-05   1.044828788387e-05   1.084796644589e-05  -2.243199199022e+00  -5.635715654169e-07   3.127643668993e-04  -8.197404434404e-06  -4.897319960921e+00  -1.800227082780e-06   5.829149205211e-04  -1.220457843763e-04  -5.876871784340e+00  -1.097303725556e-06   4.823574586386e-04  -8.174376313034e-05  -3.343783521268e+00  -3.359954876892e-07   3.840122830484e-01   6.575205585496e-04   8.584779394781e-02  -4.239955801997e-07   4.962805934633e-02   8.016510847668e-04   7.949400781041e-04   2.935075816353e-04  -5.024226352816e-01  -2.353768217027e-09   1.504317371497e-03   7.626646771135e-04  -1.348558372505e+00  -1.863815234194e-08   1.776460060524e-03   1.392592145303e-03  -3.041714392765e+00  -2.341034015394e-07   1.414525139546e-03   1.199798256547e-03  -3.757947325005e+00  -4.300243650187e-07  -4.965517446399e-01   3.538365561783e-06   1.128068107795e-04  -1.010209111931e-08   3.785218248455e-04   1.214850788343e+00   1.794825314991e+00   1.254545404644e+00   4.659459489819e-01  -4.622101346592e-01  -1.174687066157e+00   9.256672676084e-01   1.205551868142e+00   1.781098896616e+00   1.244961013324e+00   4.623898958854e-01  -4.586906037871e-01  -1.182857554728e+00  -9.209495121779e-01  -2.416853001578e+00  -3.570495336441e+00  -2.495011444933e+00  -9.259979060534e-01   9.169366393697e-01   4.188081720943e-01  -4.696311445521e-03
  -1.028807182736e-07  -7.842620787690e-08   2.996941878504e-07  -5.635715654169e-07  -2.243114370978e+00  -3.435703791872e-06   1.835403067992e-06  -1.800227082780e-06  -4.896867148819e+00  -8.703947676159e-06   3.400713418668e-06  -1.097303725556e-06  -5.876324135469e+00  -7.919067878362e-06   1.897553200160e-06  -3.359954876892e-07  -3.343529915575e+00  -4.239955801997e-07   9.972197062922e-02  -5.737525632204e-04   3.840431317237e-01  -3.334446967009e-04  -1.466186590127e-05  -1.453924571002e-05  -5.366671716202e-06  -2.350493115795e-09  -5.024223513167e-01  -2.750084324099e-05  -1.392029468276e-05  -1.861738574257e-08  -1.348552519294e+00  -3.231279644608e-05  -2.497370905879e-05  -2.339531655622e-07  -3.041625599254e+00  -2.534464257197e-05  -2.081734146981e-05  -4.297679405558e-07  -3.757719197017e+00  -1.008072240646e-08   8.095859293834e-06   3.845169686826e-06  -4.965486876202e-01  -3.503159056502e-06   2.088143215983e+00   3.084688638157e+00   2.155594652863e+00   8.001989214354e-01  -7.944533326329e-01   9.254429968616e-01  -1.221435535545e-01  -2.093491726707e+00  -3.092612610326e+00  -2.161154887739e+00  -8.022741535204e-01   7.965204475864e-01  -9.207279007144e-01  -1.139251999138e-01   5.322317974934e-03   7.860773880214e-03   5.488923089497e-03   2.033721447472e-03  -2.019071313870e-03  -4.693654373564e-03  -1.712797911326e+00
  -1.477100074569e+00  -1.596537414208e+00   1.493373593145e-01   1.034848295548e-04  -8.017761354556e-07  -3.948954164365e+00   5.687674536554e-01   3.377900418925e-04  -4.044217375643e-06  -5.483275476764e+00   9.874790574770e-01   4.823574586386e-04  -7.919067878362e-06  -5.330775909017e+00   6.987934231919e-01   3.174189667807e-04  -5.691415131272e-06  -1.152099567491e-06  -1.866330580659e-06   1.584347618968e-01   1.756641439673e-06  -2.739703307973e-01  -1.171651243738e+00  -1.159413106067e+00  -1.628902584174e-01  -4.537288241393e-05   8.340967523239e-07  -2.436099057359e+00  -5.378854543669e-01  -1.483905641297e-04   2.736428879882e-06  -3.743543366560e+00  -1.665151657623e+00  -4.507465762642e-04   8.362249879381e-06  -4.798565606070e+00  -2.692943277617e+00  -6.981584016605e-04   1.289121050061e-05  -4.232495670409e-05  -1.464733968736e-08   4.486227380456e-02   7.963338228773e-07  -7.769713571111e-02  -1.278999299888e+00  -2.913477934973e+00  -4.458290105122e+00  -4.531962913477e+00   3.995693049352e-01  -4.161391451859e-01  -7.154984547728e-01  -1.278983840624e+00  -2.913449494036e+00  -4.458264225771e+00  -4.531949601544e+00   3.995750606909e-01  -4.129518890738e-01   7.173261289577e-01  -1.278891680493e+00  -2.913330398118e+00  -4.458230770640e+00  -4.531935039400e+00   3.985629053404e-01   8.281011285977e-01  -1.824954851661e-03
   4.919469992134e-03   3.505979811753e-03  -6.186813666283e-01   2.929888059848e-06   8.273421304472e-08   1.711958824667e-01  -1.901729182098e+00  -1.003288282159e-05   6.984271561005e-07   5.416348919635e-01  -3.900795893458e+00  -8.174376313034e-05   1.897553200160e-06   6.987934231919e-01  -4.125360052237e+00  -7.464405538699e-05   1.535167585230e-06   2.327617061233e-04  -1.031712892339e-07  -1.922901558309e-01  -3.442290442778e-06   3.330678240423e-01   1.272285974625e+00   1.260158048738e+00  -5.896180654762e-02   4.821197499896e-05  -8.858820510195e-07   2.540272319835e+00  -1.313850827800e-01   1.452598204944e-04  -2.672339303151e-06   3.440014800629e+00  -4.873903107271e-01   3.462348030443e-04  -6.330439147674e-06   3.474643113433e+00  -1.458336696150e+00   4.433137680372e-04  -7.993467127975e-06   1.241172836305e-05   1.333501656285e-08   1.404433886307e-02  -2.422533396661e-07  -2.433170069314e-02  -3.152060442513e-01  -4.968199071845e-01  -2.583082667775e-01   1.592733511149e-01  -6.450809243517e-01  -7.585868237006e-02  -1.304400828253e-01  -3.152209649783e-01  -4.968513582072e-01  -2.583470147069e-01   1.592486452152e-01  -6.450667278830e-01  -7.528293759589e-02   1.307824121919e-01  -3.139726626433e-01  -4.944907266760e-01  -2.557172775166e-01   1.608590163033e-01  -6.455556597374e-01   1.503339383097e-01  -3.313374141080e-04
   3.424520508794e-06   2.444742559460e-06   2.929888059848e-06  -5.972922021653e-01  -1.540207714032e-07   1.016729490033e-04  -1.003288282159e-05  -1.682000089306e+00  -5.381610673196e-07   2.645743502298e-04  -8.174376313034e-05  -3.343783521268e+00  -3.359954876892e-07   3.174189667807e-04  -7.464405538699e-05  -3.691911919914e+00  -1.032701802090e-07   1.337554023532e-01   2.237040407003e-04   2.921849061424e-02  -1.031712892339e-07   1.689860461669e-02   3.617858929258e-04   3.583268069470e-04   4.924228670001e-05  -2.319819093388e-01  -6.104935907872e-10   7.231855529550e-04   1.502310780384e-04  -6.571756236817e-01  -6.665856932645e-09   9.865189093706e-04   3.710505752908e-04  -1.745478967394e+00  -8.561508440727e-08   1.031084050140e-03   5.170876336598e-04  -3.021960451064e+00  -1.578049930611e-07  -9.556920295232e-02   9.044694724446e-07   5.809207088442e-05  -2.907921136557e-09   7.832366273838e-05   4.721349909645e-01   8.706938586106e-01   9.456069111677e-01   5.845424386015e-01  -1.215369527724e-01  -5.855243915780e-01   2.088991456477e-01   4.685254539996e-01   8.640400709819e-01   9.383846062274e-01   5.800802220241e-01  -1.206112331115e-01  -5.873673879884e-01  -2.078351481105e-01  -9.393820570967e-01  -1.732269708324e+00  -1.880943626560e+00  -1.162334415516e+00   2.412524319074e-01  -2.258921943915e-01  -1.060226061321e-03
  -2.594589195396e-08  -1.834479619466e-08   8.273421304472e-08  -1.540207714032e-07  -5.972686467963e-01  -1.217287237624e-06   6.984271561005e-07  -5.381610673196e-07  -1.681843410086e+00  -4.343629813987e-06   1.897553200160e-06  -3.359954876892e-07  -3.343529915575e+00  -5.691415131272e-06   1.535167585230e-06  -1.032701802090e-07  -3.691745073424e+00  -1.031712892339e-07   3.394206735378e-02  -1.953666423673e-04   1.337669067010e-01  -1.135731655715e-04  -6.616923913535e-06  -6.553705799658e-06  -9.001053766144e-07  -6.091796609902e-10  -2.319817625040e-01  -1.322264976042e-05  -2.738821972050e-06  -6.658907326691e-09  -6.571730732029e-01  -1.799974837696e-05  -6.655299900170e-06  -8.557839957033e-08  -1.745439862753e+00  -1.878060391558e-05  -9.209590231456e-06  -1.577671207935e-07  -3.021838063623e+00  -2.901023116320e-09   3.673972341755e-05   4.110651481196e-07  -9.556819873457e-02  -5.798044091767e-07   8.115299961661e-01   1.496459154067e+00   1.624958249892e+00   1.004267137861e+00  -2.088998819557e-01   2.088177125958e-01  -3.479849242931e-01  -8.136161882047e-01  -1.500311964121e+00  -1.629151845368e+00  -1.006866330605e+00   2.094429759247e-01  -2.077547067404e-01  -3.461289606039e-01   2.068687366237e-03   3.813906864681e-03   4.139062014044e-03   2.555505772421e-03  -5.312248821514e-04  -1.059234729432e-03  -7.069587998668e-01
   3.466347549963e-06   1.739039149069e-06   2.683036065522e-04   2.360838573905e-01  -3.652483602038e-07   5.827263441337e-05   8.296972058396e-04   5.386843233341e-01  -9.745055478956e-07   2.251866740790e-05   6.572891402281e-04   3.840122830484e-01  -4.239955801997e-07  -1.152099567491e-06   2.327617061233e-04   1.337554023532e-01  -1.031712892339e-07  -6.752476633107e+00   4.382168097748e-04   5.705652402971e-02  -1.652448636001e-06   3.267555437711e-02  -8.302084423817e-04  -8.215072239353e-04  -1.012998012228e-03   5.710629129729e-01   7.251257876885e-09  -1.763347948857e-03  -2.153305507589e-03   1.619758454412e+00   3.824505667095e-08  -1.544798641192e-03  -1.601091561594e-03   2.467252510159e+00   1.295518192918e-07  -5.725056707726e-04  -1.215382064724e-04   1.195052171675e+00  -1.254273177805e-08   1.517208285102e+00  -1.072763404734e-05   1.636470776530e-04   3.517431366702e-08  -1.709195591634e-03   7.239962022521e-01   3.887034786504e-01   3.138576961664e-02  -7.827257926170e-03   8.721723224149e-01  -2.796714787238e-01   8.395833034466e-01   7.184770952362e-01   3.857544434632e-01   3.115138627514e-02  -7.766855926088e-03   8.654397034669e-01  -2.871077341273e-01  -8.353447629208e-01  -1.434248795150e+00  -7.692702367832e-01  -6.152680914861e-02   1.569880910878e-02  -1.740209226423e+00   1.160237008739e+00  -4.239689144173e-03
  -1.763524006366e-07  -8.843908666821e-08  -3.652483602038e-07   2.109840006172e-04   3.211820519991e-02  -3.562467262534e-06  -9.745055478956e-07   8.571983840579e-04   1.299698671645e-01  -3.464865094788e-06  -4.239955801997e-07   6.575205585496e-04   9.972197062922e-02  -1.866330580659e-06  -1.031712892339e-07   2.237040407003e-04   3.394206735378e-02   4.382168097748e-04  -6.448301972978e+00   2.530230047340e-07   6.596939222871e-02   4.425999645170e-06   4.296651595170e-09   4.269359015074e-09   5.821139372323e-09  -2.954573366776e-06   1.648377973423e-04   3.121751099506e-10  -1.165489734195e-08  -6.959323660411e-06   6.838646008265e-04  -3.802888384033e-07  -1.020068134101e-06   6.133336943683e-05   1.189589272739e-02  -1.305111730363e-06  -2.251521224950e-06   2.004718675587e-04   3.154573655138e-02  -8.535666313737e-06  -2.948172064554e-01  -2.985313798401e-09   6.511832538080e-04   7.027297213587e-09  -1.884410478000e+00  -1.237506470161e+00  -2.496345287903e-01  -2.981706830266e-02   1.028940567626e+00   7.410668376652e-01  -1.103170988714e+00   1.874762690476e+00   1.231197472572e+00   2.483624628670e-01   2.966309983468e-02  -1.023732337028e+00  -7.635294028248e-01  -1.106602303947e+00   9.553745859902e-03   6.273302316926e-03   1.263672687105e-03   1.497010751234e-04  -5.199364435112e-03  -8.285617083251e-03  -2.418773348255e+00
   6.514806389551e-03   3.250866688935e-03  -2.050549502261e-01   2.753053315273e-02  -1.846260657197e-04   1.723747554709e-01  -6.382154657559e-01   1.118362162466e-01  -7.471387660396e-04   2.451917874220e-01  -5.304597255233e-01   8.584779394781e-02  -5.737525632204e-04   1.584347618968e-01  -1.922901558309e-01   2.921849061424e-02  -1.953666423673e-04   5.705652402971e-02   2.530230047340e-07  -6.649723765141e+00  -3.802665469193e-04   3.499305668983e-01   8.427992834028e-01   8.339994238259e-01   8.631243776212e-01   2.467476958579e-04  -9.638470428220e-06   1.786804642237e+00   1.711430278399e+00   6.750644368680e-04  -2.474888995603e-05   1.558945653781e+00   9.151336516192e-01   9.924139574093e-03  -9.130879964478e-05   6.351392111980e-01  -6.959595611253e-02   2.693346528185e-02  -1.899433472059e-04   4.465097216056e-04   4.619621691073e-09  -6.335892962611e-01  -2.318222016004e-05   5.867663835882e-01  -1.412602338647e+00  -9.114110107832e-01  -8.190224908726e-02   8.547903412068e-02   1.215915685707e+00  -1.718657477118e+00   6.663453006131e-01  -1.427000039282e+00  -9.208911957903e-01  -8.382042437047e-02   8.524895048203e-02   1.223835427806e+00  -1.715750817679e+00  -6.501929274776e-01   1.392187147517e+00   9.307490029868e-01   2.898090800506e-01   1.298985707381e-01  -3.151957885746e-01  -5.771380101674e-01   1.049723932280e-02
   9.186076837591e-08   4.602643737033e-08  -2.818832089842e-06  -3.652483602038e-07   2.360881737988e-01   2.122762825806e-06  -1.056983881787e-05  -9.745055478956e-07   5.387142099076e-01   2.766936086218e-06  -9.368834852180e-06  -4.239955801997e-07   3.840431317237e-01   1.756641439673e-06  -3.442290442778e-06  -1.031712892339e-07   1.337669067010e-01  -1.652448636001e-06   6.596939222871e-02  -3.802665469193e-04  -6.752281169880e+00  -2.148938185447e-04   1.518404777928e-05   1.502513333040e-05   1.852370223180e-05   7.245718753010e-09   5.710627792867e-01   3.221851460345e-05   3.929993983227e-05   3.819230176249e-08   1.619750468425e+00   2.816979742622e-05   2.935489806123e-05   1.294807651026e-07   2.467206641756e+00   1.115570626206e-05   4.035324772851e-06  -1.220952624642e-08   1.195033135892e+00   3.511056292557e-08   3.132687299550e-04  -2.125770372966e-05   1.517201661206e+00   2.067310321166e-05   1.244425707147e+00   6.679426295535e-01   5.381145370883e-02  -1.348713725561e-02   1.499059939642e+00   8.394190911511e-01   6.749039190539e-01  -1.247652440637e+00  -6.696987652810e-01  -5.395721113221e-02   1.352314286177e-02  -1.502801772939e+00  -8.351819710103e-01   6.823799546809e-01   3.158423786995e-03   1.693747491383e-03   1.362592183989e-04  -3.350671344953e-05   3.831742783113e-03  -4.238270888581e-03  -7.645763488084e-01
  -1.125859957237e-02  -5.617994587301e-03   3.551699085434e-01   1.583438058664e-02  -1.069014163535e-04  -2.979486167916e-01   1.105451499439e+00   6.456583870676e-02  -4.338841114379e-04  -4.239386953139e-01   9.188140446506e-01   4.962805934633e-02  -3.334446967009e-04  -2.739703307973e-01   3.330678240423e-01   1.689860461669e-02  -1.135731655715e-04   3.267555437711e-02   4.425999645170e-06   3.499305668983e-01  -2.148938185447e-04  -7.054696862049e+00  -1.459770934729e+00  -1.444529140681e+00  -1.494974830058e+00  -7.474428646428e-04   1.072131900349e-05  -3.094832988375e+00  -2.964275654303e+00  -1.648926805428e-03   2.304861848422e-05  -2.700075902004e+00  -1.584817459724e+00   3.719625223757e-03  -1.611664366272e-05  -1.099778107743e+00   1.210640567826e-01   1.489212567895e-02  -9.797619863605e-05  -1.536197432208e-03  -6.113357984890e-09   5.867695407982e-01   1.949739060620e-05  -1.311124447085e+00   3.040258177709e-01   1.718147904376e-01  -1.415581259035e-01  -1.816256140277e-01  -9.361413716248e-01  -9.895621379175e-01   3.895298411417e-01   2.956459973811e-01   1.663212475627e-01  -1.426608371020e-01  -1.817559810140e-01  -9.315964033537e-01  -9.879138992515e-01  -3.801994044527e-01   1.927016473731e+00   1.237477873702e+00   7.317433996062e-02  -1.560445888827e-01  -1.815331020144e+00  -3.444908823686e-01   6.086441163552e-03
  -2.659385287345e-04   1.234311793673e-05   1.844614320940e-02   5.245733879404e-06  -9.593745905807e-08  -3.932244494996e-01   1.348755981118e+00   3.835352563553e-04  -7.014651929659e-06  -1.440187031565e+00   2.819147841942e+00   8.016510847668e-04  -1.466186590127e-05  -1.171651243738e+00   1.272285974625e+00   3.617858929258e-04  -6.616923913535e-06  -8.302084423817e-04   4.296651595170e-09   8.427992834028e-01   1.518404777928e-05  -1.459770934729e+00  -4.059566006504e+01  -4.357379556294e+01  -9.626011496758e-02  -2.483547039224e-05   4.651358607172e-07  -1.570256260784e+01  -4.369066770181e-02  -1.127235599595e-05   2.111164767837e-07  -6.722964679817e+00  -1.236009295026e-02  -3.188950300079e-06   5.972486605572e-08  -3.058932186038e+00  -3.464751065946e-03  -8.939187590184e-07   1.674192857312e-08  -2.966421977364e-06  -1.922679235055e-09   3.201875982701e-03   5.683033144688e-08  -5.544934887053e-03  -9.206837495953e-06  -7.060095218738e-02  -6.760002544924e-01  -8.089192898395e-01   2.983911726193e-03  -8.868564625298e-04  -1.525583126329e-03  -9.204929445622e-06  -7.059598479883e-02  -6.759848426864e-01  -8.089127789261e-01   2.983497867213e-03  -8.799485061459e-04   1.529266780666e-03  -9.269565837780e-06  -7.076399940593e-02  -6.765057716114e-01  -8.091328028683e-01   2.996361546371e-03   1.775423834602e-03  -3.920929318309e-06
  -1.212665754484e-04   9.502524218227e-06   1.386736669430e-02   3.943177431438e-06  -7.211965307122e-08  -3.845460537584e-01   1.330353123155e+00   3.782873865967e-04  -6.918770186425e-06  -1.425077477476e+00   2.795631159543e+00   7.949400781041e-04  -1.453924571002e-05  -1.159413106067e+00   1.260158048738e+00   3.583268069470e-04  -6.553705799658e-06  -8.215072239353e-04   4.269359015074e-09   8.339994238259e-01   1.502513333040e-05  -1.444529140681e+00  -4.357379556294e+01  -3.807395858422e+01  -1.090602811338e-01  -2.813796123120e-05   5.269871924846e-07  -1.561688144777e+01  -3.136536812528e-02  -8.092382516679e-06   1.515597348346e-07  -6.683754764853e+00  -7.289401033131e-03  -1.880692783262e-06   3.522291475337e-08  -3.031802196483e+00  -1.925784727911e-03  -4.968596765958e-07   9.305531551391e-09  -1.176163780971e-06  -7.623277119593e-10   1.269519505569e-03   2.253279473331e-08  -2.198524563180e-03  -3.653913435286e-06  -6.863093416567e-02  -6.682609542414e-01  -8.002682138980e-01   2.478003364732e-03  -7.358536498179e-04  -1.265826877380e-03  -3.653055965280e-06  -6.862607171357e-02  -6.682456946401e-01  -8.002617682543e-01   2.477643672388e-03  -7.301171745459e-04   1.268875112243e-03  -3.682149885122e-06  -6.879059170240e-02  -6.687615974361e-01  -8.004796333053e-01   2.488878493078e-03   1.473445756202e-03  -3.254036038262e-06
  -3.746163767219e-03  -4.673082271488e-05   1.269864741890e-01   3.900389463511e-05  -7.131940782254e-07  -5.000055923356e-01   1.292854246276e+00   4.436396511794e-04  -8.112406997967e-06  -5.465102924504e-01   5.292462058686e-01   2.935075816353e-04  -5.366671716202e-06  -1.628902584174e-01  -5.896180654762e-02   4.924228670001e-05  -9.001053766144e-07  -1.012998012228e-03   5.821139372323e-09   8.631243776212e-01   1.852370223180e-05  -1.494974830058e+00  -9.626011496758e-02  -1.090602811338e-01  -1.298385889739e+01  -1.613388208570e-05   3.090908419137e-07  -2.977008054839e-01  -8.865646483788e+00  -1.737718081042e-05   3.329097992816e-07  -1.776009982270e-01  -3.060055112321e+00  -6.674435521240e-06   1.278679789279e-07  -8.891289664890e-02  -9.157643730077e-01  -2.047368724932e-06   3.922322721439e-08  -5.448042929856e-05  -3.928009500151e-09   1.121096711353e-01   1.024046698455e-06  -1.941781635858e-01  -1.381145839742e-04  -8.378574249786e-02  -2.364792566238e-01  -1.161727425591e-01   1.291150423911e-02  -4.167214077283e-03  -7.168480547689e-03  -1.380900401229e-04  -8.378113488404e-02  -2.364764391554e-01  -1.161728572967e-01   1.291008072036e-02  -4.134864321914e-03   7.185980529178e-03  -1.388666415251e-04  -8.390540402780e-02  -2.364888724666e-01  -1.161339663399e-01   1.294743611951e-02   8.331942934776e-03  -1.840045115284e-05
  -1.064425013262e-06  -1.330755175132e-08   3.895043839601e-05  -1.012780275364e-02  -2.260712881035e-10  -1.417927348362e-04   4.422636621179e-04  -2.666875319770e-01  -2.829725601314e-09  -1.542180827877e-04   2.911640315294e-04  -5.024226352816e-01  -2.350493115795e-09  -4.537288241393e-05   4.821197499896e-05  -2.319819093388e-01  -6.091796609902e-10   5.710629129729e-01  -2.954573366776e-06   2.467476958579e-04   7.245718753010e-09  -7.474428646428e-04  -2.483547039224e-05  -2.813796123120e-05  -1.613388208570e-05  -1.292354291650e+01  -1.045713667967e-08  -7.680792343570e-05  -1.737718081042e-05  -8.800682472026e+00  -1.126297774318e-08  -4.582172309460e-05  -6.674435521240e-06  -3.035102957398e+00  -4.326019251587e-09  -2.293986053264e-05  -2.047368724932e-06  -9.081103532114e-01  -1.326997090751e-09  -1.785977775582e-01   1.583440145909e-06   1.232698915069e-04  -3.928009500151e-09   9.616737337018e-05   4.055845827656e-05   2.398848105159e-02   6.367155910620e-02   2.701632548325e-02  -4.078645064744e-03   1.518601957714e-04   2.089836785980e-03   4.024097110627e-05   2.380362422027e-02   6.318363584499e-02   2.680964836251e-02  -4.046983361307e-03   1.333490153768e-04  -2.078909058448e-03  -8.129898233830e-05  -4.789328213450e-02  -1.269502387765e-01  -5.385294487944e-02   8.154995576032e-03   3.774895866054e-03  -1.069456024911e-05
   1.947661310160e-08   2.432653805617e-10  -7.127455480232e-07  -2.262217552398e-10  -1.012780552964e-02   2.595766696173e-06  -8.095920007871e-06  -2.832193596039e-09  -2.666874399751e-01   2.826417925052e-06  -5.335326653363e-06  -2.353768217027e-09  -5.024223513167e-01   8.340967523239e-07  -8.858820510195e-07  -6.104935907872e-10  -2.319817625040e-01   7.251257876885e-09   1.648377973423e-04  -9.638470428220e-06   5.710627792867e-01   1.072131900349e-05   4.651358607172e-07   5.269871924846e-07   3.090908419137e-07  -1.045713667967e-08  -1.292353814667e+01   1.438511894998e-06   3.329097992816e-07  -1.126297774318e-08  -8.800677334628e+00   8.581809111930e-07   1.278679789279e-07  -4.326019251587e-09  -3.035100984165e+00   4.296335686438e-07   3.922322721439e-08  -1.326997090751e-09  -9.081097479262e-01  -3.928009500151e-09   6.286191246474e-05   3.200372551899e-07  -1.785962947179e-01  -2.796967237271e-07   6.976995674168e-05   4.126668625513e-02   1.095386492050e-01   4.648517758021e-02  -7.016253122346e-03   2.089875498810e-03   2.532015524506e-03  -6.993568896911e-05  -4.136977736217e-02  -1.098169590332e-01  -4.660379835756e-02   7.033380455629e-03  -2.078947009713e-03   2.550137318527e-03   1.795516266174e-07   1.057829386167e-04   2.804578120923e-04   1.190390810055e-04  -1.801095445475e-05  -1.069531995786e-05  -1.067684166961e-03
  -3.729662629256e-02  -2.836121231649e-02   4.234279177309e-01   1.208905258880e-04  -2.203164828490e-06  -1.237827482674e+00   3.181897872830e+00   9.065539650682e-04  -1.656230792181e-05  -2.989424607389e+00   5.283308971467e+00   1.504317371497e-03  -2.750084324099e-05  -2.436099057359e+00   2.540272319835e+00   7.231855529550e-04  -1.322264976042e-05  -1.763347948857e-03   3.121751099506e-10   1.786804642237e+00   3.221851460345e-05  -3.094832988375e+00  -1.570256260784e+01  -1.561688144777e+01  -2.977008054839e-01  -7.680792343570e-05   1.438511894998e-06  -1.684285460308e+01  -4.905098795727e-01  -1.265533806879e-04   2.370179242708e-06  -1.099869173961e+01  -3.019229673505e-01  -7.789625896072e-05   1.458899719910e-06  -5.912842238547e+00  -1.131809382169e-01  -2.919960522760e-05   5.468774836749e-07  -5.942649690390e-05  -3.851714682029e-08   6.414336075971e-02   1.138485207797e-06  -1.110819909210e-01  -3.349437369941e-03  -2.652218471638e-01  -1.466298227739e+00  -1.701167549947e+00   6.519277869380e-02  -2.013432213154e-02  -3.463424391025e-02  -3.349021528595e-03  -2.652066659886e-01  -1.466267095955e+00  -1.701154259078e+00   6.518708086448e-02  -1.997851426889e-02   3.471966663995e-02  -3.362569086423e-03  -2.657110545963e-01  -1.467308513720e+00  -1.701599496845e+00   6.534796717817e-02   4.023303525413e-02  -8.884150423082e-05
  -1.341535129728e-01  -1.232509745643e-01   1.060968638463e+00   3.428577211029e-04  -6.240299788930e-06  -1.705874906354e+00   3.264039123593e+00   1.175712196737e-03  -2.145181601017e-05  -1.590592012191e+00   1.324690631213e+00   7.626646771135e-04  -1.392029468276e-05  -5.378854543669e-01  -1.313850827800e-01   1.502310780384e-04  -2.738821972050e-06  -2.153305507589e-03  -1.165489734195e-08   1.711430278399e+00   3.929993983227e-05  -2.964275654303e+00  -4.369066770181e-02  -3.136536812528e-02  -8.865646483788e+00  -1.737718081042e-05   3.329097992816e-07  -4.905098795727e-01  -1.066835881049e+01  -6.385009114783e-05   1.223232209969e-06  -5.744971553865e-01  -6.359916033959e+00  -6.153293197048e-05   1.178898096610e-06  -3.724894503357e-01  -2.429230010144e+00  -2.688671393895e-05   5.151808436770e-07  -1.501310063608e-04  -1.870202903511e-08   2.892763733446e-01   2.829371605342e-06  -5.010343159664e-01  -1.113157226326e-02  -3.538237959272e-01  -7.341639037148e-01  -3.880940010569e-01   1.479707558936e-01  -5.174949281858e-02  -8.901614587514e-02  -1.113031911391e-02  -3.538078819300e-01  -7.341557231908e-01  -3.880940482513e-01   1.479600971312e-01  -5.134967243069e-02   8.923682585180e-02  -1.116645901899e-02  -3.541998230892e-01  -7.341812924771e-01  -3.879877668175e-01   1.481750128888e-01   1.033211510694e-01  -2.281388532482e-04
