ARMA_MAT_TXT_FN008
149 149
  -2.948469196979e+01  -2.877917641224e+01   2.980856630382e-01  -9.417864476311e-02   4.264953841890e-05  -1.028079996193e+01   1.376130393217e-01  -4.347817189021e-02   1.968908941930e-05  -4.695044071797e+00   4.383572514330e-02  -1.384971757899e-02   6.271566398478e-06  -1.986734381618e+00   1.103050699981e-02  -3.485049131854e-03   1.578090446293e-06   1.041998066983e-02   1.514818956560e-06   1.022629599034e-02  -4.609481562075e-06  -1.423660089314e-02   0.000000000000e+00   0.000000000000e+00   0.000000000000e+00   0.000000000000e+00  -2.562640860212e-07  -4.581547052240e-05  -8.537179705184e-02  -7.683839709366e-01   0.000000000000e+00   0.000000000000e+00   0.000000000000e+00   0.000000000000e+00   0.000000000000e+00   0.000000000000e+00  -3.786799266719e-06   1.264475443400e-06  -5.610077280245e-10  -4.699060720363e-04   1.569255051431e-04  -6.962112161734e-08  -1.257774280297e-02   4.200362974562e-03  -1.863468455515e-06  -5.871673665488e-01   1.960475378478e-01  -8.697539703065e-05  -2.087233486600e+00   6.968696495209e-01  -3.091613535165e-04   1.747684075360e-06   2.589160510276e-10   1.679379630583e-06  -7.753941164244e-10  -2.325189126609e-06   8.526565577140e-04   1.263320734906e-07   8.192466659598e-04  -3.782850569642e-07  -1.134222225806e-03  -1.095454538908e+00  -1.476202872022e+00   4.928613778614e-01  -2.186537510761e-04   3.553004544684e-01   5.263050492408e-05   3.414322748083e-01  -1.576271731523e-04  -4.727458294281e-01  -3.293831211162e-01  -2.270161062951e+00  -2.414459145109e+00  -1.481013454084e+00   4.133092090336e-01  -1.483515186324e+00  -2.207061910370e+00  -3.290317080044e-01  -2.269512816872e+00  -2.414215733617e+00  -1.480958220724e+00   1.617360246203e+00   2.149536499342e+00  -4.454469107207e-03  -3.293668376654e-01  -2.270121238651e+00  -2.414445013146e+00  -1.481010358466e+00   4.152099692890e-01  -1.475803032540e+00   2.211772552715e+00   0.000000000000e+00   0.000000000000e+00   0.000000000000e+00   0.000000000000e+00   0.000000000000e+00   0.000000000000e+00   0.000000000000e+00   0.000000000000e+00   0.000000000000e+00   0.000000000000e+00   0.000000000000e+00   0.000000000000e+00   0.000000000000e+00  -1.646243305161e-03  -8.763975740455e-03   1.707962736997e-03  -8.603413936693e-08   0.000000000000e+00   0.000000000000e+00   0.000000000000e+00   0.000000000000e+00   0.000000000000e+00   0.000000000000e+00   0.000000000000e+00   0.000000000000e+00   0.000000000000e+00   0.000000000000e+00   0.000000000000e+00   0.000000000000e+00   0.000000000000e+00   0.000000000000e+00  -4.892711602277e-06  -3.509473881048e-05  -1.390390847603e-06  -1.481650072077e-09  -2.713479201797e-02  -1.116157609229e-01  -4.359294472739e-03  -4.731844266940e-06   0.000000000000e+00   0.000000000000e+00   0.000000000000e+00   0.000000000000e+00   0.000000000000e+00   0.000000000000e+00   0.000000000000e+00  -2.348714965757e-06  -1.036442953541e-02   0.000000000000e+00   0.000000000000e+00   0.000000000000e+00   0.000000000000e+00   0.000000000000e+00  -1.934551435595e-03  -1.156991270409e-01   0.000000000000e+00   0.000000000000e+00   0.000000000000e+00
  -2.877917641224e+01  -2.772733897989e+01   4.140787230886e-01  -1.308260591103e-01   5.924562565209e-05  -1.158471017589e+01   1.286667042087e-01  -4.065158582346e-02   1.840941843450e-05  -5.245298501812e+00   3.360349138782e-02  -1.061684793757e-02   4.807951775214e-06  -2.205305979778e+00   7.862248185586e-03  -2.484035755007e-03   1.124925630978e-06   5.199951534487e-03   7.557454124134e-07   5.103312360388e-03  -2.300233020901e-06  -7.104615395291e-03   1.516556160619e-11   5.494795022387e-11   1.576962975490e-09   4.929065426634e-09   7.879159060367e-08   1.484839592663e-06  -8.545635347378e-02  -8.441128687730e-01   2.308552869889e-11  -7.705948150017e-12   3.418935153387e-15   3.430045217979e-09  -1.145279284584e-09   5.081325056675e-13   3.915637543676e-07  -1.307706746800e-07   5.801871811195e-11  -1.300982188026e-05   4.339785999713e-06  -1.925497076079e-09  -7.114887595497e-03   2.375205779344e-03  -1.053786331424e-06  -6.315636123378e-01   2.108445667628e-01  -9.354225954974e-05  -2.318045200013e+00   7.738679218581e-01  -3.433293143115e-04  -1.925872807435e-07  -2.853624033903e-11  -1.850367864002e-07   8.544495916747e-11   2.561736514893e-07   6.807526519083e-05   1.008039437857e-08   6.543903781219e-05  -3.020311325605e-08  -9.062347826750e-05  -1.212447492393e+00  -1.639760431677e+00   5.474251330628e-01  -2.428669941727e-04   3.816836392476e-01   5.653210018132e-05   3.668247156096e-01  -1.693360275001e-04  -5.079355946304e-01  -3.356252044508e-01  -2.531532827207e+00  -2.687523942590e+00  -1.642900369994e+00   4.627052292980e-01  -1.680693045121e+00  -2.503216082933e+00  -3.354491992916e-01  -2.531053259294e+00  -2.687355493418e+00  -1.642863860385e+00   1.828649472746e+00   2.440250385480e+00  -5.053846622021e-03  -3.356076081808e-01  -2.531488538331e+00  -2.687508378953e+00  -1.642896986000e+00   4.648612257982e-01  -1.671945904059e+00   2.508556846606e+00   0.000000000000e+00   0.000000000000e+00   0.000000000000e+00   0.000000000000e+00   0.000000000000e+00   0.000000000000e+00   0.000000000000e+00   0.000000000000e+00   0.000000000000e+00   0.000000000000e+00   0.000000000000e+00   0.000000000000e+00   0.000000000000e+00  -1.738112241611e-03  -9.330140742680e-03   1.819699281267e-03  -9.308097264283e-08   0.000000000000e+00   0.000000000000e+00   0.000000000000e+00   0.000000000000e+00   0.000000000000e+00   0.000000000000e+00   0.000000000000e+00   0.000000000000e+00   0.000000000000e+00   0.000000000000e+00   0.000000000000e+00   0.000000000000e+00   0.000000000000e+00   0.000000000000e+00  -4.385151593307e-06  -3.224067800260e-05  -1.251201849712e-06  -1.369101557241e-09  -2.965450012703e-02  -1.224031111208e-01  -4.748754920765e-03  -5.198525049378e-06   0.000000000000e+00   0.000000000000e+00   0.000000000000e+00   0.000000000000e+00   0.000000000000e+00   0.000000000000e+00   0.000000000000e+00  -2.256971575677e-06  -1.132174533094e-02   0.000000000000e+00   0.000000000000e+00   0.000000000000e+00   0.000000000000e+00   0.000000000000e+00  -2.027350323853e-03  -1.272790572378e-01   0.000000000000e+00   0.000000000000e+00   0.000000000000e+00
   2.980856630382e-01   4.140787230886e-01  -1.725606992413e+01   7.446884813785e-02  -3.294205404851e-05   1.104825774307e+00  -1.120273937702e+01   8.208785181654e-02  -3.631687814167e-05   7.049452888079e-01  -4.048898592564e+00   3.535502678062e-02  -1.564507587003e-05   3.347329433463e-01  -1.069323504433e+00   9.888519943562e-03  -4.376316332114e-06  -2.572030926968e-01   3.907438615128e-05  -3.979698679603e-01   1.290248072911e-04   6.861750127191e-01   3.218402659467e-08   1.155233076578e-07   3.380717307147e-06   9.934779318624e-06   1.316806756787e-04   2.934306547826e-03   4.127418101663e-01   1.095920222034e+00   4.712574102050e-08  -1.622634890491e-08   7.199222419112e-12   6.850279696043e-06  -2.360956051715e-06   1.047498780996e-09   5.910009535472e-04  -2.057779153431e-04   9.129701524672e-08   1.960143945742e-02  -6.932146638114e-03   3.075478190377e-06   1.884235751794e-01  -6.821399118403e-02   3.026231220166e-05   1.569029204609e+00  -6.163851072564e-01   2.734396368431e-04   1.466662733190e+00  -7.504342218939e-01   3.329102337824e-04  -3.057241638846e-04  -4.713378891960e-08  -2.842344187018e-04   1.356402703044e-07   3.860707740777e-04  -2.966242451630e-02  -4.660046544395e-06  -2.712588691770e-02   1.315980189993e-05   3.647926067455e-02   5.774372860906e-01   1.917593691920e-01  -2.487778984938e-01   1.103699738982e-04  -1.232004934452e+00  -2.080844499106e-04  -1.050444086868e+00   5.465838867843e-04   1.350058923259e+00  -2.470265614434e-01  -1.646324150595e-01   1.986760338868e-01   2.089943963092e-01  -1.559894816670e+00  -4.079111987109e-01  -6.128270580326e-01  -1.123568597695e+00  -1.562965192483e+00  -3.370551287155e-01   8.521134593243e-02   6.758612179290e-01   3.062331284822e+00  -6.358546057010e-03  -2.484143002889e-01  -1.668560928149e-01   1.978225058168e-01   2.087970560750e-01  -1.558492180827e+00  -4.084955142497e-01   6.181884166634e-01   0.000000000000e+00   0.000000000000e+00   0.000000000000e+00   0.000000000000e+00   0.000000000000e+00   0.000000000000e+00   0.000000000000e+00   0.000000000000e+00   0.000000000000e+00   0.000000000000e+00   0.000000000000e+00   0.000000000000e+00   0.000000000000e+00   4.681291641637e-03   2.246182625625e-02  -4.651852054665e-03   2.109902518315e-07   0.000000000000e+00   0.000000000000e+00   0.000000000000e+00   0.000000000000e+00   0.000000000000e+00   0.000000000000e+00   0.000000000000e+00   0.000000000000e+00   0.000000000000e+00   0.000000000000e+00   0.000000000000e+00   0.000000000000e+00   0.000000000000e+00   0.000000000000e+00   3.674628540619e-05   2.419565382364e-04   1.057152393920e-05   1.040681159886e-08   3.868295275298e-02   1.396551248762e-01   6.470755832369e-03   6.459972723868e-06   0.000000000000e+00   0.000000000000e+00   0.000000000000e+00   0.000000000000e+00   0.000000000000e+00   0.000000000000e+00   0.000000000000e+00   1.330182173973e-05   1.469374891286e-02   0.000000000000e+00   0.000000000000e+00   0.000000000000e+00   0.000000000000e+00   0.000000000000e+00   6.097621943495e-03   1.176958599697e-01   0.000000000000e+00   0.000000000000e+00   0.000000000000e+00
  -9.417864476311e-02  -1.308260591103e-01   7.446884813785e-02  -1.705257883044e+01   1.082389747073e-05  -3.490653173881e-01   8.208785181654e-02  -1.097843387200e+01   1.194445529366e-05  -2.227269856260e-01   3.535502678062e-02  -3.952295739113e+00   5.154054823980e-06  -1.057593897528e-01   9.888519943562e-03  -1.042305274895e+00   1.442903656051e-06   6.037288642351e-01   2.490304408406e-04   1.561930848751e-01   3.907438615128e-05   1.679226699066e-01  -1.074302622358e-08  -3.856167344231e-08  -1.128472974297e-06  -3.316121577052e-06  -4.394849880446e-05  -9.790200126674e-04  -1.374105601627e-01  -3.633874450924e-01  -1.622634890491e-08   3.931095635598e-09  -2.403100028842e-12  -2.360211771547e-06   5.674407008144e-07  -3.496463559187e-10  -2.056276212749e-04   4.352987261423e-05  -3.046856750068e-08  -6.923425577230e-03   1.160719315925e-03  -1.025981218454e-06  -6.807793767913e-02   6.966302734544e-03  -1.008881801364e-05  -6.139078673364e-01  -7.099518285859e-02  -9.097130559055e-05  -7.436888752040e-01  -5.311990148317e-01  -1.101986493844e-04   6.912354416687e-05   1.024259422876e-08   9.485696045719e-05  -4.710063329305e-08  -1.535806266214e-04   5.152203468592e-03   7.638744721405e-07   9.047587101215e-03  -4.653643964432e-06  -1.573252814166e-02  -1.893394963005e-01  -2.441142382795e-01  -4.712751976138e-01  -3.617501846116e-05  -5.056195216577e-02  -6.962688799068e-06   3.495105394752e-01  -2.073698791880e-04  -7.952164599354e-01   1.065195769153e+00   1.623868106573e+00   5.389183498038e-01   7.294750269795e-02  -6.094166010593e-01   3.987185333435e-01   3.049434526741e+00  -1.582331451592e+00  -2.594919504119e+00  -1.076561421675e+00  -3.002476667915e-01   3.456693128710e+00   2.810806450603e+00  -9.302920423166e-03   1.059564639700e+00   1.614945664985e+00   5.355102935501e-01   7.216090808374e-02  -6.087639150901e-01   3.772437400745e-01  -3.039772383121e+00   0.000000000000e+00   0.000000000000e+00   0.000000000000e+00   0.000000000000e+00   0.000000000000e+00   0.000000000000e+00   0.000000000000e+00   0.000000000000e+00   0.000000000000e+00   0.000000000000e+00   0.000000000000e+00   0.000000000000e+00   0.000000000000e+00  -9.759236622969e-04  -4.993395624739e-03  -5.603746238642e-04  -4.429459179817e-08   0.000000000000e+00   0.000000000000e+00   0.000000000000e+00   0.000000000000e+00   0.000000000000e+00   0.000000000000e+00   0.000000000000e+00   0.000000000000e+00   0.000000000000e+00   0.000000000000e+00   0.000000000000e+00   0.000000000000e+00   0.000000000000e+00   0.000000000000e+00   4.181645613130e-07   2.996317943444e-06  -8.901793441717e-06   1.202042326490e-10  -6.371060560331e-04  -2.398926636227e-03  -1.585170800907e-02  -1.288821650616e-07   0.000000000000e+00   0.000000000000e+00   0.000000000000e+00   0.000000000000e+00   0.000000000000e+00   0.000000000000e+00   0.000000000000e+00   7.039795994566e-07   3.382390613343e-04   0.000000000000e+00   0.000000000000e+00   0.000000000000e+00   0.000000000000e+00   0.000000000000e+00   1.025957357976e-03   1.341286036297e-02   0.000000000000e+00   0.000000000000e+00   0.000000000000e+00
   4.264953841890e-05   5.924562565209e-05  -3.294205404851e-05   1.082389747073e-05  -1.702773777552e+01   1.580660732902e-04  -3.631687814167e-05   1.194445529366e-05  -1.095105111008e+01   1.008402826473e-04  -1.564507587003e-05   5.154054823980e-06  -3.940501852457e+00   4.787810642644e-05  -4.376316332114e-06   1.442903656051e-06  -1.039006583913e+00   3.907438615128e-05  -1.545914038088e-01  -6.472784065357e-05   6.005998457656e-01  -6.000281677478e-05   4.766410219029e-12   1.710884349839e-11   5.006749851254e-10   1.471279541845e-09   1.949891289208e-08   4.343790775356e-07   6.100007966898e-05   1.615552152862e-04   7.199222419112e-12  -2.403100028841e-12  -1.485257628066e-09   1.047166476646e-09  -3.496456596186e-10  -2.206261395928e-07   9.123244516890e-08  -3.046927235790e-08  -2.514412581837e-05   3.071888441971e-06  -1.026074537805e-06  -1.151826435217e-03   3.020952361116e-05  -1.009134652274e-05  -1.577449411220e-02   2.726019042442e-04  -9.105854633351e-05  -2.760581422158e-01   3.308686530931e-04  -1.105161464658e-04  -7.795882134199e-01  -4.710151145772e-08   1.236967257429e-05  -5.159162892752e-08  -3.703787350790e-05   6.265194654865e-08  -4.654145192852e-06   1.782891124231e-03  -5.384724330231e-06  -5.337295620686e-03   6.189317749237e-06   8.452805993461e-05   1.090161581470e-04  -3.641379652590e-05  -5.527984238149e-01  -2.075264857095e-04   1.732553597247e-01  -2.887011685267e-04  -5.183051704283e-01   2.759441762209e-04   1.610039831053e+00   2.563532203150e+00   9.813128809012e-01   2.266879242658e-01  -9.412777107782e-01   3.152320412704e+00   2.994965556300e+00   3.251443813537e-03   5.216616739254e-03   2.035506574922e-03   4.935959568153e-04  -7.053425955124e-03  -9.140308962711e-03  -1.659776637287e+00  -1.613452048596e+00  -2.568964040614e+00  -9.833280254669e-01  -2.271076164738e-01   9.473216790859e-01  -3.142816066858e+00   3.015061770011e+00   0.000000000000e+00   0.000000000000e+00   0.000000000000e+00   0.000000000000e+00   0.000000000000e+00   0.000000000000e+00   0.000000000000e+00   0.000000000000e+00   0.000000000000e+00   0.000000000000e+00   0.000000000000e+00   0.000000000000e+00   0.000000000000e+00   1.140144429370e-07   5.763638604485e-07  -1.121467733461e-07  -1.527919907731e-03   0.000000000000e+00   0.000000000000e+00   0.000000000000e+00   0.000000000000e+00   0.000000000000e+00   0.000000000000e+00   0.000000000000e+00   0.000000000000e+00   0.000000000000e+00   0.000000000000e+00   0.000000000000e+00   0.000000000000e+00   0.000000000000e+00   0.000000000000e+00   1.862264590593e-09   1.267618498670e-08   5.299329781017e-10  -8.944099344127e-06   2.263731907363e-06   9.036101619632e-06   3.477442189031e-07  -1.569710124144e-02   0.000000000000e+00   0.000000000000e+00   0.000000000000e+00   0.000000000000e+00   0.000000000000e+00   0.000000000000e+00   0.000000000000e+00  -5.644776231099e-10  -4.034423805776e-07   0.000000000000e+00   0.000000000000e+00   0.000000000000e+00   0.000000000000e+00   0.000000000000e+00   1.312040775758e-06   2.430240377606e-05   0.000000000000e+00   0.000000000000e+00   0.000000000000e+00
  -1.028079996193e+01  -1.158471017589e+01   1.104825774307e+00  -3.490653173881e-01   1.580660732902e-04  -1.860916448234e+01   1.762725578796e+00  -5.570225783477e-01   2.517364880660e-04  -1.370074149290e+01   1.161888868377e+00  -3.673019702588e-01   1.654271001393e-04  -7.146038099809e+00   4.039791676937e-01  -1.277270433341e-01   5.743104428256e-05   2.768853081771e-01   4.065124168933e-05   2.716649691064e-01  -1.226429759694e-04  -3.781628884076e-01  -2.042599539127e-02  -3.005315611236e-02  -4.807718308725e-02  -6.522891204304e-02  -1.113364265499e-01  -2.161003045350e-01  -1.340708013034e+00  -3.588354366708e+00  -3.829600569462e-03   1.278738767594e-03  -5.673481847347e-07  -2.213465098529e-02   7.395798555861e-03  -3.281384344468e-06  -1.207835098466e-01   4.039906116038e-02  -1.792407065593e-05  -4.104670266134e-01   1.373838810571e-01  -6.095021899045e-05  -1.006734165102e+00   3.370478776346e-01  -1.495191801729e-04  -3.747422300765e+00   1.254497266997e+00  -5.564115885919e-04  -7.210031378445e+00   2.412903815033e+00  -1.070016308428e-03   3.454955382026e-02   5.128193584410e-06   3.315707785290e-02  -1.532860413271e-05  -4.586939797732e-02   2.595868123653e-01   3.855866435159e-05   2.489760150300e-01  -1.151620543146e-04  -3.443073191635e-01  -4.273821680974e+00  -5.173700983442e+00   1.731195391608e+00  -7.676762486120e-04   2.069236701834e+00   3.072969558933e-04   1.984548958535e+00  -9.177796959158e-04  -2.744413964887e+00  -2.982903071058e+00  -7.211662487218e+00  -7.991381649270e+00  -5.436259456285e+00   1.316702091999e+00  -3.763431783061e+00  -5.463937247499e+00  -2.970439683733e+00  -7.194834099764e+00  -7.983087624517e+00  -5.433993233689e+00   4.283833070990e+00   5.215697674209e+00  -1.095605047798e-02  -2.982813488083e+00  -7.211542030702e+00  -7.991324525480e+00  -5.436244170493e+00   1.321406295789e+00  -3.744375708830e+00   5.475738823776e+00   0.000000000000e+00   0.000000000000e+00   0.000000000000e+00   0.000000000000e+00   0.000000000000e+00   0.000000000000e+00   0.000000000000e+00   0.000000000000e+00   0.000000000000e+00  -7.727784825467e-06  -4.742734305174e-05   8.363884320579e-06   4.187645783025e-10  -1.800490495243e-02  -8.174691205330e-02   1.544886333974e-02  -3.065578093417e-07   0.000000000000e+00   0.000000000000e+00   0.000000000000e+00   0.000000000000e+00   0.000000000000e+00   0.000000000000e+00   0.000000000000e+00   0.000000000000e+00   0.000000000000e+00   0.000000000000e+00   0.000000000000e+00   0.000000000000e+00   0.000000000000e+00   0.000000000000e+00  -3.060031975965e-04  -1.741858322749e-03  -1.107881929943e-04  -6.167187598088e-08  -1.480082743757e-01  -5.566408088095e-01  -2.664805251231e-02  -2.217483424039e-05   0.000000000000e+00   0.000000000000e+00   0.000000000000e+00   0.000000000000e+00   0.000000000000e+00   0.000000000000e+00   0.000000000000e+00  -8.515178833773e-05  -5.728761137684e-02   0.000000000000e+00   0.000000000000e+00   0.000000000000e+00   0.000000000000e+00  -1.029824998368e-05  -2.274054699860e-02  -5.334268115431e-01   0.000000000000e+00   0.000000000000e+00   0.000000000000e+00
   1.376130393217e-01   1.286667042087e-01  -1.120273937702e+01   8.208785181654e-02  -3.631687814167e-05   1.762725578796e+00  -1.644376891160e+01   2.880661983116e-01  -1.276575945927e-04   2.117311482430e+00  -1.077864403182e+01   3.010959410295e-01  -1.336276562199e-04   1.342147949053e+00  -3.775457435824e+00   1.255521018881e-01  -5.574531465263e-05  -8.148164974823e-01   1.492031819552e-04  -1.148709407938e+00   4.188254033791e-04   1.957429407024e+00   9.825692983870e-02   1.441829302189e-01   2.281025541849e-01   3.042373165507e-01   4.912717901289e-01   8.547096925804e-01   3.102960217767e+00   4.365938580544e+00   1.678315709029e-02  -6.134964618607e-03   2.721948533262e-06   9.482389534747e-02  -3.475295105970e-02   1.541927089716e-05   4.713619980902e-01  -1.744004950952e-01   7.737737648336e-05   1.367216594785e+00  -5.142902724243e-01   2.281655013744e-04   2.742616840669e+00  -1.055808311708e+00   4.683770446359e-04   5.871196514290e+00  -2.453055559602e+00   1.088087503508e-03   4.270608381274e+00  -2.331188597100e+00   1.033991567712e-03  -1.360592704284e-01  -2.231884980059e-05  -1.196168915379e-01   6.036544487549e-05   1.568694771260e-01  -8.439834704471e-01  -1.412013156433e-04  -7.278912744663e-01   3.744246973226e-04   9.423870689199e-01   2.287676222568e+00   6.019774950968e-01  -8.474070713177e-01   3.758719433180e-04  -3.742790760467e+00  -6.735520893616e-04  -2.978043165427e+00   1.660445627649e-03   3.637417695138e+00  -7.124633826458e-01  -3.474883795500e-01   7.354681317012e-01   8.726021516651e-01  -3.735093684165e+00  -5.752864954702e-01  -8.707660195635e-01  -3.223011362165e+00  -3.573969132106e+00  -8.055842700340e-01   4.575168355255e-01  -3.643733606870e-01   4.333497157545e+00  -9.072412764256e-03  -7.164582343911e-01  -3.526317015206e-01   7.330081378822e-01   8.719391260520e-01  -3.732802834039e+00  -5.762414087130e-01   8.784476860752e-01   0.000000000000e+00   0.000000000000e+00   0.000000000000e+00   0.000000000000e+00   0.000000000000e+00   0.000000000000e+00   0.000000000000e+00   0.000000000000e+00   0.000000000000e+00   3.521202572969e-05   2.104778735120e-04  -3.795988504793e-05  -2.037867189763e-09   3.890027033558e-02   1.629699615010e-01  -3.233157811055e-02   1.311179295945e-07   0.000000000000e+00   0.000000000000e+00   0.000000000000e+00   0.000000000000e+00   0.000000000000e+00   0.000000000000e+00   0.000000000000e+00   0.000000000000e+00   0.000000000000e+00   0.000000000000e+00   0.000000000000e+00   0.000000000000e+00   0.000000000000e+00   0.000000000000e+00   1.033346358261e-03   5.635863207512e-03   3.989731303579e-04   1.996901870599e-07   1.943007136377e-01   6.470871868700e-01   3.983998988339e-02   2.695705701819e-05   0.000000000000e+00   0.000000000000e+00   0.000000000000e+00   0.000000000000e+00   0.000000000000e+00   0.000000000000e+00   0.000000000000e+00   2.630026069575e-04   7.526206575697e-02   0.000000000000e+00   0.000000000000e+00   0.000000000000e+00   0.000000000000e+00   4.838113461985e-05   5.036398599808e-02   5.204315833212e-01   0.000000000000e+00   0.000000000000e+00   0.000000000000e+00
  -4.347817189021e-02  -4.065158582346e-02   8.208785181654e-02  -1.097843387200e+01   1.194445529366e-05  -5.570225783477e-01   2.880661983116e-01  -1.565705382554e+01   4.242391285779e-05  -6.693348222145e-01   3.010959410295e-01  -9.956903280807e+00   4.464297401842e-05  -4.243500728715e-01   1.255521018881e-01  -3.432831607062e+00   1.863009308016e-05   1.565507226956e+00   8.796604687736e-04   4.864735324190e-01   1.492031819552e-04   3.698161121166e-01  -3.279815454478e-02  -4.812820867009e-02  -7.613989196570e-02  -1.015509872311e-01  -1.639604036879e-01  -2.851542033248e-01  -1.032580031788e+00  -1.446177682864e+00  -6.132949743842e-03   4.578655666810e-04  -9.085856456561e-07  -3.471801459404e-02   2.413492810765e-03  -5.146827655188e-06  -1.740077847518e-01   8.156408821940e-03  -2.582229687361e-05  -5.125080729672e-01   2.277113130196e-03  -7.610129521020e-05  -1.050991358953e+00  -5.876231833969e-02  -1.560901294473e-04  -2.435677624186e+00  -6.383731089242e-01  -3.616753766048e-04  -2.301346060295e+00  -1.919518895112e+00  -3.415474650386e-04   7.431376257020e-03   1.103186707627e-06   3.990031241154e-02  -2.226342792989e-05  -8.092268906010e-02  -1.207944351451e-03  -1.604276193831e-07   2.425399922418e-01  -1.406349919475e-04  -5.270279163176e-01  -7.487883145978e-01  -8.271084283986e-01  -1.650340368710e+00  -1.226747213195e-04  -8.713075109790e-01  -1.260389578188e-04   9.887402256979e-01  -6.690141389425e-04  -2.800705820746e+00   3.060642645614e+00   3.743983999055e+00   1.499510590538e+00   1.901225305985e-01  -1.053672334719e+00  -8.573513780931e-01   4.375944962921e+00  -4.533091213939e+00  -5.995927727390e+00  -3.145525517293e+00  -1.060105895106e+00   5.263590916510e+00   2.456493220134e+00  -1.329031087139e-02   3.044505976823e+00   3.723365427076e+00   1.489705269661e+00   1.874869316626e-01  -1.051695003790e+00  -8.884521669715e-01  -4.362143085289e+00   0.000000000000e+00   0.000000000000e+00   0.000000000000e+00   0.000000000000e+00   0.000000000000e+00   0.000000000000e+00   0.000000000000e+00   0.000000000000e+00   0.000000000000e+00  -8.098279805177e-06  -4.964570311844e-05   3.022408212105e-06   6.708013898440e-10  -8.798233526823e-03  -3.894185931932e-02  -3.698972768655e-03   4.692762766405e-08   0.000000000000e+00   0.000000000000e+00   0.000000000000e+00   0.000000000000e+00   0.000000000000e+00   0.000000000000e+00   0.000000000000e+00   0.000000000000e+00   0.000000000000e+00   0.000000000000e+00   0.000000000000e+00   0.000000000000e+00   0.000000000000e+00   0.000000000000e+00  -4.000121139149e-05  -2.078485273679e-04  -2.527429965347e-04  -6.955192363184e-10  -9.902736759019e-03  -3.268197517849e-02  -7.378520113497e-02  -1.148173523465e-06   0.000000000000e+00   0.000000000000e+00   0.000000000000e+00   0.000000000000e+00   0.000000000000e+00   0.000000000000e+00   0.000000000000e+00   1.495405198287e-07  -1.166349212827e-03   0.000000000000e+00   0.000000000000e+00   0.000000000000e+00   0.000000000000e+00   7.886479994788e-06   5.834131893841e-03   3.612394200615e-02   0.000000000000e+00   0.000000000000e+00   0.000000000000e+00
   1.968908941930e-05   1.840941843450e-05  -3.631687814167e-05   1.194445529366e-05  -1.095105111008e+01   2.517364880660e-04  -1.276575945927e-04   4.242391285779e-05  -1.556094188712e+01   3.014580035691e-04  -1.336276562199e-04   4.464297401842e-05  -9.856411736029e+00   1.908042900723e-04  -5.574531465263e-05   1.863009308016e-05  -3.390922224543e+00   1.492031819552e-04  -3.420357349117e-01  -4.178646711124e-04   1.533313576299e+00  -2.304175326972e-04   1.455171526396e-05   2.135327386614e-05   3.378134676800e-05   4.505559376642e-05   7.274507320293e-05   1.265168484518e-04   4.582618581047e-04   6.425149919088e-04   2.721035351221e-06  -9.085792257341e-07  -1.589983375832e-03   1.540350672765e-05  -5.146739618986e-06  -9.186738757802e-03   7.720302281635e-05  -2.582225749311e-05  -5.004337162061e-02   2.273918814815e-04  -7.610700223096e-05  -1.692482947120e-01   4.663385091215e-04  -1.561230505096e-04  -4.105859324295e-01   1.081231141962e-03  -3.619603719283e-04  -1.453632827903e+00   1.023296069127e-03  -3.423969470181e-04  -2.689458542227e+00  -2.226368986547e-05   1.430178832901e-02  -2.869363779470e-05  -4.274821827363e-02   2.955786005329e-05  -1.406511948199e-04   1.065531978881e-01  -1.895093342154e-04  -3.182085003323e-01   1.865501051976e-04   3.336675356843e-04   3.688482415081e-04  -1.233364112498e-04  -1.926903984014e+00  -6.694780231287e-04   7.982439489464e-01  -1.054742063206e-03  -2.381344514723e+00   8.876644238219e-04   4.624053456242e+00   5.924238657901e+00   2.822912759945e+00   7.595574909829e-01  -1.649730716767e+00   4.617237428031e+00   2.817172607562e+00   9.316769325565e-03   1.203889843681e-02   5.872756833462e-03   1.676946127342e-03  -1.071228595268e-02  -1.290815980002e-02  -3.854432473290e+00  -4.633909905385e+00  -5.936786201624e+00  -2.828662537393e+00  -7.609160351541e-01   1.659031229366e+00  -4.603808612207e+00   2.846169744196e+00   0.000000000000e+00   0.000000000000e+00   0.000000000000e+00   0.000000000000e+00   0.000000000000e+00   0.000000000000e+00   0.000000000000e+00   0.000000000000e+00   0.000000000000e+00   1.591144306728e-09   9.731280309087e-09  -1.507886857480e-09  -5.495930650264e-06   1.636405084943e-06   6.941636774264e-06  -1.215362763320e-06  -1.085268516430e-02   0.000000000000e+00   0.000000000000e+00   0.000000000000e+00   0.000000000000e+00   0.000000000000e+00   0.000000000000e+00   0.000000000000e+00   0.000000000000e+00   0.000000000000e+00   0.000000000000e+00   0.000000000000e+00   0.000000000000e+00   0.000000000000e+00   0.000000000000e+00   6.669474323905e-08   3.724994740904e-07   3.178074931073e-08  -2.145774272270e-04   1.330866382458e-05   4.798475263693e-05   2.747533828164e-06  -7.016134960620e-02   0.000000000000e+00   0.000000000000e+00   0.000000000000e+00   0.000000000000e+00   0.000000000000e+00   0.000000000000e+00   0.000000000000e+00  -4.413933891758e-09  -6.075681388252e-07   0.000000000000e+00   0.000000000000e+00   0.000000000000e+00   0.000000000000e+00   1.030581900557e-08   1.048834008664e-05   1.047532987846e-04   0.000000000000e+00   0.000000000000e+00   0.000000000000e+00
  -4.695044071797e+00  -5.245298501812e+00   7.049452888079e-01  -2.227269856260e-01   1.008402826473e-04  -1.370074149290e+01   2.117311482430e+00  -6.693348222145e-01   3.014580035691e-04  -1.589393397220e+01   3.168970090121e+00  -1.000247233498e+00   4.476525174252e-04  -1.160704977848e+01   1.852301037717e+00  -5.806143216805e-01   2.594146579316e-04   4.141313712246e-01   6.125511634263e-05   4.061554535870e-01  -1.836740685881e-04  -5.652871680266e-01  -7.465416625189e-01  -1.084520775230e+00  -1.646362426583e+00  -2.066568981523e+00  -2.788115119723e+00  -3.603797660264e+00  -6.055469734720e+00  -8.264444181787e+00  -4.174105440403e-02   1.394844775360e-02  -6.188722996780e-06  -2.223080300253e-01   7.445426216548e-02  -3.303572824625e-05  -8.949236081239e-01   3.008882175040e-01  -1.335107440810e-04  -1.965439890577e+00   6.629190728139e-01  -2.941368384003e-04  -3.185135086676e+00   1.076289903660e+00  -4.774862134524e-04  -6.299581545473e+00   2.131179065376e+00  -9.450967889400e-04  -9.526814717872e+00   3.219726881850e+00  -1.427202873683e-03   8.575885738077e-02   1.280083212471e-05   8.217307188138e-02  -3.804324284010e-05  -1.134177884158e-01   4.302079723406e-01   6.445732469701e-05   4.115037921362e-01  -1.908183340770e-04  -5.670239195887e-01  -8.200191579450e+00  -7.616538034989e+00   2.571430748079e+00  -1.139738855773e-03   1.904400947769e+00   2.857083639909e-04   1.819209180022e+00  -8.444052989682e-04  -2.504734102066e+00  -3.815848922878e+00  -8.403138665577e+00  -1.108086328037e+01  -9.184058399252e+00   1.104593066779e+00  -2.330084073523e+00  -3.239960805309e+00  -3.794754666038e+00  -8.366012240313e+00  -1.104992446100e+01  -9.171007119893e+00   2.856741566435e+00   2.990965092995e+00  -6.446112587658e-03  -3.815767323754e+00  -8.403000371752e+00  -1.108075583685e+01  -9.184015928279e+00   1.107371045208e+00  -2.318794767043e+00   3.247064047379e+00  -8.858557169908e-06  -8.382230132817e-06  -2.456747986777e-05   5.218767735034e-06  -1.433315823679e-10  -1.066804039609e-04  -2.514868289858e-04   5.235548871734e-05  -1.075135873075e-09  -3.705981848189e-03  -1.356411832976e-02   2.506694890685e-03   7.183362723105e-08  -1.632907144902e-01  -5.646757629004e-01   9.918011960637e-02   6.030590990773e-06   4.953080185490e-05  -1.471822703773e-11   7.263045923661e-05  -1.111999558252e-09  -1.138348402109e-04  -4.379955859401e-06  -4.031230284876e-06  -2.940450260286e-05  -1.900804632241e-06  -1.181378749088e-09  -1.960471525094e-04  -6.206397297604e-04  -3.783255210303e-05  -2.374289562415e-08  -1.491949572379e-02  -5.908567513789e-02  -4.931173429637e-03  -1.791767590004e-06  -5.366657980592e-01  -1.672021407866e+00  -1.257294789959e-01  -5.393882203068e-05  -4.962720415749e-05  -4.315293670919e-09   2.422217276898e-04  -3.127051873533e-08  -4.090075300658e-04   0.000000000000e+00  -7.993237408951e-06  -3.362126185048e-03  -2.179603934387e-01   0.000000000000e+00   0.000000000000e+00   0.000000000000e+00  -3.740864903963e-04  -7.005883016751e-03  -2.026781228340e-01  -1.426545366756e+00  -2.218594462932e-03  -5.761446463544e-04  -5.314704525747e-07
   4.383572514330e-02   3.360349138782e-02  -4.048898592564e+00   3.535502678062e-02  -1.564507587003e-05   1.161888868377e+00  -1.077864403182e+01   3.010959410295e-01  -1.336276562199e-04   3.168970090121e+00  -1.592566269362e+01   8.884800356161e-01  -3.948630527956e-04   3.377013759689e+00  -9.923300917002e+00   6.463198449189e-01  -2.874796058056e-04  -7.213894128247e-01   9.948927174768e-05  -9.743676362092e-01   3.635073672066e-04   1.629907985184e+00   1.972450389218e+00   2.863145451610e+00   4.331991928142e+00   5.410414683467e+00   7.183316974033e+00   8.993604515239e+00   1.253994948757e+01   1.239235693966e+01   7.862368252025e-02  -3.682389882854e-02   1.633822792744e-05   4.152614823063e-01  -1.953464866509e-01   8.667629282065e-05   1.613833622727e+00  -7.694685110121e-01   3.414330876141e-04   3.316286637658e+00  -1.616191771393e+00   7.171220482266e-04   4.901020765643e+00  -2.457952594377e+00   1.090499681163e-03   7.095730546951e+00  -3.938458782270e+00   1.746734589154e-03   4.811832682573e+00  -3.864988831291e+00   1.713430461459e-03  -1.554512730949e-01  -3.277847601151e-05  -1.003864170965e-01   6.895160418901e-05   9.984047204051e-02  -7.182678306735e-01  -1.551208571396e-04  -4.488877406495e-01   3.185507405599e-04   4.266811601585e-01   6.878919289115e+00   5.933943032895e-02  -1.803706922636e+00   7.993232126373e-04  -2.295699786252e+00  -5.408174197327e-04  -1.209090627421e+00   1.018373024731e-03   8.669665621254e-01  -6.483455810974e-01  -4.414598255876e-01   1.314861778495e+00   2.264359056852e+00  -3.546103161469e+00  -2.582365176641e-01  -3.938177704566e-01  -2.903572415327e+00  -4.034516614909e+00  -1.378454857732e+00   1.222160519742e+00  -1.841937219431e+00   1.902933827933e+00  -4.067315411898e-03  -6.519458488470e-01  -4.472045898337e-01   1.310547417655e+00   2.262688961743e+00  -3.544761780522e+00  -2.587490732351e-01   3.972861596212e-01   6.207908407422e-05   5.919254662569e-05   1.601380249886e-04  -3.550178505021e-05   9.663880616585e-10   6.563973656206e-04   1.469691058665e-03  -3.214218550490e-04   6.502461973483e-09   1.616818249463e-02   5.524154186546e-02  -1.092950119834e-02  -2.144689045051e-07   4.277109166074e-01   1.358466123743e+00  -2.585375890191e-01  -1.629029576292e-05  -3.027914665773e-04   1.896057321500e-10  -4.257338064319e-04   6.711489671733e-09   6.602154191758e-04   3.150024400571e-05   2.963770422241e-05   1.940136356329e-04   1.313612665612e-05   8.129946193177e-09   1.131777964106e-03   3.408796317527e-03   2.193381010804e-04   1.365660782915e-07   5.363356308195e-02   1.984551422916e-01   1.677140392212e-02   6.635688558939e-06   1.020769371926e+00   2.798157310236e+00   2.604011628162e-01   9.448619254358e-05   2.908901820834e-04   2.725976454481e-08  -1.349754784331e-03   1.814447653930e-07   2.270139146774e-03   0.000000000000e+00   4.990134100269e-05   1.202372397604e-02   4.229179494263e-01   0.000000000000e+00   0.000000000000e+00   0.000000000000e+00   2.132708457898e-03   3.055389426193e-02   5.371765220945e-01   2.116111815973e+00   1.116411834005e-02   3.083173363706e-03   2.845595887289e-06
  -1.384971757899e-02  -1.061684793757e-02   3.535502678062e-02  -3.952295739113e+00   5.154054823980e-06  -3.673019702588e-01   3.010959410295e-01  -9.956903280807e+00   4.464297401842e-05  -1.000247233498e+00   8.884800356161e-01  -1.349222135120e+01   1.314449947252e-04  -1.058544217955e+00   6.463198449189e-01  -8.133789335866e+00   9.511793966594e-05   1.230129551058e+00   6.763578435570e-04   4.032981225910e-01   9.948927174768e-05   2.378726597114e-01  -6.584037664100e-01  -9.557168881922e-01  -1.446004661980e+00  -1.805934437698e+00  -2.397400504001e+00  -3.000445732572e+00  -4.170761467338e+00  -4.096868825433e+00  -3.678349516650e-02  -1.928078420177e-02  -5.453695825135e-06  -1.946913707385e-01  -1.027994194320e-01  -2.893184025358e-05  -7.637519963177e-01  -4.177876026042e-01  -1.139412420145e-04  -1.598072074688e+00  -9.349278525071e-01  -2.391576753215e-04  -2.423348531393e+00  -1.549207875606e+00  -3.632893648637e-04  -3.863448637632e+00  -3.215355212424e+00  -5.798039170031e-04  -3.760117554118e+00  -5.299463906461e+00  -5.637602797300e-04  -1.172567446201e-01  -1.751350435394e-05   3.319583164496e-02  -3.250887543590e-05  -1.610502365216e-01  -5.918834510153e-01  -8.870342145677e-05   1.473655338120e-01  -1.531063148123e-04  -7.718036459243e-01  -2.240092935276e+00  -1.726974285973e+00  -4.655252223238e+00  -2.586044222729e-04  -2.670741237063e+00  -3.962705567968e-04   3.897355699538e-01  -5.306520791098e-04  -2.889813986184e+00   2.756165926608e+00   4.197580372525e+00   2.617756498439e+00   4.596862131119e-01  -6.695632616311e-01  -2.186299947211e+00   1.973985060584e+00  -4.070711901940e+00  -6.656951566491e+00  -5.489368857125e+00  -2.665545412728e+00   2.697259980588e+00  -8.400395978272e-01  -5.942879949517e-03   2.741672313672e+00   4.174571644575e+00   2.600614057685e+00   4.530914021388e-01  -6.675576780798e-01  -2.200626559821e+00  -1.967822764184e+00  -1.209611330076e-05  -1.154276445704e-05  -3.245079214516e-05   1.185733946328e-07  -1.972171150242e-10  -1.267856096391e-04  -2.978612525950e-04  -6.238960779666e-06  -1.457094793040e-09  -3.261270944316e-03  -1.193915861216e-02  -8.812233709032e-04   6.018123992747e-08  -9.793374129790e-02  -3.377733464418e-01  -5.578995044216e-02   5.112412263379e-06  -3.443220898658e-06  -2.163086554137e-10   8.180230605466e-05  -1.476693651558e-09  -1.546480501847e-04   1.174348016015e-06   1.124832232688e-06   7.282127854487e-06  -7.312008252365e-06   1.919352208757e-10   3.588925668894e-05   1.131826981445e-04  -1.523790260162e-04   2.459939038340e-09  -5.942132783845e-04  -3.449434779249e-03  -1.313311522478e-02   1.107382173789e-07  -7.266104070393e-02  -2.067141643777e-01  -3.747971407305e-01  -1.751156278411e-06  -2.027014288323e-04  -7.041342747345e-09  -4.112728994762e-05   3.582340917313e-09   9.670930755580e-05   0.000000000000e+00   3.754056396204e-06   3.467682949756e-04  -1.502312810607e-02   0.000000000000e+00   0.000000000000e+00   0.000000000000e+00   4.569502430108e-04   5.989989576208e-03   5.862475981474e-02   8.640645702657e-02   2.501712437937e-03  -1.569897997950e-05   5.942379691806e-07
