ARMA_MAT_TXT_FN008
58 58
  -3.283235722703e+01  -3.487050834650e+01   1.264336104635e-01  -1.926539954966e-05   0.000000000000e+00  -1.247624281368e+01   5.758502819424e-02  -8.774554267441e-06   0.000000000000e+00  -5.414985209166e+00   1.676254270360e-02  -2.554202805609e-06   0.000000000000e+00  -2.444516651651e+00   4.653895335676e-03  -7.091401781460e-07   0.000000000000e+00   3.058055495232e-06   0.000000000000e+00   5.571660405274e-03   0.000000000000e+00  -9.373445206536e-03  -2.967934551787e-03  -1.188486118236e-04  -1.153305612783e-01   1.886494273248e-05   0.000000000000e+00  -7.826595173421e-01  -2.323659528034e+00   3.800829987754e-04   0.000000000000e+00  -1.722531090299e+00  -2.943588531478e+00   4.814854424097e-04   0.000000000000e+00  -1.199935371896e+00  -1.140802879872e+00   1.866024854918e-04   0.000000000000e+00   8.744946033144e-04   0.000000000000e+00   1.543346212795e+00   0.000000000000e+00  -2.673142695116e+00  -1.687473446199e-05  -6.927719102133e-02  -6.460621613167e-01  -7.734344613233e-01  -3.573631463991e-03   1.870605765997e-03   0.000000000000e+00  -1.679398152775e-05  -6.915807033861e-02  -6.456991666729e-01  -7.732807139167e-01  -3.561366563785e-03  -1.864663126506e-03   0.000000000000e+00
  -3.487050834650e+01  -3.057738157256e+01   1.499462496171e-01  -2.284815247509e-05   0.000000000000e+00  -1.257889333085e+01   4.389381301331e-02  -6.688346891105e-06   0.000000000000e+00  -5.468714538978e+00   1.050051097216e-02  -1.600021851397e-06   0.000000000000e+00  -2.462567096443e+00   2.741287748089e-03  -4.177054159043e-07   0.000000000000e+00   1.267831614888e-06   0.000000000000e+00   2.309940816954e-03   0.000000000000e+00  -3.886113313430e-03  -1.795908181196e-03   8.689014677147e-05  -1.013995923296e-01   1.658517440087e-05   0.000000000000e+00  -7.821060455710e-01  -2.341308992924e+00   3.829542768304e-04   0.000000000000e+00  -1.733294112369e+00  -2.969477299111e+00   4.857003520913e-04   0.000000000000e+00  -1.207241177476e+00  -1.149250062123e+00   1.879761809766e-04   0.000000000000e+00   8.861902636980e-04   0.000000000000e+00   1.564041660391e+00   0.000000000000e+00  -2.708997494450e+00  -5.123559008768e-06  -6.819942895885e-02  -6.490449958203e-01  -7.778484735248e-01  -2.852938433151e-03   1.489754306868e-03   0.000000000000e+00  -5.094601003355e-06  -6.808117752827e-02  -6.486797898555e-01  -7.776937705005e-01  -2.842528938947e-03  -1.484696968457e-03   0.000000000000e+00
   1.264336104635e-01   1.499462496171e-01  -1.103408866798e+01   1.799306975026e-05   0.000000000000e+00   4.072713528879e-01  -7.484886101524e+00   1.947781292857e-05   0.000000000000e+00   2.470168002090e-01  -2.633679180471e+00   7.690515372034e-06   0.000000000000e+00   1.232484129816e-01  -7.801014613434e-01   2.343329878179e-06   0.000000000000e+00  -4.751369034250e-05   0.000000000000e+00  -1.552796064481e-01   0.000000000000e+00   2.683420516514e-01   3.317855035432e-02   1.054367092811e-02   6.017979517431e-01  -1.097649665206e-04   0.000000000000e+00   9.883276404047e-01   2.003423390210e+00  -4.234063914465e-04   0.000000000000e+00   7.084837643907e-01   4.466897437805e-01  -1.875351580518e-04   0.000000000000e+00   1.993182416587e-01  -9.966630900936e-02  -2.967014553892e-05   0.000000000000e+00  -9.056009846556e-04   0.000000000000e+00  -1.235651852713e+00   0.000000000000e+00   2.140064580762e+00   3.354116711881e-04   1.060504879411e-01   2.883469391260e-01   1.487688257554e-01   2.107213809091e-02  -1.202622408551e-02   0.000000000000e+00   3.339916556623e-04   1.058947662792e-01   2.882227680355e-01   1.487538798207e-01   2.101140772081e-02   1.199437777134e-02   0.000000000000e+00
  -1.926539954966e-05  -2.284815247509e-05   1.799306975026e-05  -1.092378520640e+01   0.000000000000e+00  -6.205822409881e-05   1.947781292857e-05  -7.365480673727e+00   0.000000000000e+00  -3.763933671018e-05   7.690515372034e-06  -2.586533780148e+00   0.000000000000e+00  -1.878005201657e-05   2.343329878179e-06  -7.657360747034e-01   0.000000000000e+00   2.308192756342e-01   0.000000000000e+00   2.380243973020e-05   0.000000000000e+00   2.862808610032e-05  -5.425456308749e-06  -1.724855941222e-06  -1.096904112604e-04  -6.922928340231e-02   0.000000000000e+00  -1.612364404745e-04  -4.221035426883e-04  -5.844088272063e-01   0.000000000000e+00  -1.149225163514e-04  -1.858697094075e-04  -6.994891056853e-01   0.000000000000e+00  -3.190460462968e-05  -2.900437085891e-05  -2.810091142659e-01   0.000000000000e+00  -1.254714393637e+00   0.000000000000e+00   2.013369554145e-04   0.000000000000e+00  -7.593291800205e-04  -1.709289386192e-04  -5.220669168501e-02  -1.306077928229e-01  -5.555025613338e-02  -1.151804602854e-02   4.355517270348e-03   0.000000000000e+00   1.702493258637e-04   5.214205798461e-02   1.305756259273e-01   5.554806306467e-02   1.148746375984e-02   4.346348657799e-03   0.000000000000e+00
   0.000000000000e+00   0.000000000000e+00   0.000000000000e+00   0.000000000000e+00  -1.092215565873e+01   0.000000000000e+00   0.000000000000e+00   0.000000000000e+00  -7.363716659529e+00   0.000000000000e+00   0.000000000000e+00   0.000000000000e+00  -2.585837283370e+00   0.000000000000e+00   0.000000000000e+00   0.000000000000e+00  -7.655238482764e-01   0.000000000000e+00  -3.491474148603e-05   0.000000000000e+00   2.302091595381e-01   0.000000000000e+00   0.000000000000e+00   0.000000000000e+00   0.000000000000e+00   0.000000000000e+00  -6.920319394010e-02   0.000000000000e+00   0.000000000000e+00   0.000000000000e+00  -5.842049015169e-01   0.000000000000e+00   0.000000000000e+00   0.000000000000e+00  -6.992745437907e-01   0.000000000000e+00   0.000000000000e+00   0.000000000000e+00  -2.809278243107e-01   0.000000000000e+00   2.052343788030e-04   0.000000000000e+00  -1.254286049625e+00   0.000000000000e+00   0.000000000000e+00   0.000000000000e+00   0.000000000000e+00   0.000000000000e+00   0.000000000000e+00   0.000000000000e+00  -1.701663198215e-03   0.000000000000e+00   0.000000000000e+00   0.000000000000e+00   0.000000000000e+00   0.000000000000e+00   0.000000000000e+00  -1.696280257995e-03
  -1.247624281368e+01  -1.257889333085e+01   4.072713528879e-01  -6.205822409881e-05   0.000000000000e+00  -1.393543653136e+01   6.653185933710e-01  -1.013764784060e-04   0.000000000000e+00  -9.257956201138e+00   4.134024598258e-01  -6.296376655405e-05   0.000000000000e+00  -4.967241886369e+00   1.531267139229e-01  -2.330821770223e-05   0.000000000000e+00   6.656338938744e-05   0.000000000000e+00   1.212771708252e-01   0.000000000000e+00  -2.040279556463e-01  -2.360956979431e-01  -2.400068564781e-01  -1.222362004834e+00   1.993199139659e-04   0.000000000000e+00  -2.298855303056e+00  -4.731261269396e+00   7.745410725220e-04   0.000000000000e+00  -3.667085355700e+00  -5.440471281703e+00   8.912945983669e-04   0.000000000000e+00  -2.605684536058e+00  -2.327993843345e+00   3.814363960737e-04   0.000000000000e+00   1.395017966001e-03   0.000000000000e+00   2.460540414797e+00   0.000000000000e+00  -4.258992646246e+00  -8.260133501294e-03  -3.184170085257e-01  -1.498328215107e+00  -1.712077693317e+00  -1.079756560737e-01   6.172424274768e-02   0.000000000000e+00  -8.235800825962e-03  -3.179790990658e-01  -1.497548037442e+00  -1.711746442990e+00  -1.077374012319e-01  -6.160121174290e-02   0.000000000000e+00
   5.758502819424e-02   4.389381301331e-02  -7.484886101524e+00   1.947781292857e-05   0.000000000000e+00   6.653185933710e-01  -9.268938450382e+00   7.021376388820e-05   0.000000000000e+00   7.781550135930e-01  -5.665689854429e+00   6.643447172462e-05   0.000000000000e+00   5.013089305738e-01  -2.153699618831e+00   2.814677403127e-05   0.000000000000e+00  -1.459368436742e-04   0.000000000000e+00  -4.301862601881e-01   0.000000000000e+00   7.420729431948e-01   7.812901338379e-01   8.498715122448e-01   2.478770834430e+00  -4.846611844210e-04   0.000000000000e+00   3.050720132924e+00   4.066243058702e+00  -9.296070117594e-04   0.000000000000e+00   2.082684693315e+00   9.982068824116e-01  -4.600839770189e-04   0.000000000000e+00   6.874857576174e-01  -2.544410559359e-01  -8.787991733262e-05   0.000000000000e+00  -1.369354897820e-03   0.000000000000e+00  -1.631149153777e+00   0.000000000000e+00   2.817942298339e+00   2.813469017587e-02   4.978772107934e-01   9.344303061331e-01   5.160286709458e-01   2.630197708585e-01  -1.720565467965e-01   0.000000000000e+00   2.805453386971e-02   4.972530767817e-01   9.340411988767e-01   5.159694491100e-01   2.624751010573e-01   1.717291408816e-01   0.000000000000e+00
  -8.774554267441e-06  -6.688346891105e-06   1.947781292857e-05  -7.365480673727e+00   0.000000000000e+00  -1.013764784060e-04   7.021376388820e-05  -8.838502761488e+00   0.000000000000e+00  -1.185178497471e-04   6.643447172462e-05  -5.258389309416e+00   0.000000000000e+00  -7.630685326250e-05   2.814677403127e-05  -1.981118146563e+00   0.000000000000e+00   5.559435311884e-01   0.000000000000e+00   6.625154034855e-05   0.000000000000e+00   5.225202523229e-05  -1.279169304993e-04  -1.391828777696e-04  -4.872894827127e-04  -5.001922695199e-01   0.000000000000e+00  -4.979735308379e-04  -9.264671656338e-04  -1.619139592631e+00   0.000000000000e+00  -3.369429733503e-04  -4.536379202016e-04  -1.811861644266e+00   0.000000000000e+00  -1.093410078638e-04  -8.490907008164e-05  -7.910796516392e-01   0.000000000000e+00  -2.725816225179e+00   0.000000000000e+00   2.645771221249e-04   0.000000000000e+00  -1.350587028134e-03  -1.353433714713e-02  -2.206169539296e-01  -3.734820417652e-01  -1.598864708971e-01  -1.374410381554e-01   4.626972351714e-02   0.000000000000e+00   1.350052931914e-02   2.203856060022e-01   3.733683962272e-01   1.598536942517e-01   1.371927594938e-01   4.621531349309e-02   0.000000000000e+00
   0.000000000000e+00   0.000000000000e+00   0.000000000000e+00   0.000000000000e+00  -7.363716659529e+00   0.000000000000e+00   0.000000000000e+00   0.000000000000e+00  -8.832131951910e+00   0.000000000000e+00   0.000000000000e+00   0.000000000000e+00  -5.252178090807e+00   0.000000000000e+00   0.000000000000e+00   0.000000000000e+00  -1.978398188818e+00   0.000000000000e+00  -8.343783494311e-05   0.000000000000e+00   5.529120150193e-01   0.000000000000e+00   0.000000000000e+00   0.000000000000e+00   0.000000000000e+00   0.000000000000e+00  -4.989029928699e-01   0.000000000000e+00   0.000000000000e+00   0.000000000000e+00  -1.615350802936e+00   0.000000000000e+00   0.000000000000e+00   0.000000000000e+00  -1.808568715747e+00   0.000000000000e+00   0.000000000000e+00   0.000000000000e+00  -7.898200159274e-01   0.000000000000e+00   4.456131883596e-04   0.000000000000e+00  -2.720959332315e+00   0.000000000000e+00   0.000000000000e+00   0.000000000000e+00   0.000000000000e+00   0.000000000000e+00   0.000000000000e+00   0.000000000000e+00  -2.993938798574e-02   0.000000000000e+00   0.000000000000e+00   0.000000000000e+00   0.000000000000e+00   0.000000000000e+00   0.000000000000e+00  -2.987126895272e-02
  -5.414985209166e+00  -5.468714538978e+00   2.470168002090e-01  -3.763933671018e-05   0.000000000000e+00  -9.257956201138e+00   7.781550135930e-01  -1.185178497471e-04   0.000000000000e+00  -9.161656666634e+00   1.085513062828e+00  -1.634047281807e-04   0.000000000000e+00  -6.478177109244e+00   6.224476255542e-01  -9.154237172660e-05   0.000000000000e+00   8.745029208281e-05   0.000000000000e+00   1.593612343656e-01   0.000000000000e+00  -2.680538708756e-01  -1.443601421928e+00  -1.552839569347e+00  -1.664823289712e+00   2.589493080147e-04   0.000000000000e+00  -4.084669652029e+00  -4.495912403349e+00   7.270220348386e-04   0.000000000000e+00  -5.226048336402e+00  -5.635264687634e+00   9.289590883109e-04   0.000000000000e+00  -3.917850186657e+00  -2.980481567450e+00   4.930714523931e-04   0.000000000000e+00   8.505663801802e-04   0.000000000000e+00   1.499276858812e+00   0.000000000000e+00  -2.547274203599e+00  -2.454596585480e-01  -1.094029048656e+00  -2.536122070748e+00  -2.690551420826e+00  -6.631099213422e-01   4.407677834793e-01   0.000000000000e+00  -2.450797225864e-01  -1.092940385977e+00  -2.534984727222e+00  -2.690062407544e+00  -6.622349023836e-01  -4.402304716736e-01   0.000000000000e+00
   1.676254270360e-02   1.050051097216e-02  -2.633679180471e+00   7.690515372034e-06   0.000000000000e+00   4.134024598258e-01  -5.665689854429e+00   6.643447172462e-05   0.000000000000e+00   1.085513062828e+00  -7.303432533666e+00   1.588702961107e-04   0.000000000000e+00   1.082590545029e+00  -4.576520823933e+00   1.031566330671e-04   0.000000000000e+00  -1.158790528282e-04   0.000000000000e+00  -3.193183796498e-01   0.000000000000e+00   5.500538124901e-01   3.121641108648e+00   3.373816023327e+00   1.851348697587e+00  -4.675217357676e-04   0.000000000000e+00   5.886547989489e+00   2.728557004658e+00  -8.788805621360e-04   0.000000000000e+00   4.380561284331e+00   4.180804111627e-01  -6.456115901065e-04   0.000000000000e+00   1.783891957813e+00  -8.903214335338e-01  -1.772835135445e-04   0.000000000000e+00  -5.853590511624e-04   0.000000000000e+00  -2.904042410178e-01   0.000000000000e+00   3.850879478180e-01   6.514393792408e-01   1.974495007370e+00   2.461185084959e+00   1.416758568368e+00   1.249229094412e+00  -1.045686114389e+00   0.000000000000e+00   6.505174394120e-01   1.972742227739e+00   2.460314961604e+00   1.416605661827e+00   1.247767839048e+00   1.044532586784e+00   0.000000000000e+00
  -2.554202805609e-06  -1.600021851397e-06   7.690515372034e-06  -2.586533780148e+00   0.000000000000e+00  -6.296376655405e-05   6.643447172462e-05  -5.258389309416e+00   0.000000000000e+00  -1.634047281807e-04   1.588702961107e-04  -6.324757740001e+00   0.000000000000e+00  -1.592148512295e-04   1.031566330671e-04  -3.926726477029e+00   0.000000000000e+00   3.684927165459e-01   0.000000000000e+00   4.933041544438e-05   0.000000000000e+00   2.444326997283e-05  -5.118338771017e-04  -5.530968125031e-04  -4.984007040681e-04  -1.219435211721e+00   0.000000000000e+00  -9.688125906189e-04  -8.981061627725e-04  -2.840096242626e+00   0.000000000000e+00  -7.068093442115e-04  -6.287501360074e-04  -3.522611040461e+00   0.000000000000e+00  -2.782372227502e-04  -1.643226430138e-04  -1.952668154462e+00   0.000000000000e+00  -2.533928288121e+00   0.000000000000e+00   4.807783411041e-05   0.000000000000e+00  -8.940061446265e-04  -3.209212363156e-01  -8.441249232020e-01  -9.263564528168e-01  -4.200378610879e-01  -7.215853448568e-01   1.345706860656e-01   0.000000000000e+00   3.205722947272e-01   8.435765761712e-01   9.261135153413e-01   4.199469830982e-01   7.209651679368e-01   1.346471003777e-01   0.000000000000e+00
   0.000000000000e+00   0.000000000000e+00   0.000000000000e+00   0.000000000000e+00  -2.585837283370e+00   0.000000000000e+00   0.000000000000e+00   0.000000000000e+00  -5.252178090807e+00   0.000000000000e+00   0.000000000000e+00   0.000000000000e+00  -6.302428401358e+00   0.000000000000e+00   0.000000000000e+00   0.000000000000e+00  -3.904997518533e+00   0.000000000000e+00  -5.487953689291e-05   0.000000000000e+00   3.654708716919e-01   0.000000000000e+00   0.000000000000e+00   0.000000000000e+00   0.000000000000e+00   0.000000000000e+00  -1.209154997281e+00   0.000000000000e+00   0.000000000000e+00   0.000000000000e+00  -2.802950842521e+00   0.000000000000e+00   0.000000000000e+00   0.000000000000e+00  -3.485264141334e+00   0.000000000000e+00   0.000000000000e+00   0.000000000000e+00  -1.936590814860e+00   0.000000000000e+00   4.132722049884e-04   0.000000000000e+00  -2.537144490996e+00   0.000000000000e+00   0.000000000000e+00   0.000000000000e+00   0.000000000000e+00   0.000000000000e+00   0.000000000000e+00   0.000000000000e+00  -3.094916942729e-01   0.000000000000e+00   0.000000000000e+00   0.000000000000e+00   0.000000000000e+00   0.000000000000e+00   0.000000000000e+00  -3.090925441691e-01
  -2.444516651651e+00  -2.462567096443e+00   1.232484129816e-01  -1.878005201657e-05   0.000000000000e+00  -4.967241886369e+00   5.013089305738e-01  -7.630685326250e-05   0.000000000000e+00  -6.478177109244e+00   1.082590545029e+00  -1.592148512295e-04   0.000000000000e+00  -6.234995804380e+00   9.181062432252e-01  -1.224000403751e-04   0.000000000000e+00   5.707118419363e-05   0.000000000000e+00   1.040231202957e-01   0.000000000000e+00  -1.749385260436e-01  -1.518061034932e+00  -1.635821754308e+00  -7.456439692874e-01   9.870190374244e-05   0.000000000000e+00  -3.973265140384e+00  -2.244936955606e+00   3.453222931712e-04   0.000000000000e+00  -5.278087865390e+00  -3.585855062173e+00   6.127290064952e-04   0.000000000000e+00  -4.642162178715e+00  -2.711502477935e+00   4.685747829527e-04   0.000000000000e+00   3.398433694682e-04   0.000000000000e+00   5.865190338709e-01   0.000000000000e+00  -9.002551570985e-01  -7.284332055483e-01  -1.880120675665e+00  -3.246923146016e+00  -3.440766477583e+00  -7.984844406794e-01   6.098337331427e-01   0.000000000000e+00  -7.278288618813e-01  -1.878919409319e+00  -3.245820414435e+00  -3.440228831386e+00  -7.978104139325e-01  -6.093549075989e-01   0.000000000000e+00
   4.653895335676e-03   2.741287748089e-03  -7.801014613434e-01   2.343329878179e-06   0.000000000000e+00   1.531267139229e-01  -2.153699618831e+00   2.814677403127e-05   0.000000000000e+00   6.224476255542e-01  -4.576520823933e+00   1.031566330671e-04   0.000000000000e+00   9.181062432252e-01  -4.943241976636e+00   8.808369848652e-05   0.000000000000e+00  -4.551783416084e-05   0.000000000000e+00  -1.226962516015e-01   0.000000000000e+00   2.112327674814e-01   1.967964863765e+00   2.126956590527e+00   6.344620767234e-02  -1.047849410240e-04   0.000000000000e+00   4.270417114870e+00  -1.063162443997e-01  -2.813058553350e-04   0.000000000000e+00   4.190651636693e+00  -1.252984979554e+00  -4.023849399736e-04   0.000000000000e+00   2.350874902434e+00  -1.921622456696e+00  -2.047126118034e-04   0.000000000000e+00  -1.271530114314e-04   0.000000000000e+00   5.877409337273e-02   0.000000000000e+00  -2.852573626731e-01   1.286516576159e+00   2.710334788487e+00   3.200576567494e+00   2.093031664782e+00   7.658196414736e-01  -9.886774072948e-01   0.000000000000e+00   1.285640195548e+00   2.708979721914e+00   3.199858750901e+00   2.092896834707e+00   7.653126426885e-01   9.880654663609e-01   0.000000000000e+00
  -7.091401781460e-07  -4.177054159043e-07   2.343329878179e-06  -7.657360747034e-01   0.000000000000e+00  -2.330821770223e-05   2.814677403127e-05  -1.981118146563e+00   0.000000000000e+00  -9.154237172660e-05   1.031566330671e-04  -3.926726477029e+00   0.000000000000e+00  -1.224000403751e-04   8.808369848652e-05  -4.304780772269e+00   0.000000000000e+00   1.357657506905e-01   0.000000000000e+00   1.897179296798e-05   0.000000000000e+00   7.490732870772e-06  -3.230218350577e-04  -3.488098555780e-04  -1.357295058012e-04  -8.046497747262e-01   0.000000000000e+00  -7.075811201623e-04  -3.103821111077e-04  -2.106735698412e+00   0.000000000000e+00  -6.654061584586e-04  -3.674564559669e-04  -3.554370635170e+00   0.000000000000e+00  -3.496399623682e-04  -1.713141713849e-04  -3.012750266831e+00   0.000000000000e+00  -8.493564489075e-01   0.000000000000e+00  -5.684672516353e-06   0.000000000000e+00  -2.425881439363e-04  -6.447601288995e-01  -1.228051730790e+00  -1.304886243828e+00  -7.260328186616e-01  -6.086765912048e-01  -1.133035781785e-01   0.000000000000e+00   6.445151899428e-01   1.227769346652e+00   1.304816854799e+00   7.260380636223e-01   6.084717970206e-01  -1.130199893595e-01   0.000000000000e+00
   0.000000000000e+00   0.000000000000e+00   0.000000000000e+00   0.000000000000e+00  -7.655238482764e-01   0.000000000000e+00   0.000000000000e+00   0.000000000000e+00  -1.978398188818e+00   0.000000000000e+00   0.000000000000e+00   0.000000000000e+00  -3.904997518533e+00   0.000000000000e+00   0.000000000000e+00   0.000000000000e+00  -4.265505296061e+00   0.000000000000e+00  -2.014845770040e-05   0.000000000000e+00   1.344823764999e-01   0.000000000000e+00   0.000000000000e+00   0.000000000000e+00   0.000000000000e+00   0.000000000000e+00  -7.945893056666e-01   0.000000000000e+00   0.000000000000e+00   0.000000000000e+00  -2.052801977444e+00   0.000000000000e+00   0.000000000000e+00   0.000000000000e+00  -3.480668627176e+00   0.000000000000e+00   0.000000000000e+00   0.000000000000e+00  -2.971832168827e+00   0.000000000000e+00   1.407901905265e-04   0.000000000000e+00  -8.789338656005e-01   0.000000000000e+00   0.000000000000e+00   0.000000000000e+00   0.000000000000e+00   0.000000000000e+00   0.000000000000e+00   0.000000000000e+00  -5.358420682062e-01   0.000000000000e+00   0.000000000000e+00   0.000000000000e+00   0.000000000000e+00   0.000000000000e+00   0.000000000000e+00  -5.354622524412e-01
   3.058055495232e-06   1.267831614888e-06  -4.751369034250e-05   2.308192756342e-01   0.000000000000e+00   6.656338938744e-05  -1.459368436742e-04   5.559435311884e-01   0.000000000000e+00   8.745029208281e-05  -1.158790528282e-04   3.684927165459e-01   0.000000000000e+00   5.707118419363e-05  -4.551783416084e-05   1.357657506905e-01   0.000000000000e+00  -6.423365449644e+00   0.000000000000e+00  -6.470628741900e-05   0.000000000000e+00   3.127528026136e-05   1.781920237711e-04   2.028319223377e-04   7.538147576813e-04   7.503223778194e-01   0.000000000000e+00   5.098550281001e-04   7.543106434772e-04   1.557319070433e+00   0.000000000000e+00   1.890263114511e-04   1.205913385436e-04   7.513766926780e-01   0.000000000000e+00   5.140598141202e-05   1.162862779428e-05   1.412572236738e-01   0.000000000000e+00   2.542213332719e+00   0.000000000000e+00  -8.063852879568e-05   0.000000000000e+00   1.215861067047e-03   1.296493956760e-02   2.055786334769e-01   1.607184091761e-01   3.233216000716e-02   1.576672431317e-01  -6.201954023967e-02   0.000000000000e+00  -1.292813795404e-02  -2.053622914550e-01  -1.606428314177e-01  -3.228509987692e-02  -1.573618173970e-01  -6.193356405619e-02   0.000000000000e+00
   0.000000000000e+00   0.000000000000e+00   0.000000000000e+00   0.000000000000e+00  -3.491474148603e-05   0.000000000000e+00   0.000000000000e+00   0.000000000000e+00  -8.343783494311e-05   0.000000000000e+00   0.000000000000e+00   0.000000000000e+00  -5.487953689291e-05   0.000000000000e+00   0.000000000000e+00   0.000000000000e+00  -2.014845770040e-05   0.000000000000e+00  -6.169678331899e+00   0.000000000000e+00   4.031328857128e-05   0.000000000000e+00   0.000000000000e+00   0.000000000000e+00   0.000000000000e+00   0.000000000000e+00  -1.225066099126e-04   0.000000000000e+00   0.000000000000e+00   0.000000000000e+00  -2.531676785163e-04   0.000000000000e+00   0.000000000000e+00   0.000000000000e+00  -1.209333594485e-04   0.000000000000e+00   0.000000000000e+00   0.000000000000e+00  -2.226604324084e-05   0.000000000000e+00  -7.453667616145e-01   0.000000000000e+00  -5.350618385485e-04   0.000000000000e+00   0.000000000000e+00   0.000000000000e+00   0.000000000000e+00   0.000000000000e+00   0.000000000000e+00   0.000000000000e+00  -1.622584041973e-02   0.000000000000e+00   0.000000000000e+00   0.000000000000e+00   0.000000000000e+00   0.000000000000e+00   0.000000000000e+00   1.619062019586e-02
   5.571660405274e-03   2.309940816954e-03  -1.552796064481e-01   2.380243973020e-05   0.000000000000e+00   1.212771708252e-01  -4.301862601881e-01   6.625154034855e-05   0.000000000000e+00   1.593612343656e-01  -3.193183796498e-01   4.933041544438e-05   0.000000000000e+00   1.040231202957e-01  -1.226962516015e-01   1.897179296798e-05   0.000000000000e+00  -6.470628741900e-05   0.000000000000e+00  -6.282955069753e+00   0.000000000000e+00   1.980093805164e-01   3.142809172131e-01   3.576358542337e-01   1.113977761276e+00  -1.813971234828e-04   0.000000000000e+00   9.025177634591e-01   8.882991262116e-01  -1.456587932031e-04   0.000000000000e+00   3.379914843992e-01   5.242121872600e-04  -1.010936519172e-06   0.000000000000e+00   9.310541402768e-02  -1.925180132029e-02   2.720162676267e-06   0.000000000000e+00  -8.351540323483e-05   0.000000000000e+00  -8.913407417883e-01   0.000000000000e+00   2.515853869251e-01   9.672413006127e-03   1.691128963184e-01   1.735066701014e-01   7.222136692527e-02   1.129171483862e-01  -6.577733114574e-02   0.000000000000e+00   9.642839027002e-03   1.689166333088e-01   1.734473382991e-01   7.221216298275e-02   1.126821645939e-01   6.565266734726e-02   0.000000000000e+00
   0.000000000000e+00   0.000000000000e+00   0.000000000000e+00   0.000000000000e+00   2.302091595381e-01   0.000000000000e+00   0.000000000000e+00   0.000000000000e+00   5.529120150193e-01   0.000000000000e+00   0.000000000000e+00   0.000000000000e+00   3.654708716919e-01   0.000000000000e+00   0.000000000000e+00   0.000000000000e+00   1.344823764999e-01   0.000000000000e+00   4.031328857128e-05   0.000000000000e+00  -6.417565594496e+00   0.000000000000e+00   0.000000000000e+00   0.000000000000e+00   0.000000000000e+00   0.000000000000e+00   7.487812531422e-01   0.000000000000e+00   0.000000000000e+00   0.000000000000e+00   1.553627199871e+00   0.000000000000e+00   0.000000000000e+00   0.000000000000e+00   7.491479295577e-01   0.000000000000e+00   0.000000000000e+00   0.000000000000e+00   1.405875883046e-01   0.000000000000e+00  -5.372349767830e-04   0.000000000000e+00   2.536954465234e+00   0.000000000000e+00   0.000000000000e+00   0.000000000000e+00   0.000000000000e+00   0.000000000000e+00   0.000000000000e+00   0.000000000000e+00   3.323300218243e-02   0.000000000000e+00   0.000000000000e+00   0.000000000000e+00   0.000000000000e+00   0.000000000000e+00   0.000000000000e+00   3.315216796014e-02
  -9.373445206536e-03  -3.886113313430e-03   2.683420516514e-01   2.862808610032e-05   0.000000000000e+00  -2.040279556463e-01   7.420729431948e-01   5.225202523229e-05   0.000000000000e+00  -2.680538708756e-01   5.500538124901e-01   2.444326997283e-05   0.000000000000e+00  -1.749385260436e-01   2.112327674814e-01   7.490732870772e-06   0.000000000000e+00   3.127528026136e-05   0.000000000000e+00   1.980093805164e-01   0.000000000000e+00  -6.516216917115e+00  -5.442784353742e-01  -6.194164302840e-01  -1.928623578166e+00   5.595241859724e-04   0.000000000000e+00  -1.560511537220e+00  -1.533692063866e+00   7.585133482866e-04   0.000000000000e+00  -5.809359330290e-01   4.693519595226e-03   2.428071767697e-04   0.000000000000e+00  -1.581576074696e-01   3.565120990605e-02   3.940795489023e-05   0.000000000000e+00   1.214868389901e-03   0.000000000000e+00   2.512066140926e-01   0.000000000000e+00  -1.178678080759e+00  -1.029881148720e-02  -1.958916260210e-01  -2.305855270167e-01  -1.121933015082e-01  -1.102633753045e-01   1.004852405134e-01   0.000000000000e+00  -1.026391013297e-02  -1.956248145867e-01  -2.304844983478e-01  -1.121783279196e-01  -1.099987661245e-01  -1.002649967743e-01   0.000000000000e+00
  -2.967934551787e-03  -1.795908181196e-03   3.317855035432e-02  -5.425456308749e-06   0.000000000000e+00  -2.360956979431e-01   7.812901338379e-01  -1.279169304993e-04   0.000000000000e+00  -1.443601421928e+00   3.121641108648e+00  -5.118338771017e-04   0.000000000000e+00  -1.518061034932e+00   1.967964863765e+00  -3.230218350577e-04   0.000000000000e+00   1.781920237711e-04   0.000000000000e+00   3.142809172131e-01   0.000000000000e+00  -5.442784353742e-01  -2.125801411388e+01  -2.155250196901e+01  -1.565875819913e-01  -7.187188896321e-07   0.000000000000e+00  -7.572747150407e+00  -7.228871501302e-02  -3.081757472651e-07   0.000000000000e+00  -3.430101013578e+00  -2.302546820564e-02  -7.856717696257e-08   0.000000000000e+00  -1.447373620328e+00  -5.793602382794e-03  -1.665815390790e-08   0.000000000000e+00   1.287598316451e-05   0.000000000000e+00   1.484542248132e-02   0.000000000000e+00  -1.642283515478e-02  -2.069681865135e-01  -1.590177782366e+00  -1.737355573211e+00  -1.073512164633e+00  -9.676073029277e-01   1.550242882684e+00   0.000000000000e+00  -2.059043418184e-01  -1.587251763783e+00  -1.736294566116e+00  -1.073278617812e+00  -9.642517017953e-01  -1.545475310062e+00   0.000000000000e+00
  -1.188486118236e-04   8.689014677147e-05   1.054367092811e-02  -1.724855941222e-06   0.000000000000e+00  -2.400068564781e-01   8.498715122448e-01  -1.391828777696e-04   0.000000000000e+00  -1.552839569347e+00   3.373816023327e+00  -5.530968125031e-04   0.000000000000e+00  -1.635821754308e+00   2.126956590527e+00  -3.488098555780e-04   0.000000000000e+00   2.028319223377e-04   0.000000000000e+00   3.576358542337e-01   0.000000000000e+00  -6.194164302840e-01  -2.155250196901e+01  -1.950066112274e+01  -2.175199777997e-01  -9.995418859327e-07   0.000000000000e+00  -8.139380833728e+00  -6.759011589580e-02  -3.122124856055e-07   0.000000000000e+00  -3.705713134593e+00  -1.765253777025e-02  -8.304034509532e-08   0.000000000000e+00  -1.561027850909e+00  -4.130241299293e-03  -1.969290500388e-08   0.000000000000e+00   6.445411988641e-06   0.000000000000e+00   7.412290134713e-03   0.000000000000e+00  -8.197406632266e-03  -2.178108770439e-01  -1.722054033484e+00  -1.876344463333e+00  -1.157736091190e+00  -1.068984622246e+00   1.715085357871e+00   0.000000000000e+00  -2.166221025874e-01  -1.718885638778e+00  -1.875197959170e+00  -1.157484195984e+00  -1.065301592945e+00  -1.709855046771e+00   0.000000000000e+00
  -1.153305612783e-01  -1.013995923296e-01   6.017979517431e-01  -1.096904112604e-04   0.000000000000e+00  -1.222362004834e+00   2.478770834430e+00  -4.872894827127e-04   0.000000000000e+00  -1.664823289712e+00   1.851348697587e+00  -4.984007040681e-04   0.000000000000e+00  -7.456439692874e-01   6.344620767234e-02  -1.357295058012e-04   0.000000000000e+00   7.538147576813e-04   0.000000000000e+00   1.113977761276e+00   0.000000000000e+00  -1.928623578166e+00  -1.565875819913e-01  -2.175199777997e-01  -9.064121003236e+00   9.222798559152e-05   0.000000000000e+00  -5.803199691733e-01  -6.065087748080e+00   1.002246387402e-04   0.000000000000e+00  -3.700896747399e-01  -2.252921627572e+00   4.193627082712e-05   0.000000000000e+00  -1.756549307907e-01  -6.018312359370e-01   1.153950936811e-05   0.000000000000e+00   1.947520609388e-05   0.000000000000e+00   2.299261303912e-01   0.000000000000e+00  -4.349558511597e-01   5.265058030962e-01   7.468199629791e-01   1.621323461595e-01  -4.671833599660e-02   9.185135844051e-02  -1.497620885723e+00   0.000000000000e+00   5.246735606769e-01   7.459607616775e-01   1.621697478877e-01  -4.667773992020e-02   9.235357471558e-02   1.495034766054e+00   0.000000000000e+00
   1.886494273248e-05   1.658517440087e-05  -1.097649665206e-04  -6.922928340231e-02   0.000000000000e+00   1.993199139659e-04  -4.846611844210e-04  -5.001922695199e-01   0.000000000000e+00   2.589493080147e-04  -4.675217357676e-04  -1.219435211721e+00   0.000000000000e+00   9.870190374244e-05  -1.047849410240e-04  -8.046497747262e-01   0.000000000000e+00   7.503223778194e-01   0.000000000000e+00  -1.813971234828e-04   0.000000000000e+00   5.595241859724e-04  -7.187188896321e-07  -9.995418859327e-07   9.222798559152e-05  -8.829343590935e+00   0.000000000000e+00  -1.899355470602e-06   1.002246387402e-04  -5.806693532693e+00   0.000000000000e+00  -5.709222259556e-08   4.193627082712e-05  -2.142195237520e+00   0.000000000000e+00   3.035498032109e-07   1.153950936811e-05  -5.709720488811e-01   0.000000000000e+00  -2.545443549110e-01   0.000000000000e+00   1.116193064247e-05   0.000000000000e+00   2.659696338587e-05  -8.705868535679e-01  -1.407775881322e+00  -5.559575516688e-01  -1.302797643547e-01  -1.620378850849e+00   1.708603370063e+00   0.000000000000e+00   8.678868839694e-01   1.406619135223e+00   5.560717029935e-01   1.303551365349e-01   1.617515239518e+00   1.707597119531e+00   0.000000000000e+00
   0.000000000000e+00   0.000000000000e+00   0.000000000000e+00   0.000000000000e+00  -6.920319394010e-02   0.000000000000e+00   0.000000000000e+00   0.000000000000e+00  -4.989029928699e-01   0.000000000000e+00   0.000000000000e+00   0.000000000000e+00  -1.209154997281e+00   0.000000000000e+00   0.000000000000e+00   0.000000000000e+00  -7.945893056666e-01   0.000000000000e+00  -1.225066099126e-04   0.000000000000e+00   7.487812531422e-01   0.000000000000e+00   0.000000000000e+00   0.000000000000e+00   0.000000000000e+00   0.000000000000e+00  -8.762897342872e+00   0.000000000000e+00   0.000000000000e+00   0.000000000000e+00  -5.733872751549e+00   0.000000000000e+00   0.000000000000e+00   0.000000000000e+00  -2.111271278680e+00   0.000000000000e+00   0.000000000000e+00   0.000000000000e+00  -5.623974049659e-01   0.000000000000e+00   1.221127369132e-05   0.000000000000e+00  -2.912564662455e-01   0.000000000000e+00   0.000000000000e+00   0.000000000000e+00   0.000000000000e+00   0.000000000000e+00   0.000000000000e+00   0.000000000000e+00  -8.414552599989e-01   0.000000000000e+00   0.000000000000e+00   0.000000000000e+00   0.000000000000e+00   0.000000000000e+00   0.000000000000e+00  -8.389781982551e-01
  -7.826595173421e-01  -7.821060455710e-01   9.883276404047e-01  -1.612364404745e-04   0.000000000000e+00  -2.298855303056e+00   3.050720132924e+00  -4.979735308379e-04   0.000000000000e+00  -4.084669652029e+00   5.886547989489e+00  -9.688125906189e-04   0.000000000000e+00  -3.973265140384e+00   4.270417114870e+00  -7.075811201623e-04   0.000000000000e+00   5.098550281001e-04   0.000000000000e+00   9.025177634591e-01   0.000000000000e+00  -1.560511537220e+00  -7.572747150407e+00  -8.139380833728e+00  -5.803199691733e-01  -1.899355470602e-06   0.000000000000e+00  -1.038018763590e+01  -9.101459393488e-01   2.925049382615e-05   0.000000000000e+00  -7.310077723389e+00  -5.573536079064e-01   4.769248157773e-05   0.000000000000e+00  -3.754590376226e+00  -1.829657167227e-01   2.002382597215e-05   0.000000000000e+00   2.814737356150e-04   0.000000000000e+00   3.667474951829e-01   0.000000000000e+00  -4.142313044441e-01  -1.463920659735e+00  -3.685246069565e+00  -4.147733601650e+00  -2.831732528578e+00  -1.911404467168e+00   2.929029606778e+00   0.000000000000e+00  -1.460506815698e+00  -3.680464685396e+00  -4.145517112785e+00  -2.831146994446e+00  -1.908007672467e+00  -2.924993200774e+00   0.000000000000e+00
  -2.323659528034e+00  -2.341308992924e+00   2.003423390210e+00  -4.221035426883e-04   0.000000000000e+00  -4.731261269396e+00   4.066243058702e+00  -9.264671656338e-04   0.000000000000e+00  -4.495912403349e+00   2.728557004658e+00  -8.981061627725e-04   0.000000000000e+00  -2.244936955606e+00  -1.063162443997e-01  -3.103821111077e-04   0.000000000000e+00   7.543106434772e-04   0.000000000000e+00   8.882991262116e-01   0.000000000000e+00  -1.533692063866e+00  -7.228871501302e-02  -6.759011589580e-02  -6.065087748080e+00   1.002246387402e-04   0.000000000000e+00  -9.101459393488e-01  -8.271503962593e+00   2.649854806484e-04   0.000000000000e+00  -1.015666150105e+00  -5.272252483307e+00   1.737613425230e-04   0.000000000000e+00  -6.078706059232e-01  -1.819903862621e+00   5.676743189588e-05   0.000000000000e+00   1.573405868473e-04   0.000000000000e+00   6.812114057779e-01   0.000000000000e+00  -1.331342874823e+00   1.346365250890e+00   1.514409494334e+00   3.380065610444e-01  -2.041108380061e-01  -4.610394786275e-01  -1.943822506010e+00   0.000000000000e+00   1.343915061744e+00   1.513273545507e+00   3.381668986917e-01  -2.039809772420e-01  -4.592161046901e-01   1.942416209741e+00   0.000000000000e+00
   3.800829987754e-04   3.829542768304e-04  -4.234063914465e-04  -5.844088272063e-01   0.000000000000e+00   7.745410725220e-04  -9.296070117594e-04  -1.619139592631e+00   0.000000000000e+00   7.270220348386e-04  -8.788805621360e-04  -2.840096242626e+00   0.000000000000e+00   3.453222931712e-04  -2.813058553350e-04  -2.106735698412e+00   0.000000000000e+00   1.557319070433e+00   0.000000000000e+00  -1.456587932031e-04   0.000000000000e+00   7.585133482866e-04  -3.081757472651e-07  -3.122124856055e-07   1.002246387402e-04  -5.806693532693e+00   0.000000000000e+00   2.925049382615e-05   2.649854806484e-04  -7.443257754281e+00   0.000000000000e+00   8.691006654638e-05   1.737613425230e-04  -4.593603068293e+00   0.000000000000e+00   6.652555158757e-05   5.676743189588e-05  -1.576559312212e+00   0.000000000000e+00  -5.235475742639e-01   0.000000000000e+00  -1.329972762917e-05   0.000000000000e+00   7.294604598272e-05  -2.220896255958e+00  -2.837879229787e+00  -1.363473983143e+00  -3.691151936202e-01  -2.175922177931e+00   1.600875820367e+00   0.000000000000e+00   2.217709623592e+00   2.836704018451e+00   1.363946940445e+00   3.694298006230e-01   2.174270040759e+00   1.602897820274e+00   0.000000000000e+00
   0.000000000000e+00   0.000000000000e+00   0.000000000000e+00   0.000000000000e+00  -5.842049015169e-01   0.000000000000e+00   0.000000000000e+00   0.000000000000e+00  -1.615350802936e+00   0.000000000000e+00   0.000000000000e+00   0.000000000000e+00  -2.802950842521e+00   0.000000000000e+00   0.000000000000e+00   0.000000000000e+00  -2.052801977444e+00   0.000000000000e+00  -2.531676785163e-04   0.000000000000e+00   1.553627199871e+00   0.000000000000e+00   0.000000000000e+00   0.000000000000e+00   0.000000000000e+00   0.000000000000e+00  -5.733872751549e+00   0.000000000000e+00   0.000000000000e+00   0.000000000000e+00  -7.228168929059e+00   0.000000000000e+00   0.000000000000e+00   0.000000000000e+00  -4.434496869818e+00   0.000000000000e+00   0.000000000000e+00   0.000000000000e+00  -1.521918648882e+00   0.000000000000e+00   6.135873688407e-05   0.000000000000e+00  -6.749976835838e-01   0.000000000000e+00   0.000000000000e+00   0.000000000000e+00   0.000000000000e+00   0.000000000000e+00   0.000000000000e+00   0.000000000000e+00  -1.696150781177e+00   0.000000000000e+00   0.000000000000e+00   0.000000000000e+00   0.000000000000e+00   0.000000000000e+00   0.000000000000e+00  -1.692969229361e+00
  -1.722531090299e+00  -1.733294112369e+00   7.084837643907e-01  -1.149225163514e-04   0.000000000000e+00  -3.667085355700e+00   2.082684693315e+00  -3.369429733503e-04   0.000000000000e+00  -5.226048336402e+00   4.380561284331e+00  -7.068093442115e-04   0.000000000000e+00  -5.278087865390e+00   4.190651636693e+00  -6.654061584586e-04   0.000000000000e+00   1.890263114511e-04   0.000000000000e+00   3.379914843992e-01   0.000000000000e+00  -5.809359330290e-01  -3.430101013578e+00  -3.705713134593e+00  -3.700896747399e-01  -5.709222259556e-08   0.000000000000e+00  -7.310077723389e+00  -1.015666150105e+00   8.691006654638e-05   0.000000000000e+00  -7.501442927735e+00  -1.064202155107e+00   1.892490283949e-04   0.000000000000e+00  -5.075265351517e+00  -4.816835018943e-01   1.017814857157e-04   0.000000000000e+00   3.064087889565e-04   0.000000000000e+00   4.624254248803e-01   0.000000000000e+00  -5.364009897184e-01  -1.805580661913e+00  -3.896299250980e+00  -4.959573290142e+00  -3.965924141074e+00  -1.245316026586e+00   1.802110382874e+00   0.000000000000e+00  -1.803516488606e+00  -3.893112401568e+00  -4.957524092256e+00  -3.965206401999e+00  -1.243998314224e+00  -1.800890770211e+00   0.000000000000e+00
