ARMA_MAT_TXT_FN008
58 58
   3.189777256735e-01   2.849741981598e-01  -6.065351165599e-03   1.605003948630e-06   5.477080892481e-17  -6.823511258198e-02  -6.928901785759e-03   1.793496742001e-06  -6.942060766795e-17  -6.141110402486e-02  -7.218591720502e-03   2.256903163464e-06  -6.005383332527e-17   9.239621722521e-04  -1.841205285513e-04   8.220585066015e-08  -1.535568454364e-16   2.228633915915e-07   5.931494268352e-17   2.773501530739e-04  -4.348631488716e-17  -5.418830939593e-04   1.634319558708e-03   2.402924262616e-03  -6.262424530659e-03   8.378347499521e-07   1.746843954333e-16  -4.183445223428e-03  -7.951051120661e-03   4.131036343759e-08  -6.366687169385e-16   7.440701641487e-03   1.994060527570e-03  -2.158791997463e-06   6.833623179807e-16  -4.401008356161e-03  -1.218595230374e-03   1.586630409061e-06  -4.438532443109e-17   1.061379398516e-06  -2.098197277258e-16   7.256647836511e-04   1.368985799933e-16  -2.584034964145e-03   1.161900131389e-03   1.614708553994e-03   5.687902540058e-04   7.089313455208e-04  -1.923339024590e-04  -2.053077644241e-04   1.090151098366e-16   1.161793291077e-03   1.615029504480e-03   5.706949076186e-04   7.113686715177e-04  -1.922898236304e-04   2.043436123033e-04  -5.985384809915e-17
   2.849741981598e-01   2.640859382810e-01  -9.643231016379e-03   2.564805407196e-06   6.981016233827e-17  -1.167072729110e-01  -1.229568958989e-02   3.188769028215e-06  -2.219452593297e-17  -1.026727850733e-01  -1.220676467921e-02   3.805953652539e-06   9.486422973611e-18   9.594724671257e-04  -2.723128693845e-04   1.669223654402e-07  -1.236053885648e-16   3.479631220865e-07   6.737737857703e-17   5.459473756577e-04  -4.293098717625e-17  -8.465326879565e-04   2.643906015331e-03   3.891335210322e-03  -1.040459687439e-02   1.381947941617e-06   1.530467198172e-16  -6.634038989227e-03  -1.329056158808e-02   6.913539633698e-08  -5.285045900548e-16   1.278591472970e-02   3.407551029424e-03  -3.630754463790e-06   6.074231227677e-16  -7.086202641463e-03  -1.956373672356e-03   2.581028842952e-06  -1.960567151988e-17   1.771741496853e-06  -1.864158414364e-16   1.208055924829e-03   1.271655894054e-16  -4.369658572206e-03   1.986361416585e-03   2.752928080793e-03   9.493168695104e-04   1.148770386283e-03  -3.165786718773e-04  -3.427563721513e-04   9.272398990376e-17   1.986190718933e-03   2.753609669914e-03   9.525277728984e-04   1.152765462093e-03  -3.164842042818e-04   3.411585586776e-04  -4.811854885340e-17
  -6.065351165599e-03  -9.643231016379e-03   6.227458932160e-02   4.458581133146e-06  -3.614976962381e-17   2.864062303246e-02   9.355542189730e-02   7.388771254672e-06  -4.174605387726e-17   6.769723534253e-02   5.502527030775e-02   1.238831532834e-05  -1.029436124397e-16   2.624362968811e-02  -1.114756572407e-03   4.991021108875e-06   1.555316763164e-16   1.346651211001e-06  -1.200463356318e-17   3.170677438662e-03   5.067453390228e-17  -6.107885825929e-03   1.202149975667e-02   2.005804574570e-02  -3.876885402691e-02   7.861787371108e-06   1.017488255114e-16  -5.919081847512e-02  -6.280566285539e-02   1.037819586302e-05  -1.886082372965e-16  -2.869190585784e-02  -2.486737280277e-02  -3.296393213016e-07   4.297795097955e-16  -7.365451972455e-03   6.985543995048e-04  -3.015130082293e-07  -2.447601627475e-16   4.745494187778e-06  -3.633188914694e-17   3.137799368750e-03   9.178824986449e-17  -9.213026250416e-03   4.811707987284e-03   8.221792665626e-03   5.054188881468e-03   1.995259170251e-03  -1.272625242484e-03  -4.109976995824e-04   1.040376338909e-16   4.811433734916e-03   8.231065688305e-03   5.069439286694e-03   1.994616783632e-03  -1.270961645224e-03   4.081358847831e-04  -5.004449328420e-17
   1.605003948630e-06   2.564805407196e-06   4.458581133146e-06   8.566216256454e-02   1.753292611096e-17  -8.031847219305e-06   7.406935885258e-06   1.322828724170e-01   5.279768109197e-17  -1.393684520027e-05   1.053205178307e-05   1.206091870419e-01  -6.380675925908e-16   4.819805341769e-06   2.117758435033e-06   1.198582001591e-02   4.895853350778e-16  -5.297032333253e-03   5.042740989719e-17  -7.917016027528e-07   1.121711310945e-16  -9.967536718216e-07   1.454094074108e-07   6.030246620869e-07   1.116949544612e-05   6.238196443065e-03   3.735937224676e-16  -4.972247201760e-06   2.156779822809e-05   7.787938994027e-03  -8.453291316343e-16   1.907172896172e-05  -5.304759827468e-06   4.562293771110e-03   1.892651844649e-15   4.412249853605e-05  -1.044375900263e-05   2.041543425999e-02  -2.191924798601e-15   1.912507853777e-02  -8.719564364735e-18   6.663500384595e-07   4.729904693874e-16   4.391887298448e-06  -8.474815534018e-03  -2.325823000136e-02  -3.319062555759e-02  -1.985658052113e-02  -6.171228585931e-05  -1.555028732720e-03   4.113590462234e-16   8.482147730327e-03   2.326842409420e-02   3.318138069517e-02   1.982798148699e-02   6.136051044019e-05  -1.550272896953e-03  -2.612827066435e-16
   5.477080892481e-17   6.981016233827e-17  -3.614976962381e-17   1.753292611096e-17   4.908173051529e-02  -5.598829158133e-17  -4.669338201699e-17  -4.523767923824e-17   7.772507653207e-02   4.295980711188e-16  -1.590386137690e-16   2.816034610340e-16   6.803202366496e-02  -5.295247403630e-17  -3.507174813227e-17  -6.853854677618e-16   5.735385305731e-03  -2.608161318726e-18   1.197904128317e-06  -6.206397173950e-17  -6.275560557492e-03   1.114228561132e-18   7.193368377392e-17   6.607578838272e-17   1.247067638956e-16  -9.745927133554e-17   3.112965550266e-02  -7.481117521437e-18   1.555519425047e-16   2.113630121662e-16   5.425000261798e-02  -1.000670877963e-15  -1.986535781886e-16  -4.990461255318e-16   3.760640176646e-02   1.665666822735e-15  -1.045093549934e-16   2.988426826473e-15   2.169363884266e-03   1.568255957071e-17  -1.079447620618e-06   2.090902219281e-17   1.171592469624e-02  -2.464108720728e-18  -1.192655423494e-17  -1.945105991402e-16   3.279584638758e-16  -4.752101908803e-15  -2.458875194915e-17   4.145499546124e-17   1.852543672965e-03   4.686474854686e-17  -4.037831861622e-17   2.559235701935e-16   2.921984460465e-15   6.896334072781e-18  -3.932004450055e-17   1.849402926293e-03
  -6.823511258198e-02  -1.167072729110e-01   2.864062303246e-02  -8.031847219305e-06  -5.598829158133e-17   3.421609348914e-01   4.116086178415e-02  -1.129393886381e-05  -9.481563086263e-17   2.959156346299e-01   3.752075857752e-02  -1.236215881625e-05  -2.517993201997e-16   1.321636488709e-04   5.995124471931e-04  -6.738665390361e-07  -3.354883879889e-17  -8.140877243632e-07  -9.839140651479e-17  -1.670278936903e-03   2.481892976429e-17   1.973499351497e-03  -6.560128871669e-03  -9.470821755996e-03   2.818877053172e-02  -3.237080089585e-06   3.352924636624e-17   1.412669858487e-02   3.576990682919e-02   9.464874308595e-07  -1.582031039610e-17  -3.957777876219e-02  -1.072587265081e-02   1.089945922166e-05  -5.420819148798e-17   1.914560001235e-02   5.362809595243e-03  -7.508049986801e-06  -1.147856870253e-16  -5.193005626598e-06   3.951947190424e-17  -3.263463259359e-03  -3.769485081156e-17   1.226864637256e-02  -5.964336903999e-03  -8.199437438660e-03  -2.519530740103e-03  -3.121065876233e-03   8.087851033275e-04   1.030166935386e-03   8.444101319780e-18  -5.964595723378e-03  -8.203394827338e-03  -2.529967253623e-03  -3.133011901242e-03   8.084899119365e-04  -1.025772558318e-03  -1.708274687924e-17
  -6.928901785759e-03  -1.229568958989e-02   9.355542189730e-02   7.406935885258e-06  -4.669338201699e-17   4.116086178415e-02   1.405814163267e-01   1.219318158872e-05  -5.206216104972e-17   1.002428579107e-01   8.255587451279e-02   1.946103436933e-05  -1.450232982160e-16   3.951446565096e-02  -1.708041226359e-03   7.450317854207e-06   2.312671608915e-16   1.959702191905e-06  -1.836460998418e-17   4.782730291283e-03   7.465260780873e-17  -9.212765456709e-03   1.840625852633e-02   3.072999992506e-02  -5.816207064886e-02   1.234675601618e-05   1.569053011136e-16  -9.052688496399e-02  -9.420038190801e-02   1.657008639714e-05  -2.749223573658e-16  -4.388311025879e-02  -3.707594445895e-02   8.036664139464e-08   6.507291840780e-16  -1.114583246224e-02   1.012471101944e-03  -3.049048372605e-07  -3.679737477136e-16   7.247492618571e-06  -5.353060397615e-17   4.781802777989e-03   1.377135986182e-16  -1.389637090359e-02   6.874788052437e-03   1.184212948992e-02   7.590549325085e-03   2.981447631261e-03  -1.948877771630e-03  -5.470907344098e-04   1.541733909221e-16   6.874002867434e-03   1.185506009365e-02   7.613124329147e-03   2.980658851847e-03  -1.946405426887e-03   5.426819157238e-04  -7.467864814590e-17
   1.793496742001e-06   3.188769028215e-06   7.388771254672e-06   1.322828724170e-01  -4.523767923824e-17  -1.129393886381e-05   1.219318158872e-05   2.042908194399e-01  -3.692963916566e-17  -2.026188983104e-05   1.671576775280e-05   1.860896477841e-01  -1.077991767386e-15   7.614241112264e-06   3.221882018522e-06   1.834596826155e-02   7.442859268285e-16  -8.224540332194e-03   7.733456167567e-17  -1.200098364150e-06   1.826364690451e-16  -1.594681793486e-06   2.082825602015e-07   8.164670257994e-07   1.683579008730e-05   1.038396166993e-02   5.303683373382e-16  -7.190700636175e-06   3.281570235905e-05   1.319940932912e-02  -1.384021639523e-15   2.888510161897e-05  -8.162310453104e-06   7.637809153953e-03   2.861849887522e-15   6.802214975139e-05  -1.606443839630e-05   3.153918706950e-02  -3.375785812413e-15   2.939739298835e-02  -1.526719471073e-17   1.015652290975e-06   7.122840867712e-16   6.738766421551e-06  -1.253281816051e-02  -3.496995099244e-02  -5.089704805298e-02  -3.062710517496e-02  -5.157006292597e-05  -2.457117740368e-03   6.327355758899e-16   1.254465326820e-02   3.498612089058e-02   5.088264223719e-02   3.058294474328e-02   5.108370384223e-05  -2.449735846665e-03  -4.057296564058e-16
  -6.942060766795e-17  -2.219452593297e-17  -4.174605387726e-17   5.279768109197e-17   7.772507653207e-02  -9.481563086263e-17  -5.206216104972e-17  -3.692963916566e-17   1.230842404800e-01   6.849919296892e-16  -2.369534493594e-16   5.249600074265e-16   1.077344704532e-01  -7.828084116764e-17  -5.440055242148e-17  -1.037212657633e-15   9.082468306410e-03   6.553506692582e-18   1.896982626204e-06  -9.744052945352e-17  -9.937881559835e-03   5.287498960749e-19  -8.742154985875e-17  -7.235213297688e-17   1.691204208923e-16  -3.581228834385e-16   4.929644556048e-02   3.941230936657e-17   2.024308476271e-16   1.570635086650e-17   8.590947305809e-02  -1.543770692822e-15  -3.351592049008e-16  -9.512555857293e-16   5.955292172274e-02   2.632791660268e-15  -1.650705985481e-16   4.734870048965e-15   3.435371413360e-03   6.775765668830e-17  -1.709396715317e-06   3.214418449046e-17   1.855315886582e-02  -8.773111777638e-18  -1.517279108423e-16  -5.425541265832e-16   4.146832443955e-16  -7.538459784667e-15  -4.985686470739e-17   7.645989995373e-17   2.933659780299e-03   2.498357930219e-16   2.334101659450e-16   5.157529647948e-16   4.645542211594e-15   2.397642121771e-17  -4.344198039206e-17   2.928686141986e-03
  -6.141110402486e-02  -1.026727850733e-01   6.769723534253e-02  -1.393684520027e-05   4.295980711188e-16   2.959156346299e-01   1.002428579107e-01  -2.026188983104e-05   6.849919296892e-16   2.869849458038e-01   6.943179497130e-02  -1.661473866443e-05   4.148294487475e-16   1.898327768322e-02  -4.468134977472e-04   1.087814637847e-06   1.303804962496e-16   8.987443553930e-07  -9.351424700210e-17   9.383188798755e-04  -9.128873574985e-18  -2.831720382716e-03   4.508102423796e-03   8.995531914952e-03  -3.397055664518e-03   3.031702358293e-06   4.079530851811e-16  -3.773336743337e-02  -1.364190817013e-02   9.409323347868e-06   4.344792979685e-16  -5.696421432546e-02  -2.504295971306e-02   9.809670058029e-06   6.135652527836e-16   1.038305742908e-02   4.781202623473e-03  -9.069665425649e-06  -2.457104151097e-16  -3.241320973336e-06   2.004746386880e-17  -1.779986835915e-04   1.386638748945e-16   3.463068492516e-03  -3.316874806478e-03  -3.540861700008e-03   1.450106524535e-03  -1.273258066200e-03  -4.030750435283e-04   9.145219043919e-04   8.321488877332e-17  -3.319755904816e-03  -3.546474409094e-03   1.441116719300e-03  -1.289081496316e-03  -4.021358231547e-04  -9.126980341907e-04  -2.696773512341e-17
  -7.218591720502e-03  -1.220676467921e-02   5.502527030775e-02   1.053205178307e-05  -1.590386137690e-16   3.752075857752e-02   8.255587451279e-02   1.671576775280e-05  -2.369534493594e-16   6.943179497130e-02   4.923764984514e-02   2.074318282586e-05  -2.701002290271e-16   2.269348117966e-02  -8.428736943898e-04   5.883503024736e-06   1.291431409612e-16   8.310660662332e-07  -9.762407409212e-18   2.678240355563e-03   6.211809856742e-17  -5.186842112277e-03   9.283903147995e-03   1.531023562025e-02  -3.386595631555e-02   5.414208119560e-06   1.651697014785e-17  -4.560557428023e-02  -5.509663539830e-02   6.128575692183e-06  -3.230222080110e-16  -2.281959285675e-02  -2.304093144337e-02  -1.867766077234e-06   2.985626220045e-16  -5.865952304052e-03   8.325866184792e-04   1.306953614050e-06  -2.216675497625e-16   5.752719703654e-06  -4.036371458572e-17   2.443652343453e-03   6.031824600967e-17  -7.676926748819e-03   5.466994630528e-03   9.010761920390e-03   4.398106543910e-03   1.761161916986e-03  -9.631786690352e-04  -6.115338900188e-04   9.852435531665e-17   5.470155448305e-03   9.027954661635e-03   4.419976052419e-03   1.764126010090e-03  -9.615998517234e-04   6.091779287327e-04  -5.144376563926e-17
   2.256903163464e-06   3.805953652539e-06   1.238831532834e-05   1.206091870419e-01   2.816034610340e-16  -1.236215881625e-05   1.946103436933e-05   1.860896477841e-01   5.249600074265e-16  -1.661473866443e-05   2.074318282586e-05   1.715842813612e-01  -6.261596367325e-16   9.457574811993e-06   3.565890119223e-06   1.868218299282e-02   7.559786130400e-16  -6.963114267210e-03   7.694844148306e-17  -8.402474677514e-07   1.231944619197e-16  -1.770357597201e-06   9.715421921886e-07   2.048172780407e-06   1.077897894034e-05   4.632182234525e-04   6.965946552112e-16  -1.069091119678e-05   2.050745904782e-05  -2.034866105318e-03  -9.206453659126e-16   3.548428887971e-05  -1.500290346879e-05  -1.435325303143e-04   2.922180572615e-15   6.195941127842e-05  -1.511521912451e-05   2.860151819454e-02  -3.210788615380e-15   2.843806298513e-02   7.681327948151e-18   1.228967721149e-06   7.369121835519e-16   4.884447449280e-06  -1.807149334845e-02  -4.322834019812e-02  -5.068910005212e-02  -2.835795334523e-02  -5.714880433134e-04  -1.571940364044e-03   5.863937715671e-16   1.808475671211e-02   4.325086799190e-02   5.067978814213e-02   2.831895173775e-02   5.704483928086e-04  -1.564180735670e-03  -3.635088835581e-16
  -6.005383332527e-17   9.486422973611e-18  -1.029436124397e-16  -6.380675925908e-16   6.803202366496e-02  -2.517993201997e-16  -1.450232982160e-16  -1.077991767386e-15   1.077344704532e-01   4.148294487475e-16  -2.701002290271e-16  -6.261596367325e-16   9.429896206507e-02  -9.163525679200e-17  -4.651782760367e-17  -1.128273920322e-15   7.949798524842e-03   1.389698649085e-17   1.660410933975e-06  -8.738688120674e-17  -8.698533647365e-03   5.264326770571e-18   2.716870052371e-16   2.122937390063e-16   1.624066905269e-16   2.108232193137e-16   4.314871210947e-02   1.122590370719e-16   2.053766049896e-16   8.485967060254e-16   7.519574846247e-02  -1.290463545366e-15  -2.730723500949e-16  -4.159142411519e-16   5.212610859620e-02   2.301392809525e-15  -1.470971445637e-16   3.991154765650e-15   3.006948075441e-03  -1.977124628770e-16  -1.496218762052e-06   2.560354386659e-17   1.623940431244e-02  -5.560659074591e-18   3.659578148594e-16   4.432931562206e-16   8.986805233323e-16  -6.411693643276e-15  -8.274788143215e-18   3.493167804252e-17   2.567804632728e-03  -2.655051570291e-16  -6.963151163093e-16  -8.953333533408e-17   3.880474405650e-15  -1.147633768061e-17  -6.651781950726e-17   2.563451254198e-03
   9.239621722521e-04   9.594724671257e-04   2.624362968811e-02   4.819805341769e-06  -5.295247403630e-17   1.321636488709e-04   3.951446565096e-02   7.614241112264e-06  -7.828084116764e-17   1.898327768322e-02   2.269348117966e-02   9.457574811993e-06  -9.163525679200e-17   1.151497824719e-02  -5.441474403269e-04   2.548318477697e-06   5.985841790196e-17   4.680027646079e-07  -2.789864341967e-18   1.451931218334e-03   2.582268724095e-17  -2.759000751847e-03   6.162814124799e-03   1.000451606789e-02  -1.757252101716e-02   3.517191495056e-06   1.755982542438e-17  -2.816717237479e-02  -2.815212955706e-02   4.632454915009e-06  -1.233047639073e-16  -1.230589946024e-02  -1.014216212736e-02  -2.709416473084e-07   1.570034578480e-16  -3.859493607143e-03   1.014019243646e-04   6.776707796334e-07  -1.055681685694e-16   2.899409475938e-06  -1.526081547908e-17   1.544554841758e-03   2.894406438212e-17  -4.432534133792e-03   1.818008156092e-03   3.168084053641e-03   2.266613365518e-03   9.372743174215e-04  -6.235416669733e-04  -1.197603284424e-04   4.028375026583e-17   1.818951668313e-03   3.173936009577e-03   2.275241003811e-03   9.384536853499e-04  -6.227478662406e-04   1.183058770956e-04  -2.242453707586e-17
  -1.841205285513e-04  -2.723128693845e-04  -1.114756572407e-03   2.117758435033e-06  -3.507174813227e-17   5.995124471931e-04  -1.708041226359e-03   3.221882018522e-06  -5.440055242148e-17  -4.468134977472e-04  -8.428736943898e-04   3.565890119223e-06  -4.651782760367e-17  -5.441474403269e-04   8.645470278857e-05   8.943481329064e-07   2.361718851686e-20  -6.035558223883e-09   2.372057527673e-18  -7.173499278184e-05   4.399964521330e-18   1.458049091907e-04  -1.117449478778e-03  -1.745107651161e-03   3.319997767816e-05  -2.508666034527e-06  -2.097465190350e-17   4.399104539119e-03   1.030246272297e-04  -4.375507349103e-06  -4.575667442415e-17   2.602974707304e-03  -2.308172776884e-04  -2.404863890380e-06  -2.334381816963e-17   8.831054369327e-05   2.225004227738e-05   6.042736684045e-07   3.295332724654e-18   8.156084160466e-07  -4.862423853702e-18  -1.675586531043e-04  -3.229995528232e-18   1.284124986833e-04   8.269848915571e-04   1.169417782662e-03  -3.743027284828e-05   4.278911691877e-05   9.536138267295e-05  -1.704195716056e-04   4.211602160530e-18   8.307565815527e-04   1.177387457547e-03  -3.243949512068e-05   4.438715182172e-05   9.557970947186e-05   1.707490130182e-04  -1.790746185110e-18
   8.220585066015e-08   1.669223654402e-07   4.991021108875e-06   1.198582001591e-02  -6.853854677618e-16  -6.738665390361e-07   7.450317854207e-06   1.834596826155e-02  -1.037212657633e-15   1.087814637847e-06   5.883503024736e-06   1.868218299282e-02  -1.128273920322e-15   2.548318477697e-06   8.943481329064e-07   3.519979377962e-03   2.549118758944e-17  -2.362903510268e-04   1.309897289496e-17   5.422695355084e-08   1.017126881814e-16  -3.088272384666e-07   1.037258485069e-06   1.517874044703e-06  -1.477951740040e-06  -7.614447331881e-03  -3.761937737253e-16  -4.388894513570e-06  -3.913468030347e-06  -1.217181449022e-02  -8.932491961404e-16   1.077913374007e-05  -7.252825195897e-06  -6.060819893000e-03  -2.004608104733e-16   6.465567314460e-06  -1.875909839296e-06   2.710985187709e-03  -4.758182529745e-16   4.217014688127e-03   1.916527538995e-17   3.214002191223e-07  -8.819010775857e-17  -2.573401452591e-07  -7.449344469950e-03  -1.394791526955e-02  -8.681782531860e-03  -3.187146918877e-03  -5.029764454628e-04   4.124600934308e-04   2.905564464222e-17   7.451782773773e-03   1.395531038890e-02   8.683804224847e-03   3.184141041053e-03   5.023832257372e-04   4.139405042845e-04  -6.789411251523e-17
  -1.535568454364e-16  -1.236053885648e-16   1.555316763164e-16   4.895853350778e-16   5.735385305731e-03  -3.354883879889e-17   2.312671608915e-16   7.442859268285e-16   9.082468306410e-03   1.303804962496e-16   1.291431409612e-16   7.559786130400e-16   7.949798524842e-03   5.985841790196e-17   2.361718851686e-20   2.549118758944e-17   6.702014020257e-04  -2.021708508131e-17   1.399796148810e-07   1.376536648371e-18  -7.333229172809e-04  -1.485640722478e-17  -7.697898657136e-16  -6.761043098726e-16  -1.889847236235e-16  -1.478194997532e-16   3.637617640372e-03   1.864632572484e-16  -2.992932487959e-16  -1.996887494139e-16   6.339317391307e-03   6.068063277453e-17  -1.624780148746e-16  -1.681479430305e-16   4.394449866138e-03   1.561372942468e-16  -9.904858366833e-18   4.624662585277e-16   2.534983508930e-04   1.419126207556e-16  -1.261375252381e-07   1.808123177579e-18   1.369049983373e-03  -3.928150878444e-17  -5.758506544289e-17  -1.961184310755e-16  -2.102916587779e-16  -6.598833802589e-16  -9.421735069851e-18  -1.281711241356e-17   2.164767144230e-04   2.995826998357e-16   5.202159305103e-16   3.228904556270e-16   4.793434156238e-16   1.497720647912e-17   2.092593274655e-17   2.161097063303e-04
   2.228633915915e-07   3.479631220865e-07   1.346651211001e-06  -5.297032333253e-03  -2.608161318726e-18  -8.140877243632e-07   1.959702191905e-06  -8.224540332194e-03   6.553506692582e-18   8.987443553930e-07   8.310660662332e-07  -6.963114267210e-03   1.389698649085e-17   4.680027646079e-07  -6.035558223883e-09  -2.362903510268e-04  -2.021708508131e-17   4.658573225977e-04  -1.458875119037e-18   1.331574815172e-07  -7.269824580523e-18  -5.868348715539e-08   5.721843580251e-07   9.692259790233e-07  -1.680723379446e-06  -2.710834502334e-03  -2.193544727001e-17  -2.633534766899e-06  -3.471793309162e-06  -4.114554879425e-03   4.656293165640e-17   7.969607966789e-08  -1.349763162162e-06  -2.117348901363e-03  -1.012900784356e-16  -2.761204810054e-06   5.047213164849e-07  -1.302284508743e-03   9.746832539005e-17  -7.604574781246e-04   6.121678356002e-18   1.055699292158e-07  -2.692416619408e-17  -6.172765986798e-07  -1.192158757509e-03  -1.491753956673e-03   9.462733330228e-04   1.115857015822e-03  -1.316521142630e-04   2.688221424767e-04  -2.619253160275e-17   1.191462225365e-03   1.491868527574e-03  -9.447356069061e-04  -1.113824925584e-03   1.314375669370e-04   2.686189800785e-04   1.461547209572e-17
   5.931494268352e-17   6.737737857703e-17  -1.200463356318e-17   5.042740989719e-17   1.197904128317e-06  -9.839140651479e-17  -1.836460998418e-17   7.733456167567e-17   1.896982626204e-06  -9.351424700210e-17  -9.762407409212e-18   7.694844148306e-17   1.660410933975e-06  -2.789864341967e-18   2.372057527673e-18   1.309897289496e-17   1.399796148810e-07  -1.458875119037e-18   2.923642433902e-11   8.297388273528e-20  -1.531633017092e-07   6.655658765539e-19   1.112304943548e-16   6.803053215510e-17  -3.865785898020e-17  -2.421412283045e-17   7.597601479861e-07   1.297929379055e-16  -5.650842251055e-17  -3.899900132523e-17   1.324042600271e-06   1.008940089920e-16  -2.291274446879e-17  -1.936301063611e-17   9.178336512227e-07  -9.793886256859e-18  -8.884840248676e-19   1.161977060217e-17   5.294617621467e-08   1.632101675858e-17  -2.634533761269e-11  -3.230280627108e-18   2.859425373421e-07  -6.601490760112e-18   1.405978905996e-17   8.045426237323e-18  -2.945205881544e-17  -8.647928814619e-18   9.497914447209e-19  -6.484488605362e-18   4.521376264515e-08   6.518892942506e-17   1.057492547684e-16   3.620857501797e-17   1.760668612948e-17   4.267784395539e-18   8.797029282681e-18   4.513710859559e-08
   2.773501530739e-04   5.459473756577e-04   3.170677438662e-03  -7.917016027528e-07  -6.206397173950e-17  -1.670278936903e-03   4.782730291283e-03  -1.200098364150e-06  -9.744052945352e-17   9.383188798755e-04   2.678240355563e-03  -8.402474677514e-07  -8.738688120674e-17   1.451931218334e-03  -7.173499278184e-05   5.422695355084e-08   1.376536648371e-18   1.331574815172e-07   8.297388273528e-20   1.914988835956e-04   1.026123098108e-17  -3.578687525430e-04   7.707619055097e-04   1.278123380174e-03  -2.353904686925e-03   6.721680047715e-07  -3.342430765052e-17  -3.632058063083e-03  -3.725075615778e-03   9.457630540195e-07  -7.636610172385e-17  -1.363261748637e-03  -1.225061984703e-03   8.742728672637e-08  -2.323450582523e-17  -5.807706019888e-04  -1.360086881497e-05  -2.154618777706e-07  -1.510609233537e-17   1.263302316892e-08  -1.931026141706e-18   2.112389054077e-04  -9.569012180895e-18  -6.195154295317e-04   2.566658337596e-04   4.373694096360e-04   2.989121780048e-04   1.337203518395e-04  -8.281996306936e-05  -1.970017247578e-05   2.821259954571e-18   2.560339882805e-04   4.365441481347e-04   2.986320183960e-04   1.332296603142e-04  -8.275725577658e-05   1.950007594593e-05  -4.767827554932e-18
  -4.348631488716e-17  -4.293098717625e-17   5.067453390228e-17   1.121711310945e-16  -6.275560557492e-03   2.481892976429e-17   7.465260780873e-17   1.826364690451e-16  -9.937881559835e-03  -9.128873574985e-18   6.211809856742e-17   1.231944619197e-16  -8.698533647365e-03   2.582268724095e-17   4.399964521330e-18   1.017126881814e-16  -7.333229172809e-04  -7.269824580523e-18  -1.531633017092e-07   1.026123098108e-17   8.023894002368e-04  -4.429996918136e-18   4.068629291440e-17   3.298667671131e-17  -5.492921839287e-17   2.970454657880e-17  -3.980219038526e-03  -3.841435263746e-18  -8.196505718565e-17  -2.705349650784e-18  -6.936372721560e-03   1.335441773147e-16  -1.221832149921e-18   7.692318680086e-17  -4.808331922226e-03  -2.199868765718e-16   1.403685584446e-17  -3.546776765595e-16  -2.773735620977e-04   2.192415944102e-17   1.380175238467e-07  -1.511317866726e-18  -1.497991088464e-03  -7.755055504775e-18   1.193362532284e-17   2.779918512160e-17  -7.735945431873e-17   5.841387840344e-16   3.460407136621e-18  -1.057389686897e-17  -2.368651203418e-04   1.391280310532e-17   4.779880272737e-17   1.204524439500e-17  -3.449181646973e-16  -1.437010622342e-18   4.827955798411e-18  -2.364635463605e-04
  -5.418830939593e-04  -8.465326879565e-04  -6.107885825929e-03  -9.967536718216e-07   1.114228561132e-18   1.973499351497e-03  -9.212765456709e-03  -1.594681793486e-06   5.287498960749e-19  -2.831720382716e-03  -5.186842112277e-03  -1.770357597201e-06   5.264326770571e-18  -2.759000751847e-03   1.458049091907e-04  -3.088272384666e-07  -1.485640722478e-17  -5.868348715539e-08   6.655658765539e-19  -3.578687525430e-04  -4.429996918136e-18   6.752984448288e-04  -1.499269326135e-03  -2.556240618903e-03   4.207508706045e-03  -1.993202532006e-06  -1.008846765070e-17   7.444511997394e-03   6.698935663649e-03  -2.967007745705e-06   1.396095367814e-17   3.136306614565e-03   2.229779869060e-03  -8.815930552554e-07  -4.280354381720e-17   1.011544420363e-03   1.057467385137e-05  -1.511917829756e-07   2.401819697791e-17  -4.759159717740e-07   2.454876889410e-18  -4.072455068714e-04  -8.269045156017e-18   1.113808956974e-03  -2.861285756129e-04  -5.410889518758e-04  -5.433521247545e-04  -2.243841275153e-04   1.670814787295e-04  -8.424028591101e-07  -8.367799868995e-18  -2.846947649060e-04  -5.393837999959e-04  -5.439913416807e-04  -2.244631319192e-04   1.670155156914e-04   1.373059077522e-06   4.424802555732e-18
   1.634319558708e-03   2.643906015331e-03   1.202149975667e-02   1.454094074108e-07   7.193368377392e-17  -6.560128871669e-03   1.840625852633e-02   2.082825602015e-07  -8.742154985875e-17   4.508102423796e-03   9.283903147995e-03   9.715421921886e-07   2.716870052371e-16   6.162814124799e-03  -1.117449478778e-03   1.037258485069e-06  -7.697898657136e-16   5.721843580251e-07   1.112304943548e-16   7.707619055097e-04   4.068629291440e-17  -1.499269326135e-03   3.288709310794e-01   2.817834661153e-01   3.349277533849e-04  -5.697932623313e-06   5.650473344046e-16  -4.838837077039e-02  -1.603627975289e-04  -2.769419721208e-06  -1.335754283112e-15  -3.029493855544e-02   3.080646408828e-03   5.017935606502e-07   1.792608956174e-15  -8.351614339783e-04  -2.926569070922e-04  -2.109440851149e-06  -2.747313035693e-16   1.877805686753e-06  -3.809631470542e-16   1.661587056590e-03   1.521676609012e-16  -1.219083159571e-03  -9.535720521930e-03  -1.379569709849e-02   4.188083199793e-04  -5.985133427860e-04  -1.062635258711e-03   1.975676372594e-03   1.656970922364e-16  -9.521310050483e-03  -1.378195582024e-02   4.131640466069e-04  -6.023790882393e-04  -1.060678234652e-03  -1.974358030689e-03  -2.147838560603e-16
   2.402924262616e-03   3.891335210322e-03   2.005804574570e-02   6.030246620869e-07   6.607578838272e-17  -9.470821755996e-03   3.072999992506e-02   8.164670257994e-07  -7.235213297688e-17   8.995531914952e-03   1.531023562025e-02   2.048172780407e-06   2.122937390063e-16   1.000451606789e-02  -1.745107651161e-03   1.517874044703e-06  -6.761043098726e-16   9.692259790233e-07   6.803053215510e-17   1.278123380174e-03   3.298667671131e-17  -2.556240618903e-03   2.817834661153e-01   2.489618609542e-01   7.129104579942e-04  -8.709916445024e-06   4.561828206137e-16  -8.188618459791e-02   2.995601901207e-05  -4.521307285277e-06  -1.022141750255e-15  -5.022928130344e-02   5.095193568671e-03   1.490093409814e-06   1.441361569780e-15  -1.316445299208e-03  -4.340218854148e-04  -3.125598622377e-06  -2.715495878690e-16   3.663859693042e-06  -2.653954032719e-16   2.938514524169e-03   7.516715950869e-17  -2.042347556274e-03  -1.607360527044e-02  -2.301491960713e-02   5.966765552770e-04  -9.678159655048e-04  -1.785027930075e-03   3.308013112749e-03   8.121820958258e-17  -1.605017077030e-02  -2.299460009994e-02   5.879620710924e-04  -9.739315736377e-04  -1.782058786453e-03  -3.306398421234e-03  -1.715806765063e-16
  -6.262424530659e-03  -1.040459687439e-02  -3.876885402691e-02   1.116949544612e-05   1.247067638956e-16   2.818877053172e-02  -5.816207064886e-02   1.683579008730e-05   1.691204208923e-16  -3.397055664518e-03  -3.386595631555e-02   1.077897894034e-05   1.624066905269e-16  -1.757252101716e-02   3.319997767816e-05  -1.477951740040e-06  -1.889847236235e-16  -1.680723379446e-06  -3.865785898020e-17  -2.353904686925e-03  -5.492921839287e-17   4.207508706045e-03   3.349277533849e-04   7.129104579942e-04   4.121499696941e-02  -1.248285745016e-05  -4.558625140233e-17   9.404699628460e-04   6.430586157764e-02  -1.169344204145e-05   3.889032592928e-16  -1.420932457590e-02   2.442124669354e-02   4.114874655026e-06  -3.949250959008e-16   9.300809319996e-03   4.061946447834e-05   9.270623088279e-07   1.502191191730e-16   1.217445319384e-06   1.084694501571e-16  -1.367019231206e-03  -1.376199211916e-16   9.247819097982e-03  -1.643291899717e-02  -2.454063283342e-02  -4.766146940446e-03  -3.020471456532e-03   1.006582823999e-04   2.798862976631e-03  -1.662873689133e-16  -1.641339268353e-02  -2.452791947545e-02  -4.774530009672e-03  -3.018402390581e-03   1.009629212991e-04  -2.795264909563e-03   5.527649643184e-17
   8.378347499521e-07   1.381947941617e-06   7.861787371108e-06   6.238196443065e-03  -9.745927133554e-17  -3.237080089585e-06   1.234675601618e-05   1.038396166993e-02  -3.581228834385e-16   3.031702358293e-06   5.414208119560e-06   4.632182234525e-04   2.108232193137e-16   3.517191495056e-06  -2.508666034527e-06  -7.614447331881e-03  -1.478194997532e-16  -2.710834502334e-03  -2.421412283045e-17   6.721680047715e-07   2.970454657880e-17  -1.993202532006e-06  -5.697932623313e-06  -8.709916445024e-06  -1.248285745016e-05   3.954111031940e-02  -7.119279500069e-17   2.093783345489e-05  -9.501842231278e-06   6.164077941905e-02  -1.031603179363e-16  -2.569102920332e-05   1.169232307832e-05   3.118416962733e-02  -2.218146522067e-16  -3.520049311968e-06   1.433151747409e-06   2.156957628523e-03   4.747757286159e-16  -5.704253534829e-03  -9.452333633704e-17  -3.818719481661e-07  -3.421768482529e-17  -1.352599465965e-06   2.824054857361e-02   4.757185147507e-02   1.618135374363e-02   4.387215239749e-04   2.272178346176e-03  -3.016848908622e-03   3.805209577702e-17  -2.822258892324e-02  -4.756289565590e-02  -1.619095358844e-02  -4.414179637195e-04  -2.269570488499e-03  -3.016125736433e-03   2.165518815892e-18
   1.746843954333e-16   1.530467198172e-16   1.017488255114e-16   3.735937224676e-16   3.112965550266e-02   3.352924636624e-17   1.569053011136e-16   5.303683373382e-16   4.929644556048e-02   4.079530851811e-16   1.651697014785e-17   6.965946552112e-16   4.314871210947e-02   1.755982542438e-17  -2.097465190350e-17  -3.761937737253e-16   3.637617640372e-03  -2.193544727001e-17   7.597601479861e-07  -3.342430765052e-17  -3.980219038526e-03  -1.008846765070e-17   5.650473344046e-16   4.561828206137e-16  -4.558625140233e-17  -7.119279500069e-17   1.974370996174e-02   6.982163660002e-17  -9.884019028543e-17   1.110794422040e-16   3.440758658641e-02  -5.649319691476e-16  -2.160683963529e-16  -3.254970222240e-16   2.385152926341e-02   1.035305115833e-15  -6.384315816968e-17   1.981160683651e-15   1.375899946235e-03   9.737610835445e-17  -6.846301507755e-07   1.338089907588e-17   7.430722100875e-03  -2.480613773203e-17  -4.324989403443e-18  -1.702440288100e-16   6.493382884633e-17  -3.090418782962e-15  -1.638757384717e-17   1.078072179156e-17   1.174959516251e-03   1.575232611892e-16   2.146568152106e-16   3.342563576813e-16   1.948192286189e-15   8.270511959241e-18  -1.725546027947e-17   1.172967525324e-03
  -4.183445223428e-03  -6.634038989227e-03  -5.919081847512e-02  -4.972247201760e-06  -7.481117521437e-18   1.412669858487e-02  -9.052688496399e-02  -7.190700636175e-06   3.941230936657e-17  -3.773336743337e-02  -4.560557428023e-02  -1.069091119678e-05   1.122590370719e-16  -2.816717237479e-02   4.399104539119e-03  -4.388894513570e-06   1.864632572484e-16  -2.633534766899e-06   1.297929379055e-16  -3.632058063083e-03  -3.841435263746e-18   7.444511997394e-03  -4.838837077039e-02  -8.188618459791e-02   9.404699628460e-04   2.093783345489e-05   6.982163660002e-17   2.248884735123e-01   4.501235233338e-03   1.182294220211e-05  -4.087237096390e-16   1.351881664124e-01  -1.091631907877e-02  -5.218651709507e-06   2.168717017314e-16   3.716211987149e-03   8.721921291901e-04   6.869022345723e-06   2.549454376649e-16  -1.207548716911e-05  -2.631469508823e-16  -8.455097893310e-03   2.656913016769e-16   6.118939932565e-03   4.257138846630e-02   6.020872339462e-02  -1.745792398667e-03   2.335089885066e-03   4.860148138036e-03  -8.754820386075e-03   2.867087644969e-16   4.250938804031e-02   6.015775270910e-02  -1.728293929035e-03   2.349539763111e-03   4.852819790535e-03   8.752241891716e-03  -2.882874096423e-17
  -7.951051120661e-03  -1.329056158808e-02  -6.280566285539e-02   2.156779822809e-05   1.555519425047e-16   3.576990682919e-02  -9.420038190801e-02   3.281570235905e-05   2.024308476271e-16  -1.364190817013e-02  -5.509663539830e-02   2.050745904782e-05   2.053766049896e-16  -2.815212955706e-02   1.030246272297e-04  -3.913468030347e-06  -2.992932487959e-16  -3.471793309162e-06  -5.650842251055e-17  -3.725075615778e-03  -8.196505718565e-17   6.698935663649e-03  -1.603627975289e-04   2.995601901207e-05   6.430586157764e-02  -9.501842231278e-06  -9.884019028543e-17   4.501235233338e-03   1.005933629425e-01  -3.081640978248e-06   5.609341511279e-16  -1.935116758939e-02   3.864555877338e-02   1.384332287288e-05  -6.512930774094e-16   1.423089360204e-02  -6.263399108837e-05   2.833383532957e-06   2.420610990046e-16   9.976492120099e-07   1.661619273944e-16  -2.198959940362e-03  -2.222902037971e-16   1.436299236469e-02  -2.512378292047e-02  -3.758739989792e-02  -7.477346063442e-03  -4.649366676713e-03   2.114570171429e-04   4.256414214209e-03  -2.598644987352e-16  -2.510719437454e-02  -3.758992210398e-02  -7.496141440199e-03  -4.644725492069e-03   2.107324847885e-04  -4.252442834802e-03   8.566175539285e-17
   4.131036343759e-08   6.913539633698e-08   1.037819586302e-05   7.787938994027e-03   2.113630121662e-16   9.464874308595e-07   1.657008639714e-05   1.319940932912e-02   1.570635086650e-17   9.409323347868e-06   6.128575692183e-06  -2.034866105318e-03   8.485967060254e-16   4.632454915009e-06  -4.375507349103e-06  -1.217181449022e-02  -1.996887494139e-16  -4.114554879425e-03  -3.899900132523e-17   9.457630540195e-07  -2.705349650784e-18  -2.967007745705e-06  -2.769419721208e-06  -4.521307285277e-06  -1.169344204145e-05   6.164077941905e-02   1.110794422040e-16   1.182294220211e-05  -3.081640978248e-06   9.613633671606e-02   2.606045849737e-16  -5.632271768219e-05   2.412138628097e-05   4.862129560680e-02  -1.110547434771e-16  -4.957607659868e-06   2.429697786356e-06   2.903316794445e-03   8.080708708605e-16  -9.350405971537e-03  -1.474583257448e-16  -9.533754312182e-08   2.255732286917e-17  -9.331217536812e-07   4.431279305187e-02   7.485306910965e-02   2.604194701554e-02   1.138856682895e-03   3.551282004532e-03  -4.676918293289e-03   6.372926481490e-17  -4.429939043125e-02  -7.486031688807e-02  -2.605828660544e-02  -1.144064656437e-03  -3.548070293723e-03  -4.678650818051e-03   2.308853364499e-17
  -6.366687169385e-16  -5.285045900548e-16  -1.886082372965e-16  -8.453291316343e-16   5.425000261798e-02  -1.582031039610e-17  -2.749223573658e-16  -1.384021639523e-15   8.590947305809e-02   4.344792979685e-16  -3.230222080110e-16  -9.206453659126e-16   7.519574846247e-02  -1.233047639073e-16  -4.575667442415e-17  -8.932491961404e-16   6.339317391307e-03   4.656293165640e-17   1.324042600271e-06  -7.636610172385e-17  -6.936372721560e-03   1.396095367814e-17  -1.335754283112e-15  -1.022141750255e-15   3.889032592928e-16  -1.031603179363e-16   3.440758658641e-02  -4.087237096390e-16   5.609341511279e-16   2.606045849737e-16   5.996249018021e-02  -1.419242677117e-15  -4.239466117173e-17  -5.442216732279e-16   4.156632972930e-02   1.888004849640e-15  -1.178573112562e-16   3.098162721018e-15   2.397796393183e-03  -1.879903527930e-16  -1.193112704660e-06   3.131990785786e-17   1.294960342210e-02   4.087325496303e-17  -5.561466429974e-17  -1.535788434026e-16   7.028968199892e-16  -5.070936889126e-15  -3.085770015906e-17   8.937711980560e-17   2.047615233879e-03  -2.614497501986e-16  -6.232800790287e-16  -1.112434224911e-16   3.004062814758e-15  -5.162443500102e-18  -6.569557064711e-17   2.044143768767e-03
   7.440701641487e-03   1.278591472970e-02  -2.869190585784e-02   1.907172896172e-05  -1.000670877963e-15  -3.957777876219e-02  -4.388311025879e-02   2.888510161897e-05  -1.543770692822e-15  -5.696421432546e-02  -2.281959285675e-02   3.548428887971e-05  -1.290463545366e-15  -1.230589946024e-02   2.602974707304e-03   1.077913374007e-05   6.068063277453e-17   7.969607966789e-08   1.008940089920e-16  -1.363261748637e-03   1.335441773147e-16   3.136306614565e-03  -3.029493855544e-02  -5.022928130344e-02  -1.420932457590e-02  -2.569102920332e-05  -5.649319691476e-16   1.351881664124e-01  -1.935116758939e-02  -5.632271768219e-05  -1.419242677117e-15   9.105005898867e-02  -1.218039291231e-02  -3.910996675074e-05  -5.003329286329e-16  -2.578188496176e-03  -1.119103216673e-04   9.844201107056e-06   8.409864952064e-17   6.334119125708e-06  -1.932362672287e-16  -4.389429114727e-03  -2.701827867990e-17  -2.873724092688e-04   3.119358246446e-02   4.443911813020e-02   5.268515723450e-04   2.624152951744e-03   2.837360017454e-03  -6.234878065823e-03   1.826223748021e-16   3.122024926440e-02   4.452924450482e-02   6.018423132441e-04   2.649289814447e-03   2.838007134279e-03   6.237453281585e-03  -6.651040074146e-17
