ARMA_MAT_TXT_FN008
146 146
   3.281365330039e-01   2.805331604033e-01  -3.228086111937e-03   2.894457916466e-04   1.080165161774e-06  -4.268148301724e-02  -7.383910191482e-04   6.481839337361e-05   2.774519655594e-07  -3.352481333813e-02  -1.157129089811e-03   1.053616285177e-04  -3.599320103785e-07  -2.315429466373e-02   4.113374537258e-03  -3.485532777031e-04   3.496040473886e-06   4.695308137212e-05  -1.723352393158e-07   1.517574697602e-04   1.279239683389e-07  -2.586300671195e-04  -4.275515375144e-05  -1.075884183071e-04   6.974339758985e-05   5.127964097610e-04  -3.851797512823e-04   3.969019081467e-03   7.641611135375e-03  -6.932364894214e-04  -2.246434702027e-06   1.890532301052e-03  -1.717919240838e-04  -5.626068396297e-07  -5.094142833494e-03   4.647790865284e-04   1.512698903457e-06  -1.171501833844e-02   1.053348322465e-03   3.251868799364e-06  -6.916891070959e-04   8.121366628920e-05   1.118038805043e-06   1.700923691917e-02   5.177444167417e-03  -5.293271712801e-04  -4.372406064698e-06   4.184738166098e-04  -5.886219685706e-08   1.337864480757e-03   1.401736789920e-06  -2.279360824733e-03  -8.955639748490e-03  -1.300132112169e-02   3.242366152970e-03   1.367200830005e-03   3.809369003951e-04  -2.100147205318e-03  -8.592053057598e-04  -8.956490780146e-03  -1.300503628936e-02   3.249500129402e-03   1.334442493772e-03   5.924909925208e-04   2.327009274172e-04   2.211497475996e-03  -8.956965213410e-03  -1.300869163533e-02   3.256157229213e-03   1.329586856725e-03   7.251132294016e-04   1.715049395513e-03  -1.352918860561e-03   5.509031288621e-05   9.102225701599e-05  -1.082696240271e-04  -1.810216609336e-05   8.142139074682e-07  -2.600856407149e-04  -2.681082085095e-04  -2.789533195938e-05   2.555785173133e-06  -4.365412182433e-05   3.302049033826e-04  -6.042031268024e-05   9.602080903678e-08   2.528283035123e-03  -1.303017110106e-03   1.529313296700e-04  -2.582577742709e-05  -3.323151593655e-06  -4.640125133031e-06  -1.129426319113e-05   2.425338819780e-07   2.170003280105e-05   1.720752510038e-06   5.166191734485e-06  -1.174437126474e-05  -1.302971250388e-05  -1.428798647457e-05   2.756330174252e-04  -1.794825543027e-04  -9.023058581707e-06  -6.203705600523e-08  -4.159883748472e-05  -1.866733270399e-06  -4.136283574938e-08   1.132023377571e-04   5.267382696166e-06   1.556333031778e-07   3.878512162564e-04   2.280056141112e-05  -4.818739172570e-07   1.597718171855e-04   6.692886297304e-06   2.185911313078e-06  -2.272066850626e-03  -6.318040549322e-04  -3.672707364065e-05  -2.645357558214e-06  -2.526618119266e-06  -3.624197409638e-07  -1.625761202638e-05   4.054044660777e-07   2.841480664571e-05  -7.373515253830e-05  -3.252966556144e-04   1.925126787083e-04  -3.713731063210e-04  -9.888366142894e-06   2.873820152583e-05   1.217170188337e-05  -4.842291493766e-05  -2.899539435258e-04   9.137475062506e-05  -1.495127494601e-04  -1.744678763443e-05  -2.992328820502e-05   2.271715344480e-05  -6.059642971857e-05  -3.044229652036e-04   1.182725232848e-04  -2.943552258137e-04  -1.408848370752e-05  -2.672231655642e-06  -3.451201327244e-05
   2.805331604033e-01   2.468924066789e-01  -4.802079564204e-03   4.306557667334e-04   1.619334345974e-06  -7.258486282960e-02  -1.502500464875e-03   1.329505610580e-04   5.015942134074e-07  -5.483937848135e-02  -1.771426802799e-03   1.629604837829e-04  -7.701666902111e-07  -3.758324667956e-02   6.692029447156e-03  -5.573228711602e-04   6.580085648160e-06   5.616189443908e-05  -4.810217855356e-07   1.811965302548e-04   9.699602870568e-08  -3.087005305209e-04  -4.213919005747e-05  -9.369243573015e-05  -6.234683701995e-05   6.031118162771e-04  -2.550707786330e-04   6.847348121571e-03   1.275613101427e-02  -1.157001879064e-03  -3.585401919622e-06   3.161831584923e-03  -2.873486731903e-04  -8.992156169451e-07  -8.526816382389e-03   7.781170015628e-04   2.392992514761e-06  -1.982041701207e-02   1.781073428853e-03   5.229285567659e-06  -1.213212068401e-03   1.428386018029e-04   1.631375182338e-06   2.788130865239e-02   8.351189380611e-03  -8.732690834745e-04  -7.023838088969e-06   7.140334571305e-04  -1.140915189250e-07   2.282499775239e-03   2.384327796974e-06  -3.888771251569e-03  -1.498156813697e-02  -2.150124193058e-02   5.093586059867e-03   2.239081751046e-03   6.520111577869e-04  -3.474667199906e-03  -1.420621652717e-03  -1.498263282938e-02  -2.150829397827e-02   5.105917067326e-03   2.176062551149e-03   1.001674564511e-03   3.825722962120e-04   3.656976400415e-03  -1.498315685153e-02  -2.151550166922e-02   5.118079946248e-03   2.165119172739e-03   1.220931958657e-03   2.834124126665e-03  -2.237443542989e-03   9.282461593513e-05   1.536302666343e-04  -1.975282635728e-04  -2.915178828427e-05   1.340360723776e-06  -4.396786999420e-04  -4.761291183767e-04  -4.605435790425e-05   4.181113883639e-06  -6.573094303280e-05   5.189215442464e-04  -9.739232594712e-05   2.396320993411e-07   4.558285633437e-03  -2.385916462979e-03   2.487048960562e-04  -4.287567636481e-05  -5.589862443251e-06  -7.788545949279e-06  -2.206460863897e-05   4.433165911073e-07   4.178547297658e-05   2.940200409933e-06   8.821358432450e-06  -1.994212331425e-05  -2.144771515634e-05  -2.571928827997e-05   4.571700802021e-04  -3.287732561765e-04  -1.383803749838e-05  -3.300397972178e-07  -7.611404273692e-05  -2.867721528177e-06  -1.217198785131e-07   2.082599785313e-04   8.374181017263e-06   3.851095056473e-07   7.009855020453e-04   3.582048700640e-05  -4.406488807711e-07   2.673423078650e-04   1.119782086655e-05   3.699796208049e-06  -4.137129785521e-03  -1.139209582658e-03  -5.880992901864e-05  -5.040823015578e-06  -4.183370909969e-06  -5.688532751183e-07  -2.981456407459e-05   7.043512925733e-07   5.203979621894e-05  -1.295464976656e-04  -5.410603157585e-04   2.966482497884e-04  -6.488670839594e-04  -1.670583266699e-05   4.732407698144e-05   2.006272413309e-05  -8.813908444604e-05  -4.863721426983e-04   1.377838890586e-04  -2.944243197408e-04  -2.896290084961e-05  -4.952386958995e-05   3.756842216883e-05  -1.081347341791e-04  -5.088469368273e-04   1.791991709545e-04  -5.292105924740e-04  -2.351787136391e-05  -4.454159674808e-06  -5.699632875068e-05
  -3.228086111937e-03  -4.802079564204e-03   2.291177357961e-02   1.498903628992e-03   5.348106804526e-06   1.156869999093e-02   4.206383726515e-02   1.913173257347e-03   7.414890860147e-06   1.265554941105e-04   2.588832547336e-02   1.500847943325e-03   4.434253810468e-06  -6.285486680420e-02   1.531976587728e-02  -2.798025201425e-03  -1.771057049589e-05   1.296854443569e-03  -5.010630767682e-04   3.578403822169e-03  -3.997371366933e-05  -5.645613705932e-03  -7.459088752585e-04  -2.131301022949e-03   3.978645542416e-03   9.132062259201e-03  -1.411736037198e-02  -3.553151306839e-03   3.613033393185e-02  -3.011519344452e-03  -1.043563329221e-05   8.835643066071e-03  -7.386536668854e-04  -2.636120964753e-06  -2.578035140192e-02   2.089010401921e-03   7.822710441142e-06  -5.968377393112e-02   4.898932625274e-03   1.431250209471e-05  -2.773379505588e-02   1.054440109813e-03   1.528695147123e-05   5.113896408222e-02   3.719907501272e-02  -1.857586129303e-03  -4.058323287243e-05   1.524027507929e-03  -2.823808916360e-05   3.664929935147e-03   2.307011599318e-06  -6.152496713466e-03   6.390449025710e-03   9.769661794057e-03   4.651212006699e-03   8.778977870332e-04   1.016239397029e-03   7.321674997381e-04   2.634545445993e-04   9.491031976944e-03   1.448560151361e-02   6.360331154410e-03   2.346071032089e-03   8.124742094604e-04  -3.369303419926e-05  -1.170752013017e-03   1.143321803870e-02   1.744689755026e-02   7.406249611953e-03   3.195432950618e-03   6.367959681764e-04  -1.058650889213e-03   9.063207598116e-04   3.607165752948e-04   6.068495103405e-04  -5.111286061032e-04  -1.032562280447e-04   5.810625302590e-06  -1.601415334636e-03  -9.755524041334e-04  -1.623925016921e-04   1.092519098605e-05  -1.697047815343e-03  -8.059967081451e-05  -2.733181907641e-04   1.123565679351e-05   4.307268840485e-03   1.212960584512e-02   7.203452978659e-04  -1.045314624271e-04  -1.319693248370e-05  -2.478938647371e-05  -1.279564566103e-04   1.691626630363e-06   2.331798230842e-04   2.233091590192e-05   6.417349539968e-05  -1.229539075880e-04  -2.585112819455e-04   3.977239916338e-04   4.615734459345e-04  -9.525939798545e-04  -5.215583354033e-05  -4.136330811958e-08  -2.284265788218e-04  -1.247271482367e-05  -9.808103245738e-08   6.717861221585e-04   3.917435455539e-05   5.048363943090e-07   1.743508587699e-03   8.959691376246e-05  -2.191764340507e-06   1.272539337591e-03   1.522607098783e-04   4.653912721559e-06   9.173954017317e-03   1.185696756487e-03  -5.405928452341e-04   3.373059702818e-05  -1.327583005172e-05  -1.295088373058e-06  -4.929295816028e-05   1.684017094762e-06   8.590836574501e-05  -4.842953574142e-04  -8.176798173818e-04  -9.577657749590e-04   4.575428957684e-04   3.725337673785e-05   9.183913791681e-05   3.956929025261e-05  -3.487795934259e-04  -6.722909889071e-04  -9.749094833310e-04  -2.744916070033e-04   1.804225454727e-05  -8.671985735161e-05   6.533417964339e-05  -4.126998230163e-04  -7.345026368921e-04  -1.025109125387e-03  -1.806268984141e-04   2.668425863125e-05  -9.072766874278e-06  -1.042055248935e-04
   2.894457916466e-04   4.306557667334e-04   1.498903628992e-03   3.939136974241e-02  -2.400814318761e-06  -1.044817994955e-03   1.921260154596e-03   6.305467277995e-02  -4.438472374115e-06   6.029558763855e-05   1.421578495461e-03   4.222964046329e-02  -2.581327405405e-06   7.156547268232e-03  -2.176807098783e-03  -4.688948388508e-03  -6.684788156808e-05   2.628314918191e-03  -5.537417878906e-03   1.639573230847e-03  -4.997067487516e-04   2.161937836217e-03   6.713654882441e-05   1.917359502582e-04  -3.571669400783e-04  -8.242908972022e-04   1.283303073978e-03   2.498262868218e-04  -3.002192775467e-03   3.182737133421e-03   1.310199800147e-06  -7.381099068552e-04   7.383849271699e-04   4.806215996019e-07   2.093810110642e-03  -2.818190369009e-03  -2.076014530773e-06   4.818488430007e-03  -6.671680429705e-03   3.076760493677e-06   1.323206486586e-03  -1.346915797802e-02  -1.993430219522e-05  -4.986757437044e-03  -4.584902064922e-03   2.153379166243e-03   6.275208985363e-05   4.033397298115e-03  -3.066097899721e-04  -2.237833580801e-04  -2.847466353406e-05   1.378413111019e-03  -3.085974786280e-02  -4.711665312489e-02  -1.605453807925e-02  -7.207819824741e-03   1.032337891456e-03  -2.537674932275e-03  -1.890825516169e-03   3.336750120991e-03   5.084966962129e-03   1.662582401666e-03   7.658938223214e-04  -7.574174046357e-05   2.034431293832e-03  -5.589470525899e-04   2.506128752725e-02   3.824718131291e-02   1.287534006499e-02   5.684888902811e-03  -1.313599297759e-03  -1.005564133280e-03   2.449215458166e-03  -1.719524947342e-05  -2.902360280121e-05   3.164672898350e-05   1.339052260971e-04   3.484093820359e-06   7.446598298768e-05   7.876433531369e-05   2.287269342841e-04   2.167268948231e-06   8.128426368564e-05  -6.427581733026e-05   1.689829298683e-04   1.404926298119e-05   6.292395274077e-04  -3.124685253046e-03  -3.079203760019e-04   7.166574242324e-05  -1.377232095862e-05   1.860628615315e-05   2.628416158083e-06  -5.778921863805e-07  -1.389626699244e-05  -6.433471640451e-07  -1.684502442837e-06   1.857607185717e-06   1.165541774704e-05  -3.256543630216e-05   8.144814805243e-05   4.261116264106e-05   5.243250023353e-05   1.028789394682e-06   1.102646368127e-05   1.238326356727e-05   3.099355788927e-07  -3.537064998730e-05  -4.067857830895e-05  -1.225096227589e-06  -5.182221909223e-05  -9.689235977076e-05   2.400772220739e-07  -1.970647702725e-04  -1.364684944261e-04  -1.193215178249e-05  -3.476518724999e-03  -6.853297635239e-04   3.626831513703e-04   4.879391088185e-06   2.431173406184e-05   1.459014356682e-06   3.933059513238e-06   4.212085356553e-07  -7.344479879670e-06   9.344256523327e-05   6.325757819135e-05   5.931129359068e-04  -9.387482291662e-04  -2.132061908947e-05  -2.008758583918e-05  -5.325844490065e-06  -4.144218736227e-05  -1.882610184315e-05  -4.903498209492e-05   7.490744958602e-04   2.612823055675e-05  -8.717017606334e-06   2.784990206563e-06   1.556779085369e-05   4.145851471408e-06   2.681981009637e-04   3.067932620712e-04   7.615805023577e-06  -6.059506265457e-06   2.167139310528e-06
   1.080165161774e-06   1.619334345974e-06   5.348106804526e-06  -2.400814318761e-06   3.952812587209e-02  -3.843290771595e-06   6.895756909705e-06  -4.360765263048e-06   6.323159442991e-02  -1.370188237844e-06   5.018887629925e-06  -2.304999419746e-06   4.235147836505e-02   6.171710427792e-05  -1.980296386611e-05  -6.549110830766e-05  -5.013352753517e-03  -4.996021470786e-04   1.979079002424e-03   4.830284768400e-03   3.178610522217e-03   2.748392165227e-03   2.558919386593e-07   7.370774512754e-07  -1.418649285097e-06  -3.044573637091e-06   4.360816991064e-06   3.363658530995e-06  -1.085526861866e-05   1.474636069211e-06   2.909952339382e-03  -2.660581083225e-06   5.259886018513e-07   6.713864533790e-04   7.646653617332e-06  -2.243667531583e-06  -2.628329786150e-03   1.764547663345e-05   2.933550151755e-06  -6.231102505305e-03   6.328454939767e-06  -2.048803709103e-05  -1.336873426056e-02  -3.582754626443e-05  -2.623980801683e-05   6.075529615474e-05   1.962138325324e-03  -2.854777057747e-05  -2.558408673273e-04   2.631306354840e-04   4.228537508947e-03   1.546642160088e-04  -1.259505180173e-02  -1.922756054107e-02  -6.534101408181e-03  -2.996436132338e-03   3.885629038473e-04  -1.901854351699e-03   1.324802499990e-03   3.241369844908e-02   4.948448102256e-02   1.676966400616e-02   7.560697041539e-03  -1.489351592679e-03  -5.318646865544e-04  -3.041833678777e-03  -1.982802924566e-02  -3.027019025513e-02  -1.024487694458e-02  -4.578014065463e-03   1.099424806181e-03   2.433234926860e-03   1.765546556240e-04  -2.501411090235e-07  -4.456913695242e-07  -1.434307276077e-07   3.758559619768e-06   1.259515796806e-04   9.854622860659e-07  -5.596450308595e-07   2.433033546750e-06   2.195655418810e-04   4.956710280219e-06   2.243022773914e-06   1.300281179716e-05   1.304098145491e-04   6.462672746512e-05  -3.059733194335e-05   9.397942249659e-05  -2.623537349020e-04  -6.639959517930e-07  -7.257913074993e-06  -1.373374337657e-05  -1.531672430584e-05  -8.585577939838e-06   3.121508475735e-08   8.716688636375e-08  -1.491445393978e-07  -1.117606527111e-07  -3.210418099844e-07   1.544426814032e-06   8.271474899303e-07   1.265760396232e-06   4.807117263676e-05   2.050608730321e-07   3.830195831912e-07   1.130004187618e-05  -7.381458945722e-07  -1.515700006754e-06  -3.721738565456e-05  -1.221270430316e-06   2.922536769504e-07  -9.084648178199e-05  -2.581075652805e-06  -1.302572020813e-05  -1.148061412537e-04  -5.558216422467e-05  -1.484850634158e-05   1.106398897417e-05   2.752615286582e-04   5.694735187962e-07  -6.221231255045e-07  -9.776833324432e-07   2.368902715899e-05  -7.631120584220e-07   2.883915313478e-05   2.552411854222e-05   1.209142483975e-04  -5.273185340914e-04  -1.140164666024e-05  -5.202257716135e-06  -8.352133784223e-06   4.498588162705e-05   1.734640346393e-05   2.693781364479e-04  -3.488973964760e-04  -1.507905556501e-05   5.269839558742e-06  -8.695569090645e-06  -7.196209383121e-05  -4.404576387896e-05  -3.985497361021e-04   8.571962073645e-04   2.597357175475e-05  -6.712917967053e-07  -1.818847449577e-05
  -4.268148301724e-02  -7.258486282960e-02   1.156869999093e-02  -1.044817994955e-03  -3.843290771595e-06   1.902073116357e-01   5.872473521511e-03  -5.339231246304e-04  -1.590915925057e-06   1.380587487134e-01   4.937841248122e-03  -4.645689764479e-04   2.334249743847e-06   9.160536612058e-02  -1.620840502015e-02   1.283452660323e-03  -1.922056462276e-05  -5.474723395915e-05   2.716471384388e-06  -1.688680886307e-04   1.409553296266e-07   2.861537996286e-04  -1.946948173961e-05  -1.341929813978e-04   9.280453631080e-04  -2.303440829807e-04  -1.396255632404e-03  -1.887164329086e-02  -3.185944676844e-02   2.866950596716e-03   6.327231872345e-06  -7.918631570190e-03   7.144992098007e-04   1.616939056785e-06   2.118559846852e-02  -1.917674439954e-03  -3.923854867659e-06   4.978949298746e-02  -4.429250623934e-03  -8.521003520889e-06   2.463811624998e-03  -2.892268781395e-04  -4.259912722270e-07  -6.857668270392e-02  -1.941780289046e-02   2.145418991987e-03   1.531706517856e-05  -1.837068685658e-03   3.855292479988e-07  -5.875386941947e-03  -6.054393783263e-06   1.001009245060e-02   3.886024392946e-02   5.516536866000e-02  -1.207855421682e-02  -5.584826938715e-03  -1.687103336512e-03   8.875975926987e-03   3.627991530822e-03   3.885532980325e-02   5.517325016487e-02  -1.211493966502e-02  -5.370724184044e-03  -2.579348238577e-03  -9.748320773488e-04  -9.339480163752e-03   3.885169574447e-02   5.518742464487e-02  -1.215104215856e-02  -5.318789857032e-03  -3.138877714639e-03  -7.236162601156e-03   5.714375932892e-03  -1.860474770135e-04  -3.039815815144e-04   7.958738192095e-04   1.307501040093e-05  -1.126986222278e-06   8.976488444964e-04   1.770311943560e-03   2.280414441692e-05  -6.632040537351e-06  -1.963418464669e-04  -8.994629824209e-04   1.726114931556e-04   1.792979375013e-06  -1.267677458920e-02   7.244788181344e-03  -5.927427790009e-04   1.060456147454e-04   9.301761028127e-06   1.151185109362e-05   1.036734979824e-04  -1.371224464061e-06  -1.835664958700e-04   1.675663769510e-06   4.580469898353e-06  -7.349437408714e-06  -4.069015625707e-05   2.033534930858e-04  -8.385390327501e-04   1.437798259866e-03  -9.556459672109e-06   7.635169568403e-06   3.393899337882e-04  -3.386759738390e-06   1.945745712428e-06  -9.483056963568e-04   7.932396557071e-06  -5.528173879311e-06  -2.790252358098e-03  -1.743245062363e-05  -1.012196619583e-05  -9.390962208452e-04   2.858878127291e-05  -1.522489948262e-05   1.229897477315e-02   3.341772019498e-03   1.174907920427e-04   1.678014085721e-05   6.973859096466e-06   8.150146214569e-07   1.396881754800e-04  -2.526702394328e-06  -2.426517736691e-04   3.367236057180e-04   1.373418366095e-03  -6.876582132133e-04   1.729905927826e-03   5.993897443392e-05  -1.115796616331e-04  -4.573273723980e-05   3.151256609950e-04   1.372565983454e-03  -2.602167670330e-04   8.358754004172e-04   8.603403750489e-05   1.229776212458e-04  -9.535022801381e-05   3.301563496822e-04   1.370686169638e-03  -3.796763835219e-04   1.423073281691e-03   7.433730859629e-05   7.835417010189e-06   1.395964515673e-04
  -7.383910191482e-04  -1.502500464875e-03   4.206383726515e-02   1.921260154596e-03   6.895756909705e-06   5.872473521511e-03   7.857857629084e-02   2.069223823990e-03   8.388011503402e-06  -1.084946686344e-02   4.794233382965e-02   1.841425648024e-03   4.120513419481e-06  -1.261199828502e-01   3.028738291756e-02  -5.248521466667e-03  -2.803276777785e-05   2.369871117615e-03  -8.038726282703e-04   6.727939438544e-03  -6.270340010552e-05  -1.074243330201e-02  -1.768617802697e-03  -5.047018208696e-03   9.310400226676e-03   2.031529784376e-02  -2.959979337474e-02  -8.439543484898e-03   7.005135388699e-02  -6.171411775108e-03  -1.690388497450e-05   1.714020410135e-02  -1.511845288693e-03  -4.321275963396e-06  -4.997819382133e-02   4.313412401033e-03   1.261450162987e-05  -1.157549702824e-01   1.012502683112e-02   2.157344861041e-05  -5.219660657126e-02   2.616844928988e-03   2.632254062108e-05   1.022788929682e-01   7.148994914605e-02  -3.782715123282e-03  -7.843748757415e-05   2.919428058178e-03  -4.475451002244e-05   7.373477570216e-03   5.133488326306e-06  -1.241433694593e-02   9.550440370790e-03   1.490099076909e-02   1.022686243322e-02   2.270568835990e-03   2.026773837015e-03   6.883325116007e-04   2.358762637394e-04   1.451202679416e-02   2.242117821721e-02   1.295109504476e-02   4.835257187859e-03   1.747112383340e-03  -3.302495416743e-05  -1.394343727528e-03   1.761923720254e-02   2.714208087359e-02   1.461215233889e-02   6.327196225688e-03   1.495263703571e-03  -1.351271008910e-03   1.156528917704e-03   6.499358491702e-04   1.086541747216e-03  -1.367425602413e-03  -1.330958942187e-04   8.110053975206e-06  -2.872046587728e-03  -2.631253589147e-03  -2.101242218557e-04   1.624951158372e-05  -2.783011330769e-03  -5.506717165980e-04  -4.618224688745e-04   1.706110039508e-05   9.817360227542e-03   2.165317438498e-02   1.405337913883e-03  -2.094566513595e-04  -1.709047585834e-05  -3.886896670063e-05  -2.993179432326e-04   3.739808469038e-06   5.351383537806e-04   1.517892396266e-05   4.357485030172e-05  -8.197181430648e-05  -2.450722988396e-04   4.521268400035e-04   4.147549597149e-04  -2.573039795710e-03  -1.368214527764e-05  -5.818856070330e-06  -6.184056342089e-04  -3.030074656075e-06  -1.598215971478e-06   1.836818816780e-03   1.655990687257e-05   4.572130292035e-06   4.675313058034e-03   3.207929224295e-05   4.260979489926e-06   2.811240513691e-03   1.871108236734e-04   1.420854885187e-05   1.513847977978e-02   1.645415361254e-03  -1.022322626130e-03   6.002243277808e-05  -2.379505530623e-05  -1.863130431276e-06  -1.776237774339e-04   4.123805441525e-06   3.083687268909e-04  -9.557292194704e-04  -1.693286408813e-03  -1.787926014074e-03   7.650310164156e-04   4.394305971284e-05   1.798476602147e-04   7.528910562211e-05  -7.901758288601e-04  -1.572575821726e-03  -1.894262483878e-03  -6.153532539213e-04   8.913065200814e-06  -1.757957841654e-04   1.354287003814e-04  -8.727330373025e-04  -1.623706944158e-03  -1.964064971550e-03  -4.649492568273e-04   2.465968719057e-05  -1.381777737305e-05  -2.094093625871e-04
   6.481839337361e-05   1.329505610580e-04   1.913173257347e-03   6.305467277995e-02  -4.360765263048e-06  -5.339231246304e-04   2.069223823990e-03   1.010519783091e-01  -7.734229662942e-06   1.075834377697e-03   1.712540026017e-03   6.773418949830e-02  -6.172880538928e-06   1.383898475476e-02  -4.059746230092e-03  -7.619226586044e-03  -9.593306098039e-05   3.963202703870e-03  -8.854619860392e-03   2.531369730316e-03  -7.994446611098e-04   3.572132998260e-03   1.590152699076e-04   4.537379413265e-04  -8.364171903959e-04  -1.832693103230e-03   2.687158647206e-03   6.633409396357e-04  -6.187498103045e-03   1.986182904700e-03  -4.154892365539e-08  -1.518587541160e-03   4.410236051583e-04   2.495127411566e-07   4.353511388046e-03  -2.174856553116e-03  -1.805130483012e-06   1.004786571318e-02  -5.037650984017e-03   8.246581592976e-06   3.200075411171e-03  -1.781041567313e-02  -2.784657905328e-05  -9.908504474776e-03  -8.527568987164e-03   3.000566874819e-03   9.583823985884e-05   6.507941645113e-03  -4.819489762125e-04  -4.960481775453e-04  -4.489409327650e-05   2.453432456093e-03  -4.919208189953e-02  -7.489408073915e-02  -2.539334584376e-02  -1.211099288998e-02   1.613531617116e-03  -4.003642492759e-03  -2.994300999487e-03   5.382383350773e-03   8.147968228568e-03   2.330293302259e-03   1.192614324840e-03  -1.629554044731e-04   3.232540886346e-03  -9.325746619380e-04   4.005452763827e-02   6.090282835281e-02   1.988018457899e-02   9.442769907840e-03  -2.141611300418e-03  -1.636190917035e-03   3.925990728921e-03  -4.013397657776e-05  -6.698721152872e-05   1.179577768702e-04   1.684368613309e-04   3.556519851805e-06   1.739190268466e-04   2.521820954397e-04   2.884596062315e-04  -1.907746969800e-07   1.603350303912e-04  -3.123699811898e-05   2.425938085995e-04   2.066008098505e-05   7.907654095304e-04  -5.203731253013e-03  -5.665556965675e-04   1.046453304556e-04  -2.338624422245e-05   2.399943621918e-05   1.825991152077e-05  -7.620637144287e-07  -4.269533738158e-05   1.354015313368e-06   4.116384892745e-06  -9.964380150468e-06   9.082140512082e-07  -3.626967517853e-05   1.666563300545e-04   1.942449997912e-04   1.088290038568e-05   6.397783362286e-06   4.802157999917e-05   2.271396553882e-06   1.616034099740e-06  -1.496660761128e-04  -7.025838377041e-06  -5.786431763608e-06  -3.114161808204e-04  -2.475010318434e-05  -9.061793715406e-06  -4.062774335171e-04  -9.845312878024e-05  -2.402130691418e-05  -5.585197672839e-03  -1.068105079262e-03   5.136472868493e-04   9.107512913523e-06   3.413031262829e-05   1.742432311204e-06   1.781640954592e-05   3.547218194606e-08  -3.140740358105e-05   1.485998090901e-04   1.147807655429e-04   8.640378678274e-04  -1.134645437420e-03  -2.806654990864e-05  -3.178423037472e-05  -8.212018871853e-06  -1.142554611501e-05   6.228557125292e-05   3.945019814853e-05   8.664060747650e-04   3.804105226801e-05  -5.998454470099e-06  -2.294951315451e-06   5.848090394833e-05   7.008651672211e-05   4.617646576366e-04   4.176690170139e-04   1.217660203761e-05  -9.860172137924e-06   9.858483893420e-06
   2.774519655594e-07   5.015942134074e-07   7.414890860147e-06  -4.438472374115e-06   6.323159442991e-02  -1.590915925057e-06   8.388011503402e-06  -7.734229662942e-06   1.012471701145e-01   1.248186021068e-06   7.068000971173e-06  -5.695430466995e-06   6.788254765906e-02   7.599281128197e-05  -2.518854285356e-05  -9.768841130640e-05  -8.218631746458e-03  -7.992600856700e-04   3.184405609610e-03   7.724096253897e-03   4.868337810415e-03   4.395274781418e-03   7.354944454128e-07   2.093390968341e-06  -3.881932505294e-06  -7.753250531447e-06   1.021351500825e-05   7.544130191098e-06  -2.239496827156e-05   7.469954606767e-08   1.431731001199e-03  -5.494981849667e-06   2.848879653818e-07   3.050345569376e-04   1.490958149691e-05  -1.964331887897e-06  -1.786260826757e-03   3.534155363335e-05   8.195115541168e-06  -4.133179259003e-03   1.082884721064e-05  -2.846531407200e-05  -1.756919204941e-02  -4.923449690930e-05  -2.233426699532e-05   9.222297410862e-05   2.619266806502e-03  -4.499962856941e-05  -4.227972131150e-04   4.130589759122e-04   6.863553970666e-03   2.438881730259e-04  -2.010049815954e-02  -3.058707524886e-02  -1.022727410429e-02  -5.001818445416e-03   6.215251796395e-04  -3.028555105204e-03   2.104409088208e-03   5.173250902881e-02   7.872261307351e-02   2.624702398980e-02   1.265484816672e-02  -2.379187137315e-03  -8.462738257436e-04  -4.849188462171e-03  -3.164555022235e-02  -4.815488118682e-02  -1.603767643113e-02  -7.672744735983e-03   1.755100441634e-03   3.874071027031e-03   2.760131691428e-04  -3.933028660972e-08  -6.805561401349e-08   7.089948880906e-07   3.883076491891e-06   1.588792533446e-04  -5.620759605597e-08   9.558589540061e-07   1.242397020284e-07   2.788436379240e-04   5.781585814134e-06   4.442646302430e-06   1.842951873262e-05   1.791677536255e-04   7.770768073228e-05  -2.231211510137e-05   1.395404331981e-04  -4.644206259257e-04  -7.974178679660e-07  -9.610993804275e-06  -1.685050979317e-05  -2.577803501853e-05  -1.104349239273e-05  -5.974770816711e-07  -1.685636473146e-06   2.994879821834e-06   5.055748551779e-06  -5.479956075275e-06  -3.211441974885e-06   3.699623094148e-06   6.143968305911e-06   6.693271553569e-06   9.246220172447e-07   1.577508727227e-06   1.239156645347e-06  -2.042880408384e-06  -5.859083150663e-06  -2.764390378772e-06  -4.532025196907e-06  -8.025979513368e-06  -1.816007235983e-05  -3.580094697212e-06  -2.526388396152e-05  -6.423636727876e-05  -5.103740013941e-05  -1.460293759567e-05   1.905997126494e-05   3.573026452739e-04   4.579702243424e-07  -7.607081675321e-07  -9.148179968847e-07   3.293953354138e-05  -1.237118371999e-06   3.320191459193e-05   2.292909365180e-05   1.488150388012e-04  -6.591701695484e-04  -1.565059849089e-05  -5.964383669455e-06  -1.253702285417e-05   5.477675398915e-05   5.456465528008e-06   3.589798316095e-04  -3.241381580214e-04  -2.061817787970e-05   5.591320915996e-06  -1.240945855201e-05  -8.545826140147e-05  -3.007422485174e-05  -5.218777475349e-04   9.574567167562e-04   3.571045149655e-05  -6.511114153480e-07  -2.352835265945e-05
  -3.352481333813e-02  -5.483937848135e-02   1.265554941105e-04   6.029558763855e-05  -1.370188237844e-06   1.380587487134e-01  -1.084946686344e-02   1.075834377697e-03   1.248186021068e-06   1.098861689404e-01  -9.810513951531e-03   9.293420022595e-04   4.102998727012e-06   8.973636892266e-02  -1.667463413894e-02   2.016531239237e-03  -1.863383054015e-06  -2.791260755189e-04  -8.230059902330e-06  -1.009398984230e-03  -2.291620954849e-06   1.732829504187e-03  -2.942522635612e-03  -8.555039176308e-03   1.719130512807e-02   3.043310832981e-02  -4.313815189651e-02  -6.164131990475e-02  -4.429321206432e-02   4.383852370461e-03   1.157932410692e-05  -1.091427156355e-02   1.077168187301e-03   2.933424762399e-06   3.000628685746e-02  -3.028299560563e-03  -7.467507712036e-06   6.983341217448e-02  -7.039658136639e-03  -1.490554750581e-05   1.502370311808e-02  -1.785389323965e-03  -9.728625384796e-06  -6.660355577030e-02  -3.037907186264e-02   2.184264160619e-03   3.492363668033e-05  -1.897994576442e-03  -1.126265372579e-06  -5.993027438325e-03  -6.079846368092e-06   1.020922765301e-02   2.567185177425e-02   3.509037291457e-02  -1.112369331470e-02  -4.489741893132e-03  -1.596821669700e-03   6.142840427842e-03   2.492814023534e-03   2.574658466350e-02   3.525556331660e-02  -1.109097352514e-02  -4.891335433542e-03  -2.215788358062e-03  -6.264843030969e-04  -6.429292031976e-03   2.579712916880e-02   3.536516751363e-02  -1.105978300151e-02  -5.144164167466e-03  -2.605308928865e-03  -4.942670328406e-03   3.938666151461e-03  -8.587553619073e-04  -1.495488753643e-03  -1.296065419240e-03   6.607023099182e-04  -2.965540392893e-05   4.080401910265e-03  -2.382618016374e-03   1.056418309432e-03  -5.250067743243e-05   4.262599874891e-03  -3.773559987428e-03   9.049091087626e-04  -3.608956950890e-05  -3.664589511443e-03  -6.049613434920e-03  -7.739401592262e-04   1.042330526383e-04   5.596267035310e-05   1.042592517152e-04  -1.747403180558e-04  -1.486418178947e-06   2.442896934412e-04  -2.023895552980e-04  -5.847781293623e-04   1.149484112707e-03   1.911638138567e-03  -2.341682559160e-03  -4.750623383487e-03  -3.167608718835e-03   3.177629880101e-04  -5.510520010995e-05  -7.801844748026e-04   7.607269599479e-05  -1.319309997202e-05   2.334215750642e-03  -2.089972409073e-04   3.779663542595e-05   5.066459341703e-03  -5.292065416404e-04   9.497405062383e-05   7.078311122799e-04  -4.779878195528e-04   4.691152289508e-05  -6.058104726023e-03  -9.769505399002e-04   4.368288819721e-04  -2.371182908555e-05   5.519643736484e-05   6.510613114572e-06  -3.875684015546e-04   2.811254001639e-06   6.685087229789e-04   7.534131429231e-04   1.601627236744e-03  -1.414481022114e-04   8.745522664364e-04  -1.546852753963e-04  -1.966017991113e-04  -9.884700717442e-05  -1.648406348330e-04   2.393135968023e-04  -3.665889693405e-04   6.644377386070e-04  -7.672077155195e-05   1.428430473762e-04  -8.789835951471e-05   2.416997305624e-04   8.351903514813e-04  -1.954283203216e-04   9.779048568215e-04  -1.117019580589e-04   4.486317194225e-05   1.847879289075e-04
  -1.157129089811e-03  -1.771426802799e-03   2.588832547336e-02   1.421578495461e-03   5.018887629925e-06   4.937841248122e-03   4.794233382965e-02   1.712540026017e-03   7.068000971173e-06  -9.810513951531e-03   3.188742757877e-02   1.194777764925e-03   3.569205670349e-06  -7.510429641127e-02   1.766018324302e-02  -3.373492174732e-03  -2.177753349372e-05   1.351745535397e-03  -5.272594287129e-04   3.882631342836e-03  -4.248336561790e-05  -6.149130729808e-03   9.641072478872e-04   2.811967654654e-03  -5.738835293666e-03  -9.118893229457e-03   1.164294007331e-02   2.541220454085e-02   4.681050205680e-02  -4.714301330659e-03  -2.424901537786e-05   1.144104914283e-02  -1.151005497857e-03  -5.978764700492e-06  -3.323410491424e-02   3.285978303761e-03   1.789017056431e-05  -7.684303398260e-02   7.721770738293e-03   3.735981151856e-05  -3.362672631242e-02   2.315474329638e-03   3.215728496436e-05   5.964989006513e-02   4.487266770499e-02  -2.224732709759e-03  -5.499743265498e-05   1.872764310214e-03  -2.806423139870e-05   4.609225075586e-03   3.515601912762e-06  -7.752845793218e-03   5.900954573079e-03   9.821852690705e-03   5.973594752738e-03   1.092157707008e-03   1.230001097768e-03   5.579863334281e-04   1.962422039531e-04   9.138714400541e-03   1.468390279794e-02   7.654428711761e-03   2.962652231204e-03   1.037225056415e-03  -2.760168532203e-05  -1.016816085644e-03   1.116730726572e-02   1.774187219258e-02   8.678186544340e-03   4.039659912284e-03   8.665947230401e-04  -9.587748444370e-04   8.194566976019e-04   8.023488586270e-04   1.366307033199e-03   7.412976918511e-04  -5.519798362428e-04   2.459119908395e-05  -3.597010880340e-03   1.463115236190e-03  -8.734520454631e-04   4.208537036865e-05  -4.253014608777e-03   1.953632949074e-03  -7.829154993556e-04   3.527739239282e-05   9.503435601419e-04   1.787414502076e-02   8.695409107586e-04  -1.189298282979e-04  -6.145837664774e-05  -9.038296599945e-05   5.097102548812e-05   1.533860280592e-06  -3.863539346516e-05   1.135817200483e-04   3.297450833410e-04  -6.625889144858e-04  -1.167551751204e-03   1.634793022090e-03   2.779743270782e-03   1.788045553291e-03  -4.810289500446e-04   3.380604062333e-05   4.398113852327e-04  -1.153659453145e-04   8.065016755166e-06  -1.295061734580e-03   3.440529642126e-04  -2.262922345878e-05  -2.871405654117e-03   8.258340576586e-04  -5.879726709884e-05   2.629476372247e-04   7.350148145944e-04  -2.705498989796e-05   1.731839190422e-02   3.110735324913e-03  -7.549211255439e-04   5.224146828394e-05  -4.154277780649e-05  -5.889851142964e-06   2.654316221103e-04  -1.180195639885e-06  -4.571002802562e-04  -7.896064090284e-04  -1.218998148973e-03  -1.126023112562e-03   6.725739432061e-04   1.592222943555e-04   1.619267848234e-04   8.145732924476e-05  -1.631985599197e-05  -7.424002235383e-05  -6.996324998251e-04  -3.974774112038e-04   9.995059666515e-05  -1.132732921519e-04   6.901052123140e-05  -3.579635116895e-04  -5.705885301253e-04  -9.514792613166e-04  -2.058643314198e-04   1.263282589608e-04  -3.680476069582e-05  -1.492169816673e-04
   1.053616285177e-04   1.629604837829e-04   1.500847943325e-03   4.222964046329e-02  -2.304999419746e-06  -4.645689764479e-04   1.841425648024e-03   6.773418949830e-02  -5.695430466995e-06   9.293420022595e-04   1.194777764925e-03   4.547505375027e-02  -6.533796403484e-06   8.502914167164e-03  -2.521790540670e-03  -5.234976357127e-03  -5.430033558457e-05   2.529995955180e-03  -5.931423568965e-03   1.753120983110e-03  -5.321357141154e-04   2.268924248116e-03  -8.801187556503e-05  -2.562562358197e-04   5.190190448768e-04   8.096673863934e-04  -9.905179723541e-04  -2.301513549674e-03  -4.345457502821e-03  -1.242369235326e-03   4.668901066482e-05  -1.064904645863e-03  -3.297328394082e-04   1.123442447081e-05   3.022366520331e-03   1.466962169479e-04  -3.837348784610e-05   6.981337347029e-03   5.385746830670e-04  -8.405314639596e-05   2.248240875933e-03  -9.372360942121e-03  -7.663878888686e-05  -5.870766371073e-03  -5.547594512173e-03   1.625304954665e-03   7.017692170244e-05   4.438040406523e-03  -3.171908159587e-04  -3.000491802648e-04  -3.088611448422e-05   1.597955341561e-03  -3.283479719395e-02  -4.988053531689e-02  -1.655629527212e-02  -8.410413356035e-03   1.092232871284e-03  -2.683235765661e-03  -1.999876906973e-03   3.651225613830e-03   5.460613176837e-03   1.615999557906e-03   8.559126347296e-04  -9.738733609592e-05   2.152067366214e-03  -6.139444369840e-04   2.682565570080e-02   4.059731568862e-02   1.309870052312e-02   6.652590800201e-03  -1.419783920371e-03  -1.088498006199e-03   2.613212563177e-03  -9.528656090751e-05  -1.647478332245e-04  -1.993360027235e-04  -2.337070522464e-04  -4.736223252768e-06   4.320281705998e-04  -3.788692188607e-04  -3.673374811880e-04  -1.248013536116e-05   4.965411080532e-04  -3.800358485367e-04  -2.048465344943e-04   5.066620860950e-06   1.301481151147e-03  -3.933122342034e-03  -3.559351841265e-04   6.105146891132e-05  -3.349977736719e-05  -3.379209169174e-05  -1.460682685785e-05   8.098362816461e-07   5.267663301691e-05   7.154297176111e-06   1.942515559843e-05  -2.854687994233e-05  -4.839778520618e-05   1.248497674916e-05  -4.904980126892e-05  -4.586318238013e-04   6.719632999833e-05   2.547916102988e-05  -1.119516629771e-04   1.578891365834e-05   6.105715796736e-06   2.996181511140e-04  -4.821166304225e-05  -2.034361276236e-05   7.437920335804e-04  -1.282246402199e-04  -4.605947255152e-05   1.991089913073e-06  -3.572996255203e-05  -4.142165689085e-05  -4.727902055493e-03  -1.005560485294e-03   2.935884753630e-04   9.878695224275e-06  -2.067748063734e-05  -1.548931509004e-06  -5.130910296814e-05  -7.025381757957e-07   8.952438473014e-05  -1.845055223965e-04  -3.625714620215e-04   3.353579630227e-04  -5.966909713204e-04  -2.308947929638e-05  -6.023395732831e-06   8.148369798329e-06   1.899503895457e-04   3.123655027091e-04   1.128457233749e-04   4.101936233933e-04  -5.524940755083e-06   1.356675953887e-05  -2.670079238448e-05   4.715729165925e-05   3.760846531276e-05   2.525106627875e-04   2.381824085938e-04  -1.257571170086e-05  -2.158102962929e-05   1.819531076924e-05
  -3.599320103785e-07  -7.701666902111e-07   4.434253810468e-06  -2.581327405405e-06   4.235147836505e-02   2.334249743847e-06   4.120513419481e-06  -6.172880538928e-06   6.788254765906e-02   4.102998727012e-06   3.569205670349e-06  -6.533796403484e-06   4.556502906940e-02   3.367912966862e-05  -1.149593981084e-05  -5.760611103884e-05  -5.636612773842e-03  -5.315038163764e-04   2.145805268915e-03   5.171848352405e-03   3.108533340097e-03   2.943691579486e-03   4.454867780333e-07   1.225969402255e-06  -1.954789136493e-06  -3.255931437781e-06   2.107910757715e-06  -5.068413467641e-07  -1.408633440569e-05   5.311577107624e-05  -1.722483992715e-03  -3.498919310839e-06   1.276967264361e-05  -4.467344088459e-04   8.252725204681e-06  -4.345670993427e-05   4.852142189787e-04   1.986605493342e-05  -9.594137958752e-05   1.331462784118e-03   1.724981301829e-06  -8.499216134328e-05  -9.088392410264e-03  -2.555081686249e-05  -2.668059653666e-07   6.945287445043e-05   1.386804155327e-03  -3.127406916136e-05  -2.926994088842e-04   2.713109908437e-04   4.668970773986e-03   1.607611042821e-04  -1.343220990133e-02  -2.037440204410e-02  -6.700117612816e-03  -3.484832763395e-03   4.163286699917e-04  -2.018923207147e-03   1.398608290756e-03   3.456675237741e-02   5.242040758071e-02   1.717096568330e-02   8.862010380180e-03  -1.591216555717e-03  -5.631942985774e-04  -3.236098115521e-03  -2.114227675375e-02  -3.205751024704e-02  -1.048444336129e-02  -5.388932072093e-03   1.172925106692e-03   2.581656791915e-03   1.806338937856e-04  -7.340129161336e-07  -1.070559378656e-06   6.409727439067e-06  -6.166755521764e-06  -3.080265953401e-04   2.416979681836e-06   1.121596499555e-05  -1.517439574148e-05  -4.808065851217e-04   3.208827057867e-06   9.474704216438e-06   9.503677469633e-07  -3.162826046537e-04   3.408520073567e-05   2.772104310843e-06   9.064758431122e-05  -2.908462140591e-04   1.275625309480e-06   1.286964407181e-05   4.097176829486e-05  -4.413610955933e-05   2.152218825971e-05  -8.961647353112e-07  -2.528458593836e-06   4.494255106503e-06   7.802878544917e-06  -8.614490950483e-06  -5.450636622312e-06   1.023957401074e-05   4.668915273127e-05  -3.226429289731e-05   2.520414645557e-06   1.120456197781e-05  -8.086402590089e-06  -6.368766765035e-06  -3.599270289312e-05   2.352459450168e-05  -1.519097364873e-05  -8.298628682724e-05   4.287990618624e-05  -6.468713729973e-06  -6.500989539096e-05   1.079294082814e-04  -6.590362156424e-06  -2.379261143027e-06   1.990804844894e-05   1.712932649147e-04  -2.062929178478e-06   1.012950402143e-06   2.665741102977e-06  -2.418530051810e-05  -2.892592072499e-07  -1.166939329967e-04  -1.911281998809e-04   1.148067817164e-05  -3.607446714230e-04  -2.428056691065e-06   1.609578224412e-05  -1.962515360056e-05  -1.565816812092e-04  -2.881177191781e-04   9.329130874039e-05  -8.604336957273e-05  -2.909900139705e-06  -2.171018893538e-05  -1.025459081730e-05   2.803069183425e-04   4.865933671883e-04  -1.122556352069e-04   4.320308604195e-04   5.455935210088e-06   5.273267848960e-06   1.772257487133e-05
