ARMA_MAT_TXT_FN008
73 73
   3.281313702026e-01   2.805255865432e-01  -3.179305893210e-03   3.866735943575e-07  -3.670114013747e-07  -4.267671340842e-02  -5.968283046285e-04   6.436835466236e-09   2.442124344688e-08  -3.333825421827e-02  -1.319117081153e-03  -6.130851858367e-08   8.968638008144e-08  -1.898859747044e-02   3.416626617404e-03   4.625650627308e-07  -5.403946222297e-07  -2.012217752359e-07   2.464962239604e-09   1.603038781337e-04   2.045665813356e-07  -2.775088012001e-04  -4.092355105212e-05  -1.018229032614e-04   5.457515220128e-05   5.020599178373e-04  -3.816056260077e-04   4.081756109073e-03   7.738018205613e-03   4.495527475657e-07  -4.598573268862e-07   1.914410842092e-03   1.065373435259e-07  -1.091581586405e-07  -5.164011581415e-03  -3.207470011453e-07   3.278506674825e-07  -1.187768154065e-02  -8.263064617969e-07   8.415134555622e-07  -6.849427491217e-04  -5.231862599235e-07   5.237489305899e-07   1.398621491044e-02   3.967127480451e-03   1.460638858447e-07  -1.399741868527e-07  -6.830443858976e-11  -1.915175820715e-09   1.356263977477e-03   6.173519888644e-09  -2.349131638054e-03  -8.944541766362e-03  -1.297308148506e-02   3.043950685481e-03   9.427253748324e-04   5.736293937442e-04   2.112715647222e-03  -7.100539250376e-04  -8.944386310887e-03  -1.297278347348e-02   3.044247700823e-03   9.434381763749e-04   5.731105332092e-04  -1.671573359723e-03  -1.474525574376e-03  -8.944176990584e-03  -1.297243774610e-02   3.044524700904e-03   9.441665143251e-04   5.726818190915e-04  -4.414832021707e-04   2.184938446470e-03
   2.805255865432e-01   2.468818979019e-01  -4.724824876824e-03   5.502273053874e-07  -5.176790572785e-07  -7.257933033590e-02  -1.243204669129e-03   3.187851557276e-08   2.186589713501e-08  -5.454945736147e-02  -2.023938269196e-03  -1.986340793756e-07   2.459015144971e-07  -3.088771836937e-02   5.596748750090e-03   7.857933585088e-07  -9.039870743752e-07  -3.608675625874e-07   2.695950525977e-09   1.984751710404e-04   3.668977104990e-07  -3.435232593228e-04  -4.017646400588e-05  -8.719872251871e-05  -8.209799021286e-05   5.953407640348e-04  -2.619867374273e-04   7.039068539959e-03   1.293246420087e-02   7.635547566405e-07  -7.808126780477e-07   3.206185494461e-03   1.802864392776e-07  -1.846470566299e-07  -8.658154688979e-03  -5.443644714335e-07   5.561617072931e-07  -2.010975398383e-02  -1.415662504508e-06   1.441820748126e-06  -1.225906757105e-03  -8.832819526734e-07   8.835824826076e-07   2.296798564410e-02   6.530234252864e-03   2.303900764632e-07  -2.211492241818e-07  -1.169878747957e-08  -2.823437177471e-09   2.314506456473e-03   2.219437663786e-08  -4.008861749624e-03  -1.496139447016e-02  -2.145183326321e-02   4.764876077231e-03   1.530039829691e-03   9.705505933405e-04   3.493964641734e-03  -1.174271484243e-03  -1.496112216955e-02  -2.145133440228e-02   4.765353451568e-03   1.531262856246e-03   9.696861898544e-04  -2.764417150768e-03  -2.438542892158e-03  -1.496076250736e-02  -2.145075993664e-02   4.765802730264e-03   1.532472998417e-03   9.689731808337e-04  -7.301174479395e-04   3.613416754078e-03
  -3.179305893210e-03  -4.724824876824e-03   2.298068626518e-02   1.384556487040e-06  -1.414812333268e-06   1.140502963912e-02   4.243554271688e-02   1.815736538294e-06  -1.854919410220e-06  -1.900050103006e-03   2.631158277059e-02   8.948659816703e-07  -9.446094370285e-07  -1.967641036698e-02   5.482883424288e-03  -5.904924292483e-07   5.830360649450e-07   8.769640378350e-07  -1.254356903586e-07   3.403039883048e-03  -8.729966792464e-07  -5.895801998477e-03  -7.310864274487e-04  -2.085174110976e-03   3.860242894650e-03   9.060325253650e-03  -1.430658871531e-02  -1.423247960970e-03   3.640476215004e-02   5.519493506186e-07  -5.897104269044e-07   8.880031735412e-03   1.329770507690e-07  -1.420495928801e-07  -2.578988760982e-02  -3.502261767811e-07   3.756665604202e-07  -6.099508342826e-02  -1.045331179569e-06   1.112433571341e-06  -2.242202651315e-02  -6.015389697556e-07   6.274757317826e-07   2.570656969928e-02   1.044567531195e-02   1.068649857760e-07  -1.158816247422e-07  -1.707777203087e-07   2.686144912543e-09   3.728916811878e-03   1.854951642014e-07  -6.458649016666e-03   9.155985338718e-03   1.436807673927e-02   5.758558716508e-03  -6.755210574547e-05   8.441819795846e-04  -1.088849061384e-03   3.659179939318e-04   9.151342426347e-03   1.436132044290e-02   5.758286839972e-03  -6.919753921831e-05   8.448773387247e-04   8.608778471647e-04   7.593121683620e-04   9.147480106207e-03   1.435572404328e-02   5.758051560170e-03  -7.053935344886e-05   8.454424471453e-04   2.272522595212e-04  -1.124510892039e-03
   3.866735943575e-07   5.502273053874e-07   1.384556487040e-06   3.940821299738e-02   8.795102344322e-08  -1.024845940811e-06   1.512055768294e-06   6.300708029100e-02   1.654322923758e-07   1.428857273548e-07   1.628842213034e-07   4.197351056770e-02  -4.305436947775e-08  -4.112656996467e-06  -3.886435890383e-07  -4.552177160773e-03   8.550594483422e-09   3.016201170224e-03  -4.951234608761e-03  -2.921647979629e-03  -2.105066017173e-07  -1.684615677321e-03   1.443071856123e-07   4.176974552917e-07  -8.242290057031e-07  -1.701837889571e-06   2.629646309613e-06   3.188741974846e-06  -3.741624616144e-06   2.884332070561e-03   1.558541105240e-07  -8.950775632624e-07   6.635690276522e-04   3.674518456203e-08   2.703737243308e-06  -2.594067173444e-03  -1.189484507380e-07   7.016269200201e-06  -6.244248306932e-03  -2.821886532049e-07   4.439591827370e-06  -1.305156184962e-02  -2.225161186205e-07   1.054419971634e-06  -1.884580199034e-07   1.363645827613e-03  -3.440610847770e-08   4.186926613593e-03  -2.717896131014e-04  -1.604939632874e-04   5.145673984766e-08  -9.224814491979e-05   3.094203796421e-02   4.738730813139e-02   1.627333860885e-02   6.948467856458e-03  -1.354546748777e-03  -2.596806913315e-03   1.581047486888e-03  -2.448104962402e-02  -3.749204641875e-02  -1.287422322922e-02  -5.495701240146e-03   1.070950135025e-03  -8.372780541807e-04  -2.597546503401e-03  -6.465684066612e-03  -9.901971833431e-03  -3.399745521643e-03  -1.450781765129e-03   2.827012348035e-04   1.902001623018e-03   1.016554765775e-03
  -3.670114013747e-07  -5.176790572785e-07  -1.414812333268e-06   8.795102344322e-08   3.940899007502e-02   9.118517089806e-07  -1.540423102716e-06   1.654285470548e-07   6.300882755733e-02  -8.861308619416e-08  -1.792566041768e-07  -4.307016036593e-08   4.197364110668e-02   4.573017024757e-06   3.329086548899e-07   8.556914708649e-09  -4.551898575948e-03  -2.105132741624e-07  -3.374215198582e-03   4.290400722690e-03   3.013806871145e-03   2.474833247476e-03  -1.451152493950e-07  -4.200805102236e-07   8.294973402266e-07   1.710179058502e-06  -2.639821836947e-06  -3.245738709059e-06   3.759296848517e-06   1.558564634116e-07   2.885959609280e-03   8.994330000583e-07   3.674579957208e-08   6.639532322526e-04  -2.716872993379e-06  -1.189509723041e-07  -2.595319789015e-03  -7.058901364933e-06  -2.821905986522e-07  -6.247201789888e-03  -4.506529330041e-06  -2.225225850144e-07  -1.305405520960e-02  -1.281925313777e-06   1.344222997509e-07  -3.441476269583e-08   1.363223992442e-03   5.145983301282e-08  -1.852849730677e-04   2.357006618765e-04   4.187563199109e-03   1.356751850216e-04  -1.039952853479e-02  -1.592690221869e-02  -5.470240769842e-03  -2.335964420255e-03   4.552243542184e-04   1.581103187181e-03   1.576284743239e-03  -2.159589284640e-02  -3.307379555025e-02  -1.135892059843e-02  -4.849618247402e-03   9.446392281896e-04  -2.597660730924e-03  -1.838020526404e-04   3.200025701521e-02   4.900757643049e-02   1.682967095206e-02   7.183439275956e-03  -1.398958831663e-03   1.016613292292e-03  -2.923543737719e-03
  -4.267671340842e-02  -7.257933033590e-02   1.140502963912e-02  -1.024845940811e-06   9.118517089806e-07   1.902268643873e-01   5.199008658825e-03   8.970718474754e-08  -2.819546098661e-07   1.373343902032e-01   5.569515949152e-03   8.969600102550e-07  -1.051969021041e-06   7.661808056217e-02  -1.391406808706e-02  -2.090284549603e-06   2.369407936114e-06   1.021692395324e-06  -9.080862653086e-09  -2.210280595667e-04  -1.038736982166e-06   3.820912432832e-04  -1.140103340114e-05  -1.127646753933e-04   9.005812400845e-04  -3.696877560278e-04  -1.125181690042e-03  -1.909050498124e-02  -3.233346853487e-02  -2.052832489048e-06   2.119897789047e-06  -8.040862517706e-03  -4.832926774940e-07   4.998995603328e-07   2.153044999788e-02   1.462748840860e-06  -1.508430948290e-06   5.048223012852e-02   3.824235896324e-06  -3.931036720298e-06   2.651635544008e-03   2.333162931982e-06  -2.350160803000e-06  -5.717914266159e-02  -1.618967166515e-02  -5.598283434404e-07   5.398574478093e-07   6.786293299382e-08   6.310786402649e-09  -5.955298843003e-03  -9.904102387317e-08   1.031491840960e-02   3.881066535687e-02   5.505203817379e-02  -1.125129343310e-02  -3.822154569340e-03  -2.498857210476e-03  -8.927116967701e-03   3.000268591476e-03   3.880968067094e-02   5.505038734713e-02  -1.125252130167e-02  -3.825474339776e-03  -2.496615253338e-03   7.063103923870e-03   6.230478724561e-03   3.880847886854e-02   5.504855475308e-02  -1.125369730087e-02  -3.828664010698e-03  -2.494767441697e-03   1.865452741063e-03  -9.232275025354e-03
  -5.968283046285e-04  -1.243204669129e-03   4.243554271688e-02   1.512055768294e-06  -1.540423102716e-06   5.199008658825e-03   7.976769262149e-02   1.517744946973e-06  -1.544209911765e-06  -1.492637223805e-02   4.895404637007e-02   3.361559182354e-07  -3.948101660633e-07  -4.417017796994e-02   1.171145328458e-02  -7.748915695878e-07   7.327457980517e-07   1.491920475488e-06  -1.910546896379e-07   6.478971670656e-03  -1.482307328367e-06  -1.122430279999e-02  -1.770234949938e-03  -5.043399505674e-03   9.235409584870e-03   2.046057972588e-02  -3.030580833305e-02  -4.575700202009e-03   7.099388708472e-02   1.259112445013e-06  -1.347709643685e-06   1.732888680733e-02   3.024237256234e-07  -3.237471052944e-07  -5.026659725259e-02  -8.209694969017e-07   8.812356933471e-07  -1.188775377524e-01  -2.381282206356e-06   2.537334067147e-06  -4.242134041395e-02  -1.116961228735e-06   1.175956985101e-06   5.380752084724e-02   2.127234609573e-02   2.238000416422e-07  -2.398715217828e-07  -4.562867139338e-07   6.833713071654e-09   7.539641465649e-03   4.891495781711e-07  -1.305897385034e-02   1.396674168406e-02   2.235123214829e-02   1.185456980149e-02   2.005719963211e-04   1.811478537641e-03  -1.278917553475e-03   4.298140183321e-04   1.395938338328e-02   2.234063887472e-02   1.185480958750e-02   1.981091810054e-04   1.812528012161e-03   1.010762749210e-03   8.915711981437e-04   1.395328826379e-02   2.233189850226e-02   1.185499849771e-02   1.961511011889e-04   1.813377785544e-03   2.667252523800e-04  -1.319948359584e-03
   6.436835466236e-09   3.187851557276e-08   1.815736538294e-06   6.300708029100e-02   1.654285470548e-07   8.970718474754e-08   1.517744946973e-06   1.008351367302e-01   3.067977666993e-07   1.884805424057e-06  -2.759093225286e-07   6.728714966538e-02  -5.186680534738e-08  -4.711083590576e-06  -1.018475763687e-06  -7.565124958603e-03   1.356222720662e-10   4.604889223706e-03  -7.915211562616e-03  -4.670708745946e-03  -3.363828037590e-07  -2.692963009511e-03   1.820883413394e-07   5.281865717931e-07  -1.053170487577e-06  -2.340482565949e-06   3.835948812405e-06   4.232513194056e-06  -7.100558805230e-06   1.391726773887e-03   1.988333631305e-07  -1.704674400740e-06   2.931169634782e-04   4.651577726960e-08   5.120258293948e-06  -1.740306757708e-03  -1.581743709108e-07   1.310451176344e-05  -4.149012325058e-03  -3.748104503111e-07   7.531183951183e-06  -1.714538397228e-02  -3.052010583791e-07   1.683418542703e-07  -7.993187363473e-07   1.823314695552e-03  -6.117206235285e-08   6.801578649643e-03  -4.270434677702e-04  -2.523292817748e-04   8.465213554311e-08  -1.446673472472e-04   4.935748884434e-02   7.532829096089e-02   2.545724980323e-02   1.169154821629e-02  -2.162524731992e-03  -4.137090675104e-03   2.515342057816e-03  -3.905086684265e-02  -5.959813374127e-02  -2.014038444919e-02  -9.247439430259e-03   1.709705437506e-03  -1.337700428825e-03  -4.132436534999e-03  -1.031355137437e-02  -1.574017979703e-02  -5.318759309376e-03  -2.441279263313e-03   4.512848501711e-04   3.020233886027e-03   1.617184509574e-03
   2.442124344688e-08   2.186589713501e-08  -1.854919410220e-06   1.654322923758e-07   6.300882755733e-02  -2.819546098661e-07  -1.544209911765e-06   3.067977666993e-07   1.008387555458e-01  -1.803760657246e-06   2.594093310712e-07  -5.188957683455e-08   6.728774789344e-02   5.434508686159e-06   9.335033452387e-07   1.406335125664e-10  -7.564823387056e-03  -3.363939813734e-07  -5.394184578464e-03   6.858906080236e-03   4.601091536570e-03   3.956263599017e-03  -1.843267160415e-07  -5.349512654159e-07   1.067851347093e-06   2.366867658561e-06  -3.871528834655e-06  -4.337414053486e-06   7.140215091496e-06   1.988352506992e-07   1.393984302676e-03   1.714408557617e-06   4.651630135743e-08   2.936466738152e-04  -5.150245004909e-06  -1.581772305212e-07  -1.742110720357e-03  -1.319443396616e-05  -3.748104756103e-07  -4.153264578445e-03  -7.643855021242e-06  -3.052114078499e-07  -1.714909983313e-02  -5.160175907088e-07   7.192560138029e-07  -6.118598301386e-08   1.822598577458e-03   8.465832709192e-08  -2.911370871238e-04   3.705127329784e-04   6.802640596471e-03   2.129061007395e-04  -1.658915221315e-02  -2.531822810804e-02  -8.557266495296e-03  -3.930461698135e-03   7.267993226181e-04   2.515493119895e-03   2.502029472349e-03  -3.444926430612e-02  -5.257568485954e-02  -1.776946470506e-02  -8.160158680891e-03   1.508158527159e-03  -4.132750781180e-03  -2.981696832711e-04   5.104557233392e-02   7.790420449755e-02   2.632843737969e-02   1.208753707476e-02  -2.233407111910e-03   1.617347693008e-03  -4.656784080202e-03
  -3.333825421827e-02  -5.454945736147e-02  -1.900050103006e-03   1.428857273548e-07  -8.861308619416e-08   1.373343902032e-01  -1.492637223805e-02   1.884805424057e-06  -1.803760657246e-06   1.108753801263e-01  -1.192055501515e-02   2.076901542260e-06  -2.013006028562e-06   6.078212127921e-02  -1.074168126567e-02  -1.586824390990e-06   1.760981405416e-06   3.429805690136e-07  -3.497180811208e-08  -1.282524640747e-03  -3.571945862473e-07   2.220769761057e-03  -3.041293676580e-03  -8.845150286187e-03   1.785556834975e-02   3.174080830656e-02  -4.545115027058e-02  -6.583685977237e-02  -4.712762046409e-02  -4.772515347586e-06   4.672698107167e-06  -1.158498474476e-02  -1.139444557992e-06   1.115785900269e-06   3.260430756230e-02   3.337986884648e-06  -3.267997411775e-06   7.611135379583e-02   8.451125136453e-06  -8.279808737310e-06   1.479811115142e-02   4.854680143622e-06  -4.726644467325e-06  -5.022403450708e-02  -1.490129531569e-02  -7.629443355113e-07   7.382858510878e-07   4.468886502331e-07  -3.005513939660e-11  -6.419937545385e-03  -4.594791019785e-07   1.111964607651e-02   2.500275294638e-02   3.386478589573e-02  -1.099636347389e-02  -2.836591536024e-03  -2.234686815640e-03  -6.045116130324e-03   2.031632637195e-03   2.500256873079e-02   3.386474021757e-02  -1.099759999172e-02  -2.839141502448e-03  -2.233442878998e-03   4.783163610761e-03   4.219191138059e-03   2.500236092872e-02   3.386465360049e-02  -1.099868809658e-02  -2.841452511872e-03  -2.232423492547e-03   1.263381001256e-03  -6.252325153915e-03
  -1.319117081153e-03  -2.023938269196e-03   2.631158277059e-02   1.628842213034e-07  -1.792566041768e-07   5.569515949152e-03   4.895404637007e-02  -2.759093225286e-07   2.594093310712e-07  -1.192055501515e-02   3.283293209973e-02  -4.957784282268e-07   4.503137949607e-07  -2.279278470251e-02   5.687108675453e-03  -6.658019726187e-07   6.503803563570e-07   7.213328445753e-07  -7.950203619731e-08   3.723263470115e-03  -7.155059339461e-07  -6.449940596259e-03   1.076175353221e-03   3.138940292895e-03  -6.420703437926e-03  -1.029631848141e-02   1.313708043098e-02   2.948042822694e-02   4.748469440334e-02  -1.131516285193e-06   1.095303823362e-06   1.157525607829e-02  -2.701081496817e-07   2.613536760294e-07  -3.368044376466e-02   8.663281895252e-07  -8.429950277160e-07  -7.925587127425e-02   1.841199455310e-06  -1.778455022641e-06  -2.775477047087e-02   1.639931996344e-06  -1.625956194519e-06   2.976800096224e-02   1.167709111493e-02  -7.449181553426e-08   6.618600294719e-08  -3.381676713413e-07   8.473071083363e-09   4.739013396554e-03   3.586149035305e-07  -8.208127029346e-03   9.041371957939e-03   1.500002596511e-02   7.133394104970e-03   7.891232309988e-05   1.072569831527e-03  -9.927673483400e-04   3.336926527332e-04   9.037723057519e-03   1.499495634902e-02   7.134564043535e-03   7.687155746871e-05   1.073325622470e-03   7.847743193863e-04   6.923631741932e-04   9.034677881558e-03   1.499075020829e-02   7.135512209294e-03   7.522204342495e-05   1.073939625617e-03   2.071015876889e-04  -1.025160000742e-03
  -6.130851858367e-08  -1.986340793756e-07   8.948659816703e-07   4.197351056770e-02  -4.307016036593e-08   8.969600102550e-07   3.361559182354e-07   6.728714966538e-02  -5.188957683455e-08   2.076901542260e-06  -4.957784282268e-07   4.503320442698e-02  -2.350020106037e-07  -1.551815802521e-06  -1.042605344160e-06  -5.374493400773e-03   4.745604079066e-08   2.813891070709e-03  -5.271729806287e-03  -3.110886214815e-03  -2.058957242200e-07  -1.793501461663e-03   1.767679729157e-07   5.076433507121e-07  -9.737559997413e-07  -2.048507006322e-06   3.091658901347e-06   3.072465567060e-06  -5.486323977293e-06  -3.247996999848e-03   5.640206306857e-07  -1.324261998186e-06  -8.117857970266e-04   1.345999091747e-07   3.828048778316e-06   1.632431042816e-03  -4.080078911012e-07   9.753220897696e-06   4.044206895806e-03  -9.879164360200e-07   5.225721586500e-06  -7.079787668815e-03  -6.300881264223e-07  -1.115874447199e-06  -9.456406098654e-07   7.984238939567e-04  -1.884458898199e-09   4.656195936993e-03  -2.757307369669e-04  -1.630253613425e-04   2.406736796712e-08  -9.322503412588e-05   3.274786872983e-02   4.967264340897e-02   1.630442383730e-02   8.467731370675e-03  -1.436904303886e-03  -2.738741328083e-03   1.661058841730e-03  -2.590942147692e-02  -3.929975391714e-02  -1.289959633078e-02  -6.697763639098e-03   1.135995124045e-03  -8.900390880210e-04  -2.728901978124e-03  -6.842914069451e-03  -1.037938276573e-02  -3.406726036886e-03  -1.768407557265e-03   2.998414163267e-04   1.987771795313e-03   1.067911993676e-03
   8.968638008144e-08   2.459015144971e-07  -9.446094370285e-07  -4.305436947775e-08   4.197364110668e-02  -1.051969021041e-06  -3.948101660633e-07  -5.186680534738e-08   6.728774789344e-02  -2.013006028562e-06   4.503137949607e-07  -2.350020106037e-07   4.503199732952e-02   2.042682864150e-06   9.853383156663e-07   4.745776888611e-08  -5.373738922781e-03  -2.059087530468e-07  -3.592570646961e-03   4.568172355131e-03   2.811677168185e-03   2.634834312982e-03  -1.843694159417e-07  -5.294019496394e-07   1.016090962629e-06   2.125380460586e-06  -3.194213159434e-06  -3.236361466406e-06   5.470342793699e-06   5.639971540254e-07  -3.240654247627e-03   1.320636976036e-06   1.345943116533e-07  -8.100322497479e-04  -3.811583214843e-06  -4.079930478425e-07   1.627104408423e-03  -9.729485189790e-06  -9.878741955229e-07   4.031324011303e-03  -5.269593704302e-06  -6.300750330431e-07  -7.088334026518e-03   8.691215819760e-07   8.864498587602e-07  -1.896605971802e-09   7.985059899444e-04   2.407605692846e-08  -1.879957588201e-04   2.393491967262e-04   4.656582833267e-03   1.373029329362e-04  -1.100656278580e-02  -1.669527213128e-02  -5.480681814695e-03  -2.846284333673e-03   4.829402923768e-04   1.661175181857e-03   1.645540117631e-03  -2.285603095048e-02  -3.466891060596e-02  -1.138111928207e-02  -5.909183704867e-03   1.002113243787e-03  -2.729125800483e-03  -2.035957769646e-04   3.386717569952e-02   5.137078867464e-02   1.686355363522e-02   8.753738184288e-03  -1.483977236906e-03   1.068019477639e-03  -3.081794633807e-03
  -1.898859747044e-02  -3.088771836937e-02  -1.967641036698e-02  -4.112656996467e-06   4.573017024757e-06   7.661808056217e-02  -4.417017796994e-02  -4.711083590576e-06   5.434508686159e-06   6.078212127921e-02  -2.279278470251e-02  -1.551815802521e-06   2.042682864150e-06   6.190294668026e-02  -1.427104880986e-02  -2.250831415464e-06   2.328989188549e-06  -2.233335729765e-06   1.892284445419e-07  -4.151173438923e-03   2.246045672410e-06   7.192578098203e-03   5.113182905287e-03   1.447623409051e-02  -2.594710588676e-02  -4.698189298629e-02   5.434495901249e-02   3.359588692896e-02  -5.223667964789e-02  -2.559374580932e-05   2.551412627825e-05  -1.288656012562e-02  -6.126447192049e-06   6.106431193982e-06   3.435060103935e-02   1.830603054172e-05  -1.827819710829e-05   8.182577450903e-02   4.477426586499e-05  -4.470636956336e-05   2.365366677693e-02   2.898275510671e-05  -2.900969595706e-05  -5.840778960940e-02  -2.060003620205e-02  -2.974573610255e-06   2.975294415496e-06   7.117123699538e-07   2.131149999721e-08  -6.641413091668e-03  -6.851239403345e-07   1.150350479723e-02   8.127614454173e-03   1.080179670928e-02  -1.160524586805e-02  -1.706609477811e-03  -2.107282895674e-03  -3.113122950710e-03   1.046522252494e-03   8.135573063624e-03   1.081607526379e-02  -1.159842782102e-02  -1.712079103542e-03  -2.106966530259e-03   2.463786821505e-03   2.174007208618e-03   8.142672331500e-03   1.082863061492e-02  -1.159265982957e-02  -1.716491645145e-03  -2.106727167150e-03   6.507696113362e-04  -3.222022079927e-03
   3.416626617404e-03   5.596748750090e-03   5.482883424288e-03  -3.886435890383e-07   3.329086548899e-07  -1.391406808706e-02   1.171145328458e-02  -1.018475763687e-06   9.335033452387e-07  -1.074168126567e-02   5.687108675453e-03  -1.042605344160e-06   9.853383156663e-07  -1.427104880986e-02   3.501948414709e-03   6.294014256031e-07  -6.525570374154e-07   4.570307864166e-07   4.652402813259e-10   1.117978265947e-03  -4.578079258589e-07  -1.936475362024e-03  -1.814453561212e-03  -5.147092503618e-03   9.318430941907e-03   1.661360636044e-02  -1.932651448164e-02  -1.467480791883e-02   1.206994042594e-02   5.615736888208e-06  -5.625344499156e-06   2.982705774934e-03   1.343883619356e-06  -1.346057645772e-06  -7.769529772487e-03  -4.038320286101e-06   4.049414357451e-06  -1.862610981565e-02  -9.872996573871e-06   9.900460520298e-06  -5.809976748701e-03  -6.090161164560e-06   6.112134070312e-06   1.385139184858e-02   5.058245836518e-03   6.173566642484e-07  -6.194488501122e-07  -3.025811602439e-07  -2.098348734629e-09   1.513134864204e-03   3.028369986138e-07  -2.620849431748e-03  -8.783147958147e-04  -1.157178346566e-03   2.669715456159e-03   3.223538027343e-04   4.716871870900e-04   5.429457888908e-04  -1.824845867045e-04  -8.787896851460e-04  -1.158345018299e-03   2.668906371345e-03   3.238575892986e-04   4.715855398808e-04  -4.296960657182e-04  -3.790608322178e-04  -8.792606433494e-04  -1.159422485171e-03   2.668220328498e-03   3.250917751321e-04   4.715042103580e-04  -1.135139220246e-04   5.618194029763e-04
   4.625650627308e-07   7.857933585088e-07  -5.904924292483e-07  -4.552177160773e-03   8.556914708649e-09  -2.090284549603e-06  -7.748915695878e-07  -7.565124958603e-03   1.406335125664e-10  -1.586824390990e-06  -6.658019726187e-07  -5.374493400773e-03   4.745776888611e-08  -2.250831415464e-06   6.294014256031e-07   1.370927226551e-03   3.666080081783e-08   2.921112441608e-04   5.690478739553e-04   3.357367538125e-04   3.718843943697e-08   1.937005106426e-04  -6.737097709839e-08  -1.933596226372e-07   3.738963473902e-07   7.407718914548e-07  -1.055853697333e-06  -1.131789384456e-06  -1.863989427102e-08   9.496533602991e-03   2.165436369493e-07  -2.009545884899e-09   2.276887603958e-03   5.189941242086e-08   1.072235663276e-07  -6.775322552549e-03  -1.574951425819e-07   1.132170816484e-07  -1.646144617820e-02  -3.773544256324e-07   2.024070499480e-07  -9.452532379832e-03  -2.623783337867e-07   1.418009151830e-06   4.515292988452e-07   8.934080399125e-04   3.574660897530e-08  -7.998026301122e-04   9.301229755721e-06   5.523787904552e-06  -6.378869490766e-09   3.092836754614e-06  -3.239640298741e-03  -4.189958263867e-03  -2.282043678053e-04  -2.516931204151e-03   1.470359196248e-04   2.564039638709e-04  -1.458286799126e-04   2.562262859259e-03   3.313698427510e-03   1.808920175446e-04   1.991537627918e-03  -1.162813082142e-04   9.393155193169e-05   2.394358053974e-04   6.763653734004e-04   8.746672007817e-04   4.795478543295e-05   5.259637030054e-04  -3.069549644992e-05  -1.585899092400e-04  -9.361971993763e-05
  -5.403946222297e-07  -9.039870743752e-07   5.830360649450e-07   8.550594483422e-09  -4.551898575948e-03   2.369407936114e-06   7.327457980517e-07   1.356222720662e-10  -7.564823387056e-03   1.760981405416e-06   6.503803563570e-07   4.745604079066e-08  -5.373738922781e-03   2.328989188549e-06  -6.525570374154e-07   3.666080081783e-08   1.371199579929e-03   3.718400865020e-08   3.877814407134e-04  -4.930299395104e-04   2.925123378458e-04  -2.844973394334e-04   7.351621093815e-08   2.110072701460e-07  -4.063179196245e-07  -8.031562937570e-07   1.132266428704e-06   1.178001054661e-06  -6.733554318425e-08   2.164764116025e-07   9.498422503784e-03  -1.952138145460e-08   5.188327584140e-08   2.277340495500e-03  -5.860473244170e-08  -1.574478719659e-07  -6.776689617899e-03   6.155919753797e-09  -3.772398155432e-07  -1.646471805336e-02  -1.784132416275e-07  -2.623027375183e-07  -9.454890635640e-03  -1.508239808597e-06  -4.835216989634e-07   3.573906118539e-08   8.937621531910e-04  -6.377474093425e-09   6.365728344693e-06  -8.139756408001e-06  -7.998447305343e-04  -4.574293615735e-06   1.089133413699e-03   1.408707358459e-03   7.651660170129e-05   8.459991106003e-04  -4.942989098785e-05  -1.459060347716e-04  -1.284697229792e-04   2.261094190437e-03   2.924399704285e-03   1.590568617003e-04   1.757039811072e-03  -1.026023604072e-04   2.395915441588e-04   3.383541271340e-05  -3.349095660738e-03  -4.331326118514e-03  -2.362561136635e-04  -2.603603978820e-03   1.519593789008e-04  -9.369810174965e-05   2.861959877229e-04
  -2.012217752359e-07  -3.608675625874e-07   8.769640378350e-07   3.016201170224e-03  -2.105132741624e-07   1.021692395324e-06   1.491920475488e-06   4.604889223706e-03  -3.363939813734e-07   3.429805690136e-07   7.213328445753e-07   2.813891070709e-03  -2.059087530468e-07  -2.233335729765e-06   4.570307864166e-07   2.921112441608e-04   3.718400865020e-08   7.163350995137e-04  -3.811216060080e-04  -2.248326969431e-04  -3.833347168111e-08  -1.298645406494e-04  -3.991989679050e-08  -1.139646517826e-07   2.102486010079e-07   4.147389529055e-07  -5.627343152790e-07  -2.038826931757e-07   5.033052234394e-07   7.559244275365e-03  -4.531698615190e-08   1.244190844209e-07   1.804902069174e-03  -1.073565292738e-08  -3.323640638735e-07  -5.565423970028e-03   3.360056099691e-08  -7.853065022093e-07  -1.350117034490e-02   8.624175564832e-08  -4.380701814989e-08  -9.306195218640e-03   8.485426408668e-08   1.597291132320e-06   5.365386014537e-07   9.009684774730e-04  -9.912559571657e-09   8.079777378003e-05  -3.754661207612e-05  -2.206457853167e-05  -1.394550781570e-08  -1.294258014064e-05   2.622729547249e-03   4.601394796966e-03   2.497475655619e-03  -7.675828246240e-04  -1.108231848601e-04  -2.319343552634e-04   1.489450586723e-04  -2.074063366933e-03  -3.638978741644e-03  -1.975229542515e-03   6.076497974654e-04   8.759893268556e-05  -6.605545371460e-05  -2.446430190888e-04  -5.476530435719e-04  -9.609097928642e-04  -5.215499899685e-04   1.605436467307e-04   2.313698401330e-05   1.919218909342e-04   9.570623713566e-05
   2.464962239604e-09   2.695950525977e-09  -1.254356903586e-07  -4.951234608761e-03  -3.374215198582e-03  -9.080862653086e-09  -1.910546896379e-07  -7.915211562616e-03  -5.394184578464e-03  -3.497180811208e-08  -7.950203619731e-08  -5.271729806287e-03  -3.592570646961e-03   1.892284445419e-07   4.652402813259e-10   5.690478739553e-04   3.877814407134e-04  -3.811216060080e-04   9.109857600094e-04  -2.817081226474e-07  -2.594946926912e-04  -2.217973510271e-07   5.978273601995e-09   1.683759373010e-08  -2.881451531890e-08  -4.408641992691e-08   3.257153068140e-08  -1.971354807786e-08   4.904498604952e-08  -4.032412826685e-04  -2.747713374445e-04   1.117181621199e-08  -9.334464981190e-05  -6.360468531679e-05  -3.903587922539e-08   3.497816253784e-04   2.383627032073e-04  -1.145695843812e-07   8.432064191278e-04   5.746034179194e-04  -1.079852505481e-07   1.677208701143e-03   1.143018345830e-03  -1.047117692897e-07  -2.231087569494e-08  -1.749076890112e-04  -1.191390878055e-04  -5.249706768267e-04   5.012174538435e-05  -2.629850572093e-08  -3.578178978978e-04  -8.460078860396e-09  -2.998049099505e-03  -4.593490640485e-03  -1.580581741802e-03  -6.684759650166e-04   1.312306100722e-04   1.909553995652e-04  -3.338545709094e-04   4.926240942806e-03   7.547753486794e-03   2.597165455680e-03   1.098311847356e-03  -2.154762491064e-04   3.277529360684e-04   3.422663182516e-04  -1.928116422377e-03  -2.954158685303e-03  -1.016598204381e-03  -4.299003419189e-04   8.427375749438e-05  -3.262733975629e-04   1.226369621377e-04
   1.603038781337e-04   1.984751710404e-04   3.403039883048e-03  -2.921647979629e-03   4.290400722690e-03  -2.210280595667e-04   6.478971670656e-03  -4.670708745946e-03   6.858906080236e-03  -1.282524640747e-03   3.723263470115e-03  -3.110886214815e-03   4.568172355131e-03  -4.151173438923e-03   1.117978265947e-03   3.357367538125e-04  -4.930299395104e-04  -2.248326969431e-04  -2.817081226474e-07   1.233930652923e-03   3.299107169396e-04  -5.588291087385e-04  -3.361926795310e-04  -9.648268741666e-04   1.826221924043e-03   3.698823235097e-03  -5.280773991186e-03  -3.195608804434e-03   5.482953635319e-03  -2.380551923077e-04   3.494799667653e-04   1.339567112145e-03  -5.510724832852e-05   8.089923392640e-05  -3.889500047746e-03   2.064857277446e-04  -3.031631355536e-04  -9.230584166821e-03   4.977406394847e-04  -7.307854062423e-04  -3.306203413717e-03   9.898627674540e-04  -1.453537106600e-03   4.797548591535e-03   1.890295475085e-03  -1.032266027341e-04   1.515073445119e-04  -3.098105036161e-04  -2.051883220476e-08   6.548094414814e-04   4.550073322054e-04  -1.047299499052e-03  -2.420961503926e-03  -3.671852929842e-03  -8.042550827440e-04  -7.353225668977e-04   3.065934907478e-04   2.995932273857e-04   7.641129601910e-05   4.694920144500e-04   7.568855963506e-04   7.199434659574e-04  -9.094765472440e-05   1.800896764279e-04  -1.693510616565e-04   2.182103497076e-04   4.969758051687e-03   7.652048766681e-03   3.092954316422e-03   9.123309193138e-04  -1.660308482105e-05  -1.679126908633e-05  -4.611550584106e-04
   2.045665813356e-07   3.668977104990e-07  -8.729966792464e-07  -2.105066017173e-07   3.013806871145e-03  -1.038736982166e-06  -1.482307328367e-06  -3.363828037590e-07   4.601091536570e-03  -3.571945862473e-07  -7.155059339461e-07  -2.058957242200e-07   2.811677168185e-03   2.246045672410e-06  -4.578079258589e-07   3.718843943697e-08   2.925123378458e-04  -3.833347168111e-08  -2.594946926912e-04   3.299107169396e-04   7.159109014089e-04   1.905272739608e-04   3.835335293281e-08   1.094365942928e-07  -2.015475757812e-07  -3.979472919464e-07   5.392751257519e-07   1.847754473596e-07  -4.823360162486e-07  -4.531084748117e-08   7.558798358296e-03  -1.193043389957e-07  -1.073418717736e-08   1.804796602829e-03   3.169428203845e-07   3.359603121693e-08  -5.565090532162e-03   7.490187765935e-07   8.623061896430e-08  -1.350031272262e-02   2.429222968794e-08   8.484474402627e-08  -9.305324804496e-03  -1.598486358586e-06  -5.352745527785e-07  -9.912113323868e-09   9.008658363457e-04  -1.394484431593e-08  -2.556056949060e-05   3.241297803604e-05   8.064226067709e-05   1.891430517357e-05  -8.812879267271e-04  -1.546158133736e-03  -8.393441055252e-04   2.580159539760e-04   3.720866775815e-05   1.489172581092e-04   1.610937107798e-04  -1.829080303445e-03  -3.209147889615e-03  -1.742293968256e-03   5.361309821207e-04   7.716672097449e-05  -2.445848753982e-04  -4.602562658719e-06   2.709365238137e-03   4.753824359027e-03   2.580952764666e-03  -7.947661976775e-04  -1.142851089596e-04   9.567589590652e-05  -2.624274457881e-04
  -2.775088012001e-04  -3.435232593228e-04  -5.895801998477e-03  -1.684615677321e-03   2.474833247476e-03   3.820912432832e-04  -1.122430279999e-02  -2.692963009511e-03   3.956263599017e-03   2.220769761057e-03  -6.449940596259e-03  -1.793501461663e-03   2.634834312982e-03   7.192578098203e-03  -1.936475362024e-03   1.937005106426e-04  -2.844973394334e-04  -1.298645406494e-04  -2.217973510271e-07  -5.588291087385e-04   1.905272739608e-04   1.878613536196e-03   5.823896147982e-04   1.671374397375e-03  -3.163538485699e-03  -6.407248633841e-03   9.147221598104e-03   5.534950083120e-03  -9.496418282338e-03  -1.370345668296e-04   2.013912361008e-04  -2.320124772903e-03  -3.172057623782e-05   4.661775027839e-05   6.736517176015e-03   1.188750887882e-04  -1.747091079784e-04   1.598690145309e-02   2.866184545933e-04  -4.212107502103e-04   5.725453018719e-03   5.703778199008e-04  -8.380920373917e-04  -8.311057158614e-03  -3.274439386160e-03  -5.950443081497e-05   8.738211433245e-05  -1.785411599627e-04  -1.847105548343e-08  -1.047379336937e-03   2.623600720303e-04   1.864193006191e-03  -3.719702661332e-03  -5.764080686505e-03  -2.779002922954e-03  -4.909493972379e-04  -1.847253928931e-04   3.235170361425e-04  -6.568741194235e-06  -2.052342189354e-03  -3.209559780752e-03  -1.900607351657e-03  -1.190353553864e-04  -2.577943112966e-04  -2.167843973395e-04   2.075769566271e-05   5.446981901982e-04   7.693750970933e-04  -5.318636461996e-04   4.600870746817e-04  -3.713784647134e-04  -4.105994785988e-05  -1.105093168617e-04
  -4.092355105212e-05  -4.017646400588e-05  -7.310864274487e-04   1.443071856123e-07  -1.451152493950e-07  -1.140103340114e-05  -1.770234949938e-03   1.820883413394e-07  -1.843267160415e-07  -3.041293676580e-03   1.076175353221e-03   1.767679729157e-07  -1.843694159417e-07   5.113182905287e-03  -1.814453561212e-03  -6.737097709839e-08   7.351621093815e-08  -3.991989679050e-08   5.978273601995e-09  -3.361926795310e-04   3.835335293281e-08   5.823896147982e-04   1.857084082846e-01   3.137820668501e-01  -6.503840000713e-02  -8.913429251718e-02   1.702084360543e-02   2.403016884827e-02   1.506141831367e-03   8.597036923898e-08  -8.854117646244e-08   3.867797457285e-04   2.248035066013e-08  -2.317228694013e-08  -1.188532469923e-03  -6.354325988479e-08   6.551512482297e-08  -2.231267318323e-03  -1.454526971522e-07   1.494190992029e-07  -1.893882689257e-05  -1.181345641176e-07   1.211811272700e-07  -5.014367010571e-03  -2.022798571891e-03   2.165867083255e-08  -2.156123589179e-08  -6.321929577892e-10   2.401938229111e-10  -1.850903393845e-05   7.035178763142e-10   3.205949399667e-05  -2.709900132103e-04   1.004133601999e-04  -3.527298480676e-04   8.850253005868e-06  -5.541065684268e-05  -7.078723934258e-05   2.379289184371e-05  -2.710737255317e-04   1.001684656451e-04  -3.527310711556e-04   8.705725171624e-06  -5.530227759571e-05   5.597624798917e-05   4.938212832102e-05  -2.711415785243e-04   9.997236975904e-05  -3.527309842276e-04   8.580908929688e-06  -5.521276875729e-05   1.477736985564e-05  -7.314032745706e-05
  -1.018229032614e-04  -8.719872251871e-05  -2.085174110976e-03   4.176974552917e-07  -4.200805102236e-07  -1.127646753933e-04  -5.043399505674e-03   5.281865717931e-07  -5.349512654159e-07  -8.845150286187e-03   3.138940292895e-03   5.076433507121e-07  -5.294019496394e-07   1.447623409051e-02  -5.147092503618e-03  -1.933596226372e-07   2.110072701460e-07  -1.139646517826e-07   1.683759373010e-08  -9.648268741666e-04   1.094365942928e-07   1.671374397375e-03   3.137820668501e-01   5.495283041647e-01  -1.837884406947e-01  -2.445773008328e-01   5.015620550035e-02   6.941345123296e-02   4.399331351603e-03   2.494148789705e-07  -2.568962643700e-07   1.095596063698e-03   6.352660287060e-08  -6.547633738920e-08  -3.438699372877e-03  -1.830621753571e-07   1.887184996854e-07  -6.653453748254e-03  -4.290299725760e-07   4.407341514387e-07  -1.250183470092e-04  -3.432782322832e-07   3.521474733478e-07  -1.415079580529e-02  -5.733269618885e-03   6.264602789535e-08  -6.251080599145e-08  -2.788510662746e-09   7.207787206006e-10  -4.317400472939e-05   3.021192923617e-09   7.478249814664e-05  -7.887107712512e-04   2.725858492330e-04  -9.906271572216e-04   2.663743862763e-05  -1.555077229742e-04  -1.995163333707e-04   6.706106591230e-05  -7.889580779156e-04   2.718718666701e-04  -9.906304162838e-04   2.622137318351e-05  -1.551980402046e-04   1.577692236105e-04   1.391834830669e-04  -7.891587368147e-04   2.713004558313e-04  -9.906312851349e-04   2.586265491442e-05  -1.549423033899e-04   4.164975272482e-05  -2.061441593866e-04
   5.457515220128e-05  -8.209799021286e-05   3.860242894650e-03  -8.242290057031e-07   8.294973402266e-07   9.005812400845e-04   9.235409584870e-03  -1.053170487577e-06   1.067851347093e-06   1.785556834975e-02  -6.420703437926e-03  -9.737559997413e-07   1.016090962629e-06  -2.594710588676e-02   9.318430941907e-03   3.738963473902e-07  -4.063179196245e-07   2.102486010079e-07  -2.881451531890e-08   1.826221924043e-03  -2.015475757812e-07  -3.163538485699e-03  -6.503840000713e-02  -1.837884406947e-01   3.059636067282e-01   3.960209753707e-01  -1.058483834991e-01  -1.361817578229e-01  -9.907922162758e-03  -5.418163414724e-07   5.581950480598e-07  -2.388472897006e-03  -1.334104637276e-07   1.374958641915e-07   7.140223761769e-03   3.693892946061e-07  -3.807136362277e-07   1.462181777756e-02   9.094564493924e-07  -9.342520587477e-07   9.670170026379e-04   6.959263119235e-07  -7.139144062080e-07   2.497320491792e-02   1.027414053171e-02  -1.269129863370e-07   1.273000406054e-07   1.273000845626e-08  -1.608877953529e-09   5.626939564128e-06  -1.339236950608e-08  -9.753911671073e-06   1.596515888818e-03  -3.931739992263e-04   1.700919435745e-03  -5.642593917887e-05   2.692800095330e-04   3.451089725547e-04  -1.159975555193e-04   1.597046776086e-03  -3.917279371181e-04   1.700926783478e-03  -5.561622806529e-05   2.687043473219e-04  -2.728814670255e-04  -2.407346887049e-04   1.597478469574e-03  -3.905699860544e-04   1.700932395192e-03  -5.492166981473e-05   2.682291164721e-04  -7.203533798703e-05   3.565342808276e-04
   5.020599178373e-04   5.953407640348e-04   9.060325253650e-03  -1.701837889571e-06   1.710179058502e-06  -3.696877560278e-04   2.046057972588e-02  -2.340482565949e-06   2.366867658561e-06   3.174080830656e-02  -1.029631848141e-02  -2.048507006322e-06   2.125380460586e-06  -4.698189298629e-02   1.661360636044e-02   7.407718914548e-07  -8.031562937570e-07   4.147389529055e-07  -4.408641992691e-08   3.698823235097e-03  -3.979472919464e-07  -6.407248633841e-03  -8.913429251718e-02  -2.445773008328e-01   3.960209753707e-01   5.366143312981e-01  -2.275181602164e-01  -2.620808615049e-01  -1.403173100256e-02  -8.570262829092e-07   8.823863164317e-07  -3.295627577355e-03  -2.068072252473e-07   2.129523400424e-07   1.199534725941e-02   6.712045563848e-07  -6.923544070851e-07   2.421323555735e-02   1.676722918411e-06  -1.723358403397e-06   1.577585691050e-03   1.319696461218e-06  -1.354680298075e-06   4.420509412105e-02   1.841683338378e-02  -2.372465194329e-07   2.389961362660e-07  -8.592516988696e-09  -2.915310362484e-09   3.825702813760e-04   8.843527272760e-09  -6.626435690143e-04   3.162340957725e-03  -2.606780090501e-04   3.521168370653e-03  -1.161317401626e-05   5.828403276978e-04   6.498142345474e-04  -2.184046041958e-04   3.163319938757e-03  -2.580069248215e-04   3.521354270156e-03  -1.007351710380e-05   5.818347679233e-04  -5.138815215517e-04  -4.533164750896e-04   3.164110888040e-03  -2.558751821206e-04   3.521504184289e-03  -8.750718364192e-06   5.810046678974e-04  -1.356738225744e-04   6.714537792068e-04
