ARMA_MAT_TXT_FN008
73 73
   1.000000000000e+00   8.784438346368e-01  -2.467898442669e-16   5.710159247840e-22   1.802694210533e-21   3.291794955376e-01   1.747062692340e-18   3.863860194414e-22  -1.368215846518e-26   1.537612665257e-01  -1.656669494838e-17  -7.618778371323e-23   7.758100878060e-23   6.556249676812e-02   5.263419993919e-18   4.613334239807e-23  -2.895949971457e-23   0.000000000000e+00   0.000000000000e+00   0.000000000000e+00   0.000000000000e+00   0.000000000000e+00   0.000000000000e+00   0.000000000000e+00   1.545314555815e-08   1.232680831624e-06   1.765470564534e-03   2.537723607919e-02   4.103419466715e-08  -5.373188996264e-14   1.870266265875e-14   3.574990851838e-06  -4.681242476588e-12   1.629417817321e-12   5.752838589014e-04  -7.533007350214e-10   2.622042429085e-10   2.257280515744e-02  -2.955777474631e-08   1.028828672150e-08   8.203472643237e-02  -1.074197003142e-07   3.738998236015e-08   4.111178884142e-02   5.981793004035e-02  -7.832809832854e-08   2.726395815891e-08  -1.325324314779e-08  -6.040594624513e-15  -2.921765390946e-03   4.613106590889e-09   5.060646104899e-03   1.225193929403e-02   7.525468910327e-02   7.963022616872e-02   4.894578678219e-02  -2.859236050378e-02  -8.102354855158e-02   2.723069675520e-02   1.225284524234e-02   7.525674126451e-02   7.963095732846e-02   4.894594762539e-02  -2.857460715832e-02   6.410933712735e-02   5.655147556870e-02   1.225341266697e-02   7.525802654737e-02   7.963141525210e-02   4.894604836063e-02  -2.855982551105e-02   1.693293134566e-02  -8.380129733207e-02
   8.784438346368e-01   1.000000000000e+00   5.904216818381e-16   2.455886658132e-21   1.320148528769e-22   4.187995882560e-01  -2.601385034618e-16   3.795131502463e-23   9.980904000110e-22   1.871454501484e-01   4.471142034387e-19   2.353642433454e-22   9.981511824433e-24   7.831571041382e-02  -4.773489243265e-19   4.192843322892e-25   5.553237426203e-23   0.000000000000e+00   0.000000000000e+00   0.000000000000e+00  -4.199006568771e-38   0.000000000000e+00  -1.861236581575e-11  -1.039628198767e-10  -2.766093790424e-09  -7.161005664994e-08   1.529430732331e-03   2.974459314245e-02  -6.356102237574e-09   8.322945991530e-15  -2.896999366947e-15  -1.892492245274e-07   2.478108463029e-13  -8.625646082440e-14   2.343509819950e-04  -3.068689730439e-10   1.068130469125e-10   2.520418640823e-02  -3.300341536297e-08   1.148762391477e-08   9.897541637208e-02  -1.296025479396e-07   4.511125023732e-08   4.898107224154e-02   7.173384338329e-02  -9.393129341353e-08   3.269502143020e-08  -1.131077137528e-08  -5.155250228695e-15  -2.493534599846e-03   3.936983076330e-09   4.318928617351e-03   1.115874138163e-02   9.022208645417e-02   9.567382604802e-02   5.833281574150e-02  -3.443230763265e-02  -9.757248789753e-02   3.279252608761e-02   1.115971351153e-02   9.022463754717e-02   9.567471602735e-02   5.833300837228e-02  -3.441106676517e-02   7.720388483164e-02   6.810230463298e-02   1.116032239285e-02   9.022623531559e-02   9.567527341939e-02   5.833312901592e-02  -3.439335265783e-02   2.039159094571e-02  -1.009182486501e-01
  -2.467898442669e-16   5.904216818381e-16   1.000000000000e+00   2.401401327089e-36  -3.787768520686e-37  -2.289119801914e-16   6.291202128136e-01  -6.237083977447e-38  -5.392712832984e-37  -3.810736199006e-16   2.202302509580e-01   4.926375318386e-37   0.000000000000e+00  -1.752991007199e-16   5.734990148843e-02   1.211037483594e-37  -1.243016914172e-37  -1.759574443488e-21   0.000000000000e+00   1.065314024713e-18   2.147404370962e-22  -1.845178016819e-18  -4.032096253524e-08  -2.161127960741e-07  -4.953645955940e-06  -1.071119146388e-04  -1.661636882056e-02  -6.271117093596e-02  -1.104478631682e-05   1.501388281861e-11  -5.225939116413e-12  -2.734633215829e-04   3.757305629318e-10  -1.307819615871e-10  -1.108992746560e-02   1.566766004085e-08  -5.453501832891e-09  -9.829579298401e-02   1.505140257922e-07  -5.238998761740e-08  -6.718329406954e-02   1.550355847482e-07  -5.396382378630e-08  -2.800493085437e-02  -2.258644968894e-03   5.256176784797e-08  -1.829537381789e-08   1.402403032895e-07   7.011653138160e-14   2.791925974532e-02  -4.881397407402e-08  -4.835757638843e-02   3.478006543531e-02   5.615066832245e-02   2.111980838797e-02   4.831771334567e-03   5.479884493404e-02  -1.154132870115e-01   3.878852847493e-02   3.475868902016e-02   5.611404171055e-02   2.110569481669e-02   4.828515174033e-03   5.485653539043e-02   9.125729889469e-02   8.049895912443e-02   3.474084540502e-02   5.608391099416e-02   2.109415087751e-02   4.825857107019e-03   5.490306988657e-02   2.408995080042e-02  -1.192214796440e-01
   5.710159247840e-22   2.455886658132e-21   2.401401327089e-36   1.000000000000e+00   0.000000000000e+00   2.785968021905e-21  -6.237083977447e-38   6.291202128136e-01  -6.087337081552e-42  -1.107070117244e-21   4.926375318386e-37   2.202302509580e-01   0.000000000000e+00  -6.515088409134e-22   1.211037483594e-37   5.734990148843e-02  -4.619741377235e-43  -1.845178016819e-18   2.147404370962e-22   1.015890778607e-21   0.000000000000e+00   1.759574443488e-21   5.279795399191e-14   2.829871299379e-13   6.486511105615e-12   1.402568189225e-10   2.175816799348e-08   8.211662891137e-08   1.501388281861e-11   4.210785674392e-07   6.843063153360e-18   3.757305629318e-10   1.347616765588e-05   1.712513679408e-16   1.566766004085e-08   8.752167446721e-04   7.141043287748e-15   1.505140257922e-07   1.664938833711e-02   6.860163998920e-14   1.550355847482e-07   5.121493032394e-02   7.066248686416e-14   3.667082722798e-08   5.256176784797e-08   3.788194594311e-02   2.395672732906e-14   1.038414913379e-02   4.732912143708e-09  -3.655864589625e-08   7.011653138160e-14   9.051631013446e-08   9.855794592589e-02   1.591168522244e-01   5.984821785164e-02   1.369202305856e-02  -1.154132870115e-01  -2.315252045704e-01   1.099169206305e-01  -7.798380219725e-02  -1.258961845973e-01  -4.735225568679e-02  -1.083314655567e-02   9.125729889470e-02  -1.092113505732e-01  -1.806056293378e-01  -2.059761709349e-02  -3.325177929021e-02  -1.250658231318e-02  -2.861218708970e-03   2.408995080042e-02   8.125146642438e-02   7.068562547624e-02
   1.802694210533e-21   1.320148528769e-22  -3.787768520686e-37   0.000000000000e+00   1.000000000000e+00  -1.811742413777e-21  -5.392712832984e-37  -6.087337081552e-42   6.291202128136e-01   4.204522613379e-23   0.000000000000e+00   0.000000000000e+00   2.202302509580e-01   8.139735615793e-22  -1.243016914172e-37  -4.619741377235e-43   5.734990148843e-02   0.000000000000e+00  -1.759574443488e-21   2.479608983268e-22  -1.845178016819e-18   0.000000000000e+00  -1.837758402449e-14  -9.850040323684e-14  -2.257784513534e-12  -4.881972273304e-11  -7.573448027558e-09  -2.858264636273e-08  -5.225939116413e-12   6.843063153360e-18   4.210785674565e-07  -1.307819615871e-10   1.712513679408e-16   1.347616765631e-05  -5.453501832891e-09   7.141043287748e-15   8.752167446901e-04  -5.238998761740e-08   6.860163998920e-14   1.664938833729e-02  -5.396382378630e-08   7.066248686416e-14   5.121493032412e-02  -1.276415386727e-08  -1.829537381789e-08   2.395672732906e-14   3.788194594317e-02   7.011653138160e-14  -1.359743899320e-08   2.092275078663e-08   1.038414913396e-02  -2.677344310886e-08  -3.312372250168e-02  -5.347658586945e-02  -2.011401254069e-02  -4.601666238249e-03   3.878852847493e-02   1.099169206305e-01   5.858569432153e-02  -6.879027739674e-02  -1.110542602134e-01  -4.176988954471e-02  -9.556024913468e-03   8.049895912443e-02  -1.806056293378e-01  -6.378255385353e-02   1.019378747334e-01   1.645634879299e-01   6.189523843450e-02   1.416020858219e-02  -1.192214796440e-01   7.068562547624e-02  -2.542898406221e-01
   3.291794955376e-01   4.187995882560e-01  -2.289119801914e-16   2.785968021905e-21  -1.811742413777e-21   1.000000000000e+00   0.000000000000e+00   0.000000000000e+00   0.000000000000e+00   7.746967835845e-01  -2.625368590150e-16   0.000000000000e+00   1.001498638210e-21   4.100964372946e-01   7.622953462239e-17   2.907925972839e-22   0.000000000000e+00   1.860429337326e-36   0.000000000000e+00   0.000000000000e+00   0.000000000000e+00   0.000000000000e+00   1.466014075010e-04   4.913083883640e-04   2.195822753215e-03   6.260468127053e-03   5.290490914389e-02   1.875688051776e-01   2.111702357593e-03  -2.765151348343e-09   9.624767136317e-10   5.452664976340e-03  -7.139947472794e-09   2.485228587301e-09   4.792548601549e-02  -6.275563494979e-08   2.184359178912e-08   2.059406084551e-01  -2.696672422137e-07   9.386409941555e-08   4.518827147311e-01  -5.917141179669e-07   2.059601764697e-07   2.651022811011e-01   3.563610587973e-01  -4.666340683322e-07   1.624230893640e-07  -2.366968760867e-07  -1.078822640907e-13  -5.218139688401e-02   8.238797907368e-08   9.038083061275e-02   1.905736885165e-01   4.296762960752e-01   4.648781077210e-01   3.145842909388e-01  -1.240834681876e-01  -3.516212978574e-01   1.181741988076e-01   1.905798166989e-01   4.296840228000e-01   4.648817468222e-01   3.145852646823e-01  -1.240028122142e-01   2.782098822545e-01   2.454116680076e-01   1.905836548376e-01   4.296888620645e-01   4.648840259803e-01   3.145858745326e-01  -1.239364052002e-01   7.348107360356e-02  -3.636587884064e-01
   1.747062692340e-18  -2.601385034618e-16   6.291202128136e-01  -6.237083977447e-38  -5.392712832984e-37   0.000000000000e+00   1.000000000000e+00   0.000000000000e+00   0.000000000000e+00  -4.784212339775e-16   6.534608721805e-01   0.000000000000e+00  -6.184848375159e-37   2.532588849439e-16   2.263653730943e-01   1.795816843080e-37   0.000000000000e+00  -2.625495947260e-21   0.000000000000e+00   3.973659471137e-16   0.000000000000e+00  -6.882580095987e-16  -6.835564151642e-04  -2.262884619119e-03  -9.568826612519e-03  -2.464011814902e-02  -1.327889098103e-01  -2.411831080503e-01  -8.347482380952e-03   1.211279906592e-08  -4.216147895426e-09  -1.788177748164e-02   2.646787337964e-08  -9.212773037728e-09  -1.317886227378e-01   1.994010716232e-07  -6.940628701048e-08  -3.367597743661e-01   5.562651367816e-07  -1.936213151870e-07  -1.969620619095e-01   5.109011967504e-07  -1.778313165872e-07  -1.126381032809e-01   9.516285100359e-04   1.982660283603e-07  -6.901120819857e-08   5.720347533151e-07   3.068490520818e-13   1.037983949461e-01  -1.991103054029e-07  -1.797840937899e-01   1.239062340159e-01   1.562284179730e-01   7.358019386153e-02   1.968848965683e-02   2.066680597344e-01  -1.930787196312e-01   6.489061708786e-02   1.238263338183e-01   1.561254348707e-01   7.353094438495e-02   1.967521843045e-02   2.067659199826e-01   1.526643406805e-01   1.346667134470e-01   1.237604222858e-01   1.560409286269e-01   7.349067680490e-02   1.966438544970e-02   2.068446108634e-01   4.029958009307e-02  -1.994431457140e-01
   3.863860194414e-22   3.795131502463e-23  -6.237083977447e-38   6.291202128136e-01  -6.087337081552e-42   0.000000000000e+00   0.000000000000e+00   1.000000000000e+00   0.000000000000e+00   0.000000000000e+00   0.000000000000e+00   6.534608721805e-01   0.000000000000e+00   9.661059758908e-22   1.795816843080e-37   2.263653730943e-01   0.000000000000e+00  -6.882580095987e-16   0.000000000000e+00   1.515830791907e-21   0.000000000000e+00   2.625495947260e-21   8.950773466078e-10   2.963115721874e-09   1.252982159845e-08   3.226480080306e-08   1.738793498462e-07   3.158152445229e-07   1.211279906592e-08   9.028707181094e-04   5.520800313516e-15   2.646787337964e-08   2.331318864664e-03   1.206359016253e-14   1.994010716232e-07   2.049082240173e-02   9.088349379373e-14   5.562651367815e-07   8.805111401088e-02   2.535358445911e-13   5.109011967504e-07   1.932051028353e-01   2.328597603117e-13   1.474930413569e-07   1.982660283603e-07   1.523642590589e-01   9.036616108085e-14   7.728570756753e-02   3.522546326798e-08  -1.359179577126e-07   3.068490520818e-13   4.378190813731e-07   3.511190608521e-01   4.427119896973e-01   2.085077378968e-01   5.579222105171e-02  -1.930787196312e-01  -2.723329488099e-01   1.838836658297e-01  -2.778139393489e-01  -3.502794660596e-01  -1.649723503371e-01  -4.414287148108e-02   1.526643406805e-01  -6.770325608174e-02  -3.021351679262e-01  -7.337673449946e-02  -9.251563286093e-02  -4.357213542506e-02  -1.165888386277e-02   4.029958009307e-02   2.509222980865e-01   1.182485198459e-01
  -1.368215846518e-26   9.980904000110e-22  -5.392712832984e-37  -6.087337081552e-42   6.291202128136e-01   0.000000000000e+00   0.000000000000e+00   0.000000000000e+00   1.000000000000e+00   1.825032173071e-21  -6.184848375159e-37   0.000000000000e+00   6.534608721805e-01   0.000000000000e+00   0.000000000000e+00   0.000000000000e+00   2.263653730943e-01   0.000000000000e+00  -2.625495947260e-21   0.000000000000e+00  -6.882580095987e-16   0.000000000000e+00  -3.115529656362e-10  -1.031382923690e-09  -4.361302509425e-09  -1.123053154451e-08  -6.052284454832e-08  -1.099270095452e-07  -4.216147895426e-09   5.520800313516e-15   9.028707181234e-04  -9.212773037728e-09   1.206359016253e-14   2.331318864694e-03  -6.940628701048e-08   9.088349379373e-14   2.049082240196e-02  -1.936213151870e-07   2.535358445911e-13   8.805111401152e-02  -1.778313165872e-07   2.328597603117e-13   1.932051028359e-01  -5.133846211124e-08  -6.901120819857e-08   9.036616108085e-14   1.523642590592e-01   3.068490520818e-13  -1.012011364773e-07   1.083217709623e-07   7.728570756831e-02  -1.171678843354e-07  -1.180054051194e-01  -1.487882986718e-01  -7.007605916159e-02  -1.875085799027e-02   6.489061708786e-02   1.838836658297e-01   2.130032058004e-01  -2.450624028841e-01  -3.089849553075e-01  -1.455237295789e-01  -3.893886023398e-02   1.346667134470e-01  -3.021351679262e-01   8.294580618693e-03   3.631424128240e-01   4.578610695915e-01   2.156390645902e-01   5.769996778466e-02  -1.994431457140e-01   1.182485198459e-01  -3.103978096168e-01
   1.537612665257e-01   1.871454501484e-01  -3.810736199006e-16  -1.107070117244e-21   4.204522613379e-23   7.746967835845e-01  -4.784212339775e-16   0.000000000000e+00   1.825032173071e-21   1.000000000000e+00  -3.388898270627e-16   0.000000000000e+00   0.000000000000e+00   7.744077347687e-01   0.000000000000e+00   0.000000000000e+00   0.000000000000e+00   0.000000000000e+00   0.000000000000e+00   0.000000000000e+00   0.000000000000e+00   0.000000000000e+00   2.691829615941e-03   8.605552657101e-03   3.132245857469e-02   6.370209537945e-02   1.970280269230e-01   3.953591424035e-01   9.678612435349e-03  -1.267357974454e-08   4.411340952380e-09   1.546701905662e-02  -2.025316136314e-08   7.049594663643e-09   1.074858778438e-01  -1.407465019769e-07   4.899016857034e-08   2.946767135091e-01  -3.858620078513e-07   1.343084520327e-07   6.171124691991e-01  -8.080728660218e-07   2.812689862092e-07   5.337090320914e-01   5.925284296183e-01  -7.758814968404e-07   2.700640142877e-07  -1.874062784162e-07  -8.541647847075e-14  -4.131495757049e-02   6.523121386179e-08   7.155960562443e-02   2.681711560837e-01   5.826098542761e-01   7.595069312946e-01   6.308975982829e-01  -6.953585985637e-02  -1.970471139101e-01   6.622432985590e-02   2.681743836560e-01   5.826152703484e-01   7.595111576632e-01   6.308992805495e-01  -6.948955609320e-02   1.559051837083e-01   1.375254928935e-01   2.681764050817e-01   5.826186624222e-01   7.595138046202e-01   6.309003341435e-01  -6.945165111443e-02   4.117742385046e-02  -2.037876058799e-01
  -1.656669494838e-17   4.471142034387e-19   2.202302509580e-01   4.926375318386e-37   0.000000000000e+00  -2.625368590150e-16   6.534608721805e-01   0.000000000000e+00  -6.184848375159e-37  -3.388898270627e-16   1.000000000000e+00   0.000000000000e+00   0.000000000000e+00   0.000000000000e+00   6.530545656898e-01   0.000000000000e+00   0.000000000000e+00   0.000000000000e+00   0.000000000000e+00   0.000000000000e+00  -1.452033764520e-21   0.000000000000e+00  -6.903077402993e-03  -2.198764924806e-02  -7.866355738166e-02  -1.547362675083e-01  -4.013707572879e-01  -5.655862386469e-01  -1.680871315566e-02   3.188446833880e-08  -1.109814778168e-08  -2.435150956323e-02   4.766684284439e-08  -1.659157871324e-08  -1.578165226248e-01   3.163121567814e-07  -1.100999716790e-07  -3.178451659474e-01   7.168385590206e-07  -2.495127150650e-07  -1.989648567626e-01   8.901312050576e-07  -3.098313433940e-07  -3.412906910036e-01   8.275606242730e-02   4.961526155102e-07  -1.726977219971e-07   2.568464132091e-07   1.836170836086e-13   2.443354350154e-02  -8.940150485493e-08  -4.232013875314e-02   1.189219496719e-01   1.995588936788e-01   1.557237348898e-01   6.198446809940e-02   2.517742008651e-01  -8.177602659968e-02   2.748359238751e-02   1.188428524891e-01   1.994256155851e-01   1.556191519913e-01   6.194266027405e-02   2.518161063603e-01   6.465800468232e-02   5.703546060458e-02   1.187780844057e-01   1.993165878673e-01   1.555337101559e-01   6.190853862926e-02   2.518497209036e-01   1.706793144153e-02  -8.446941456132e-02
  -7.618778371323e-23   2.353642433454e-22   4.926375318386e-37   2.202302509580e-01   0.000000000000e+00   0.000000000000e+00   0.000000000000e+00   6.534608721805e-01   0.000000000000e+00   0.000000000000e+00   0.000000000000e+00   1.000000000000e+00   0.000000000000e+00   0.000000000000e+00   0.000000000000e+00   6.530545656898e-01   0.000000000000e+00   0.000000000000e+00  -1.452033764520e-21   0.000000000000e+00   0.000000000000e+00   0.000000000000e+00   9.039178139839e-09   2.879154713568e-08   1.030053506249e-07   2.026181375418e-07   5.255716492002e-07   7.406022656438e-07   3.188446833880e-08   7.540951104800e-03   1.453237867177e-14   4.766684284439e-08   1.205090453018e-02   2.172570679059e-14   3.163121567814e-07   8.374606945893e-02   1.441695057289e-13   7.168385590206e-07   2.295931057414e-01   3.267223801734e-13   8.901312050576e-07   4.808142683150e-01   4.057061137732e-13   4.469002987151e-07   4.961526155102e-07   4.616599689078e-01   2.261376169416e-13   1.115092665810e-01   5.082395824037e-08  -3.199430332364e-08   1.836170836086e-13   3.474455496906e-07   3.369948543358e-01   5.654996448702e-01   4.412818449462e-01   1.756483715233e-01  -8.177602659968e-02   4.889943926100e-02   7.788157895837e-02  -2.666331142608e-01  -4.474267642786e-01  -3.491435813345e-01  -1.389731403155e-01   6.465800468232e-02   1.355700387323e-01  -1.279634590199e-01  -7.042273937678e-02  -1.181734845370e-01  -9.221490638965e-02  -3.670516242874e-02   1.706793144153e-02   2.705177800220e-01   5.008135631016e-02
   7.758100878060e-23   9.981511824433e-24   0.000000000000e+00   0.000000000000e+00   2.202302509580e-01   1.001498638210e-21  -6.184848375159e-37   0.000000000000e+00   6.534608721805e-01   0.000000000000e+00   0.000000000000e+00   0.000000000000e+00   1.000000000000e+00   0.000000000000e+00   0.000000000000e+00   0.000000000000e+00   6.530545656898e-01   0.000000000000e+00   0.000000000000e+00  -1.676664169636e-21   0.000000000000e+00   0.000000000000e+00  -3.146301006336e-09  -1.002158297198e-08  -3.585346292721e-08  -7.052606334198e-08  -1.829377165931e-07  -2.577842385272e-07  -1.109814778168e-08   1.453237867177e-14   7.540951104837e-03  -1.659157871324e-08   2.172570679059e-14   1.205090453023e-02  -1.100999716790e-07   1.441695057289e-13   8.374606945929e-02  -2.495127150650e-07   3.267223801734e-13   2.295931057422e-01  -3.098313433940e-07   4.057061137732e-13   4.808142683161e-01  -1.555542813546e-07  -1.726977219971e-07   2.261376169416e-13   4.616599689084e-01   1.836170836086e-13  -1.460148953909e-07   9.916605637577e-08   1.115092665815e-01  -7.011273154765e-08  -1.132584890508e-01  -1.900552323357e-01  -1.483076502834e-01  -5.903256060738e-02   2.748359238751e-02   7.788157895837e-02   2.544573710984e-01  -2.351996873244e-01  -3.946795406513e-01  -3.079829802417e-01  -1.225895712141e-01   5.703546060458e-02  -1.279634590199e-01   1.677574405795e-01   3.485230525644e-01   5.848421110495e-01   4.563727703762e-01   1.816543259712e-01  -8.446941456132e-02   5.008135631016e-02   3.278396014340e-02
   6.556249676812e-02   7.831571041382e-02  -1.752991007199e-16  -6.515088409134e-22   8.139735615793e-22   4.100964372946e-01   2.532588849439e-16   9.661059758908e-22   0.000000000000e+00   7.744077347687e-01   0.000000000000e+00   0.000000000000e+00   0.000000000000e+00   1.000000000000e+00   0.000000000000e+00   0.000000000000e+00   7.090834516931e-22   6.549353866764e-37   0.000000000000e+00   0.000000000000e+00   0.000000000000e+00   0.000000000000e+00   3.457843644256e-03   1.103638561790e-02   3.987276149216e-02   8.002430408828e-02   2.360222241982e-01   4.699012843877e-01   3.761894204780e-03  -4.925981540566e-09   1.714605071225e-09   6.126784125156e-03  -8.022667268313e-09   2.792480213278e-09   4.338006456282e-02  -5.680367007489e-08   1.977186880879e-08   1.300765662363e-01  -1.703276937789e-07   5.928660615520e-08   3.835433463311e-01  -5.022276920050e-07   1.748122969057e-07   7.697417722890e-01   5.412423314407e-01  -7.087253358326e-07   2.466887147094e-07  -2.614631646831e-08  -1.191703019012e-14  -5.764128953640e-03   9.100847504448e-09   9.983764209053e-03   1.766718759880e-01   4.420435897012e-01   7.702470837668e-01   9.139257619843e-01  -1.610271251401e-02  -4.563103172326e-02   1.533584753687e-02   1.766725663101e-01   4.420451664468e-01   7.702492689387e-01   9.139274303115e-01  -1.609187002899e-02   3.610335270691e-02   3.184712180844e-02   1.766729986554e-01   4.420461539543e-01   7.702506374998e-01   9.139284751747e-01  -1.608301733547e-02   9.535514433282e-03  -4.719138487752e-02
   5.263419993919e-18  -4.773489243265e-19   5.734990148843e-02   1.211037483594e-37  -1.243016914172e-37   7.622953462239e-17   2.263653730943e-01   1.795816843080e-37   0.000000000000e+00   0.000000000000e+00   6.530545656898e-01   0.000000000000e+00   0.000000000000e+00   0.000000000000e+00   1.000000000000e+00   0.000000000000e+00   0.000000000000e+00   4.608081454312e-22   0.000000000000e+00  -6.974281005387e-17   0.000000000000e+00   1.207980904759e-16  -4.867143107461e-03  -1.551724559172e-02  -5.576891782182e-02  -1.107804921534e-01  -3.081982645427e-01  -5.339927165815e-01   7.923275086597e-05   6.893494081991e-09  -2.399444621160e-09   2.998034233250e-04   1.100344127797e-08  -3.830009524147e-09   3.047905808636e-03   7.669726630327e-08  -2.669630827272e-08   2.049316506276e-02   2.151120085853e-07  -7.487485240543e-08   1.591491804241e-01   5.050064253108e-07  -1.757795011428e-07  -5.683662303087e-01   3.691768870430e-01   5.233125730641e-07  -1.821513913973e-07  -2.358100454102e-09   1.585308976108e-14  -8.707672990364e-03   8.207929655774e-10   1.508213203505e-02   4.637253512883e-02   1.059182378014e-01   1.467894740728e-01   1.120703538156e-01   1.143455166845e-01  -1.171900315749e-02   3.938566342249e-03   4.634131489167e-02   1.058468924561e-01   1.466904912385e-01   1.119946694358e-01   1.143515527234e-01   9.265817317297e-03   8.173468407609e-03   4.631582338318e-02   1.057886454500e-01   1.466097011817e-01   1.119329172559e-01   1.143563890791e-01   2.445909034297e-03  -1.210483560384e-02
   4.613334239807e-23   4.192843322892e-25   1.211037483594e-37   5.734990148843e-02  -4.619741377235e-43   2.907925972839e-22   1.795816843080e-37   2.263653730943e-01   0.000000000000e+00   0.000000000000e+00   0.000000000000e+00   6.530545656898e-01   0.000000000000e+00   0.000000000000e+00   0.000000000000e+00   1.000000000000e+00   0.000000000000e+00   1.207980904759e-16   0.000000000000e+00  -2.660477068095e-22   0.000000000000e+00  -4.608081454312e-22   6.373240659501e-09   2.031893008796e-08   7.302615245758e-08   1.450606076878e-07   4.035676920533e-07   6.992323870604e-07   6.893494081991e-09   5.343685169968e-03   3.141933097540e-15   1.100344127797e-08   8.702957522726e-03   5.015174587357e-15   7.669726630327e-08   6.162039522059e-02   3.495726211162e-14   2.151120085853e-07   1.847708043130e-01   9.804426193938e-14   5.050064253108e-07   5.448146014383e-01   2.301730273911e-13   7.442425029455e-07   5.233125730641e-07   7.688224236093e-01   2.385166468720e-13   2.836342004338e-02   1.292754692087e-08   1.140219104442e-08   1.585308976108e-14   5.453132171148e-08   1.314080854211e-01   3.001456099389e-01   4.159643999251e-01   3.175791572847e-01  -1.171900315749e-02   8.527232652509e-02   1.116090506807e-02  -1.039703175219e-01  -2.374756746350e-01  -3.291114416406e-01  -2.512686868990e-01   9.265817317297e-03   9.769290648479e-02  -1.833780736652e-02  -2.746034485616e-02  -6.272138707086e-02  -8.692392058758e-02  -6.636428512072e-02   2.445909034297e-03   1.170316033900e-01   7.176876838799e-03
  -2.895949971457e-23   5.553237426203e-23  -1.243016914172e-37  -4.619741377235e-43   5.734990148843e-02   0.000000000000e+00   0.000000000000e+00   0.000000000000e+00   2.263653730943e-01   0.000000000000e+00   0.000000000000e+00   0.000000000000e+00   6.530545656898e-01   7.090834516931e-22   0.000000000000e+00   0.000000000000e+00   1.000000000000e+00   0.000000000000e+00   4.608081454312e-22   0.000000000000e+00   1.207980904759e-16   0.000000000000e+00  -2.218358039901e-09  -7.072487033048e-09  -2.541848975777e-08  -5.049179570167e-08  -1.404713366623e-07  -2.433844680386e-07  -2.399444621159e-09   3.141933097540e-15   5.343685169976e-03  -3.830009524147e-09   5.015174587357e-15   8.702957522739e-03  -2.669630827272e-08   3.495726211162e-14   6.162039522068e-02  -7.487485240543e-08   9.804426193938e-14   1.847708043132e-01  -1.757795011428e-07   2.301730273911e-13   5.448146014389e-01  -2.590513097264e-07  -1.821513913973e-07   2.385166468720e-13   7.688224236099e-01   1.585308976108e-14  -3.714024795903e-08   1.842236421704e-08   2.836342004342e-02  -6.053376977649e-09  -4.416412005215e-02  -1.008740573915e-01  -1.397988688203e-01  -1.067331890838e-01   3.938566342249e-03   1.116090506807e-02   1.147300313368e-01  -9.171323764480e-02  -2.094796236250e-01  -2.903124331850e-01  -2.216465751334e-01   8.173468407608e-03  -1.833780736652e-02   1.023055230804e-01   1.359016036359e-01   3.104089598965e-01   4.301876128670e-01   3.284377096974e-01  -1.210483560384e-02   7.176876838799e-03   8.296330988938e-02
   0.000000000000e+00   0.000000000000e+00  -1.759574443488e-21  -1.845178016819e-18   0.000000000000e+00   1.860429337326e-36  -2.625495947260e-21  -6.882580095987e-16   0.000000000000e+00   0.000000000000e+00   0.000000000000e+00   0.000000000000e+00   0.000000000000e+00   6.549353866764e-37   4.608081454312e-22   1.207980904759e-16   0.000000000000e+00   1.000000000000e+00   0.000000000000e+00   0.000000000000e+00   0.000000000000e+00   0.000000000000e+00  -1.318638489478e-09  -4.451009567895e-09  -2.029278196720e-08  -5.713930607395e-08  -2.911966924175e-07  -2.930111315629e-07  -2.286679495311e-08  -1.452843681560e-03  -1.128936897338e-14  -5.490439139720e-08  -4.334971393585e-03  -2.761165362365e-14  -3.855611141410e-07  -3.779140086374e-02  -1.982866424706e-13  -7.304677937480e-07  -1.278549151479e-01  -4.092407788524e-13  -1.712130299972e-07  -1.180027996546e-01  -1.484623705403e-13  -4.244961178756e-08  -8.464994858657e-10  -4.385158505003e-02  -2.655734423188e-14  -1.394950976632e-01  -7.303844651615e-08   2.254308849941e-07  -6.428463030615e-13  -8.101299441967e-07   2.048221966779e-01   1.320582584836e-01   2.385944150459e-02   2.343524095345e-03   2.678055479620e-01  -1.739582639189e-01   1.030606400759e-01  -1.619516576387e-01  -1.044156425902e-01  -1.886493079970e-02  -1.852943559091e-03  -2.120100092512e-01  -5.923087239458e-02  -1.692227207699e-01  -4.275151970467e-02  -2.756299956051e-02  -4.979812166922e-03  -4.891235506857e-04  -5.602139927244e-02   1.191620264898e-01   6.619333590022e-02
   0.000000000000e+00   0.000000000000e+00   0.000000000000e+00   2.147404370962e-22  -1.759574443488e-21   0.000000000000e+00   0.000000000000e+00   0.000000000000e+00  -2.625495947260e-21   0.000000000000e+00   0.000000000000e+00  -1.452033764520e-21   0.000000000000e+00   0.000000000000e+00   0.000000000000e+00   0.000000000000e+00   4.608081454312e-22   0.000000000000e+00   1.000000000000e+00   0.000000000000e+00   0.000000000000e+00   0.000000000000e+00  -6.010121811236e-16  -2.028691707355e-15  -9.249092339174e-15  -2.604308856857e-14  -1.327223197581e-13  -1.335493091392e-13  -1.128936897338e-14  -6.621805421679e-10   1.902414253898e-09  -2.761165362365e-14  -1.975803552798e-09   5.676392769602e-09  -1.982866424706e-13  -1.722465440079e-08   4.948564018967e-08  -4.092407788524e-13  -5.827401674800e-08   1.674185709672e-07  -1.484623705403e-13  -5.378359616000e-08   1.545177990643e-07  -1.934778483403e-14  -2.655734423188e-14  -1.998677953582e-08   5.742109871320e-08  -7.303844651615e-08   2.075341278756e-02   2.684000621951e-13   2.098360988967e-07  -4.648825444755e-13  -1.950678792586e-01  -1.257692029418e-01  -2.272317517381e-02  -2.231917647037e-03   1.030606400759e-01   1.656737901095e-01   2.778671599151e-01   3.205155248337e-01   2.066470635350e-01   3.733523499777e-02   3.667126264643e-03  -1.692227207699e-01   1.172227220685e-01   3.738985491960e-02  -1.254430918278e-01  -8.087637372437e-02  -1.461194921855e-02  -1.435204430338e-03   6.619333590022e-02   3.496496296416e-01   1.156465773738e-01
   0.000000000000e+00   0.000000000000e+00   1.065314024713e-18   1.015890778607e-21   2.479608983268e-22   0.000000000000e+00   3.973659471137e-16   1.515830791907e-21   0.000000000000e+00   0.000000000000e+00   0.000000000000e+00   0.000000000000e+00  -1.676664169636e-21   0.000000000000e+00  -6.974281005387e-17  -2.660477068095e-22   0.000000000000e+00   0.000000000000e+00   0.000000000000e+00   1.000000000000e+00   0.000000000000e+00   0.000000000000e+00  -2.907026045446e-04  -9.812545929493e-04  -4.473678433013e-03  -1.259673915945e-02  -6.419624301582e-02  -6.459624816474e-02  -4.621736829734e-03   6.051895420050e-09  -3.253436526899e-09  -1.085263893914e-02   1.421089912968e-08  -8.368633678651e-09  -7.409006818835e-02   9.701663267705e-08  -6.360292373086e-08  -1.241279371528e-01   1.625383101700e-07  -1.575088836393e-07  -3.680574436802e-03   4.819498036740e-09  -9.483346211754e-08  -9.358298583743e-03   1.247224578810e-02  -1.633168004658e-08  -2.893348784193e-08   2.254308849941e-07   2.684000621951e-13   7.045114718241e-02  -2.049728831137e-07  -8.607900099227e-02  -1.505659765164e-01  -9.707678644278e-02  -1.753921287606e-02  -1.722738060760e-03   2.938275606281e-03   8.326333050114e-03  -2.216847201836e-01   3.750587541191e-02   2.418129051066e-02   4.368870035318e-03   4.291173754307e-04  -9.636310621081e-02   2.161980680427e-01  -2.638516017705e-01   3.302978457489e-01   2.129514796224e-01   3.847398273396e-02   3.778964027772e-03  -2.508106384929e-01   1.487039660211e-01  -6.235158092617e-02
   0.000000000000e+00  -4.199006568771e-38   2.147404370962e-22   0.000000000000e+00  -1.845178016819e-18   0.000000000000e+00   0.000000000000e+00   0.000000000000e+00  -6.882580095987e-16   0.000000000000e+00  -1.452033764520e-21   0.000000000000e+00   0.000000000000e+00   0.000000000000e+00   0.000000000000e+00   0.000000000000e+00   1.207980904759e-16   0.000000000000e+00   0.000000000000e+00   0.000000000000e+00   1.000000000000e+00   0.000000000000e+00   4.589834985276e-10   1.549279775886e-09   7.063385557515e-09   1.988869490352e-08   1.013579367749e-07   1.019894954875e-07   7.959332016653e-09  -1.128936897338e-14  -1.452843681588e-03   1.911077967851e-08  -2.761165362365e-14  -4.334971393655e-03   1.342037188181e-07  -1.982866424706e-13  -3.779140086424e-02   2.542566944705e-07  -4.092407788524e-13  -1.278549151489e-01   5.959476848938e-08  -1.484623705403e-13  -1.180027996550e-01   1.477559731865e-08   2.946442854693e-10  -2.655734423188e-14  -4.385158505010e-02  -6.428463030615e-13   2.098360988967e-07  -2.049728831137e-07  -1.394950976649e-01   2.089465546917e-07  -6.883740870618e-02  -4.438263264287e-02  -8.018770196747e-03  -7.876203291469e-04  -9.000508859805e-02   1.030606400759e-01   9.805640644578e-02  -1.428591468989e-01  -9.210606325881e-02  -1.664094063405e-02  -1.634499701720e-03  -1.870161102223e-01  -1.692227207699e-01  -1.666528564960e-02   2.115778267233e-01   1.364096431021e-01   2.464515514409e-02   2.420678810207e-03   2.772506331924e-01   6.619333590022e-02  -1.950545952927e-01
   0.000000000000e+00   0.000000000000e+00  -1.845178016819e-18   1.759574443488e-21   0.000000000000e+00   0.000000000000e+00  -6.882580095987e-16   2.625495947260e-21   0.000000000000e+00   0.000000000000e+00   0.000000000000e+00   0.000000000000e+00   0.000000000000e+00   0.000000000000e+00   1.207980904759e-16  -4.608081454312e-22   0.000000000000e+00   0.000000000000e+00   0.000000000000e+00   0.000000000000e+00   0.000000000000e+00   1.000000000000e+00   5.035116809623e-04   1.699582810143e-03   7.748638342681e-03   2.181819223380e-02   1.111911545581e-01   1.118839837993e-01   8.005083008283e-03  -1.428701885739e-08   4.310756279411e-09   1.879732203873e-02  -3.596678485297e-08   1.054329161566e-08   1.283277624380e-01  -2.670090173548e-07   7.571418660945e-08   2.149958937864e-01  -6.163617533243e-07   1.562653556092e-07   6.374941925205e-03  -3.173832135949e-07   5.668918232469e-08   1.620904861939e-02  -2.160256338954e-02  -8.655489781271e-08   1.014071191065e-08  -8.101299441967e-07  -4.648825444755e-13  -8.607900099227e-02   2.089465546917e-07   1.698466159698e-01  -2.540674574815e-01  -1.638089353427e-01  -2.959595072371e-02  -2.906975992389e-03   2.669254277280e-01   4.360019930436e-03  -1.278394393538e-01  -1.455832378282e-01  -9.386237566097e-02  -1.695825623071e-02  -1.665666945177e-03   2.094713826773e-01   1.250661741775e-01  -1.521194161454e-01   2.337974874057e-02   1.507352273586e-02   2.723336106930e-03   2.674895722333e-04   1.202001471661e-01   8.589484778921e-02  -3.619949822458e-02
   0.000000000000e+00  -1.861236581575e-11  -4.032096253524e-08   5.279795399191e-14  -1.837758402449e-14   1.466014075010e-04  -6.835564151642e-04   8.950773466078e-10  -3.115529656362e-10   2.691829615941e-03  -6.903077402993e-03   9.039178139839e-09  -3.146301006336e-09   3.457843644256e-03  -4.867143107461e-03   6.373240659501e-09  -2.218358039901e-09  -1.318638489478e-09  -6.010121811236e-16  -2.907026045446e-04   4.589834985276e-10   5.035116809623e-04   1.000000000000e+00   7.245384183819e-01   2.285975824102e-01   1.171681753233e-01   3.816266561976e-02   1.658025694500e-02  -6.876050065459e-17   8.283694465390e-22   1.527876421393e-21   3.261894614176e-17  -3.771754986132e-22   1.417059960014e-22  -8.275680642741e-19   4.563053156141e-23   1.521816952138e-22  -4.148556549211e-18  -3.338188643513e-24  -4.312746232432e-23   3.626339688792e-19  -3.889791534122e-25   3.889032793029e-25   6.106805140501e-03  -1.822012995479e-20   1.398859803304e-25  -1.399132746751e-25   0.000000000000e+00   2.468606931478e-48   0.000000000000e+00   0.000000000000e+00   0.000000000000e+00   0.000000000000e+00   3.981373763486e-05   1.397101770120e-03   2.395941545191e-03  -1.187750626681e-07  -5.446392777060e-08   1.830443866120e-08   0.000000000000e+00   3.985289915477e-05   1.397535575352e-03   2.396202311375e-03  -1.190303341821e-07   4.318937027978e-08   3.809760673360e-08   0.000000000000e+00   3.988491466923e-05   1.397890005255e-03   2.396415324959e-03  -1.192392628245e-07   1.142816560212e-08  -5.655753786296e-08
   0.000000000000e+00  -1.039628198767e-10  -2.161127960741e-07   2.829871299379e-13  -9.850040323684e-14   4.913083883640e-04  -2.262884619119e-03   2.963115721874e-09  -1.031382923690e-09   8.605552657101e-03  -2.198764924806e-02   2.879154713568e-08  -1.002158297198e-08   1.103638561790e-02  -1.551724559172e-02   2.031893008796e-08  -7.072487033048e-09  -4.451009567895e-09  -2.028691707355e-15  -9.812545929493e-04   1.549279775886e-09   1.699582810143e-03   7.245384183819e-01   1.000000000000e+00   5.916177003156e-01   3.419347414953e-01   1.194150207184e-01   5.261249985216e-02   1.117890337204e-16   5.730757250245e-21  -1.204769517520e-21  -4.216956251877e-16  -3.098856099147e-21   2.038286480353e-22   0.000000000000e+00   2.750435197832e-22   1.252142074032e-22  -1.348668658802e-18   8.370227795012e-23  -8.274233239971e-23  -2.635408401395e-18   4.021314089043e-23  -1.792369107665e-23   1.947705891000e-02   8.488346346341e-19   0.000000000000e+00   6.476094319413e-24   0.000000000000e+00   0.000000000000e+00   0.000000000000e+00   0.000000000000e+00   0.000000000000e+00   0.000000000000e+00   1.324879023931e-04   4.470320298568e-03   7.650163013709e-03  -4.800470677860e-07  -2.201240583594e-07   7.398010920300e-08   0.000000000000e+00   1.326171440387e-04   4.471704750397e-03   7.650994873715e-03  -4.810573251680e-07   1.745484719105e-07   1.539702708263e-07   0.000000000000e+00   1.327228015151e-04   4.472835881913e-03   7.651674399959e-03  -4.818841450670e-07   4.618488642427e-08  -2.285671693584e-07
   1.545314555815e-08  -2.766093790424e-09  -4.953645955940e-06   6.486511105615e-12  -2.257784513534e-12   2.195822753215e-03  -9.568826612519e-03   1.252982159845e-08  -4.361302509425e-09   3.132245857469e-02  -7.866355738166e-02   1.030053506249e-07  -3.585346292721e-08   3.987276149216e-02  -5.576891782182e-02   7.302615245758e-08  -2.541848975777e-08  -2.029278196720e-08  -9.249092339174e-15  -4.473678433013e-03   7.063385557515e-09   7.748638342681e-03   2.285975824102e-01   5.916177003156e-01   1.000000000000e+00   8.514542739284e-01   3.940464990159e-01   1.849868896425e-01   1.321378799947e-16  -3.634886946315e-21   9.705437648929e-22   6.402815411800e-16   0.000000000000e+00  -4.884960488739e-21   0.000000000000e+00   0.000000000000e+00   0.000000000000e+00   0.000000000000e+00   0.000000000000e+00   0.000000000000e+00   0.000000000000e+00   0.000000000000e+00   0.000000000000e+00   7.012983079624e-02   6.844576432741e-18  -5.221997400468e-23   0.000000000000e+00   0.000000000000e+00   0.000000000000e+00   0.000000000000e+00  -5.323655942349e-37   0.000000000000e+00   0.000000000000e+00   5.769641842736e-04   1.633979024775e-02   2.769083895415e-02  -4.543400004252e-06  -2.083361642638e-06   7.001839007531e-07   0.000000000000e+00   5.775060984889e-04   1.634478926608e-02   2.769383706046e-02  -4.552160549778e-06   1.651721377650e-06   1.456993493342e-06   0.000000000000e+00   5.779491089718e-04   1.634887357423e-02   2.769628613967e-02  -4.559329306433e-06   4.369766225846e-07  -2.162579957055e-06
   1.232680831624e-06  -7.161005664994e-08  -1.071119146388e-04   1.402568189225e-10  -4.881972273304e-11   6.260468127053e-03  -2.464011814902e-02   3.226480080306e-08  -1.123053154451e-08   6.370209537945e-02  -1.547362675083e-01   2.026181375418e-07  -7.052606334198e-08   8.002430408828e-02  -1.107804921534e-01   1.450606076878e-07  -5.049179570167e-08  -5.713930607395e-08  -2.604308856857e-14  -1.259673915945e-02   1.988869490352e-08   2.181819223380e-02   1.171681753233e-01   3.419347414953e-01   8.514542739284e-01   1.000000000000e+00   6.716826254521e-01   3.524762004540e-01  -1.381646449847e-16   1.054112586858e-21  -6.039386903359e-22  -7.328605881909e-16   5.591282563712e-21  -5.591282563712e-21   0.000000000000e+00   2.942440551426e-21  -2.942440551426e-21   0.000000000000e+00  -1.151067417837e-21   0.000000000000e+00   0.000000000000e+00   0.000000000000e+00  -2.795534097552e-22   1.398221906004e-01   0.000000000000e+00   1.041141989868e-22  -1.041141989868e-22   0.000000000000e+00   0.000000000000e+00   0.000000000000e+00   0.000000000000e+00   0.000000000000e+00   9.797999988616e-08   1.607596656648e-03   3.352299352604e-02   5.578086200443e-02  -4.034197608166e-05  -1.849868501080e-05   6.217106605298e-06   9.821675804336e-08   1.609002645276e-03   3.353300841940e-02   5.578685040117e-02  -4.040839859068e-05   1.466192043514e-05   1.293336937026e-05   9.841056535394e-08   1.610151962148e-03   3.354119075453e-02   5.579174217093e-02  -4.046273911252e-05   3.878042117502e-06  -1.919227647997e-05
