ARMA_MAT_TXT_FN008
141 141
  -7.383728026099e+02  -1.160578028552e+03  -5.826550350337e+02  -3.461327692074e+02  -1.701211499643e+02  -1.039874957093e+02  -4.980485433693e+01  -2.850328856540e+01  -9.361619864638e+00  -4.435219913498e+00   9.618422166117e-04  -2.889937613004e-04  -1.363559946815e-08  -1.879496822367e-04   5.611412272751e-05   2.719609769208e-09  -3.091162115153e-04   9.257614076871e-05   4.429867183183e-09  -9.576721259644e-06   2.820659438201e-06   1.466964505210e-10   2.693178883064e-04  -8.079907945236e-05  -3.829008373094e-09   4.712779118488e-05  -1.417990784123e-05  -6.650552747633e-10  -3.987562663585e-04   1.197717091367e-04   5.653031829041e-09  -5.130372547533e-04   1.543909451452e-04   7.190681386231e-09  -3.874650978895e-04   1.166260668284e-04   5.344213086426e-09   1.612216682332e-05  -2.401130453002e-10   1.840544978222e-05   4.500851286593e-10  -2.613785679691e-05   3.353192618906e-06  -4.525333646317e-11   3.366651769385e-06   9.398868142670e-11  -4.738318404320e-06  -1.843080080762e-05   2.784868200332e-10  -2.024015997193e-05  -5.663141935680e-10   2.865820973969e-05   1.184323533685e-06  -1.156357161393e-10   1.266434232525e-06   1.181451104478e-10  -1.413125936874e-06   5.044536612284e-05  -8.446972595738e-10   5.410650177899e-05   1.555195706260e-09  -7.622035155631e-05  -1.065254589317e-03  -5.175141273441e-01  -1.730279486790e+00  -1.465827620483e+00  -9.512585513722e-02   2.905477426435e-02   8.657372361992e-07   2.906901646411e-08   4.863126040657e-07   2.385548954826e-05  -2.358948015446e-07   3.757736848973e-09   1.462355661786e-05   3.298694183706e-05  -1.604347066229e-07   4.775609351658e-09  -5.744958309244e-05  -3.974596841310e-04   8.008595157038e-05  -4.746859977163e-09  -7.318492134515e-02  -2.863263549276e-01   5.487818207323e-02  -5.522160320636e-06   5.135379138398e-07  -5.710242006400e-10   1.195417935536e-06   1.363260433841e-09   6.641485859575e-07  -7.735893301867e-06  -4.480760703842e-06  -3.573424128045e-03  -1.676448115747e-01   6.350818273059e-06   4.754769440847e-06   3.920417814978e-09   1.623637537057e-08  -5.471231832257e-08  -8.749824966066e-07  -5.329237955130e-06  -4.458857189122e-10  -3.402004746873e-07   1.244303251485e-06  -7.618660798053e-06  -3.633052129434e-10  -3.207107212057e-04  -1.980475909869e-03  -2.426682485491e-04   5.316481644479e-09  -1.231444195866e-01  -4.204582691374e-01  -5.098822127619e-02   1.129916609724e-06   2.279749524525e-06   1.318894456049e-09   6.206043576705e-07   1.324098553487e-09   5.642625295828e-06   1.626846991275e-06  -1.751881073668e-06  -2.008434269023e-02  -3.072839711920e-01  -2.976265108505e-06   8.795101242863e-07   2.191267581627e-10   1.381760288340e-06   1.140562646093e-06  -3.808233587598e-04  -7.636978156240e-02  -2.789588956572e-07  -1.883161599501e-06  -1.752380092558e-07   1.383539253987e-06   1.141729280394e-06  -3.803538756198e-04  -7.633639042631e-02  -2.791043261603e-07  -1.883685900978e-06   1.750243178770e-07
  -1.160578028552e+03  -9.088042901071e+02  -5.968268092924e+02  -3.989433751041e+02  -2.118984714314e+02  -1.326816603308e+02  -6.458839947349e+01  -3.716913354278e+01  -1.225986922932e+01  -5.810136842414e+00   9.811987120237e-04  -2.972716601569e-04  -1.353130511411e-08   4.667252761392e-04  -1.418252258784e-04  -6.348556231223e-09   3.662636303639e-04  -1.107746088734e-04  -5.057825935775e-09   6.535686450914e-05  -1.995322766186e-05  -8.684021846139e-10  -1.785471273451e-04   5.354404117528e-05   2.541540371214e-09  -1.345450685362e-05   4.115153389476e-06   1.826896464705e-10   3.155235458243e-04  -9.480276820914e-05  -4.462600174221e-09   3.887570793232e-04  -1.170629659452e-04  -5.436362829619e-09   2.880498005015e-04  -8.672832746134e-05  -3.953036520929e-09   9.924589749334e-05  -1.589895199032e-09   1.016775099777e-04   3.184585758327e-09  -1.425937573397e-04   2.668137068800e-05  -4.196283626669e-10   2.772719408783e-05   8.514404542246e-10  -3.896737529706e-05  -6.693967751335e-06   1.010559220013e-10  -6.027669518282e-06  -2.251576273400e-10   8.348219213169e-06  -6.055428587147e-07   7.387907215291e-11  -6.591617138347e-07  -8.543420031930e-11   7.028504915985e-07  -3.121662938397e-05   5.078320890406e-10  -3.377843819662e-05  -9.731438132122e-10   4.774960221653e-05  -2.036141433227e-04  -6.782258511212e-01  -2.266706630435e+00  -1.919760763861e+00  -1.254573862976e-01   3.832095428404e-02   1.141134856410e-06  -3.080703769970e-08  -4.107428521913e-07  -1.919276027309e-05   1.953791133944e-07  -3.025363190097e-09  -1.197957122052e-05  -2.626563947453e-05   1.108357234482e-07  -3.831056169986e-09  -6.712812766203e-05  -4.558067027710e-04   8.446495929755e-05  -1.107706183521e-08  -9.573306829116e-02  -3.748603476409e-01   7.184555778567e-02  -7.233108636178e-06  -4.598622874045e-07   4.671517682240e-10  -1.041367263401e-06  -1.099410659955e-09  -4.110737195396e-07   6.170793530044e-06   3.582698070347e-06  -4.641759092330e-03  -2.194887208587e-01  -5.195213143084e-06  -3.700647144017e-06  -3.090499981447e-09  -1.135681280282e-08   4.247880948435e-08   6.461083878865e-07   4.279758858608e-06   3.523672381517e-10   2.474336390041e-07  -1.011230024027e-06   6.069118014165e-06   2.871165500573e-10  -4.045467310726e-04  -2.532419466209e-03  -3.051370556025e-04   6.820360035440e-09  -1.612012867792e-01  -5.505663666220e-01  -6.678381013601e-02   1.478773159174e-06  -1.902312483877e-06  -1.051757464008e-09  -4.830031445335e-07  -1.041882211980e-09  -4.406217728507e-06  -1.270783164897e-06   1.841005277485e-06  -2.620464047846e-02  -4.023357039445e-01   2.641275099071e-06  -6.726417189425e-07  -1.804331290727e-10  -1.086098270446e-06  -8.871656725918e-07  -4.906699829421e-04  -9.996384001699e-02   2.103634792671e-07   1.519779628079e-06   1.374224036648e-07  -1.087486317553e-06  -8.880794473023e-07  -4.900571468522e-04  -9.992012210585e-02   2.104815668326e-07   1.520203113264e-06  -1.372342896261e-07
  -5.826550350337e+02  -5.968268092924e+02  -4.581064631727e+02  -3.556477543855e+02  -2.212129539261e+02  -1.476519338556e+02  -7.543915513206e+01  -4.412629864161e+01  -1.472642305870e+01  -6.993291180293e+00   1.435385398385e-03  -4.384490924669e-04  -1.925341219413e-08   2.108119865674e-03  -6.401863528900e-04  -2.885942304232e-08   1.541527760474e-03  -4.668258123849e-04  -2.129943032157e-08   4.877770315926e-04  -1.484765063241e-04  -6.630916031450e-09  -3.117983500364e-04   9.272232839899e-05   4.550911262846e-09  -2.520592305028e-05   7.332080831396e-06   3.939209513477e-10   7.158343944392e-04  -2.150575183625e-04  -1.014318167394e-08   9.023503886047e-04  -2.715564400841e-04  -1.264468260982e-08   6.774141916877e-04  -2.038375865418e-04  -9.338834729733e-09   3.993041922988e-04  -6.651695263202e-09   4.111258878403e-04   1.279733741410e-08  -5.760137478753e-04   9.502763824175e-05  -1.560104331190e-09   9.864737813431e-05   3.016796877273e-09  -1.384112833325e-04   4.653538809716e-05  -7.379231525529e-10   5.023735016630e-05   1.439188344320e-09  -7.087940093238e-05   2.077377395975e-06   1.315675050903e-10   2.077237609231e-06  -9.452064504329e-11  -3.528559402751e-06  -8.700198758190e-05   1.446442841947e-09  -9.333463196288e-05  -2.658831135453e-09   1.315305764088e-04   1.054883892015e-04  -8.204387191418e-01  -2.730279320831e+00  -2.312427492505e+00  -1.552886680489e-01   4.743349141834e-02   1.412173969742e-06  -5.224154250540e-08  -8.575861176140e-07  -4.192638225332e-05   4.196833185900e-07  -6.607860137574e-09  -2.575679305702e-05  -5.790119086165e-05   2.779356997994e-07  -8.400858935252e-09  -8.113009860353e-05  -5.404563578735e-04   9.675438739482e-05  -1.555314919031e-08  -1.154945541677e-01  -4.520584189653e-01   8.664006455927e-02  -8.724103831064e-06  -9.180339511451e-07   1.003482146031e-09  -2.128633191383e-06  -2.392351220976e-09  -1.119617563417e-06   1.358869772684e-05   7.889686544778e-06  -5.605047163349e-03  -2.645151764196e-01  -1.118831189435e-05  -8.321072011284e-06  -6.881869643802e-09  -2.511002304313e-08   9.641178218423e-08   1.517115420958e-06   9.368909057411e-06   7.823538677768e-10   5.887082427004e-07  -2.184266139428e-06   1.337913356014e-05   6.346241828817e-10  -4.869860591747e-04  -3.055643228026e-03  -3.662677203378e-04   8.234422475230e-09  -1.943022627408e-01  -6.634571877420e-01  -8.048517427387e-02   1.781673920862e-06  -4.028748811493e-06  -2.319945525632e-09  -1.077615445144e-06  -2.317498559535e-09  -9.881316805544e-06  -2.847658071117e-06   3.371238862521e-06  -3.163611489359e-02  -4.847978411139e-01   5.293757702211e-06  -1.527605972519e-06  -3.786285010219e-10  -2.424444646833e-06  -1.995243908221e-06  -5.921562757998e-04  -1.204881817833e-01   4.857347978867e-07   3.311820360219e-06   3.110480857064e-07  -2.427559864798e-06  -1.997282050029e-06  -5.914167629411e-04  -1.204354985777e-01   4.859883639947e-07   3.312743181501e-06  -3.106672275047e-07
  -3.461327692074e+02  -3.989433751041e+02  -3.556477543855e+02  -2.948622818756e+02  -2.023569813379e+02  -1.433362093357e+02  -7.740635790150e+01  -4.620355223087e+01  -1.564902962994e+01  -7.456332246073e+00   1.962322170743e-03  -5.964259679689e-04  -2.680003145620e-08   2.433433830644e-03  -7.417165962361e-04  -3.300088089263e-08   1.780304993046e-03  -5.431986891922e-04  -2.410418476468e-08   1.181652522376e-03  -3.601415947590e-04  -1.605077880579e-08   7.014038271461e-04  -2.131930980621e-04  -9.569117958094e-09   1.444964464533e-04  -4.473149401523e-05  -1.864665206400e-09  -4.024218774829e-04   1.207076093561e-04   5.700016108015e-09  -4.985359312547e-04   1.501845431941e-04   6.949999617727e-09  -3.630375083347e-04   1.094165923483e-04   4.918478502979e-09   6.495496100540e-04  -1.103310847180e-08   6.743489786272e-04   2.078364763046e-08  -9.449427700285e-04   3.100827404880e-04  -5.203480096753e-09   3.212521488849e-04   9.920972735720e-09  -4.503030756837e-04   1.609154534949e-04  -2.624296041771e-09   1.655533764001e-04   5.174322145734e-09  -2.321412322443e-04   1.649993098227e-05  -3.498552292852e-10   1.718628234799e-05   6.134332304984e-10  -2.389603767590e-05   2.385371220266e-05  -3.511040583854e-10   2.686792852819e-05   8.579129540923e-10  -3.852513913652e-05  -1.835468601933e-03  -8.825191547706e-01  -2.915035051938e+00  -2.470137775248e+00  -1.725636680527e-01   5.270719635293e-02   1.570096948375e-06   6.278835707992e-08   6.798815811405e-07   2.919122191703e-05  -3.094395705711e-07   4.619181756886e-09   1.881090725044e-05   3.919547705654e-05  -1.256009040955e-07   5.796561904701e-09  -1.057995627125e-04  -7.058859129672e-04   1.389285986005e-04  -1.033498498528e-08  -1.239995076575e-01  -4.842644378690e-01   9.281271889093e-02  -9.340922367634e-06   8.261631905727e-07  -7.364887158840e-10   1.801970771403e-06   1.685901677865e-09   2.848528149495e-07  -9.244825635018e-06  -5.353217741943e-06  -6.101184608143e-03  -2.829873034285e-01   8.141613934294e-06   5.300449934136e-06   4.520127551524e-09   1.802929913034e-08  -6.002502150042e-08  -8.353111449230e-07  -6.482540411317e-06  -5.122542192844e-10  -3.024651839297e-07   1.590306250528e-06  -9.066593202685e-06  -4.207131826529e-10  -5.543471577505e-04  -3.412585334769e-03  -4.170835470237e-04   9.149958916497e-09  -2.079927128500e-01  -7.094949985897e-01  -8.604699467618e-02   1.906382065907e-06   3.090563799376e-06   1.567435693698e-09   7.079246968630e-07   1.533854395922e-09   6.355146705462e-06   1.843426923412e-06  -3.383919109818e-06  -3.416233339655e-02  -5.184459088721e-01  -4.677764861995e-06   9.514523945998e-07   3.070494694757e-10   1.582002381185e-06   1.285507165540e-06  -6.533104877055e-04  -1.289899124530e-01  -2.839627138292e-07  -2.329423016219e-06  -1.933266643944e-07   1.583992787062e-06   1.286825744839e-06  -6.524993408696e-04  -1.289335580079e-01  -2.841631853663e-07  -2.330076782240e-06   1.929934160294e-07
  -1.701211499643e+02  -2.118984714314e+02  -2.212129539261e+02  -2.023569813379e+02  -1.568012268530e+02  -1.207486412158e+02  -7.219740114397e+01  -4.516799519641e+01  -1.591468973828e+01  -7.646325209463e+00   1.860776118907e-03  -5.633208352083e-04  -2.576589472979e-08   2.086626063546e-03  -6.381968735407e-04  -2.808369819223e-08   2.447200028373e-03  -7.498245846146e-04  -3.290767414375e-08   2.846834097333e-03  -8.678975592656e-04  -3.890649960265e-08   2.346911973972e-03  -7.120272732723e-04  -3.248125205473e-08   7.891824360685e-04  -2.406498623511e-04  -1.081984413820e-08  -8.970051960187e-04   2.686434678250e-04   1.277194927067e-08  -1.304540495145e-03   3.925748846288e-04   1.825417927935e-08  -1.000933017713e-03   3.013444513109e-04   1.367209646876e-08   9.521138767003e-04  -1.621207820957e-08   9.911379901899e-04   3.044068105454e-08  -1.389200567662e-03   1.141004060308e-03  -1.921879400476e-08   1.183409521445e-03   3.662081986919e-08  -1.658937024641e-03   5.393398230163e-04  -9.038681187321e-09   5.564687964356e-04   1.740771034448e-08  -7.798090796254e-04   1.126263043973e-04  -2.107669499884e-09   1.169468039671e-04   3.826364226521e-09  -1.632066469708e-04   1.264322685109e-04  -2.068333810493e-09   1.363334113651e-04   4.076553774165e-09  -1.926738308865e-04  -3.305813274586e-03  -9.241863673631e-01  -2.998828547022e+00  -2.542774091057e+00  -1.973433283329e-01   6.027460880154e-02   1.796068957758e-06   1.052497579907e-07   1.519353925084e-06   7.021003784913e-05  -7.237640018116e-07   1.105927858222e-08   4.407075076561e-05   9.576631167102e-05  -4.037206303050e-07   1.395558400260e-08  -1.245823827321e-04  -8.355276196020e-04   1.703235172323e-04  -7.919790402533e-09  -1.288177106304e-01  -5.013970966994e-01   9.609744702611e-02  -9.668547458062e-06   1.750480342471e-06  -1.716076615867e-09   3.952252017108e-06   4.014525196402e-09   1.249551973988e-06  -2.255977932151e-05  -1.306338929506e-05  -6.443094105375e-03  -2.921342151961e-01   1.915584522711e-05   1.344611817249e-05   1.123136144822e-08   4.731061440137e-08  -1.543552254953e-07  -2.298159414303e-06  -1.567398949209e-05  -1.271716470647e-09  -8.691167409309e-07   3.805641239720e-06  -2.219148341985e-05  -1.046173698964e-09  -6.069720894182e-04  -3.693408013486e-03  -4.554787095110e-04   9.891653011663e-09  -2.149363600575e-01  -7.319628555731e-01  -8.875815102177e-02   1.967430895035e-06   7.087337785132e-06   3.821716126347e-09   1.770981587819e-06   3.799138286717e-09   1.603688016042e-05   4.654320818762e-06  -7.608599483962e-06  -3.577363865487e-02  -5.347896740300e-01  -9.896258963572e-06   2.472849755530e-06   6.926743383146e-10   3.946080007889e-06   3.241785775700e-06  -6.981990975618e-04  -1.333048241877e-01  -7.559939210187e-07  -5.597218746274e-06  -4.816860168339e-07   3.951104239568e-06   3.245084353466e-06  -6.973365583937e-04  -1.332466639306e-01  -7.564658438836e-07  -5.598778541934e-06   4.809730801527e-07
  -1.039874957093e+02  -1.326816603308e+02  -1.476519338556e+02  -1.433362093357e+02  -1.207486412158e+02  -9.814063442208e+01  -6.340170034398e+01  -4.160026307105e+01  -1.539774479123e+01  -7.475078388380e+00   1.192655617462e-03  -3.613378383469e-04  -1.647338587060e-08   2.028334124821e-03  -6.187190074148e-04  -2.752484235800e-08   3.144635847926e-03  -9.599319122701e-04  -4.281142335944e-08   3.803236358509e-03  -1.158503348202e-03  -5.235038642531e-08   3.091313515155e-03  -9.383229074678e-04  -4.320497161235e-08   2.046674836343e-03  -6.192064282233e-04  -2.885492919079e-08   1.359532864376e-03  -4.106158442137e-04  -1.903095943337e-08   9.147608043531e-04  -2.770359951482e-04  -1.262912912462e-08   5.098201883333e-04  -1.542654533512e-04  -6.828586999723e-09   1.006319821902e-03  -1.703117424578e-08   1.045223364454e-03   3.222786755837e-08  -1.465034973634e-03   1.751675894773e-03  -2.971749764808e-08   1.819783548447e-03   5.641148630671e-08  -2.551020052008e-03   1.098511382759e-03  -1.883734448993e-08   1.143929332338e-03   3.559346024158e-08  -1.603689436473e-03   4.258210613603e-04  -7.070827002523e-09   4.420279811252e-04   1.354039818214e-08  -6.199832597720e-04   7.068211101782e-05  -1.463976013148e-09   7.017694588590e-05   2.216599739909e-09  -9.608790613695e-05  -1.258900993384e-03  -9.264498193370e-01  -2.942691847030e+00  -2.495594118304e+00  -2.226183646913e-01   6.800011757582e-02   2.025239174923e-06  -1.509539211775e-07  -1.221792834471e-06  -4.761200852215e-05   5.536379843408e-07  -7.494136032342e-09  -3.201113752023e-05  -6.208705967261e-05   4.470203180305e-08  -9.382846469662e-09  -9.930107200756e-05  -6.976421122678e-04   1.292145626519e-04  -1.845274148667e-08  -1.274005926438e-01  -4.949916401205e-01   9.487566274270e-02  -9.550501330537e-06  -1.664095156123e-06   1.235047221814e-09  -3.468253574540e-06  -2.754233106616e-09   3.584064198220e-07   1.471407998601e-05   8.701603086715e-06  -6.380322923464e-03  -2.874284052629e-01  -1.381630863969e-05  -7.790772533098e-06  -6.968411395072e-09  -1.442582767849e-08   7.460668987261e-08   9.498084452607e-07   1.052709238947e-05   8.099567321773e-10   3.371173302685e-07  -2.577955610445e-06   1.438688573070e-05   6.529947403530e-10  -5.826695657251e-04  -3.626302922632e-03  -4.342121635296e-04   9.977158923975e-09  -2.116500231080e-01  -7.199168728143e-01  -8.732514194234e-02   1.933954349331e-06  -5.477627587240e-06  -2.505665070013e-09  -9.698641812755e-07  -2.310407463194e-09  -9.489925732213e-06  -2.714806819893e-06   7.474951410806e-06  -3.549563693014e-02  -5.257965607297e-01   9.151096062639e-06  -1.242153918059e-06  -4.875615469427e-10  -2.429288814434e-06  -1.877411091077e-06  -6.862556097691e-04  -1.312527935550e-01   3.864160826436e-07   3.831165991925e-06   3.138771787183e-07  -2.432256127385e-06  -1.879374827162e-06  -6.854032373827e-04  -1.311955842082e-01   3.867420141745e-07   3.832227726328e-06  -3.132367907733e-07
  -4.980485433693e+01  -6.458839947349e+01  -7.543915513206e+01  -7.740635790150e+01  -7.219740114397e+01  -6.340170034398e+01  -4.582971189459e+01  -3.259086645216e+01  -1.346840590614e+01  -6.738079243880e+00   2.749591373983e-04  -8.455853147504e-05  -3.610537114114e-09   1.854236739006e-03  -5.629331851725e-04  -2.546374260205e-08   3.165524580370e-03  -9.621340685894e-04  -4.361745192928e-08   3.878024942736e-03  -1.178571018957e-03  -5.405761155815e-08   4.985659236445e-03  -1.506290472413e-03  -7.146355701004e-08   6.083757869068e-03  -1.829913135821e-03  -8.771813848212e-08   5.729110110615e-03  -1.723826522175e-03  -8.157730942514e-08   4.222018545745e-03  -1.273923328566e-03  -5.916847272709e-08   2.442722299508e-03  -7.364769449529e-04  -3.305210889538e-08   8.005278691291e-04  -1.346562194465e-08   8.280400064496e-04   2.570166178012e-08  -1.160327989826e-03   1.816889059965e-03  -3.106532950599e-08   1.891208504427e-03   5.870382673287e-08  -2.651272090959e-03   2.630807064296e-03  -4.529489054603e-08   2.749757073403e-03   8.543138713730e-08  -3.857059102380e-03   2.122018777930e-03  -3.568548152591e-08   2.210522818040e-03   6.824351529734e-08  -3.102022996877e-03   2.881865659098e-04  -6.060085764493e-09   2.880731148146e-04   9.312761952712e-09  -3.953371312665e-04  -4.137052474692e-03  -8.994018978627e-01  -2.684326756655e+00  -2.279894984999e+00  -2.932289026019e-01   8.957448540204e-02   2.667047505321e-06  -4.003151900142e-07  -4.706389083462e-06  -1.950621382494e-04   2.336956428268e-06  -3.054957994081e-08  -1.292194298373e-04  -2.564887039712e-04   4.451848539318e-07  -3.825673649991e-08  -9.110941230918e-05  -6.755978936796e-04   1.096066301189e-04  -3.338422991613e-08  -1.199067700629e-01  -4.614999951760e-01   8.847031021715e-02  -8.908952244379e-06  -6.711733364645e-06   4.882709765314e-09  -1.434849978656e-05  -1.104491559295e-08   2.081965906907e-06   6.135953532441e-05   3.627842654926e-05  -6.209908463157e-03  -2.650894297023e-01  -5.645623812687e-05  -3.342946149220e-05  -2.929991089306e-08  -5.000869544356e-08   3.221147979010e-07   4.206165239178e-06   4.364876903445e-05   3.329318720331e-09   1.517436173071e-06  -1.121622433471e-05   6.025271772878e-05   2.704405423515e-09  -5.816461400899e-04  -3.664268556368e-03  -4.201866519741e-04   1.075043968029e-08  -1.958459202272e-01  -6.627466561667e-01  -8.041727498933e-02   1.779633147163e-06  -2.237541596439e-05  -1.029265690314e-08  -4.133990335390e-06  -9.683472566170e-09  -4.067539433180e-05  -1.183002098497e-05   2.730646579535e-05  -3.410181733904e-02  -4.836295729488e-01   3.488153558868e-05  -5.657453627516e-06  -1.979720287170e-09  -1.027458037831e-05  -8.079859014831e-06  -6.770116392321e-04  -1.214474487179e-01   1.784643600215e-06   1.603461641219e-05   1.192714449818e-06  -1.028709197585e-05  -8.087979423465e-06  -6.761758025392e-04  -1.213947365128e-01   1.786253816669e-06   1.603898957941e-05  -1.190192771361e-06
  -2.850328856540e+01  -3.716913354278e+01  -4.412629864161e+01  -4.620355223087e+01  -4.516799519641e+01  -4.160026307105e+01  -3.259086645216e+01  -2.451168810584e+01  -1.115200278232e+01  -5.815947709190e+00   2.106599639341e-04  -6.444478031160e-05  -2.813080943760e-09   9.190130541152e-04  -2.800907179911e-04  -1.248122611824e-08   1.902607419774e-03  -5.793038460017e-04  -2.612476734276e-08   3.530658678096e-03  -1.070203792080e-03  -4.954346103027e-08   7.059412833364e-03  -2.126526779558e-03  -1.014497501604e-07   8.696783701957e-03  -2.610284409901e-03  -1.272965297906e-07   5.227924720144e-03  -1.561133687665e-03  -7.953915866100e-08   2.014332720957e-03  -5.946705690437e-04  -3.263836305654e-08   2.533447994324e-04  -6.932804516715e-05  -6.227209524471e-09   5.817027017551e-04  -9.741560993370e-09   6.028337519412e-04   1.863133336026e-08  -8.450895279999e-04   1.408500191556e-03  -2.401822145770e-08   1.464990273391e-03   4.555339074493e-08  -2.053877726808e-03   3.445899873342e-03  -5.920716043954e-08   3.594652970157e-03   1.121959081900e-07  -5.041899831316e-03   4.480489536239e-03  -7.747969527060e-08   4.686745167962e-03   1.483687895769e-07  -6.578095033572e-03   1.876550672751e-03  -3.085483888811e-08   1.978021192267e-03   6.400544507075e-08  -2.790165514789e-03  -3.592011366092e-02  -8.636637302530e-01  -2.363674973616e+00  -2.017946385103e+00  -3.723807441442e-01   1.137307995144e-01   3.385526408545e-06   6.495709286484e-07   5.173868129594e-06   1.887300900477e-04  -2.253505135823e-06   2.993783020613e-08   1.293938057925e-04   2.424566640402e-04  -3.807848374411e-07   3.704267160772e-08  -4.176490834183e-04  -2.243212915613e-03   4.444109965979e-04  -2.356164257500e-08  -1.135338310736e-01  -4.249001500911e-01   8.139436653564e-02  -8.194964984315e-06   6.780924639849e-06  -5.208645695371e-09   1.384270761802e-05   1.099949306211e-08  -1.855878978393e-06  -5.716623589539e-05  -3.352097957543e-05  -6.801691801331e-03  -2.396923903448e-01   5.570101196948e-05   2.935405033346e-05   2.648286659444e-08   1.705781616458e-07  -4.267468376624e-07  -3.133307932715e-06  -4.132087843028e-05  -2.992560989578e-09  -8.293604984241e-07   1.066176977695e-05  -5.581966691553e-05  -2.431287252619e-09  -9.031692854544e-04  -4.942198210867e-03  -6.222174923300e-04   1.324247844883e-08  -1.784150426759e-01  -5.958544675785e-01  -7.229548360459e-02   1.601249389782e-06   2.215654852687e-05   9.847324840146e-09   3.893553656039e-06   9.084117663694e-09   3.575064924141e-05   1.080120520969e-05  -4.874095427207e-05  -3.433964735175e-02  -4.346031654988e-01  -3.930861185902e-05   4.921989292998e-06   2.404916229120e-09   9.120453448544e-06   7.253554631799e-06  -8.412723880886e-04  -1.107383348150e-01  -1.116198113579e-06  -1.493243650570e-05  -1.148466312923e-06   9.131581271905e-06   7.260996276401e-06  -8.403003342631e-04  -1.106907972509e-01  -1.117471414303e-06  -1.493684206375e-05   1.145651067572e-06
  -9.361619864638e+00  -1.225986922932e+01  -1.472642305870e+01  -1.564902962994e+01  -1.591468973828e+01  -1.539774479123e+01  -1.346840590614e+01  -1.115200278232e+01  -6.064445395840e+00  -3.552507095793e+00   6.159998722556e-04  -1.860771555561e-04  -8.379955527328e-09  -8.986319011736e-04   2.709749736000e-04   1.204486484572e-08  -5.609650635701e-04   1.680326789026e-04   7.399088836287e-09   2.664241889190e-03  -8.073433052379e-04  -3.658158525431e-08   6.888686680690e-03  -2.081383118070e-03  -9.562310434700e-08   5.764823867901e-03  -1.715217989158e-03  -9.097057400507e-08   8.770896108926e-03  -2.499162601772e-03  -1.622270692904e-07   1.913890461748e-02  -5.507735809656e-03  -3.271573864486e-07   1.684957323657e-02  -4.850869769687e-03  -3.054994938048e-07   4.438710386272e-04  -7.086006344344e-09   4.692937057457e-04   1.482084463835e-08  -6.624542771065e-04   5.651207039926e-04  -9.703005435228e-09   5.796636721183e-04   1.796016694171e-08  -8.095536780820e-04   1.951851662665e-03  -3.464877622785e-08   2.012825935299e-03   6.232036991519e-08  -2.811200214416e-03   6.381026758118e-03  -1.101067766400e-07   6.734050407515e-03   2.217242530061e-07  -9.487317959660e-03   1.978285876491e-02  -2.863642269936e-07   2.091643985767e-02   6.905834608089e-07  -2.974576089914e-02  -1.959211066917e-01  -7.367429395248e-01  -1.576778094795e+00  -1.375168896516e+00  -3.529933048258e-01   1.077907960146e-01   3.097813283027e-06  -2.027598856972e-05   3.199354528098e-05   1.590820092095e-03  -7.086060512193e-06   2.513387959848e-07   1.018722344074e-03   1.284330509457e-03   1.363339762096e-04   2.875545996795e-07  -6.349442404504e-03  -2.084056096549e-02   3.733338284532e-03  -3.538191788825e-07  -1.104851108072e-01  -3.498454314731e-01   6.558336501509e-02  -7.061587104302e-06   2.287362619066e-04  -3.911498282507e-08   4.171865804600e-04   6.947765298376e-08  -5.241185110983e-04  -5.019247299324e-04  -4.629945726538e-04  -1.307760411363e-02  -1.847508111520e-01   5.701161154141e-04   1.980084483636e-04   1.956494837323e-07   2.106920627210e-07  -1.639604593356e-06   1.293108969917e-05  -3.921366848264e-04  -2.234484785749e-08  -3.211721549895e-05  -3.933223483655e-05  -5.167791612974e-04  -1.879065219316e-08  -4.236114913782e-03  -1.593448295707e-02  -2.479456197792e-03   2.237899103089e-08  -1.426730221878e-01  -4.401913458181e-01  -5.537493996929e-02   1.126366461956e-06   2.567236563008e-04   7.583169288596e-08   8.754722008017e-05   6.633816239896e-08   1.532820880356e-04   1.259993538785e-05  -1.600381152449e-03  -4.282263236734e-02  -3.210627188730e-01  -8.363567916299e-04  -8.939078399373e-05   4.601549854177e-09   7.593457288883e-05   4.673922733303e-05  -2.517273674932e-03  -8.920641969464e-02  -5.106338455179e-06  -1.580648831445e-04  -5.321944722479e-06   7.600642990346e-05   4.679811511887e-05  -2.515094652906e-03  -8.917070814435e-02  -5.126550822543e-06  -1.581060609261e-04   5.282904211750e-06
  -4.435219913498e+00  -5.810136842414e+00  -6.993291180293e+00  -7.456332246073e+00  -7.646325209463e+00  -7.475078388380e+00  -6.738079243880e+00  -5.815947709190e+00  -3.552507095793e+00  -2.206227743323e+00   4.449324188155e-04  -1.344105778498e-04  -4.880993399218e-09  -6.937271767152e-04   2.101217883077e-04   6.249135309375e-09  -5.573332268601e-04   1.681835544079e-04   4.435533140262e-09   1.492756437389e-03  -4.540649337056e-04  -1.715786531838e-08   3.729093452345e-03  -1.131724451292e-03  -4.261114305606e-08   3.120669609472e-03  -9.215644795761e-04  -5.751247299690e-08   1.615788394120e-02  -4.691569137936e-03  -3.063888630633e-07   4.327964350199e-02  -1.253581865342e-02  -7.817427694097e-07   4.637842443748e-02  -1.277687324771e-02  -9.330171224125e-07   4.474945378886e-04  -6.746610696267e-09   4.742599739023e-04   1.521931820890e-08  -6.726825342259e-04   1.686113421329e-04  -3.195628470916e-09   1.661601419879e-04   4.536603397756e-09  -2.272672639414e-04   5.130820605324e-04  -1.093287959014e-08   5.094348721606e-04   1.395954844609e-08  -6.934177020430e-04   4.495066257622e-03  -7.588843304541e-08   4.762857092382e-03   1.612255441423e-07  -6.729668431183e-03   3.017700021942e-02  -4.479640968704e-07   3.198441913453e-02   1.085016665687e-06  -4.548678947059e-02  -2.485917955046e-01  -5.749449827980e-01  -1.054392043263e+00  -9.229174218024e-01  -2.714633525791e-01   8.335411784747e-02   2.219846035033e-06  -1.701756039483e-02  -1.634279477356e-02  -1.020320832899e-02   1.624407853973e-03  -4.599794369620e-07  -2.404563144379e-02  -1.563579488990e-02   2.953224570272e-03  -7.676108306533e-07  -3.397877140190e-02  -4.253969792422e-02   8.724526604383e-03  -1.634990750394e-06  -1.117179506011e-01  -2.711240814844e-01   5.136386458733e-02  -6.463325595115e-06   1.017145096090e-03   9.440077842225e-08   1.848811938291e-03  -3.173666777749e-07  -2.589406570535e-03  -1.544413573856e-03  -7.599773890566e-03  -2.671999236601e-02  -1.464269703646e-01  -5.699726103303e-03   3.237126660038e-03   1.163569762161e-06  -2.030331509507e-03  -2.032867360972e-03  -2.940180114860e-03   5.619144619308e-04   1.377276699276e-07  -6.252460431109e-03  -8.594225332596e-03  -8.021340464560e-04   3.778744613946e-07  -1.762837439152e-02  -3.386128152981e-02  -8.131619013111e-03   5.876783570770e-07  -1.187252786616e-01  -3.195119853399e-01  -4.589103566080e-02   9.515899699361e-07  -2.077459565172e-03  -2.190192600919e-07   3.332038231149e-03   4.990460126066e-07  -2.286331905464e-03  -6.555069371729e-03  -1.331347180533e-02  -5.169845707271e-02  -2.372495796159e-01  -3.894573247427e-03  -3.637525332460e-03  -8.294125831923e-07  -1.745250337095e-04  -1.530930215284e-03  -9.255032373054e-03  -7.567353187133e-02  -9.431765189407e-04   1.578461527523e-04   2.966785723922e-04  -1.741311932330e-04  -1.529863409255e-03  -9.251002015532e-03  -7.564727551832e-02  -9.426370283347e-04   1.580185104432e-04  -2.961803280312e-04
   9.618422166117e-04   9.811987120237e-04   1.435385398385e-03   1.962322170743e-03   1.860776118907e-03   1.192655617462e-03   2.749591373983e-04   2.106599639341e-04   6.159998722556e-04   4.449324188155e-04  -1.600927484706e+02  -2.020259033397e-04  -6.296909182226e-09  -1.373239339124e+02   5.987773310799e-04   1.901515649744e-08  -8.294711848189e+01   5.465234282293e-04   1.731900500366e-08  -4.120402906611e+01   1.251746375905e-04   3.985085885378e-09  -1.509176626641e+01  -2.229304124030e-04  -7.035672305252e-09  -5.482225771509e+00  -2.281804049560e-05  -7.380152276616e-10  -1.642277244253e+00   3.955573616737e-04   1.246282113140e-08  -5.881670992235e-01   4.729200463220e-04   1.479880163670e-08  -1.769951081331e-01   3.442685502210e-04   1.054692131343e-08   2.695061878288e-04  -5.673396798456e-09  -7.795947853929e-06   3.824528550903e-09   2.035160852793e-04  -9.262827906005e-05   3.799231424126e-10  -1.486720655720e-04  -3.668573010757e-09   2.472615097278e-04  -3.351153658764e-04   2.861967548070e-09  -3.668931048562e-04  -1.083900433546e-08   5.371442777438e-04  -7.332278848300e-05   7.790973714974e-10  -7.065028757004e-05  -2.058968417638e-09   9.759071481093e-05   5.182897880336e-04  -4.423418570709e-09   5.678436554995e-04   1.664488276096e-08  -8.311101600486e-04  -1.867815900304e-03   7.806773370986e-02   8.293426081158e-02   2.458068013295e-02   3.223681738003e-02  -1.048128683138e-02  -3.134918606267e-07  -6.578562209825e-07   3.078783414650e-06   1.117880286914e-04  -2.126327373789e-06   1.938393036809e-08   8.674370620292e-05   1.296369459103e-04   6.239438274102e-07   2.288100139987e-08  -5.499903834929e-05  -1.573606847656e-04   3.703826231074e-05   4.816659796909e-09   6.309346066739e-03   2.216790420958e-02  -4.897460773045e-03   4.840937167745e-07   9.563192873778e-06  -3.510798995857e-09   1.835696351487e-05   5.513094171396e-09  -1.846904689519e-05  -4.103197068101e-05  -3.129595459692e-05   3.363456739670e-04   7.432135719631e-03   4.705909633594e-05   1.263487094209e-05   1.437782248850e-08   3.497633869934e-08  -1.105935691432e-07   6.414420211712e-07  -3.061626935523e-05  -1.521033914839e-09  -3.314252729360e-07   5.537289464467e-06  -3.976230222435e-05  -1.274839730921e-09   5.520293811031e-06   1.824763481484e-04  -5.829319692477e-06  -2.090564147289e-09   6.839901134389e-03   1.963846887502e-02   2.825190587492e-03  -6.577015450263e-08   2.519547841811e-05   5.682472410886e-09   3.058804462727e-06   5.608431661163e-09   1.660235503096e-05   1.487201866484e-06  -2.853974503472e-05   2.040184697028e-03   1.183857214127e-02  -3.569248464418e-05   3.370673604138e-07   1.445983658893e-09   6.479804682100e-06   4.564692894681e-06   2.956476990594e-05   3.978706086958e-03  -8.099428135461e-07  -1.450991894103e-05  -5.929632312240e-07   6.485758643263e-06   4.568778927062e-06   2.951796973829e-05   3.977280935407e-03  -8.118618803918e-07  -1.451457391766e-05   5.895537859288e-07
  -2.889937613004e-04  -2.972716601569e-04  -4.384490924669e-04  -5.964259679689e-04  -5.633208352083e-04  -3.613378383469e-04  -8.455853147504e-05  -6.444478031160e-05  -1.860771555561e-04  -1.344105778498e-04  -2.020259033397e-04  -1.600933388803e+02   2.664704304916e-09   5.988028505882e-04  -1.373221928315e+02  -9.502809292809e-09   5.465604055667e-04  -8.294552818326e+01  -8.522170749394e-09   1.251775243128e-04  -4.120366504947e+01  -2.018729468583e-09  -2.229035191353e-04  -1.509241527121e+01   3.330046117028e-09  -2.286084975203e-05  -5.482291989010e+00   2.942261034318e-10   3.955695659788e-04  -1.641127794090e+00  -6.014454952659e-09   4.728123258874e-04  -5.867934876970e-01  -7.078097878621e-09   3.437708543599e-04  -1.759859895221e-01  -4.390021762170e-09   9.047232329476e-04  -1.025975968778e-08   3.007639238065e-06  -8.558178478954e-09   6.131602282403e-04   2.105646082269e-04  -2.999839886919e-09   4.523093074893e-05   3.797773746790e-10   4.645416601854e-05   1.730500255565e-04  -3.438578677395e-09   1.110592757918e-04   4.530553217923e-09  -1.230464876122e-04   6.169508040114e-06  -1.890049066385e-10   2.182672928614e-05   1.083722589790e-09  -4.211893056623e-05  -2.677609744718e-04   5.183744604027e-09  -1.725824957401e-04  -7.724644020499e-09   1.917479477674e-04   5.745910942935e-04  -2.384086061316e-02  -2.532560142670e-02  -7.500543790900e-03  -1.047668079603e-02   1.149496959428e-03   9.913369874141e-08   1.451856122225e-07  -8.612079002036e-07  -3.347237378747e-05  -4.501844106473e-06  -2.687558458294e-09  -2.367561855477e-05  -3.996293941059e-05  -5.001811649845e-06  -2.914095873774e-09   9.899785601135e-06   3.831033138766e-05   2.437861599872e-05   1.580235455749e-09  -1.209082031813e-03  -4.866449992055e-03  -2.233631524376e-03  -9.010492690981e-08   4.415957419039e-06   4.209293395771e-10  -5.805850925931e-06  -2.997828057492e-10   2.031417797083e-06   7.415862917767e-06   6.247043012271e-06  -1.111351526795e-04  -2.517979105474e-03  -1.165322003021e-05  -2.848597344988e-06  -3.374090734361e-09  -3.142739247126e-07   7.673954960096e-07   1.720074552969e-05  -5.623813880371e-07  -2.422150544461e-09   1.270398444724e-05   1.725867707842e-05  -1.663535603977e-06  -3.821674624668e-09  -2.243362600881e-06   1.106813548426e-05   6.158321426594e-06  -2.109996134017e-09   7.833482643417e-04   2.757511229006e-03  -3.590666353987e-03  -7.230433967859e-09  -8.034913756081e-06   5.266688976068e-10  -3.521673773424e-06  -3.943940541844e-09  -1.334668108035e-05   1.278086698338e-05  -1.117802567350e-05   7.057434749893e-04   4.270058355328e-03  -2.452106737854e-05   8.594167937160e-06   1.986444330864e-09  -6.265101769774e-06  -4.586568188240e-06  -3.095805036193e-06   4.609585427547e-04   5.879490446710e-06   1.203048479185e-07   8.601346203477e-07  -6.270483958457e-06  -4.590507623601e-06  -3.099849011934e-06   4.606310843541e-04   5.879664186683e-06   1.216638369630e-07  -8.633108720354e-07
  -1.363559946815e-08  -1.353130511411e-08  -1.925341219413e-08  -2.680003145620e-08  -2.576589472979e-08  -1.647338587060e-08  -3.610537114114e-09  -2.813080943760e-09  -8.379955527328e-09  -4.880993399218e-09  -6.296909182226e-09   2.664704304916e-09  -1.600934054581e+02   1.902648169290e-08  -9.506664919550e-09  -1.373219898634e+02   1.733536907269e-08  -8.527586602072e-09  -8.294534342727e+01   3.986163752536e-09  -2.019138908355e-09  -4.120362250974e+01  -7.022046422895e-09   3.326230061754e-09  -1.509249009044e+01  -7.540191824034e-10   2.987418858320e-10  -5.482299432556e+00   1.249369206269e-08  -6.023585446658e-09  -1.640994479794e+00   1.456320413307e-08  -7.001829637293e-09  -5.866347695359e-01   9.483987803771e-09  -3.985476322988e-09  -1.758743724130e-01  -7.314707233671e-09  -3.403455542908e-04  -1.884842650896e-08   1.103001552205e-03   5.279700731666e-09   3.812825012909e-10  -6.076444781609e-05  -3.061761007533e-09   2.003076008799e-04  -3.350784945955e-10   3.797441622275e-09  -1.848773486644e-05  -3.780482674775e-10   6.998299749682e-05  -2.672000868988e-09   1.005504032310e-09   6.216206506563e-06   8.006732764695e-10  -1.959954033403e-05  -8.072473761211e-10  -6.833378631098e-09   2.806676418722e-05  -1.455528511967e-10  -1.061160307285e-04   4.335281991286e-09   1.428471782603e-08  -7.126096739955e-07  -7.537171534427e-07  -2.204780122566e-07  -3.135114177076e-07   9.852457872415e-08  -2.059366207543e-03  -9.372938887336e-11   1.221543677272e-11  -2.312225360003e-09   2.439617031025e-09  -1.952478507043e-05   1.798877416459e-09  -3.131643624098e-09   3.220663907350e-09  -2.273014388611e-05  -7.420499250708e-10  -5.719783823104e-09   3.314157607472e-09   2.303237146839e-05   1.216173091844e-07   4.854946741022e-07  -9.098480919893e-08  -3.179488392576e-03   9.883462465878e-10  -4.278532773004e-07   7.149307425521e-10   4.061784522749e-06  -3.829049081196e-10  -4.185974096520e-09  -2.515777391634e-09  -2.255338227780e-08  -5.166464841919e-07  -1.564544522020e-09   2.726795138562e-09  -8.638000707477e-06   1.609236686616e-11   6.505931316009e-12   9.966271429685e-10  -1.856398255739e-09  -1.548003914174e-06   5.378441234737e-11   1.292422513089e-09  -2.577104094243e-09  -2.128096293911e-06   5.454648667085e-10   5.670250091701e-10  -1.083453810417e-09   7.928475057921e-06  -1.740650762524e-08  -6.296974839165e-08  -6.884958010273e-09  -3.930791183418e-03  -9.353066685890e-10  -6.213511019641e-06   1.041011197075e-09  -4.982387406125e-07  -1.670350155347e-09   2.713556231342e-10  -3.359055860103e-09   1.213404861901e-07   7.277936221910e-07  -4.500860298044e-09  -6.218719256505e-10   5.562574094602e-06   2.067877912451e-07   7.668704435208e-08  -1.484254077462e-06  -7.000259790903e-04  -3.394759526567e-07  -1.084737142719e-06   6.020810614889e-07  -2.073604828506e-07  -7.623825784994e-08   1.478113170406e-06   6.994794652541e-04   3.421324796983e-07   1.083165526914e-06   5.999222938592e-07
