ARMA_MAT_TXT_FN008
141 141
  -9.832294339773e+02  -1.319831433096e+03  -6.422494656123e+02  -3.802434421357e+02  -1.865749166707e+02  -1.139581216983e+02  -5.454601010951e+01  -3.121779227575e+01  -1.025547806305e+01  -4.857450321578e+00   1.613544660329e-03  -1.889601326123e-04   4.575580990219e-09   2.667597745036e-04  -3.123989289244e-05   7.564593550983e-10   9.789798051085e-05  -1.146470614333e-05   2.776124823934e-10   3.776443513152e-05  -4.422544256710e-06   1.070898350337e-10   1.197308487330e-05  -1.402152516173e-06   3.395246557936e-11   4.094202226904e-06  -4.794667385157e-07   1.161006220660e-11   1.187909466333e-06  -1.391145443993e-07   3.368593448877e-12   4.218295729182e-07  -4.939991684035e-08   1.196195818072e-12   1.275150813891e-07  -1.493312660118e-08   3.615986571150e-13   2.242721211339e-07  -1.179411081347e-12   3.987346314002e-07  -1.045271974999e-12  -6.101302040777e-07   1.126790311211e-08  -5.925609356512e-14   2.003326650569e-08  -5.251666270661e-14  -3.065422515525e-08   1.584644893863e-09  -8.333393104642e-15   2.817348842520e-09  -7.385603210530e-15  -4.311011602832e-09   2.317952380900e-10  -1.218973945689e-15   4.121100235100e-10  -1.080335197655e-15  -6.305967795934e-10   2.282738364893e-11  -1.200455459982e-16   4.058492954581e-11  -1.063922892874e-16  -6.210168403219e-11  -5.484574376312e-04  -5.662927977216e-01  -1.894713818675e+00  -1.604825604105e+00  -1.039700640064e-01   3.175703224617e-02   9.458729694070e-07   0.000000000000e+00   0.000000000000e+00   0.000000000000e+00   0.000000000000e+00   0.000000000000e+00   0.000000000000e+00   0.000000000000e+00   0.000000000000e+00   0.000000000000e+00  -5.900130197328e-05  -4.016616048290e-04   7.698245190308e-05  -7.748944754086e-09  -8.003189151677e-02  -3.133201135396e-01   6.005092416332e-02  -6.044641113271e-06   0.000000000000e+00   0.000000000000e+00   0.000000000000e+00   0.000000000000e+00   0.000000000000e+00   0.000000000000e+00   0.000000000000e+00  -3.888949506938e-03  -1.834810000663e-01   0.000000000000e+00   0.000000000000e+00   0.000000000000e+00   0.000000000000e+00   0.000000000000e+00   0.000000000000e+00   0.000000000000e+00   0.000000000000e+00   0.000000000000e+00   0.000000000000e+00   0.000000000000e+00   0.000000000000e+00  -3.426586853293e-04  -2.133301760307e-03  -2.587458316508e-04   5.730911227240e-09  -1.347575409474e-01  -4.602297213610e-01  -5.582075832865e-02   1.236363146716e-06   0.000000000000e+00   0.000000000000e+00   0.000000000000e+00   0.000000000000e+00   0.000000000000e+00   0.000000000000e+00  -1.644262268397e-09  -2.192148758448e-02  -3.363351322887e-01   0.000000000000e+00   0.000000000000e+00   0.000000000000e+00   0.000000000000e+00   0.000000000000e+00  -4.122397468288e-04  -8.356792821610e-02   0.000000000000e+00   0.000000000000e+00   0.000000000000e+00   0.000000000000e+00   0.000000000000e+00  -4.117254880073e-04  -8.353138215500e-02   0.000000000000e+00   0.000000000000e+00   0.000000000000e+00
  -1.319831433096e+03  -1.130254777091e+03  -7.381523450501e+02  -4.891111677805e+02  -2.582515151289e+02  -1.614428087442e+02  -7.851226678977e+01  -4.516108648706e+01  -1.488866019758e+01  -7.056557495347e+00   8.760178633130e-03  -1.025893213198e-03   2.484152302082e-08   3.260753793699e-03  -3.818626682127e-04   9.246625419838e-09   1.387124796211e-03  -1.624443945595e-04   3.933514828969e-09   5.722970379828e-04  -6.702096746974e-05   1.622881294913e-09   1.881368623949e-04  -2.203246513187e-05   5.335058100956e-10   6.524137505624e-05  -7.640333227545e-06   1.850070858419e-10   1.905301144585e-05  -2.231273579213e-06   5.402924326888e-11   6.780482748193e-06  -7.940535832538e-07   1.922763511289e-11   2.051805281271e-06  -2.402842682797e-07   5.818370864744e-12   7.786202265623e-06  -4.094638775097e-11   1.384313159400e-05  -3.628939245226e-11  -2.118229043695e-05   8.651525252647e-07  -4.549698242444e-12   1.538159405484e-06  -4.032242992066e-12  -2.353639353406e-06   1.325588214437e-07  -6.971055615408e-13   2.356770537223e-07  -6.178209774513e-13  -3.606250341329e-07   1.994239885459e-08  -1.048738741080e-13   3.545570000072e-08  -9.294615189598e-14  -5.425310955512e-08   1.984408140809e-09  -1.043568384403e-14   3.528090088444e-09  -9.248792074811e-15  -5.398563788187e-09  -8.190859837940e-04  -8.240253590743e-01  -2.753171937190e+00  -2.332023628993e+00  -1.523856799852e-01   4.654529691868e-02   1.386336842872e-06   0.000000000000e+00   0.000000000000e+00   0.000000000000e+00   0.000000000000e+00   0.000000000000e+00   0.000000000000e+00   0.000000000000e+00   0.000000000000e+00   0.000000000000e+00  -8.633319166878e-05  -5.873459923506e-04   1.125707198655e-04  -1.133120990362e-08  -1.163710364184e-01  -4.554879743025e-01   8.729881504928e-02  -8.787375603920e-06   0.000000000000e+00   0.000000000000e+00   0.000000000000e+00   0.000000000000e+00   0.000000000000e+00   0.000000000000e+00   0.000000000000e+00  -5.660086442469e-03  -2.666750195654e-01   0.000000000000e+00   0.000000000000e+00   0.000000000000e+00   0.000000000000e+00   0.000000000000e+00   0.000000000000e+00   0.000000000000e+00   0.000000000000e+00   0.000000000000e+00   0.000000000000e+00   0.000000000000e+00   0.000000000000e+00  -4.995179801561e-04  -3.108715605444e-03  -3.770527560220e-04   8.351268390598e-09  -1.958731749106e-01  -6.688800434531e-01  -8.112773755011e-02   1.796882530271e-06   0.000000000000e+00   0.000000000000e+00   0.000000000000e+00   0.000000000000e+00   0.000000000000e+00   0.000000000000e+00  -5.408595200221e-09  -3.189075606398e-02  -4.888092293338e-01   0.000000000000e+00   0.000000000000e+00   0.000000000000e+00   0.000000000000e+00   0.000000000000e+00  -6.003367798028e-04  -1.214680602523e-01   0.000000000000e+00   0.000000000000e+00   0.000000000000e+00   0.000000000000e+00   0.000000000000e+00  -5.995880699562e-04  -1.214149445008e-01   0.000000000000e+00   0.000000000000e+00   0.000000000000e+00
  -6.422494656123e+02  -7.381523450501e+02  -6.454275973041e+02  -5.143371760801e+02  -3.212126898073e+02  -2.140506145672e+02  -1.091353413994e+02  -6.376479384241e+01  -2.125824801885e+01  -1.009652361935e+01   2.078349786078e-02  -2.433928609773e-03   5.893643979008e-08   1.933179875821e-02  -2.263922001540e-03   5.481980950365e-08   1.136509935659e-02  -1.330952117022e-03   3.222838130643e-08   5.518704405393e-03  -6.462883500719e-04   1.564956929225e-08   1.990237539247e-03  -2.330741494750e-04   5.643781219384e-09   7.160502371703e-04  -8.385571908819e-05   2.030526909972e-09   2.127624084512e-04  -2.491633104699e-05   6.033372707171e-10   7.615716853842e-05  -8.918667713521e-06   2.159613558899e-10   2.310961938046e-05  -2.706337698680e-06   6.553269811999e-11   9.148134897844e-05  -4.810857282492e-10   1.626451907538e-04  -4.263699377291e-10  -2.488741542420e-04   2.370061793702e-05  -1.246377449339e-10   4.213745827004e-05  -1.104621991999e-10  -6.447730942308e-05   4.342827077541e-06  -2.283823042172e-11   7.721136015656e-06  -2.024074777313e-11  -1.181462044526e-05   6.944780866337e-07  -3.652148769035e-12   1.234716388757e-06  -3.236775384910e-12  -1.889321139019e-06   7.070357154206e-08  -3.718187322876e-13   1.257042665796e-07  -3.295303111749e-13  -1.923484050391e-07  -1.279470902155e-03  -1.185210017116e+00  -3.942289069709e+00  -3.339619198146e+00  -2.242464261976e-01   6.849479213070e-02   2.040097554852e-06   0.000000000000e+00   0.000000000000e+00   0.000000000000e+00   0.000000000000e+00   0.000000000000e+00   0.000000000000e+00   0.000000000000e+00   0.000000000000e+00   0.000000000000e+00  -1.264024822899e-04  -8.581559847261e-04   1.644741953250e-04  -1.655574525076e-08  -1.669909347360e-01  -6.531714107377e-01   1.251868471966e-01  -1.260113500677e-05   0.000000000000e+00   0.000000000000e+00   0.000000000000e+00   0.000000000000e+00   0.000000000000e+00   0.000000000000e+00   0.000000000000e+00  -8.146609815672e-03  -3.821393267449e-01   0.000000000000e+00   0.000000000000e+00   0.000000000000e+00   0.000000000000e+00   0.000000000000e+00   0.000000000000e+00   0.000000000000e+00   0.000000000000e+00   0.000000000000e+00   0.000000000000e+00   0.000000000000e+00   0.000000000000e+00  -7.226627012245e-04  -4.492121002356e-03  -5.448450349518e-04   1.206766752910e-08  -2.807451743552e-01  -9.583654916547e-01  -1.162392276543e-01   2.574560228286e-06   0.000000000000e+00   0.000000000000e+00   0.000000000000e+00   0.000000000000e+00   0.000000000000e+00   0.000000000000e+00  -1.679793906638e-08  -4.583450418821e-02  -7.003285026752e-01   0.000000000000e+00   0.000000000000e+00   0.000000000000e+00   0.000000000000e+00   0.000000000000e+00  -8.656881652127e-04  -1.741010021518e-01   0.000000000000e+00   0.000000000000e+00   0.000000000000e+00   0.000000000000e+00   0.000000000000e+00  -8.646094228605e-04  -1.740248932339e-01   0.000000000000e+00   0.000000000000e+00   0.000000000000e+00
  -3.802434421357e+02  -4.891111677805e+02  -5.143371760801e+02  -4.605808138290e+02  -3.313424567864e+02  -2.367639573105e+02  -1.281272311185e+02  -7.648286687476e+01  -2.590699683924e+01  -1.234172148683e+01   2.151534835233e-02  -2.519634676259e-03   6.101177199451e-08   3.380433956747e-02  -3.958782576392e-03   9.586006344592e-08   2.843699312433e-02  -3.330219561926e-03   8.063970484227e-08   1.731364468878e-02  -2.027578583246e-03   4.909686447307e-08   7.229472612239e-03  -8.466342067330e-04   2.050085025050e-08   2.768806769602e-03  -3.242513871635e-04   7.851595268522e-09   8.479876968129e-04  -9.930674469880e-05   2.404666248709e-09   3.066707358349e-04  -3.591381406194e-05   8.696361641811e-10   9.351997441976e-05  -1.095200350058e-05   2.651976283531e-10   2.523070759748e-04  -1.326842408241e-09   4.485781304737e-04  -1.175935351558e-09  -6.863990402520e-04   1.352007847012e-04  -7.109992221820e-10   2.403742146502e-04  -6.301344568881e-10  -3.678124701803e-04   3.318667413049e-05  -1.745233916041e-10   5.900276946452e-05  -1.546741531519e-10  -9.028403656515e-05   5.922442068696e-06  -3.114517207550e-11   1.052954214904e-05  -2.760290796137e-11  -1.611194825289e-05   6.291547392600e-07  -3.308623771930e-12   1.118577652317e-06  -2.932320850047e-12  -1.711609583399e-06  -1.776392001574e-03  -1.459796351673e+00  -4.824387520056e+00  -4.087534365092e+00  -2.854077383183e-01   8.717637108715e-02   2.596529934672e-06   0.000000000000e+00   0.000000000000e+00   0.000000000000e+00   0.000000000000e+00   0.000000000000e+00   0.000000000000e+00   0.000000000000e+00   0.000000000000e+00   0.000000000000e+00  -1.597895927419e-04  -1.081495179956e-03   2.072795203008e-04  -2.086448660539e-08  -2.049961674939e-01  -8.010242261688e-01   1.535244159125e-01  -1.545356710264e-05   0.000000000000e+00   0.000000000000e+00   0.000000000000e+00   0.000000000000e+00   0.000000000000e+00   0.000000000000e+00   0.000000000000e+00  -1.004461245227e-02  -4.681533568075e-01   0.000000000000e+00   0.000000000000e+00   0.000000000000e+00   0.000000000000e+00   0.000000000000e+00   0.000000000000e+00   0.000000000000e+00   0.000000000000e+00   0.000000000000e+00   0.000000000000e+00   0.000000000000e+00   0.000000000000e+00  -8.977291688989e-04  -5.570678125580e-03  -6.756639800947e-04   1.496515243066e-08  -3.440499698452e-01  -1.173856681299e+00  -1.423763151525e-01   3.153465880999e-06   0.000000000000e+00   0.000000000000e+00   0.000000000000e+00   0.000000000000e+00   0.000000000000e+00   0.000000000000e+00  -3.268662288596e-08  -5.639428034124e-02  -8.577402325469e-01   0.000000000000e+00   0.000000000000e+00   0.000000000000e+00   0.000000000000e+00   0.000000000000e+00  -1.070297544072e-03  -2.133601026222e-01   0.000000000000e+00   0.000000000000e+00   0.000000000000e+00   0.000000000000e+00   0.000000000000e+00  -1.068965463002e-03  -2.132668712384e-01   0.000000000000e+00   0.000000000000e+00   0.000000000000e+00
  -1.865749166707e+02  -2.582515151289e+02  -3.212126898073e+02  -3.313424567864e+02  -2.931426221517e+02  -2.382922917269e+02  -1.475115247042e+02  -9.311811683320e+01  -3.298371069954e+01  -1.585257086611e+01   1.561393116052e-02  -1.828527325726e-03   4.427693162588e-08   3.949304512539e-02  -4.624979542021e-03   1.119917105268e-07   5.487652590657e-02  -6.426519121259e-03   1.556151465285e-07   5.130885076779e-02  -6.008713290459e-03   1.454981742837e-07   3.040284041092e-02  -3.560437400392e-03   8.621432183017e-08   1.384170189225e-02  -1.620983843488e-03   3.925136353994e-08   4.638007481206e-03  -5.431510699723e-04   1.315214842531e-08   1.731089101946e-03  -2.027256104587e-04   4.908905580355e-09   5.360813872098e-04  -6.277979935028e-05   1.520183397978e-09   4.930707675631e-04  -2.592980011121e-09   8.766332146859e-04  -2.298070096357e-09  -1.341394411253e-03   6.801942362195e-04  -3.577032292776e-09   1.209321053154e-03  -3.170202203830e-09  -1.850462057494e-03   3.242342863294e-04  -1.705096060607e-09   5.764579111831e-04  -1.511168713793e-09  -8.820763432587e-04   7.835346677462e-05  -4.120483032339e-10   1.393050571632e-04  -3.651844132449e-10  -2.131598734888e-04   9.458149019023e-06  -4.973888731985e-11   1.681569487572e-05  -4.408188612546e-11  -2.573080594052e-05  -3.295108698125e-03  -1.916901556135e+00  -6.217467829224e+00  -5.270368420353e+00  -4.114379442490e-01   1.256732621522e-01   3.743206778244e-06   0.000000000000e+00   0.000000000000e+00   0.000000000000e+00   0.000000000000e+00   0.000000000000e+00   0.000000000000e+00   0.000000000000e+00   0.000000000000e+00   0.000000000000e+00  -2.267121851798e-04  -1.520261136257e-03   2.913744094479e-04  -2.932949990439e-08  -2.666465604651e-01  -1.038837664144e+00   1.991043886786e-01  -2.004166521241e-05   0.000000000000e+00   0.000000000000e+00   0.000000000000e+00   0.000000000000e+00   0.000000000000e+00   0.000000000000e+00   0.000000000000e+00  -1.323598111995e-02  -6.052852417006e-01   0.000000000000e+00   0.000000000000e+00   0.000000000000e+00   0.000000000000e+00   0.000000000000e+00   0.000000000000e+00   0.000000000000e+00   0.000000000000e+00   0.000000000000e+00   0.000000000000e+00   0.000000000000e+00   0.000000000000e+00  -1.209491161786e-03  -7.466440445758e-03  -9.056124040790e-04   2.005824005212e-08  -4.452627480647e-01  -1.516845728141e+00  -1.839796390752e-01   4.074931908275e-06   0.000000000000e+00   0.000000000000e+00   0.000000000000e+00   0.000000000000e+00   0.000000000000e+00   0.000000000000e+00  -1.815027758515e-06  -7.384947041961e-02  -1.108138151280e+00   0.000000000000e+00   0.000000000000e+00   0.000000000000e+00   0.000000000000e+00   0.000000000000e+00  -1.421848672141e-03  -2.761318799601e-01   0.000000000000e+00   0.000000000000e+00   0.000000000000e+00   0.000000000000e+00   0.000000000000e+00  -1.420085485788e-03  -2.760113721980e-01   0.000000000000e+00   0.000000000000e+00   0.000000000000e+00
  -1.139581216983e+02  -1.614428087442e+02  -2.140506145672e+02  -2.367639573105e+02  -2.382922917269e+02  -2.142978742328e+02  -1.514033154314e+02  -1.021659760346e+02  -3.842448630157e+01  -1.870303410458e+01   1.086379460383e-02  -1.272244964447e-03   3.080681514005e-08   3.321312163641e-02  -3.889545807555e-03   9.418352756005e-08   6.064328982522e-02  -7.101857400765e-03   1.719681462378e-07   7.778676691741e-02  -9.109507876405e-03   2.205824609313e-07   6.500536003372e-02  -7.612693812876e-03   1.843378103783e-07   3.653543960280e-02  -4.278618176573e-03   1.036047325036e-07   1.385045826821e-02  -1.622009291375e-03   3.927619427960e-08   5.412485354482e-03  -6.338491741138e-04   1.534836048031e-08   1.714967259207e-03  -2.008376022635e-04   4.863188347374e-09   5.280036179531e-04  -2.776686263350e-09   9.387405204289e-04  -2.460882706925e-09  -1.436428903960e-03   1.260860627766e-03  -6.630663628195e-09   2.241691006850e-03  -5.876531919882e-09  -3.430159544513e-03   1.108544476253e-03  -5.829657439578e-09   1.970887287927e-03  -5.166627346320e-09  -3.015784878980e-03   3.875271911954e-04  -2.037943286522e-09   6.889867129534e-04  -1.806159902792e-09  -1.054264098951e-03   5.594821712409e-05  -2.942226921657e-10   9.947064125485e-05  -2.607595768715e-10  -1.522066013802e-04  -6.424271036258e-03  -2.333529907505e+00  -7.371155361092e+00  -6.252702157774e+00  -5.683922893745e-01   1.736203533267e-01   5.171519416004e-06   0.000000000000e+00   0.000000000000e+00   0.000000000000e+00   0.000000000000e+00   0.000000000000e+00   0.000000000000e+00   0.000000000000e+00   0.000000000000e+00   0.000000000000e+00  -3.093283050417e-04  -2.045379978413e-03   3.920220806513e-04  -3.946110164740e-08  -3.204283065909e-01  -1.242939389694e+00   2.382243280534e-01  -2.397966251909e-05   0.000000000000e+00   0.000000000000e+00   0.000000000000e+00   0.000000000000e+00   0.000000000000e+00   0.000000000000e+00   0.000000000000e+00  -1.621032201876e-02  -7.210048355954e-01   0.000000000000e+00   0.000000000000e+00   0.000000000000e+00   0.000000000000e+00   0.000000000000e+00   0.000000000000e+00   0.000000000000e+00   0.000000000000e+00   0.000000000000e+00   0.000000000000e+00   0.000000000000e+00   0.000000000000e+00  -1.530162967722e-03  -9.373385902121e-03  -1.136946803838e-03   2.518200354482e-08  -5.311456296398e-01  -1.805327293362e+00  -2.189763599379e-01   4.850071656402e-06   0.000000000000e+00   0.000000000000e+00   0.000000000000e+00   0.000000000000e+00   0.000000000000e+00   0.000000000000e+00  -2.819496733675e-06  -8.961916144028e-02  -1.318502801971e+00   0.000000000000e+00   0.000000000000e+00   0.000000000000e+00   0.000000000000e+00   0.000000000000e+00  -1.762309666236e-03  -3.294031764909e-01   0.000000000000e+00   0.000000000000e+00   0.000000000000e+00   0.000000000000e+00   0.000000000000e+00  -1.760136056727e-03  -3.292596883495e-01   0.000000000000e+00   0.000000000000e+00   0.000000000000e+00
  -5.454601010951e+01  -7.851226678977e+01  -1.091353413994e+02  -1.281272311185e+02  -1.475115247042e+02  -1.514033154314e+02  -1.339730930887e+02  -1.049022921338e+02  -4.659099637844e+01  -2.361598061341e+01   5.696557233026e-03  -6.671164651661e-04   1.615391233102e-08   2.013451948035e-02  -2.357927589259e-03   5.709611072230e-08   4.722072194634e-02  -5.529957800617e-03   1.339053346302e-07   8.759697599437e-02  -1.025836879963e-02   2.484015893796e-07   1.268304553167e-01  -1.485295092547e-02   3.596572407298e-07   1.129771106844e-01  -1.323060361573e-02   3.203728614939e-07   6.009094762824e-02  -7.037173318970e-03   1.704018515335e-07   2.710864877441e-02  -3.174658869566e-03   7.687287563365e-08   9.266650267762e-03  -1.085205452641e-03   2.627774108189e-08   3.915671287264e-04  -2.059188669443e-09   6.961693399819e-04  -1.824988963938e-09  -1.065254711203e-03   1.622265437822e-03  -8.531233505880e-09   2.884234595499e-03  -7.560942437204e-09  -4.413357949882e-03   3.553387828884e-03  -1.868669614627e-08   6.317587657549e-03  -1.656138397879e-08  -9.666958352200e-03   2.792361766521e-03  -1.468458225620e-08   4.964555258566e-03  -1.301444639595e-08  -7.596594067750e-03   6.737432427281e-04  -3.543107553619e-09   1.197851796539e-03  -3.140135859988e-09  -1.832912190052e-03  -3.120804980702e-02  -3.248089235712e+00  -9.458785396690e+00  -8.042929257888e+00  -1.116237962410e+00   3.410397552289e-01   1.016119299226e-05   0.000000000000e+00   0.000000000000e+00   0.000000000000e+00   0.000000000000e+00   0.000000000000e+00   0.000000000000e+00   0.000000000000e+00   0.000000000000e+00   0.000000000000e+00  -6.322353753081e-04  -3.978069306533e-03   7.624784541336e-04  -7.676071225798e-08  -4.302397520422e-01  -1.644373681936e+00   3.151758968998e-01  -3.172745753393e-05   0.000000000000e+00   0.000000000000e+00   0.000000000000e+00   0.000000000000e+00   0.000000000000e+00   0.000000000000e+00   0.000000000000e+00  -2.319709449722e-02  -9.402007934325e-01   0.000000000000e+00   0.000000000000e+00   0.000000000000e+00   0.000000000000e+00   0.000000000000e+00   0.000000000000e+00   0.000000000000e+00   0.000000000000e+00   0.000000000000e+00   0.000000000000e+00   0.000000000000e+00   0.000000000000e+00  -2.440907972508e-03  -1.455537536954e-02  -1.765921423869e-03   3.911184808059e-08  -6.959501799296e-01  -2.347350402559e+00  -2.847690798302e-01   6.307298149149e-06   0.000000000000e+00   0.000000000000e+00   0.000000000000e+00   0.000000000000e+00   0.000000000000e+00   0.000000000000e+00  -8.873692478315e-06  -1.243212142208e-01  -1.712752441216e+00   0.000000000000e+00   0.000000000000e+00   0.000000000000e+00   0.000000000000e+00   0.000000000000e+00  -2.626791088938e-03  -4.316730459397e-01   0.000000000000e+00   0.000000000000e+00   0.000000000000e+00   0.000000000000e+00   0.000000000000e+00  -2.623611367484e-03  -4.314862017704e-01   0.000000000000e+00   0.000000000000e+00   0.000000000000e+00
  -3.121779227575e+01  -4.516108648706e+01  -6.376479384241e+01  -7.648286687476e+01  -9.311811683320e+01  -1.021659760346e+02  -1.049022921338e+02  -9.386547254285e+01  -5.112503599007e+01  -2.759502416878e+01   3.357144588825e-03  -3.931508698209e-04   9.519963927693e-09   1.246223550355e-02  -1.459436315148e-03   3.533956590582e-08   3.212996725669e-02  -3.762698996145e-03   9.111199151202e-08   7.039989126368e-02  -8.244440402640e-03   1.996352577648e-07   1.416803104323e-01  -1.659199829175e-02   4.017674571033e-07   1.863157022710e-01  -2.181919142028e-02   5.283414871932e-07   1.467686193253e-01  -1.718787933392e-02   4.161968088331e-07   8.142220075253e-02  -9.535219944405e-03   2.308934096348e-07   3.144262200112e-02  -3.682168143962e-03   8.916519194150e-08   2.603650664318e-04  -1.369218086460e-09   4.629044757718e-04  -1.213491475596e-09  -7.083207279256e-04   1.350204430459e-03  -7.100508343683e-09   2.400535842357e-03  -6.292939329869e-09  -3.673218524068e-03   4.947687554967e-03  -2.601909457076e-08   8.796520767197e-03  -2.305983960962e-08  -1.346013771559e-02   7.775688711681e-03  -4.089109800871e-08   1.382443961860e-02  -3.624039743940e-08  -2.115368862031e-02   3.564119959050e-03  -1.874275918037e-08   6.336741212803e-03  -1.661477311268e-08  -9.696275946186e-03  -1.529733970743e-01  -4.375469517036e+00  -1.135236900258e+01  -9.695488515433e+00  -2.175854673574e+00   6.652893085210e-01   1.984351309621e-05   0.000000000000e+00   0.000000000000e+00   0.000000000000e+00   0.000000000000e+00   0.000000000000e+00   0.000000000000e+00   0.000000000000e+00   0.000000000000e+00   0.000000000000e+00  -1.604391368319e-03  -9.242930511515e-03   1.771665326144e-03  -1.785238617303e-07  -5.575925871064e-01  -2.076847614655e+00   3.981070032105e-01  -4.008445898159e-05   0.000000000000e+00   0.000000000000e+00   0.000000000000e+00   0.000000000000e+00   0.000000000000e+00   0.000000000000e+00   0.000000000000e+00  -3.349099670304e-02  -1.160536930920e+00   0.000000000000e+00   0.000000000000e+00   0.000000000000e+00   0.000000000000e+00   0.000000000000e+00   0.000000000000e+00   0.000000000000e+00   0.000000000000e+00   0.000000000000e+00   0.000000000000e+00   0.000000000000e+00   0.000000000000e+00  -4.221954806877e-03  -2.398605737260e-02  -2.913160276590e-03   6.449822934976e-08  -8.660944270595e-01  -2.882187113622e+00  -3.498304003372e-01   7.748056605931e-06   0.000000000000e+00   0.000000000000e+00   0.000000000000e+00   0.000000000000e+00   0.000000000000e+00   0.000000000000e+00  -4.311457653367e-05  -1.701102806761e-01  -2.100026679254e+00   0.000000000000e+00   0.000000000000e+00   0.000000000000e+00   0.000000000000e+00   0.000000000000e+00  -4.070824860698e-03  -5.374147661465e-01   0.000000000000e+00   0.000000000000e+00   0.000000000000e+00   0.000000000000e+00   0.000000000000e+00  -4.066060584348e-03  -5.371847393219e-01   0.000000000000e+00   0.000000000000e+00   0.000000000000e+00
  -1.025547806305e+01  -1.488866019758e+01  -2.125824801885e+01  -2.590699683924e+01  -3.298371069954e+01  -3.842448630157e+01  -4.659099637844e+01  -5.112503599007e+01  -4.650359996059e+01  -3.265264058411e+01   1.125927110422e-03  -1.318558706976e-04   3.192828069457e-09   4.330352667916e-03  -5.071220118696e-04   1.227972168072e-08   1.199869264429e-02  -1.405151409182e-03   3.402508236714e-08   3.021889764028e-02  -3.538896099933e-03   8.569270934223e-08   8.496079283001e-02  -9.949648791707e-03   2.409260791753e-07   1.924647909485e-01  -2.253928988011e-02   5.457795053384e-07   3.523711037110e-01  -4.122338905972e-02   1.001912677518e-06   3.834832954195e-01  -4.439937722610e-02   1.119761516151e-06   2.525382152268e-01  -2.854206816597e-02   7.815423120291e-07   9.538949923735e-05  -5.016380630629e-10   1.695935124657e-04  -4.445847738801e-10  -2.595062404604e-04   5.910273477249e-04  -3.108117940657e-09   1.050790754368e-03  -2.754619343282e-09  -1.607884371370e-03   3.574713445379e-03  -1.879884413989e-08   6.355502587760e-03  -1.666077693567e-08  -9.724974492435e-03   1.513090019003e-02  -7.956729137642e-08   2.690202476890e-02  -7.055410625362e-08  -4.116465876285e-02   3.273338496813e-02  -1.661764325994e-07   5.935359967635e-02  -2.060701556644e-07  -9.097130227601e-02  -2.127713780983e+00  -8.318865924763e+00  -1.540806598316e+01  -1.360021103079e+01  -5.802887869583e+00   1.793206271952e+00   5.447705014390e-05  -3.274283381651e-05  -2.882414060337e-05  -1.487788458821e-04   2.950934295463e-05  -3.044271569651e-09  -8.631325703594e-04  -2.475295888592e-03   4.867199990290e-04  -4.958519366486e-08  -4.440981000232e-02  -1.617931380354e-01   3.114032410215e-02  -3.193530897056e-06  -1.161552843435e+00  -3.683963572505e+00   7.073542577430e-01  -7.154911480296e-05   4.854559538063e-04   9.785240112565e-09   7.410287986798e-04  -4.946593468516e-08  -1.184741017403e-03  -3.060121870837e-06  -6.530970141896e-04  -1.244949875032e-01  -1.881404741878e+00  -5.951649914417e-05   2.239488570338e-05   5.367759503427e-09  -1.150721082246e-08  -2.189991478572e-07  -6.549944970151e-06  -8.877956583021e-07   2.768429573585e-11  -1.444076411709e-04  -5.838289588205e-04  -7.800697351095e-05   2.132857467100e-09  -3.581929714289e-02  -1.515661552280e-01  -1.893181389961e-02   4.238340438136e-07  -1.470856076423e+00  -4.490653423750e+00  -5.496296719940e-01   1.218108086830e-05  -9.713733897272e-05   4.885240212350e-10   2.128251620325e-04   2.756123185772e-09  -3.523303256805e-04  -1.014271543799e-04  -7.808101238247e-03  -4.656634903720e-01  -3.264910175629e+00  -1.279257727447e-03  -4.962033775245e-04  -8.318871911093e-08   0.000000000000e+00  -2.499437475075e-05  -2.255128092384e-02  -9.183692881563e-01   0.000000000000e+00   0.000000000000e+00   0.000000000000e+00   0.000000000000e+00  -2.495027718160e-05  -2.253009435341e-02  -9.180039284595e-01   0.000000000000e+00   0.000000000000e+00   0.000000000000e+00
  -4.857450321578e+00  -7.056557495347e+00  -1.009652361935e+01  -1.234172148683e+01  -1.585257086611e+01  -1.870303410458e+01  -2.361598061341e+01  -2.759502416878e+01  -3.265264058411e+01  -2.938810016828e+01   5.353425810416e-04  -6.269327871348e-05   1.518088341336e-09   2.072690643693e-03  -2.427301261167e-04   5.877596165175e-09   5.823447854941e-03  -6.819764621243e-04   1.651374018813e-08   1.508675308205e-02  -1.766790181372e-03   4.278199562963e-08   4.577458093725e-02  -5.360602093538e-03   1.298044656099e-07   1.210663724923e-01  -1.417788695654e-02   3.433143573842e-07   3.144274280626e-01  -3.665368877139e-02   9.023086453098e-07   5.260967107601e-01  -5.862102239991e-02   1.681281701891e-06   5.858696850476e-01  -5.861056560054e-02   2.291468690747e-06   4.611876520523e-05  -2.425311825030e-10   8.199480492590e-05  -2.149471478969e-10  -1.254656693741e-04   2.959519885088e-04  -1.556363996689e-09   5.261746591925e-04  -1.379352538199e-09  -8.051346165821e-04   2.000924743017e-03  -1.052254200354e-08   3.557455045414e-03  -9.325771510881e-09  -5.443497047928e-03   1.130826710381e-02  -5.945693314790e-08   2.010724676936e-02  -5.280733530821e-08  -3.076771531039e-02   4.823279066030e-02  -2.218621963679e-07   9.191927232607e-02  -5.100248450664e-07  -1.414536509138e-01  -3.677035738159e+00  -9.934924950041e+00  -1.649585680637e+01  -1.574923966158e+01  -4.673146697617e+00   1.481987313307e+00   4.730032208864e-05  -3.250033269338e-02  -3.260450405570e-02  -3.487841786998e-02   7.483621258638e-03  -8.411596117497e-07  -1.326366859634e-01  -1.545391301359e-01   3.338196203833e-02  -3.608104869071e-06  -5.043486718260e-01  -9.895502283141e-01   2.024109204782e-01  -2.089656741631e-05  -2.338545668262e+00  -5.486697090380e+00   1.073776052754e+00  -1.091686727191e-04   2.219517693355e-02   4.586095144955e-07   3.298980053599e-02  -2.275791041926e-06  -5.036759909089e-02  -9.824134132804e-03  -6.288730855580e-02  -5.187240211190e-01  -2.838856207520e+00  -3.136315050266e-02   1.424271179484e-02   4.069195397955e-06  -4.681262724562e-03  -4.970751309138e-03  -1.228876435642e-02  -1.889698948375e-03   6.656937671506e-08  -4.108101133781e-02  -7.841434507400e-02  -1.332629570314e-02   5.437653257944e-07  -2.978570694644e-01  -7.839542929058e-01  -1.121530526770e-01   3.220112617359e-06  -2.383631805151e+00  -6.088922927775e+00  -7.717069917938e-01   1.784600317181e-05  -1.583582151772e-02   1.872587748096e-07   2.835691620347e-02   7.415047783946e-07  -4.278528427284e-02  -4.197138091287e-02  -2.097937847146e-01  -1.272442054114e+00  -4.553178083608e+00  -1.002170398268e-01  -4.493139013091e-02  -7.717599599781e-06  -1.145312857929e-03  -1.095809685549e-02  -1.603494610424e-01  -1.531188936572e+00  -4.728176230162e-03  -6.725556627812e-04   1.228554301497e-03  -1.144052914929e-03  -1.094849493152e-02  -1.602494872689e-01  -1.530669529371e+00  -4.723885391346e-03  -6.716650782058e-04  -1.227022028521e-03
   1.613544660329e-03   8.760178633130e-03   2.078349786078e-02   2.151534835233e-02   1.561393116052e-02   1.086379460383e-02   5.696557233026e-03   3.357144588825e-03   1.125927110422e-03   5.353425810416e-04  -3.510957657944e+02   6.698389532401e-05  -3.121939017850e-10  -2.511431941733e+02   8.140543962287e-05  -3.794088369970e-10  -1.406396738958e+02   5.283504172085e-05  -2.462499044885e-10  -6.727796521233e+01   2.689227042065e-05  -1.253376321257e-10  -2.412169912141e+01   9.951811355496e-06  -4.638271336523e-11  -8.662865495925e+00   3.616664803689e-06  -1.685630092205e-11  -2.572092333854e+00   1.079675946116e-06  -5.032078899729e-12  -9.204473328612e-01   3.870693536160e-07  -1.804026045099e-12  -2.792752364343e-01   1.175427299778e-07  -5.478350179657e-13  -1.379965572618e-03   3.288268229880e-11  -6.788496657245e-03   3.328485783333e-08   1.175643370241e-02  -2.951954957110e-04   9.998601878561e-12  -1.450829156866e-03   7.108381659505e-09   2.512427129235e-03  -5.184704281158e-05   1.897651543054e-12  -2.547546196506e-04   1.247928706308e-09   4.411563353695e-04  -8.172584936098e-06   3.069392635544e-13  -4.015314046820e-05   1.966784700529e-10   6.953246184908e-05  -8.275684132962e-07   3.138007819545e-14  -4.065833825654e-06   1.991477666966e-11   7.040715884583e-06   4.747150475693e-04   1.249737655508e-01   1.315592039638e-01   3.919666487465e-02   4.985966626353e-02  -1.653720287801e-02  -4.925558570512e-07   0.000000000000e+00   0.000000000000e+00   0.000000000000e+00   0.000000000000e+00   0.000000000000e+00   0.000000000000e+00   0.000000000000e+00   0.000000000000e+00   0.000000000000e+00   2.416298029001e-05   1.569499775410e-04  -3.144079361344e-05   3.164787125249e-09   1.057966845914e-02   3.598168343366e-02  -7.931155478072e-03   7.983393666678e-07   0.000000000000e+00   0.000000000000e+00   0.000000000000e+00   0.000000000000e+00   0.000000000000e+00   0.000000000000e+00   3.248183160028e-11   7.353174067013e-04   1.210839353134e-02   0.000000000000e+00   0.000000000000e+00   0.000000000000e+00   0.000000000000e+00   0.000000000000e+00   0.000000000000e+00   0.000000000000e+00   0.000000000000e+00   0.000000000000e+00   0.000000000000e+00   0.000000000000e+00   0.000000000000e+00   9.546620163569e-05   5.627722246338e-04   7.197570955268e-05  -1.594175870734e-09   1.118144662795e-02   3.163056491982e-02   4.629541513286e-03  -1.025387733748e-07   0.000000000000e+00   0.000000000000e+00   0.000000000000e+00   0.000000000000e+00   0.000000000000e+00   0.000000000000e+00   4.828563301779e-09   3.566147001197e-03   1.913167418991e-02   0.000000000000e+00   0.000000000000e+00   0.000000000000e+00   0.000000000000e+00   0.000000000000e+00   9.242583615643e-05   6.524162497990e-03   0.000000000000e+00   0.000000000000e+00   0.000000000000e+00   0.000000000000e+00   0.000000000000e+00   9.231845080887e-05   6.521860053623e-03   0.000000000000e+00   0.000000000000e+00   0.000000000000e+00
  -1.889601326123e-04  -1.025893213198e-03  -2.433928609773e-03  -2.519634676259e-03  -1.828527325726e-03  -1.272244964447e-03  -6.671164651661e-04  -3.931508698209e-04  -1.318558706976e-04  -6.269327871348e-05   6.698389532401e-05  -3.510954013363e+02  -3.522575521980e-10   8.140543962287e-05  -2.511427512478e+02  -4.280981384922e-10   5.283504172085e-05  -1.406393864213e+02  -2.778510024960e-10   2.689227042065e-05  -6.727781889199e+01  -1.414221329709e-10   9.951811355496e-06  -2.412164497379e+01  -5.233497829689e-11   3.616664803689e-06  -8.662845817720e+00  -1.901945959855e-11   1.079675946116e-06  -2.572086459358e+00  -5.677842474016e-12   3.870693536160e-07  -9.204452268240e-01  -2.035535592191e-12   1.175427299778e-07  -2.792745968865e-01  -6.181383471412e-13   1.174807960056e-02   3.332715306843e-08   7.954402274398e-04   3.288268229880e-11   1.372876380654e-03   2.509886906463e-03   7.121242326196e-09   1.700409971777e-04   9.998601878561e-12   2.930398927270e-04   4.406742221980e-04   1.250369553968e-09   2.985984707749e-05   1.897651543054e-12   5.143792727937e-05   6.945448153580e-05   1.970732696069e-10   4.706465614784e-06   3.069392635544e-13   8.106411765041e-06   7.032743531030e-06   1.995513918547e-11   4.765722188770e-07   3.138007819545e-14   8.208031684130e-07  -1.449863682745e-04  -3.816065355129e-02  -4.014456858006e-02  -1.193901125879e-02  -1.653496107710e-02   7.687110295937e-04   1.504279693467e-07   0.000000000000e+00   0.000000000000e+00   0.000000000000e+00   0.000000000000e+00   0.000000000000e+00   0.000000000000e+00   0.000000000000e+00   0.000000000000e+00   0.000000000000e+00  -4.630579529433e-06  -3.143741203414e-05  -1.069336390876e-06  -6.064979508762e-10  -2.027038924071e-03  -7.928571243036e-03  -3.880101686783e-03  -1.529598991700e-07   0.000000000000e+00   0.000000000000e+00   0.000000000000e+00   0.000000000000e+00   0.000000000000e+00   0.000000000000e+00  -1.104932435722e-11  -2.500359679268e-04  -4.114379124807e-03   0.000000000000e+00   0.000000000000e+00   0.000000000000e+00   0.000000000000e+00   0.000000000000e+00   0.000000000000e+00   0.000000000000e+00   0.000000000000e+00   0.000000000000e+00   0.000000000000e+00   0.000000000000e+00   0.000000000000e+00   1.156982101109e-05   7.191861115121e-05  -2.192770310911e-05  -1.932027289242e-10   1.352628626247e-03   4.617393687424e-03  -5.978855376978e-03  -1.240420806811e-08   0.000000000000e+00   0.000000000000e+00   0.000000000000e+00   0.000000000000e+00   0.000000000000e+00   0.000000000000e+00   1.795346807983e-09   1.324766599878e-03   7.095317715442e-03   0.000000000000e+00   0.000000000000e+00   0.000000000000e+00   0.000000000000e+00   0.000000000000e+00   1.146006542866e-05   8.074968422918e-04   0.000000000000e+00   0.000000000000e+00   0.000000000000e+00   0.000000000000e+00   0.000000000000e+00   1.144295773564e-05   8.069442955584e-04   0.000000000000e+00   0.000000000000e+00   0.000000000000e+00
   4.575580990219e-09   2.484152302082e-08   5.893643979008e-08   6.101177199451e-08   4.427693162588e-08   3.080681514005e-08   1.615391233102e-08   9.519963927693e-09   3.192828069457e-09   1.518088341336e-09  -3.121939017850e-10  -3.522575521980e-10  -3.510953772936e+02  -3.794088369970e-10  -4.280981384922e-10  -2.511427220288e+02  -2.462499044885e-10  -2.778510024960e-10  -1.406393674571e+02  -1.253376321257e-10  -1.414221329709e-10  -6.727780923950e+01  -4.638271336523e-11  -5.233497829689e-11  -2.412164140176e+01  -1.685630092205e-11  -1.901945959855e-11  -8.662844519583e+00  -5.032078899729e-12  -5.677842474016e-12  -2.572086071827e+00  -1.804026045099e-12  -2.035535592191e-12  -9.204450878925e-01  -5.478350179657e-13  -6.181383471412e-13  -2.792745546967e-01   3.288268229880e-11  -1.375099064963e-03   3.850748255863e-08   1.174649218561e-02  -2.114761754616e-11   9.998601878561e-12  -2.937157419566e-04   8.230382737867e-09   2.509404222903e-03  -6.430333345336e-12   1.897651543054e-12  -5.156619784651e-05   1.445222112973e-09   4.405826128697e-04  -1.220423829753e-12   3.069392635544e-13  -8.127159132257e-06   2.277902451569e-10   6.943966401051e-05  -1.973997769633e-13   3.138007819545e-14  -8.229242851383e-07   2.306568676516e-11   7.031228654448e-06  -2.018125790677e-14  -4.317950574619e-09  -1.136204869811e-06  -1.194369466338e-06  -3.544787903066e-07  -4.924135652634e-07   1.504049020721e-07  -4.281798393811e-03   0.000000000000e+00   0.000000000000e+00   0.000000000000e+00   0.000000000000e+00   0.000000000000e+00   0.000000000000e+00   0.000000000000e+00   0.000000000000e+00   0.000000000000e+00   4.660469862974e-10   3.164034072374e-09  -6.064188589612e-10  -7.094630908879e-06   2.039591915155e-07   7.977672692245e-07  -1.529001066255e-07  -5.399691429433e-03   0.000000000000e+00   0.000000000000e+00   0.000000000000e+00   0.000000000000e+00   0.000000000000e+00   0.000000000000e+00  -2.301605830648e-15  -5.207139008122e-08  -8.564838727169e-07   0.000000000000e+00   0.000000000000e+00   0.000000000000e+00   0.000000000000e+00   0.000000000000e+00   0.000000000000e+00   0.000000000000e+00   0.000000000000e+00   0.000000000000e+00   0.000000000000e+00   0.000000000000e+00   0.000000000000e+00  -2.562491269296e-10  -1.592857696811e-09  -1.931962384510e-10  -3.065063592787e-05  -2.995558257071e-08  -1.022576692707e-07  -1.240274723230e-08  -6.538893281339e-03   0.000000000000e+00   0.000000000000e+00   0.000000000000e+00   0.000000000000e+00   0.000000000000e+00   0.000000000000e+00   3.021498025544e-13   2.230079563730e-07   1.194952649490e-06   0.000000000000e+00   0.000000000000e+00   0.000000000000e+00   0.000000000000e+00   0.000000000000e+00  -1.661681195056e-05  -1.171869712011e-03   0.000000000000e+00   0.000000000000e+00   0.000000000000e+00   0.000000000000e+00   0.000000000000e+00   1.659049160928e-05   1.170961219980e-03   0.000000000000e+00   0.000000000000e+00   0.000000000000e+00
