ARMA_MAT_TXT_FN008
141 141
   1.000000000000e+00   6.945011172942e-01   2.695304464790e-01   1.542286599180e-01   7.431470861500e-02   4.515449331988e-02   2.153898691061e-02   1.231403521876e-02   4.042319039632e-03   1.914358853571e-03   7.517209803222e-16  -5.138462945574e-17  -1.468499711624e-21   6.759023282064e-17   2.193687682173e-19  -1.344099788297e-23   2.488477740417e-18  -4.372646993688e-18   4.746394615969e-24  -6.191185226480e-17   1.618900969021e-18  -1.182004627836e-22   2.884126736964e-18  -9.072880722841e-20  -1.090783939118e-27   4.697196558768e-18  -1.777452243086e-19   1.086044369922e-23   1.366019832197e-18  -4.354842630392e-20  -1.077165091712e-28   5.757784838342e-19  -1.799370400636e-20  -1.992072740219e-26  -1.158154547242e-19  -9.623095384556e-22   5.834687389156e-26   2.980340623387e-32  -7.736459333244e-39   0.000000000000e+00  -1.784911287924e-36   0.000000000000e+00  -2.354916802061e-37  -2.245823671400e-43   0.000000000000e+00   1.437327149696e-41   0.000000000000e+00   0.000000000000e+00   0.000000000000e+00   0.000000000000e+00   0.000000000000e+00   0.000000000000e+00  -1.201740326034e-35  -2.292137767857e-41   0.000000000000e+00   8.085450688924e-40   0.000000000000e+00  -7.977623967293e-36   0.000000000000e+00   0.000000000000e+00   0.000000000000e+00   0.000000000000e+00   2.149081444545e-07   2.231033960222e-04   7.466835592369e-04   6.324374546744e-04   4.089930086480e-05  -1.249244592023e-05  -3.720834704428e-10   0.000000000000e+00   0.000000000000e+00   0.000000000000e+00   0.000000000000e+00   0.000000000000e+00   0.000000000000e+00   0.000000000000e+00   0.000000000000e+00   0.000000000000e+00   2.321783497186e-08   1.580808861487e-07  -3.029777810814e-08   3.049731491702e-12   3.153515026661e-05   1.234637879462e-04  -2.366306605888e-05   2.381890760848e-09   0.000000000000e+00   0.000000000000e+00   0.000000000000e+00   0.000000000000e+00   0.000000000000e+00   0.000000000000e+00   0.000000000000e+00   1.532069801782e-06   7.230408147076e-05   0.000000000000e+00   0.000000000000e+00   0.000000000000e+00   0.000000000000e+00   0.000000000000e+00   0.000000000000e+00   0.000000000000e+00   0.000000000000e+00   0.000000000000e+00   0.000000000000e+00   0.000000000000e+00   0.000000000000e+00   1.349465723177e-07   8.402063956329e-07   1.019077112654e-07  -2.257134124900e-12   5.310291704548e-05   1.813635764829e-04   2.199738907290e-05  -4.872159026891e-10   0.000000000000e+00   0.000000000000e+00   0.000000000000e+00   0.000000000000e+00   0.000000000000e+00   0.000000000000e+00   1.610505825016e-10   8.636887560694e-06   1.325406163058e-04   0.000000000000e+00   0.000000000000e+00   0.000000000000e+00   0.000000000000e+00   0.000000000000e+00   1.623838808944e-07   3.293099219115e-05   0.000000000000e+00   0.000000000000e+00   0.000000000000e+00   0.000000000000e+00   0.000000000000e+00   1.621812999970e-07   3.291659048107e-05   0.000000000000e+00   0.000000000000e+00   0.000000000000e+00
   6.945011172942e-01   1.000000000000e+00   6.762480636260e-01   4.408506182716e-01   2.298376762740e-01   1.430634253577e-01   6.936428187226e-02   3.986038767044e-02   1.313212886115e-02   6.223248304280e-03  -3.362693351035e-15   1.387134901891e-17   1.648992279099e-21  -1.513922484662e-15   4.035285725178e-17  -1.019153956844e-21   2.173147938271e-16   0.000000000000e+00   5.426753644698e-22  -1.339992274967e-16   3.466047707274e-18  -2.115507633834e-22  -3.536098593109e-17   8.922370163897e-19   6.744572817057e-23  -2.259380946402e-18   3.786732664440e-19  -4.309427159122e-24  -2.873166756081e-18   8.978646112754e-20  -5.480130684054e-24  -1.250127515298e-18   0.000000000000e+00   0.000000000000e+00  -3.091015036011e-19   9.659421987533e-21   1.313393387688e-25  -8.153397575884e-32  -1.170631877951e-37   0.000000000000e+00   3.746022009442e-36   0.000000000000e+00  -7.124431130214e-33   0.000000000000e+00   0.000000000000e+00   0.000000000000e+00   0.000000000000e+00   8.103329795062e-34   0.000000000000e+00   0.000000000000e+00   0.000000000000e+00   0.000000000000e+00  -2.668683938445e-34  -2.284419948448e-40   0.000000000000e+00   7.310143835033e-39   0.000000000000e+00  -2.898273606683e-35   0.000000000000e+00   0.000000000000e+00   0.000000000000e+00   0.000000000000e+00   7.184844999238e-07   7.264833512920e-04   2.427934829844e-03   2.056523757681e-03   1.341591648720e-04  -4.097811151852e-05  -1.220519828011e-09   0.000000000000e+00   0.000000000000e+00   0.000000000000e+00   0.000000000000e+00   0.000000000000e+00   0.000000000000e+00   0.000000000000e+00   0.000000000000e+00   0.000000000000e+00   7.603135159708e-08   5.173255784067e-07  -9.915060552914e-08   9.980359715630e-12   1.026104873921e-04   4.016445650660e-04  -7.697918582806e-05   7.748615967399e-09   0.000000000000e+00   0.000000000000e+00   0.000000000000e+00   0.000000000000e+00   0.000000000000e+00   0.000000000000e+00   0.000000000000e+00   4.989883066949e-06   2.351615495170e-04   0.000000000000e+00   0.000000000000e+00   0.000000000000e+00   0.000000000000e+00   0.000000000000e+00   0.000000000000e+00   0.000000000000e+00   0.000000000000e+00   0.000000000000e+00   0.000000000000e+00   0.000000000000e+00   0.000000000000e+00   4.402329563206e-07   2.739956604882e-06   3.323263284132e-07  -7.360631370779e-12   1.727241104072e-04   5.898419397314e-04   7.154128128372e-05  -1.584553958866e-09   0.000000000000e+00   0.000000000000e+00   0.000000000000e+00   0.000000000000e+00   0.000000000000e+00   0.000000000000e+00   5.306912852501e-10   2.811708310181e-05   4.310504235780e-04   0.000000000000e+00   0.000000000000e+00   0.000000000000e+00   0.000000000000e+00   0.000000000000e+00   5.291914186939e-07   1.071124601620e-04   0.000000000000e+00   0.000000000000e+00   0.000000000000e+00   0.000000000000e+00   0.000000000000e+00   5.285314042576e-07   1.070656210158e-04   0.000000000000e+00   0.000000000000e+00   0.000000000000e+00
   2.695304464790e-01   6.762480636260e-01   1.000000000000e+00   8.894988147085e-01   5.816757385831e-01   3.910787882540e-01   2.002318330516e-01   1.171050165942e-01   3.906401840823e-02   1.855514622641e-02   1.863211870077e-16  -2.522193441683e-17  -8.286657854519e-22   0.000000000000e+00  -7.945121957686e-17   0.000000000000e+00   0.000000000000e+00   0.000000000000e+00   0.000000000000e+00   0.000000000000e+00   0.000000000000e+00   0.000000000000e+00   0.000000000000e+00   5.720909026023e-18  -3.491765762954e-22  -1.289126562254e-16   0.000000000000e+00  -1.229406893019e-22   1.895941214594e-17  -5.924816295607e-19   3.616220883549e-23   0.000000000000e+00   0.000000000000e+00   0.000000000000e+00  -2.049030778017e-18   0.000000000000e+00  -3.908216053041e-24  -2.086494337097e-31  -3.979672121233e-37   0.000000000000e+00   1.273495078794e-35   0.000000000000e+00  -3.323365271338e-32  -6.338816206623e-38   0.000000000000e+00   2.028421186119e-36   0.000000000000e+00   0.000000000000e+00   0.000000000000e+00   0.000000000000e+00   0.000000000000e+00   0.000000000000e+00   0.000000000000e+00   0.000000000000e+00   0.000000000000e+00   0.000000000000e+00   0.000000000000e+00   0.000000000000e+00   0.000000000000e+00   0.000000000000e+00   0.000000000000e+00   0.000000000000e+00   2.357708603830e-06   2.178659732779e-03   7.245282578036e-03   6.137717056758e-03   4.126043309444e-04  -1.260275159181e-04  -3.753688892752e-09   0.000000000000e+00   0.000000000000e+00   0.000000000000e+00   0.000000000000e+00   0.000000000000e+00   0.000000000000e+00   0.000000000000e+00   0.000000000000e+00   0.000000000000e+00   2.325198713493e-07   1.578475181199e-06  -3.025305079843e-07   3.045229303968e-11   3.069313946379e-04   1.200500674277e-03  -2.300879248216e-04   2.316032508008e-08   0.000000000000e+00   0.000000000000e+00   0.000000000000e+00   0.000000000000e+00   0.000000000000e+00   0.000000000000e+00   0.000000000000e+00   1.497554425853e-05   7.023337128803e-04   0.000000000000e+00   0.000000000000e+00   0.000000000000e+00   0.000000000000e+00   0.000000000000e+00   0.000000000000e+00   0.000000000000e+00   0.000000000000e+00   0.000000000000e+00   0.000000000000e+00   0.000000000000e+00   0.000000000000e+00   1.328727964003e-06   8.259060999941e-06   1.001732441076e-06  -2.218717748340e-11   5.159864936157e-04   1.761369212065e-03   2.136345379276e-04  -4.731749931642e-09   0.000000000000e+00   0.000000000000e+00   0.000000000000e+00   0.000000000000e+00   0.000000000000e+00   0.000000000000e+00   1.658308815401e-09   8.425025841535e-05   1.287123773225e-03   0.000000000000e+00   0.000000000000e+00   0.000000000000e+00   0.000000000000e+00   0.000000000000e+00   1.591483410963e-06   3.199834115820e-04   0.000000000000e+00   0.000000000000e+00   0.000000000000e+00   0.000000000000e+00   0.000000000000e+00   1.589500318180e-06   3.198435313872e-04   0.000000000000e+00   0.000000000000e+00   0.000000000000e+00
   1.542286599180e-01   4.408506182716e-01   8.894988147085e-01   1.000000000000e+00   8.341666046278e-01   6.220985043066e-01   3.456229975029e-01   2.078878081723e-01   7.077705938478e-02   3.374813546942e-02  -4.204640924664e-16   2.353192631096e-17  -7.271628879067e-22  -2.796170900490e-15   8.738034064031e-17  -5.333272744160e-21  -1.661973578696e-15   5.193667433424e-17   0.000000000000e+00  -1.675127236671e-15   2.617386307298e-17   0.000000000000e+00  -6.243945288745e-16   0.000000000000e+00   0.000000000000e+00  -2.282433334863e-16   0.000000000000e+00   0.000000000000e+00  -6.836671404066e-17   1.068229906885e-18   0.000000000000e+00  -2.453975923075e-17   3.834337379804e-19  -2.340293810916e-23   3.728279692271e-18   0.000000000000e+00   7.111129173796e-24  -2.619522230028e-31   0.000000000000e+00   0.000000000000e+00   0.000000000000e+00   0.000000000000e+00  -9.947002706350e-32  -9.486201006269e-38   0.000000000000e+00   6.071168644012e-36   0.000000000000e+00  -8.788552292567e-33  -1.676283319963e-38   0.000000000000e+00   5.364106623881e-37   0.000000000000e+00   0.000000000000e+00   0.000000000000e+00   0.000000000000e+00   0.000000000000e+00   0.000000000000e+00   0.000000000000e+00   0.000000000000e+00   0.000000000000e+00   0.000000000000e+00   0.000000000000e+00   5.009423377182e-06   4.000687677039e-03   1.319648341315e-02   1.118154062413e-02   7.894106315016e-04  -2.411207383590e-04  -7.181703382766e-09   0.000000000000e+00   0.000000000000e+00   0.000000000000e+00   0.000000000000e+00   0.000000000000e+00   0.000000000000e+00   0.000000000000e+00   0.000000000000e+00   0.000000000000e+00   4.410827141296e-07   2.982938671577e-06  -5.717099402933e-07   5.754751397309e-11   5.612565658343e-04   2.192472283180e-03  -4.202091749506e-04   4.229766121380e-08   0.000000000000e+00   0.000000000000e+00   0.000000000000e+00   0.000000000000e+00   0.000000000000e+00   0.000000000000e+00   0.000000000000e+00   2.753612647875e-05   1.280988235812e-03   0.000000000000e+00   0.000000000000e+00   0.000000000000e+00   0.000000000000e+00   0.000000000000e+00   0.000000000000e+00   0.000000000000e+00   0.000000000000e+00   0.000000000000e+00   0.000000000000e+00   0.000000000000e+00   0.000000000000e+00   2.466288072489e-06   1.529659133511e-05   1.855306768938e-06  -4.109282966254e-11   9.414995355555e-04   3.211793986955e-03   3.895549664555e-04  -8.628177371400e-09   0.000000000000e+00   0.000000000000e+00   0.000000000000e+00   0.000000000000e+00   0.000000000000e+00   0.000000000000e+00   3.259806765682e-09   1.545044344203e-04   2.346822850743e-03   0.000000000000e+00   0.000000000000e+00   0.000000000000e+00   0.000000000000e+00   0.000000000000e+00   2.936401784762e-06   5.838656075932e-04   0.000000000000e+00   0.000000000000e+00   0.000000000000e+00   0.000000000000e+00   0.000000000000e+00   2.932748443467e-06   5.836105091310e-04   0.000000000000e+00   0.000000000000e+00   0.000000000000e+00
   7.431470861500e-02   2.298376762740e-01   5.816757385831e-01   8.341666046278e-01   1.000000000000e+00   9.200473029543e-01   6.255245854815e-01   4.071890760907e-01   1.473833184854e-01   7.111825507076e-02  -1.756713562982e-15   2.457860442587e-17  -2.726949922237e-21   2.271812220207e-15   0.000000000000e+00   0.000000000000e+00  -1.824759768489e-15   0.000000000000e+00  -3.480453049638e-21   1.189542317332e-15  -3.717319741663e-17   2.268871912636e-21   0.000000000000e+00   0.000000000000e+00   0.000000000000e+00   0.000000000000e+00  -6.931640870079e-18   0.000000000000e+00  -7.012286748988e-17   0.000000000000e+00  -1.337487554357e-22   0.000000000000e+00  -8.016012682890e-19   0.000000000000e+00   0.000000000000e+00   0.000000000000e+00  -1.500424673956e-23   0.000000000000e+00   0.000000000000e+00   0.000000000000e+00   0.000000000000e+00   0.000000000000e+00   0.000000000000e+00   0.000000000000e+00   0.000000000000e+00   0.000000000000e+00   0.000000000000e+00   0.000000000000e+00   0.000000000000e+00   0.000000000000e+00   0.000000000000e+00   0.000000000000e+00   0.000000000000e+00   0.000000000000e+00   0.000000000000e+00   0.000000000000e+00   0.000000000000e+00  -2.946458155956e-34   0.000000000000e+00   0.000000000000e+00   0.000000000000e+00   0.000000000000e+00   1.660641984600e-05   8.681711302985e-03   2.793272225309e-02   2.368362315416e-02   1.933017442250e-03  -5.904285733392e-04  -1.758572452660e-08   0.000000000000e+00   0.000000000000e+00   0.000000000000e+00   0.000000000000e+00   0.000000000000e+00   0.000000000000e+00   0.000000000000e+00   0.000000000000e+00   0.000000000000e+00   1.058363400911e-06   7.073196853150e-06  -1.355648706133e-06   1.364576813528e-10   1.202747140235e-03   4.679851435658e-03  -8.969401920179e-04   9.028473111153e-08   0.000000000000e+00   0.000000000000e+00   0.000000000000e+00   0.000000000000e+00   0.000000000000e+00   0.000000000000e+00   0.000000000000e+00   6.003233747898e-05   2.723185205282e-03   0.000000000000e+00   0.000000000000e+00   0.000000000000e+00   0.000000000000e+00   0.000000000000e+00   0.000000000000e+00   0.000000000000e+00   0.000000000000e+00   0.000000000000e+00   0.000000000000e+00   0.000000000000e+00   0.000000000000e+00   5.535880472035e-06   3.410295054557e-05   4.136309430110e-06  -9.161431504958e-11   2.004077433997e-03   6.822622025618e-03   8.275083349440e-04  -1.832832155927e-08   0.000000000000e+00   0.000000000000e+00   0.000000000000e+00   0.000000000000e+00   0.000000000000e+00   0.000000000000e+00   8.721275585519e-09   3.340711370962e-04   4.983899678449e-03   0.000000000000e+00   0.000000000000e+00   0.000000000000e+00   0.000000000000e+00   0.000000000000e+00   6.470675942250e-06   1.242853440185e-03   0.000000000000e+00   0.000000000000e+00   0.000000000000e+00   0.000000000000e+00   0.000000000000e+00   6.462663913912e-06   1.242311336190e-03   0.000000000000e+00   0.000000000000e+00   0.000000000000e+00
   4.515449331988e-02   1.430634253577e-01   3.910787882540e-01   6.220985043066e-01   9.200473029543e-01   1.000000000000e+00   8.372650685669e-01   6.018388635480e-01   2.373059174008e-01   1.165511154715e-01  -4.675818809909e-16   1.074465850319e-17   2.970262045374e-21   1.673332410024e-15   0.000000000000e+00   0.000000000000e+00   0.000000000000e+00   4.948000694408e-17   0.000000000000e+00   0.000000000000e+00   3.899368914176e-17   0.000000000000e+00   0.000000000000e+00  -2.203945305146e-17   1.345181460661e-21   0.000000000000e+00   0.000000000000e+00   0.000000000000e+00   0.000000000000e+00  -3.452436142812e-18   0.000000000000e+00  -4.154235454260e-17   0.000000000000e+00   0.000000000000e+00  -1.291622269897e-17   0.000000000000e+00   0.000000000000e+00  -1.448645411999e-32  -1.759287779042e-37   0.000000000000e+00   0.000000000000e+00   0.000000000000e+00   0.000000000000e+00   0.000000000000e+00   0.000000000000e+00   0.000000000000e+00   0.000000000000e+00   0.000000000000e+00   0.000000000000e+00   0.000000000000e+00   0.000000000000e+00   0.000000000000e+00   0.000000000000e+00   0.000000000000e+00   0.000000000000e+00   0.000000000000e+00   0.000000000000e+00   0.000000000000e+00   0.000000000000e+00   0.000000000000e+00   2.887321615819e-38   0.000000000000e+00   4.962722216676e-05   1.484605635467e-02   4.608176607500e-02   3.911245651676e-02   3.889177449749e-03  -1.187925904303e-03  -3.538198971797e-08   0.000000000000e+00   0.000000000000e+00   0.000000000000e+00   0.000000000000e+00   0.000000000000e+00   0.000000000000e+00   0.000000000000e+00   0.000000000000e+00   0.000000000000e+00   2.099280164691e-06   1.378386603037e-05  -2.641815368290e-06   2.659213984332e-10   2.021320682312e-03   7.818201404605e-03  -1.498436257111e-03   1.508304742779e-07   0.000000000000e+00   0.000000000000e+00   0.000000000000e+00   0.000000000000e+00   0.000000000000e+00   0.000000000000e+00   0.000000000000e+00   1.035161750881e-04   4.522065049505e-03   0.000000000000e+00   0.000000000000e+00   0.000000000000e+00   0.000000000000e+00   0.000000000000e+00   0.000000000000e+00   0.000000000000e+00   0.000000000000e+00   0.000000000000e+00   0.000000000000e+00   0.000000000000e+00   0.000000000000e+00   9.966874683939e-06   6.077682555528e-05   7.371554444843e-06  -1.632711291856e-10   3.334412148138e-03   1.131643557411e-02   1.372558046492e-03  -3.040052187097e-08   0.000000000000e+00   0.000000000000e+00   0.000000000000e+00   0.000000000000e+00   0.000000000000e+00   0.000000000000e+00   2.024452142405e-08   5.689771161120e-04   8.263429449060e-03   0.000000000000e+00   0.000000000000e+00   0.000000000000e+00   0.000000000000e+00   0.000000000000e+00   1.133803927218e-05   2.067984286714e-03   0.000000000000e+00   0.000000000000e+00   0.000000000000e+00   0.000000000000e+00   0.000000000000e+00   1.132410146105e-05   2.067084576687e-03   0.000000000000e+00   0.000000000000e+00   0.000000000000e+00
   2.153898691061e-02   6.936428187226e-02   2.002318330516e-01   3.456229975029e-01   6.255245854815e-01   8.372650685669e-01   1.000000000000e+00   9.027156615480e-01   4.546576129505e-01   2.366151515852e-01  -4.880856775173e-16   1.508417449655e-17   0.000000000000e+00   0.000000000000e+00   0.000000000000e+00   1.754960058926e-21   1.011732356386e-15   0.000000000000e+00   0.000000000000e+00   9.948791439918e-16   3.108997324974e-17   0.000000000000e+00  -1.563944741759e-15   2.443663658998e-17  -1.491493932494e-21   0.000000000000e+00   1.482275639829e-17   0.000000000000e+00   1.978602558274e-16   6.183132994607e-18   0.000000000000e+00   0.000000000000e+00   2.534216995288e-18  -1.546763302788e-22  -2.638831597219e-17   8.246348741310e-19  -5.033171839178e-23   0.000000000000e+00   0.000000000000e+00   0.000000000000e+00   4.303477926225e-37   0.000000000000e+00  -4.596491663248e-32   0.000000000000e+00   0.000000000000e+00   0.000000000000e+00   0.000000000000e+00   0.000000000000e+00   0.000000000000e+00   0.000000000000e+00   0.000000000000e+00   0.000000000000e+00   0.000000000000e+00   0.000000000000e+00   0.000000000000e+00   0.000000000000e+00   0.000000000000e+00   0.000000000000e+00  -1.712999512531e-39   0.000000000000e+00   0.000000000000e+00   0.000000000000e+00   4.608531234625e-04   3.437738190274e-02   9.565994885359e-02   8.150092087014e-02   1.367832863388e-02  -4.177963366727e-03  -1.244392906562e-07   0.000000000000e+00   0.000000000000e+00   0.000000000000e+00   0.000000000000e+00   0.000000000000e+00   0.000000000000e+00   0.000000000000e+00   0.000000000000e+00   0.000000000000e+00   7.858360489939e-06   4.864136137365e-05  -9.322601926648e-06   9.383999242064e-10   4.467410425560e-03   1.693079579803e-02  -3.244955837356e-03   3.266326649778e-07   0.000000000000e+00   0.000000000000e+00   0.000000000000e+00   0.000000000000e+00   0.000000000000e+00   0.000000000000e+00   0.000000000000e+00   2.492996377977e-04   9.602569906914e-03   0.000000000000e+00   0.000000000000e+00   0.000000000000e+00   0.000000000000e+00   0.000000000000e+00   0.000000000000e+00   0.000000000000e+00   0.000000000000e+00   0.000000000000e+00   0.000000000000e+00   0.000000000000e+00   0.000000000000e+00   2.763434669105e-05   1.627871395234e-04   1.974427342911e-05  -4.373120814396e-10   7.127480030945e-03   2.393258164070e-02   2.902756551667e-03  -6.429259167624e-08   0.000000000000e+00   0.000000000000e+00   0.000000000000e+00   0.000000000000e+00   0.000000000000e+00   0.000000000000e+00   1.227270998549e-07   1.314562615392e-03   1.745495483861e-02   0.000000000000e+00   0.000000000000e+00   0.000000000000e+00   0.000000000000e+00   0.000000000000e+00   2.881684460161e-05   4.421531935142e-03   0.000000000000e+00   0.000000000000e+00   0.000000000000e+00   0.000000000000e+00   0.000000000000e+00   2.878228250491e-05   4.419625114138e-03   0.000000000000e+00   0.000000000000e+00   0.000000000000e+00
   1.231403521876e-02   3.986038767044e-02   1.171050165942e-01   2.078878081723e-01   4.071890760907e-01   6.018388635480e-01   9.027156615480e-01   1.000000000000e+00   6.832025855808e-01   3.894677175318e-01  -1.419622050573e-16   9.627396269744e-20   5.369890346728e-22   1.102813554332e-15  -1.723146178644e-17   1.051724962552e-21   6.417625496685e-16   0.000000000000e+00   1.224064921700e-21   0.000000000000e+00   2.179275856581e-17   0.000000000000e+00  -6.678595059720e-16   0.000000000000e+00   0.000000000000e+00   5.117719520867e-16   0.000000000000e+00   0.000000000000e+00   0.000000000000e+00  -8.443942279193e-18   0.000000000000e+00   0.000000000000e+00  -3.918026815759e-18   0.000000000000e+00   4.389479406011e-17  -1.371712314379e-18   0.000000000000e+00   0.000000000000e+00   0.000000000000e+00   0.000000000000e+00   0.000000000000e+00   0.000000000000e+00   0.000000000000e+00   0.000000000000e+00   0.000000000000e+00   0.000000000000e+00   0.000000000000e+00   0.000000000000e+00   0.000000000000e+00   0.000000000000e+00   0.000000000000e+00   0.000000000000e+00  -7.002379374197e-33   0.000000000000e+00   0.000000000000e+00   0.000000000000e+00   0.000000000000e+00   0.000000000000e+00   0.000000000000e+00   0.000000000000e+00   0.000000000000e+00   0.000000000000e+00   3.496468898254e-03   6.805145747200e-02   1.633566034001e-01   1.401995164358e-01   4.042983345220e-02  -1.234904991739e-02  -3.678124667717e-07   0.000000000000e+00   0.000000000000e+00   0.000000000000e+00   0.000000000000e+00   0.000000000000e+00   0.000000000000e+00   0.000000000000e+00   0.000000000000e+00   0.000000000000e+00   3.249624216982e-05   1.826647095310e-04  -3.500951299292e-05   3.524008061006e-09   8.474067191116e-03   3.101099499731e-02  -5.943566412305e-03   5.982709885832e-07   0.000000000000e+00   0.000000000000e+00   0.000000000000e+00   0.000000000000e+00   0.000000000000e+00   0.000000000000e+00   0.000000000000e+00   5.440877861101e-04   1.706510658426e-02   0.000000000000e+00   0.000000000000e+00   0.000000000000e+00   0.000000000000e+00   0.000000000000e+00   0.000000000000e+00   0.000000000000e+00   0.000000000000e+00   0.000000000000e+00   0.000000000000e+00   0.000000000000e+00   0.000000000000e+00   7.508207520319e-05   4.172669061665e-04   5.060984493242e-05  -1.120947636194e-09   1.280804821373e-02   4.221522376458e-02   5.120238142395e-03  -1.134071611982e-07   0.000000000000e+00   0.000000000000e+00   0.000000000000e+00   0.000000000000e+00   0.000000000000e+00   0.000000000000e+00   9.868678919251e-07   2.678906147468e-03   3.073900122648e-02   0.000000000000e+00   0.000000000000e+00   0.000000000000e+00   0.000000000000e+00   0.000000000000e+00   6.874326097212e-05   7.950989566324e-03   0.000000000000e+00   0.000000000000e+00   0.000000000000e+00   0.000000000000e+00   0.000000000000e+00   6.866420974869e-05   7.947612821492e-03   0.000000000000e+00   0.000000000000e+00   0.000000000000e+00
   4.042319039632e-03   1.313212886115e-02   3.906401840823e-02   7.077705938478e-02   1.473833184854e-01   2.373059174008e-01   4.546576129505e-01   6.832025855808e-01   1.000000000000e+00   8.360504985241e-01  -1.027877630324e-16   1.431836810470e-18   0.000000000000e+00   0.000000000000e+00   5.850752499091e-18   0.000000000000e+00   4.550632569755e-16  -7.110363390243e-18   4.339821405178e-22   2.687938829154e-16   0.000000000000e+00   0.000000000000e+00  -3.146036547957e-16   9.831364212365e-18   0.000000000000e+00   3.340957069005e-16   0.000000000000e+00   6.372369897852e-22   0.000000000000e+00   9.146708935319e-18  -5.582708090405e-22   0.000000000000e+00   0.000000000000e+00   0.000000000000e+00   0.000000000000e+00   0.000000000000e+00   0.000000000000e+00  -5.933074001863e-33  -1.131644058583e-38   0.000000000000e+00   3.621260987465e-37   0.000000000000e+00   0.000000000000e+00  -2.183596278263e-38   0.000000000000e+00   0.000000000000e+00   0.000000000000e+00  -7.987638894649e-33  -1.523521212511e-38   0.000000000000e+00   4.875267880035e-37   0.000000000000e+00   0.000000000000e+00  -9.395757228641e-39   0.000000000000e+00   0.000000000000e+00   0.000000000000e+00  -1.857768967054e-33  -3.543413099391e-39   0.000000000000e+00   1.133892191805e-37   0.000000000000e+00   8.108551498296e-02   2.496259924851e-01   4.201688593208e-01   3.820819936722e-01   1.743975059755e-01  -5.326867124756e-02  -1.586590183398e-06   8.212202907923e-07   6.529946750732e-07   5.761035854618e-06  -1.104159966765e-06   1.111431805495e-10   3.991333773586e-05   1.186324188498e-04  -2.273708599635e-05   2.288682917444e-09   2.004393577088e-03   7.054185066321e-03  -1.352004907614e-03   1.360909017477e-07   3.762632007574e-02   1.125374788137e-01  -2.156892996372e-02   2.171097983420e-06  -2.236269648931e-05  -4.314260970086e-10  -3.491960143645e-05   2.250997399195e-09   5.619649014327e-05   1.247078274587e-07   3.219512044482e-05   4.673149443766e-03   5.621743852610e-02   2.703851291093e-06  -9.197674040247e-07  -1.915901779605e-10   1.431393576601e-08   6.991697120079e-09   2.805907667151e-07   3.403254603482e-08  -7.537802592033e-13   7.075028553639e-06   2.900006483940e-05   3.517386025257e-06  -7.790590063768e-11   1.516336383907e-03   6.161138177842e-03   7.472776852891e-04  -1.655130846625e-08   4.472544202880e-02   1.316630983778e-01   1.596927264958e-02  -3.537003215914e-07   4.302495705532e-06  -1.155824322413e-11  -1.039085118561e-05  -9.529514262079e-11   1.747563720721e-05   5.196695069302e-06   3.932314326953e-04   1.642750594248e-02   9.603728200498e-02   6.796356183354e-05   2.527007645358e-05   4.252854421793e-09   0.000000000000e+00   1.251083331494e-06   9.142619409593e-04   2.805741718499e-02   0.000000000000e+00   0.000000000000e+00   0.000000000000e+00   0.000000000000e+00   1.248825413943e-06   9.134327068384e-04   2.804657401207e-02   0.000000000000e+00   0.000000000000e+00   0.000000000000e+00
   1.914358853571e-03   6.223248304280e-03   1.855514622641e-02   3.374813546942e-02   7.111825507076e-02   1.165511154715e-01   2.366151515852e-01   3.894677175318e-01   8.360504985241e-01   1.000000000000e+00  -2.171887621694e-17   1.919462465646e-18   4.142546885861e-23  -8.922698818258e-17   2.788343380706e-18  -1.701869739200e-22   1.093445972684e-16   3.417018664639e-18   0.000000000000e+00   0.000000000000e+00   4.105702701705e-18  -2.505922059146e-22  -1.609663338523e-16   0.000000000000e+00   0.000000000000e+00   1.875868503611e-16   0.000000000000e+00   0.000000000000e+00  -2.029686408995e-16   6.342770028111e-18  -3.871319597236e-22   0.000000000000e+00   0.000000000000e+00   0.000000000000e+00   1.269692605237e-16   0.000000000000e+00   2.421746454691e-22  -6.905468078431e-33  -5.376383441843e-39   0.000000000000e+00   3.440885402780e-37   0.000000000000e+00   0.000000000000e+00   0.000000000000e+00   0.000000000000e+00   0.000000000000e+00   0.000000000000e+00  -4.063331108688e-33  -7.750189034820e-39   0.000000000000e+00   2.480060491143e-37   0.000000000000e+00   0.000000000000e+00   0.000000000000e+00   0.000000000000e+00   0.000000000000e+00   0.000000000000e+00   0.000000000000e+00   0.000000000000e+00   0.000000000000e+00   0.000000000000e+00   0.000000000000e+00   1.551928940844e-01   3.827554505154e-01   6.229407725673e-01   6.455957027413e-01   1.362192892647e-01  -4.160736414680e-02  -1.239261914486e-06   7.750777269602e-04   7.907735153388e-04   1.514486416020e-03  -2.902664230840e-04   2.921780759974e-08   6.516539895647e-03   8.373195435844e-03  -1.604806397230e-03   1.615375421342e-07   2.849278729751e-02   5.491401614635e-02  -1.052481876059e-02   1.059413370316e-06   1.143786455111e-01   2.437221550767e-01  -4.671178125610e-02   4.701941832888e-06  -1.079565428961e-03  -2.082721552406e-08  -1.685753528064e-03   1.086675291602e-07   2.712901282572e-03   5.655405679310e-04   3.691738202183e-03   2.901203476527e-02   1.305464402144e-01   1.737619906672e-03  -5.910850777948e-04  -1.231247103876e-07   1.642018771170e-04   1.802320790019e-04   6.448298280628e-04   7.821070188834e-05  -1.732273661851e-09   2.335402763993e-03   4.575736092538e-03   5.549860069723e-04  -1.229227739123e-08   1.739740590090e-02   4.434559897762e-02   5.378629013050e-03  -1.191302104599e-07   1.118723441766e-01   2.664338935553e-01   3.231547443208e-02  -7.157491734168e-07   6.320147558637e-04  -1.697847196016e-09  -1.526363237702e-03  -1.399837220547e-08   2.567082302691e-03   2.713284480090e-03   1.350464571065e-02   6.835140517472e-02   2.040548081106e-01   6.693014471970e-03   2.488583335668e-03   4.188187820697e-07   7.395610226139e-05   6.858873586934e-04   9.540783055946e-03   7.311713291938e-02   2.945186940966e-04   3.655337896559e-05  -5.297652918829e-05   7.387248771751e-05   6.852455676255e-04   9.534883336385e-03   7.309356336942e-02   2.942254241020e-04   3.650488374933e-05   5.290140888074e-05
   7.517209803222e-16  -3.362693351035e-15   1.863211870077e-16  -4.204640924664e-16  -1.756713562982e-15  -4.675818809909e-16  -4.880856775173e-16  -1.419622050573e-16  -1.027877630324e-16  -2.171887621694e-17   1.000000000000e+00  -2.359342417981e-31   1.173643968896e-35   6.662648272438e-01  -2.054398101224e-31   2.089974705442e-36   3.519913709766e-01  -9.415856202356e-32   0.000000000000e+00   1.623436691107e-01   0.000000000000e+00   0.000000000000e+00   5.689012195564e-02   0.000000000000e+00   0.000000000000e+00   2.023770726513e-02  -1.213299380319e-32   7.405391725580e-37   5.981526321979e-03  -1.543319474351e-34   8.681074293505e-38   2.137260171633e-03   0.000000000000e+00   0.000000000000e+00   6.479933203526e-04   0.000000000000e+00   0.000000000000e+00   2.819962964877e-17   1.393862570781e-51   9.742556527841e-16  -1.686334414038e-21  -1.687460290183e-15  -1.413720146220e-19  -1.922967753671e-53  -1.170835352125e-16   6.053730001238e-22   2.027946317179e-16   1.567107482194e-18   4.772650807079e-53   5.372690959673e-17  -8.062312340153e-23  -9.305773715520e-17   2.011569760605e-19  -7.092097749883e-55   6.267164668856e-19   1.747898955290e-25  -1.085504762586e-18   4.100599718999e-20   7.167337636849e-55   3.841407260401e-19  -1.011482924113e-24  -6.653512547578e-19  -1.078029021534e-06  -2.895826701655e-04  -3.047338911633e-04  -9.050960002273e-05  -1.149688009945e-04   3.812749616814e-05   1.135615169689e-09   0.000000000000e+00   0.000000000000e+00   0.000000000000e+00   0.000000000000e+00   0.000000000000e+00   0.000000000000e+00   0.000000000000e+00   0.000000000000e+00   0.000000000000e+00  -5.572102754846e-08  -3.621457983677e-07   7.254539089050e-08  -7.302316440067e-12  -2.450892114741e-05  -8.336297858976e-05   1.837682526243e-05  -1.849785239046e-09   0.000000000000e+00   0.000000000000e+00   0.000000000000e+00   0.000000000000e+00   0.000000000000e+00   0.000000000000e+00  -2.489135514521e-12  -1.702527793637e-06  -2.803467600284e-05   0.000000000000e+00   0.000000000000e+00   0.000000000000e+00   0.000000000000e+00   0.000000000000e+00   0.000000000000e+00   0.000000000000e+00   0.000000000000e+00   0.000000000000e+00   0.000000000000e+00   0.000000000000e+00   0.000000000000e+00  -2.207899622040e-07  -1.301971763286e-06  -1.665160441984e-07   3.688131555863e-12  -2.589622591332e-05  -7.324484272142e-05  -1.072304787863e-05   2.375027070010e-10   0.000000000000e+00   0.000000000000e+00   0.000000000000e+00   0.000000000000e+00   0.000000000000e+00   0.000000000000e+00  -5.084097165272e-10  -8.259429950935e-06  -4.428605312661e-05   0.000000000000e+00   0.000000000000e+00   0.000000000000e+00   0.000000000000e+00   0.000000000000e+00  -2.139090722893e-07  -1.510841291755e-05   0.000000000000e+00   0.000000000000e+00   0.000000000000e+00   0.000000000000e+00   0.000000000000e+00  -2.136604889655e-07  -1.510308227337e-05   0.000000000000e+00   0.000000000000e+00   0.000000000000e+00
  -5.138462945574e-17   1.387134901891e-17  -2.522193441683e-17   2.353192631096e-17   2.457860442587e-17   1.074465850319e-17   1.508417449655e-17   9.627396269744e-20   1.431836810470e-18   1.919462465646e-18  -2.359342417981e-31   1.000000000000e+00  -8.598100741839e-38  -2.054398101224e-31   6.662648272438e-01   0.000000000000e+00  -9.415856202356e-32   3.519913709766e-01   0.000000000000e+00   0.000000000000e+00   1.623436691107e-01  -4.180652241068e-38   0.000000000000e+00   5.689012195564e-02   0.000000000000e+00  -1.213299380319e-32   2.023770726513e-02  -1.390304406361e-38  -1.543319474351e-34   5.981526321979e-03   0.000000000000e+00   0.000000000000e+00   2.137260171633e-03  -4.725197207155e-40   0.000000000000e+00   6.479933203526e-04  -3.149786815192e-42  -1.687460290183e-15  -1.686334414038e-21  -1.628106376876e-17   1.393862570781e-51  -2.819962964877e-17   2.027946317179e-16   6.053730001238e-22   8.162117069790e-20  -1.922967753671e-53   1.413720146220e-19  -9.305773715520e-17  -8.062312340153e-23  -9.047699266939e-19   4.772650807079e-53  -1.567107482194e-18  -1.085504762586e-18   1.747898955290e-25  -1.161380342779e-19  -7.092097749883e-55  -2.011569760605e-19  -6.653512547578e-19  -1.011482924113e-24  -2.367482351603e-20   7.167337636849e-55  -4.100599718999e-20   3.292774929448e-07   8.845128816352e-05   9.307913766063e-05   2.764561397475e-05   3.812749616814e-05  -1.788144920309e-06  -3.468668361944e-10   0.000000000000e+00   0.000000000000e+00   0.000000000000e+00   0.000000000000e+00   0.000000000000e+00   0.000000000000e+00   0.000000000000e+00   0.000000000000e+00   0.000000000000e+00   1.067949054279e-08   7.254539089050e-08   2.461067898753e-09   1.399561759594e-12   4.697379124605e-06   1.837682526243e-05   8.997357313233e-06   3.545297858945e-10   0.000000000000e+00   0.000000000000e+00   0.000000000000e+00   0.000000000000e+00   0.000000000000e+00   0.000000000000e+00   8.467276724865e-13   5.791478156333e-07   9.536538216709e-06   0.000000000000e+00   0.000000000000e+00   0.000000000000e+00   0.000000000000e+00   0.000000000000e+00   0.000000000000e+00   0.000000000000e+00   0.000000000000e+00   0.000000000000e+00   0.000000000000e+00   0.000000000000e+00   0.000000000000e+00  -2.677937211086e-08  -1.665160441984e-07   5.071940795606e-08   4.473294272183e-13  -3.140924809612e-06  -1.072304787863e-05   1.386371347844e-05   2.880644257839e-11   0.000000000000e+00   0.000000000000e+00   0.000000000000e+00   0.000000000000e+00   0.000000000000e+00   0.000000000000e+00  -1.890358901120e-10  -3.071004825119e-06  -1.646635223559e-05   0.000000000000e+00   0.000000000000e+00   0.000000000000e+00   0.000000000000e+00   0.000000000000e+00  -2.654873711006e-08  -1.875139181362e-06   0.000000000000e+00   0.000000000000e+00   0.000000000000e+00   0.000000000000e+00   0.000000000000e+00  -2.650910041278e-08  -1.873856633323e-06   0.000000000000e+00   0.000000000000e+00   0.000000000000e+00
  -1.468499711624e-21   1.648992279099e-21  -8.286657854519e-22  -7.271628879067e-22  -2.726949922237e-21   2.970262045374e-21   0.000000000000e+00   5.369890346728e-22   0.000000000000e+00   4.142546885861e-23   1.173643968896e-35  -8.598100741839e-38   1.000000000000e+00   2.089974705442e-36   0.000000000000e+00   6.662648272438e-01   0.000000000000e+00   0.000000000000e+00   3.519913709766e-01   0.000000000000e+00  -4.180652241068e-38   1.623436691107e-01   0.000000000000e+00   0.000000000000e+00   5.689012195564e-02   7.405391725580e-37  -1.390304406361e-38   2.023770726513e-02   8.681074293505e-38   0.000000000000e+00   5.981526321979e-03   0.000000000000e+00  -4.725197207155e-40   2.137260171633e-03   0.000000000000e+00  -3.149786815192e-42   6.479933203526e-04   1.393862570781e-51   2.819962964877e-17  -1.947211255777e-21  -1.687460290183e-15   0.000000000000e+00  -1.922967753671e-53  -1.413720146220e-19   6.990245291633e-22   2.027946317179e-16   0.000000000000e+00   4.772650807079e-53   1.567107482194e-18  -9.309556399756e-23  -9.305773715520e-17   0.000000000000e+00  -7.092097749883e-55   2.011569760605e-19   2.018299864706e-25  -1.085504762586e-18   0.000000000000e+00   7.167337636849e-55   4.100599718999e-20  -1.167959877035e-24  -6.653512547578e-19   0.000000000000e+00   9.807423870068e-12   2.634493074868e-09   2.772332078740e-09   8.234156910447e-10   1.135615169689e-09  -3.468668361944e-10   9.857669884845e-06   0.000000000000e+00   0.000000000000e+00   0.000000000000e+00   0.000000000000e+00   0.000000000000e+00   0.000000000000e+00   0.000000000000e+00   0.000000000000e+00   0.000000000000e+00  -1.074982413147e-12  -7.302316440067e-12   1.399561759594e-12   1.636511529655e-08  -4.728315387894e-10  -1.849785239046e-09   3.545297858945e-10   1.251945908060e-05   0.000000000000e+00   0.000000000000e+00   0.000000000000e+00   0.000000000000e+00   0.000000000000e+00   0.000000000000e+00   1.763757932124e-16   1.206381445756e-10   1.986488155670e-09   0.000000000000e+00   0.000000000000e+00   0.000000000000e+00   0.000000000000e+00   0.000000000000e+00   0.000000000000e+00   0.000000000000e+00   0.000000000000e+00   0.000000000000e+00   0.000000000000e+00   0.000000000000e+00   0.000000000000e+00   5.931311172069e-13   3.688131555863e-12   4.473294272183e-13   7.091595612934e-08   6.956773421255e-11   2.375027070009e-10   2.880644257839e-11   1.516430018219e-05   0.000000000000e+00   0.000000000000e+00   0.000000000000e+00   0.000000000000e+00   0.000000000000e+00   0.000000000000e+00  -3.181399639281e-14  -5.168380267408e-10  -2.771222281206e-09   0.000000000000e+00   0.000000000000e+00   0.000000000000e+00   0.000000000000e+00   0.000000000000e+00   3.847687918939e-08   2.717624700770e-06   0.000000000000e+00   0.000000000000e+00   0.000000000000e+00   0.000000000000e+00   0.000000000000e+00  -3.841592181547e-08  -2.715517644818e-06   0.000000000000e+00   0.000000000000e+00   0.000000000000e+00
