ARMA_MAT_TXT_FN008
94 94
  -2.126261227266e+01  -2.155654119492e+01  -4.406186811990e-02  -2.541026841595e-05  -8.187971794145e-06  -7.574259211373e+00  -2.034109254736e-02  -1.173059175826e-05  -3.779728161793e-06  -3.430805034029e+00  -6.479197565064e-03  -3.736566729128e-06  -1.203657846736e-06  -1.447673160052e+00  -1.630323028518e-03  -9.402244887334e-07  -3.028150510537e-07  -2.344783726380e-06   1.544735869961e-08   8.896734667640e-04   4.918919192682e-07  -1.529191894455e-03  -2.310232844258e-01  -1.652142860359e+00  -1.759937572208e+00  -1.078627119089e+00  -1.002339168818e+00  -1.807339832676e-02  -1.673190339237e+00  -2.339026324183e-01  -1.657224194584e+00  -1.761813576262e+00  -1.079050292341e+00   1.148681293285e+00  -1.585512913520e+00   8.898711739358e-02  -2.307476654411e-01  -1.651576493152e+00  -1.759717876453e+00  -1.078576748999e+00  -1.244818569834e+00  -1.746290128707e-02   1.500239559056e+00  -2.338392329612e-01  -1.657140253740e+00  -1.761784104180e+00  -1.079043704815e+00   1.098428718789e+00   1.620785981510e+00   8.451599990048e-02   0.000000000000e+00   0.000000000000e+00   0.000000000000e+00   0.000000000000e+00   0.000000000000e+00   0.000000000000e+00   0.000000000000e+00   0.000000000000e+00   0.000000000000e+00  -1.245244725897e-04   7.526409902340e-04   8.542658709874e-07   2.475827831429e-08  -5.808782348588e-02   2.249040479858e-01   2.513325814194e-04   1.415982663826e-05   0.000000000000e+00   0.000000000000e+00   0.000000000000e+00   0.000000000000e+00   0.000000000000e+00   0.000000000000e+00   0.000000000000e+00   0.000000000000e+00   0.000000000000e+00   0.000000000000e+00   0.000000000000e+00   0.000000000000e+00   0.000000000000e+00   0.000000000000e+00   0.000000000000e+00   0.000000000000e+00   0.000000000000e+00   0.000000000000e+00  -9.813710758452e-04   5.435362542063e-03  -1.420428043112e-06  -8.410259334084e-08   0.000000000000e+00   0.000000000000e+00   0.000000000000e+00   0.000000000000e+00   0.000000000000e+00
  -2.155654119492e+01  -1.950525928330e+01  -6.120752592093e-02  -3.529809397839e-05  -1.137413561296e-05  -8.141306639571e+00  -1.901904393298e-02  -1.096819056745e-05  -3.534313140871e-06  -3.706573833669e+00  -4.967174809128e-03  -2.864536370685e-06  -9.230813949741e-07  -1.561388065457e+00  -1.162181338013e-03  -6.702198919689e-07  -2.159817731530e-07  -1.170856572390e-06   7.683838215316e-09   4.440714036224e-04   2.466346292226e-07  -7.632872862981e-04  -2.428851957109e-01  -1.787202122828e+00  -1.899908495936e+00  -1.163062388678e+00  -1.105963048305e+00  -1.995681603398e-02  -1.847595705026e+00  -2.442656199936e-01  -1.790912356572e+00  -1.901202815987e+00  -1.163342247215e+00   1.267598385487e+00  -1.747689072608e+00   9.808943278432e-02  -2.427301379403e-01  -1.786756562436e+00  -1.899749059412e+00  -1.163027625184e+00  -1.373948884292e+00  -1.928532522334e-02   1.656841601205e+00  -2.442482727917e-01  -1.790868260430e+00  -1.901188259181e+00  -1.163339169199e+00   1.212253402129e+00   1.786667027510e+00   9.316593875684e-02   0.000000000000e+00   0.000000000000e+00   0.000000000000e+00   0.000000000000e+00   0.000000000000e+00   0.000000000000e+00   0.000000000000e+00   0.000000000000e+00   0.000000000000e+00  -1.032628949677e-04   6.595019816166e-04   7.362541346811e-07   4.313817279732e-08  -6.210231358633e-02   2.413492712028e-01   2.693405636381e-04   1.633769367569e-05   0.000000000000e+00   0.000000000000e+00   0.000000000000e+00   0.000000000000e+00   0.000000000000e+00   0.000000000000e+00   0.000000000000e+00   0.000000000000e+00   0.000000000000e+00   0.000000000000e+00   0.000000000000e+00   0.000000000000e+00   0.000000000000e+00   0.000000000000e+00   0.000000000000e+00   0.000000000000e+00   0.000000000000e+00   0.000000000000e+00  -1.027396001779e-03   5.727730641429e-03  -1.510750270854e-06  -4.986591147464e-08   0.000000000000e+00   0.000000000000e+00   0.000000000000e+00   0.000000000000e+00   0.000000000000e+00
  -4.406186811990e-02  -6.120752592093e-02  -8.904649242361e+00  -1.676506500526e-05   3.527495880458e-06  -1.632988182472e-01  -5.887388488027e+00  -1.842966116339e-05   3.806809965847e-06  -1.041717297359e-01  -2.176596874422e+00  -7.895773543411e-06   1.571965529512e-06  -4.945713476650e-02  -5.805557199556e-01  -2.202030789822e-06   4.293742409578e-07   1.162602622949e-03   6.136655745187e-05   8.868973531191e-02  -5.938835625268e-03  -7.641191789634e-02   5.735883847282e-01   8.416721631963e-01   2.849658655023e-01   4.210147449455e-02   5.275238215847e-02   1.754306352228e-02   1.623845119974e+00  -6.961963093154e-01  -1.080050825464e+00  -4.504819224921e-01  -1.283116099911e-01   3.981404697407e-01  -1.882558697244e+00   1.056586006102e-01   7.128582539658e-01   1.056391062871e+00   3.679458726336e-01   6.139799963355e-02   5.901691383875e-01   2.113372154379e-02  -1.815286119198e+00  -6.656449353759e-01  -1.034776320000e+00  -4.333120661995e-01  -1.243454001158e-01   2.834257554555e-01   1.841291259560e+00   9.601520962302e-02   0.000000000000e+00   0.000000000000e+00   0.000000000000e+00   0.000000000000e+00   0.000000000000e+00   0.000000000000e+00   0.000000000000e+00   0.000000000000e+00   0.000000000000e+00  -1.146552714379e-03   5.972182324513e-03   7.514665598150e-06  -2.556368702716e-07  -8.350324166741e-02   2.665582778223e-01   3.573322933339e-04  -1.616750466184e-05   0.000000000000e+00   0.000000000000e+00   0.000000000000e+00   0.000000000000e+00   0.000000000000e+00   0.000000000000e+00   0.000000000000e+00   0.000000000000e+00   0.000000000000e+00   0.000000000000e+00   0.000000000000e+00   0.000000000000e+00   0.000000000000e+00   0.000000000000e+00   0.000000000000e+00   0.000000000000e+00   0.000000000000e+00   0.000000000000e+00  -2.444551543724e-03   1.206460203406e-02  -2.895317473370e-06  -1.163180932489e-06   0.000000000000e+00   0.000000000000e+00   0.000000000000e+00   0.000000000000e+00   0.000000000000e+00
  -2.541026841595e-05  -3.529809397839e-05  -1.676506500526e-05  -8.882788328500e+00   1.101421326044e-07  -9.417509582705e-05  -1.842966116339e-05  -5.863317829191e+00   1.228140800865e-07  -6.008395167680e-05  -7.895773543411e-06  -2.166256165298e+00   5.367109076628e-08  -2.852891728793e-05  -2.202030789822e-06  -5.776678905371e-01   1.509634398746e-08  -1.314676847055e-01  -3.011387023132e-03   5.711582189522e-04   6.136655745187e-05   1.582718781762e-03   1.048006569397e-02   1.598030327931e-02   6.119625249325e-03   1.406290506545e-03   1.808167939667e-02  -9.247640210715e-01   2.995994037718e-02   9.445838028509e-01   1.414853020344e+00   5.389310453597e-01   1.246636279033e-01  -1.815449283150e+00   1.579478996407e+00  -1.419268129577e-01   1.010234452113e-02   1.542795894455e-02   5.912769695825e-03   1.358763930064e-03   2.163355659551e-02  -9.224686297353e-01  -2.592152896843e-02  -9.648928956770e-01  -1.446101708260e+00  -5.509945702982e-01  -1.274908602817e-01   1.773292923668e+00   1.692727927179e+00   1.377370587632e-01   0.000000000000e+00   0.000000000000e+00   0.000000000000e+00   0.000000000000e+00   0.000000000000e+00   0.000000000000e+00   0.000000000000e+00   0.000000000000e+00   0.000000000000e+00  -9.915396835447e-07   5.529372681562e-06  -3.339667436029e-04   2.334019551834e-08  -8.150149681189e-05   3.107943588328e-04  -4.093156133952e-02   9.447084621522e-07   0.000000000000e+00   0.000000000000e+00   0.000000000000e+00   0.000000000000e+00   0.000000000000e+00   0.000000000000e+00   0.000000000000e+00   0.000000000000e+00   0.000000000000e+00   0.000000000000e+00   0.000000000000e+00   0.000000000000e+00   0.000000000000e+00   0.000000000000e+00   0.000000000000e+00   0.000000000000e+00   0.000000000000e+00   0.000000000000e+00   1.075451853181e-06  -5.360906738985e-06  -8.455790176849e-04   3.381359284248e-08   0.000000000000e+00   0.000000000000e+00   0.000000000000e+00   0.000000000000e+00   0.000000000000e+00
  -8.187971794145e-06  -1.137413561296e-05   3.527495880458e-06   1.101421326044e-07  -8.882704283938e+00  -3.033509066941e-05   3.806809965847e-06   1.228140800865e-07  -5.863224971823e+00  -1.932736075614e-05   1.571965529512e-06   5.367109076628e-08  -2.166216192558e+00  -9.167669282070e-06   4.293742409578e-07   1.509634398746e-08  -5.776567305175e-01   6.136655745187e-05   5.691588955722e-04   7.700738914868e-03  -5.426447493180e-02  -1.463724301068e-03   9.706232708094e-01   1.481804045334e+00   5.694960356045e-01   1.321547635757e-01   1.675294904486e+00   2.998853887258e-02   1.850530007232e+00  -5.301645960069e-02  -7.941811695231e-02  -3.025943875110e-02  -7.004738533644e-03   1.018990000836e-01  -1.419363717613e-01  -9.413654412086e-01  -8.682522051200e-01  -1.327592424398e+00  -5.107031055174e-01  -1.185605215175e-01  -1.859989607823e+00  -2.594625549027e-02   1.305766390873e+00  -5.031517729389e-02  -7.541284887591e-02  -2.873973538194e-02  -6.653617645819e-03   9.247296413653e-02   1.377422731076e-01  -9.415448452510e-01   0.000000000000e+00   0.000000000000e+00   0.000000000000e+00   0.000000000000e+00   0.000000000000e+00   0.000000000000e+00   0.000000000000e+00   0.000000000000e+00   0.000000000000e+00  -5.520550641680e-07   3.014159734145e-06   2.712381928414e-08  -3.265791951863e-04  -3.938667081069e-05   1.182463484283e-04   1.097851073986e-06  -4.035640690287e-02   0.000000000000e+00   0.000000000000e+00   0.000000000000e+00   0.000000000000e+00   0.000000000000e+00   0.000000000000e+00   0.000000000000e+00   0.000000000000e+00   0.000000000000e+00   0.000000000000e+00   0.000000000000e+00   0.000000000000e+00   0.000000000000e+00   0.000000000000e+00   0.000000000000e+00   0.000000000000e+00   0.000000000000e+00   0.000000000000e+00  -1.158274569196e-06   5.578538970345e-06   3.201589467982e-08  -8.297615204403e-04   0.000000000000e+00   0.000000000000e+00   0.000000000000e+00   0.000000000000e+00   0.000000000000e+00
  -7.574259211373e+00  -8.141306639571e+00  -1.632988182472e-01  -9.417509582705e-05  -3.033509066941e-05  -1.038510862673e+01  -2.595944318082e-01  -1.502809889749e-04  -4.699949423836e-05  -7.323715963197e+00  -1.696723542033e-01  -9.952301776966e-05  -2.837651276437e-05  -3.768134761247e+00  -5.878342661813e-02  -3.478755870641e-05  -9.305566582731e-06  -6.029933024549e-05   4.276212774205e-07   2.320339954207e-02   9.811160452086e-06  -3.988809960304e-02  -1.629533316144e+00  -3.925441733226e+00  -4.270647215003e+00  -2.871865891610e+00  -1.952069190920e+00  -3.435851240557e-02  -3.178354639886e+00  -1.738356135282e+00  -4.065102959432e+00  -4.336674244804e+00  -2.889520884416e+00   2.194913617501e+00  -3.153712132829e+00   1.769924838347e-01  -1.621069504218e+00  -3.912685609065e+00  -4.263834948735e+00  -2.869934720447e+00  -2.401210099551e+00  -3.307331425658e-02   2.839190869445e+00  -1.734943783909e+00  -4.061362920037e+00  -4.335094418655e+00  -2.889120017843e+00   2.093403487272e+00   3.219212240000e+00   1.678623920121e-01  -5.045898875883e-07  -3.597584120942e-07   4.032288532789e-06   4.587168626903e-09   2.562336722702e-10  -4.787822186657e-05   1.718980755649e-04   1.964813992071e-07   7.759578771934e-09  -7.623482819355e-03   3.060654855837e-02   3.902626277952e-05  -4.553774397150e-06  -2.429890942944e-01   7.947485962233e-01   9.459015381143e-04  -9.560783144474e-05  -1.503687906902e-07   1.862914446465e-12   3.810485815487e-05  -6.976361259142e-09  -6.599606533360e-05   0.000000000000e+00   0.000000000000e+00   0.000000000000e+00   0.000000000000e+00   0.000000000000e+00   0.000000000000e+00   0.000000000000e+00   0.000000000000e+00   0.000000000000e+00  -5.197404704598e-06   2.973332561264e-05  -8.050662502153e-09  -1.642196452818e-09  -7.798260347472e-03   3.632785958362e-02  -6.884817065992e-06  -6.398990313363e-06   0.000000000000e+00   0.000000000000e+00   0.000000000000e+00   0.000000000000e+00   0.000000000000e+00
  -2.034109254736e-02  -1.901904393298e-02  -5.887388488027e+00  -1.842966116339e-05   3.806809965847e-06  -2.595944318082e-01  -7.712123882722e+00  -6.185429693270e-05   8.761289878742e-06  -3.091941351563e-01  -4.861737678933e+00  -6.181634363141e-05   3.965706227249e-06  -1.952973365538e-01  -1.686780707748e+00  -2.559126645543e-05   8.826111990500e-07   4.775466751257e-03   2.485929117484e-04   2.863739826703e-01  -2.401733944255e-02  -1.834337330299e-01   1.471877815543e+00   1.734060785910e+00   6.830742637822e-01   8.538748419810e-02  -6.076780251854e-01   2.295394761443e-02   2.123400404607e+00  -1.875538612603e+00  -2.363738659860e+00  -1.227622017740e+00  -4.257268652015e-01  -2.805305468164e-01  -2.595957268561e+00   1.456917755739e-01   1.824958647476e+00   2.177797091843e+00   8.951295546823e-01   1.428599837428e-01   1.053343010810e-01   2.759972464688e-02  -2.369178943326e+00  -1.790923031598e+00  -2.263954950178e+00  -1.182345800875e+00  -4.137659393577e-01  -4.324052447331e-01   2.536129006425e+00   1.322489441489e-01  -3.923047846213e-06  -2.903977804784e-06   2.851073240183e-05   3.354743491126e-08   1.872560789530e-09  -2.779320203510e-04   9.512823668642e-04   1.134108446287e-06   4.554796506538e-08  -2.447199660855e-02   9.034641778296e-02   1.226735677039e-04  -1.163052978104e-05  -3.315226073107e-01   9.056993218767e-01   1.375286244948e-03  -3.188301644692e-04  -9.253158877200e-07   9.928805069816e-12   2.252990926791e-04  -4.293876634328e-08  -3.902076461777e-04   0.000000000000e+00   0.000000000000e+00   0.000000000000e+00   0.000000000000e+00   0.000000000000e+00   0.000000000000e+00   0.000000000000e+00   0.000000000000e+00   0.000000000000e+00  -2.476368182693e-05   1.362746113087e-04  -4.030235963007e-08  -6.878760638678e-09  -1.583174707952e-02   6.753938813156e-02  -1.155090245014e-05  -1.518232286535e-05   0.000000000000e+00   0.000000000000e+00   0.000000000000e+00   0.000000000000e+00   0.000000000000e+00
  -1.173059175826e-05  -1.096819056745e-05  -1.842966116339e-05  -5.863317829191e+00   1.228140800865e-07  -1.502809889749e-04  -6.185429693270e-05  -7.629938914172e+00   4.379998574600e-07  -1.813609149937e-04  -6.181634363141e-05  -4.778951559276e+00   3.787362172329e-07  -1.155753917632e-04  -2.559126645543e-05  -1.652520197314e+00   1.372626286803e-07  -4.021660647525e-01  -1.216769257733e-02   2.270863493695e-03   2.485929117484e-04   6.330397692390e-03   2.693988893016e-02   3.325192206097e-02   1.554565482353e-02   4.115526212237e-03   2.430106277566e-02  -1.911444000105e+00   3.928979257583e-02   2.528116868177e+00   3.029000878447e+00   1.389723766990e+00   3.689252357286e-01  -2.374393003571e+00   1.405649304416e+00  -1.934848378972e-01   2.589302544476e-02   3.202375961635e-02   1.500044502888e-02   3.973887061314e-03   2.882257710177e-02  -1.900709962345e+00  -3.389344547932e-02  -2.578993105274e+00  -3.093548229415e+00  -1.420452517550e+00  -3.773045501194e-01   2.313522954248e+00   1.558541296476e+00   1.875437695261e-01  -4.371548025189e-09  -3.238283321533e-09   3.280056191554e-08  -9.551546895849e-07   2.171083351514e-12  -3.070684008858e-07   1.094415672487e-06  -4.046169944908e-05   1.188125688404e-10  -2.132515758791e-05   8.141580583605e-05  -6.931038053402e-03   5.068171948699e-07  -2.444104456494e-04   8.746586035404e-04  -1.606584646156e-01   1.181870951966e-05   3.113655345954e-05   1.705017437694e-09   2.493118696185e-07  -7.165603877131e-11  -5.027271505681e-07   0.000000000000e+00   0.000000000000e+00   0.000000000000e+00   0.000000000000e+00   0.000000000000e+00   0.000000000000e+00   0.000000000000e+00   0.000000000000e+00   0.000000000000e+00   6.274880268733e-09  -3.776659445890e-08  -4.766178946872e-06   7.719308177367e-11   9.890149388856e-06  -4.426264215998e-05  -5.394295336194e-03   5.203217998382e-07   0.000000000000e+00   0.000000000000e+00   0.000000000000e+00   0.000000000000e+00   0.000000000000e+00
  -3.779728161793e-06  -3.534313140871e-06   3.806809965847e-06   1.228140800865e-07  -5.863224971823e+00  -4.699949423836e-05   8.761289878742e-06   4.379998574600e-07  -7.629637804357e+00  -5.171055334341e-05   3.965706227249e-06   3.787362172329e-07  -4.778709055863e+00  -3.091606721972e-05   8.826111990500e-07   1.372626286803e-07  -1.652434258789e+00   2.485929117484e-04   2.378320006999e-03   3.120738678527e-02  -8.958550983160e-02  -5.924823432613e-03   2.495207414271e+00   3.084243207217e+00   1.448987418026e+00   3.889963077871e-01   2.252078625446e+00   3.936129748176e-02   1.728403298993e+00  -1.418958625197e-01  -1.700255756774e-01  -7.803439235066e-02  -2.073413503316e-02   1.332747365753e-01  -1.935100976822e-01  -2.031170009563e+00  -2.225495290217e+00  -2.756363228267e+00  -1.297625698204e+00  -3.487822875153e-01  -2.478516860892e+00  -3.395352176470e-02   1.012993280457e+00  -1.344836378043e-01  -1.613243386523e-01  -7.409111679638e-02  -1.969247642925e-02   1.206478103895e-01   1.875536446404e-01  -2.028402931195e+00  -2.685816025353e-10  -1.982869354380e-10   2.032778454674e-09   2.400808841122e-12  -9.551590988000e-07  -2.152488557017e-08   7.913550967803e-08   1.589952581678e-10  -4.044167191458e-05  -9.810595647341e-06   4.454788784688e-05   5.723115169554e-07  -6.787268442139e-03  -3.402477038944e-04   9.484710722265e-04   1.326681307260e-05  -1.545589340140e-01  -9.261455392760e-11   3.545138631913e-08   1.987838401116e-08   3.113032328458e-05  -3.091147923287e-08   0.000000000000e+00   0.000000000000e+00   0.000000000000e+00   0.000000000000e+00   0.000000000000e+00   0.000000000000e+00   0.000000000000e+00   0.000000000000e+00   0.000000000000e+00  -1.523997519529e-09   1.016652076205e-08   7.271791525595e-11  -4.746648826457e-06  -1.282280025405e-05   5.893941899582e-05   5.005122997159e-07  -5.193214163210e-03   0.000000000000e+00   0.000000000000e+00   0.000000000000e+00   0.000000000000e+00   0.000000000000e+00
  -3.430805034029e+00  -3.706573833669e+00  -1.041717297359e-01  -6.008395167680e-05  -1.932736075614e-05  -7.323715963197e+00  -3.091941351563e-01  -1.813609149937e-04  -5.171055334341e-05  -7.667132480720e+00  -4.734063583826e-01  -2.910291033236e-04  -5.714804793333e-05  -5.345867638733e+00  -3.086569271134e-01  -1.945272906253e-04  -2.927635133764e-05  -8.669412430259e-05   5.864928367540e-07   3.366275694239e-02   8.805124491375e-06  -5.791809358533e-02  -2.006269215865e+00  -4.258230587144e+00  -5.313305968020e+00  -4.244688119961e+00  -1.233298174612e+00  -2.076360603824e-02  -1.917896352398e+00  -2.195551296933e+00  -4.581566731960e+00  -5.569072823121e+00  -4.346549127708e+00   1.216934182885e+00  -1.947141924748e+00   1.092638018200e-01  -1.992705039619e+00  -4.232751039832e+00  -5.290118657602e+00  -4.234316228025e+00  -1.498652491851e+00  -1.996344684557e-02   1.711352448762e+00  -2.189069381979e+00  -4.571494908242e+00  -5.562110792062e+00  -4.344058318927e+00   1.156666247009e+00   1.985390840528e+00   1.035226765261e-01  -1.995990685920e-02  -1.958880104477e-02   1.885878048000e-02   2.384909576176e-05   1.079515290352e-06  -6.262906842346e-02   7.151246800632e-02   9.137510012753e-05   2.459307390348e-06  -2.017411355615e-01   3.831707457718e-01   4.946089411175e-04  -3.609887526252e-05  -7.537818865534e-01   1.693051100982e+00   2.139961213333e-03  -3.849090920393e-04  -5.899309674188e-05   1.824807476184e-08   1.396467299810e-02  -1.045318361927e-06  -2.417957198881e-02  -7.387757005329e-05  -7.075148566255e-05   1.256125919732e-04  -4.722290485524e-08  -2.081134075407e-09  -4.455615496494e-04   8.793466331701e-04  -5.561960398942e-07  -2.889104393994e-08  -5.667912419887e-03   1.667688399680e-02  -1.376457045155e-05  -9.500336252830e-07  -7.317331322429e-02   2.295513016523e-01  -8.369784746120e-05  -3.405797178301e-05   4.636505864873e-07  -2.185566906156e-11   2.128307976588e-04   2.402541029599e-08  -3.686282712150e-04
  -6.479197565064e-03  -4.967174809128e-03  -2.176596874422e+00  -7.895773543411e-06   1.571965529512e-06  -1.696723542033e-01  -4.861737678933e+00  -6.181634363141e-05   3.965706227249e-06  -4.734063583826e-01  -6.248722121741e+00  -2.074707014092e-04  -6.493245644918e-06  -5.627263974164e-01  -3.811537222209e+00  -2.067853340823e-04  -1.053308092079e-05   3.644496517364e-03   1.906033972290e-04   2.262055175386e-01  -1.840386234535e-02  -1.522395917720e-01   1.308093892277e+00   1.843768933560e+00   1.055783020018e+00   9.794757720125e-02  -1.093760882989e+00   1.079069425780e-02   9.967956466636e-01  -1.709412599266e+00  -2.677838196226e+00  -2.206662871296e+00  -1.154197346857e+00  -1.197251095019e+00  -1.253112713480e+00   7.031694306683e-02   1.619827325177e+00   2.312191410762e+00   1.401509120410e+00   2.348146076567e-01  -7.458360380061e-01   1.295538360511e-02  -1.110483595212e+00  -1.630755885943e+00  -2.561503109780e+00  -2.125637856686e+00  -1.124188482694e+00  -1.259199216998e+00   1.222425571599e+00   6.374402353964e-02  -9.107056582582e-02  -8.963476714489e-02   7.529021381376e-02   1.060781424767e-04   4.816316438468e-06  -2.604025024491e-01   2.610644132170e-01   3.761931086865e-04   1.078394916398e-05  -6.582659250583e-01   1.049936732801e+00   1.551569608036e-03  -6.997695217461e-05  -1.471760788214e+00   2.480576117383e+00   4.035893393224e-03  -6.843959498705e-04  -2.219388888552e-04   7.281376070566e-08   4.683190720118e-02  -3.788421800997e-06  -8.108281174512e-02  -4.826978624630e-04  -4.642889872893e-04   7.611646989153e-04  -2.989505321742e-07  -1.316971630099e-08  -2.610651845667e-03   4.847001681323e-03  -3.113593299802e-06  -1.612962977663e-07  -2.594542761896e-02   7.178210656109e-02  -6.336054568220e-05  -4.196788175118e-06  -2.128952675297e-01   5.885972137977e-01  -2.807907380650e-04  -7.374352517152e-05   2.627236282622e-06  -1.216950758012e-10   1.163228174431e-03   1.362112508405e-07  -2.014737587217e-03
  -3.736566729128e-06  -2.864536370685e-06  -7.895773543411e-06  -2.166256165298e+00   5.367109076628e-08  -9.952301776966e-05  -6.181634363141e-05  -4.778951559276e+00   3.787362172329e-07  -2.910291033236e-04  -2.074707014092e-04  -5.973735583943e+00   5.311336646115e-07  -3.546514976240e-04  -2.067853340823e-04  -3.538094743427e+00   2.508194536220e-07  -3.126477123490e-01  -9.323790776055e-03   1.745614985818e-03   1.906033972290e-04   4.849308057018e-03   2.393907899882e-02   3.543240107229e-02   2.509505444870e-02   9.358610973012e-03   1.201549231144e-02  -1.734026020541e+00   1.839588146469e-02   2.297344039028e+00   3.357641766348e+00   2.321275414882e+00   8.600075010440e-01  -1.003150885992e+00  -2.590686370980e-01  -9.284021990437e-02   2.297836287081e-02   3.402657645938e-02   2.414707165313e-02   9.022165254760e-03   1.405144245135e-02  -1.720691481657e+00  -1.585091569826e-02  -2.341498786751e+00  -3.424841471720e+00  -2.370718723586e+00  -8.794122276421e-01   9.732381896013e-01  -1.836724009123e-01   8.989217922658e-02  -1.014797060426e-04  -9.993332032630e-05   9.304508860158e-05  -8.303620439684e-03   5.949858491721e-09  -2.864376940338e-04   3.224121200216e-04  -3.122253553302e-02   3.138708908454e-08  -6.893057382384e-04   1.240143413408e-03  -1.594247780558e-01   1.907510129462e-06  -1.350083532805e-03   2.870937214019e-03  -6.333487724573e-01   2.237853503523e-05   2.076496446148e-02   8.589897393928e-07   4.959855580021e-05  -1.728986416008e-08  -1.394914550697e-04   1.267772240618e-07   1.222448104902e-07  -2.051056236870e-07  -3.628300345237e-05   3.335137936423e-12   5.739023990157e-07  -9.544584923355e-07  -2.320937151280e-04   1.133197733638e-11   5.436647193291e-07  -9.978978600463e-07  -4.047896939811e-03   3.456430180802e-09   2.921088600369e-05  -1.266037996157e-04  -6.071767191249e-02   1.338274306306e-06   1.948662154573e-04  -4.582545305122e-09  -2.144743241516e-07  -1.836433084481e-11   5.551374884412e-07
  -1.203657846736e-06  -9.230813949741e-07   1.571965529512e-06   5.367109076628e-08  -2.166216192558e+00  -2.837651276437e-05   3.965706227249e-06   3.787362172329e-07  -4.778709055863e+00  -5.714804793333e-05  -6.493245644918e-06   5.311336646115e-07  -5.973416414642e+00  -5.337503963316e-05  -1.053308092079e-05   2.508194536220e-07  -3.537942730034e+00   1.906033972290e-04   1.818682306237e-03   2.391894700492e-02  -7.308785479177e-02  -4.540035784650e-03   2.217259891368e+00   3.286752448259e+00   2.342303916275e+00   8.913419816636e-01   1.113795792405e+00   1.846099889917e-02  -2.996342997557e-02  -1.289435214143e-01  -1.884752331487e-01  -1.303443797001e-01  -4.833156643221e-02   5.630645096117e-02  -9.286599205894e-02  -1.908418076383e+00  -1.974965873755e+00  -2.928856085811e+00  -2.091382781381e+00  -7.977458628556e-01  -1.208481914247e+00  -1.590472486545e-02  -3.581700906104e-01  -1.220991498701e-01  -1.785982080647e-01  -1.236467535776e-01  -4.588350070855e-02   5.075536069842e-02   8.989993643853e-02  -1.903023010669e+00  -6.223009706391e-06  -6.120173029839e-06   5.779223604919e-06   7.913604037188e-09  -8.303482129476e-03  -1.862644225876e-05   2.201981299193e-05   4.759324442349e-08  -3.121551718900e-02  -8.678509579232e-05   2.189203794728e-04   2.251088206330e-06  -1.587795573240e-01  -6.825573394243e-04   1.638229800141e-03   2.504940940534e-05  -6.219616563465e-01  -3.056163490580e-08   2.680217479526e-05   5.426948019175e-06   2.076079856015e-02  -7.556204754455e-06   3.812285434775e-09   3.689913959676e-09  -5.989464297926e-09   2.190598857477e-12  -3.628294913039e-05   1.310977116186e-08  -1.567182782424e-08  -9.838394160443e-12  -2.320880927558e-04  -3.422705022036e-07   1.242329821088e-06   2.519773760852e-09  -4.046144070096e-03  -3.578508534280e-05   1.408199237308e-04   1.282917598126e-06  -6.018527773395e-02  -8.191400159827e-13  -9.183043549822e-08  -1.104429264916e-08   1.948632282715e-04   1.000676822421e-08
  -1.447673160052e+00  -1.561388065457e+00  -4.945713476650e-02  -2.852891728793e-05  -9.167669282070e-06  -3.768134761247e+00  -1.952973365538e-01  -1.155753917632e-04  -3.091606721972e-05  -5.345867638733e+00  -5.627263974164e-01  -3.546514976240e-04  -5.337503963316e-05  -5.621471090850e+00  -8.099179012098e-01  -5.038160467882e-04  -5.182578747006e-05  -5.773025677990e-05   3.669235818708e-07   2.244679927465e-02   4.356257079441e-06  -3.864191666038e-02  -1.290047240624e+00  -2.923200579548e+00  -4.506095617531e+00  -4.810319785104e+00  -4.832776385306e-01  -7.622448722965e-03  -7.024509372599e-01  -1.424010627541e+00  -3.231995868572e+00  -4.936205527802e+00  -5.118450585676e+00   3.605412347175e-01  -7.145648198156e-01   4.008942739779e-02  -1.280745535031e+00  -2.900945210113e+00  -4.472058434894e+00  -4.781831447092e+00  -5.783523378824e-01  -7.332335996775e-03   6.271921836996e-01  -1.419266336561e+00  -3.221463392417e+00  -4.922911940667e+00  -5.110220268233e+00   3.408676297093e-01   7.281677255735e-01   3.796630713855e-02  -3.287810882895e-01  -3.255705110812e-01   8.081154979704e-02   1.411859976084e-04   3.253950850429e-06  -7.574907151203e-01   2.417763916304e-01   4.792410061407e-04   9.932266808091e-07  -1.292625712653e+00   7.895434847600e-01   1.495729715181e-03  -9.336288437696e-05  -2.088324697416e+00   2.091130221907e+00   3.243221101895e-03  -4.959200639416e-04  -3.755730314865e-05   2.030377309184e-07   2.133551276327e-02   1.200743490612e-05  -3.687036953530e-02  -5.920658268579e-02  -5.847151903823e-02   2.578805731071e-02  -1.426934591235e-05  -8.040439009511e-07  -1.463567108693e-01   9.234726817493e-02  -7.285922239884e-05  -4.456189875804e-06  -3.194498254228e-01   3.909022411861e-01  -4.186863890546e-04  -2.881747082532e-05  -6.935390209064e-01   1.090851965490e+00  -8.390986937793e-04  -1.180723977012e-04   4.860111792426e-05  -1.773618356800e-09   1.196545636030e-02   2.975284242950e-06  -2.072282262761e-02
  -1.630323028518e-03  -1.162181338013e-03  -5.805557199556e-01  -2.202030789822e-06   4.293742409578e-07  -5.878342661813e-02  -1.686780707748e+00  -2.559126645543e-05   8.826111990500e-07  -3.086569271134e-01  -3.811537222209e+00  -2.067853340823e-04  -1.053308092079e-05  -8.099179012098e-01  -5.049548132489e+00  -5.024789207520e-04  -3.112470656580e-05   1.234051210690e-03   6.485063051674e-05   8.051238018125e-02  -6.260821057950e-03  -5.795716955962e-02   5.105764999503e-01   9.122269919135e-01   8.319727117369e-01   7.864501165958e-02  -5.715106800503e-01   2.351516398972e-03   2.166925150175e-01  -6.716870374686e-01  -1.372142240595e+00  -1.935832625573e+00  -1.847729200226e+00  -7.031925736179e-01  -2.737761556657e-01   1.535815209580e-02   6.320320643573e-01   1.142273699144e+00   1.108051417791e+00   2.781769633292e-01  -4.904946279612e-01   2.822883544866e-03  -2.413658899211e-01  -6.405565900500e-01  -1.310929102763e+00  -1.862201030821e+00  -1.799218455341e+00  -7.116991484181e-01   2.667433999726e-01   1.390920184771e-02  -8.329651513748e-01  -8.253399156733e-01   1.323830095112e-01   3.569642755179e-04   8.466351506893e-06  -1.871131350837e+00   3.711610945019e-01   1.200770563495e-03   7.223752283144e-06  -2.974645128553e+00   1.059393504684e+00   3.485472568901e-03  -1.214562679045e-04  -3.938687884503e+00   2.015492233190e+00   5.925249049902e-03  -5.408573052157e-04   8.835400455192e-06   4.722246121230e-07   2.759239571557e-02   2.954998474485e-05  -4.759278569987e-02  -2.150706719927e-01  -2.125869877802e-01   7.994406671999e-02  -5.092884425871e-05  -2.868292509793e-06  -5.137642445226e-01   2.778814664980e-01  -2.442774130066e-04  -1.495180728528e-05  -1.014615365502e+00   1.050825417343e+00  -1.219753650392e-03  -8.321613186571e-05  -1.818484071450e+00   2.313980583763e+00  -2.173275914333e-03  -2.426881073595e-04   1.535768955843e-04  -5.401663101698e-09   3.240306518666e-02   9.428474255220e-06  -5.611696214470e-02
  -9.402244887334e-07  -6.702198919689e-07  -2.202030789822e-06  -5.776678905371e-01   1.509634398746e-08  -3.478755870641e-05  -2.559126645543e-05  -1.652520197314e+00   1.372626286803e-07  -1.945272906253e-04  -2.067853340823e-04  -3.538094743427e+00   2.508194536220e-07  -5.038160467882e-04  -5.024789207520e-04  -4.317087528848e+00   1.453578934363e-07  -1.107499254530e-01  -3.172017339126e-03   5.962626175203e-04   6.485063051674e-05   1.650966652441e-03   9.340303749515e-03   1.750207051153e-02   1.992222170494e-02   1.295176898742e-02   2.841103109945e-03  -7.212964063357e-01   3.984727134320e-03   9.020944344771e-01   1.700299730984e+00   1.913904739494e+00   1.227091866493e+00  -1.637445632979e-01  -4.455326340142e-01  -2.020275875102e-02   8.962930084155e-03   1.678210217118e-02   1.911565107529e-02   1.245690993739e-02   3.258508531051e-03  -7.153041983050e-01  -3.435297950615e-03  -9.191536869173e-01  -1.732713858579e+00  -1.952578107919e+00  -1.254055716442e+00   1.574751315926e-01  -4.277810291339e-01   1.955002678230e-02  -9.280741704431e-04  -9.201278086086e-04   2.270755382140e-04  -6.995805043904e-02   1.365000205359e-08  -2.047025707948e-03   6.674854493552e-04  -2.139899917734e-01   8.894835069639e-08  -3.092040741214e-03   1.920334165502e-03  -6.524618306468e-01   2.149208603567e-06  -3.813752132727e-03   3.608381465668e-03  -1.477114906101e+00   1.553264401230e-05   4.457136802275e-02   3.413956890555e-07   5.184818207410e-06  -1.053433291205e-08  -1.836919011946e-04   5.654444130954e-05   5.597628368061e-05  -2.365484573269e-05  -1.269952574965e-02   7.477984009388e-10   1.260936885403e-04  -6.713875206618e-05  -4.147790335769e-02   3.283478408986e-09   1.511729837930e-04  -6.720074675657e-05  -1.545222387677e-01   3.800591210703e-08   1.277903626917e-04  -1.595297628144e-04  -4.627519021323e-01   1.509806478068e-06   1.584835184497e-02  -6.780551747074e-07  -1.465846989998e-06  -1.790036900395e-09   2.439413457298e-05
  -3.028150510537e-07  -2.159817731530e-07   4.293742409578e-07   1.509634398746e-08  -5.776567305175e-01  -9.305566582731e-06   8.826111990500e-07   1.372626286803e-07  -1.652434258789e+00  -2.927635133764e-05  -1.053308092079e-05   2.508194536220e-07  -3.537942730034e+00  -5.182578747006e-05  -3.112470656580e-05   1.453578934363e-07  -4.316984266505e+00   6.485063051674e-05   6.158417064478e-04   8.136628168139e-03  -2.925556190037e-02  -1.544401859412e-03   8.650969194224e-01   1.623434474612e+00   1.859865375336e+00   1.235919325828e+00   2.634598285636e-01   4.010738694593e-03  -3.522246918990e-01  -5.063205990699e-02  -9.544400207693e-02  -1.074732289161e-01  -6.895797022239e-02   9.190561506550e-03  -2.021374300251e-02  -8.045435042248e-01  -7.703440828598e-01  -1.444432104914e+00  -1.655673447392e+00  -1.103065767285e+00  -2.803132029572e-01  -3.456658976038e-03  -4.200456288703e-01  -4.792990566253e-02  -9.035667938446e-02  -1.018326452150e-01  -6.541551793190e-02   8.213393232541e-03   1.955298579956e-02  -8.017410730111e-01  -5.689711301362e-05  -5.634985055117e-05   1.422184418729e-05   2.893552183539e-08  -6.995651556637e-02  -1.306987153147e-04   4.669770480188e-05   1.693830432407e-07  -2.139566646119e-01  -2.573153231463e-04   2.533753537357e-04   2.674222066268e-06  -6.515948354318e-01  -6.762431057285e-04   1.084859783887e-03   1.750458186934e-05  -1.468921220450e+00  -5.116246365782e-08   8.743877580836e-05   4.890707427480e-06   4.455673963799e-02  -7.084032257033e-06   1.702600538158e-06   1.689700801683e-06  -6.836980236930e-07   3.893672822391e-10  -1.269949570187e-02   3.380237664433e-06  -1.369864342007e-06   1.115506383689e-09  -4.147714072011e-02  -1.379714836422e-06   1.063017373470e-05   2.245595996467e-08  -1.544985097235e-01  -5.525983753204e-05   1.567142340472e-04   1.420545836317e-06  -4.620674161117e-01  -3.412217794890e-10  -1.092812711881e-05  -9.075713046954e-07   1.584804928620e-02   2.244837743749e-07
  -2.344783726380e-06  -1.170856572390e-06   1.162602622949e-03  -1.314676847055e-01   6.136655745187e-05  -6.029933024549e-05   4.775466751257e-03  -4.021660647525e-01   2.485929117484e-04  -8.669412430259e-05   3.644496517364e-03  -3.126477123490e-01   1.906033972290e-04  -5.773025677990e-05   1.234051210690e-03  -1.107499254530e-01   6.485063051674e-05  -6.352272901971e+00  -1.080512176679e-02  -1.814616294276e-03   6.771960600494e-04   3.260961786969e-03  -2.277617525784e-02  -1.409310725685e-02  -2.473693407725e-03  -2.272443515023e-04   6.297876428876e-03   1.268597327496e+00  -2.859584205119e-02   2.538732032642e+00   1.675371925248e+00   3.672314381124e-01   5.235243547047e-02   9.086370751855e-02   1.419072794536e+00  -1.734043235207e-01  -2.730380622234e-02  -1.712523506944e-02  -3.105307121477e-03  -3.053657070715e-04  -3.195202075721e-03   1.579797894982e+00   3.088282798161e-02  -2.478692072656e+00  -1.641200262758e+00  -3.616439862592e-01  -5.198738915026e-02  -2.788453692440e-01   1.489667876702e+00   1.609821860994e-01   0.000000000000e+00   1.212867912530e-11   8.889827007056e-09  -2.131876474599e-07   6.087221392082e-13  -2.120182832907e-07   8.810022068400e-07  -2.844722120658e-05   1.028046110162e-10  -2.964723854852e-05   1.147877715643e-04  -1.034823812739e-02   8.628801734564e-07  -5.226345426404e-05   1.805739798422e-04  -1.590990674746e-01   2.378822215976e-05   1.729570409346e-05   1.017702029115e-09   1.646006569626e-07  -4.850880366224e-11  -3.254261283510e-07   0.000000000000e+00   0.000000000000e+00   0.000000000000e+00   0.000000000000e+00   0.000000000000e+00   0.000000000000e+00   0.000000000000e+00   0.000000000000e+00   0.000000000000e+00   7.427365503673e-09  -4.716018202804e-08  -4.930030866301e-06   1.107115615308e-10   1.773424554321e-05  -7.994589902455e-05  -6.614792031167e-03   9.190529057025e-07   0.000000000000e+00   0.000000000000e+00   0.000000000000e+00   0.000000000000e+00   0.000000000000e+00
   1.544735869961e-08   7.683838215316e-09   6.136655745187e-05  -3.011387023132e-03   5.691588955722e-04   4.276212774205e-07   2.485929117484e-04  -1.216769257733e-02   2.378320006999e-03   5.864928367540e-07   1.906033972290e-04  -9.323790776055e-03   1.818682306237e-03   3.669235818708e-07   6.485063051674e-05  -3.172017339126e-03   6.158417064478e-04  -1.080512176679e-02  -6.151888286623e+00  -4.857983091048e-04  -2.206714207635e-03   3.959136367514e-04  -3.865721254394e-02  -2.514053401894e-02  -5.056525812331e-03  -5.991059403574e-04  -3.042074821272e-02   2.192587211452e+00  -2.552724921778e-02   1.919525149274e-01   1.205037507980e-01   2.378554607917e-02   2.821574400688e-03  -1.589862749547e-01   1.051083547625e-01   2.193978701325e+00   3.332804152621e-02   2.173117184429e-02   4.380686391070e-03   5.198937579109e-04   3.239071145095e-02  -1.956533865310e+00  -1.528705536989e-02  -1.860027218240e-01  -1.169199112673e-01  -2.309477627581e-02  -2.740442786377e-03   1.471731317754e-01   1.094501512017e-01  -2.240144357240e+00   0.000000000000e+00   8.306564231294e-16   6.255398217273e-13  -1.468481500744e-11  -2.374137965673e-10  -9.039447104567e-12   3.150908355328e-11  -2.304722730124e-09  -3.142925837814e-08   4.309783922604e-07  -2.125293333432e-06  -1.026292233529e-05  -9.706032131634e-06   1.986251730630e-05  -5.547643681847e-05  -5.496117302591e-04  -1.288444148896e-04   1.302078484415e-09  -5.426090932010e-07   1.263378647975e-11   1.980377108330e-08  -2.255494523767e-11   0.000000000000e+00   0.000000000000e+00   0.000000000000e+00   0.000000000000e+00   0.000000000000e+00   0.000000000000e+00   0.000000000000e+00   0.000000000000e+00   0.000000000000e+00   4.397567828860e-11  -3.252518082121e-10  -7.940206744934e-10   1.403520063254e-09   8.404598675783e-07  -3.892591028327e-06  -1.613674338096e-05   2.747056232702e-06   0.000000000000e+00   0.000000000000e+00   0.000000000000e+00   0.000000000000e+00   0.000000000000e+00
   8.896734667640e-04   4.440714036224e-04   8.868973531191e-02   5.711582189522e-04   7.700738914868e-03   2.320339954207e-02   2.863739826703e-01   2.270863493695e-03   3.120738678527e-02   3.366275694239e-02   2.262055175386e-01   1.745614985818e-03   2.391894700492e-02   2.244679927465e-02   8.051238018125e-02   5.962626175203e-04   8.136628168139e-03  -1.814616294276e-03  -4.857983091048e-04  -6.280499900031e+00  -9.163700652256e-03  -2.204801841721e-02  -1.707707167223e+00  -1.127378226701e+00  -2.229815716595e-01  -1.551544505825e-02  -2.086490529529e+00  -3.727168837588e-02   3.440850714437e-01   1.527090175665e+00   1.007615097470e+00   2.357635860346e-01   4.708998405918e-02  -3.048177572188e-01   5.796822256264e-01  -2.459900931591e-01  -1.098205514223e+00  -7.376301923817e-01  -1.479904207462e-01  -7.465497329296e-03  -1.993221505884e+00  -2.786026923270e-02  -9.882627694744e-01   1.523282443180e+00   1.004632448224e+00   2.345581365657e-01   4.677648527262e-02  -2.865574249107e-01  -5.891921034743e-01  -2.330671665881e-01   0.000000000000e+00  -3.143935134454e-09  -2.242873661040e-06  -2.534548702885e-09  -1.696433182389e-10   5.539219532601e-05  -2.222603371251e-04  -2.530850776700e-07  -1.409991970927e-08   1.053524110855e-02  -3.999675729116e-02  -5.324711814569e-05   3.667074490377e-06   9.858214065573e-02  -2.378043873757e-01  -3.497532838249e-04   3.780874011411e-04   1.683286648134e-07   3.295725007041e-12  -4.341637780202e-05   1.037500678713e-08   7.425655646465e-05   0.000000000000e+00   0.000000000000e+00   0.000000000000e+00   0.000000000000e+00   0.000000000000e+00   0.000000000000e+00   0.000000000000e+00   0.000000000000e+00   0.000000000000e+00   7.268552005116e-06  -4.288164208045e-05   1.084875034726e-08   2.050707684914e-09   5.713133255425e-03  -2.358478565343e-02   1.672689620205e-06   1.005276372095e-05   0.000000000000e+00   0.000000000000e+00   0.000000000000e+00   0.000000000000e+00   0.000000000000e+00
