ARMA_MAT_TXT_FN008
50 50
  -1.875135789947e+01  -1.935054527359e+01  -1.374272014162e-04  -2.119758300849e-08  -1.248315550894e-07  -6.747605760515e+00  -6.342339341560e-05  -9.014879453983e-09  -5.757836010165e-08  -3.044671374826e+00  -2.018449045920e-05  -2.271873463020e-09  -1.829936740644e-08  -1.283029049230e+00  -5.075977004977e-06  -4.791203376565e-10  -4.598056341755e-09  -1.748486095054e-07   8.431162804985e-08   7.855135761132e-06  -8.510814938802e-09  -1.301903058624e-05  -2.019048995279e-01  -1.466164426806e+00  -1.561065650845e+00  -9.559586105014e-01  -1.729811154925e+00  -2.063154145256e-03  -2.271114387077e-04  -2.021427158925e-01  -1.466776742599e+00  -1.561282552229e+00  -9.560059990138e-01   5.801588013256e-01  -6.769190096142e-01   1.483829925712e+00  -2.021385194118e-01  -1.466765940518e+00  -1.561278744044e+00  -9.560051688880e-01   5.808390527705e-01  -9.455096025687e-01  -1.328576731915e+00  -2.021654302197e-01  -1.466835208993e+00  -1.561303157391e+00  -9.560104899328e-01   5.777005040873e-01   1.624561564341e+00  -1.550151510274e-01
  -1.935054527359e+01  -1.699400491011e+01  -1.909047084554e-04  -2.948892715262e-08  -1.734094576335e-07  -7.089594342279e+00  -5.932135119459e-05  -9.213479812637e-09  -5.388700629734e-08  -3.236604003984e+00  -1.549434932309e-05  -2.449983677593e-09  -1.407675031453e-08  -1.364717395474e+00  -3.625526775484e-06  -5.807073601122e-10  -3.294132999935e-09  -8.769394714272e-08   4.228568937348e-08   3.922507479503e-06  -4.268503215416e-09  -6.500037723331e-06  -2.158185441212e-01  -1.563199927322e+00  -1.660541498928e+00  -1.016767078929e+00  -1.886243232180e+00  -2.249747401055e-03  -2.476485781562e-04  -2.160815718775e-01  -1.563846179614e+00  -1.660769798407e+00  -1.016816872584e+00   6.326171070612e-01  -7.381231046800e-01   1.617991382357e+00  -2.160768797951e-01  -1.563834712582e+00  -1.660765751446e+00  -1.016815990089e+00   6.333590190238e-01  -1.030998744399e+00  -1.448701219642e+00  -2.161069869859e-01  -1.563908268862e+00  -1.660791709472e+00  -1.016821650522e+00   6.299357157751e-01   1.771445041677e+00  -1.690307256735e-01
  -1.374272014162e-04  -1.909047084554e-04  -6.378918405639e+00  -1.254140310786e-06  -6.104540235916e-08  -5.086456059844e-04  -4.291567094993e+00  -1.352415180175e-06  -6.583069924750e-08  -3.233223288764e-04  -1.616693974233e+00  -5.583703797749e-07  -2.718068045388e-08  -1.531464869291e-04  -4.346227842906e-01  -1.525683707925e-07  -7.426986174122e-09   1.072425401093e-04  -1.435347006114e-05  -1.942617237015e-02   1.167058885445e-05   3.357890617390e-02   8.766756664168e-01   1.296564873906e+00   4.987281141567e-01   1.159613986743e-01   2.106683272977e+00   3.346667405455e-03   3.684463230309e-04  -2.940695854216e-01  -4.348365264520e-01  -1.673816372878e-01  -3.901448748234e-02  -3.846052471875e-01  -3.679891361473e-01   8.066450467394e-01  -2.944144036143e-01  -4.353501407698e-01  -1.675798733357e-01  -3.906066253388e-02  -3.838510424164e-01  -5.146139054272e-01  -7.231065134848e-01  -2.928233030332e-01  -4.329733734149e-01  -1.666613698634e-01  -3.884661836845e-02  -3.873486589381e-01   8.793157664695e-01  -8.390404349799e-02
  -2.119758300849e-08  -2.948892715262e-08  -1.254140310786e-06  -6.378732252316e+00   6.047422952318e-07  -5.484275529562e-08  -1.352415180175e-06  -4.291362602074e+00   6.521390728473e-07  -1.582151025487e-09  -5.583703797749e-07  -1.616606791083e+00   2.692544169608e-07   8.529526006452e-09  -1.525683707925e-07  -4.345985616483e-01   7.357162940609e-08  -2.285018482148e-02   8.975557859404e-03   2.645380613989e-02  -1.435347006114e-05   1.538037224648e-02   1.045721212928e-03   1.546868300435e-03   5.951876917970e-04   1.384865004854e-04   3.347445041781e-03  -6.994573132473e-01   4.675436220522e-07   3.430856598862e-01   5.071730460861e-01   1.950812469086e-01   4.538386179821e-02  -3.679086469841e-01  -2.706881312336e-01  -9.410167562447e-01   4.792165642357e-01   7.084174149085e-01   2.724898359165e-01   6.339234891380e-02  -5.145013641379e-01   1.375924051716e-01   1.176894405635e+00  -8.233820334276e-01  -1.217121422451e+00  -4.681485931875e-01  -1.089095876221e-01   8.791219520937e-01   1.772288559541e+00  -2.359069644376e-01
  -1.248315550894e-07  -1.734094576335e-07  -6.104540235916e-08   6.047422952318e-07  -6.378728047756e+00  -4.610402497773e-07  -6.583069924750e-08   6.521390728473e-07  -4.291358055874e+00  -2.916716934238e-07  -2.718068045388e-08   2.692544169608e-07  -1.616604905166e+00  -1.377670783525e-07  -7.426986174122e-09   7.357162940609e-08  -4.345980450432e-01  -1.435347006114e-05   3.054620658149e-02  -7.783930159476e-03  -2.291839618927e-02  -4.481943635275e-03   1.150873762900e-04   1.701278712689e-04   6.534744792133e-05   1.513709405808e-05   3.683297805271e-04   4.673025236214e-07  -6.994610634776e-01  -7.520554164801e-01  -1.111740084795e+00  -4.276245302662e-01  -9.948296818070e-02   8.064680455582e-01  -9.410160956764e-01   1.362763207356e+00   6.733678837993e-01   9.954274281831e-01   3.828868627012e-01   8.907515937331e-02  -7.229479195915e-01   1.176893661349e+00   9.537357868591e-01   7.856684408456e-02   1.161372453680e-01   4.467044795012e-02   1.039201904674e-02  -8.388551993359e-02  -2.359068804735e-01  -6.775104564863e-01
  -6.747605760515e+00  -7.089594342279e+00  -5.086456059844e-04  -5.484275529562e-08  -4.610402497773e-07  -7.873850475871e+00  -7.656863925746e-04   7.723481433757e-07  -6.583108095994e-07  -5.378245029784e+00  -4.362736431438e-04   1.197678504781e-06  -3.434426504509e-07  -2.738270486058e+00  -1.381755562837e-04   4.946824603290e-07  -1.039550110886e-07  -3.524538977593e-06   1.699770053922e-06   1.897444895651e-04  -1.716043100049e-07  -3.164749116631e-04  -1.205304538368e+00  -2.915177378943e+00  -3.135506863525e+00  -2.090470490859e+00  -2.803852802932e+00  -3.343446753928e-03  -3.681897395827e-04  -1.206075654208e+00  -2.916311683926e+00  -3.136046318856e+00  -2.090613060149e+00   9.400006102656e-01  -1.096934984151e+00   2.404521217917e+00  -1.206064221983e+00  -2.916296355944e+00  -3.136039601988e+00  -2.090611331436e+00   9.411091083476e-01  -1.532191537197e+00  -2.152950352899e+00  -1.206136750936e+00  -2.916392964052e+00  -3.136081668183e+00  -2.090622134372e+00   9.359830299693e-01   2.632479124095e+00  -2.511903520666e-01
  -6.342339341560e-05  -5.932135119459e-05  -4.291567094993e+00  -1.352415180175e-06  -6.583069924750e-08  -7.656863925746e-04  -5.146383845991e+00  -3.198487440341e-06  -1.557482660394e-07  -7.950219846760e-04  -3.165754510109e+00  -1.776495698255e-06  -8.655520627619e-08  -4.590633733271e-04  -1.095550798978e+00  -5.306897823184e-07  -2.586526210531e-08   4.350300505532e-04  -5.835549116055e-05  -7.891935417367e-02   4.770102274596e-05   1.364147689219e-01   2.041151093873e+00   2.446951218296e+00   1.130274821666e+00   3.015855023924e-01   2.101318069730e+00   4.046879913980e-03   4.456847146781e-04  -6.844683651965e-01  -8.206592629476e-01  -3.794461524224e-01  -1.015371255844e-01  -9.120725055108e-01  -4.450316912072e-01   9.755258702536e-01  -6.852753514609e-01  -8.216298050585e-01  -3.798955336167e-01  -1.016572348304e-01  -9.111591100030e-01  -6.223564264859e-01  -8.745008541240e-01  -6.815436312523e-01  -8.171361373870e-01  -3.778131746251e-01  -1.011004659566e-01  -9.153966383998e-01   1.063389177159e+00  -1.014682731903e-01
  -9.014879453983e-09  -9.213479812637e-09  -1.352415180175e-06  -4.291362602074e+00   6.521390728473e-07   7.723481433757e-07  -3.198487440341e-06  -5.145762922612e+00   1.542628501118e-06   2.182530979907e-06  -1.776495698255e-06  -3.165282886237e+00   8.570771738731e-07   1.643493285442e-06  -5.306897823184e-07  -1.095387187623e+00   2.560819632896e-07  -9.205030592049e-02   3.633627771022e-02   1.070924560058e-01  -5.835549116055e-05   6.226286830690e-02   2.434799656910e-03   2.920106187047e-03   1.350492687852e-03   3.615016200020e-04   4.049070246623e-03  -1.292657852046e+00   5.780722982052e-07   7.985555794138e-01   9.571130682180e-01   4.421198187950e-01   1.180441881153e-01  -4.448648628550e-01  -7.742879990680e-01  -1.137988391689e+00   1.115416793414e+00   1.336893642675e+00   6.175532414475e-01   1.648840450723e-01  -6.221230617017e-01  -2.805435725550e-01   1.423244722290e+00  -1.916411084321e+00  -2.296871797266e+00  -1.060975512642e+00  -2.832712493416e-01   1.062986785412e+00   1.696258650707e+00  -2.852804668048e-01
  -5.757836010165e-08  -5.388700629734e-08  -6.583069924750e-08   6.521390728473e-07  -4.291358055874e+00  -6.583108095994e-07  -1.557482660394e-07   1.542628501118e-06  -5.145751725618e+00  -6.258559549983e-07  -8.655520627619e-08   8.570771738731e-07  -3.165276256305e+00  -3.453717817273e-07  -2.586526210531e-08   2.560819632896e-07  -1.095385133405e+00  -5.835549116055e-05   1.236617366530e-01  -3.151117773183e-02  -9.232786812792e-02  -1.814428834374e-02   2.679589168318e-04   3.210769324194e-04   1.480961769498e-04   3.937858704324e-05   4.454780189030e-04   5.775381994383e-07  -1.292662289184e+00  -1.750460776183e+00  -2.098021408896e+00  -9.691374365761e-01  -2.587539333297e-01   9.751584407238e-01  -1.137986366166e+00   1.201073301513e+00   1.567320185656e+00   1.878524717308e+00   8.677473890116e-01   2.316833647169e-01  -8.741716454260e-01   1.423242609903e+00   7.064368310739e-01   1.828633268579e-01   2.191666640247e-01   1.012377538974e-01   2.702951892663e-02  -1.014298460156e-01  -2.852803793987e-01  -1.266264306402e+00
  -3.044671374826e+00  -3.236604003984e+00  -3.233223288764e-04  -1.582151025487e-09  -2.916716934238e-07  -5.378245029784e+00  -7.950219846760e-04   2.182530979907e-06  -6.258559549983e-07  -5.155840956433e+00  -7.149099894260e-04   4.491929632898e-06  -4.571191083708e-07  -3.401296607716e+00  -3.026941954206e-04   2.372500006653e-06  -1.738832704818e-07  -3.422257428090e-06   1.650792199349e-06   2.306751387739e-04  -1.666883735749e-07  -3.872039491571e-04  -1.425212803037e+00  -2.951203401481e+00  -3.528228316910e+00  -2.708975721012e+00  -1.731817855104e+00  -2.064401066211e-03  -2.274587465208e-04  -1.425783213792e+00  -2.952171836043e+00  -3.528875300305e+00  -2.709194016554e+00   5.804278763512e-01  -6.774554422661e-01   1.485008552666e+00  -1.425776300725e+00  -2.952161788601e+00  -3.528869450702e+00  -2.709192070232e+00   5.811139945361e-01  -9.462680842659e-01  -1.329644503173e+00  -1.425819498790e+00  -2.952223689067e+00  -3.528904962514e+00  -2.709203866910e+00   5.779382476084e-01   1.625769658032e+00  -1.551304436542e-01
  -2.018449045920e-05  -1.549434932309e-05  -1.616693974233e+00  -5.583703797749e-07  -2.718068045388e-08  -4.362736431438e-04  -3.165754510109e+00  -1.776495698255e-06  -8.655520627619e-08  -7.149099894260e-04  -3.554397572475e+00  -1.080056229050e-06  -5.273286138524e-08  -5.518554717074e-04  -1.990382117958e+00  -3.304203129162e-07  -1.616678207690e-08   3.340220518542e-04  -4.487656127963e-05  -6.052069562284e-02   3.664076619359e-05   1.046113155942e-01   1.774352479167e+00   2.440865475096e+00   1.616009211156e+00   5.878005417799e-01   5.355794285466e-01   1.980106913999e-03   2.181871277781e-04  -5.948476184255e-01  -8.184690416276e-01  -5.422586956411e-01  -1.975702663970e-01  -9.395285998433e-01  -2.178006506647e-01   4.774277335067e-01  -5.955516796746e-01  -8.194387609568e-01  -5.429015236182e-01  -1.978043342375e-01  -9.390811664953e-01  -3.045852252078e-01  -4.279868036896e-01  -5.922910589984e-01  -8.149457787201e-01  -5.399219682814e-01  -1.967191720032e-01  -9.411571717934e-01   5.204204162415e-01  -4.965835397851e-02
  -2.271873463020e-09  -2.449983677593e-09  -5.583703797749e-07  -1.616606791083e+00   2.692544169608e-07   1.197678504781e-06  -1.776495698255e-06  -3.165282886237e+00   8.570771738731e-07   4.491929632898e-06  -1.080056229050e-06  -3.553821847789e+00   5.216912805882e-07   4.325412016811e-06  -3.304203129162e-07  -1.990114681869e+00   1.597930757756e-07  -7.047964704182e-02   2.784516745717e-02   8.206619326760e-02  -4.487656127963e-05   4.771192917414e-02   2.116531225539e-03   2.912968182977e-03   1.931560173040e-03   7.051118513437e-04   1.981945865302e-03  -1.125659627448e+00   2.840998881438e-07   6.940046320826e-01   9.546302485759e-01   6.320454984271e-01   2.299815783603e-01  -2.176788938553e-01  -8.720670947859e-01  -5.569362637239e-01   9.693852195706e-01   1.333428341252e+00   8.828418657331e-01   3.212379130623e-01  -3.044148706789e-01  -6.304253117009e-01   6.965439256316e-01  -1.665463390923e+00  -2.290886808341e+00  -1.516739551378e+00  -5.518841388405e-01   5.201264631355e-01   3.370070848268e-01  -1.396152452362e-01
  -1.829936740644e-08  -1.407675031453e-08  -2.718068045388e-08   2.692544169608e-07  -1.616604905166e+00  -3.434426504509e-07  -8.655520627619e-08   8.570771738731e-07  -3.165276256305e+00  -4.571191083708e-07  -5.273286138524e-08   5.216912805882e-07  -3.553816880062e+00  -3.170144512210e-07  -1.616678207690e-08   1.597930757756e-07  -1.990112866012e+00  -4.487656127963e-05   9.476490920097e-02  -2.414740015087e-02  -7.069325117580e-02  -1.390426334549e-02   2.329381327493e-04   3.203311995769e-04   2.119203778481e-04   7.697488937062e-05   2.180482422517e-04   2.836928008832e-07  -1.125661777854e+00  -1.521281608072e+00  -2.092578579586e+00  -1.385457070255e+00  -5.041197332926e-01   4.771593662625e-01  -5.569345461173e-01   9.468307128465e-02   1.362124963631e+00   1.873655320114e+00   1.240513460594e+00   4.513798919961e-01  -4.277463574536e-01   6.965421778917e-01  -1.473912373323e-01   1.589179830713e-01   2.185956580875e-01   1.447268233484e-01   5.266068516529e-02  -4.963029420534e-02  -1.396152146930e-01  -1.112841160023e+00
  -1.283029049230e+00  -1.364717395474e+00  -1.531464869291e-04   8.529526006452e-09  -1.377670783525e-07  -2.738270486058e+00  -4.590633733271e-04   1.643493285442e-06  -3.453717817273e-07  -3.401296607716e+00  -5.518554717074e-04   4.325412016811e-06  -3.170144512210e-07  -3.126550826294e+00  -3.321763925021e-04   3.208895003483e-06  -1.655292801499e-07  -1.842221892019e-06   8.887349308416e-07   1.381093924314e-04  -8.974813067216e-08  -2.324158492362e-04  -9.114095798544e-01  -1.962226001173e+00  -2.780007581064e+00  -2.685178056086e+00  -6.908808425041e-01  -8.232206774774e-04  -9.076189767496e-05  -9.116702901398e-01  -1.962751220792e+00  -2.780474238591e+00  -2.685391807688e+00   2.314980158279e-01  -2.702557821239e-01   5.924119446740e-01  -9.116677588737e-01  -1.962747055302e+00  -2.780471122874e+00  -2.685390328418e+00   2.317718798674e-01  -3.774930102306e-01  -5.304332482814e-01  -9.116832474721e-01  -1.962771933892e+00  -2.780489264393e+00  -2.685398991193e+00   2.305039425964e-01   6.485631382435e-01  -6.188569612034e-02
  -5.075977004977e-06  -3.625526775484e-06  -4.346227842906e-01  -1.525683707925e-07  -7.426986174122e-09  -1.381755562837e-04  -1.095550798978e+00  -5.306897823184e-07  -2.586526210531e-08  -3.026941954206e-04  -1.990382117958e+00  -3.304203129162e-07  -1.616678207690e-08  -3.321763925021e-04  -2.106898914747e+00  -1.014628672573e-07  -4.999651152934e-09   1.137231997672e-04  -1.528571257870e-05  -2.059007360411e-02   1.247137783819e-05   3.559027709363e-02   6.959704139950e-01   1.179730790499e+00   1.187007782790e+00   7.062201487967e-01  -6.998929196322e-02   4.753392540682e-04   5.241575214686e-05  -2.332931456928e-01  -3.955297898722e-01  -3.981373580686e-01  -2.370449403178e-01  -4.243141600364e-01  -5.231023949637e-02   1.146663481143e-01  -2.335697567422e-01  -3.959989679826e-01  -3.986097303837e-01  -2.373261240093e-01  -4.242066933192e-01  -7.315382204730e-02  -1.027919728087e-01  -2.322878809344e-01  -3.938241951213e-01  -3.964197836265e-01  -2.360224163939e-01  -4.247051640001e-01   1.249914621915e-01  -1.192664538347e-02
  -4.791203376565e-10  -5.807073601122e-10  -1.525683707925e-07  -4.345985616483e-01   7.357162940609e-08   4.946824603290e-07  -5.306897823184e-07  -1.095387187623e+00   2.560819632896e-07   2.372500006653e-06  -3.304203129162e-07  -1.990114681869e+00   1.597930757756e-07   3.208895003483e-06  -1.014628672573e-07  -2.106722409738e+00   4.926672111895e-08  -2.397239850171e-02   9.472121494664e-03   2.791645417541e-02  -1.528571257870e-05   1.623004939323e-02   8.301796798269e-04   1.407822898584e-03   1.418140280431e-03   8.454068656343e-04   4.760326202495e-04  -4.689756616993e-01   6.962476410876e-08   2.721832894094e-01   4.613605506667e-01   4.642132636326e-01   2.762293171782e-01  -5.226655132246e-02  -4.081033890888e-01  -1.337582957731e-01   3.801862323285e-01   6.444297033658e-01   6.484142484593e-01   3.858373795846e-01  -7.309269143725e-02  -3.500687034716e-01   1.672877754133e-01  -6.531746592583e-01  -1.107148406562e+00  -1.113985211591e+00  -6.628685159548e-01   1.248859496803e-01  -1.177239409878e-01  -3.353092880775e-02
  -4.598056341755e-09  -3.294132999935e-09  -7.426986174122e-09   7.357162940609e-08  -4.345980450432e-01  -1.039550110886e-07  -2.586526210531e-08   2.560819632896e-07  -1.095385133405e+00  -1.738832704818e-07  -1.616678207690e-08   1.597930757756e-07  -1.990112866012e+00  -1.655292801499e-07  -4.999651152934e-09   4.926672111895e-08  -2.106721545681e+00  -1.528571257870e-05   3.223639080551e-02  -8.214229678254e-03  -2.404517502198e-02  -4.729825058413e-03   9.136822737764e-05   1.548388506830e-04   1.557345032552e-04   9.261237585113e-05   5.236742152928e-05   6.947608724893e-08  -4.689761645376e-01  -5.966349849968e-01  -1.011316573486e+00  -1.017566528508e+00  -6.054980577253e-01   1.145700272145e-01  -1.337576483203e-01  -1.759208463806e-01   5.342160776703e-01   9.055149941980e-01   9.111115958497e-01   5.421526844722e-01  -1.027056738780e-01   1.672871216021e-01  -2.340591152303e-01   6.232571717365e-02   1.056437455213e-01   1.062961689672e-01   6.325081820884e-02  -1.191657509917e-02  -3.353092230033e-02  -4.659291867146e-01
  -1.748486095054e-07  -8.769394714272e-08   1.072425401093e-04  -2.285018482148e-02  -1.435347006114e-05  -3.524538977593e-06   4.350300505532e-04  -9.205030592049e-02  -5.835549116055e-05  -3.422257428090e-06   3.340220518542e-04  -7.047964704182e-02  -4.487656127963e-05  -1.842221892019e-06   1.137231997672e-04  -2.397239850171e-02  -1.528571257870e-05  -3.729229240468e+00   1.887896993001e-02   5.570456624261e-02  -6.041412979809e-05   3.193642359350e-02  -3.889381242420e-03  -2.488139561630e-03  -5.257704763730e-04  -6.894883537669e-05  -3.414762808186e-03   1.604665103950e+00  -2.754069005489e-06   4.275186256790e-01   2.733308293893e-01   5.758462961133e-02   7.430053934423e-03   4.321044758502e-01  -3.125313358744e-01  -5.037373942478e-01   5.978637586061e-01   3.822412125754e-01   8.053009918526e-02   1.039105178320e-02   6.029012785325e-01  -9.408133578276e-02   6.307514720295e-01  -1.021552142580e+00  -6.531074130922e-01  -1.375973404765e-01  -1.775744442966e-02  -1.041001877806e+00   7.776798982356e-01  -1.257371630084e-01
   8.431162804985e-08   4.228568937348e-08  -1.435347006114e-05   8.975557859404e-03   3.054620658149e-02   1.699770053922e-06  -5.835549116055e-05   3.633627771022e-02   1.236617366530e-01   1.650792199349e-06  -4.487656127963e-05   2.784516745717e-02   9.476490920097e-02   8.887349308416e-07  -1.528571257870e-05   9.472121494664e-03   3.223639080551e-02   1.887896993001e-02  -3.775560668172e+00   4.155580192252e-06   6.431622877315e-02  -6.084304996226e-05  -5.006041805120e-07  -3.818192180941e-08   6.659325706320e-07   6.069050425955e-07  -2.600604553806e-06   1.446885850998e-03   6.124007956842e-03   1.093332486289e+00   6.988295390938e-01   1.471582716535e-01   1.897490784777e-02  -5.035465191711e-01  -7.899526245226e-01  -6.548312298456e-01  -1.367392065599e+00  -8.740041785023e-01  -1.840450828130e-01  -2.372999438920e-02   6.305125628767e-01   2.092716385106e-01  -5.595892767374e-01   2.740890703107e-01   1.751864829996e-01   3.689047255209e-02   4.757114497921e-03  -1.256893140582e-01  -2.082197207019e-01  -1.471554754149e+00
   7.855135761132e-06   3.922507479503e-06  -1.942617237015e-02   2.645380613989e-02  -7.783930159476e-03   1.897444895651e-04  -7.891935417367e-02   1.070924560058e-01  -3.151117773183e-02   2.306751387739e-04  -6.052069562284e-02   8.206619326760e-02  -2.414740015087e-02   1.381093924314e-04  -2.059007360411e-02   2.791645417541e-02  -8.214229678254e-03   5.570456624261e-02   4.155580192252e-06  -3.787591327104e+00  -1.632876766451e-02   2.043308038333e-02   9.412346441365e-01   6.018229800376e-01   1.268527406228e-01   1.643900328837e-02   3.629603140682e-01   4.077705831242e-03  -6.581139426443e-04  -1.133924012626e+00  -7.247276508212e-01  -1.525176415792e-01  -1.958431558126e-02   8.308325652044e-01  -9.689121149397e-01  -2.573259648505e-01  -7.223581038743e-01  -4.616675497431e-01  -9.712335753801e-02  -1.244184705738e-02   6.420453585787e-01  -1.045863564755e+00   6.624959491723e-01   9.189832248271e-01   5.874215296798e-01   1.237894808082e-01   1.604230565939e-02  -1.141507137819e-01  -3.100855230890e-01   2.783401965147e-01
  -8.510814938802e-09  -4.268503215416e-09   1.167058885445e-05  -1.435347006114e-05  -2.291839618927e-02  -1.716043100049e-07   4.770102274596e-05  -5.835549116055e-05  -9.232786812792e-02  -1.666883735749e-07   3.664076619359e-05  -4.487656127963e-05  -7.069325117580e-02  -8.974813067216e-08   1.247137783819e-05  -1.528571257870e-05  -2.404517502198e-02  -6.041412979809e-05   6.431622877315e-02  -1.632876766451e-02  -3.729514077881e+00  -9.451837062614e-03  -4.280359703203e-04  -2.736145628157e-04  -5.766618060586e-05  -7.481811790182e-06  -3.756478131252e-04  -2.753347649259e-06   1.604661458694e+00  -9.371351991779e-01  -5.991500652210e-01  -1.262295357343e-01  -1.628939347214e-02  -9.471530473944e-01  -5.037363761419e-01   5.618607854381e-01   8.400840808019e-01   5.371032160627e-01   1.131574468413e-01   1.460236992055e-02   8.471430774426e-01   6.307503966337e-01   3.433187340614e-01   9.747617444801e-02   6.231921876107e-02   1.312928613370e-02   1.694229855005e-03   9.933511869860e-02  -1.257371065444e-01  -5.280386182069e-01
  -1.301903058624e-05  -6.500037723331e-06   3.357890617390e-02   1.538037224648e-02  -4.481943635275e-03  -3.164749116631e-04   1.364147689219e-01   6.226286830690e-02  -1.814428834374e-02  -3.872039491571e-04   1.046113155942e-01   4.771192917414e-02  -1.390426334549e-02  -2.324158492362e-04   3.559027709363e-02   1.623004939323e-02  -4.729825058413e-03   3.193642359350e-02  -6.084304996226e-05   2.043308038333e-02  -9.451837062614e-03  -3.811490791636e+00  -1.630261570130e+00  -1.042382991511e+00  -2.197092940074e-01  -2.846840983719e-02  -6.286682625271e-01  -2.472783777556e-03  -9.113933164587e-04   6.616778732000e-02   4.221529454334e-02   8.732890906225e-03   9.895725211621e-04  -5.649838575963e-01  -5.913393453579e-01  -7.852642076669e-02   3.029132026460e-01   1.935374704969e-01   4.059796132922e-02   5.098205913838e-03  -6.748214513244e-01  -6.490951060019e-01   3.188698453494e-01   1.254579423177e+00   8.017970128857e-01   1.686812524842e-01   2.161302198264e-02  -1.107506980050e+00  -1.063677926258e-01   1.537696493027e-01
  -2.019048995279e-01  -2.158185441212e-01   8.766756664168e-01   1.045721212928e-03   1.150873762900e-04  -1.205304538368e+00   2.041151093873e+00   2.434799656910e-03   2.679589168318e-04  -1.425212803037e+00   1.774352479167e+00   2.116531225539e-03   2.329381327493e-04  -9.114095798544e-01   6.959704139950e-01   8.301796798269e-04   9.136822737764e-05  -3.889381242420e-03  -5.006041805120e-07   9.412346441365e-01  -4.280359703203e-04  -1.630261570130e+00  -3.626773865667e+00  -3.209234832746e+00  -1.834932313067e+00  -9.280454881438e-01  -6.385940767321e-01  -7.606207229431e-04  -8.391122855737e-05  -1.389230534520e-02  -2.648504693557e-01  -6.996041533580e-01  -6.452674936996e-01   1.271603614339e-01  -4.112052873614e-02   9.038976850415e-02  -1.389212437509e-02  -2.648489659554e-01  -6.996026631941e-01  -6.452669805096e-01   1.272010688149e-01  -5.748025657123e-02  -8.090985892339e-02  -1.389257574074e-02  -2.648526112321e-01  -6.996060744760e-01  -6.452681293703e-01   1.270095268181e-01   9.905234539866e-02  -9.429037016757e-03
  -1.466164426806e+00  -1.563199927322e+00   1.296564873906e+00   1.546868300435e-03   1.701278712689e-04  -2.915177378943e+00   2.446951218296e+00   2.920106187047e-03   3.210769324194e-04  -2.951203401481e+00   2.440865475096e+00   2.912968182977e-03   3.203311995769e-04  -1.962226001173e+00   1.179730790499e+00   1.407822898584e-03   1.548388506830e-04  -2.488139561630e-03  -3.818192180941e-08   6.018229800376e-01  -2.736145628157e-04  -1.042382991511e+00  -3.209234832746e+00  -4.185959996561e+00  -3.277676630939e+00  -1.927206268424e+00  -1.137026760994e+00  -1.354251631454e-03  -1.494083056668e-04  -2.648945393195e-01  -9.783739658236e-01  -1.638685513708e+00  -1.438424656175e+00   5.816047765077e-01  -2.336753389922e-01   5.132709606731e-01  -2.648925963524e-01  -9.783696877510e-01  -1.638682437122e+00  -1.438423573755e+00   5.818393452117e-01  -3.265769136270e-01  -4.594762463709e-01  -2.648989380025e-01  -9.783840378390e-01  -1.638691505680e+00  -1.438426535095e+00   5.807472460894e-01   5.623172299001e-01  -5.356275824703e-02
  -1.561065650845e+00  -1.660541498928e+00   4.987281141567e-01   5.951876917970e-04   6.534744792133e-05  -3.135506863525e+00   1.130274821666e+00   1.350492687852e-03   1.480961769498e-04  -3.528228316910e+00   1.616009211156e+00   1.931560173040e-03   2.119203778481e-04  -2.780007581064e+00   1.187007782790e+00   1.418140280431e-03   1.557345032552e-04  -5.257704763730e-04   6.659325706320e-07   1.268527406228e-01  -5.766618060586e-05  -2.197092940074e-01  -1.834932313067e+00  -3.277676630939e+00  -3.597750985036e+00  -2.686176289485e+00  -8.265111843768e-01  -9.843650022137e-04  -1.086088931672e-04  -6.997573325604e-01  -1.638926702748e+00  -2.362021334606e+00  -2.165604796436e+00   5.976396890207e-01  -3.008029442924e-01   6.603043031229e-01  -6.997545526763e-01  -1.638921943334e+00  -2.362017920072e+00  -2.165603391548e+00   5.979436701009e-01  -4.203216812099e-01  -5.911378600981e-01  -6.997657254379e-01  -1.638940877502e+00  -2.362029539935e+00  -2.165607647729e+00   5.965337835866e-01   7.232435279204e-01  -6.892844340949e-02
  -9.559586105014e-01  -1.016767078929e+00   1.159613986743e-01   1.384865004854e-04   1.513709405808e-05  -2.090470490859e+00   3.015855023924e-01   3.615016200020e-04   3.937858704324e-05  -2.708975721012e+00   5.878005417799e-01   7.051118513437e-04   7.697488937062e-05  -2.685178056086e+00   7.062201487967e-01   8.454068656343e-04   9.261237585113e-05  -6.894883537669e-05   6.069050425955e-07   1.643900328837e-02  -7.481811790182e-06  -2.846840983719e-02  -9.280454881438e-01  -1.927206268424e+00  -2.686176289485e+00  -2.610526447228e+00  -4.534957385595e-01  -5.400943117605e-04  -5.959313271534e-05  -6.454134881110e-01  -1.438710798684e+00  -2.165794007612e+00  -2.271525422658e+00   2.786422711735e-01  -1.850570358041e-01   4.059823041117e-01  -6.454118212056e-01  -1.438707942998e+00  -2.165791776888e+00  -2.271524274876e+00   2.788296722105e-01  -2.585442702055e-01  -3.634781652831e-01  -6.454198569107e-01  -1.438721098114e+00  -2.165800426075e+00  -2.271528084650e+00   2.779616274903e-01   4.445879300472e-01  -4.239303074108e-02
  -1.729811154925e+00  -1.886243232180e+00   2.106683272977e+00   3.347445041781e-03   3.683297805271e-04  -2.803852802932e+00   2.101318069730e+00   4.049070246623e-03   4.454780189030e-04  -1.731817855104e+00   5.355794285466e-01   1.981945865302e-03   2.180482422517e-04  -6.908808425041e-01  -6.998929196322e-02   4.760326202495e-04   5.236742152928e-05  -3.414762808186e-03  -2.600604553806e-06   3.629603140682e-01  -3.756478131252e-04  -6.286682625271e-01  -6.385940767321e-01  -1.137026760994e+00  -8.265111843768e-01  -4.534957385595e-01  -3.337657603172e+00  -8.536536443408e-04  -9.407314853449e-05  -1.362336405540e-01  -7.263719924909e-01  -8.838959178375e-01  -5.136759386706e-01   4.913584306011e-01  -2.168611586535e-01   4.764888641805e-01  -1.362686842593e-01  -7.265197017065e-01  -8.840292114131e-01  -5.137232924755e-01   4.917243159719e-01  -3.031725137378e-01  -4.266321077749e-01  -1.361035485455e-01  -7.258288948202e-01  -8.834082006688e-01  -5.135031010192e-01   4.900217049741e-01   5.216441500399e-01  -4.967510338626e-02
  -2.063154145256e-03  -2.249747401055e-03   3.346667405455e-03  -6.994573132473e-01   4.673025236214e-07  -3.343446753928e-03   4.046879913980e-03  -1.292657852046e+00   5.775381994383e-07  -2.064401066211e-03   1.980106913999e-03  -1.125659627448e+00   2.836928008832e-07  -8.232206774774e-04   4.753392540682e-04  -4.689756616993e-01   6.947608724893e-08   1.604665103950e+00   1.446885850998e-03   4.077705831242e-03  -2.753347649259e-06  -2.472783777556e-03  -7.606207229431e-04  -1.354251631454e-03  -9.843650022137e-04  -5.400943117605e-04  -8.536536443408e-04  -2.621526134289e+00  -8.677170015576e-08   3.577764198372e-02   1.482193653284e-01   1.318232540655e-01   4.634473470105e-02  -1.457106297511e-01  -5.494936868432e-02  -1.064094484445e-01   5.002380044965e-02   2.073158862319e-01   1.844953364667e-01   6.495839096665e-02  -2.038189773880e-01  -8.720397077643e-03   1.332095978521e-01  -8.628578177397e-02  -3.581165842169e-01  -3.194620694146e-01  -1.131329681806e-01   3.511401077347e-01   1.781615306975e-01  -2.680152711008e-02
  -2.271114387077e-04  -2.476485781562e-04   3.684463230309e-04   4.675436220522e-07  -6.994610634776e-01  -3.681897395827e-04   4.456847146781e-04   5.780722982052e-07  -1.292662289184e+00  -2.274587465208e-04   2.181871277781e-04   2.840998881438e-07  -1.125661777854e+00  -9.076189767496e-05   5.241575214686e-05   6.962476410876e-08  -4.689761645376e-01  -2.754069005489e-06   6.124007956842e-03  -6.581139426443e-04   1.604661458694e+00  -9.113933164587e-04  -8.391122855737e-05  -1.494083056668e-04  -1.086088931672e-04  -5.959313271534e-05  -9.407314853449e-05  -8.677170015576e-08  -2.621524919347e+00  -7.871537891131e-02  -3.265454455909e-01  -2.910743822089e-01  -1.028880595962e-01   3.206912939552e-01  -1.066044895363e-01   1.309472513429e-01   7.045350223782e-02   2.922330445573e-01   2.604310649075e-01   9.200634407560e-02  -2.871200425199e-01   1.333628310512e-01   8.434895950301e-02   8.207512772819e-03   3.402462492188e-02   3.029422460283e-02   1.067907935522e-02  -3.339079695522e-02  -2.675972064928e-02  -1.008164980234e-01
  -2.021427158925e-01  -2.160815718775e-01  -2.940695854216e-01   3.430856598862e-01  -7.520554164801e-01  -1.206075654208e+00  -6.844683651965e-01   7.985555794138e-01  -1.750460776183e+00  -1.425783213792e+00  -5.948476184255e-01   6.940046320826e-01  -1.521281608072e+00  -9.116702901398e-01  -2.332931456928e-01   2.721832894094e-01  -5.966349849968e-01   4.275186256790e-01   1.093332486289e+00  -1.133924012626e+00  -9.371351991779e-01   6.616778732000e-02  -1.389230534520e-02  -2.648945393195e-01  -6.997573325604e-01  -6.454134881110e-01  -1.362336405540e-01   3.577764198372e-02  -7.871537891131e-02  -3.627947076527e+00  -3.210061860862e+00  -1.835368481955e+00  -9.282596620019e-01   2.139599731102e-01  -2.498334817446e-01   5.476461211150e-01  -1.408025385841e-02  -2.664749137050e-01  -7.013712294903e-01  -6.459754116050e-01   4.645366640547e-03  -2.190167297002e-02  -1.612916642227e-01  -1.407980204117e-02  -2.664709730864e-01  -7.013668818088e-01  -6.459738569491e-01   4.448760643466e-03   1.362422257917e-01  -8.906975837189e-02
  -1.466776742599e+00  -1.563846179614e+00  -4.348365264520e-01   5.071730460861e-01  -1.111740084795e+00  -2.916311683926e+00  -8.206592629476e-01   9.571130682180e-01  -2.098021408896e+00  -2.952171836043e+00  -8.184690416276e-01   9.546302485759e-01  -2.092578579586e+00  -1.962751220792e+00  -3.955297898722e-01   4.613605506667e-01  -1.011316573486e+00   2.733308293893e-01   6.988295390938e-01  -7.247276508212e-01  -5.991500652210e-01   4.221529454334e-02  -2.648504693557e-01  -9.783739658236e-01  -1.638926702748e+00  -1.438710798684e+00  -7.263719924909e-01   1.482193653284e-01  -3.265454455909e-01  -3.210061860862e+00  -4.187066821390e+00  -3.278477232989e+00  -1.927652528025e+00   3.809414412357e-01  -4.448201880399e-01   9.750657758262e-01  -2.664744723474e-01  -9.818364424062e-01  -1.641721709347e+00  -1.439751219307e+00   7.347354162360e-02  -1.788237191998e-01  -7.898391285527e-01  -2.664732396616e-01  -9.818347946397e-01  -1.641717762413e+00  -1.439749307444e+00   7.236571367887e-02   7.141653534342e-01  -3.820465482158e-01
  -1.561282552229e+00  -1.660769798407e+00  -1.673816372878e-01   1.950812469086e-01  -4.276245302662e-01  -3.136046318856e+00  -3.794461524224e-01   4.421198187950e-01  -9.691374365761e-01  -3.528875300305e+00  -5.422586956411e-01   6.320454984271e-01  -1.385457070255e+00  -2.780474238591e+00  -3.981373580686e-01   4.642132636326e-01  -1.017566528508e+00   5.758462961133e-02   1.471582716535e-01  -1.525176415792e-01  -1.262295357343e-01   8.732890906225e-03  -6.996041533580e-01  -1.638685513708e+00  -2.362021334606e+00  -2.165794007612e+00  -8.838959178375e-01   1.318232540655e-01  -2.910743822089e-01  -1.835368481955e+00  -3.278477232989e+00  -3.598487558863e+00  -2.686631236072e+00   2.768943610946e-01  -3.233345009057e-01   7.087638224231e-01  -7.013699377215e-01  -1.641720025089e+00  -2.364663921271e+00  -2.167013926514e+00   1.447934651216e-01  -2.884401065084e-01  -8.839289404207e-01  -7.013733646404e-01  -1.641725952750e+00  -2.364664047818e+00  -2.167012760688e+00   1.433741965938e-01   8.572120276168e-01  -3.607638963892e-01
  -9.560059990138e-01  -1.016816872584e+00  -3.901448748234e-02   4.538386179821e-02  -9.948296818070e-02  -2.090613060149e+00  -1.015371255844e-01   1.180441881153e-01  -2.587539333297e-01  -2.709194016554e+00  -1.975702663970e-01   2.299815783603e-01  -5.041197332926e-01  -2.685391807688e+00  -2.370449403178e-01   2.762293171782e-01  -6.054980577253e-01   7.430053934423e-03   1.897490784777e-02  -1.958431558126e-02  -1.628939347214e-02   9.895725211621e-04  -6.452674936996e-01  -1.438424656175e+00  -2.165604796436e+00  -2.271525422658e+00  -5.136759386706e-01   4.634473470105e-02  -1.028880595962e-01  -9.282596620019e-01  -1.927652528025e+00  -2.686631236072e+00  -2.610818961976e+00   1.519247084587e-01  -1.774076208520e-01   3.888855459720e-01  -6.459742572015e-01  -1.439749445404e+00  -2.167013100480e+00  -2.272414149275e+00   1.186834086261e-01  -2.119028626752e-01  -4.666781522074e-01  -6.459795937834e-01  -1.439757731282e+00  -2.167016328853e+00  -2.272414295928e+00   1.178128987956e-01   4.917049078113e-01  -1.453757408302e-01
   5.801588013256e-01   6.326171070612e-01  -3.846052471875e-01  -3.679086469841e-01   8.064680455582e-01   9.400006102656e-01  -9.120725055108e-01  -4.448648628550e-01   9.751584407238e-01   5.804278763512e-01  -9.395285998433e-01  -2.176788938553e-01   4.771593662625e-01   2.314980158279e-01  -4.243141600364e-01  -5.226655132246e-02   1.145700272145e-01   4.321044758502e-01  -5.035465191711e-01   8.308325652044e-01  -9.471530473944e-01  -5.649838575963e-01   1.271603614339e-01   5.816047765077e-01   5.976396890207e-01   2.786422711735e-01   4.913584306011e-01  -1.457106297511e-01   3.206912939552e-01   2.139599731102e-01   3.809414412357e-01   2.768943610946e-01   1.519247084587e-01  -2.703001430949e+00   9.385843605183e-02  -2.057410706023e-01   4.565982471839e-03   7.308188649528e-02   1.443515660778e-01   1.184476171025e-01  -1.130980095295e-01   1.711011192546e-02   4.838826647654e-02   4.737513020681e-03   7.378966156656e-02   1.449800673234e-01   1.186693809898e-01  -1.130472566849e-01  -4.854437455544e-02   1.923023963076e-02
  -6.769190096142e-01  -7.381231046800e-01  -3.679891361473e-01  -2.706881312336e-01  -9.410160956764e-01  -1.096934984151e+00  -4.450316912072e-01  -7.742879990680e-01  -1.137986366166e+00  -6.774554422661e-01  -2.178006506647e-01  -8.720670947859e-01  -5.569345461173e-01  -2.702557821239e-01  -5.231023949637e-02  -4.081033890888e-01  -1.337576483203e-01  -3.125313358744e-01  -7.899526245226e-01  -9.689121149397e-01  -5.037363761419e-01  -5.913393453579e-01  -4.112052873614e-02  -2.336753389922e-01  -3.008029442924e-01  -1.850570358041e-01  -2.168611586535e-01  -5.494936868432e-02  -1.066044895363e-01  -2.498334817446e-01  -4.448201880399e-01  -3.233345009057e-01  -1.774076208520e-01   9.385843605183e-02  -2.732160764078e+00   2.401528376656e-01   9.024841370471e-03  -2.608195194661e-02  -1.159041331695e-01  -1.197315959206e-01   7.633108740344e-03  -1.133393996571e-01   1.740608651545e-02  -1.287224456653e-01  -5.944911724096e-01  -6.210567725450e-01  -2.980166076184e-01   3.279519747151e-02   4.927367642608e-01  -3.672626500781e-01
   1.483829925712e+00   1.617991382357e+00   8.066450467394e-01  -9.410167562447e-01   1.362763207356e+00   2.404521217917e+00   9.755258702536e-01  -1.137988391689e+00   1.201073301513e+00   1.485008552666e+00   4.774277335067e-01  -5.569362637239e-01   9.468307128465e-02   5.924119446740e-01   1.146663481143e-01  -1.337582957731e-01  -1.759208463806e-01  -5.037373942478e-01  -6.548312298456e-01  -2.573259648505e-01   5.618607854381e-01  -7.852642076669e-02   9.038976850415e-02   5.132709606731e-01   6.603043031229e-01   4.059823041117e-01   4.764888641805e-01  -1.064094484445e-01   1.309472513429e-01   5.476461211150e-01   9.750657758262e-01   7.087638224231e-01   3.888855459720e-01  -2.057410706023e-01   2.401528376656e-01  -3.149028376869e+00   1.625235705196e-01   8.094455302457e-01   9.226187683150e-01   4.984104264198e-01  -5.120105516843e-02   1.578947452520e-01   7.960000490874e-01   9.961697580205e-02   5.498706685260e-01   6.919328798791e-01   4.169942016201e-01  -3.854001291045e-02  -5.079449654733e-01   1.898769516217e-01
  -2.021385194118e-01  -2.160768797951e-01  -2.944144036143e-01   4.792165642357e-01   6.733678837993e-01  -1.206064221983e+00  -6.852753514609e-01   1.115416793414e+00   1.567320185656e+00  -1.425776300725e+00  -5.955516796746e-01   9.693852195706e-01   1.362124963631e+00  -9.116677588737e-01  -2.335697567422e-01   3.801862323285e-01   5.342160776703e-01   5.978637586061e-01  -1.367392065599e+00  -7.223581038743e-01   8.400840808019e-01   3.029132026460e-01  -1.389212437509e-02  -2.648925963524e-01  -6.997545526763e-01  -6.454118212056e-01  -1.362686842593e-01   5.002380044965e-02   7.045350223782e-02  -1.408025385841e-02  -2.664744723474e-01  -7.013699377215e-01  -6.459742572015e-01   4.565982471839e-03   9.024841370471e-03   1.625235705196e-01  -3.627938044552e+00  -3.210055511813e+00  -1.835365147339e+00  -9.282580280774e-01   2.142126976761e-01  -3.489665735672e-01  -4.903499137016e-01  -1.407963108072e-02  -2.664691229588e-01  -7.013642020650e-01  -6.459722256850e-01   4.411739110405e-03   1.506376057520e-01   6.167255162954e-02
  -1.466765940518e+00  -1.563834712582e+00  -4.353501407698e-01   7.084174149085e-01   9.954274281831e-01  -2.916296355944e+00  -8.216298050585e-01   1.336893642675e+00   1.878524717308e+00  -2.952161788601e+00  -8.194387609568e-01   1.333428341252e+00   1.873655320114e+00  -1.962747055302e+00  -3.959989679826e-01   6.444297033658e-01   9.055149941980e-01   3.822412125754e-01  -8.740041785023e-01  -4.616675497431e-01   5.371032160627e-01   1.935374704969e-01  -2.648489659554e-01  -9.783696877510e-01  -1.638921943334e+00  -1.438707942998e+00  -7.265197017065e-01   2.073158862319e-01   2.922330445573e-01  -2.664749137050e-01  -9.818364424062e-01  -1.641720025089e+00  -1.439749445404e+00   7.308188649528e-02  -2.608195194661e-02   8.094455302457e-01  -3.210055511813e+00  -4.187058969254e+00  -3.278472164395e+00  -1.927649861654e+00   3.813916311840e-01  -6.213237368833e-01  -8.730522953719e-01  -2.664718308758e-01  -9.818307210515e-01  -1.641713173701e+00  -1.439746516630e+00   7.221280702683e-02   7.735704018162e-01   2.399930224825e-01
