ARMA_MAT_TXT_FN008
50 50
   3.279192098510e-01   2.802381568270e-01   1.031801036254e-06  -1.808040130556e-07  -6.605117788408e-09  -4.068994040364e-02   9.331716848483e-06  -1.515104188530e-07   2.035235723040e-09  -2.979666740348e-02   1.314272701258e-05  -1.015461795221e-07   7.621493948533e-09  -7.606430385851e-03  -1.325332119209e-05   6.534036932055e-08  -9.167618300076e-09  -3.333796457832e-08   1.174650176070e-08   2.772804558920e-06  -7.198894379832e-10  -4.706189220245e-06  -8.365546614398e-03  -1.194585710406e-02   1.443383939679e-03   8.179645366099e-04  -1.987766124380e-03  -2.380558545948e-06  -2.611681841377e-07  -8.354990738979e-03  -1.192652023167e-02   1.458364667131e-03   8.396236553338e-04   6.664590887341e-04  -7.773273522635e-04   1.703908273710e-03  -8.354935123149e-03  -1.192646591056e-02   1.458347431558e-03   8.396197391625e-04   6.672449045505e-04  -1.085762349858e-03  -1.525639309548e-03  -8.355378737010e-03  -1.192695754101e-02   1.458369415883e-03   8.395091972505e-04   6.636131704927e-04   1.865438391290e-03  -1.780005925797e-04
   2.802381568270e-01   2.463413374928e-01   2.534789951999e-06  -2.816613738674e-07  -9.436340676070e-09  -6.907360572609e-02   1.582093485597e-05  -2.652366737189e-07   3.129770458226e-09  -4.832817552946e-02   2.334449457889e-05  -1.621814329862e-07   1.431341420678e-08  -1.203963297794e-02  -2.094761417193e-05   1.045408696195e-07  -1.443810993904e-08  -6.517760200934e-08   2.427893078783e-08   4.717374788702e-06  -1.682037530965e-09  -7.981003075096e-06  -1.394756063924e-02  -1.965503301878e-02   2.106881820423e-03   1.307736592739e-03  -3.271449357222e-03  -3.917588129104e-06  -4.296816646991e-07  -1.392911617373e-02  -1.962114312962e-02   2.131342540904e-03   1.342496759780e-03   1.096964477446e-03  -1.279135288820e-03   2.803874315952e-03  -1.392902603849e-02  -1.962106345060e-02   2.131317268302e-03   1.342489255981e-03   1.098258695885e-03  -1.786683691387e-03  -2.510524924105e-03  -1.392975363075e-02  -1.962182008495e-02   2.131333601981e-03   1.342320045566e-03   1.092275629247e-03   3.069667870942e-03  -2.929082374048e-04
   1.031801036254e-06   2.534789951999e-06   3.595226340752e-02   2.295143963357e-07   1.049904117465e-08  -1.510531219111e-05   5.629700543034e-02   2.122528041817e-07   1.113872429784e-08  -3.143363841605e-05   3.787246915826e-02  -6.797289504545e-08  -4.914525557254e-09   4.037190596972e-05  -1.997485071268e-03  -3.100815100435e-08  -4.045148865620e-09  -1.698905054479e-05   2.300493921179e-06   3.097235395893e-03  -1.880238682352e-06  -5.353602127938e-03  -3.279871178571e-02  -5.188671413673e-02  -2.034992799637e-02  -6.219627700382e-03  -3.531423102457e-03  -6.738750595744e-06  -7.417746448612e-07   1.096696825433e-02   1.733385525486e-02   6.778152154682e-03   2.066138870959e-03   1.482263837690e-03   7.391928776362e-04  -1.620354076480e-03   1.097997017824e-02   1.735447306769e-02   6.786291698309e-03   2.068605492384e-03   1.480754569101e-03   1.033730356782e-03   1.452552662541e-03   1.091978325359e-02   1.725893440011e-02   6.748412910136e-03   2.057153622685e-03   1.487738021101e-03  -1.766305522658e-03   1.685405770572e-04
  -1.808040130556e-07  -2.816613738674e-07   2.295143963357e-07   3.596106002682e-02  -1.078126856176e-07   7.540838218799e-07   2.117442705208e-07   5.631872763190e-02  -1.061130314129e-07  -4.802888818009e-07  -6.955149716010e-08   3.791101780854e-02   4.072763783777e-08  -8.181846124850e-07  -3.122854134206e-08  -1.993785102822e-03   2.706273334233e-08   3.590120250819e-03  -1.424237869675e-03  -4.197564683407e-03   2.303580042614e-06  -2.440400857512e-03  -3.900561622414e-05  -6.156116012540e-05  -2.382493820274e-05  -7.243694749541e-06  -6.737803528765e-06   2.118041761657e-03  -1.434664658286e-09  -1.283701697392e-02  -2.031157115435e-02  -7.983191695899e-03  -2.433901485137e-03   7.397215915367e-04   1.255715098070e-03   1.893703649055e-03  -1.793079951741e-02  -2.837144781169e-02  -1.115123949552e-02  -3.399737455446e-03   1.034469923562e-03   4.340928306775e-04  -2.368394184135e-03   3.080672561379e-02   4.874414285094e-02   1.915840983184e-02   5.841318665430e-03  -1.767574966098e-03  -2.855568369665e-03   4.747353254712e-04
  -6.605117788408e-09  -9.436340676070e-09   1.049904117465e-08  -1.078126856176e-07   3.596044856510e-02   1.773056349203e-08   1.111248020605e-08  -1.061124198050e-07   5.631816325330e-02  -4.907564129231e-08  -4.990262988717e-09   4.072934103091e-08   3.791139225820e-02   2.123225824126e-09  -4.069782488469e-09   2.706298976579e-08  -1.993601266335e-03   2.303590170811e-06  -4.847027169605e-03   1.235087900696e-03   3.601117521796e-03   7.111806516747e-04  -4.320356579561e-06  -6.838297519458e-06  -2.689505098790e-06  -8.242113751167e-07  -7.422179192597e-07  -1.435344964792e-09   2.118057138532e-03   2.813965924736e-02   4.452486647135e-02   1.750076492850e-02   5.335565699010e-03  -1.621518139563e-03   1.893709652766e-03  -2.031458089347e-03  -2.519570352119e-02  -3.986683120845e-02  -1.567002491483e-02  -4.777375926548e-03   1.453595843655e-03  -2.368400702348e-03  -1.208331301749e-03  -2.939578075504e-03  -4.651159974111e-03  -1.828077179360e-03  -5.573723524817e-04   1.686618956129e-04   4.747358408818e-04   2.074366601941e-03
  -4.068994040364e-02  -6.907360572609e-02  -1.510531219111e-05   7.540838218799e-07   1.773056349203e-08   1.767717227469e-01  -5.093290281361e-05   8.474105407276e-07  -1.045731251405e-08   1.181656218028e-01  -6.933249375545e-05   4.903955544223e-07  -4.217752339548e-08   2.867572949964e-02   5.018603968932e-05  -2.571979364960e-07   3.431336267468e-08   2.004738288248e-07  -7.666942212873e-08  -1.268649332299e-05   5.579671728472e-09   2.139656761934e-05   3.508014111255e-02   4.878386628215e-02  -4.547821658654e-03  -3.147814509750e-03   8.121050844088e-03   9.730300580811e-06   1.066201734531e-06   3.502345961932e-02   4.868157226488e-02  -4.613125989316e-03  -3.233410308860e-03  -2.723441307899e-03   3.174471577836e-03  -6.958450491033e-03   3.502322658205e-02   4.868137871855e-02  -4.613079055832e-03  -3.233391443614e-03  -2.726655278615e-03   4.434071282391e-03   6.230440378895e-03   3.502516516267e-02   4.868334413334e-02  -4.612983050789e-03  -3.232977195888e-03  -2.711797633432e-03  -7.618059086505e-03   7.269163440250e-04
   9.331716848483e-06   1.582093485597e-05   5.629700543034e-02   2.117442705208e-07   1.111248020605e-08  -5.093290281361e-05   8.815447684357e-02   1.011822651691e-07   9.103675455515e-09  -6.746863262895e-05   5.930382947216e-02  -2.620447642213e-07  -1.330362942336e-08   5.878781391017e-05  -3.127833725287e-03  -4.033580147987e-08  -6.044400475933e-09  -2.661760875431e-05   3.608874696550e-06   4.849924235724e-03  -2.944775567481e-06  -8.383102747990e-03  -5.136432809165e-02  -8.125600452465e-02  -3.186488279127e-02  -9.738717004627e-03  -5.531045730053e-03  -1.056228003680e-05  -1.162009856678e-06   1.716762076882e-02   2.713533325530e-02   1.061453049207e-02   3.235838335310e-03   2.321467973893e-03   1.156993308751e-03  -2.536216491658e-03   1.718800907979e-02   2.716766391154e-02   1.062729395928e-02   3.239706230594e-03   2.319103468908e-03   1.618013788302e-03   2.273574096831e-03   1.709355991328e-02   2.701773974034e-02   1.056785383450e-02   3.221735352872e-03   2.330048122868e-03  -2.764638289294e-03   2.638001783443e-04
  -1.515104188530e-07  -2.652366737189e-07   2.122528041817e-07   5.631872763190e-02  -1.061124198050e-07   8.474105407276e-07   1.011822651691e-07   8.820093400360e-02  -6.793625510759e-08  -9.755165159373e-07  -2.638758877703e-07   5.937256256326e-02   1.299206626049e-07  -1.335820172062e-06  -4.082276501010e-08  -3.122473032217e-03   3.890512062965e-08   5.622498532099e-03  -2.230511809678e-03  -6.573829572757e-03   3.613933730852e-06  -3.821896228968e-03  -6.101877624976e-05  -9.629086234738e-05  -3.722033327452e-05  -1.131294890674e-05  -1.055298310583e-05   3.317071780842e-03   1.449166050615e-09  -2.010415406324e-02  -3.181009988411e-02  -1.250248972370e-02  -3.811733697803e-03   1.158476527044e-03   1.966573586917e-03   2.965751399329e-03  -2.808163579900e-02  -4.443284501977e-02  -1.746403710806e-02  -5.324350058548e-03   1.620088180763e-03   6.798173840116e-04  -3.709169307386e-03   4.824639252810e-02   7.633818249813e-02   3.000402300557e-02   9.148103999707e-03  -2.768205309205e-03  -4.472092021868e-03   7.434860203745e-04
   2.035235723040e-09   3.129770458226e-09   1.113872429784e-08  -1.061130314129e-07   5.631816325330e-02  -1.045731251405e-08   9.103675455515e-09  -6.793625510759e-08   8.820066597579e-02  -1.024381268451e-07  -1.339156982350e-08   1.299225270909e-07   5.937356355560e-02  -2.894938067064e-09  -6.089782874154e-09   3.890562715476e-08  -3.122206926178e-03   3.613950335956e-06  -7.590999770099e-03   1.934280720324e-03   5.639760701951e-03   1.113786529454e-03  -6.768986828646e-06  -1.071255925275e-05  -4.208121024794e-06  -1.289221639095e-06  -1.163645916572e-06   1.445902258384e-09   3.317119014456e-03   4.406988373638e-02   6.973096982156e-02   2.740817967723e-02   8.356100482788e-03  -2.539480657626e-03   2.965766662517e-03  -3.181489979335e-03  -3.945938542058e-02  -6.243606653493e-02  -2.454106542317e-02  -7.481921031691e-03   2.276499030167e-03  -3.709185938782e-03  -1.892390306847e-03  -4.603669932772e-03  -7.284174971189e-03  -2.862943902561e-03  -8.728980779963e-04   2.641410458568e-04   7.434873919597e-04   3.248695297937e-03
  -2.979666740348e-02  -4.832817552946e-02  -3.143363841605e-05  -4.802888818009e-07  -4.907564129231e-08   1.181656218028e-01  -6.746863262895e-05  -9.755165159373e-07  -1.024381268451e-07   7.901070653421e-02  -6.882017868522e-05  -7.099022455996e-07  -9.242696563610e-08   1.917688086656e-02   3.474799088060e-05  -1.173874640841e-07   2.632799532404e-08   4.572792142374e-08  -5.371736949393e-09  -1.020627555187e-05  -1.324064945770e-09   1.754677345392e-05   2.347168096538e-02   3.264694560720e-02  -3.031201017611e-03  -2.101268671369e-03   5.431697200815e-03   6.451537921039e-06   7.096973391981e-07   2.340811681559e-02   3.253796071028e-02  -3.090780532092e-03  -2.163366866687e-03  -1.821744250665e-03   2.121924755502e-03  -4.651395718165e-03   2.340818311280e-02   3.253818263698e-02  -3.090611011382e-03  -2.163312149490e-03  -1.823905433620e-03   2.963927915392e-03   4.164777826351e-03   2.340814300197e-02   3.253738310499e-02  -3.091377758469e-03  -2.163288402063e-03  -1.813897175610e-03  -5.092187242715e-03   4.858881461902e-04
   1.314272701258e-05   2.334449457889e-05   3.787246915826e-02  -6.955149716010e-08  -4.990262988717e-09  -6.933249375545e-05   5.930382947216e-02  -2.638758877703e-07  -1.339156982350e-08  -6.882017868522e-05   3.989524899695e-02  -3.997168373462e-07  -2.208076088539e-08   3.386312233923e-05  -2.104185402298e-03  -1.533849814148e-08  -3.382252592067e-09  -1.792755086103e-05   2.437869613273e-06   3.262697541281e-03  -1.982290190399e-06  -5.639522319070e-03  -3.456108324443e-02  -5.467271166202e-02  -2.143543818264e-02  -6.550865162017e-03  -3.722489539420e-03  -7.119928946005e-06  -7.826599023468e-07   1.154222585177e-02   1.824509685025e-02   7.141626566216e-03   2.177486558316e-03   1.562248488010e-03   7.777019820478e-04  -1.704809482673e-03   1.155599013980e-02   1.826692329481e-02   7.150243034024e-03   2.180097783449e-03   1.560655659031e-03   1.087599005135e-03   1.528271386814e-03   1.149215650576e-02   1.816559850316e-02   7.110072737669e-03   2.167952320504e-03   1.568032419211e-03  -1.858316864564e-03   1.773175876417e-04
  -1.015461795221e-07  -1.621814329862e-07  -6.797289504545e-08   3.791101780854e-02   4.072934103091e-08   4.903955544223e-07  -2.620447642213e-07   5.937256256326e-02   1.299225270909e-07  -7.099022455996e-07  -3.997168373462e-07   3.996671039025e-02   2.057003163384e-07  -9.123872428592e-07  -1.578741253379e-08  -2.101896397404e-03   1.997107837280e-08   3.784791613094e-03  -1.501486781839e-03  -4.425195423578e-03   2.443966503128e-06  -2.572680339097e-03  -4.089839680879e-05  -6.453608848597e-05  -2.493352922088e-05  -7.577428065254e-06  -7.086718190098e-06   2.232890809643e-03   7.585506097004e-09  -1.353312739013e-02  -2.141299100469e-02  -8.416048777627e-03  -2.565867042419e-03   7.798173194993e-04   1.323801460075e-03   1.996405361765e-03  -1.890334503949e-02  -2.991027008871e-02  -1.175602374678e-02  -3.584118082798e-03   1.090561349121e-03   4.576044164614e-04  -2.496846793040e-03   3.247702685942e-02   5.138699966669e-02   2.019720019835e-02   6.158044634212e-03  -1.863427635411e-03  -3.010378722778e-03   5.004836424161e-04
   7.621493948533e-09   1.431341420678e-08  -4.914525557254e-09   4.072763783777e-08   3.791139225820e-02  -4.217752339548e-08  -1.330362942336e-08   1.299206626049e-07   5.937356355560e-02  -9.242696563610e-08  -2.208076088539e-08   2.057003163384e-07   3.996817949527e-02  -7.660746279401e-09  -3.419641300184e-09   1.997151033933e-08  -2.101759088872e-03   2.443986429292e-06  -5.109996553647e-03   1.302075094125e-03   3.796487106575e-03   7.497558655913e-04  -4.552409357849e-06  -7.203282833383e-06  -2.824902350176e-06  -8.651076111471e-07  -7.837405467146e-07   7.579710676817e-09   2.232967001462e-03   2.966623363389e-02   4.694033943942e-02   1.845018921504e-02   5.625023142166e-03  -1.709486073370e-03   1.996452076132e-03  -2.141658491269e-03  -2.656272697367e-02  -4.202985215849e-02  -1.652021200898e-02  -5.036574844132e-03   1.532461752063e-03  -2.496892449019e-03  -1.273899237511e-03  -3.098942149372e-03  -4.903312133217e-03  -1.927174069002e-03  -5.875859106846e-04   1.778049062784e-04   5.004825896601e-04   2.186907857569e-03
  -7.606430385851e-03  -1.203963297794e-02   4.037190596972e-05  -8.181846124850e-07   2.123225824126e-09   2.867572949964e-02   5.878781391017e-05  -1.335820172062e-06  -2.894938067064e-09   1.917688086656e-02   3.386312233923e-05  -9.123872428592e-07  -7.660746279401e-09   4.654974150533e-03   5.767755790323e-06   1.038236944883e-08   5.607801601219e-09  -8.167575447663e-08   2.768630475944e-08   1.740675888086e-06  -1.473783014990e-09  -2.841387137529e-06   5.652528138053e-03   7.854147927239e-03  -7.632290266429e-04  -5.183370429424e-04   1.313558080326e-03   1.515448163260e-06   1.720789408815e-07   5.695794740363e-03   7.920528864473e-03  -7.413085352127e-04  -5.222978298721e-04  -4.401732178665e-04   5.159544519323e-04  -1.131095251021e-03   5.695906828785e-03   7.920734672937e-03  -7.412076101958e-04  -5.222663471213e-04  -4.407043054251e-04   7.207163058291e-04   1.012777013407e-03   5.694874076502e-03   7.918921604137e-03  -7.420305393808e-04  -5.224545921379e-04  -4.382117924521e-04  -1.238176591520e-03   1.181416593616e-04
  -1.325332119209e-05  -2.094761417193e-05  -1.997485071268e-03  -3.122854134206e-08  -4.069782488469e-09   5.018603968932e-05  -3.127833725287e-03  -4.082276501010e-08  -6.089782874154e-09   3.474799088060e-05  -2.104185402298e-03  -1.578741253379e-08  -3.419641300184e-09   5.767755790323e-06   1.109927963061e-04   2.687039779969e-09   4.278808609907e-10   9.420889744408e-07  -1.266243647787e-07  -1.720815616450e-04   1.041153714532e-07   2.974493014414e-04   1.832066410485e-03   2.896409485242e-03   1.129354957235e-03   3.446785992532e-04   1.984709493393e-04   3.760163655076e-07   4.130452508264e-08  -5.995339335398e-04  -9.494559167778e-04  -3.778766816687e-04  -1.156955579667e-04  -8.311418913814e-05  -4.018339981688e-05   8.808179476144e-05  -6.002485502945e-04  -9.505890989598e-04  -3.783240285561e-04  -1.158311125511e-04  -8.303168450530e-05  -5.619511024467e-05  -7.896160215824e-05  -5.969315563637e-04  -9.453239860575e-04  -3.762365794644e-04  -1.151999514262e-04  -8.341395019901e-05   9.600878331806e-05  -9.161452250122e-06
   6.534036932055e-08   1.045408696195e-07  -3.100815100435e-08  -1.993785102822e-03   2.706298976579e-08  -2.571979364960e-07  -4.033580147987e-08  -3.122473032217e-03   3.890562715476e-08  -1.173874640841e-07  -1.533849814148e-08  -2.101896397404e-03   1.997151033933e-08   1.038236944883e-08   2.687039779969e-09   1.105412088379e-04  -2.669432947390e-09  -1.990466330341e-04   7.896102064080e-05   2.327242807546e-04  -1.256046535990e-07   1.353059929302e-04   2.136527292846e-06   3.380081435671e-06   1.336829709146e-06   4.086143102265e-07   3.654628791103e-07  -1.174303652117e-04   1.320552380025e-09   7.116895578401e-04   1.126090160686e-03   4.426236599297e-04   1.349485511430e-04  -4.101068905876e-05  -6.962360912443e-05  -1.049842890129e-04   9.940723042224e-04   1.572903523332e-03   6.182499321185e-04   1.884913577269e-04  -5.735058066897e-05  -2.407468018893e-05   1.313015772479e-04  -1.708063870881e-03  -2.702587005622e-03  -1.062196491394e-03  -3.238570221617e-04   9.800211133047e-05   1.583314256680e-04  -2.632045393785e-05
  -9.167618300076e-09  -1.443810993904e-08  -4.045148865620e-09   2.706273334233e-08  -1.993601266335e-03   3.431336267468e-08  -6.044400475933e-09   3.890512062965e-08  -3.122206926178e-03   2.632799532404e-08  -3.382252592067e-09   1.997107837280e-08  -2.101759088872e-03   5.607801601219e-09   4.278808609907e-10  -2.669432947390e-09   1.105227039271e-04  -1.256013661080e-07   2.687121504221e-04  -6.847445508533e-05  -1.996413471690e-04  -3.942785694529e-05   2.496543062079e-07   3.938076144992e-07   1.501375536305e-07   4.565867579388e-08   4.310552450817e-08   1.324070003077e-09  -1.174223779657e-04  -1.560028299520e-03  -2.468405493913e-03  -9.702262759819e-04  -2.957992088355e-04   8.989463847244e-05  -1.049835414695e-04   1.126213142757e-04   1.396812995432e-03   2.210157540018e-03   8.687180210662e-04   2.648487714222e-04  -8.058557460949e-05   1.313021458131e-04   6.698805750161e-05   1.629904549396e-04   2.578910021799e-04   1.013559214277e-04   3.090259132567e-05  -9.352120944828e-06  -2.632177359210e-05  -1.149998234695e-04
  -3.333796457832e-08  -6.517760200934e-08  -1.698905054479e-05   3.590120250819e-03   2.303590170811e-06   2.004738288248e-07  -2.661760875431e-05   5.622498532099e-03   3.613950335956e-06   4.572792142374e-08  -1.792755086103e-05   3.784791613094e-03   2.443986429292e-06  -8.167575447663e-08   9.420889744408e-07  -1.990466330341e-04  -1.256013661080e-07   3.584226450124e-04  -1.424997615276e-04  -4.204438685796e-04   4.626265908124e-07  -2.410548750634e-04   1.164881803871e-05   1.843808428153e-05   7.247491392060e-06   2.217699007223e-06   1.003716639165e-06   2.114548279749e-04   1.365233358279e-07  -1.284919973341e-03  -2.033080333190e-03  -7.990744263523e-04  -2.436214570691e-04   7.304147853531e-05   1.251367205116e-04   1.896865000494e-04  -1.796889112437e-03  -2.843167525046e-03  -1.117490563761e-03  -3.406963132115e-04   1.026658731064e-04   4.269841879679e-05  -2.372061353553e-04   3.070212000449e-03   4.857867460376e-03   1.909338166444e-03   5.821481580057e-04  -1.771582127231e-04  -2.842202800666e-04   4.744875160633e-05
   1.174650176070e-08   2.427893078783e-08   2.300493921179e-06  -1.424237869675e-03  -4.847027169605e-03  -7.666942212873e-08   3.608874696550e-06  -2.230511809678e-03  -7.590999770099e-03  -5.371736949393e-09   2.437869613273e-06  -1.501486781839e-03  -5.109996553647e-03   2.768630475944e-08  -1.266243647787e-07   7.896102064080e-05   2.687121504221e-04  -1.424997615276e-04   7.097280249666e-04  -2.948959501021e-08  -4.854782327439e-04   4.504277544265e-07   1.026307075362e-08   1.264494068176e-08  -8.655141000366e-10  -1.039986762349e-09   1.379036855701e-07  -8.388614795553e-05  -2.854883527066e-04  -3.283772454589e-03  -5.195860586845e-03  -2.042276047968e-03  -6.226401512906e-04   1.893599120631e-04  -3.049354186713e-04   1.987125109697e-04   4.106928429701e-03   6.498330670618e-03   2.554215644703e-03   7.787139627181e-04  -2.368018049583e-04   3.021045676856e-04   2.567614301882e-04  -8.232001872669e-04  -1.302514327386e-03  -5.119391196761e-04  -1.560877578546e-04   4.736824881502e-05   4.899565803019e-05  -2.983908386908e-04
   2.772804558920e-06   4.717374788702e-06   3.097235395893e-03  -4.197564683407e-03   1.235087900696e-03  -1.268649332299e-05   4.849924235724e-03  -6.573829572757e-03   1.934280720324e-03  -1.020627555187e-05   3.262697541281e-03  -4.425195423578e-03   1.302075094125e-03   1.740675888086e-06  -1.720815616450e-04   2.327242807546e-04  -6.847445508533e-05  -4.204438685796e-04  -2.948959501021e-08   7.992086490491e-04   1.232507952085e-04  -1.519269195862e-04  -2.823422236058e-03  -4.466169077443e-03  -1.750151874899e-03  -5.347979011877e-04  -3.039875539668e-04  -2.478111639813e-04   7.268162272269e-05   3.407434423535e-03   5.390292538887e-03   2.117141518127e-03   6.455538173508e-04  -1.416615606471e-05  -1.805609529626e-05  -4.299626351444e-04   2.171307961957e-03   3.434400772853e-03   1.348372807813e-03   4.111716332450e-04   5.691519995994e-05  -4.324166181120e-05   3.596900731572e-04  -2.758405488313e-03  -4.365708185595e-03  -1.717399512409e-03  -5.235463878201e-04   3.404550690488e-04   1.979442441226e-04   3.030422131515e-05
  -7.198894379832e-10  -1.682037530965e-09  -1.880238682352e-06   2.303580042614e-06   3.601117521796e-03   5.579671728472e-09  -2.944775567481e-06   3.613933730852e-06   5.639760701951e-03  -1.324064945770e-09  -1.982290190399e-06   2.443966503128e-06   3.796487106575e-03  -1.473783014990e-09   1.041153714532e-07  -1.256046535990e-07  -1.996413471690e-04   4.626265908124e-07  -4.854782327439e-04   1.232507952085e-04   3.606199816633e-04   7.134146919887e-05   1.281718382499e-06   2.027180498781e-06   7.939292875990e-07   2.424035409117e-07   1.101676133609e-07   1.365223716057e-07   2.121045311470e-04   2.816535918878e-03   4.456553994427e-03   1.751676649117e-03   5.340444063228e-04  -1.624105515848e-04   1.896802851178e-04  -2.032258231336e-04  -2.524852487511e-03  -3.995040080010e-03  -1.570285807328e-03  -4.787386021448e-04   1.455536785645e-04  -2.372002441136e-04  -1.212319106693e-04  -2.929606289169e-04  -4.635373252591e-04  -1.821857971554e-04  -5.554762340100e-05   1.669832799306e-05   4.744907176936e-05   2.077510215560e-04
  -4.706189220245e-06  -7.981003075096e-06  -5.353602127938e-03  -2.440400857512e-03   7.111806516747e-04   2.139656761934e-05  -8.383102747990e-03  -3.821896228968e-03   1.113786529454e-03   1.754677345392e-05  -5.639522319070e-03  -2.572680339097e-03   7.497558655913e-04  -2.841387137529e-06   2.974493014414e-04   1.353059929302e-04  -3.942785694529e-05  -2.410548750634e-04   4.504277544265e-07  -1.519269195862e-04   7.134146919887e-05   9.768708490723e-04   4.890367076138e-03   7.735695564713e-03   3.031339690975e-03   9.262866290323e-04   5.271822787544e-04  -1.427286045628e-04   4.199860820259e-05  -2.016239951675e-04  -3.169453639888e-04  -1.219680756548e-04  -3.732911104407e-05  -3.032835324057e-04  -1.574904243350e-04   7.184365581441e-05  -9.126807368747e-04  -1.442041410508e-03  -5.641972139042e-04  -1.721529730135e-04  -2.622458913483e-04  -2.297462784313e-04  -7.879457835711e-05  -3.770960313567e-03  -5.964533945160e-03  -2.341662775069e-03  -7.141005595877e-04  -9.854534109649e-05   4.653611540691e-04  -1.621038699647e-05
  -8.365546614398e-03  -1.394756063924e-02  -3.279871178571e-02  -3.900561622414e-05  -4.320356579561e-06   3.508014111255e-02  -5.136432809165e-02  -6.101877624976e-05  -6.768986828646e-06   2.347168096538e-02  -3.456108324443e-02  -4.089839680879e-05  -4.552409357849e-06   5.652528138053e-03   1.832066410485e-03   2.136527292846e-06   2.496543062079e-07   1.164881803871e-05   1.026307075362e-08  -2.823422236058e-03   1.281718382499e-06   4.890367076138e-03   3.687823066979e-02   5.700917612326e-02   1.766074588008e-02   5.049042553938e-03   4.832466624499e-03   5.783596849778e-06   6.340500479629e-07  -3.045656958832e-03  -6.137648169615e-03  -7.091970542379e-03  -2.524241834048e-03  -1.893018071313e-03  -4.611457763608e-05   9.583472417299e-05  -3.045647994619e-03  -6.137640286929e-03  -7.091975411845e-03  -2.524228829976e-03  -1.892967069107e-03  -6.350609464668e-05  -8.628903382290e-05  -3.045813821776e-03  -6.137841145142e-03  -7.091889400018e-03  -2.524214600060e-03  -1.893201088004e-03   1.029586106365e-04  -1.029716818707e-05
  -1.194585710406e-02  -1.965503301878e-02  -5.188671413673e-02  -6.156116012540e-05  -6.838297519458e-06   4.878386628215e-02  -8.125600452465e-02  -9.629086234738e-05  -1.071255925275e-05   3.264694560720e-02  -5.467271166202e-02  -6.453608848597e-05  -7.203282833383e-06   7.854147927239e-03   2.896409485242e-03   3.380081435671e-06   3.938076144992e-07   1.843808428153e-05   1.264494068176e-08  -4.466169077443e-03   2.027180498781e-06   7.735695564713e-03   5.700917612326e-02   8.833613067535e-02   2.811152989999e-02   8.107001347143e-03   7.336633485268e-03   8.790473026531e-06   9.624189711514e-07  -6.147992380463e-03  -1.155783472257e-02  -1.104462199213e-02  -3.870635051660e-03  -2.891348692978e-03  -1.934548988736e-04   4.157728123105e-04  -6.147989764246e-03  -1.155784720953e-02  -1.104464416826e-02  -3.870619066521e-03  -2.891144817512e-03  -2.687881635072e-04  -3.730372394072e-04  -6.148091625916e-03  -1.155786917211e-02  -1.104436619865e-02  -3.870567887178e-03  -2.892092516415e-03   4.520593306501e-04  -4.388279105269e-05
   1.443383939679e-03   2.106881820423e-03  -2.034992799637e-02  -2.382493820274e-05  -2.689505098790e-06  -4.547821658654e-03  -3.186488279127e-02  -3.722033327452e-05  -4.208121024794e-06  -3.031201017611e-03  -2.143543818264e-02  -2.493352922088e-05  -2.824902350176e-06  -7.632290266429e-04   1.129354957235e-03   1.336829709146e-06   1.501375536305e-07   7.247491392060e-06  -8.655141000366e-10  -1.750151874899e-03   7.939292875990e-07   3.031339690975e-03   1.766074588008e-02   2.811152989999e-02   1.163654377214e-02   3.601796922227e-03   1.789450221997e-03   2.168955749906e-06   2.343336274366e-07  -7.104468061426e-03  -1.105723831124e-02  -3.713338111990e-03  -1.084846026672e-03  -7.691352936114e-04  -5.012598695825e-04   1.095569293280e-03  -7.104488448708e-03  -1.105730054803e-02  -3.713385850127e-03  -1.084852264047e-03  -7.686215939462e-04  -6.996097570232e-04  -9.812551593500e-04  -7.104218207161e-03  -1.105667081456e-02  -3.712935164909e-03  -1.084779660522e-03  -7.710170623633e-04   1.198136732918e-03  -1.146173866742e-04
   8.179645366099e-04   1.307736592739e-03  -6.219627700382e-03  -7.243694749541e-06  -8.242113751167e-07  -3.147814509750e-03  -9.738717004627e-03  -1.131294890674e-05  -1.289221639095e-06  -2.101268671369e-03  -6.550865162017e-03  -7.577428065254e-06  -8.651076111471e-07  -5.183370429424e-04   3.446785992532e-04   4.086143102265e-07   4.565867579388e-08   2.217699007223e-06  -1.039986762349e-09  -5.347979011877e-04   2.424035409117e-07   9.262866290323e-04   5.049042553938e-03   8.107001347143e-03   3.601796922227e-03   1.132151441503e-03   4.661847207056e-04   5.688678455770e-07   6.090265910037e-08  -2.519683209521e-03  -3.863601901337e-03  -1.089122387736e-03  -2.994325171449e-04  -2.080001079582e-04  -1.847669963277e-04   4.040394162215e-04  -2.519690611960e-03  -3.863624519405e-03  -1.089139614253e-03  -2.994352726135e-04  -2.078109420524e-04  -2.579155211038e-04  -3.618623433392e-04  -2.519566617060e-03  -3.863355583138e-03  -1.088965091095e-03  -2.994056953530e-04  -2.086943096443e-04   4.419403664571e-04  -4.225881925249e-05
  -1.987766124380e-03  -3.271449357222e-03  -3.531423102457e-03  -6.737803528765e-06  -7.422179192597e-07   8.121050844088e-03  -5.531045730053e-03  -1.055298310583e-05  -1.163645916572e-06   5.431697200815e-03  -3.722489539420e-03  -7.086718190098e-06  -7.837405467146e-07   1.313558080326e-03   1.984709493393e-04   3.654628791103e-07   4.310552450817e-08   1.003716639165e-06   1.379036855701e-07  -3.039875539668e-04   1.101676133609e-07   5.271822787544e-04   4.832466624499e-03   7.336633485268e-03   1.789450221997e-03   4.661847207056e-04   7.198727375209e-04   7.112183785700e-07   7.812136697255e-08   5.336304778441e-04   5.369390770215e-04  -8.765584201951e-04  -3.511147568140e-04  -2.707818932970e-04   7.296079528885e-05  -1.608420528789e-04   5.343995539116e-04   5.381596037087e-04  -8.760765111787e-04  -3.509661652833e-04  -2.709000943617e-04   1.021410515555e-04   1.440338096717e-04   5.307920222197e-04   5.324310885273e-04  -8.783269452379e-04  -3.516441164642e-04  -2.703509251433e-04  -1.759700964807e-04   1.670944661528e-05
  -2.380558545948e-06  -3.917588129104e-06  -6.738750595744e-06   2.118041761657e-03  -1.435344964792e-09   9.730300580811e-06  -1.056228003680e-05   3.317071780842e-03   1.445902258384e-09   6.451537921039e-06  -7.119928946005e-06   2.232890809643e-03   7.579710676817e-09   1.515448163260e-06   3.760163655076e-07  -1.174303652117e-04   1.324070003077e-09   2.114548279749e-04  -8.388614795553e-05  -2.478111639813e-04   1.365223716057e-07  -1.427286045628e-04   5.783596849778e-06   8.790473026531e-06   2.168955749906e-06   5.688678455770e-07   7.112183785700e-07   1.247506492141e-04   4.027370999932e-10  -7.562142293698e-04  -1.196897078989e-03  -4.717189737686e-04  -1.439168484504e-04   4.314049699936e-05   7.399471661348e-05   1.114585371956e-04  -1.056238605642e-03  -1.671624737643e-03  -6.583173520091e-04  -2.008046947128e-04   6.050117138792e-05   2.561575458194e-05  -1.394257706649e-04   1.814328426309e-03   2.870367730866e-03   1.126875495305e-03   3.434796418455e-04  -1.045349065429e-04  -1.682734287395e-04   2.796951350723e-05
  -2.611681841377e-07  -4.296816646991e-07  -7.417746448612e-07  -1.434664658286e-09   2.118057138532e-03   1.066201734531e-06  -1.162009856678e-06   1.449166050615e-09   3.317119014456e-03   7.096973391981e-07  -7.826599023468e-07   7.585506097004e-09   2.232967001462e-03   1.720789408815e-07   4.130452508264e-08   1.320552380025e-09  -1.174223779657e-04   1.365233358279e-07  -2.854883527066e-04   7.268162272269e-05   2.121045311470e-04   4.199860820259e-05   6.340500479629e-07   9.624189711514e-07   2.343336274366e-07   6.090265910037e-08   7.812136697255e-08   4.027370999932e-10   1.247528049034e-04   1.657398338244e-03   2.622430809194e-03   1.030619743257e-03   3.142003747312e-04  -9.555373006475e-05   1.115428335484e-04  -1.196603386789e-04  -1.484035795793e-03  -2.348210543054e-03  -9.231281278610e-04  -2.814483346837e-04   8.556939985674e-05  -1.394924972268e-04  -7.116304611156e-05  -1.731503107665e-04  -2.740079884487e-04  -1.078375929019e-04  -3.289018067246e-05   9.886827203052e-06   2.795194854989e-05   1.221803911080e-04
  -8.354990738979e-03  -1.392911617373e-02   1.096696825433e-02  -1.283701697392e-02   2.813965924736e-02   3.502345961932e-02   1.716762076882e-02  -2.010415406324e-02   4.406988373638e-02   2.340811681559e-02   1.154222585177e-02  -1.353312739013e-02   2.966623363389e-02   5.695794740363e-03  -5.995339335398e-04   7.116895578401e-04  -1.560028299520e-03  -1.284919973341e-03  -3.283772454589e-03   3.407434423535e-03   2.816535918878e-03  -2.016239951675e-04  -3.045656958832e-03  -6.147992380463e-03  -7.104468061426e-03  -2.519683209521e-03   5.336304778441e-04  -7.562142293698e-04   1.657398338244e-03   3.688889462048e-02   5.702833422021e-02   1.769813300462e-02   5.033632566832e-03  -1.620346390674e-03   1.888230883454e-03  -4.139015523009e-03  -3.024594440403e-03  -6.126073984057e-03  -7.125126808933e-03  -2.534368198625e-03   6.796636223882e-04  -8.141542824468e-04   1.577811593789e-03  -3.024822260185e-03  -6.126258348942e-03  -7.124872041877e-03  -2.534375358227e-03   6.795141424989e-04  -6.577623442858e-04   1.649235148016e-03
  -1.192652023167e-02  -1.962114312962e-02   1.733385525486e-02  -2.031157115435e-02   4.452486647135e-02   4.868157226488e-02   2.713533325530e-02  -3.181009988411e-02   6.973096982156e-02   3.253796071028e-02   1.824509685025e-02  -2.141299100469e-02   4.694033943942e-02   7.920528864473e-03  -9.494559167778e-04   1.126090160686e-03  -2.468405493913e-03  -2.033080333190e-03  -5.195860586845e-03   5.390292538887e-03   4.456553994427e-03  -3.169453639888e-04  -6.137648169615e-03  -1.155783472257e-02  -1.105723831124e-02  -3.863601901337e-03   5.369390770215e-04  -1.196897078989e-03   2.622430809194e-03   5.702833422021e-02   8.837102769221e-02   2.817514373086e-02   8.086608440795e-03  -2.460908271811e-03   2.866402089583e-03  -6.283143984019e-03  -6.126079480394e-03  -1.155709145311e-02  -1.110227223230e-02  -3.888108838840e-03   1.178480587688e-03  -1.457676758924e-03   2.258416374070e-03  -6.126163393911e-03  -1.155690338902e-02  -1.110165463884e-02  -3.888069472995e-03   1.177656064999e-03  -7.496476470980e-04   2.581777379779e-03
   1.458364667131e-03   2.131342540904e-03   6.778152154682e-03  -7.983191695899e-03   1.750076492850e-02  -4.613125989316e-03   1.061453049207e-02  -1.250248972370e-02   2.740817967723e-02  -3.090780532092e-03   7.141626566216e-03  -8.416048777627e-03   1.845018921504e-02  -7.413085352127e-04  -3.778766816687e-04   4.426236599297e-04  -9.702262759819e-04  -7.990744263523e-04  -2.042276047968e-03   2.117141518127e-03   1.751676649117e-03  -1.219680756548e-04  -7.091970542379e-03  -1.104462199213e-02  -3.713338111990e-03  -1.089122387736e-03  -8.765584201951e-04  -4.717189737686e-04   1.030619743257e-03   1.769813300462e-02   2.817514373086e-02   1.168789451860e-02   3.610911299513e-03  -6.028372566719e-04   6.993503660029e-04  -1.532907064509e-03  -7.125142492108e-03  -1.110231249864e-02  -3.750389087155e-03  -1.095841936497e-03   8.280839691131e-04  -1.169825363103e-03   4.895455803699e-05  -7.124702447686e-03  -1.110134186697e-02  -3.749702548154e-03  -1.095743036349e-03   8.257176409392e-04   7.307853354711e-04   9.169384275183e-04
   8.396236553338e-04   1.342496759780e-03   2.066138870959e-03  -2.433901485137e-03   5.335565699010e-03  -3.233410308860e-03   3.235838335310e-03  -3.811733697803e-03   8.356100482788e-03  -2.163366866687e-03   2.177486558316e-03  -2.565867042419e-03   5.625023142166e-03  -5.222978298721e-04  -1.156955579667e-04   1.349485511430e-04  -2.957992088355e-04  -2.436214570691e-04  -6.226401512906e-04   6.455538173508e-04   5.340444063228e-04  -3.732911104407e-05  -2.524241834048e-03  -3.870635051660e-03  -1.084846026672e-03  -2.994325171449e-04  -3.511147568140e-04  -1.439168484504e-04   3.142003747312e-04   5.033632566832e-03   8.086608440795e-03   3.610911299513e-03   1.134262219342e-03  -1.556678435326e-04   1.803991686030e-04  -3.954150211516e-04  -2.534388680650e-03  -3.888147602348e-03  -1.095853027200e-03  -3.007145901525e-04   2.806190766990e-04  -4.024887311883e-04  -4.948088836964e-05  -2.534285782284e-03  -3.887889745945e-03  -1.095651687817e-03  -3.006908457319e-04   2.797446942281e-04   3.015505112906e-04   2.720381309949e-04
   6.664590887341e-04   1.096964477446e-03   1.482263837690e-03   7.397215915367e-04  -1.621518139563e-03  -2.723441307899e-03   2.321467973893e-03   1.158476527044e-03  -2.539480657626e-03  -1.821744250665e-03   1.562248488010e-03   7.798173194993e-04  -1.709486073370e-03  -4.401732178665e-04  -8.311418913814e-05  -4.101068905876e-05   8.989463847244e-05   7.304147853531e-05   1.893599120631e-04  -1.416615606471e-05  -1.624105515848e-04  -3.032835324057e-04  -1.893018071313e-03  -2.891348692978e-03  -7.691352936114e-04  -2.080001079582e-04  -2.707818932970e-04   4.314049699936e-05  -9.555373006475e-05  -1.620346390674e-03  -2.460908271811e-03  -6.028372566719e-04  -1.556678435326e-04   1.913893878962e-04  -7.799189583122e-05   1.709553760898e-04   6.803937650745e-04   1.179514161711e-03   8.280565730199e-04   2.805755607063e-04   5.877768200427e-05   9.003033896590e-05  -3.033447511640e-05   6.768481109836e-04   1.173880183809e-03   8.258067339426e-04   2.798986635276e-04   5.913841632676e-05  -3.560075623944e-05  -8.802181987668e-05
  -7.773273522635e-04  -1.279135288820e-03   7.391928776362e-04   1.255715098070e-03   1.893709652766e-03   3.174471577836e-03   1.156993308751e-03   1.966573586917e-03   2.965766662517e-03   2.121924755502e-03   7.777019820478e-04   1.323801460075e-03   1.996452076132e-03   5.159544519323e-04  -4.018339981688e-05  -6.962360912443e-05  -1.049835414695e-04   1.251367205116e-04  -3.049354186713e-04  -1.805609529626e-05   1.896802851178e-04  -1.574904243350e-04  -4.611457763608e-05  -1.934548988736e-04  -5.012598695825e-04  -1.847669963277e-04   7.296079528885e-05   7.399471661348e-05   1.115428335484e-04   1.888230883454e-03   2.866402089583e-03   6.993503660029e-04   1.803991686030e-04  -7.799189583122e-05   2.157948331181e-04  -1.991665995851e-04  -1.098065690070e-03  -1.858765775781e-03  -1.157911211944e-03  -3.858327369672e-04   9.415002420152e-05  -8.659248343199e-06  -4.546999295237e-06   1.774597026713e-03   2.686549369308e-03   6.286064387840e-04   1.588515905048e-04  -7.094828065859e-05  -2.478745299266e-04   1.423383998697e-04
   1.703908273710e-03   2.803874315952e-03  -1.620354076480e-03   1.893703649055e-03  -2.031458089347e-03  -6.958450491033e-03  -2.536216491658e-03   2.965751399329e-03  -3.181489979335e-03  -4.651395718165e-03  -1.704809482673e-03   1.996405361765e-03  -2.141658491269e-03  -1.131095251021e-03   8.808179476144e-05  -1.049842890129e-04   1.126213142757e-04   1.896865000494e-04   1.987125109697e-04  -4.299626351444e-04  -2.032258231336e-04   7.184365581441e-05   9.583472417299e-05   4.157728123105e-04   1.095569293280e-03   4.040394162215e-04  -1.608420528789e-04   1.114585371956e-04  -1.196603386789e-04  -4.139015523009e-03  -6.283143984019e-03  -1.532907064509e-03  -3.954150211516e-04   1.709553760898e-04  -1.991665995851e-04   5.615134006054e-04  -1.394853010946e-03  -1.941111583098e-03   1.737521122488e-04   1.249042143960e-04   1.295456464562e-05  -6.453550872301e-05  -3.672617909522e-04  -8.293614293760e-05   1.347081246012e-04   9.896369053938e-04   3.736521394671e-04  -6.291561442117e-05   2.023860374074e-04  -1.284033043221e-04
  -8.354935123149e-03  -1.392902603849e-02   1.097997017824e-02  -1.793079951741e-02  -2.519570352119e-02   3.502322658205e-02   1.718800907979e-02  -2.808163579900e-02  -3.945938542058e-02   2.340818311280e-02   1.155599013980e-02  -1.890334503949e-02  -2.656272697367e-02   5.695906828785e-03  -6.002485502945e-04   9.940723042224e-04   1.396812995432e-03  -1.796889112437e-03   4.106928429701e-03   2.171307961957e-03  -2.524852487511e-03  -9.126807368747e-04  -3.045647994619e-03  -6.147989764246e-03  -7.104488448708e-03  -2.519690611960e-03   5.343995539116e-04  -1.056238605642e-03  -1.484035795793e-03  -3.024594440403e-03  -6.126079480394e-03  -7.125142492108e-03  -2.534388680650e-03   6.803937650745e-04  -1.098065690070e-03  -1.394853010946e-03   3.688875445517e-02   5.702825985064e-02   1.769820592163e-02   5.033612687472e-03  -1.622258274253e-03   2.637464190563e-03   3.705980429547e-03  -3.024812549750e-03  -6.126256114924e-03  -7.124894745784e-03  -2.534382489847e-03   6.802815890864e-04  -9.580164106847e-04  -1.494584764752e-03
  -1.192646591056e-02  -1.962106345060e-02   1.735447306769e-02  -2.837144781169e-02  -3.986683120845e-02   4.868137871855e-02   2.716766391154e-02  -4.443284501977e-02  -6.243606653493e-02   3.253818263698e-02   1.826692329481e-02  -2.991027008871e-02  -4.202985215849e-02   7.920734672937e-03  -9.505890989598e-04   1.572903523332e-03   2.210157540018e-03  -2.843167525046e-03   6.498330670618e-03   3.434400772853e-03  -3.995040080010e-03  -1.442041410508e-03  -6.137640286929e-03  -1.155784720953e-02  -1.105730054803e-02  -3.863624519405e-03   5.381596037087e-04  -1.671624737643e-03  -2.348210543054e-03  -6.126073984057e-03  -1.155709145311e-02  -1.110231249864e-02  -3.888147602348e-03   1.179514161711e-03  -1.858765775781e-03  -1.941111583098e-03   5.702825985064e-02   8.837112985522e-02   2.817531724874e-02   8.086592733162e-03  -2.463816607075e-03   4.003769248327e-03   5.625796436401e-03  -6.126155665113e-03  -1.155691864098e-02  -1.110172151365e-02  -3.888092005364e-03   1.178872777851e-03  -1.224739458065e-03  -2.392638884353e-03
