ARMA_MAT_TXT_FN008
58 58
   1.000000000000e+00   9.019786511306e-01  -2.658713654283e-16   4.348844666903e-20   1.081171698573e-22   3.524808859889e-01  -2.356998061087e-21  -2.265523529362e-20   0.000000000000e+00   1.579450275960e-01   0.000000000000e+00  -5.324538755872e-21  -6.393928142394e-23   7.194213528220e-02  -3.449019457922e-18   1.171848089647e-22  -4.747701761965e-24  -2.459377661330e-35   1.970030324953e-41   0.000000000000e+00  -8.069244211009e-38   0.000000000000e+00   9.690311798408e-05   7.483079025508e-07   3.791009576912e-03  -9.641329095693e-07  -1.622665900770e-08   2.323476856964e-02   6.807092812063e-02  -1.731185866312e-05  -2.913640064847e-07   5.057427332309e-02   8.616285936259e-02  -2.191301462280e-05  -3.688029031949e-07   3.536983050716e-02   3.364308849980e-02  -8.556140031866e-06  -1.440025180566e-07  -3.951503747208e-05   1.691362223511e-10  -4.485282249180e-02  -6.650504638642e-07   7.768735737201e-02   4.897155716929e-07   2.105044223282e-03   1.907340459301e-02   2.282573846426e-02   1.170840175195e-04  -6.119699369881e-05   4.885449499479e-10   4.815835600135e-07   2.092939393447e-03   1.903728902936e-02   2.281040455511e-02   1.157975696539e-04   6.042396236714e-05   4.825231537611e-10
   9.019786511306e-01   1.000000000000e+00   0.000000000000e+00   5.791482813435e-21   0.000000000000e+00   4.014863665549e-01  -1.622728121144e-16   0.000000000000e+00   0.000000000000e+00   1.702974760105e-01   2.993828631985e-19   3.804722005815e-22   0.000000000000e+00   7.611738684957e-02   0.000000000000e+00   0.000000000000e+00   0.000000000000e+00   0.000000000000e+00   2.677420345460e-42   0.000000000000e+00   0.000000000000e+00   0.000000000000e+00   3.899447045334e-05  -2.201393686509e-06   2.611938289677e-03  -6.642704566556e-07  -1.117987995437e-08   2.362751698035e-02   7.182925914988e-02  -1.826768073553e-05  -3.074507914986e-07   5.343489733417e-02   9.207096338093e-02  -2.341556886374e-05  -3.940913619399e-07   3.721260124612e-02   3.552116140655e-02  -9.033773195074e-06  -1.520412338739e-07  -4.253593341011e-05   1.820665638049e-10  -4.828178822086e-02  -7.158930891885e-07   8.362649946410e-02   9.628360063774e-08   2.037192642489e-03   1.998246793518e-02   2.397527812063e-02   7.403530695066e-05  -3.869647035468e-05   3.089198346186e-10   9.437110189644e-08   2.025144441452e-03   1.994431931244e-02   2.395912489216e-02   7.314181514606e-05   3.816589846453e-05   3.047785840547e-10
  -2.658713654283e-16   0.000000000000e+00   1.000000000000e+00   0.000000000000e+00   0.000000000000e+00  -6.235712572784e-16   6.119923480445e-01   0.000000000000e+00   0.000000000000e+00  -2.503959547344e-16   1.971949078096e-01   0.000000000000e+00   0.000000000000e+00   0.000000000000e+00   5.657041005734e-02   0.000000000000e+00   0.000000000000e+00   3.029977389933e-22   0.000000000000e+00   2.317769023365e-17   2.367169835885e-24  -4.014493708678e-17  -1.562300209140e-03  -2.528022888903e-04  -3.503524560985e-02   9.874039279544e-06   1.661831753978e-07  -6.617295867073e-02  -1.399549877749e-01   4.616122610094e-05   7.769079012683e-07  -4.484831436818e-02  -2.343176626123e-02   1.901092277403e-05   3.199597879235e-07  -9.831746621904e-03   1.122208934566e-02   2.362426535219e-06   3.976037892416e-08   1.030513158078e-04  -5.404836341553e-10   9.061393015272e-02   1.734385939232e-06  -1.569478987934e-01  -1.225663777613e-05  -6.768767468679e-03  -1.815827819333e-02  -7.745030660713e-03  -1.101367663716e-03   6.212115649006e-04  -4.959226826976e-09  -1.208016576945e-05  -6.738268231783e-03  -1.814257903369e-02  -7.747609267665e-03  -1.091450121485e-03  -6.144971657867e-04  -4.907144430732e-09
   4.348844666903e-20   5.791482813435e-21   0.000000000000e+00   1.000000000000e+00   0.000000000000e+00   0.000000000000e+00   0.000000000000e+00   6.119923480445e-01   0.000000000000e+00   1.565709117407e-21   0.000000000000e+00   1.971949078096e-01   0.000000000000e+00   0.000000000000e+00   0.000000000000e+00   5.657041005734e-02   0.000000000000e+00  -4.014493708678e-17   2.367169835885e-24  -1.749358261717e-22   0.000000000000e+00  -3.029977389933e-22   3.973255713812e-07   6.429290176894e-08   9.874039279544e-06   3.789873498655e-03  -4.226385219218e-11   1.682916539345e-05   4.616122610094e-05   4.155280764942e-02  -1.975839047938e-10   1.140586298816e-05   1.901092277403e-05   5.131994579580e-02  -8.137245633843e-11   2.500418499192e-06   2.362426535219e-06   2.051124538588e-02  -1.011189474466e-11   9.130607794253e-02  -3.908174226535e-07  -2.304501488408e-05  -5.404836341553e-10   8.635722985460e-05   6.406249124732e-06   3.537871597723e-03   9.490894314363e-03   4.048140835806e-03   6.212115649006e-04  -2.375384256092e-04   2.592068322485e-09  -6.303512966842e-06  -3.516074363856e-03  -9.466921594738e-03  -4.042755406904e-03  -6.144971657867e-04  -2.344655026384e-04  -2.560581463833e-09
   1.081171698573e-22   0.000000000000e+00   0.000000000000e+00   0.000000000000e+00   1.000000000000e+00   0.000000000000e+00   0.000000000000e+00   0.000000000000e+00   6.119923480445e-01   0.000000000000e+00   0.000000000000e+00   0.000000000000e+00   1.971949078096e-01   0.000000000000e+00   0.000000000000e+00   0.000000000000e+00   5.657041005734e-02   0.000000000000e+00   3.029977389933e-22   2.733372283932e-24  -4.014493708678e-17   0.000000000000e+00   6.687113880099e-09   1.082069684859e-09   1.661831753978e-07  -4.226385219218e-11   3.789876009118e-03   2.832401274900e-07   7.769079012683e-07  -1.975839047938e-10   4.155281938586e-02   1.919642484563e-07   3.199597879235e-07  -8.137245633843e-11   5.131995062931e-02   4.208282692170e-08   3.976037892416e-08  -1.011189474466e-11   2.051124598652e-02  -5.404836341553e-10  -2.322105068721e-05  -1.064770692938e-06   9.130611004713e-02   1.062601680943e-06  -5.114206546484e-11  -2.824336945600e-08  -7.576725926427e-08  -3.231692673899e-08  -4.959226826976e-09   2.592068322485e-09   8.715388531284e-05  -5.033749587712e-11  -2.807805420965e-08  -7.559929348140e-08  -3.228393194362e-08  -4.907144430732e-09  -2.560581463833e-09   8.618331347080e-05
   3.524808859889e-01   4.014863665549e-01  -6.235712572784e-16   0.000000000000e+00   0.000000000000e+00   1.000000000000e+00   0.000000000000e+00   0.000000000000e+00   0.000000000000e+00   7.543153851937e-01   0.000000000000e+00   0.000000000000e+00   0.000000000000e+00   4.176890115920e-01   5.392021630909e-17  -1.316411530984e-20  -1.028446508581e-22   0.000000000000e+00   0.000000000000e+00   0.000000000000e+00   0.000000000000e+00   0.000000000000e+00   1.134392438018e-02   1.070296914831e-02   9.279318204568e-02  -2.359924415352e-05  -3.971826746269e-07   1.779718287844e-01   3.695627205264e-01  -9.398751804253e-05  -1.581839382433e-06   2.973814449389e-01   4.477803874072e-01  -1.138799042841e-04  -1.916634476748e-06   2.182620131332e-01   1.995884120173e-01  -5.075950152340e-05  -8.542983176343e-07  -1.633484633195e-04   6.991804583820e-10  -1.854139613243e-01  -2.749205827753e-06   3.211463599151e-01   5.146297773414e-04   2.527456497461e-02   1.227382751945e-01   1.434341027179e-01   8.089231735036e-03  -4.228046440539e-03   3.375314066630e-08   5.097302829214e-04   2.516103254043e-02   1.225256779703e-01   1.433408282093e-01   8.035161434817e-03   4.192802090773e-03   3.348214861586e-08
  -2.356998061087e-21  -1.622728121144e-16   6.119923480445e-01   0.000000000000e+00   0.000000000000e+00   0.000000000000e+00   1.000000000000e+00   0.000000000000e+00   0.000000000000e+00   0.000000000000e+00   6.250598589784e-01   0.000000000000e+00   0.000000000000e+00   1.765249529734e-16   2.333933173537e-01  -5.563456953651e-36  -4.346450745039e-38  -1.184949906908e-19   0.000000000000e+00   0.000000000000e+00   0.000000000000e+00   0.000000000000e+00  -3.654190204998e-02  -3.956215746493e-02  -2.114154076469e-01   6.459449173208e-05   1.087145538451e-06  -2.700124562544e-01  -3.911349424209e-01   1.425944812573e-04   2.399909805770e-06  -1.795314547341e-01  -6.489050586626e-02   6.875016995531e-05   1.157086905253e-06  -4.389242188360e-02   5.143234763170e-02   1.020771971945e-05   1.717991217700e-07   2.160893405306e-04  -1.245705462029e-09   1.602128189896e-01   3.636851319134e-06  -2.774966685192e-01  -1.862497835709e-03  -4.304913584418e-02  -8.050099096950e-02  -3.529973606549e-02  -2.107573522108e-02   1.232936512041e-02  -9.842720535076e-08  -1.846599611282e-03  -4.289868879480e-02  -8.044205095405e-02  -3.531211715674e-02  -2.096082904561e-02  -1.223883664682e-02  -9.773476988001e-08
  -2.265523529362e-20   0.000000000000e+00   0.000000000000e+00   6.119923480445e-01   0.000000000000e+00   0.000000000000e+00   0.000000000000e+00   1.000000000000e+00   0.000000000000e+00   0.000000000000e+00   0.000000000000e+00   6.250598589784e-01   0.000000000000e+00  -4.309691234702e-20  -5.563456953651e-36   2.333933173537e-01   1.061145201426e-41   0.000000000000e+00   0.000000000000e+00   6.841311477294e-20   0.000000000000e+00   1.184949906908e-19   9.293368858576e-06   1.006148288778e-05   6.459449173208e-05   4.257272874297e-02  -2.764838151545e-10   6.866980675912e-05   1.425944812573e-04   1.695522862088e-01  -6.103471850435e-10   4.565859840243e-05   6.875016995531e-05   2.054379242398e-01  -2.942713654378e-10   1.116275956579e-05   1.020771971945e-05   9.156951163456e-02  -4.369210464209e-11   2.946785376249e-01  -1.261312600223e-06  -4.074546586837e-05  -1.245705462029e-09   2.204590486826e-04   9.734827240359e-04   2.250074562531e-02   4.207592753887e-02   1.845032115686e-02   1.232936512041e-02  -3.931067156159e-03   5.144552769246e-08  -9.635682834517e-04  -2.238482867200e-02  -4.197521134606e-02  -1.842610379959e-02  -1.223883664682e-02  -3.892410600621e-03  -5.099867013480e-08
   0.000000000000e+00   0.000000000000e+00   0.000000000000e+00   0.000000000000e+00   6.119923480445e-01   0.000000000000e+00   0.000000000000e+00   0.000000000000e+00   1.000000000000e+00   0.000000000000e+00   0.000000000000e+00   0.000000000000e+00   6.250598589784e-01  -3.366946277111e-22  -4.346450745039e-38   1.061145201426e-41   2.333933173537e-01   0.000000000000e+00  -1.184949906908e-19   0.000000000000e+00   0.000000000000e+00   0.000000000000e+00   1.564103102426e-07   1.693379100654e-07   1.087145538451e-06  -2.764838151545e-10   4.257274516604e-02   1.155734367477e-06   2.399909805770e-06  -6.103471850435e-10   1.695523224633e-01   7.684485195890e-07   1.157086905253e-06  -2.942713654378e-10   2.054379417194e-01   1.878727416740e-07   1.717991217700e-07  -4.369210464209e-11   9.156951422986e-02  -1.245705462029e-09  -7.494292521411e-05  -2.870417015907e-06   2.946786116195e-01   2.449081959678e-06  -7.771461307887e-09  -1.796268898340e-07  -3.358985576098e-07  -1.472917325067e-07  -9.842720535076e-08   5.144552769246e-08   2.513194797960e-03  -7.694695759445e-09  -1.787568657214e-07  -3.351983313413e-07  -1.471439701833e-07  -9.773476988001e-08  -5.099867013480e-08   2.493897912832e-03
   1.579450275960e-01   1.702974760105e-01  -2.503959547344e-16   1.565709117407e-21   0.000000000000e+00   7.543153851937e-01   0.000000000000e+00   0.000000000000e+00   0.000000000000e+00   1.000000000000e+00  -2.245225628108e-16   0.000000000000e+00   0.000000000000e+00   8.034172688426e-01  -1.037145620789e-16   0.000000000000e+00   1.978198281840e-22   0.000000000000e+00   0.000000000000e+00   0.000000000000e+00  -3.110404415236e-37   0.000000000000e+00   6.457910695269e-02   7.720095917864e-02   1.392961730034e-01  -3.542592595586e-05  -5.962294356018e-07   3.859633162194e-01   4.251594237726e-01  -1.081269207994e-04  -1.819809961832e-06   5.797207054500e-01   6.455526190491e-01  -1.641775132077e-04  -2.763158997179e-06   4.883673138210e-01   3.996934276529e-01  -1.016503861361e-04  -1.710807853834e-06  -9.368716437673e-05   4.010091873673e-10  -1.063426488338e-01  -1.576784336112e-06   1.841908469718e-01   2.882201761073e-02   1.227943247199e-01   2.958232393358e-01   3.370190607534e-01   7.532900225590e-02  -3.937265370678e-02   3.143179096209e-07   2.870782899274e-02   1.224643025893e-01   2.954162106207e-01   3.368193129176e-01   7.513486550715e-02   3.920588574901e-02   3.130835333616e-07
   0.000000000000e+00   2.993828631985e-19   1.971949078096e-01   0.000000000000e+00   0.000000000000e+00   0.000000000000e+00   6.250598589784e-01   0.000000000000e+00   0.000000000000e+00  -2.245225628108e-16   1.000000000000e+00   0.000000000000e+00   0.000000000000e+00  -1.803853042070e-16   6.943342744408e-01   0.000000000000e+00  -4.441501479866e-38   0.000000000000e+00   0.000000000000e+00   1.385204476263e-16   4.576195777435e-22  -2.399244531760e-16  -1.381481042079e-01  -1.701663283806e-01  -1.565386626592e-01   7.040460027642e-05   1.184931486022e-06  -5.847099944814e-01  -2.769253052220e-01   1.638054411057e-04   2.756896907103e-06  -4.871920503015e-01   1.497753277853e-02   1.379733008000e-04   2.322133890490e-06  -1.654528652747e-01   2.097608401521e-01   3.443790599110e-05   5.796007499695e-07   7.315565635257e-05  -6.594365280767e-10  -8.798961479022e-03   1.231232621909e-06   1.524028750588e-02  -8.147906299166e-02  -2.353355989802e-01  -2.900576347301e-01  -1.422889319495e-01  -1.480843632216e-01   1.004254975766e-01  -8.017120894620e-07  -8.123710817892e-02  -2.349382101966e-01  -2.899486866006e-01  -1.423470434079e-01  -1.479386575588e-01  -1.001003013839e-01  -7.993635508827e-07
  -5.324538755872e-21   3.804722005815e-22   0.000000000000e+00   1.971949078096e-01   0.000000000000e+00   0.000000000000e+00   0.000000000000e+00   6.250598589784e-01   0.000000000000e+00   0.000000000000e+00   0.000000000000e+00   1.000000000000e+00   0.000000000000e+00   0.000000000000e+00   0.000000000000e+00   6.943342744408e-01   0.000000000000e+00  -2.399244531760e-16   4.576195777435e-22   0.000000000000e+00   0.000000000000e+00   0.000000000000e+00   3.513394808406e-05   4.327685118273e-05   7.040460027642e-05   1.202950539314e-01  -3.013528238536e-10   1.487039630991e-04   1.638054411057e-04   3.671642696215e-01  -7.011364604867e-10   1.239031132595e-04   1.379733008000e-04   5.574940942076e-01  -5.905671454598e-10   4.207811907555e-05   3.443790599110e-05   3.451720699537e-01  -1.474045755146e-10   3.181314948517e-01  -1.361698297468e-06   2.237759667932e-06  -6.594365280767e-10   1.579390629813e-04   4.258714220886e-02   1.230042449261e-01   1.516061339621e-01   7.437099491806e-02   1.004254975766e-01  -8.437122314193e-03   4.190355842454e-07  -4.239007763366e-02  -1.225923619464e-01  -1.512972040771e-01  -7.427765901876e-02  -1.001003013839e-01  -8.337657905482e-03  -4.171133579104e-07
  -6.393928142394e-23   0.000000000000e+00   0.000000000000e+00   0.000000000000e+00   1.971949078096e-01   0.000000000000e+00   0.000000000000e+00   0.000000000000e+00   6.250598589784e-01   0.000000000000e+00   0.000000000000e+00   0.000000000000e+00   1.000000000000e+00   3.440576633586e-22  -4.441501479866e-38   0.000000000000e+00   6.943342744408e-01   0.000000000000e+00   0.000000000000e+00   5.284135727933e-22  -2.399244531760e-16   0.000000000000e+00   5.913153565194e-07   7.283629674903e-07   1.184931486022e-06  -3.013528238536e-10   1.202950718317e-01   2.502734299756e-06   2.756896907103e-06  -7.011364604867e-10   3.671643112688e-01   2.085328224874e-06   2.322133890490e-06  -5.905671454598e-10   5.574941292871e-01   7.081879304682e-07   5.796007499695e-07  -1.474045755146e-10   3.451720787095e-01  -6.594365280767e-10  -8.090749318874e-05  -2.320868729795e-06   3.181315340221e-01   1.296465459689e-06  -3.399796624202e-07  -9.819616789765e-07  -1.210294928748e-06  -5.937150143133e-07  -8.017120894620e-07   4.190355842454e-07   4.405286455343e-02  -3.385112982775e-07  -9.789767303569e-07  -1.208202858709e-06  -5.931535913841e-07  -7.993635508827e-07  -4.171133579104e-07   4.389536271362e-02
   7.194213528220e-02   7.611738684957e-02   0.000000000000e+00   0.000000000000e+00   0.000000000000e+00   4.176890115920e-01   1.765249529734e-16  -4.309691234702e-20  -3.366946277111e-22   8.034172688426e-01  -1.803853042070e-16   0.000000000000e+00   3.440576633586e-22   1.000000000000e+00   0.000000000000e+00  -3.151654686740e-20   0.000000000000e+00   0.000000000000e+00   0.000000000000e+00   0.000000000000e+00   0.000000000000e+00   0.000000000000e+00   6.835986823465e-02   8.191478653899e-02   5.351523928876e-02  -1.361004300173e-05  -2.290612888299e-07   4.117352997089e-01   1.951057962465e-01  -4.961947871474e-05  -8.351113765046e-07   7.151307600296e-01   4.590328345484e-01  -1.167416365963e-04  -1.964798328370e-06   7.938418955658e-01   5.012249696323e-01  -1.274719777189e-04  -2.145393332135e-06  -1.665580934363e-05   7.129186387768e-11  -1.890571558928e-02  -2.803224908451e-07   3.274565571936e-02   1.041203393814e-01   2.737217986740e-01   5.053820963135e-01   6.063946774620e-01   9.197597931818e-02  -4.807362734919e-02   3.837791114824e-07   1.039657719401e-01   2.733769479578e-01   5.049420397892e-01   6.061071344822e-01   9.193683943707e-02   4.797327044862e-02   3.830965869543e-07
  -3.449019457922e-18   0.000000000000e+00   5.657041005734e-02   0.000000000000e+00   0.000000000000e+00   5.392021630909e-17   2.333933173537e-01  -5.563456953651e-36  -4.346450745039e-38  -1.037145620789e-16   6.943342744408e-01   0.000000000000e+00  -4.441501479866e-38   0.000000000000e+00   1.000000000000e+00   0.000000000000e+00   0.000000000000e+00  -1.967999610296e-20   0.000000000000e+00   0.000000000000e+00   0.000000000000e+00   0.000000000000e+00  -8.855254993782e-02  -1.072776910481e-01   1.283791839343e-02   1.717734010960e-05   2.891000170736e-07  -4.666811876933e-01   7.190642027418e-02   5.624117552148e-05   9.465566088670e-07  -6.025231148487e-01   3.027160306453e-01   9.835898334401e-05   1.655412513385e-06  -3.608622054054e-01   5.249948319366e-01   5.794581926700e-05   9.752462973050e-07  -5.476522116513e-06  -8.363925381571e-11  -3.461269359224e-02  -9.217158345157e-08   5.995094885673e-02  -1.915853779085e-01  -4.273921783071e-01  -5.452797013385e-01  -3.562275273029e-01  -6.899128640457e-02   8.495686083007e-02  -6.782235991237e-07  -1.914925330662e-01  -4.272812990684e-01  -5.453506290873e-01  -3.564152694771e-01  -6.921825001479e-02  -8.486443036661e-02  -6.776955859635e-07
   1.171848089647e-22   0.000000000000e+00   0.000000000000e+00   5.657041005734e-02   0.000000000000e+00  -1.316411530984e-20  -5.563456953651e-36   2.333933173537e-01   1.061145201426e-41   0.000000000000e+00   0.000000000000e+00   6.943342744408e-01   0.000000000000e+00  -3.151654686740e-20   0.000000000000e+00   1.000000000000e+00   0.000000000000e+00   0.000000000000e+00   0.000000000000e+00   1.136225104770e-20   0.000000000000e+00   1.967999610296e-20   2.252076284409e-05   2.728295729770e-05   1.717734010960e-05   8.037990975497e-02  -7.352417211374e-11   1.186867725347e-04   5.624117552148e-05   2.930489817533e-01  -2.407291142014e-10   1.532342116305e-04   9.835898334401e-05   6.894675044453e-01  -4.210059749749e-10   9.177479533947e-05   5.794581926700e-05   7.528401211023e-01  -2.480255011471e-10   9.836798141578e-02  -4.210444894231e-07   8.802730856802e-06  -8.363925381571e-11   3.478728829777e-05   1.001370589517e-01   2.233875895011e-01   2.850045561629e-01   1.861915418138e-01   8.495686083007e-02   4.914595460859e-02   3.544911269812e-07  -9.992211102669e-02  -2.229582987990e-01  -2.845676812333e-01  -1.859799207732e-01  -8.486443036661e-02   4.913463354698e-02  -3.536261832181e-07
  -4.747701761965e-24   0.000000000000e+00   0.000000000000e+00   0.000000000000e+00   5.657041005734e-02  -1.028446508581e-22  -4.346450745039e-38   1.061145201426e-41   2.333933173537e-01   1.978198281840e-22  -4.441501479866e-38   0.000000000000e+00   6.943342744408e-01   0.000000000000e+00   0.000000000000e+00   0.000000000000e+00   1.000000000000e+00   0.000000000000e+00  -1.967999610296e-20   0.000000000000e+00   0.000000000000e+00   0.000000000000e+00   3.790314962151e-07   4.591807212443e-07   2.891000170736e-07  -7.352417211374e-11   8.037991412229e-02   1.997535575780e-06   9.465566088670e-07  -2.407291142014e-10   2.930489960525e-01   2.578979802227e-06   1.655412513385e-06  -4.210059749749e-10   6.894675294530e-01   1.544598565918e-06   9.752462973050e-07  -2.480255011471e-10   7.528401358349e-01  -8.363925381571e-11  -2.501703332495e-05  -5.811177658538e-07   9.836798638393e-02   1.644364529858e-07  -7.994094398537e-07  -1.783337254587e-06  -2.275234912859e-06  -1.486395523346e-06  -6.782235991237e-07   3.544911269812e-07   9.355085791397e-02  -7.979405893661e-07  -1.780461546696e-06  -2.272451021548e-06  -1.485166056513e-06  -6.776955859635e-07  -3.536261832181e-07   9.341747265819e-02
  -2.459377661330e-35   0.000000000000e+00   3.029977389933e-22  -4.014493708678e-17   0.000000000000e+00   0.000000000000e+00  -1.184949906908e-19   0.000000000000e+00   0.000000000000e+00   0.000000000000e+00   0.000000000000e+00  -2.399244531760e-16   0.000000000000e+00   0.000000000000e+00  -1.967999610296e-20   0.000000000000e+00   0.000000000000e+00   1.000000000000e+00  -4.859963844040e-37   0.000000000000e+00   0.000000000000e+00   0.000000000000e+00  -1.334699372232e-05  -1.416652707296e-05  -1.040617579312e-04  -6.446957069766e-02   5.155952186882e-10  -6.782791117316e-05  -1.146146811537e-04  -1.674735617474e-01   6.728919349380e-10  -1.668294629297e-05  -7.115145522776e-06  -7.506384260466e-02   1.121671929207e-10  -1.261670739659e-06   1.462265404631e-06  -1.034964273372e-02   5.007373241550e-12  -2.993765333214e-01   1.655661353442e-06   1.204260610095e-05   1.441768496683e-09  -2.176059709278e-04  -8.042022984676e-04  -2.034807376869e-02  -1.583159582968e-02  -2.523757943683e-03  -1.323242334617e-02   5.049460257308e-03  -6.081530995721e-08   7.952876072314e-04   2.025568775305e-02   1.580865924369e-02   2.522951053967e-03   1.313521766598e-02   4.999640886771e-03   6.027462022023e-08
   1.970030324953e-41   2.677420345460e-42   0.000000000000e+00   2.367169835885e-24   3.029977389933e-22   0.000000000000e+00   0.000000000000e+00   0.000000000000e+00  -1.184949906908e-19   0.000000000000e+00   0.000000000000e+00   4.576195777435e-22   0.000000000000e+00   0.000000000000e+00   0.000000000000e+00   0.000000000000e+00  -1.967999610296e-20  -4.859963844040e-37   1.000000000000e+00   0.000000000000e+00   0.000000000000e+00   0.000000000000e+00   5.712913974920e-11   6.063698850463e-11   5.155952186882e-10   2.759491156273e-07   1.639596604602e-05   2.903238209985e-10   6.728919349380e-10   7.168371179620e-07   4.259203455535e-05   7.140801816706e-11   1.121671929207e-10   3.212957796707e-07   1.909030455591e-05   5.400329505130e-12   5.007373241550e-12   4.429957774688e-08   2.632130372185e-06   1.655661353442e-06   8.743310160897e-02  -7.808595300253e-10   9.837379671534e-05   1.352488259126e-09  -3.355615736260e-09  -8.490440361947e-08  -6.605894088763e-08  -1.053063624224e-08  -6.081530995721e-08   2.106938556546e-08   1.342491034009e-03   3.313926928997e-09   8.440452045252e-08   6.587395692153e-08   1.051302115393e-08   6.027462022023e-08   2.083327392421e-08  -1.329693455463e-03
   0.000000000000e+00   0.000000000000e+00   2.317769023365e-17  -1.749358261717e-22   2.733372283932e-24   0.000000000000e+00   0.000000000000e+00   6.841311477294e-20   0.000000000000e+00   0.000000000000e+00   1.385204476263e-16   0.000000000000e+00   5.284135727933e-22   0.000000000000e+00   0.000000000000e+00   1.136225104770e-20   0.000000000000e+00   0.000000000000e+00   0.000000000000e+00   1.000000000000e+00  -2.805901433608e-37   0.000000000000e+00  -1.514993730297e-02  -1.608017516313e-02  -9.950789746270e-02   2.530693651900e-05   9.038817879821e-07  -7.699026635085e-02  -8.175164283723e-02   2.079115013340e-05   1.591520177737e-06  -1.893651826212e-02   1.359278912805e-02  -3.456930156811e-06   4.983194461857e-07  -1.432100216759e-03   4.647476086951e-03  -1.181950230132e-06   5.683652884488e-08   1.204260610095e-05  -7.808595300253e-10   1.011024765272e-01   3.070371239450e-06  -2.367600548312e-02  -5.655037187610e-04  -1.430847861010e-02  -1.113255499600e-02  -1.774671006443e-03  -8.765952363702e-03   4.581752001091e-03  -5.513975340512e-08  -5.597670654269e-04  -1.425706472556e-02  -1.112700199614e-02  -1.775791417914e-03  -8.709966370739e-03  -4.544919913065e-03  -5.468569764251e-08
  -8.069244211009e-38   0.000000000000e+00   2.367169835885e-24   0.000000000000e+00  -4.014493708678e-17   0.000000000000e+00   0.000000000000e+00   0.000000000000e+00   0.000000000000e+00  -3.110404415236e-37   4.576195777435e-22   0.000000000000e+00  -2.399244531760e-16   0.000000000000e+00   0.000000000000e+00   0.000000000000e+00   0.000000000000e+00   0.000000000000e+00   0.000000000000e+00  -2.805901433608e-37   1.000000000000e+00  -4.859963844040e-37  -2.246340870231e-07  -2.384270901393e-07  -1.751391996821e-06   5.155952186882e-10  -6.446960132390e-02  -1.141565000932e-06  -1.929001001726e-06   6.728919349380e-10  -1.674736017171e-01  -2.807792142067e-07  -1.197501288902e-07   1.121671929207e-10  -7.506384926737e-02  -2.123431393040e-08   2.461038500418e-08   5.007373241550e-12  -1.034964303116e-02   1.441768496683e-09   9.837379671534e-05   3.070371239450e-06  -2.993766189621e-01  -2.006714856801e-06   6.420069809091e-09   1.624417815324e-07   1.263860481492e-07   2.014754522658e-08   1.056364571299e-07  -6.081530995721e-08  -2.568496166973e-03   6.350869247150e-09   1.617543430339e-07   1.262420373667e-07   2.014734306811e-08   1.048929332872e-07   6.027462022023e-08  -2.548248484464e-03
   0.000000000000e+00   0.000000000000e+00  -4.014493708678e-17  -3.029977389933e-22   0.000000000000e+00   0.000000000000e+00   0.000000000000e+00   1.184949906908e-19   0.000000000000e+00   0.000000000000e+00  -2.399244531760e-16   0.000000000000e+00   0.000000000000e+00   0.000000000000e+00   0.000000000000e+00   1.967999610296e-20   0.000000000000e+00   0.000000000000e+00   0.000000000000e+00   0.000000000000e+00  -4.859963844040e-37   1.000000000000e+00   2.624045774677e-02   2.785167677532e-02   1.723527035335e-01  -7.662482414238e-05  -1.013670556224e-06   1.333510357628e-01   1.415979590267e-01  -1.211953873302e-04  -1.322919059844e-06   3.279900750684e-02  -2.354340804905e-02  -3.219302874850e-05  -2.205229542805e-07   2.480470016179e-03  -8.049665006997e-03  -3.217062818161e-06  -9.844596371348e-09  -2.176059709278e-04   1.352488259126e-09  -2.367600548312e-02  -2.006714856801e-06   1.284410656885e-01   5.591440163228e-04   1.414756425484e-02   1.100735734513e-02   1.754712906873e-03   7.565118446381e-03  -6.639087126605e-03   4.228353578221e-08   5.545584950619e-04   1.412440432196e-02   1.102346647855e-02   1.759267876024e-03   7.538214915101e-03   6.592878915682e-03   4.202982968151e-08
   9.690311798408e-05   3.899447045334e-05  -1.562300209140e-03   3.973255713812e-07   6.687113880099e-09   1.134392438018e-02  -3.654190204998e-02   9.293368858576e-06   1.564103102426e-07   6.457910695269e-02  -1.381481042079e-01   3.513394808406e-05   5.913153565194e-07   6.835986823465e-02  -8.855254993782e-02   2.252076284409e-05   3.790314962151e-07  -1.334699372232e-05   5.712913974920e-11  -1.514993730297e-02  -2.246340870231e-07   2.624045774677e-02   1.000000000000e+00   8.784438346368e-01   9.832136533955e-17  -2.921054450567e-20   5.528665815031e-23   3.291794955376e-01   0.000000000000e+00   1.052222952539e-20   1.368215846518e-26   1.537612665257e-01   2.414294074660e-17  -3.453019735748e-21  -1.840946504554e-22   6.556249676812e-02  -2.631709996959e-18   5.389176149164e-22   2.904511175132e-24   0.000000000000e+00   0.000000000000e+00   0.000000000000e+00  -2.781236448131e-38   0.000000000000e+00   1.109284597735e-02   7.254108073758e-02   7.865150595184e-02   4.872962761183e-02   4.456615675074e-02  -7.213272633665e-02   9.761842512914e-07   1.102773690452e-02   7.238312450893e-02   7.859378755834e-02   4.871682613753e-02   4.450408411721e-02   7.180917300999e-02   9.716066535844e-07
   7.483079025508e-07  -2.201393686509e-06  -2.528022888903e-04   6.429290176894e-08   1.082069684859e-09   1.070296914831e-02  -3.956215746493e-02   1.006148288778e-05   1.693379100654e-07   7.720095917864e-02  -1.701663283806e-01   4.327685118273e-05   7.283629674903e-07   8.191478653899e-02  -1.072776910481e-01   2.728295729770e-05   4.591807212443e-07  -1.416652707296e-05   6.063698850463e-11  -1.608017516313e-02  -2.384270901393e-07   2.785167677532e-02   8.784438346368e-01   1.000000000000e+00   1.730345079628e-17   9.567346287615e-20   7.159182998182e-23   4.187995882560e-01   1.300692517309e-16  -2.895889547032e-20  -9.107062456189e-22   1.871454501484e-01  -2.235571017194e-19   0.000000000000e+00   1.705605329280e-24   7.831571041382e-02   0.000000000000e+00   1.341709863325e-23   4.192843322892e-25   0.000000000000e+00   1.080057330213e-40   0.000000000000e+00   0.000000000000e+00   0.000000000000e+00   9.923371960532e-03   8.685069409716e-02   9.448260431173e-02   5.807393961429e-02   5.337506814139e-02  -8.639042412781e-02   1.169136060411e-06   9.854498299286e-03   8.665457152959e-02   9.441235977310e-02   5.805860851126e-02   5.328315885226e-02   8.597457173737e-02   1.163270128838e-06
   3.791009576912e-03   2.611938289677e-03  -3.503524560985e-02   9.874039279544e-06   1.661831753978e-07   9.279318204568e-02  -2.114154076469e-01   6.459449173208e-05   1.087145538451e-06   1.392961730034e-01  -1.565386626592e-01   7.040460027642e-05   1.184931486022e-06   5.351523928876e-02   1.283791839343e-02   1.717734010960e-05   2.891000170736e-07  -1.040617579312e-04   5.155952186882e-10  -9.950789746270e-02  -1.751391996821e-06   1.723527035335e-01   9.832136533955e-17   1.730345079628e-17   1.000000000000e+00   0.000000000000e+00   0.000000000000e+00   1.144559900957e-16   6.291202128136e-01  -6.632473659991e-36  -2.072648018747e-37   1.905368099503e-16   2.202302509580e-01   0.000000000000e+00  -2.463187659193e-37   0.000000000000e+00   5.734990148843e-02   0.000000000000e+00   0.000000000000e+00  -6.646452529948e-21   0.000000000000e+00  -5.326570123566e-19  -2.077016415609e-22   9.225890084094e-19  -5.375430657984e-02  -9.129565636975e-02  -3.508592717458e-02  -8.088219913618e-03  -1.836948994381e-02   1.749236610845e-01  -2.367271165268e-06  -5.365259019843e-02  -9.139696948208e-02  -3.516976895141e-02  -8.111209423037e-03  -1.896799123123e-02  -1.748084012072e-01  -2.365227151296e-06
  -9.641329095693e-07  -6.642704566556e-07   9.874039279544e-06   3.789873498655e-03  -4.226385219218e-11  -2.359924415352e-05   6.459449173208e-05   4.257272874297e-02  -2.764838151545e-10  -3.542592595586e-05   7.040460027642e-05   1.202950539314e-01  -3.013528238536e-10  -1.361004300173e-05   1.717734010960e-05   8.037990975497e-02  -7.352417211374e-11  -6.446957069766e-02   2.759491156273e-07   2.530693651900e-05   5.155952186882e-10  -7.662482414238e-05  -2.921054450567e-20   9.567346287615e-20   0.000000000000e+00   1.000000000000e+00   1.247534082370e-41  -2.147963195064e-20  -6.632473659991e-36   6.291202128136e-01   6.582901407451e-41   0.000000000000e+00   0.000000000000e+00   2.202302509580e-01   0.000000000000e+00  -2.084828290923e-20   0.000000000000e+00   5.734990148843e-02   1.478317240715e-41   9.225890084094e-19  -2.077016415609e-22   3.837331157321e-21   0.000000000000e+00   6.646452529948e-21   8.700424197731e-02   1.477669396865e-01   5.678846388543e-02   1.309121979808e-02   1.749236610845e-01  -1.934188198591e-01   3.831555951392e-06  -8.657066443265e-02  -1.474727752366e-01  -5.674787097520e-02  -1.308777053461e-02  -1.748084012072e-01  -1.926901909936e-01  -3.816391441020e-06
  -1.622665900770e-08  -1.117987995437e-08   1.661831753978e-07  -4.226385219218e-11   3.789876009118e-03  -3.971826746269e-07   1.087145538451e-06  -2.764838151545e-10   4.257274516604e-02  -5.962294356018e-07   1.184931486022e-06  -3.013528238536e-10   1.202950718317e-01  -2.290612888299e-07   2.891000170736e-07  -7.352417211374e-11   8.037991412229e-02   5.155952186882e-10   1.639596604602e-05   9.038817879821e-07  -6.446960132390e-02  -1.013670556224e-06   5.528665815031e-23   7.159182998182e-23   0.000000000000e+00   1.247534082370e-41   1.000000000000e+00   2.013733820224e-21  -2.072648018747e-37   6.582901407451e-41   6.291202128136e-01  -1.453680495837e-21  -2.463187659193e-37   0.000000000000e+00   2.202302509580e-01  -6.515088409134e-22   0.000000000000e+00   1.478317240715e-41   5.734990148843e-02   0.000000000000e+00  -6.646452529948e-21  -2.398331973326e-22   9.225890084094e-19   0.000000000000e+00  -1.177442960043e-06  -1.999754712032e-06  -7.685277808752e-07  -1.771656673205e-07  -2.367271165268e-06   3.831555951392e-06   8.970455205460e-02  -1.171335499941e-06  -1.995365266531e-06  -7.678212504770e-07  -1.770827374693e-07  -2.365227151296e-06  -3.816391441020e-06   8.937036530337e-02
   2.323476856964e-02   2.362751698035e-02  -6.617295867073e-02   1.682916539345e-05   2.832401274900e-07   1.779718287844e-01  -2.700124562544e-01   6.866980675912e-05   1.155734367477e-06   3.859633162194e-01  -5.847099944814e-01   1.487039630991e-04   2.502734299756e-06   4.117352997089e-01  -4.666811876933e-01   1.186867725347e-04   1.997535575780e-06  -6.782791117316e-05   2.903238209985e-10  -7.699026635085e-02  -1.141565000932e-06   1.333510357628e-01   3.291794955376e-01   4.187995882560e-01   1.144559900957e-16  -2.147963195064e-20   2.013733820224e-21   1.000000000000e+00   0.000000000000e+00   0.000000000000e+00   0.000000000000e+00   7.746967835845e-01   0.000000000000e+00  -3.204795642273e-20  -1.001498638210e-21   4.100964372946e-01  -3.811476731120e-17   9.305363113085e-21   0.000000000000e+00   0.000000000000e+00   0.000000000000e+00   0.000000000000e+00   0.000000000000e+00   0.000000000000e+00   1.824969410566e-01   4.193943517522e-01   4.600024024128e-01   3.132754965615e-01   2.011293702404e-01  -3.255387244396e-01   4.405570011319e-06   1.820284599947e-01   4.187917949850e-01   4.597145863998e-01   3.131979759877e-01   2.013158579590e-01   3.248314297572e-01   4.395098358835e-06
   6.807092812063e-02   7.182925914988e-02  -1.399549877749e-01   4.616122610094e-05   7.769079012683e-07   3.695627205264e-01  -3.911349424209e-01   1.425944812573e-04   2.399909805770e-06   4.251594237726e-01  -2.769253052220e-01   1.638054411057e-04   2.756896907103e-06   1.951057962465e-01   7.190642027418e-02   5.624117552148e-05   9.465566088670e-07  -1.146146811537e-04   6.728919349380e-10  -8.175164283723e-02  -1.929001001726e-06   1.415979590267e-01   0.000000000000e+00   1.300692517309e-16   6.291202128136e-01  -6.632473659991e-36  -2.072648018747e-37   0.000000000000e+00   1.000000000000e+00   0.000000000000e+00   0.000000000000e+00   0.000000000000e+00   6.534608721805e-01   0.000000000000e+00   0.000000000000e+00  -1.266294424720e-16   2.263653730943e-01  -2.873306948928e-36   0.000000000000e+00   0.000000000000e+00   0.000000000000e+00   0.000000000000e+00   2.625495947260e-21   0.000000000000e+00  -1.994488152063e-01  -2.563825899952e-01  -1.224134807099e-01  -3.296469871981e-02   7.924606082935e-02   3.005447935922e-01  -4.067322964379e-06  -1.995513453987e-01  -2.568086286755e-01  -1.227164900412e-01  -3.305880302512e-02   7.792254783749e-02  -3.008223429355e-01  -4.070245870989e-06
  -1.731185866312e-05  -1.826768073553e-05   4.616122610094e-05   4.155280764942e-02  -1.975839047938e-10  -9.398751804253e-05   1.425944812573e-04   1.695522862088e-01  -6.103471850435e-10  -1.081269207994e-04   1.638054411057e-04   3.671642696215e-01  -7.011364604867e-10  -4.961947871474e-05   5.624117552148e-05   2.930489817533e-01  -2.407291142014e-10  -1.674735617474e-01   7.168371179620e-07   2.079115013340e-05   6.728919349380e-10  -1.211953873302e-04   1.052222952539e-20  -2.895889547032e-20  -6.632473659991e-36   6.291202128136e-01   6.582901407451e-41   0.000000000000e+00   0.000000000000e+00   1.000000000000e+00   0.000000000000e+00  -5.840102953827e-20   0.000000000000e+00   6.534608721805e-01   7.549863739208e-41   3.091539122851e-20  -2.873306948928e-36   2.263653730943e-01   0.000000000000e+00   0.000000000000e+00   2.625495947260e-21   0.000000000000e+00   0.000000000000e+00   0.000000000000e+00   3.228186555532e-01   4.149690381660e-01   1.981328152965e-01   5.335514132003e-02   3.005447935922e-01  -2.215146504528e-01   6.583181402724e-06  -3.219843160545e-01  -4.143713012596e-01  -1.980081118250e-01  -5.334174049468e-02  -3.008223429355e-01  -2.210305848011e-01  -6.567509381234e-06
  -2.913640064847e-07  -3.074507914986e-07   7.769079012683e-07  -1.975839047938e-10   4.155281938586e-02  -1.581839382433e-06   2.399909805770e-06  -6.103471850435e-10   1.695523224633e-01  -1.819809961832e-06   2.756896907103e-06  -7.011364604867e-10   3.671643112688e-01  -8.351113765046e-07   9.465566088670e-07  -2.407291142014e-10   2.930489960525e-01   6.728919349380e-10   4.259203455535e-05   1.591520177737e-06  -1.674736017171e-01  -1.322919059844e-06   1.368215846518e-26  -9.107062456189e-22  -2.072648018747e-37   6.582901407451e-41   6.291202128136e-01   0.000000000000e+00   0.000000000000e+00   0.000000000000e+00   1.000000000000e+00  -1.825032173071e-21   0.000000000000e+00   7.549863739208e-41   6.534608721805e-01   0.000000000000e+00   0.000000000000e+00   0.000000000000e+00   2.263653730943e-01   0.000000000000e+00   0.000000000000e+00   3.031661583814e-21   0.000000000000e+00   0.000000000000e+00  -4.368758864088e-06  -5.615845406155e-06  -2.681364531458e-06  -7.220640522993e-07  -4.067322964379e-06   6.583181402724e-06   2.649332940127e-01  -4.356575778763e-06  -5.606608410631e-06  -2.679128457392e-06  -7.217349512046e-07  -4.070245870989e-06  -6.567509381234e-06   2.643586574150e-01
   5.057427332309e-02   5.343489733417e-02  -4.484831436818e-02   1.140586298816e-05   1.919642484563e-07   2.973814449389e-01  -1.795314547341e-01   4.565859840243e-05   7.684485195890e-07   5.797207054500e-01  -4.871920503015e-01   1.239031132595e-04   2.085328224874e-06   7.151307600296e-01  -6.025231148487e-01   1.532342116305e-04   2.578979802227e-06  -1.668294629297e-05   7.140801816706e-11  -1.893651826212e-02  -2.807792142067e-07   3.279900750684e-02   1.537612665257e-01   1.871454501484e-01   1.905368099503e-16   0.000000000000e+00  -1.453680495837e-21   7.746967835845e-01   0.000000000000e+00  -5.840102953827e-20  -1.825032173071e-21   1.000000000000e+00   0.000000000000e+00   0.000000000000e+00  -1.292762096644e-21   7.744077347687e-01   0.000000000000e+00   0.000000000000e+00   0.000000000000e+00   0.000000000000e+00   0.000000000000e+00   0.000000000000e+00   0.000000000000e+00   0.000000000000e+00   2.638590605769e-01   5.753605074038e-01   7.538357677480e-01   6.286358353251e-01   1.151509912205e-01  -1.863780846879e-01   2.522285795896e-06   2.636052806815e-01   5.749330225991e-01   7.535004535359e-01   6.285018289053e-01   1.154043219973e-01   1.862096274711e-01   2.519490274413e-06
