ARMA_MAT_TXT_FN008
91 91
  -9.560003733222e+00  -1.200053323032e+01  -8.432871593189e-03  -5.411581710347e-08   5.880614517288e-06  -4.423867619379e+00  -2.522491138563e-03   1.288594383044e-07  -5.395346023462e-06  -1.990816751653e+00  -9.248122830435e-04   8.741227232466e-08  -4.846717028949e-06  -8.390009444167e-01  -3.087287245376e-04   3.325380513203e-08  -2.077035765274e-06   4.384624853447e-08  -5.659733147925e-08  -1.349888312088e-03  -8.943958925747e-06   2.339943425072e-03   1.229922045887e-05  -8.901571513768e-06  -2.241884704626e-05   3.569171744754e-05   7.810815024782e-05  -1.423718273125e-04  -3.385015484946e-02  -3.191292750489e-01   4.781195971900e-05   4.314277189600e-10  -2.667773237593e-08  -7.636891992284e-06  -3.540307163310e-12  -6.053726931153e-10  -7.362869760714e-05  -7.834048031900e-10   5.046422973431e-08   6.907781114136e-04   3.565684300895e-10   1.759140628691e-08   5.660306337759e-03  -3.052985435671e-09   3.415806410642e-07   2.501419357268e-01  -2.174245275645e-07   1.717992727331e-05   9.240653340716e-01  -8.036642260023e-07   6.323781961598e-05  -1.628333117232e-10   2.276825050645e-11   2.011922918446e-05   1.699355188205e-08  -3.484696570687e-05   5.164086910393e-09  -7.402804975017e-10   5.692048276389e-04  -4.576654350742e-07  -9.858089805532e-04  -4.605600376286e-01   6.573894686769e-01  -5.684729665089e-07   4.478698413129e-05   4.254462511125e-07   9.688144152890e-10   1.359896347456e-01  -3.344309191358e-05  -2.355411218229e-01  -1.338861157543e-01  -9.636196764792e-01  -1.022509931085e+00  -6.255668400866e-01  -3.579377894975e-01  -9.290759580961e-01  -5.473874245439e-01  -1.339054508704e-01  -9.636626693876e-01  -1.022526198342e+00  -6.255706852030e-01  -3.549528198222e-01  -1.059012218105e-02   1.079356542254e+00  -1.338797561088e-01  -9.636032832050e-01  -1.022504170025e+00  -6.255655843444e-01  -3.579301963701e-01   9.395977359040e-01  -5.290561248739e-01
  -1.200053323032e+01  -8.780632461905e+00  -7.366833027284e-03   6.523608787957e-10   6.939989242078e-06  -3.952464486079e+00   7.306008582058e-04   2.029580218547e-07  -7.881274445846e-06  -1.871367925846e+00   1.545078324993e-03   1.220590927186e-07  -6.498868239601e-06  -8.019338383802e-01   1.159613647347e-03   3.674892824794e-08  -2.274728106839e-06   1.040347213831e-07  -9.849813016150e-08  -2.323607073232e-03  -1.553178659963e-05   4.032584697012e-03   8.219105307504e-06  -8.395157378107e-06  -1.564766716675e-05   4.057262566077e-05   8.932679254677e-05  -1.542685189569e-04  -3.542365998290e-02  -3.069119198930e-01   1.879590952079e-04  -1.121682357193e-09   9.367780900180e-08  -2.100075795474e-05   1.014114941451e-10  -8.658529149398e-09  -3.578537507920e-04   1.996886256168e-09  -1.668487705757e-07   1.310190937633e-03  -7.379700452396e-09   6.204666631538e-07   7.174524735356e-03  -2.036027621449e-08   1.684215860789e-06   2.509183841233e-01  -2.367636172665e-07   1.865365242722e-05   8.776626332126e-01  -7.638551642068e-07   6.008809364622e-05  -4.243009212011e-10   1.633151210649e-11  -7.075026541023e-05   3.396356820943e-08   1.225396741724e-04   7.875141300405e-09  -6.004737115247e-10   6.119096199138e-04  -6.613333448731e-07  -1.059783804419e-03  -4.407965764396e-01   6.279776678456e-01  -5.412983249456e-07   4.261900664320e-05   4.264221456079e-07   3.478395859346e-09   1.378214380221e-01  -3.345789267267e-05  -2.387141066461e-01  -1.559890466931e-01  -9.211591038660e-01  -9.728430831364e-01  -5.992881720752e-01  -3.505930399347e-01  -9.111400847660e-01  -5.368203789159e-01  -1.560051120639e-01  -9.211947960405e-01  -9.728562733890e-01  -5.992908069748e-01  -3.476623185634e-01  -1.038559078814e-02   1.058511420611e+00  -1.559820562465e-01  -9.211439612371e-01  -9.728376681344e-01  -5.992869766121e-01  -3.505864548351e-01   9.214609880673e-01  -5.188442186573e-01
  -8.432871593189e-03  -7.366833027284e-03   1.042238383988e+00   7.599959689906e-07  -1.278959364647e-04   2.421307781653e-02  -3.693770777403e-01   1.230728088443e-06  -1.846387879953e-04   2.025082610482e-02  -4.155396342166e-01   9.501612743541e-07  -1.200287447718e-04   1.603022964994e-02  -1.472955907733e-01   3.636406081726e-07  -4.109435771400e-05  -1.009998122284e-06   2.979592352880e-06   3.820712694330e-02   1.479614936399e-04  -6.650467424325e-02   4.833598984541e-04  -3.380236951394e-04  -8.941951136766e-04   1.311754751439e-03   2.993851493305e-03  -5.340357335708e-03  -9.326722221034e-02  -1.313045397452e-01   4.617449259861e-03  -1.365020597345e-08   1.255563295979e-06  -4.018160542293e-04   1.159451345076e-09  -1.060408435871e-07  -7.931197612548e-03   2.489740047255e-08  -2.294099447544e-06   3.669820195390e-02  -8.519793394334e-08   7.679602292004e-06   1.115680069396e-01  -2.260260172073e-07   2.002507081534e-05   2.522263402633e-01  -4.400641929075e-07   3.737749674298e-05   1.544530647700e-01  -2.775542376362e-07   1.941939821914e-05  -7.305352605327e-09  -2.149752628699e-11  -4.562780049547e-04   6.658213294199e-07   7.903230042311e-04   9.459655731796e-08  -2.642413225718e-09   1.724846369566e-02  -8.039354539654e-06  -2.987496113338e-02  -4.458971327250e-02  -6.808604319826e-03   1.754852465744e-08  -5.543220001881e-06   4.659600233112e-07   1.816094878090e-08   1.038975775295e-01  -3.670149107534e-05  -1.799583131014e-01   1.285115856321e-01   1.211733488359e-01   6.407201203633e-02   2.662003289661e-02  -1.340119090174e-01   9.437534798378e-02   5.559112701864e-02   1.274722644695e-01   1.201849471974e-01   6.359435017460e-02   2.649465053582e-02  -1.346861958769e-01   1.066514907449e-03  -1.087152492434e-01   1.285107905256e-01   1.211736206940e-01   6.407242351839e-02   2.662017414470e-02  -1.340086558754e-01  -9.544831373551e-02   5.373135501509e-02
  -5.411581710347e-08   6.523608787957e-10   7.599959689906e-07   9.582921439798e-01  -8.865675547690e-07   2.339662778381e-06   1.135691736977e-06  -4.703240091008e-01  -1.138250097129e-06   1.825902021272e-06   8.119424972427e-07  -4.772069963551e-01  -5.637611852490e-07   8.980453402469e-07   4.547599803376e-07  -1.802034087782e-01  -1.754962149395e-07   5.718926270009e-02   8.984085863725e-02   2.292679904343e-03   3.485539402289e-06   1.319155216347e-03   6.700581635391e-09  -4.392042741123e-09  -1.225492379471e-08   1.622872749183e-08   3.775212307200e-08  -4.498308208732e-08  -2.516494178895e-07   3.430904511837e-07   5.104556106497e-08   7.101717778976e-05  -9.334182810333e-09  -4.074139367955e-09   1.624313448779e-05   3.245290750292e-10  -8.958858482286e-08  -5.986050802469e-05   1.526564498158e-08   2.930088268474e-07  -7.168383264327e-04  -4.382095259973e-08   6.128512566646e-07  -5.839871205022e-03  -8.284886548799e-08   3.471807051346e-07  -4.389382955630e-02  -4.228249190096e-09  -1.113003235856e-06  -1.096536645635e-01   1.559933210341e-07  -1.148772720160e-03  -9.546855100785e-05  -2.436161412829e-06   1.661987283713e-08  -1.407605954432e-06   5.510402690867e-03   1.122613605978e-04   2.900012408018e-06  -1.573347163659e-08   1.574749495116e-06   7.277366428018e-07  -7.546585277060e-07  -9.372726487051e-02   3.110690280970e-08   8.814085896571e-02   1.827037872627e-03   4.632486084746e-05  -2.754188883601e-07   2.726820890100e-05   3.505616587765e-01   3.252289357049e-01   1.526427675438e-01   4.191733700956e-02   1.002675894545e-01   7.398481350734e-02   1.533559878487e-01   3.995322973191e-03   3.707008681998e-03   1.740446948107e-03   4.783315320999e-04   1.133308202366e-03  -1.863054139195e-01  -3.446763511255e-03  -3.545382904226e-01  -3.289201225169e-01  -1.543746390387e-01  -4.239222593075e-02  -1.014075073663e-01   7.993380506538e-02  -1.499084133888e-01
   5.880614517288e-06   6.939989242078e-06  -1.278959364647e-04  -8.865675547690e-07   9.583235563906e-01  -8.261884692555e-05  -1.754049331236e-04  -1.138138859476e-06  -4.702550818372e-01  -7.651653562275e-05  -1.053473030445e-04  -5.635552358537e-07  -4.771560740456e-01  -4.586129403090e-05  -4.709967881115e-05  -1.753930463557e-07  -1.801814230751e-01   3.486539621955e-06   2.650875857031e-03  -7.823584828803e-02   5.682077460081e-02  -4.482179823407e-02  -6.188316660239e-07   4.017523737476e-07   1.130511714800e-06  -1.472769802779e-06  -3.433151112639e-06   4.050263808252e-06   2.279705433174e-05  -2.202703604180e-05  -4.421961950776e-06  -9.344175475335e-09   7.213511620654e-05   3.521318229268e-07   3.250026904600e-10   1.620597864584e-05   7.728695099644e-06   1.528254962897e-08  -6.168464629345e-05  -2.549261328958e-05  -4.386820699204e-08  -7.116142632998e-04  -5.320291397220e-05  -8.294622154154e-08  -5.830034722992e-03  -3.379603816305e-05  -4.298250382234e-09  -4.389354066370e-02   6.670812443510e-05   1.561026480359e-07  -1.096716918300e-01   1.663052908730e-08  -2.821436264614e-06   8.306561401047e-05  -1.150851793092e-03   4.824832417795e-05  -1.573931261789e-08   3.294545057985e-06  -1.005520499456e-04   5.512464227361e-03  -4.952482375851e-05  -4.854955045562e-05   3.969320432559e-05   3.120770339380e-08  -9.372912583720e-02  -2.755857035499e-07   5.376058507490e-05  -1.564954612193e-03   8.817513463773e-02  -9.439159597637e-04   2.065955603459e-01   1.916353775500e-01   8.990181054925e-02   2.466296396733e-02   5.906839741465e-02   1.533605101383e-01  -9.597190859551e-02  -4.072683756038e-01  -3.778304771241e-01  -1.773432537306e-01  -4.871958787163e-02  -1.155200971716e-01  -3.446640233499e-03   1.649269769362e-01   1.996811255093e-01   1.852225731814e-01   8.689272103959e-02   2.383674846455e-02   5.709246045513e-02  -1.499130583142e-01  -1.019138582569e-01
  -4.423867619379e+00  -3.952464486079e+00   2.421307781653e-02   2.339662778381e-06  -8.261884692555e-05  -2.194711383012e+00   3.611481018096e-02   4.869483530539e-06  -2.243525916314e-04  -1.537628349119e+00   9.923410177771e-03   3.002151580809e-06  -1.687191917817e-04  -8.545461753605e-01   6.956293387130e-03   9.002987351841e-07  -5.758994247401e-05   2.233029471844e-06  -2.266421344157e-06  -2.359876458671e-02  -3.263991563733e-04   4.114850064236e-02  -1.787083254324e-02  -2.398234774212e-02  -3.009610850063e-02  -3.184092305679e-02  -3.738413389520e-02  -5.580322217195e-02  -1.671801153625e-01  -3.831944201317e-01   6.069776988929e-03  -2.086408380095e-08   1.685524571237e-06   1.114162395421e-02  -8.703952036605e-09   6.760801371505e-07   2.813371786643e-02   1.894647141363e-09  -2.260821262139e-07   8.956874421410e-02  -1.730735668480e-07   1.398521837301e-05   1.621464937458e-01  -3.491138038782e-07   2.818887895107e-05   3.971326477468e-01  -4.637732301330e-07   3.699607120371e-05   8.201319498374e-01  -7.779602586119e-08   9.312888367174e-06   2.232386165593e-08  -1.307578212378e-09   7.824034871314e-03  -1.848984569010e-06  -1.355155247188e-02   1.712674641732e-07  -7.664472457688e-09   3.400856860192e-02  -1.372325835158e-05  -5.890360433654e-02  -4.938496941398e-01   6.533868553144e-01  -3.720334775951e-08   6.504810421417e-06   2.826942072728e-07   7.861723342375e-08   1.537671650375e-01  -2.169948483963e-05  -2.663396203529e-01  -4.321667859280e-01  -8.681576647636e-01  -9.502796034268e-01  -6.633069806904e-01  -1.967390231545e-01  -5.159207512991e-01  -3.039839887822e-01  -4.321374504152e-01  -8.681999298059e-01  -9.503393560755e-01  -6.633237972732e-01  -1.951041975128e-01  -5.880470245527e-03   5.993737316757e-01  -4.321600114014e-01  -8.681475481094e-01  -9.502748082963e-01  -6.633056585216e-01  -1.967370078145e-01   5.217696148354e-01  -2.938074101761e-01
  -2.522491138563e-03   7.306008582058e-04  -3.693770777403e-01   1.135691736977e-06  -1.754049331236e-04   3.611481018096e-02  -1.033436079618e-01   2.686127252081e-06  -3.711022821739e-04  -2.744465324557e-03  -4.146012823380e-01   2.502108739703e-06  -2.885956959901e-04  -1.396386909211e-02  -2.355154789665e-01   1.019040099450e-06  -1.060102818935e-04  -2.610755283142e-06   7.589331589165e-06   1.021252267120e-01   3.599432175432e-04  -1.777292637973e-01  -9.144441432979e-02  -1.206221706825e-01  -1.488655758383e-01  -1.587742891902e-01  -1.782868578660e-01  -2.237274550530e-01  -3.332934279043e-01  -2.817379399996e-01   1.994153586703e-02  -2.614945565953e-08   2.188003625289e-06   5.115174331932e-02  -4.898651400356e-08   3.822069371749e-06   1.242946279265e-01  -1.097739874146e-07   8.343969288899e-06   2.605757587490e-01  -3.103883998475e-07   2.530681286148e-05   3.575842885962e-01  -4.858279363799e-07   4.046098979000e-05   3.618565803575e-01  -5.636084214909e-07   4.740050629279e-05   1.721999103665e-01  -1.871648851538e-07   9.122196016641e-06   8.757406775876e-08   6.202811049468e-10   2.976837625656e-02  -6.561677465761e-06  -5.156036391490e-02   3.282159829302e-07  -1.294168233705e-08   7.363035263942e-02  -2.692333412935e-05  -1.275300928106e-01  -1.119033982374e-01  -8.389151649336e-03   2.161305859998e-07  -2.596676350093e-05   3.406832064181e-07   2.698669521302e-08   4.970931471573e-02  -2.868689081996e-05  -8.610229829059e-02   1.390052525518e-01   1.181889038689e-01   5.935291390135e-02   1.116381362767e-02  -5.440644976696e-02  -1.653200612893e-02  -9.753245967295e-03   1.378977506263e-01   1.171685075043e-01   5.868168065233e-02   1.094245813918e-02  -5.442022347033e-02  -1.870518540980e-04   1.903902063787e-02   1.390058627275e-01   1.181896043637e-01   5.935367041378e-02   1.116413745336e-02  -5.440697314273e-02   1.671991248261e-02  -9.427581540304e-03
   1.288594383044e-07   2.029580218547e-07   1.230728088443e-06  -4.703240091008e-01  -1.138138859476e-06   4.869483530539e-06   2.686127252081e-06  -2.298563185581e-01  -2.090321213857e-06   4.738061022940e-06   2.385878741312e-06  -4.418693866367e-01  -1.126388234990e-06   2.613074341496e-06   1.166856943946e-06  -2.443690423433e-01  -3.440766776979e-07   1.276964867234e-01   2.111817389719e-01   5.389343716840e-03   8.209800211659e-06   3.101372098257e-03   9.231154225727e-08   1.014601045060e-07   1.146688913124e-07   1.671208764799e-07   2.175080504110e-07   1.303320104142e-07  -1.205827863508e-07   1.114100814339e-06   5.863834936616e-08  -1.838166313551e-03  -1.503286368336e-08  -5.607319895217e-08  -4.450810086924e-03   6.042775423119e-10  -2.592985524973e-07  -1.214104032932e-02   2.466779492618e-08   1.949445595550e-07  -3.181036351994e-02  -7.238464041490e-08   6.232536687187e-07  -5.371722087599e-02  -1.363089718322e-07   1.457724082609e-07  -9.227545810336e-02   4.116489099771e-08  -3.010762017382e-06  -1.471671062712e-01   4.689706030171e-07   1.104832259760e-02  -1.366417947151e-04  -3.538145444462e-06   2.606215066781e-08  -1.958123376925e-06   4.266597300255e-02   5.597758286972e-05   1.364507858897e-06  -2.354315924181e-08   8.314115816998e-07   1.969316784705e-06  -2.149326702507e-06  -1.353044338589e-01   1.341198671887e-07   1.044844778735e-01   2.858015546662e-03   7.253733334397e-05  -5.167615539987e-07   4.267524050751e-05   3.767862825379e-01   3.214627278375e-01   1.833099689475e-01   5.967805236350e-02  -9.702570350219e-03  -9.554562920639e-02  -1.777580432429e-02   4.293995401770e-03   3.664729784150e-03   2.091484924292e-03   6.819820413469e-04  -1.089323180994e-04  -6.542494056012e-02   3.984951653280e-04  -3.810643701883e-01  -3.251110630817e-01  -1.853871906569e-01  -6.035216992814e-02   9.813144477338e-03  -9.623524739644e-02   1.737675339650e-02
  -5.395346023462e-06  -7.881274445846e-06  -1.846387879953e-04  -1.138250097129e-06  -4.702550818372e-01  -2.243525916314e-04  -3.711022821739e-04  -2.090321213857e-06  -2.296372125692e-01  -2.576480459434e-04  -2.760168935871e-04  -1.126217195056e-06  -4.416827454706e-01  -1.629356152604e-04  -1.169928063459e-04  -3.439778115313e-07  -2.442929399934e-01   8.210969398200e-06   6.230597212589e-03  -1.838817188048e-01   1.268041222085e-01  -1.053798756663e-01  -7.386361473648e-06  -7.860557985045e-06  -8.715022615482e-06  -1.342252886810e-05  -1.781239808435e-05  -9.362935796078e-06   1.439670721740e-05  -8.135927221713e-05  -5.310409028424e-06  -1.504448974847e-08  -1.836482865729e-03   4.450832473554e-06   6.048505370463e-10  -4.450874136463e-03   2.153606208146e-05   2.468745797953e-08  -1.214379764498e-02  -1.950223558836e-05  -7.243961664755e-08  -3.180234939041e-02  -5.756673752329e-05  -1.364229565371e-07  -5.370219362053e-02  -2.125721625947e-05   4.107907311791e-08  -9.227939917433e-02   2.059831981688e-04   4.690993002746e-07  -1.472071164709e-01   2.607368902130e-08  -4.078621032612e-06   1.234870563863e-04   1.104526486798e-02   6.493769987604e-05  -2.355140110207e-08   1.526989742315e-06  -4.250990748255e-05   4.266897563214e-02  -2.680624652781e-05  -1.417997202887e-04   1.358262663258e-04   1.342407841042e-07  -1.353009204506e-01  -5.169500894392e-07   8.426978631532e-05  -2.455460643833e-03   1.045426169209e-01  -1.480348266230e-03   2.220577493088e-01   1.893741145601e-01   1.078594343117e-01   3.503505001417e-02  -5.735289125339e-03  -1.779524231245e-02  -7.588389286950e-02  -4.377201779187e-01  -3.734789802489e-01  -2.130384873396e-01  -6.942470238892e-02   1.109239334333e-02   3.989954762072e-04  -1.061024191271e-01   2.146281488711e-01   1.830364609624e-01   1.042463365225e-01   3.385893765585e-02  -5.544140469137e-03   1.739569156955e-02  -7.519395941309e-02
  -1.990816751653e+00  -1.871367925846e+00   2.025082610482e-02   1.825902021272e-06  -7.651653562275e-05  -1.537628349119e+00  -2.744465324557e-03   4.738061022940e-06  -2.576480459434e-04  -1.212363576503e+00  -1.787533381901e-01   3.450209149727e-06  -2.430754532325e-04  -7.861610044296e-01  -1.427835940776e-01   1.201938790624e-06  -9.955558335259e-05   3.001476834549e-06  -2.153230941826e-06  -9.546891816816e-03  -3.843367802499e-04   1.685751922909e-02  -6.663643831775e-01  -8.552114524913e-01  -1.002120802241e+00  -1.032597932888e+00  -9.952785715874e-01  -9.113781747971e-01  -7.187365612853e-01  -6.671745417748e-01   3.338461424432e-02  -3.365213840214e-08   2.764023322380e-06   1.111855606282e-01  -9.979407052428e-08   7.822013085656e-06   2.219806845655e-01  -1.963059949507e-07   1.524871713674e-05   2.786475482786e-01  -2.920775822194e-07   2.390684985838e-05   3.099770429999e-01  -3.640576113248e-07   3.054046308332e-05   4.054828880222e-01  -2.629453496844e-07   2.157936805452e-05   6.421580647742e-01   4.437152792314e-07  -3.914592403893e-05   4.671404649806e-08  -1.997584538367e-09   1.646413388442e-02  -3.904691496781e-06  -2.851658251957e-02   1.766517665664e-07  -1.652707719530e-08   3.458866073584e-02  -1.430075728561e-05  -5.990734316123e-02  -5.686804040944e-01   5.191715415201e-01   3.127352439245e-07  -3.016803845772e-05   1.123774195278e-07   9.501714093348e-08   1.060857543369e-01  -5.828612769759e-06  -1.837535881592e-01  -4.130351825666e-01  -6.677452101886e-01  -7.725812638726e-01  -6.142720878189e-01  -1.454395311034e-01  -3.762600710366e-01  -2.217011410889e-01  -4.129973232949e-01  -6.678321313851e-01  -7.728331157942e-01  -6.144044203315e-01  -1.442879216914e-01  -4.288759610753e-03   4.371419711372e-01  -4.130308677855e-01  -6.677388893610e-01  -7.725775776964e-01  -6.142708006760e-01  -1.454381396162e-01   3.805260110906e-01  -2.142794635831e-01
  -9.248122830435e-04   1.545078324993e-03  -4.155396342166e-01   8.119424972427e-07  -1.053473030445e-04   9.923410177771e-03  -4.146012823380e-01   2.385878741312e-06  -2.760168935871e-04  -1.787533381901e-01  -6.412747904626e-01   3.025295679457e-06  -2.875034121345e-04  -2.641360711776e-01  -4.913104063705e-01   1.525408368226e-06  -1.317360614608e-04  -2.384121133783e-06   5.823446048472e-06   1.140290011987e-01   2.887070514495e-04  -1.981786616031e-01  -1.856803103828e+00  -2.379584963422e+00  -2.777618655030e+00  -2.850720853484e+00  -2.710148949332e+00  -2.408732537240e+00  -1.617017649108e+00  -1.037439381686e+00   6.724334510203e-02  -7.524404286969e-08   5.782550710317e-06   2.273042328466e-01  -2.773733848422e-07   2.177366227163e-05   4.366430424332e-01  -5.539694633544e-07   4.377158258883e-05   4.879433228123e-01  -6.006827669174e-07   4.699333102185e-05   4.723346009566e-01  -5.758010477942e-07   4.501385365648e-05   3.514450546453e-01  -3.998011830768e-07   3.195522789528e-05   1.238412364823e-01   6.449618211452e-08  -7.005603021166e-06   9.692007927850e-08  -1.284411894321e-09   2.015224395791e-02  -7.256129091402e-06  -3.490450915043e-02   2.055293462997e-07  -1.860453712225e-08   3.225561704866e-02  -1.730003285306e-05  -5.586611653762e-02  -4.706439772834e-01  -4.288298289857e-03   3.744333721330e-07  -3.265650221716e-05   1.950638655578e-07   1.513246825355e-08   3.387803470003e-02  -1.932757127038e-05  -5.867944147324e-02   1.271484983943e-01   7.894727527753e-02  -7.181514844395e-02  -1.748056691351e-01  -1.717081756109e-02   4.862182090981e-02   2.864168397905e-02   1.261652108294e-01   7.815121766673e-02  -7.259368498761e-02  -1.752088591423e-01  -1.760394708782e-02   5.495330720401e-04  -5.602504541364e-02   1.271492200604e-01   7.894842508878e-02  -7.181319404186e-02  -1.748045620926e-01  -1.716952930688e-02  -4.917344344749e-02   2.768277123371e-02
   8.741227232466e-08   1.220590927186e-07   9.501612743541e-07  -4.772069963551e-01  -5.635552358537e-07   3.002151580809e-06   2.502108739703e-06  -4.418693866367e-01  -1.126217195056e-06   3.450209149727e-06   3.025295679457e-06  -2.641300330423e-01  -5.403477704899e-07   2.197503064780e-06   1.670140087756e-06  -1.634186137727e-01  -1.448238780648e-07   8.947112892769e-02   1.689117540671e-01   4.310797357282e-03   6.300464565098e-06   2.481244311157e-03   1.672274805786e-06   2.129583243045e-06   2.478235341410e-06   2.573093716986e-06   2.468950994720e-06   2.111212870467e-06   1.178633163885e-06   1.718866861488e-06  -2.348862106916e-08  -2.510633341598e-02  -1.432467266110e-08  -2.800204535552e-07  -7.975164512994e-02   6.932287906844e-10  -6.364648959507e-07  -1.570840132039e-01   2.363021640784e-08  -2.736615556710e-07  -2.021403647441e-01  -7.291967058950e-08   1.307027713201e-07  -2.203306145880e-01  -1.417283872022e-07  -8.084501582770e-08  -2.003457320005e-01   1.593858433288e-08  -2.464051684215e-06  -1.594164290727e-01   5.480013015682e-07   4.417085955868e-02  -8.999006501556e-05  -2.406908519027e-06   1.904386449857e-08  -1.253297495526e-06   7.332311910728e-02  -1.172475623645e-04  -3.075909390855e-06  -1.308121202089e-08  -1.725992394601e-06   2.013590563841e-06  -1.660098643454e-06  -1.202460044890e-01   2.476565680293e-07   6.259849515759e-02   2.003560099808e-03   5.096004198115e-05  -4.425457283118e-07   2.990945515936e-05   3.320497649282e-01   2.282023128965e-01   1.052739257279e-01   4.262689918857e-02   5.367175159971e-02   8.613724301684e-02   7.756311726163e-02   3.784263546698e-03   2.601752458979e-03   1.201885617483e-03   4.874592502629e-04   6.076037811872e-04  -4.553497293002e-02  -1.743898184005e-03  -3.358201097706e-01  -2.307932328466e-01  -1.064665939427e-01  -4.310804397561e-02  -5.428045583401e-02   8.914273771931e-02  -7.581727824717e-02
  -4.846717028949e-06  -6.498868239601e-06  -1.200287447718e-04  -5.637611852490e-07  -4.771560740456e-01  -1.687191917817e-04  -2.885956959901e-04  -1.126388234990e-06  -4.416827454706e-01  -2.430754532325e-04  -2.875034121345e-04  -5.403477704899e-07  -2.639312646333e-01  -1.804392012813e-04  -1.440659411909e-04  -1.448008060576e-07  -1.633275337848e-01   6.301253527064e-06   4.982869924925e-03  -1.470690809649e-01   8.875964480542e-02  -8.428967225869e-02  -1.312161341705e-04  -1.668454977383e-04  -1.940126636157e-04  -2.019801232757e-04  -1.942060298913e-04  -1.646669957054e-04  -8.774641135651e-05  -1.369383555581e-04   1.081545104818e-06  -1.433156361917e-08  -2.510489298582e-02   2.200684124831e-05   6.935920092361e-10  -7.975171162991e-02   5.119146540134e-05   2.364193564034e-08  -1.570863816958e-01   1.702581490244e-05  -7.295207479731e-08  -2.021331146477e-01  -1.957093900308e-05  -1.417962857396e-07  -2.203166223949e-01  -1.819283881383e-06   1.588298451320e-08  -2.003470772286e-01   1.956888412636e-04   5.480562924965e-07  -1.594533678967e-01   1.905064311527e-08  -2.806988959731e-06   8.909216622434e-05   4.416884325749e-02   4.081782247524e-05  -1.308637432094e-08  -3.637082349159e-06   1.105084754888e-04   7.332479127867e-02   6.108920703076e-05  -1.690268365303e-04   1.365526546753e-04   2.476993562963e-07  -1.202382383789e-01  -4.426500898925e-07   5.929768557431e-05  -1.732004203516e-03   6.264377242864e-02  -1.040581143397e-03   1.956834959972e-01   1.344250438569e-01   6.187802621440e-02   2.497307843745e-02   3.160875252015e-02   7.754487721401e-02   1.634605860907e-04  -3.857478815335e-01  -2.651514103487e-01  -1.224137496985e-01  -4.963644975194e-02  -6.193226920558e-02  -1.743522496785e-03   1.321461576481e-01   1.891363680014e-01   1.299266729146e-01   5.980373994370e-02   2.413322555562e-02   3.055036212306e-02  -7.579941388602e-02  -2.842018680752e-03
  -8.390009444167e-01  -8.019338383802e-01   1.603022964994e-02   8.980453402469e-07  -4.586129403090e-05  -8.545461753605e-01  -1.396386909211e-02   2.613074341496e-06  -1.629356152604e-04  -7.861610044296e-01  -2.641360711776e-01   2.197503064780e-06  -1.804392012813e-04  -5.603060720247e-01  -2.491003207800e-01   9.534988446411e-07  -8.896809957041e-05   2.030986753723e-06  -1.201242684096e-06   1.453120074237e-03  -2.413672646129e-04  -2.312304351361e-03  -1.051280039021e+00  -1.348554999854e+00  -1.576315160552e+00  -1.618219810557e+00  -1.544179924886e+00  -1.390967925735e+00  -1.012957014250e+00  -7.752331877778e-01   1.513005123495e-02  -1.238083488765e-08   1.187428874735e-06   5.289336518251e-02  -4.834225004152e-08   3.791430440368e-06   1.072600770948e-01  -1.029049883836e-07   7.789024607029e-06   1.314052776805e-01  -1.240274468712e-07   1.110501223580e-05   1.468498356334e-01  -1.354080616222e-07   1.343532966124e-05   2.072395295146e-01  -2.876901817965e-08   4.360286041500e-06   3.496590239585e-01   4.701206411984e-07  -4.279128328916e-05   1.052742912464e-08  -2.964010663221e-09   1.936873698353e-03  -1.194517884855e-06  -3.354513885999e-03   5.352486656327e-08  -1.088461504172e-08   7.846946604292e-03  -4.315317520363e-06  -1.358998167993e-02  -5.127133052202e-01   2.804259899886e-01   3.548882175876e-07  -3.629371058336e-05   7.072591532265e-09   6.840425645228e-08   5.665104745825e-02   3.481959074013e-06  -9.812751048422e-02  -2.775673044287e-01  -4.131875031043e-01  -4.917798484669e-01  -4.287907756687e-01  -8.146908379697e-02  -2.137105563658e-01  -1.259257988168e-01  -2.775346363626e-01  -4.132568468857e-01  -4.920911487928e-01  -4.289915517489e-01  -8.082529948070e-02  -2.435944882194e-03   2.482867165941e-01  -2.775655586251e-01  -4.131844327346e-01  -4.917774165316e-01  -4.287897281687e-01  -8.146861434350e-02   2.161343718975e-01  -1.217108510859e-01
  -3.087287245376e-04   1.159613647347e-03  -1.472955907733e-01   4.547599803376e-07  -4.709967881115e-05   6.956293387130e-03  -2.355154789665e-01   1.166856943946e-06  -1.169928063459e-04  -1.427835940776e-01  -4.913104063705e-01   1.670140087756e-06  -1.440659411909e-04  -2.491003207800e-01  -3.776019873885e-01   1.008249183698e-06  -8.195554045544e-05  -9.690774112317e-07   2.129633195173e-06   5.116425207000e-02   1.094333965271e-04  -8.887191389611e-02  -1.606633942534e+00  -2.060320534061e+00  -2.405657992195e+00  -2.466096988187e+00  -2.342966070444e+00  -2.092086251553e+00  -1.442407493448e+00  -9.318500983004e-01   2.994436186379e-03  -2.472545768295e-08   1.913381161781e-06   1.152128390440e-02  -7.342494519074e-08   5.780473478855e-06   2.289962475075e-02  -1.434427295807e-07   1.139742894161e-05   2.386151751733e-02  -1.926755401588e-07   1.514467756802e-05   2.503618167846e-02  -2.165023861205e-07   1.704617784973e-05   3.025619856090e-02  -1.672021146492e-07   1.365682659468e-05  -8.970018934376e-03   1.180635750170e-07  -8.854846357037e-06   1.683999116687e-08  -3.186513626991e-09  -2.878372422896e-03  -1.338296247439e-06   4.985848885496e-03  -8.282081077458e-09  -1.160965639413e-09  -3.677415060152e-03   5.390625045746e-07   6.369784936563e-03  -4.230532354638e-01  -2.795150568617e-02   3.009678123814e-07  -2.373049488843e-05  -2.181927991116e-08   2.095381187234e-08   1.079830710191e-02   5.234663832903e-07  -1.870465145697e-02   6.380413321703e-02   4.553937508948e-02  -7.564441465737e-02  -1.782716740626e-01  -2.801760073529e-02   2.915018917874e-02   1.716824595424e-02   6.331856686696e-02   4.508529160646e-02  -7.614424827604e-02  -1.785558320585e-01  -2.825642001589e-02   3.296632793551e-04  -3.360285679382e-02   6.380474647389e-02   4.554014930047e-02  -7.564300467941e-02  -1.782707808032e-01  -2.801676998167e-02  -2.948110976971e-02   1.659357517272e-02
   3.325380513203e-08   3.674892824794e-08   3.636406081726e-07  -1.802034087782e-01  -1.753930463557e-07   9.002987351841e-07   1.019040099450e-06  -2.443690423433e-01  -3.439778115313e-07   1.201938790624e-06   1.525408368226e-06  -1.634186137727e-01  -1.448008060576e-07   9.534988446411e-07   1.008249183698e-06  -3.400587132770e-02  -4.094293060232e-08   2.763402893385e-02   6.470820792037e-02   1.651463166935e-03   2.342551180258e-06   9.506533693932e-04   1.442913650393e-06   1.846398837174e-06   2.153774964253e-06   2.216926527593e-06   2.113153208287e-06   1.859007423772e-06   1.201232706303e-06   1.165365477535e-06  -1.694507337550e-09  -2.273285653444e-02  -6.161742790406e-09  -7.377557951333e-08  -6.895687079527e-02   2.932413099776e-10  -1.782861393191e-07  -1.343680286423e-01   1.006323223075e-08  -5.589495320620e-08  -1.817727867378e-01  -3.276994344836e-08   7.720250749349e-08  -2.059795724604e-01  -6.508251083210e-08  -2.677211663254e-08  -1.921910733539e-01  -2.574720496380e-09  -9.210565127676e-07  -1.126873315994e-01   2.517185793150e-07   1.169895370827e-02  -2.363539063219e-05  -6.337019579490e-07   5.211989909543e-09  -3.345559937629e-07   2.291295267283e-02  -1.340032674373e-04  -3.411879224367e-06   1.481920372296e-09  -2.013897959914e-06   1.056366817313e-06  -5.861740590768e-07  -3.863761342538e-02   1.330051318815e-07   3.657594173331e-02   6.156151912636e-04   1.570277408076e-05  -1.641293557021e-07   9.174078714979e-06   1.642286506566e-01   1.293927336827e-01   4.273258276147e-02   6.596865461024e-03   3.176394594979e-02   3.055989755624e-02   4.526366435930e-02   1.871703192243e-03   1.475144983135e-03   4.880063358456e-04   7.595866970926e-05   3.595851962893e-04  -4.627769156084e-02  -1.017536383483e-03  -1.660939897812e-01  -1.308622654476e-01  -4.321688859011e-02  -6.670451991899e-03  -3.212455457723e-02   3.231472041997e-02  -4.424541796428e-02
  -2.077035765274e-06  -2.274728106839e-06  -4.109435771400e-05  -1.754962149395e-07  -1.801814230751e-01  -5.758994247401e-05  -1.060102818935e-04  -3.440766776979e-07  -2.442929399934e-01  -9.955558335259e-05  -1.317360614608e-04  -1.448238780648e-07  -1.633275337848e-01  -8.896809957041e-05  -8.195554045544e-05  -4.094293060232e-08  -3.395713688631e-02   2.342865419913e-06   1.908788666600e-03  -5.634088305622e-02   2.736454767434e-02  -3.229003937690e-02  -1.131566333489e-04  -1.446963311883e-04  -1.687263604894e-04  -1.738968084759e-04  -1.659231173853e-04  -1.453328261412e-04  -9.186281645498e-05  -9.355384699193e-05  -2.442403355856e-07  -6.163855585333e-09  -2.273231502859e-02   5.810168056276e-06   2.933662136758e-10  -6.895689428134e-02   1.462493320600e-05   1.006688809858e-08  -1.343689019853e-01   2.164575245113e-06  -3.277963580967e-08  -1.817699097668e-01  -1.082420496064e-05  -6.510280678318e-08  -2.059739388057e-01  -2.065090763646e-06  -2.589784309659e-09  -1.921913037910e-01   7.927940137625e-05   2.517362388875e-07  -1.127023221925e-01   5.214338518073e-09  -7.466136822277e-07   2.368694271672e-05   1.169849157497e-02   1.113367626049e-05   1.479820863502e-09  -3.985136001380e-06   1.160564895632e-04   2.291286152438e-02   7.119271405347e-05  -9.270246751758e-05   5.701048463146e-05   1.330128134383e-07  -3.863146054696e-02  -1.641656833115e-07   1.829866240852e-05  -5.367562514783e-04   3.659147903909e-02  -3.192477251539e-04   9.677965403218e-02   7.622615273526e-02   2.511223844243e-02   3.815289100566e-03   1.871076774975e-02   4.525698810329e-02  -1.960624693127e-02  -1.907879358557e-01  -1.503445405774e-01  -4.971101575267e-02  -7.726977777086e-03  -3.665022260226e-02  -1.017412278429e-03   5.740767768387e-02   9.354190414944e-02   7.367562952728e-02   2.427033074849e-02   3.685465711540e-03   1.808457248797e-02  -4.423886589732e-02  -2.136007533202e-02
   4.384624853447e-08   1.040347213831e-07  -1.009998122284e-06   5.718926270009e-02   3.486539621955e-06   2.233029471844e-06  -2.610755283142e-06   1.276964867234e-01   8.210969398200e-06   3.001476834549e-06  -2.384121133783e-06   8.947112892769e-02   6.301253527064e-06   2.030986753723e-06  -9.690774112317e-07   2.763402893385e-02   2.342865419913e-06   1.397346640353e+00  -8.417364169934e-02  -2.141724065673e-03  -6.709370128294e-06  -1.235007713190e-03   9.915128804436e-08   1.293768029185e-07   1.632234518060e-07   1.872264955226e-07   2.362294809793e-07   2.973840089868e-07   2.683081375653e-07   3.739285068434e-07  -1.054500602840e-08  -3.416346581113e-03  -1.401346603854e-08  -7.878757807179e-08  -5.672876884874e-03   6.904576576602e-10  -2.514251339737e-07  -1.708385696640e-02   2.391612958133e-08  -3.560588751629e-07  -5.916732850547e-02  -6.884410347061e-08  -3.116272233856e-07  -9.555447118034e-02  -1.408861291211e-07  -1.045929968553e-07  -8.364814726843e-02  -6.072886646604e-08  -9.177016234110e-07  -3.260588337047e-02   6.456311635019e-07   2.370004708263e-02   1.424115067870e-05   2.525006920708e-07   1.228929679886e-08   3.353907345059e-07   7.564436331111e-02  -2.860447256673e-05  -9.624045066715e-07   8.112927175098e-10  -2.243539652594e-07   8.750570718335e-07  -1.477918739831e-06  -8.045825421918e-03   9.316200786533e-07   3.121610350640e-03  -1.504211622086e-04  -3.725417898187e-06  -2.934027224924e-07  -2.392824816304e-06  -1.579333021168e-02  -3.152747432153e-02  -3.313377410039e-02  -7.746343905355e-03  -1.529308966909e-01   2.227355540641e-01   1.873187880699e-01  -1.786020729213e-04  -3.554605675410e-04  -3.724086882967e-04  -8.583187572185e-05  -1.766266884220e-03  -9.425802658849e-02  -4.173695437791e-03   1.597486325645e-02   3.188562983428e-02   3.351272185689e-02   7.837147990346e-03   1.546584619970e-01   2.299995409617e-01  -1.831066123383e-01
  -5.659733147925e-08  -9.849813016150e-08   2.979592352880e-06   8.984085863725e-02   2.650875857031e-03  -2.266421344157e-06   7.589331589165e-06   2.111817389719e-01   6.230597212589e-03  -2.153230941826e-06   5.823446048472e-06   1.689117540671e-01   4.982869924925e-03  -1.201242684096e-06   2.129633195173e-06   6.470820792037e-02   1.908788666600e-03  -8.417364169934e-02   1.334622118781e+00   1.884036830198e-05  -2.470460157335e-03   6.678936517497e-06   2.363952526037e-09  -1.386469379619e-09  -4.282371479217e-09   4.594230186619e-09   1.074063928159e-08  -1.110166454116e-08   5.179327568959e-08   5.498844922203e-07  -1.241687276287e-09  -3.212516810771e-04  -9.464827623826e-06   4.504990734515e-10   1.418223043962e-05   4.353968048453e-07   5.316367576412e-09   5.355838453821e-04   1.584374964600e-05  -6.076891549005e-09  -1.588745518458e-03  -4.672212957384e-05  -6.104377788645e-08  -3.178245702072e-03  -9.352237620201e-05  -6.229794712058e-07   1.193709861531e-04   4.062451667098e-06  -8.046630795261e-07   2.445980728514e-02   7.228777044371e-04   4.278709387818e-04  -2.046816395809e-03   1.712305708497e-09   1.256764071871e-05  -1.626393206927e-08  -2.885632994520e-04  -8.978587621762e-03  -1.656686589716e-08  -8.691212306549e-06   3.272648005799e-08   5.641926158675e-08   7.452229405210e-07   2.939229798796e-02   8.676236714436e-04  -9.794687045273e-03  -1.689525341129e-02  -1.073386635828e-07  -2.894568443049e-04   6.100559322758e-07  -2.377238401175e-02  -5.397845605206e-02  -6.029356148680e-02  -1.690449711525e-02   1.847148752559e-01   3.390118932676e-01   8.256720259656e-03   5.336522490308e-04   1.212218664356e-03   1.353447172220e-03   3.788497563474e-04  -4.115008506304e-03   3.406952611684e-01   1.001875897403e-02   2.324191120006e-02   5.276426155153e-02   5.893662278330e-02   1.652305816896e-02  -1.805612564830e-01   3.389718455138e-01   1.171826769000e-02
  -1.349888312088e-03  -2.323607073232e-03   3.820712694330e-02   2.292679904343e-03  -7.823584828803e-02  -2.359876458671e-02   1.021252267120e-01   5.389343716840e-03  -1.838817188048e-01  -9.546891816816e-03   1.140290011987e-01   4.310797357282e-03  -1.470690809649e-01   1.453120074237e-03   5.116425207000e-02   1.651463166935e-03  -5.634088305622e-02  -2.141724065673e-03   1.884036830198e-05   1.333275769457e+00   7.263632373181e-02   6.338084451483e-04   3.163974529031e-02   4.189134911844e-02   5.305477994642e-02   5.914979641430e-02   7.354269244165e-02   1.000578254996e-01   1.170938311765e-01   7.784133167686e-02  -6.523720313100e-03  -8.188312102118e-06   2.788208072821e-04  -2.325510768972e-02   3.928397254937e-07  -1.502863890177e-05  -6.849958007993e-02   1.376187088667e-05  -4.744243732580e-04  -1.257084100936e-01  -4.034995688524e-05   1.366131940684e-03  -1.367677163919e-01  -8.085675952969e-05   2.744485641034e-03  -5.608224065839e-02   3.374357788109e-06  -1.365083501695e-04  -2.383505875664e-02   6.249395638976e-04  -2.136826739642e-02   1.083097918067e-05  -7.233667935015e-09  -2.059739508398e-02  -3.649969262298e-04   3.213122568474e-02  -7.602433189311e-06   2.932261962011e-09  -4.493090544199e-02   2.728731265337e-04   6.227093476196e-02   2.761175187266e-02   9.921501658973e-03   7.504491054240e-04  -2.562321657078e-02  -2.501575134179e-04   2.233545513879e-07   1.546917144759e-02   8.551579400828e-03  -5.607811955728e-02   4.529940367954e-03   7.817978471105e-03   1.016324171790e-02   4.791992708824e-03   3.017207424213e-02   5.103001490674e-02  -2.694615074967e-01  -3.044754853488e-02  -7.164197561958e-02  -7.858469711869e-02  -2.008080316121e-02   2.998629789724e-01   9.176345072512e-03  -3.449864136066e-01   5.329097893771e-03   9.630441307776e-03   1.218783491936e-02   5.359640649501e-03   2.396904954735e-02  -3.422281187460e-02  -2.702327683716e-01
