ARMA_MAT_TXT_FN008
91 91
  -2.785192822500e+01  -2.734488516722e+01  -2.930191439800e-01   1.638158463943e-06  -9.581908242357e-05  -9.743327616090e+00  -1.352742158415e-01   7.558555610868e-07  -4.422721626937e-05  -4.443988250462e+00  -4.309086784999e-02   2.404304883802e-07  -1.408051175654e-05  -1.879686313878e+00  -1.084310389902e-02   6.044518727638e-08  -3.541793004700e-06   1.082072890784e-07  -8.196369481043e-08   9.947472326617e-03  -1.451762918967e-05  -1.722049316484e-02   0.000000000000e+00   0.000000000000e+00   0.000000000000e+00   0.000000000000e+00  -2.562640860209e-07  -4.381093009835e-05  -8.049492568003e-02  -7.266881659773e-01   0.000000000000e+00   0.000000000000e+00   0.000000000000e+00   0.000000000000e+00   0.000000000000e+00   0.000000000000e+00   3.861860585105e-06  -3.449548313307e-12   2.703808771223e-10   4.707864765236e-04  -4.172925172273e-10   3.271667142327e-08   1.245657053552e-02  -1.092999282758e-08   8.579003230605e-07   5.847870857907e-01  -5.133686492725e-07   4.037090555727e-05   2.082114493887e+00  -1.829107566035e-06   1.440598981479e-04   5.038127560815e-12   6.591293378727e-16   1.627378388764e-06  -3.948944492168e-10  -2.818702106122e-06   2.377044115069e-09   9.707239782187e-13   7.757816670769e-04  -1.863888198037e-07  -1.343693348368e-03  -1.036311977122e+00   1.472496508282e+00  -1.293555096678e-06   1.019701807474e-04   9.804387369771e-07   5.217867614840e-10   3.224134723129e-01  -7.708195391931e-05  -5.584365626796e-01  -3.096487553903e-01  -2.147719521758e+00  -2.284593321786e+00  -1.401130091222e+00  -8.142496900632e-01  -2.077364986891e+00  -1.223936864478e+00  -3.097275344784e-01  -2.147899920864e+00  -2.284660524517e+00  -1.401145175003e+00  -8.076624508314e-01  -2.368075481480e-02   2.413574283922e+00  -3.096340999905e-01  -2.147683104096e+00  -2.284580423579e+00  -1.401127269813e+00  -8.142326785448e-01   2.100892495097e+00  -1.182949655487e+00
  -2.734488516722e+01  -2.609457523510e+01  -4.070406802240e-01   2.275630316629e-06  -1.331051733026e-04  -1.090090939186e+01  -1.264797598926e-01   7.071350926899e-07  -4.136040766135e-05  -4.939734195808e+00  -3.303231953120e-02   1.847073348013e-07  -1.080265628094e-05  -2.077434927167e+00  -7.728607670474e-03   4.322107084983e-08  -2.527641803091e-06   5.393555335305e-08  -4.111458474135e-08   4.964141255122e-03  -7.252470643795e-06  -8.593631515667e-03   1.516556160619e-11   5.494795022386e-11   1.559675681049e-09   4.843276549140e-09   7.637436175899e-08   1.397123657080e-06  -8.069929621883e-02  -7.953067997476e-01  -2.433769259727e-11   2.182716524652e-17  -1.710932343140e-15  -3.554809421874e-09   3.184462801934e-15  -2.496053523806e-13  -3.978479036336e-07   3.551079872504e-13  -2.783288104030e-11   1.366741078684e-05  -1.231582575338e-11   9.662825245869e-10   7.141333459624e-03  -6.343180284207e-09   4.979339424934e-07   6.277908985300e-01  -5.557717618288e-07   4.368957362652e-05   2.301831416636e+00  -2.037332708523e-06   1.602681900818e-04  -5.521553801538e-13  -8.734048240759e-17  -1.785150901194e-07   4.327713664673e-11   3.091972131175e-07   1.976073833108e-10  -3.930748577949e-15   6.374718370620e-05  -1.550029147660e-08  -1.104133606020e-04  -1.142193820439e+00   1.628447583296e+00  -1.441516904843e-06   1.134246615754e-04   1.061077780412e-06   9.219917659020e-11   3.459632946253e-01  -8.339878001789e-05  -5.992260107118e-01  -3.175284442836e-01  -2.384523046873e+00  -2.531413864428e+00  -1.547678708086e+00  -9.142950083250e-01  -2.347373910769e+00  -1.383018220541e+00  -3.175929951714e-01  -2.384694257984e+00  -2.531474481887e+00  -1.547691903207e+00  -9.068228102996e-01  -2.675826815749e-02   2.727237216696e+00  -3.175122090577e-01  -2.384482353756e+00  -2.531399557381e+00  -1.547675596195e+00  -9.142756446039e-01   2.373958666464e+00  -1.336703229172e+00
  -2.930191439800e-01  -4.070406802240e-01  -1.564348004598e+01   7.726794372213e-07  -1.038339228719e-04  -1.086053259212e+00  -1.019777843844e+01   8.548030602448e-07  -1.138236009090e-04  -6.929784730652e-01  -3.698900734929e+00   3.691718408229e-07  -4.839027798929e-05  -3.290542506522e-01  -9.783667853094e-01   1.032792389937e-07  -1.342878262197e-05   2.450666817145e-06   1.377000631837e-06   4.024753247930e-01  -1.202540956529e-04  -6.972514683290e-01  -3.392969491927e-08  -1.217893159939e-07  -3.524877493226e-06  -1.029019298082e-05  -1.344898185941e-04  -2.943137713632e-03  -4.001882538376e-01  -1.058066337350e+00   5.254209614949e-08  -4.845422372288e-14   3.798106515113e-12   7.507796432880e-06  -6.919874534914e-12   5.423952330115e-10   6.351761648568e-04  -5.885924666276e-10   4.613286221203e-08   2.069649896702e-02  -1.929057733008e-08   1.512160128280e-06   1.961291663527e-01  -1.842593057490e-07   1.445390897206e-05   1.625775041193e+00  -1.611558757678e-06   1.265167149623e-04   1.573011792965e+00  -1.935007761167e-06   1.501921520401e-04   9.268282083703e-10   1.507059794835e-13   2.887813007038e-04  -7.264315450605e-08  -5.001838973473e-04   8.691249237609e-08   4.479438325456e-11   2.688111399981e-02  -6.813565755540e-06  -4.655945910153e-02  -5.594994107459e-01   2.558975995910e-01  -6.275760296405e-07   4.707021442754e-05   3.443553055187e-06   6.738297446039e-09   1.013933999595e+00  -2.704553154088e-04  -1.756185823898e+00   5.196171103200e-01   6.006606994080e-01  -2.682416853389e-02  -1.664662698738e-01  -9.652728551886e-01   1.388050471013e+00   8.178093776881e-01   5.150171164391e-01   5.930554899555e-01  -2.979960597466e-02  -1.671592811632e-01  -9.756727055420e-01   1.566784746355e-02  -1.596896192486e+00   5.196061416736e-01   6.006651221227e-01  -2.681881350802e-02  -1.664647308500e-01  -9.652276658825e-01  -1.403806103704e+00   7.904422444040e-01
   1.638158463943e-06   2.275630316629e-06   7.726794372213e-07  -1.539733993361e+01  -5.879663692795e-07   6.058331590214e-06   8.548030602448e-07  -9.926451351509e+00  -6.337239930980e-07   3.844723780319e-06   3.691718408229e-07  -3.582036800263e+00  -2.614750124579e-07   1.819446992456e-06   1.032792389937e-07  -9.456801957987e-01  -7.142405391430e-08  -5.772497731466e-01   3.262305685774e-02   8.351632488111e-04   1.377000631837e-06   4.788391014683e-04   3.042971533998e-14   1.092262758614e-13   3.161371974263e-12   9.230006832965e-12   1.207572929379e-10   2.660844140919e-09   4.249059909798e-07   1.537969153040e-06  -4.845422372288e-14  -1.485258694217e-09  -3.406317102491e-18  -6.928553121588e-12  -2.168329925487e-07  -4.748469112073e-16  -5.926307129351e-10  -2.422091663322e-05  -1.495737952809e-14  -1.979901985195e-08  -1.088923396393e-03   5.844027558682e-12  -1.992166297843e-07  -1.465923047875e-02   3.131191555118e-10  -2.134105267784e-06  -2.524698173478e-01   1.166276783526e-08  -3.696925248180e-06  -7.101373965638e-01   4.458013920165e-09   3.765604829189e-05   2.667067263596e-09  -2.587342780410e-10   3.545632824192e-14   5.172280468935e-10   5.297324970213e-03   4.332361710188e-07  -2.291179964634e-08  -3.867654626018e-11   5.294643484088e-08   1.371532091418e-06  -1.881952409672e-06  -5.033758126648e-01  -1.996346298253e-08   4.999526032006e-01   1.404597366565e-04   1.567240153819e-06  -2.297385305046e-08   4.432588457287e-06   1.459383951398e+00   2.317597277048e+00   8.883295052342e-01   2.053553261500e-01   1.706061189521e+00   2.670132728684e+00   2.462462015008e+00   1.663983379586e-02   2.642097311773e-02   1.012740194775e-02   2.341933738234e-03   1.929816981716e-02  -1.509245876971e+00  -5.535439092475e-02  -1.475909101379e+00  -2.343889773070e+00  -8.984132364955e-01  -2.076853263016e-01  -1.725418751240e+00   2.765562350251e+00  -2.407056173129e+00
  -9.581908242357e-05  -1.331051733026e-04  -1.038339228719e-04  -5.879663692795e-07  -1.539727531614e+01  -3.548481303446e-04  -1.138236009090e-04  -6.337239930980e-07  -9.926380545370e+00  -2.258791182017e-04  -4.839027798929e-05  -2.614750124579e-07  -3.582006741133e+00  -1.070857575658e-04  -1.342878262197e-05  -7.142405391430e-08  -9.456718623804e-01   1.377000631837e-06   9.701567449039e-04  -2.873722066858e-02  -5.773935301413e-01  -1.637165547670e-02  -2.385247171574e-12  -8.561751651277e-12  -2.478058854008e-10  -7.235017810004e-10  -9.465862353443e-09  -2.085696515034e-07  -3.275119804341e-05  -1.116048866110e-04   3.798106515113e-12  -3.406317102491e-18  -1.485258427255e-09   5.430997860027e-10  -4.748686848379e-16  -2.168329553565e-07   4.645515207652e-08  -1.496253646373e-14  -2.422091563002e-05   1.551715398719e-06   5.844295921468e-12  -1.088923928604e-03   1.557483132017e-05   3.131653559531e-10  -1.465925934232e-02   1.623140642875e-04   1.166739798108e-08  -2.524708999241e-01   2.592039852292e-04   4.484109340256e-09  -7.101373779929e-01   3.546445543385e-14  -3.272391920402e-11   2.488267520817e-08   3.765604570777e-05  -3.788761951158e-08  -3.867939770068e-11  -2.731499443108e-09   2.505852313441e-06   5.297328498598e-03  -3.738873860967e-06  -8.976209850941e-05   1.198011457377e-04  -1.994050916053e-08  -5.033733040140e-01  -2.298193663856e-08   2.724376983148e-06   5.363299874520e-05   4.999547517384e-01  -2.400994178245e-04   8.598195292862e-01   1.365371942980e+00   5.232578097252e-01   1.209088311480e-01   1.005133115937e+00   2.462357323789e+00  -5.854660425137e-02  -1.695941893744e+00  -2.692782520946e+00  -1.032105037615e+00  -2.386331751398e-01  -1.966873277971e+00  -5.535350472122e-02   4.131928212104e+00   8.310237803743e-01   1.319671804256e+00   5.057460444487e-01   1.168610602733e-01   9.714924551073e-01  -2.406952369712e+00  -1.539874387523e-01
  -9.743327616090e+00  -1.090090939186e+01  -1.086053259212e+00   6.058331590214e-06  -3.548481303446e-04  -1.697640073755e+01  -1.733236572698e+00   8.989124851557e-06  -5.445398635230e-04  -1.243584467146e+01  -1.143151482759e+00   5.069734969271e-06  -3.242797984146e-04  -6.476447505128e+00  -3.975668668864e-01   1.608501638663e-06  -1.056701672912e-04   2.845697854539e-06  -1.647086400511e-06   2.643815702141e-01  -3.496115682864e-04  -4.577078207259e-01  -2.038055405043e-02  -2.990753976557e-02  -4.753732315269e-02  -6.410824858358e-02  -1.080321269941e-01  -2.062122707782e-01  -1.233745173804e+00  -3.270112624745e+00   4.014170628880e-03  -3.596677850362e-09   2.819163881230e-07   2.292517275511e-02  -2.049580976845e-08   1.606374899844e-06   1.223357995672e-01  -1.087017444654e-07   8.517960231834e-06   4.073060704347e-01  -3.577886292623e-07   2.803138407429e-05   9.841395245522e-01  -8.480664124648e-07   6.644996083728e-05   3.609699828336e+00  -2.911458353014e-06   2.290624604138e-04   6.908253397925e+00  -5.208556582283e-06   4.159667025683e-04   9.750518506304e-08   5.569421988434e-11   3.175690101718e-02  -7.640238651386e-06  -5.500457052196e-02   7.007557979786e-07   1.168300940656e-09   2.324615980085e-01  -5.490013828983e-05  -4.026353960225e-01  -3.878693545265e+00   4.943349499931e+00  -3.709719297464e-06   2.993282464472e-04   5.046610414275e-06   4.606741236620e-08   1.812636087720e+00  -3.970445955166e-04  -3.139581907248e+00  -2.683016434236e+00  -6.522825724495e+00  -7.237792873903e+00  -4.924004013531e+00  -2.214611549309e+00  -4.928731094149e+00  -2.903978575669e+00  -2.684368466135e+00  -6.525009732920e+00  -7.238986643934e+00  -4.924342507296e+00  -2.200237373608e+00  -5.620097076858e-02   5.728133907790e+00  -2.682957569931e+00  -6.522745597118e+00  -7.237755170782e+00  -4.923993968453e+00  -2.214595471476e+00   4.984633379901e+00  -2.806777007130e+00
  -1.352742158415e-01  -1.264797598926e-01  -1.019777843844e+01   8.548030602448e-07  -1.138236009090e-04  -1.733236572698e+00  -1.488956656730e+01   2.891679708551e-06  -3.436592272076e-04  -2.083166322081e+00  -9.794504021708e+00   2.568873235086e-06  -2.722771987304e-04  -1.320844235729e+00  -3.440446186577e+00   9.704931402260e-07  -9.832976170740e-05   4.556717273650e-06   5.330483962618e-06   1.177160285048e+00  -1.918693096569e-04  -2.039483239586e+00  -1.033558258100e-01  -1.512665256635e-01  -2.377743387211e-01  -3.152437122220e-01  -5.027238467142e-01  -8.607763863063e-01  -3.016903645271e+00  -4.198757022420e+00   1.872258462054e-02  -1.819137567392e-08   1.425884329899e-06   1.045481948568e-01  -1.015328537770e-07   7.957717368040e-06   5.087977443935e-01  -4.948851341086e-07   3.877975271664e-05   1.448602910774e+00  -1.414241162039e-06   1.107996833415e-04   2.870812013375e+00  -2.816897495274e-06   2.206804105782e-04   6.103534581262e+00  -6.197228998977e-06   4.854583342864e-04   4.588632743648e+00  -5.639206267775e-06   4.358969602175e-04   4.090540083912e-07   2.482595010147e-10   1.207741006207e-01  -3.205228104793e-05  -2.091868983883e-01   2.435025479064e-06   4.060766340727e-09   7.162239847399e-01  -1.907620636050e-04  -1.240536667366e+00  -2.204411235965e+00   8.258838425676e-01  -1.914034785584e-06   1.412940687520e-04   1.007431370237e-05   7.102332568692e-08   2.859760845645e+00  -7.896027678934e-04  -4.953257266132e+00   1.462399071600e+00   1.323195772005e+00  -2.541559590176e-01  -7.322253660967e-01  -2.631564794886e+00   1.950499370158e+00   1.149208918341e+00   1.449630007978e+00   1.305664054302e+00  -2.631161443771e-01  -7.347243818319e-01  -2.648165721751e+00   2.201654186720e-02  -2.243985613316e+00   1.462391693745e+00   1.323211992108e+00  -2.541389084684e-01  -7.322195860461e-01  -2.631490046844e+00  -1.972659824760e+00   1.110763561187e+00
   7.558555610868e-07   7.071350926899e-07   8.548030602448e-07  -9.926451351509e+00  -6.337239930980e-07   8.989124851557e-06   2.891679708551e-06  -1.393705770224e+01  -1.493390662147e-06   9.238584132656e-06   2.568873235086e-06  -8.798383580455e+00  -8.272265682799e-07   5.343956688939e-06   9.704931402260e-07  -3.025007151469e+00  -2.468777117685e-07  -1.452471980117e+00   1.319927935070e-01   3.374363192091e-03   5.330483962618e-06   1.938782561023e-03   9.269429584240e-08   1.356631688654e-07   2.132532522852e-07   2.827568558324e-07   4.511764185348e-07   7.746788600340e-07   2.942495787700e-06   5.430911180187e-06  -1.820871919108e-08  -1.580426165692e-03  -1.277220958509e-12  -1.018605919344e-07  -9.017614782796e-03  -6.770769791413e-12  -5.000373527961e-07  -4.798958785207e-02  -4.975301426859e-12  -1.452336514610e-06  -1.588533970471e-01   4.530126399137e-10  -2.992364603901e-06  -3.791585152228e-01   4.661783659590e-09  -7.852038307722e-06  -1.315681285869e+00   9.671107510710e-08  -1.065148221336e-05  -2.410325078388e+00   2.349805196032e-07   4.310169371694e-02   3.062088190806e-06  -1.071335303852e-07   2.459922431967e-13   2.658021448539e-07   3.123739790149e-01   2.573509359790e-05  -5.454553194249e-07  -1.621687362302e-09   1.745606165795e-06   4.525064868260e-06  -5.588907402003e-06  -1.721415346676e+00   2.539148430522e-08   2.271650869252e+00   8.367121214761e-04   1.437108384759e-05  -1.610925257685e-07   1.947716648031e-05   4.101592857981e+00   5.255184079501e+00   2.504947852994e+00   6.740980906411e-01   2.694764747115e+00   2.470269492436e+00   3.480078895681e+00   4.677303748618e-02   5.991952210574e-02   2.855983734726e-02   7.687483188864e-03   3.051954290930e-02  -3.437156497779e+00  -7.824318599580e-02  -4.148103506755e+00  -5.314821895804e+00  -2.533384473671e+00  -6.817474429292e-01  -2.725362581275e+00   2.605196868251e+00  -3.401812303249e+00
  -4.422721626937e-05  -4.136040766135e-05  -1.138236009090e-04  -6.337239930980e-07  -9.926380545370e+00  -5.445398635230e-04  -3.436592272076e-04  -1.493390662147e-06  -1.393684912036e+01  -5.909354667133e-04  -2.722771987304e-04  -8.272265682799e-07  -8.798229784289e+00  -3.510700789735e-04  -9.832976170740e-05  -2.468777117685e-07  -3.024954406591e+00   5.330483962618e-06   3.910342648142e-03  -1.156381295578e-01  -1.453053797348e+00  -6.609233140833e-02  -7.265884903987e-06  -1.063402079315e-05  -1.671597334347e-05  -2.216412163429e-05  -3.536651075278e-05  -6.072910203847e-05  -2.302490205920e-04  -4.146932303425e-04   1.427298915424e-06  -1.277270380104e-12  -1.580426065593e-03   7.984415404531e-06  -6.771673929734e-12  -9.017614252396e-03   3.919719901184e-05  -4.987487120902e-12  -4.798958753921e-02   1.138571056726e-04   4.529486941785e-10  -1.588534353808e-01   2.345670797908e-04   4.661664738197e-09  -3.791589190757e-01   6.108730904867e-04   9.671492995756e-08  -1.315689895163e+00   7.897295636904e-04   2.350155476704e-07  -2.410339463354e+00   2.585155957575e-13  -3.643840534195e-08   1.366478682868e-05   4.310169380949e-02  -1.779424543703e-05  -1.621555632275e-09  -1.464260669324e-07   8.475173704639e-05   3.123741181282e-01  -1.125905375607e-04  -3.246306102537e-04   3.859846717998e-04   2.543037690788e-08  -1.721405641308e+00  -1.610991916732e-07   1.845829586554e-05  -9.443146339161e-05   2.271665401819e+00  -9.258319267729e-04   2.416524576982e+00   3.096006381010e+00   1.475495142414e+00   3.968905710310e-01   1.587628218847e+00   3.479862211804e+00  -1.385928962586e+00  -4.767141542637e+00  -6.106914902417e+00  -2.910626849234e+00  -7.833627368899e-01  -3.110563954544e+00  -7.824146592541e-02   4.536616103651e+00   2.335631720412e+00   2.992391260083e+00   1.426115659484e+00   3.836034841418e-01   1.534504401417e+00  -3.401597341394e+00  -1.520788515213e+00
  -4.443988250462e+00  -4.939734195808e+00  -6.929784730652e-01   3.844723780319e-06  -2.258791182017e-04  -1.243584467146e+01  -2.083166322081e+00   9.238584132656e-06  -5.909354667133e-04  -1.426117022742e+01  -3.112766263983e+00   8.785403037823e-06  -6.288117100753e-04  -1.034262491529e+01  -1.803784646928e+00   4.038224000992e-06  -3.023105626750e-04   3.880878644893e-06  -1.595544859642e-06   3.955533675576e-01  -4.345137443867e-04  -6.848624079725e-01  -7.448760266152e-01  -1.079249141698e+00  -1.627835694592e+00  -2.031411065564e+00  -2.709321356306e+00  -3.454256495217e+00  -5.608863422906e+00  -7.501288840627e+00   4.377929584569e-02  -3.913917880777e-08   3.067547316412e-06   2.306792924651e-01  -2.048186720185e-07   1.604829188651e-05   9.103573423993e-01  -7.963756490982e-07   6.236352777649e-05   1.961776477095e+00  -1.682534114415e-06   1.316719360660e-04   3.133597423275e+00  -2.622014536174e-06   2.050690976834e-04   6.070606393352e+00  -4.658805181066e-06   3.641913825006e-04   9.040572921960e+00  -6.117410077085e-06   4.808981650099e-04   2.348990334470e-07   1.037433444937e-09   7.912113315659e-02  -1.838744482849e-05  -1.370419046043e-01   1.098052584646e-06   1.059070272653e-08   3.870178835020e-01  -8.586785707394e-05  -6.703354881022e-01  -7.335722542302e+00   7.152974642991e+00  -4.873188744680e-06   3.854589058341e-04   4.076537486129e-06   1.399809807421e-07   1.668688333121e+00  -3.189768576786e-04  -2.890264668451e+00  -3.398863250532e+00  -7.484874761986e+00  -9.864166119779e+00  -8.162477043725e+00  -1.623011603084e+00  -2.937511760107e+00  -1.730836591418e+00  -3.400779033349e+00  -7.488683030610e+00  -9.867676257401e+00  -8.163915500141e+00  -1.615503625152e+00  -3.349966060412e-02   3.414408224871e+00  -3.398826955737e+00  -7.484815016070e+00  -9.864122305477e+00  -8.162460491998e+00  -1.623007281715e+00   2.970852572610e+00  -1.672916430132e+00
  -4.309086784999e-02  -3.303231953120e-02  -3.698900734929e+00   3.691718408229e-07  -4.839027798929e-05  -1.143151482759e+00  -9.794504021708e+00   2.568873235086e-06  -2.722771987304e-04  -3.112766263983e+00  -1.453081550604e+01   4.891651799087e-06  -4.402667384405e-04  -3.288561334339e+00  -9.013821179752e+00   2.993602374433e-06  -2.563967041882e-04   3.034289612333e-06   3.931421186395e-06   9.985984412996e-01  -1.396477647216e-04  -1.730068989992e+00  -2.074796081295e+00  -3.003766875739e+00  -4.515542729351e+00  -5.606829738171e+00  -7.359337193067e+00  -9.090470501152e+00  -1.226662002402e+01  -1.189055439717e+01   9.046456492360e-02  -1.089314070011e-07   8.537538034090e-06   4.731662263358e-01  -5.665456026797e-07   4.439095313070e-05   1.807379272595e+00  -2.148170258297e-06   1.682233372689e-04   3.658158187936e+00  -4.335097292896e-06   3.392694667706e-04   5.354684968573e+00  -6.362362363837e-06   4.976319256895e-04   7.715562314486e+00  -9.517045058172e-06   7.431937774610e-04   5.534765915555e+00  -8.777173946496e-06   6.800549166838e-04   4.664277201146e-07   2.715342773702e-09   1.022102779601e-01  -3.650769241061e-05  -1.770336086431e-01   2.016340691835e-06   2.430382921779e-08   4.476301804110e-01  -1.576501030305e-04  -7.753201516894e-01  -6.537011466612e+00   6.576217427687e-01  -3.852217845698e-06   2.926641609116e-04   5.738804932177e-06   1.821092166208e-07   1.182926676552e+00  -4.476579064321e-04  -2.048903843219e+00   1.314489929600e+00   1.505940562470e+00  -4.851312665002e-01  -1.892325960802e+00  -2.751547640356e+00   8.873776115185e-01   5.228477322987e-01   1.303125409296e+00   1.486532547793e+00  -5.016798109104e-01  -1.899173764766e+00  -2.761095698987e+00   1.001660710626e-02  -1.020934377332e+00   1.314498104697e+00   1.505965974097e+00  -4.850989070760e-01  -1.892310296249e+00  -2.751507381666e+00  -8.974669412202e-01   5.053609060144e-01
   2.404304883802e-07   1.847073348013e-07   3.691718408229e-07  -3.582036800263e+00  -2.614750124579e-07   5.069734969271e-06   2.568873235086e-06  -8.798383580455e+00  -8.272265682799e-07   8.785403037823e-06   4.891651799087e-06  -1.159223391615e+01  -5.011809104810e-07   7.362268734062e-06   2.993602374433e-06  -6.881177874012e+00  -1.531233996543e-07  -1.107500482363e+00   1.009368149250e-01   2.579998395768e-03   3.931421186395e-06   1.483265127380e-03   1.860773307018e-06   2.693923992593e-06   4.049862434788e-06   5.028984909565e-06   6.603770356191e-06   8.170134402834e-06   1.135542273899e-05   1.250715200554e-05  -1.092772491174e-07  -3.138119744273e-02  -7.625390474744e-12  -5.723001865044e-07  -1.648828665371e-01  -3.359552931178e-11  -2.204108929375e-06  -6.466601622760e-01   1.526171356638e-10  -4.549317363977e-06  -1.381630984620e+00   2.647138424811e-09  -6.887174387864e-06  -2.181951839243e+00   1.353245846849e-08  -1.170611348631e-05  -4.058612316951e+00   1.501940743437e-07  -1.432398330441e-05  -5.775263162493e+00   4.540644539488e-07   1.928177612654e-01   1.386622592832e-05  -7.707023605436e-08  -1.295258589503e-10   5.109544565683e-07   9.233798378876e-01   8.328024409987e-05   1.190567736401e-07  -4.992695319984e-09   2.652660641280e-06   8.841829466968e-06  -8.148820201091e-06  -4.554183169693e+00   1.767356545193e-07   3.685412093056e+00   1.321707991775e-03   2.620263045699e-05  -2.071522439742e-07   2.487880838716e-05   3.665925083534e+00   5.777883237321e+00   4.279486041090e+00   1.639327829144e+00   1.518018504570e+00  -4.849877309527e-01   1.580625283898e+00   4.180647775849e-02   6.588764286520e-02   4.879531271991e-02   1.869234385231e-02   1.722443984480e-02  -3.169039842371e+00  -3.554047167295e-02  -3.707537492709e+00  -5.843481426363e+00  -4.328078726279e+00  -1.657938744776e+00  -1.535262251198e+00  -4.236825140128e-01  -1.545090899495e+00
  -1.408051175654e-05  -1.080265628094e-05  -4.839027798929e-05  -2.614750124579e-07  -3.582006741133e+00  -3.242797984146e-04  -2.722771987304e-04  -8.272265682799e-07  -8.798229784289e+00  -6.288117100753e-04  -4.402667384405e-04  -5.011809104810e-07  -1.159205392686e+01  -5.511560535059e-04  -2.563967041882e-04  -1.531233996543e-07  -6.881095490442e+00   3.931421186395e-06   2.988457467149e-03  -8.835824699285e-02  -1.107946235665e+00  -5.053823134486e-02  -1.458575693198e-04  -2.111644890548e-04  -3.174506869482e-04  -3.942009208522e-04  -5.176504456349e-04  -6.404691645992e-04  -8.906654685285e-04  -9.799188855748e-04   8.565748081644e-06  -7.626377951558e-12  -3.138119684511e-02   4.486017879501e-05  -3.361180704742e-11  -1.648828639056e-01   1.727773743465e-04   1.524653366292e-10  -6.466601744988e-01   3.566582736630e-04   2.646602946214e-09  -1.381631197621e+00   5.400477639649e-04   1.353131211310e-08  -2.181952945355e+00   9.175468849172e-04   1.501915972761e-07  -4.058624798776e+00   1.110992662394e-03   4.540679081041e-07  -5.775288133977e+00  -1.294628236694e-10  -1.476099784091e-07   2.964741495404e-05   1.928177720663e-01  -2.641380875344e-05  -4.992186764814e-09  -1.394104332364e-07   1.218258971114e-04   9.233802546115e-01  -1.321419138008e-04  -6.863630915991e-04   6.197811646317e-04   1.767443307353e-07  -4.554170300340e+00  -2.071508334983e-07   2.933092256937e-05  -4.227304787204e-04   3.685429876819e+00  -1.006443170495e-03   2.159847680102e+00   3.403998202587e+00   2.520925565558e+00   9.654137199957e-01   8.943428134939e-01   1.580461906197e+00  -2.236339389696e+00  -4.260949974950e+00  -6.715228088924e+00  -4.973061862064e+00  -1.904974440526e+00  -1.755524560189e+00  -3.553925745274e-02   4.528901575481e-01   2.087570799452e+00   3.290092096412e+00   2.436567464340e+00   9.331011106894e-01   8.644211540271e-01  -1.544928736580e+00  -2.297581667546e+00
  -1.879686313878e+00  -2.077434927167e+00  -3.290542506522e-01   1.819446992456e-06  -1.070857575658e-04  -6.476447505128e+00  -1.320844235729e+00   5.343956688939e-06  -3.510700789735e-04  -1.034262491529e+01  -3.288561334339e+00   7.362268734062e-06  -5.511560535059e-04  -1.120326938399e+01  -3.027864541656e+00   5.221436690803e-06  -4.079241117666e-04   2.463545403573e-06  -8.581471030524e-07   2.672415088649e-01  -2.655035603113e-04  -4.627236412373e-01  -1.175262077766e+00  -1.701858744661e+00  -2.560800279288e+00  -3.184240061320e+00  -4.199463431061e+00  -5.241716380897e+00  -7.716289429255e+00  -9.485545739958e+00   2.084992668764e-02  -1.850350270594e-08   1.449782194419e-06   1.105465060851e-01  -9.592378163828e-08   7.508802405470e-06   4.413874351805e-01  -3.659732064052e-07   2.859319509781e-05   9.632535032134e-01  -7.579563742510e-07   5.908794045440e-05   1.559774129970e+00  -1.162714867780e-06   9.044092181123e-05   3.168805148016e+00  -2.031308008517e-06   1.571134247211e-04   5.559468422933e+00  -3.012088986067e-06   2.317580427869e-04   3.090283252830e-08   1.519650624128e-09   1.299137270442e-02  -2.404420076767e-06  -2.250183705068e-02   1.365102394653e-07   1.405409446413e-08   7.152325053887e-02  -1.054869191822e-05  -1.238830144231e-01  -9.709479232258e+00   5.995022099458e+00  -3.597469189915e-06   2.781955023973e-04   4.258368717939e-07   1.446487385607e-07   4.007532537574e-01  -3.233258788970e-05  -6.941365858316e-01  -2.184191213321e+00  -5.222602354043e+00  -8.661252791999e+00  -9.513289818852e+00  -7.353441738399e-01  -1.010078037066e+00  -5.951981320787e-01  -2.185445175172e+00  -5.225668811457e+00  -8.665493355497e+00  -9.515789267661e+00  -7.333371772532e-01  -1.151998470244e-02   1.174184333109e+00  -2.184178289577e+00  -5.222576049933e+00  -8.661223244664e+00  -9.513272501312e+00  -7.353420857700e-01   1.021545213934e+00  -5.752828083581e-01
  -1.084310389902e-02  -7.728607670474e-03  -9.783667853094e-01   1.032792389937e-07  -1.342878262197e-05  -3.975668668864e-01  -3.440446186577e+00   9.704931402260e-07  -9.832976170740e-05  -1.803784646928e+00  -9.013821179752e+00   2.993602374433e-06  -2.563967041882e-04  -3.027864541656e+00  -1.065516488347e+01   2.897132832106e-06  -2.382786541990e-04   1.071974883157e-06   1.317990475585e-06   3.750835357606e-01  -5.346995618854e-05  -6.498153601919e-01  -1.796070120840e+00  -2.600203520713e+00  -3.908595355161e+00  -4.852691546478e+00  -6.368056989478e+00  -7.868142309293e+00  -1.084609170133e+01  -1.161349733153e+01   4.690631785668e-03  -2.827075914860e-08   2.215064020470e-06   2.585778474194e-02  -1.462927099925e-07   1.145165415186e-05   1.077050300872e-01  -5.541904828839e-07   4.329998653458e-05   2.340648474146e-01  -1.133775788332e-06   8.839869007284e-05   3.566942748254e-01  -1.713914987567e-06   1.333666886456e-04   4.745375739029e-01  -2.918482867812e-06   2.260432982351e-04  -3.920323291957e-01  -3.956046443885e-06   3.038654308424e-04   3.773467586963e-09   2.228629211084e-09  -1.074605472680e-02  -2.812641640132e-07   1.861253800005e-02   2.192263853335e-09   1.886609338525e-08  -4.954756361902e-02  -5.221473961800e-08   8.581741875693e-02  -8.439034088423e+00  -2.324338800625e+00  -3.090669394461e-06   2.356402066872e-04  -1.295069909228e-07   1.288674453699e-07  -2.390981253906e-01   1.110686181558e-05   4.141201353236e-01   5.086998737387e-01   7.719070607614e-01  -1.421418460613e-01  -1.608188958508e+00  -1.199930335486e+00   1.777485121677e-01   1.047365722752e-01   5.043181097232e-01   7.623574445626e-01  -1.553002588503e-01  -1.617196399173e+00  -1.202625489444e+00   2.005886524952e-03  -2.044539531844e-01   5.087054437627e-01   7.719219856943e-01  -1.421164014012e-01  -1.608170050311e+00  -1.199920525430e+00  -1.797701834141e-01   1.012340893067e-01
   6.044518727638e-08   4.322107084983e-08   1.032792389937e-07  -9.456801957987e-01  -7.142405391430e-08   1.608501638663e-06   9.704931402260e-07  -3.025007151469e+00  -2.468777117685e-07   4.038224000992e-06   2.993602374433e-06  -6.881177874012e+00  -1.531233996543e-07   5.221436690803e-06   2.897132832106e-06  -8.245144568976e+00  -4.691378723866e-08  -3.970540926569e-01   3.430480191732e-02   8.768559550183e-04   1.317990475585e-06   5.042065760751e-04   1.610798944605e-06   2.331988765446e-06   3.505507732916e-06   4.352560638449e-06   5.714103866874e-06   7.069880430137e-06   9.935892459902e-06   1.140186280980e-05  -2.856982782990e-08  -2.716506307331e-02  -1.959357458386e-12  -1.512133060694e-07  -1.427108058237e-01  -4.981275606103e-12  -5.998645444028e-07  -5.594639855357e-01   2.051228718744e-10  -1.295685949794e-06  -1.195838204077e+00   2.095048506192e-09  -2.074867887292e-06  -1.895547947411e+00   9.113772990257e-09  -4.157445711448e-06  -3.646741242758e+00   8.229570372654e-08  -6.972970911671e-06  -6.119898143378e+00   2.741132676380e-07   5.252726279807e-02   3.933405903775e-06   2.163290450032e-08  -9.072255528928e-11   8.212087083004e-08   2.657577775723e-01   3.181742298689e-05   4.276988992076e-07  -2.599850827082e-09   6.068637627182e-07   9.453967701389e-06  -5.809927693567e-06  -6.718241630051e+00   1.529373649902e-07   1.249464245438e+00   6.760969725969e-04   1.551105479214e-05  -9.217066188434e-08   1.081061428775e-05   1.414140613285e+00   2.850717853737e+00   3.405008481473e+00   2.235528756566e+00   4.209021705491e-01  -7.557736858349e-01   3.225415208747e-01   1.612697443286e-02   3.250943837255e-02   3.882584205975e-02   2.548823172003e-02   4.785362185819e-03  -1.303836895507e+00  -7.252762936495e-03  -1.430199551672e+00  -2.883092240168e+00  -3.443678959436e+00  -2.260915950171e+00  -4.256832771734e-01  -7.432620345681e-01  -3.152918178234e-01
  -3.541793004700e-06  -2.527641803091e-06  -1.342878262197e-05  -7.142405391430e-08  -9.456718623804e-01  -1.056701672912e-04  -9.832976170740e-05  -2.468777117685e-07  -3.024954406591e+00  -3.023105626750e-04  -2.563967041882e-04  -1.531233996543e-07  -6.881095490442e+00  -4.079241117666e-04  -2.382786541990e-04  -4.691378723866e-08  -8.245091033684e+00   1.317990475585e-06   1.015624463819e-03  -3.002845223601e-02  -3.972057118289e-01  -1.717913593675e-02  -1.262632142434e-04  -1.827940273892e-04  -2.747811442070e-04  -3.411788639802e-04  -4.479118780679e-04  -5.542170332237e-04  -7.793936259305e-04  -8.959694117571e-04   2.239459372115e-06  -1.960211898134e-12  -2.716506291975e-02   1.185298858790e-05  -4.995294440369e-12  -1.427108054338e-01   4.702350643251e-05   2.049943200402e-10  -5.594640016830e-01   1.015865454815e-04   2.094603264010e-09  -1.195838369633e+00   1.627285285919e-04   9.112814816340e-09  -1.895548672030e+00   3.263873315559e-04   8.229280927807e-08  -3.646747772771e+00   5.469907977206e-04   2.741073104614e-07  -6.119912189666e+00  -9.069800163203e-11  -2.642159968516e-08   4.783783949679e-06   5.252727036584e-02  -2.687614173492e-06  -2.599642849416e-09   2.671059407332e-07   1.204117253836e-05   2.657579950175e-01  -2.118428011415e-05  -7.450740448441e-04   4.545889418107e-04   1.529321646934e-07  -6.718232986175e+00  -9.216922694423e-08   1.717793264833e-05  -4.120882313546e-04   1.249471988887e+00  -3.823690199262e-04   8.331678613774e-01   1.679495616285e+00   2.005898513943e+00   1.316774327752e+00   2.479736582935e-01   3.224817276541e-01  -1.113115632114e+00  -1.643674837371e+00  -3.313354857815e+00  -3.957070118468e+00  -2.597675961717e+00  -4.877269762214e-01  -7.252332188864e-03  -5.647112967674e-01   8.052906928116e-01   1.623301003635e+00   1.938780517430e+00   1.272710248140e+00   2.396772258042e-01  -3.152324553854e-01  -1.125611003409e+00
   1.082072890784e-07   5.393555335305e-08   2.450666817145e-06  -5.772497731466e-01   1.377000631837e-06   2.845697854539e-06   4.556717273650e-06  -1.452471980117e+00   5.330483962618e-06   3.880878644893e-06   3.034289612333e-06  -1.107500482363e+00   3.931421186395e-06   2.463545403573e-06   1.071974883157e-06  -3.970540926569e-01   1.317990475585e-06  -1.301115981869e+01  -6.478760597111e-02  -1.646783776278e-03  -5.515846957516e-06  -9.482789389294e-04   1.109159990973e-07   1.633291878194e-07   2.631923320520e-07   3.615846940986e-07   6.355736136781e-07   1.237550026709e-06   4.597844804524e-06   4.936566685945e-06  -2.664398564407e-08  -1.902733597938e-03  -1.989612618774e-12  -1.547042281748e-07  -1.136233955672e-02  -1.108941564050e-11  -8.511928270619e-07  -7.003750491662e-02  -1.733975915736e-11  -2.716206297685e-06  -2.670839966676e-01   7.718673805929e-10  -5.558936477804e-06  -6.675777360083e-01   7.783160296783e-09  -1.024872808699e-05  -1.891715605202e+00   9.834949000240e-08  -5.944362525711e-06  -1.861854697122e+00   4.554897750190e-07   7.296483583372e-02   5.553474817993e-06  -2.153132359965e-07   1.422356073686e-11   5.177871218808e-07   5.900679913141e-01   5.172369483376e-05  -1.170332940057e-06  -2.951781679661e-09   3.593164684047e-06   2.356242796308e-06  -1.939224061378e-06  -6.629904052231e-01   5.489567587141e-07   3.422771421916e+00   7.795507124190e-04   9.129167190442e-06  -1.722914159867e-07   2.127151607605e-05  -2.075301103399e+00  -9.787173819484e-01   3.003606867742e-02   5.986635998158e-02   2.955292001318e+00  -1.180136109534e+00  -1.469385109862e+00  -2.344659269439e-02  -1.100901635580e-02   3.733624442392e-04   6.872733652960e-04   3.392070618842e-02   1.300860979606e+00   3.269888564985e-02   2.098861857294e+00   9.898477435879e-01  -3.036973234014e-02  -6.054266201848e-02  -2.988773042232e+00  -1.237125542578e+00   1.436362291210e+00
  -8.196369481043e-08  -4.111458474135e-08   1.377000631837e-06   3.262305685774e-02   9.701567449039e-04  -1.647086400511e-06   5.330483962618e-06   1.319927935070e-01   3.910342648142e-03  -1.595544859642e-06   3.931421186395e-06   1.009368149250e-01   2.988457467149e-03  -8.581471030524e-07   1.317990475585e-06   3.430480191732e-02   1.015624463819e-03  -6.478760597111e-02  -1.241286855783e+01   1.453522347869e-05  -1.896257842709e-03   5.612771654628e-06   7.797363997547e-12   1.148211247934e-11   1.850849586198e-11   2.549572145493e-11   4.749628265204e-11   1.719436717115e-10   5.427798703982e-08   3.671620572744e-07  -1.993038965281e-12  -1.337618542787e-07   1.706462752513e-09  -1.161608227958e-11  -7.988012781540e-07   1.019213275428e-08  -7.472877720372e-11  -4.912042060430e-06   6.342147498979e-08  -7.460966739209e-10  -1.780036024968e-05   2.738786985068e-07  -9.899906742231e-09  -2.315710243524e-05   1.349850484921e-06  -3.217579908958e-07   1.567188584242e-03   5.270005205141e-05  -4.433350474791e-07   1.465467032743e-02   4.405137940643e-04   5.493279608382e-06  -5.334985713336e-03  -2.459628283663e-11  -7.085151709198e-08   4.365817800859e-11   4.101671190279e-05  -5.394193589001e-02  -5.371090089235e-10  -7.224036433630e-07   1.149999349903e-09  -1.597073462260e-08   5.722291426985e-07   1.606595505049e-02   4.776347805332e-04  -2.199756003963e-03  -5.667597967049e-01  -6.031637265083e-08  -7.819840485674e-05   2.673637303113e-07  -3.439462477781e+00  -2.278472804329e+00  -4.411068497588e-01  -4.881949499852e-02  -2.009117502532e+00  -2.156641656887e+00   1.323099456421e+00   7.733443788257e-02   5.122240811789e-02   9.916044323077e-03   1.097325138131e-03   4.485525359691e-02  -4.616128500710e+00  -7.216179912859e-02   3.362084548890e+00   2.227235353213e+00   4.311870984713e-01   4.772021729004e-02   1.963949960138e+00  -2.183781310389e+00  -1.514404102469e+00
   9.947472326617e-03   4.964141255122e-03   4.024753247930e-01   8.351632488111e-04  -2.873722066858e-02   2.643815702141e-01   1.177160285048e+00   3.374363192091e-03  -1.156381295578e-01   3.955533675576e-01   9.985984412996e-01   2.579998395768e-03  -8.835824699285e-02   2.672415088649e-01   3.750835357606e-01   8.768559550183e-04  -3.002845223601e-02  -1.646783776278e-03   1.453522347869e-05  -1.269189462512e+01   5.572895323072e-02   4.819983430940e-01   3.570142244557e-02   5.257194513754e-02   8.471333975872e-02   1.163727657166e-01   2.044258747052e-01   3.967971461824e-01   1.377067781670e+00   1.253679969687e+00  -8.026824264346e-03   7.192834817890e-09  -7.954769546602e-07  -4.651124502104e-02   4.159754594387e-08  -4.643870725649e-06  -2.533724768956e-01   2.257170485791e-07  -2.620652859267e-05  -7.904375455239e-01   7.227321955431e-07  -8.812286344783e-05  -1.550072659611e+00   1.970968457592e-06  -2.095674219771e-04  -2.369172801008e+00   4.573801924019e-05  -1.906420154017e-03  -7.624331356165e-01   3.790906366622e-04  -1.327415190713e-02  -2.150764594124e-07  -1.124457407447e-10  -7.518264452351e-02   2.637886861423e-05   1.209797028559e-01  -1.411838333179e-06  -1.762711198518e-09  -4.828054908900e-01   1.844907806776e-04   7.428136117729e-01   4.120414803162e-01  -3.984755162531e-02   4.119532233989e-04  -1.419218207907e-02  -6.691010323492e-05   7.141169238885e-08  -1.619472807585e+00   2.948702589032e-03   1.823345598174e+00   7.344362593093e-01   4.938574851504e-01   2.550382287141e-01   1.894570951399e-01  -3.430273876921e-01  -1.358669322296e+00   3.253628591495e+00  -4.335090556676e+00  -2.863215519114e+00  -3.943177080834e-01   1.177262734589e-01  -3.278765446304e+00  -9.104431009534e-02   1.281993276394e+00   8.499030656061e-01   5.703530815605e-01   2.698463843354e-01   1.910954358288e-01  -2.755696586702e-01   1.221359879032e+00   3.230709369647e+00
