ARMA_MAT_TXT_FN008
151 151
   3.234947364382e-01   2.818745784279e-01  -3.910594379592e-08  -1.222026892907e-07  -5.665264076140e-03  -5.321469829416e-02   1.264420256174e-08  -4.428830115316e-08  -6.171305408921e-03  -5.231226395320e-02   7.123610984120e-08   7.284975235787e-09  -9.660310705571e-03   1.185761327066e-02  -2.630928789313e-07   1.067041718857e-08  -4.702353357543e-03  -1.367867336661e-09   1.059298394016e-08   1.061279785537e-03   8.462292116633e-09  -1.269977076215e-07   1.178363290369e-03   1.869611152906e-03   4.197583541587e-03  -3.849795632886e-03  -1.790781645767e-03  -4.242292875361e-03   7.272495666376e-03  -6.670083274257e-03  -3.283658398951e-03   3.532855915853e-03   1.401772433414e-03  -1.286414122427e-03  -8.320776125919e-05  -4.242848427293e-03   6.291642443527e-04  -5.774755448412e-04  -3.997732125485e-05   1.920146999839e-03  -1.254508336769e-03   5.194766002882e-04   1.367941615337e-03  -1.663245234061e-04   1.178348987224e-03   1.869586365812e-03  -5.432863360253e-03  -1.709826511581e-03  -1.790835443867e-03  -4.242169826965e-03  -9.412833946709e-03  -2.962471833074e-03  -3.283699860633e-03   3.531968908124e-03  -1.815028637138e-03  -5.716263557707e-04  -8.324407329644e-05  -4.246747516184e-03  -8.155102359974e-04  -2.565612770372e-04  -3.965404322604e-05  -1.103741989133e-03  -5.571972704455e-04   5.194718377465e-04  -1.770503362168e-03  -1.579906608522e-03   1.178410023442e-03   1.869675427628e-03   1.235711000468e-03   5.560265585690e-03  -1.790638709128e-03  -4.242522802227e-03   2.140870271044e-03   9.633333827609e-03  -3.283514716452e-03   3.533934860456e-03   4.124656798433e-04   1.856915018973e-03  -8.308729597824e-05  -4.244187506166e-03   1.851154484370e-04   8.341757781481e-04  -3.985205865151e-05  -8.164251481074e-04   1.811841824208e-03   5.194933243391e-04   4.027193398126e-04   1.746052934200e-03   5.027479797582e-04  -3.966054371844e-04  -1.798895326201e-03   2.241488743194e-04   4.388176370111e-05   1.974211107193e-04  -1.570570607575e-04   1.431392645637e-03   1.968250498958e-03   1.478089493607e-03   6.499306977131e-04  -1.389191139197e-05   1.980067023781e-04  -3.583437267839e-05   1.431470940758e-03   1.968456268877e-03   1.478375904017e-03   6.501409023733e-04   9.643323079100e-05   1.734797562498e-04  -3.586231783376e-05   5.028764918953e-04  -3.958720729568e-04  -1.798587050311e-03   2.239815760666e-04   1.489974562549e-04  -1.366599523909e-04  -1.569951260511e-04   1.431336154181e-03   1.968131410425e-03   1.477787890948e-03   6.501054785046e-04   1.784380223682e-04  -8.696010833679e-05  -3.591414696450e-05   1.431296995638e-03   1.967929606338e-03   1.477760662099e-03   6.498937613712e-04   1.020349271854e-04  -1.703142030926e-04  -3.583826189843e-05   5.029286557921e-04  -3.955507572228e-04  -1.797943525336e-03   2.247721501019e-04  -1.928204834910e-04  -6.069695079739e-05  -1.569619055364e-04   1.431295173455e-03   1.967840635307e-03   1.477995907751e-03   6.501127996428e-04  -1.645643527779e-04  -1.110835897056e-04  -3.586827929933e-05   1.431250471060e-03   1.967845540328e-03   1.477701508144e-03   6.498000844772e-04  -1.984939985182e-04  -3.190046393700e-06  -3.591671766712e-05
   2.818745784279e-01   2.537204525063e-01  -5.388556010649e-08  -1.788025462437e-07  -8.933933321049e-03  -9.079958682703e-02   3.242135693451e-08  -6.712650960527e-08  -1.117263659448e-02  -8.632422242357e-02   1.431288940883e-07   3.365399682745e-08  -1.656106829261e-02   1.889282482954e-02  -3.877966167292e-07  -1.119577878088e-07  -7.989223958543e-03  -3.901354330704e-09   1.559458540773e-08   1.687061394373e-03   1.173316456043e-08  -2.013115279262e-07   1.893427557465e-03   3.023586808789e-03   6.958060289046e-03  -6.381548641878e-03  -2.993198278945e-03  -6.880363312688e-03   1.215867844398e-02  -1.115150583792e-02  -5.483901669244e-03   5.908027477735e-03   2.338506786500e-03  -2.146038357290e-03  -1.522687944602e-04  -6.834808941890e-03   1.005005490948e-03  -9.224549776271e-04   8.371851733738e-06   3.243390358466e-03  -2.112353587738e-03   8.593047033074e-04   2.303350901374e-03  -2.809509860432e-04   1.893401890566e-03   3.023548915651e-03  -9.005701075777e-03  -2.834266421985e-03  -2.993296346035e-03  -6.880179020860e-03  -1.573705000198e-02  -4.952864619035e-03  -5.483982437254e-03   5.906636262841e-03  -3.027883161095e-03  -9.536004577335e-04  -1.523322383040e-04  -6.840325968562e-03  -1.302468338848e-03  -4.098632482411e-04   8.831650115973e-06  -1.864368816322e-03  -9.382157948518e-04   8.592986305284e-04  -2.981188504072e-03  -2.668680744222e-03   1.893494898850e-03   3.023682160186e-03   2.048360514872e-03   9.216886152242e-03  -2.992943341715e-03  -6.880737706820e-03   3.579258355067e-03   1.610566708304e-02  -5.483623820194e-03   5.909934624551e-03   6.881065674170e-04   3.097763759955e-03  -1.520415210649e-04  -6.836016407268e-03   2.956925516802e-04   1.332257703433e-03   8.555237380431e-06  -1.379053320841e-03   3.050790516446e-03   8.593203283086e-04   6.781020773986e-04   2.949315733675e-03   8.500139524705e-04  -6.591307260131e-04  -3.096147232940e-03   3.865759933381e-04   6.994581411160e-05   3.146817373692e-04  -2.526887397472e-04   2.420148519006e-03   3.342549440003e-03   2.509749167545e-03   1.039101331103e-03  -2.802477145420e-05   3.325238838794e-04  -5.442079775468e-05   2.420285409081e-03   3.342902140742e-03   2.510170523057e-03   1.039414960596e-03   1.661984803680e-04   2.893491541126e-04  -5.446750586731e-05   8.502426465386e-04  -6.578966822004e-04  -3.095514885293e-03   3.863894367742e-04   2.374936290195e-04  -2.178269062271e-04  -2.525868754275e-04   2.420048376901e-03   3.342331468104e-03   2.509237889123e-03   1.039393742638e-03   3.020088957382e-04  -1.419715224120e-04  -5.455402828885e-05   2.419979653161e-03   3.341996099340e-03   2.509216394722e-03   1.039044627394e-03   1.675040272053e-04  -2.887084037384e-04  -5.442620444571e-05   8.503378342376e-04  -6.573354666841e-04  -3.094549240560e-03   3.875386065715e-04  -3.073431224369e-04  -9.674610300459e-05  -2.525315395860e-04   2.419972278132e-03   3.341855366451e-03   2.509509012645e-03   1.039349286025e-03  -2.740180469359e-04  -1.906169598526e-04  -5.447613816575e-05   2.419895832322e-03   3.341843600713e-03   2.509065058195e-03   1.038963260457e-03  -3.337487583404e-04  -6.784466276550e-07  -5.455756135061e-05
  -3.910594379592e-08  -5.388556010649e-08   4.058939956378e-02   1.936004731745e-08   4.817250660411e-08   1.899045057617e-07   6.573485950474e-02   2.584328992965e-08   1.719115347320e-07  -1.445424073158e-06   4.728469226382e-02  -1.186050450651e-07   8.241560743732e-07  -1.191785021344e-06  -1.414705956360e-02   7.152778367158e-08   2.656969457530e-07  -2.888295766608e-03  -1.743732644021e-08  -4.865146758024e-08  -4.905487737914e-03  -2.223082918131e-03  -5.156121478060e-03  -8.630987510754e-03  -1.437859423279e-02   1.347457859892e-02   6.379138065533e-03   2.316457777241e-02  -2.419683547508e-02   2.365849408920e-02   1.096545997416e-02   1.381741844780e-02  -1.585318554806e-02   1.086376053996e-02   2.522737256856e-03   2.892454992450e-02  -5.483267416470e-03   1.909139107655e-03   3.359845218230e-03  -4.074734614989e-03   2.333882547496e-03  -1.397327154997e-03  -2.025976291472e-03  -2.271094949766e-03   6.673633769288e-03   1.117121875001e-02  -2.429932064085e-02  -7.746154013600e-03  -8.256822093846e-03  -2.998228056202e-02  -4.161558216184e-02  -1.360058910379e-02  -1.419306860518e-02  -1.788461484592e-02  -2.385269491777e-02  -6.245791437028e-03  -3.265517053823e-03  -3.743856778811e-02  -6.889172887633e-03  -1.097629312661e-03  -4.348679801755e-03  -3.815607995837e-03  -1.341679380498e-03   1.808506473081e-03  -3.744372689701e-03  -3.434371692531e-03  -1.517818657992e-03  -2.540714638731e-03  -9.601607809475e-04  -5.728496214737e-03   1.877759223873e-03   6.818981041228e-03  -6.367341934046e-04  -1.005801796997e-02   3.227775886829e-03   4.067266044886e-03  -5.035752270208e-03  -4.617986511016e-03   7.423756929627e-04   8.515137731942e-03  -3.582170254828e-03  -8.119879752182e-04   9.883974196421e-04  -2.938643328209e-03  -9.922558540392e-04  -4.113843948987e-04   2.984849019659e-04  -2.629607937219e-03  -6.209700362478e-04  -1.219176519566e-03  -1.327708445141e-03   3.170671520669e-04  -1.981656610649e-04  -2.176437615283e-04   6.537682713021e-05   1.113311008530e-03   3.836689368331e-03   6.542710641245e-04  -3.014871157322e-03  -1.122884787837e-04  -5.906634883109e-04   1.061285660053e-04  -2.686476674638e-03  -6.499324711008e-03  -3.263363428459e-03   6.818584714490e-04  -4.029355493151e-05   1.134668223840e-04   9.724064034517e-05  -2.109141412135e-03  -4.141379856670e-03  -4.509878744778e-03   1.079588632455e-03  -7.079777072670e-04   5.119850101847e-04   2.221807488882e-04  -3.987950923701e-03  -8.100965701510e-03  -5.787499829919e-03  -2.683665707588e-03  -5.504896288927e-04   2.935817087828e-04   3.423998938503e-04  -1.357116541038e-03  -9.447277993231e-04  -3.075531676835e-03  -5.243666896767e-03  -7.199640483796e-04   8.288595368222e-04   3.485885022109e-04   2.730189880473e-03   5.361380808443e-03   5.838064219266e-03  -1.396761193688e-03  -1.084909933775e-03  -2.943184670110e-04  -2.874882598284e-04   2.875022352334e-03   4.264498761774e-03   5.133457309410e-03   5.698886854799e-03  -1.097206492703e-03  -5.278397090377e-04  -4.485704787171e-04   4.043342948850e-03   7.442762551244e-03   6.337452876859e-03   4.561275495157e-03  -9.997452117960e-04  -1.174474015657e-04  -4.458516644340e-04
  -1.222026892907e-07  -1.788025462437e-07   1.936004731745e-08   4.059138648788e-02   1.483009393634e-07   4.930415890653e-07   2.541081988844e-08   6.573775949825e-02   3.818854526635e-07  -1.215940443978e-06  -1.155088826972e-07   4.728628240857e-02   1.070183454843e-06   1.112186244953e-06   7.643260138252e-08  -1.414609249663e-02  -8.372009503651e-07   2.223668568716e-03  -4.905711772885e-03  -7.541041982593e-09  -1.777694366209e-08  -2.888979214429e-03   4.729398683614e-03   7.916709387428e-03   1.347591187851e-02  -1.204665844935e-02  -5.851136118368e-03  -2.124765605670e-02   2.366025901279e-02  -2.010214767068e-02  -1.005780993952e-02  -1.267673284855e-02   1.086611991072e-02  -1.397547309288e-02  -2.313183409869e-03  -2.653520110472e-02   1.910825634019e-03  -5.154706670683e-03  -3.079708781145e-03   3.284483879139e-03  -1.621697812371e-03   1.281482825298e-03   2.334189653723e-03  -3.145724826649e-03   2.100539238243e-03   3.516175748315e-03  -7.746944401024e-03  -2.125093176540e-03  -2.598844383436e-03  -9.437047688032e-03  -1.360165509874e-02  -2.682530484240e-03  -4.467250281070e-03  -5.630780566256e-03  -6.247456669188e-03  -5.974730744049e-03  -1.027377388895e-03  -1.178653523836e-02  -1.099285494598e-03  -3.747344187255e-03  -1.366958475210e-03   2.122980610934e-03   9.661907037249e-05   5.691823419726e-04  -1.341831422413e-03  -3.403072351821e-03  -6.830305388331e-03  -1.143345454450e-02  -5.729025712524e-03  -2.546617966564e-02   8.449893382793e-03   3.068632012612e-02  -1.005870129001e-02  -4.366311825381e-02   1.452498570659e-02   1.830577504467e-02  -4.618665590485e-03  -2.479376059405e-02   3.340111513741e-03   3.832187009621e-02  -8.120865540009e-04  -7.057194623154e-03   4.448473789795e-03   2.928025535301e-03  -3.945928778558e-03  -1.850803592334e-03  -9.924110659629e-04  -4.280832496737e-03  -2.793787191209e-03  -5.486145126613e-03  -5.974054507089e-03   1.427307679787e-03  -2.176538107644e-04  -1.129307458033e-03   2.940614806498e-04  -3.962235101006e-03  -7.141046151821e-03  -6.306948469892e-03  -4.838352179801e-03  -4.075276485045e-05  -1.060881778601e-03   4.567390190424e-04  -3.117881695370e-03  -4.843844917525e-03  -5.436017883263e-03  -5.660503174843e-03  -4.364356429870e-04  -1.133008939729e-03   4.586918053623e-04   1.934862855045e-03   3.800129646944e-03   4.137852158934e-03  -9.875163065196e-04   5.119882767554e-04  -6.193846344843e-04  -2.035394889498e-04   1.017076016481e-03   2.472149097920e-04   2.585046822930e-03   5.029937716096e-03   8.434710054739e-04  -6.230128773553e-04  -3.203640374912e-04   3.885453910385e-03   8.050105589219e-03   5.543741855487e-03   2.239148930321e-03   2.790037074109e-04  -4.533256552965e-04  -3.135599589625e-04   8.596962818118e-04   1.688730130557e-03   1.838669712293e-03  -4.373876162854e-04  -2.943106909420e-04  -2.423824132898e-04  -9.032220647372e-05   2.944801161708e-03   6.891579134983e-03   3.719023434622e-03  -1.919952051444e-04   2.201584493764e-05  -7.622016260929e-05  -1.363616596461e-04  -7.675500010901e-04  -3.207142813273e-03  -1.096009423403e-04   3.419555937905e-03  -6.673455420675e-04  -1.737642089230e-04  -1.451960821964e-04
  -5.665264076140e-03  -8.933933321049e-03   4.817250660411e-08   1.483009393634e-07   6.595834198634e-02   2.620383196451e-02   1.321911685373e-07   2.970814396437e-07   1.045376915991e-01   3.537442367472e-02   9.573010564526e-07   1.800120666316e-06   1.143472227389e-01  -3.602825458059e-02   2.137219508918e-07   7.751609922115e-07   3.388661593666e-02  -5.420454626263e-08   4.184029540123e-07  -3.057656567593e-03   2.609042943325e-07  -1.034612912629e-07   2.910345858540e-03   4.922393528971e-03   7.277298267798e-03  -6.674048120461e-03  -2.012727442947e-03  -1.380143971451e-02   1.276453865521e-02  -1.170709459020e-02  -1.867070593023e-03   3.425705537706e-03   1.413357193170e-03  -1.294787184437e-03  -4.427673264432e-03   5.681323847575e-03  -2.334500960054e-03   2.146547120933e-03  -1.871249659793e-03   3.156504477996e-03   3.154363106582e-03   5.583911573657e-03  -3.438581140562e-03  -2.730301591889e-04   2.910363032499e-03   4.922430075431e-03  -9.418863925228e-03  -2.964052715603e-03  -2.013162255981e-03  -1.380163249904e-02  -1.652135283943e-02  -5.199517683077e-03  -1.867581959367e-03   3.425909722580e-03  -1.829226818946e-03  -5.743954294893e-04  -4.427580905660e-03   5.687220374340e-03   3.025633325205e-03   9.549586362950e-04  -1.872570899345e-03  -1.814739274268e-03   1.401233682397e-03   5.583631270339e-03   4.450625502409e-03  -2.597099859503e-03   2.910393959694e-03   4.922460791036e-03   2.142294725146e-03   9.639590718888e-03  -2.012324472712e-03  -1.380129683413e-02   3.757537430499e-03   1.690835704929e-02  -1.866843945355e-03   3.423090209104e-03   4.158468827728e-04   1.871555633924e-03  -4.427975296287e-03   5.671123892521e-03  -6.866727382596e-04  -3.094088246967e-03  -1.869743834691e-03  -1.341900542528e-03  -4.555613851218e-03   5.584468579678e-03  -1.012443221816e-03   2.870064195841e-03   6.742122514125e-03   1.664522552289e-02   2.615065119349e-02   1.474819832465e-03  -2.345103685357e-05  -1.057409144624e-04  -9.100251129255e-05  -1.730086825054e-03  -6.131674401495e-03  -3.976615708180e-03  -8.179696086590e-04  -1.132921504891e-04   7.206102481840e-04  -1.551452238390e-04  -1.730191013059e-03  -6.132050481564e-03  -3.977411986195e-03  -8.191534242708e-04   4.078057867408e-04   6.048636764320e-04  -1.551265546108e-04   6.741634155164e-03   1.664434754749e-02   2.614760532552e-02   1.472376003245e-03  -7.970035398214e-05   7.326290596632e-05  -9.086814257954e-05  -1.729042915472e-03  -6.130179047671e-03  -3.974942098041e-03  -8.209165255309e-04   6.807899380391e-04  -2.623404510454e-04  -1.552342602845e-04  -1.730630575246e-03  -6.133374439265e-03  -3.977204639564e-03  -8.155581860794e-04   3.198867955585e-04  -6.557221634915e-04  -1.551533464430e-04   6.741492655254e-03   1.664424447178e-02   2.614624358343e-02   1.470296530694e-03   1.031830788619e-04   3.255048544759e-05  -9.076357541801e-05  -1.730558146675e-03  -6.133474813247e-03  -3.977432466249e-03  -8.161521507643e-04  -5.675642345263e-04  -4.585669304525e-04  -1.551856046458e-04  -1.728838463017e-03  -6.129888663398e-03  -3.974272183838e-03  -8.192084535337e-04  -7.278653219421e-04   5.070115501556e-05  -1.552858984887e-04
  -5.321469829416e-02  -9.079958682703e-02   1.899045057617e-07   4.930415890653e-07   2.620383196451e-02   2.523617652578e-01   5.733887973611e-09   2.925858351071e-07   3.814633706568e-02   2.326156800025e-01  -3.187596033436e-07   6.223282764906e-09   5.177594875072e-02  -5.087767739402e-02   9.118352008577e-07   6.143182929607e-07   2.361243220184e-02   6.579170104641e-09  -2.834327758190e-08  -4.524447345725e-03  -2.080649642090e-08   4.936904273753e-07  -4.538094679702e-03  -7.253210608165e-03  -1.834179057471e-02   1.682199575893e-02   8.526387385566e-03   1.627482091904e-02  -3.232081944897e-02   2.964332656392e-02   1.556887094396e-02  -1.639863692332e-02  -6.306932131885e-03   5.787700744051e-03   7.273460794725e-04   1.803025225392e-02  -2.717133009692e-03   2.494191811872e-03  -2.897434005760e-04  -8.716946647679e-03   5.926038560325e-03  -2.112741207908e-03  -6.461870704422e-03   7.550966025165e-04  -4.538004421119e-03  -7.253078190135e-03   2.373933317367e-02   7.471241121052e-03   8.526678302061e-03   1.627423091714e-02   4.183278870707e-02   1.316587787084e-02   1.556913339934e-02  -1.639520575247e-02   8.165905088194e-03   2.571796284746e-03   7.275706478274e-04   1.804284977929e-02   3.520835510205e-03   1.108381174601e-03  -2.908583531486e-04   5.010662345271e-03   2.632077773409e-03  -2.112750128035e-03   8.363461113829e-03   7.172343380851e-03  -4.538277656580e-03  -7.253483985908e-03  -5.399660177037e-03  -2.429619834378e-02   8.525561360140e-03   1.627593623040e-02  -9.514680916255e-03  -4.281287352421e-02   1.556784641936e-02  -1.640403062814e-02  -1.855945646503e-03  -8.354573667034e-03   7.265119408781e-04   1.803052043837e-02  -7.994041314084e-04  -3.601272336359e-03  -2.900323748105e-04   3.706355702319e-03  -8.558778902733e-03  -2.112702629403e-03  -1.902368223863e-03  -7.926605665248e-03  -2.678996469234e-03   1.543047884734e-03   9.669282931045e-03  -1.032880081863e-03  -1.796196254004e-04  -8.080847053821e-04   5.556376550120e-04  -6.775868626957e-03  -9.551841233103e-03  -6.938117342918e-03  -2.711516136876e-03   6.705115647529e-05  -8.539539965261e-04   1.607035439441e-04  -6.776337694295e-03  -9.552963445407e-03  -6.939215451803e-03  -2.712363106160e-03  -4.223530862735e-04  -7.451583935746e-04   1.608366712328e-04  -2.679802510500e-03   1.539456225922e-03   9.667039909832e-03  -1.032799574318e-03  -6.098743053272e-04   5.593382161434e-04   5.553581766765e-04  -6.775598485954e-03  -9.551234453095e-03  -6.936701388391e-03  -2.712438350048e-03  -7.731234308283e-04   3.688366566886e-04   1.610704936241e-04  -6.775304233885e-03  -9.550207531286e-03  -6.936667786756e-03  -2.711197745588e-03  -4.341896422301e-04   7.386308153228e-04   1.607174024774e-04  -2.680134273438e-03   1.537790541039e-03   9.664629733770e-03  -1.035574783600e-03   7.892211969920e-04   2.484110912137e-04   5.552052715357e-04  -6.775282534927e-03  -9.549880569493e-03  -6.937208368859e-03  -2.711872760444e-03   7.061598238869e-04   4.852856497659e-04   1.608554285224e-04  -6.775081251135e-03  -9.549764562864e-03  -6.936058377481e-03  -2.711374158044e-03   8.566681470545e-04   6.617987252607e-06   1.610742285463e-04
   1.264420256174e-08   3.242135693451e-08   6.573485950474e-02   2.541081988844e-08   1.321911685373e-07   5.733887973611e-09   1.065011680370e-01   3.215823466691e-08   3.676612436736e-07  -2.608395898813e-06   7.638789694630e-02  -2.007719466724e-07   1.431803452458e-06  -1.896991641705e-06  -2.305211692443e-02   1.023012381224e-07   4.636428368613e-07  -4.719017344786e-03  -2.881370653504e-08  -7.382716940646e-08  -7.965638458375e-03  -3.632161533175e-03  -8.592383744815e-03  -1.448991459447e-02  -2.313701180327e-02   2.156638896407e-02   1.026539805646e-02   3.910052586602e-02  -3.897979086384e-02   3.793407970850e-02   1.766032405139e-02   2.348972416135e-02  -2.555568547098e-02   1.736613582973e-02   4.015628068789e-03   4.744905354133e-02  -8.999817359653e-03   3.150901875389e-03   5.410834583618e-03  -6.561797675393e-03   3.753117697935e-03  -2.251174023902e-03  -3.269908515015e-03  -3.689646537114e-03   1.112126195361e-02   1.875458181450e-02  -3.901545499948e-02  -1.239787168738e-02  -1.328709043588e-02  -5.060863299725e-02  -6.690920273300e-02  -2.180716614802e-02  -2.285866657797e-02  -3.040394800336e-02  -3.834325319842e-02  -9.984084686519e-03  -5.198036856533e-03  -6.141592104459e-02  -1.132017607566e-02  -1.811539386284e-03  -7.003325032059e-03  -6.154207299156e-03  -2.157552387825e-03   2.913640355737e-03  -6.033266569198e-03  -5.519445632914e-03  -2.529358609229e-03  -4.265401545187e-03  -1.660400348279e-03  -9.168590167370e-03   3.021667889333e-03   1.150999583777e-02  -1.203336165981e-03  -1.612702649198e-02   5.198389572568e-03   6.914394591734e-03  -8.263538730870e-03  -7.382024102376e-03   1.181652599445e-03   1.396860946848e-02  -5.862082647591e-03  -1.340163246674e-03   1.591738183927e-03  -4.774809050139e-03  -1.595646963147e-03  -6.627535924102e-04   4.680575071433e-04  -4.253581835777e-03  -8.967739007606e-04  -1.817332519729e-03  -2.164642576108e-03   4.906448574294e-04  -3.260106242999e-04  -3.484753067152e-04   1.296822319716e-04   2.004549019353e-03   6.514865926571e-03   1.079561302460e-03  -4.880492303966e-03  -1.581495293040e-04  -9.758652825496e-04   1.555883984781e-04  -4.317807947132e-03  -1.048837506466e-02  -5.308273760339e-03   1.107148601290e-03  -8.062793845735e-05   1.858696844767e-04   1.529480986882e-04  -3.045965627746e-03  -6.173378475588e-03  -7.352809734575e-03   1.670797093277e-03  -1.142270815003e-03   8.197618795613e-04   4.406853199237e-04  -6.118553259658e-03  -1.263572950257e-02  -9.393420621170e-03  -4.337456339516e-03  -9.534409524097e-04   4.391975584757e-04   5.232248017443e-04  -1.741121841404e-03  -8.632634074682e-04  -4.971421931559e-03  -8.484027997352e-03  -1.135989024145e-03   1.419015541333e-03   5.250967649147e-04   3.942990163222e-03   7.992234845787e-03   9.518323887144e-03  -2.161630747216e-03  -1.745788015162e-03  -4.712558280080e-04  -5.702486396101e-04   4.114509028808e-03   6.121029761780e-03   8.314186245958e-03   9.218635519472e-03  -1.781365809050e-03  -9.567689832152e-04  -6.788595743729e-04   6.058558648187e-03   1.134960399440e-02   1.027741310258e-02   7.375959049353e-03  -1.676362127248e-03  -1.115108903775e-04  -6.780973298552e-04
  -4.428830115316e-08  -6.712650960527e-08   2.584328992965e-08   6.573775949825e-02   2.970814396437e-07   2.925858351071e-07   3.215823466691e-08   1.065053500589e-01   7.149746453325e-07  -2.419111847698e-06  -1.949552581543e-07   7.639006728324e-02   1.828651570875e-06   1.884652546774e-06   1.161257986534e-07  -2.305050707627e-02  -1.331212160372e-06   3.633079553566e-03  -7.965981550776e-03  -3.647541893259e-09  -2.963822600175e-08  -4.720074478621e-03   7.881298873303e-03   1.329079365865e-02   2.156871506529e-02  -1.940443511452e-02  -9.415673895945e-03  -3.586488532517e-02   3.793720040193e-02  -3.241395586409e-02  -1.619841645708e-02  -2.155020574731e-02   1.737009941218e-02  -2.255379767265e-02  -3.681985227543e-03  -4.352932701011e-02   3.153719807362e-03  -8.457383643302e-03  -4.959683227966e-03   5.283635964834e-03  -2.619775758440e-03   2.064553465903e-03   3.753613851554e-03  -5.100507240290e-03   3.500459425510e-03   5.903083211518e-03  -1.239927711085e-02  -3.524693022543e-03  -4.182088356683e-03  -1.592928826963e-02  -2.180909147305e-02  -4.483259733079e-03  -7.194668462618e-03  -9.572175948551e-03  -9.986893623677e-03  -9.764261546290e-03  -1.635320446753e-03  -1.933509599050e-02  -1.814279112119e-03  -6.134683932910e-03  -2.201404480009e-03   3.456662450743e-03   1.434480791619e-04   9.170018176378e-04  -2.157804545824e-03  -5.505284388647e-03  -1.138230213673e-02  -1.919470064197e-02  -9.169493292455e-03  -4.088277749155e-02   1.359742745721e-02   5.179651048834e-02  -1.612820271735e-02  -7.019171559228e-02   2.339266729982e-02   3.111963811402e-02  -7.383158842986e-03  -3.984734774383e-02   5.316457496511e-03   6.286451951353e-02  -1.340333877046e-03  -1.159736285627e-02   7.163959816444e-03   4.722954089431e-03  -6.357362545912e-03  -2.981711971601e-03  -1.595891959731e-03  -6.885911635370e-03  -4.034513225054e-03  -8.177702377375e-03  -9.739856859787e-03   2.208766315205e-03  -3.484919487731e-04  -1.816881740779e-03   5.833623776798e-04  -5.907912715976e-03  -1.083220897773e-02  -1.022624432657e-02  -7.824461308309e-03   1.969409275815e-05  -1.770211936235e-03   6.941440441478e-04  -4.503098394923e-03  -7.053353645097e-03  -8.806215952799e-03  -9.156068623197e-03  -8.096658881457e-04  -1.847942360922e-03   6.946892840931e-04   2.794300257406e-03   5.664833715130e-03   6.746239627209e-03  -1.528136134135e-03   8.197519155861e-04  -1.000431964913e-03  -4.038070285648e-04   1.218311314155e-03  -2.267049472667e-04   4.175369286252e-03   8.138545563822e-03   1.434711863594e-03  -9.754668932009e-04  -4.819608981736e-04   5.990569752770e-03   1.260883367207e-02   8.999412452360e-03   3.618304067120e-03   4.235475578572e-04  -7.926107837024e-04  -4.797885236814e-04   1.241635428002e-03   2.517521822391e-03   2.997721390284e-03  -6.767589705531e-04  -4.712274740195e-04  -3.967983839905e-04  -1.792202244294e-04   4.689006820840e-03   1.105524343094e-02   6.046256669464e-03  -3.147660298179e-04   3.869386574672e-05  -1.474678358996e-04  -2.121561445409e-04  -1.487539813257e-03  -5.557085379182e-03  -1.962556162800e-04   5.534958792791e-03  -1.107045368437e-03  -2.525749563178e-04  -2.150035043672e-04
  -6.171305408921e-03  -1.117263659448e-02   1.719115347320e-07   3.818854526635e-07   1.045376915991e-01   3.814633706568e-02   3.676612436736e-07   7.149746453325e-07   1.657546440037e-01   5.293797259758e-02   1.641232111878e-06   3.032530697543e-06   1.810225412705e-01  -5.690346308272e-02   2.745972285971e-07   1.118337913302e-06   5.346954411399e-02  -8.211730400008e-08   6.513022386682e-07  -4.823197312419e-03   4.053016798920e-07  -1.868051596368e-07   4.743684994754e-03   8.044251330407e-03   1.184434686990e-02  -1.086247932365e-02  -3.018179674156e-03  -2.253737218592e-02   2.077377546075e-02  -1.905276043016e-02  -2.709808117422e-03   5.532819738438e-03   2.327316756892e-03  -2.132214285627e-03  -6.756405276380e-03   8.805257307788e-03  -3.681259799373e-03   3.384888913489e-03  -2.950149942445e-03   5.146746291476e-03   4.929137244487e-03   8.850049149180e-03  -5.373260663895e-03  -4.452132756507e-04   4.743720427735e-03   8.044327840658e-03  -1.532994080072e-02  -4.824242733131e-03  -3.018904392302e-03  -2.253774060968e-02  -2.688789868152e-02  -8.462038952442e-03  -2.710673655512e-03   5.533090541373e-03  -3.012193453418e-03  -9.459954715871e-04  -6.756278420698e-03   8.814430386320e-03   4.771089387773e-03   1.505876004584e-03  -2.952262082291e-03  -2.958951436407e-03   2.189612922920e-03   8.849611286183e-03   6.954707995574e-03  -4.234649594173e-03   4.743740292871e-03   8.044317917501e-03   3.486746780921e-03   1.568899804454e-02  -3.017432665561e-03  -2.253703050563e-02   6.115240602682e-03   2.751739217173e-02  -2.709277828512e-03   5.528849989439e-03   6.847592865526e-04   3.081733655188e-03  -6.756797341289e-03   8.789374298904e-03  -1.082815595708e-03  -4.879096959655e-03  -2.947713079247e-03  -2.187995516540e-03  -7.118819376792e-03   8.850915298849e-03  -1.582082105141e-03   4.679689603469e-03   1.040531211276e-02   2.588623898618e-02   4.124615872015e-02   2.334264168920e-03  -3.345404027009e-05  -1.508837772727e-04  -1.963295925610e-04  -2.619778821969e-03  -9.537839112103e-03  -6.125452032790e-03  -1.259097647007e-03  -1.799782449955e-04   1.158333774816e-03  -2.331839031593e-04  -2.619879044320e-03  -9.538340284195e-03  -6.126683935480e-03  -1.260971961352e-03   6.535834515746e-04   9.731772332431e-04  -2.331606789417e-04   1.040461121764e-02   2.588500337591e-02   4.124141169652e-02   2.330372411095e-03  -1.137127289372e-04   1.045397754974e-04  -1.961079325366e-04  -2.618093698653e-03  -9.535448171655e-03  -6.122815166904e-03  -1.263734936856e-03   1.093261177782e-03  -4.235416415776e-04  -2.333376394448e-04  -2.620607454133e-03  -9.540495755939e-03  -6.126380922372e-03  -1.255250377775e-03   5.159490879857e-04  -1.052812093163e-03  -2.332041704003e-04   1.040440820518e-02   2.588488668434e-02   4.123929364153e-02   2.327077582369e-03   1.472150392694e-04   4.644065349556e-05  -1.959402454769e-04  -2.620450945305e-03  -9.540608433866e-03  -6.126725274155e-03  -1.256160654956e-03  -9.133951546834e-04  -7.352680767729e-04  -2.332612714666e-04  -2.617795991304e-03  -9.535040178020e-03  -6.121770101143e-03  -1.261023172430e-03  -1.169821163817e-03   7.937632596114e-05  -2.334189491811e-04
  -5.231226395320e-02  -8.632422242357e-02  -1.445424073158e-06  -1.215940443978e-06   3.537442367472e-02   2.326156800025e-01  -2.608395898813e-06  -2.419111847698e-06   5.293797259758e-02   2.220258177531e-01  -1.813404005582e-06  -1.193921581060e-06   6.816126508182e-02  -3.932603983531e-02   1.616507743647e-06   2.153747512711e-06   2.896978293773e-02   7.153269839022e-08   2.097816308469e-07  -3.896400567780e-03   1.721981730768e-07   7.027298146462e-07  -5.361634448076e-04  -5.877723802999e-04  -1.799038664315e-02   1.650023240625e-02   2.924912304413e-03  -6.960982484660e-04  -3.085801290037e-02   2.830230943995e-02   6.618966429998e-03  -2.527356356711e-02  -7.165024972245e-03   6.575994933059e-03  -4.553949508982e-03   1.213099555086e-02  -2.301837858134e-03   2.115621363745e-03  -9.848579394790e-04  -7.943216717549e-03   6.200126662656e-03   4.027263589059e-05  -6.760239318070e-03   6.884264545504e-04  -5.367624555586e-04  -5.887889709912e-04   2.328606370933e-02   7.328266661827e-03   2.925918746417e-03  -6.935749260742e-04   3.994196187789e-02   1.257017084800e-02   6.620548628472e-03  -2.526843824440e-02   9.277884148135e-03   2.921918559430e-03  -4.552896893844e-03   1.214574090434e-02   2.984940623692e-03   9.409867927373e-04  -9.860368905636e-04   4.565854426693e-03   2.754090923108e-03   4.002452829360e-05   8.750014712256e-03   6.535962714017e-03  -5.355733242352e-04  -5.867582170627e-04  -5.295443082289e-03  -2.383027741425e-02   2.923253390439e-03  -6.982890060521e-04  -9.082883507785e-03  -4.087437089526e-02   6.616340976894e-03  -2.528157220615e-02  -2.107875807929e-03  -9.491758894033e-03  -4.555744904487e-03   1.212432314732e-02  -6.768196460558e-04  -3.050818899969e-03  -9.848783344673e-04   3.377541669020e-03  -8.954169805857e-03   4.068719470575e-05  -1.990254535630e-03  -7.223005974173e-03   3.213446861419e-04   7.456205547165e-03   1.770094945589e-02   2.887088767673e-04  -2.078801032819e-04  -9.355152235649e-04   2.505351942463e-04  -1.193302808965e-02  -1.810045046370e-02  -8.558616105807e-03  -2.230166232486e-03  -7.258306583744e-04  -1.244781104193e-04   2.582913930553e-04  -1.193286833297e-02  -1.810029925887e-02  -8.559168601993e-03  -2.231163166979e-03   6.047963578026e-04  -4.201562535111e-04   2.584763335603e-04   3.202230378252e-04   7.452025166620e-03   1.769720382787e-02   2.880580294501e-04  -7.060709345141e-04   6.476408610255e-04   2.503792468612e-04  -1.193128161521e-02  -1.809695505235e-02  -8.555723245811e-03  -2.232095803605e-03   2.549105217770e-04   6.906759346275e-04   2.586274174030e-04  -1.193228538798e-02  -1.809866317949e-02  -8.556918603920e-03  -2.228721215381e-03  -6.662073861892e-04  -3.134047558760e-04   2.584644702872e-04   3.196650948151e-04   7.450107852673e-03   1.769406129166e-02   2.850266820958e-04   9.138379479959e-04   2.876244715555e-04   2.503308595283e-04  -1.193168769953e-02  -1.809719222839e-02  -8.557157799909e-03  -2.229773145250e-03   4.708143141854e-04  -5.658660649857e-04   2.586514988564e-04  -1.193085107824e-02  -1.809569551158e-02  -8.555337137078e-03  -2.230681007061e-03   6.174185339581e-05   7.335035915204e-04   2.586258736517e-04
   7.123610984120e-08   1.431288940883e-07   4.728469226382e-02  -1.155088826972e-07   9.573010564526e-07  -3.187596033436e-07   7.638789694630e-02  -1.949552581543e-07   1.641232111878e-06  -1.813404005582e-06   5.597386717890e-02  -2.753532608293e-07   2.515343577311e-06  -1.361418716040e-06  -1.574787953071e-02   1.864028067308e-07   7.361821775849e-07  -3.252052827919e-03   1.377798289708e-08  -7.056996135851e-08  -5.556128445504e-03  -2.503062847784e-03  -4.311312440378e-03  -7.251914257264e-03  -1.772912906133e-02   1.635050287756e-02   8.213068549074e-03   1.989484879857e-02  -2.961842628657e-02   2.850021308398e-02   1.399443612095e-02   1.115179903764e-02  -1.933033652680e-02   1.315865447717e-02   3.793665887143e-03   3.094062507774e-02  -5.877430489796e-03   1.975268224512e-03   3.966808984255e-03  -4.906523108842e-03   2.788718334684e-03  -1.752336792220e-03  -2.435871848659e-03  -2.658005365535e-03   5.580336101932e-03   9.386544163562e-03  -2.976736425107e-02  -9.399976313005e-03  -1.063108234652e-02  -2.575102025857e-02  -5.060214866737e-02  -1.638483268386e-02  -1.811443895643e-02  -1.443457702346e-02  -2.901936495313e-02  -7.565616072562e-03  -4.911191228393e-03  -4.004780878380e-02  -7.331965788803e-03  -1.135726488105e-03  -5.134232080286e-03  -4.571610161170e-03  -1.603126949220e-03   2.268300019006e-03  -4.489045509637e-03  -4.161996248572e-03  -1.269034881469e-03  -2.134582370087e-03  -1.447948907119e-03  -6.950585333992e-03   2.417686721513e-03   5.855998298591e-03  -1.238621056559e-03  -1.211546753957e-02   4.119527406961e-03   3.282320174791e-03  -6.229191223405e-03  -5.593007645831e-03   1.116548162393e-03   9.108166161007e-03  -3.911015667318e-03  -8.399300463614e-04   1.166945486820e-03  -3.437928831103e-03  -1.185621418531e-03  -5.158484859852e-04   3.415437344589e-04  -3.121438140747e-03  -1.338216185353e-03  -2.321522847630e-03  -1.559679415184e-03   4.213949474475e-04  -2.525947781912e-04  -2.603199372095e-04  -4.380916446760e-05   1.042962567637e-03   4.127714355358e-03   1.004501481141e-03  -3.400711811564e-03  -2.025943226675e-04  -6.577530146948e-04   1.606434290278e-04  -3.817187557695e-03  -8.570396797265e-03  -3.972533053653e-03   7.210237344068e-04   5.852862398138e-05   1.581528905449e-04   1.776215929854e-04  -4.545298762419e-03  -7.885828099559e-03  -5.298760994563e-03   1.434274163718e-03  -8.624430145331e-04   6.123680670943e-04  -1.486281032084e-04  -6.394742112888e-03  -1.194141298994e-02  -6.763679562951e-03  -3.125858990301e-03  -3.501023196954e-04   4.855779660942e-04   5.804393391945e-04  -3.030893950414e-03  -3.151564330785e-03  -3.318934018005e-03  -5.979782135896e-03  -9.643913992794e-04   6.895528914224e-04   5.688234268736e-04   5.884007919713e-03   1.020922688016e-02   6.860486008742e-03  -1.855500568568e-03  -1.313291448129e-03  -3.519782033257e-04   1.924834123979e-04   5.353028866357e-03   7.815026445199e-03   5.759800509388e-03   6.526577044780e-03  -1.266469933538e-03  -2.136401927949e-04  -7.412725468301e-04   6.846317728368e-03   1.171796866133e-02   7.288887669370e-03   5.258387530761e-03  -9.133773760662e-04  -4.619644066224e-04  -7.463660166337e-04
   7.284975235787e-09   3.365399682745e-08  -1.186050450651e-07   4.728628240857e-02   1.800120666316e-06   6.223282764906e-09  -2.007719466724e-07   7.639006728324e-02   3.032530697543e-06  -1.193921581060e-06  -2.753532608293e-07   5.597511431901e-02   4.182817468608e-06   1.751507332216e-06   1.767740947337e-07  -1.574631623554e-02  -1.243498450882e-07   2.503716050154e-03  -5.556227211411e-03  -1.076059780726e-08   1.425920556988e-08  -3.252815209486e-03   3.954505020394e-03   6.651815700741e-03   1.635124224169e-02  -1.490048178117e-02  -7.534368728523e-03  -1.824879819335e-02   2.850104305235e-02  -2.468741627413e-02  -1.283778727509e-02  -1.023180796148e-02   1.316029118787e-02  -1.705669983357e-02  -3.479960962480e-03  -2.838430068572e-02   1.976733131511e-03  -5.537932834883e-03  -3.636089078358e-03   3.968267300127e-03  -1.952659902439e-03   1.607525293005e-03   2.788937067613e-03  -3.705490143674e-03   1.756401678126e-03   2.954430821352e-03  -9.400107854927e-03  -2.861088094209e-03  -3.346989477033e-03  -8.105271358169e-03  -1.638485572089e-02  -3.702428865185e-03  -5.702828503932e-03  -4.544890839563e-03  -7.566572489891e-03  -7.365758162556e-03  -1.546185292174e-03  -1.260760018811e-02  -1.137315366419e-03  -4.081671021861e-03  -1.613907288643e-03   2.466409409186e-03   1.004748447500e-04   7.141911601276e-04  -1.603181815599e-03  -4.038254293604e-03  -5.710849170382e-03  -9.606045304889e-03  -6.951160507437e-03  -3.118262827971e-02   1.087961938720e-02   2.635356157420e-02  -1.211623024670e-02  -5.306761393209e-02   1.853792660329e-02   1.477363327714e-02  -5.593651512142e-03  -3.015895436321e-02   5.023834214060e-03   4.099141131735e-02  -8.399172297519e-04  -7.505861711279e-03   5.252061127590e-03   3.507251152925e-03  -4.729888465928e-03  -2.321053229051e-03  -1.185783534251e-03  -5.172919583169e-03  -6.021520230091e-03  -1.044718803214e-02  -7.018874996618e-03   1.896733660563e-03  -2.603317779561e-04  -1.366316729031e-03  -1.972872900924e-04  -6.782731219957e-03  -1.140909393172e-02  -7.232520751570e-03  -5.571076470468e-03  -4.006717519398e-04  -1.009988353622e-03   7.631424415026e-04  -5.702490275219e-03  -8.586509170512e-03  -6.125970814712e-03  -6.487966720239e-03  -9.897911763085e-05  -1.271277271899e-03   7.593710704886e-04   4.170746975155e-03   7.237179609767e-03   4.863323648542e-03  -1.312128469241e-03   6.124243474932e-04  -7.563621761674e-04   1.367150030089e-04   2.487640188627e-03   2.127905108865e-03   2.743752396410e-03   5.730486348043e-03   7.427735818503e-04  -8.629163345122e-04  -5.208084451801e-04   6.156717306462e-03   1.171433291707e-02   6.502440464919e-03   2.618742862841e-03   4.324994006049e-04  -2.483775867180e-04  -5.335577114085e-04   1.853404307631e-03   3.216454642782e-03   2.161738542612e-03  -5.812182686917e-04  -3.520222120069e-04  -3.054300675576e-04   6.085383975339e-05   4.293053020112e-03   9.275668539302e-03   4.484163772276e-03  -1.598038446742e-04   4.347603157352e-05   5.351321391884e-05  -2.423665879074e-04  -4.544628299440e-04  -3.129622880974e-03  -3.791676292221e-04   3.866757825443e-03  -7.191719451846e-04  -2.996662257473e-04  -2.259722393970e-04
