ARMA_MAT_TXT_FN008
50 50
  -1.874494760450e+01  -1.934491418923e+01   1.248734910904e-04  -1.293141542522e-05   5.894855811947e-29  -6.745495845614e+00   5.762936740182e-05  -5.967779668436e-06   2.721348984988e-29  -3.043686164709e+00   1.834013747475e-05  -1.899129300053e-06   8.668228102780e-30  -1.282609067974e+00   4.612093221994e-06  -4.775727659356e-07   2.181133346774e-30   2.528133364088e-07   0.000000000000e+00   8.187887706019e-06   0.000000000000e+00  -1.044833921635e-05  -1.970902064699e-01  -1.453361431173e+00  -1.556197452846e+00  -9.546940932793e-01   1.704164828156e+00   4.472612465470e-03   2.055105735663e-17  -1.973664533576e-01  -1.454084460119e+00  -1.556454763799e+00  -9.547503842488e-01  -5.728326503786e-01   8.024743711131e-01   1.391791023229e+00  -1.973664533576e-01  -1.454084460119e+00  -1.556454763799e+00  -9.547503842488e-01  -5.728326503786e-01   8.024743711131e-01  -1.391791023229e+00  -1.973333524755e-01  -1.453997859997e+00  -1.556423960554e+00  -9.547436470483e-01  -5.666524282460e-01  -1.608568258992e+00   1.155814995916e-15
  -1.934491418923e+01  -1.698759461486e+01   1.734659427333e-04  -1.796346678977e-05   8.188702829408e-29  -7.086909698609e+00   5.390249625587e-05  -5.581941709955e-06   2.544479704566e-29  -3.235404316042e+00   1.407901337852e-05  -1.457975622550e-06   6.645380369586e-30  -1.364215348334e+00   3.294358075941e-06  -3.411536588116e-07   1.554835214403e-30   1.267634945584e-07   0.000000000000e+00   4.087491226279e-06   0.000000000000e+00  -5.215488221786e-06  -2.104403518838e-01  -1.549532828961e+00  -1.655294008858e+00  -1.015381536650e+00   1.858716352663e+00   4.878425954690e-03   5.185465516839e-17  -2.107465545520e-01  -1.550296890776e+00  -1.655565393080e+00  -1.015440831743e+00  -6.247742721312e-01   8.752354540305e-01   1.517985395592e+00  -2.107465545520e-01  -1.550296890776e+00  -1.655565393080e+00  -1.015440831743e+00  -6.247742721312e-01   8.752354540305e-01  -1.517985395592e+00  -2.107098323907e-01  -1.550205334223e+00  -1.655532880410e+00  -1.015433728428e+00  -6.180350059290e-01  -1.754421807036e+00   2.924244662316e-15
   1.248734910904e-04   1.734659427333e-04  -6.372491785366e+00   1.813026307265e-06   0.000000000000e+00   4.621664944081e-04  -4.287536716588e+00   1.956792671974e-06   0.000000000000e+00   2.937515713352e-04  -1.615298918976e+00   8.088530782033e-07   0.000000000000e+00   1.391320305026e-04  -4.342620783972e-01   2.211308693383e-07   0.000000000000e+00  -2.554704528138e-04   0.000000000000e+00   1.923012073423e-02   1.257640850843e-28  -3.315617811047e-02  -8.636715864286e-01  -1.290301157790e+00  -4.986425298506e-01  -1.161458143369e-01   2.095062806438e+00   7.305765573472e-03  -7.648725756135e-16   2.903493759098e-01   4.336391020778e-01   1.676796157086e-01   3.914271401252e-02  -3.760520579718e-01  -4.403202178700e-01  -7.636842000344e-01   2.903493759098e-01   4.336391020778e-01   1.676796157086e-01   3.914271401252e-02  -3.760520579718e-01  -4.403202178701e-01   7.636842000344e-01   2.872156610658e-01   4.289915017804e-01   1.658894233993e-01   3.872602945394e-02  -3.826817926538e-01   8.732400680501e-01   1.438401538479e-14
  -1.293141542522e-05  -1.796346678977e-05   1.813026307265e-06  -6.372342411610e+00   0.000000000000e+00  -4.785724323533e-05   1.956792671974e-06  -4.287372480337e+00   0.000000000000e+00  -3.041374114007e-05   8.088530782033e-07  -1.615228786472e+00   0.000000000000e+00  -1.440394798308e-05   2.211308693383e-07  -4.342425767957e-01   0.000000000000e+00   2.249612375303e-02   1.257640850843e-28  -2.719027478008e-02   0.000000000000e+00  -1.590797051108e-02  -2.268616330596e-03  -3.399668568844e-03  -1.325465241724e-03  -3.159055872184e-04   7.321642591129e-03  -6.897445968611e-01  -2.007713612485e-18  -4.067177931276e-01  -6.072932757079e-01  -2.346822823734e-01  -5.469579495565e-02  -4.402399441361e-01  -7.360344225198e-02   1.069682168018e+00  -4.067177931276e-01  -6.072932757079e-01  -2.346822823734e-01  -5.469579495565e-02  -4.402399441362e-01  -7.360344225191e-02  -1.069682168018e+00   8.152605441345e-01   1.217370307958e+00   4.704224901614e-01   1.096185326820e-01   8.730636448464e-01   1.788204057267e+00   4.083167016457e-14
   5.894855811947e-29   8.188702829408e-29   0.000000000000e+00   0.000000000000e+00  -6.372315717514e+00   2.184701000280e-28   0.000000000000e+00   0.000000000000e+00  -4.287343169488e+00   1.393655728674e-28   0.000000000000e+00   0.000000000000e+00  -1.615216298797e+00   6.616563228643e-29   0.000000000000e+00   0.000000000000e+00  -4.342391084383e-01   0.000000000000e+00  -3.144243733259e-02   1.452198567556e-28   2.264749178992e-02   0.000000000000e+00  -9.017254188518e-17   1.817033000194e-16   3.795855930021e-17   3.574192751704e-18  -7.648725756282e-16  -2.007713612532e-18  -6.897622871428e-01  -7.053961093321e-01  -1.053244838299e+00  -4.069950161225e-01  -9.484333570842e-02  -7.635318651073e-01   1.069663802077e+00   1.164849355811e+00   7.053961093321e-01   1.053244838299e+00   4.069950161225e-01   9.484333570842e-02   7.635318651073e-01  -1.069663802077e+00   1.164849355811e+00  -5.093056908026e-15   1.027982659841e-14   2.146511200448e-15   2.020900285560e-16   1.438401538507e-14   4.083167016555e-14  -6.902836540815e-01
  -6.745495845614e+00  -7.086909698609e+00   4.621664944081e-04  -4.785724323533e-05   2.184701000280e-28  -7.867714362111e+00   6.949180456357e-04  -7.185023534139e-05   3.472628848642e-28  -5.374026095146e+00   3.951253484677e-04  -4.075627810087e-05   2.269227076193e-28  -2.736211333440e+00   1.250096263814e-04  -1.287954534381e-05   7.860829249407e-29   5.125968762824e-06   0.000000000000e+00   2.001910924110e-04   0.000000000000e+00  -2.563097411428e-04  -1.191673407661e+00  -2.895739455476e+00  -3.125504164341e+00  -2.086942022118e+00   2.782196337374e+00   7.292168968911e-03  -4.046692138707e-16  -1.192549354416e+00  -2.897013981629e+00  -3.126104458311e+00  -2.087100276868e+00  -9.347620092050e-01   1.309655118232e+00   2.271459371825e+00  -1.192549354416e+00  -2.897013981629e+00  -3.126104458311e+00  -2.087100276868e+00  -9.347620092050e-01   1.309655118232e+00  -2.271459371825e+00  -1.192445792328e+00  -2.896864300819e+00  -3.126034358949e+00  -2.087081830344e+00  -9.247139765850e-01  -2.625354468751e+00  -2.289602458918e-14
   5.762936740182e-05   5.390249625587e-05  -4.287536716588e+00   1.956792671974e-06   0.000000000000e+00   6.949180456357e-04  -5.140867409285e+00   4.660337901911e-06   0.000000000000e+00   7.200373977921e-04  -3.163118407727e+00   2.604825639199e-06   0.000000000000e+00   4.153219449841e-04  -1.094793743698e+00   7.802506847045e-07   0.000000000000e+00  -9.953525455457e-04   0.000000000000e+00   7.846827362622e-02   3.372933787989e-28  -1.352973273808e-01  -2.025673413333e+00  -2.439544560506e+00  -1.130565364397e+00  -3.021353248878e-01   2.101802546079e+00   8.864268036506e-03  -1.265485496033e-15   6.807333947368e-01   8.198616910677e-01   3.802708738235e-01   1.018858663403e-01  -8.998344294806e-01  -5.347271739843e-01  -9.274340649256e-01   6.807333947368e-01   8.198616910677e-01   3.802708738235e-01   1.018858663403e-01  -8.998344294806e-01  -5.347271739843e-01   9.274340649256e-01   6.734172128989e-01   8.110804971473e-01   3.762112916380e-01   1.008016187611e-01  -9.078643242914e-01   1.060503064837e+00   2.378282312844e-14
  -5.967779668436e-06  -5.581941709955e-06   1.956792671974e-06  -4.287372480337e+00   0.000000000000e+00  -7.185023534139e-05   4.660337901911e-06  -5.140362769664e+00   0.000000000000e+00  -7.427021460721e-05   2.604825639199e-06  -3.162730508297e+00   0.000000000000e+00  -4.278996728126e-05   7.802506847045e-07  -1.094658554966e+00   0.000000000000e+00   9.108163531737e-02   3.372933787989e-28  -1.106148933062e-01   0.000000000000e+00  -6.474650288180e-02  -5.320776043062e-03  -6.429961290296e-03  -3.011858260919e-03  -8.263969300813e-04   8.895226372965e-03  -1.280620767894e+00  -3.321772198122e-18  -9.535616026259e-01  -1.148116390652e+00  -5.321018044353e-01  -1.422996123173e-01  -5.345601128928e-01  -5.325313514380e-01   1.299005076161e+00  -9.535616026259e-01  -1.148116390652e+00  -5.321018044353e-01  -1.422996123173e-01  -5.345601128928e-01  -5.325313514378e-01  -1.299005076161e+00   1.911489850005e+00   2.301504126334e+00   1.066581057440e+00   2.851755949698e-01   1.060137986444e+00   1.728494387005e+00   6.751191260449e-14
   2.721348984988e-29   2.544479704566e-29   0.000000000000e+00   0.000000000000e+00  -4.287343169488e+00   3.472628848642e-28   0.000000000000e+00   0.000000000000e+00  -5.140274160874e+00   4.135215230503e-28   0.000000000000e+00   0.000000000000e+00  -3.162663449425e+00   2.611618790933e-28   0.000000000000e+00   0.000000000000e+00  -1.094635321299e+00   0.000000000000e+00  -1.278394649438e-01   3.894728460908e-28   9.169534463942e-02   0.000000000000e+00   3.853681796948e-16   4.525083994216e-16   1.191473399152e-16   1.391625270460e-17  -1.265485496112e-15  -3.321772198380e-18  -1.280640377004e+00  -1.653821067890e+00  -1.991194813051e+00  -9.227699317502e-01  -2.467386965971e-01  -9.271159320916e-01   1.298965310090e+00   9.714239230073e-01   1.653821067890e+00   1.991194813051e+00   9.227699317502e-01   2.467386965971e-01   9.271159320916e-01  -1.298965310090e+00   9.714239230072e-01   2.180918833210e-14   2.559489365566e-14   6.737468170898e-15   7.868423707978e-16   2.378282312992e-14   6.751191260976e-14  -1.281395006493e+00
  -3.043686164709e+00  -3.235404316042e+00   2.937515713352e-04  -3.041374114007e-05   1.393655728674e-28  -5.374026095146e+00   7.200373977921e-04  -7.427021460721e-05   4.135215230503e-28  -5.152526395927e+00   6.444335086653e-04  -6.614372830188e-05   6.328175727957e-28  -3.399607171040e+00   2.722526477804e-04  -2.788193338929e-05   4.132644051630e-28   5.002589890127e-06   0.000000000000e+00   2.465042039210e-04   0.000000000000e+00  -3.166633597794e-04  -1.416633380114e+00  -2.937919030703e+00  -3.519437650740e+00  -2.705391248556e+00   1.723526084852e+00   4.509908516733e-03  -1.498404705385e-16  -1.417262254723e+00  -2.938965770476e+00  -3.520127050431e+00  -2.705623896583e+00  -5.788938717988e-01   8.111878960180e-01   1.406941806370e+00  -1.417262254723e+00  -2.938965770476e+00  -3.520127050431e+00  -2.705623896583e+00  -5.788938717988e-01   8.111878960180e-01  -1.406941806370e+00  -1.417188924714e+00  -2.938844876812e+00  -3.520048054402e+00  -2.705597262002e+00  -5.726800478274e-01  -1.626169341319e+00  -8.473790233824e-15
   1.834013747475e-05   1.407901337852e-05  -1.615298918976e+00   8.088530782033e-07   0.000000000000e+00   3.951253484677e-04  -3.163118407727e+00   2.604825639199e-06   0.000000000000e+00   6.444335086653e-04  -3.552968064461e+00   1.603741700537e-06   0.000000000000e+00   4.963561100194e-04  -1.989953079506e+00   4.950198556862e-07   0.000000000000e+00  -7.595599639136e-04   0.000000000000e+00   6.040731664607e-02   2.682251432742e-28  -1.041576643149e-01  -1.770289001091e+00  -2.439536880147e+00  -1.618079227007e+00  -5.892027386291e-01   5.414161812706e-01   4.346003169910e-03  -2.964393704518e-16   5.947275575596e-01   8.196968549895e-01   5.440100739917e-01   1.983888482245e-01  -9.327705494847e-01  -2.625473278662e-01  -4.553719166504e-01   5.947275575596e-01   8.196968549895e-01   5.440100739917e-01   1.983888482245e-01  -9.327705494847e-01  -2.625473278662e-01   4.553719166504e-01   5.883566846369e-01   8.109281978556e-01   5.382027913110e-01   1.962756203910e-01  -9.367005353753e-01   5.207181717926e-01   5.569058994898e-15
  -1.899129300053e-06  -1.457975622550e-06   8.088530782033e-07  -1.615228786472e+00   0.000000000000e+00  -4.075627810087e-05   2.604825639199e-06  -3.162730508297e+00   0.000000000000e+00  -6.614372830188e-05   1.603741700537e-06  -3.552486470614e+00   0.000000000000e+00  -5.083281323345e-05   4.950198556862e-07  -1.989728052707e+00   0.000000000000e+00   7.001419721384e-02   2.682251432742e-28  -8.510010721828e-02   0.000000000000e+00  -4.981665582744e-02  -4.649457749844e-03  -6.424479171870e-03  -4.292896683364e-03  -1.587763228817e-03   4.368264979544e-03  -1.119618896439e+00  -7.781235441053e-19  -8.330936439645e-01  -1.147957583918e+00  -7.614406033279e-01  -2.773767084425e-01  -2.624249346776e-01  -7.524030255823e-01   6.378126188531e-01  -8.330936439645e-01  -1.147957583918e+00  -7.614406033279e-01  -2.773767084425e-01  -2.624249346776e-01  -7.524030255822e-01  -6.378126188531e-01   1.670063432615e+00   2.301234010547e+00   1.526341254538e+00   5.559477587859e-01   5.204511244034e-01   3.578032377360e-01   1.580879705150e-14
   8.668228102780e-30   6.645380369586e-30   0.000000000000e+00   0.000000000000e+00  -1.615216298797e+00   2.269227076193e-28   0.000000000000e+00   0.000000000000e+00  -3.162663449425e+00   6.328175727957e-28   0.000000000000e+00   0.000000000000e+00  -3.552404970012e+00   7.534410196872e-28   0.000000000000e+00   0.000000000000e+00  -1.989690245255e+00   0.000000000000e+00  -9.834061356809e-02   3.097197173456e-28   7.048507447882e-02   0.000000000000e+00   2.689063071384e-16   3.714153016726e-16   1.881471525099e-16   3.806440940780e-17  -2.964393705640e-16  -7.781235444708e-19  -1.119627479486e+00  -1.444887303848e+00  -1.990930191026e+00  -1.320521235858e+00  -4.809962177942e-01  -4.551386413147e-01   6.377832006198e-01  -1.395551411520e-02   1.444887303848e+00   1.990930191026e+00   1.320521235858e+00   4.809962177942e-01   4.551386413147e-01  -6.377832006198e-01  -1.395551411523e-02   1.520751178739e-14   2.100329301885e-14   1.063866661647e-14   2.152189032278e-15   5.569058997000e-15   1.580879705897e-14  -1.120079824811e+00
  -1.282609067974e+00  -1.364215348334e+00   1.391320305026e-04  -1.440394798308e-05   6.616563228643e-29  -2.736211333440e+00   4.153219449841e-04  -4.278996728126e-05   2.611618790933e-28  -3.399607171040e+00   4.963561100194e-04  -5.083281323345e-05   7.534410196872e-28  -3.125678233488e+00   2.979729456020e-04  -3.043624453514e-05   1.153718325040e-27   2.698628207224e-06   0.000000000000e+00   1.483524638629e-04   0.000000000000e+00  -1.908282821781e-04  -9.081045331594e-01  -1.956388999788e+00  -2.775180360519e+00  -2.682688830716e+00   6.880357724599e-01   1.796768551002e-03  -1.385408029513e-17  -9.083833879941e-01  -1.956938930785e+00  -2.775662375153e+00  -2.682910774089e+00  -2.310447318582e-01   3.238160384481e-01   5.616437720471e-01  -9.083833879941e-01  -1.956938930785e+00  -2.775662375153e+00  -2.682910774089e+00  -2.310447318582e-01   3.238160384481e-01  -5.616437720471e-01  -9.083513015479e-01  -1.956876313749e+00  -2.775607932413e+00  -2.682885671884e+00  -2.285649241540e-01  -6.491588692203e-01  -7.833397453716e-16
   4.612093221994e-06   3.294358075941e-06  -4.342620783972e-01   2.211308693383e-07   0.000000000000e+00   1.250096263814e-04  -1.094793743698e+00   7.802506847045e-07   0.000000000000e+00   2.722526477804e-04  -1.989953079506e+00   4.950198556862e-07   0.000000000000e+00   2.979729456020e-04  -2.106765359817e+00   1.558539767764e-07   0.000000000000e+00  -2.584316148366e-04   0.000000000000e+00   2.058136569387e-02   9.805766579194e-29  -3.548771889543e-02  -6.960579451425e-01  -1.180968059010e+00  -1.189454710912e+00  -7.081172008858e-01  -6.810888594303e-02   1.042579614005e-03  -1.612703920843e-17   2.338057897210e-01   3.967515425451e-01   3.997475757478e-01   2.381313449507e-01  -4.225839973191e-01  -6.312181311486e-02  -1.094834899532e-01   2.338057897210e-01   3.967515425451e-01   3.997475757478e-01   2.381313449507e-01  -4.225839973191e-01  -6.312181311486e-02   1.094834899532e-01   2.313051013257e-01   3.925112049898e-01   3.954809106342e-01   2.355928080294e-01  -4.235256409957e-01   1.251948018456e-01   3.029240839084e-16
  -4.775727659356e-07  -3.411536588116e-07   2.211308693383e-07  -4.342425767957e-01   0.000000000000e+00  -1.287954534381e-05   7.802506847045e-07  -1.094658554966e+00   0.000000000000e+00  -2.788193338929e-05   4.950198556862e-07  -1.989728052707e+00   0.000000000000e+00  -3.043624453514e-05   1.558539767764e-07  -2.106615932073e+00   0.000000000000e+00   2.384885200551e-02   9.805766579194e-29  -2.899085743613e-02   0.000000000000e+00  -1.697122974413e-02  -1.828004431205e-03  -3.108083670421e-03  -3.144655668382e-03  -1.885133396286e-03   1.050553555927e-03  -4.674682833870e-01  -4.233185654555e-20  -3.275166524334e-01  -5.556673171343e-01  -5.596730237426e-01  -3.332424190316e-01  -6.307781458111e-02  -3.792136597034e-01   1.533432328989e-01  -3.275166524334e-01  -5.556673171343e-01  -5.596730237427e-01  -3.332424190316e-01  -6.307781458111e-02  -3.792136597034e-01  -1.533432328989e-01   6.565685753405e-01   1.113926704695e+00   1.121926901901e+00   6.679885801220e-01   1.250988309414e-01  -1.122924224787e-01   8.599056624759e-16
   2.181133346774e-30   1.554835214403e-30   0.000000000000e+00   0.000000000000e+00  -4.342391084383e-01   7.860829249407e-29   0.000000000000e+00   0.000000000000e+00  -1.094635321299e+00   4.132644051630e-28   0.000000000000e+00   0.000000000000e+00  -1.989690245255e+00   1.153718325040e-27   0.000000000000e+00   0.000000000000e+00  -2.106591012182e+00   0.000000000000e+00  -3.350083990507e-02   1.132272394822e-28   2.400910418101e-02   0.000000000000e+00   4.070836341015e-17   8.546105404528e-17   9.558376067783e-17   4.789908435649e-17  -1.612703926208e-17  -4.233185672038e-20  -4.674699866009e-01  -5.680332699156e-01  -9.637120804052e-01  -9.706313872990e-01  -5.779158624468e-01  -1.093996194964e-01   1.533326414581e-01  -2.016748598140e-01   5.680332699155e-01   9.637120804052e-01   9.706313872990e-01   5.779158624468e-01   1.093996194964e-01  -1.533326414581e-01  -2.016748598141e-01   2.301743507888e-15   4.832125720319e-15   5.404394764036e-15   2.708198681457e-15   3.029240849135e-16   8.599056660433e-16  -4.676054861859e-01
   2.528133364088e-07   1.267634945584e-07  -2.554704528138e-04   2.249612375303e-02   0.000000000000e+00   5.125968762824e-06  -9.953525455457e-04   9.108163531737e-02   0.000000000000e+00   5.002589890127e-06  -7.595599639136e-04   7.001419721384e-02   0.000000000000e+00   2.698628207224e-06  -2.584316148366e-04   2.384885200551e-02   0.000000000000e+00  -3.723963882299e+00   0.000000000000e+00   5.757030351326e-02   0.000000000000e+00   3.273906760241e-02  -8.516189485953e-03  -5.485315936795e-03  -1.162002512835e-03  -1.495264292276e-04   7.550793438783e-03  -1.594161529163e+00  -9.258366838377e-18   5.125551276170e-01   3.293824731839e-01   6.960999409312e-02   8.992254698206e-03  -5.140971547550e-01   2.066676564368e-01  -5.778740310068e-01   5.125551276170e-01   3.293824731839e-01   6.960999409313e-02   8.992254698206e-03  -5.140971547550e-01   2.066676564367e-01   5.778740310069e-01  -1.016489677827e+00  -6.532273695504e-01  -1.380348539472e-01  -1.782401424926e-02   1.040566860740e+00  -7.906028800630e-01  -6.251330243767e-14
   0.000000000000e+00   0.000000000000e+00   0.000000000000e+00   1.257640850843e-28  -3.144243733259e-02   0.000000000000e+00   0.000000000000e+00   3.372933787989e-28  -1.278394649438e-01   0.000000000000e+00   0.000000000000e+00   2.682251432742e-28  -9.834061356809e-02   0.000000000000e+00   0.000000000000e+00   9.805766579194e-29  -3.350083990507e-02   0.000000000000e+00  -3.769993620742e+00   0.000000000000e+00   6.648501024960e-02   0.000000000000e+00   3.768125367914e-18   1.910993831512e-18   1.724621156549e-19   7.031175486927e-21  -9.258366838662e-18   8.207113653183e-16  -8.484883653467e-03  -1.245231027809e+00  -8.000094177484e-01  -1.689763953256e-01  -2.180522101461e-02  -5.776688837969e-01  -4.946502686595e-01   6.475570827393e-01   1.245231027809e+00   8.000094177485e-01   1.689763953256e-01   2.180522101461e-02   5.776688837969e-01   4.946502686592e-01   6.475570827392e-01  -7.661074616246e-14  -3.883218155687e-14  -3.503608765576e-15  -1.428254233127e-16  -6.251330243958e-14  -1.310199657004e-13   1.502863000278e+00
   8.187887706019e-06   4.087491226279e-06   1.923012073423e-02  -2.719027478008e-02   1.452198567556e-28   2.001910924110e-04   7.846827362622e-02  -1.106148933062e-01   3.894728460908e-28   2.465042039210e-04   6.040731664607e-02  -8.510010721828e-02   3.097197173456e-28   1.483524638629e-04   2.058136569387e-02  -2.899085743613e-02   1.132272394822e-28   5.757030351326e-02   0.000000000000e+00  -3.781971030091e+00   0.000000000000e+00   2.007010711419e-02   9.359244317144e-01   6.015275279286e-01   1.271849041461e-01   1.650118534059e-02  -3.684963555901e-01  -4.675344013226e-03   1.965906231839e-15  -9.340030759676e-01  -6.000003812153e-01  -1.266293155290e-01  -1.625323673703e-02  -7.405428603642e-01   1.037404510135e+00  -4.528778698445e-01  -9.340030759675e-01  -6.000003812152e-01  -1.266293155290e-01  -1.625323673703e-02  -7.405428603641e-01   1.037404510135e+00   4.528778698447e-01   9.362884304880e-01   6.015921588454e-01   1.271706376980e-01   1.649786391072e-02   1.257876178757e-01   3.461487708356e-01   1.112033016382e-13
   0.000000000000e+00   0.000000000000e+00   1.257640850843e-28   0.000000000000e+00   2.264749178992e-02   0.000000000000e+00   3.372933787989e-28   0.000000000000e+00   9.169534463942e-02   0.000000000000e+00   2.682251432742e-28   0.000000000000e+00   7.048507447882e-02   0.000000000000e+00   9.805766579194e-29   0.000000000000e+00   2.400910418101e-02   0.000000000000e+00   6.648501024960e-02   0.000000000000e+00  -3.724571478845e+00   0.000000000000e+00   1.435531311573e-15   7.280255335272e-16   6.570236998874e-17   2.678645635005e-18  -2.706396312689e-15  -9.258366838729e-18  -1.594166443900e+00   8.889548792567e-01   5.712426214000e-01   1.207064513805e-01   1.558712747366e-02  -8.915702077581e-01  -5.778504827642e-01  -4.623513503062e-01  -8.889548792567e-01  -5.712426214000e-01  -1.207064513805e-01  -1.558712747366e-02   8.915702077581e-01   5.778504827643e-01  -4.623513503061e-01  -2.698812336112e-14  -1.367964363670e-14  -1.234237105275e-15  -5.031396164107e-17   2.441359464132e-14  -6.251330244006e-14   5.341020164341e-01
  -1.044833921635e-05  -5.215488221786e-06  -3.315617811047e-02  -1.590797051108e-02   0.000000000000e+00  -2.563097411428e-04  -1.352973273808e-01  -6.474650288180e-02   0.000000000000e+00  -3.166633597794e-04  -1.041576643149e-01  -4.981665582744e-02   0.000000000000e+00  -1.908282821781e-04  -3.548771889543e-02  -1.697122974413e-02   0.000000000000e+00   3.273906760241e-02   0.000000000000e+00   2.007010711419e-02   0.000000000000e+00  -3.805916479163e+00  -1.621045458151e+00  -1.041843281772e+00  -2.202356689949e-01  -2.853406631536e-02   6.382382951575e-01   7.897943133138e-03  -1.763553838953e-15   1.760362060288e-01   1.130370534712e-01   2.375019574472e-02   2.953446912310e-03   6.138750763997e-01   6.352870781170e-01  -1.984094228399e-01   1.760362060289e-01   1.130370534713e-01   2.375019574472e-02   2.953446912310e-03   6.138750763997e-01   6.352870781170e-01   1.984094228400e-01   1.263589688249e+00   8.117585252313e-01   1.713299428268e-01   2.199611593887e-02   1.106380726617e+00   1.370937550975e-01   7.771678016758e-14
  -1.970902064699e-01  -2.104403518838e-01  -8.636715864286e-01  -2.268616330596e-03  -9.017254188518e-17  -1.191673407661e+00  -2.025673413333e+00  -5.320776043062e-03   3.853681796948e-16  -1.416633380114e+00  -1.770289001091e+00  -4.649457749844e-03   2.689063071384e-16  -9.081045331594e-01  -6.960579451425e-01  -1.828004431205e-03   4.070836341015e-17  -8.516189485953e-03   3.768125367914e-18   9.359244317144e-01   1.435531311573e-15  -1.621045458151e+00  -3.614223326482e+00  -3.200404048693e+00  -1.830287898928e+00  -9.257681825241e-01   6.344186303761e-01   1.653570551035e-03   6.805211554067e-26  -1.334497901882e-02  -2.596592908286e-01  -6.932113362853e-01  -6.420680723107e-01  -1.236395527181e-01   4.792659122479e-02   8.352916963726e-02  -1.334497901882e-02  -2.596592908286e-01  -6.932113362853e-01  -6.420680723107e-01  -1.236395527181e-01   4.792659122479e-02  -8.352916963726e-02  -1.333617936670e-02  -2.595834828459e-01  -6.931332112238e-01  -6.420407757336e-01  -1.232098129651e-01  -9.673693448751e-02   2.061335473708e-15
  -1.453361431173e+00  -1.549532828961e+00  -1.290301157790e+00  -3.399668568844e-03   1.817033000194e-16  -2.895739455476e+00  -2.439544560506e+00  -6.429961290296e-03   4.525083994216e-16  -2.937919030703e+00  -2.439536880147e+00  -6.424479171870e-03   3.714153016726e-16  -1.956388999788e+00  -1.180968059010e+00  -3.108083670421e-03   8.546105404528e-17  -5.485315936795e-03   1.910993831512e-18   6.015275279286e-01   7.280255335272e-16  -1.041843281772e+00  -3.200404048693e+00  -4.174751044535e+00  -3.270151496043e+00  -1.923163520637e+00   1.130314797879e+00   2.945595654787e-03   1.241337919112e-25  -2.597057208261e-01  -9.656155405493e-01  -1.626772387580e+00  -1.432383425375e+00  -5.736776187881e-01   2.762680839606e-01   4.808691844715e-01  -2.597057208261e-01  -9.656155405493e-01  -1.626772387580e+00  -1.432383425375e+00  -5.736776187881e-01   2.762680839606e-01  -4.808691844715e-01  -2.596245515979e-01  -9.654389981302e-01  -1.626630895230e+00  -1.432331030550e+00  -5.714156311392e-01  -5.566791617760e-01   1.773070859417e-16
  -1.556197452846e+00  -1.655294008858e+00  -4.986425298506e-01  -1.325465241724e-03   3.795855930021e-17  -3.125504164341e+00  -1.130565364397e+00  -3.011858260919e-03   1.191473399152e-16  -3.519437650740e+00  -1.618079227007e+00  -4.292896683364e-03   1.881471525099e-16  -2.775180360519e+00  -1.189454710912e+00  -3.144655668382e-03   9.558376067783e-17  -1.162002512835e-03   1.724621156549e-19   1.271849041461e-01   6.570236998874e-17  -2.202356689949e-01  -1.830287898928e+00  -3.270151496043e+00  -3.591855491272e+00  -2.682780603755e+00   8.221245053456e-01   2.141929649510e-03   9.338366679720e-26  -6.933712635187e-01  -1.627020403710e+00  -2.351116582224e+00  -2.159605788857e+00  -5.943594137467e-01   3.585331022075e-01   6.233877385596e-01  -6.933712635187e-01  -1.627020403710e+00  -2.351116582224e+00  -2.159605788857e+00  -5.943594137467e-01   3.585331022075e-01  -6.233877385595e-01  -6.932748605439e-01  -1.626850820159e+00  -2.350972007754e+00  -2.159540622421e+00  -5.915443756841e-01  -7.213591162746e-01  -1.703702579488e-15
  -9.546940932793e-01  -1.015381536650e+00  -1.161458143369e-01  -3.159055872184e-04   3.574192751704e-18  -2.086942022118e+00  -3.021353248878e-01  -8.263969300813e-04   1.391625270460e-17  -2.705391248556e+00  -5.892027386291e-01  -1.587763228817e-03   3.806440940780e-17  -2.682688830716e+00  -7.081172008858e-01  -1.885133396286e-03   4.789908435649e-17  -1.495264292276e-04   7.031175486927e-21   1.650118534059e-02   2.678645635005e-18  -2.853406631536e-02  -9.257681825241e-01  -1.923163520637e+00  -2.682780603755e+00  -2.608507225280e+00   4.512015360006e-01   1.175394667993e-03   5.214065147636e-26  -6.422200954807e-01  -1.432675421380e+00  -2.159794736454e+00  -2.267617798042e+00  -2.779471533959e-01   2.212513645285e-01   3.842964586167e-01  -6.422200954807e-01  -1.432675421380e+00  -2.159794736454e+00  -2.267617798042e+00  -2.779471533959e-01   2.212513645285e-01  -3.842964586167e-01  -6.421754868881e-01  -1.432590128660e+00  -2.159708546670e+00  -2.267566702731e+00  -2.762379975276e-01  -4.444797522927e-01  -3.409303253231e-16
   1.704164828156e+00   1.858716352663e+00   2.095062806438e+00   7.321642591129e-03  -7.648725756282e-16   2.782196337374e+00   2.101802546079e+00   8.895226372965e-03  -1.265485496112e-15   1.723526084852e+00   5.414161812706e-01   4.368264979544e-03  -2.964393705640e-16   6.880357724599e-01  -6.810888594303e-02   1.050553555927e-03  -1.612703926208e-17   7.550793438783e-03  -9.258366838662e-18  -3.684963555901e-01  -2.706396312689e-15   6.382382951575e-01   6.344186303761e-01   1.130314797879e+00   8.221245053456e-01   4.512015360006e-01  -3.321056660180e+00  -1.855285717974e-03   0.000000000000e+00   1.323679545174e-01   7.154688903037e-01   8.772373334321e-01   5.110464527682e-01   4.827204235048e-01  -2.549231155477e-01  -4.439586386437e-01   1.323679545174e-01   7.154688903037e-01   8.772373334321e-01   5.110464527682e-01   4.827204235048e-01  -2.549231155477e-01   4.439586386437e-01   1.319802324299e-01   7.139536596760e-01   8.759447735958e-01   5.105993431752e-01   4.792694062890e-01   5.129663370376e-01  -2.656543120943e-15
   4.472612465470e-03   4.878425954690e-03   7.305765573472e-03  -6.897445968611e-01  -2.007713612532e-18   7.292168968911e-03   8.864268036506e-03  -1.280620767894e+00  -3.321772198380e-18   4.509908516733e-03   4.346003169910e-03  -1.119618896439e+00  -7.781235444708e-19   1.796768551002e-03   1.042579614005e-03  -4.674682833870e-01  -4.233185672038e-20  -1.594161529163e+00   8.207113653183e-16  -4.675344013226e-03  -9.258366838729e-18   7.897943133138e-03   1.653570551035e-03   2.945595654787e-03   2.141929649510e-03   1.175394667993e-03  -1.855285717974e-03  -2.611389424388e+00   0.000000000000e+00  -4.172181925185e-02  -1.752016689587e-01  -1.569010953788e-01  -5.513986591293e-02  -1.715596875599e-01  -3.239463833056e-02   1.190364685375e-01  -4.172181925185e-02  -1.752016689587e-01  -1.569010953788e-01  -5.513986591293e-02  -1.715596875598e-01  -3.239463833057e-02  -1.190364685375e-01   8.440543334954e-02   3.557869529979e-01   3.205176789856e-01   1.142308328335e-01   3.463604267544e-01   1.789807581443e-01  -1.885727824489e-15
   2.055105735663e-17   5.185465516839e-17  -7.648725756135e-16  -2.007713612485e-18  -6.897622871428e-01  -4.046692138707e-16  -1.265485496033e-15  -3.321772198122e-18  -1.280640377004e+00  -1.498404705385e-16  -2.964393704518e-16  -7.781235441053e-19  -1.119627479486e+00  -1.385408029513e-17  -1.612703920843e-17  -4.233185654555e-20  -4.674699866009e-01  -9.258366838377e-18  -8.484883653467e-03   1.965906231839e-15  -1.594166443900e+00  -1.763553838953e-15   6.805211554067e-26   1.241337919112e-25   9.338366679720e-26   5.214065147636e-26   0.000000000000e+00   0.000000000000e+00  -2.611380521666e+00  -7.282705020584e-02  -3.065423813616e-01  -2.755889112563e-01  -9.776467232778e-02  -2.996409071591e-01   1.194135587705e-01   1.073768316471e-01   7.282705020584e-02   3.065423813616e-01   2.755889112562e-01   9.776467232778e-02   2.996409071591e-01  -1.194135587705e-01   1.073768316471e-01  -2.061335473693e-15  -1.773070853106e-16   1.703702581600e-15   3.409303274325e-16  -2.656543120777e-15  -1.885727824258e-15  -1.006642744417e-01
  -1.973664533576e-01  -2.107465545520e-01   2.903493759098e-01  -4.067177931276e-01  -7.053961093321e-01  -1.192549354416e+00   6.807333947368e-01  -9.535616026259e-01  -1.653821067890e+00  -1.417262254723e+00   5.947275575596e-01  -8.330936439645e-01  -1.444887303848e+00  -9.083833879941e-01   2.338057897210e-01  -3.275166524334e-01  -5.680332699156e-01   5.125551276170e-01  -1.245231027809e+00  -9.340030759676e-01   8.889548792567e-01   1.760362060288e-01  -1.334497901882e-02  -2.597057208261e-01  -6.933712635187e-01  -6.422200954807e-01   1.323679545174e-01  -4.172181925185e-02  -7.282705020584e-02  -3.615444388811e+00  -3.201264634436e+00  -1.830741616111e+00  -9.259909340644e-01  -2.130305082017e-01   2.986211513250e-01   5.179534747731e-01  -1.352720892346e-02  -2.612688771503e-01  -6.949839456790e-01  -6.427838967682e-01  -4.442252137864e-03   6.224905906787e-03  -1.580043413314e-01  -1.349851351513e-02  -2.610235741511e-01  -6.947311483753e-01  -6.426955509390e-01  -4.066816389695e-03  -1.397695509518e-01  -7.348167236490e-02
  -1.454084460119e+00  -1.550296890776e+00   4.336391020778e-01  -6.072932757079e-01  -1.053244838299e+00  -2.897013981629e+00   8.198616910677e-01  -1.148116390652e+00  -1.991194813051e+00  -2.938965770476e+00   8.196968549895e-01  -1.147957583918e+00  -1.990930191026e+00  -1.956938930785e+00   3.967515425451e-01  -5.556673171343e-01  -9.637120804052e-01   3.293824731839e-01  -8.000094177484e-01  -6.000003812153e-01   5.712426214000e-01   1.130370534712e-01  -2.596592908286e-01  -9.656155405493e-01  -1.627020403710e+00  -1.432675421380e+00   7.154688903037e-01  -1.752016689587e-01  -3.065423813616e-01  -3.201264634436e+00  -4.175894925901e+00  -3.270971074063e+00  -1.923618332272e+00  -3.795278730559e-01   5.320214041097e-01   9.227837760819e-01  -2.612688771503e-01  -9.690706316218e-01  -1.629821436009e+00  -1.433720747028e+00  -7.196846489434e-02   1.008620120787e-01  -7.912909855081e-01  -2.610181998013e-01  -9.685346075045e-01  -1.629386381468e+00  -1.433558201402e+00  -6.980533005677e-02  -7.355556784775e-01  -3.079213454574e-01
  -1.556454763799e+00  -1.655565393080e+00   1.676796157086e-01  -2.346822823734e-01  -4.069950161225e-01  -3.126104458311e+00   3.802708738235e-01  -5.321018044353e-01  -9.227699317502e-01  -3.520127050431e+00   5.440100739917e-01  -7.614406033279e-01  -1.320521235858e+00  -2.775662375153e+00   3.997475757478e-01  -5.596730237426e-01  -9.706313872990e-01   6.960999409312e-02  -1.689763953256e-01  -1.266293155290e-01   1.207064513805e-01   2.375019574472e-02  -6.932113362853e-01  -1.626772387580e+00  -2.351116582224e+00  -2.159794736454e+00   8.772373334321e-01  -1.569010953788e-01  -2.755889112563e-01  -1.830741616111e+00  -3.270971074063e+00  -3.592596116875e+00  -2.683235038305e+00  -2.760313948052e-01   3.869488175557e-01   6.711588439119e-01  -6.949839456790e-01  -1.629821436009e+00  -2.353770212525e+00  -2.161020824181e+00  -1.432575043287e-01   2.008041755239e-01  -9.007913999996e-01  -6.947128531363e-01  -1.629358274398e+00  -2.353365857881e+00  -2.160832966405e+00  -1.404734435913e-01  -8.808864597042e-01  -2.761495381433e-01
  -9.547503842488e-01  -1.015440831743e+00   3.914271401252e-02  -5.469579495565e-02  -9.484333570842e-02  -2.087100276868e+00   1.018858663403e-01  -1.422996123173e-01  -2.467386965971e-01  -2.705623896583e+00   1.983888482245e-01  -2.773767084425e-01  -4.809962177942e-01  -2.682910774089e+00   2.381313449507e-01  -3.332424190316e-01  -5.779158624468e-01   8.992254698206e-03  -2.180522101461e-02  -1.625323673703e-02   1.558712747366e-02   2.953446912310e-03  -6.420680723107e-01  -1.432383425375e+00  -2.159605788857e+00  -2.267617798042e+00   5.110464527682e-01  -5.513986591293e-02  -9.776467232778e-02  -9.259909340644e-01  -1.923618332272e+00  -2.683235038305e+00  -2.608797510406e+00  -1.514889115237e-01   2.123639464885e-01   3.683435433495e-01  -6.427838967682e-01  -1.433720747028e+00  -2.161020824181e+00  -2.268510597383e+00  -1.179104744603e-01   1.652866173052e-01  -4.824322952369e-01  -6.426782327795e-01  -1.433525295713e+00  -2.160811939795e+00  -2.268376554749e+00  -1.162035345151e-01  -5.008596419410e-01  -9.785647743814e-02
  -5.728326503786e-01  -6.247742721312e-01  -3.760520579718e-01  -4.402399441361e-01  -7.635318651073e-01  -9.347620092050e-01  -8.998344294806e-01  -5.345601128928e-01  -9.271159320916e-01  -5.788938717988e-01  -9.327705494847e-01  -2.624249346776e-01  -4.551386413147e-01  -2.310447318582e-01  -4.225839973191e-01  -6.307781458111e-02  -1.093996194964e-01  -5.140971547550e-01  -5.776688837969e-01  -7.405428603642e-01  -8.915702077581e-01   6.138750763997e-01  -1.236395527181e-01  -5.736776187881e-01  -5.943594137467e-01  -2.779471533959e-01   4.827204235048e-01  -1.715596875599e-01  -2.996409071591e-01  -2.130305082017e-01  -3.795278730559e-01  -2.760313948052e-01  -1.514889115237e-01  -2.692507064635e+00   1.121541421899e-01   1.945189828224e-01  -4.442252137864e-03  -7.196846489434e-02  -1.432575043287e-01  -1.179104744603e-01  -1.101965902390e-01   1.209980757594e-02  -4.874745907078e-02  -4.759061942196e-03  -7.327877894532e-02  -1.444348583386e-01  -1.183287567654e-01  -1.099603542958e-01  -4.976847361904e-02  -1.463669747469e-02
   8.024743711131e-01   8.752354540305e-01  -4.403202178700e-01  -7.360344225198e-02   1.069663802077e+00   1.309655118232e+00  -5.347271739843e-01  -5.325313514380e-01   1.298965310090e+00   8.111878960180e-01  -2.625473278662e-01  -7.524030255823e-01   6.377832006198e-01   3.238160384481e-01  -6.312181311486e-02  -3.792136597034e-01   1.533326414581e-01   2.066676564368e-01  -4.946502686595e-01   1.037404510135e+00  -5.778504827642e-01   6.352870781170e-01   4.792659122479e-02   2.762680839606e-01   3.585331022075e-01   2.212513645285e-01  -2.549231155477e-01  -3.239463833056e-02   1.194135587705e-01   2.986211513250e-01   5.320214041097e-01   3.869488175557e-01   2.123639464885e-01   1.121541421899e-01  -2.769654033504e+00  -2.725925312749e-01   6.224905906794e-03   1.008620120787e-01   2.008041755239e-01   1.652866173052e-01   1.209980757594e-02  -1.185132977580e-01   6.831044753408e-02   1.335214739070e-01   6.342797846898e-01   6.791906969683e-01   3.348096114464e-01   3.430412489879e-02   5.614420278195e-01   3.240524657898e-01
   1.391791023229e+00   1.517985395592e+00  -7.636842000344e-01   1.069682168018e+00   1.164849355811e+00   2.271459371825e+00  -9.274340649256e-01   1.299005076161e+00   9.714239230073e-01   1.406941806370e+00  -4.553719166504e-01   6.378126188531e-01  -1.395551411520e-02   5.616437720471e-01  -1.094834899532e-01   1.533432328989e-01  -2.016748598140e-01  -5.778740310068e-01   6.475570827393e-01  -4.528778698445e-01  -4.623513503062e-01  -1.984094228399e-01   8.352916963726e-02   4.808691844715e-01   6.233877385596e-01   3.842964586167e-01  -4.439586386437e-01   1.190364685375e-01   1.073768316471e-01   5.179534747731e-01   9.227837760819e-01   6.711588439119e-01   3.683435433495e-01   1.945189828224e-01  -2.725925312749e-01  -3.085285378540e+00   1.580043413314e-01   7.912909855081e-01   9.007913999996e-01   4.824322952369e-01   4.874745907078e-02  -6.831044753406e-02   7.886414654937e-01   8.426390664136e-02   4.827651721596e-01   6.243611241562e-01   3.845189041895e-01   3.354407007193e-02   4.608711432814e-01   1.081057759688e-01
  -1.973664533576e-01  -2.107465545520e-01   2.903493759098e-01  -4.067177931276e-01   7.053961093321e-01  -1.192549354416e+00   6.807333947368e-01  -9.535616026259e-01   1.653821067890e+00  -1.417262254723e+00   5.947275575596e-01  -8.330936439645e-01   1.444887303848e+00  -9.083833879941e-01   2.338057897210e-01  -3.275166524334e-01   5.680332699155e-01   5.125551276170e-01   1.245231027809e+00  -9.340030759675e-01  -8.889548792567e-01   1.760362060289e-01  -1.334497901882e-02  -2.597057208261e-01  -6.933712635187e-01  -6.422200954807e-01   1.323679545174e-01  -4.172181925185e-02   7.282705020584e-02  -1.352720892346e-02  -2.612688771503e-01  -6.949839456790e-01  -6.427838967682e-01  -4.442252137864e-03   6.224905906794e-03   1.580043413314e-01  -3.615444388811e+00  -3.201264634436e+00  -1.830741616111e+00  -9.259909340644e-01  -2.130305082017e-01   2.986211513250e-01  -5.179534747731e-01  -1.349851351513e-02  -2.610235741511e-01  -6.947311483753e-01  -6.426955509390e-01  -4.066816389695e-03  -1.397695509518e-01   7.348167236491e-02
  -1.454084460119e+00  -1.550296890776e+00   4.336391020778e-01  -6.072932757079e-01   1.053244838299e+00  -2.897013981629e+00   8.198616910677e-01  -1.148116390652e+00   1.991194813051e+00  -2.938965770476e+00   8.196968549895e-01  -1.147957583918e+00   1.990930191026e+00  -1.956938930785e+00   3.967515425451e-01  -5.556673171343e-01   9.637120804052e-01   3.293824731839e-01   8.000094177485e-01  -6.000003812152e-01  -5.712426214000e-01   1.130370534713e-01  -2.596592908286e-01  -9.656155405493e-01  -1.627020403710e+00  -1.432675421380e+00   7.154688903037e-01  -1.752016689587e-01   3.065423813616e-01  -2.612688771503e-01  -9.690706316218e-01  -1.629821436009e+00  -1.433720747028e+00  -7.196846489434e-02   1.008620120787e-01   7.912909855081e-01  -3.201264634436e+00  -4.175894925901e+00  -3.270971074063e+00  -1.923618332272e+00  -3.795278730559e-01   5.320214041097e-01  -9.227837760819e-01  -2.610181998013e-01  -9.685346075045e-01  -1.629386381468e+00  -1.433558201402e+00  -6.980533005677e-02  -7.355556784775e-01   3.079213454574e-01
