ARMA_MAT_TXT_FN008
50 50
   1.000000000000e+00   8.784438346368e-01  -4.665236093506e-20   3.875187731210e-21  -1.912069401722e-34   3.291794955376e-01   4.111650829241e-21  -1.094572677215e-25   0.000000000000e+00   1.537612665257e-01  -1.105239373216e-20   1.485500498684e-21  -7.064893538731e-35   6.556249676812e-02   1.872910554290e-22  -2.721310278257e-22   2.339078453372e-36  -4.836001877484e-41   0.000000000000e+00   0.000000000000e+00   0.000000000000e+00   0.000000000000e+00   1.181655428460e-02   7.425643106949e-02   7.927296797506e-02   4.886708200565e-02  -8.815469903152e-02  -2.313972220910e-04  -1.246104473956e-16   1.183170869347e-02   7.429158810972e-02   7.928560437525e-02   4.886986971717e-02   2.963028220592e-02  -4.150821247944e-02  -7.199070267157e-02   1.183170869347e-02   7.429158810972e-02   7.928560437525e-02   4.886986971717e-02   2.963028220592e-02  -4.150821247943e-02   7.199070267158e-02   1.182988866435e-02   7.428736738059e-02   7.928408754103e-02   4.886953510402e-02   2.931086129792e-02   8.320426450775e-02  -7.051212068582e-15
   8.784438346368e-01   1.000000000000e+00   1.913469257523e-19   0.000000000000e+00   2.048436704421e-33   4.187995882560e-01  -3.674087789698e-22   7.635186582520e-21  -8.680202179812e-34   1.871454501484e-01   2.183174821478e-22   1.869269104129e-21   0.000000000000e+00   7.831571041382e-02   1.702086592612e-22   4.263371863469e-22   3.813368787534e-37   0.000000000000e+00   0.000000000000e+00   0.000000000000e+00   9.323667546404e-54   0.000000000000e+00   1.069270689633e-02   8.898139046108e-02   9.523897792316e-02   5.823855683843e-02  -1.059501317410e-01  -2.781084438422e-04  -1.497650546472e-16   1.070888878207e-02   8.902507679530e-02   9.525435829965e-02   5.824189546228e-02   3.561413764408e-02  -4.989082393238e-02  -8.652927353918e-02   1.070888878207e-02   8.902507679530e-02   9.525435829965e-02   5.824189546228e-02   3.561413764408e-02  -4.989082393237e-02   8.652927353919e-02   1.070694520191e-02   8.901983205895e-02   9.525251208541e-02   5.824149472226e-02   3.522991145603e-02   1.000065757733e-01  -8.475137400740e-15
  -4.665236093506e-20   1.913469257523e-19   1.000000000000e+00   0.000000000000e+00   5.332182089400e-52   1.718382283956e-19   6.291202128136e-01  -3.238534632189e-39   3.681787611855e-52  -1.860711034671e-19   2.202302509580e-01   0.000000000000e+00   0.000000000000e+00  -4.059549962522e-20   5.734990148843e-02  -2.365307585144e-40   2.689043395940e-53   1.661613132487e-21   0.000000000000e+00   2.600864318147e-22  -6.401747246264e-36  -4.504829142624e-22   1.069024871078e-01   1.758024549881e-01   6.664366294971e-02   1.528890649987e-02  -3.064194057717e-01  -1.049399804390e-03  -5.651155962037e-16  -3.593564987812e-02  -5.905800647556e-02  -2.238165655297e-02  -5.134134177288e-03   4.832859717303e-02   6.319943160652e-02   1.096113568381e-01  -3.593564987812e-02  -5.905800647556e-02  -2.238165655297e-02  -5.134134177288e-03   4.832859717303e-02   6.319943160650e-02  -1.096113568381e-01  -3.554779028950e-02  -5.842516661998e-02  -2.214256176074e-02  -5.079347930234e-03   4.928092113553e-02  -1.253362846373e-01   1.062172387551e-14
   3.875187731210e-21   0.000000000000e+00   0.000000000000e+00   1.000000000000e+00   0.000000000000e+00  -1.530190493600e-20  -3.238534632189e-39   6.291202128136e-01  -5.925899146955e-53   2.772883028741e-21   0.000000000000e+00   2.202302509580e-01   0.000000000000e+00   6.374155218479e-21  -2.365307585144e-40   5.734990148843e-02  -3.361304244925e-54  -4.504829142624e-22  -6.401747246264e-36  -9.593327893304e-22   0.000000000000e+00  -1.661613132487e-21   2.806082809326e-04   4.614637695772e-04   1.749329150454e-04   4.013184245134e-05  -1.049399804390e-03   9.336450556548e-02  -1.483371624638e-18   5.034122119936e-02   8.273266735575e-02   3.135382070903e-02   7.192261310500e-03   6.319943160652e-02   4.908699459351e-03  -1.535514058954e-01   5.034122119934e-02   8.273266735573e-02   3.135382070902e-02   7.192261310497e-03   6.319943160650e-02   4.908699459403e-03   1.535514058954e-01  -1.009089332398e-01  -1.658505687686e-01  -6.285572937943e-02  -1.441866222963e-02  -1.253362846373e-01  -2.623561897002e-01   3.015171454306e-14
  -1.912069401722e-34   2.048436704421e-33   5.332182089400e-52   0.000000000000e+00   1.000000000000e+00   1.739625183291e-33   3.681787611855e-52  -5.925899146955e-53   6.291202128136e-01   0.000000000000e+00   0.000000000000e+00   0.000000000000e+00   2.202302509580e-01  -5.925438389690e-34   2.689043395940e-53  -3.361304244925e-54   5.734990148843e-02   0.000000000000e+00   1.661613132487e-21  -7.392100991829e-36  -4.504829142624e-22   0.000000000000e+00   1.511112497978e-16   2.485043090156e-16   9.420367544189e-17   2.161152496767e-17  -5.651155962037e-16  -1.483371624638e-18   9.336726013446e-02   8.731043017768e-02   1.434892639567e-01   5.437920472724e-02   1.247406030305e-02   1.096113568381e-01  -1.535514058954e-01  -1.728723667907e-01  -8.731043017769e-02  -1.434892639567e-01  -5.437920472724e-02  -1.247406030305e-02  -1.096113568381e-01   1.535514058954e-01  -1.728723667907e-01   8.551608407310e-15   1.405513934894e-14   5.326759153535e-15   1.221921084548e-15   1.062172387551e-14   3.015171454306e-14   9.343387983705e-02
   3.291794955376e-01   4.187995882560e-01   1.718382283956e-19  -1.530190493600e-20   1.739625183291e-33   1.000000000000e+00   0.000000000000e+00   0.000000000000e+00   2.142589368053e-33   7.746967835845e-01  -6.409591284546e-20   0.000000000000e+00   0.000000000000e+00   4.100964372946e-01   1.861072622617e-20  -2.326340778271e-21   2.644743265445e-34   0.000000000000e+00   0.000000000000e+00   0.000000000000e+00   0.000000000000e+00   0.000000000000e+00   1.875962708805e-01   4.259090048841e-01   4.630993828162e-01   3.141077904836e-01  -3.880602136386e-01  -1.018619046138e-03  -5.485397530612e-16   1.877010085989e-01   4.260419790163e-01   4.631623174138e-01   3.141246688210e-01   1.303677448371e-01  -1.826284345035e-01  -3.167457363823e-01   1.877010085989e-01   4.260419790163e-01   4.631623174138e-01   3.141246688210e-01   1.303677448371e-01  -1.826284345034e-01   3.167457363823e-01   1.876884339865e-01   4.260260161424e-01   4.631547630186e-01   3.141226428920e-01   1.289701682942e-01   3.661055158801e-01  -3.102590530931e-14
   4.111650829241e-21  -3.674087789698e-22   6.291202128136e-01  -3.238534632189e-39   3.681787611855e-52   0.000000000000e+00   1.000000000000e+00   0.000000000000e+00   0.000000000000e+00  -1.168020590765e-19   6.534608721805e-01   0.000000000000e+00   0.000000000000e+00   6.183078245701e-20   2.263653730943e-01  -3.507454771640e-40   3.987514414394e-53   0.000000000000e+00   0.000000000000e+00   0.000000000000e+00   0.000000000000e+00   0.000000000000e+00   3.865257892785e-01   4.907910208004e-01   2.323042643896e-01   6.230389883628e-02  -4.041624522950e-01  -1.772687477710e-03  -9.546155208513e-16  -1.298639132215e-01  -1.648536137938e-01  -7.801578639143e-02  -2.092207973108e-02   1.951180170335e-01   1.067222746524e-01   1.850961793823e-01  -1.298639132215e-01  -1.648536137938e-01  -7.801578639143e-02  -2.092207973108e-02   1.951180170335e-01   1.067222746524e-01  -1.850961793823e-01  -1.284703540055e-01  -1.630894574498e-01  -7.718254510358e-02  -2.069882726607e-02   1.967230903737e-01  -2.116589500441e-01   1.793720732710e-14
  -1.094572677215e-25   7.635186582520e-21  -3.238534632189e-39   6.291202128136e-01  -5.925899146955e-53   0.000000000000e+00   0.000000000000e+00   1.000000000000e+00   0.000000000000e+00   0.000000000000e+00   0.000000000000e+00   6.534608721805e-01   0.000000000000e+00  -7.728847807127e-21  -3.507454771640e-40   2.263653730943e-01  -4.984393017992e-54   0.000000000000e+00   0.000000000000e+00   0.000000000000e+00   0.000000000000e+00   0.000000000000e+00   1.014591336460e-03   1.288277086623e-03   6.097753386967e-04   1.635414705573e-04  -1.772687477710e-03   2.711682752815e-01  -2.505769767429e-18   1.819226312441e-01   2.309386991929e-01   1.092900774883e-01   2.930914140317e-02   1.067222746524e-01   1.217966258219e-01  -2.592959287238e-01   1.819226312441e-01   2.309386991928e-01   1.092900774883e-01   2.930914140316e-02   1.067222746524e-01   1.217966258219e-01   2.592959287238e-01  -3.646867012004e-01  -4.629593862205e-01  -2.190968335221e-01  -5.875742378710e-02  -2.116589500441e-01  -3.295473656649e-01   5.091805825169e-14
   0.000000000000e+00  -8.680202179812e-34   3.681787611855e-52  -5.925899146955e-53   6.291202128136e-01   2.142589368053e-33   0.000000000000e+00   0.000000000000e+00   1.000000000000e+00   0.000000000000e+00   0.000000000000e+00   0.000000000000e+00   6.534608721805e-01   8.786682664239e-34   3.987514414394e-53  -4.984393017992e-54   2.263653730943e-01   0.000000000000e+00   0.000000000000e+00   0.000000000000e+00   0.000000000000e+00   0.000000000000e+00   5.463707784279e-16   6.937541543622e-16   3.283720395567e-16   8.806923276661e-17  -9.546155208513e-16  -2.505769767429e-18   2.711729284079e-01   3.155216106117e-01   4.005337314198e-01   1.895497060325e-01   5.083296914701e-02   1.850961793823e-01  -2.592959287238e-01  -1.784149314348e-01  -3.155216106117e-01  -4.005337314198e-01  -1.895497060326e-01  -5.083296914701e-02  -1.850961793823e-01   2.592959287238e-01  -1.784149314349e-01   3.090566672237e-14   3.923386416183e-14   1.856753672254e-14   4.979444962077e-15   1.793720732710e-14   5.091805825169e-14   2.712854480113e-01
   1.537612665257e-01   1.871454501484e-01  -1.860711034671e-19   2.772883028741e-21   0.000000000000e+00   7.746967835845e-01  -1.168020590765e-19   0.000000000000e+00   0.000000000000e+00   1.000000000000e+00   0.000000000000e+00   0.000000000000e+00   0.000000000000e+00   7.744077347687e-01   0.000000000000e+00   0.000000000000e+00   0.000000000000e+00   0.000000000000e+00   0.000000000000e+00   0.000000000000e+00   0.000000000000e+00   0.000000000000e+00   2.665952081875e-01   5.799635317771e-01   7.574400141214e-01   6.300742961687e-01  -2.191666424849e-01  -5.752904020224e-04  -3.098014476172e-16   2.666509126298e-01   5.800571311080e-01   7.575131846250e-01   6.301034616786e-01   7.360810915520e-02  -1.031154888701e-01  -1.788406692714e-01   2.666509126298e-01   5.800571311080e-01   7.575131846250e-01   6.301034616786e-01   7.360810915520e-02  -1.031154888701e-01   1.788406692714e-01   2.666442258957e-01   5.800458957258e-01   7.575044017081e-01   6.300999609158e-01   7.282142246242e-02   2.067169857211e-01  -1.751839660047e-14
  -1.105239373216e-20   2.183174821478e-22   2.202302509580e-01   0.000000000000e+00   0.000000000000e+00  -6.409591284546e-20   6.534608721805e-01   0.000000000000e+00   0.000000000000e+00   0.000000000000e+00   1.000000000000e+00   0.000000000000e+00   0.000000000000e+00   0.000000000000e+00   6.530545656898e-01   0.000000000000e+00   0.000000000000e+00   0.000000000000e+00   0.000000000000e+00   0.000000000000e+00   0.000000000000e+00   0.000000000000e+00   3.746811335830e-01   6.295860467760e-01   4.921896319185e-01   1.961900213873e-01  -9.176315248869e-03  -7.566659688343e-04  -4.074745757681e-16  -1.258400581827e-01  -2.114421036971e-01  -1.652877641826e-01  -6.588147431861e-02   2.466335960011e-01   4.554149371021e-02   7.898591476409e-02  -1.258400581827e-01  -2.114421036971e-01  -1.652877641826e-01  -6.588147431861e-02   2.466335960011e-01   4.554149371019e-02  -7.898591476409e-02  -1.244949402789e-01  -2.091831735362e-01  -1.635231927988e-01  -6.517853354207e-02   2.473174735533e-01  -9.032401160793e-02   7.654580741752e-15
   1.485500498684e-21   1.869269104129e-21   0.000000000000e+00   2.202302509580e-01   0.000000000000e+00   0.000000000000e+00   0.000000000000e+00   6.534608721805e-01   0.000000000000e+00   0.000000000000e+00   0.000000000000e+00   1.000000000000e+00   0.000000000000e+00   0.000000000000e+00   0.000000000000e+00   6.530545656898e-01   0.000000000000e+00   0.000000000000e+00   0.000000000000e+00   0.000000000000e+00   0.000000000000e+00   0.000000000000e+00   9.835003060929e-04   1.652600075682e-03   1.291948300195e-03   5.149790816569e-04  -7.566659688343e-04   2.790864415488e-01  -1.069579794853e-18   1.762857281335e-01   2.962031784363e-01   2.315468880202e-01   9.229146774474e-02   4.554149371021e-02   2.153452291858e-01  -1.106491025001e-01   1.762857281335e-01   2.962031784362e-01   2.315468880201e-01   9.229146774472e-02   4.554149371019e-02   2.153452291858e-01   1.106491025001e-01  -3.534017590120e-01  -5.938048672325e-01  -4.641906236903e-01  -1.850212414415e-01  -9.032401160793e-02   2.273515010215e-02   2.172893366248e-14
  -7.064893538731e-35   0.000000000000e+00   0.000000000000e+00   0.000000000000e+00   2.202302509580e-01   0.000000000000e+00   0.000000000000e+00   0.000000000000e+00   6.534608721805e-01   0.000000000000e+00   0.000000000000e+00   0.000000000000e+00   1.000000000000e+00   0.000000000000e+00   0.000000000000e+00   0.000000000000e+00   6.530545656898e-01   0.000000000000e+00   0.000000000000e+00   0.000000000000e+00   0.000000000000e+00   0.000000000000e+00   5.296278496711e-16   8.899468754890e-16   6.957311511540e-16   2.773230083954e-16  -4.074745757681e-16  -1.069579794853e-18   2.790884277209e-01   3.057451208140e-01   5.137266501115e-01   4.015885574028e-01   1.600677845818e-01   7.898591476409e-02  -1.106491025001e-01   8.723623983871e-02  -3.057451208141e-01  -5.137266501116e-01  -4.015885574028e-01  -1.600677845818e-01  -7.898591476409e-02   1.106491025001e-01   8.723623983867e-02   2.994931525381e-14   5.032246929871e-14   3.933820636782e-14   1.567977336637e-14   7.654580741752e-15   2.172893366248e-14   2.791364505225e-01
   6.556249676812e-02   7.831571041382e-02  -4.059549962522e-20   6.374155218479e-21  -5.925438389690e-34   4.100964372946e-01   6.183078245701e-20  -7.728847807127e-21   8.786682664239e-34   7.744077347687e-01   0.000000000000e+00   0.000000000000e+00   0.000000000000e+00   1.000000000000e+00   0.000000000000e+00   0.000000000000e+00   0.000000000000e+00   0.000000000000e+00   0.000000000000e+00   0.000000000000e+00   0.000000000000e+00   0.000000000000e+00   1.763341348340e-01   4.412721000505e-01   7.691777042087e-01   9.131091133261e-01  -5.093860753051e-02  -1.337087235194e-04  -7.200390613113e-17   1.763460958201e-01   4.412994242884e-01   7.692155854958e-01   9.131380488851e-01   1.710575249807e-02  -2.396295804326e-02  -4.156069569312e-02   1.763460958201e-01   4.412994242884e-01   7.692155854958e-01   9.131380488851e-01   1.710575249807e-02  -2.396295804325e-02   4.156069569313e-02   1.763446601183e-01   4.412961445126e-01   7.692110385643e-01   9.131345757458e-01   1.692319711170e-02   4.803960397093e-02  -4.071154733400e-15
   1.872910554290e-22   1.702086592612e-22   5.734990148843e-02  -2.365307585144e-40   2.689043395940e-53   1.861072622617e-20   2.263653730943e-01  -3.507454771640e-40   3.987514414394e-53   0.000000000000e+00   6.530545656898e-01   0.000000000000e+00   0.000000000000e+00   0.000000000000e+00   1.000000000000e+00   0.000000000000e+00   0.000000000000e+00   0.000000000000e+00   0.000000000000e+00   0.000000000000e+00   4.191025668035e-34   0.000000000000e+00   1.466867574935e-01   3.350991035720e-01   4.645716305342e-01   3.548653924728e-01   7.679852085688e-02  -1.088306624110e-04  -5.860674303192e-17  -4.925912128791e-02  -1.125295156725e-01  -1.560056639142e-01  -1.191636239098e-01   1.135920595983e-01   6.549350746918e-03   1.135901389506e-02  -4.925912128791e-02  -1.125295156725e-01  -1.560056639142e-01  -1.191636239098e-01   1.135920595983e-01   6.549350746916e-03  -1.135901389506e-02  -4.873341132032e-02  -1.113286417201e-01  -1.543410631111e-01  -1.178923809557e-01   1.136903375119e-01  -1.298975407855e-02   1.100827118279e-15
  -2.721310278257e-22   4.263371863469e-22  -2.365307585144e-40   5.734990148843e-02  -3.361304244925e-54  -2.326340778271e-21  -3.507454771640e-40   2.263653730943e-01  -4.984393017992e-54   0.000000000000e+00   0.000000000000e+00   6.530545656898e-01   0.000000000000e+00   0.000000000000e+00   0.000000000000e+00   1.000000000000e+00   0.000000000000e+00   0.000000000000e+00   4.191025668035e-34   0.000000000000e+00   0.000000000000e+00   0.000000000000e+00   3.850379908779e-04   8.796014567984e-04   1.219453823210e-03   9.314859779066e-04  -1.088306624110e-04   1.182591231079e-01  -1.538368082743e-19   6.900569015035e-02   1.576393709071e-01   2.185438599856e-01   1.669329028557e-01   6.549350746918e-03   1.090924599612e-01  -1.591251676364e-02   6.900569015033e-02   1.576393709071e-01   2.185438599855e-01   1.669329028557e-01   6.549350746916e-03   1.090924599612e-01   1.591251676364e-02  -1.383387408731e-01  -3.160268017652e-01  -4.381254617181e-01  -3.346591814136e-01  -1.298975407855e-02   8.139251215969e-02   3.124900008759e-15
   2.339078453372e-36   3.813368787534e-37   2.689043395940e-53  -3.361304244925e-54   5.734990148843e-02   2.644743265445e-34   3.987514414394e-53  -4.984393017992e-54   2.263653730943e-01   0.000000000000e+00   0.000000000000e+00   0.000000000000e+00   6.530545656898e-01   0.000000000000e+00   0.000000000000e+00   0.000000000000e+00   1.000000000000e+00   0.000000000000e+00   0.000000000000e+00   4.839379595241e-34   0.000000000000e+00   0.000000000000e+00   2.073480220463e-16   4.736769528648e-16   6.566919218619e-16   5.016174498585e-16  -5.860674303192e-17  -1.538368082743e-19   1.182594087774e-01   1.196815720436e-01   2.734053914253e-01   3.790364630304e-01   2.895238377596e-01   1.135901389506e-02  -1.591251676364e-02   9.066902592969e-02  -1.196815720436e-01  -2.734053914254e-01  -3.790364630304e-01  -2.895238377597e-01  -1.135901389506e-02   1.591251676364e-02   9.066902592969e-02   1.172362744828e-14   2.678194455279e-14   3.712929333006e-14   2.836096049651e-14   1.100827118279e-15   3.124900008759e-15   1.182663154661e-01
  -4.836001877484e-41   0.000000000000e+00   1.661613132487e-21  -4.504829142624e-22   0.000000000000e+00   0.000000000000e+00   0.000000000000e+00   0.000000000000e+00   0.000000000000e+00   0.000000000000e+00   0.000000000000e+00   0.000000000000e+00   0.000000000000e+00   0.000000000000e+00   0.000000000000e+00   0.000000000000e+00   0.000000000000e+00   1.000000000000e+00   0.000000000000e+00   0.000000000000e+00  -5.228595964118e-53   0.000000000000e+00   1.869554763333e-03   1.216826575742e-03   2.211056768515e-04   2.177079370101e-05  -2.055088554077e-03   4.140927889415e-01  -4.441439578278e-18  -1.125773362430e-01  -7.324805461955e-02  -1.330698037603e-02  -1.310135234134e-03   1.313746436597e-01  -5.013787700620e-02   1.543396414000e-01  -1.125773362430e-01  -7.324805461953e-02  -1.330698037603e-02  -1.310135234134e-03   1.313746436596e-01  -5.013787700625e-02  -1.543396413999e-01   2.232655643445e-01   1.452728040192e-01   2.639236310465e-02   2.598480247400e-03  -2.660589050645e-01   2.161802273783e-01  -2.998426183878e-14
   0.000000000000e+00   0.000000000000e+00   0.000000000000e+00  -6.401747246264e-36   1.661613132487e-21   0.000000000000e+00   0.000000000000e+00   0.000000000000e+00   0.000000000000e+00   0.000000000000e+00   0.000000000000e+00   0.000000000000e+00   0.000000000000e+00   0.000000000000e+00   0.000000000000e+00   4.191025668035e-34   0.000000000000e+00   0.000000000000e+00   1.000000000000e+00  -3.018731287367e-53   0.000000000000e+00   5.228595964118e-53   2.642695829591e-18   1.720036545661e-18   3.125423558456e-19   3.077395048754e-20  -4.441439578278e-18   5.853379145998e-16   1.086973588167e-03   2.735215778473e-01   1.779658689964e-01   3.233107471099e-02   3.183147411308e-03   1.543396414000e-01   1.218166256754e-01  -1.800901391903e-01  -2.735215778473e-01  -1.779658689964e-01  -3.233107471098e-02  -3.183147411307e-03  -1.543396413999e-01  -1.218166256756e-01  -1.800901391903e-01  -5.371022112941e-14  -3.494777374591e-14  -6.349119097879e-15  -6.251073652940e-16  -2.998426183878e-14  -5.200572623183e-14  -3.906991132058e-01
   0.000000000000e+00   0.000000000000e+00   2.600864318147e-22  -9.593327893304e-22  -7.392100991829e-36   0.000000000000e+00   0.000000000000e+00   0.000000000000e+00   0.000000000000e+00   0.000000000000e+00   0.000000000000e+00   0.000000000000e+00   0.000000000000e+00   0.000000000000e+00   0.000000000000e+00   0.000000000000e+00   4.839379595241e-34   0.000000000000e+00  -3.018731287367e-53   1.000000000000e+00   0.000000000000e+00   0.000000000000e+00  -2.056069953244e-01  -1.338222666573e-01  -2.431641734076e-02  -2.394274597612e-03   1.064714941115e-01   2.794769676482e-04   1.164357223223e-15   2.051636934465e-01   1.334890478407e-01   2.425096679028e-02   2.387622522611e-03   1.960922282190e-01  -2.746999781478e-01   1.090471592005e-01   2.051636934466e-01   1.334890478407e-01   2.425096679029e-02   2.387622522612e-03   1.960922282190e-01  -2.746999781478e-01  -1.090471592004e-01  -2.056612329802e-01  -1.338181464787e-01  -2.431134399656e-02  -2.393591923251e-03  -3.534944627128e-02  -1.003458973062e-01   6.585228523887e-14
   0.000000000000e+00   9.323667546404e-54  -6.401747246264e-36   0.000000000000e+00  -4.504829142624e-22   0.000000000000e+00   0.000000000000e+00   0.000000000000e+00   0.000000000000e+00   0.000000000000e+00   0.000000000000e+00   0.000000000000e+00   0.000000000000e+00   0.000000000000e+00   4.191025668035e-34   0.000000000000e+00   0.000000000000e+00  -5.228595964118e-53   0.000000000000e+00   0.000000000000e+00   1.000000000000e+00   0.000000000000e+00   1.006779828142e-15   6.552771145470e-16   1.190683149313e-16   1.172385873402e-17  -1.106692214569e-15  -4.441439578278e-18   4.141010365387e-01  -1.952510372505e-01  -1.270394123572e-01  -2.307926095786e-02  -2.272262534717e-03   2.278525704997e-01   1.543396414000e-01   1.285558044533e-01   1.952510372506e-01   1.270394123572e-01   2.307926095786e-02   2.272262534717e-03  -2.278525704997e-01  -1.543396413999e-01   1.285558044533e-01  -1.892081915655e-14  -1.231126018597e-14  -2.236641959915e-15  -2.202102907686e-16   2.254737510684e-14  -2.998426183878e-14  -1.376339011485e-01
   0.000000000000e+00   0.000000000000e+00  -4.504829142624e-22  -1.661613132487e-21   0.000000000000e+00   0.000000000000e+00   0.000000000000e+00   0.000000000000e+00   0.000000000000e+00   0.000000000000e+00   0.000000000000e+00   0.000000000000e+00   0.000000000000e+00   0.000000000000e+00   0.000000000000e+00   0.000000000000e+00   0.000000000000e+00   0.000000000000e+00   5.228595964118e-53   0.000000000000e+00   0.000000000000e+00   1.000000000000e+00   3.561168549002e-01   2.317837709870e-01   4.211668991207e-02   4.146948104191e-03  -1.844057897616e-01  -2.657993834732e-03  -8.460150645846e-16  -3.867199672762e-02  -2.516180097242e-02  -4.571146544502e-03  -4.500510242827e-04  -1.609480207852e-01  -1.643295361401e-01   5.301797241211e-02  -3.867199672757e-02  -2.516180097239e-02  -4.571146544497e-03  -4.500510242821e-04  -1.609480207852e-01  -1.643295361401e-01  -5.301797241206e-02  -2.775646159560e-01  -1.806037136754e-01  -3.281108822500e-02  -3.230440726748e-03  -2.925870915655e-01  -4.916398432414e-02   3.727655066933e-14
   1.181655428460e-02   1.069270689633e-02   1.069024871078e-01   2.806082809326e-04   1.511112497978e-16   1.875962708805e-01   3.865257892785e-01   1.014591336460e-03   5.463707784279e-16   2.665952081875e-01   3.746811335830e-01   9.835003060929e-04   5.296278496711e-16   1.763341348340e-01   1.466867574935e-01   3.850379908779e-04   2.073480220463e-16   1.869554763333e-03   2.642695829591e-18  -2.056069953244e-01   1.006779828142e-15   3.561168549002e-01   1.000000000000e+00   7.063772200372e-01   3.736639626622e-01   1.837659445759e-01   8.010668114455e-17   0.000000000000e+00  -2.736677581400e-33   1.043875203365e-03   3.821951796356e-02   1.278805037031e-01   1.237508607025e-01   1.410350861934e-02  -4.938825214787e-03  -8.613829395948e-03   1.043875203365e-03   3.821951796356e-02   1.278805037031e-01   1.237508607025e-01   1.410350861934e-02  -4.938825214785e-03   8.613829395949e-03   1.043094805983e-03   3.820687671199e-02   1.278648993015e-01   1.237452913448e-01   1.405739243120e-02   9.978537836447e-03  -8.283762768362e-16
   7.425643106949e-02   8.898139046108e-02   1.758024549881e-01   4.614637695772e-04   2.485043090156e-16   4.259090048841e-01   4.907910208004e-01   1.288277086623e-03   6.937541543622e-16   5.799635317771e-01   6.295860467760e-01   1.652600075682e-03   8.899468754890e-16   4.412721000505e-01   3.350991035720e-01   8.796014567984e-04   4.736769528648e-16   1.216826575742e-03   1.720036545661e-18  -1.338222666573e-01   6.552771145470e-16   2.317837709870e-01   7.063772200372e-01   1.000000000000e+00   7.889632276872e-01   4.631805400595e-01   0.000000000000e+00   0.000000000000e+00   6.018714917430e-31   3.821951796356e-02   1.585402998670e-01   3.262615499096e-01   3.210640776062e-01   9.745170059092e-02  -3.412604119251e-02  -5.951939661910e-02   3.821951796356e-02   1.585402998670e-01   3.262615499096e-01   3.210640776062e-01   9.745170059092e-02  -3.412604119250e-02   5.951939661911e-02   3.820687671199e-02   1.585070671766e-01   3.262287587867e-01   3.210506848511e-01   9.716205094994e-02   6.896977561205e-02  -5.725580929008e-15
   7.927296797506e-02   9.523897792316e-02   6.664366294971e-02   1.749329150454e-04   9.420367544189e-17   4.630993828162e-01   2.323042643896e-01   6.097753386967e-04   3.283720395567e-16   7.574400141214e-01   4.921896319185e-01   1.291948300195e-03   6.957311511540e-16   7.691777042087e-01   4.645716305342e-01   1.219453823210e-03   6.566919218619e-16   2.211056768515e-04   3.125423558456e-19  -2.431641734076e-02   1.190683149313e-16   4.211668991207e-02   3.736639626622e-01   7.889632276872e-01   1.000000000000e+00   8.208664008791e-01   0.000000000000e+00   0.000000000000e+00   0.000000000000e+00   1.278805037031e-01   3.262615499096e-01   5.594935505374e-01   6.072815516908e-01   1.085139487227e-01  -3.799986518058e-02  -6.627575212716e-02   1.278805037031e-01   3.262615499096e-01   5.594935505374e-01   6.072815516908e-01   1.085139487227e-01  -3.799986518057e-02   6.627575212716e-02   1.278648993015e-01   3.262287587867e-01   5.594565684457e-01   6.072607201662e-01   1.082104645504e-01   7.681241169726e-02  -6.376643618485e-15
   4.886708200565e-02   5.823855683843e-02   1.528890649987e-02   4.013184245134e-05   2.161152496767e-17   3.141077904836e-01   6.230389883628e-02   1.635414705573e-04   8.806923276661e-17   6.300742961687e-01   1.961900213873e-01   5.149790816569e-04   2.773230083954e-16   9.131091133261e-01   3.548653924728e-01   9.314859779066e-04   5.016174498585e-16   2.177079370101e-05   3.077395048754e-20  -2.394274597612e-03   1.172385873402e-17   4.146948104191e-03   1.837659445759e-01   4.631805400595e-01   8.208664008791e-01   1.000000000000e+00   0.000000000000e+00   0.000000000000e+00   0.000000000000e+00   1.237508607025e-01   3.210640776062e-01   6.072815516908e-01   8.158841447318e-01   3.998883904164e-02  -1.400345771393e-02  -2.442349960878e-02   1.237508607025e-01   3.210640776062e-01   6.072815516908e-01   8.158841447318e-01   3.998883904164e-02  -1.400345771393e-02   2.442349960878e-02   1.237452913448e-01   3.210506848511e-01   6.072607201662e-01   8.158652477295e-01   3.987987522981e-02   2.830843955172e-02  -2.350047686670e-15
  -8.815469903152e-02  -1.059501317410e-01  -3.064194057717e-01  -1.049399804390e-03  -5.651155962037e-16  -3.880602136386e-01  -4.041624522950e-01  -1.772687477710e-03  -9.546155208513e-16  -2.191666424849e-01  -9.176315248869e-03  -7.566659688343e-04  -4.074745757681e-16  -5.093860753051e-02   7.679852085688e-02  -1.088306624110e-04  -5.860674303192e-17  -2.055088554077e-03  -4.441439578278e-18   1.064714941115e-01  -1.106692214569e-15  -1.844057897616e-01   8.010668114455e-17   0.000000000000e+00   0.000000000000e+00   0.000000000000e+00   1.000000000000e+00   0.000000000000e+00   0.000000000000e+00  -1.410350861934e-02  -9.745170059092e-02  -1.085139487227e-01  -3.998883904164e-02  -6.731710063103e-02   2.862259186389e-02   4.992080352372e-02  -1.410350861934e-02  -9.745170059092e-02  -1.085139487227e-01  -3.998883904164e-02  -6.731710063103e-02   2.862259186388e-02  -4.992080352372e-02  -1.405739243120e-02  -9.716205094994e-02  -1.082104645504e-01  -3.987987522981e-02  -6.684719370237e-02  -5.768108620234e-02   4.788441374411e-15
  -2.313972220910e-04  -2.781084438422e-04  -1.049399804390e-03   9.336450556548e-02  -1.483371624638e-18  -1.018619046138e-03  -1.772687477710e-03   2.711682752815e-01  -2.505769767429e-18  -5.752904020224e-04  -7.566659688343e-04   2.790864415488e-01  -1.069579794853e-18  -1.337087235194e-04  -1.088306624110e-04   1.182591231079e-01  -1.538368082743e-19   4.140927889415e-01   5.853379145998e-16   2.794769676482e-04  -4.441439578278e-18  -2.657993834732e-03   0.000000000000e+00   0.000000000000e+00   0.000000000000e+00   0.000000000000e+00   0.000000000000e+00   1.000000000000e+00   0.000000000000e+00   4.938825214787e-03   3.412604119251e-02   3.799986518058e-02   1.400345771393e-02   2.862259186389e-02   4.395549854738e-03  -1.748147427991e-02   4.938825214785e-03   3.412604119250e-02   3.799986518057e-02   1.400345771393e-02   2.862259186388e-02   4.395549854744e-03   1.748147427990e-02  -9.978537836447e-03  -6.896977561205e-02  -7.681241169726e-02  -2.830843955172e-02  -5.768108620234e-02  -2.653272768707e-02   3.399040303243e-15
  -1.246104473956e-16  -1.497650546472e-16  -5.651155962037e-16  -1.483371624638e-18   9.336726013446e-02  -5.485397530612e-16  -9.546155208513e-16  -2.505769767429e-18   2.711729284079e-01  -3.098014476172e-16  -4.074745757681e-16  -1.069579794853e-18   2.790884277209e-01  -7.200390613113e-17  -5.860674303192e-17  -1.538368082743e-19   1.182594087774e-01  -4.441439578278e-18   1.086973588167e-03   1.164357223223e-15   4.141010365387e-01  -8.460150645846e-16  -2.736677581400e-33   6.018714917430e-31   0.000000000000e+00   0.000000000000e+00   0.000000000000e+00   0.000000000000e+00   1.000000000000e+00   8.613829395948e-03   5.951939661910e-02   6.627575212716e-02   2.442349960878e-02   4.992080352372e-02  -1.748147427991e-02  -1.607079750909e-02  -8.613829395949e-03  -5.951939661911e-02  -6.627575212716e-02  -2.442349960878e-02  -4.992080352372e-02   1.748147427990e-02  -1.607079750909e-02   8.283762768362e-16   5.725580929008e-15   6.376643618485e-15   2.350047686670e-15   4.788441374411e-15   3.399040303243e-15   1.441177207946e-02
   1.183170869347e-02   1.070888878207e-02  -3.593564987812e-02   5.034122119936e-02   8.731043017768e-02   1.877010085989e-01  -1.298639132215e-01   1.819226312441e-01   3.155216106117e-01   2.666509126298e-01  -1.258400581827e-01   1.762857281335e-01   3.057451208140e-01   1.763460958201e-01  -4.925912128791e-02   6.900569015035e-02   1.196815720436e-01  -1.125773362430e-01   2.735215778473e-01   2.051636934465e-01  -1.952510372505e-01  -3.867199672762e-02   1.043875203365e-03   3.821951796356e-02   1.278805037031e-01   1.237508607025e-01  -1.410350861934e-02   4.938825214787e-03   8.613829395948e-03   1.000000000000e+00   7.063772200372e-01   3.736639626622e-01   1.837659445759e-01   1.589679562113e-16  -1.589679562113e-16   0.000000000000e+00   1.060297578238e-03   3.848432049721e-02   1.282066284630e-01   1.238671596210e-01  -2.756168969173e-17   1.488343975170e-15   1.744142086470e-02   1.057702386624e-03   3.844262755497e-02   1.281553748206e-01   1.238488945102e-01  -3.820340609879e-05   1.507920755205e-02   8.703843419274e-03
   7.429158810972e-02   8.902507679530e-02  -5.905800647556e-02   8.273266735575e-02   1.434892639567e-01   4.260419790163e-01  -1.648536137938e-01   2.309386991929e-01   4.005337314198e-01   5.800571311080e-01  -2.114421036971e-01   2.962031784363e-01   5.137266501115e-01   4.412994242884e-01  -1.125295156725e-01   1.576393709071e-01   2.734053914253e-01  -7.324805461955e-02   1.779658689964e-01   1.334890478407e-01  -1.270394123572e-01  -2.516180097242e-02   3.821951796356e-02   1.585402998670e-01   3.262615499096e-01   3.210640776062e-01  -9.745170059092e-02   3.412604119251e-02   5.951939661910e-02   7.063772200372e-01   1.000000000000e+00   7.889632276872e-01   4.631805400595e-01   0.000000000000e+00   1.694117641212e-16   6.776470564846e-16   3.848432049721e-02   1.592355135157e-01   3.269467075750e-01   3.213437340632e-01  -2.091704098570e-16   1.024935008299e-14   1.197672195519e-01   3.844262755497e-02   1.591261698551e-01   3.268390488691e-01   3.212998144095e-01  -2.625929409225e-04   1.036476550713e-01   5.982628446495e-02
   7.928560437525e-02   9.525435829965e-02  -2.238165655297e-02   3.135382070903e-02   5.437920472724e-02   4.631623174138e-01  -7.801578639143e-02   1.092900774883e-01   1.895497060325e-01   7.575131846250e-01  -1.652877641826e-01   2.315468880202e-01   4.015885574028e-01   7.692155854958e-01  -1.560056639142e-01   2.185438599856e-01   3.790364630304e-01  -1.330698037603e-02   3.233107471099e-02   2.425096679028e-02  -2.307926095786e-02  -4.571146544502e-03   1.278805037031e-01   3.262615499096e-01   5.594935505374e-01   6.072815516908e-01  -1.085139487227e-01   3.799986518058e-02   6.627575212716e-02   3.736639626622e-01   7.889632276872e-01   1.000000000000e+00   8.208664008791e-01   0.000000000000e+00   0.000000000000e+00   0.000000000000e+00   1.282066284630e-01   3.269467075750e-01   5.602659860568e-01   6.077165031329e-01  -2.187571408448e-16   1.133891180045e-14   1.328735765692e-01   1.281553748206e-01   3.268390488691e-01   5.601446501203e-01   6.076481990728e-01  -2.914970620935e-04   1.150563561991e-01   6.641148119305e-02
   4.886986971717e-02   5.824189546228e-02  -5.134134177288e-03   7.192261310500e-03   1.247406030305e-02   3.141246688210e-01  -2.092207973108e-02   2.930914140317e-02   5.083296914701e-02   6.301034616786e-01  -6.588147431861e-02   9.229146774474e-02   1.600677845818e-01   9.131380488851e-01  -1.191636239098e-01   1.669329028557e-01   2.895238377596e-01  -1.310135234134e-03   3.183147411308e-03   2.387622522611e-03  -2.272262534717e-03  -4.500510242827e-04   1.237508607025e-01   3.210640776062e-01   6.072815516908e-01   8.158841447318e-01  -3.998883904164e-02   1.400345771393e-02   2.442349960878e-02   1.837659445759e-01   4.631805400595e-01   8.208664008791e-01   1.000000000000e+00   0.000000000000e+00   0.000000000000e+00   1.039764176481e-16   1.238671596210e-01   3.213437340632e-01   6.077165031329e-01   8.162786562745e-01  -1.058714495323e-16   4.199567498115e-15   4.889208433363e-02   1.238488945102e-01   3.212998144095e-01   6.076481990728e-01   8.162167089014e-01  -1.072844234236e-04   4.234606945053e-02   2.444250181229e-02
   2.963028220592e-02   3.561413764408e-02   4.832859717303e-02   6.319943160652e-02   1.096113568381e-01   1.303677448371e-01   1.951180170335e-01   1.067222746524e-01   1.850961793823e-01   7.360810915520e-02   2.466335960011e-01   4.554149371021e-02   7.898591476409e-02   1.710575249807e-02   1.135920595983e-01   6.549350746918e-03   1.135901389506e-02   1.313746436597e-01   1.543396414000e-01   1.960922282190e-01   2.278525704997e-01  -1.609480207852e-01   1.410350861934e-02   9.745170059092e-02   1.085139487227e-01   3.998883904164e-02  -6.731710063103e-02   2.862259186389e-02   4.992080352372e-02   1.589679562113e-16   0.000000000000e+00   0.000000000000e+00   0.000000000000e+00   1.000000000000e+00   0.000000000000e+00   0.000000000000e+00   2.943751828803e-17   1.960972592410e-16   2.187571408448e-16   7.058096635487e-17   1.456467680356e-02   1.738236308040e-29   2.036355379303e-16   3.820340609879e-05   2.625929409225e-04   2.914970620935e-04   1.072844234235e-04   1.454107436286e-02   2.338279223359e-04   1.349674123152e-04
  -4.150821247944e-02  -4.989082393238e-02   6.319943160652e-02   4.908699459351e-03  -1.535514058954e-01  -1.826284345035e-01   1.067222746524e-01   1.217966258219e-01  -2.592959287238e-01  -1.031154888701e-01   4.554149371021e-02   2.153452291858e-01  -1.106491025001e-01  -2.396295804326e-02   6.549350746918e-03   1.090924599612e-01  -1.591251676364e-02  -5.013787700620e-02   1.218166256754e-01  -2.746999781478e-01   1.543396414000e-01  -1.643295361401e-01  -4.938825214787e-03  -3.412604119251e-02  -3.799986518058e-02  -1.400345771393e-02   2.862259186389e-02   4.395549854738e-03  -1.748147427991e-02  -1.589679562113e-16   1.694117641212e-16   0.000000000000e+00   0.000000000000e+00   0.000000000000e+00   1.000000000000e+00   0.000000000000e+00  -1.489288374263e-15  -1.021013063115e-14  -1.133891180045e-14  -4.164277014937e-15   1.738236308040e-29   1.456467680356e-02  -1.051573917872e-14  -1.507920755205e-02  -1.036476550713e-01  -1.150563561991e-01  -4.234606945053e-02   2.338279223358e-04  -7.775219214061e-02  -5.327277933812e-02
  -7.199070267157e-02  -8.652927353918e-02   1.096113568381e-01  -1.535514058954e-01  -1.728723667907e-01  -3.167457363823e-01   1.850961793823e-01  -2.592959287238e-01  -1.784149314348e-01  -1.788406692714e-01   7.898591476409e-02  -1.106491025001e-01   8.723623983871e-02  -4.156069569312e-02   1.135901389506e-02  -1.591251676364e-02   9.066902592969e-02   1.543396414000e-01  -1.800901391903e-01   1.090471592005e-01   1.285558044533e-01   5.301797241211e-02  -8.613829395948e-03  -5.951939661910e-02  -6.627575212716e-02  -2.442349960878e-02   4.992080352372e-02  -1.748147427991e-02  -1.607079750909e-02   0.000000000000e+00   6.776470564846e-16   0.000000000000e+00   1.039764176481e-16   0.000000000000e+00   0.000000000000e+00   1.000000000000e+00  -1.744142086470e-02  -1.197672195519e-01  -1.328735765692e-01  -4.889208433363e-02   2.036355379303e-16  -1.051573917872e-14  -1.086279060742e-01  -8.703843419274e-03  -5.982628446495e-02  -6.641148119305e-02  -2.444250181229e-02   1.349674123152e-04  -5.327277933812e-02  -1.620782243724e-02
   1.183170869347e-02   1.070888878207e-02  -3.593564987812e-02   5.034122119934e-02  -8.731043017769e-02   1.877010085989e-01  -1.298639132215e-01   1.819226312441e-01  -3.155216106117e-01   2.666509126298e-01  -1.258400581827e-01   1.762857281335e-01  -3.057451208141e-01   1.763460958201e-01  -4.925912128791e-02   6.900569015033e-02  -1.196815720436e-01  -1.125773362430e-01  -2.735215778473e-01   2.051636934466e-01   1.952510372506e-01  -3.867199672757e-02   1.043875203365e-03   3.821951796356e-02   1.278805037031e-01   1.237508607025e-01  -1.410350861934e-02   4.938825214785e-03  -8.613829395949e-03   1.060297578238e-03   3.848432049721e-02   1.282066284630e-01   1.238671596210e-01   2.943751828803e-17  -1.489288374263e-15  -1.744142086470e-02   1.000000000000e+00   7.063772200372e-01   3.736639626622e-01   1.837659445759e-01   7.703062584890e-19  -7.703062584890e-19   0.000000000000e+00   1.057702386624e-03   3.844262755497e-02   1.281553748206e-01   1.238488945102e-01  -3.820340609876e-05   1.507920755205e-02  -8.703843419276e-03
   7.429158810972e-02   8.902507679530e-02  -5.905800647556e-02   8.273266735573e-02  -1.434892639567e-01   4.260419790163e-01  -1.648536137938e-01   2.309386991928e-01  -4.005337314198e-01   5.800571311080e-01  -2.114421036971e-01   2.962031784362e-01  -5.137266501116e-01   4.412994242884e-01  -1.125295156725e-01   1.576393709071e-01  -2.734053914254e-01  -7.324805461953e-02  -1.779658689964e-01   1.334890478407e-01   1.270394123572e-01  -2.516180097239e-02   3.821951796356e-02   1.585402998670e-01   3.262615499096e-01   3.210640776062e-01  -9.745170059092e-02   3.412604119250e-02  -5.951939661911e-02   3.848432049721e-02   1.592355135157e-01   3.269467075750e-01   3.213437340632e-01   1.960972592410e-16  -1.021013063115e-14  -1.197672195519e-01   7.063772200372e-01   1.000000000000e+00   7.889632276872e-01   4.631805400595e-01  -1.694117641212e-16   1.694117641212e-16  -3.388235282423e-16   3.844262755497e-02   1.591261698551e-01   3.268390488691e-01   3.212998144095e-01  -2.625929409223e-04   1.036476550713e-01  -5.982628446497e-02
