ARMA_MAT_TXT_FN008
36 36
  -3.078968795038e+01  -3.302806426764e+01  -5.185465084932e-09  -3.708300438945e-02   1.660261730868e-27  -1.175624093031e+01  -2.362822530962e-09  -1.688968521399e-02   7.561772398285e-28  -5.092355723121e+00  -6.896622012203e-10  -4.916420201037e-03   2.201171678908e-28  -2.297562636534e+00  -1.918720007466e-10  -1.364970629753e-03   6.111258203544e-29   4.579160433462e-08   0.000000000000e+00   3.479124824942e-03   0.000000000000e+00  -1.518253837695e-03  -4.237238330047e-01  -2.157643885712e+00  -1.899183158303e+00  -1.087911128413e+00  -2.479125715213e+00   1.914807321425e+00   5.324659018233e-18  -4.237139785508e-01  -2.157628005032e+00  -1.899178620899e+00  -1.087910209298e+00   2.479112892360e+00   1.914759651681e+00   1.237853403741e-17
  -3.302806426764e+01  -2.853471229591e+01  -6.149791052335e-09  -4.397926643200e-02   1.969017724114e-27  -1.175878946675e+01  -1.799997385028e-09  -1.287406878557e-02   5.763911801844e-28  -5.120853125694e+00  -4.301679789234e-10  -3.079812954598e-03   1.378873568121e-28  -2.307084456469e+00  -1.121997336318e-10  -8.040256468863e-04   3.599719261895e-29   1.898542055024e-08   0.000000000000e+00   1.442409851686e-03   0.000000000000e+00  -6.294526362355e-04  -4.205005770782e-01  -2.167443738838e+00  -1.906751739181e+00  -1.091551613155e+00  -2.505482802755e+00   1.935725997505e+00   4.052149684907e-18  -4.204906074211e-01  -2.167427766120e+00  -1.906747181251e+00  -1.091550690935e+00   2.505469883245e+00   1.935677843148e+00   9.419977304930e-18
  -5.185465084932e-09  -6.149791052335e-09  -8.938092453859e+00   2.694363122301e-07   0.000000000000e+00  -1.680713991194e-08  -6.177053639130e+00   2.914074342594e-07   0.000000000000e+00  -1.054307922327e-08  -2.208063779484e+00   1.145836049637e-07   0.000000000000e+00  -5.388740863877e-09  -6.575925277254e-01   3.481739940889e-08   0.000000000000e+00  -8.847644584393e-02   0.000000000000e+00  -2.397541552496e-08   3.226490775415e-27  -2.530669399423e-07   7.442131000907e-01   8.987997056537e-01   2.746390221396e-01   5.778260933138e-02   1.139471703008e+00  -1.530741383038e+00  -5.796629029709e-17  -7.442071156040e-01  -8.988034021307e-01  -2.746413770918e-01  -5.778319432085e-02   1.139499762702e+00   1.530724056358e+00   1.347649952695e-16
  -3.708300438945e-02  -4.397926643200e-02   2.694363122301e-07  -8.920226112963e+00   0.000000000000e+00  -1.194508916417e-01   2.914074342594e-07  -6.157715904637e+00   0.000000000000e+00  -7.244097369727e-02   1.145836049637e-07  -2.200434998071e+00   0.000000000000e+00  -3.614096485757e-02   3.481739940889e-08  -6.552694586527e-01   0.000000000000e+00   2.499045436827e-07   3.226490775415e-27   4.827953184713e-02   0.000000000000e+00   5.950362420538e-02  -5.801995184063e-01  -7.234912458878e-01  -2.412484306589e-01  -6.214358409379e-02  -1.562995722583e+00   3.573780799218e-01   4.480760950887e-17  -5.801834387617e-01  -7.234801795916e-01  -2.412459851677e-01  -6.214313576401e-02   1.562978230344e+00   3.573521762575e-01   1.041705135175e-16
   1.660261730868e-27   1.969017724114e-27   0.000000000000e+00   0.000000000000e+00  -8.893703109320e+00   5.348079887367e-27   0.000000000000e+00   0.000000000000e+00  -6.129008582562e+00   3.243699794474e-27   0.000000000000e+00   0.000000000000e+00  -2.189109892479e+00   1.618436630564e-27   0.000000000000e+00   0.000000000000e+00  -6.518208079281e-01   0.000000000000e+00  -6.435746792443e-02   3.725630635448e-27  -4.468903408134e-08   0.000000000000e+00   7.030065561510e-18  -1.238074938108e-17  -1.777607236036e-18  -1.451241325294e-19  -5.796629029956e-17   4.480760950995e-17  -8.437879941628e-01   1.634469546203e-17  -2.878385886651e-17  -4.132771406764e-18  -3.374008562050e-19   1.347649952776e-16   1.041705135218e-16  -8.437766715012e-01
  -1.175624093031e+01  -1.175878946675e+01  -1.680713991194e-08  -1.194508916417e-01   5.348079887367e-27  -1.189219210717e+01  -6.526171655992e-08  -1.936962058988e-01   8.738801889363e-27  -7.713370790513e+00  -1.202817511642e-07  -1.154269754747e-01   5.462274276606e-27  -4.110527559872e+00  -5.958348021183e-08  -4.150660300141e-02   2.039577962655e-27   9.495479907897e-07   0.000000000000e+00   7.477768835303e-02   0.000000000000e+00  -3.263220436916e-02  -1.558819818990e+00  -3.775354376432e+00  -3.428621953425e+00  -2.066751050763e+00  -3.663123754833e+00   2.802476771368e+00   5.755744343815e-17  -1.558798878272e+00  -3.775331641070e+00  -3.428614308826e+00  -2.066749341643e+00   3.663122589958e+00   2.802420470891e+00   1.338137376459e-16
  -2.362822530962e-09  -1.799997385028e-09  -6.177053639130e+00   2.914074342594e-07   0.000000000000e+00  -6.526171655992e-08  -7.012466645977e+00   9.350382184359e-07   0.000000000000e+00  -2.264085408597e-07  -4.169673297504e+00   6.254583186302e-07   0.000000000000e+00  -1.950654459890e-07  -1.580920872810e+00   2.197380868825e-07   0.000000000000e+00  -2.611882216004e-01   0.000000000000e+00  -6.802362365758e-08   8.271680279809e-27  -1.210593569639e-06   1.876879320098e+00   1.865235413582e+00   6.599820601726e-01   1.517680639959e-01   1.203677263524e+00  -2.219060962648e+00  -1.332322308320e-16  -1.876876010049e+00  -1.865245120438e+00  -6.599880320830e-01  -1.517697961673e-01   1.203728119830e+00   2.219043362551e+00   3.097526017883e-16
  -1.688968521399e-02  -1.287406878557e-02   2.914074342594e-07  -6.157715904637e+00   0.000000000000e+00  -1.936962058988e-01   9.350382184359e-07  -6.945117563960e+00   0.000000000000e+00  -2.172703077465e-01   6.254583186302e-07  -4.113613698333e+00   0.000000000000e+00  -1.358850472874e-01   2.197380868825e-07  -1.558817962221e+00   0.000000000000e+00   1.132867877552e-06   8.271680279809e-27   1.374733529519e-01   0.000000000000e+00   1.234381967791e-01  -1.464385477431e+00  -1.521996068169e+00  -6.136331354417e-01  -1.870094018089e-01  -2.298565806967e+00   5.737733760150e-02   1.029877493006e-16  -1.464354063774e+00  -1.521974436552e+00  -6.136272069538e-01  -1.870081945782e-01   2.298547908322e+00   5.734545913775e-02   2.394322615195e-16
   7.561772398285e-28   5.763911801844e-28   0.000000000000e+00   0.000000000000e+00  -6.129008582562e+00   8.738801889363e-27   0.000000000000e+00   0.000000000000e+00  -6.845136266265e+00   1.028173880666e-26   0.000000000000e+00   0.000000000000e+00  -4.030391903640e+00   6.677206224089e-27   0.000000000000e+00   0.000000000000e+00  -1.526005671102e+00   0.000000000000e+00  -1.465155863800e-01   9.551313672396e-27  -1.955460643769e-07   0.000000000000e+00  -3.524094139273e-17  -3.892196117215e-17  -6.833438199886e-18  -6.378145834270e-19  -1.332322308592e-16   1.029877493224e-16  -1.685151182076e+00  -8.192976481454e-17  -9.048943739050e-17  -1.588711195149e-17  -1.482862910077e-18   3.097526018597e-16   2.394322615765e-16  -1.685134767991e+00
  -5.092355723121e+00  -5.120853125694e+00  -1.054307922327e-08  -7.244097369727e-02   3.243699794474e-27  -7.713370790513e+00  -2.264085408597e-07  -2.172703077465e-01   1.028173880666e-26  -7.099776922306e+00  -8.127466958273e-07  -2.430312791012e-01   1.644920667833e-26  -4.842935013271e+00  -5.323911428856e-07  -1.213787624740e-01   1.142124798412e-26   1.063072908943e-06   0.000000000000e+00   9.308671873853e-02   0.000000000000e+00  -4.062207453091e-02  -2.095862561045e+00  -4.086652909105e+00  -4.098076795649e+00  -2.742378941160e+00  -2.607827874678e+00   1.964419372989e+00   3.413323219313e-17  -2.095847253110e+00  -4.086635400104e+00  -4.098069162174e+00  -2.742376874373e+00   2.607834958343e+00   1.964385773766e+00   7.935631280761e-17
  -6.896622012203e-10  -4.301679789234e-10  -2.208063779484e+00   1.145836049637e-07   0.000000000000e+00  -1.202817511642e-07  -4.169673297504e+00   6.254583186302e-07   0.000000000000e+00  -8.127466958273e-07  -4.695223033430e+00   4.559482175981e-07   0.000000000000e+00  -9.259600227814e-07  -2.834829898277e+00   1.418827164854e-07   0.000000000000e+00  -1.901996540250e-01   0.000000000000e+00   3.936873811925e-08   5.806403429295e-27  -1.086837978071e-06   2.113835378656e+00   2.369055800719e+00   1.169111191437e+00   3.396295240641e-01   4.784936466171e-02  -1.423004612584e+00  -5.669105365012e-17  -2.113844583885e+00  -2.369073473994e+00  -1.169123368900e+00  -3.396341770369e-01   4.788870935356e-02   1.422998047317e+00   1.318025201442e-16
  -4.916420201037e-03  -3.079812954598e-03   1.145836049637e-07  -2.200434998071e+00   0.000000000000e+00  -1.154269754747e-01   6.254583186302e-07  -4.113613698333e+00   0.000000000000e+00  -2.430312791012e-01   4.559482175981e-07  -4.607044674109e+00   0.000000000000e+00  -2.111077225248e-01   1.418827164854e-07  -2.787071544136e+00   0.000000000000e+00   8.413868668058e-07   5.806403429295e-27   9.839948564313e-02   0.000000000000e+00   7.221101996856e-02  -1.646950528756e+00  -1.919599099955e+00  -1.058005863894e+00  -3.849058114212e-01  -1.497642239706e+00  -7.150702405377e-01   4.382185890174e-17  -1.646925243602e+00  -1.919575710830e+00  -1.057996096726e+00  -3.849032367256e-01   1.497635519411e+00  -7.150869603614e-01   1.018805824025e-16
   2.201171678908e-28   1.378873568121e-28   0.000000000000e+00   0.000000000000e+00  -2.189109892479e+00   5.462274276606e-27   0.000000000000e+00   0.000000000000e+00  -4.030391903640e+00   1.644920667833e-26   0.000000000000e+00   0.000000000000e+00  -4.476141823152e+00   1.986437825839e-26   0.000000000000e+00   0.000000000000e+00  -2.716173142102e+00   0.000000000000e+00  -9.197776542098e-02   6.704657165854e-27  -1.772624566123e-07   0.000000000000e+00  -5.031672566511e-17  -5.087552825017e-17  -1.623661583037e-17  -2.273079373676e-18  -5.669105372211e-17   4.382185896464e-17  -1.826341114635e+00  -1.169811917241e-16  -1.182806770426e-16  -3.774865587574e-17  -5.284710531490e-18   1.318025203235e-16   1.018805825580e-16  -1.826330588850e+00
  -2.297562636534e+00  -2.307084456469e+00  -5.388740863877e-09  -3.614096485757e-02   1.618436630564e-27  -4.110527559872e+00  -1.950654459890e-07  -1.358850472874e-01   6.677206224089e-27  -4.842935013271e+00  -9.259600227814e-07  -2.111077225248e-01   1.986437825839e-26  -4.365195406294e+00  -8.145631043568e-07  -1.444315260620e-01   2.860924339993e-26   6.337247250507e-07   0.000000000000e+00   5.875462938080e-02   0.000000000000e+00  -2.563990831183e-02  -1.574245068055e+00  -3.151526121794e+00  -3.740070534885e+00  -3.005597372855e+00  -1.255625153085e+00   9.294438083059e-01   5.476380815345e-18  -1.574238200379e+00  -3.151517115288e+00  -3.740065344693e+00  -3.005595473330e+00   1.255629937642e+00   9.294288579098e-01   1.273208637960e-17
  -1.918720007466e-10  -1.121997336318e-10  -6.575925277254e-01   3.481739940889e-08   0.000000000000e+00  -5.958348021183e-08  -1.580920872810e+00   2.197380868825e-07   0.000000000000e+00  -5.323911428856e-07  -2.834829898277e+00   1.418827164854e-07   0.000000000000e+00  -8.145631043568e-07  -2.907327230901e+00   1.858188989484e-08   0.000000000000e+00  -7.126725815953e-02   0.000000000000e+00   3.189921207596e-08   2.193326278263e-27  -4.316029666655e-07   1.082554378568e+00   1.548862130847e+00   1.166504023973e+00   5.029995229566e-01  -3.855828872039e-01  -4.604987448228e-01  -5.933689051666e-18  -1.082562271660e+00  -1.548876054005e+00  -1.166516644282e+00  -5.030060110504e-01  -3.855690385661e-01   4.604972766800e-01   1.379544084661e-17
  -1.364970629753e-03  -8.040256468863e-04   3.481739940889e-08  -6.552694586527e-01   0.000000000000e+00  -4.150660300141e-02   2.197380868825e-07  -1.558817962221e+00   0.000000000000e+00  -1.213787624740e-01   1.418827164854e-07  -2.787071544136e+00   0.000000000000e+00  -1.444315260620e-01   1.858188989484e-08  -2.872111684289e+00   0.000000000000e+00   3.046438144870e-07   2.193326278263e-27   3.671254257117e-02   0.000000000000e+00   2.542933912166e-02  -8.426112186257e-01  -1.242902892518e+00  -1.004934031615e+00  -4.907552222271e-01  -4.948413798998e-01  -6.433352512978e-01   4.586707560061e-18  -8.426007501978e-01  -1.242889543574e+00  -1.004924934236e+00  -4.907515432845e-01   4.948398809133e-01  -6.433401505457e-01   1.066358629778e-17
   6.111258203544e-29   3.599719261895e-29   0.000000000000e+00   0.000000000000e+00  -6.518208079281e-01   2.039577962655e-27   0.000000000000e+00   0.000000000000e+00  -1.526005671102e+00   1.142124798412e-26   0.000000000000e+00   0.000000000000e+00  -2.716173142102e+00   2.860924339993e-26   0.000000000000e+00   0.000000000000e+00  -2.819833372714e+00   0.000000000000e+00  -3.310860827289e-02   2.532635034351e-27  -7.170809614145e-08   0.000000000000e+00  -1.225471119692e-17  -2.061387118046e-17  -1.481685191148e-17  -4.276819302369e-18  -5.933689103310e-18   4.586707606083e-18  -1.001352348415e+00  -2.849108369282e-17  -4.792538702848e-17  -3.444786599218e-17  -9.943232560201e-18   1.379544097365e-17   1.066358641016e-17  -1.001348942161e+00
   4.579160433462e-08   1.898542055024e-08  -8.847644584393e-02   2.499045436827e-07   0.000000000000e+00   9.495479907897e-07  -2.611882216004e-01   1.132867877552e-06   0.000000000000e+00   1.063072908943e-06  -1.901996540250e-01   8.413868668058e-07   0.000000000000e+00   6.337247250507e-07  -7.126725815953e-02   3.046438144870e-07   0.000000000000e+00  -4.427586603988e+00   0.000000000000e+00  -1.044725532378e-06   0.000000000000e+00  -6.076902872784e-07   1.488194441396e+00   6.846546083157e-01   1.077633965798e-01   1.328591398795e-02   8.192207993380e-01  -1.347452612808e-01  -1.686048269502e-16  -1.488176019322e+00  -6.846509836676e-01  -1.077623915808e-01  -1.328529295515e-02   8.192447916794e-01   1.347205486132e-01   3.919868552393e-16
   0.000000000000e+00   0.000000000000e+00   0.000000000000e+00   3.226490775415e-27  -6.435746792443e-02   0.000000000000e+00   0.000000000000e+00   8.271680279809e-27  -1.465155863800e-01   0.000000000000e+00   0.000000000000e+00   5.806403429295e-27  -9.197776542098e-02   0.000000000000e+00   0.000000000000e+00   2.193326278263e-27  -3.310860827289e-02   0.000000000000e+00  -4.252554908834e+00   0.000000000000e+00   4.246790929023e-07   0.000000000000e+00  -6.715862931527e-17  -2.443382813575e-17  -1.304479378243e-18  -4.126211433047e-20  -1.686048269647e-16   5.677762389236e-17  -9.954098808733e-01  -1.561324611013e-16  -5.680559291140e-17  -3.032768018746e-18  -9.592996103604e-20   3.919868552786e-16   1.319961900899e-16  -9.953910339809e-01
   3.479124824942e-03   1.442409851686e-03  -2.397541552496e-08   4.827953184713e-02   3.725630635448e-27   7.477768835303e-02  -6.802362365758e-08   1.374733529519e-01   9.551313672396e-27   9.308671873853e-02   3.936873811925e-08   9.839948564313e-02   6.704657165854e-27   5.875462938080e-02   3.189921207596e-08   3.671254257117e-02   2.532635034351e-27  -1.044725532378e-06   0.000000000000e+00  -4.278663009848e+00   0.000000000000e+00   3.381143293926e-02   8.883166625961e-01   4.338917935044e-01   1.059988248640e-01   3.740849750180e-02   3.693167978560e-01  -2.607849625275e-01  -1.855203774164e-16   8.883099056578e-01   4.338914485665e-01   1.059988300025e-01   3.740847703886e-02  -3.693241498952e-01  -2.607853458370e-01  -4.313139081715e-16
   0.000000000000e+00   0.000000000000e+00   3.226490775415e-27   0.000000000000e+00  -4.468903408134e-08   0.000000000000e+00   8.271680279809e-27   0.000000000000e+00  -1.955460643769e-07   0.000000000000e+00   5.806403429295e-27   0.000000000000e+00  -1.772624566123e-07   0.000000000000e+00   2.193326278263e-27   0.000000000000e+00  -7.170809614145e-08   0.000000000000e+00   4.246790929023e-07   0.000000000000e+00  -4.287159833546e+00   0.000000000000e+00   8.688114910808e-17   3.160932685918e-17   1.687566712801e-18   5.337958693521e-20   1.445661806969e-16  -1.686048269643e-16   1.259681803357e+00  -2.019879682998e-16  -7.348917847544e-17  -3.923480394703e-18  -1.241042234737e-19   3.361104729478e-16   3.919868552777e-16  -1.259682708160e+00
  -1.518253837695e-03  -6.294526362355e-04  -2.530669399423e-07   5.950362420538e-02   0.000000000000e+00  -3.263220436916e-02  -1.210593569639e-06   1.234381967791e-01   0.000000000000e+00  -4.062207453091e-02  -1.086837978071e-06   7.221101996856e-02   0.000000000000e+00  -2.563990831183e-02  -4.316029666655e-07   2.542933912166e-02   0.000000000000e+00  -6.076902872784e-07   0.000000000000e+00   3.381143293926e-02   0.000000000000e+00  -4.344567917702e+00  -3.729249239713e-01  -1.580317114513e-01  -3.361997561508e-02  -1.338230075197e-02   8.351662029630e-01   1.332904757865e+00   4.389427840099e-17  -3.729505099260e-01  -1.580445934835e-01  -3.362196856098e-02  -1.338252590788e-02  -8.351292056729e-01   1.332908457464e+00   1.020571414246e-16
  -4.237238330047e-01  -4.205005770782e-01   7.442131000907e-01  -5.801995184063e-01   7.030065561510e-18  -1.558819818990e+00   1.876879320098e+00  -1.464385477431e+00  -3.524094139273e-17  -2.095862561045e+00   2.113835378656e+00  -1.646950528756e+00  -5.031672566511e-17  -1.574245068055e+00   1.082554378568e+00  -8.426112186257e-01  -1.225471119692e-17   1.488194441396e+00  -6.715862931527e-17   8.883166625961e-01   8.688114910808e-17  -3.729249239713e-01  -4.563650658581e+00  -3.866983142394e+00  -2.180239582065e+00  -1.097238778345e+00  -7.905021315535e-01   5.745994433062e-01  -5.193321363432e-26  -7.694643198398e-02  -6.443112082031e-01  -1.095325149743e+00  -8.469593752644e-01   5.600020076778e-01   4.251784467392e-02  -8.602580530329e-18
  -2.157643885712e+00  -2.167443738838e+00   8.987997056537e-01  -7.234912458878e-01  -1.238074938108e-17  -3.775354376432e+00   1.865235413582e+00  -1.521996068169e+00  -3.892196117215e-17  -4.086652909105e+00   2.369055800719e+00  -1.919599099955e+00  -5.087552825017e-17  -3.151526121794e+00   1.548862130847e+00  -1.242902892518e+00  -2.061387118046e-17   6.846546083157e-01  -2.443382813575e-17   4.338917935044e-01   3.160932685918e-17  -1.580317114513e-01  -3.866983142394e+00  -5.010076503214e+00  -3.825627822699e+00  -2.219885476239e+00  -1.354903139269e+00   9.808694166808e-01  -9.473132000890e-26  -6.443097171945e-01  -1.809192655827e+00  -2.356682827564e+00  -1.809363040786e+00   1.596144560237e+00   3.292868998943e-01   6.716274671905e-18
  -1.899183158303e+00  -1.906751739181e+00   2.746390221396e-01  -2.412484306589e-01  -1.777607236036e-18  -3.428621953425e+00   6.599820601726e-01  -6.136331354417e-01  -6.833438199886e-18  -4.098076795649e+00   1.169111191437e+00  -1.058005863894e+00  -1.623661583037e-17  -3.740070534885e+00   1.166504023973e+00  -1.004934031615e+00  -1.481685191148e-17   1.077633965798e-01  -1.304479378243e-18   1.059988248640e-01   1.687566712801e-18  -3.361997561508e-02  -2.180239582065e+00  -3.825627822699e+00  -4.012663300423e+00  -2.919620732629e+00  -9.548643796068e-01   6.882221828119e-01  -7.126470469294e-26  -1.095322318205e+00  -2.356680062573e+00  -2.983150838875e+00  -2.505743602676e+00   1.330100510824e+00   4.493317428382e-01   5.475659256880e-18
  -1.087911128413e+00  -1.091551613155e+00   5.778260933138e-02  -6.214358409379e-02  -1.451241325294e-19  -2.066751050763e+00   1.517680639959e-01  -1.870094018089e-01  -6.378145834270e-19  -2.742378941160e+00   3.396295240641e-01  -3.849058114212e-01  -2.273079373676e-18  -3.005597372855e+00   5.029995229566e-01  -4.907552222271e-01  -4.276819302369e-18   1.328591398795e-02  -4.126211433047e-20   3.740849750180e-02   5.337958693521e-20  -1.338230075197e-02  -1.097238778345e+00  -2.219885476239e+00  -2.919620732629e+00  -2.744650662242e+00  -5.173507215467e-01   3.721103845229e-01  -3.979055714346e-26  -8.469572267795e-01  -1.809360446279e+00  -2.505742593075e+00  -2.483445672091e+00   6.519981535654e-01   3.163512097013e-01   8.162588188447e-19
  -2.479125715213e+00  -2.505482802755e+00   1.139471703008e+00  -1.562995722583e+00  -5.796629029956e-17  -3.663123754833e+00   1.203677263524e+00  -2.298565806967e+00  -1.332322308592e-16  -2.607827874678e+00   4.784936466171e-02  -1.497642239706e+00  -5.669105372211e-17  -1.255625153085e+00  -3.855828872039e-01  -4.948413798998e-01  -5.933689103310e-18   8.192207993380e-01  -1.686048269647e-16   3.693167978560e-01   1.445661806969e-16   8.351662029630e-01  -7.905021315535e-01  -1.354903139269e+00  -9.548643796068e-01  -5.173507215467e-01  -4.158896053284e+00   5.969057898562e-01   0.000000000000e+00  -5.600007734050e-01  -1.596143281183e+00  -1.330099330612e+00  -6.519970319194e-01   1.872289294660e+00   2.981287468692e-01   9.943543478672e-18
   1.914807321425e+00   1.935725997505e+00  -1.530741383038e+00   3.573780799218e-01   4.480760950995e-17   2.802476771368e+00  -2.219060962648e+00   5.737733760150e-02   1.029877493224e-16   1.964419372989e+00  -1.423004612584e+00  -7.150702405377e-01   4.382185896464e-17   9.294438083059e-01  -4.604987448228e-01  -6.433352512978e-01   4.586707606083e-18  -1.347452612808e-01   5.677762389236e-17  -2.607849625275e-01  -1.686048269643e-16   1.332904757865e+00   5.745994433062e-01   9.808694166808e-01   6.882221828119e-01   3.721103845229e-01   5.969057898562e-01  -3.805860716911e+00   0.000000000000e+00   4.252146418066e-02   3.292992948530e-01   4.493438587772e-01   3.163579494361e-01  -2.981451309797e-01  -4.286699712345e-01  -3.367936230448e-23
   5.324659018233e-18   4.052149684907e-18  -5.796629029709e-17   4.480760950887e-17  -8.437879941628e-01   5.755744343815e-17  -1.332322308320e-16   1.029877493006e-16  -1.685151182076e+00   3.413323219313e-17  -5.669105365012e-17   4.382185890174e-17  -1.826341114635e+00   5.476380815345e-18  -5.933689051666e-18   4.586707560061e-18  -1.001352348415e+00  -1.686048269502e-16  -9.954098808733e-01  -1.855203774164e-16   1.259681803357e+00   4.389427840099e-17  -5.193321363432e-26  -9.473132000890e-26  -7.126470469294e-26  -3.979055714346e-26   0.000000000000e+00   0.000000000000e+00  -3.344456079540e+00   8.602580526218e-18  -6.716274722725e-18  -5.475659374956e-18  -8.162589234622e-19   9.943543509079e-18  -3.367401073066e-23  -3.207351345153e-01
  -4.237139785508e-01  -4.204906074211e-01  -7.442071156040e-01  -5.801834387617e-01   1.634469546203e-17  -1.558798878272e+00  -1.876876010049e+00  -1.464354063774e+00  -8.192976481454e-17  -2.095847253110e+00  -2.113844583885e+00  -1.646925243602e+00  -1.169811917241e-16  -1.574238200379e+00  -1.082562271660e+00  -8.426007501978e-01  -2.849108369282e-17  -1.488176019322e+00  -1.561324611013e-16   8.883099056578e-01  -2.019879682998e-16  -3.729505099260e-01  -7.694643198398e-02  -6.443097171945e-01  -1.095322318205e+00  -8.469572267795e-01  -5.600007734050e-01   4.252146418066e-02   8.602580526218e-18  -4.563634896907e+00  -3.866972204010e+00  -2.180233903644e+00  -1.097236009770e+00   7.905024625335e-01   5.745880507597e-01  -1.293079171382e-25
  -2.157628005032e+00  -2.167427766120e+00  -8.988034021307e-01  -7.234801795916e-01  -2.878385886651e-17  -3.775331641070e+00  -1.865245120438e+00  -1.521974436552e+00  -9.048943739050e-17  -4.086635400104e+00  -2.369073473994e+00  -1.919575710830e+00  -1.182806770426e-16  -3.151517115288e+00  -1.548876054005e+00  -1.242889543574e+00  -4.792538702848e-17  -6.846509836676e-01  -5.680559291140e-17   4.338914485665e-01  -7.348917847544e-17  -1.580445934835e-01  -6.443112082031e-01  -1.809192655827e+00  -2.356680062573e+00  -1.809360446279e+00  -1.596143281183e+00   3.292992948530e-01  -6.716274722725e-18  -3.866972204010e+00  -5.010064379144e+00  -3.825620600090e+00  -2.219881798838e+00   1.354905538971e+00   9.808513501317e-01  -2.358704347540e-25
  -1.899178620899e+00  -1.906747181251e+00  -2.746413770918e-01  -2.412459851677e-01  -4.132771406764e-18  -3.428614308826e+00  -6.599880320830e-01  -6.136272069538e-01  -1.588711195149e-17  -4.098069162174e+00  -1.169123368900e+00  -1.057996096726e+00  -3.774865587574e-17  -3.740065344693e+00  -1.166516644282e+00  -1.004924934236e+00  -3.444786599218e-17  -1.077623915808e-01  -3.032768018746e-18   1.059988300025e-01  -3.923480394703e-18  -3.362196856098e-02  -1.095325149743e+00  -2.356682827564e+00  -2.983150838875e+00  -2.505742593075e+00  -1.330099330612e+00   4.493438587772e-01  -5.475659374956e-18  -2.180233903644e+00  -3.825620600090e+00  -4.012658827884e+00  -2.919618428833e+00   9.548669240355e-01   6.882101433310e-01  -1.774411765503e-25
  -1.087910209298e+00  -1.091550690935e+00  -5.778319432085e-02  -6.214313576401e-02  -3.374008562050e-19  -2.066749341643e+00  -1.517697961673e-01  -1.870081945782e-01  -1.482862910077e-18  -2.742376874373e+00  -3.396341770369e-01  -3.849032367256e-01  -5.284710531490e-18  -3.005595473330e+00  -5.030060110504e-01  -4.907515432845e-01  -9.943232560201e-18  -1.328529295515e-02  -9.592996103604e-20   3.740847703886e-02  -1.241042234737e-19  -1.338252590788e-02  -8.469593752644e-01  -1.809363040786e+00  -2.505743602676e+00  -2.483445672091e+00  -6.519970319194e-01   3.163579494361e-01  -8.162589234622e-19  -1.097236009770e+00  -2.219881798838e+00  -2.919618428833e+00  -2.744649471496e+00   5.173522733013e-01   3.721040037805e-01  -9.907405503959e-26
   2.479112892360e+00   2.505469883245e+00   1.139499762702e+00   1.562978230344e+00   1.347649952776e-16   3.663122589958e+00   1.203728119830e+00   2.298547908322e+00   3.097526018597e-16   2.607834958343e+00   4.788870935356e-02   1.497635519411e+00   1.318025203235e-16   1.255629937642e+00  -3.855690385661e-01   4.948398809133e-01   1.379544097365e-17   8.192447916794e-01   3.919868552786e-16  -3.693241498952e-01   3.361104729478e-16  -8.351292056729e-01   5.600020076778e-01   1.596144560237e+00   1.330100510824e+00   6.519981535654e-01   1.872289294660e+00  -2.981451309797e-01   9.943543509079e-18   7.905024625335e-01   1.354905538971e+00   9.548669240355e-01   5.173522733013e-01  -4.158889848800e+00  -5.968974843182e-01   0.000000000000e+00
   1.914759651681e+00   1.935677843148e+00   1.530724056358e+00   3.573521762575e-01   1.041705135218e-16   2.802420470891e+00   2.219043362551e+00   5.734545913775e-02   2.394322615765e-16   1.964385773766e+00   1.422998047317e+00  -7.150869603614e-01   1.018805825580e-16   9.294288579098e-01   4.604972766800e-01  -6.433401505457e-01   1.066358641016e-17   1.347205486132e-01   1.319961900899e-16  -2.607853458370e-01   3.919868552777e-16   1.332908457464e+00   4.251784467392e-02   3.292868998943e-01   4.493317428382e-01   3.163512097013e-01   2.981287468692e-01  -4.286699712345e-01  -3.367401073066e-23   5.745880507597e-01   9.808513501317e-01   6.882101433310e-01   3.721040037805e-01  -5.968974843182e-01  -3.805834365925e+00   0.000000000000e+00
   1.237853403741e-17   9.419977304930e-18   1.347649952695e-16   1.041705135175e-16  -8.437766715012e-01   1.338137376459e-16   3.097526017883e-16   2.394322615195e-16  -1.685134767991e+00   7.935631280761e-17   1.318025201442e-16   1.018805824025e-16  -1.826330588850e+00   1.273208637960e-17   1.379544084661e-17   1.066358629778e-17  -1.001348942161e+00   3.919868552393e-16  -9.953910339809e-01  -4.313139081715e-16  -1.259682708160e+00   1.020571414246e-16  -8.602580530329e-18   6.716274671905e-18   5.475659256880e-18   8.162588188447e-19   9.943543478672e-18  -3.367936230448e-23  -3.207351345153e-01  -1.293079171382e-25  -2.358704347540e-25  -1.774411765503e-25  -9.907405503959e-26   0.000000000000e+00   0.000000000000e+00  -3.344445024567e+00
