ARMA_MAT_TXT_FN008
36 36
   3.184902175809e-01   2.841738644538e-01   3.580776866348e-08   6.345810658722e-03  -1.197392240934e-16  -6.610921146911e-02   3.940707046541e-08   7.045330162595e-03   8.743257644788e-16  -5.572547545386e-02   3.243408857298e-08   9.166279037741e-03  -1.140031460282e-15   1.729934876076e-03   1.121674846886e-08   2.288577774259e-03   8.020614979964e-16   1.075810423974e-08   2.492181562027e-16   5.239567880363e-04  -2.942320041073e-16  -6.418050575779e-04  -7.113168297447e-03  -3.465494388428e-03   1.065847884776e-03  -9.008619542139e-04  -1.443411794156e-03   1.960594610646e-03  -4.448407538735e-16  -7.113107335123e-03  -3.465490469915e-03   1.065844173325e-03  -9.008541256229e-04   1.443429194895e-03   1.960576738697e-03   1.601087738014e-16
   2.841738644538e-01   2.627599616892e-01   5.685715841477e-08   1.014694757281e-02  -1.030929518971e-16  -1.132054373899e-01   6.813192715292e-08   1.259928070283e-02   8.063908384247e-16  -9.313088718594e-02   5.496456547947e-08   1.563582466776e-02  -9.543209428365e-16   2.459636942384e-03   1.886966575839e-08   3.873018810476e-03   7.240682479405e-16   1.860883942291e-08   2.235699518740e-16   8.006056572349e-04  -2.608042813791e-16  -1.064200932771e-03  -1.185497233213e-02  -5.679722036039e-03   1.921624088731e-03  -1.470670611609e-03  -2.418531163535e-03   3.310802087445e-03  -3.584837863894e-16  -1.185487158014e-02  -5.679719200577e-03   1.921618617598e-03  -1.470658406821e-03   2.418561343974e-03   3.310772975392e-03   1.479090460623e-16
   3.580776866348e-08   5.685715841477e-08   5.204547322466e-02  -5.228480799219e-09  -1.973957221147e-17  -1.598692086950e-07   8.004728482650e-02   5.980402493111e-09  -3.111472266236e-17  -1.068032899997e-07   4.856187583940e-02   1.392784203298e-07   1.817440783746e-16  -2.753848025906e-09   3.243940299883e-03   6.340290934849e-08  -1.227609861799e-16   6.462890165354e-03   1.704375479925e-17  -4.856345926559e-09   1.024105693279e-17   4.057219319725e-08  -3.366844470110e-02  -4.950308071696e-02  -6.783015213824e-03  -2.857900279900e-03  -4.461340444976e-03   6.096047727677e-03   6.060444759439e-17   3.366857124404e-02   4.950346034493e-02   6.783131982344e-03   2.857901855250e-03  -4.461507437160e-03  -6.095989688515e-03  -3.445110698005e-17
   6.345810658722e-03   1.014694757281e-02  -5.228480799219e-09   6.519108786383e-02  -2.344416932481e-17  -3.050913159987e-02   1.057476130265e-08   9.946650051193e-02  -1.709649594838e-16  -6.389793165770e-02   1.277787748232e-07   7.615886200728e-02   3.237111051326e-16  -3.583606239303e-03   5.892693382347e-08   1.531250873432e-02  -1.386851136576e-16  -2.043944561675e-08   8.977941925640e-17  -3.410927819788e-03  -1.077602388574e-17  -2.919786460333e-03   2.563399711200e-02   4.143088945407e-02   4.033472249561e-03   3.663360827090e-04   8.776741866416e-03   1.767174852352e-03   1.280447967463e-16   2.563356819535e-02   4.143038674039e-02   4.033527744229e-03   3.663071195830e-04  -8.776670060018e-03   1.767291598944e-03  -4.314307415699e-17
  -1.197392240934e-16  -1.030929518971e-16  -1.973957221147e-17  -2.344416932481e-17   8.273439591432e-02   2.050730521876e-16  -1.757062480335e-16  -1.470592470245e-16   1.279880518534e-01  -4.198848331758e-16  -1.155664961098e-16  -4.280236492205e-16   1.185288218966e-01  -2.485822371793e-15   4.021223757774e-16  -7.743747900982e-16   2.372297296649e-02  -3.806687526536e-17   4.721467245964e-03   6.369125334022e-17   1.256225287227e-08  -2.043751334586e-18   8.069559294132e-17   2.219317333276e-16   1.845282495142e-15   5.062468620351e-16   1.351006760096e-16  -8.403728105288e-17   9.347462653467e-03   5.655405682021e-19   5.334972563307e-16   1.134496099544e-15  -5.241558346668e-16  -2.518049004728e-16  -1.816954792807e-16   9.347414916371e-03
  -6.610921146911e-02  -1.132054373899e-01  -1.598692086950e-07  -3.050913159987e-02   2.050730521876e-16   3.332084070576e-01  -2.121414065470e-07  -4.289546215210e-02  -1.599398621262e-17   2.690970159764e-01  -1.711639349792e-07  -4.901975378726e-02   1.406918314684e-16  -5.575727961757e-03  -5.733113979102e-08  -1.189459171829e-02  -1.514007079660e-16  -5.500811898162e-08  -5.105523373151e-17  -1.912657553840e-03   5.116655878189e-17   3.146271084284e-03   3.266518442463e-02   1.407390216399e-02  -6.094590483626e-03   4.083728261467e-03   6.546429092125e-03  -9.646971309695e-03  -1.164824625646e-16   3.266491025023e-02   1.407391500885e-02  -6.094581191985e-03   4.083696572185e-03  -6.546520742881e-03  -9.646893973756e-03  -3.809571203008e-17
   3.940707046541e-08   6.813192715292e-08   8.004728482650e-02   1.057476130265e-08  -1.757062480335e-16  -2.121414065470e-07   1.231147957948e-01   3.814548111197e-08  -2.727024405025e-16  -1.506094816663e-07   7.468942188783e-02   2.342079802113e-07   7.129796131519e-17  -6.243396016505e-09   4.989264138781e-03   1.012627212708e-07  -2.304857569444e-16   9.940092342609e-03   1.791916472174e-17  -8.915109989534e-09   1.575100004837e-17   6.180436812875e-08  -5.178292604699e-02  -7.613700303755e-02  -1.043245235588e-02  -4.395523922967e-03  -6.861653139765e-03   9.375878508427e-03   7.678979785388e-17   5.178314724919e-02   7.613761953821e-02   1.043263314203e-02   4.395527693543e-03  -6.861917838278e-03  -9.375790583987e-03  -6.940808895922e-17
   7.045330162595e-03   1.259928070283e-02   5.980402493111e-09   9.946650051193e-02  -1.470592470245e-16  -4.289546215210e-02   3.814548111197e-08   1.518167041051e-01  -4.437843764167e-16  -9.473920844738e-02   2.084810591974e-07   1.160531084853e-01   3.409015942777e-16  -5.554886855515e-03   9.055802882803e-08   2.331002710514e-02  -2.516120932640e-16  -2.995807594159e-08   1.288772390063e-16  -5.245503293501e-03  -1.413339196913e-17  -4.434491271603e-03   3.962808467405e-02   6.360283414484e-02   6.106938095785e-03   6.082899915317e-04   1.351453133285e-02   2.594973516280e-03   1.847734268595e-16   3.962744524954e-02   6.360209465639e-02   6.107027315081e-03   6.082470115276e-04  -1.351442514759e-02   2.595149464651e-03  -8.033220557337e-17
   8.743257644788e-16   8.063908384247e-16  -3.111472266236e-17  -1.709649594838e-16   1.279880518534e-01  -1.599398621262e-17  -2.727024405025e-16  -4.437843764167e-16   1.979943315741e-01  -8.217322324918e-16  -1.793182387303e-16  -8.057946674451e-16   1.833611381987e-01  -3.826996042344e-15   6.220371772675e-16  -1.224151535137e-15   3.669884889590e-02  -5.896020118862e-17   7.303992348316e-03   1.104615139610e-16   1.943349261506e-08   6.427243896615e-19   1.425465510637e-17   2.138457586006e-16   2.851054983742e-15   7.768326166284e-16   1.770609503939e-16  -1.226254933104e-16   1.446029213810e-02  -1.104512765937e-16   6.947310677223e-16   1.751335205316e-15  -8.172381079276e-16  -3.575004121386e-16  -2.735652351815e-16   1.446021829000e-02
  -5.572547545386e-02  -9.313088718594e-02  -1.068032899997e-07  -6.389793165770e-02  -4.198848331758e-16   2.690970159764e-01  -1.506094816663e-07  -9.473920844738e-02  -8.217322324918e-16   2.420369261760e-01  -1.995732958144e-07  -8.467495499137e-02  -9.341235832246e-16  -1.931534273531e-03  -7.945684292225e-08  -1.855402786221e-02  -2.006227676201e-16  -2.717364173747e-08  -1.300721177456e-16   7.104643869516e-04   4.715574574285e-17   4.196747717181e-03   8.375570242444e-03  -1.550586170767e-02  -7.107485902514e-03   2.832910524583e-03  -6.110413860486e-04  -8.347246741910e-03  -2.311666007129e-16   8.375647143588e-03  -1.550551713069e-02  -7.107511270799e-03   2.832906049244e-03   6.109257918787e-04  -8.347264477257e-03  -6.904841721857e-17
   3.243408857298e-08   5.496456547947e-08   4.856187583940e-02   1.277787748232e-07  -1.155664961098e-16  -1.711639349792e-07   7.468942188783e-02   2.084810591974e-07  -1.793182387303e-16  -1.995732958144e-07   4.531144860334e-02   2.832675625569e-07   3.040141389291e-17  -1.078597366104e-08   3.026811292492e-03   8.972688758803e-08  -1.424003818898e-16   6.030304853151e-03   1.035910197093e-17  -1.191638684849e-08   9.555559502326e-18   3.213888933717e-08  -3.141483249562e-02  -4.618956660148e-02  -6.328995057720e-03  -2.666609086735e-03  -4.162707108514e-03   5.688019032896e-03   4.557227795316e-17   3.141506615017e-02   4.619009788021e-02   6.329119374674e-03   2.666613120860e-03  -4.162901328338e-03  -5.687959905097e-03  -4.312115891098e-17
   9.166279037741e-03   1.563582466776e-02   1.392784203298e-07   7.615886200728e-02  -4.280236492205e-16  -4.901975378726e-02   2.342079802113e-07   1.160531084853e-01  -8.057946674451e-16  -8.467495499137e-02   2.832675625569e-07   8.953562454318e-02  -1.934518414378e-16  -3.884173605587e-03   7.872825388500e-08   1.808743246815e-02  -2.678197385713e-16  -3.959653120087e-09   8.215116415419e-17  -3.838071090975e-03  -1.369064688435e-17  -3.485653113693e-03   2.807545987762e-02   4.700002431266e-02   4.888978520311e-03   2.497508453359e-04   9.807000033138e-03   2.434335355117e-03   1.089629123069e-16   2.807515800435e-02   4.699970996763e-02   4.889078003441e-03   2.497341227100e-04  -9.806937468454e-03   2.434433750814e-03  -9.277522983736e-17
  -1.140031460282e-15  -9.543209428365e-16   1.817440783746e-16   3.237111051326e-16   1.185288218966e-01   1.406918314684e-16   7.129796131519e-17   3.409015942777e-16   1.833611381987e-01  -9.341235832246e-16   3.040141389291e-17  -1.934518414378e-16   1.698094421908e-01  -3.583363258894e-15   5.891885481794e-16  -1.025234396114e-15   3.398654219360e-02  -2.845604821638e-17   6.764175215193e-03   7.186850871978e-17   1.799721889382e-08  -1.883463548998e-17   1.247245279859e-16   3.496009444572e-16   2.638701699849e-15   7.162424927495e-16   2.247403179504e-16  -8.663929634439e-17   1.339157340540e-02   2.816556471904e-16   1.195490390834e-15   1.675143847374e-15  -7.368909931416e-16  -4.279425575155e-16  -2.757475865056e-16   1.339150501520e-02
   1.729934876076e-03   2.459636942384e-03  -2.753848025906e-09  -3.583606239303e-03  -2.485822371793e-15  -5.575727961757e-03  -6.243396016505e-09  -5.554886855515e-03  -3.826996042344e-15  -1.931534273531e-03  -1.078597366104e-08  -3.884173605587e-03  -3.583363258894e-15   3.632850906533e-04  -2.983671800622e-09  -7.345021194444e-04  -6.976626787473e-16   1.754853984185e-09  -1.458996580355e-16   2.676387094087e-04  -1.054931084278e-18   1.200167398634e-04  -2.426390887263e-03  -3.040317280372e-03  -1.263876842607e-04  -1.171030367457e-04  -7.251429260653e-04   1.035211700184e-04  -2.872191147744e-16  -2.426365213169e-03  -3.040297393153e-03  -1.263932984443e-04  -1.171011525155e-04   7.251414523153e-04   1.035133238106e-04  -2.764600562701e-16
   1.121674846886e-08   1.886966575839e-08   3.243940299883e-03   5.892693382347e-08   4.021223757774e-16  -5.733113979102e-08   4.989264138781e-03   9.055802882803e-08   6.220371772675e-16  -7.945684292225e-08   3.026811292492e-03   7.872825388500e-08   5.891885481794e-16  -2.983671800622e-09   2.021914303027e-04   1.816095918609e-08   1.080042873042e-16   4.028252326541e-04   2.408084234724e-17  -3.187223663082e-09   6.383636776055e-19  -2.345726019492e-10  -2.098498644648e-03  -3.085440016488e-03  -4.227743690730e-04  -1.781298855007e-04  -2.780633953737e-04   3.799624736281e-04   4.934896426359e-17   2.098547633254e-03   3.085534874887e-03   4.227894980528e-04   1.781301260295e-04  -2.780884471893e-04  -3.799545576992e-04   4.342386067349e-17
   2.288577774259e-03   3.873018810476e-03   6.340290934849e-08   1.531250873432e-02  -7.743747900982e-16  -1.189459171829e-02   1.012627212708e-07   2.331002710514e-02  -1.224151535137e-15  -1.855402786221e-02   8.972688758803e-08   1.808743246815e-02  -1.025234396114e-15  -7.345021194444e-04   1.816095918609e-08   3.666867124792e-03  -2.493655272723e-16   3.883562889563e-09  -2.260130500834e-17  -7.492307394828e-04  -3.086642614113e-18  -7.122035404376e-04   5.359238960354e-03   9.235771464823e-03   1.009843838121e-03   2.300007146853e-05   1.903665384065e-03   5.458366609107e-04  -5.542042770194e-17   5.359225759796e-03   9.235775051622e-03   1.009872571144e-03   2.300077234175e-05  -1.903658324949e-03   5.458475509105e-04  -9.588508318786e-17
   8.020614979964e-16   7.240682479405e-16  -1.227609861799e-16  -1.386851136576e-16   2.372297296649e-02  -1.514007079660e-16  -2.304857569444e-16  -2.516120932640e-16   3.669884889590e-02  -2.006227676201e-16  -1.424003818898e-16  -2.678197385713e-16   3.398654219360e-02  -6.976626787473e-16   1.080042873042e-16  -2.493655272723e-16   6.802242769160e-03  -2.545641784490e-17   1.353817098685e-03   2.857951620791e-17   3.602056701976e-09   3.792922896520e-18   6.920859116214e-18   6.033968176472e-17   5.393783484454e-16   1.469744712404e-16   2.143385103662e-17  -3.375808167479e-17   2.680258934424e-03  -1.675607585822e-16  -7.308426052548e-17   3.050462693613e-16  -1.613399333329e-16  -3.482111545730e-17  -3.432881355017e-17   2.680245246455e-03
   1.075810423974e-08   1.860883942291e-08   6.462890165354e-03  -2.043944561675e-08  -3.806687526536e-17  -5.500811898162e-08   9.940092342609e-03  -2.995807594159e-08  -5.896020118862e-17  -2.717364173747e-08   6.030304853151e-03  -3.959653120087e-09  -2.845604821638e-17   1.754853984185e-09   4.028252326541e-04   3.883562889563e-09  -2.545641784490e-17   8.025472092407e-04   8.392379051063e-20   9.208130946331e-10   1.271703443293e-18   5.676661373419e-09  -4.180885969874e-03  -6.147198800573e-03  -8.423002581942e-04  -3.548883522489e-04  -5.540034007585e-04   7.569942296898e-04   3.501783076373e-18   4.180873683001e-03   6.147211469841e-03   8.423134817162e-04   3.548871405699e-04  -5.540158418753e-04  -7.569856389360e-04  -8.301930922619e-18
   2.492181562027e-16   2.235699518740e-16   1.704375479925e-17   8.977941925640e-17   4.721467245964e-03  -5.105523373151e-17   1.791916472174e-17   1.288772390063e-16   7.303992348316e-03  -1.300721177456e-16   1.035910197093e-17   8.215116415419e-17   6.764175215193e-03  -1.458996580355e-16   2.408084234724e-17  -2.260130500834e-17   1.353817098685e-03   8.392379051063e-20   2.694435936632e-04  -7.829414423176e-19   7.168997224970e-10  -4.314017034859e-18   2.525177172688e-17   5.048392911507e-17   1.087138256246e-16   2.806130953115e-17   1.759740677261e-17   3.925394007235e-19   5.334388226744e-04   4.418722827017e-17   1.028290000221e-16   7.288715292409e-17  -2.874599326874e-17  -2.737251941736e-17  -9.436957220239e-18   5.334360984249e-04
   5.239567880363e-04   8.006056572349e-04  -4.856345926559e-09  -3.410927819788e-03   6.369125334022e-17  -1.912657553840e-03  -8.915109989534e-09  -5.245503293501e-03   1.104615139610e-16   7.104643869516e-04  -1.191638684849e-08  -3.838071090975e-03   7.186850871978e-17   2.676387094087e-04  -3.187223663082e-09  -7.492307394828e-04   2.857951620791e-17   9.208130946331e-10  -7.829414423176e-19   2.171582317621e-04  -9.367428059957e-20   1.331841872606e-04  -1.833003196404e-03  -2.536374654739e-03  -1.648368176526e-04  -6.603330871570e-05  -5.765327730098e-04   4.598865268077e-06   9.785695965408e-19  -1.832984475540e-03  -2.536359060044e-03  -1.648419135759e-04  -6.603205438187e-05   5.765308400581e-04   4.592923795321e-06   1.028262355713e-17
  -2.942320041073e-16  -2.608042813791e-16   1.024105693279e-17  -1.077602388574e-17   1.256225287227e-08   5.116655878189e-17   1.575100004837e-17  -1.413339196913e-17   1.943349261506e-08   4.715574574285e-17   9.555559502326e-18  -1.369064688435e-17   1.799721889382e-08  -1.054931084278e-18   6.383636776055e-19  -3.086642614113e-18   3.602056701976e-09   1.271703443293e-18   7.168997224970e-10  -9.367428059957e-20   1.907431552293e-15   7.449087392769e-19  -3.690216014614e-18  -1.093719247068e-17  -2.461069679596e-18   8.009086790457e-20  -6.124642079223e-19  -4.076310764002e-19   1.419303160061e-09   9.559798229153e-18   8.544602338211e-18   2.082568071810e-19   1.204640306629e-18  -1.143338464308e-18  -2.806693539897e-18   1.419295911740e-09
  -6.418050575779e-04  -1.064200932771e-03   4.057219319725e-08  -2.919786460333e-03  -2.043751334586e-18   3.146271084284e-03   6.180436812875e-08  -4.434491271603e-03   6.427243896615e-19   4.196747717181e-03   3.213888933717e-08  -3.485653113693e-03  -1.883463548998e-17   1.200167398634e-04  -2.345726019492e-10  -7.122035404376e-04   3.792922896520e-18   5.676661373419e-09  -4.314017034859e-18   1.331841872606e-04   7.449087392769e-19   1.407043440058e-04  -8.988723531892e-04  -1.668890137540e-03  -2.041315896254e-04   7.338281926219e-06  -3.336388516457e-04  -1.283649643024e-04  -6.514512015293e-18  -8.988024313901e-04  -1.668790404701e-03  -2.041231276846e-04   7.343856152851e-06   3.336282406675e-04  -1.283791183136e-04   1.132308751708e-18
  -7.113168297447e-03  -1.185497233213e-02  -3.366844470110e-02   2.563399711200e-02   8.069559294132e-17   3.266518442463e-02  -5.178292604699e-02   3.962808467405e-02   1.425465510637e-17   8.375570242444e-03  -3.141483249562e-02   2.807545987762e-02   1.247245279859e-16  -2.426390887263e-03  -2.098498644648e-03   5.359238960354e-03   6.920859116214e-18  -4.180885969874e-03   2.525177172688e-17  -1.833003196404e-03  -3.690216014614e-18  -8.988723531892e-04   3.811604821138e-02   5.300317195161e-02   5.385251186693e-03   2.588947920261e-03   7.829590956199e-03  -4.483895337980e-03   1.002216285056e-17  -5.444765585060e-03  -1.104477499715e-02  -3.390715655566e-03  -1.108644534044e-03  -2.057345701552e-03   3.403245680393e-03   2.398915664880e-18
  -3.465494388428e-03  -5.679722036039e-03  -4.950308071696e-02   4.143088945407e-02   2.219317333276e-16   1.407390216399e-02  -7.613700303755e-02   6.360283414484e-02   2.138457586006e-16  -1.550586170767e-02  -4.618956660148e-02   4.700002431266e-02   3.496009444572e-16  -3.040317280372e-03  -3.085440016488e-03   9.235771464823e-03   6.033968176472e-17  -6.147198800573e-03   5.048392911507e-17  -2.536374654739e-03  -1.093719247068e-17  -1.668890137540e-03   5.300317195161e-02   7.692901789864e-02   8.574108456105e-03   3.397845744833e-03   1.093966864281e-02  -5.600703185898e-03   4.144820938056e-17  -1.104476419682e-02  -1.724141264228e-02  -4.329295688992e-03  -2.038763547736e-03  -2.452660875663e-03   5.995843244106e-03   2.110649569050e-17
   1.065847884776e-03   1.921624088731e-03  -6.783015213824e-03   4.033472249561e-03   1.845282495142e-15  -6.094590483626e-03  -1.043245235588e-02   6.106938095785e-03   2.851054983742e-15  -7.107485902514e-03  -6.328995057720e-03   4.888978520311e-03   2.638701699849e-15  -1.263876842607e-04  -4.227743690730e-04   1.009843838121e-03   5.393783484454e-16  -8.423002581942e-04   1.087138256246e-16  -1.648368176526e-04  -2.461069679596e-18  -2.041315896254e-04   5.385251186693e-03   8.574108456105e-03   1.189155030983e-03   3.390519135140e-04   9.840352901812e-04  -5.688315440801e-04   2.096555494584e-16  -3.390712464415e-03  -4.329310011726e-03  -5.788998487592e-04  -4.058821425402e-04   1.788727686584e-04   1.020145896467e-03   2.111493196025e-16
  -9.008619542139e-04  -1.470670611609e-03  -2.857900279900e-03   3.663360827090e-04   5.062468620351e-16   4.083728261467e-03  -4.395523922967e-03   6.082899915317e-04   7.768326166284e-16   2.832910524583e-03  -2.666609086735e-03   2.497508453359e-04   7.162424927495e-16  -1.171030367457e-04  -1.781298855007e-04   2.300007146853e-05   1.469744712404e-16  -3.548883522489e-04   2.806130953115e-17  -6.603330871570e-05   8.009086790457e-20   7.338281926219e-06   2.588947920261e-03   3.397845744833e-03   3.390519135140e-04   2.157918008789e-04   4.365016676442e-04  -4.425016143526e-04   5.357509572394e-17  -1.108641365692e-03  -2.038763590242e-03  -4.058855982633e-04  -9.807257331088e-05   5.346545138807e-05   2.269845876732e-04   5.761794490385e-17
  -1.443411794156e-03  -2.418531163535e-03  -4.461340444976e-03   8.776741866416e-03   1.351006760096e-16   6.546429092125e-03  -6.861653139765e-03   1.351453133285e-02   1.770609503939e-16  -6.110413860486e-04  -4.162707108514e-03   9.807000033138e-03   2.247403179504e-16  -7.251429260653e-04  -2.780633953737e-04   1.903665384065e-03   2.143385103662e-17  -5.540034007585e-04   1.759740677261e-17  -5.765327730098e-04  -6.124642079223e-19  -3.336388516457e-04   7.829590956199e-03   1.093966864281e-02   9.840352901812e-04   4.365016676442e-04   1.920058274558e-03  -5.792933168435e-04   2.513501091708e-17   2.057393054781e-03   2.452759767258e-03  -1.788452458731e-04  -5.346190244282e-05  -1.155184650602e-03   4.658274039717e-04   9.794509927195e-18
   1.960594610646e-03   3.310802087445e-03   6.096047727677e-03   1.767174852352e-03  -8.403728105288e-17  -9.646971309695e-03   9.375878508427e-03   2.594973516280e-03  -1.226254933104e-16  -8.347246741910e-03   5.688019032896e-03   2.434335355117e-03  -8.663929634439e-17   1.035211700184e-04   3.799624736281e-04   5.458366609107e-04  -3.375808167479e-17   7.569942296898e-04   3.925394007235e-19   4.598865268077e-06  -4.076310764002e-19  -1.283649643024e-04  -4.483895337980e-03  -5.600703185898e-03  -5.688315440801e-04  -4.425016143526e-04  -5.792933168435e-04   1.005847741976e-03   3.514545448512e-18   3.403235344418e-03   5.995843886860e-03   1.020160623879e-03   2.269860447747e-04  -4.658289492952e-04  -4.221960366040e-04  -1.212548580772e-17
  -4.448407538735e-16  -3.584837863894e-16   6.060444759439e-17   1.280447967463e-16   9.347462653467e-03  -1.164824625646e-16   7.678979785388e-17   1.847734268595e-16   1.446029213810e-02  -2.311666007129e-16   4.557227795316e-17   1.089629123069e-16   1.339157340540e-02  -2.872191147744e-16   4.934896426359e-17  -5.542042770194e-17   2.680258934424e-03   3.501783076373e-18   5.334388226744e-04   9.785695965408e-19   1.419303160061e-09  -6.514512015293e-18   1.002216285056e-17   4.144820938056e-17   2.096555494584e-16   5.357509572394e-17   2.513501091708e-17   3.514545448512e-18   1.056091086329e-03   8.226433789494e-17   1.961792569645e-16   1.457283303155e-16  -5.594077451632e-17  -4.909285554417e-17  -2.223830353893e-17   1.056085692917e-03
  -7.113107335123e-03  -1.185487158014e-02   3.366857124404e-02   2.563356819535e-02   5.655405682021e-19   3.266491025023e-02   5.178314724919e-02   3.962744524954e-02  -1.104512765937e-16   8.375647143588e-03   3.141506615017e-02   2.807515800435e-02   2.816556471904e-16  -2.426365213169e-03   2.098547633254e-03   5.359225759796e-03  -1.675607585822e-16   4.180873683001e-03   4.418722827017e-17  -1.832984475540e-03   9.559798229153e-18  -8.988024313901e-04  -5.444765585060e-03  -1.104476419682e-02  -3.390712464415e-03  -1.108641365692e-03   2.057393054781e-03   3.403235344418e-03   8.226433789494e-17   3.811580573835e-02   5.300306013396e-02   5.385353818220e-03   2.588934975245e-03  -7.829628288226e-03  -4.483818145865e-03  -4.834170185406e-17
  -3.465490469915e-03  -5.679719200577e-03   4.950346034493e-02   4.143038674039e-02   5.334972563307e-16   1.407391500885e-02   7.613761953821e-02   6.360209465639e-02   6.947310677223e-16  -1.550551713069e-02   4.619009788021e-02   4.699970996763e-02   1.195490390834e-15  -3.040297393153e-03   3.085534874887e-03   9.235775051622e-03  -7.308426052548e-17   6.147211469841e-03   1.028290000221e-16  -2.536359060044e-03   8.544602338211e-18  -1.668790404701e-03  -1.104477499715e-02  -1.724141264228e-02  -4.329310011726e-03  -2.038763590242e-03   2.452759767258e-03   5.995843886860e-03   1.961792569645e-16   5.300306013396e-02   7.692913185074e-02   8.574281652592e-03   3.397845549913e-03  -1.093976050700e-02  -5.600624912490e-03  -4.986343130899e-18
   1.065844173325e-03   1.921618617598e-03   6.783131982344e-03   4.033527744229e-03   1.134496099544e-15  -6.094581191985e-03   1.043263314203e-02   6.107027315081e-03   1.751335205316e-15  -7.107511270799e-03   6.329119374674e-03   4.889078003441e-03   1.675143847374e-15  -1.263932984443e-04   4.227894980528e-04   1.009872571144e-03   3.050462693613e-16   8.423134817162e-04   7.288715292409e-17  -1.648419135759e-04   2.082568071810e-19  -2.041231276846e-04  -3.390715655566e-03  -4.329295688992e-03  -5.788998487592e-04  -4.058855982633e-04  -1.788452458731e-04   1.020160623879e-03   1.457283303155e-16   5.385353818220e-03   8.574281652592e-03   1.189190460481e-03   3.390584907666e-04  -9.840717916105e-04  -5.688323517302e-04   1.224452176931e-16
  -9.008541256229e-04  -1.470658406821e-03   2.857901855250e-03   3.663071195830e-04  -5.241558346668e-16   4.083696572185e-03   4.395527693543e-03   6.082470115276e-04  -8.172381079276e-16   2.832906049244e-03   2.666613120860e-03   2.497341227100e-04  -7.368909931416e-16  -1.171011525155e-04   1.781301260295e-04   2.300077234175e-05  -1.613399333329e-16   3.548871405699e-04  -2.874599326874e-17  -6.603205438187e-05   1.204640306629e-18   7.343856152851e-06  -1.108644534044e-03  -2.038763547736e-03  -4.058821425402e-04  -9.807257331088e-05  -5.346190244282e-05   2.269860447747e-04  -5.594077451632e-17   2.588934975245e-03   3.397845549913e-03   3.390584907666e-04   2.157909224704e-04  -4.365069809780e-04  -4.424967197708e-04  -6.233656317402e-17
   1.443429194895e-03   2.418561343974e-03  -4.461507437160e-03  -8.776670060018e-03  -2.518049004728e-16  -6.546520742881e-03  -6.861917838278e-03  -1.351442514759e-02  -3.575004121386e-16   6.109257918787e-04  -4.162901328338e-03  -9.806937468454e-03  -4.279425575155e-16   7.251414523153e-04  -2.780884471893e-04  -1.903658324949e-03  -3.482111545730e-17  -5.540158418753e-04  -2.737251941736e-17   5.765308400581e-04  -1.143338464308e-18   3.336282406675e-04  -2.057345701552e-03  -2.452660875663e-03   1.788727686584e-04   5.346545138807e-05  -1.155184650602e-03  -4.658289492952e-04  -4.909285554417e-17  -7.829628288226e-03  -1.093976050700e-02  -9.840717916105e-04  -4.365069809780e-04   1.920073547765e-03   5.792935057680e-04  -1.745583341420e-17
   1.960576738697e-03   3.310772975392e-03  -6.095989688515e-03   1.767291598944e-03  -1.816954792807e-16  -9.646893973756e-03  -9.375790583987e-03   2.595149464651e-03  -2.735652351815e-16  -8.347264477257e-03  -5.687959905097e-03   2.434433750814e-03  -2.757475865056e-16   1.035133238106e-04  -3.799545576992e-04   5.458475509105e-04  -3.432881355017e-17  -7.569856389360e-04  -9.436957220239e-18   4.592923795321e-06  -2.806693539897e-18  -1.283791183136e-04   3.403245680393e-03   5.995843244106e-03   1.020145896467e-03   2.269845876732e-04   4.658274039717e-04  -4.221960366040e-04  -2.223830353893e-17  -4.483818145865e-03  -5.600624912490e-03  -5.688323517302e-04  -4.424967197708e-04   5.792935057680e-04   1.005835212288e-03  -1.561111658079e-17
   1.601087738014e-16   1.479090460623e-16  -3.445110698005e-17  -4.314307415699e-17   9.347414916371e-03  -3.809571203008e-17  -6.940808895922e-17  -8.033220557337e-17   1.446021829000e-02  -6.904841721857e-17  -4.312115891098e-17  -9.277522983736e-17   1.339150501520e-02  -2.764600562701e-16   4.342386067349e-17  -9.588508318786e-17   2.680245246455e-03  -8.301930922619e-18   5.334360984249e-04   1.028262355713e-17   1.419295911740e-09   1.132308751708e-18   2.398915664880e-18   2.110649569050e-17   2.111493196025e-16   5.761794490385e-17   9.794509927195e-18  -1.212548580772e-17   1.056085692917e-03  -4.834170185406e-17  -4.986343130899e-18   1.224452176931e-16  -6.233656317402e-17  -1.745583341420e-17  -1.561111658079e-17   1.056080299532e-03
