ARMA_MAT_TXT_FN008
91 91
   1.000000000000e+00   8.784438346368e-01   6.722019036642e-18   2.856458131983e-23   3.102536690024e-20   3.291794955376e-01  -1.695677264100e-17   1.677352528926e-22   0.000000000000e+00   1.537612665257e-01   6.482600299735e-17  -3.804473327274e-23   2.482592280979e-21   6.556249676812e-02  -7.612218765082e-19   8.587261423894e-24  -9.267039908662e-22   0.000000000000e+00   0.000000000000e+00   0.000000000000e+00   1.005339367005e-35   0.000000000000e+00   0.000000000000e+00   0.000000000000e+00   0.000000000000e+00   0.000000000000e+00   6.302339694389e-09   1.007817463476e-06   2.845532053219e-03   2.512482024931e-02   0.000000000000e+00   0.000000000000e+00   0.000000000000e+00   0.000000000000e+00   0.000000000000e+00   0.000000000000e+00  -6.260655603903e-08   5.614844705256e-14  -4.401221734218e-12  -1.269905454838e-05   1.138909783638e-11  -8.927396493029e-10  -4.436972722171e-04   3.979281783351e-10  -3.119178248166e-08  -2.032293695567e-02   1.822654721490e-08  -1.428696249905e-06  -7.192730860053e-02   6.450772784997e-08  -5.056467787481e-06  -7.607094226503e-14  -5.347763966294e-18  -2.448557084547e-08   5.962855644537e-12   4.241025317580e-08  -7.050734669332e-11  -4.956644899860e-15  -2.269477123828e-05   5.526750657916e-09   3.930849723932e-05   3.605432960010e-02  -5.132653004259e-02   4.603199947129e-08  -3.608239357946e-06  -3.489371346375e-08  -2.453017380296e-12  -1.123152241366e-02   2.735159708700e-06   1.945356765906e-02   1.226282368592e-02   7.527933777749e-02   7.963900730652e-02   4.894771842634e-02   2.835690536997e-02   7.375735138664e-02   4.345599283221e-02   1.226404807879e-02   7.528210960509e-02   7.963999465529e-02   4.894793561133e-02   2.811979594284e-02   8.407175408968e-04  -8.568692117676e-02   1.226227403813e-02   7.527809340328e-02   7.963856404185e-02   4.894762092180e-02   2.835636399407e-02  -7.459281248196e-02   4.200079818921e-02
   8.784438346368e-01   1.000000000000e+00  -6.437959521095e-16   3.579591499091e-23  -9.338252431674e-20   4.187995882560e-01   2.486848875773e-16  -4.771991614075e-22   3.054074633008e-20   1.871454501484e-01   0.000000000000e+00   8.528026646399e-25  -5.457937053696e-23   7.831571041382e-02   1.408012979422e-17   2.096421661446e-25  -1.341709863325e-23   0.000000000000e+00  -5.400286651064e-41   0.000000000000e+00   0.000000000000e+00   0.000000000000e+00  -2.907146945258e-13  -1.072886714717e-12  -7.038052633184e-12  -3.592434487433e-11  -1.087515506874e-09  -4.157071023627e-08   2.838446850889e-03   2.960287072195e-02   4.983946457196e-13  -4.469833056943e-19   3.503699110348e-17   2.576359762898e-11  -2.310598264584e-17   1.811173030595e-15   6.940808144135e-09  -6.224836873952e-15   4.879366888982e-13  -8.280773231396e-08   7.426579367301e-14  -5.821358245522e-12  -2.099453848156e-04   1.882887043954e-10  -1.475909631690e-08  -2.286374987866e-02   2.050526543393e-08  -1.607314620995e-06  -8.652560928031e-02   7.760015721575e-08  -6.082723858721e-06   9.340104871421e-15   6.566065147291e-19   3.006375269239e-09  -7.321283974515e-13  -5.207194764401e-09  -3.203980969835e-12  -2.252388818779e-16  -1.031291327392e-06   2.511455155164e-10   1.786248994100e-06   4.290931271167e-02  -6.141063298874e-02   5.507588810160e-08  -4.317148709692e-06  -3.882586286679e-08  -2.729446280235e-12  -1.249719521745e-02   3.043383040303e-06   2.164577728264e-02   1.117042155434e-02   9.025272798431e-02   9.568451459620e-02   5.833512913838e-02   3.415041249245e-02   8.882647599733e-02   5.233434541346e-02   1.117173555400e-02   9.025617374898e-02   9.568571641459e-02   5.833538924588e-02   3.386504410711e-02   1.012487311856e-03  -1.031938983822e-01   1.116983168659e-02   9.025118105655e-02   9.568397504666e-02   5.833501236391e-02   3.414967716299e-02  -8.983240818431e-02   5.058172123369e-02
   6.722019036642e-18  -6.437959521095e-16   1.000000000000e+00  -5.109899601389e-38   7.684484246686e-35   2.024365625655e-16   6.291202128136e-01  -2.384502217620e-37   1.526081419277e-35   0.000000000000e+00   2.202302509580e-01   0.000000000000e+00   0.000000000000e+00   3.807918460672e-17   5.734990148843e-02   0.000000000000e+00   0.000000000000e+00  -1.038508207804e-22   0.000000000000e+00   0.000000000000e+00   6.871693987079e-21   0.000000000000e+00   6.888648918904e-10   2.519877414895e-09   1.595213922565e-08   7.669512504380e-08   1.940901247701e-06   7.304882086021e-05   1.906149843310e-02   5.219990440063e-02  -1.145834675378e-09   1.054915479067e-15  -8.269003290310e-14  -5.473233307433e-08   5.049657172906e-14  -3.958196898828e-12  -1.131179882598e-05   1.052522452989e-11  -8.250245445811e-10  -6.082612481713e-04   5.737388070895e-10  -4.497277912536e-08  -7.953749997957e-03   7.667953816555e-09  -6.010560712893e-07  -8.196778093543e-02   8.570786041677e-08  -6.718249886886e-06  -7.198453588600e-02   1.019222553246e-07  -7.989222656777e-06  -1.607664142894e-11  -1.170262291006e-15  -4.991209494446e-06   1.260174900368e-09   8.645028527317e-06  -2.849722714876e-09  -2.108990203917e-13  -8.688926647844e-04   2.233768199763e-07   1.504966258259e-03   2.170756332420e-02  -4.268054729640e-04   2.738031837848e-08  -2.146218794340e-06  -1.841122078812e-07  -1.462409017537e-11  -5.156470126748e-02   1.443171972509e-05   8.931268361851e-02  -3.449626477465e-02  -5.566727790690e-02  -2.093397389364e-02  -4.788931462876e-03   5.555199712391e-02  -1.041157925442e-01  -6.134242959459e-02  -3.420811138110e-02  -5.519946936913e-02  -2.075760410159e-02  -4.748548261174e-03   5.622811802019e-02  -1.176728507911e-03   1.199335543734e-01  -3.449547446024e-02  -5.566727471664e-02  -2.093417549447e-02  -4.788993977141e-03   5.554922836302e-02   1.052973046373e-01  -5.928950383801e-02
   2.856458131983e-23   3.579591499091e-23  -5.109899601389e-38   1.000000000000e+00   0.000000000000e+00   9.563690585002e-22  -2.384502217620e-37   6.291202128136e-01  -1.303119003421e-40  -7.268402479184e-22   0.000000000000e+00   2.202302509580e-01  -3.006820873038e-41  -3.257544204567e-22   0.000000000000e+00   5.734990148843e-02  -7.391586203575e-42   0.000000000000e+00   6.871693987079e-21   5.995829933315e-23   0.000000000000e+00   1.038508207804e-22  -6.178058075029e-16  -2.259942289765e-15  -1.430661421670e-14  -6.878372554188e-14  -1.740689758958e-12  -6.551355177186e-11  -1.709523096664e-08  -4.681528187815e-08   1.054915479067e-15   3.041557771947e-11   7.416023541271e-20   5.049657172906e-14   1.572277537121e-09   3.549893542441e-18   1.052522452989e-11   4.240210220117e-07   7.399200641158e-16   5.737388070895e-10   3.146812393701e-05   4.033366259521e-14   7.667953816555e-09   5.961602047447e-04   5.390548071893e-13   8.570786041677e-08   1.359806723739e-02   6.025236363815e-12   1.019222553246e-07   4.166066223722e-02   7.165103364821e-12  -6.356952212271e-07  -4.468917955268e-11   4.476346883741e-12  -1.170262291006e-15  -8.893501906249e-12  -1.675609710091e-04  -1.177948499439e-08   7.792630176397e-10  -2.108990203917e-13  -1.650275968242e-09  -1.946834400520e-08   2.738031837848e-08   3.010275548396e-02   1.924828004627e-12  -2.666314678673e-02  -1.874411061156e-06   4.624560241091e-08  -1.462409017537e-11  -1.279252136713e-07  -8.972605047393e-02  -1.447926324734e-01  -5.445003424198e-02  -1.245618645848e-02  -1.041157925442e-01  -1.752284246089e-01  -1.595539102553e-01  -1.022744238170e-03  -1.650337799078e-03  -6.206048546966e-04  -1.419707250038e-04  -1.176728507911e-03   9.555141772465e-02   3.585738783767e-03   9.074204501068e-02   1.464355086283e-01   5.506837997460e-02   1.259768458992e-02   1.052973046373e-01  -1.814118808994e-01   1.559639607836e-01
   3.102536690024e-20  -9.338252431674e-20   7.684484246686e-35   0.000000000000e+00   1.000000000000e+00  -6.120761974401e-20   1.526081419277e-35  -1.303119003421e-40   6.291202128136e-01   4.651777586678e-20   0.000000000000e+00  -3.006820873038e-41   2.202302509580e-01   2.084828290923e-20   0.000000000000e+00  -7.391586203575e-42   5.734990148843e-02   0.000000000000e+00  -1.038508207804e-22   7.934748746458e-21   0.000000000000e+00   0.000000000000e+00   4.842699113233e-14   1.771466112764e-13   1.121430506790e-12   5.391643824664e-12   1.364447638683e-10   5.135309756194e-09   1.340017507722e-06   3.669637308095e-06  -8.269003290310e-14   7.416023541271e-20   3.041557190733e-11  -3.958196898828e-12   3.549893542441e-18   1.572277258906e-09  -8.250245445811e-10   7.399200641158e-16   4.240209640222e-07  -4.497277912536e-08   4.033366259521e-14   3.146812077595e-05  -6.010560712893e-07   5.390548071893e-13   5.961601624975e-04  -6.718249886886e-06   6.025236363815e-12   1.359806676517e-02  -7.989222656777e-06   7.165103364821e-12   4.166066167567e-02  -1.170262291006e-15   5.701207122563e-13  -4.282844298669e-10  -6.356951295105e-07   6.524320399603e-10  -2.108990203917e-13   1.502763923774e-10  -8.148555498244e-08  -1.675609544804e-04   1.175781524853e-07   1.526035059967e-06  -2.146218794340e-06   1.924828004627e-12   3.010275533310e-02  -1.462409017537e-11   2.391273879244e-08  -6.871557914396e-06  -2.666314564060e-02   8.153065393122e-06  -5.286435227070e-02  -8.530820969880e-02  -3.208060285854e-02  -7.338874556637e-03  -6.134242959459e-02  -1.595539102553e-01   1.575385588058e-03   1.042392963831e-01   1.682043707020e-01   6.325277715697e-02   1.446982337235e-02   1.199335543734e-01   3.585738783767e-03  -2.698761175475e-01  -5.109390828629e-02  -8.245309488923e-02  -3.100722223712e-02  -7.093348413968e-03  -5.928950383801e-02   1.559639607836e-01   7.759608624045e-03
   3.291794955376e-01   4.187995882560e-01   2.024365625655e-16   9.563690585002e-22  -6.120761974401e-20   1.000000000000e+00   0.000000000000e+00   1.177900961862e-21  -7.538566155915e-20   7.746967835845e-01   2.625368590150e-16   0.000000000000e+00   0.000000000000e+00   4.100964372946e-01  -7.622953462239e-17   1.453962986420e-22  -9.305363113085e-21   0.000000000000e+00   0.000000000000e+00   0.000000000000e+00   0.000000000000e+00   0.000000000000e+00   1.807392487987e-05   5.800283465519e-05   2.163979852615e-04   4.539668823506e-04   1.382080377195e-03   4.359857023001e-03   5.506469185290e-02   1.792877323277e-01  -9.658906170367e-06   8.662552550476e-12  -6.790181485033e-10  -1.729994588859e-04   1.551538939679e-10  -1.216180902815e-08  -2.198429092935e-03   1.971652608498e-09  -1.545488925941e-07  -1.184173592424e-02   1.062021495222e-08  -8.324704123345e-07  -3.810876561495e-02   3.417769869077e-08  -2.679034562837e-06  -1.858488108000e-01   1.666777854140e-07  -1.306511453627e-05  -4.095681811780e-01   3.673196353581e-07  -2.879251782387e-05  -1.957415006321e-09  -1.376056760467e-13  -6.300490356001e-04   1.534328716277e-07   1.091276951704e-03  -2.468158273718e-08  -1.735107714758e-12  -7.944461113470e-03   1.934677165267e-06   1.376021042327e-02   2.355365340378e-01  -3.143404964566e-01   2.819150555217e-07  -2.209804072416e-05  -2.913926435329e-07  -2.048481368483e-11  -9.379291230829e-02   2.284094580047e-05   1.624540911133e-01   1.906472966054e-01   4.297690975762e-01   4.649218125487e-01   3.145959850857e-01   1.230186244962e-01   3.199759563211e-01   1.885218571838e-01   1.906555743586e-01   4.297795327650e-01   4.649267266631e-01   3.145972999189e-01   1.219851939657e-01   3.647078111987e-03  -3.717144932815e-01   1.906435804388e-01   4.297644127973e-01   4.649196063817e-01   3.145953947952e-01   1.230184474762e-01  -3.236060866737e-01   1.822121124936e-01
  -1.695677264100e-17   2.486848875773e-16   6.291202128136e-01  -2.384502217620e-37   1.526081419277e-35   0.000000000000e+00   1.000000000000e+00   0.000000000000e+00   0.000000000000e+00   4.784212339775e-16   6.534608721805e-01   0.000000000000e+00   0.000000000000e+00  -2.532588849439e-16   2.263653730943e-01  -8.979084215399e-38   5.746613897856e-36   0.000000000000e+00   0.000000000000e+00   0.000000000000e+00   0.000000000000e+00   0.000000000000e+00   9.170832586408e-05   2.934848139578e-04   1.081704482420e-03   2.222405502232e-03   6.324943468054e-03   1.757541662647e-02   1.254118307975e-01   2.044343153073e-01  -4.514044355228e-05   4.389592070144e-11  -3.440801845399e-09  -7.890255311915e-04   7.687444036331e-10  -6.025838210916e-08  -9.071724810204e-03   8.912509059105e-09  -6.986111038946e-07  -4.148004155946e-02   4.138416092760e-08  -3.243916405318e-06  -1.081417053390e-01   1.104479183819e-07  -8.657510659674e-06  -3.016714006489e-01   3.362016155094e-07  -2.635331758819e-05  -2.230305547790e-01   3.446989731246e-07  -2.701938685604e-05  -8.230875576683e-09  -6.328262953103e-13  -2.401183455607e-03   6.451809512351e-07   4.158971793001e-03  -8.558976725024e-08  -6.700335185149e-12  -2.442041536252e-02   6.708993099949e-06   4.229740067494e-02   8.927999576952e-02   4.657583761115e-03   1.068597492409e-07  -8.376250378427e-06  -5.686866850199e-07  -4.804678102674e-11  -1.461059101336e-01   4.457676622342e-05   2.530628634031e-01  -1.228505432978e-01  -1.548706513742e-01  -7.293182086071e-02  -1.951388974635e-02   2.079439524611e-01  -1.741373313100e-01  -1.025973747560e-01  -1.218193756675e-01  -1.535677421514e-01  -7.231726218191e-02  -1.934933265670e-02   2.090765492051e-01  -1.968067243168e-03   2.005877295673e-01  -1.228499812686e-01  -1.548712898800e-01  -7.293257048099e-02  -1.951414630154e-02   2.079385175740e-01   1.761155669011e-01  -9.916497497902e-02
   1.677352528926e-22  -4.771991614075e-22  -2.384502217620e-37   6.291202128136e-01  -1.303119003421e-40   1.177900961862e-21   0.000000000000e+00   1.000000000000e+00  -8.879684326112e-41   0.000000000000e+00   0.000000000000e+00   6.534608721805e-01   0.000000000000e+00   4.830529879454e-22  -8.979084215399e-38   2.263653730943e-01  -1.096079616138e-41   0.000000000000e+00   0.000000000000e+00   0.000000000000e+00   0.000000000000e+00   0.000000000000e+00  -8.224825649006e-11  -2.632107175319e-10  -9.701224711965e-10  -1.993155758217e-09  -5.672501026970e-09  -1.576244426004e-08  -1.124751142182e-07  -1.833461230738e-07   4.389592070144e-11   3.804319188983e-06   3.085869794758e-15   7.687444036331e-10   6.813868459998e-05   5.404249636762e-14   8.912509059105e-09   8.658874862599e-04   6.265466599520e-13   4.138416092760e-08   4.664062618786e-03   2.909293851164e-12   1.104479183819e-07   1.500976464009e-02   7.764454869208e-12   3.362016155094e-07   7.319961336301e-02   2.363487070486e-11   3.446989731246e-07   1.613151699978e-01   2.423223234533e-11  -8.596347815459e-04  -6.043206212574e-08   2.153492072565e-09  -6.328262953103e-13  -5.271877969775e-09  -1.083937075990e-02  -7.620044479684e-07   2.190135483780e-08  -6.700335185149e-12  -5.737675508645e-08  -8.007041805960e-08   1.068597492409e-07   1.238081788417e-01   7.512207676442e-12  -1.279704358348e-01  -8.996282484897e-06   1.310345190381e-07  -4.804678102674e-11  -4.564980263495e-07  -3.195387709566e-01  -4.028242469992e-01  -1.896983421959e-01  -5.075634326676e-02  -1.741373313100e-01  -1.780444339029e-01  -2.668595364161e-01  -3.642120524379e-03  -4.591324019742e-03  -2.162120626677e-03  -5.785007616059e-04  -1.968067243168e-03   2.748443941424e-01   5.997114028804e-03   3.231629280149e-01   4.073965578689e-01   1.918527197229e-01   5.133292322389e-02   1.761155669011e-01  -1.883920460146e-01   2.608583521123e-01
   0.000000000000e+00   3.054074633008e-20   1.526081419277e-35  -1.303119003421e-40   6.291202128136e-01  -7.538566155915e-20   0.000000000000e+00  -8.879684326112e-41   1.000000000000e+00   0.000000000000e+00   0.000000000000e+00   0.000000000000e+00   6.534608721805e-01  -3.091539122851e-20   5.746613897856e-36  -1.096079616138e-41   2.263653730943e-01   0.000000000000e+00   0.000000000000e+00   0.000000000000e+00   0.000000000000e+00   0.000000000000e+00   6.447067248838e-09   2.063189262557e-08   7.604349415198e-08   1.562344268318e-07   4.446415906019e-07   1.235546411404e-06   8.816413333615e-06   1.437166981665e-05  -3.440801845399e-09   3.085869794759e-15   3.804318947135e-06  -6.025838210916e-08   5.404249636762e-14   6.813868036452e-05  -6.986111038946e-07   6.265466599520e-13   8.658874371558e-04  -3.243916405318e-06   2.909293851164e-12   4.664062390777e-03  -8.657510659674e-06   7.764454869208e-12   1.500976403157e-02  -2.635331758819e-05   2.363487070486e-11   7.319961151068e-02  -2.701938685604e-05   2.423223234533e-11   1.613151680986e-01  -6.328262953103e-13   7.709600764705e-10  -2.734738642634e-07  -8.596347319496e-04   3.528065066804e-07  -6.700335185149e-12   9.721247169882e-09  -3.036578147713e-06  -1.083937023478e-02   3.735498773959e-06   6.276356386171e-06  -8.376250378427e-06   7.512207676442e-12   1.238081782529e-01  -4.804678102674e-11   1.147697858489e-07  -2.585321912247e-05  -1.279704320693e-01   2.678652435416e-05  -1.882642784651e-01  -2.373340048299e-01  -1.117655344690e-01  -2.990437221135e-02  -1.025973747560e-01  -2.668595364161e-01   1.176661679260e-01   3.712092101181e-01   4.679531474471e-01   2.203658787887e-01   5.896147843845e-02   2.005877295673e-01   5.997114028804e-03  -3.363296847429e-01  -1.819625841976e-01  -2.293918145822e-01  -1.080260563319e-01  -2.890390745503e-02  -9.916497497902e-02   2.608583521123e-01   1.280077349076e-01
   1.537612665257e-01   1.871454501484e-01   0.000000000000e+00  -7.268402479184e-22   4.651777586678e-20   7.746967835845e-01   4.784212339775e-16   0.000000000000e+00   0.000000000000e+00   1.000000000000e+00   0.000000000000e+00  -6.463810483221e-22   0.000000000000e+00   7.744077347687e-01   0.000000000000e+00   0.000000000000e+00   0.000000000000e+00   0.000000000000e+00   0.000000000000e+00   0.000000000000e+00   0.000000000000e+00   0.000000000000e+00   6.623117016005e-04   2.097102100582e-03   7.384320787199e-03   1.405967997872e-02   3.185302316951e-02   6.172418907334e-02   2.029925739077e-01   3.860120685148e-01  -1.060599170260e-04   9.511942538128e-11  -7.455979716457e-09  -1.736710135045e-03   1.557561751239e-09  -1.220901911236e-07  -1.578333733360e-02   1.415522489427e-08  -1.109563785426e-06  -5.366502620239e-02   4.812927068565e-08  -3.772634922485e-06  -1.120761679894e-01   1.005150767322e-07  -7.878920318426e-06  -3.049309162919e-01   2.734761100327e-07  -2.143655011757e-05  -5.902684441722e-01   5.293799656338e-07  -4.149569102466e-05  -4.797424350476e-09  -3.372574640014e-13  -1.544185865348e-03   3.760483045919e-07   2.674608401544e-03  -3.948308421306e-08  -2.775648739792e-12  -1.270874037985e-02   3.094899636491e-06   2.201218425563e-02   4.895146531583e-01  -5.568275860682e-01   4.993886616964e-07  -3.914480893164e-05  -2.612642393565e-07  -1.836679608942e-11  -8.409523862428e-02   2.047931704244e-05   1.456572274113e-01   2.682099194366e-01   5.826749006722e-01   7.595576884449e-01   6.309178013703e-01   6.892596817533e-02   1.792789723718e-01   1.056267015001e-01   2.682142780607e-01   5.826822144767e-01   7.595633954271e-01   6.309200729010e-01   6.834548175939e-02   2.043373482260e-03  -2.082630300806e-01   2.682079626623e-01   5.826716171811e-01   7.595551263184e-01   6.309167815728e-01   6.892653308716e-02  -1.813146409983e-01   1.020924053126e-01
   6.482600299735e-17   0.000000000000e+00   2.202302509580e-01   0.000000000000e+00   0.000000000000e+00   2.625368590150e-16   6.534608721805e-01   0.000000000000e+00   0.000000000000e+00   0.000000000000e+00   1.000000000000e+00   0.000000000000e+00   0.000000000000e+00   0.000000000000e+00   6.530545656898e-01   0.000000000000e+00   0.000000000000e+00   0.000000000000e+00   0.000000000000e+00   0.000000000000e+00   0.000000000000e+00   0.000000000000e+00   1.845123750108e-03   5.837357588772e-03   2.047880748416e-02   3.874291488203e-02   8.592355107033e-02   1.595225049376e-01   4.127993420775e-01   5.272958567619e-01  -2.192283449986e-04   2.648854239256e-10  -2.076316525314e-08  -3.557427170719e-03   4.308394316417e-09  -3.377154614312e-07  -3.110650137319e-02   3.805756334099e-08  -2.983159530146e-06  -9.851290786560e-02   1.228953822660e-07  -9.633210816282e-06  -1.860165866590e-01   2.389722799668e-07  -1.873195159754e-05  -3.643371260079e-01   5.230399915192e-07  -4.099872925042e-05  -2.827633587576e-01   6.335541589248e-07  -4.966143287016e-05  -9.522356739267e-09  -9.114830589962e-13  -1.956709035442e-03   7.464142935710e-07   3.389119536450e-03  -7.215057503244e-08  -7.064366705906e-12  -1.410207670253e-02   5.655555863761e-06   2.442551389467e-02   2.882005006032e-01   7.182846551686e-02   2.940137978872e-07  -2.304640618484e-05  -3.514280334777e-07  -3.788792853102e-11  -5.275819252694e-02   2.754684733325e-05   9.137987294154e-02  -1.178800015710e-01  -1.978039106981e-01  -1.543473349309e-01  -6.143446591806e-02   2.523199972352e-01  -7.373956680772e-02  -4.344551460164e-02  -1.168873530843e-01  -1.961375084057e-01  -1.530462621475e-01  -6.091636494487e-02   2.528002007369e-01  -8.333727776455e-04   8.493833426242e-02  -1.178809119917e-01  -1.978057677599e-01  -1.543491331470e-01  -6.143528958770e-02   2.523174226343e-01   7.457798186726e-02  -4.199244755013e-02
  -3.804473327274e-23   8.528026646399e-25   0.000000000000e+00   2.202302509580e-01  -3.006820873038e-41   0.000000000000e+00   0.000000000000e+00   6.534608721805e-01   0.000000000000e+00  -6.463810483221e-22   0.000000000000e+00   1.000000000000e+00   0.000000000000e+00   0.000000000000e+00   0.000000000000e+00   6.530545656898e-01   0.000000000000e+00   0.000000000000e+00   0.000000000000e+00   0.000000000000e+00   0.000000000000e+00   0.000000000000e+00  -1.654792081579e-09  -5.235211521548e-09  -1.836633909405e-08  -3.474643300231e-08  -7.706020364436e-08  -1.430671400707e-07  -3.702174894834e-07  -4.729032447651e-07   2.648854239256e-10   7.612379753506e-05   1.862136425668e-14   4.308394316417e-09   1.246512107536e-03   3.028788022324e-13   3.805756334099e-08   1.132838502331e-02   2.675435058643e-12   1.228953822660e-07   3.851771436276e-02   8.639507771789e-12   2.389722799668e-07   8.044192150780e-02   1.679967816485e-11   5.230399915192e-07   2.188621298686e-01   3.676955137261e-11   6.335541589248e-07   4.236612359838e-01   4.453866352792e-11  -3.839364656395e-03  -2.699061606388e-07   1.754866912105e-09  -9.114830589962e-13  -9.926157329450e-09  -3.159819665276e-02  -2.221343556792e-06   1.264739281569e-08  -7.064366705906e-12  -7.858336775492e-08  -2.584715015877e-07   2.940137978872e-07   3.996592832851e-01   2.066908003396e-11  -2.090890055340e-01  -1.469889311542e-05   4.731598041970e-08  -3.788792853102e-11  -4.569950126748e-07  -3.066102095377e-01  -5.144952298801e-01  -4.014630817277e-01  -1.597933001098e-01  -7.373956680772e-02   8.887074606553e-02  -1.130033776549e-01  -3.494664337066e-03  -5.864062601296e-03  -4.575732961138e-03  -1.821259892530e-03  -8.333727776455e-04   2.806494176808e-01   2.539461796029e-03   3.100915464774e-01   5.203378171281e-01   4.060229988584e-01   1.616085559118e-01   7.457798186726e-02   8.448709335200e-02   1.104632020671e-01
   2.482592280979e-21  -5.457937053696e-23   0.000000000000e+00  -3.006820873038e-41   2.202302509580e-01   0.000000000000e+00   0.000000000000e+00   0.000000000000e+00   6.534608721805e-01   0.000000000000e+00   0.000000000000e+00   0.000000000000e+00   1.000000000000e+00   0.000000000000e+00   0.000000000000e+00   0.000000000000e+00   6.530545656898e-01   0.000000000000e+00   0.000000000000e+00   0.000000000000e+00   0.000000000000e+00   0.000000000000e+00   1.297116350919e-07   4.103644524719e-07   1.439653900367e-06   2.723615062286e-06   6.040399350768e-06   1.121438328904e-05   2.901966744649e-05   3.706873739703e-05  -2.076316525314e-08   1.862136425668e-14   7.612379607565e-05  -3.377154614312e-07   3.028788022324e-13   1.246512083799e-03  -2.983159530146e-06   2.675435058643e-12   1.132838481363e-02  -9.633210816282e-06   8.639507771789e-12   3.851771368566e-02  -1.873195159754e-05   1.679967816485e-11   8.044192019117e-02  -4.099872925042e-05   3.676955137261e-11   2.188621269869e-01  -4.966143287016e-05   4.453866352792e-11   4.236612324932e-01  -9.114830589962e-13   3.443319242471e-09  -6.050472300135e-07  -3.839364584959e-03   5.081602271049e-07  -7.064366705906e-12   2.833871966254e-08  -4.838851578907e-06  -3.159819609911e-02   3.938449710276e-06   2.026040701355e-05  -2.304640618484e-05   2.066908003396e-11   3.996592816652e-01  -3.788792853102e-11   1.875206612939e-07  -2.916811448356e-05  -2.090890025647e-01   2.112287022434e-05  -1.806470923570e-01  -3.031277642370e-01  -2.365320401827e-01  -9.414622913728e-02  -4.344551460164e-02  -1.130033776549e-01   2.140912919145e-01   3.561803019715e-01   5.976721615168e-01   4.663640884056e-01   1.856249516183e-01   8.493833426242e-02   2.539461796029e-03   2.184939877203e-02  -1.746025123657e-01  -2.929853818381e-01  -2.286184079646e-01  -9.099654667320e-02  -4.199244755013e-02   1.104632020671e-01   2.184698953247e-01
   6.556249676812e-02   7.831571041382e-02   3.807918460672e-17  -3.257544204567e-22   2.084828290923e-20   4.100964372946e-01  -2.532588849439e-16   4.830529879454e-22  -3.091539122851e-20   7.744077347687e-01   0.000000000000e+00   0.000000000000e+00   0.000000000000e+00   1.000000000000e+00   0.000000000000e+00   0.000000000000e+00   0.000000000000e+00   0.000000000000e+00  -3.997408365945e-41   0.000000000000e+00   0.000000000000e+00   0.000000000000e+00   1.045116176005e-03   3.307193659877e-03   1.161474712048e-02   2.201513423220e-02   4.915867607298e-02   9.272925503956e-02   2.752187993770e-01   5.041244255087e-01  -5.035890713550e-05   4.516419061862e-11  -3.540215763635e-09  -8.245584884765e-04   7.395020835053e-10  -5.796620945503e-08  -7.496979831368e-03   6.723637295321e-09  -5.270353883424e-07  -2.558057454775e-02   2.294183910504e-08  -1.798306563983e-06  -5.399380073935e-02   4.842413085443e-08  -3.795747671840e-06  -1.569410095593e-01   1.407519359494e-07  -1.103290495379e-05  -3.904939279890e-01   3.502129653381e-07  -2.745160366071e-05  -7.001971979819e-10  -4.922364878329e-14  -2.253781481667e-04   5.488527800443e-08   3.903664073982e-04  -6.029360581147e-09  -4.238622040899e-13  -1.940719166435e-03   4.726141901724e-07   3.361424232708e-03   7.575989039270e-01  -5.779868166652e-01   5.183652356211e-07  -4.063229636865e-05  -4.806242206695e-08  -3.378773565956e-12  -1.547024140210e-02   3.767394962896e-06   2.679524437859e-02   1.766801664299e-01   4.420625256338e-01   7.702733264937e-01   9.139457975751e-01   1.596005120769e-02   4.151267882428e-02   2.445823554559e-02   1.766810985720e-01   4.420646547050e-01   7.702762770937e-01   9.139480502607e-01   1.582547854526e-02   4.731455887209e-04  -4.822355522952e-02   1.766797479477e-01   4.420615697940e-01   7.702720018302e-01   9.139447862373e-01   1.596025399795e-02  -4.198423443437e-02   2.363996340844e-02
  -7.612218765082e-19   1.408012979422e-17   5.734990148843e-02   0.000000000000e+00   0.000000000000e+00  -7.622953462239e-17   2.263653730943e-01  -8.979084215399e-38   5.746613897856e-36   0.000000000000e+00   6.530545656898e-01   0.000000000000e+00   0.000000000000e+00   0.000000000000e+00   1.000000000000e+00   0.000000000000e+00   0.000000000000e+00   2.304040727156e-22   0.000000000000e+00   0.000000000000e+00  -1.474586065380e-20   0.000000000000e+00   1.597256735252e-03   5.053118910763e-03   1.772664354651e-02   3.353496712739e-02   7.439599656941e-02   1.384709583257e-01   3.784859314636e-01   5.868942326468e-01  -1.105733684875e-05   6.901634503948e-11  -5.409877810509e-09  -1.784939772743e-04   1.127757307547e-09  -8.839977298488e-08  -1.523873198210e-03   1.016489739537e-08  -7.967801371373e-07  -4.579154522101e-03   3.412734751104e-08  -2.675087762556e-06  -7.809680671809e-03   7.036949297472e-08  -5.515944931057e-06  -5.513922448250e-03   1.891261285232e-07  -1.482473819063e-05   8.455948815852e-02   3.824344330933e-07  -2.997729816585e-05  -1.440231881427e-10  -7.453640663234e-14   2.485607390215e-04   1.128932355497e-08  -4.305198229105e-04  -1.069949994042e-09  -6.298621731659e-13   2.195135227131e-03   8.386852024414e-08  -3.802085693511e-03   5.453975477980e-01   3.402305155130e-01   3.731725678404e-07  -2.925130261672e-05  -3.554066952699e-09  -4.671144995717e-12   1.909961314681e-02   2.785871655977e-07  -3.308150000909e-02  -4.596174620831e-02  -1.049795366123e-01  -1.454872758380e-01  -1.110748064068e-01   1.144240953836e-01  -1.056638531215e-02  -6.225450829708e-03  -4.557420912944e-02  -1.040943295238e-01  -1.442603577284e-01  -1.101379438823e-01   1.144929454468e-01  -1.194155294944e-04   1.217097130167e-02  -4.596232785084e-02  -1.049808867987e-01  -1.454892113901e-01  -1.110763522467e-01   1.144237081376e-01   1.068657276438e-02  -6.017263206420e-03
   8.587261423894e-24   2.096421661446e-25   0.000000000000e+00   5.734990148843e-02  -7.391586203575e-42   1.453962986420e-22  -8.979084215399e-38   2.263653730943e-01  -1.096079616138e-41   0.000000000000e+00   0.000000000000e+00   6.530545656898e-01   0.000000000000e+00   0.000000000000e+00   0.000000000000e+00   1.000000000000e+00   0.000000000000e+00   0.000000000000e+00  -1.474586065380e-20  -1.330238534047e-22   0.000000000000e+00  -2.304040727156e-22  -1.432493510308e-09  -4.531870103737e-09  -1.589807153695e-08  -3.007570525023e-08  -6.672176108354e-08  -1.241871421105e-07  -3.394436402104e-07  -5.263538171094e-07   6.901634503948e-11   6.589716323343e-05   4.851827939789e-15   1.127757307547e-09   1.078976260633e-03   7.928099366790e-14   1.016489739537e-08   9.810175236252e-03   7.145891768059e-13   3.412734751104e-08   3.347346859697e-02   2.399142088301e-12   7.036949297472e-08   7.065360436318e-02   4.946953825621e-12   1.891261285232e-07   2.053652057445e-01   1.329550896947e-11   3.824344330933e-07   5.109809481195e-01   2.688502363545e-11  -1.021628162024e-03  -7.182014720928e-08  -2.229207350999e-10  -7.453640663234e-14  -1.446376478327e-09  -8.797185402127e-03  -6.184394421512e-07  -1.968698517723e-09  -6.298621731659e-13  -1.236955742770e-08  -4.891376761890e-07   3.731725678404e-07   7.563248245656e-01   2.623391734197e-11  -7.012585034645e-02  -4.929825823399e-06  -1.712941399986e-08  -4.671144995717e-12  -9.611517897521e-08  -1.195481883936e-01  -2.730556268145e-01  -3.784177429189e-01  -2.889096472081e-01  -1.056638531215e-02   9.100291403407e-02  -1.619262604280e-02  -1.362564547250e-03  -3.112182212008e-03  -4.313054527312e-03  -3.292872449303e-03  -1.194155294944e-04   1.184835113454e-01   3.638841862106e-04   1.209061677770e-01   2.761573946787e-01   3.827165381867e-01   2.921918168370e-01   1.068657276438e-02   9.037463921618e-02   1.582870730905e-02
  -9.267039908662e-22  -1.341709863325e-23   0.000000000000e+00  -7.391586203575e-42   5.734990148843e-02  -9.305363113085e-21   5.746613897856e-36  -1.096079616138e-41   2.263653730943e-01   0.000000000000e+00   0.000000000000e+00   0.000000000000e+00   6.530545656898e-01   0.000000000000e+00   0.000000000000e+00   0.000000000000e+00   1.000000000000e+00   0.000000000000e+00   2.304040727156e-22  -1.702705323581e-20   0.000000000000e+00   0.000000000000e+00   1.122866597859e-07   3.552327133563e-07   1.246177617612e-06   2.357497928577e-06   5.230015796364e-06   9.734466003229e-06   2.660744517899e-05   4.125848498681e-05  -5.409877810507e-09   4.851827939788e-15   6.589716285318e-05  -8.839977298488e-08   7.928099366790e-14   1.078976254420e-03  -7.967801371373e-07   7.145891768059e-13   9.810175180247e-03  -2.675087762556e-06   2.399142088301e-12   3.347346840894e-02  -5.515944931057e-06   4.946953825621e-12   7.065360397548e-02  -1.482473819063e-05   1.329550896947e-11   2.053652047025e-01  -2.997729816585e-05   2.688502363545e-11   5.109809460125e-01  -7.453640663234e-14   9.162432509311e-10  -1.069224000710e-07  -1.021628156182e-03   4.155473538212e-08  -6.298621731659e-13   7.889721576174e-09  -9.168512003756e-07  -8.797185352763e-03   3.511539811977e-07   3.834128073842e-05  -2.925130261672e-05   2.623391734197e-11   7.563248225096e-01  -4.671144995717e-12   6.289209667088e-08  -7.196011838165e-06  -7.012584998036e-02   2.604206494498e-06  -7.043481253420e-02  -1.608775686568e-01  -2.229543010250e-01  -1.702183622676e-01  -6.225450829708e-03  -1.619262604280e-02   1.089461783319e-01   1.388741822062e-01   3.171972736569e-01   4.395915932938e-01   3.356134352895e-01   1.217097130167e-02   3.638841862106e-04   8.139957709640e-02  -6.807834942354e-02  -1.554952899136e-01  -2.154952943749e-01  -1.645237540075e-01  -6.017263206420e-03   1.582870730905e-02   1.095735626331e-01
   0.000000000000e+00   0.000000000000e+00  -1.038508207804e-22   0.000000000000e+00   0.000000000000e+00   0.000000000000e+00   0.000000000000e+00   0.000000000000e+00   0.000000000000e+00   0.000000000000e+00   0.000000000000e+00   0.000000000000e+00   0.000000000000e+00   0.000000000000e+00   2.304040727156e-22   0.000000000000e+00   0.000000000000e+00   1.000000000000e+00   0.000000000000e+00   0.000000000000e+00  -1.149780411898e-40   0.000000000000e+00  -9.829173770966e-11  -3.165973058475e-10  -1.199130175656e-09  -2.573589372910e-09  -8.233328547274e-09  -2.626308879466e-08  -1.710280457855e-07  -1.478421960120e-07   6.400337619505e-11   4.560434711263e-06   4.786944088149e-15   1.167585744704e-09   8.582509016725e-05   8.749202158884e-14   1.533346331628e-08   1.277911755981e-03   1.158507570318e-12   7.830278750215e-08   7.945560253424e-03   6.005613750334e-12   2.053099713188e-07   2.663387708776e-02   1.611244106308e-11   4.214205156534e-07   1.014774529747e-01   3.602368458202e-11   1.417138253137e-07   1.062459466377e-01   1.666103385797e-11  -1.453096745355e-03  -1.096126600532e-07   4.319789309066e-09  -1.346894998681e-12  -1.027885474952e-08  -2.055260186809e-02  -1.577911466475e-06   4.566208738429e-08  -1.536530429146e-11  -1.193493677496e-07  -2.033448078359e-08  -5.915585966740e-10   3.144201185053e-02   1.940769827551e-12  -1.885546448515e-01  -1.559934467104e-05   1.525251421301e-07  -7.911436478683e-11  -6.621975945358e-07   1.847552224908e-01   1.190925661574e-01   2.151387449849e-02   2.113010515433e-03  -2.454623767089e-01   1.200473889677e-01   1.482417296504e-01   2.088102284974e-03   1.345948323481e-03   2.431395089384e-04   2.388007166279e-05  -2.816317003864e-03  -1.304247368246e-01  -3.303337452735e-03  -1.868527280177e-01  -1.204460193673e-01  -2.175852715712e-02  -2.137045852589e-03   2.482435534039e-01   1.257967452739e-01  -1.449098371703e-01
   0.000000000000e+00  -5.400286651064e-41   0.000000000000e+00   6.871693987079e-21  -1.038508207804e-22   0.000000000000e+00   0.000000000000e+00   0.000000000000e+00   0.000000000000e+00   0.000000000000e+00   0.000000000000e+00   0.000000000000e+00   0.000000000000e+00  -3.997408365945e-41   0.000000000000e+00  -1.474586065380e-20   2.304040727156e-22   0.000000000000e+00   1.000000000000e+00  -6.638260303183e-41   0.000000000000e+00   1.149780411898e-40  -6.909879087298e-15  -2.225669373384e-14  -8.429848445843e-14  -1.809225454910e-13  -5.788004777747e-13  -1.846287106716e-12  -1.202321929037e-11  -1.039326114532e-11   4.786944088149e-15   3.205971648749e-10  -4.090007853129e-12   8.749202158884e-14   6.033477579406e-09  -7.697189321551e-11   1.158507570318e-12   8.983680545103e-08  -1.146090122348e-09   6.005613750334e-12   5.585704547637e-07  -7.125944485533e-09   1.611244106308e-11   1.872353410273e-06  -2.388648827179e-08   3.602368458202e-11   7.133833895716e-06  -9.100965773142e-08   1.666103385797e-11   7.469057541240e-06  -9.528626414618e-08  -1.096126600532e-07   1.061228360936e-04   4.739503150829e-13   1.398379941723e-09  -8.209060331279e-13  -1.577911466475e-06   1.892893525655e-03   5.661131700924e-12   2.013015444077e-08  -9.805367817256e-12  -1.429507777476e-12   1.940769827551e-12   2.210363812982e-06  -2.819864628833e-08  -1.559934467104e-05   3.334311455936e-02   3.495422845057e-11   1.990081396501e-07  -6.054250007581e-11   2.831310934505e-01   1.825053063366e-01   3.296928080838e-02   3.238116734355e-03   1.482417296504e-01   1.839685398121e-01  -1.150210768186e-01  -6.362885999077e-03  -4.101387084622e-03  -7.408971238524e-04  -7.276759128780e-05  -3.303337452735e-03   3.974315520109e-01   6.165592524910e-03  -2.767619897323e-01  -1.784018907783e-01  -3.222823307712e-02  -3.165343469086e-03  -1.449098371703e-01   1.863272636862e-01   1.314406529491e-01
   0.000000000000e+00   0.000000000000e+00   0.000000000000e+00   5.995829933315e-23   7.934748746458e-21   0.000000000000e+00   0.000000000000e+00   0.000000000000e+00   0.000000000000e+00   0.000000000000e+00   0.000000000000e+00   0.000000000000e+00   0.000000000000e+00   0.000000000000e+00   0.000000000000e+00  -1.330238534047e-22  -1.702705323581e-20   0.000000000000e+00  -6.638260303183e-41   1.000000000000e+00   0.000000000000e+00   0.000000000000e+00  -3.163795840505e-05  -1.019057412856e-04  -3.859737502220e-04  -8.283820739067e-04  -2.650128201856e-03  -8.453513288452e-03  -5.505018351229e-02  -4.758716609279e-02   1.928480141335e-05  -1.729549937871e-11   1.911006217245e-09   3.510447188203e-04  -3.148330950431e-10   3.512862604016e-08   4.566604784411e-03  -4.095541795776e-09   4.766328305621e-07   2.291026726581e-02  -2.054698437225e-08   2.578057186346e-06   5.839624665627e-02  -5.237244740636e-08   7.348249509155e-06   1.063520198753e-01  -9.538139668917e-08   1.983267721758e-05   1.494401448836e-02  -1.340248145465e-08   1.398734679232e-05   4.319789309066e-09   4.739503150829e-13   1.496568431076e-03  -5.284633595152e-07  -2.408322452814e-03   4.566208738429e-08   5.661131700924e-12   1.659051963455e-02  -6.312266459418e-06  -2.545703561494e-02  -6.545224168485e-03  -9.266936853496e-03   8.311016388340e-09   3.176999601844e-06   1.525251421301e-07   3.495422845057e-11   8.243761738440e-02  -3.897461064673e-05  -8.503417600477e-02  -6.291932255978e-02  -4.055757387267e-02  -7.326658433964e-03  -7.195963848834e-04   4.301382268313e-02   1.118805311345e-01  -2.832878454421e-01   3.542395179268e-01   2.283355986416e-01   4.124779856576e-02   4.051173706747e-03   2.592254306246e-01   7.750247086275e-03  -1.013716021916e-01  -7.242446343315e-02  -4.668510017425e-02  -8.433645423155e-03  -8.283229302982e-04   3.803606874406e-02  -1.000557527040e-01  -2.811782750058e-01
