ARMA_MAT_TXT_FN008
73 73
  -9.562298186136e+00  -1.200253908460e+01   9.168265348740e-03  -9.057289068517e-07   8.737669802173e-07  -4.424846895607e+00   3.062066335976e-03   2.129806170109e-07  -2.485948066500e-07  -1.991348716645e+00   1.150901999970e-03   2.658996649406e-07  -2.923690563813e-07  -8.392276000050e-01   3.572023337340e-04   1.181211136633e-07  -1.290773633361e-07  -8.100093456681e-07  -7.426658083313e-08  -1.206568722853e-03   8.171213132984e-07   2.089355882365e-03  -3.480340172204e-05   3.539789082156e-05   1.186590983847e-04  -1.913798797318e-04  -2.051308048558e-02  -3.214092324370e-01   1.294959385434e-04  -6.800820375948e-09   6.696106504252e-09  -6.462581998341e-04   1.363889358353e-08  -1.305904128512e-08  -7.358118860912e-03   1.955582090860e-08  -1.316608040494e-08  -2.761260394326e-01   3.952988504036e-07  -1.609754126291e-07  -1.056191014628e+00   1.527620293099e-06  -6.332977882469e-07  -5.256400577196e-01  -7.673596190700e-01   1.118813131231e-06  -4.706590093393e-07   7.052164564681e-08   2.149163945916e-09   3.125735638429e-02   2.215535478815e-08  -5.413930934291e-02  -1.338139095145e-01  -9.635077603866e-01  -1.022655376171e+00  -6.257059016781e-01   3.610068402982e-01   1.020722214718e+00  -3.430480786958e-01  -1.338246467854e-01  -9.635351191316e-01  -1.022665051516e+00  -6.257080200736e-01   3.607844008405e-01  -8.076427856293e-01  -7.124294801713e-01  -1.338314602651e-01  -9.635523613572e-01  -1.022671168454e+00  -6.257093733437e-01   3.605989479529e-01  -2.133198953678e-01   1.055722634095e+00
  -1.200253908460e+01  -8.782890727766e+00   8.089608510827e-03  -8.266688115266e-07   8.255183384087e-07  -3.953514171236e+00  -3.776397423453e-04   6.051066227045e-07  -6.191204868423e-07  -1.871765779845e+00  -1.644589946810e-03   4.919091727615e-07  -5.098142582205e-07  -8.019962562729e-01  -1.300429640906e-03   1.712919061315e-07  -1.791110305221e-07  -1.380326093928e-06  -7.836732075601e-08  -2.143161330578e-03   1.394401581815e-06   3.711788220495e-03  -2.555195480681e-05   4.156631983449e-05   1.250157613056e-04  -2.134086954593e-04  -2.209490688309e-02  -3.100417484799e-01   5.161701540281e-04   1.677498514021e-08  -1.739386130497e-08  -1.697893542020e-03  -5.485633154292e-08   5.688921171830e-08  -9.004055951610e-03  -1.120087464272e-07   1.209863990282e-07  -2.790496936417e-01   2.700970742730e-07  -3.141386635723e-08  -1.000656639091e+00   1.488165615791e-06  -6.398528907586e-07  -5.023689254220e-01  -7.314587137081e-01   1.109380300243e-06  -4.909887475590e-07   9.412550208982e-08   1.367348777887e-10   3.526692184508e-02   1.115382715325e-08  -6.108410007982e-02  -1.558904011453e-01  -9.210551394842e-01  -9.729089379821e-01  -5.993127755923e-01   3.535623997479e-01   1.001107629783e+00  -3.364559597949e-01  -1.559019909607e-01  -9.210802194427e-01  -9.729178913698e-01  -5.993147216449e-01   3.533427165432e-01  -7.921194793572e-01  -6.987362883837e-01  -1.559092570148e-01  -9.210959582787e-01  -9.729235156588e-01  -5.993159397134e-01   3.531598480156e-01  -2.092192036664e-01   1.035428403921e+00
   9.168265348740e-03   8.089608510827e-03   1.036444656680e+00  -1.103351460508e-05   1.120452614730e-05  -2.067702997112e-02  -3.785577112700e-01  -1.608744823832e-05   1.628579828892e-05  -1.956529364154e-02  -4.153777267039e-01  -1.071902279219e-05   1.081233323716e-05  -1.814608296582e-02  -1.444990747455e-01  -3.907833858354e-06   3.921812161625e-06  -1.443288536193e-05   2.649718493559e-06  -4.467769911250e-02   1.443269179849e-05   7.741628070846e-02   1.400306070936e-03  -1.249995309508e-03  -4.509009721479e-03   7.110555016650e-03   1.016797334663e-01   1.575610559430e-01  -1.150106921326e-02  -1.679658152167e-07   1.804932656982e-07   4.248549859418e-02   4.834118097934e-07  -5.282585433917e-07   1.467671012406e-01   9.310168034284e-07  -1.080131538364e-06   2.893267240806e-01   9.794053517923e-07  -1.288731585250e-06   1.327374106639e-01  -7.317639187358e-07   5.154678128722e-07   5.715694103736e-02  -5.670419770854e-03  -1.432821318996e-06   1.356693996206e-06   1.257702695336e-07  -4.785442938756e-09  -9.544235209850e-02  -4.581532038024e-07   1.653109708522e-01  -1.302572710135e-01  -1.225783567527e-01  -6.516199339962e-02  -2.835886963429e-02  -1.321665799956e-01   1.044919461926e-01  -3.511692732581e-02  -1.301784278692e-01  -1.225010339674e-01  -6.512415518513e-02  -2.834889649345e-02  -1.322247749353e-01  -8.262036443546e-02  -7.287697769187e-02  -1.301131557878e-01  -1.224374810296e-01  -6.509319227440e-02  -2.834075516794e-02  -1.322716180782e-01  -2.181049571748e-02   1.079334369993e-01
  -9.057289068517e-07  -8.266688115266e-07  -1.103351460508e-05   9.558655053899e-01  -8.115023375355e-07   7.650917091106e-06  -1.538586385627e-05  -4.717388121293e-01  -9.412616125760e-07   6.682631464230e-06  -1.013308254797e-05  -4.774520346828e-01  -3.541183241869e-07   4.009648916931e-06  -4.855229880369e-06  -1.803268679341e-01  -1.426831617316e-08  -5.694490736306e-02   7.427277551548e-02   4.382648002188e-02   3.385840083291e-06   2.527208001447e-02  -1.434491002381e-07   1.151182749713e-07   4.435943921493e-07  -4.171115070402e-07  -2.928102798306e-06   5.996322215911e-07   9.539381094879e-07   1.823341282814e-05  -3.660098661484e-08  -2.983716773443e-06  -7.233112712473e-04   1.043659090461e-07  -6.152483352027e-06  -9.392054539065e-03   1.780327314696e-07  -5.063257611243e-06  -5.412956068253e-02   4.890450803038e-08   5.050505556289e-06  -1.326983279242e-01  -3.500499580603e-07   4.394653128579e-06   3.267344362791e-06  -1.139864403989e-01  -1.848222814833e-07  -5.631686320974e-02   7.626803022700e-04   4.504731384493e-04  -1.729836821844e-07   2.586049881317e-04  -3.857439226857e-01  -3.579786409047e-01  -1.679105107793e-01  -4.612244718858e-02   1.111735435688e-01   1.286729632606e-01  -1.059461733183e-01   3.052081172792e-01   2.832377814869e-01   1.328562512799e-01   3.649692352267e-02  -8.790426004515e-02   1.077028499382e-02   1.740744889525e-01   8.061127021488e-02   7.480866382151e-02   3.509155752838e-02   9.641442755586e-03  -2.320531005747e-02  -1.728058852125e-01  -6.812768900046e-02
   8.737669802173e-07   8.255183384087e-07   1.120452614730e-05  -8.115023375355e-07   9.558606436576e-01  -7.615534247866e-06   1.557286308459e-05  -9.412565966540e-07  -4.717431640318e-01  -6.773306645190e-06   1.021309615348e-05  -3.541054310557e-07  -4.774527056917e-01  -4.111807239226e-06   4.877482376687e-06  -1.425917130391e-08  -1.803261522528e-01   3.385909226303e-06   5.061484051964e-02  -6.435727060480e-02  -5.690550854312e-02  -3.712519069743e-02   1.441443334566e-07  -1.155712117132e-07  -4.462058919409e-07   4.165950206500e-07   2.880671008367e-06  -7.462944308333e-07  -9.566073884016e-07  -3.660135337194e-08   1.784929056044e-05   2.986024578511e-06   1.043667038703e-07  -7.222195500456e-04   6.100585690008e-06   1.780332055269e-07  -9.390218764820e-03   4.838939746019e-06   4.890359711915e-08  -5.412912805590e-02  -5.374490720060e-06  -3.500494053295e-07  -1.327017273719e-01  -4.537931109354e-06  -3.457732151373e-06  -1.848183117958e-07  -1.139880155052e-01  -1.729902726127e-07   5.199660902027e-04  -6.614325302933e-04  -5.631886093886e-02  -3.806611570879e-04   1.296439092664e-01   1.203112334390e-01   5.643024234266e-02   1.549908068160e-02  -3.736283622388e-02  -1.059467632908e-01  -1.509588213987e-01   2.692309059672e-01   2.498476618139e-01   1.171889760282e-01   3.218901476521e-02  -7.753888407940e-02   1.740758460295e-01  -3.301604767172e-02  -3.989528225450e-01  -3.702301275040e-01  -1.736586673159e-01  -4.770484051650e-02   1.148383209879e-01  -6.812845607973e-02   1.505949351265e-01
  -4.424846895607e+00  -3.953514171236e+00  -2.067702997112e-02   7.650917091106e-06  -7.615534247866e-06  -2.201279080120e+00  -2.370074964477e-02   1.768563796434e-05  -1.810572671218e-05  -1.544386473379e+00  -1.982637207230e-03   1.204174017763e-05  -1.257101093996e-05  -8.573254718313e-01  -5.607207068660e-03   3.950051339789e-06  -4.174843765650e-06  -2.909228615753e-05  -1.307140886970e-06  -1.492996391538e-02   2.929597936640e-05   2.586046277869e-02  -3.425108900257e-02  -4.187624583344e-02  -5.411951593433e-02  -8.030620636332e-02  -1.892686900871e-01  -4.108234548131e-01  -2.712157625204e-02   2.914011440728e-07  -2.710149248591e-07  -3.639261279223e-02  -7.739029747210e-07   8.136814065124e-07  -2.003882114588e-01  -1.449238284202e-06   1.640688160825e-06  -4.362397227098e-01  -2.799502915568e-07   6.584954209066e-07  -9.034998964967e-01   6.086731014831e-06  -5.457659475137e-06  -5.559084620864e-01  -7.349181242627e-01   4.737381707421e-06  -4.257758170524e-06   1.589640560986e-07  -2.302017496801e-08   8.889237163105e-02   1.154279257286e-07  -1.539663086197e-01  -4.317398194154e-01  -8.687575141177e-01  -9.529404579530e-01  -6.651869342849e-01   1.980907195497e-01   5.674235343063e-01  -1.907022650827e-01  -4.317489939689e-01  -8.687754821413e-01  -9.529510702274e-01  -6.651897688119e-01   1.979659037133e-01  -4.489631757441e-01  -3.960358232513e-01  -4.317539625279e-01  -8.687870651657e-01  -9.529585498257e-01  -6.651917849515e-01   1.978625021974e-01  -1.185815404138e-01   5.868632386260e-01
   3.062066335976e-03  -3.776397423453e-04  -3.785577112700e-01  -1.538586385627e-05   1.557286308459e-05  -2.370074964477e-02  -1.369155839981e-01  -3.311044416857e-05   3.336684595910e-05   1.889549345717e-02  -4.400132773706e-01  -2.612295499002e-05   2.626257560647e-05   2.103140296534e-02  -2.407675114763e-01  -9.885893520274e-06   9.913888698401e-06  -3.603208505515e-05   7.139161520381e-06  -1.227599998193e-01   3.588360074053e-05   2.127120698548e-01   1.570286678663e-01   1.945511103603e-01   2.411792776067e-01   3.058621545489e-01   4.256155237681e-01   3.576321676825e-01   1.182753920083e-01  -2.509105627778e-07   1.398643645702e-07   4.997926610907e-02   2.602646535020e-07  -3.168982501078e-07   4.133557911932e-01   3.344182126238e-07  -7.612167066361e-07   3.843705202261e-01   5.387245793441e-07  -9.730753823581e-07   1.370819058594e-01  -2.610271861397e-06   2.352997161082e-06   1.470649561995e-01  -8.918237195808e-03  -4.079655713311e-06   3.958403661076e-06   8.325458056086e-07  -2.263290214939e-08  -5.563727204571e-02  -1.083905085541e-06   9.636633635087e-02  -1.412057986723e-01  -1.182943689016e-01  -5.374623242296e-02  -6.683774230503e-03  -5.327416292279e-02  -1.890881152530e-02   6.356480630918e-03  -1.411201204700e-01  -1.182128304224e-01  -5.369108705026e-02  -6.665493235553e-03  -5.327448574364e-02   1.494977383014e-02   1.319194524473e-02  -1.410496153927e-01  -1.181460362866e-01  -5.364610357884e-02  -6.650609600983e-03  -5.327501826845e-02   3.945138691194e-03  -1.953461747622e-02
   2.129806170109e-07   6.051066227045e-07  -1.608744823832e-05  -4.717388121293e-01  -9.412565966540e-07   1.768563796434e-05  -3.311044416857e-05  -2.318331076580e-01  -1.522842580464e-06   1.839708758246e-05  -2.588657712657e-05  -4.429391169089e-01  -6.060814647862e-07   1.129664464293e-05  -1.139480068933e-05  -2.446628220855e-01  -1.885389286355e-08  -1.246841385833e-01   1.742241269802e-01   1.028032075399e-01   8.069493257970e-06   5.928486777596e-02  -4.097179361862e-07  -9.471646032559e-08   3.082799812441e-07  -9.734759009706e-07  -4.301838806380e-06   3.648150415263e-06   1.154322207159e-06  -1.282076736492e-02  -5.272235498254e-08  -4.195949011524e-06  -1.143982618512e-02   1.527461661644e-07  -8.873079393521e-06  -7.305141615909e-02   2.605142177510e-07  -5.314062359384e-06  -1.105541747044e-01  -5.258984998773e-09   1.618668773996e-05  -1.717893939609e-01  -9.094128629859e-07   1.146588780527e-05   1.026154718257e-05  -1.598410681611e-01  -4.777258843463e-07  -8.852654297136e-02   9.426908448844e-04   5.564900734200e-04  -2.729845945578e-07   3.200972131381e-04  -4.143030413720e-01  -3.536939259035e-01  -2.017171263665e-01  -6.566101343031e-02  -1.093435257252e-02  -1.014214001082e-01   1.202444916022e-02   3.277985389832e-01   2.798500808162e-01   1.596143461136e-01   5.196506981805e-02   8.638482876014e-03  -8.803991534188e-02  -1.975677693735e-02   8.657676249446e-02   7.391509716910e-02   4.216293242652e-02   1.373062073961e-02   2.277921366890e-03  -6.720589648387e-02   7.732045886673e-03
  -2.485948066500e-07  -6.191204868423e-07   1.628579828892e-05  -9.412616125760e-07  -4.717431640318e-01  -1.810572671218e-05   3.336684595910e-05  -1.522842580464e-06  -2.318359170152e-01  -1.923639827403e-05   2.601536118426e-05  -6.060687621484e-07  -4.429363879091e-01  -1.193936882034e-05   1.143597074887e-05  -1.884326069259e-08  -2.446600558309e-01   8.069577106870e-06   1.187291993414e-01  -1.509633302727e-01  -1.245896487061e-01  -8.708920136348e-02   2.786091409224e-07  -7.375491691088e-08  -5.233831464120e-07   7.209430211018e-07   3.995222041737e-06  -4.060611037485e-06  -1.285075494391e-06  -5.272295511641e-08  -1.282132606105e-02   4.200554045023e-06   1.527473088516e-07  -1.143821692196e-02   8.576377608865e-06   2.605153688335e-07  -7.304869932984e-02   4.942808404259e-06  -5.257723724555e-09  -1.105542668861e-01  -1.698714773957e-05  -9.094028661791e-07  -1.717978497929e-01  -1.199495987254e-05  -1.093190896751e-05  -4.777141584692e-07  -1.598447024868e-01  -2.729930715488e-07   6.428250931280e-04  -8.174311574452e-04  -8.852965102141e-02  -4.709930957602e-04   1.392424454346e-01   1.188696522992e-01   6.778763031022e-02   2.206171043226e-02   3.676412057120e-03   1.202451615680e-02  -6.968607971791e-02   2.891587304083e-01   2.468554429934e-01   1.407810814103e-01   4.582326332342e-02   7.624587229733e-03  -1.975653478661e-02  -8.307203487421e-02  -4.284770174436e-01  -3.658005643023e-01  -2.086329254554e-01  -6.792200089484e-02  -1.128305209467e-02   7.731736748799e-03  -1.039103613247e-01
  -1.991348716645e+00  -1.871765779845e+00  -1.956529364154e-02   6.682631464230e-06  -6.773306645190e-06  -1.544386473379e+00   1.889549345717e-02   1.839708758246e-05  -1.923639827403e-05  -1.217605568206e+00   1.765226488806e-01   1.435042821729e-05  -1.553923644556e-05  -7.775689023633e-01   1.225865337662e-01   5.129269665681e-06  -5.707223427377e-06  -3.463902801548e-05  -1.126214264784e-06   3.463112633835e-03   3.482594679917e-05  -5.994118914551e-03  -6.033312350364e-01  -7.390682741219e-01  -8.059221087864e-01  -8.006949672696e-01  -7.212302808960e-01  -6.861372398068e-01  -1.400818401194e-01   2.441967603799e-07  -1.267944958536e-07   1.978583866593e-02  -3.868373638653e-07   3.787932831553e-07  -2.857593389854e-01  -5.657512233947e-07   8.306300168355e-07  -3.971983947201e-01   9.544371177148e-07  -6.220323798657e-07  -6.747386427341e-01   8.652274049222e-06  -8.344068365438e-06  -6.125444211513e-01  -5.649994031367e-01   6.561549086422e-06  -6.370770227350e-06   4.428650707690e-08  -1.862450046772e-08   6.068762308016e-02   1.393708603475e-07  -1.051141665556e-01  -4.127115467767e-01  -6.683156218877e-01  -7.731760484461e-01  -6.078568068560e-01   1.453550781091e-01   4.140047329987e-01  -1.391406451052e-01  -4.127161034729e-01  -6.683307078762e-01  -7.731974282876e-01  -6.078666433668e-01   1.452669111047e-01  -3.275735820486e-01  -2.889565886511e-01  -4.127181120024e-01  -6.683413134657e-01  -7.732144387739e-01  -6.078745854853e-01   1.451938911612e-01  -8.651988261608e-02   4.281888775127e-01
   1.150901999970e-03  -1.644589946810e-03  -4.153777267039e-01  -1.013308254797e-05   1.021309615348e-05  -1.982637207230e-03  -4.400132773706e-01  -2.588657712657e-05   2.601536118426e-05   1.765226488806e-01  -6.105825752357e-01  -2.476170942425e-05   2.503937361020e-05   2.283067229962e-01  -4.229374686341e-01  -1.042210570782e-05   1.061184500567e-05  -2.988883173976e-05   5.839783741778e-06  -1.344052625940e-01   2.960620259466e-05   2.328660399034e-01   1.544281556930e+00   1.887573725533e+00   2.026831014281e+00   1.949702262445e+00   1.525075724082e+00   1.014459518430e+00   2.421670485290e-01  -2.494235622305e-07  -5.063368786652e-08  -6.553899101299e-02  -2.391638655173e-07   3.087680294792e-07   3.687766104815e-01  -1.022417761263e-06   5.270613279139e-07   2.871689699692e-01  -1.110191761326e-06   7.024971116513e-07   5.267293665549e-02  -3.491778981673e-06   3.313824871507e-06   4.592690219814e-01  -2.656866502196e-02  -4.741147753982e-06   4.638058224556e-06   4.912670723566e-07  -1.506812400125e-08  -3.061087215867e-02  -6.427966872322e-07   5.301935600293e-02  -1.284914217207e-01  -7.904335472953e-02   6.584765747278e-02   1.486601511191e-01  -1.358297884796e-02   5.331578185367e-02  -1.791742371959e-02  -1.284151301909e-01  -7.897926755776e-02   6.590746275163e-02   1.486889923934e-01  -1.361866340165e-02  -4.215881390209e-02  -3.718523273564e-02  -1.283524228287e-01  -7.892692413535e-02   6.595611232606e-02   1.487124606726e-01  -1.364768297800e-02  -1.113019877901e-02   5.507582821610e-02
   2.658996649406e-07   4.919091727615e-07  -1.071902279219e-05  -4.774520346828e-01  -3.541054310557e-07   1.204174017763e-05  -2.612295499002e-05  -4.429391169089e-01  -6.060687621484e-07   1.435042821729e-05  -2.476170942425e-05  -2.620616389423e-01  -1.789193617768e-08   9.540941000833e-06  -1.163604672611e-05  -1.587570248270e-01   1.889446895375e-07  -8.592913237890e-02   1.391481426327e-01   8.210602451778e-02   6.576699983484e-06   4.735026548381e-02  -2.164387448807e-06  -2.362364364837e-06  -2.224874026493e-06  -2.961077164553e-06  -4.588826747383e-06   2.810923850694e-06   5.494305701333e-07  -1.054332346358e-01  -3.888456635365e-08  -3.020421458944e-06   8.358762040607e-03   1.153882857559e-07  -7.052936857776e-06  -2.199938500104e-01   2.040188782325e-07  -4.162128655847e-06  -2.029766976523e-01  -1.191048821115e-08   1.455174376977e-05  -1.548072519096e-01  -8.386800938668e-07   1.034910783651e-05   9.108929432390e-06  -1.278837679252e-01  -4.134998959379e-07  -6.057516250787e-02   4.026404727412e-04   2.378710107101e-04  -1.762901945230e-07   1.362134711386e-04  -3.645162024530e-01  -2.502283160220e-01  -1.144570928053e-01  -4.567186719128e-02   5.902159828460e-02   1.139050773153e-01  -5.355333155270e-02   2.884069772768e-01   1.979859237934e-01   9.057148801047e-02   3.614760343422e-02  -4.667619282834e-02   5.431242305158e-02   8.799511283538e-02   7.617305008992e-02   5.229301191051e-02   2.392654924048e-02   9.552134186852e-03  -1.232387780813e-02  -3.848627440601e-02  -3.444005037598e-02
  -2.923690563813e-07  -5.098142582205e-07   1.081233323716e-05  -3.541183241869e-07  -4.774527056917e-01  -1.257101093996e-05   2.626257560647e-05  -6.060814647862e-07  -4.429363879091e-01  -1.553923644556e-05   2.503937361020e-05  -1.789193617768e-08  -2.620541078866e-01  -1.056130322310e-05   1.183914318387e-05   1.889488916757e-07  -1.587521564295e-01   6.576761584050e-06   9.482430046137e-02  -1.205684725636e-01  -8.585281281868e-02  -6.955574889639e-02   8.484994864566e-07   7.492077583509e-07   4.872217001361e-07   1.303878893840e-06   3.333368061144e-06  -3.801527030121e-06  -8.622238345344e-07  -3.888563344217e-08  -1.054336588240e-01   3.133093986391e-06   1.153909327292e-07   8.360016929004e-03   6.650402303866e-06   2.040227412904e-07  -2.199916472127e-01   3.776560737556e-06  -1.190596308166e-08  -2.029767611915e-01  -1.537161418645e-05  -8.386700368267e-07  -1.548150678093e-01  -1.124096514632e-05  -9.904077720008e-06  -4.134900030947e-07  -1.278867664174e-01  -1.762976579992e-07   2.750010402837e-04  -3.498226948466e-04  -6.057720943136e-02  -2.009999862842e-04   1.225092461329e-01   8.409655271633e-02   3.846164042167e-02   1.534413318321e-02  -1.983500221883e-02  -5.355307554593e-02  -2.744252760028e-02   2.544094072736e-01   1.746424130517e-01   7.988007775277e-02   3.187233643632e-02  -4.117004811445e-02   8.799487026350e-02   3.217751848170e-02  -3.769858233492e-01  -2.587930954235e-01  -1.183865440014e-01  -4.724733894169e-02   6.098358359871e-02  -3.444006382520e-02   1.249982440447e-01
  -8.392276000050e-01  -8.019962562729e-01  -1.814608296582e-02   4.009648916931e-06  -4.111807239226e-06  -8.573254718313e-01   2.103140296534e-02   1.129664464293e-05  -1.193936882034e-05  -7.775689023633e-01   2.283067229962e-01   9.540941000833e-06  -1.056130322310e-05  -5.261601796119e-01   1.874428706343e-01   3.781617285017e-06  -4.349696161781e-06  -2.183854852039e-05  -5.195840161050e-07   9.501029047813e-03   2.194263606198e-05  -1.645220111450e-02  -7.752613579957e-01  -9.470537427360e-01  -1.024044937286e+00  -1.008392019323e+00  -8.712205038084e-01  -7.080319835926e-01  -5.690470628161e-02   9.413307130388e-08  -4.801311698812e-08   1.060218263046e-02  -2.142660140781e-07   2.142625593700e-07  -1.155538679757e-01  -3.728030405033e-07   4.910265599581e-07  -1.891607185782e-01   8.022197147636e-07  -6.429514701415e-07  -3.666006612555e-01   6.436917289891e-06  -6.337535642174e-06  -4.991909943495e-01  -3.067928040339e-01   5.084272047380e-06  -5.069365504832e-06   3.097466665391e-07  -2.249112238044e-08   2.790425936228e-02  -2.313689475213e-07  -4.833176203793e-02  -2.776719080298e-01  -4.132761185219e-01  -4.841552720726e-01  -4.038601902649e-01   8.062675982325e-02   2.352574095258e-01  -7.906653682791e-02  -2.776726744958e-01  -4.132851172769e-01  -4.841772545092e-01  -4.038725857356e-01   8.057672860044e-02  -1.861414232385e-01  -1.641978953450e-01  -2.776725306715e-01  -4.132916989368e-01  -4.841950878142e-01  -4.038827259585e-01   8.053540825166e-02  -4.916398802729e-02   2.433142711618e-01
   3.572023337340e-04  -1.300429640906e-03  -1.444990747455e-01  -4.855229880369e-06   4.877482376687e-06  -5.607207068660e-03  -2.407675114763e-01  -1.139480068933e-05   1.143597074887e-05   1.225865337662e-01  -4.229374686341e-01  -1.163604672611e-05   1.183914318387e-05   1.874428706343e-01  -2.683368233687e-01  -5.493317190960e-06   5.677312781711e-06  -1.151941355430e-05   2.222597571218e-06  -5.831711746752e-02   1.138593103315e-05   1.010344412824e-01   1.091037808509e+00   1.331140281762e+00   1.431665742628e+00   1.397342477836e+00   1.151449230443e+00   7.815458587178e-01   1.035412459546e-03  -1.024779998176e-07   3.914112809252e-08  -3.665826982112e-03   1.332502445893e-07  -1.325038919086e-07  -2.550691210280e-03   1.185053523669e-07  -2.691384877325e-07   1.124158713943e-02  -1.058731474515e-07  -4.819746298487e-08  -2.142516450315e-02  -1.888592371301e-06   1.835966374612e-06   3.448239618506e-01  -3.121056012564e-02  -2.680955114973e-06   2.676430214242e-06  -4.337672024778e-07   1.977971683087e-08  -4.617261576338e-03   3.996580311339e-07   7.997497770150e-03  -6.409935573644e-02  -4.596618694648e-02   6.052629683660e-02   1.334854123682e-01  -2.576615144021e-02   3.199791124166e-02  -1.075321519348e-02  -6.406108601457e-02  -4.592987535438e-02   6.056066196906e-02   1.335020851359e-01  -2.578582983948e-02  -2.530283965561e-02  -2.231763911586e-02  -6.402973333196e-02  -4.590023886487e-02   6.058863604313e-02   1.335156611543e-01  -2.580177992575e-02  -6.680330925126e-03   3.305619570392e-02
   1.181211136633e-07   1.712919061315e-07  -3.907833858354e-06  -1.803268679341e-01  -1.425917130391e-08   3.950051339789e-06  -9.885893520274e-06  -2.446628220855e-01  -1.884326069259e-08   5.129269665681e-06  -1.042210570782e-05  -1.587570248270e-01   1.889488916757e-07   3.781617285017e-06  -5.493317190960e-06  -2.527492057480e-02   1.634966732432e-07  -2.658095193941e-02   5.336972891970e-02   3.149151427874e-02   2.541918073856e-06   1.816108921231e-02  -1.475197500293e-06  -1.703777039407e-06  -1.727977476639e-06  -1.988714669419e-06  -2.502057182661e-06   7.254341494391e-07   2.956079842133e-07  -7.256459356376e-02  -1.279257712417e-08  -1.217205888903e-06  -3.035842305619e-03   3.865697402164e-08  -2.744054966697e-06  -1.781278636661e-01   7.027582055220e-08  -1.827517663073e-06  -1.725319255397e-01  -1.345113410654e-08   5.763719521540e-06  -8.845147283298e-02  -3.506259437797e-07   4.425332095504e-06   3.674042961426e-06  -3.263582781210e-02  -1.693970114905e-07  -2.723247025109e-02   1.202749651308e-05   7.371519340809e-06  -3.978404969944e-08   3.444294275109e-06  -1.804880423226e-01  -1.417751322240e-01  -4.482705630459e-02  -5.082797753205e-03   3.475011575314e-02   4.680850364514e-02  -3.125730608809e-02   1.428024225267e-01   1.121747738236e-01   3.547261849915e-02   4.026415919892e-03  -2.748044062603e-02   1.202497977455e-02   5.135900326842e-02   3.771649076747e-02   2.962796300641e-02   9.370979073647e-03   1.065461465922e-03  -7.255294344508e-03  -4.213769189429e-02  -2.010092346242e-02
  -1.290773633361e-07  -1.791110305221e-07   3.921812161625e-06  -1.426831617316e-08  -1.803261522528e-01  -4.174843765650e-06   9.913888698401e-06  -1.885389286355e-08  -2.446600558309e-01  -5.707223427377e-06   1.061184500567e-05   1.889446895375e-07  -1.587521564295e-01  -4.349696161781e-06   5.677312781711e-06   1.634966732432e-07  -2.527187139989e-02   2.541944919948e-06   3.636913229679e-02  -4.624322910242e-02  -2.655167206528e-02  -2.667765881593e-02   5.446975049177e-07   5.666381312979e-07   5.029488695578e-07   7.990193205479e-07   1.539564335548e-06  -1.447651212090e-06  -3.654823371921e-07  -1.279326597248e-08  -7.256473954517e-02   1.239416959287e-06   3.865879157141e-08  -3.035403277258e-03   2.638633670695e-06   7.027881703104e-08  -1.781270695048e-01   1.688677466289e-06  -1.344778216097e-08  -1.725320051833e-01  -6.110961093433e-06  -3.506218849495e-07  -8.845473204197e-02  -4.963047937307e-06  -4.018256063786e-06  -1.693932300559e-07  -3.263696636627e-02  -3.978770280266e-08   8.577212680521e-06  -1.112494447057e-05  -2.723297308208e-02  -5.658292531120e-06   6.065955528646e-02   4.764787098959e-02   1.506342381458e-02   1.705897388052e-03  -1.167849577109e-02  -3.125716701448e-02  -3.569104788801e-02   1.259683199895e-01   9.894925732136e-02   3.128528503252e-02   3.545968186601e-03  -2.423943072078e-02   5.135879639187e-02  -8.937825168095e-04  -1.866606142517e-01  -1.466267150032e-01  -4.636705183509e-02  -5.262363202844e-03   3.590365584291e-02  -2.010085567176e-02   5.328032561945e-02
  -8.100093456681e-07  -1.380326093928e-06  -1.443288536193e-05  -5.694490736306e-02   3.385909226303e-06  -2.909228615753e-05  -3.603208505515e-05  -1.246841385833e-01   8.069577106870e-06  -3.463902801548e-05  -2.988883173976e-05  -8.592913237890e-02   6.576761584050e-06  -2.183854852039e-05  -1.151941355430e-05  -2.658095193941e-02   2.541944919948e-06   1.385497094269e+00   7.054177382131e-02   4.162239273270e-02   6.563823210744e-06   2.402385132800e-02   3.217764108571e-07   3.624080647890e-07   4.473118340268e-07   8.193209738988e-07   1.710334058746e-06  -5.983526181622e-07   1.012462643241e-07   1.948598022320e-02   4.230550152920e-08   9.602868201144e-07   2.935082594594e-02  -1.218372217234e-07   2.891375661668e-06   1.326949219275e-01  -2.183600401905e-07   1.813658092547e-06   1.028383676046e-01  -1.024230951747e-07  -1.217964488747e-05   3.213129366422e-02   8.910979550344e-07  -9.011988699798e-06  -1.787472491391e-05   1.154114734422e-02   1.177790756932e-06   5.529059505738e-02   9.861470806691e-05   5.772326039921e-05   1.342194496955e-07   3.453236148049e-05  -1.876806045498e-02  -3.525536256021e-02  -3.606433451709e-02  -8.394060709428e-03   1.650957273499e-01  -2.916542233664e-01   1.302317706906e-01   1.483895016559e-02   2.786334535218e-02   2.848118470533e-02   6.607391853219e-03  -1.307792789490e-01  -1.466454189630e-01  -2.138407918908e-01   3.917439238952e-03   7.350659325003e-03   7.505130142731e-03   1.732401123920e-03  -3.457511126483e-02   7.881692655753e-02   8.364915556388e-02
  -7.426658083313e-08  -7.836732075601e-08   2.649718493559e-06   7.427277551548e-02   5.061484051964e-02  -1.307140886970e-06   7.139161520381e-06   1.742241269802e-01   1.187291993414e-01  -1.126214264784e-06   5.839783741778e-06   1.391481426327e-01   9.482430046137e-02  -5.195840161050e-07   2.222597571218e-06   5.336972891970e-02   3.636913229679e-02   7.054177382131e-02   1.333936969793e+00   3.275223646857e-05   4.802585888250e-02   2.729399289382e-05   8.810521240939e-09  -6.363135412619e-09  -2.494026906221e-08   2.080084004438e-08   3.775928179352e-08  -9.625415377207e-07  -8.334854637635e-09   7.064049884317e-04   4.813199316319e-04   3.123246488379e-08  -2.033578453415e-03  -1.385841289345e-03   2.924473269923e-09  -3.572945476401e-03  -2.435129157139e-03  -8.029999024277e-07  -5.164631634827e-04  -3.509857833433e-04  -2.355170067373e-06   2.558270423018e-02   1.743846464712e-02  -1.189080832344e-06  -7.239609289466e-07   2.881603882836e-02   1.963942339625e-02   3.478042915800e-03  -2.200286002986e-02   3.212554154534e-07   2.369951990053e-03  -1.633343606421e-07   1.652699526248e-02   3.721284611808e-02   4.145968280970e-02   1.162844048678e-02   1.285030759160e-01   2.793656388899e-01   1.921110776204e-01  -2.714730640030e-02  -6.114522696772e-02  -6.812286481871e-02  -1.910727808240e-02  -2.109966692797e-01   2.790058237108e-01   1.895209912703e-01   1.062243978547e-02   2.393062328827e-02   2.666114317990e-02   7.477671564117e-03   8.253389670537e-02   2.813648049644e-01   1.904769122177e-01
  -1.206568722853e-03  -2.143161330578e-03  -4.467769911250e-02   4.382648002188e-02  -6.435727060480e-02  -1.492996391538e-02  -1.227599998193e-01   1.028032075399e-01  -1.509633302727e-01   3.463112633835e-03  -1.344052625940e-01   8.210602451778e-02  -1.205684725636e-01   9.501029047813e-03  -5.831711746752e-02   3.149151427874e-02  -4.624322910242e-02   4.162239273270e-02   3.275223646857e-05   1.323605048710e+00  -6.106628565182e-02   1.782942089004e-02   6.665733353387e-02   8.535160809250e-02   1.153613453826e-01   1.514640063415e-01   1.698481802968e-01   1.105448326014e-01   7.479937542197e-02   4.168136579959e-04  -6.120771790713e-04   9.197530340314e-03  -1.200176661329e-03   1.762292868576e-03   1.588916672118e-01  -2.108803766951e-03   3.096510317337e-03   5.511378568238e-02  -3.050483935413e-04   4.464977253805e-04   2.379096104687e-02   1.509540283897e-02  -2.217267022474e-02   4.385307927234e-02  -7.587408187904e-03   1.700326200708e-02  -2.497130286373e-02   2.052781866280e-03   1.515172611212e-07   3.861574342590e-03  -3.013930311465e-03  -4.479885646003e-02   1.152380324500e-02   2.566895426533e-02   3.450495247951e-02   1.550000716295e-02   2.646404638502e-02   1.181322517703e-01  -2.273941993894e-01  -4.409167524919e-03  -1.020523171158e-02  -5.462017990731e-03   4.290699463453e-03  -9.737812454980e-02   2.023102774968e-01  -2.113196115791e-01  -2.920189375146e-02  -6.605784912618e-02  -6.768672936803e-02  -1.316146883476e-02  -2.899734936496e-01   1.750433080044e-01  -2.887180214032e-01
   8.171213132984e-07   1.394401581815e-06   1.443269179849e-05   3.385840083291e-06  -5.690550854312e-02   2.929597936640e-05   3.588360074053e-05   8.069493257970e-06  -1.245896487061e-01   3.482594679917e-05   2.960620259466e-05   6.576699983484e-06  -8.585281281868e-02   2.194263606198e-05   1.138593103315e-05   2.541918073856e-06  -2.655167206528e-02   6.563823210744e-06   4.802585888250e-02  -6.106628565182e-02   1.385574713774e+00  -3.524943091474e-02  -1.248966241088e-07  -1.096796553831e-07  -1.052490440258e-07  -3.729580905567e-07  -1.220220339943e-06   9.247596995498e-07   1.389596987961e-07   4.230448611946e-08   1.948645523845e-02  -9.163957996392e-07  -1.218339936232e-07   2.934945884590e-02  -2.328710966520e-06  -2.183537150700e-07   1.326924677746e-01  -1.579669699440e-06  -1.024200170380e-07   1.028371576629e-01   1.232342944697e-05   8.910763573412e-07   3.214153115756e-02   9.166379126311e-06   1.792254786067e-05   1.177764353726e-06   1.155471475143e-02   1.342158456075e-07   6.703608061381e-05  -8.477761250275e-05   5.529205791151e-02  -5.021402337507e-05   6.307039640262e-03   1.185180333389e-02   1.213124636045e-02   2.831257859033e-03  -5.548403950786e-02   1.302310367089e-01   5.208023150977e-02   1.308789891002e-02   2.458759071243e-02   2.515390538425e-02   5.857235664226e-03  -1.153561590852e-01  -2.138387654215e-01  -9.284835180903e-02  -1.938395154755e-02  -3.639822077237e-02  -3.720721200245e-02  -8.634108720477e-03   1.711010766182e-01   8.364786290672e-02  -3.182460377657e-01
   2.089355882365e-03   3.711788220495e-03   7.741628070846e-02   2.527208001447e-02  -3.712519069743e-02   2.586046277869e-02   2.127120698548e-01   5.928486777596e-02  -8.708920136348e-02  -5.994118914551e-03   2.328660399034e-01   4.735026548381e-02  -6.955574889639e-02  -1.645220111450e-02   1.010344412824e-01   1.816108921231e-02  -2.667765881593e-02   2.402385132800e-02   2.729399289382e-05   1.782942089004e-02  -3.524943091474e-02   1.303096490613e+00  -1.154538046684e-01  -1.478333806508e-01  -1.998119457369e-01  -2.623431599776e-01  -2.941854618137e-01  -1.914784146555e-01  -1.295563397188e-01   2.404528302588e-04  -3.530003623803e-04  -1.593046627873e-02  -6.915440958575e-04   1.016130680025e-03  -2.752088387461e-01  -1.214607900937e-03   1.785368752691e-03  -9.546840790465e-02  -1.754442848363e-04   2.574002996792e-04  -4.122541132828e-02   8.703733890922e-03  -1.278942229530e-02  -7.596368866827e-02   1.314201622321e-02   9.804893787215e-03  -1.440495042746e-02   1.182836204216e-03   1.306631610643e-07  -4.479700692138e-02  -1.737760542849e-03   5.558811324543e-02   2.365854982868e-02   5.375734540298e-02   4.966552437369e-02   3.848452773057e-03   2.933335489811e-01   1.738950749337e-01  -1.668023736968e-01   1.446272748232e-02   3.305479483081e-02   2.659755687000e-02  -2.622833119792e-03   2.217423564638e-01   3.302517329366e-02  -1.958939256793e-01   1.518111989242e-04   8.160086750056e-04  -9.321992080422e-03  -1.269841642922e-02   1.104714536961e-01   7.889768557584e-02  -5.703129724110e-02
  -3.480340172204e-05  -2.555195480681e-05   1.400306070936e-03  -1.434491002381e-07   1.441443334566e-07  -3.425108900257e-02   1.570286678663e-01  -4.097179361862e-07   2.786091409224e-07  -6.033312350364e-01   1.544281556930e+00  -2.164387448807e-06   8.484994864566e-07  -7.752613579957e-01   1.091037808509e+00  -1.475197500293e-06   5.446975049177e-07   3.217764108571e-07   8.810521240939e-09   6.665733353387e-02  -1.248966241088e-07  -1.154538046684e-01  -5.078798957371e+01  -1.094982689706e+02  -4.847080587614e+01  -2.564736731836e+01  -8.477728249487e+00  -3.702284791039e+00  -4.168676527218e-03  -2.279724967118e-07   2.347936607510e-07   4.581289265489e-03   2.549364014670e-07  -2.624789173377e-07   2.609090107758e-03   1.495819111663e-07  -1.539642622984e-07   2.973467543520e-03   1.561568825681e-07  -1.609328244138e-07   2.087226015604e-03   4.506468080848e-08  -4.743122020571e-08  -1.369193876064e+00   1.338743696462e-03   2.090058044680e-09  -3.175657485413e-09  -4.584576986966e-08   6.586534558864e-10   1.805868982006e-04   4.700630889875e-08  -3.127775772809e-04   2.469143975919e-04  -9.154908275290e-03  -3.134739553144e-01  -5.374081655188e-01   4.059398717754e-04  -6.780531977485e-05   2.281760298164e-05   2.469727721541e-04  -9.163891843467e-03  -3.135711277610e-01  -5.374666428280e-01   4.062568476580e-04   5.350628248287e-05   4.728064532873e-05   2.470191528470e-04  -9.171236699741e-03  -3.136505203667e-01  -5.375144117301e-01   4.065221513227e-04   1.408571416987e-05  -6.988132638130e-05
   3.539789082156e-05   4.156631983449e-05  -1.249995309508e-03   1.151182749713e-07  -1.155712117132e-07  -4.187624583344e-02   1.945511103603e-01  -9.471646032559e-08  -7.375491691088e-08  -7.390682741219e-01   1.887573725533e+00  -2.362364364837e-06   7.492077583509e-07  -9.470537427360e-01   1.331140281762e+00  -1.703777039407e-06   5.666381312979e-07   3.624080647890e-07  -6.363135412619e-09   8.535160809250e-02  -1.096796553831e-07  -1.478333806508e-01  -1.094982689706e+02  -8.397536873373e+01  -4.786864321397e+01  -2.855535595365e+01  -1.020831648935e+01  -4.513919427743e+00  -4.009284789580e-03  -1.792715650904e-07   1.848951857737e-07   2.094993809660e-03   7.229915765182e-08  -7.482640713695e-08  -2.040760326400e-03  -1.271231145230e-07   1.298587668673e-07  -1.744933898833e-03  -1.013838177528e-07   1.042442283184e-07  -1.154129177439e-03  -1.531383394074e-08   1.639985012245e-08  -1.670928746651e+00  -7.847561713038e-04   9.372902521780e-09  -8.965731895456e-09  -5.179213068931e-08   3.118364021512e-09   2.970282165861e-04   5.325422893724e-08  -5.144338467543e-04  -1.716331797412e-04  -1.134909156146e-02  -3.838202040311e-01  -6.564225792261e-01  -3.049442996111e-04   4.260767064469e-05  -1.434213666664e-05  -1.716587780292e-04  -1.136018107327e-02  -3.839390604891e-01  -6.564939435657e-01  -3.050614208547e-04  -3.363783360244e-05  -2.973494872860e-05  -1.716801195563e-04  -1.136924671984e-02  -3.840361815881e-01  -6.565522392970e-01  -3.051566877238e-04  -8.856981566258e-06   4.396350670463e-05
   1.186590983847e-04   1.250157613056e-04  -4.509009721479e-03   4.435943921493e-07  -4.462058919409e-07  -5.411951593433e-02   2.411792776067e-01   3.082799812441e-07  -5.233831464120e-07  -8.059221087864e-01   2.026831014281e+00  -2.224874026493e-06   4.872217001361e-07  -1.024044937286e+00   1.431665742628e+00  -1.727977476639e-06   5.029488695578e-07   4.473118340268e-07  -2.494026906221e-08   1.153613453826e-01  -1.052490440258e-07  -1.998119457369e-01  -4.847080587614e+01  -4.786864321397e+01  -3.160594660453e+01  -2.286466244861e+01  -1.020217450110e+01  -4.772957812958e+00  -8.345562634309e-03  -2.931552584502e-07   3.030764504820e-07   2.813997579202e-03   6.383553897878e-09  -9.185244205912e-09  -1.207730364222e-02  -6.385625463472e-07   6.575293962107e-07  -9.412739240057e-03  -4.952232070880e-07   5.100634755875e-07  -5.733602146381e-03  -1.122957045721e-07   1.184651415787e-07  -1.800141038637e+00  -3.679360026297e-03   1.047775212437e-08  -7.862478987453e-09  -7.741148023718e-08   6.716453111991e-09   6.823360190281e-04   8.449990618516e-08  -1.181759468963e-03  -7.028627610700e-04  -1.452421369170e-02  -4.197423143541e-01  -7.107373603662e-01  -1.170103560076e-03   2.197634355588e-04  -7.394910006482e-05  -7.029896170996e-04  -1.453786493383e-02  -4.198709418735e-01  -7.108142979869e-01  -1.170666461879e-03  -1.735686997043e-04  -1.533582612004e-04  -7.030879317067e-04  -1.454902871465e-02  -4.199760468389e-01  -7.108771477242e-01  -1.171121026592e-03  -4.572984331827e-05   2.268386727852e-04
  -1.913798797318e-04  -2.134086954593e-04   7.110555016650e-03  -4.171115070402e-07   4.165950206500e-07  -8.030620636332e-02   3.058621545489e-01  -9.734759009706e-07   7.209430211018e-07  -8.006949672696e-01   1.949702262445e+00  -2.961077164553e-06   1.303878893840e-06  -1.008392019323e+00   1.397342477836e+00  -1.988714669419e-06   7.990193205479e-07   8.193209738988e-07   2.080084004438e-08   1.514640063415e-01  -3.729580905567e-07  -2.623431599776e-01  -2.564736731836e+01  -2.855535595365e+01  -2.286466244861e+01  -1.727996825324e+01  -8.789301001364e+00  -4.461291810885e+00  -1.294025334515e-02  -5.236499495233e-07   5.407288534959e-07   6.687087050447e-03   3.838998248436e-07  -3.940530879583e-07  -9.377106740475e-03  -1.254414119645e-07   1.339342383006e-07  -3.011971573906e-03   6.143283151246e-08  -6.013412194873e-08   7.076950456824e-04  -5.646288526994e-08   5.702487195522e-08  -1.763068083226e+00   1.254801659895e-03  -8.262191241265e-08   8.322433657612e-08  -9.231775111973e-08   2.347864589543e-09   1.727838175631e-03   9.944248506761e-08  -2.992666965832e-03   5.355994562643e-04  -2.059444767815e-02  -4.215705254071e-01  -7.029485531166e-01   2.006307326538e-03   3.346995517537e-04  -1.124106735058e-04   5.356345556687e-04  -2.061214209234e-02  -4.216965111650e-01  -7.030240464076e-01   2.008036882482e-03  -2.656197858300e-04  -2.340903119384e-04   5.356608216122e-04  -2.062660472420e-02  -4.217994430995e-01  -7.030857120481e-01   2.009456094007e-03  -7.036908437457e-05   3.478071519213e-04
