ARMA_MAT_TXT_FN008
73 73
  -9.562185527510e+00  -1.200244007100e+01  -9.167487053699e-03  -1.347706495363e-07   7.767122593173e-06  -4.424822617315e+00  -3.042524482261e-03   5.147058546359e-07  -6.139808796506e-06  -1.991342226949e+00  -1.133818057109e-03   4.217109340388e-07  -5.642743601808e-06  -8.392272463634e-01  -3.511723683577e-04   1.759016467939e-07  -2.396343510232e-06   4.276135828833e-07   1.948807112932e-07  -1.189190448597e-03  -9.400550433449e-06   2.060880050020e-03  -3.476855358644e-05   3.540145821054e-05   1.185689388998e-04  -1.920775392694e-04  -2.066337958826e-02  -3.223377328053e-01  -1.286001715053e-04  -2.663459848813e-09   7.339253532747e-08   6.457704371413e-04   1.812250274376e-09  -1.175106808220e-07   7.414242275471e-03  -5.255011421994e-08   3.056928487964e-07   2.774992759739e-01  -2.142455161427e-06   1.557777543271e-05   1.057272278130e+00  -8.137407208750e-06   5.902279023892e-05  -5.260531203896e-01   7.674012173820e-01  -5.884954265390e-06   4.258786430137e-05   8.890379592126e-07  -5.445273407518e-09   3.151495539932e-02  -7.143209289573e-06  -5.458541720449e-02  -1.335060496410e-01  -9.627097315408e-01  -1.022374516756e+00  -6.256452577382e-01  -3.650029063982e-01  -9.123798032911e-01  -5.661279165339e-01  -1.335779326101e-01  -9.628877594509e-01  -1.022438428285e+00  -6.256595127225e-01  -3.618372052563e-01  -3.544588849491e-02   1.074609563032e+00  -1.335127577634e-01  -9.627274367098e-01  -1.022380679226e+00  -6.256465863905e-01  -3.650724957866e-01   9.476291117636e-01  -5.049449186947e-01
  -1.200244007100e+01  -8.782775619246e+00  -8.104494733046e-03  -3.403907544369e-07   8.777086276880e-06  -3.953464635082e+00   3.904050996579e-04   5.403087712070e-07  -9.353849138017e-06  -1.871744536800e+00   1.662351933396e-03   4.657126270983e-07  -7.719348632912e-06  -8.019872283371e-01   1.309696643091e-03   1.731936383728e-07  -2.767419008254e-06   7.714939275492e-07   2.087316131865e-07  -2.107917780024e-03  -1.645108294178e-05   3.659110261586e-03  -2.578688982196e-05   4.182259635962e-05   1.259058709028e-04  -2.145541449334e-04  -2.226050156603e-02  -3.109233954452e-01  -5.181412842131e-04   1.468236358361e-08  -2.488644871657e-07   1.704700874391e-03  -4.809445299985e-08   8.146007275731e-07   9.077530060078e-03  -1.467821920981e-07   2.082391591944e-06   2.803985236669e-01  -2.251115669073e-06   1.743449611720e-05   1.001657343589e+00  -7.698536905463e-06   5.552705296733e-05  -5.027552632554e-01   7.314907391231e-01  -5.593010727959e-06   4.013845346606e-05   1.009279528124e-06  -3.057153013438e-10   3.555784628916e-02  -8.012292651532e-06  -6.158801110007e-02  -1.555473332833e-01  -9.203116243989e-01  -9.726394321578e-01  -5.992500966519e-01  -3.575254829367e-01  -8.949500792969e-01  -5.553132982325e-01  -1.556205856275e-01  -9.204714984224e-01  -9.726969702837e-01  -5.992624722092e-01  -3.544093573875e-01  -3.476777054272e-02   1.054051282168e+00  -1.555550414791e-01  -9.203282202743e-01  -9.726453186828e-01  -5.992513948378e-01  -3.575928560686e-01   9.295236212295e-01  -4.952978247940e-01
  -9.167487053699e-03  -8.104494733046e-03   1.035992088697e+00   6.646994208988e-06  -1.353228646222e-04   2.073645304154e-02  -3.793301649429e-01   9.312619908722e-06  -1.944640214892e-04   1.971932932251e-02  -4.158424382041e-01   5.967741117394e-06  -1.280354247259e-04   1.827902864934e-02  -1.446535187635e-01   2.020337057700e-06  -4.548987961555e-05  -6.810766017661e-06   6.400974389390e-06   4.458156662002e-02   1.622945256456e-04  -7.757275539243e-02  -1.404826366426e-03   1.253176989138e-03   4.519142158219e-03  -7.152696491138e-03  -1.020672782207e-01  -1.578488122908e-01  -1.150875756233e-02   2.064341776957e-07  -2.991652303825e-06   4.259580264896e-02  -6.813905104075e-07   9.361931241670e-06   1.473048410639e-01  -1.941741180538e-06   2.345576074323e-05   2.898340579012e-01  -3.565863121961e-06   3.783129089657e-05   1.325598132357e-01  -1.831790412163e-06   1.065568693692e-05  -5.713381460590e-02  -5.916102684519e-03  -8.032145672709e-08  -9.548968662607e-06   3.385576792016e-06  -1.159348027987e-08   9.573046909338e-02  -3.011585722813e-05  -1.658101489699e-01   1.316014621141e-01   1.239698307513e-01   6.594883956307e-02   2.864384016795e-02  -1.311052322166e-01   9.474461875392e-02   5.877384714217e-02   1.304923764539e-01   1.229019541509e-01   6.543244202169e-02   2.850869791586e-02  -1.318789176174e-01   3.646190008207e-03  -1.105483319510e-01   1.316241881068e-01   1.239897604886e-01   6.595787369705e-02   2.864611330947e-02  -1.310946036636e-01  -9.841507018484e-02   5.242603516750e-02
  -1.347706495363e-07  -3.403907544369e-07   6.646994208988e-06   9.562462808496e-01   2.144926922925e-06   4.707395873394e-06   8.857015212196e-06  -4.713339308330e-01   2.500177304748e-06   5.084203466995e-06   5.576342904249e-06  -4.772799166664e-01   9.518780918739e-07   3.354626151603e-06   2.607556727716e-06  -1.802966563786e-01   5.143905480860e-08   5.755821355350e-02   8.893609722366e-02   7.645099760566e-03   8.207190419344e-06   4.394122239227e-03  -7.841536347136e-08   6.220190767448e-08   2.419737595789e-07  -2.036133621288e-07  -1.004575847151e-06   1.817957383307e-06  -5.105000394674e-07   2.884636186612e-05   9.017038587310e-08   1.534025695351e-06  -7.607896616140e-04  -2.571879455514e-07   2.601786169449e-06  -9.513777051543e-03  -4.390649334464e-07   3.187440174484e-07  -5.436512511886e-02  -1.210921121237e-07  -6.105945746920e-06  -1.328149789629e-01   8.689563257968e-07   3.805811786072e-06  -3.837604913130e-06  -1.140176466087e-01   4.617338342264e-07   5.656972578700e-02   9.149784496101e-04   7.791267691287e-05  -4.240781835939e-07   4.680130242644e-05   3.450722522347e-01   3.203539088500e-01   1.503076451156e-01   4.129909701845e-02   1.007909460256e-01   6.617032909859e-02   1.567662194983e-01   1.340091628874e-02   1.244167408279e-02   5.839550389586e-03   1.606115209086e-03   3.879502372956e-03  -1.861540749822e-01  -1.155398428903e-02  -3.584037575682e-01  -3.327235911318e-01  -1.561052243519e-01  -4.288824293990e-02  -1.046963776731e-01   8.604720080251e-02  -1.452139553985e-01
   7.767122593173e-06   8.777086276880e-06  -1.353228646222e-04   2.144926922925e-06   9.562672497609e-01  -1.000289079678e-04  -1.854949415469e-04   2.499779822611e-06  -4.712697741365e-01  -9.505511878047e-05  -1.206072898604e-04   9.508632441651e-07  -4.772268174235e-01  -5.914355305513e-05  -5.760572551633e-05   5.071430839211e-08  -1.802730691421e-01   8.212506930316e-06   8.840611040271e-03  -7.751874863382e-02   5.715750487607e-02  -4.435597744255e-02   1.719954055178e-06  -1.374806034097e-06  -5.319214238331e-06   4.795911248288e-06   3.002029515883e-05  -2.018326901629e-05   1.136249383526e-05   9.020291295539e-08   2.561421444787e-05  -3.499898780818e-05  -2.572624078554e-07  -7.516819028520e-04  -6.734511762598e-05  -4.391279466745e-07  -9.499011660826e-03  -3.968246764207e-05  -1.210479769220e-07  -5.436311887772e-02   9.044128849239e-05   8.689102729634e-07  -1.328378565579e-01  -6.533545009689e-05   5.781759992717e-05   4.614222624292e-07  -1.140232362870e-01  -4.245784133978e-07   9.040494019993e-05  -7.902189043719e-04   5.659034152196e-02  -4.610661423472e-04   2.141842186859e-01   1.988025202534e-01   9.322479412300e-02   2.558171990022e-02   6.253162362939e-02   1.567731921890e-01  -8.922939358384e-02  -4.063881226752e-01  -3.772415653385e-01  -1.770064391208e-01  -4.865792528270e-02  -1.176243172583e-01  -1.155385295294e-02   1.637165571704e-01   1.910372352399e-01   1.773135497131e-01   8.314296130215e-02   2.281176825511e-02   5.577876734101e-02  -1.452210612414e-01  -1.091249437845e-01
  -4.424822617315e+00  -3.953464635082e+00   2.073645304154e-02   4.707395873394e-06  -1.000289079678e-04  -2.201107182033e+00   2.400797654577e-02   1.503919217200e-05  -2.644754426941e-04  -1.544353848448e+00   2.278441890557e-03   1.221445096447e-05  -1.957339524792e-04  -8.573315955330e-01   5.755572314156e-03   4.417809048366e-06  -6.745350800105e-05   1.536842006950e-05   3.561624638002e-06  -1.404021463710e-02  -3.391228194743e-04   2.462412613428e-02  -3.452105907475e-02  -4.221047616681e-02  -5.453379647054e-02  -8.083507967007e-02  -1.901052193827e-01  -4.117994971995e-01   2.732468482185e-02  -5.542909449079e-08  -1.650647126056e-06   3.648573036343e-02  -7.975777640710e-07   1.252535046436e-05   2.011731871676e-01  -2.656969652492e-06   3.349822024716e-05   4.375046041092e-01  -3.933968120864e-06   3.600924125306e-05   9.040403463028e-01  -3.098278173773e-06  -1.785794453921e-05  -5.562722117727e-01   7.348703297350e-01  -2.291171398545e-06  -1.500243032163e-05   2.673265649846e-06   5.679774022446e-08   8.915353386348e-02  -2.195750552770e-05  -1.544192253843e-01  -4.313327506961e-01  -8.682280030737e-01  -9.527272085243e-01  -6.651453374520e-01  -2.003564359476e-01  -5.074480521234e-01  -3.148908889520e-01  -4.313511548912e-01  -8.683559617460e-01  -9.528338107773e-01  -6.651753206554e-01  -1.986022201968e-01  -1.971148483401e-02   5.976284095786e-01  -4.313431689646e-01  -8.682383187169e-01  -9.527298678841e-01  -6.651459098492e-01  -2.003924783405e-01   5.270477725905e-01  -2.808570901096e-01
  -3.042524482261e-03   3.904050996579e-04  -3.793301649429e-01   8.857015212196e-06  -1.854949415469e-04   2.400797654577e-02  -1.388181387958e-01   1.788209597865e-05  -3.899686384086e-04  -1.847826253834e-02  -4.416248717534e-01   1.387245556630e-05  -3.069910237430e-04  -2.074272954843e-02  -2.413893881832e-01   5.102290841509e-06  -1.152537622477e-04  -1.573729696290e-05   1.728899485237e-05   1.226399243056e-01   3.951050754769e-04  -2.133394226426e-01  -1.581465867452e-01  -1.959587116272e-01  -2.428578387400e-01  -3.076627464618e-01  -4.271699663610e-01  -3.585736641888e-01   1.190400301402e-01  -9.891159037673e-07   6.710554563105e-06   4.974496692303e-02  -6.808594257157e-07   7.723622048294e-06   4.142632315649e-01  -4.407198905627e-06   4.034530736783e-05   3.847838737065e-01  -4.587121383188e-06   4.342908258814e-05   1.367441498097e-01  -1.338333737804e-06  -7.068349649406e-06  -1.472018222271e-01  -9.476553755059e-03   7.640293230533e-07  -3.590849521824e-05   2.917617496547e-06  -5.518586812408e-08   5.558851642182e-02  -3.124057412304e-05  -9.627989788578e-02   1.426628138854e-01   1.198394023671e-01   5.503362266484e-02   7.254207620390e-03  -5.338359298567e-02  -1.705933601163e-02  -1.060078897252e-02   1.414720547114e-01   1.187242271280e-01   5.428819172843e-02   7.008153543191e-03  -5.339928782186e-02  -6.576204015771e-04   1.991294642774e-02   1.426855664759e-01   1.198592033898e-01   5.504599598891e-02   7.258170340435e-03  -5.338216370868e-02   1.772246610782e-02  -9.459287266921e-03
   5.147058546359e-07   5.403087712070e-07   9.312619908722e-06  -4.713339308330e-01   2.499779822611e-06   1.503919217200e-05   1.788209597865e-05  -2.311381503599e-01   4.082453506208e-06   1.909588528907e-05   1.367983731519e-05  -4.425920695375e-01   1.655613743634e-06   1.268375293874e-05   6.020947900537e-06  -2.445953338532e-01   8.181254286074e-08   1.261266506379e-01   2.085983312716e-01   1.793108926117e-02   1.957429114172e-05   1.030737514122e-02   1.108460078897e-06   1.639804495199e-06   2.306818057273e-06   2.039643382653e-06   8.997383291946e-07   6.045100507052e-06  -1.891816086302e-06  -1.291155723316e-02   1.294382593328e-07   2.179978274794e-06  -1.149948405266e-02  -3.744893836984e-07   1.521595478615e-06  -7.342782077809e-02  -6.406613609182e-07  -1.035578252987e-06  -1.108840022938e-01   1.308019892553e-08  -1.672654275495e-05  -1.718170573068e-01   2.252217836313e-06   1.134793067154e-05  -1.239546986514e-05  -1.598265396075e-01   1.190232479748e-06   8.867584558392e-02   1.129297992677e-03   9.642925708101e-05  -6.681104574349e-07   5.745273951002e-05   3.707720215069e-01   3.165220725815e-01   1.805571791503e-01   5.879789995255e-02  -9.971498451933e-03  -9.441752724550e-02  -1.780618180671e-02   1.439661203780e-02   1.229567015184e-02   7.022253799456e-03   2.292443974988e-03  -3.811032918993e-04  -6.581271715207e-02   1.308284211016e-03  -3.850933794752e-01  -3.287366918487e-01  -1.875060089037e-01  -6.104815122441e-02   1.036126721559e-02  -9.667793215352e-02   1.649865680847e-02
  -6.139808796506e-06  -9.353849138017e-06  -1.944640214892e-04   2.500177304748e-06  -4.712697741365e-01  -2.644754426941e-04  -3.899686384086e-04   4.082453506208e-06  -2.309012741263e-01  -3.031838475459e-04  -3.038191220524e-04   1.654619492977e-06  -4.423778996062e-01  -1.934879895540e-04  -1.343255711566e-04   8.097330671342e-08  -2.445069082016e-01   1.958071155976e-05   2.073399209651e-02  -1.817882981714e-01   1.251504007865e-01  -1.040623459891e-01  -6.567479413100e-06  -1.343594854741e-05  -2.211406848229e-05  -1.048384872137e-05   2.359261045702e-05  -7.890898976377e-05   2.471970591408e-05   1.294897775302e-07  -1.291632048388e-02  -4.937067198757e-05  -3.746085954069e-07  -1.148589084242e-02  -7.782064948684e-05  -6.407840820746e-07  -7.340556291259e-02  -2.980183432410e-05   1.295813348899e-08  -1.108852598992e-01   2.638283522017e-04   2.251485920683e-06  -1.718628657701e-01  -1.822314138029e-04   1.832941292928e-04   1.189353483292e-06  -1.598256704338e-01  -6.687561122577e-07   1.114696246610e-04  -9.747474624420e-04   8.870670535929e-02  -5.693226230111e-04   2.301446691241e-01   1.963729239716e-01   1.118611962370e-01   3.632982556612e-02  -6.210795717522e-03  -1.782839311780e-02  -7.681589727955e-02  -4.366004935713e-01  -3.727413953032e-01  -2.126927630748e-01  -6.933734190634e-02   1.154995439550e-02   1.310515380326e-03  -1.055254507852e-01   2.052711850011e-01   1.751418580498e-01   9.975287812129e-02   3.238732484121e-02  -5.543789055385e-03   1.651863624255e-02  -7.455012063850e-02
  -1.991342226949e+00  -1.871744536800e+00   1.971932932251e-02   5.084203466995e-06  -9.505511878047e-05  -1.544353848448e+00  -1.847826253834e-02   1.909588528907e-05  -3.031838475459e-04  -1.217854539264e+00  -1.762780053293e-01   1.954026036491e-05  -2.744428796609e-04  -7.777871272439e-01  -1.224477003015e-01   8.340821637439e-06  -1.092722385821e-04   1.810145332732e-05   3.094094377490e-06   4.521596874551e-03  -4.033780342700e-04  -7.464294038336e-03  -6.047839294270e-01  -7.408453762996e-01  -8.078363740435e-01  -8.025486859711e-01  -7.227945670719e-01  -6.873335400423e-01   1.403089455413e-01  -1.049612390497e-06   7.279543777396e-06  -1.982364647557e-02  -1.072147724287e-07   3.716701748223e-06   2.862329508093e-01  -2.913103957307e-06   2.920084438324e-05   3.979217632955e-01  -2.828524610315e-06   1.745079798419e-05   6.748919575367e-01   1.317212831796e-06  -7.434447496120e-05  -6.129954695072e-01   5.649025822630e-01   1.407613526841e-06  -5.985707190884e-05   1.837509553237e-06   4.644043625146e-08   6.086041610711e-02  -1.562706817760e-05  -1.054125386157e-01  -4.124308121903e-01  -6.679525985259e-01  -7.729597829914e-01  -6.078519799672e-01  -1.469417636352e-01  -3.702874683513e-01  -2.297865972325e-01  -4.124184784400e-01  -6.680977470699e-01  -7.732483952554e-01  -6.079887394280e-01  -1.457029863802e-01  -1.438342007089e-02   4.361110687138e-01  -4.124384033096e-01  -6.679568314739e-01  -7.729559933061e-01  -6.078497232432e-01  -1.469671383046e-01   3.845893034168e-01  -2.049506591388e-01
  -1.133818057109e-03   1.662351933396e-03  -4.158424382041e-01   5.576342904249e-06  -1.206072898604e-04   2.278441890557e-03  -4.416248717534e-01   1.367983731519e-05  -3.038191220524e-04  -1.762780053293e-01  -6.125116973403e-01   1.501849304815e-05  -3.086512343221e-04  -2.281215695389e-01  -4.236771260827e-01   7.148533336691e-06  -1.374040156018e-04  -1.176530519639e-05   1.419528051223e-05   1.343841981040e-01   3.176661289903e-04  -2.335000173165e-01  -1.546863593222e+00  -1.890729538280e+00  -2.030168115173e+00  -1.952779526831e+00  -1.527174322059e+00  -1.015637913035e+00   2.422536394056e-01  -2.863276051391e-06   2.287093683723e-05  -6.566995229445e-02   8.143940138845e-07  -8.762521485988e-06   3.686371708334e-01  -4.415258324769e-06   3.062376358700e-05   2.869644182360e-01  -3.495327882249e-06   2.207374542549e-05   5.204574047627e-02  -3.274919737206e-08  -2.496573251792e-05  -4.595127134846e-01  -2.725090217332e-02   1.362269506699e-06  -4.616934412795e-05   1.741407590776e-06  -3.580713752975e-08   3.067070818871e-02  -1.855094682780e-05  -5.311972238662e-02   1.298051092858e-01   8.027721908824e-02  -6.453567061504e-02  -1.479520610881e-01  -1.293174078996e-02   4.834428990601e-02   2.998726278935e-02   1.287478662744e-01   7.940638377861e-02  -6.534254041063e-02  -1.483427648525e-01  -1.341687761576e-02   1.860758224217e-03  -5.643504820289e-02   1.298250012637e-01   8.029206430560e-02  -6.452266827182e-02  -1.479456841356e-01  -1.292380751702e-02  -5.021788402360e-02   2.674800542260e-02
   4.217109340388e-07   4.657126270983e-07   5.967741117394e-06  -4.772799166664e-01   9.508632441651e-07   1.221445096447e-05   1.387245556630e-05  -4.425920695375e-01   1.654619492977e-06   1.954026036491e-05   1.501849304815e-05  -2.619005388053e-01   1.025311097553e-07   1.499030114224e-05   7.898386677013e-06  -1.587332162682e-01  -4.657557201614e-07   8.708688895259e-02   1.666682948602e-01   1.432595606937e-02   1.600822365367e-05   8.235188460677e-03   1.203198523308e-05   1.489463976116e-05   1.620006048805e-05   1.503443394689e-05   1.021993835410e-05   1.130858352839e-05  -3.389493448013e-06  -1.056821390602e-01   9.456887757798e-08   2.631642600574e-06   8.394427342961e-03  -2.811950997729e-07  -4.775206116639e-07  -2.204559872850e-01  -4.976031727798e-07  -1.758243954363e-06  -2.033237377751e-01   3.241096367868e-08  -1.564270076920e-05  -1.547727380127e-01   2.062857605581e-06   1.410559032707e-05  -1.256217977255e-05  -1.278340811911e-01   1.014019090066e-06   6.066108505998e-02   4.780048061088e-04   4.090954474195e-05  -4.288031790937e-07   2.454118009216e-05   3.262457184503e-01   2.239505500235e-01   1.024449264458e-01   4.090138329921e-02   5.337651055886e-02   8.215591307010e-02   7.917176928259e-02   1.266790979144e-02   8.700594432164e-03   3.990094475320e-03   1.599292699250e-03   2.058108749784e-03  -4.530190460563e-02  -5.839451223979e-03  -3.388456332428e-01  -2.325896004012e-01  -1.063754249613e-01  -4.245685580281e-02  -5.544353196095e-02   9.219497421992e-02  -7.333694867962e-02
  -5.642743601808e-06  -7.719348632912e-06  -1.280354247259e-04   9.518780918739e-07  -4.772268174235e-01  -1.957339524792e-04  -3.069910237430e-04   1.655613743634e-06  -4.423778996062e-01  -2.744428796609e-04  -3.086512343221e-04   1.025311097553e-07  -2.616607684026e-01  -1.987983859338e-04  -1.527479475001e-04  -4.660882750833e-07  -1.586226345340e-01   1.601289969078e-05   1.656599450773e-02  -1.452324495075e-01   8.630566145578e-02  -8.314717814897e-02  -8.797370620687e-05  -1.112039865158e-04  -1.234498062653e-04  -1.080618091526e-04  -5.473258716884e-05  -1.179794418955e-04   3.321221531371e-05   9.465376393310e-08  -1.056859213984e-01  -4.464487036830e-05  -2.814087107749e-07   8.405536717346e-03  -4.718165961280e-05  -4.979212276553e-07  -2.204368125706e-01  -1.512565354544e-05   3.205098242203e-08  -2.033229091065e-01   2.412056058962e-04   2.062134959582e-06  -1.548127626543e-01  -1.969564450409e-04   1.747965975973e-04   1.013299057940e-06  -1.278254173016e-01  -4.293716237420e-07   4.738862432923e-05  -4.173963525416e-04   6.068181053577e-02  -2.406920999350e-04   2.024945836604e-01   1.389291932274e-01   6.339290764023e-02   2.521603711025e-02   3.310213096224e-02   7.915015015065e-02   3.655757344251e-03  -3.841614741116e-01  -2.637379187215e-01  -1.207289989567e-01  -4.827044300003e-02  -6.239992300698e-02  -5.837550621528e-03   1.314643852546e-01   1.806082717555e-01   1.239068958260e-01   5.652384150122e-02   2.247416674628e-02   2.952586083215e-02  -7.331722900830e-02  -6.387378132641e-03
  -8.392272463634e-01  -8.019872283371e-01   1.827902864934e-02   3.354626151603e-06  -5.914355305513e-05  -8.573315955330e-01  -2.074272954843e-02   1.268375293874e-05  -1.934879895540e-04  -7.777871272439e-01  -2.281215695389e-01   1.499030114224e-05  -1.987983859338e-04  -5.262956172244e-01  -1.872549678646e-01   7.449311461553e-06  -9.141889104395e-05   1.141122758874e-05   1.449484889099e-06   1.016313628978e-02  -2.547917966420e-04  -1.736749677987e-02  -7.758244258358e-01  -9.477425730402e-01  -1.024793313166e+00  -1.009134832398e+00  -8.719088582936e-01  -7.085719613659e-01   5.690485329013e-02  -4.166201755519e-07   2.921974380883e-06  -1.058893879791e-02  -9.229735037821e-08   2.311829925800e-06   1.156288382801e-01  -1.335215240136e-06   1.415036045543e-05   1.893950624811e-01  -1.158805629019e-06   4.114122272594e-06   3.665943851567e-01   2.232494404057e-06  -6.596936298806e-05  -4.993617462895e-01   3.067020197893e-01   2.360363497991e-06  -5.715572296701e-05   6.532868972937e-07   5.590442777496e-08   2.798046502974e-02  -3.468609432427e-06  -4.846336653635e-02  -2.775567278900e-01  -4.130812436340e-01  -4.838909111549e-01  -4.037384224436e-01  -8.153031765035e-02  -2.104753404264e-01  -1.306170557823e-01  -2.775323162901e-01  -4.131779712817e-01  -4.841972942077e-01  -4.039136891523e-01  -8.083148736304e-02  -8.175065297374e-03   2.478771432347e-01  -2.775605271777e-01  -4.130825317223e-01  -4.838856083539e-01  -4.037350856945e-01  -8.154416984410e-02   2.186040867480e-01  -1.164993762323e-01
  -3.511723683577e-04   1.309696643091e-03  -1.446535187635e-01   2.607556727716e-06  -5.760572551633e-05   5.755572314156e-03  -2.413893881832e-01   6.020947900537e-06  -1.343255711566e-04  -1.224477003015e-01  -4.236771260827e-01   7.898386677013e-06  -1.527479475001e-04  -1.872549678646e-01  -2.684764060335e-01   4.641770538645e-06  -8.010981597467e-05  -4.354765351854e-06   5.414433535151e-06   5.831592720511e-02   1.210997948462e-04  -1.012846558289e-01  -1.091030696795e+00  -1.331133703339e+00  -1.431664297031e+00  -1.397344684368e+00  -1.151463334191e+00  -7.815074587913e-01   9.330096728961e-04  -5.769938972604e-07   4.222478121033e-06  -3.668606358345e-03  -6.279869980264e-08   1.531295709244e-06  -2.784560693385e-03  -1.561591242760e-06   1.436382787291e-05   1.100975622624e-02  -1.479516611821e-06   1.202897972718e-05  -2.175777483232e-02   4.392889611257e-07  -1.751181978614e-05  -3.446692162888e-01  -3.150926491959e-02   1.329929059161e-06  -3.101693936147e-05   1.137548680804e-07   4.904951695244e-08   4.622868404719e-03   2.212241285771e-06  -8.007474571621e-03   6.476499638692e-02   4.665374006175e-02  -5.978238189590e-02  -1.330242093063e-01  -2.539542351756e-02   2.899630501855e-02   1.798191337940e-02   6.423888388683e-02   4.616075423038e-02  -6.024778057663e-02  -1.332512305269e-01  -2.566072012874e-02   1.116778095838e-03  -3.386322338062e-02   6.477445795138e-02   4.666207236220e-02  -5.977474043313e-02  -1.330204186980e-01  -2.539131885047e-02  -3.011918765645e-02   1.603901535077e-02
   1.759016467939e-07   1.731936383728e-07   2.020337057700e-06  -1.802966563786e-01   5.071430839211e-08   4.417809048366e-06   5.102290841509e-06  -2.445953338532e-01   8.097330671342e-08   8.340821637439e-06   7.148533336691e-06  -1.587332162682e-01  -4.660882750833e-07   7.449311461553e-06   4.641770538645e-06  -2.525083549547e-02  -4.118518903101e-07   2.702209181465e-02   6.394370525672e-02   5.496132005779e-03   6.200380123079e-06   3.159309010808e-03   8.521341605399e-06   1.046175451641e-05   1.132255551293e-05   1.084445139491e-05   8.334653690714e-06   7.553690084267e-06  -8.402339502247e-07  -7.261929812112e-02   3.070079082186e-08   8.218243586093e-07  -3.035432004458e-03  -9.297085486147e-08   3.106279742629e-07  -1.782572514785e-01  -1.690498970851e-07  -4.771744690722e-07  -1.726506907295e-01   3.639778377646e-08  -6.337425373297e-06  -8.841457506117e-02   8.594344904256e-07   7.526809685011e-06  -5.197578637233e-06  -3.257125436463e-02   4.113079420002e-07   2.726418410812e-02   1.137075171637e-05   1.107161614163e-06  -9.531520817379e-08   6.909222226059e-07   1.615822924396e-01   1.269071174543e-01   4.010679142894e-02   4.546196668043e-03   3.144280345189e-02   2.832816106983e-02   4.623831598027e-02   6.274066023160e-03   4.929914144276e-03   1.563080937739e-03   1.820755617455e-04   1.212087688575e-03  -4.610706221438e-02  -3.409487601414e-03  -1.678214915966e-01  -1.318031188166e-01  -4.164385346200e-02  -4.709925971758e-03  -3.266049737901e-02   3.419079033859e-02  -4.283088271302e-02
  -2.396343510232e-06  -2.767419008254e-06  -4.548987961555e-05   5.143905480860e-08  -1.802730691421e-01  -6.745350800105e-05  -1.152537622477e-04   8.181254286074e-08  -2.445069082016e-01  -1.092722385821e-04  -1.374040156018e-04  -4.657557201614e-07  -1.586226345340e-01  -9.141889104395e-05  -8.010981597467e-05  -4.118518903101e-07  -2.519149395696e-02   6.202403345299e-06   6.355798193083e-03  -5.571890920822e-02   2.672540060026e-02  -3.189932685002e-02  -6.274189663307e-05  -7.780533342584e-05  -8.504580897145e-05  -7.903830832267e-05  -5.368595786864e-05  -7.038859094587e-05   9.384068427933e-06   3.075473750507e-08  -7.262068363302e-02  -1.590744053027e-05  -9.311434371911e-08  -3.031302747698e-03  -2.258199575561e-05  -1.692880446009e-07  -1.782498660527e-01  -9.139380322432e-06   3.613626628271e-08  -1.726502268779e-01   9.651231953344e-05   8.591468251808e-07  -8.843043716106e-02  -9.692482683595e-05   7.131025547691e-05   4.110395719779e-07  -3.256398947927e-02  -9.559442741344e-08   1.199167529399e-06  -1.441257034960e-05   2.726988948502e-02  -2.833296326746e-06   1.002870331181e-01   7.873526086872e-02   2.481183163783e-02   2.743543490265e-03   1.950404088376e-02   4.623047771556e-02  -1.751100678330e-02  -1.902613449116e-01  -1.494511171488e-01  -4.727802415745e-02  -5.406106012918e-03  -3.675044454393e-02  -3.408869604894e-03   5.711707820775e-02   8.944682672518e-02   7.022200715745e-02   2.212255122197e-02   2.439462425838e-03   1.739717431661e-02  -4.282366145637e-02  -2.337763071687e-02
   4.276135828833e-07   7.714939275492e-07  -6.810766017661e-06   5.755821355350e-02   8.212506930316e-06   1.536842006950e-05  -1.573729696290e-05   1.261266506379e-01   1.958071155976e-05   1.810145332732e-05  -1.176530519639e-05   8.708688895259e-02   1.601289969078e-05   1.141122758874e-05  -4.354765351854e-06   2.702209181465e-02   6.202403345299e-06   1.383894338875e+00  -8.558340170873e-02  -7.337227234153e-03  -1.600905315214e-05  -4.228266669976e-03   1.814501743088e-06   2.352769558677e-06   3.203272779992e-06   4.061388404588e-06   4.050149891234e-06   3.473113365347e-06  -2.350744210689e-06  -1.967839044331e-02   1.033710494162e-07   3.525101923432e-08  -2.942813045667e-02  -2.981621181910e-07  -4.189440583930e-06  -1.332456616527e-01  -5.347260978850e-07  -1.408879003624e-06  -1.030655734423e-01  -2.519782885344e-07  -7.029872871468e-06  -3.208762342089e-02   2.164930055486e-06   5.748399605020e-06  -8.925469517122e-06  -1.137935762377e-02   2.869297038074e-06   5.503865520318e-02  -1.168744125878e-04  -9.343710754105e-06  -3.282294379658e-07  -6.641102251538e-06  -1.704847640601e-02  -3.195622840306e-02  -3.272297475337e-02  -7.615782443846e-03  -1.444750475291e-01   2.173942393506e-01   1.950167400114e-01  -6.562869989996e-04  -1.226444720486e-03  -1.249390280842e-03  -2.844974661600e-04  -5.699800028479e-03  -9.546574703489e-02  -1.424224309322e-02   1.770570938401e-02   3.319986970579e-02   3.400847489651e-02   7.927302960003e-03   1.500158988170e-01   2.421619767384e-01  -1.806767891088e-01
   1.948807112932e-07   2.087316131865e-07   6.400974389390e-06   8.893609722366e-02   8.840611040271e-03   3.561624638002e-06   1.728899485237e-05   2.085983312716e-01   2.073399209651e-02   3.094094377490e-06   1.419528051223e-05   1.666682948602e-01   1.656599450773e-02   1.449484889099e-06   5.414433535151e-06   6.394370525672e-02   6.355798193083e-03  -8.558340170873e-02   1.335489220707e+00   7.996009004125e-05  -8.454418170111e-03   2.525104701165e-05  -2.168137695646e-08   1.571197675490e-08   6.188541711842e-08  -5.129198550699e-08  -9.486698989836e-08   2.387932633719e-06  -2.148694774193e-08   8.474168904131e-04   8.449995634420e-05   7.948265580288e-08  -2.443818756512e-03  -2.426141752038e-04   1.232763792454e-08  -4.298047476916e-03  -4.257063338740e-04  -1.978459620196e-06  -6.499167331824e-04  -6.207893330445e-05  -5.924832574638e-06   3.057014505722e-02   3.044715247393e-03   3.007834504415e-06  -1.926865214976e-06   3.448487661191e-02   3.430920022710e-03  -4.168444067678e-03  -2.205415622950e-02  -1.332543597524e-07  -4.155265162192e-04   7.811470576528e-07  -2.457716442198e-02  -5.492433806686e-02  -6.126573003000e-02  -1.718535924030e-02   1.925044200008e-01   3.345660064924e-01   3.038485723151e-02   1.805861043403e-03   4.045442234954e-03   4.513419820515e-03   1.266470719450e-03  -1.405696984861e-02   3.380583282489e-01   3.335733986899e-02   2.276557054980e-02   5.088360867767e-02   5.675789680350e-02   1.592213802811e-02  -1.783493097521e-01   3.344459727280e-01   3.614512429852e-02
  -1.189190448597e-03  -2.107917780024e-03   4.458156662002e-02   7.645099760566e-03  -7.751874863382e-02  -1.404021463710e-02   1.226399243056e-01   1.793108926117e-02  -1.817882981714e-01   4.521596874551e-03   1.343841981040e-01   1.432595606937e-02  -1.452324495075e-01   1.016313628978e-02   5.831592720511e-02   5.496132005779e-03  -5.571890920822e-02  -7.337227234153e-03   7.996009004125e-05   1.323919135384e+00   7.387075074201e-02   1.811870695973e-02   6.723726879428e-02   8.610095891438e-02   1.163073218624e-01   1.524804891849e-01   1.705151746394e-01   1.110514672190e-01  -7.532560822190e-02   7.356719064086e-05  -7.467438424049e-04  -8.968944811080e-03  -2.099599730811e-04   2.128058966580e-03  -1.591691613800e-01  -3.677247023657e-04   3.722583285662e-03  -5.519545778361e-02  -5.450390906342e-05   5.338012817953e-04  -2.424975004250e-02   2.630460391829e-03  -2.672435221570e-02   4.430079526238e-02   7.138152921765e-03   2.965534064472e-03  -3.009400509402e-02  -3.582016297838e-04   2.839863669198e-07   4.012613291143e-03   3.644881689128e-03  -4.515720308022e-02   3.140790984239e-03   6.880957696275e-03   1.390644813019e-02   1.003061101272e-02   3.847070525845e-02   6.903090594454e-02  -2.671577868322e-01  -3.111496445641e-02  -6.979528540560e-02  -7.160985849139e-02  -1.394711283841e-02   3.048821284563e-01   3.054794031423e-02  -3.381509193816e-01   5.841903586697e-03   1.291949159958e-02   2.064130136604e-02   1.191984411247e-02   1.731636446988e-02  -1.308113610412e-02  -2.695349454351e-01
  -9.400550433449e-06  -1.645108294178e-05   1.622945256456e-04   8.207190419344e-06   5.715750487607e-02  -3.391228194743e-04   3.951050754769e-04   1.957429114172e-05   1.251504007865e-01  -4.033780342700e-04   3.176661289903e-04   1.600822365367e-05   8.630566145578e-02  -2.547917966420e-04   1.210997948462e-04   6.200380123079e-06   2.672540060026e-02  -1.600905315214e-05  -8.454418170111e-03   7.387075074201e-02   1.384717251210e+00   4.252754439861e-02  -1.328868523180e-05  -1.762144558535e-05  -2.432147675579e-05  -2.903240820660e-05  -2.249751282402e-05  -3.388395293743e-05   1.949443714791e-05   1.032946395169e-07  -1.968297834011e-02  -7.228727031024e-06  -2.979202483624e-07  -2.941494270421e-02   1.516435153023e-05  -5.342543666782e-07  -1.332218798735e-01  -1.180759945369e-06  -2.517532426272e-07  -1.030523695778e-01   1.470992678286e-04   2.163335922244e-06  -3.218984421253e-02  -1.137958862572e-04   2.048640807698e-04   2.867357701416e-06  -1.151644578530e-02  -3.279412818891e-07  -1.261020591550e-05   1.003044795280e-04   5.505166816935e-02   7.749513366067e-05  -1.056707166190e-02  -1.986180212861e-02  -2.047443517127e-02  -4.901110460463e-03  -8.961148141276e-02   1.950254985965e-01   2.405229594924e-02   1.989093837349e-02   3.714218468616e-02   3.788838306444e-02   8.670192809770e-03   1.727901663561e-01  -1.424427011745e-02   3.358841330165e-01  -9.423695956172e-03  -1.772391331067e-02  -1.828466271806e-02  -4.391389777967e-03  -7.990307651101e-02  -1.806835338794e-01  -7.023515347977e-04
   2.060880050020e-03   3.659110261586e-03  -7.757275539243e-02   4.394122239227e-03  -4.435597744255e-02   2.462412613428e-02  -2.133394226426e-01   1.030737514122e-02  -1.040623459891e-01  -7.464294038336e-03  -2.335000173165e-01   8.235188460677e-03  -8.314717814897e-02  -1.736749677987e-02  -1.012846558289e-01   3.159309010808e-03  -3.189932685002e-02  -4.228266669976e-03   2.525104701165e-05   1.811870695973e-02   4.252754439861e-02   1.303475836837e+00  -1.164578756454e-01  -1.491315701017e-01  -2.014515040623e-01  -2.641028824796e-01  -2.953431378087e-01  -1.924021867863e-01   1.304664903546e-01   4.049180866377e-05  -4.126194550820e-04   1.553816081775e-02  -1.210049466752e-04   1.216697207277e-03   2.757017990834e-01  -2.159076041385e-04   2.159002529355e-03   9.567426708811e-02  -3.402399658711e-05   3.252616931771e-04   4.201698624986e-02   1.509029283370e-03  -1.526120707636e-02  -7.669982724401e-02  -1.253168292811e-02   1.703110084417e-03  -1.720953861687e-02  -2.056981484038e-04   5.828551112570e-08  -4.514049203621e-02   2.077704931064e-03   5.613118301783e-02   1.886065914900e-02   4.250504176801e-02   3.675320089933e-02  -1.937825853972e-04  -2.574866574422e-01  -5.176734554554e-02  -2.109934700874e-01  -8.473516909825e-04  -1.625411155644e-03  -1.250790422037e-02  -1.402529581687e-02  -1.024009008524e-01   1.398642536088e-02  -8.462555379026e-02   2.041622923126e-02   4.598841773223e-02   4.063838129808e-02   8.962318769183e-04  -2.697281412003e-01   8.755196999051e-02  -2.061972331153e-01
  -3.476855358644e-05  -2.578688982196e-05  -1.404826366426e-03  -7.841536347136e-08   1.719954055178e-06  -3.452105907475e-02  -1.581465867452e-01   1.108460078897e-06  -6.567479413100e-06  -6.047839294270e-01  -1.546863593222e+00   1.203198523308e-05  -8.797370620687e-05  -7.758244258358e-01  -1.091030696795e+00   8.521341605399e-06  -6.274189663307e-05   1.814501743088e-06  -2.168137695646e-08   6.723726879428e-02  -1.328868523180e-05  -1.164578756454e-01  -5.078824824972e+01  -1.094984569745e+02  -4.847086610027e+01  -2.564739807543e+01  -8.477737504772e+00  -3.702288388775e+00   4.177339221586e-03  -1.799422046623e-07   3.210143489795e-06  -4.590933728257e-03   2.009497766004e-07  -3.587278665181e-06  -2.614576152531e-03   1.177914656841e-07  -2.103965909496e-06  -2.979134224517e-03   1.250810257793e-07  -2.215062354156e-06  -2.089646273118e-03   4.625106799866e-08  -7.281374714473e-07  -1.369195252880e+00  -1.339499593857e-03   1.221312706865e-08  -1.220334188739e-07   3.552935450182e-08  -1.493386949752e-09   1.813809572149e-04  -6.382121806620e-07  -3.140599425809e-04   2.469023839917e-04  -9.037318504637e-03  -3.122067777471e-01  -5.366451141742e-01  -4.007589638027e-04   6.241497588309e-05   3.930194557343e-05   2.476226362469e-04  -9.160617615322e-03  -3.135457491597e-01  -5.374519699267e-01  -4.052169806696e-04   2.358525846040e-06  -7.179810528756e-05   2.468960740527e-04  -9.035141373026e-03  -3.121830673557e-01  -5.366308063140e-01  -4.006801174837e-04  -6.489651409922e-05   3.512145812915e-05
   3.540145821054e-05   4.182259635962e-05   1.253176989138e-03   6.220190767448e-08  -1.374806034097e-06  -4.221047616681e-02  -1.959587116272e-01   1.639804495199e-06  -1.343594854741e-05  -7.408453762996e-01  -1.890729538280e+00   1.489463976116e-05  -1.112039865158e-04  -9.477425730402e-01  -1.331133703339e+00   1.046175451641e-05  -7.780533342584e-05   2.352769558677e-06   1.571197675490e-08   8.610095891438e-02  -1.762144558535e-05  -1.491315701017e-01  -1.094984569745e+02  -8.397562860528e+01  -4.786879718006e+01  -2.855544506094e+01  -1.020834787385e+01  -4.513933428437e+00   4.016968923635e-03  -1.446004745482e-07   2.550444382681e-06  -2.098751533306e-03   6.090995647800e-08  -1.050722086844e-06   2.044808798801e-03  -9.727398795861e-08   1.760362491561e-06   1.747956079978e-03  -7.881370941883e-08   1.417262931253e-06   1.155112632934e-03  -1.858120558760e-08   2.725069681031e-07  -1.670933934384e+00   7.849114846717e-04   3.763239418931e-10  -7.044489429097e-08   4.075889242696e-08  -7.637899315363e-09   2.968497107050e-04  -7.296544049230e-07  -5.138481998355e-04  -1.718674654161e-04  -1.120597055605e-02  -3.822720863319e-01  -6.554929355875e-01   3.026526808394e-04  -3.893243124505e-05  -2.459052271510e-05  -1.721755279034e-04  -1.135806460388e-02  -3.839099181936e-01  -6.564775903881e-01   3.042633319356e-04  -1.484126772453e-06   4.520650924368e-05  -1.718663023678e-04  -1.120329208659e-02  -3.822430860927e-01  -6.554754762092e-01   3.026247763614e-04   4.047986598251e-05  -2.197876006834e-05
   1.185689388998e-04   1.259058709028e-04   4.519142158219e-03   2.419737595789e-07  -5.319214238331e-06  -5.453379647054e-02  -2.428578387400e-01   2.306818057273e-06  -2.211406848229e-05  -8.078363740435e-01  -2.030168115173e+00   1.620006048805e-05  -1.234498062653e-04  -1.024793313166e+00  -1.431664297031e+00   1.132255551293e-05  -8.504580897145e-05   3.203272779992e-06   6.188541711842e-08   1.163073218624e-01  -2.432147675579e-05  -2.014515040623e-01  -4.847086610027e+01  -4.786879718006e+01  -3.160620629319e+01  -2.286488474061e+01  -1.020227936664e+01  -4.773007984972e+00   8.360266475519e-03  -2.435873626068e-07   4.230799904021e-06  -2.817553731109e-03   1.709856135583e-08  -1.982541181508e-07   1.210111786161e-02  -5.042768922011e-07   8.993520585962e-06   9.429878533686e-03  -3.937965196968e-07   6.999262541517e-06   5.739724483752e-03  -1.181125361740e-07   1.839406681090e-06  -1.800159972698e+00   3.680980187951e-03  -2.188424291269e-08   1.167512677075e-07   6.675952089061e-08  -1.846187557680e-08   6.811877625243e-04  -1.169662880087e-06  -1.179122490807e-03  -7.034997196112e-04  -1.435014286686e-02  -4.180712990677e-01  -7.097406248212e-01   1.159829703185e-03  -2.001010131963e-04  -1.259177988070e-04  -7.049937611890e-04  -1.453733695045e-02  -4.198437976195e-01  -7.108021822887e-01   1.167575830854e-03  -7.649216084725e-06   2.327966321878e-04  -7.034919297739e-04  -1.434685419905e-02  -4.180399167489e-01  -7.097218035003e-01   1.159694706318e-03   2.080086685541e-04  -1.124949877886e-04
  -1.920775392694e-04  -2.145541449334e-04  -7.152696491138e-03  -2.036133621288e-07   4.795911248288e-06  -8.083507967007e-02  -3.076627464618e-01   2.039643382653e-06  -1.048384872137e-05  -8.025486859711e-01  -1.952779526831e+00   1.503443394689e-05  -1.080618091526e-04  -1.009134832398e+00  -1.397344684368e+00   1.084445139491e-05  -7.903830832267e-05   4.061388404588e-06  -5.129198550699e-08   1.524804891849e-01  -2.903240820660e-05  -2.641028824796e-01  -2.564739807543e+01  -2.855544506094e+01  -2.286488474061e+01  -1.728023018770e+01  -8.789478155039e+00  -4.461384942454e+00   1.296432622815e-02  -4.283832116005e-07   7.501194108903e-06  -6.700364209591e-03   2.963371382477e-07  -5.347702299593e-06   9.394088152657e-03  -1.450141811237e-07   2.161337491005e-06   3.019239239436e-03   1.808775512053e-08  -6.040789544453e-07  -7.047967829241e-04  -3.285798952025e-08   6.914710532169e-07  -1.763105037543e+00  -1.252669400305e-03  -4.634556237902e-08   9.975443302364e-07   1.157338993862e-07  -5.679387352616e-09   1.733314463551e-03  -1.671275479281e-06  -3.001628765196e-03   5.371214968255e-04  -2.036281691302e-02  -4.199367831341e-01  -7.019782563563e-01  -1.981226928753e-03  -2.888851437616e-04  -1.778387075419e-04   5.374372562506e-04  -2.060581807186e-02  -4.216729023884e-01  -7.030198831811e-01  -2.004973375956e-03  -1.164031450566e-05   3.523594659115e-04   5.371293838504e-04  -2.035852686571e-02  -4.199060419539e-01  -7.019597870798e-01  -1.980817389563e-03   2.997406915646e-04  -1.583766540578e-04
