ARMA_MAT_TXT_FN008
73 73
  -2.332374610413e+01  -2.336713150100e+01  -1.556988506488e-01   6.752852343098e-06  -9.679506746336e-05  -8.252742933390e+00  -7.188059412539e-02   3.117155192975e-06  -4.467449962412e-05  -3.747729279067e+00  -2.289832858433e-02   9.925847204080e-07  -1.422022803544e-05  -1.582807418851e+00  -5.762184483220e-03   2.497014504964e-07  -3.576504548411e-06   7.112424066753e-07   1.613942315138e-07   5.459716097233e-03  -1.355568810883e-05  -9.446595263082e-03   0.000000000000e+00   0.000000000000e+00  -1.079666757307e-06  -4.851185225384e-05  -4.005262296153e-02  -6.153677834989e-01   2.689611576127e-06  -2.103946677162e-11   1.554110089702e-10   1.355462466793e-04  -1.056490635609e-09   7.766366635062e-09   1.279318344147e-02  -9.867437041687e-08   7.150659234324e-07   5.394947935707e-01  -4.169238459796e-06   3.030981410165e-05   1.999056136226e+00  -1.547206823249e-05   1.128141521631e-04  -9.949287610614e-01   1.447076407352e+00  -1.120267423960e-05   8.174618187509e-05   1.740972461594e-06   8.644657573485e-10   6.518203078183e-02  -1.261222977310e-05  -1.128986065998e-01  -2.565246153506e-01  -1.810121689948e+00  -1.925121050481e+00  -1.179741406466e+00  -6.955315166541e-01  -1.721926691572e+00  -1.068456402961e+00  -2.566799720474e-01  -1.810503920355e+00  -1.925258408344e+00  -1.179771668936e+00  -6.896115364270e-01  -6.689988014167e-02   2.028206678392e+00  -2.565373640362e-01  -1.810153968671e+00  -1.925132391027e+00  -1.179743876066e+00  -6.956615891550e-01   1.788449968327e+00  -9.529842941118e-01
  -2.336713150100e+01  -2.156639311420e+01  -2.162853648306e-01   9.380576773557e-06  -1.344611048319e-04  -9.004508582540e+00  -6.720626317887e-02   2.914856039505e-06  -4.178196491557e-05  -4.092305511306e+00  -1.755194399462e-02   7.612992304443e-07  -1.091297263830e-05  -1.722807125404e+00  -4.106627294924e-03   1.781291456772e-07  -2.553492465752e-06   3.553746326381e-07   8.095492839543e-08   2.724112652699e-03  -6.771588417753e-06  -4.713353116504e-03   5.541629517042e-09   1.405401652700e-08   1.666801469187e-07   2.295720535646e-06  -3.798670869822e-02  -6.649356911193e-01  -3.498163789588e-07   2.734335887266e-12  -2.017761781844e-11  -5.456877154977e-06   4.240919019699e-11  -3.105603876215e-10   7.181311589611e-03  -5.596522769527e-08   4.113754198481e-07   5.776662438467e-01  -4.491132944117e-06   3.292512925627e-05   2.178265518333e+00  -1.693752473453e-05   1.242524215874e-04  -1.081218397655e+00   1.576435644599e+00  -1.225991419615e-05   8.996898636364e-05   1.700798430395e-06   2.319875774359e-10   6.310600259402e-02  -1.247651406304e-05  -1.093028048787e-01  -2.676364409865e-01  -1.977550629353e+00  -2.098694911440e+00  -1.283644148360e+00  -7.719518816048e-01  -1.918253469551e+00  -1.190275423699e+00  -2.677955619612e-01  -1.977951852778e+00  -2.098836426814e+00  -1.283674962321e+00  -7.653387667581e-01  -7.452672388952e-02   2.259427145904e+00  -2.676509576873e-01  -1.977586405799e+00  -2.098707492876e+00  -1.283646886941e+00  -7.720970530404e-01   1.992361695416e+00  -1.061637983370e+00
  -1.556988506488e-01  -2.162853648306e-01  -1.104121129178e+01   5.087650699804e-06  -9.695055766813e-05  -5.771297864232e-01  -7.267433126216e+00   5.573679209501e-06  -1.062864057297e-04  -3.683305980501e-01  -2.666615091913e+00   2.367838716787e-06  -4.517665630775e-05  -1.749242542426e-01  -7.088898141704e-01   6.569295870461e-07  -1.253415424761e-05   9.933771999906e-06   2.945676651136e-06   2.233871294421e-01  -1.061524272613e-04  -3.870749725362e-01  -1.191697137477e-05  -2.896287950690e-05  -2.907330853915e-04  -3.596767344533e-03  -2.595535597782e-01  -8.770277229714e-01   5.866337910166e-04  -4.766057936165e-09   3.516814032541e-08   8.272584612873e-03  -6.770740330669e-08   4.964503903175e-07   2.001353250511e-01  -1.660900005603e-06   1.195709122224e-05   1.365933460316e+00  -1.201375218627e-05   8.447903157639e-05   1.023356792838e+00  -1.225448861650e-05   8.271048662734e-05  -4.610757096880e-01   1.771380887819e-01  -4.592464079620e-06   2.865741860558e-05   1.216508161311e-05   1.242967493938e-08   4.163579283766e-01  -8.641718218819e-05  -7.211533781007e-01   4.056741577753e-01   5.103529189177e-01   5.938155468742e-02  -7.134792941686e-02  -6.774757128131e-01   1.057043887092e+00   6.558991480946e-01   4.020088810740e-01   5.043419495716e-01   5.701299759361e-02  -7.190180265911e-02  -6.860962310709e-01   4.065168786717e-02  -1.232450116722e+00   4.057536079713e-01   5.104626173588e-01   5.942151334570e-02  -7.133884759773e-02  -6.773539239252e-01  -1.098054492472e+00   5.851060428586e-01
   6.752852343098e-06   9.380576773557e-06   5.087650699804e-06  -1.090620436089e+01   1.157725170162e-06   2.501522437646e-05   5.573679209501e-06  -7.118474439861e+00   1.248011577967e-06   1.593346050252e-05   2.367838716787e-06  -2.602320894058e+00   5.150420516638e-07   7.556536421252e-06   6.569295870461e-07  -6.908842938281e-01   1.407026211037e-07  -2.957550661628e-01   3.218687948274e-02   2.773941746969e-03   2.945676651136e-06   1.587487697116e-03   9.341691795179e-11   2.270493733313e-10   2.280418400924e-09   2.831227789652e-08   2.222699640135e-06   9.417902965931e-06  -4.783237546571e-09  -2.314154579179e-05  -2.312906550160e-13  -6.854469884237e-08  -4.311790472834e-04   1.942962956777e-12  -1.756205337022e-06  -1.622858998033e-02   1.575841733871e-09  -1.464968550688e-05  -2.244384556157e-01   7.602457341829e-08  -2.075922520806e-05  -6.298261215266e-01   2.399637414351e-07   7.718582481944e-06  -1.065628045412e-05  -4.616579660940e-01   1.421778993548e-07   1.573889038180e-01   2.989212313092e-05  -1.734153035629e-06  -3.086997827006e-08   9.638717593753e-06   1.070452112198e+00   1.662660042759e+00   6.382013237085e-01   1.478431931055e-01   1.221192800528e+00   1.826753807884e+00   1.818975512987e+00   4.159763370464e-02   6.459366255780e-02   2.479530625396e-02   5.747154395766e-03   4.704170438962e-02  -1.100801077969e+00  -1.341054856640e-01  -1.111801496720e+00  -1.726838318466e+00  -6.628177978762e-01  -1.535377693535e-01  -1.268533345337e+00   2.057434507647e+00  -1.684981227768e+00
  -9.679506746336e-05  -1.344611048319e-04  -9.695055766813e-05   1.157725170162e-06  -1.090613350432e+01  -3.583579768916e-04  -1.062864057297e-04   1.248011577967e-06  -7.118396630520e+00  -2.279489864879e-04  -4.517665630775e-05   5.150420516638e-07  -2.602287742301e+00  -1.080182433238e-04  -1.253415424761e-05   1.407026211037e-07  -6.908750861474e-01   2.945676651136e-06   3.227054117869e-03  -2.837724636615e-02  -2.959121807484e-01  -1.614651595500e-02  -6.919250269741e-10  -1.681814123762e-09  -1.690378836701e-08  -2.108428672502e-07  -1.829777368688e-05  -9.348981783888e-05   3.545957383510e-08  -2.325777116500e-13  -2.314154491730e-05   5.107704762400e-07   1.879323257319e-12  -4.311791689896e-04   1.359808826313e-05   1.568511622350e-09  -1.622863010391e-02   1.294334687686e-04   7.582522440106e-08  -2.244398416817e-01   2.229977282510e-04   2.393578355903e-07  -6.298254786052e-01  -9.318335011653e-05   1.267789120099e-04   1.417608049128e-07  -4.616547662136e-01  -3.076214030892e-08   9.281689299869e-07   2.558179078195e-05   1.573896155996e-01  -7.023795177152e-05   6.641990524556e-01   1.031572476226e+00   3.958725510602e-01   9.165129789745e-02   7.577100268666e-01   1.818867571281e+00   2.394490620880e-02  -1.261093461859e+00  -1.958151457238e+00  -7.515684543318e-01  -1.741422319707e-01  -1.426117569862e+00  -1.340997643423e-01   2.960320929599e+00   5.924133410469e-01   9.200544724563e-01   3.530645728642e-01   8.173457975181e-02   6.759067613038e-01  -1.684879000721e+00  -2.068974350006e-01
  -8.252742933390e+00  -9.004508582540e+00  -5.771297864232e-01   2.501522437646e-05  -3.583579768916e-04  -1.244823523372e+01  -9.243564752133e-01   3.862720849241e-05  -5.445497435013e-04  -8.927625232054e+00  -6.139471014106e-01   2.316615751593e-05  -3.170221233224e-04  -4.619053948631e+00  -2.139258614237e-01   7.561769117738e-06  -1.017949345827e-04   1.710417783642e-05   3.246978647599e-06   1.473095613071e-01  -3.251519830433e-04  -2.549076164294e-01  -3.918312549832e-02  -6.008122747962e-02  -1.131545734710e-01  -1.971694799100e-01  -8.311447691636e-01  -2.400944517264e+00   8.330434922905e-02  -6.469955364832e-07   4.735171567659e-06   8.646396566079e-02  -6.566322427382e-07   4.661087061252e-06   7.913401153202e-01  -5.954174463125e-06   4.169200247048e-05   2.710699254634e+00  -1.936341782706e-05   1.249640282799e-04   5.332483623539e+00  -3.612246514678e-05   2.153336484996e-04  -3.096662186505e+00   4.015195264956e+00  -2.718374153931e-05   1.645018245299e-04   1.818255433501e-05   7.323892959257e-08   7.198683798770e-01  -1.213283740322e-04  -1.246850469446e+00  -1.939332165983e+00  -4.717514068451e+00  -5.193449091754e+00  -3.514692893913e+00  -1.582694163571e+00  -3.550701750344e+00  -2.203296586201e+00  -1.940495541880e+00  -4.719337507250e+00  -5.194415025960e+00  -3.514963090237e+00  -1.571107735177e+00  -1.379635517502e-01   4.182774608929e+00  -1.939361453495e+00  -4.717547096731e+00  -5.193461097861e+00  -3.514695694378e+00  -1.582922808368e+00   3.687796402053e+00  -1.965136733269e+00
  -7.188059412539e-02  -6.720626317887e-02  -7.267433126216e+00   5.573679209501e-06  -1.062864057297e-04  -9.243564752133e-01  -1.008272672318e+01   1.684144318854e-05  -3.183565046737e-04  -1.118796541391e+00  -6.550969809380e+00   1.356547544056e-05  -2.448059431596e-04  -7.107301047186e-01  -2.296263789095e+00   4.951395209988e-06  -8.638357344651e-05   1.963000314781e-05   1.235297857491e-05   6.719020927587e-01  -1.200327855439e-04  -1.164408709876e+00  -1.821373159660e-01  -2.760057180105e-01  -4.935508375913e-01  -7.858190561970e-01  -2.153415157689e+00  -3.178121360836e+00   3.252073537085e-01  -2.800947538371e-06   2.050027109086e-05   2.487521537202e-01  -2.157309568213e-06   1.525393341871e-05   2.160711484692e+00  -1.878779333393e-05   1.323355214416e-04   4.319880754553e+00  -3.906287831909e-05   2.612269211929e-04   2.623170156917e+00  -3.164860427437e-05   1.914599665102e-04  -1.662746153650e+00   5.027938778156e-01  -1.277870093738e-05   6.264756939597e-05   4.224526228991e-05   1.574139179563e-07   1.377486891011e+00  -2.852081951838e-04  -2.385881259669e+00   1.070025656642e+00   1.056289491230e+00   2.411089881582e-02  -3.510790468717e-01  -1.765211277808e+00   1.411849107907e+00   8.760770261134e-01   1.060301056197e+00   1.043180149402e+00   1.746847571309e-02  -3.529258765408e-01  -1.777976129272e+00   5.428916129182e-02  -1.645943243198e+00   1.070213801151e+00   1.056522088638e+00   2.422230319100e-02  -3.510487801490e-01  -1.765031755112e+00  -1.466610977199e+00   7.815117379564e-01
   3.117155192975e-06   2.914856039505e-06   5.573679209501e-06  -7.118474439861e+00   1.248011577967e-06   3.862720849241e-05   1.684144318854e-05  -9.548223285896e+00   2.945224322808e-06   4.221571670692e-05   1.356547544056e-05  -5.979762199753e+00   1.634248013117e-06   2.512261454105e-05   4.951395209988e-06  -2.058085886681e+00   4.881731117037e-07  -7.264923127596e-01   1.303233444223e-01   1.121618343247e-02   1.235297857491e-05   6.433841221739e-03   1.427771352507e-06   2.163687024372e-06   3.870947215189e-06   6.176434842952e-06   1.772301094591e-05   3.255670427605e-05  -2.829102551494e-06  -3.541958776690e-02  -9.454849224680e-11  -2.256193588258e-06  -3.612516757023e-02   7.038820851345e-10  -1.995218402998e-05  -3.263270830062e-01   2.028821995321e-08  -4.787690987368e-05  -1.029918677781e+00   4.084284808713e-07  -5.819234249697e-05  -1.899351894580e+00   1.496335002550e-06   2.661051088519e-05  -3.283710165959e-05  -1.433696809041e+00   8.467466943003e-07   9.802273739776e-01   2.254311619034e-04   3.171551867914e-06  -1.804830858686e-07   4.389235673742e-05   2.828074866466e+00   3.561199976185e+00   1.684375824892e+00   4.524001157543e-01   1.790765998206e+00   1.592295946416e+00   2.450270993405e+00   1.098983725350e-01   1.383676927050e-01   6.544832954455e-02   1.758853508892e-02   6.905153934206e-02  -2.351814630304e+00  -1.806607153911e-01  -2.937256324934e+00  -3.698633513083e+00  -1.749336418349e+00  -4.698216780431e-01  -1.860129384402e+00   1.902985817418e+00  -2.269742849822e+00
  -4.467449962412e-05  -4.178196491557e-05  -1.062864057297e-04   1.248011577967e-06  -7.118396630520e+00  -5.445497435013e-04  -3.183565046737e-04   2.945224322808e-06  -9.547988149949e+00  -5.777097966629e-04  -2.448059431596e-04   1.634248013117e-06  -5.979584464894e+00  -3.381953169864e-04  -8.638357344651e-05   4.881731117037e-07  -2.058024345007e+00   1.235297857491e-05   1.301278835346e-02  -1.142457081676e-01  -7.271324602653e-01  -6.522168860392e-02  -1.057528998644e-05  -1.602688894555e-05  -2.869056592342e-05  -4.590455699553e-05  -1.394992987348e-04  -3.142003474578e-04   2.097526804444e-05  -9.663724382808e-11  -3.541958825504e-02   1.693274305594e-05   6.964633470977e-10  -3.612518761306e-02   1.522225759221e-04   2.019993274168e-08  -3.263276232284e-01   4.127859101149e-04   4.077521745136e-07  -1.029928670971e+00   6.321520838322e-04   1.494421611648e-06  -1.899365294578e+00  -3.136622724080e-04   3.834331944245e-04   8.453966951981e-07  -1.433684370830e+00  -1.799940479421e-07   1.022870476668e-05   3.233697154761e-05   9.802320617281e-01  -3.101497040379e-04   1.754780765912e+00   2.209489827439e+00   1.044785272708e+00   2.804406144265e-01   1.111106547702e+00   2.450052026803e+00  -8.360950339088e-01  -3.331733139351e+00  -4.194566953327e+00  -1.983718394485e+00  -5.328907986798e-01  -2.093364323309e+00  -1.806480499732e-01   3.119112742044e+00   1.565094014614e+00   1.970619537619e+00   9.318034257115e-01   2.500958285279e-01   9.911195390709e-01  -2.269536533747e+00  -1.147053769293e+00
  -3.747729279067e+00  -4.092305511306e+00  -3.683305980501e-01   1.593346050252e-05  -2.279489864879e-04  -8.927625232054e+00  -1.118796541391e+00   4.221571670692e-05  -5.777097966629e-04  -9.732193735815e+00  -1.646626264878e+00   4.455964422080e-05  -5.623577569466e-04  -6.867969942476e+00  -9.215756363767e-01   2.091863017381e-05  -2.521934232150e-04   2.143236434095e-05   3.149282191570e-06   2.250499066159e-01  -3.978520513327e-04  -3.895053554497e-01  -7.089336612011e-01  -1.039267711666e+00  -1.623638832036e+00  -2.124439896496e+00  -3.442600547265e+00  -4.930151102537e+00   3.725710837370e-01  -2.837794247933e-06   2.023867255728e-05   1.703467533269e-01  -1.183966556765e-06   7.334920623122e-06   1.793037383318e+00  -1.289343490327e-05   8.444253003125e-05   3.723608871989e+00  -2.467592733236e-05   1.393703391408e-04   6.155589039051e+00  -3.592062910079e-05   1.552471489442e-04  -5.231154015616e+00   5.192639124673e+00  -3.041498619685e-05   1.409154838595e-04   1.340073798754e-05   2.436876872994e-07   5.995666082779e-01  -7.133515677280e-05  -1.038486002970e+00  -2.400824038556e+00  -5.201478338934e+00  -6.687866298482e+00  -5.425817644111e+00  -1.107200269704e+00  -2.142501179029e+00  -1.329544428852e+00  -2.402160360334e+00  -5.204081288008e+00  -6.690166402220e+00  -5.426728301699e+00  -1.100788170608e+00  -8.324782931677e-02   2.524017486490e+00  -2.400827008172e+00  -5.201471036491e+00  -6.687849844155e+00  -5.425810219917e+00  -1.107320070410e+00   2.225209776110e+00  -1.185823649787e+00
  -2.289832858433e-02  -1.755194399462e-02  -2.666615091913e+00   2.367838716787e-06  -4.517665630775e-05  -6.139471014106e-01  -6.550969809380e+00   1.356547544056e-05  -2.448059431596e-04  -1.646626264878e+00  -9.118612451657e+00   2.266379060002e-05  -3.394644492718e-04  -1.680166204773e+00  -5.463476280470e+00   1.303066595261e-05  -1.755007224053e-04   1.464643326525e-05   9.735905516493e-06   5.772362110161e-01  -6.667871216654e-05  -1.000295579473e+00  -1.815402464915e+00  -2.651953032019e+00  -4.079248619046e+00  -5.195130438979e+00  -7.267580449400e+00  -7.557950195455e+00   6.480104969978e-01  -7.108982013723e-06   5.072094659221e-05   2.419189937105e-01  -2.519742266511e-06   1.547851388767e-05   2.678333961128e+00  -2.895707081585e-05   1.922026171022e-04   4.109867198367e+00  -4.612692434522e-05   2.834155469237e-04   2.497488645849e+00  -4.258841721012e-05   2.338962834335e-04  -4.303757699728e+00   1.408712856268e-01  -2.230117952044e-05   1.049183739867e-04   1.822136839794e-05   4.000245212006e-07   4.207086617912e-01  -9.657058524928e-05  -7.286987577629e-01   9.506645586942e-01   1.147539836414e+00  -1.209114819932e-02  -8.705933614660e-01  -1.832806663946e+00   6.577152183636e-01   4.081416157712e-01   9.419983773959e-01   1.133427826450e+00  -2.354782683783e-02  -8.751909729157e-01  -1.839873781387e+00   2.528922886104e-02  -7.667551645504e-01   9.508184514324e-01   1.147782972218e+00  -1.189838266369e-02  -8.705168937129e-01  -1.832703640197e+00  -6.832218500048e-01   3.640837299571e-01
   9.925847204080e-07   7.612992304443e-07   2.367838716787e-06  -2.602320894058e+00   5.150420516638e-07   2.316615751593e-05   1.356547544056e-05  -5.979762199753e+00   1.634248013117e-06   4.455964422080e-05   2.266379060002e-05  -7.531858094872e+00   9.955129068040e-07   3.813770034803e-05   1.303066595261e-05  -4.389696327539e+00   3.058469092432e-07  -5.514628899458e-01   9.971959247908e-02   8.579570202041e-03   9.735905516493e-06   4.923932776488e-03   1.423090939080e-05   2.078938311912e-05   3.199197005649e-05   4.080532366064e-05   5.833489620754e-05   6.804592231329e-05  -7.321300182806e-06  -2.850523978914e-01   8.387658225105e-11  -2.908025906123e-06  -1.224831227468e-01   3.582877168181e-09  -3.193793816105e-05  -1.315607527766e+00   4.860323795380e-08  -5.770376223180e-05  -2.554666503948e+00   5.348147190200e-07  -7.422274466988e-05  -3.941587925189e+00   1.986792101637e-06   5.160160388120e-05  -4.869539049794e-05  -3.339436246410e+00   1.153826777176e-06   1.373489093206e+00   3.904792284649e-04   2.378568336161e-05  -2.236166500255e-07   4.354178082982e-05   2.502572691070e+00   3.799552586149e+00   2.731980805046e+00   1.031513861304e+00   9.745693185592e-01  -2.996595116839e-01   1.137831243435e+00   9.724300085441e-02   1.476372598454e-01   1.061550492930e-01   4.009239972343e-02   3.763798469280e-02  -2.131688842387e+00  -8.389217236041e-02  -2.599153451131e+00  -3.946159412761e+00  -2.837353060889e+00  -1.071262580902e+00  -1.012280680964e+00  -1.553926863310e-01  -1.053992461573e+00
  -1.422022803544e-05  -1.091297263830e-05  -4.517665630775e-05   5.150420516638e-07  -2.602287742301e+00  -3.170221233224e-04  -2.448059431596e-04   1.634248013117e-06  -5.979584464894e+00  -5.623577569466e-04  -3.394644492718e-04   9.955129068040e-07  -7.531642637320e+00  -4.597852308877e-04  -1.755007224053e-04   3.058469092432e-07  -4.389596488486e+00   9.735905516493e-06   9.950965153817e-03  -8.733240309221e-02  -5.519560239705e-01  -4.989313559562e-02  -1.054062288791e-04  -1.539910987270e-04  -2.370993951395e-04  -3.030028194707e-04  -4.451504689969e-04  -5.868103361892e-04   5.429518345889e-05   6.818585590582e-11  -2.850524069602e-01   2.203405035470e-05   3.554033024300e-09  -1.224832144617e-01   2.426426798913e-04   4.838091482238e-08  -1.315608782461e+00   4.804861947520e-04   5.339420620695e-07  -2.554679992653e+00   7.524418654233e-04   1.984563989217e-06  -3.941611184437e+00  -5.286689627090e-04   5.168114536767e-04   1.152130458770e-06  -3.339418804032e+00  -2.230552173191e-07   2.326631298061e-05  -1.370739302687e-04   1.373494941562e+00  -3.066990907714e-04   1.552815824601e+00   2.357425437063e+00   1.694773092550e+00   6.396666058805e-01   6.046844346401e-01   1.137670132097e+00  -1.427239746043e+00  -2.948072668438e+00  -4.475626955923e+00  -3.217685052297e+00  -1.214908083578e+00  -1.141032980235e+00  -8.388248844588e-02   4.088000881633e-01   1.384942743285e+00   2.102549934766e+00   1.511513958497e+00   5.704751234948e-01   5.393652052372e-01  -1.053841022470e+00  -1.571629331674e+00
  -1.582807418851e+00  -1.722807125404e+00  -1.749242542426e-01   7.556536421252e-06  -1.080182433238e-04  -4.619053948631e+00  -7.107301047186e-01   2.512261454105e-05  -3.381953169864e-04  -6.867969942476e+00  -1.680166204773e+00   3.813770034803e-05  -4.597852308877e-04  -7.080907632199e+00  -1.447841530392e+00   2.675449420067e-05  -3.034709979292e-04   1.318250735016e-05   1.694836160674e-06   1.530262424729e-01  -2.402739496613e-04  -2.648739287089e-01  -9.088498346486e-01  -1.330209359341e+00  -2.063431819626e+00  -2.667031432943e+00  -4.079376213935e+00  -5.457607053026e+00   1.505375622136e-01  -1.076486170710e-06   6.998106956837e-06   7.776270922544e-02  -4.335187598510e-07   1.550386735953e-06   7.803258776568e-01  -4.827236937546e-06   2.357321146835e-05   1.748240573870e+00  -9.287957713663e-06   2.692700941222e-05   3.599514361872e+00  -1.583911216843e-05   7.950837678686e-06  -6.162545154244e+00   3.906283204298e+00  -1.861760541824e-05   4.162141845824e-05   1.729115152765e-06   2.447501551877e-07   1.369874378147e-01   6.533920894709e-06  -2.372753177053e-01  -1.539399139127e+00  -3.573504541483e+00  -5.681821094694e+00  -6.018414323751e+00  -4.867358481135e-01  -7.784501932465e-01  -4.831107165554e-01  -1.540203293198e+00  -3.575434619113e+00  -5.684335223211e+00  -6.019822588544e+00  -4.847203772393e-01  -3.024675111363e-02   9.171212521034e-01  -1.539392443609e+00  -3.573482355360e+00  -5.681786568445e+00  -6.018395296203e+00  -4.867728354379e-01   8.085029713089e-01  -4.308888543938e-01
  -5.762184483220e-03  -4.106627294924e-03  -7.088898141704e-01   6.569295870461e-07  -1.253415424761e-05  -2.139258614237e-01  -2.296263789095e+00   4.951395209988e-06  -8.638357344651e-05  -9.215756363767e-01  -5.463476280470e+00   1.303066595261e-05  -1.755007224053e-04  -1.447841530392e+00  -6.164667085046e+00   1.153744669263e-05  -1.370895559397e-04   5.401326257834e-06   3.345943538789e-06   2.170307608941e-01  -2.457329669078e-05  -3.760763801281e-01  -1.278052803979e+00  -1.868564550415e+00  -2.884343561380e+00  -3.694843404624e+00  -5.352883785115e+00  -6.225573491295e+00   8.358529419547e-03  -1.503581688022e-06   9.792164768734e-06   1.305826808124e-02  -5.754611036307e-07   2.122420705073e-06   7.807628790520e-02  -6.505527376533e-06   3.338671223166e-05   9.326753599425e-02  -1.183409265904e-05   4.884972612629e-05  -6.777298245373e-01  -1.751503563291e-05   6.492458135422e-05  -4.900736137660e+00  -1.683260343643e+00  -1.496304366056e-05   5.683287880021e-05  -6.393064793835e-08   2.513518750605e-07  -6.106231271179e-02   1.401653610188e-05   1.057568599098e-01   3.692030696058e-01   5.774120828494e-01   1.259409886494e-01  -6.336920762905e-01  -8.057378235405e-01   1.406941695753e-01   8.731339635300e-02   3.658317006321e-01   5.705103564360e-01   1.171303286146e-01  -6.394755421164e-01  -8.076641222077e-01   5.408529003211e-03  -1.639958535076e-01   3.692606843070e-01   5.775287083376e-01   1.260892185338e-01  -6.335951355926e-01  -8.057079762915e-01  -1.461510085142e-01   7.788845290143e-02
   2.497014504964e-07   1.781291456772e-07   6.569295870461e-07  -6.908842938281e-01   1.407026211037e-07   7.561769117738e-06   4.951395209988e-06  -2.058085886681e+00   4.881731117037e-07   2.091863017381e-05   1.303066595261e-05  -4.389696327539e+00   3.058469092432e-07   2.675449420067e-05   1.153744669263e-05  -5.069423605380e+00   9.552883318588e-08  -1.976973262444e-01   3.389902203389e-02   2.916328711153e-03   3.345943538789e-06   1.673963144650e-03   1.001863436603e-05   1.464818217131e-05   2.262046003370e-05   2.901702543661e-05   4.272999867381e-05   5.340074934541e-05  -1.649300122591e-06  -2.016768846640e-01   2.506191287635e-10  -8.231673755736e-07  -8.936403653520e-02   2.356135054619e-09  -8.320067757135e-06  -9.525398229275e-01   2.882559533063e-08  -1.804775718789e-05  -1.944551769274e+00   2.672034264569e-07  -3.492925331877e-05  -3.771294213694e+00   1.064061320802e-06   4.984736303880e-05  -3.185141956643e-05  -4.247057737545e+00   7.119891842173e-07   3.798260239987e-01   1.925927138182e-04   1.562188214291e-05  -9.307062060640e-08   1.374908462556e-05   9.693214821205e-01   1.860251461980e+00   2.120624172181e+00   1.354341967414e+00   2.620872989475e-01  -4.840867800269e-01   2.454312782499e-01   3.766340691940e-02   7.228285015483e-02   8.239717816579e-02   5.262543597027e-02   1.014003694439e-02  -8.794403935488e-01  -1.809545485145e-02  -1.006724826365e+00  -1.932023408674e+00  -2.202424161292e+00  -1.406563097651e+00  -2.722192267304e-01  -4.529658468281e-01  -2.273474905725e-01
  -3.576504548411e-06  -2.553492465752e-06  -1.253415424761e-05   1.407026211037e-07  -6.908750861474e-01  -1.017949345827e-04  -8.638357344651e-05   4.881731117037e-07  -2.058024345007e+00  -2.521934232150e-04  -1.755007224053e-04   3.058469092432e-07  -4.389596488486e+00  -3.034709979292e-04  -1.370895559397e-04   9.552883318588e-08  -5.069357882490e+00   3.345943538789e-06   3.382667680897e-03  -2.968457979059e-02  -1.978654016986e-01  -1.696179766529e-02  -7.420653370289e-05  -1.085019521705e-04  -1.676418596737e-04  -2.154262911289e-04  -3.237758543989e-04  -4.381269732765e-04   1.224356636874e-05   2.398633631808e-10  -2.016768922155e-01   6.293520018499e-06   2.337820244122e-09  -8.936409531146e-02   6.396503089003e-05   2.869124858115e-08  -9.525405459965e-01   1.537780720699e-04   2.667416738533e-07  -1.944558391014e+00   3.477813546940e-04   1.062855118491e-06  -3.771306847985e+00  -4.608913994652e-04   3.173767870077e-04   7.109273601507e-07  -4.247046174957e+00  -9.285730719909e-08   1.604587174634e-05  -1.370593866939e-04   3.798284604751e-01  -1.132674744762e-04   6.014529810605e-01   1.154206586998e+00   1.315624950799e+00   8.400941382685e-01   1.626142652765e-01   2.453730418349e-01  -7.272756352286e-01  -1.141825877749e+00  -2.191278755046e+00  -2.497689163879e+00  -1.595002589930e+00  -3.074045567416e-01  -1.809190820233e-02  -3.314652326397e-01   5.364278114397e-01   1.029415301504e+00   1.173370382927e+00   7.492451280465e-01   1.450431430688e-01  -2.272927965077e-01  -7.584151656283e-01
   7.112424066753e-07   3.553746326381e-07   9.933771999906e-06  -2.957550661628e-01   2.945676651136e-06   1.710417783642e-05   1.963000314781e-05  -7.264923127596e-01   1.235297857491e-05   2.143236434095e-05   1.464643326525e-05  -5.514628899458e-01   9.735905516493e-06   1.318250735016e-05   5.401326257834e-06  -1.976973262444e-01   3.345943538789e-06  -8.404309125049e+00  -6.531371186192e-02  -5.598478343765e-03  -1.160175246467e-05  -3.219660257468e-03   2.114895384308e-06   3.264315861871e-06   6.250805440649e-06   1.075785169631e-05   2.994947944048e-05   3.320314829126e-05  -5.387074194788e-06  -5.779823514918e-02  -2.237445557286e-10  -4.891049257323e-06  -7.189119668061e-02   1.225034017136e-09  -3.835836677701e-05  -5.989513335267e-01   3.539242792297e-08  -6.394676185232e-05  -1.509350582287e+00   4.007134911454e-07  -2.943453099606e-05  -1.299772866458e+00   1.579669066623e-06   1.486931961644e-05  -1.153274056579e-05  -5.424700397446e-01   1.699319154315e-06   1.744906545816e+00   3.422138928639e-04   8.971483243365e-07  -2.676571186540e-07   7.561342067205e-05  -1.456850123749e+00  -7.528328876904e-01  -3.686069026727e-02   2.412252013277e-02   1.886851581108e+00  -7.635410661034e-01  -1.047822840628e+00  -5.606392792615e-02  -2.887604244789e-02  -1.349099297327e-03   9.539305336054e-04   7.386652400140e-02   9.135195987031e-01   7.644578602218e-02   1.513344955208e+00   7.820612374259e-01   3.833481013667e-02  -2.503149238826e-02  -1.959445708636e+00  -8.965669038223e-01   9.707942050508e-01
   1.613942315138e-07   8.095492839543e-08   2.945676651136e-06   3.218687948274e-02   3.227054117869e-03   3.246978647599e-06   1.235297857491e-05   1.303233444223e-01   1.301278835346e-02   3.149282191570e-06   9.735905516493e-06   9.971959247908e-02   9.950965153817e-03   1.694836160674e-06   3.345943538789e-06   3.389902203389e-02   3.382667680897e-03  -6.531371186192e-02  -8.092601779448e+00   6.280668062188e-05  -6.433809805199e-03   1.926191678203e-05   1.227964300688e-10   1.896418213967e-10   3.729831165691e-10   9.044114346878e-10   1.184803927725e-07   1.932161493010e-06  -3.528098039547e-10  -3.353639943822e-06   4.540819861456e-07  -8.374868212409e-10  -3.928578785939e-06   5.984918561433e-07  -3.912927468263e-08  -8.166457416867e-06   7.608236369903e-06  -1.336355201552e-06   1.593192938632e-03   1.828523278932e-04  -4.669693684270e-06   1.830900541647e-02   1.850742785466e-03   2.417634313839e-06  -1.871350433500e-06   1.911755626840e-02   1.916754256212e-03  -3.005345157306e-04  -2.565015437720e-01  -6.219994330177e-08  -5.924315101139e-05   2.199378911468e-07  -2.397478556144e+00  -1.575015765726e+00  -3.122007295862e-01  -3.618063274491e-02  -1.332093767257e+00  -1.360292955338e+00   7.476517984717e-01   1.767864848139e-01   1.161212764465e-01   2.302057067294e-02   2.670242237724e-03   9.745648926467e-02  -3.040606923136e+00  -1.569429393884e-01   2.220847512338e+00   1.458952884053e+00   2.891898464504e-01   3.351435648514e-02   1.234102868236e+00  -1.421383329673e+00  -1.167498292990e+00
   5.459716097233e-03   2.724112652699e-03   2.233871294421e-01   2.773941746969e-03  -2.837724636615e-02   1.473095613071e-01   6.719020927587e-01   1.121618343247e-02  -1.142457081676e-01   2.250499066159e-01   5.772362110161e-01   8.579570202041e-03  -8.733240309221e-02   1.530262424729e-01   2.170307608941e-01   2.916328711153e-03  -2.968457979059e-02  -5.598478343765e-03   6.280668062188e-05  -8.255191809059e+00   5.621508751531e-02   2.801563542780e-01   7.788225806700e-02   1.202056832723e-01   2.300662902615e-01   3.950418974392e-01   1.053568487855e+00   1.012015621250e+00  -1.815474821823e-01   1.411426238585e-06  -1.616017694362e-05  -1.576235602862e-01   1.219658707987e-06  -1.604252376333e-05  -1.207309715276e+00   1.148199500661e-05  -1.508494201363e-04  -1.680051346458e+00   1.580205658160e-04  -1.748311520382e-03  -3.154961113852e-01   1.586747638834e-03  -1.632959058495e-02   3.067409391812e-01   1.130002884505e-02   1.648757994538e-03  -1.685266140658e-02  -5.290991204850e-05   3.841460413970e-09  -9.073999420407e-01   7.004490891805e-04   1.127388929963e+00   4.186144689843e-01   2.803029756049e-01   1.470072599334e-01   1.090775386355e-01  -3.072806017693e-01  -9.905154744129e-01   2.166960900648e+00  -2.933526567746e+00  -1.921058839347e+00  -2.890103071945e-01   5.862379977184e-02  -2.151528070346e+00  -1.995547027672e-01   7.687416684739e-01   6.820952006782e-01   4.533793311775e-01   1.813072748689e-01   1.130507680829e-01  -1.609425315315e-01   6.902034926103e-01   2.113110929421e+00
  -1.355568810883e-05  -6.771588417753e-06  -1.061524272613e-04   2.945676651136e-06  -2.959121807484e-01  -3.251519830433e-04  -1.200327855439e-04   1.235297857491e-05  -7.271324602653e-01  -3.978520513327e-04  -6.667871216654e-05   9.735905516493e-06  -5.519560239705e-01  -2.402739496613e-04  -2.457329669078e-05   3.345943538789e-06  -1.978654016986e-01  -1.160175246467e-05  -6.433809805199e-03   5.621508751531e-02  -8.403606728087e+00   3.227420203736e-02  -1.566471534365e-05  -2.417949396802e-05  -4.633051216742e-05  -7.997312468323e-05  -2.349105056216e-04  -3.054131282397e-04   3.994001040202e-05  -2.271985371970e-10  -5.779823547303e-02   3.668136506818e-05   1.210649348094e-09  -7.189123318225e-02   2.926627915773e-04   3.522420134440e-08  -5.989522814005e-01   5.379913031928e-04   3.998558969482e-07  -1.509361291890e+00   3.546259270087e-04   1.578300722481e-06  -1.299840233154e+00  -1.973361905550e-04   2.049842408021e-04   1.698309208356e-06  -5.425510466570e-01  -2.668110215108e-07   8.657267842265e-06   1.365839005016e-04   1.744913522255e+00  -5.058519123530e-04  -9.039573497137e-01  -4.671493337757e-01  -2.303861507041e-02   1.480081144090e-02   1.170752298661e+00  -1.047762193677e+00   2.749277598087e-01   1.699660584922e+00   8.753779116837e-01   4.095974420790e-02  -2.882538480915e-02  -2.239343992326e+00   7.644050173249e-02  -1.401474879365e+00  -8.063762460675e-01  -4.167428739425e-01  -2.058502545077e-02   1.318070101663e-02   1.044064235967e+00   9.707388657667e-01   4.079757690683e-01
  -9.446595263082e-03  -4.713353116504e-03  -3.870749725362e-01   1.587487697116e-03  -1.614651595500e-02  -2.549076164294e-01  -1.164408709876e+00   6.433841221739e-03  -6.522168860392e-02  -3.895053554497e-01  -1.000295579473e+00   4.923932776488e-03  -4.989313559562e-02  -2.648739287089e-01  -3.760763801281e-01   1.673963144650e-03  -1.696179766529e-02  -3.219660257468e-03   1.926191678203e-05   2.801563542780e-01   3.227420203736e-02  -8.578418410063e+00  -1.348960288732e-01  -2.082023521669e-01  -3.984865067273e-01  -6.842326490961e-01  -1.824837082455e+00  -1.752894846827e+00   3.144494659321e-01  -3.349982315294e-06   2.125426383182e-05   2.730120304790e-01  -3.185569895398e-06   1.867840510668e-05   2.091122725899e+00  -2.386259246025e-05   1.314754779220e-04   2.909964685222e+00   3.802678618872e-05  -6.235057572056e-04   5.464348615220e-01   8.834556287206e-04  -9.121150395130e-03  -5.312543284253e-01  -1.970726792735e-02   9.371080801985e-04  -9.556490788806e-03   3.926710424548e-05   1.050721788653e-07   1.127390613388e+00  -8.958704912498e-05  -2.209201918925e+00   1.651209460333e+00   1.075826455261e+00   5.506965262068e-02  -1.529115237808e-01   1.852614684961e+00  -5.206772965299e-01   1.282971400379e+00  -2.726977191938e-01  -1.889961510349e-01  -1.963169193516e-01  -1.822281435651e-01   7.752800727640e-01  -1.127410367136e-01   3.687546984816e-01   1.803143275630e+00   1.175636872766e+00   7.486020504471e-02  -1.506160356562e-01   1.937335827467e+00   3.455680025095e-01   1.248303463575e+00
   0.000000000000e+00   5.541629517042e-09  -1.191697137477e-05   9.341691795179e-11  -6.919250269741e-10  -3.918312549832e-02  -1.821373159660e-01   1.427771352507e-06  -1.057528998644e-05  -7.089336612011e-01  -1.815402464915e+00   1.423090939080e-05  -1.054062288791e-04  -9.088498346486e-01  -1.278052803979e+00   1.001863436603e-05  -7.420653370289e-05   2.114895384308e-06   1.227964300688e-10   7.788225806700e-02  -1.566471534365e-05  -1.348960288732e-01  -9.744528124131e+01  -1.399621207749e+02  -5.731649009740e+01  -3.021471119308e+01  -9.984494610134e+00  -4.349832553913e+00   5.140516472822e-03   2.137814248319e-08  -7.387631312282e-07  -3.096334788595e-03  -1.287689410900e-08   4.449860234565e-07   2.666912783271e-04   1.109103370692e-09  -3.832721573598e-08   7.853949715928e-05   3.266264332985e-10  -1.128720920422e-08   1.657962409037e-05   6.895057490721e-11  -2.382720699825e-09  -1.603705164276e+00   5.971058415565e-06   2.483216195456e-11  -8.581234658330e-10  -1.579499479209e-12   1.514519054389e-12   2.776308992645e-07   1.009800628904e-10  -4.809083010181e-07   0.000000000000e+00  -1.040759452066e-02  -3.656388029107e-01  -6.284404178498e-01  -3.171940777209e-05  -1.300476904116e-05  -8.071094059854e-06   0.000000000000e+00  -1.054961114603e-02  -3.672087341096e-01  -6.293853086725e-01  -3.267105980233e-05  -5.207589973092e-07   1.579273211012e-05   0.000000000000e+00  -1.040509173459e-02  -3.656110047189e-01  -6.284236633030e-01  -3.170272244546e-05   1.349965069526e-05  -7.194745860911e-06
   0.000000000000e+00   1.405401652700e-08  -2.896287950690e-05   2.270493733313e-10  -1.681814123762e-09  -6.008122747962e-02  -2.760057180105e-01   2.163687024372e-06  -1.602688894555e-05  -1.039267711666e+00  -2.651953032019e+00   2.078938311912e-05  -1.539910987270e-04  -1.330209359341e+00  -1.868564550415e+00   1.464818217131e-05  -1.085019521705e-04   3.264315861871e-06   1.896418213967e-10   1.202056832723e-01  -2.417949396802e-05  -2.082023521669e-01  -1.399621207749e+02  -1.242442751862e+02  -6.961443901651e+01  -4.070352042325e+01  -1.434173048021e+01  -6.331268789480e+00   3.378744722557e-02   1.405136749877e-07  -4.855722268480e-06  -2.843689109478e-02  -1.182620292758e-07   4.086773540878e-06   3.781202187414e-03   1.572508901542e-08  -5.434109165004e-07   1.168232668322e-03   4.858392064089e-09  -1.678911503572e-07   2.518206169553e-04   1.047259951006e-09  -3.619009655417e-08  -2.345552633893e+00   9.112355680399e-05   3.789604393314e-10  -1.309571217388e-08  -1.140068322491e-10   1.093166044334e-10   2.003914516973e-05   7.288648867547e-09  -3.471152268267e-05   0.000000000000e+00  -1.585501600593e-02  -5.364624865678e-01  -9.201474625194e-01  -5.837748088557e-05  -2.393496556382e-05  -1.485465525814e-05   0.000000000000e+00  -1.606963639085e-02  -5.387601275602e-01  -9.215297189310e-01  -6.009226486142e-05  -9.578599733709e-07   2.904841975171e-05   0.000000000000e+00  -1.585123350606e-02  -5.364218028939e-01  -9.201229527245e-01  -5.834740436299e-05   2.484605238548e-05  -1.324190077508e-05
  -1.079666757307e-06   1.666801469187e-07  -2.907330853915e-04   2.280418400924e-09  -1.690378836701e-08  -1.131545734710e-01  -4.935508375913e-01   3.870947215189e-06  -2.869056592342e-05  -1.623638832036e+00  -4.079248619046e+00   3.199197005649e-05  -2.370993951395e-04  -2.063431819626e+00  -2.884343561380e+00   2.262046003370e-05  -1.676418596737e-04   6.250805440649e-06   3.729831165691e-10   2.300662902615e-01  -4.633051216742e-05  -3.984865067273e-01  -5.731649009740e+01  -6.961443901651e+01  -6.218821960458e+01  -4.677847868081e+01  -2.056070251536e+01  -9.586347782389e+00   1.265144805113e-01   5.261425782514e-07  -1.818187613296e-05  -1.014917070468e-01  -4.220790236890e-07   1.458575839373e-05   5.001528634328e-02   2.080012627990e-07  -7.187886614817e-06   1.814603311571e-02   7.546488441457e-08  -2.607835285581e-06   4.210146878245e-03   1.750896438407e-08  -6.050561859197e-07  -3.626601934893e+00   1.549670222784e-03   6.444696948224e-09  -2.227089889134e-07  -5.905444418471e-09   5.662495122134e-09   1.038008474226e-03   3.775450113302e-07  -1.798023538061e-03   0.000000000000e+00  -2.918970339103e-02  -8.412323704013e-01  -1.429729030015e+00  -2.327934630714e-04  -9.547632186214e-05  -5.925507034633e-05   0.000000000000e+00  -2.957098277918e-02  -8.447955151283e-01  -1.431868080086e+00  -2.390163555052e-04  -3.811085106080e-06   1.155763897440e-04   0.000000000000e+00  -2.918298214781e-02  -8.411692778107e-01  -1.429691101128e+00  -2.326841424611e-04   9.911515951671e-05  -5.282421975096e-05
  -4.851185225384e-05   2.295720535646e-06  -3.596767344533e-03   2.831227789652e-08  -2.108428672502e-07  -1.971694799100e-01  -7.858190561970e-01   6.176434842952e-06  -4.590455699553e-05  -2.124439896496e+00  -5.195130438979e+00   4.080532366064e-05  -3.030028194707e-04  -2.667031432943e+00  -3.694843404624e+00   2.901702543661e-05  -2.154262911289e-04   1.075785169631e-05   9.044114346878e-10   3.950418974392e-01  -7.997312468323e-05  -6.842326490961e-01  -3.021471119308e+01  -4.070352042325e+01  -4.677847868081e+01  -4.205506225712e+01  -2.349958434680e+01  -1.189360531559e+01   1.412605221286e-01   5.874677350575e-07  -2.030108573689e-05  -4.088396368729e-02  -1.700263398815e-07   5.875589581385e-06   1.613690094651e-01   6.710939834449e-07  -2.319095276631e-05   7.689398703301e-02   3.197831617863e-07  -1.105072669905e-05   2.057386219427e-02   8.556162785282e-08  -2.956747816383e-06  -4.659317260374e+00   7.841611359158e-03   3.261133114161e-08  -1.126947728345e-06  -4.690535668994e-08   4.497567577253e-08   8.244622128403e-03   2.998738480631e-06  -1.428121736708e-02  -3.686658171089e-06  -4.990277856746e-02  -1.108039365526e+00  -1.853316175589e+00  -1.225203356498e-03  -5.035218296391e-04  -3.124988744526e-04  -3.807364293004e-06  -5.051430419711e-02  -1.112641393438e+00  -1.856068353685e+00  -1.252917769573e-03  -2.001837867300e-05   6.070846861863e-04  -3.684551522016e-06  -4.989199483575e-02  -1.107957876638e+00  -1.853267375939e+00  -1.224715251456e-03   5.227495353494e-04  -2.786037839996e-04
