ARMA_MAT_TXT_FN008
73 73
   3.281259453055e-01   2.805163501683e-01   3.176580352787e-03   4.595292567975e-08  -3.349218859822e-06  -4.265419710639e-02   5.683764540712e-04  -3.217560425737e-07   2.724194833835e-06  -3.332778137114e-02   1.302950857540e-03  -2.949031788709e-07   3.056976897266e-06  -1.904440475635e-02  -3.398807242985e-03   9.432241910238e-07  -1.163455516036e-05   1.346579495068e-07  -4.769883194796e-09   1.697040442582e-04  -2.608384498535e-06  -2.900253980992e-04  -4.261686003964e-05  -1.066975950088e-04   6.393046723092e-05   5.215907955249e-04  -4.132095161887e-04   4.078756093705e-03  -7.787340734886e-03   3.354102626944e-07  -6.186209704399e-06  -1.926469564530e-03   8.049652650160e-08  -1.475212355670e-06   5.200720409632e-03  -2.352716107582e-07   4.380062838502e-06   1.195263008002e-02  -5.851847111857e-07   1.109242325905e-05   7.118016272358e-04  -2.664147600323e-07   6.106933987405e-06   1.401807729794e-02  -3.983260308155e-03   1.159865284096e-08  -1.141879555037e-06   6.386231238538e-08   4.805972461649e-09   1.361337674644e-03  -5.574808083557e-07  -2.357864113417e-03  -8.934765154205e-03  -1.296222124956e-02   3.047358811466e-03   9.461672627082e-04  -5.842696476868e-04  -1.891444989017e-03  -1.173686890055e-03  -8.928117024015e-03  -1.295208324320e-02   3.054809582296e-03   9.640888341342e-04  -5.769841841049e-04  -7.344209872970e-05   2.226444452011e-03  -8.935276042931e-03  -1.296291128256e-02   3.046987076057e-03   9.452391857476e-04  -5.844154107339e-04   1.964499246245e-03  -1.046839478647e-03
   2.805163501683e-01   2.468668603095e-01   4.717554216362e-03   2.167006979596e-08  -4.402279292799e-06  -7.254347705697e-02   1.194787420398e-03  -5.386086974184e-07   4.410298090668e-06  -5.453424452170e-02   1.993315746683e-03  -5.732214380411e-07   6.509766396609e-06  -3.097610829853e-02  -5.568499085131e-03   1.539579101925e-06  -1.917843966098e-05   2.389858113804e-07  -4.089562441132e-09   2.150312486997e-04  -4.649651762154e-06  -3.656024242531e-04  -4.291454343169e-05  -9.506691412737e-05  -6.712103099572e-05   6.272863513397e-04  -3.139361872287e-04   7.037444199359e-03  -1.301784356429e-02   5.662530274914e-07  -1.047184189306e-05  -3.227218470951e-03   1.356044615170e-07  -2.489624533131e-06   8.721933697031e-03  -3.973794354940e-07   7.412163307989e-06   2.023913931934e-02  -9.974195592068e-07   1.895091738576e-05   1.271887242916e-03  -4.440911668861e-07   1.025078391140e-05   2.302127379945e-02  -6.556999685802e-03   1.627320735700e-08  -1.785475618251e-06   1.151566130105e-07   7.049222597311e-09   2.323349455686e-03  -1.090670705356e-06  -4.024067492193e-03  -1.494471967067e-02  -2.143268747369e-02   4.770009421107e-03   1.534871314719e-03  -9.884397024920e-04  -3.127706003536e-03  -1.940723400015e-03  -1.493337769655e-02  -2.141581413384e-02   4.782142417572e-03   1.564559973070e-03  -9.763648305583e-04  -1.214532244868e-04   3.681712397747e-03  -1.494558084224e-02  -2.143382538458e-02   4.769397305301e-03   1.533363940516e-03  -9.886763016097e-04   3.248495820904e-03  -1.730972345428e-03
   3.176580352787e-03   4.717554216362e-03   2.303753657021e-02  -9.385183943907e-07   1.794128695897e-05  -1.135532995877e-02   4.252349826814e-02  -1.217747044500e-06   2.338381528700e-05   1.861001838084e-03   2.628850460967e-02  -9.790582884741e-07   1.504346603539e-05   1.958123693104e-02   5.482722295584e-03   1.638382213201e-07  -5.714821834245e-06   3.794440803268e-07  -3.023985984606e-07  -3.393351968643e-03  -9.579652514972e-06   5.895346282782e-03   7.322404887846e-04   2.088461386316e-03  -3.866288051161e-03  -9.074952597017e-03   1.433849657455e-02   1.394788931252e-03   3.641047884397e-02  -6.397289204866e-07   9.480624258854e-06   8.882091846053e-03  -1.543943818432e-07   2.286412170671e-06  -2.579848091448e-02   4.197079974381e-07  -6.128735517190e-06  -6.097957539547e-02   1.167651277710e-06  -1.758789748449e-05  -2.237272872965e-02   5.512779553999e-07  -9.098915263470e-06  -2.571306805756e-02   1.044429361757e-02  -1.301551106771e-07   1.877228220774e-06  -2.303285357305e-07   6.598017802771e-09  -3.735521523068e-03   3.225699942416e-06   6.470002015888e-03  -9.216033041942e-03  -1.443406816125e-02  -5.723858265314e-03   8.003651138039e-05   8.332340591348e-04  -9.852781695713e-04  -6.109887219019e-04  -9.148966049508e-03  -1.433698164804e-02  -5.719320005829e-03   1.017000514038e-04   8.426653162808e-04  -3.784911689714e-05   1.147589788920e-03  -9.217524573759e-03  -1.443614812757e-02  -5.723992150430e-03   7.974386642006e-05   8.330808726368e-04   1.023496915918e-03  -5.450080550973e-04
   4.595292567975e-08   2.167006979596e-08  -9.385183943907e-07   3.938194899488e-02  -2.308289758135e-07   4.474524949686e-07  -9.812004138233e-07   6.297729022032e-02  -4.201353373007e-07  -2.112708643578e-07  -2.853157884169e-07   4.200795428622e-02   1.180225517964e-07  -5.871557005118e-06  -2.947433685357e-07  -4.558211739332e-03  -2.958261420655e-08  -3.055953362332e-03  -5.933952778466e-03  -5.101526438343e-04  -5.131465770800e-07  -2.930832237118e-04   7.902257655327e-08   2.293711204068e-07  -4.579193290392e-07  -9.283502843754e-07   1.406146476825e-06   2.132055619394e-06   2.059793608437e-06   2.845634625816e-03  -3.845346419203e-07   4.904414291100e-07   6.542895638970e-04  -9.077328711127e-08  -1.493478975184e-06  -2.565965647116e-03   2.934113729520e-07  -3.963407275471e-06  -6.179486345743e-03   6.956185341234e-07  -2.879163955339e-06  -1.303510544114e-02   5.445553432188e-07   2.472594076660e-06  -3.344769697486e-07   1.375318876547e-03   8.378035810406e-08  -4.192475944202e-03  -3.249942139155e-04  -2.799424332469e-05   1.256410010298e-07  -1.601254266355e-05  -2.770208293241e-02  -4.244061951335e-02  -1.460751251066e-02  -6.234391873395e-03  -1.228838125430e-03  -1.662772092098e-03  -2.339769677015e-03  -1.075052166607e-03  -1.646512897555e-03  -5.659797687073e-04  -2.407773882956e-04  -4.719339778440e-05   2.101061954418e-03   1.721786731541e-04   2.877316927225e-02   4.408207074160e-02   1.517422648973e-02   6.477445071849e-03   1.276570233975e-03  -1.959694504576e-03   2.167461047907e-03
  -3.349218859822e-06  -4.402279292799e-06   1.794128695897e-05  -2.308289758135e-07   3.938773916506e-02   4.108438356565e-06   1.923492312404e-05  -4.198544981472e-07   6.299504505843e-02   4.432875450086e-08   3.751081969046e-06   1.192243435384e-07   4.202202811047e-02   8.025558224492e-05  -3.646225568354e-07  -3.033760409182e-08  -4.553301922039e-03  -5.136768764959e-07  -5.902120913638e-04   5.176138473249e-03  -3.032533073150e-03   2.959798287590e-03  -1.729028348740e-06  -5.010161082704e-06   9.932138692119e-06   2.036192239435e-05  -3.124530570692e-05  -4.142565868625e-05  -4.503770374011e-05  -3.847327410348e-07   2.859177555504e-03  -1.075506393167e-05  -9.082478966951e-08   6.574827496937e-04   3.259920817147e-05   2.936156028518e-07  -2.576598548219e-03   8.525962121599e-05   6.958014518779e-07  -6.204300704508e-03   5.704683787193e-05   5.450580367358e-07  -1.305943407826e-02  -2.880742742611e-05   1.475453193601e-06   8.444337929170e-08   1.370799885324e-03   1.258739001433e-07  -3.235416557856e-05   2.851662632262e-04  -4.199852734426e-03   1.603337547170e-04  -1.720783693169e-02  -2.637393107216e-02  -9.103225002785e-03  -3.888296879549e-03  -7.625912660592e-04  -2.341148603049e-03   6.570837468745e-04   3.262553837566e-02   4.999125673499e-02   1.722226306589e-02   7.323979620919e-03   1.431777621109e-03   1.722411574074e-04  -3.114651760486e-03  -1.534867056326e-02  -2.352462284371e-02  -8.121086140740e-03  -3.469743925611e-03  -6.802816995342e-04   2.168777528466e-03   9.541660758564e-04
  -4.265419710639e-02  -7.254347705697e-02  -1.135532995877e-02   4.474524949686e-07   4.108438356565e-06   1.901397624342e-01  -5.026014527908e-03   1.969186204060e-06  -1.761430169093e-05   1.373171188156e-01  -5.449849061795e-03   2.080523455092e-06  -2.479893905272e-05   7.686394011689e-02   1.385240666849e-02  -3.935989823064e-06   4.952038690684e-05  -6.674441838021e-07   1.433518262462e-08  -2.704325529223e-04   1.305963375826e-05   4.483460562052e-04  -4.524785765347e-06  -9.305819986943e-05   8.635338845390e-04  -4.529364393841e-04  -9.874683739764e-04  -1.910353798569e-02   3.260476388132e-02  -1.742618468523e-06   3.008887930979e-05   8.107919776494e-03  -4.168624085764e-07   7.142207652592e-06  -2.173325466887e-02   1.222179528114e-06  -2.127137236472e-05  -5.090336847867e-02   3.071363805538e-06  -5.451179856076e-05  -2.801067647712e-03   1.358821324509e-06  -2.870984644050e-05  -5.734985958494e-02   1.627118579004e-02  -5.168837769174e-08   4.455512144030e-06  -3.563258194459e-07  -1.563467629556e-08  -5.983674906487e-03   3.607606234314e-06   1.036369797198e-02   3.876246027776e-02   5.499154621191e-02  -1.127133472402e-02  -3.832311642276e-03   2.546699985517e-03   7.990475686727e-03   4.957608605104e-03   3.872642683656e-02   5.493929566160e-02  -1.130334824651e-02  -3.910512165030e-03   2.515435708458e-03   3.102857435440e-04  -9.405081265507e-03   3.876503572874e-02   5.499492264170e-02  -1.126967841216e-02  -3.828403990534e-03   2.547308473277e-03  -8.299040958938e-03   4.421786456840e-03
   5.683764540712e-04   1.194787420398e-03   4.252349826814e-02  -9.812004138233e-07   1.923492312404e-05  -5.026014527908e-03   7.991182850332e-02  -9.198133812732e-07   1.859051831449e-05   1.490192607368e-02   4.889512628908e-02  -8.431281445615e-07   9.998919372170e-06   4.403105560547e-02   1.170781333028e-02  -1.509537198381e-07  -4.315965147442e-06   6.164304547941e-07  -4.606189777534e-07  -6.464093425222e-03  -1.605036819209e-05   1.122376417929e-02   1.774771955446e-03   5.056266676211e-03  -9.258353909612e-03  -2.050655409666e-02   3.038192192950e-02   4.529453332304e-03   7.101322019742e-02  -1.520758962646e-06   2.227698401389e-05   1.733511728656e-02  -3.664800775291e-07   5.360936872661e-06  -5.028553159401e-02   1.017615618942e-06  -1.474895464831e-05  -1.188499104664e-01   2.758169377347e-06  -4.112273146608e-05  -4.232301029123e-02   1.171506068156e-06  -1.829926669437e-05  -5.383902563798e-02   2.127562181806e-02  -2.479424429140e-07   3.730697730978e-06  -5.505539614562e-07   1.666269829010e-08  -7.553795185223e-03   8.053437966151e-06   1.308308998278e-02  -1.405617282162e-02  -2.243905005013e-02  -1.178869032530e-02  -1.784149596216e-04   1.795670040198e-03  -1.160016713029e-03  -7.198943254380e-04  -1.395099606470e-02  -2.228806897380e-02  -1.179156147943e-02  -1.496997663866e-04   1.809784329918e-03  -4.433052868949e-05   1.344700921710e-03  -1.405840242814e-02  -2.244214894444e-02  -1.178865069757e-02  -1.784912643813e-04   1.795453106834e-03   1.205160599020e-03  -6.422478375847e-04
  -3.217560425737e-07  -5.386086974184e-07  -1.217747044500e-06   6.297729022032e-02  -4.198544981472e-07   1.969186204060e-06  -9.198133812732e-07   1.008064406117e-01  -7.601797874726e-07   7.274255140422e-07  -9.599201580454e-08   6.735434175719e-02   1.559913622488e-07  -8.227009896460e-06  -2.090841345197e-07  -7.574332458292e-03  -1.360865253501e-08  -4.669383401145e-03  -9.487694692049e-03  -8.157378548246e-04  -8.213622203502e-07  -4.685155842589e-04   1.218095802291e-07   3.534154783490e-07  -7.049000982049e-07  -1.498058219142e-06   2.332240959448e-06   3.162237924133e-06   4.052132321996e-06   1.340767216255e-03  -4.828135613612e-07   9.705301344014e-07   2.808944199461e-04  -1.130868965428e-07  -2.910076294826e-06  -1.703119628365e-03   3.846332429516e-07  -7.580907496618e-06  -4.063931893037e-03   9.103243843355e-07  -4.886552707145e-06  -1.713629616835e-02   7.354888014455e-07   2.944332193839e-06  -1.943919287155e-07   1.843754557832e-03   1.501295028014e-07  -6.811656819636e-03  -5.106718383090e-04  -4.410075645957e-05   2.060818890513e-07  -2.497406325526e-05  -4.419677521440e-02  -6.747688115949e-02  -2.285738178422e-02  -1.048827262304e-02  -1.961712342849e-03  -2.651777308297e-03  -3.723240476092e-03  -1.715090011629e-03  -2.617713390236e-03  -8.858119073620e-04  -4.052499307869e-04  -7.532286679574e-05   3.337563497637e-03   2.739312067786e-04   4.590594120612e-02   7.008708959536e-02   2.374382966837e-02   1.089698486899e-02   2.037974541552e-03  -3.124369215800e-03   3.449098349522e-03
   2.724194833835e-06   4.410298090668e-06   2.338381528700e-05  -4.201353373007e-07   6.299504505843e-02  -1.761430169093e-05   1.859051831449e-05  -7.601797874726e-07   1.008483958377e-01  -2.167450112209e-05  -9.861411419851e-07   1.577341248026e-07   6.738368297549e-02   1.044631926388e-04  -5.785126888084e-06  -1.442801226685e-08  -7.567616858787e-03  -8.222461259977e-07  -9.438014679883e-04   8.278169025848e-03  -4.632692267731e-03   4.731338291927e-03  -2.394499120043e-06  -6.945625733862e-06   1.384137001556e-05   3.013380646461e-05  -4.828110659006e-05  -5.800125576545e-05  -8.687517755483e-05  -4.829694851078e-07   1.362961289797e-03  -2.084040874123e-05  -1.131298886740e-07   2.861109644800e-04   6.253563714331e-05   3.848609812084e-07  -1.720952890737e-03   1.610279886052e-04   9.103602163337e-07  -4.105713765365e-03   9.684199942967e-05   7.362738790833e-07  -1.717762765012e-02  -2.607100417697e-05  -4.279923183098e-06   1.511884187879e-07   1.836588565214e-03   2.065455919191e-07  -5.085486590379e-05   4.503878963255e-04  -6.824153480882e-03   2.483604850955e-04  -2.746047687512e-02  -4.194219523014e-02  -1.424344122127e-02  -6.540105163945e-03  -1.218233118858e-03  -3.726870960033e-03   1.039430948224e-03   5.205658772272e-02   7.949102904588e-02   2.695773021351e-02   1.232565380563e-02   2.285837225110e-03   2.740865344796e-04  -4.961729145960e-03  -2.449396066583e-02  -3.741145223210e-02  -1.270636091937e-02  -5.835960572677e-03  -1.086812349744e-03   3.452573535598e-03   1.512300486345e-03
  -3.332778137114e-02  -5.453424452170e-02   1.861001838084e-03  -2.112708643578e-07   4.432875450086e-08   1.373171188156e-01   1.490192607368e-02   7.274255140422e-07  -2.167450112209e-05   1.108486864436e-01   1.189435055407e-02   7.921564985583e-07  -2.315627911872e-05   6.077613886672e-02   1.066255483901e-02  -2.625009145839e-06   3.447345797072e-05  -3.612626532993e-07   9.034572074835e-08  -1.300408244133e-03   5.710155941459e-06   2.240104533415e-03  -3.046109819369e-03  -8.859124127859e-03   1.788326566233e-02   3.179030926316e-02  -4.550923234547e-02  -6.598069600191e-02   4.719638875991e-02  -1.052552679598e-06   4.277649121746e-05   1.160272349597e-02  -2.523083295646e-07   1.022222464625e-05  -3.265759398392e-02   7.092215452350e-07  -2.965543634152e-05  -7.618043277495e-02   1.892544849227e-06  -7.598547769819e-05  -1.478974817828e-02   6.473165489865e-07  -3.942458693777e-05  -5.020902780717e-02   1.490557883051e-02  -5.773700380771e-08   5.846282521361e-06  -3.822022934101e-07   5.305995299197e-10  -6.428666997607e-03   6.649846542036e-06   1.113431752141e-02   2.497746848355e-02   3.384453008808e-02  -1.096172049250e-02  -2.833067489191e-03   2.258686929411e-03   5.408973181774e-03   3.355116073427e-03   2.496835267050e-02   3.383362964091e-02  -1.099039623863e-02  -2.883593106995e-03   2.241599080035e-03   2.101985278180e-04  -6.371126191611e-03   2.497806698981e-02   3.384530925460e-02  -1.096047969012e-02  -2.830986293920e-03   2.258994872475e-03  -5.617655522406e-03   2.992338488123e-03
   1.302950857540e-03   1.993315746683e-03   2.628850460967e-02  -2.853157884169e-07   3.751081969046e-06  -5.449849061795e-03   4.889512628908e-02  -9.599201580454e-08  -9.861411419851e-07   1.189435055407e-02   3.271123104415e-02  -3.592830718742e-07  -6.517455713705e-08   2.260006583494e-02   5.662600557451e-03   1.301459648773e-07  -5.984358864481e-06   2.871733533919e-07  -1.917719192688e-07  -3.702753111014e-03  -7.654957626243e-06   6.426914761528e-03  -1.078880523513e-03  -3.146721915402e-03   6.435687440416e-03   1.032694657053e-02  -1.317350827388e-02  -2.954733638936e-02   4.737367206399e-02   2.101605556439e-07  -9.993464243167e-06   1.154897432303e-02   4.877602087160e-08  -2.373925497035e-06  -3.360602701530e-02  -2.012715860423e-07   7.996120719993e-06  -7.903779983587e-02  -2.978045061079e-07   1.585808204677e-05  -2.761595121400e-02  -6.503331313823e-07   1.736219516465e-05  -2.967869925023e-02   1.163729186115e-02  -3.297229674273e-08  -2.658901494046e-07  -3.598284023508e-07   2.054713634290e-08  -4.735038824087e-03   5.525002582764e-06   8.200747752812e-03  -9.068094696360e-03  -1.501078745152e-02  -7.065051443138e-03  -6.365051534625e-05   1.057350885860e-03  -8.957401490421e-04  -5.567585496762e-04  -9.013558647736e-03  -1.493547238897e-02  -7.079976139717e-03  -3.725509124642e-05   1.067617819388e-03  -3.436119318264e-05   1.042695178891e-03  -9.069406469415e-03  -1.501251986734e-02  -7.064835795077e-03  -6.396969346734e-05   1.057183252739e-03   9.306039048699e-04  -4.967566350211e-04
  -2.949031788709e-07  -5.732214380411e-07  -9.790582884741e-07   4.200795428622e-02   1.192243435384e-07   2.080523455092e-06  -8.431281445615e-07   6.735434175719e-02   1.577341248026e-07   7.921564985583e-07  -3.592830718742e-07   4.513514367463e-02   6.174458488043e-07  -4.846063467118e-06   2.181764793579e-08  -5.385245457131e-03  -1.239911083694e-07  -2.860678163658e-03  -6.326823788246e-03  -5.439128621018e-04  -5.068628133204e-07  -3.124122929112e-04   1.724102849280e-07   4.959369585745e-07  -9.580733755063e-07  -1.877141172001e-06   2.654829928538e-06   3.268098690525e-06   2.481909662101e-06  -3.275035641821e-03  -1.349251304809e-06   5.972170472051e-07  -8.183768104751e-04  -3.220809532855e-07  -1.686347561023e-06   1.649614267116e-03   9.760583992699e-07  -4.496840823673e-06   4.083193261273e-03   2.362727904900e-06  -2.966305319884e-06  -7.100633015098e-03   1.495971272709e-06   1.581769145398e-06  -1.401151455125e-08   8.148945552623e-04   8.761526821285e-09  -4.668766133659e-03  -3.300801123216e-04  -2.851074588360e-05   5.648304593878e-08  -1.614125328984e-05  -2.936089901828e-02  -4.455213554394e-02  -1.466021222344e-02  -7.601615370440e-03  -1.304638808366e-03  -1.760416151314e-03  -2.462065383002e-03  -1.138912210230e-03  -1.727737409825e-03  -5.681818372402e-04  -2.935934334091e-04  -5.008983536650e-05   2.200189594440e-03   1.810650312384e-04   3.049641335635e-02   4.627582402923e-02   1.522877306832e-02   7.897364941679e-03   1.355348663163e-03  -2.072980314658e-03   2.280836922942e-03
   3.056976897266e-06   6.509766396609e-06   1.504346603539e-05   1.180225517964e-07   4.202202811047e-02  -2.479893905272e-05   9.998919372170e-06   1.559913622488e-07   6.738368297549e-02  -2.315627911872e-05  -6.517455713705e-08   6.174458488043e-07   4.515053992421e-02   5.299617475731e-05  -7.787213938092e-06  -1.244217423105e-07  -5.374780836574e-03  -5.078710262244e-07  -6.294673869109e-04   5.520894519878e-03  -2.841394357425e-03   3.154784089977e-03  -2.772076131593e-06  -7.967102724056e-06   1.533944353458e-05   3.107137755089e-05  -4.537192090289e-05  -5.044048063519e-05  -6.117331050796e-05  -1.347439695463e-06  -3.184031644876e-03  -1.475098276396e-05  -3.216494518470e-07  -7.966362727368e-04   4.228783870234e-05   9.748996788739e-07   1.583394393121e-03   1.093972227889e-04   2.359448297910e-06   3.923148566021e-03   6.336172110748e-05   1.494917469513e-06  -7.211958401220e-03  -5.548946131813e-06  -6.708112280336e-06   9.681885789352e-09   8.179240769427e-04   5.713869670282e-08  -3.290400528645e-05   2.921839326897e-04  -4.674688312191e-03   1.594367864410e-04  -1.824742923270e-02  -2.770412480372e-02  -9.142355479696e-03  -4.731193334244e-03  -8.105662715168e-04  -2.465679507433e-03   6.804634743194e-04   3.458520291166e-02   5.249670970748e-02   1.730805782113e-02   8.922398870182e-03   1.520611538279e-03   1.812773086267e-04  -3.287738583934e-03  -1.627594052583e-02  -2.471122330651e-02  -8.155632346474e-03  -4.221197370542e-03  -7.231260657330e-04   2.284238609640e-03   9.933106853762e-04
  -1.904440475635e-02  -3.097610829853e-02   1.958123693104e-02  -5.871557005118e-06   8.025558224492e-05   7.686394011689e-02   4.403105560547e-02  -8.227009896460e-06   1.044631926388e-04   6.077613886672e-02   2.260006583494e-02  -4.846063467118e-06   5.299617475731e-05   6.188758827258e-02   1.422468595130e-02  -2.057015362941e-06   3.421761975617e-05   1.121533382088e-06  -4.727876041687e-07  -4.133184986524e-03  -2.575888160131e-05   7.188641822363e-03   5.133636544607e-03   1.453463158042e-02  -2.605638858512e-02  -4.717475019108e-02   5.459520126260e-02   3.380273381692e-02   5.210366916949e-02  -1.141418489082e-05   2.832998542049e-04   1.285598916783e-02  -2.728961055042e-06   6.778562639781e-05  -3.424962614456e-02   8.271886651620e-06  -2.035737851050e-04  -8.152305534854e-02   2.026751332929e-05  -4.982350040655e-04  -2.349418653326e-02   1.364113442964e-05  -3.268983773410e-04  -5.838184208180e-02   2.058428601199e-02  -1.355993897460e-06   3.312987610260e-05  -1.521428700311e-07  -5.273553701185e-08  -6.635305118551e-03   6.463126684295e-06   1.149482436315e-02   8.115806105116e-03   1.081659574844e-02  -1.157544758078e-02  -1.691116260223e-03   2.114981196461e-03   2.785297549316e-03   1.733911490050e-03   8.255648438135e-03   1.105648785046e-02  -1.147738395515e-02  -1.763149211790e-03   2.111892519417e-03   1.087785706718e-04  -3.302638949048e-03   8.110860934199e-03   1.080876588179e-02  -1.157762916726e-02  -1.690050900961e-03   2.114939352455e-03  -2.892734828675e-03   1.546652140621e-03
  -3.398807242985e-03  -5.568499085131e-03   5.482722295584e-03  -2.947433685357e-07  -3.646225568354e-07   1.385240666849e-02   1.170781333028e-02  -2.090841345197e-07  -5.785126888084e-06   1.066255483901e-02   5.662600557451e-03   2.181764793579e-08  -7.787213938092e-06   1.422468595130e-02   3.485403412317e-03  -5.760450477023e-07   9.544645827289e-06   2.211040648695e-07   1.814792687858e-09  -1.116383272461e-03  -5.189993964154e-06   1.935799909224e-03   1.815579593151e-03   5.150322019484e-03  -9.324713238347e-03  -1.662385895027e-02   1.934348792601e-02   1.468466203016e-02   1.203921242629e-02  -2.865503236255e-06   6.516656869899e-05   2.975480568707e-03  -6.856618635931e-07   1.559422706767e-05  -7.749349191300e-03   2.069902912138e-06  -4.694207258090e-05  -1.856243119301e-02   5.068381855749e-06  -1.148365681450e-04  -5.783678062526e-03   3.154579802863e-06  -7.102714409013e-05  -1.382101845406e-02   5.048055595843e-03  -3.117686522640e-07   7.120340046069e-06  -1.586339167176e-07  -5.030560785417e-09  -1.510285736203e-03   3.564257570980e-06   2.616082380240e-03   8.520232306516e-04   1.126876225051e-03  -2.655531056661e-03  -3.147116056699e-04   4.718461556940e-04   4.808484003998e-04   2.986866489214e-04   8.633451020599e-04   1.149947753860e-03  -2.643784644719e-03  -3.357958034417e-04   4.706366648678e-04   1.875359627983e-05  -5.690757696822e-04   8.514324285688e-04   1.125885527063e-03  -2.655816966319e-03  -3.142867406623e-04   4.718553947082e-04  -4.993620860230e-04   2.663760885773e-04
   9.432241910238e-07   1.539579101925e-06   1.638382213201e-07  -4.558211739332e-03  -3.033760409182e-08  -3.935989823064e-06  -1.509537198381e-07  -7.574332458292e-03  -1.442801226685e-08  -2.625009145839e-06   1.301459648773e-07  -5.385245457131e-03  -1.244217423105e-07  -2.057015362941e-06  -5.760450477023e-07   1.366781864049e-03  -9.351277203202e-08  -2.865119869833e-04   6.823074592426e-04   5.869915444835e-05   9.359814616976e-08   3.362661115796e-05  -1.113176839724e-07  -3.170637832787e-07   5.873172486324e-07   1.136819289580e-06  -1.474429922494e-06  -1.169646702311e-06  -8.961536885400e-07   9.467719414547e-03  -5.638916785950e-07  -2.238683909321e-07   2.270020356283e-03  -1.351255151729e-07   5.101366442158e-07  -6.753781291087e-03   4.101140016607e-07   1.316946782790e-06  -1.640989140934e-02   9.832975099966e-07   1.991235553790e-07  -9.406939990740e-03   6.824426363587e-07   1.745307732548e-06  -5.977198630486e-07   8.872220171952e-04  -9.112309242243e-08   8.009700728169e-04   1.100870937044e-05   1.114795514909e-06  -1.556605942148e-08   2.735503631991e-07   2.903665571283e-03   3.759059081848e-03   2.127354432825e-04   2.247959498990e-03   1.323488380385e-04   1.711562881260e-04   2.166840432088e-04   1.119656331077e-04   1.447451200146e-04   8.419100872361e-06   8.736663136314e-05   5.060678749510e-06  -1.774554854176e-04  -1.573235587583e-05  -3.017322458934e-03  -3.906513055468e-03  -2.203684911048e-04  -2.335073308241e-03  -1.375947889011e-04   1.990020473853e-04  -2.009204261835e-04
  -1.163455516036e-05  -1.917843966098e-05  -5.714821834245e-06  -2.958261420655e-08  -4.553301922039e-03   4.952038690684e-05  -4.315965147442e-06  -1.360865253501e-08  -7.567616858787e-03   3.447345797072e-05  -5.984358864481e-06  -1.239911083694e-07  -5.374780836574e-03   3.421761975617e-05   9.544645827289e-06  -9.351277203202e-08   1.366712384869e-03   9.324751691942e-08   6.779478985856e-05  -5.945444116272e-04  -2.898612087157e-04  -3.399645508476e-04   1.460175908037e-06   4.170541996552e-06  -7.841857059914e-06  -1.530162375118e-05   2.053726208069e-05   1.841785938379e-05   7.723307612390e-06  -5.586427114574e-07   9.473772249983e-03   1.949281480665e-06  -1.338668375306e-07   2.271479232303e-03  -3.674075784107e-06   4.063840979704e-07  -6.757974919915e-03  -1.066202590719e-05   9.742600200730e-07  -1.641978841493e-02  -2.690385472323e-07   6.764154535712e-07  -9.416143721345e-03  -2.545166830427e-05   8.468878252259e-06  -9.052389593324e-08   8.894956774749e-04  -1.549038293437e-08   1.117867420885e-06  -1.157335544479e-05   8.008782814452e-04  -2.756673633584e-06   1.811688733942e-03   2.349372767936e-03   1.291069032763e-04   1.396597787151e-03   8.280452587826e-05   2.188769548594e-04  -4.233287178359e-05  -3.406488859033e-03  -4.411030049882e-03  -2.551884186114e-04  -2.648861633362e-03  -1.546669290894e-04  -1.584695098732e-05   3.023986535435e-04   1.616939575039e-03   2.097003001904e-03   1.146403756531e-04   1.245921859935e-03   7.392805715977e-05  -2.029989110080e-04  -6.998940981679e-05
   1.346579495068e-07   2.389858113804e-07   3.794440803268e-07  -3.055953362332e-03  -5.136768764959e-07  -6.674441838021e-07   6.164304547941e-07  -4.669383401145e-03  -8.222461259977e-07  -3.612626532993e-07   2.871733533919e-07  -2.860678163658e-03  -5.078710262244e-07   1.121533382088e-06   2.211040648695e-07  -2.865119869833e-04   9.324751691942e-08   7.255635676088e-04   4.639105042418e-04   3.976926284352e-05   9.466467627982e-08   2.293745509930e-05   9.280374390580e-10   2.399315706784e-09  -1.927723772689e-09  -8.753640202115e-09   8.914403633794e-09  -1.110929601084e-07   2.942621767963e-09  -7.582135609440e-03  -1.130189556864e-07   1.679882542239e-09  -1.810344422392e-03  -2.677062209615e-08   1.111981330739e-08   5.582666563393e-03   8.355456901641e-08   2.536579766305e-08   1.354403569458e-02   2.146537337485e-07   1.918694539934e-07   9.339177885949e-03   2.105798765491e-07  -7.449421094079e-07   2.329284358440e-07  -9.050843105565e-04  -2.492593979816e-08   8.443487738651e-05   4.551812966077e-05   3.871733389322e-06   3.413101118303e-08   2.300053886766e-06   2.380022942532e-03   4.172351465496e-03   2.261438774240e-03  -6.806380147726e-04   1.028648574875e-04   1.451568992792e-04   2.227469281763e-04   9.166253428997e-05   1.607977794006e-04   8.729750258744e-05  -2.663789635130e-05   3.905074691357e-06  -2.131903861337e-04  -1.632881028835e-05  -2.472055865783e-03  -4.333614051611e-03  -2.348928523017e-03   7.069227828272e-04  -1.068452827492e-04   1.734201125105e-04  -2.063989891592e-04
  -4.769883194796e-09  -4.089562441132e-09  -3.023985984606e-07  -5.933952778466e-03  -5.902120913638e-04   1.433518262462e-08  -4.606189777534e-07  -9.487694692049e-03  -9.438014679883e-04   9.034572074835e-08  -1.917719192688e-07  -6.326823788246e-03  -6.294673869109e-04  -4.727876041687e-07   1.814792687858e-09   6.823074592426e-04   6.779478985856e-05   4.639105042418e-04   9.029797363795e-04  -6.719036698014e-07   4.585969567835e-05  -2.402034159599e-07  -1.427757742532e-08  -4.012891611392e-08   6.820616953987e-08   1.031019107384e-07  -7.164942101714e-08   5.334035224114e-08   1.256364978922e-07  -4.901056638732e-04  -4.881955055498e-05   2.877554231589e-08  -1.135005402365e-04  -1.130564649389e-05  -1.000331091934e-07   4.241776589886e-04   4.225855260719e-05  -2.901147841769e-07   1.023160770892e-03   1.019196615074e-04  -2.679453716575e-07   2.022744907608e-03   2.013880218099e-04   2.570828728563e-07  -5.479520971555e-08  -2.128500571526e-04  -2.110757741836e-05   6.300135040678e-04   4.959842026343e-05  -3.030135089983e-08   6.275179971529e-05  -3.287004540793e-08   4.433740383738e-03   6.796746986701e-03   2.345904775572e-03   9.889434215942e-04   1.966357991991e-04   2.857763350032e-04   3.429819563933e-04  -3.269699356111e-04  -5.014091897577e-04  -1.733756542514e-04  -7.284414438285e-05  -1.435415362570e-05  -3.195181196354e-04   2.072824769577e-05  -4.106964789110e-03  -6.295602970101e-03  -2.172489223411e-03  -9.159349545267e-04  -1.822128956616e-04   2.628951721872e-04  -3.411699567349e-04
   1.697040442582e-04   2.150312486997e-04  -3.393351968643e-03  -5.101526438343e-04   5.176138473249e-03  -2.704325529223e-04  -6.464093425222e-03  -8.157378548246e-04   8.278169025848e-03  -1.300408244133e-03  -3.702753111014e-03  -5.439128621018e-04   5.520894519878e-03  -4.133184986524e-03  -1.116383272461e-03   5.869915444835e-05  -5.945444116272e-04   3.976926284352e-05  -6.719036698014e-07   1.234274604168e-03  -4.003967388231e-04  -5.571934504043e-04  -3.360406969965e-04  -9.643805957465e-04   1.825277848778e-03   3.696978031941e-03  -5.278965935208e-03  -3.189246280150e-03  -5.475367238940e-03  -4.203255580993e-05   4.279281839128e-04  -1.337849584895e-03  -9.732775306150e-06   9.909254643900e-05   3.884221767067e-03   3.640479003808e-05  -3.706173551110e-04   9.212720987328e-03   8.778626449061e-05  -8.934226080586e-04   3.293508358580e-03   1.738576718616e-04  -1.766942099931e-03   4.791691679579e-03  -1.887172630730e-03  -1.826757028906e-05   1.848645359984e-04   5.422938659084e-05  -4.399023579621e-08   6.551102451364e-04  -5.512182939300e-04  -1.047555170833e-03  -9.014972903859e-04  -1.350257162868e-03  -1.474368582269e-05  -3.985220628798e-04  -2.398840818453e-04  -2.286178911680e-04   1.527415581883e-04   5.298498739725e-03   8.157250856572e-03   3.276056657942e-03   9.836664852789e-04   3.245911125336e-05  -2.398485238844e-06  -4.783723193921e-04  -1.388764867052e-03  -2.097093061276e-03  -2.723822677229e-04  -5.072610527450e-04  -2.615156456232e-04   2.506329901452e-04   1.295208002403e-04
  -2.608384498535e-06  -4.649651762154e-06  -9.579652514972e-06  -5.131465770800e-07  -3.032533073150e-03   1.305963375826e-05  -1.605036819209e-05  -8.213622203502e-07  -4.632692267731e-03   5.710155941459e-06  -7.654957626243e-06  -5.068628133204e-07  -2.841394357425e-03  -2.575888160131e-05  -5.189993964154e-06   9.359814616976e-08  -2.898612087157e-04   9.466467627982e-08   4.585969567835e-05  -4.003967388231e-04   7.215789701736e-04  -2.313455306730e-04  -2.915705486401e-07  -8.300879013514e-07   1.508678910788e-06   3.017679340422e-06  -4.061448792836e-06  -4.629106978135e-07  -3.570858571820e-06  -1.125549136114e-07  -7.579135973843e-03  -8.912600813531e-07  -2.665983344091e-08  -1.809638376747e-03   2.241579622728e-06   8.321484511152e-08   5.580343127951e-03   5.306752613094e-06   2.138161975775e-07   1.353801987758e-02  -1.408099891452e-06   2.098583563038e-07   9.332460476079e-03   1.791954289699e-05  -5.868420411926e-06  -2.489521428681e-08  -9.042799965910e-04   3.407770877167e-08   4.495807510699e-06  -3.837213751140e-05   8.297227860904e-05  -2.417243232291e-05   1.473527750766e-03   2.583391738912e-03   1.403996196678e-03  -4.234408711169e-04   6.315965581158e-05   2.220985679304e-04  -7.470769819344e-05  -2.777243854969e-03  -4.872533023787e-03  -2.649635995706e-03   8.086271756264e-04  -1.181703579072e-04  -1.630110200285e-05   2.809545576531e-04   1.314154447845e-03   2.303928692254e-03   1.252268413286e-03  -3.777123247859e-04   5.629812123720e-05  -2.057781944964e-04  -1.029074745851e-04
  -2.900253980992e-04  -3.656024242531e-04   5.895346282782e-03  -2.930832237118e-04   2.959798287590e-03   4.483460562052e-04   1.122376417929e-02  -4.685155842589e-04   4.731338291927e-03   2.240104533415e-03   6.426914761528e-03  -3.124122929112e-04   3.154784089977e-03   7.188641822363e-03   1.935799909224e-03   3.362661115796e-05  -3.399645508476e-04   2.293745509930e-05  -2.402034159599e-07  -5.571934504043e-04  -2.313455306730e-04   1.873091459803e-03   5.832058444534e-04   1.673668308226e-03  -3.167435669080e-03  -6.413653924245e-03   9.154945683206e-03   5.527879881235e-03   9.484154305411e-03  -2.432924926802e-05   2.446431838572e-04   2.317431541204e-03  -5.635496460349e-06   5.665708374813e-05  -6.727491576934e-03   2.102914966461e-05  -2.116022035565e-04  -1.595426791397e-02   5.076275863828e-05  -5.110356050939e-04  -5.697340814971e-03   9.994219947664e-05  -1.008230541349e-03  -8.317754827562e-03   3.273618333433e-03  -1.052228114300e-05   1.058279500055e-04   3.103877094552e-05  -9.139123533920e-09  -1.048569241620e-03  -3.135134107155e-04   1.865834793312e-03  -2.830245786783e-03  -4.396088227729e-03  -2.304211813136e-03  -2.919914135817e-04   2.214830104841e-04  -2.648096122687e-04   3.996735693440e-06   7.285973071810e-04   1.058710665166e-03  -4.267619948384e-04   5.022509432035e-04   3.790046510609e-04  -6.541535900622e-06  -1.188594562759e-04  -3.111145751383e-03  -4.826580000657e-03  -2.452529986331e-03  -3.545336628145e-04   2.090012277166e-04   2.827729211606e-04  -4.648569142622e-07
  -4.261686003964e-05  -4.291454343169e-05   7.322404887846e-04   7.902257655327e-08  -1.729028348740e-06  -4.524785765347e-06   1.774771955446e-03   1.218095802291e-07  -2.394499120043e-06  -3.046109819369e-03  -1.078880523513e-03   1.724102849280e-07  -2.772076131593e-06   5.133636544607e-03   1.815579593151e-03  -1.113176839724e-07   1.460175908037e-06   9.280374390580e-10  -1.427757742532e-08  -3.360406969965e-04  -2.915705486401e-07   5.832058444534e-04   1.857083616053e-01   3.137819460464e-01  -6.503821598902e-02  -8.913365809188e-02   1.702089717680e-02   2.402998505851e-02  -1.509287858558e-03   6.746163240360e-08  -1.207319628798e-06  -3.875558531420e-04   1.748061270141e-08  -3.144598624783e-07   1.190465885126e-03  -5.004419799107e-08   8.936401923108e-07   2.238638336129e-03  -1.131068532528e-07   2.034089305200e-06   1.920135338239e-05  -8.918486840355e-08   1.629677382317e-06  -5.025280088760e-03   2.025297115105e-03   1.164570735284e-08  -2.606205798811e-07   1.437618820361e-09  -6.222431466724e-10  -1.815700979974e-05  -1.847552337608e-08   3.141945984207e-05  -2.705576470795e-04   1.036294986111e-04  -3.541254503980e-04   7.209372679138e-06   5.700097892306e-05   6.376707455744e-05   3.970607734836e-05  -2.716488982122e-04   1.007752705763e-04  -3.540349550998e-04   4.459716702426e-06   5.548718066435e-05   2.455238630944e-06  -7.470752175129e-05  -2.705421572393e-04   1.036445433818e-04  -3.541374502948e-04   7.319171264561e-06   5.703004339591e-05  -6.624414337012e-05   3.542179732618e-05
  -1.066975950088e-04  -9.506691412737e-05   2.088461386316e-03   2.293711204068e-07  -5.010161082704e-06  -9.305819986943e-05   5.056266676211e-03   3.534154783490e-07  -6.945625733862e-06  -8.859124127859e-03  -3.146721915402e-03   4.959369585745e-07  -7.967102724056e-06   1.453463158042e-02   5.150322019484e-03  -3.170637832787e-07   4.170541996552e-06   2.399315706784e-09  -4.012891611392e-08  -9.643805957465e-04  -8.300879013514e-07   1.673668308226e-03   3.137819460464e-01   5.495279897735e-01  -1.837879679026e-01  -2.445755366552e-01   5.015639702220e-02   6.941302665944e-02  -4.408463602059e-03   1.954067266131e-07  -3.499834876312e-06  -1.097781256707e-03   4.928726108893e-08  -8.876033384240e-07   3.444286374027e-03  -1.439538836290e-07   2.572434147357e-06   6.675022538237e-03  -3.330641767895e-07   5.994609909074e-06   1.257330849052e-04  -2.587367802130e-07   4.731800827047e-06  -1.418174567113e-02   5.740338074950e-03   3.399985815086e-08  -7.568100685214e-07   4.930604081549e-09  -1.870471962914e-09  -4.213897424566e-05  -6.703535898366e-08   7.290431504673e-05  -7.873811128556e-04   2.819176130825e-04  -9.946664533996e-04   2.193037883530e-05   1.600422028456e-04   1.797531295613e-04   1.119310358134e-04  -7.906117617395e-04   2.735721268124e-04  -9.944095111255e-04   1.404555810092e-05   1.557163019961e-04   6.919770834006e-06  -2.105647618024e-04  -7.873348680958e-04   2.819638642570e-04  -9.947010403190e-04   2.224361732477e-05   1.601252601558e-04  -1.867363825689e-04   9.985386443509e-05
   6.393046723092e-05  -6.712103099572e-05  -3.866288051161e-03  -4.579193290392e-07   9.932138692119e-06   8.635338845390e-04  -9.258353909612e-03  -7.049000982049e-07   1.384137001556e-05   1.788326566233e-02   6.435687440416e-03  -9.580733755063e-07   1.533944353458e-05  -2.605638858512e-02  -9.324713238347e-03   5.873172486324e-07  -7.841857059914e-06  -1.927723772689e-09   6.820616953987e-08   1.825277848778e-03   1.508678910788e-06  -3.167435669080e-03  -6.503821598902e-02  -1.837879679026e-01   3.059629299512e-01   3.960179598255e-01  -1.058490335584e-01  -1.361818947866e-01   9.927978242823e-03  -4.224457598196e-07   7.583746477798e-06   2.393131968445e-03  -1.031152577313e-07   1.860060477650e-06  -7.151909935512e-03   2.892814279529e-07  -5.179181161654e-06  -1.466602272696e-02   7.010228517777e-07  -1.266118955245e-05  -9.683076477269e-04   5.213820747102e-07  -9.563505324610e-06   2.502948832749e-02  -1.028674930509e-02  -7.203582323805e-08   1.559717007043e-06  -1.551871172299e-08   4.153671840097e-09   3.467202194328e-06   2.345088156372e-07  -5.858943656379e-06   1.593239279258e-03  -4.116916661106e-04   1.708984603450e-03  -4.746554159134e-05  -2.776257932995e-04  -3.111078830384e-04  -1.937692976208e-04   1.600224394470e-03  -3.945917118168e-04   1.708500484026e-03  -3.239274846146e-05  -2.695841549564e-04  -1.196476299172e-05   3.641969313767e-04   1.593136176380e-03  -4.118034216681e-04   1.709052267375e-03  -4.804885898802e-05  -2.777801172035e-04   3.232006662799e-04  -1.728642654330e-04
   5.215907955249e-04   6.272863513397e-04  -9.074952597017e-03  -9.283502843754e-07   2.036192239435e-05  -4.529364393841e-04  -2.050655409666e-02  -1.498058219142e-06   3.013380646461e-05   3.179030926316e-02   1.032694657053e-02  -1.877141172001e-06   3.107137755089e-05  -4.717475019108e-02  -1.662385895027e-02   1.136819289580e-06  -1.530162375118e-05  -8.753640202115e-09   1.031019107384e-07   3.696978031941e-03   3.017679340422e-06  -6.413653924245e-03  -8.913365809188e-02  -2.445755366552e-01   3.960179598255e-01   5.366072980680e-01  -2.275208809532e-01  -2.620737464294e-01   1.406339539700e-02  -6.848778220706e-07   1.214615057253e-05   3.302649859040e-03  -1.637344009743e-07   2.918278374478e-06  -1.201601741763e-02   5.392790507615e-07  -9.534915480308e-06  -2.429693406496e-02   1.317622855109e-06  -2.357650686036e-05  -1.583982050111e-03   1.010590510708e-06  -1.833400915187e-05   4.430596836382e-02  -1.843891257321e-02  -1.479362950614e-07   3.033115039729e-06   2.069591442375e-09   7.529253626183e-09   3.795709171405e-04  -6.532301532638e-08  -6.571218451335e-04   3.157608205819e-03  -2.943408568174e-04   3.533250692705e-03   3.688033313850e-06  -5.973811487477e-04  -5.851173211093e-04  -3.641883371956e-04   3.170195771990e-03  -2.631190986871e-04   3.534766153845e-03   3.233396316291e-05  -5.833316173328e-04  -2.253935705170e-05   6.858434853497e-04   3.157445754693e-03  -2.945151292503e-04   3.533328787757e-03   2.580743070796e-06  -5.976516604413e-04   6.078254949187e-04  -3.248699520510e-04
