ARMA_MAT_TXT_FN008
80 80
  -4.427221954489e+01  -9.633687674683e+01  -4.154392677322e+01  -2.167000967735e+01  -6.629090867971e+00  -2.867252638281e+00   5.290819588227e-03  -7.034394637370e-03   3.994961990678e-06   1.158474811863e-03  -1.528279869650e-03   9.107398003774e-07  -2.003785038599e-03   2.687850809691e-03  -1.531223307027e-06  -2.236796618651e-03   2.816906997890e-03  -1.511606291659e-06  -1.640561155763e-03   1.534541557035e-03  -3.559720577933e-07  -1.160934889622e+00  -1.157172018456e-03   9.366355260116e-04  -6.161101061871e-08  -2.222218795845e-04  -6.422285301396e-07   5.615445058109e-04  -7.316138029786e-07   9.542580673028e-05  -1.126893670195e-02  -6.977348074225e-01  -1.210615053816e+00  -8.452357523456e-01   6.682724184664e-02   3.831320448088e-01   1.282456054238e-04  -3.112948325128e-05  -3.867381927250e-05  -1.534681782449e-03  -2.349576134272e-05   1.729539873134e-06  -2.704821927267e-02  -1.252865349665e-01   7.315562006985e-03  -8.364727458701e-06  -5.467162572931e-01  -1.423971358276e+00   8.351615047574e-02  -1.241676594415e-04  -7.352408240829e-01  -1.053156961428e+00   6.193705122083e-02  -9.265308982426e-05   1.066401857555e-02  -8.022036529499e-07   5.078041558547e-02  -1.546132123905e-05  -8.748381272825e-02   3.777926576739e-04  -8.852303518164e-03  -3.030463078848e-01  -5.197415219937e-01  -5.970886637584e-04   8.031555726051e-05  -8.885733210302e-08   1.644718452528e-04  -6.164252494073e-03  -2.692043608398e-01  -4.985281900258e-01  -3.927688507409e-04  -3.411774792880e-05  -6.280458958199e-05   1.655550603077e-04  -6.089816079880e-03  -2.681741303452e-01  -4.978577948902e-01  -3.905922665590e-04  -3.418748340148e-05   6.522936032547e-05
  -9.633687674683e+01  -7.362073520777e+01  -4.104611623666e+01  -2.410934305034e+01  -7.972044542196e+00  -3.483840638048e+00   5.424312313703e-03  -6.970374810374e-03   4.040057380609e-06   1.629904724472e-03  -2.054629443642e-03   1.328679665091e-06   1.507365271629e-03  -1.954980309114e-03   1.394709225843e-06   1.289682394892e-03  -1.549401837278e-03   1.068521100308e-06   9.482402506651e-04  -7.465288246460e-04   1.870408572452e-07  -1.411217801581e+00   6.975680619507e-04  -4.506339751426e-04   2.904132123227e-09  -1.488723487658e-04   3.109265503051e-07   3.258726987698e-04  -6.912032693406e-07  -1.741404709466e-04  -1.013954926781e-02  -8.550140847515e-01  -1.473214298832e+00  -1.027657909369e+00   8.734082804095e-02   4.945319446352e-01   1.667382133692e-04   3.194030482606e-05   4.943911895352e-05   1.310579825920e-03  -4.121084669440e-06  -1.328787885376e-06  -3.279761959898e-02  -1.553260113508e-01   9.073940427217e-03  -1.578494593659e-05  -6.675648357647e-01  -1.734151938315e+00   1.009157241519e-01  -1.550379600541e-04  -8.948516839747e-01  -1.280054898006e+00   7.441131276589e-02  -1.138827252853e-04   1.306087119623e-02   2.062071401841e-06   6.599199548998e-02  -2.037132450952e-05  -1.134371719995e-01  -2.275754155225e-04  -1.099780274180e-02  -3.695384943658e-01  -6.322622136763e-01   4.114761332089e-04  -4.512660020568e-05  -4.551254878393e-08  -1.221664950844e-04  -7.556386510672e-03  -3.286993899931e-01  -6.068080887974e-01   3.194898130765e-04   1.495235256930e-05   3.027409709029e-05  -1.229362256400e-04  -7.465563979558e-03  -3.274400371648e-01  -6.059903835017e-01   3.183780493157e-04   1.502806213319e-05  -3.181756999867e-05
  -4.154392677322e+01  -4.104611623666e+01  -2.668720762317e+01  -1.914528576572e+01  -7.980173613418e+00  -3.670879132983e+00   2.964573146296e-03  -3.368888782814e-03   2.181504125304e-06   8.591272066872e-03  -1.066736321183e-02   6.662719302704e-06   9.166178470349e-03  -1.188927441602e-02   7.428795409034e-06   6.981678205680e-03  -8.656817708644e-03   5.206385532801e-06   4.616573333823e-03  -4.082486116886e-03   1.052760994216e-06  -1.510290849227e+00   3.272551730987e-03  -2.438261842004e-03   1.453991013665e-07  -2.581515867650e-04   1.538079295902e-06   4.946239814975e-04  -1.118426133060e-06  -5.687993320950e-04  -2.071802488306e-02  -9.439430541413e-01  -1.574091747206e+00  -1.101864422574e+00   1.151584259531e-01   6.453111753991e-01   2.188940275892e-04   1.078302691279e-04   1.670621452150e-04   4.970108518632e-03   2.967933034286e-05  -5.392447973700e-06  -4.389948335957e-02  -1.984682882569e-01   1.157996374088e-02  -2.596042238011e-05  -7.246718806741e-01  -1.848056525135e+00   1.065180160575e-01  -1.696864749283e-04  -9.608281556216e-01  -1.365823469437e+00   7.831271221450e-02  -1.229904734402e-04   1.786155367205e-02   6.140959627491e-06   9.444795056082e-02  -2.936996754957e-05  -1.621201321049e-01  -1.028382245956e-03  -1.446194006604e-02  -4.017599127501e-01  -6.796112616339e-01   1.697598413469e-03  -2.527541675596e-04   3.352729042206e-07  -4.919458614647e-04  -9.987391957803e-03  -3.583680429745e-01  -6.527919809949e-01   1.251121337063e-03   9.167057888750e-05   1.733681941063e-04  -4.953527973718e-04  -9.872822529937e-03  -3.570083961349e-01  -6.519136539006e-01   1.246734960120e-03   9.139563342573e-05  -1.799475159035e-04
  -2.167000967735e+01  -2.410934305034e+01  -1.914528576572e+01  -1.432416298154e+01  -6.863228732930e+00  -3.418251803246e+00   4.987483879047e-03  -6.281531451208e-03   3.779485037010e-06   1.244790151905e-02  -1.540552919511e-02   8.943841949649e-06   6.746397525112e-03  -8.244990156491e-03   2.537328440094e-06   1.454570663697e-03  -2.229753409733e-03  -7.922520568612e-07  -1.457075441188e-03   4.977048119790e-05   1.609692472890e-07  -1.466183319844e+00  -1.540188286930e-03   2.379759123513e-04   3.959674882290e-07  -1.453142437341e-03  -2.384756327263e-06   4.333608295712e-03  -2.662589225610e-06   4.071728629659e-04  -7.978246027782e-02  -9.508081796639e-01  -1.512685075067e+00  -1.074772236448e+00   1.286220377989e-01   7.341711495971e-01   2.462327893661e-04  -2.144095840713e-04  -2.654339807649e-04  -8.247596012475e-03   2.258057336550e-04   5.015136425405e-06  -7.102170332230e-02  -2.631066075931e-01   1.514946660939e-02  -1.549643523108e-05  -7.142974902166e-01  -1.752634928393e+00   1.020391145476e-01  -1.500699190106e-04  -9.354001871677e-01  -1.315381817705e+00   7.668545289263e-02  -1.147808552469e-04   2.638083933110e-02  -1.483466032641e-07   1.286358191741e-01  -3.799094486151e-05  -2.216158819204e-01   7.037141430815e-04  -2.142940356636e-02  -4.006564700212e-01  -6.653377432719e-01  -2.826578844024e-03  -4.495207537664e-04   5.883703058822e-06   4.434717281469e-04  -1.577209221462e-02  -3.580498555146e-01  -6.388198829767e-01  -2.004102788025e-03   1.772722394273e-04   2.339171179259e-04   4.465917114689e-04  -1.560937942178e-02  -3.567355381574e-01  -6.379720996533e-01  -1.987997087485e-03   1.686857608597e-04  -2.245374561150e-04
  -6.629090867971e+00  -7.972044542196e+00  -7.980173613418e+00  -6.863228732930e+00  -4.014068623822e+00  -2.427737317350e+00   8.202731373210e-03  -1.075290438307e-02   6.362498605866e-06   8.553550562835e-03  -1.070031742214e-02   4.209594608163e-06   8.696613939306e-03  -1.202471072665e-02  -1.656341334043e-05   2.520870950461e-02  -3.049677738185e-02  -2.323867462235e-05   1.181775757169e-02  -1.874895015909e-02  -7.371112883543e-06  -1.216210945424e+00   2.937268828198e-03  -1.004281749220e-02  -2.363893906258e-06  -1.077567243274e-02  -2.787783000113e-05   4.198449004756e-02  -1.334134289205e-05   4.581915336059e-03  -2.830878332807e-01  -8.553265569177e-01  -1.219108113894e+00  -9.150911837382e-01   9.694461400063e-02   5.701470038650e-01   1.866956754689e-04  -4.697992204291e-02  -4.934036762925e-02  -1.201332086608e-01   5.486068403140e-03   2.705357835154e-05  -2.059040057551e-01  -3.797825991400e-01   2.110352097746e-02   1.117958385708e-05  -6.478983250412e-01  -1.310538590861e+00   7.169183192355e-02  -9.031765861286e-05  -7.974890757476e-01  -1.049014161993e+00   5.460313948959e-02  -8.667376589441e-05   2.932439152428e-02  -1.404925157030e-05   1.315967307027e-01  -3.075991144281e-05  -2.268938190104e-01  -6.096398233220e-03  -7.115411561813e-02  -3.801754664137e-01  -5.782584843750e-01  -4.743016717703e-02  -1.968583189374e-02   1.929277106605e-04  -5.041671537458e-03  -6.039109948817e-02  -3.474158687219e-01  -5.586034359719e-01  -3.857865519989e-02   9.874253193345e-03   1.494508705142e-02  -4.949086313107e-03  -6.003136754453e-02  -3.463019029978e-01  -5.578823741668e-01  -3.841444055024e-02   9.593055346078e-03  -1.489065529992e-02
  -2.867252638281e+00  -3.483840638048e+00  -3.670879132983e+00  -3.418251803246e+00  -2.427737317350e+00  -1.617192500728e+00   5.746659983805e-03  -6.193416152155e-03   1.977523477817e-06   4.451953070804e-03  -6.069054480846e-03   2.139574824059e-06   1.404889557128e-02  -2.389697614336e-02  -7.590594181213e-06   9.039993798663e-02  -7.658230908206e-02  -2.816368474678e-05   1.286101107608e-01  -6.234834730902e-02  -4.250650116882e-05  -9.076576091298e-01   9.070886760883e-02  -3.824389071206e-02  -3.186825045883e-05  -1.303123307859e-02  -3.659129537424e-05   6.042691594383e-02  -1.063900293945e-05   7.944247221063e-04  -3.260227455317e-01  -6.594928299570e-01  -8.858071505683e-01  -7.028019389302e-01   7.014541027383e-02   4.020814926724e-01   1.344227439694e-04  -4.029840571569e-01  -3.862605161159e-01  -1.474945615483e-01   9.146254231067e-03  -2.987895633074e-05  -4.555685339628e-01  -2.989822541765e-01   1.980628777887e-02  -1.172044196414e-04  -6.584468787628e-01  -8.507425792939e-01   3.919978820130e-02  -1.796862390828e-04  -6.716938177963e-01  -7.032483355671e-01   2.153711120369e-02  -1.141313846853e-04   1.858884464028e-02   2.510413206354e-06   8.598988341867e-02  -4.950312774978e-05  -1.442105664348e-01  -8.171448599235e-02  -1.869268102466e-01  -4.004674814460e-01  -4.966756447201e-01  -7.820745495701e-02  -9.336176127156e-02   8.163723581695e-04  -7.383426320498e-02  -1.741060616968e-01  -3.816480677042e-01  -4.883597716905e-01  -7.186030462974e-02   4.634201543157e-02   7.808367585933e-02  -7.358492524960e-02  -1.737006362057e-01  -3.807667603859e-01  -4.877892850396e-01  -7.202263502933e-02   4.519716120775e-02  -7.839907784939e-02
   5.290819588227e-03   5.424312313703e-03   2.964573146296e-03   4.987483879047e-03   8.202731373210e-03   5.746659983805e-03   1.089509743105e+00   4.851568242736e-03   2.010015443178e-05  -7.703602178399e+00   6.211800908359e-04   2.784859614872e-06  -2.852816326031e+00  -5.402458593187e-03  -2.174000049752e-05  -8.730893972188e-01  -5.411325425090e-03  -1.912926708839e-05  -1.748487880111e-01  -2.708880616798e-03  -5.331051054933e-06   4.593943757442e-03  -7.712503283251e-02  -1.544368072636e-03  -1.635424644989e-06   1.886651086235e-03   2.380769057292e-06   4.967359989820e-03  -1.164900527077e-05  -1.220377858774e-02   2.653592036912e-03  -3.070238651807e-02  -1.536677197584e-02  -1.038496111799e-03  -2.105365403913e-02   4.887669215304e-02   1.245517761722e-05  -1.672265879117e-04  -7.574150930419e-04  -1.661342932108e-02   6.687954983609e-04   1.509121098729e-05   6.395655826759e-03   5.321526486865e-02  -4.262263220335e-03   2.868099276636e-05   9.150330134603e-02   1.703050571891e-01  -1.568188684336e-02   3.873103664142e-05   3.995237236057e-02   3.602849607584e-03  -4.354969804269e-03   1.063040488955e-05  -9.281633937010e-03   2.552849423434e-06  -3.812244563325e-02   1.658273523556e-05   6.581746333050e-02   7.025075186593e-04   2.864069739170e-03   4.433982696346e-02   2.861395616211e-02  -5.399677823633e-03  -4.922174078243e-04   1.184204311860e-05   1.386298663798e-03   2.025256288747e-03   3.882948430298e-02   2.709951205878e-02  -5.076798020517e-03   1.974531078080e-04   1.441648817724e-04   1.388929121283e-03   2.000573056933e-03   3.874133451672e-02   2.710556941778e-02  -5.062488008565e-03   1.896674517455e-04  -1.221449043996e-04
  -7.034394637370e-03  -6.970374810374e-03  -3.368888782814e-03  -6.281531451208e-03  -1.075290438307e-02  -6.193416152155e-03   4.851568242736e-03   1.086373542310e+00   2.361243568535e-06   6.239909641809e-04  -7.704087204014e+00   3.398276380257e-07  -5.418288455502e-03  -2.849195124473e+00  -2.280966885778e-06  -5.460480560233e-03  -8.689662689419e-01  -2.181984287103e-06  -2.754257319731e-03  -1.688359776859e-01  -1.899472438962e-06  -2.199150879759e-03  -1.552864617810e-03  -7.157758415919e-02  -1.506518825253e-06   4.279867386553e-03   6.028516575334e-06  -7.207673616910e-03   4.276905370546e-06  -9.966922500650e-03   1.072816815896e-02  -1.831621923130e-01  -1.000207682397e-01  -2.397231567515e-02   4.933091258028e-02   2.581479231979e-01   9.516911616062e-05   5.912170152387e-06   4.222927893922e-05   7.849081872608e-04   3.965170003055e-04  -3.251987794438e-06  -6.834277627402e-04  -4.376058226215e-03  -5.260748012673e-03  -5.681923869864e-06  -6.016880267980e-03  -1.582238499991e-02  -6.846418031052e-02  -6.429664009949e-06  -2.908987422995e-03  -4.553944855524e-03  -4.741612456531e-02  -2.816426752366e-06  -7.304740112110e-03  -1.167006491629e-05   2.034681261753e-03  -3.746340294310e-06  -6.283272458729e-03   5.852131762434e-04   1.603479837924e-03   1.737635407874e-02   9.402597877874e-03  -8.678296429535e-04  -5.480056612532e-05   4.017671786877e-07  -3.686262364968e-04  -6.977100175362e-04  -1.064577853015e-02  -6.906111466095e-03   8.019504881576e-04   1.785817342945e-04  -1.747351816708e-04  -3.619210726982e-04  -6.779392854375e-04  -1.040405614263e-02  -6.771914462411e-03   7.850263200533e-04   1.773322828933e-04   1.688361292735e-04
   3.994961990678e-06   4.040057380609e-06   2.181504125304e-06   3.779485037010e-06   6.362498605866e-06   1.977523477817e-06   2.010015443178e-05   2.361243568535e-06   1.065750601746e+00   2.769620624926e-06   3.334345847101e-07  -7.706551440582e+00  -2.155048011535e-05  -2.291133444609e-06  -2.827047408199e+00  -1.864772026173e-05  -2.345187201838e-06  -8.488777271896e-01  -6.357961195805e-06  -1.909833187028e-06  -1.591976639106e-01  -1.749632413609e-06  -3.359677734369e-06  -1.416696281247e-06  -6.583590801703e-02   3.055512218177e-06   3.015056992150e-04   7.030887393330e-06   4.885613505324e-04  -6.208419169744e-06   3.432846351751e-06  -6.114068502249e-05  -3.458622312755e-05  -9.870916268046e-06   1.394835515471e-05   9.149461285729e-05  -2.324886576868e-02   9.279631909317e-08  -3.338449542777e-07  -4.026674085529e-06  -6.871825185563e-07   2.081247650186e-04  -3.633666398889e-06   4.479960645068e-06  -2.098460469994e-06  -4.385498093191e-03   6.628877842844e-06   2.473285636254e-05  -3.910128539879e-06  -6.513923719025e-02   2.317386682135e-06   3.752519685611e-06  -1.820159749873e-06  -4.402702480388e-02  -5.197788179727e-06  -9.057964535489e-04   1.303030714092e-05  -3.821931829351e-03   2.448925859644e-05  -1.285098845425e-05  -1.468476191664e-05  -1.506911762062e-04  -8.457591571054e-05   1.866684232510e-05   1.395047289671e-06   4.255098312562e-04  -1.539757492549e-03  -1.302423233108e-03  -1.394936131519e-02  -8.424723357069e-03   1.555647330054e-03  -1.920530422754e-04   8.196361188169e-05   1.554004430093e-03   1.304113262454e-03   1.397966369801e-02   8.463727602654e-03  -1.556453980106e-03   1.876282194066e-04   7.544622013174e-05
   1.158474811863e-03   1.629904724472e-03   8.591272066872e-03   1.244790151905e-02   8.553550562835e-03   4.451953070804e-03  -7.703602178399e+00   6.239909641809e-04   2.769620624926e-06  -4.628927293293e+00  -2.441433317751e-03  -7.466517007444e-06  -2.866793188100e+00  -1.736250390733e-03  -3.713232752020e-06  -1.274474304949e+00   7.867005862545e-06   9.684739684656e-07  -3.317895754310e-01   3.966086077283e-04   3.604774591666e-07   1.400687775886e-03  -1.561458103763e-01   2.755307880343e-04  -7.166785798814e-08  -3.809922256057e-03  -8.291547271855e-07  -3.233125162827e-03   4.228251932968e-06   7.037111741287e-03  -1.531004786421e-02  -6.296452898022e-02  -3.296595371711e-02  -8.010741431303e-03  -7.097046109956e-02   1.014002186780e-01   3.501903139117e-05   2.176601456776e-04   3.311960166414e-04   9.908016307402e-03  -4.462538576885e-04  -5.053094833864e-06   5.696405683959e-02   1.834768898800e-01  -1.177871292133e-02   1.006502235067e-05   1.811843149492e-01   2.996567776543e-01  -2.515284221035e-02   3.259163242096e-05   7.502970095426e-02   2.020527913224e-03  -5.944698358007e-03   7.220524630892e-06  -2.273789325246e-02  -2.517898982473e-06  -1.021459448387e-01   3.288622098344e-05   1.754490936192e-01  -2.661253483665e-04   1.471375728265e-02   8.786805545767e-02   5.273346760414e-02   3.088584387526e-03   7.265370231535e-04  -9.073692940902e-06  -4.110767608776e-04   1.075173191388e-02   7.873093037289e-02   5.070890815327e-02   2.371752678433e-03  -2.796061086435e-04  -3.683908067027e-04  -4.127802066268e-04   1.066019411948e-02   7.857445631775e-02   5.072427160562e-02   2.356025158881e-03  -2.689152144955e-04   3.577341521423e-04
  -1.528279869650e-03  -2.054629443642e-03  -1.066736321183e-02  -1.540552919511e-02  -1.070031742214e-02  -6.069054480846e-03   6.211800908359e-04  -7.704087204014e+00   3.334345847101e-07  -2.441433317751e-03  -4.627900332872e+00  -1.086076646821e-06  -1.732403758874e-03  -2.866656816879e+00  -1.391004410598e-06   1.025108193548e-05  -1.275320980321e+00  -7.089788601299e-07   3.703702731216e-04  -3.335672276627e-01   6.534831959134e-08  -2.925372556074e-03   2.405275705183e-04  -1.578002455556e-01   1.791963511482e-07   1.177362769456e-03  -9.619254556737e-07   4.500526214636e-03  -1.095045241797e-06   7.010731642050e-03  -8.685740417452e-02  -3.647855938195e-01  -2.017392113480e-01  -5.403958911091e-02   1.020084148726e-01   4.900307220606e-01   1.951710746914e-04  -1.395008923992e-05  -2.505858380395e-05  -6.499308924259e-04  -5.029992071752e-04   8.940927577711e-07  -3.409130186728e-03  -1.224837344496e-02  -2.217991227530e-02   4.042145375910e-07  -1.177708754703e-02  -2.847295874813e-02  -1.359160628907e-01  -1.256077069385e-06  -6.285006873439e-03  -8.802467207384e-03  -1.040510965276e-01  -2.571864962095e-07  -3.898558375529e-02  -8.631599831340e-07   6.159217532337e-03  -1.470666759342e-06  -1.486433321645e-02  -1.118684266452e-04   6.036400774092e-03   3.625649080331e-02   2.095994973569e-02   8.741877989552e-04   2.146151521922e-04  -2.923723377413e-06   8.945505202599e-05  -3.015262394586e-03  -2.277116141028e-02  -1.561945610953e-02  -5.184935656685e-04  -1.930171964272e-05   1.612661508221e-04   8.819991169613e-05  -2.925219544234e-03  -2.224743236837e-02  -1.531330919722e-02  -5.047891009910e-04  -2.253423926856e-05  -1.561486913520e-04
   9.107398003774e-07   1.328679665091e-06   6.662719302704e-06   8.943841949649e-06   4.209594608163e-06   2.139574824059e-06   2.784859614872e-06   3.398276380257e-07  -7.706551440582e+00  -7.466517007444e-06  -1.086076646821e-06  -4.617449730589e+00  -3.761595998069e-06  -1.397217690594e-06  -2.858782766736e+00   8.717860448918e-07  -6.898537491451e-07  -1.273978587077e+00   6.117604051244e-07   3.327557781360e-09  -3.343466820643e-01   1.564094813171e-06   3.507965756323e-07   9.975627212848e-08  -1.585060022489e-01  -9.098906350411e-07  -3.182597941068e-03   2.487271837462e-07   2.664395038665e-03   2.236150834955e-06  -2.899761760514e-05  -1.213691636775e-04  -6.531314585843e-05  -1.605086485841e-05   3.471771403294e-05   1.949925377067e-04  -9.029317674544e-02   3.310141347359e-08   1.474245764421e-07   1.677665319899e-06   1.031246674397e-07  -4.622542778219e-04   6.708370796662e-06   1.923070121008e-05  -7.997121465848e-07  -2.314063658193e-02   1.767393418502e-05   3.952638686646e-05  -2.012371016592e-06  -1.380813968852e-01   7.825437806631e-06   1.023100554257e-05  -4.371859886555e-07  -1.050077170905e-01  -1.173047567340e-06   2.712637507812e-03  -1.977243692754e-05  -4.153670902638e-02   1.517754702334e-05   3.623654910340e-06  -5.615442118533e-05  -3.460841128097e-04  -2.084074234272e-04  -1.145444170322e-05  -2.948598262618e-06  -1.942563659032e-04   4.061334036860e-04  -4.231635346950e-03  -3.229402502345e-02  -2.091358333345e-02  -8.279037785168e-04   1.620596350131e-04   8.684036747599e-05  -4.102190192519e-04   4.212111027077e-03   3.237498237174e-02   2.101531170776e-02   8.251295191917e-04  -1.576220520816e-04   8.887651124405e-05
  -2.003785038599e-03   1.507365271629e-03   9.166178470349e-03   6.746397525112e-03   8.696613939306e-03   1.404889557128e-02  -2.852816326031e+00  -5.418288455502e-03  -2.155048011535e-05  -2.866793188100e+00  -1.732403758874e-03  -3.761595998069e-06  -1.209719186605e+00   8.057261078195e-03   4.603316811486e-05  -9.283896641219e-01   1.008149217120e-02   4.444995806068e-05  -4.426997635960e-01   6.455260326642e-03   9.075138305620e-06   2.391286547547e-03  -2.385380710640e-01   3.925504854573e-03   1.409481924000e-07  -2.491930702957e-02  -1.304417901189e-05  -3.498419244878e-02   4.663144434942e-05   8.423327167300e-02  -6.968400413106e-02  -8.871624032659e-02  -4.306326597399e-02  -1.298734155041e-02  -1.367083954268e-01   8.933613152988e-02   4.331803398507e-05   1.476222639642e-02   1.802633133434e-02   1.682828882386e-01  -8.834194468231e-03  -6.083109641708e-05   2.125136331847e-01   3.850580892386e-01  -2.290533680074e-02  -6.397862532485e-05   2.779901798260e-01   3.363519598345e-01  -2.508571396083e-02  -3.118367613940e-05   1.162694947614e-01  -1.920793167616e-03  -5.786644230922e-03  -1.437839980186e-05  -2.725509881400e-02  -1.360736787759e-05  -1.250708755834e-01   2.314783270943e-05   2.129180980728e-01   1.864167684506e-03   6.108287771083e-02   1.425070699215e-01   8.187708843216e-02   5.327492899440e-02   1.681725479424e-02  -1.885466125297e-04  -2.454783984502e-03   4.851721604530e-02   1.318314895198e-01   7.992390963046e-02   4.391817748570e-02  -7.673680904232e-03  -1.078032257779e-02  -2.511846426965e-03   4.824544957401e-02   1.316461678402e-01   7.995495621858e-02   4.371724359010e-02  -7.437225243678e-03   1.064496467491e-02
   2.687850809691e-03  -1.954980309114e-03  -1.188927441602e-02  -8.244990156491e-03  -1.202471072665e-02  -2.389697614336e-02  -5.402458593187e-03  -2.849195124473e+00  -2.291133444609e-06  -1.736250390733e-03  -2.866656816879e+00  -1.397217690594e-06   8.057261078195e-03  -1.222824380144e+00  -4.393922231064e-06   1.010874834446e-02  -9.449802781545e-01  -8.188894850148e-06   6.392873630619e-03  -4.681491453098e-01  -6.864552613065e-07  -1.916630470194e-02   3.767751043787e-03  -2.626146292759e-01   1.540654415947e-06  -1.190554469451e-02  -3.995967592602e-05   5.124446778637e-02  -1.866158403604e-05   7.627007824793e-02  -3.803925550593e-01  -5.134781792431e-01  -3.111456076431e-01  -1.068672330506e-01   9.129867286935e-02   3.394464493471e-01   1.719512609717e-04  -8.600422276739e-04  -1.050088184614e-03  -9.898714004874e-03  -1.431738892061e-02   1.296889868582e-05  -1.174384876632e-02  -2.483833160746e-02  -6.907307725257e-02   1.959881531202e-05  -2.198360960099e-02  -4.468282390921e-02  -1.965935043666e-01   1.460138089138e-05  -2.045750485509e-02  -2.726484090358e-02  -1.735552352530e-01   4.894436880932e-06  -1.057616563550e-01   1.748577333172e-05   8.464715241909e-03   7.132274143706e-06  -2.074284459290e-02   8.525784264767e-04   2.241012913336e-02   5.447357217758e-02   2.849897960195e-02   1.594092859321e-02   3.545313939006e-03  -6.317812895485e-05   2.620305243333e-05  -1.291368310127e-02  -4.126122911726e-02  -3.459625499795e-02  -9.699254100781e-03  -1.257456367217e-03   3.833387786696e-03   4.261141265735e-05  -1.256133083362e-02  -4.036427870088e-02  -3.404271078662e-02  -9.455256438087e-03  -1.331568632727e-03  -3.735202924667e-03
  -1.531223307027e-06   1.394709225843e-06   7.428795409034e-06   2.537328440094e-06  -1.656341334043e-05  -7.590594181213e-06  -2.174000049752e-05  -2.280966885778e-06  -2.827047408199e+00  -3.713232752020e-06  -1.391004410598e-06  -2.858782766736e+00   4.603316811486e-05  -4.393922231064e-06  -1.242572446962e+00   4.401447116625e-05  -7.761208381074e-06  -9.562639602545e-01   1.508611091397e-05  -1.384880141014e-06  -4.758728976353e-01   5.204141911225e-06   8.540173706610e-06   5.150399894723e-07  -2.689856376475e-01  -1.474172640214e-05  -1.461456200562e-02  -2.064338801767e-05   1.176832711809e-02   3.563034267817e-05  -1.258410277835e-04  -1.693073898424e-04  -9.332467402514e-05  -2.324460967613e-05   3.865975173294e-05   1.819105150585e-04  -1.745748986055e-01   1.225275025424e-06   3.095880442390e-06   2.885249857313e-05   1.366675718109e-06  -1.378780881270e-02   3.941072871912e-05   5.022115727458e-05   2.676139834851e-06  -7.369450792584e-02   3.476584187151e-05   3.749896487639e-05   3.376221245058e-06  -2.062129228607e-01   1.460544567624e-05   1.415786102841e-05   1.683937414639e-06  -1.791655993820e-01   1.223184335030e-05   1.094852082445e-02  -8.822928334147e-05  -1.224146358582e-01  -2.985268033595e-05   2.711356288398e-05  -2.067654921032e-04  -5.815451372607e-04  -3.708438688684e-04  -1.925659699388e-04  -6.602144054264e-05  -4.999861968782e-03   3.923282380388e-03  -1.672450291844e-02  -5.533192263404e-02  -3.740531836827e-02  -1.533184239730e-02   3.770808322872e-03   1.696308008995e-03  -3.982902021476e-03   1.668080832699e-02   5.549973200881e-02   3.759110165468e-02   1.532130860576e-02  -3.682668564531e-03   1.760026761186e-03
  -2.236796618651e-03   1.289682394892e-03   6.981678205680e-03   1.454570663697e-03   2.520870950461e-02   9.039993798663e-02  -8.730893972188e-01  -5.460480560233e-03  -1.864772026173e-05  -1.274474304949e+00   1.025108193548e-05   8.717860448918e-07  -9.283896641219e-01   1.010874834446e-02   4.401447116625e-05  -6.107809566904e-01   6.180964137167e-03   3.526345322167e-05  -4.416688441511e-01   4.667431468064e-03   1.930621657237e-05   8.258262588930e-02  -2.897143890693e-01   3.294166199812e-03   1.134675960455e-05  -3.789966230023e-02  -2.182613186078e-05  -6.216520630591e-02   5.963824851689e-05   1.478545665034e-01  -8.300698712735e-02  -7.644531574378e-02   2.228868109778e-03   4.467998782680e-02  -7.158368704744e-02   4.144361941518e-02   2.614265437917e-05   4.868093254953e-01   4.751259538778e-01   2.862927572598e-01  -2.014068729850e-02  -8.627406703435e-06   5.472245170908e-01   3.288760832730e-01  -2.446319530619e-02   3.778119570314e-05   4.520248721999e-01   2.310080052091e-01  -1.969373899300e-02   4.714151286357e-05   2.206170411041e-01   5.567609096958e-04  -8.164663313243e-03   1.859024697907e-05  -4.931053741610e-03  -3.076605754981e-05  -3.693370585099e-02   8.264161048947e-06   5.512080241435e-02   8.163380025533e-02   2.040995812467e-01   2.597685637204e-01   1.656839707612e-01   1.282740944466e-01   1.134384834853e-01  -1.037356946474e-03   6.376044860757e-02   1.838033548100e-01   2.490833054219e-01   1.626605716943e-01   1.180626208977e-01  -5.669297652937e-02  -9.153017555487e-02   6.344074843651e-02   1.834292738872e-01   2.489182710876e-01   1.626874353093e-01   1.182223133636e-01  -5.529940613915e-02   9.176597854645e-02
   2.816906997890e-03  -1.549401837278e-03  -8.656817708644e-03  -2.229753409733e-03  -3.049677738185e-02  -7.658230908206e-02  -5.411325425090e-03  -8.689662689419e-01  -2.345187201838e-06   7.867005862545e-06  -1.275320980321e+00  -6.898537491451e-07   1.008149217120e-02  -9.449802781545e-01  -7.761208381074e-06   6.180964137167e-03  -5.914827966091e-01  -2.874687561769e-05   4.637039092375e-03  -3.920584699618e-01  -1.769003330458e-05  -6.375759583838e-02   3.185523445559e-03  -2.606777191312e-01  -8.416950245196e-06  -2.011344859937e-02  -7.403514591006e-05   8.280526279304e-02  -2.705807881309e-05   1.233702421045e-01  -4.452687992357e-01  -4.769160069137e-01  -3.213006683844e-01  -1.474185356100e-01   4.725927055465e-02   1.415815735473e-01   8.222746427832e-05  -2.835379977193e-02  -2.761991855811e-02  -1.919545790232e-02  -7.154147753097e-02   1.178736124999e-05  -3.005531793783e-02  -2.382581573834e-02  -1.132788142841e-01   1.744709847771e-05  -3.996245575474e-02  -5.948006319560e-02  -1.912106373977e-01   8.386969107671e-06  -4.990827597303e-02  -6.265884245739e-02  -1.812866665286e-01  -3.921018745708e-06  -5.689779370974e-02  -1.900464397845e-04  -3.353631344295e-03  -5.755933155761e-06  -1.057821323212e-02   3.479978813638e-02   5.253774004882e-02   4.782574537766e-02   9.784800823609e-03   3.796840454514e-02   7.606338606460e-03  -2.692462782639e-04  -1.948400026422e-02  -3.836129170811e-02  -5.901542720164e-02  -5.901426767907e-02  -2.779158460270e-02  -9.480296115111e-03   2.019015126918e-02  -1.898902661399e-02  -3.752359654421e-02  -5.794539915588e-02  -5.836017338977e-02  -2.727252693006e-02  -9.907709675804e-03  -1.986639194822e-02
  -1.511606291659e-06   1.068521100308e-06   5.206385532801e-06  -7.922520568612e-07  -2.323867462235e-05  -2.816368474678e-05  -1.912926708839e-05  -2.181984287103e-06  -8.488777271896e-01   9.684739684656e-07  -7.089788601299e-07  -1.273978587077e+00   4.444995806068e-05  -8.188894850148e-06  -9.562639602545e-01   3.526345322167e-05  -2.874687561769e-05  -5.347408898710e-01   2.718950431694e-05  -1.961616457347e-05  -3.437368454762e-01  -1.891966421496e-05   2.167007507723e-05  -1.063000886933e-05  -2.336100658216e-01  -2.295997214028e-05  -1.925776427512e-02  -2.559087469295e-05   1.910339971625e-02   6.132767823558e-05  -1.448674224762e-04  -1.554856049047e-04  -1.012108812789e-04  -4.423290505852e-05   2.325662237736e-05   9.288672573120e-05  -1.034276868974e-01   4.215203837755e-05   4.283495658694e-05   4.818625453730e-05  -7.154660367823e-07  -7.074353473234e-02   4.629587904848e-05   5.037254319286e-05   8.577748568007e-07  -1.156793688110e-01   1.052653272184e-05   1.573941107722e-05  -8.008063467289e-07  -1.865308715547e-01  -1.163341587923e-05  -1.047400213056e-06  -4.039096040781e-06  -1.677463652986e-01   2.006320928721e-06   1.361975509044e-03   1.535845812286e-05  -7.354936042931e-02   5.054069186240e-05  -2.701828074866e-04  -5.080817318828e-04  -6.156230717593e-04  -3.842200857520e-04  -4.188171452796e-04  -2.993084576269e-04  -2.436332751888e-02  -2.341999150854e-02  -4.752352988700e-02  -5.930118317150e-02  -3.730094699394e-02  -3.949118920713e-02   1.661153502408e-02   5.125197928273e-03   2.340501744508e-02   4.762931194231e-02   5.949232223129e-02   3.744906398764e-02   3.971315922691e-02  -1.629846909677e-02   5.469717219746e-03
  -1.640561155763e-03   9.482402506651e-04   4.616573333823e-03  -1.457075441188e-03   1.181775757169e-02   1.286101107608e-01  -1.748487880111e-01  -2.754257319731e-03  -6.357961195805e-06  -3.317895754310e-01   3.703702731216e-04   6.117604051244e-07  -4.426997635960e-01   6.392873630619e-03   1.508611091397e-05  -4.416688441511e-01   4.637039092375e-03   2.718950431694e-05  -3.789702648838e-01   8.260876975475e-03   7.154527010130e-05   1.910335125313e-01  -2.843706895355e-01   7.124996750512e-03   5.655915851895e-05  -2.105442307841e-02  -1.405699806301e-05  -4.196031318193e-02   2.887177559491e-05   9.613788564549e-02  -6.116463721628e-02  -4.527436733081e-02   5.884913301238e-02   1.362892218774e-01  -4.289605872559e-02   3.812637363080e-02   1.729230889435e-05   9.683084957241e-01   9.190378605220e-01   6.969676115985e-02  -1.348490985737e-02   7.708251005750e-05   8.614854643788e-01   7.141725109972e-02  -1.928846999215e-02   2.577508626649e-04   6.480278025931e-01   1.215825215216e-02  -1.201668773729e-02   2.668257950953e-04   3.474502077982e-01  -4.325943364432e-02  -4.313622305777e-03   1.138534185090e-04  -4.021273730661e-03  -1.275030675817e-04  -1.182421320665e-02   1.689043033897e-04   1.220491866126e-02   2.449919302033e-01   3.805938434538e-01   4.022267996570e-01   2.752429401013e-01   9.613337921065e-02   2.405154457600e-01  -2.063643000938e-03   2.276610341823e-01   3.660492709686e-01   3.968196548939e-01   2.736133813320e-01   9.221345664241e-02  -1.172543912747e-01  -2.033414995018e-01   2.275839596695e-01   3.659989177942e-01   3.967922982617e-01   2.736337712705e-01   9.302968335724e-02  -1.144872289484e-01   2.045502124380e-01
   1.534541557035e-03  -7.465288246460e-04  -4.082486116886e-03   4.977048119790e-05  -1.874895015909e-02  -6.234834730902e-02  -2.708880616798e-03  -1.688359776859e-01  -1.909833187028e-06   3.966086077283e-04  -3.335672276627e-01   3.327557781360e-09   6.455260326642e-03  -4.681491453098e-01  -1.384880141014e-06   4.667431468064e-03  -3.920584699618e-01  -1.961616457347e-05   8.260876975475e-03  -1.591524721306e-01  -2.135808848916e-05  -6.256809903327e-02   7.127268036495e-03  -1.007579350033e-01  -1.303005703968e-05  -1.027452394149e-02  -4.947773740551e-05   5.073873021986e-02  -1.596896324222e-05   7.565774784233e-02  -3.308607682679e-01  -2.976608282045e-01  -1.665066297207e-01  -9.030938142053e-02   4.260054719900e-02   1.491378452214e-01   7.422241025434e-05  -5.637506802558e-02  -5.344599011187e-02  -9.721030709639e-03  -1.268846247511e-01   3.740428378626e-06  -4.735221178612e-02  -1.165050172093e-02  -1.680767124250e-01   3.253168002048e-06  -4.598747611661e-02  -3.525150624185e-02  -1.583206475825e-01  -5.770817457169e-06  -5.050859134226e-02  -4.794977903747e-02  -9.634476281286e-02  -1.074346141784e-05  -1.499930878591e-02  -8.623107812412e-04  -2.950299640523e-02  -7.482237960412e-05  -2.269780360752e-02   9.814019216928e-02   8.096418348273e-02   2.804519569926e-02  -1.278620341135e-02   2.390308751315e-02   2.097860547692e-02  -4.592796415342e-04  -6.279701441904e-02  -6.735694824158e-02  -5.879377780909e-02  -5.173236164927e-02  -2.093068784906e-02  -1.015552159170e-02   3.835447883463e-02  -6.144771456124e-02  -6.609404845351e-02  -5.793972794636e-02  -5.133483678449e-02  -2.069947595979e-02  -1.102102189477e-02  -3.787695356692e-02
  -3.559720577933e-07   1.870408572452e-07   1.052760994216e-06   1.609692472890e-07  -7.371112883543e-06  -4.250650116882e-05  -5.331051054933e-06  -1.899472438962e-06  -1.591976639106e-01   3.604774591666e-07   6.534831959134e-08  -3.343466820643e-01   9.075138305620e-06  -6.864552613065e-07  -4.758728976353e-01   1.930621657237e-05  -1.769003330458e-05  -3.437368454762e-01   7.154527010130e-05  -2.135808848916e-05  -1.019346494599e-01  -6.514602916486e-05   5.861984720760e-05  -1.370223994171e-05  -6.322652161145e-02  -1.482100463993e-05  -9.999480777268e-03  -1.427852490566e-05   1.334810850742e-02   4.236656006223e-05  -1.044542808399e-04  -9.911518351631e-05  -8.585881596348e-05  -6.868760495485e-05   1.711328314055e-05   7.747071762386e-05  -6.806819731582e-02   8.307546661977e-05   7.934210109010e-05   1.406320057975e-05   1.282673310045e-06  -1.260499152905e-01   1.265140959897e-05  -4.528769529484e-06   6.979550863440e-06  -1.680753714103e-01  -6.520184771670e-05  -3.043882905752e-05   3.308947228018e-06  -1.477003150224e-01  -7.540741659402e-05  -3.034535321895e-05  -2.621658405060e-06  -7.519877199446e-02  -6.283656452278e-05  -2.889252458097e-02   4.352895151904e-04  -2.471918144277e-02   4.292414208391e-04  -8.684637844004e-04  -8.217094503608e-04  -5.097589169132e-04  -2.392273058917e-04  -2.735991523341e-04  -5.444461446339e-04  -3.242663284215e-02  -8.674438298424e-02  -8.194755722539e-02  -4.712133165176e-02  -1.880887352029e-02  -2.719993291067e-02   2.752296073506e-02   1.701832808420e-02   8.712769336484e-02   8.231617081264e-02   4.723870185165e-02   1.878429764667e-02   2.752967843370e-02  -2.701404118265e-02   1.759720910246e-02
  -1.160934889622e+00  -1.411217801581e+00  -1.510290849227e+00  -1.466183319844e+00  -1.216210945424e+00  -9.076576091298e-01   4.593943757442e-03  -2.199150879759e-03  -1.749632413609e-06   1.400687775886e-03  -2.925372556074e-03   1.564094813171e-06   2.391286547547e-03  -1.916630470194e-02   5.204141911225e-06   8.258262588930e-02  -6.375759583838e-02  -1.891966421496e-05   1.910335125313e-01  -6.256809903327e-02  -6.514602916486e-05  -5.445210132102e-01   1.557440717049e-01  -4.249597208880e-02  -5.424639293290e-05  -8.584769082937e-03  -2.428383306078e-05   4.061763932960e-02   4.010174066278e-07   4.475624877165e-04  -2.416122060809e-01  -4.050558538964e-01  -5.155253215961e-01  -4.245308706413e-01   3.960423621234e-02   2.306933103972e-01   8.052656895549e-05  -4.935195849041e-01  -4.718281690790e-01  -4.688322619287e-02   4.614423649513e-03  -5.686022745495e-05  -5.238695305085e-01  -1.176896796460e-01   1.135449717671e-02  -1.812084810666e-04  -5.728743640160e-01  -4.098602402150e-01   1.644620173502e-02  -2.272931903954e-04  -4.824057767473e-01  -3.449646127476e-01   1.251662061765e-03  -1.255780859769e-04   9.056549985999e-03   3.856496324590e-05   3.378087008507e-02  -1.095752993737e-04  -5.601215529397e-02  -1.499254892583e-01  -2.459431354880e-01  -3.570233192725e-01  -3.620848629914e-01  -6.499243241989e-02  -1.353240648079e-01   1.152357420761e-03  -1.442411290680e-01  -2.382418481026e-01  -3.496497322939e-01  -3.614966419259e-01  -6.149317439108e-02   6.671934323176e-02   1.161221426258e-01  -1.441009787364e-01  -2.380209089358e-01  -3.491365339742e-01  -3.611599412848e-01  -6.188975564280e-02   6.511492963080e-02  -1.167843493332e-01
  -1.157172018456e-03   6.975680619507e-04   3.272551730987e-03  -1.540188286930e-03   2.937268828198e-03   9.070886760883e-02  -7.712503283251e-02  -1.552864617810e-03  -3.359677734369e-06  -1.561458103763e-01   2.405275705183e-04   3.507965756323e-07  -2.385380710640e-01   3.767751043787e-03   8.540173706610e-06  -2.897143890693e-01   3.185523445559e-03   2.167007507723e-05  -2.843706895355e-01   7.127268036495e-03   5.861984720760e-05   1.557440717049e-01  -2.009712763705e-01   6.317028073186e-03   4.486582537890e-05  -1.152816600407e-02  -8.231331298596e-06  -2.452532674865e-02   1.505364859038e-05   5.542724697933e-02  -3.909480657082e-02  -3.080395679970e-02   4.664993163583e-02   1.155531792236e-01  -3.256964916854e-02   2.387832454935e-02   1.083566664916e-05   6.729284101921e-01   6.420711068033e-01  -1.470546727954e-02  -6.329506160666e-03   4.661214540405e-05   6.598769856772e-01  -2.192225047609e-02  -1.067537633196e-02   1.735187782367e-04   5.128061865247e-01  -3.109881692778e-02  -7.101048078060e-03   1.933751937385e-04   2.718954403197e-01  -3.722471118966e-02  -1.299293209939e-03   8.607909067307e-05  -1.728268355358e-03  -1.254634375453e-04   7.750638136010e-03   1.831817870871e-04  -1.648606372443e-02   2.232070976851e-01   3.192331042497e-01   3.198657311507e-01   2.144636553840e-01   6.617786240917e-02   1.951509940109e-01  -1.667305884873e-03   2.137277689749e-01   3.109091346609e-01   3.172922094559e-01   2.141969621233e-01   6.369085954267e-02  -9.579876877977e-02  -1.670569612561e-01   2.138375112998e-01   3.109936682328e-01   3.173114897774e-01   2.142107576102e-01   6.438897178934e-02  -9.357146615053e-02   1.681410396179e-01
