ARMA_MAT_TXT_FN008
72 72
  -6.487158959977e+00  -5.225791401633e+00  -2.899078614042e+00  -1.450770787341e+00   5.796775799620e-01  -9.385650404266e-01   2.448195962816e-07  -4.528030265897e-01  -4.470670121817e-01  -4.266389899873e-01   1.022709727697e+00  -1.503752767906e-07  -1.910369324117e+00  -1.174792925413e+00   2.834212191758e+00  -4.090085724977e-07  -2.722162962203e+00  -1.384192251006e+00   3.332802871840e+00  -4.729241086475e-07  -2.069921791056e+00  -7.104310761138e-01   1.705955829491e+00  -2.409984075985e-07   1.433075928522e+00   4.967901143811e-07   1.177203996922e+00  -2.111073481855e-07   1.434286637506e+00  -3.060653872265e-04  -6.135527681401e-05  -8.141736048727e-03   3.183821922637e-03  -5.796623547683e-10  -9.642620118951e-02  -3.063735118667e-01   1.125445708180e-01  -2.136118214860e-08  -7.228943462750e-01  -1.599915105918e+00   6.036758872280e-01  -1.161477596865e-07  -9.813332949707e-01  -1.302476515884e+00   5.003312258245e-01  -9.661697268701e-08   1.892452752623e-01   1.284750149281e-08   1.718978069786e-01  -3.627347157111e-08  -2.243304946032e-01  -1.582559076809e-06  -7.020242715184e-03  -2.387859568311e-01  -5.705127906191e-01  -2.029607945934e-04   1.552562425458e-04  -3.083534758322e-09  -1.703520802114e-04  -4.837192241667e-02  -4.985294753375e-01  -7.531307341236e-01  -6.851784661409e-03   5.649423792070e-04  -2.877733899761e-03  -1.703205287662e-04  -4.836809381770e-02  -4.985146870902e-01  -7.531223755363e-01  -6.850820368739e-03   5.650357307801e-04   2.877420897321e-03
  -5.225791401633e+00  -6.935502613672e+00  -5.346741993514e+00  -3.113334649996e+00   1.014305819014e+00  -1.612327727128e+00   4.316267768324e-07  -2.314318135622e+00  -2.334676955991e+00  -4.740530441389e-01   1.288502695288e+00  -1.800137288111e-07  -4.642213445844e+00  -1.026135545920e+00   2.960825636379e+00  -3.963291222909e-07  -5.422742693529e+00  -1.387007447395e+00   4.044546135655e+00  -4.919059104746e-07  -4.341529449807e+00  -9.472961601038e-01   2.703786012289e+00  -3.034733576622e-07   5.720822648134e-01   2.094963427189e-07   5.715683077345e-01  -9.298647605096e-08   6.731741488770e-01  -1.084772836611e-01  -1.138534509528e-01  -2.974515321786e-01   1.118895734522e-01  -8.417748014880e-09  -7.636433402241e-01  -1.407085844490e+00   4.554690721517e-01  -2.287121502721e-08  -2.000716222081e+00  -3.418266450500e+00   1.102087339953e+00  -1.294137325824e-07  -2.284839322205e+00  -2.674187151225e+00   9.135288060010e-01  -1.340374708625e-07   5.842650250358e-01  -1.192765772170e-07   6.340271825737e-01  -8.212430579657e-08  -8.792200108343e-01  -6.130909185528e-03  -1.147030191110e-01  -7.923042991118e-01  -1.409654947623e+00  -3.719835861279e-02   3.265897188481e-02  -7.130194583300e-07  -4.477959276206e-02  -3.571499133331e-01  -1.338465624633e+00  -1.762009910590e+00  -1.950559951395e-01   4.627981820252e-03  -9.508102941834e-02  -4.477599779045e-02  -3.571329236709e-01  -1.338436363584e+00  -1.761993860561e+00  -1.950430293486e-01   4.633272187606e-03   9.507796592699e-02
  -2.899078614042e+00  -5.346741993514e+00  -5.930846791798e+00  -4.460096665530e+00   7.310903351621e-01  -1.138990703962e+00   3.136198099055e-07  -2.042742818704e+00  -2.058878645218e+00  -9.695401742670e-02   4.141621451759e-01  -4.910742741179e-08  -4.263816166015e+00  -1.690274614998e-01   1.134140554984e+00  -1.188759765653e-07  -5.672027845110e+00  -2.206836565782e-01   2.221114470174e+00  -1.813849863520e-07  -5.561377230481e+00  -3.233271656715e-01   2.306961304799e+00  -1.486343798088e-07   6.254713929526e-02   3.599375795737e-08   1.434743036133e-01  -2.730950424312e-08   6.398187247444e-02  -7.128468987273e-01  -7.679161552281e-01  -5.483155047605e-01   1.883275812728e-01   1.093938259826e-08  -2.130772281248e+00  -1.785411365860e+00   5.242334068084e-01   9.528313039836e-08  -3.449118832672e+00  -3.635351627787e+00   1.049924325287e+00   4.579673907854e-08  -3.632471434932e+00  -3.274427239987e+00   1.043012285447e+00  -6.684111360865e-08   2.955829872139e-01  -7.059743165787e-07   4.641780068141e-01  -8.541998736210e-09  -6.982178541360e-01  -2.084557114469e-01  -7.291614136549e-01  -1.796371193025e+00  -2.458019991166e+00  -3.216378026230e-01   3.153733420228e-01  -7.591904302187e-06  -4.433896259601e-01  -1.251337648880e+00  -2.481013095090e+00  -2.903680264355e+00  -5.984138737514e-01  -5.837839780822e-02  -3.756015775455e-01  -4.433760609971e-01  -1.251309389804e+00  -2.480979332592e+00  -2.903660276167e+00  -5.983992657145e-01  -5.835453224858e-02   3.756049910148e-01
  -1.450770787341e+00  -3.113334649996e+00  -4.460096665530e+00  -4.450473104805e+00   4.003658286186e-01  -6.178291406705e-01   1.723907823231e-07  -1.171346429063e+00  -1.179356147622e+00   6.733085186933e-03   9.851991273349e-02  -6.904252569756e-09  -2.584472817518e+00   8.484844311971e-02   3.087662094678e-01  -1.169671788483e-08  -3.897263578043e+00   3.306684989254e-01   7.539794196659e-01   5.388277822538e-09  -4.711499342155e+00   3.176978924614e-01   1.121803435193e+00  -1.482722933424e-09   6.999594356873e-03   1.282844352651e-08   5.695564098283e-02  -1.566343105519e-08  -2.430282209225e-02  -7.875034314855e-01  -8.494103729110e-01  -2.638410758439e-01   7.158722313068e-02   3.009588390191e-08  -2.222594179680e+00  -9.168807393868e-01   2.040436096397e-01   1.045291651307e-07  -3.462809762515e+00  -2.068375877724e+00   4.825340543907e-01   8.390581826218e-08  -3.963903385314e+00  -2.420344870615e+00   6.947247547154e-01  -2.209383050638e-08   2.991705185652e-02  -4.069047067502e-07   1.755831567033e-01   5.683723944377e-08  -2.892255973530e-01  -5.043833886625e-01  -1.289219770640e+00  -2.391356133839e+00  -3.031359657808e+00  -3.530002931812e-01   3.914781095472e-01  -1.048245218915e-05  -6.671005716724e-01  -1.616850884478e+00  -2.824063023685e+00  -3.377268791859e+00  -4.237092586211e-01  -1.201473114874e-01  -3.536593437650e-01  -6.670928060303e-01  -1.616835261502e+00  -2.824042924206e+00  -3.377253564061e+00  -4.237065258106e-01  -1.201247432510e-01   3.536681428787e-01
   5.796775799620e-01   1.014305819014e+00   7.310903351621e-01   4.003658286186e-01  -5.554864561451e+00   4.958887868652e-01  -1.686964581655e-07   1.332845348009e+00   1.351680653129e+00  -4.387936701670e-01  -1.432736660599e+00   2.069081326263e-07   2.314560795246e+00  -1.330505952916e+00  -2.390388381761e+00   3.249570253810e-07   1.802347819496e+00  -1.965411080995e+00  -1.708707404300e+00   1.914754147374e-07   9.137234201819e-01  -1.219733002039e+00  -5.979199071074e-01   4.896428629061e-08   1.167341772284e+00  -3.136003444081e-07  -3.356545825858e-01  -1.577583400059e-07  -1.817123552471e+00   1.410183493995e-02   1.095948947396e-02   1.375429428100e-01  -5.870711586079e-02   8.507774858456e-09   4.672080655519e-01   1.084369728499e+00  -4.475423048974e-01   6.644974371136e-08   1.111866054487e+00   1.605213646521e+00  -7.912662599508e-01   1.213222468562e-07   6.822184428178e-01   3.202209218149e-01  -2.911316237382e-01   4.028583447465e-08  -7.333449464188e-01  -2.475622975217e-08  -6.214007991139e-01   1.193418049226e-07   7.544711917044e-01   1.910405131515e-04   4.040026783617e-02   3.694507760542e-01   4.162975058497e-01   4.963079757532e-03  -4.295868797450e-03   8.676942683266e-08   6.718032482166e-03   2.069867314174e-01   6.872499053163e-01   5.192819553701e-01   8.219573023549e-02  -6.265720490361e-03   3.891211184054e-02   6.717084812447e-03   2.069730352579e-01   6.872329536633e-01   5.192775855883e-01   8.218666412459e-02  -6.267357866330e-03  -3.890906699424e-02
  -9.385650404266e-01  -1.612327727128e+00  -1.138990703962e+00  -6.178291406705e-01   4.958887868652e-01  -6.289714848719e+00   1.086346016859e-07  -3.074167771582e+00  -3.121672387188e+00  -1.320776739532e+00   2.254422049049e+00  -4.749103925621e-07  -5.125158417006e+00  -2.072779564856e+00   2.980498136758e+00  -7.516028122578e-07  -3.678650420621e+00  -1.349672692571e+00   8.106845973604e-01  -5.054795591524e-07  -1.682431633900e+00  -4.167798987672e-01  -3.768398587819e-01  -1.692846648668e-07   1.244075918232e+00   4.493464971403e-07   5.824149911506e-01  -3.029725407852e-07   1.326230969128e-01  -5.926751471020e-03  -4.544188003597e-03  -6.557264480933e-02   1.145883435291e-02  -4.607620631636e-09  -2.443471973712e-01  -6.873461047700e-01   3.357020392026e-02  -4.571468118916e-08  -7.626037921455e-01  -1.572002083665e+00  -2.138946438575e-01  -1.087567338403e-07  -6.300457576173e-01  -7.834775636309e-01  -3.211257556375e-01  -5.685060563826e-08   9.528652326025e-02   7.634302972676e-09   3.552928776296e-01  -8.360357482209e-08  -6.883385262066e-01  -1.466087749757e-04  -3.609589707096e-02  -3.746909192640e-01  -4.761688945348e-01  -4.289693865579e-03   2.978069482120e-03  -6.827646913989e-08  -7.819989520786e-04  -4.377814886754e-02  -2.971529106990e-01  -3.785776257255e-01  -1.198916524955e-02  -6.839296877733e-03  -5.379996418099e-03  -7.820525596049e-04  -4.378027924294e-02  -2.971601495712e-01  -3.785821890619e-01  -1.199001179084e-02  -6.838021325302e-03   5.380512385755e-03
   2.448195962816e-07   4.316267768324e-07   3.136198099055e-07   1.723907823231e-07  -1.686964581655e-07   1.086346016859e-07  -5.236777890448e+00   4.616342730668e-07   4.684526195654e-07   1.984822969692e-07  -4.942567289192e-07  -1.010431522666e+00   7.943871801720e-07   3.130335710114e-07  -8.342080219944e-07  -2.236998210246e+00   6.427127456275e-07   2.041265705685e-07  -6.593318633914e-07  -2.580415344055e+00   3.512043525130e-07   6.328541262213e-08  -2.652781278557e-07  -1.422725091478e+00  -3.095325751449e-07   2.065978709326e+00  -6.259921613331e-07  -8.136322288670e-01  -3.582346584185e-07   1.254562670552e-09   9.200859797096e-10   1.403401553287e-08  -6.327792701843e-09  -1.345162304980e-02   5.618389715236e-08   1.492064203024e-07  -6.015846000522e-08  -1.754574922202e-01   1.828503140710e-07   3.562735674784e-07  -1.415097595818e-07  -6.561875279683e-01   1.627023480970e-07   1.908847947827e-07  -7.851286895375e-08  -5.312829690281e-01  -1.008180680010e-07   1.085270767458e-01  -1.152008871405e-07  -2.926545093845e-01   1.097269911128e-07   2.591895171396e-09   5.048964131748e-07   3.970366940985e-06   3.410959336372e-06   7.221997789482e-08  -5.691629431214e-08  -3.925750775205e-04   2.673630213204e-03   7.656594867053e-02   2.149239171829e-01   1.193647546340e-01   3.512062381134e-02  -2.642478549361e-03   7.699900173671e-03  -2.673336245419e-03  -7.656321477609e-02  -2.149250616918e-01  -1.193673097597e-01  -3.511782502991e-02   2.643175156049e-03   7.700039670030e-03
  -4.528030265897e-01  -2.314318135622e+00  -2.042742818704e+00  -1.171346429063e+00   1.332845348009e+00  -3.074167771582e+00   4.616342730668e-07  -3.324771901754e+01  -3.524515581404e+01   8.826764985510e-02   3.728219434028e-02   1.116816789257e-08  -1.262264990231e+01   4.020209258606e-02   1.698041206414e-02   5.086617962243e-09  -5.480589523929e+00   1.170251886640e-02   4.942839200714e-03   1.480677460415e-09  -2.474398653490e+00   3.249049903160e-03   1.372307614262e-03   4.110910731197e-10   9.936063521034e-04   1.467721385764e-09   5.327412438110e-03  -1.790862780202e-09  -4.035841897995e-03  -2.932383584856e-04   8.068202807309e-06  -1.643984478461e-02  -1.650796955269e-03  -1.756358961120e-10  -3.329357053660e-01  -1.146891824975e+00  -1.151707446406e-01  -1.247864057155e-08  -1.325482691344e+00  -2.635632407131e+00  -2.646194937454e-01  -2.876941657295e-08  -1.117149469795e+00  -1.235984563832e+00  -1.240769689665e-01  -1.349992447154e-08  -2.430417581716e-01  -2.625013688022e-09   7.057059852611e-01  -2.632382957007e-08  -1.197875197203e+00  -1.631717058709e-05  -6.916196655569e-02  -6.510352339583e-01  -7.816666059010e-01  -3.588439728362e-03   1.686954745492e-03  -6.334621754272e-08  -6.880599739596e-06  -5.068129776429e-02  -5.881577315920e-01  -7.540836123179e-01  -1.826245128883e-03  -6.847951853975e-04  -9.143464212679e-04  -6.880644383321e-06  -5.068141628522e-02  -5.881581814770e-01  -7.540838163261e-01  -1.826258686048e-03  -6.847424109440e-04   9.143820760212e-04
  -4.470670121817e-01  -2.334676955991e+00  -2.058878645218e+00  -1.179356147622e+00   1.351680653129e+00  -3.121672387188e+00   4.684526195654e-07  -3.524515581404e+01  -3.099274336308e+01   1.046826315202e-01   4.421549937388e-02   1.324509269031e-08  -1.274565542782e+01   3.064377846486e-02   1.294322014554e-02   3.877239708536e-09  -5.539449607787e+00   7.330764193926e-03   3.096352995121e-03   9.275327806087e-10  -2.494183354166e+00   1.913785472440e-03   8.083429357486e-04   2.421435772833e-10   4.119416790740e-04   6.085006533488e-10   2.208682538917e-03  -7.424700748043e-10  -1.673205035975e-03  -1.047615272635e-04   8.204530234265e-06  -1.134834856134e-02  -1.141260578097e-03  -1.245118937693e-10  -3.303574280725e-01  -1.150606295366e+00  -1.156530366397e-01  -1.261202247659e-08  -1.334031734281e+00  -2.659147186804e+00  -2.672563479013e-01  -2.916000193880e-08  -1.124557503961e+00  -1.245526655837e+00  -1.251789218925e-01  -1.366086815347e-08  -2.452628227018e-01  -2.684752277734e-09   7.114977707942e-01  -2.674333336884e-08  -1.207687572596e+00  -4.970491585283e-06  -6.817928981720e-02  -6.546541290149e-01  -7.866665205915e-01  -2.870231510404e-03   1.346657402556e-03  -5.059204594369e-08  -1.772507016649e-06  -4.978775313569e-02  -5.912089792309e-01  -7.588330689167e-01  -1.398212019458e-03  -5.238836971589e-04  -6.988973161283e-04  -1.772520983974e-06  -4.978787186216e-02  -5.912094362574e-01  -7.588332762142e-01  -1.398222963637e-03  -5.238435666396e-04   6.989248533990e-04
  -4.266389899873e-01  -4.740530441389e-01  -9.695401742670e-02   6.733085186933e-03  -4.387936701670e-01  -1.320776739532e+00   1.984822969692e-07   8.826764985510e-02   1.046826315202e-01  -1.141721518370e+01   5.846245558619e-03  -1.053713256775e-08   2.843307215932e-01  -7.704188250986e+00   6.326652840819e-03  -1.140633096547e-08   1.724538381748e-01  -2.701806457450e+00   2.493471288483e-03  -4.502955364702e-09   8.604648666650e-02  -7.993994672494e-01   7.587469706027e-04  -1.371921385388e-09   7.442937470629e-02  -1.276404349725e-09  -1.040687041251e-01   2.470439365636e-08   1.902416397332e-01   5.223679401948e-03   3.929015183753e-04   1.477831535600e-01   1.605800262404e-02   1.611848739423e-09   5.313546517312e-01   1.350394715161e+00   1.627869000646e-01   1.635863313881e-08   6.151918962892e-01   6.137901227316e-01   1.174616328735e-01   1.134307193936e-08   1.903430209077e-01  -6.228854004244e-02   2.096941701490e-02   1.733268185881e-09   3.587799522602e-01   3.925126294626e-09  -8.810189347825e-01   3.607751091137e-08   1.484145080276e+00   3.281908097242e-04   1.070622859346e-01   2.883340702402e-01   1.414376676192e-01   2.148346879945e-02  -1.095277080991e-02   4.107590963339e-07   1.455054038025e-04   7.809019892142e-02   2.538399675757e-01   1.330313680262e-01   1.138174149418e-02   4.639174537690e-03   6.205477503810e-03   1.455066294683e-04   7.809055822886e-02   2.538407588063e-01   1.330316809590e-01   1.138185289008e-02   4.638825251823e-03  -6.205731373773e-03
   1.022709727697e+00   1.288502695288e+00   4.141621451759e-01   9.851991273349e-02  -1.432736660599e+00   2.254422049049e+00  -4.942567289192e-07   3.728219434028e-02   4.421549937388e-02   5.846245558619e-03  -1.136972286272e+01   8.635831885912e-09   1.200930539965e-01   6.326652840819e-03  -7.652773186792e+00   9.347742970845e-09   7.283264422856e-02   2.493471288483e-03  -2.681497416872e+00   3.689259379166e-09   3.633728262225e-02   7.587469706027e-04  -7.932092562595e-01   1.123781234939e-09   1.557370337955e-01   3.020260163434e-08  -4.739835873464e-02  -1.276404349725e-09  -7.368814539923e-02   5.284870070701e-04   3.944866168174e-05   1.627842923151e-02  -1.074742507752e-02   1.800333511779e-10   5.649102547468e-02   1.739069042045e-01  -2.600874030446e-01   2.181465623845e-09   7.558861546076e-02   1.452179573951e-01  -5.411470906680e-01   2.325626646308e-09   3.172809320351e-02   3.497452109537e-02  -2.643179151328e-01   7.586782764671e-10  -5.351053703583e-01  -5.065368686807e-09  -9.481548322014e-02   5.278360322355e-09   2.752802438921e-01  -1.512912714311e-04  -4.733830861477e-02  -1.137456149629e-01  -4.093404811245e-02  -1.057365153251e-02   3.316298769848e-03  -1.871695300710e-07   5.406037492180e-05   2.900629537975e-02   9.512876908750e-02   5.071751337242e-02   4.578541407689e-03   7.707195945807e-04   2.300435875519e-03   5.405629114764e-05   2.900404622772e-02   9.512175461444e-02   5.071430499554e-02   4.578201402331e-03   7.704424680475e-04  -2.300337736951e-03
  -1.503752767906e-07  -1.800137288111e-07  -4.910742741179e-08  -6.904252569756e-09   2.069081326263e-07  -4.749103925621e-07  -1.010431522666e+00   1.116816789257e-08   1.324509269031e-08  -1.053713256775e-08   8.635831885912e-09  -1.133917684552e+01   3.597540712771e-08  -1.140633096547e-08   9.347742970845e-09  -7.619711237654e+00   2.182055484282e-08  -4.502955364702e-09   3.689259379166e-09  -2.668453822809e+00   1.088767590613e-08  -1.371921385388e-09   1.123781234939e-09  -7.892371790411e-01  -1.276404349725e-09   6.602115458175e-02   1.510331211845e-08   1.657263905061e-01  -2.749103988989e-09   6.398855611151e-11   4.302151776380e-12   2.018089004017e-09   2.184960012877e-10  -1.236886068832e-02   7.961386143665e-09   2.414256127114e-08   2.842401656653e-09  -2.766521095665e-01   1.288747566980e-08   2.374460177453e-08   3.267943208588e-09  -5.531942557134e-01   6.927586137499e-09   7.114342350619e-09   1.145924719244e-09  -2.664952093693e-01   6.705995114701e-09  -5.766300688024e-02  -2.438057120045e-08  -5.774077533259e-01   2.878841961506e-08   5.706336755175e-09   1.815048896065e-06   4.615112940855e-06   1.974284994379e-06   4.000888672795e-07  -1.888463702959e-07  -1.671434962311e-03   7.168289496852e-05   3.750473395989e-02   1.149040165564e-01   5.225741710622e-02   6.037607646769e-03   2.267835424775e-03   2.084493662663e-03  -7.168576405631e-05  -3.750609206218e-02  -1.149080183637e-01  -5.225920925576e-02  -6.037854855501e-03  -2.267736418457e-03   2.084709592952e-03
  -1.910369324117e+00  -4.642213445844e+00  -4.263816166015e+00  -2.584472817518e+00   2.314560795246e+00  -5.125158417006e+00   7.943871801720e-07  -1.262264990231e+01  -1.274565542782e+01   2.843307215932e-01   1.200930539965e-01   3.597540712771e-08  -1.435053382598e+01   4.650666883047e-01   1.951389761958e-01   5.894797550382e-08  -9.569824006302e+00   2.922736168463e-01   1.177684647671e-01   3.747044381599e-08  -5.139551893181e+00   1.094577349707e-01   4.277092861825e-02   1.416653413130e-08   2.103377429497e-02   3.174907020398e-08   1.155198720908e-01  -3.890335977272e-08  -8.843908514015e-02  -6.403182512833e-02  -5.861864199658e-02  -4.924570757016e-01  -4.911718311383e-02  -1.868764610026e-09  -1.251379802834e+00  -3.002707089114e+00  -2.956492935182e-01  -2.011276587255e-08  -2.952274690569e+00  -5.151733587965e+00  -5.004873202525e-01  -4.348181399373e-08  -2.483295700373e+00  -2.608816642775e+00  -2.518864386280e-01  -2.336678209034e-08  -5.420864459472e-01   1.511734709123e-09   1.606827138713e+00  -3.881385360971e-08  -2.727531540094e+00  -7.851184907253e-03  -3.119546004116e-01  -1.521010431961e+00  -1.759604782231e+00  -1.051366568776e-01   5.295268351277e-02  -1.963627839081e-06  -4.917319424658e-03  -2.480061840455e-01  -1.393538374273e+00  -1.703528620861e+00  -6.936499016592e-02  -2.721828395421e-02  -3.703641771991e-02  -4.917335673210e-03  -2.480065358857e-01  -1.393539071849e+00  -1.703528931066e+00  -6.936535943139e-02  -2.721608358786e-02   3.703777693247e-02
  -1.174792925413e+00  -1.026135545920e+00  -1.690274614998e-01   8.484844311971e-02  -1.330505952916e+00  -2.072779564856e+00   3.130335710114e-07   4.020209258606e-02   3.064377846486e-02  -7.704188250986e+00   6.326652840819e-03  -1.140633096547e-08   4.650666883047e-01  -9.558330867984e+00   2.108689698945e-02  -4.092964432222e-08   5.501519763228e-01  -5.810900966180e+00   1.382977774472e-02  -3.886151702607e-08   3.583446588477e-01  -2.204644557169e+00   4.404533016254e-03  -1.674296846044e-08   1.946580086729e-01  -6.672959213315e-09  -2.796432197043e-01   7.068670076987e-08   5.317844581109e-01   2.365269890351e-01   2.414740421346e-01   1.239443291528e+00   1.417947439681e-01   3.310699758190e-09   1.920386626114e+00   3.366843023396e+00   4.252741286537e-01   1.581273216952e-08   1.813487089842e+00   1.471447822289e+00   2.987760162767e-01   9.885287248717e-09   6.354369455642e-01  -1.552019472055e-01   6.569208628542e-02  -9.233964122539e-10   7.111696513517e-01  -1.441832938789e-08  -1.630084612321e+00   3.159328081212e-08   2.734379658291e+00   2.728098745145e-02   4.828920284263e-01   9.109281755898e-01   4.778970075201e-01   2.588071566632e-01  -1.485112808294e-01   5.486477446844e-06   1.666690824263e-02   3.765643202551e-01   8.128598184866e-01   4.516377316460e-01   1.659368014522e-01   7.433701877380e-02   1.017053371432e-01   1.666700348265e-02   3.765657478118e-01   8.128621210233e-01   4.516386887903e-01   1.659381987523e-01   7.433114410443e-02  -1.017093010376e-01
   2.834212191758e+00   2.960825636379e+00   1.134140554984e+00   3.087662094678e-01  -2.390388381761e+00   2.980498136758e+00  -8.342080219944e-07   1.698041206414e-02   1.294322014554e-02   6.326652840819e-03  -7.652773186792e+00   9.347742970845e-09   1.951389761958e-01   2.108689698945e-02  -9.369345483540e+00   3.314757949179e-08   2.216777358807e-01   1.382977774472e-02  -5.615019250980e+00   2.993865492432e-08   1.400242187399e-01   4.404533016254e-03  -2.116566928032e+00   1.250267748153e-08   3.634482682089e-01   9.862870925236e-08  -1.331815799877e-01  -6.672959213315e-09  -1.898533294710e-01   2.385731466099e-02   2.431702471798e-02   1.440992553323e-01  -1.667418558313e-01   1.832742631264e-09   2.023589575300e-01   4.587726921747e-01  -8.846469726983e-01   1.001495362977e-08   2.276922271210e-01   3.904896070340e-01  -1.472852606046e+00   1.346350409533e-08   1.127271565121e-01   1.200317262307e-01  -7.664113537379e-01   6.131680284649e-09  -1.558275473160e+00   3.063737292287e-08  -1.794301557232e-01   1.304053893501e-08   6.259804727486e-01  -1.198136401508e-02  -1.967463284247e-01  -3.189090121512e-01  -1.062125869553e-01  -1.244299616439e-01   3.181970186020e-02  -2.276857374617e-06   5.982937153935e-03   1.324211405672e-01   2.906200393343e-01   1.643354173259e-01   6.649541090315e-02   5.836774484531e-03   3.530301252432e-02   5.982476016231e-03   1.324109649359e-01   2.905993175632e-01   1.643259016204e-01   6.649044218528e-02   5.832565377708e-03  -3.530151450210e-02
  -4.090085724977e-07  -3.963291222909e-07  -1.188759765653e-07  -1.169671788483e-08   3.249570253810e-07  -7.516028122578e-07  -2.236998210246e+00   5.086617962243e-09   3.877239708536e-09  -1.140633096547e-08   9.347742970845e-09  -7.619711237654e+00   5.894797550382e-08  -4.092964432222e-08   3.314757949179e-08  -9.254024627251e+00   7.053130193839e-08  -3.886151702607e-08   2.993865492432e-08  -5.518474342927e+00   4.637864872325e-08  -1.674296846044e-08   1.250267748153e-08  -2.078357306920e+00  -6.672959213315e-09   1.538340749729e-01   1.449990494606e-08   4.108764617998e-01  -1.397100424124e-08   3.097261223865e-09   2.905572268350e-09   2.135671539920e-08   3.623889330064e-09  -1.809326901054e-01   3.896284475943e-08   8.166892171924e-08   1.627483399454e-08  -9.250769006988e-01   5.322669377150e-08   7.739844441642e-08   1.924827640733e-08  -1.491563721011e+00   3.155743138930e-08   2.643542691672e-08   8.286517062274e-09  -7.652376097915e-01   2.353069327837e-08  -1.616022263587e-01  -8.695937979412e-08  -1.642182804654e+00   5.415009087465e-08   4.558702800138e-07   7.645213134220e-06   1.332724434232e-05   5.774585943618e-06   4.754253202341e-06  -2.357833033610e-06  -2.931708034654e-02   7.835805145117e-03   1.677171533041e-01   3.351874055418e-01   1.529976617141e-01   8.653613459043e-02   3.353764648804e-02   2.533336007142e-02  -7.836098926171e-03  -1.677231147070e-01  -3.351990020682e-01  -1.530028842914e-01  -8.653954607829e-02  -3.353609223212e-02   2.533652872730e-02
  -2.722162962203e+00  -5.422742693529e+00  -5.672027845110e+00  -3.897263578043e+00   1.802347819496e+00  -3.678650420621e+00   6.427127456275e-07  -5.480589523929e+00  -5.539449607787e+00   1.724538381748e-01   7.283264422856e-02   2.182055484282e-08  -9.569824006302e+00   5.501519763228e-01   2.216777358807e-01   7.053130193839e-08  -9.579426550219e+00   8.629004576112e-01   2.715598463279e-01   1.231465978374e-07  -6.827669887426e+00   5.445296203453e-01   1.462215527464e-01   8.602000837470e-08   2.425693602521e-02   4.071868152571e-08   1.497780391730e-01  -5.086956033762e-08  -1.201213591338e-01  -9.198839330593e-01  -9.898908102353e-01  -1.235238272356e+00  -1.223691744068e-01   3.452121957050e-08  -2.981366801596e+00  -3.704916821739e+00  -3.585116007856e-01   8.154653296751e-08  -4.547935708740e+00  -5.790491366679e+00  -5.372158136853e-01   4.815120923714e-08  -3.852783650384e+00  -3.487029684813e+00  -3.174759452073e-01   9.199285996589e-09  -4.058879044158e-01   9.727799583381e-08   1.245646204382e+00   3.527462137337e-08  -2.109587344589e+00  -2.543297831717e-01  -1.103984463467e+00  -2.609588355130e+00  -2.816842872678e+00  -6.697808524444e-01   4.174688599444e-01  -1.497068206494e-05  -2.083367365105e-01  -9.696230797109e-01  -2.449207811434e+00  -2.744517506583e+00  -5.378180349576e-01  -2.439999592436e-01  -3.482220517051e-01  -2.083369811775e-01  -9.696236341111e-01  -2.449208224104e+00  -2.744517665528e+00  -5.378203050449e-01  -2.439788372922e-01   3.482342477137e-01
  -1.384192251006e+00  -1.387007447395e+00  -2.206836565782e-01   3.306684989254e-01  -1.965411080995e+00  -1.349672692571e+00   2.041265705685e-07   1.170251886640e-02   7.330764193926e-03  -2.701806457450e+00   2.493471288483e-03  -4.502955364702e-09   2.922736168463e-01  -5.810900966180e+00   1.382977774472e-02  -3.886151702607e-08   8.629004576112e-01  -7.595776420384e+00  -1.521492400227e-02  -1.236699267125e-07   9.470718407019e-01  -4.863601803047e+00  -2.545608467957e-02  -1.065272820233e-07   1.365299702757e-01  -7.690164241063e-09  -2.060560640464e-01   5.445438506589e-08   3.972575040809e-01   2.314419538952e+00   2.504431518491e+00   1.886276045498e+00   2.695281762743e-01  -8.459668500137e-08   5.079751772946e+00   3.447556161038e+00   5.519399420225e-01  -2.014422470906e-07   4.328193335957e+00   1.525837477537e+00   4.689093790146e-01  -1.534845680144e-07   1.856564112709e+00  -6.097844624727e-01   1.452502774766e-01  -5.975226846069e-08   4.031064275547e-01  -3.369071949007e-07  -6.183465461806e-01  -6.793763575320e-08   9.967018568095e-01   6.971624301091e-01   2.062919759711e+00   2.569054245011e+00   1.456221593784e+00   1.307088733668e+00  -1.038763157166e+00   3.714532932778e-05   5.544857709883e-01   1.774497009670e+00   2.358784392456e+00   1.390539993224e+00   1.004356703487e+00   5.895016013746e-01   8.447383935889e-01   5.544877830231e-01   1.774501972870e+00   2.358789862700e+00   1.390542491454e+00   1.004364948665e+00   5.894516209341e-01  -8.447697812462e-01
   3.332802871840e+00   4.044546135655e+00   2.221114470174e+00   7.539794196659e-01  -1.708707404300e+00   8.106845973604e-01  -6.593318633914e-07   4.942839200714e-03   3.096352995121e-03   2.493471288483e-03  -2.681497416872e+00   3.689259379166e-09   1.177684647671e-01   1.382977774472e-02  -5.615019250980e+00   2.993865492432e-08   2.715598463279e-01  -1.521492400227e-02  -6.901750703769e+00   7.830266036263e-08   2.543154861291e-01  -2.545608467957e-02  -4.304640214574e+00   6.183899014904e-08   2.394178147115e-01   8.426597737156e-08  -9.580613061793e-02  -7.690164241063e-09  -1.282847745249e-01   2.331185688159e-01   2.521864768925e-01   2.748396166393e-01  -8.012471629414e-01   4.399920284556e-09   5.218363722923e-01   5.907986981034e-01  -2.112642889050e+00   5.509118860814e-08   4.962011363788e-01   5.918542896521e-01  -3.144405032631e+00   7.696149390648e-08   2.679040375611e-01   2.355342275384e-01  -1.967946572733e+00   3.793677204498e-08  -2.078732113917e+00   1.366547157071e-06  -6.493013499159e-02  -8.458865773454e-08   5.485847882801e-01  -3.049353647471e-01  -7.715140243790e-01  -8.086167213123e-01  -3.029067010411e-01  -6.768546884387e-01   5.443755319797e-02  -1.381196233176e-05   1.989923362928e-01   5.847199860837e-01   7.547884056334e-01   4.279976036332e-01   4.454715329756e-01  -7.801834118246e-02   2.745564031872e-01   1.989765757521e-01   5.846753460441e-01   7.547345238635e-01   4.279718431557e-01   4.454380063500e-01  -7.805031747952e-02  -2.745448758085e-01
  -4.729241086475e-07  -4.919059104746e-07  -1.813849863520e-07   5.388277822538e-09   1.914754147374e-07  -5.054795591524e-07  -2.580415344055e+00   1.480677460415e-09   9.275327806087e-10  -4.502955364702e-09   3.689259379166e-09  -2.668453822809e+00   3.747044381599e-08  -3.886151702607e-08   2.993865492432e-08  -5.518474342927e+00   1.231465978374e-07  -1.236699267125e-07   7.830266036263e-08  -6.744978961422e+00   1.496100939670e-07  -1.065272820233e-07   6.183899014904e-08  -4.217459987163e+00  -7.690164241063e-09   9.887365889379e-02  -5.363000550884e-09   2.797757466564e-01  -1.490579615284e-08   2.943672149104e-08   3.045961672514e-08   4.500269721503e-08   1.738715292089e-08  -8.277217418269e-01   1.450108380731e-07   1.280609323600e-07   8.783133231272e-08  -2.160893271194e+00   1.961291094287e-07   1.480241343558e-07   1.059564752241e-07  -3.161827887839e+00   1.355787549516e-07   6.852056239645e-08   4.985352924430e-08  -1.959223558945e+00  -6.298138334903e-08  -1.942733944381e-01  -1.079870391965e-06  -2.133984949083e+00  -6.203221309052e-07   1.161040757061e-05   3.040597154978e-05   3.393902157602e-05   1.560725230437e-05   2.605427065661e-05  -1.498823513804e-05  -3.248333900012e-01   2.607255338306e-01   7.308532055834e-01   8.705128264289e-01   4.142946698623e-01   5.752906423625e-01   2.455674266580e-01   7.233370356393e-02  -2.607347554282e-01  -7.308786085925e-01  -8.705426572681e-01  -4.143087058461e-01  -5.753125933982e-01  -2.455549352843e-01   7.235729481480e-02
  -2.069921791056e+00  -4.341529449807e+00  -5.561377230481e+00  -4.711499342155e+00   9.137234201819e-01  -1.682431633900e+00   3.512043525130e-07  -2.474398653490e+00  -2.494183354166e+00   8.604648666650e-02   3.633728262225e-02   1.088767590613e-08  -5.139551893181e+00   3.583446588477e-01   1.400242187399e-01   4.637864872325e-08  -6.827669887426e+00   9.470718407019e-01   2.543154861291e-01   1.496100939670e-07  -6.698122612343e+00   9.308079111410e-01   2.002552052682e-01   1.653210427584e-07   1.445932692405e-02   2.623252200581e-08   9.715853053432e-02  -3.319410244620e-08  -8.023016798963e-02  -1.309820127424e+00  -1.413248683178e+00  -6.798530982730e-01  -6.622403960648e-02   6.496221748438e-08  -3.549443853926e+00  -2.123034429797e+00  -2.003562858271e-01   1.839485246476e-07  -5.066129627289e+00  -3.972091529358e+00  -3.507915291998e-01   1.774072091199e-07  -4.779959964501e+00  -3.303980283404e+00  -2.868059668197e-01   7.772920613331e-08  -1.386597997602e-01   1.208215281180e-07   4.519721009289e-01   7.302139127446e-08  -7.604079360675e-01  -7.792668844946e-01  -1.996849469145e+00  -3.468374336309e+00  -3.716917700490e+00  -8.135402837836e-01   6.293407460702e-01  -2.192308000015e-05  -7.184155338918e-01  -1.872823347515e+00  -3.334918898674e+00  -3.646235432368e+00  -7.137467971103e-01  -3.758499608321e-01  -5.597724241796e-01  -7.184157328861e-01  -1.872823544781e+00  -3.334918811852e+00  -3.646235375575e+00  -7.137497044765e-01  -3.758157377059e-01   5.597916362603e-01
  -7.104310761138e-01  -9.472961601038e-01  -3.233271656715e-01   3.176978924614e-01  -1.219733002039e+00  -4.167798987672e-01   6.328541262213e-08   3.249049903160e-03   1.913785472440e-03  -7.993994672494e-01   7.587469706027e-04  -1.371921385388e-09   1.094577349707e-01  -2.204644557169e+00   4.404533016254e-03  -1.674296846044e-08   5.445296203453e-01  -4.863601803047e+00  -2.545608467957e-02  -1.065272820233e-07   9.308079111410e-01  -5.463176927370e+00  -4.571674490460e-02  -1.363549783778e-07   5.126595646881e-02  -3.496661977644e-09  -7.955230888276e-02   2.137370010555e-08   1.533956050428e-01   1.978135146595e+00   2.139652204873e+00   2.429627924187e-01   9.314404011767e-02  -9.378710298510e-08   4.526457760838e+00   4.324725718337e-01   2.281277484756e-01  -2.511678492882e-07   4.708497620142e+00  -4.679180673117e-01   2.943735045106e-01  -2.290124553636e-07   2.742353096161e+00  -1.638704301331e+00   1.552273258693e-01  -9.844821388575e-08   4.691046054669e-02  -3.528874875778e-07   8.958032208882e-02  -8.268684324015e-08  -1.799101051813e-01   1.417487171133e+00   3.000958416848e+00   3.574013904751e+00   2.348931421791e+00   8.002545740910e-01  -1.071835832787e+00   3.732839363266e-05   1.267916908630e+00   2.744166232872e+00   3.355013547272e+00   2.254469248615e+00   6.413461668014e-01   6.244346697902e-01   9.300519172027e-01   1.267920430066e+00   2.744172854624e+00   3.355020812850e+00   2.254473395104e+00   6.413537274776e-01   6.243791390939e-01  -9.300858253610e-01
   1.705955829491e+00   2.703786012289e+00   2.306961304799e+00   1.121803435193e+00  -5.979199071074e-01  -3.768398587819e-01  -2.652781278557e-07   1.372307614262e-03   8.083429357486e-04   7.587469706027e-04  -7.932092562595e-01   1.123781234939e-09   4.277092861825e-02   4.404533016254e-03  -2.116566928032e+00   1.250267748153e-08   1.462215527464e-01  -2.545608467957e-02  -4.304640214574e+00   6.183899014904e-08   2.002552052682e-01  -4.571674490460e-02  -4.766639963561e+00   6.852952903758e-08   8.867659501694e-02   3.447166840591e-08  -3.598446178306e-02  -3.496661977644e-09  -4.703017199646e-02   1.992225499580e-01   2.154501553727e-01   9.656733346752e-02  -7.011899394439e-01  -1.829716140915e-09   4.612273720025e-01   2.487969317839e-01  -1.910788006396e+00   2.921329219496e-08   5.113373287677e-01   3.702930964449e-01  -3.478053081469e+00   5.682563669583e-08   3.396403055477e-01   2.260883257801e-01  -3.147921118632e+00   3.660585339091e-08  -8.452692626138e-01   2.715346048612e-06   2.629989793023e-02  -1.772540531067e-07   1.722374190349e-01  -6.297415168071e-01  -1.171662085205e+00  -1.203278550816e+00  -6.087894177856e-01  -5.730845530984e-01  -1.984554562167e-01  -1.358731253905e-05   4.599382949596e-01   9.258054885478e-01   1.075042125479e+00   6.823755727661e-01   4.131315349496e-01  -3.351003709009e-01   3.000047128318e-01   4.599012937035e-01   9.257333748101e-01   1.074962536470e+00   6.823299743688e-01   4.131002847006e-01  -3.351346001380e-01  -2.999919681511e-01
  -2.409984075985e-07  -3.034733576622e-07  -1.486343798088e-07  -1.482722933424e-09   4.896428629061e-08  -1.692846648668e-07  -1.422725091478e+00   4.110910731197e-10   2.421435772833e-10  -1.371921385388e-09   1.123781234939e-09  -7.892371790411e-01   1.416653413130e-08  -1.674296846044e-08   1.250267748153e-08  -2.078357306920e+00   8.602000837470e-08  -1.065272820233e-07   6.183899014904e-08  -4.217459987163e+00   1.653210427584e-07  -1.363549783778e-07   6.852952903758e-08  -4.699179027187e+00  -3.496661977644e-09   3.596921237400e-02  -4.594285685707e-09   1.042835592154e-01  -6.548984150181e-09   2.514839019462e-08   2.596394467442e-08   1.836616453204e-08   9.422166327568e-09  -7.101150279670e-01   1.366008832500e-07   6.978629673895e-08   6.129343439289e-08  -1.928770903243e+00   2.204431398081e-07   1.133746605205e-07   9.045406189499e-08  -3.485570501391e+00   1.888028724500e-07   7.825202089308e-08   5.361159983102e-08  -3.142029103572e+00  -1.635102276296e-07  -5.394520103718e-02  -2.146518322107e-06  -8.569071766332e-01  -1.338938856110e-06   2.390675924555e-05   4.570832769689e-05   4.906402504251e-05   2.759274004229e-05   2.205950214595e-05  -1.521578585659e-05  -5.817408914456e-01   6.052516626595e-01   1.175566638720e+00   1.290252339066e+00   7.382040278064e-01   5.341706782245e-01   2.572580689783e-01  -1.635410668865e-01  -6.052725204951e-01  -1.175606940842e+00  -1.290296333408e+00  -7.382290499774e-01  -5.341908894485e-01  -2.572439129231e-01  -1.635154644571e-01
   1.433075928522e+00   5.720822648134e-01   6.254713929526e-02   6.999594356873e-03   1.167341772284e+00   1.244075918232e+00  -3.095325751449e-07   9.936063521034e-04   4.119416790740e-04   7.442937470629e-02   1.557370337955e-01  -1.276404349725e-09   2.103377429497e-02   1.946580086729e-01   3.634482682089e-01  -6.672959213315e-09   2.425693602521e-02   1.365299702757e-01   2.394178147115e-01  -7.690164241063e-09   1.445932692405e-02   5.126595646881e-02   8.867659501694e-02  -3.496661977644e-09  -6.861060712332e+00  -6.488107605600e-08  -2.464338543281e-02   3.350091707624e-08  -3.204658468560e-02  -2.707276073135e-02  -2.629658601770e-02  -2.175428900516e-01   2.311805719874e-01  -3.179005603222e-09  -2.126177622669e-01  -4.177952755524e-01   9.118318479336e-01  -1.208825218384e-08  -9.698238436032e-02  -7.360222888842e-02   6.484057647832e-01  -8.243771715706e-09  -1.081904251856e-02   1.760517330313e-02   1.306763540105e-01  -2.137762440111e-09   1.666087917851e+00  -1.894202852758e-08   1.368985670170e-01  -1.878677143202e-08  -6.489279717328e-01   1.157002945793e-02   1.831670120954e-01   1.340798793953e-01   2.483279176932e-02   1.448015839927e-01  -4.447900164883e-02   2.885960237593e-06  -5.094167266447e-03  -1.182294963022e-01  -1.138355070675e-01  -2.290862580483e-02  -7.055997216991e-02  -9.492915009819e-03  -4.075441860881e-02  -5.093790663032e-03  -1.182207806192e-01  -1.138275635649e-01  -2.290703841559e-02  -7.055494843606e-02  -9.488069919080e-03   4.075279827392e-02
   4.967901143811e-07   2.094963427189e-07   3.599375795737e-08   1.282844352651e-08  -3.136003444081e-07   4.493464971403e-07   2.065978709326e+00   1.467721385764e-09   6.085006533488e-10  -1.276404349725e-09   3.020260163434e-08   6.602115458175e-02   3.174907020398e-08  -6.672959213315e-09   9.862870925236e-08   1.538340749729e-01   4.071868152571e-08  -7.690164241063e-09   8.426597737156e-08   9.887365889379e-02   2.623252200581e-08  -3.496661977644e-09   3.447166840591e-08   3.596921237400e-02  -6.488107605600e-08  -6.649255244082e+00   3.988816661537e-09   7.830655044225e-03  -1.903723014938e-08  -3.006446345065e-10  -3.050636405862e-10  -2.844714764266e-09   6.144053195354e-09   2.590899631752e-02   1.015917308746e-09   3.527097361988e-10   3.718724803558e-08   1.021173827009e-01   1.242062307401e-08   1.916337751572e-08   4.341279991488e-08   8.252857700061e-02   1.295245818921e-08   1.242905951413e-08   1.717968093416e-08   2.246756033956e-02   6.672800356960e-08  -3.427933520105e-01   3.359121155346e-09   2.248895792074e-01  -1.257196789495e-08   1.982461599145e-07   3.034324647975e-06   2.060187608665e-06   2.786174844161e-07   2.704609808741e-06  -7.478957676888e-07  -1.454067405507e-02  -2.444420516163e-03  -5.406646867410e-02  -4.918390321548e-02  -9.979536112099e-03  -3.706771157294e-02  -4.299849305173e-03  -1.153692850854e-02   2.444316144358e-03   5.406413596650e-02   4.918202894339e-02   9.979286030869e-03   3.706620280047e-02   4.297707536152e-03  -1.153733851781e-02
