ARMA_MAT_TXT_FN008
144 144
  -9.502800745626e+00  -1.195088753453e+01   5.839700133127e-20   1.108834998553e-03  -5.989060611367e-05  -4.406493320558e+00  -3.971250597012e-20  -1.627870644357e-03  -1.804501538187e-05  -1.982911487062e+00  -5.681528377798e-20  -1.419979879760e-03  -5.643528574875e-06  -8.357917354342e-01  -3.662547889390e-20  -6.854845800105e-04   2.751122726140e-06  -1.930184022726e-19  -8.116461276905e-06  -9.471316937653e-04  -8.413833538311e-20   5.706882811810e-03  -2.058000665450e-03  -1.321621465789e-03   1.413327309949e-18   3.860317672917e-02  -2.978316337315e-06  -2.778563971271e-01   4.437705753066e-17   8.587261915512e-01  -4.475988058369e-06  -8.115954239450e-01   7.998236266470e-17   1.505533772518e+00  -3.708077343766e-06  -6.348448196470e-01   3.476325450794e-17   6.618714816217e-01   9.655232105854e-07  -6.154309350686e-17   3.571018370225e-06   5.360835293365e-01   2.203554822176e-19   9.270259615498e-01  -1.333610348883e-01  -9.601543599279e-01  -1.018510222199e+00  -6.231717603768e-01  -1.882738330593e-17  -5.925255030892e-01  -9.656490968132e-01  -3.000411980597e-04  -2.912977539804e-02  -3.144226093339e-01  -4.100358362413e-01   5.439543542694e-20   2.477995667425e-03  -1.391514086299e-03  -1.337182209242e-01  -9.610867296018e-01  -1.018837061052e+00  -6.232407935580e-01  -1.939518743028e-17  -5.908497573674e-01   9.689116037093e-01  -3.033111012714e-04  -2.938219306401e-02  -3.153537708929e-01  -4.104679770848e-01   5.593048599654e-20   2.509854631788e-03   1.411806158422e-03   1.937243047329e-07   9.694374126746e-08  -4.419833147833e-06   1.035447327893e-05  -9.082612954368e-06  -3.581688909629e-06  -5.919446806727e-06   1.701703867998e-05  -1.818197702767e-05  -1.294036976631e-03   1.170435741028e-03   1.195849800331e-03  -6.566297115201e-03  -8.591019294824e-02   4.481932370638e-02   4.474272098701e-02  -2.496927800866e-01  -4.898720044051e-06   2.593574717834e-07  -3.575632671246e-06   1.597094207994e-06  -1.532741122648e-07   1.937243047329e-07   9.694374126746e-08   4.419833147833e-06   1.035447327893e-05  -9.082612954368e-06  -3.581688909629e-06   5.919446806727e-06   1.701703867998e-05  -1.818197702767e-05  -1.294036976631e-03  -1.170435741028e-03   1.195849800331e-03  -6.566297115201e-03  -8.591019294824e-02  -4.481932370638e-02   4.474272098701e-02  -2.496927800866e-01   4.898720044051e-06   2.593574717834e-07  -3.575632671246e-06  -1.597094207994e-06  -1.532741122648e-07  -1.381519524458e-05  -1.601814735519e-04  -4.707483284409e-02  -2.082968451284e-01   4.308883632734e-06   5.370229249597e-06  -1.040151289335e-05  -1.381519524458e-05  -1.601814735519e-04  -4.707483284409e-02  -2.082968451284e-01  -4.308883632734e-06   5.370229249597e-06  -1.040151289335e-05   3.096416399914e-06   3.714349342703e-06  -3.585491177107e-04  -3.626027921370e-02  -3.534670199259e-06   4.424012206983e-06  -6.703307766580e-07   3.096416399914e-06   3.714349342703e-06  -3.585491177107e-04  -3.626027921370e-02   3.534670199259e-06   4.424012206983e-06  -6.703307766580e-07
  -1.195088753453e+01  -8.724982539674e+00  -3.055344828170e-19   5.455533813341e-04  -4.939929227368e-05  -3.931159002556e+00   1.362831929577e-18  -2.146625505774e-03   5.477923810253e-06  -1.861639559708e+00   1.529757120837e-18  -2.425482029552e-04  -7.487252174427e-06  -7.976003636195e-01   5.932936634570e-19   6.542501834958e-04  -4.653852498156e-05  -8.148426129171e-19  -1.672369540473e-05  -2.232223237531e-03  -4.183386918602e-20   8.468088864188e-03  -1.321621465789e-03  -7.692791070595e-04   1.641706314944e-18   4.770395383524e-02   5.846964173935e-07  -2.814854332536e-01   2.943789411652e-17   8.391137651285e-01   2.113273932341e-06  -7.714482644137e-01   5.166931930476e-17   1.412204400729e+00  -6.720248336716e-06  -6.060030990418e-01   2.293299793195e-17   6.303111335830e-01  -3.734251804140e-05  -4.517993434995e-17  -2.768417068982e-06   5.189282811077e-01   1.507632246708e-19   8.964861350280e-01  -1.555310937545e-01  -9.167964625985e-01  -9.677811625506e-01  -5.960553094948e-01  -1.435767488588e-17  -5.802755096507e-01  -9.457048218966e-01   4.802209560579e-04  -2.962553464274e-02  -3.014179168880e-01  -3.921019448451e-01   1.150958789384e-19   3.254170158384e-03  -9.547748192668e-04  -1.559066750470e-01  -9.176442850856e-01  -9.681101784079e-01  -5.961511415824e-01  -1.481693161102e-17  -5.785368282506e-01   9.487446255377e-01   4.750617078399e-04  -2.988592476073e-02  -3.023169154835e-01  -3.925344574306e-01   1.186195389387e-19   3.293024407678e-03   9.778467097395e-04   9.694374126746e-08   1.581030201280e-06   1.366401053250e-05  -2.876948759256e-05   3.610684006480e-05   2.684738026201e-05   1.887810016590e-05  -3.965296568695e-05   4.862529813819e-05  -1.370149569826e-03   1.241043110955e-03   1.270501980430e-03  -6.850787227528e-03  -8.292887139306e-02   4.304704153485e-02   4.325468359326e-02  -2.397234112612e-01   1.101141015597e-05   4.095444118305e-06  -2.621665402181e-06   6.087451340917e-06   4.379294504939e-06   9.694374126747e-08   1.581030201280e-06  -1.366401053250e-05  -2.876948759256e-05   3.610684006480e-05   2.684738026201e-05  -1.887810016590e-05  -3.965296568695e-05   4.862529813819e-05  -1.370149569826e-03  -1.241043110955e-03   1.270501980430e-03  -6.850787227528e-03  -8.292887139306e-02  -4.304704153485e-02   4.325468359326e-02  -2.397234112612e-01  -1.101141015597e-05   4.095444118305e-06  -2.621665402181e-06  -6.087451340917e-06   4.379294504939e-06   3.831994637154e-05  -1.964134051077e-04  -4.631909095998e-02  -2.000106528733e-01   5.403782099797e-06   1.294668825456e-05  -7.939512600811e-05   3.831994637154e-05  -1.964134051077e-04  -4.631909095998e-02  -2.000106528733e-01  -5.403782099797e-06   1.294668825456e-05  -7.939512600811e-05  -9.596168960528e-06  -6.284496828377e-06  -3.784329532439e-04  -3.509198217021e-02   8.066162475336e-06  -1.027430558728e-05   4.947836133178e-06  -9.596168960528e-06  -6.284496828378e-06  -3.784329532439e-04  -3.509198217021e-02  -8.066162475336e-06  -1.027430558728e-05   4.947836133178e-06
   5.839700133127e-20  -3.055344828170e-19   1.107731214954e+00  -6.659595393723e-18  -5.114668171639e-19   2.909628030660e-18  -3.033461105419e-01  -1.251242614252e-17  -2.338074877806e-20   9.668973900382e-18  -3.882842845588e-01  -7.547518235332e-18   1.163320721959e-18   8.815934876042e-18  -1.575655975766e-01  -1.537417616607e-18  -6.192593502953e-19  -5.171823596186e-02   8.195194045563e-20   5.849776649148e-18   1.728515374022e-04  -1.912430721454e-18  -1.383642618217e-18  -1.494661767860e-18  -1.119294307408e-01   8.297866767082e-18  -5.022015921857e-20   8.789647204711e-18  -2.213454809732e-01  -2.812096424682e-17  -5.805299572792e-19   1.223127568842e-17  -2.476566768701e-01  -1.867868901092e-17  -1.223274096983e-18   4.546801102088e-18  -1.342177272628e-01  -2.040322737084e-18  -2.955564311081e-20   2.072034154494e-01   2.122529888164e-18  -3.494305900558e-17   8.510872732003e-05  -1.182963684501e-16   1.190928485468e-17   4.999053320074e-17   8.319740190655e-18   7.213419188199e-18  -1.678123113998e-01  -2.851561974560e-17  -4.431769880706e-17   1.060554773319e-18  -8.394329111836e-18  -7.167804976372e-18   2.330077203076e-18  -2.622744288141e-02   2.762829943515e-18   6.114884923104e-21   1.378477084322e-17   5.419956852025e-17   7.312558860521e-18   9.017252022704e-19  -1.678469636471e-01  -2.602381964977e-17   4.185788908796e-17   5.673750383865e-19  -1.399310078006e-18  -1.783574312539e-18  -1.314850319804e-18  -2.626177746569e-02   2.810433474439e-18   1.407190186520e-20  -1.035447327893e-05   2.876948759256e-05   2.522913869849e-04  -1.194083982792e-05   6.524190209947e-04   4.883578677476e-04   4.057714915835e-04  -1.612650592935e-05   7.468240190168e-04  -6.801674560830e-04  -1.000228014302e-03   3.087766031096e-04  -3.062753492825e-03  -5.663065785865e-03  -1.886133881528e-02   1.634912203845e-03  -1.463454400333e-02  -1.032909711961e-05  -1.161467604697e-05  -1.837062255508e-05   4.360572289552e-04  -3.423836906756e-05   1.035447327893e-05  -2.876948759256e-05   2.522913869849e-04   1.194083982792e-05  -6.524190209947e-04  -4.883578677476e-04   4.057714915835e-04   1.612650592935e-05  -7.468240190168e-04   6.801674560830e-04  -1.000228014302e-03  -3.087766031096e-04   3.062753492825e-03   5.663065785865e-03  -1.886133881528e-02  -1.634912203845e-03   1.463454400333e-02  -1.032909711961e-05   1.161467604697e-05   1.837062255508e-05   4.360572289552e-04   3.423836906756e-05   4.581677396429e-04  -1.479263908799e-03  -1.550317574390e-02  -1.927650507039e-02  -2.290543177272e-04   2.732403011954e-05  -1.753177844318e-03  -4.581677396429e-04   1.479263908799e-03   1.550317574390e-02   1.927650507039e-02  -2.290543177272e-04  -2.732403011954e-05   1.753177844318e-03  -2.904614628133e-04  -1.986739778852e-04  -3.650811874694e-04  -3.969887808442e-03   1.004299244215e-04   2.648645428980e-08   1.472352427099e-04   2.904614628133e-04   1.986739778852e-04   3.650811874694e-04   3.969887808442e-03   1.004299244215e-04  -2.648645428980e-08  -1.472352427099e-04
   1.108834998553e-03   5.455533813341e-04  -6.659595393723e-18   9.658380474144e-01  -2.016600011667e-04  -2.866185755023e-02  -1.256354338406e-17  -4.989803369446e-01  -2.267813675104e-04  -1.297131196683e-02  -7.517792816462e-18  -4.770857412533e-01   7.052252937174e-06   6.098052512384e-03  -1.539518091523e-18  -1.654716407136e-01   4.300682472734e-04  -5.283838218221e-18   2.879307604297e-04   1.055568838416e-01   8.445943069675e-20   7.299442008645e-02  -3.860317672917e-02  -4.770395383524e-02   8.314773200621e-18   3.344897064494e-01  -3.248540960393e-05  -3.238678866166e-01  -2.826542633901e-17   3.986174077525e-01  -1.961756495673e-05  -2.317653956308e-01  -1.855621635738e-17   1.210694040715e-01   7.300770149855e-05  -6.052637217155e-02  -1.965573841381e-18  -5.906989975275e-02   3.665544749313e-04   1.522729420999e-16  -6.818064231165e-05   7.296118515678e-02   2.109109487591e-18   1.088901113888e-01   2.208137320225e-01   2.004805351031e-01   9.281649129806e-02   3.099694158802e-02  -2.846758546018e-17  -7.962765137058e-02   1.642515363299e-01   5.220385150820e-03  -5.348751563410e-02  -1.027983478179e-01  -4.580096480466e-02   2.763754410201e-18   4.625002227516e-02  -1.302941046313e-02   2.198504472545e-01   1.995207464463e-01   9.257952452850e-02   3.115342204846e-02  -2.601451073249e-17  -8.094103653262e-02  -1.634833929713e-01   5.046125373292e-03  -5.385082392007e-02  -1.027945557887e-01  -4.557688515081e-02   2.812323175863e-18   4.658253520443e-02   1.333672227487e-02   4.419833147833e-06  -1.366401053250e-05  -7.120981971500e-05   2.522913869849e-04  -2.863746621110e-04  -2.313241783853e-04  -1.133568314348e-04   3.581812061227e-04  -3.198854067401e-04   1.997509115897e-04  -2.188792224070e-04  -1.313405615532e-03   8.454680423930e-06  -1.358507917507e-03   8.120331992816e-04  -1.875200247799e-02  -8.318089260164e-03  -9.832412161098e-05  -3.302030836457e-05   7.942232329588e-05  -4.746326941156e-05  -1.048263389663e-04   4.419833147833e-06  -1.366401053250e-05   7.120981971500e-05   2.522913869849e-04  -2.863746621110e-04  -2.313241783853e-04   1.133568314348e-04   3.581812061227e-04  -3.198854067401e-04   1.997509115897e-04   2.188792224070e-04  -1.313405615532e-03   8.454680423929e-06  -1.358507917507e-03  -8.120331992816e-04  -1.875200247799e-02  -8.318089260164e-03   9.832412161098e-05  -3.302030836457e-05   7.942232329588e-05   4.746326941156e-05  -1.048263389663e-04  -2.683068265159e-04  -5.335600585045e-05  -3.599497948981e-03  -4.708581313681e-03  -6.201052516274e-06  -7.193516151640e-05   3.729396805306e-04  -2.683068265159e-04  -5.335600585045e-05  -3.599497948981e-03  -4.708581313681e-03   6.201052516274e-06  -7.193516151640e-05   3.729396805306e-04   8.265174760411e-05   5.056451188125e-05   1.489702537265e-04   1.581730226811e-04  -6.738575644085e-05   9.453411875908e-05  -6.649628578181e-05   8.265174760411e-05   5.056451188125e-05   1.489702537265e-04   1.581730226811e-04   6.738575644085e-05   9.453411875908e-05  -6.649628578181e-05
  -5.989060611367e-05  -4.939929227368e-05  -5.114668171639e-19  -2.016600011667e-04   1.008118907337e+00   2.148029027399e-04  -6.557817491501e-20  -2.224253539667e-04  -4.456969618684e-01   7.186668695876e-05   8.299076897694e-19  -1.251394916516e-04  -4.701938947505e-01  -5.126870334137e-04  -1.824896853939e-19  -7.198960015660e-05  -1.779514363644e-01   5.346178602108e-20   9.390773653177e-02  -2.736014634349e-04   5.716766284344e-18  -5.150245226931e-05  -2.978316337329e-06   5.846964173701e-07  -2.539300104328e-20   3.248540960401e-05  -5.072433182065e-02   5.976867298545e-05   1.187857997368e-18   4.295250339077e-06  -1.425781023830e-01   2.102109097471e-06  -1.186159504220e-18   6.932105211188e-06  -2.108782402216e-01  -4.329586888081e-04   2.582051953236e-19   3.455744991733e-04  -1.301552947351e-01  -4.868754833231e-18   2.025954634301e-01  -2.855279866500e-05  -2.875228326792e-17  -1.043504058106e-05   3.577512110710e-01   3.296713455101e-01   1.560456786717e-01   4.241543689348e-02  -4.737439930095e-17   1.629257111038e-01   8.795680869488e-02   8.696643994833e-04   2.520445329370e-02   4.820517747511e-02   2.593668991651e-02  -3.833366061639e-19  -1.956547058461e-02   5.269119009482e-03  -3.584242563352e-01  -3.301440041975e-01  -1.567848587389e-01  -4.370051803278e-02   4.046785775554e-17  -1.621283227890e-01   8.809800328687e-02  -8.742045349624e-04  -2.540911511645e-02  -4.873847450014e-02  -2.689090341894e-02   4.448093387620e-19   1.977297636933e-02   5.245753154600e-03   9.082612954368e-06  -3.610684006480e-05  -2.863746621110e-04   6.524190209947e-04  -8.652802879753e-04  -6.491165100226e-04  -4.158149037554e-04   8.485801914113e-04  -1.027698030105e-03   3.797298850407e-03  -3.213998055242e-03  -3.655914317595e-03   1.446291517745e-02   3.166141865614e-02  -1.524282404833e-02  -1.924634715126e-02   6.225117730599e-02  -2.464375838271e-04  -2.415048404995e-04   2.431037690996e-04  -1.354122290138e-04  -1.710354546688e-04   9.082612954368e-06  -3.610684006480e-05   2.863746621110e-04   6.524190209947e-04  -8.652802879753e-04  -6.491165100226e-04   4.158149037554e-04   8.485801914113e-04  -1.027698030105e-03   3.797298850407e-03   3.213998055242e-03  -3.655914317595e-03   1.446291517745e-02   3.166141865614e-02   1.524282404833e-02  -1.924634715126e-02   6.225117730599e-02   2.464375838271e-04  -2.415048404995e-04   2.431037690996e-04   1.354122290138e-04  -1.710354546688e-04  -7.463429702982e-04   2.220878951508e-03   3.385009809333e-02   4.448173571525e-02  -2.881565613014e-04  -4.593172220678e-04   1.862532728362e-03  -7.463429702982e-04   2.220878951508e-03   3.385009809333e-02   4.448173571525e-02   2.881565613014e-04  -4.593172220678e-04   1.862532728362e-03   2.394754336729e-04   1.585778580323e-04   1.002337410691e-03   1.470100788465e-02  -2.086907162447e-04   2.667858068192e-04  -1.574109355607e-04   2.394754336729e-04   1.585778580323e-04   1.002337410691e-03   1.470100788465e-02   2.086907162447e-04   2.667858068192e-04  -1.574109355607e-04
  -4.406493320558e+00  -3.931159002556e+00   2.909628030660e-18  -2.866185755023e-02   2.148029027399e-04  -2.171742797610e+00   9.851860419330e-18  -7.938100265039e-02   4.214013714496e-04  -1.517787087311e+00   1.245839505307e-17  -5.708328737762e-02   1.184570685143e-04  -8.395568558644e-01   5.591728397483e-18  -1.191415879229e-02  -7.084328909555e-04  -1.626871454731e-17   2.550015809663e-05  -3.412618502608e-02  -1.818762660444e-18   2.084507567790e-01  -2.778563971271e-01  -2.814854332536e-01  -8.610978024716e-18   3.238678866166e-01   5.976867298542e-05  -5.708099179551e-01  -6.574317346512e-17   7.429081355796e-01   1.878936854211e-04  -8.126189678479e-01  -9.013114782871e-17   1.077025343312e+00   7.569550058870e-05  -6.606580175795e-01  -5.003662820475e-17   6.097828447619e-01  -5.635763434963e-04   1.209109690536e-16  -2.388288525242e-04   2.657061755636e-01   5.153733455504e-18   4.484472413768e-01  -4.288904382701e-01  -8.504003971586e-01  -9.291071738392e-01  -6.492722017382e-01   5.187894381630e-17  -3.204778763361e-01  -5.211555193827e-01  -1.520180504275e-02  -1.277701499429e-01  -3.779304574653e-01  -4.465320674780e-01  -4.159340436261e-18   9.044118799449e-02  -4.748310995805e-02  -4.289906582742e-01  -8.506675866567e-01  -9.296438696400e-01  -6.498059150206e-01   4.214139807157e-17  -3.188922028258e-01   5.223111734304e-01  -1.540675171015e-02  -1.283197353095e-01  -3.789315550248e-01  -4.472671961323e-01  -2.802086013483e-18   9.074754234655e-02   4.787403853672e-02  -3.581688909629e-06   2.684738026201e-05   2.313241783853e-04  -4.883578677476e-04   6.491165100226e-04   4.624094115615e-04   3.431264817222e-04  -6.359260495059e-04   6.940433810227e-04  -6.633250863854e-03   4.806058427563e-03   5.106409744662e-03  -2.504626257766e-02  -1.086251599033e-01   5.167403635772e-02   5.163834466511e-02  -2.833227786228e-01   1.808373232131e-04   1.409376136566e-04  -2.118708801984e-04   1.200719211947e-04   1.023323539087e-04  -3.581688909629e-06   2.684738026201e-05  -2.313241783853e-04  -4.883578677476e-04   6.491165100226e-04   4.624094115615e-04  -3.431264817222e-04  -6.359260495059e-04   6.940433810227e-04  -6.633250863854e-03  -4.806058427563e-03   5.106409744662e-03  -2.504626257766e-02  -1.086251599033e-01  -5.167403635772e-02   5.163834466511e-02  -2.833227786228e-01  -1.808373232131e-04   1.409376136566e-04  -2.118708801984e-04  -1.200719211947e-04   1.023323539087e-04   5.170550032363e-04  -4.754574923106e-03  -7.910789458444e-02  -2.383652828640e-01   5.136879001171e-04   4.535815116973e-04  -2.275202331160e-03   5.170550032363e-04  -4.754574923106e-03  -7.910789458444e-02  -2.383652828640e-01  -5.136879001171e-04   4.535815116973e-04  -2.275202331160e-03  -1.716619552851e-04  -1.110495111874e-04  -1.716150546543e-03  -4.827394564871e-02   1.508038897848e-04  -1.836539754905e-04   1.077602904975e-04  -1.716619552851e-04  -1.110495111874e-04  -1.716150546543e-03  -4.827394564871e-02  -1.508038897848e-04  -1.836539754905e-04   1.077602904975e-04
  -3.971250597012e-20   1.362831929577e-18  -3.033461105419e-01  -1.256354338406e-17  -6.557817491501e-20   9.851860419330e-18   8.609950755601e-02  -2.760470300695e-17   1.253177507892e-19   1.836019707428e-17  -2.217879027588e-01  -2.245743463412e-17   1.637460685292e-18   1.424084581809e-17  -1.749416914378e-01  -6.753301188291e-18  -6.227317002364e-19  -9.694587809689e-02  -4.799527714387e-19   1.530060003136e-17   5.196778743067e-04   6.501309866652e-18  -4.372046787702e-17  -2.774586335095e-17  -2.213454809732e-01  -3.037554643841e-17  -1.842058063655e-18   6.911775272698e-17  -2.671901497403e-01  -1.531910022714e-16  -5.485417487955e-18   6.909102281319e-17  -2.508900207642e-01  -1.152557220261e-16  -4.556323561473e-18   2.304980532160e-17  -1.609072814461e-01  -2.537598069188e-17  -1.250426443562e-18   4.183640914615e-02   1.059838287162e-17  -3.877361284513e-17   2.359293488074e-04  -2.610319079770e-16   6.997995359758e-17   7.388916127601e-17   2.681519299647e-17   4.998151687227e-18  -3.570361660507e-02  -6.005006187656e-17  -8.849629680665e-17  -2.304369213415e-18  -4.216312027562e-18  -2.512455551296e-18   1.092763367758e-17  -5.894884953795e-02  -1.338392370427e-17   5.371661688329e-18   1.191920495489e-16   7.917927709363e-17  -5.357974164897e-18  -6.467260727135e-18  -3.532730560948e-02  -5.116859376870e-17   8.384502234846e-17  -1.033432476180e-17  -2.341014952988e-18   8.661183624915e-18   3.840564898772e-18  -5.903079577221e-02  -9.678521305625e-18  -4.509853281612e-18  -1.701703867998e-05   3.965296568695e-05   3.581812061227e-04  -1.612650592935e-05   8.485801914113e-04   6.359260495060e-04   5.369217999136e-04  -5.715664093000e-06   8.133138427279e-04  -1.765836843158e-03  -2.698883094271e-03   7.187260850017e-04  -6.474044707967e-03  -7.819987124559e-03  -2.633767093172e-02   1.527862076557e-03  -1.849846297358e-02  -1.130346627381e-05   9.762340709653e-06  -1.720211763723e-04   5.148493114970e-04  -4.288620902720e-05   1.701703867998e-05  -3.965296568695e-05   3.581812061227e-04   1.612650592935e-05  -8.485801914113e-04  -6.359260495060e-04   5.369217999136e-04   5.715664093000e-06  -8.133138427279e-04   1.765836843158e-03  -2.698883094271e-03  -7.187260850017e-04   6.474044707967e-03   7.819987124559e-03  -2.633767093172e-02  -1.527862076557e-03   1.849846297358e-02  -1.130346627381e-05  -9.762340709653e-06   1.720211763723e-04   5.148493114970e-04   4.288620902720e-05   2.693348186423e-04  -5.161254803727e-03  -2.344181053625e-02  -2.502841490543e-02   1.021238147720e-05   3.088088681425e-04  -3.859648923499e-03  -2.693348186423e-04   5.161254803727e-03   2.344181053625e-02   2.502841490543e-02   1.021238147720e-05  -3.088088681425e-04   3.859648923499e-03  -3.695126760067e-04  -2.406326683240e-04  -8.132305316547e-04  -5.766780681755e-03   1.307431983060e-04  -2.038809503069e-06   2.324329877371e-04   3.695126760067e-04   2.406326683240e-04   8.132305316547e-04   5.766780681755e-03   1.307431983060e-04   2.038809503069e-06  -2.324329877371e-04
  -1.627870644357e-03  -2.146625505774e-03  -1.251242614252e-17  -4.989803369446e-01  -2.224253539667e-04  -7.938100265039e-02  -2.760470300695e-17  -3.805606580563e-01  -1.867677013706e-04  -1.140407170963e-01  -2.243832345325e-17  -5.918529248943e-01   1.742694805607e-04  -6.801936335482e-02  -6.851557010173e-18  -2.911715839361e-01   7.080784982796e-04  -1.651777881242e-17   7.419745365979e-04   2.944729254001e-01  -4.462093771312e-19   2.508070596331e-01  -8.587261915512e-01  -8.391137651285e-01  -3.029761940719e-17   3.986174077525e-01  -4.295250339181e-06  -7.429081355796e-01  -1.532452123801e-16   2.634703622444e-01   1.333709583597e-04  -4.712329710342e-01  -1.163690409565e-16   6.017025312818e-02   2.976077740540e-04  -1.801546306748e-01  -2.478644576093e-17  -8.705146262071e-02   6.007115006269e-04   2.394403082460e-16  -2.731509104421e-04  -4.399635925349e-02   1.055067906486e-17  -7.640960954410e-02   2.336237245560e-01   1.856850085844e-01   6.739831045495e-02  -7.771071471988e-03  -6.007208473308e-17  -7.417682446199e-02  -3.455988713497e-02  -5.707741349440e-02  -2.141705850386e-01  -2.539120779275e-01  -1.396017839057e-01  -1.335243714198e-17   1.701735166471e-01  -1.261737609487e-01   2.325270614221e-01   1.848100642707e-01   6.719015119445e-02  -7.541594795480e-03  -5.132614189679e-17  -7.428804145281e-02   3.478933637352e-02  -5.758344299398e-02  -2.146448663406e-01  -2.537789166047e-01  -1.392563561647e-01  -9.629285998407e-18   1.702872243181e-01   1.269844122314e-01   5.919446806727e-06  -1.887810016590e-05  -1.133568314348e-04   4.057714915835e-04  -4.158149037554e-04  -3.431264817222e-04  -1.657953297517e-04   5.369217999136e-04  -5.634495891003e-04  -5.917254247640e-04   1.106622445350e-04  -4.146424989510e-03  -2.805415574821e-03  -1.251051232423e-02   6.072443503923e-03  -3.618325470215e-02  -4.137101660258e-02  -1.479042903690e-04  -1.035476337393e-04   2.833773844829e-05  -4.733113077342e-05  -1.498997706858e-04   5.919446806727e-06  -1.887810016590e-05   1.133568314348e-04   4.057714915835e-04  -4.158149037554e-04  -3.431264817222e-04   1.657953297517e-04   5.369217999136e-04  -5.634495891003e-04  -5.917254247640e-04  -1.106622445350e-04  -4.146424989510e-03  -2.805415574821e-03  -1.251051232423e-02  -6.072443503923e-03  -3.618325470215e-02  -4.137101660258e-02   1.479042903690e-04  -1.035476337393e-04   2.833773844829e-05   4.733113077342e-05  -1.498997706858e-04  -4.863899994338e-04  -1.678263705945e-03  -1.216173413854e-02  -3.211157893008e-02   2.846092060795e-04  -2.786321199004e-04  -1.839646293276e-04  -4.863899994338e-04  -1.678263705945e-03  -1.216173413854e-02  -3.211157893008e-02  -2.846092060795e-04  -2.786321199004e-04  -1.839646293276e-04   1.188769491937e-04   7.523122196654e-05   2.426618875971e-05  -4.404442949098e-03  -1.014107881488e-04   1.524888902194e-04  -9.314811026200e-05   1.188769491937e-04   7.523122196654e-05   2.426618875971e-05  -4.404442949098e-03   1.014107881488e-04   1.524888902194e-04  -9.314811026200e-05
  -1.804501538187e-05   5.477923810253e-06  -2.338074877806e-20  -2.267813675104e-04  -4.456969618684e-01   4.214013714496e-04   1.253177507892e-19  -1.867677013706e-04  -2.143209118463e-01   4.100648619041e-04   1.025902897375e-18  -1.788648697203e-05  -4.405817570804e-01  -3.965994093741e-04  -3.720099478491e-19  -1.753526544463e-05  -2.448907303228e-01  -4.099243395873e-19   2.063475581802e-01  -4.641543535683e-04   2.061211784058e-17  -1.124309259118e-04  -4.475988058376e-06   2.113273932296e-06   3.184882766242e-19   1.961756495660e-05  -1.425781023830e-01   1.878936854212e-04   4.989056180864e-18  -1.333709583601e-04  -1.703929513317e-01   2.510838158011e-04   6.247649398595e-18  -2.486249651013e-04  -2.308188285547e-01  -3.249583676270e-04   5.965302348424e-18   2.667454188188e-04  -1.824590647674e-01  -8.086633596735e-18   3.113625206100e-02  -2.304749299673e-05  -9.589821411735e-17  -5.175765810134e-05   3.791684633507e-01   3.204354774860e-01   1.875029187964e-01   6.124003060020e-02  -1.015750292903e-16  -3.311120971823e-02  -1.058129443179e-01   3.382497727430e-02   6.835174059491e-02   6.891159077844e-02   3.858195330669e-02   9.366010376555e-18  -6.786129131115e-02   1.840273681457e-02  -3.795238126548e-01  -3.204312929149e-01  -1.879367443223e-01  -6.250761449536e-02   8.151188381140e-17   3.386757752457e-02  -1.065436829311e-01  -3.401740639018e-02  -6.853899418931e-02  -6.927033632281e-02  -3.950404787774e-02  -6.935745545625e-18   6.804183160167e-02   1.843298405996e-02   1.818197702767e-05  -4.862529813819e-05  -3.198854067401e-04   7.468240190168e-04  -1.027698030105e-03  -6.940433810227e-04  -5.634495891005e-04   8.133138427277e-04  -5.363355586483e-04   1.042059677040e-02  -7.174201606961e-03  -8.066687902301e-03   3.314630103965e-02   5.068935091659e-02  -2.298824571906e-02  -2.856314789183e-02   9.042140250813e-02  -2.466368628554e-04  -5.151005496077e-04   8.751886005959e-04  -2.907013803078e-04  -2.633850241012e-04   1.818197702767e-05  -4.862529813819e-05   3.198854067401e-04   7.468240190168e-04  -1.027698030105e-03  -6.940433810227e-04   5.634495891005e-04   8.133138427277e-04  -5.363355586483e-04   1.042059677040e-02   7.174201606961e-03  -8.066687902301e-03   3.314630103965e-02   5.068935091659e-02   2.298824571906e-02  -2.856314789183e-02   9.042140250813e-02   2.466368628554e-04  -5.151005496077e-04   8.751886005959e-04   2.907013803078e-04  -2.633850241012e-04  -3.065434103633e-04   1.018019585360e-02   5.760570576345e-02   6.783093639438e-02  -1.809193425679e-03  -1.420632660320e-03   5.347722382162e-03  -3.065434103633e-04   1.018019585360e-02   5.760570576345e-02   6.783093639438e-02   1.809193425679e-03  -1.420632660320e-03   5.347722382162e-03   2.820936446271e-04   1.671668401132e-04   2.686683028650e-03   2.459347356309e-02  -2.484679109348e-04   3.192346099282e-04  -2.419017371514e-04   2.820936446271e-04   1.671668401132e-04   2.686683028650e-03   2.459347356309e-02   2.484679109348e-04   3.192346099282e-04  -2.419017371514e-04
  -1.982911487062e+00  -1.861639559708e+00   9.668973900382e-18  -1.297131196683e-02   7.186668695876e-05  -1.517787087311e+00   1.836019707428e-17  -1.140407170963e-01   4.100648619041e-04  -1.166484062097e+00   1.845378209398e-17  -1.968282690331e-01   2.027597968647e-03  -7.281511970154e-01   8.854599011722e-18  -1.068230875206e-01   4.439236336806e-03  -2.245473636279e-17   1.197165966321e-04  -2.206299017636e-02   1.050834261207e-19   2.762864349467e-01  -8.115954239450e-01  -7.714482644137e-01  -1.218829301920e-17   2.317653956308e-01   2.102109097471e-06  -8.126189678479e-01  -6.694464132484e-17   4.712329710342e-01   2.510838158011e-04  -8.383193734946e-01  -1.222089304297e-16   6.823028910905e-01   1.783429513140e-03  -6.343832376408e-01  -1.043676252463e-16   4.230683121009e-01   4.282991222847e-03   2.795385479741e-17  -3.147325308269e-04   1.552166117026e-01   7.762696849872e-18   3.345064244341e-01  -4.120645025211e-01  -6.478595465751e-01  -7.278217702420e-01  -5.665009466834e-01   3.272682875052e-17  -2.321572156989e-01  -3.808700528956e-01  -1.231139780402e-01  -2.773844774896e-01  -4.536639269297e-01  -4.553802035266e-01  -2.945646338244e-17   1.303530028246e-01  -1.416008748681e-01  -4.122233386778e-01  -6.474486351980e-01  -7.256100763805e-01  -5.641696746523e-01   2.205213617516e-17  -2.305157196650e-01   3.819914775916e-01  -1.234813108423e-01  -2.774091744705e-01  -4.520994054264e-01  -4.533818406795e-01  -2.311787003833e-17   1.299265681044e-01   1.423256592124e-01  -1.294036976629e-03  -1.370149569825e-03  -1.997509115848e-04   6.801674560823e-04  -3.797298850400e-03  -6.633250863836e-03   5.917254248029e-04   1.765836843165e-03  -1.042059677036e-02  -2.129787914369e-02   8.680562888041e-03   7.454089402376e-03  -4.478129361001e-02  -1.173921853414e-01   5.191652991348e-02   3.348890080416e-02  -2.723094751921e-01  -4.099378732291e-04   1.369300863595e-03  -4.824478031335e-03   4.552907733857e-04  -8.287611061601e-04  -1.294036976629e-03  -1.370149569825e-03   1.997509115848e-04   6.801674560823e-04  -3.797298850400e-03  -6.633250863836e-03  -5.917254248029e-04   1.765836843165e-03  -1.042059677036e-02  -2.129787914369e-02  -8.680562888041e-03   7.454089402376e-03  -4.478129361001e-02  -1.173921853414e-01  -5.191652991348e-02   3.348890080416e-02  -2.723094751921e-01   4.099378732291e-04   1.369300863595e-03  -4.824478031335e-03  -4.552907733857e-04  -8.287611061601e-04  -1.193660997567e-02  -2.524615623743e-02  -9.517694101891e-02  -2.358085912072e-01   6.370503089502e-03   2.748377735834e-03  -8.516592084799e-03  -1.193660997567e-02  -2.524615623743e-02  -9.517694101891e-02  -2.358085912072e-01  -6.370503089502e-03   2.748377735834e-03  -8.516592084799e-03   3.232829241036e-04  -4.945123056761e-04  -6.870451151470e-03  -5.550390645629e-02  -1.999381148250e-04   1.341689987382e-04  -4.612764691401e-04   3.232829241036e-04  -4.945123056761e-04  -6.870451151470e-03  -5.550390645629e-02   1.999381148250e-04   1.341689987382e-04  -4.612764691401e-04
  -5.681528377798e-20   1.529757120837e-18  -3.882842845588e-01  -7.517792816462e-18   8.299076897694e-19   1.245839505307e-17  -2.217879027588e-01  -2.243832345325e-17   1.025902897375e-18   1.845378209398e-17  -5.484848210723e-02  -2.553387164287e-17   7.630646379232e-19   1.764330680271e-17  -7.746332269160e-02  -9.028959214113e-18  -1.903189770448e-18  -9.079129044152e-02  -3.550903168307e-19   1.507689199432e-17   5.981630356788e-04   5.577811581556e-18  -7.861760611632e-17  -4.846473304750e-17  -2.476566768701e-01  -1.835828488468e-17  -1.636937193854e-18   1.003662704469e-16  -2.508900207642e-01  -1.151090794475e-16  -9.067845596478e-18   1.357580694540e-16  -1.525780464413e-01  -1.610465269394e-16  -1.237502752324e-17   6.974165979159e-17  -9.303866484479e-02  -6.378029438302e-17  -6.209203899202e-18   6.538593642294e-02   1.064011628163e-17   1.422148715109e-17   4.171664218302e-04  -9.619012209338e-17   1.022398545334e-16   6.350426905504e-17   2.286032428423e-17  -7.091917275035e-18  -2.821567791615e-02  -2.607640728286e-17  -2.967717750035e-17  -5.157375822132e-17  -1.146447445044e-16  -2.354650010991e-16   3.118763971403e-17  -6.534259505380e-02  -6.870290623736e-17   1.926666053141e-17   9.935870609416e-17   1.317095393166e-16   5.574836991748e-17  -1.243411634530e-17  -2.772284791121e-02  -1.887928598587e-17   3.208395978323e-17  -4.947425566396e-17   7.518990546506e-18  -2.096526655630e-16  -1.224227516294e-16  -6.507913397096e-02  -5.381668795800e-17  -2.264835059841e-17  -1.195849800329e-03  -1.270501980428e-03  -1.313405615524e-03   3.087766031084e-04  -3.655914317586e-03  -5.106409744623e-03  -4.146424989447e-03   7.187260849961e-04  -8.066687902212e-03  -7.454089402016e-03  -1.243349873256e-02   8.208432618856e-04  -1.152420658878e-02  -7.474415594711e-03  -2.575845037079e-02  -2.950588550054e-04  -1.201360734482e-02   3.972918365024e-04   7.271281404262e-04  -4.615816296743e-03  -4.943197828969e-03   2.867932283167e-04   1.195849800329e-03   1.270501980428e-03  -1.313405615524e-03  -3.087766031084e-04   3.655914317586e-03   5.106409744623e-03  -4.146424989447e-03  -7.187260849961e-04   8.066687902212e-03   7.454089402016e-03  -1.243349873256e-02  -8.208432618856e-04   1.152420658878e-02   7.474415594710e-03  -2.575845037079e-02   2.950588550054e-04   1.201360734482e-02   3.972918365024e-04  -7.271281404262e-04   4.615816296743e-03  -4.943197828969e-03  -2.867932283167e-04  -1.601562590785e-02  -2.237247751445e-02  -2.367553910782e-02  -1.890092067670e-02   8.968113048521e-04   1.963287454505e-03  -7.747981440303e-03   1.601562590785e-02   2.237247751445e-02   2.367553910782e-02   1.890092067670e-02   8.968113048521e-04  -1.963287454505e-03   7.747981440303e-03   5.057236665828e-04  -4.227704163848e-04  -3.811876316831e-03  -6.546177917637e-03  -2.001121456749e-04   4.766916750799e-05  -5.196659429288e-04  -5.057236665828e-04   4.227704163848e-04   3.811876316831e-03   6.546177917637e-03  -2.001121456749e-04  -4.766916750799e-05   5.196659429288e-04
  -1.419979879760e-03  -2.425482029552e-04  -7.547518235332e-18  -4.770857412533e-01  -1.251394916516e-04  -5.708328737762e-02  -2.245743463412e-17  -5.918529248943e-01  -1.788648697203e-05  -1.968282690331e-01  -2.553387164287e-17  -5.862974795508e-01   1.333745418915e-03  -1.961262854165e-01  -8.774849329937e-18  -3.475997269881e-01   3.650646921733e-03  -1.366866914642e-17   6.024137302642e-04   2.640193542221e-01  -3.671939256584e-19   2.486450359435e-01  -1.505533772518e+00  -1.412204400729e+00  -1.848375163981e-17   1.210694040715e-01  -6.932105211216e-06  -1.077025343312e+00  -1.144450056164e-16   6.017025312819e-02   2.486249651013e-04  -6.823028910905e-01  -1.609393772716e-16  -1.170747296389e-01   1.674001272800e-03  -3.335830870684e-01  -6.424785657056e-17  -1.155264010504e-01   3.852056747004e-03   1.646759733657e-17  -2.307288128603e-04  -2.050655254586e-02   1.006166464308e-17   1.393425457297e-01   2.054020412552e-01   1.247515894523e-01  -3.140224966926e-02  -1.090329369786e-01  -2.620070936773e-17   1.944439587397e-02   7.904147170305e-02  -2.517856068123e-01  -4.321163954160e-01  -4.337358871939e-01  -2.729463670151e-01  -6.847507093508e-17   1.618992018387e-01  -2.641970170390e-01   2.046483908390e-01   1.246075197462e-01  -3.004815612825e-02  -1.072960139288e-01  -1.888945038111e-17   1.868804256568e-02  -7.860841183407e-02  -2.521390817978e-01  -4.317440848607e-01  -4.315372896533e-01  -2.707426232631e-01  -5.373476691357e-17   1.607437941481e-01   2.651815992058e-01  -1.170435741026e-03  -1.241043110953e-03  -2.188792224028e-04  -1.000228014302e-03  -3.213998055235e-03  -4.806058427542e-03   1.106622445607e-04  -2.698883094283e-03  -7.174201606913e-03  -8.680562887681e-03   2.586519770068e-03  -1.243349873331e-02  -1.457784062508e-02  -3.975481905434e-02   1.805152302937e-02  -5.186324917021e-02  -9.876898038580e-02   6.346996229614e-04  -2.048291856394e-03  -3.138736454489e-03   2.856212781456e-05  -1.244885467946e-03  -1.170435741026e-03  -1.241043110953e-03   2.188792224028e-04  -1.000228014302e-03  -3.213998055235e-03  -4.806058427542e-03  -1.106622445607e-04  -2.698883094283e-03  -7.174201606913e-03  -8.680562887681e-03  -2.586519770068e-03  -1.243349873331e-02  -1.457784062508e-02  -3.975481905434e-02  -1.805152302937e-02  -5.186324917021e-02  -9.876898038580e-02  -6.346996229614e-04  -2.048291856394e-03  -3.138736454489e-03  -2.856212781455e-05  -1.244885467946e-03  -8.729154451363e-03  -1.222699073189e-02  -3.143691217729e-02  -8.453714340914e-02   3.510916745210e-03  -4.343482895668e-03  -2.959334456190e-03  -8.729154451363e-03  -1.222699073189e-02  -3.143691217729e-02  -8.453714340914e-02  -3.510916745210e-03  -4.343482895668e-03  -2.959334456190e-03   3.451806168857e-04  -2.264697234902e-04  -2.743446429055e-03  -1.803776040376e-02  -2.317948554604e-04  -2.163921422747e-04  -4.218758990961e-04   3.451806168857e-04  -2.264697234902e-04  -2.743446429055e-03  -1.803776040376e-02   2.317948554604e-04  -2.163921422747e-04  -4.218758990961e-04
  -5.643528574875e-06  -7.487252174427e-06   1.163320721959e-18   7.052252937174e-06  -4.701938947505e-01   1.184570685143e-04   1.637460685292e-18   1.742694805607e-04  -4.405817570804e-01   2.027597968647e-03   7.630646379232e-19   1.333745418915e-03  -2.675256958786e-01   7.953648637590e-03  -1.062933086772e-18   3.258427733948e-03  -1.757945307981e-01  -1.739946544463e-19   1.492042376049e-01  -2.118319472633e-04   2.111141402209e-17   8.348814545291e-06  -3.708077343727e-06  -6.720248336684e-06   9.505831817663e-21  -7.300770149862e-05  -2.108782402216e-01   7.569550058883e-05   4.152712362106e-18  -2.976077740542e-04  -2.308188285547e-01   1.783429513140e-03   1.198200423571e-17  -1.674001272800e-03  -1.953008732007e-01   7.632375055946e-03   1.612151211972e-17  -4.315570681107e-03  -1.532997873592e-01  -2.189986813399e-18   8.890176051772e-03   2.864358237877e-05  -6.147190556162e-17   5.571485679881e-05   3.352525492795e-01   2.245114166008e-01   1.109157169677e-01   5.512541327911e-02  -4.539216187609e-17   8.246943775148e-02   9.690894438759e-02   1.157030746659e-01   1.141658045415e-01   7.530301678627e-02   4.521026207497e-02   3.742249198884e-17  -4.890887704501e-02   2.906719703198e-02  -3.359339167135e-01  -2.232166735637e-01  -1.021724128890e-01  -3.882835061298e-02   3.061312096394e-17  -8.103472971159e-02   9.808230469615e-02  -1.161848801826e-01  -1.132936468364e-01  -6.783348687065e-02  -2.998490876855e-02  -2.845338790057e-17   4.820133543064e-02   2.982908266048e-02   6.566297115193e-03   6.850787227520e-03   8.454680400153e-06  -3.062753492822e-03   1.446291517741e-02   2.504626257759e-02  -2.805415574981e-03  -6.474044707994e-03   3.314630103949e-02   4.478129361001e-02  -1.457784062605e-02  -1.152420658974e-02   5.809141656598e-02   6.587772466404e-02  -2.501704003545e-02  -1.659353292497e-02   7.788810167736e-02   1.568566921814e-03  -3.906992247819e-03   1.243763319478e-02  -8.450149452402e-04   3.718712784124e-03   6.566297115193e-03   6.850787227520e-03  -8.454680400152e-06  -3.062753492822e-03   1.446291517741e-02   2.504626257759e-02   2.805415574981e-03  -6.474044707994e-03   3.314630103949e-02   4.478129361001e-02   1.457784062605e-02  -1.152420658974e-02   5.809141656598e-02   6.587772466404e-02   2.501704003545e-02  -1.659353292497e-02   7.788810167736e-02  -1.568566921814e-03  -3.906992247819e-03   1.243763319478e-02   8.450149452402e-04   3.718712784124e-03   3.735935342460e-02   5.394088058268e-02   7.454594141461e-02   7.494079113796e-02  -1.628861002031e-02  -6.089681832050e-03   8.792831997244e-03   3.735935342460e-02   5.394088058268e-02   7.454594141461e-02   7.494079113796e-02   1.628861002031e-02  -6.089681832050e-03   8.792831997244e-03  -1.100567662914e-03   2.286834830237e-03   1.632419372689e-02   3.729799828569e-02   4.780118831128e-04  -6.480627668254e-04   2.128204231160e-03  -1.100567662914e-03   2.286834830237e-03   1.632419372689e-02   3.729799828569e-02  -4.780118831128e-04  -6.480627668254e-04   2.128204231160e-03
