ARMA_MAT_TXT_FN008
144 144
   3.284668794884e-01   2.811947731580e-01   9.186155858215e-18  -8.758541360077e-04   2.009905919629e-05  -4.395891220131e-02  -4.591351280569e-16  -2.504586867765e-04   3.530898447339e-05  -3.036344270573e-02  -4.613219528869e-17   9.434331643669e-04   2.551272969222e-04  -4.091098455896e-04   2.187923329504e-15   2.656005547818e-03  -1.145830226640e-03  -8.784642543978e-17  -1.478222370658e-05  -4.559002828116e-04  -1.466476557344e-16   1.264003549252e-03   2.792103867987e-03   4.592643909220e-03  -5.947586488220e-16   9.610993057907e-03   3.812980962436e-06  -1.142845930079e-02   4.890350254811e-16   1.552994829507e-02   3.000995710008e-05  -2.648634957364e-03  -1.062404143547e-15   5.159151353889e-03  -6.202469544147e-05  -5.040647929337e-03   1.645324418465e-15  -1.840549943077e-03  -1.054802666256e-03   3.830147205786e-17   1.197180958480e-05   1.665571507783e-03   4.841519823981e-17   1.494504063664e-03  -9.216311463673e-03  -1.292030338082e-02   4.282313723501e-04   1.718633869510e-03  -1.539453688807e-18  -1.063387750636e-03  -1.765019006338e-03   1.791433107226e-03   3.072861124494e-03   1.736516384260e-03   2.818726832283e-03   1.370587124219e-17   3.639800419703e-04   1.495166990527e-04  -9.184732234321e-03  -1.318417428312e-02   1.253438225471e-03   6.287776689311e-04  -1.046890438367e-16  -1.059389640099e-03   1.769741478402e-03   1.801091873408e-03   2.909809493608e-03   2.816756718281e-03   1.540277296618e-03  -6.919159096061e-17   3.828314750172e-04  -1.380159976864e-04  -4.878402809076e-05  -7.909285750562e-05   9.576623739082e-05  -2.015672937168e-04   2.274743513704e-04   1.854647993650e-04   1.526825823934e-04  -3.651997246980e-04   3.506397169473e-04   5.216218290753e-04   1.903018043270e-04  -2.891558456787e-04   1.272001585362e-04   2.201151384449e-03   1.264628969387e-03  -6.600174288875e-05  -7.599866258440e-04   3.293070508292e-05   1.935595749494e-05  -4.067190529344e-06   1.193829505201e-05   4.306997387959e-06  -4.878402809154e-05  -7.909285750616e-05  -9.576623739091e-05  -2.015672937171e-04   2.274743513698e-04   1.854647993671e-04  -1.526825823904e-04  -3.651997246973e-04   3.506397169508e-04   5.216218290433e-04  -1.903018043391e-04  -2.891558456797e-04   1.272001585503e-04   2.201151384671e-03  -1.264628969324e-03  -6.600174288928e-05  -7.599866259464e-04  -3.293070508293e-05   1.935595749490e-05  -4.067190531609e-06  -1.193829505335e-05   4.306997386622e-06   2.127997292603e-04   2.058423796658e-04  -3.600982652667e-05  -2.480740045373e-03  -6.955357911195e-07   1.908844839559e-05  -6.733222005970e-05   2.127997292603e-04   2.058423796633e-04  -3.600982652306e-05  -2.480740045273e-03   6.955357909588e-07   1.908844839591e-05  -6.733222006046e-05  -7.710701979377e-05  -6.895383906749e-05  -6.974502961000e-04  -9.005505145058e-04   1.292238869547e-05  -1.858360471319e-05  -7.328088623598e-06  -7.710701979528e-05  -6.895383905119e-05  -6.974502961175e-04  -9.005505145884e-04  -1.292238869250e-05  -1.858360471351e-05  -7.328088621187e-06
   2.811947731580e-01   2.480043381933e-01   4.698310357711e-17  -1.231519224237e-03   2.949660189873e-05  -7.457932173730e-02  -3.291690553245e-16  -6.525378472131e-04   5.712436032604e-05  -4.995920742441e-02  -7.800474311158e-17   1.591804123057e-03   4.203779817078e-04  -6.929734984044e-04   1.886506931812e-15   4.177511305507e-03  -1.743609479377e-03  -5.036654918116e-17  -2.393647905444e-05  -7.293832848310e-04  -1.264793841214e-16   2.342790913141e-03   4.592643909222e-03   7.501814630740e-03  -4.765517856039e-16   1.606215065391e-02   7.081638082531e-06  -1.852274793830e-02   4.769990917919e-16   2.563614193088e-02   4.622443726384e-05  -3.855852803631e-03  -9.391396904418e-16   8.585536950419e-03  -1.054877269338e-04  -8.212297413489e-03   1.461569204935e-15  -2.926974229123e-03  -1.592428267629e-03   3.315061817670e-17   1.842227096052e-05   2.789245029736e-03   4.116549641243e-17   2.394061130774e-03  -1.544008942148e-02  -2.137456782309e-02   6.223058846282e-04   2.741219173396e-03   1.079877258653e-17  -1.779477061768e-03  -2.936300098314e-03   3.078708195481e-03   5.240819867832e-03   2.888271650872e-03   4.607634846509e-03   2.137327582948e-18   6.034857776679e-04   2.771157704544e-04  -1.539157848158e-02  -2.179999985705e-02   1.876491838002e-03   9.167664870114e-04  -7.405872008221e-17  -1.771735474306e-03   2.944183255815e-03   3.093500097880e-03   4.988644403509e-03   4.571166180934e-03   2.447673807711e-03  -3.154601755231e-17   6.332864378552e-04  -2.592289823291e-04  -7.909285750736e-05  -1.297199283076e-04   1.643373367283e-04  -3.416643506472e-04   3.850627483035e-04   3.106527785332e-04   2.661324492265e-04  -6.167588184630e-04   5.907249119130e-04   7.962056433092e-04   2.957478223260e-04  -4.924000829076e-04   2.247689520005e-04   3.362233882476e-03   1.957206216826e-03  -1.122100074119e-04  -1.204866627397e-03   5.614018972990e-05   3.169625117725e-05  -6.209301863431e-06   2.078686888722e-05   6.849613438477e-06  -7.909285750755e-05  -1.297199283077e-04  -1.643373367284e-04  -3.416643506474e-04   3.850627483029e-04   3.106527785344e-04  -2.661324492241e-04  -6.167588184625e-04   5.907249119161e-04   7.962056432926e-04  -2.957478223309e-04  -4.924000829086e-04   2.247689520093e-04   3.362233882559e-03  -1.957206216797e-03  -1.122100074120e-04  -1.204866627504e-03  -5.614018972994e-05   3.169625117724e-05  -6.209301865162e-06  -2.078686888825e-05   6.849613437784e-06   3.610640713326e-04   3.494689881286e-04   2.669261149719e-05  -3.837669918680e-03  -2.580572568833e-06   3.045502558019e-05  -1.106721682439e-04   3.610640713328e-04   3.494689881249e-04   2.669261151029e-05  -3.837669918581e-03   2.580572568558e-06   3.045502558049e-05  -1.106721682446e-04  -1.294022710127e-04  -1.213169466774e-04  -1.069855225106e-03  -1.411070740454e-03   2.227160690453e-05  -3.117683085559e-05  -1.052130723485e-05  -1.294022710138e-04  -1.213169466655e-04  -1.069855225122e-03  -1.411070740536e-03  -2.227160690236e-05  -3.117683085583e-05  -1.052130723298e-05
   9.186155858215e-18   4.698310357711e-17   2.652567039282e-02  -1.981994065412e-17   8.622284536302e-17   2.587987541698e-16   4.456851140664e-02   1.622960936202e-16  -8.577455317569e-17  -1.943830243239e-15   4.209411256389e-02  -3.072834097616e-16  -2.319091770985e-16   7.724650830749e-14   4.799630977818e-03   2.078783753333e-14   9.354188897715e-15   5.050612368775e-03   3.634849077341e-17  -1.165020955193e-16  -3.528892758849e-05  -6.785601098539e-17   1.739952547850e-16   6.252500837818e-17   2.652567039282e-02   5.451044136108e-18   5.925782611115e-17   2.208793357438e-16   4.456851140664e-02   4.709381963415e-16  -6.190034722218e-17  -4.090109748484e-16   4.209411256389e-02  -1.455851986486e-15   1.098944483147e-15  -7.141573993640e-14   4.799630977818e-03   2.281599692593e-14  -1.269262408581e-14  -5.050612368775e-03   6.430248799284e-17   1.014714448953e-16  -3.528892758847e-05   4.021932712326e-17  -4.444855021554e-17  -2.257236263570e-17   1.149280243219e-16   9.458802985650e-15   2.068344252340e-03  -8.010716077755e-18  -1.437237977558e-17   5.390135849756e-17   7.146128455387e-17   2.529083679406e-15  -1.935196039692e-14   2.068344252340e-03   3.657599356600e-17  -1.189872924096e-17  -4.574338565920e-18   1.028426469042e-15  -2.936217455535e-15  -6.514026478904e-15   2.081741763681e-03   6.200867520879e-17  -1.348797495300e-16   1.063594952757e-16  -4.978434956347e-16   3.030121665503e-15   9.529592301761e-15   2.081741763681e-03   7.265177116326e-17  -5.101130193386e-18   2.015672936999e-04   3.416643506212e-04  -2.754608371112e-04  -7.718206567029e-17  -7.165365521739e-04  -8.999472311993e-04  -2.182459551518e-04  -4.738069372880e-17  -9.139703019153e-04  -6.078367968597e-04  -2.539544419356e-03  -3.650516126297e-16  -1.958891402163e-03  -8.358435009951e-03   9.950053209024e-04   1.090947995817e-15  -5.844445569562e-03   1.520016505716e-17   8.115608679884e-18   3.024564082077e-05  -1.015264672589e-04   1.904759735600e-06  -2.015672936991e-04  -3.416643506205e-04  -2.754608371111e-04  -6.298229946340e-17   7.165365521739e-04   8.999472311991e-04  -2.182459551517e-04  -8.686153467503e-17   9.139703019154e-04   6.078367968612e-04  -2.539544419356e-03  -1.344373636191e-16   1.958891402163e-03   8.358435009955e-03   9.950053208989e-04   2.912360926432e-16   5.844445569557e-03  -1.546259968702e-17   5.180986178703e-17  -3.024564082077e-05  -1.015264672588e-04  -1.904759735561e-06  -4.166164152543e-04  -1.287166912580e-03   4.770282994538e-03   3.327126028640e-03   9.421313449592e-05  -3.763718109231e-17   2.559359027969e-04   4.166164152542e-04   1.287166912580e-03  -4.770282994539e-03  -3.327126028634e-03   9.421313449593e-05   1.273305586682e-17  -2.559359027969e-04   3.233818236655e-04   9.127891524544e-04   8.021279753115e-05  -2.692343427327e-03  -4.589401728409e-06   5.556474591751e-17   3.678974679156e-05  -3.233818236655e-04  -9.127891524541e-04  -8.021279753491e-05   2.692343427320e-03  -4.589401728337e-06  -6.189627087612e-19  -3.678974679166e-05
  -8.758541360077e-04  -1.231519224237e-03  -1.981994065412e-17   4.112324735305e-02   6.068640094535e-05   3.497207379983e-03   6.129855347421e-17   6.229805228506e-02  -1.369022528903e-05  -1.153198308275e-02  -1.512191261316e-16   3.105318565026e-02   3.774415304130e-04   8.815150672699e-03   2.704148792225e-16  -2.899908214118e-03  -6.920191384763e-04  -9.722662721975e-18   9.405694595037e-06  -5.618359115455e-03  -1.042957743531e-18  -2.733122279628e-03  -9.610993057907e-03  -1.606215065391e-02  -4.982614402197e-17  -3.104195887847e-02   2.280905115431e-05   4.213756119604e-02   3.776422445387e-17  -4.593759793173e-02  -6.167551460435e-05   1.919014292201e-02  -5.853224313015e-18  -2.424696113801e-02  -8.760398844440e-06   3.957780977333e-03   2.831904660280e-16   3.658401871745e-03  -6.157913901656e-04  -9.568882608271e-18  -2.105891884061e-05  -3.280866123549e-03   3.514858048466e-17  -2.918926181163e-03  -1.739429147988e-02  -2.730141252797e-02  -7.476943837546e-03  -8.170656196593e-03   3.575463072149e-18   4.515727491575e-04  -2.850545938579e-03  -4.896561325583e-03  -9.524404621787e-03  -5.911927568168e-03  -6.913972614357e-03   1.050694941857e-17  -1.245406904365e-03  -6.884123252555e-04  -1.732348261781e-02  -2.679111533177e-02  -9.061428552006e-03  -9.845033032973e-04  -9.407898733709e-18   5.174112124080e-04   2.790306953657e-03  -4.888118827020e-03  -8.965099726229e-03  -7.214989186958e-03   5.539951429815e-05   3.590445122500e-18  -1.282961442258e-03   6.373663757514e-04  -9.576623738313e-05  -1.643373367178e-04   1.264406137091e-04  -2.754608371569e-04   2.884541078522e-04   4.253221411810e-04   4.846406676694e-05  -4.903304023859e-04   5.405921626225e-04   1.718441851394e-03   8.845648610340e-04  -4.048635446150e-04   3.633968207310e-04  -1.510474786345e-03  -8.799533660580e-04  -8.441014860363e-05  -3.705139537042e-05   4.659789507932e-05   2.079252293331e-05   5.083397066741e-05  -1.114237360140e-05   1.089378100364e-05  -9.576623738179e-05  -1.643373367167e-04  -1.264406137092e-04  -2.754608371570e-04   2.884541078520e-04   4.253221411810e-04  -4.846406676707e-05  -4.903304023859e-04   5.405921626222e-04   1.718441851398e-03  -8.845648610324e-04  -4.048635446150e-04   3.633968207290e-04  -1.510474786274e-03   8.799533660802e-04  -8.441014860376e-05  -3.705139539229e-05  -4.659789507934e-05   2.079252293331e-05   5.083397066741e-05   1.114237360148e-05   1.089378100386e-05   2.447120312752e-04   5.600751591198e-04  -1.783757950437e-03   4.699044308965e-03   5.095870250403e-05   1.610921607264e-05  -6.462277028291e-05   2.447120312750e-04   5.600751591194e-04  -1.783757950434e-03   4.699044308985e-03  -5.095870250415e-05   1.610921607263e-05  -6.462277028284e-05  -6.555377556233e-05  -4.265294429031e-04  -3.648425812266e-04  -4.243624925092e-04   1.533216161033e-05  -2.437376816376e-05  -2.624070798790e-05  -6.555377556222e-05  -4.265294429029e-04  -3.648425812321e-04  -4.243624925219e-04  -1.533216161043e-05  -2.437376816374e-05  -2.624070798796e-05
   2.009905919629e-05   2.949660189873e-05   8.622284536302e-17   6.068640094535e-05   3.789479559425e-02  -2.552298018917e-05  -1.023285879025e-16   9.150732283934e-05   5.776888854119e-02  -4.816982958392e-04   4.624957387197e-16  -3.571074156710e-04   3.983143677932e-02  -1.670086593718e-04  -1.576398200021e-15  -2.178255770420e-03   3.758119956207e-03  -1.430342848125e-17  -5.950399000144e-03   1.796667002512e-05   5.424471999368e-18   3.456291333806e-05   3.812980962826e-06   7.081638082701e-06   5.503430476918e-17  -2.280905115398e-05   1.985025840835e-03  -5.235314282188e-05  -1.295065333702e-16  -1.110740435142e-04   2.682071560476e-03   7.816795504806e-04   4.486146686592e-16  -2.229865239178e-04  -6.479454705323e-03   4.463137573601e-03  -1.727600473175e-15   1.226184195282e-04  -4.335707024138e-03  -3.752668630608e-17  -4.793219089843e-03  -1.109214464566e-05  -9.081730729454e-18  -1.486617395486e-05  -2.817733917332e-02  -4.416771623952e-02  -1.317779232450e-02  -3.711232590521e-03   8.396283986420e-18  -2.719041198615e-03  -2.481691209168e-03   1.573187957657e-03   3.396798763846e-03   3.973571636985e-03  -4.064343249923e-03  -2.022867582379e-17   2.197436713521e-04  -6.353508148661e-04   2.818442460424e-02   4.442749087347e-02   1.223047118235e-02   1.452389517873e-04  -7.087056427276e-18   2.667943233823e-03  -2.440174780050e-03  -1.605536995310e-03  -3.358827700535e-03  -4.598583652006e-03   2.255864730500e-03   5.587144008681e-17  -2.334133180974e-04  -6.243336226802e-04  -2.274743513656e-04  -3.850627482977e-04   2.884541078528e-04  -7.165365522742e-04   8.543581960112e-04   1.102297136110e-03   4.375635520205e-04  -1.205880749548e-03   1.239406231232e-03   7.214412813696e-04   4.468955845971e-04  -1.207253311109e-03   7.969077379026e-04  -9.642264084903e-04  -5.676281495167e-04  -3.640226436974e-04   1.569615021611e-04   1.206907715340e-04   9.507732393449e-05  -5.919424221180e-05   2.263051371100e-05   3.473016152054e-05  -2.274743513662e-04  -3.850627482982e-04  -2.884541078527e-04  -7.165365522742e-04   8.543581960112e-04   1.102297136108e-03  -4.375635520206e-04  -1.205880749547e-03   1.239406231231e-03   7.214412813961e-04  -4.468955845836e-04  -1.207253311109e-03   7.969077379055e-04  -9.642264089040e-04   5.676281494006e-04  -3.640226436974e-04   1.569615022358e-04  -1.206907715340e-04   9.507732393452e-05  -5.919424221146e-05  -2.263051371051e-05   3.473016152148e-05   6.519040454486e-04   9.784143992921e-04   6.243816405513e-04   1.710122847650e-03  -2.144589657611e-05   5.872021072837e-05  -2.459684616323e-04   6.519040454485e-04   9.784143992910e-04   6.243816405479e-04   1.710122847576e-03   2.144589657572e-05   5.872021072838e-05  -2.459684616323e-04  -2.685399536520e-04  -4.970717083402e-04  -1.225797913712e-04   1.939121188401e-04   4.581614968472e-05  -6.326169352060e-05   6.321139856336e-06  -2.685399536515e-04  -4.970717083460e-04  -1.225797913461e-04   1.939121188920e-04  -4.581614968534e-05  -6.326169352066e-05   6.321139855797e-06
  -4.395891220131e-02  -7.457932173730e-02   2.587987541698e-16   3.497207379983e-03  -2.552298018917e-05   1.934717456165e-01   5.137170585024e-16   3.643776183967e-03  -8.297677261981e-05   1.255089054375e-01   9.253989366830e-16  -3.320925988956e-03  -1.005493052768e-03   1.869958578846e-03  -2.803966542034e-16  -1.005949386798e-02   3.975898054345e-03  -2.717646067852e-17   4.842994458001e-05   1.674429550684e-03   2.591135173761e-17  -6.611501335507e-03  -1.142845930080e-02  -1.852274793831e-02   3.736904222494e-16  -4.213756119604e-02  -5.235314282334e-05   4.536254384085e-02   4.119690455108e-16  -6.635111665840e-02  -1.607602599185e-04   7.760570597381e-03   1.023128079434e-15  -2.274154100395e-02   2.411196740351e-04   2.060543056846e-02  -4.166010273985e-16   7.131660498842e-03   3.579521687033e-03  -9.470458620571e-17  -5.391979177147e-05  -7.285866716260e-03  -3.049163216483e-18  -5.898309306869e-03   3.911919561676e-02   5.338564278781e-02  -1.546175797738e-03  -6.831400817449e-03  -2.870525795459e-17   4.559601020167e-03   7.399654967592e-03  -8.646180975109e-03  -1.452379293972e-02  -7.522068460665e-03  -1.168844086089e-02   8.026373800249e-17  -1.529189168227e-03  -8.767639432196e-04   3.907155979848e-02   5.454658314647e-02  -4.418498807579e-03  -1.978814400676e-03  -2.813732277704e-17   4.544043071616e-03  -7.424516928805e-03  -8.734799971497e-03  -1.401085999552e-02  -1.157409518281e-02  -5.924303921297e-03  -9.494863302414e-17  -1.598408558005e-03   8.367384214583e-04   1.854647993731e-04   3.106527785444e-04  -4.253221411187e-04   8.999472312839e-04  -1.102297136064e-03  -7.659831882261e-04  -7.040090742297e-04   1.617491409225e-03  -1.678564424910e-03  -1.766294003223e-03  -6.650889017973e-04   1.304131779562e-03  -6.914700589086e-04  -7.767024594359e-03  -4.591521275698e-03   2.942755250981e-04   2.891060482939e-03  -1.489984617192e-04  -7.946765101254e-05   1.569183231015e-05  -5.872528036953e-05  -1.569279396650e-05   1.854647993709e-04   3.106527785424e-04   4.253221411187e-04   8.999472312837e-04  -1.102297136063e-03  -7.659831882234e-04   7.040090742303e-04   1.617491409226e-03  -1.678564424910e-03  -1.766294003273e-03   6.650889017712e-04   1.304131779563e-03  -6.914700588929e-04  -7.767024593849e-03   4.591521275817e-03   2.942755250962e-04   2.891060483050e-03   1.489984617194e-04  -7.946765101269e-05   1.569183230939e-05   5.872528036888e-05  -1.569279396859e-05  -1.002089096850e-03  -1.006050727360e-03  -3.725685283314e-04   9.087535805142e-03   2.066641346737e-05  -7.338096896559e-05   2.831136625420e-04  -1.002089096851e-03  -1.006050727351e-03  -3.725685283820e-04   9.087535805060e-03  -2.066641346662e-05  -7.338096896575e-05   2.831136625422e-04   4.106161675060e-04   4.372666442844e-04   2.483218809991e-03   3.334780859980e-03  -6.686272036425e-05   8.115743130594e-05   3.122902766885e-05   4.106161675047e-04   4.372666442916e-04   2.483218809997e-03   3.334780860045e-03   6.686272036566e-05   8.115743130577e-05   3.122902766949e-05
  -4.591351280569e-16  -3.291690553245e-16   4.456851140664e-02   6.129855347421e-17  -1.023285879025e-16   5.137170585024e-16   7.488429766660e-02   4.095750160732e-16  -5.172442691309e-16  -3.253209525506e-15   7.072648610395e-02  -4.434449354146e-16  -6.433475564679e-16   1.298838468435e-13   8.064567841688e-03   3.500657682495e-14   1.560113197848e-14   8.486020531699e-03   8.834226903520e-17  -2.037997448872e-16  -5.916691698999e-05  -1.184312532751e-16  -4.290515965366e-16  -4.469755077051e-16   4.456851140664e-02  -1.669668864086e-16   1.087135024065e-17   1.395173113713e-16   7.488429766660e-02   5.281930021178e-16  -2.383068434189e-16  -9.113808292648e-16   7.072648610395e-02  -2.624706922888e-15   1.817724578585e-15  -1.202232420566e-13   8.064567841687e-03   3.833890541834e-14  -2.126251400950e-14  -8.486020531699e-03   1.255549178761e-16   1.454882596155e-16  -5.916691698995e-05   6.493721960912e-17   7.368151672730e-17   1.977626584865e-16   2.165518344901e-16   1.590375162483e-14   3.475020952319e-03   8.630228448033e-18  -1.125030484032e-17   1.745026175942e-17   4.085782535089e-18   4.293193639999e-15  -3.243762854242e-14   3.475020952319e-03   5.752536249260e-17  -3.585564581110e-17  -2.109798830182e-16   1.401810907257e-15  -4.990304683809e-15  -1.087017140902e-14   3.497764579404e-03   8.959757144944e-17  -2.050993787022e-16   7.550246551033e-18  -1.084050838138e-15   5.085334562512e-15   1.598241294090e-14   3.497764579404e-03   1.324644009597e-16   2.076250758545e-17   3.651997246735e-04   6.167588184273e-04  -4.903304023155e-04   1.318531719761e-16  -1.205880749490e-03  -1.617491409105e-03  -4.113451234656e-04   3.599879437919e-16  -1.538636276627e-03  -1.105178250785e-03  -4.285346318717e-03  -1.980996187809e-16  -3.294714230793e-03  -1.403035371054e-02   1.669788624786e-03   1.882156945515e-15  -9.819725744852e-03  -2.415872961445e-17   1.346400435486e-17   4.443805943083e-05  -1.711772153439e-04   2.693870863355e-06  -3.651997246756e-04  -6.167588184293e-04  -4.903304023156e-04   1.556576565301e-16   1.205880749489e-03   1.617491409107e-03  -4.113451234659e-04   2.936415470994e-16   1.538636276627e-03   1.105178250789e-03  -4.285346318717e-03   1.893427804139e-16   3.294714230793e-03   1.403035371055e-02   1.669788624780e-03   5.381158491655e-16   9.819725744843e-03   2.365257448891e-17   8.686077170432e-17  -4.443805943080e-05  -1.711772153438e-04  -2.693870863226e-06  -7.356552391143e-04  -2.213656330306e-03   8.009584757837e-03   5.586637871016e-03   1.605900515307e-04  -4.352495343078e-17   4.360078085398e-04   7.356552391147e-04   2.213656330307e-03  -8.009584757838e-03  -5.586637871005e-03   1.605900515308e-04   4.102095198513e-17  -4.360078085399e-04   5.109571025098e-04   1.487478513348e-03   1.306171500070e-04  -4.526472880459e-03  -5.749695814862e-06   1.141438240139e-16   5.603145283103e-05  -5.109571025091e-04  -1.487478513347e-03  -1.306171500133e-04   4.526472880447e-03  -5.749695814691e-06   1.908571032700e-17  -5.603145283108e-05
  -2.504586867765e-04  -6.525378472131e-04   1.622960936202e-16   6.229805228506e-02   9.150732283934e-05   3.643776183967e-03   4.095750160732e-16   9.445337091559e-02  -1.998030958588e-05  -1.870927807242e-02   7.585312887869e-17   4.691354953100e-02   5.575018662807e-04   1.365119127807e-02   4.999181324398e-16  -4.339544501887e-03  -1.069725509711e-03   2.180918367548e-17   2.364663136729e-05  -8.571156085275e-03  -9.916047942909e-19  -4.121491238171e-03  -1.552994829507e-02  -2.563614193088e-02   1.116443977043e-16  -4.593759793173e-02   1.110740435144e-04   6.635111665841e-02   3.798686408620e-16  -6.789484548150e-02   2.332543607914e-05   3.115380349934e-02   2.876722577659e-16  -3.590653056928e-02   5.283075045399e-05   5.612433679668e-03   5.316043983616e-16   5.592372753494e-03  -8.301945445926e-04  -5.016346248551e-17  -2.024049468297e-05  -4.775727966780e-03   5.573591426514e-17  -4.421692793599e-03  -2.669037787082e-02  -4.180020447963e-02  -1.135398838657e-02  -1.238597114340e-02   1.976559468108e-17   6.467809210964e-04  -4.375705273915e-03  -6.465896139149e-03  -1.305330448117e-02  -8.764638942398e-03  -1.028819517246e-02   2.841111128799e-17  -1.929077560814e-03  -8.736294113401e-04  -2.659199549702e-02  -4.106564624834e-02  -1.373634346663e-02  -1.542421052753e-03  -8.935335257744e-19   7.476729354994e-04   4.284889431244e-03  -6.342029035812e-03  -1.201881976366e-02  -1.070551488040e-02   9.551568149763e-05   2.081570021023e-17  -1.995195834806e-03   7.857061272136e-04  -1.526825823892e-04  -2.661324492257e-04   4.846406670766e-05  -2.182459549829e-04   4.375635519951e-04   7.040090743680e-04  -1.387419269380e-04  -4.113451231760e-04   8.180129984167e-04   2.562744593824e-03   1.211597779801e-03  -2.938090218310e-04   5.498045830987e-04  -2.295276106759e-03  -1.339669829223e-03  -9.515452798374e-05  -3.090060724439e-05   3.208552965912e-05   3.387838298393e-05   5.897335980658e-05  -1.662318272536e-05   2.639099346164e-05  -1.526825823950e-04  -2.661324492306e-04  -4.846406670773e-05  -2.182459549829e-04   4.375635519957e-04   7.040090743678e-04   1.387419269379e-04  -4.113451231761e-04   8.180129984176e-04   2.562744593828e-03  -1.211597779798e-03  -2.938090218310e-04   5.498045830969e-04  -2.295276106644e-03   1.339669829259e-03  -9.515452798393e-05  -3.090060727592e-05  -3.208552965915e-05   3.387838298394e-05   5.897335980656e-05   1.662318272524e-05   2.639099346196e-05   3.223778575386e-04   7.699582414735e-04  -2.691239421459e-03   7.070297058968e-03   7.248757355324e-05   4.378895253513e-05  -8.860460513472e-05   3.223778575389e-04   7.699582414739e-04  -2.691239421453e-03   7.070297058998e-03  -7.248757355336e-05   4.378895253513e-05  -8.860460513467e-05  -1.499356206426e-04  -7.219209329804e-04  -5.607251526021e-04  -6.116407700202e-04   2.039121256457e-05  -2.158898965301e-05  -4.720037501659e-05  -1.499356206431e-04  -7.219209329812e-04  -5.607251526104e-04  -6.116407700378e-04  -2.039121256476e-05  -2.158898965297e-05  -4.720037501672e-05
   3.530898447339e-05   5.712436032604e-05  -8.577455317569e-17  -1.369022528903e-05   5.776888854119e-02  -8.297677261981e-05  -5.172442691309e-16  -1.998030958588e-05   8.807125097536e-02  -7.437706273102e-04   3.540031795635e-16  -6.416612950220e-04   6.079145089713e-02  -2.600502959355e-04  -2.420189446308e-15  -3.303110485330e-03   5.729881178001e-03  -6.350327104807e-17  -9.118376232611e-03   4.014249889394e-05   1.018144154322e-17   6.067003213022e-05   3.000995709965e-05   4.622443726327e-05  -1.329028774083e-16   6.167551460347e-05   2.682071560477e-03  -1.607602599163e-04  -5.586638096747e-16  -2.332543608081e-05   3.563592777613e-03   1.166971033420e-03   3.348234419619e-16  -2.881054627091e-04  -1.023637880777e-02   6.730340476021e-03  -2.654598649422e-15   1.625376542890e-04  -6.607002702908e-03  -1.602533892954e-17  -7.364278098916e-03  -5.480607046966e-06  -1.203533267783e-17  -1.509456325140e-05  -4.294925142117e-02  -6.732493371075e-02  -2.014067803119e-02  -5.628663997077e-03  -6.485509592722e-18  -4.146009625841e-03  -3.771272770897e-03   2.683772698034e-03   5.624869877254e-03   6.240549255591e-03  -6.124757826112e-03  -4.927910838979e-17   3.131145135513e-04  -9.433313827580e-04   4.303099018166e-02   6.783637475502e-02   1.872039515742e-02   2.254425062162e-04  -2.798269087410e-17   4.064357266402e-03  -3.721053985302e-03  -2.679393938383e-03  -5.481207379343e-03  -7.100681708091e-03   3.425550077841e-03   6.839337588667e-17  -3.286114096761e-04  -9.341547750716e-04  -3.506397169468e-04  -5.907249119159e-04   5.405921626793e-04  -9.139703016840e-04   1.239406231248e-03   1.678564425011e-03   8.180129985402e-04  -1.538636276072e-03   1.793782887951e-03   1.123837293614e-03   7.602151469948e-04  -1.558076367493e-03   1.161837789657e-03  -1.464731697385e-03  -8.596013529299e-04  -5.249526721862e-04   2.339663958830e-04   1.498760314478e-04   1.461118776519e-04  -7.705571609686e-05   3.272446227585e-05   4.763025474298e-05  -3.506397169450e-04  -5.907249119145e-04  -5.405921626793e-04  -9.139703016840e-04   1.239406231249e-03   1.678564425008e-03  -8.180129985406e-04  -1.538636276072e-03   1.793782887950e-03   1.123837293654e-03  -7.602151469742e-04  -1.558076367493e-03   1.161837789662e-03  -1.464731698013e-03   8.596013527537e-04  -5.249526721862e-04   2.339663959956e-04  -1.498760314478e-04   1.461118776520e-04  -7.705571609632e-05  -3.272446227524e-05   4.763025474441e-05   9.986879932977e-04   1.500353206033e-03   9.578042842863e-04   2.586941225982e-03  -2.793552299295e-05   1.045299876367e-04  -3.765749552995e-04   9.986879932979e-04   1.500353206032e-03   9.578042842815e-04   2.586941225870e-03   2.793552299239e-05   1.045299876367e-04  -3.765749552994e-04  -3.224857748721e-04  -6.217470962976e-04  -1.528798312033e-04   2.971755215638e-04   6.621592538994e-05  -8.250961855049e-05   2.192611145271e-05  -3.224857748716e-04  -6.217470963068e-04  -1.528798311655e-04   2.971755216420e-04  -6.621592539090e-05  -8.250961855059e-05   2.192611145189e-05
  -3.036344270573e-02  -4.995920742441e-02  -1.943830243239e-15  -1.153198308275e-02  -4.816982958392e-04   1.255089054375e-01  -3.253209525506e-15  -1.870927807242e-02  -7.437706273102e-04   8.662204337891e-02  -2.657157363902e-15  -1.220571045048e-02  -1.450604464306e-03  -2.225709133931e-03  -9.705043067688e-16  -5.528956860266e-03   2.591523609933e-03  -4.121483509706e-16   2.117187325938e-04   3.095837466580e-03   1.934125017381e-19  -3.315317956754e-03  -2.648634957306e-03  -3.855852803542e-03  -1.844413483294e-15  -1.919014292206e-02   7.816795504936e-04   7.760570597170e-03  -3.332723247887e-15  -3.115380349940e-02   1.166971033440e-03  -7.047161662763e-03  -2.612072480185e-15  -8.471752892672e-03   1.187041182519e-03   1.259102022733e-02  -1.103615093129e-15   3.264032176537e-03   2.508687823022e-03   3.407684696744e-16   1.694012883509e-04  -4.028447625973e-03  -3.325391866618e-17  -2.748728362711e-03   3.184146754906e-02   4.470453716811e-02   1.673414461378e-03  -1.589261402025e-03  -1.625408288597e-16   2.853916684816e-03   5.802929139775e-03  -7.204764560193e-03  -1.099311953123e-02  -3.742865201946e-03  -5.471965305650e-03  -9.252833336429e-17  -3.553467725922e-04  -8.418741978282e-04   3.098980383396e-02   4.399603375779e-02  -9.376243388751e-05  -7.688143843195e-04  -1.788856611309e-16   2.766512524326e-03  -5.760371934475e-03  -5.954413561563e-03  -8.808656458281e-03  -5.178381521517e-03  -3.954874974742e-03  -2.342899799181e-16  -5.118633973806e-04   7.435606719473e-04   5.216218289735e-04   7.962056431398e-04  -1.718441852491e-03   6.078367966468e-04  -7.214412821339e-04  -1.766294002778e-03  -2.562744595481e-03   1.105178250359e-03  -1.123837294735e-03  -2.683214343076e-03  -1.897622659313e-03   8.684927285627e-04  -5.105228930229e-04  -4.231602838468e-03  -2.569665946720e-03   2.229209097127e-04   1.888890786502e-03  -9.739105013162e-05  -6.679186963026e-05  -1.813827277583e-04  -3.197415665059e-05   1.043233646852e-05   5.216218290396e-04   7.962056431949e-04   1.718441852491e-03   6.078367966467e-04  -7.214412821407e-04  -1.766294002778e-03   2.562744595482e-03   1.105178250359e-03  -1.123837294747e-03  -2.683214343105e-03   1.897622659299e-03   8.684927285633e-04  -5.105228930221e-04  -4.231602838203e-03   2.569665946776e-03   2.229209097115e-04   1.888890786588e-03   9.739105013176e-05  -6.679186963037e-05  -1.813827277588e-04   3.197415665245e-05   1.043233646735e-05  -1.541058382993e-03  -2.081440184907e-03   2.689591879952e-05   4.056678208395e-03   1.262472469960e-05  -7.088215361220e-05   3.436706824370e-04  -1.541058383000e-03  -2.081440184911e-03   2.689591876169e-05   4.056678208323e-03  -1.262472469974e-05  -7.088215361230e-05   3.436706824376e-04  -6.328953251514e-04  -9.826763127808e-04   1.349522984434e-03   2.213098003740e-03  -2.841202655396e-05   5.633027103790e-05  -1.305813522555e-04  -6.328953251462e-04  -9.826763127677e-04   1.349522984445e-03   2.213098003792e-03   2.841202655526e-05   5.633027103779e-05  -1.305813522548e-04
  -4.613219528869e-17  -7.800474311158e-17   4.209411256389e-02  -1.512191261316e-16   4.624957387197e-16   9.253989366830e-16   7.072648610395e-02   7.585312887869e-17   3.540031795635e-16  -2.657157363902e-15   6.680046414182e-02  -5.987801900292e-16  -1.169826615541e-17   1.227098368164e-13   7.617325746627e-03   3.294517830771e-14   1.509407915683e-14   8.014892854912e-03   1.011296458529e-17  -1.635818857050e-16  -5.576036502470e-05  -1.188161816504e-16  -9.490886797056e-17  -2.418728554356e-16   4.209411256389e-02   3.851602740592e-17   1.205626330708e-16   5.127982891437e-16   7.072648610395e-02   7.765088186298e-16  -5.958639879407e-17  -4.817158857486e-16   6.680046414182e-02  -2.187093571087e-15   1.681907940926e-15  -1.132323918929e-13   7.617325746626e-03   3.630857860741e-14  -2.025564583922e-14  -8.014892854912e-03   6.483960448871e-17   1.584722829074e-16  -5.576036502467e-05   5.434017028065e-17  -1.453238347213e-16  -1.910750554353e-16   1.221469155544e-16   1.510658469832e-14   3.282088903634e-03  -2.919813145463e-17  -1.438423410093e-17   1.287046512495e-16   1.914886589764e-16   3.893886003279e-15  -3.083524286038e-14   3.282088903634e-03   6.007577207934e-17  -8.617815775761e-18   3.947667460292e-16   2.250747025047e-15  -4.614555893742e-15  -1.049371873292e-14   3.303567142825e-03   1.317403124873e-16  -2.645738831204e-16   2.096271614753e-16  -7.516923546969e-16   4.731872666781e-15   1.512896444699e-14   3.303567142825e-03   1.088585082019e-16  -2.140108150577e-17   2.891558456464e-04   4.924000828576e-04  -4.048635445356e-04  -6.013140890909e-16  -1.207253310874e-03  -1.304131779408e-03  -2.938090220995e-04  -8.792756799080e-16  -1.558076367753e-03  -8.684927288325e-04  -4.006986342664e-03  -1.340480884523e-15  -3.197971925675e-03  -1.328848803672e-02   1.585414021572e-03   1.644877579531e-15  -9.290531132659e-03   1.152105362796e-16   1.274354689514e-17   5.555107460400e-05  -1.821106749375e-04   3.518421752712e-06  -2.891558456440e-04  -4.924000828547e-04  -4.048635445344e-04  -5.786792511579e-16   1.207253310874e-03   1.304131779403e-03  -2.938090220979e-04  -9.417225486696e-16   1.558076367754e-03   8.684927288317e-04  -4.006986342663e-03  -9.743763040610e-16   3.197971925675e-03   1.328848803672e-02   1.585414021566e-03   3.755676060792e-16   9.290531132651e-03  -1.157035359246e-16   8.217164714595e-17  -5.555107460413e-05  -1.821106749374e-04  -3.518421752797e-06  -6.792905145550e-04  -2.078696738933e-03   7.541303923788e-03   5.284474021801e-03   1.518528024440e-04  -9.660914350992e-17   4.028200940177e-04   6.792905145537e-04   2.078696738931e-03  -7.541303923789e-03  -5.284474021791e-03   1.518528024439e-04  -1.664873036330e-17  -4.028200940174e-04   6.113877465076e-04   1.599239752222e-03   1.661637705181e-04  -4.273225165789e-03  -1.450549582333e-05   4.975660129351e-17   6.884219303100e-05  -6.113877465093e-04  -1.599239752224e-03  -1.661637705243e-04   4.273225165778e-03  -1.450549582333e-05  -3.792464951623e-17  -6.884219303144e-05
   9.434331643669e-04   1.591804123057e-03  -3.072834097616e-16   3.105318565026e-02  -3.571074156710e-04  -3.320925988956e-03  -4.434449354146e-16   4.691354953100e-02  -6.416612950220e-04  -1.220571045048e-02  -5.987801900292e-16   2.430049961007e-02  -7.537187525768e-05   5.266222162486e-03  -5.255886752444e-17  -1.830648881178e-03  -4.150595079529e-04  -5.570685885547e-17   1.086876480763e-04  -4.191248535674e-03  -1.721811489699e-17  -1.773331820651e-03  -5.159151353854e-03  -8.585536950365e-03  -3.269007457596e-16  -2.424696113803e-02   2.229865239201e-04   2.274154100383e-02  -4.643413970420e-16  -3.590653056932e-02   2.881054627116e-04   8.471752892537e-03  -4.994347264355e-16  -1.927238354151e-02   2.617223749578e-04   3.408657311258e-03  -1.540583193594e-17   2.203414036495e-03  -1.242797533549e-03   5.058029616697e-17   8.481528632199e-05  -2.629104554713e-03   8.253314871291e-18  -1.896271420610e-03  -1.403929245028e-02  -2.188676180410e-02  -4.962350280924e-03  -5.615912830408e-03   2.410122649981e-18   2.262079976297e-04  -2.403038543267e-03  -6.194826760209e-03  -1.071150141664e-02  -5.115903275853e-03  -5.360729518437e-03   1.338977523465e-18  -7.241278150221e-04  -9.456568803587e-04  -1.466543362532e-02  -2.251845525904e-02  -6.803833778020e-03  -6.277764814095e-04  -2.448172172337e-17   2.160598423731e-04   2.381565968508e-03  -5.778791515663e-03  -9.755721918139e-03  -5.236717256733e-03   5.072140005189e-04  -1.305837607557e-17  -7.781470612868e-04   9.078411456272e-04  -1.903018042792e-04  -2.957478222388e-04   8.845648613726e-04  -2.539544419742e-03   4.468955848154e-04   6.650889016187e-04   1.211597780363e-03  -4.285346319340e-03   7.602151472810e-04   1.897622658500e-03   1.396171977719e-03  -4.006986343370e-03   4.617732927607e-04  -7.447927188351e-04  -4.025102337957e-04  -4.778965379546e-04  -2.898385029611e-04   4.799402812277e-04   8.844303834991e-06   1.332979121702e-04  -9.660882203582e-07  -1.734214207925e-05  -1.903018042286e-04  -2.957478221958e-04  -8.845648613712e-04  -2.539544419742e-03   4.468955848100e-04   6.650889016133e-04  -1.211597780360e-03  -4.285346319340e-03   7.602151472730e-04   1.897622658501e-03  -1.396171977716e-03  -4.006986343370e-03   4.617732927510e-04  -7.447927188320e-04   4.025102337967e-04  -4.778965379545e-04  -2.898385029910e-04  -4.799402812277e-04   8.844303835000e-06   1.332979121699e-04   9.660882219527e-07  -1.734214207901e-05   7.493357738370e-04   1.265780860212e-03  -1.257663268612e-03   3.289278979486e-03   2.995181179430e-05  -1.751640712935e-04  -1.504067909589e-04   7.493357738307e-04   1.265780860202e-03  -1.257663268607e-03   3.289278979506e-03  -2.995181179493e-05  -1.751640712935e-04  -1.504067909582e-04   2.169896394214e-04   8.174385817728e-05  -3.555865002353e-04  -6.166888180938e-04   2.794150466795e-05  -2.010079447186e-04   3.273531404275e-05   2.169896394241e-04   8.174385818160e-05  -3.555865002392e-04  -6.166888181141e-04  -2.794150466785e-05  -2.010079447185e-04   3.273531404264e-05
   2.551272969222e-04   4.203779817078e-04  -2.319091770985e-16   3.774415304130e-04   3.983143677932e-02  -1.005493052768e-03  -6.433475564679e-16   5.575018662807e-04   6.079145089713e-02  -1.450604464306e-03  -1.169826615541e-17  -7.537187525768e-05   4.385745806902e-02  -1.418063722045e-03  -1.828603540542e-15  -2.309978176100e-03   5.181064268046e-03  -7.766881182994e-17  -7.407251939643e-03  -3.217294256446e-05   5.030265682007e-18   5.009859633631e-05  -6.202469545214e-05  -1.054877269432e-04  -2.616382865417e-16   8.760398859612e-06  -6.479454705325e-03   2.411196740383e-04  -6.645143936591e-16  -5.283075043158e-05  -1.023637880777e-02   1.187041182509e-03  -1.748221740085e-17  -2.617223749437e-04  -1.595792987855e-02   5.041000416937e-03  -1.958241881834e-15  -3.911077956513e-04  -5.694636915464e-03   2.132252912608e-17  -6.439481269544e-03   1.343600990830e-06  -1.311947705107e-17  -1.923910235929e-05  -3.063606440695e-02  -4.821705810749e-02  -1.475798906599e-02  -2.958043800519e-03  -1.480699535866e-17  -2.861334516551e-03  -2.562402345638e-03   8.108732055392e-03   1.370631472025e-02   7.013695006085e-03  -3.631184758069e-03  -4.192738973526e-17  -3.901158102041e-04  -9.657746853438e-05   2.997750517815e-02   4.749856599047e-02   1.397935616019e-02  -4.674709198543e-04  -4.668651548694e-17   2.762460571467e-03  -2.392967495751e-03  -8.029132866864e-03  -1.356522522065e-02  -7.645923185545e-03   2.492304056897e-03   4.348504692931e-17   3.497310464979e-04  -1.186937288847e-04  -1.272001584849e-04  -2.247689519115e-04   3.633968206625e-04  -1.958891405092e-03   7.969077377206e-04   6.914700587038e-04   5.498045830181e-04  -3.294714235547e-03   1.161837789378e-03   5.105228922076e-04   4.617732924777e-04  -3.197971930420e-03   7.350376435512e-04  -8.243078698227e-04  -4.866069559243e-04  -6.574161623006e-04   1.220642863638e-04   3.525230054845e-04   1.217512327106e-04  -3.452205211872e-05   2.118194826592e-05   1.301968284059e-05  -1.272001584974e-04  -2.247689519219e-04  -3.633968206626e-04  -1.958891405092e-03   7.969077377200e-04   6.914700587021e-04  -5.498045830186e-04  -3.294714235547e-03   1.161837789375e-03   5.105228922364e-04  -4.617732924629e-04  -3.197971930420e-03   7.350376435542e-04  -8.243078702607e-04   4.866069557997e-04  -6.574161623006e-04   1.220642864456e-04  -3.525230054845e-04   1.217512327106e-04  -3.452205211835e-05  -2.118194826523e-05   1.301968284156e-05   6.043019136970e-04   9.169961785740e-04   5.517118703385e-04   1.470358595358e-03  -1.661428827835e-05  -3.963801328878e-06  -2.123654943002e-04   6.043019136965e-04   9.169961785724e-04   5.517118703336e-04   1.470358595276e-03   1.661428827789e-05  -3.963801328859e-06  -2.123654943001e-04  -2.745839882334e-04  -4.878015946507e-04  -9.858514072479e-05   1.478896349127e-04   5.103218844348e-05  -1.628728932582e-04  -1.899569151666e-06  -2.745839882322e-04  -4.878015946556e-04  -9.858514069708e-05   1.478896349681e-04  -5.103218844408e-05  -1.628728932583e-04  -1.899569152154e-06
