ARMA_MAT_TXT_FN008
144 144
  -2.287038866107e+01  -2.296888244959e+01  -6.441585222984e-18  -1.051990700862e-01   3.597325858341e-02  -8.103507752709e+00  -2.973910620172e-18  -4.856764615102e-02   1.660700789929e-02  -3.678022230639e+00  -9.474221837414e-19  -1.547257845057e-02   5.289796031777e-03  -1.553085375663e+00  -2.384191676966e-19  -3.893680493882e-03   1.331041895930e-03  -1.634556858324e-18   4.271327579869e-04   5.996267597299e-04   2.615433824398e-20   1.334716964504e-02  -3.379266955441e-03  -1.205067265991e-03   4.227029304156e-18   7.760064961994e-02   1.186699309899e-04  -5.268530452668e-01   9.895513294248e-17   1.620553323317e+00   1.418741964535e-03  -1.512677364182e+00   1.726230765371e-16   2.797552539169e+00   2.257296200881e-03  -1.180745408478e+00   7.550984757449e-17   1.229062677173e+00   1.017461355288e-03  -2.146227273759e-16  -2.959882958785e-03   1.009722536867e+00  -1.812405595145e-19   1.749251001181e+00  -2.548877684069e-01  -1.782857490134e+00  -1.891318390001e+00  -1.158047618785e+00  -6.778848927810e-17  -1.111191920085e+00  -1.800106669303e+00  -5.863868510243e-05  -5.455174874640e-02  -5.866963382382e-01  -7.629449982511e-01   2.070998869115e-19   4.020795018301e-03  -1.972601773866e-03  -2.516667564161e-01  -1.777377326595e+00  -1.889268422644e+00  -1.157581837851e+00  -6.704182087527e-17  -1.098964353177e+00   1.795986676577e+00  -5.885437832244e-05  -5.474590837103e-02  -5.875693453779e-01  -7.633497030366e-01   2.065291618027e-19   4.022412931992e-03   1.987654876413e-03   0.000000000000e+00   0.000000000000e+00   0.000000000000e+00   0.000000000000e+00   0.000000000000e+00   0.000000000000e+00   0.000000000000e+00   0.000000000000e+00   0.000000000000e+00  -2.387848522215e-03   2.197037017592e-03   2.184190122633e-03  -1.223134985199e-02  -1.599863185972e-01   8.346583049859e-02   8.304164759481e-02  -4.648177547378e-01   0.000000000000e+00   0.000000000000e+00   0.000000000000e+00   0.000000000000e+00   0.000000000000e+00   0.000000000000e+00   0.000000000000e+00   0.000000000000e+00   0.000000000000e+00   0.000000000000e+00   0.000000000000e+00   0.000000000000e+00   0.000000000000e+00   0.000000000000e+00  -2.387848522215e-03  -2.197037017592e-03   2.184190122633e-03  -1.223134985199e-02  -1.599863185972e-01  -8.346583049859e-02   8.304164759481e-02  -4.648177547378e-01   0.000000000000e+00   0.000000000000e+00   0.000000000000e+00   0.000000000000e+00   0.000000000000e+00   0.000000000000e+00  -2.180174428974e-04  -8.790795161003e-02  -3.876084052309e-01   0.000000000000e+00   0.000000000000e+00   0.000000000000e+00   0.000000000000e+00  -2.180174428974e-04  -8.790795161003e-02  -3.876084052309e-01   0.000000000000e+00   0.000000000000e+00   0.000000000000e+00   0.000000000000e+00   0.000000000000e+00  -6.627543944255e-04  -6.751594508113e-02   0.000000000000e+00   0.000000000000e+00   0.000000000000e+00   0.000000000000e+00   0.000000000000e+00  -6.627543944255e-04  -6.751594508113e-02   0.000000000000e+00   0.000000000000e+00   0.000000000000e+00
  -2.296888244959e+01  -2.111303567044e+01  -8.948172701052e-18  -1.461347501486e-01   4.997142036291e-02  -8.814642613013e+00  -2.780457825753e-18  -4.540832226197e-02   1.552764285283e-02  -4.007461594905e+00  -7.261557515161e-19  -1.185902338522e-02   4.055330374873e-03  -1.687302023986e+00  -1.698981625464e-19  -2.774647558099e-03   9.488349056533e-04  -8.160185444520e-19   2.132109656768e-04   2.967913028899e-04   1.305540633296e-20   6.663297083142e-03  -1.205067265991e-03   8.714379388174e-05   3.137134968500e-18   6.075612475535e-02   2.472843761088e-05  -5.643675487045e-01   1.077866652182e-16   1.769322673085e+00   9.517966067777e-04  -1.642139553743e+00   1.883352836276e-16   3.049184459385e+00   1.656302107306e-03  -1.281754183979e+00   8.217294450403e-17   1.337034216039e+00   7.209013091715e-04  -2.371969653549e-16  -2.103335224311e-03   1.119176663037e+00  -1.287921374619e-19   1.938605969793e+00  -2.651216341757e-01  -1.942611935510e+00  -2.057349829451e+00  -1.257634954707e+00  -7.475437499458e-17  -1.232436458301e+00  -2.000224377220e+00  -5.494272880170e-06  -5.629615605453e-02  -6.349963537506e-01  -8.275877770281e-01   1.233830764928e-19   2.460129227377e-03  -1.194726677777e-03  -2.637656184854e-01  -1.938890219818e+00  -2.056053238841e+00  -1.257354983274e+00  -7.407858144521e-17  -1.221407077254e+00   1.997772404224e+00  -5.661371104494e-06  -5.664318637288e-02  -6.362740291114e-01  -8.281808828541e-01   1.247492891585e-19   2.491416123827e-03   1.214638367386e-03   0.000000000000e+00   0.000000000000e+00   0.000000000000e+00   0.000000000000e+00   0.000000000000e+00   0.000000000000e+00   0.000000000000e+00   0.000000000000e+00   0.000000000000e+00  -2.481844971770e-03   2.307109656800e-03   2.299841891412e-03  -1.284997811779e-02  -1.731881422071e-01   9.047444435772e-02   9.018646163288e-02  -5.039402981950e-01   0.000000000000e+00   0.000000000000e+00   0.000000000000e+00   0.000000000000e+00   0.000000000000e+00   0.000000000000e+00   0.000000000000e+00   0.000000000000e+00   0.000000000000e+00   0.000000000000e+00   0.000000000000e+00   0.000000000000e+00   0.000000000000e+00   0.000000000000e+00  -2.481844971770e-03  -2.307109656800e-03   2.299841891412e-03  -1.284997811779e-02  -1.731881422071e-01  -9.047444435772e-02   9.018646163288e-02  -5.039402981950e-01   0.000000000000e+00   0.000000000000e+00   0.000000000000e+00   0.000000000000e+00   0.000000000000e+00   0.000000000000e+00  -1.827922234211e-04  -9.461471316197e-02  -4.202375161799e-01  -5.506068597310e-09  -2.956469188373e-09   1.244126110465e-08   0.000000000000e+00  -1.827922234211e-04  -9.461471316197e-02  -4.202375161799e-01   5.506068597310e-09  -2.956469188373e-09   1.244126110465e-08   0.000000000000e+00   0.000000000000e+00  -6.941109355821e-04  -7.303807885942e-02   0.000000000000e+00   0.000000000000e+00   0.000000000000e+00   0.000000000000e+00   0.000000000000e+00  -6.941109355821e-04  -7.303807885942e-02   0.000000000000e+00   0.000000000000e+00   0.000000000000e+00
  -6.441585222984e-18  -8.948172701052e-18  -1.040487149808e+01  -1.168504704503e-17   1.869540664545e-19  -2.387904766034e-17  -6.780839898028e+00  -1.285375951057e-17   2.058125164178e-19  -1.524240789019e-17  -2.480362238544e+00  -5.507273562936e-18   8.838858011050e-20  -7.239310999832e-18  -6.587752146515e-01  -1.535243973356e-18   2.468018667908e-20  -2.068474898266e-01  -5.770053988573e-21   1.083275562926e-17   7.603342642558e-02  -8.823818577333e-18  -4.227029304156e-18  -3.137134968500e-18  -1.027475958116e-01   5.392427748619e-17   1.581610207398e-19  -8.452198859179e-17  -7.293177640302e-01   2.180388882006e-16   6.877868647139e-19  -7.456524495506e-17  -1.091986858951e+00   1.264705583408e-16   4.097754770732e-19  -2.261658190318e-17  -5.053822931988e-01   2.175888585490e-17   7.362739002699e-20   1.438087733150e+00  -1.662321672330e-18   9.936208933165e-17   4.763552681014e-03   3.519621554292e-16   4.029223486449e-17   1.438666438614e-16   1.734559465769e-17   4.135826884534e-19  -1.083128733874e+00   7.834981749088e-17   1.264294856112e-16  -9.553401588258e-20  -2.439745732010e-17  -3.107148698533e-17  -1.674710788618e-17  -4.487743170092e-03   3.042550086995e-18  -1.534058761621e-18   3.868360862310e-17   1.412408276531e-16   1.714617574532e-17   3.856076088499e-19  -1.053851242680e+00   7.566901928073e-17  -1.240562169776e-16  -9.434412909592e-20  -1.068219748293e-17  -3.095400805672e-17  -1.671276893224e-17  -4.451862878637e-03   2.996974421541e-18   1.529319387499e-18   0.000000000000e+00   0.000000000000e+00   0.000000000000e+00   0.000000000000e+00   0.000000000000e+00   0.000000000000e+00   0.000000000000e+00   0.000000000000e+00   0.000000000000e+00  -1.230828191275e-03  -1.489845477159e-03   1.049749569131e-03  -5.936407668109e-03  -1.885498863966e-02  -6.179230282452e-02   9.469822339734e-03  -5.363180926970e-02   0.000000000000e+00   0.000000000000e+00   0.000000000000e+00   0.000000000000e+00   0.000000000000e+00   0.000000000000e+00   0.000000000000e+00   0.000000000000e+00   0.000000000000e+00   0.000000000000e+00   0.000000000000e+00   0.000000000000e+00   0.000000000000e+00   0.000000000000e+00   1.230828191275e-03  -1.489845477159e-03  -1.049749569131e-03   5.936407668109e-03   1.885498863966e-02  -6.179230282452e-02  -9.469822339734e-03   5.363180926970e-02   0.000000000000e+00   0.000000000000e+00   0.000000000000e+00   0.000000000000e+00   0.000000000000e+00   0.000000000000e+00  -7.593482365051e-04  -4.657205140409e-02  -6.831773790170e-02   2.164094516243e-06   1.438832653019e-06  -6.057296874344e-06   0.000000000000e+00   7.593482365051e-04   4.657205140409e-02   6.831773790170e-02   2.164094516243e-06  -1.438832653019e-06   6.057296874344e-06   0.000000000000e+00   0.000000000000e+00  -4.351953209828e-04  -1.224208981912e-02   0.000000000000e+00   0.000000000000e+00   0.000000000000e+00   0.000000000000e+00   0.000000000000e+00   4.351953209828e-04   1.224208981912e-02   0.000000000000e+00   0.000000000000e+00   0.000000000000e+00
  -1.051990700862e-01  -1.461347501486e-01  -1.168504704503e-17  -1.059570279823e+01   3.053191607321e-03  -3.899744428512e-01  -1.285375951057e-17  -6.990757721186e+00   3.361173467502e-03  -2.489274115635e-01  -5.507273562936e-18  -2.570302841285e+00   1.443495057874e-03  -1.182269206856e-01  -1.535243973356e-18  -6.838476514463e-01   4.030580359377e-04  -2.034963029621e-17   7.593919429282e-02   1.769123250307e-01  -5.770053988573e-21   2.695910864669e-01  -7.760064961994e-02  -6.075612475535e-02   5.392427748619e-17   8.288338626113e-01   2.582965486774e-03  -1.375469361547e+00   2.180388882005e-16   2.733556195704e+00   1.123241191477e-02  -1.201252944803e+00   1.264705583406e-16   9.268873583370e-01   6.692141398942e-03  -3.675494554217e-01   2.175888585480e-17  -1.527202185742e-01   1.202426529748e-03  -4.344347066793e-16  -2.238422043944e-02   1.519518176617e+00  -1.662321672330e-18   2.635185388062e+00   6.794167771764e-01   9.571533362211e-01   2.738721233124e-01   5.872856846207e-03   7.834981749090e-17   9.429447631896e-02   1.898325053131e+00  -1.999247466255e-03  -1.820704012369e-01  -5.040197574351e-01  -2.723227319364e-01   3.042550086995e-18   5.260331426718e-02  -2.864679760024e-02   6.532508929072e-01   9.385690983792e-01   2.705405895389e-01   5.409240134629e-03   7.566901928075e-17   7.924049732667e-02  -1.857626533527e+00  -1.988571612734e-03  -1.806541794203e-01  -5.020708123855e-01  -2.717564684743e-01   2.996974421541e-18   5.199222875267e-02   2.862674950875e-02   0.000000000000e+00   0.000000000000e+00   0.000000000000e+00   0.000000000000e+00   0.000000000000e+00   0.000000000000e+00   0.000000000000e+00   0.000000000000e+00   0.000000000000e+00  -1.464338636994e-03   1.274490136703e-03  -1.396981371986e-03  -7.108132396691e-03  -3.200690444674e-02   1.641275447825e-02  -5.801325731802e-02  -9.152559796101e-02   0.000000000000e+00   0.000000000000e+00   0.000000000000e+00   0.000000000000e+00   0.000000000000e+00   0.000000000000e+00   0.000000000000e+00   0.000000000000e+00   0.000000000000e+00   0.000000000000e+00   0.000000000000e+00   0.000000000000e+00   0.000000000000e+00   0.000000000000e+00  -1.464338636994e-03  -1.274490136703e-03  -1.396981371986e-03  -7.108132396691e-03  -3.200690444674e-02  -1.641275447825e-02  -5.801325731802e-02  -9.152559796101e-02   0.000000000000e+00   0.000000000000e+00   0.000000000000e+00   0.000000000000e+00   0.000000000000e+00   0.000000000000e+00  -4.405494311370e-04  -3.284349014632e-02  -6.848000217877e-02   1.472140641147e-06   2.693546570544e-07  -3.328211008323e-06   0.000000000000e+00  -4.405494311370e-04  -3.284349014632e-02  -6.848000217877e-02  -1.472140641147e-06   2.693546570544e-07  -3.328211008323e-06   0.000000000000e+00   0.000000000000e+00  -2.985077808310e-04  -1.219543608959e-02   0.000000000000e+00   0.000000000000e+00   0.000000000000e+00   0.000000000000e+00   0.000000000000e+00  -2.985077808310e-04  -1.219543608959e-02   0.000000000000e+00   0.000000000000e+00   0.000000000000e+00
   3.597325858341e-02   4.997142036291e-02   1.869540664545e-19   3.053191607321e-03  -1.049290911135e+01   1.333216989056e-01   2.058125164178e-19   3.361173467502e-03  -6.877327075753e+00   8.504909449271e-02   8.838858011050e-20   1.443495057874e-03  -2.521367816187e+00   4.037847861430e-02   2.468018667908e-20   4.030580359377e-04  -6.701526619449e-01  -5.770053988573e-21  -1.700174408551e-01   8.994120225736e-02  -1.041056573769e-17   4.711606638413e-05   1.186699309899e-04   2.472843761086e-05  -1.581610207398e-19  -2.582965486774e-03  -1.030788319716e-01   1.317669893164e-02  -2.142384920229e-18  -3.498780092896e-02  -7.348626770014e-01   3.703786214005e-02  -3.955703719511e-18  -6.460154427258e-02  -1.106344889756e+00   3.095401641561e-02  -1.927532366172e-18  -3.147899244230e-02  -5.135123539395e-01   4.052780162923e-18   1.448425997549e+00  -1.345895584125e-02   9.046290417988e-17  -3.309346145276e-02   1.136174888899e+00   1.759168656734e+00   7.033459765640e-01   1.823698425563e-01   1.349870347799e-16   2.038080436886e+00   2.158300867285e+00   9.326405224115e-04   8.460398309060e-02   2.324966723409e-01   1.214312545134e-01  -1.413932202440e-18  -2.668498200968e-02   8.655841295620e-03  -1.085672174691e+00  -1.658871825737e+00  -6.078790956678e-01  -1.214715415359e-01  -1.286836848336e-16  -1.933198818659e+00   2.073067122796e+00  -9.225282010979e-04  -8.065927688393e-02  -2.015915431663e-01  -8.092031224332e-02   1.370321670652e-18   2.603011973820e-02   8.515409706252e-03   0.000000000000e+00   0.000000000000e+00   0.000000000000e+00   0.000000000000e+00   0.000000000000e+00   0.000000000000e+00   0.000000000000e+00   0.000000000000e+00   0.000000000000e+00   7.038816142373e-03  -6.111234027827e-03  -6.030888187487e-03   3.135905635348e-02   1.111242220936e-01  -5.684127398508e-02  -5.605472522530e-02   2.435095276016e-01   0.000000000000e+00   0.000000000000e+00   0.000000000000e+00   0.000000000000e+00   0.000000000000e+00   0.000000000000e+00   0.000000000000e+00   0.000000000000e+00   0.000000000000e+00   0.000000000000e+00   0.000000000000e+00   0.000000000000e+00   0.000000000000e+00   0.000000000000e+00   7.038816142373e-03   6.111234027827e-03  -6.030888187487e-03   3.135905635348e-02   1.111242220936e-01   5.684127398508e-02  -5.605472522530e-02   2.435095276016e-01   0.000000000000e+00   0.000000000000e+00   0.000000000000e+00   0.000000000000e+00   0.000000000000e+00   0.000000000000e+00   1.749041952510e-03   1.095798293444e-01   1.677388046926e-01  -6.107498200658e-06  -3.279905271116e-06   1.328055762808e-05   0.000000000000e+00   1.749041952510e-03   1.095798293444e-01   1.677388046926e-01   6.107498200658e-06  -3.279905271116e-06   1.328055762808e-05   0.000000000000e+00   0.000000000000e+00   1.688475716111e-03   4.879248163811e-02   0.000000000000e+00   0.000000000000e+00   0.000000000000e+00   0.000000000000e+00   0.000000000000e+00   1.688475716111e-03   4.879248163811e-02   0.000000000000e+00   0.000000000000e+00   0.000000000000e+00
  -8.103507752709e+00  -8.814642613013e+00  -2.387904766034e-17  -3.899744428512e-01   1.333216989056e-01  -1.199593264702e+01  -3.816474329462e-17  -6.232775575721e-01   2.119503254276e-01  -8.576534493446e+00  -2.465011836614e-17  -4.025669831053e-01   1.385404875912e-01  -4.431957305661e+00  -8.367374573268e-18  -1.366495969081e-01   4.799882032748e-02  -4.150877348937e-17   1.112306067325e-02   2.487738120314e-02   6.810910325107e-19   3.389448575613e-01  -5.268530452668e-01  -5.643675487045e-01   8.452198859179e-17   1.375469361547e+00   1.317669893164e-02  -2.663423247774e+00   2.793041679284e-16   4.489137719728e+00   4.781204729332e-02  -4.362248891993e+00   3.919834886060e-16   6.308788854267e+00   7.036160194157e-02  -3.486151396505e+00   2.020674819524e-16   3.277155120964e+00   3.772131900541e-02  -4.139327423082e-16  -6.706987521704e-02   1.875775269557e+00  -4.106845399039e-18   3.275491317325e+00  -1.973729891730e+00  -4.650827540007e+00  -5.032188317396e+00  -3.383221137517e+00  -1.530869357932e-16  -2.397981751781e+00  -3.671625488228e+00  -4.560057345443e-02  -5.340907422682e-01  -1.964629551553e+00  -2.336984973798e+00   1.606120967962e-17   2.759115465136e-01  -1.521211699720e-01  -1.842389257382e+00  -4.481548272239e+00  -4.951122909565e+00  -3.361352903236e+00  -1.443530222990e-16  -2.254408283704e+00   3.596076710164e+00  -4.355651934210e-02  -5.177888132825e-01  -1.937186938442e+00  -2.323827093794e+00   1.527751885451e-17   2.632190302685e-01   1.505889063245e-01   0.000000000000e+00   0.000000000000e+00   0.000000000000e+00   0.000000000000e+00   0.000000000000e+00  -4.180394252997e-05   3.593258054898e-05   3.480708244530e-05  -1.970517629443e-04  -2.329869152702e-02   1.743342499360e-02   1.650020818637e-02  -9.593179629527e-02  -5.416364203430e-01   2.647061193644e-01   2.471557956125e-01  -1.464468054971e+00  -6.343952664133e-06   3.476633610110e-05  -1.097052580248e-04   3.580054873904e-05  -2.179562939982e-07   0.000000000000e+00   0.000000000000e+00   0.000000000000e+00   0.000000000000e+00   0.000000000000e+00  -4.180394252997e-05  -3.593258054898e-05   3.480708244530e-05  -1.970517629443e-04  -2.329869152702e-02  -1.743342499360e-02   1.650020818637e-02  -9.593179629527e-02  -5.416364203430e-01  -2.647061193644e-01   2.471557956125e-01  -1.464468054971e+00   6.343952664133e-06   3.476633610110e-05  -1.097052580248e-04  -3.580054873904e-05  -2.179562939982e-07  -7.536456686392e-05  -1.179322696185e-02  -3.731364990432e-01  -1.222943375125e+00   6.821564852895e-04   3.570401285078e-04  -1.514464154878e-03  -7.536456686392e-05  -1.179322696185e-02  -3.731364990432e-01  -1.222943375125e+00  -6.821564852895e-04   3.570401285078e-04  -1.514464154878e-03   0.000000000000e+00  -1.083183793291e-06  -5.783758723157e-03  -2.359193781566e-01   0.000000000000e+00   0.000000000000e+00   0.000000000000e+00   0.000000000000e+00  -1.083183793291e-06  -5.783758723157e-03  -2.359193781566e-01   0.000000000000e+00   0.000000000000e+00   0.000000000000e+00
  -2.973910620172e-18  -2.780457825753e-18  -6.780839898028e+00  -1.285375951057e-17   2.058125164178e-19  -3.816474329462e-17  -8.951034899385e+00  -4.184840904798e-17   7.013001549221e-19  -4.491994034920e-17  -5.595564658073e+00  -3.615348093519e-17   7.057244433125e-19  -2.779909342004e-17  -1.929994287917e+00  -1.338387509940e-17   2.920638827983e-19  -5.100459547833e-01  -3.321957288849e-20   3.438404057476e-17   2.021286286059e-01  -1.185839762089e-17  -9.895513294248e-17  -1.077866652182e-16  -7.293177640302e-01   2.180388882005e-16   2.142384920229e-18  -2.793041679284e-16  -2.125501241371e+00   4.382683878737e-16   5.134681604720e-18  -2.178379999374e-16  -2.877018574519e+00   2.845956039669e-16   3.697588993047e-18  -7.703560772597e-17  -1.517631829882e+00   6.077065817567e-17   8.671559245740e-19   2.896798648135e+00  -8.125326897320e-18   9.069494962622e-17   3.737709924787e-02   5.298450342518e-16   2.792582896998e-16   3.155595195889e-16   1.006087033613e-16  -2.594651651960e-18  -2.369874885870e+00   1.112437169808e-16   1.731454043366e-16  -8.673474641616e-18  -6.337648119559e-17  -1.061655713727e-16  -5.892547941659e-17  -9.872243439488e-02   4.729531154447e-17  -2.665626706380e-17   3.720718830671e-16   3.016695404629e-16   4.187935923758e-17  -2.679329387014e-18  -2.210700710211e+00   1.034200013029e-16  -1.685089625282e-16  -2.545422021232e-17  -6.127756742294e-17  -1.044668427445e-16  -5.851461254630e-17  -9.392306747874e-02   4.487122249618e-17   2.632641510232e-17   0.000000000000e+00   0.000000000000e+00   0.000000000000e+00   0.000000000000e+00   0.000000000000e+00  -3.480708244527e-05  -9.841988162092e-06   2.886545515939e-05  -1.635204855842e-04  -8.244026607699e-03  -1.104567829280e-02   5.771092789322e-03  -3.352160194015e-02  -6.351668009781e-02  -2.098642189009e-01   2.899477465315e-02  -1.702361730729e-01   1.086354386061e-06   3.266520364732e-05  -1.073511850082e-04  -6.139020612749e-06   7.051208561757e-06   0.000000000000e+00   0.000000000000e+00   0.000000000000e+00   0.000000000000e+00   0.000000000000e+00   3.480708244527e-05  -9.841988162092e-06  -2.886545515939e-05   1.635204855842e-04   8.244026607699e-03  -1.104567829280e-02  -5.771092789322e-03   3.352160194015e-02   6.351668009781e-02  -2.098642189009e-01  -2.899477465315e-02   1.702361730729e-01   1.086354386061e-06  -3.266520364732e-05   1.073511850082e-04  -6.139020612749e-06  -7.051208561757e-06  -1.637273277600e-04  -1.405996721121e-02  -1.747948335980e-01  -2.192908239765e-01   8.573763251216e-04   6.608121487216e-04  -2.802716492377e-03   1.637273277600e-04   1.405996721121e-02   1.747948335980e-01   2.192908239765e-01   8.573763251216e-04  -6.608121487216e-04   2.802716492377e-03   0.000000000000e+00  -1.346813444254e-06  -2.848331190039e-03  -4.273212140858e-02   0.000000000000e+00   0.000000000000e+00   0.000000000000e+00   0.000000000000e+00   1.346813444254e-06   2.848331190039e-03   4.273212140858e-02   0.000000000000e+00   0.000000000000e+00   0.000000000000e+00
  -4.856764615102e-02  -4.540832226197e-02  -1.285375951057e-17  -6.990757721186e+00   3.361173467502e-03  -6.232775575721e-01  -4.184840904798e-17  -9.634471284108e+00   1.145310068847e-02  -7.335982975435e-01  -3.615348093519e-17  -6.185995808687e+00   1.152535480114e-02  -4.539936484252e-01  -1.338387509940e-17  -2.148569555643e+00   4.769765176402e-03  -6.997712665429e-17   2.015861118098e-01   5.615339965421e-01  -3.321957288849e-20   8.264295796992e-01  -1.620553323317e+00  -1.769322673085e+00   2.180388882006e-16   2.733556195704e+00   3.498780092896e-02  -4.489137719728e+00   4.382683878737e-16   4.773540273964e+00   8.385571431267e-02  -3.506646853022e+00   2.845956039665e-16   1.653325894682e+00   6.038621089146e-02  -1.251207028925e+00   6.077065817533e-17  -5.347995902657e-01   1.416173096395e-02  -5.056609687844e-16  -9.531955917236e-02   1.362841613108e+00  -8.125326897320e-18   2.416103114506e+00   1.846020664197e+00   2.083137128469e+00   6.725383828575e-01  -4.580547840340e-02   1.112437169809e-16  -7.183772091127e-01   2.558387595377e+00  -1.534077249059e-01  -1.045096108234e+00  -1.719519541392e+00  -9.575978450346e-01   4.729531154449e-17   6.961273202329e-01  -4.462330625687e-01   1.702077827871e+00   1.985030480028e+00   6.542199943081e-01  -4.721461849045e-02   1.034200013030e-16  -6.876223907204e-01  -2.479927491810e+00  -1.459445702064e-01  -1.010810589227e+00  -1.691666148251e+00  -9.508663348207e-01   4.487122249620e-17   6.614045953119e-01   4.409086707585e-01   0.000000000000e+00   0.000000000000e+00   0.000000000000e+00   0.000000000000e+00   0.000000000000e+00  -3.593258054895e-05   3.083942307720e-05  -9.841988162124e-06  -1.690191526931e-04  -9.944628718054e-03   7.407825922697e-03  -1.130732274195e-02  -4.106345771627e-02  -1.218244665197e-01   5.977561375010e-02  -2.104847543269e-01  -3.330021296038e-01   1.125380992265e-06  -6.198248591264e-06  -1.096548803492e-04   3.447906949108e-05  -7.250457693956e-06   0.000000000000e+00   0.000000000000e+00   0.000000000000e+00   0.000000000000e+00   0.000000000000e+00  -3.593258054895e-05  -3.083942307720e-05  -9.841988162124e-06  -1.690191526931e-04  -9.944628718054e-03  -7.407825922697e-03  -1.130732274195e-02  -4.106345771627e-02  -1.218244665197e-01  -5.977561375010e-02  -2.104847543269e-01  -3.330021296038e-01  -1.125380992265e-06  -6.198248591264e-06  -1.096548803492e-04  -3.447906949108e-05  -7.250457693956e-06  -8.960912552453e-05  -8.192134425718e-03  -1.313898370291e-01  -2.546308257523e-01   6.996003403870e-04  -4.154300395188e-05  -1.551091561951e-03  -8.960912552453e-05  -8.192134425718e-03  -1.313898370291e-01  -2.546308257523e-01  -6.996003403870e-04  -4.154300395188e-05  -1.551091561951e-03   0.000000000000e+00  -7.645441258887e-07  -1.982670876506e-03  -4.826120349549e-02   0.000000000000e+00   0.000000000000e+00   0.000000000000e+00   0.000000000000e+00  -7.645441258887e-07  -1.982670876506e-03  -4.826120349549e-02   0.000000000000e+00   0.000000000000e+00   0.000000000000e+00
   1.660700789929e-02   1.552764285283e-02   2.058125164178e-19   3.361173467502e-03  -6.877327075753e+00   2.119503254276e-01   7.013001549221e-19   1.145310068847e-02  -9.241671814766e+00   2.524624971820e-01   7.057244433125e-19   1.152535480114e-02  -5.825747848166e+00   1.594674265687e-01   2.920638827983e-19   4.769765176402e-03  -2.013380721515e+00  -3.321957288849e-20  -3.638701222944e-01   2.447069651392e-01  -2.228061903018e-17   2.712583980264e-04   1.418741964535e-03   9.517966067777e-04  -6.877868647139e-19  -1.123241191477e-02  -7.348626770014e-01   4.781204729332e-02  -5.134681604720e-18  -8.385571431267e-02  -2.158248359503e+00   1.282200318531e-01  -1.141510513403e-17  -1.864228142397e-01  -2.962582384748e+00   1.253222814129e-01  -7.234859101587e-18  -1.181542157099e-01  -1.577345109678e+00   6.280350081765e-18   2.934347890897e+00   1.580413491302e-02   1.869755945712e-16  -5.128295021792e-02   3.097175540102e+00   3.877880825157e+00   1.921082065114e+00   5.942109046554e-01   1.946654266495e-16   2.909836230656e+00   2.001120392818e+00   7.055612416245e-02   4.490515742374e-01   7.445744820489e-01   4.081844716760e-01  -2.109686920030e-17  -3.554412054020e-01   8.473768190696e-02  -2.825162381262e+00  -3.502383061913e+00  -1.566973635625e+00  -3.440164338337e-01  -1.776325524451e-16  -2.628927022422e+00   1.950136937300e+00  -6.617459667416e-02  -4.094260816202e-01  -6.081846021420e-01  -2.357814101101e-01   1.946907902651e-17   3.289198739745e-01   8.371407912533e-02   0.000000000000e+00   0.000000000000e+00   0.000000000000e+00   0.000000000000e+00   0.000000000000e+00   1.970517629443e-04  -1.690191526932e-04  -1.635204855843e-04   8.860803072236e-04   4.810294832852e-02  -3.561393156959e-02  -3.403724943504e-02   1.781311246488e-01   3.879428995159e-01  -1.882270580871e-01  -1.795073628006e-01   7.896682151770e-01   3.367714282522e-05  -1.772914259010e-04   5.358665948655e-04  -1.828023771473e-04   1.252349879898e-06   0.000000000000e+00   0.000000000000e+00   0.000000000000e+00   0.000000000000e+00   0.000000000000e+00   1.970517629443e-04   1.690191526932e-04  -1.635204855843e-04   8.860803072236e-04   4.810294832852e-02   3.561393156959e-02  -3.403724943504e-02   1.781311246488e-01   3.879428995159e-01   1.882270580871e-01  -1.795073628006e-01   7.896682151770e-01  -3.367714282522e-05  -1.772914259010e-04   5.358665948655e-04   1.828023771473e-04   1.252349879898e-06   3.743926962852e-04   3.276075382384e-02   4.224878922631e-01   5.621679135990e-01  -2.903249309688e-03  -1.517596203642e-03   6.025818906602e-03   3.743926962852e-04   3.276075382384e-02   4.224878922631e-01   5.621679135990e-01   2.903249309688e-03  -1.517596203642e-03   6.025818906602e-03   0.000000000000e+00   5.175309082983e-06   1.129348999600e-02   1.764792652053e-01   0.000000000000e+00   0.000000000000e+00   0.000000000000e+00   0.000000000000e+00   5.175309082983e-06   1.129348999600e-02   1.764792652053e-01   0.000000000000e+00   0.000000000000e+00   0.000000000000e+00
  -3.678022230639e+00  -4.007461594905e+00  -1.524240789019e-17  -2.489274115635e-01   8.504909449271e-02  -8.576534493446e+00  -4.491994034920e-17  -7.335982975435e-01   2.524624971820e-01  -9.258108792626e+00  -5.632228648963e-17  -9.198127415347e-01   3.865868686626e-01  -6.518432765129e+00  -2.886208406362e-17  -4.713536030445e-01   2.523322945587e-01  -5.545871020380e-17   1.613160264939e-02   4.946494910951e-02   9.877757774845e-19   4.528547352861e-01  -1.512677364182e+00  -1.642139553743e+00   7.456524495506e-17   1.201252944803e+00   3.703786214005e-02  -4.362248891993e+00   2.178379999374e-16   3.506646853022e+00   1.282200318531e-01  -6.138405277819e+00   3.608878407073e-16   5.819691425630e+00   2.554084655714e-01  -5.426946106763e+00   2.567394608272e-16   4.160675078508e+00   2.107824296395e-01  -1.815495276697e-16  -8.161084966373e-02   7.666318666445e-01  -4.997223289477e-18   1.457676959583e+00  -2.498027985639e+00  -5.280009287731e+00  -6.580779051381e+00  -5.235257974456e+00  -9.707250008672e-17  -1.548123024987e+00  -2.108931160202e+00  -5.814973419624e-01  -1.788295886984e+00  -3.537993510510e+00  -3.918037727568e+00   6.066630507498e-17   9.846851911749e-01  -5.775570109851e-01  -2.268951426346e+00  -4.889305284310e+00  -6.269398461899e+00  -5.109346101698e+00  -8.872706783149e-17  -1.411531124692e+00   2.176387700010e+00  -5.320118694140e-01  -1.662852416318e+00  -3.375245907989e+00  -3.825630283146e+00   5.549021372251e-17   9.000729642760e-01   5.965399217965e-01  -2.387848522213e-03  -2.481844971769e-03   1.464338636998e-03   1.230828191275e-03  -7.038816142366e-03  -2.329869152700e-02   9.944628718093e-03   8.244026607705e-03  -4.810294832848e-02  -1.875106482589e-01   9.628468669595e-02   8.112771457804e-02  -4.941983741424e-01  -1.125876063857e+00   4.789550762565e-01   3.963616949553e-01  -2.572706806733e+00  -2.128177706874e-03   1.027370325488e-02  -3.320156900897e-02   1.189422051567e-02  -1.172551233080e-03  -2.387848522213e-03  -2.481844971769e-03  -1.464338636998e-03   1.230828191275e-03  -7.038816142366e-03  -2.329869152700e-02  -9.944628718093e-03   8.244026607705e-03  -4.810294832848e-02  -1.875106482589e-01  -9.628468669595e-02   8.112771457804e-02  -4.941983741424e-01  -1.125876063857e+00  -4.789550762565e-01   3.963616949553e-01  -2.572706806733e+00   2.128177706874e-03   1.027370325488e-02  -3.320156900897e-02  -1.189422051567e-02  -1.172551233080e-03  -4.673839877331e-02  -2.211540630506e-01  -1.010016028095e+00  -2.209171442550e+00   5.710269228644e-02   2.622844640749e-02  -1.088138235277e-01  -4.673839877331e-02  -2.211540630506e-01  -1.010016028095e+00  -2.209171442550e+00  -5.710269228644e-02   2.622844640749e-02  -1.088138235277e-01  -1.080771527851e-04  -2.132112084553e-03  -5.292037066188e-02  -5.311051832199e-01   2.449854651708e-04   8.794886722530e-05  -7.401050854056e-04  -1.080771527851e-04  -2.132112084553e-03  -5.292037066188e-02  -5.311051832199e-01  -2.449854651708e-04   8.794886722530e-05  -7.401050854056e-04
  -9.474221837414e-19  -7.261557515161e-19  -2.480362238544e+00  -5.507273562936e-18   8.838858011050e-20  -2.465011836614e-17  -5.595564658073e+00  -3.615348093519e-17   7.057244433125e-19  -5.632228648963e-17  -7.122142851617e+00  -5.920089019739e-17   2.348710315183e-18  -5.261977023793e-17  -4.237978067021e+00  -3.206825537943e-17   2.352303756557e-18  -3.724718556318e-01  -4.415594156720e-20   2.803289619728e-17   1.594355489074e-01  -3.647705777340e-18  -1.726230765371e-16  -1.883352836276e-16  -1.091986858951e+00   1.264705583406e-16   3.955703719511e-18  -3.919834886060e-16  -2.877018574519e+00   2.845956039665e-16   1.141510513403e-17  -3.608878407073e-16  -4.692587156590e+00   2.953233900964e-16   1.505189930885e-17  -1.712900356791e-16  -3.501666369191e+00   1.066156295502e-16   6.828327224936e-18   1.832745216872e+00  -7.741551920412e-18  -1.110331566415e-17   7.744134755713e-02   2.261931667931e-16   3.575898611189e-16   3.475779834451e-16   1.803004557728e-16   1.890867130597e-18  -2.218266636428e+00   5.239674835728e-17   7.300862669529e-17  -1.960872934320e-16  -4.645235618290e-16  -8.043325402333e-16  -1.443987366839e-16  -5.780427423469e-01   1.332933434180e-16  -7.755763586169e-17   3.237458203395e-16   4.595719983435e-16   2.455367955408e-16   6.780402546687e-18  -1.997786320995e+00   4.688181094011e-17  -7.513092958137e-17  -1.788911888302e-16  -1.854295561843e-16  -7.666290267880e-16  -4.684345459125e-16  -5.243913716090e-01   1.214656074130e-16   8.004505398137e-17  -2.184190122632e-03  -2.299841891411e-03  -1.396981371979e-03   1.049749569130e-03  -6.030888187478e-03  -1.650020818633e-02  -1.130732274189e-02   5.771092789316e-03  -3.403724943495e-02  -8.112771457768e-02  -1.273020192178e-01   3.499215742372e-02  -2.107689779014e-01  -2.018333012528e-01  -6.805812222775e-01   7.310432912055e-02  -4.511540292286e-01   2.263451468364e-03   7.638649853967e-03  -2.791748163934e-02  -1.364165994782e-02   4.056806518695e-03   2.184190122632e-03   2.299841891411e-03  -1.396981371979e-03  -1.049749569130e-03   6.030888187478e-03   1.650020818633e-02  -1.130732274189e-02  -5.771092789316e-03   3.403724943495e-02   8.112771457768e-02  -1.273020192178e-01  -3.499215742372e-02   2.107689779014e-01   2.018333012528e-01  -6.805812222775e-01  -7.310432912055e-02   4.511540292286e-01   2.263451468364e-03  -7.638649853967e-03   2.791748163934e-02  -1.364165994782e-02  -4.056806518695e-03  -7.132212805287e-02  -2.528032519459e-01  -6.284967619736e-01  -6.142734295924e-01   2.560242845907e-02   3.703858629425e-02  -1.539230410355e-01   7.132212805287e-02   2.528032519459e-01   6.284967619736e-01   6.142734295924e-01   2.560242845907e-02  -3.703858629425e-02   1.539230410355e-01  -1.609444861175e-04  -2.415997502932e-03  -3.470253435339e-02  -1.514609072070e-01   1.420866644368e-04   1.230428377218e-04  -1.012980116561e-03   1.609444861175e-04   2.415997502932e-03   3.470253435339e-02   1.514609072070e-01   1.420866644368e-04  -1.230428377218e-04   1.012980116561e-03
  -1.547257845057e-02  -1.185902338522e-02  -5.507273562936e-18  -2.570302841285e+00   1.443495057874e-03  -4.025669831053e-01  -3.615348093519e-17  -6.185995808687e+00   1.152535480114e-02  -9.198127415347e-01  -5.920089019739e-17  -8.088966759387e+00   3.835735032858e-02  -8.593460624101e-01  -3.206825537943e-17  -4.761692421296e+00   3.841603567976e-02  -6.112655831475e-17   1.587144276568e-01   4.578119375497e-01  -4.415594156720e-20   6.853721551436e-01  -2.797552539169e+00  -3.049184459385e+00   1.264705583408e-16   9.268873583370e-01   6.460154427258e-02  -6.308788854267e+00   2.845956039669e-16   1.653325894682e+00   1.864228142397e-01  -5.819691425630e+00   2.953233900964e-16   2.414499116473e-02   2.458161704021e-01  -2.779717604282e+00   1.066156295496e-16  -1.781106070856e+00   1.115150463191e-01  -1.062543769399e-16  -4.898778985454e-02  -1.820729517555e-01  -7.741551920412e-18  -7.577973567316e-02   1.672759166684e+00   2.336061943640e+00   1.213407168921e+00   2.149695553247e-02   5.239674835742e-17  -1.400788538819e+00   1.130028713671e+00  -1.372261846326e+00  -3.232198455264e+00  -3.898217962902e+00  -2.344157380890e+00   1.332933434183e-16   1.559768362191e+00  -1.247662012649e+00   1.506067024073e+00   2.141678645147e+00   1.147865913890e+00   2.081870685193e-02   4.688181094024e-17  -1.270492100670e+00  -1.164106699085e+00  -1.250697850247e+00  -2.998249098613e+00  -3.712216942266e+00  -2.284696524806e+00   1.214656074132e-16   1.419963639446e+00   1.288088720439e+00  -2.197037017590e-03  -2.307109656798e-03   1.274490136707e-03  -1.489845477159e-03  -6.111234027820e-03  -1.743342499358e-02   7.407825922723e-03  -1.104567829281e-02  -3.561393156954e-02  -9.628468669559e-02   4.957988392127e-02  -1.273020192186e-01  -2.514044163813e-01  -3.524130285400e-01   1.525957768554e-01  -6.996139364473e-01  -8.153791008467e-01   2.769071435383e-03  -1.341713158455e-02  -2.781533053674e-02   9.198305859211e-03  -4.686907148945e-03  -2.197037017590e-03  -2.307109656798e-03  -1.274490136707e-03  -1.489845477159e-03  -6.111234027820e-03  -1.743342499358e-02  -7.407825922723e-03  -1.104567829281e-02  -3.561393156954e-02  -9.628468669559e-02  -4.957988392127e-02  -1.273020192186e-01  -2.514044163813e-01  -3.524130285400e-01  -1.525957768554e-01  -6.996139364473e-01  -8.153791008467e-01  -2.769071435383e-03  -1.341713158455e-02  -2.781533053674e-02  -9.198305859211e-03  -4.686907148945e-03  -3.938012779925e-02  -1.473441268555e-01  -4.475734509720e-01  -6.467068309593e-01   4.533060752989e-02  -3.382233781580e-02  -8.561554229699e-02  -3.938012779925e-02  -1.473441268555e-01  -4.475734509720e-01  -6.467068309593e-01  -4.533060752989e-02  -3.382233781580e-02  -8.561554229699e-02  -9.199566847077e-05  -1.485354587864e-03  -2.370549995394e-02  -1.525714845194e-01   2.026985823257e-04  -1.123307570877e-04  -6.033055288663e-04  -9.199566847077e-05  -1.485354587864e-03  -2.370549995394e-02  -1.525714845194e-01  -2.026985823257e-04  -1.123307570877e-04  -6.033055288663e-04
   5.289796031777e-03   4.055330374873e-03   8.838858011050e-20   1.443495057874e-03  -2.521367816187e+00   1.385404875912e-01   7.057244433125e-19   1.152535480114e-02  -5.825747848166e+00   3.865868686626e-01   2.348710315183e-18   3.835735032858e-02  -7.528545280917e+00   4.600384135124e-01   2.352303756557e-18   3.841603567976e-02  -4.535862801492e+00  -4.415594156720e-20  -2.648904746278e-01   1.972541832561e-01  -1.621986359509e-17   3.605606252998e-04   2.257296200881e-03   1.656302107306e-03  -4.097754770732e-19  -6.692141398942e-03  -1.106344889756e+00   7.036160194157e-02  -3.697588993047e-18  -6.038621089146e-02  -2.962582384748e+00   2.554084655714e-01  -1.505189930885e-17  -2.458161704021e-01  -4.931982864075e+00   3.842869764143e-01  -1.801560972052e-17  -2.942172345284e-01  -3.747692714671e+00   1.877536381262e-18   1.843076491048e+00   8.714615557228e-02   1.160099269748e-16  -1.533124802234e-02   2.808461769596e+00   4.355048746740e+00   3.373010433809e+00   1.538198996693e+00   9.370843575496e-17   1.468082249982e+00  -3.198872870695e-01   6.497958458646e-01   1.450460138788e+00   1.782978610803e+00   1.143188664937e+00  -6.085124645668e-17  -9.748259685566e-01  -7.249430865057e-02  -2.495510458577e+00  -3.726310282916e+00  -2.528191357598e+00  -7.342099849817e-01  -8.200774442828e-17  -1.276413608245e+00  -5.489885067718e-02  -5.816843919631e-01  -1.244588056631e+00  -1.329297371476e+00  -5.373348480581e-01   5.349796969494e-17   8.545419327863e-01  -5.365865920367e-03   1.223134985198e-02   1.284997811778e-02  -7.108132396715e-03  -5.936407668106e-03   3.135905635345e-02   9.593179629519e-02  -4.106345771643e-02  -3.352160194018e-02   1.781311246486e-01   4.941983741424e-01  -2.514044163822e-01  -2.107689779023e-01   1.097303020707e+00   1.298813837547e+00  -5.432011614553e-01  -4.645649229646e-01   2.063777976803e+00   9.161968309998e-03  -4.004748077546e-02   1.162643924591e-01  -4.678099135992e-02   5.395065056080e-03   1.223134985198e-02   1.284997811778e-02   7.108132396715e-03  -5.936407668106e-03   3.135905635345e-02   9.593179629519e-02   4.106345771643e-02  -3.352160194018e-02   1.781311246486e-01   4.941983741424e-01   2.514044163822e-01  -2.107689779023e-01   1.097303020707e+00   1.298813837547e+00   5.432011614553e-01  -4.645649229646e-01   2.063777976803e+00  -9.161968309998e-03  -4.004748077546e-02   1.162643924591e-01   4.678099135992e-02   5.395065056080e-03   1.654623286996e-01   6.064816138807e-01   1.579682094406e+00   1.666793655491e+00  -1.904968653520e-01  -8.661353474354e-02   3.013947090417e-01   1.654623286996e-01   6.064816138807e-01   1.579682094406e+00   1.666793655491e+00   1.904968653520e-01  -8.661353474354e-02   3.013947090417e-01   6.264994191179e-04   9.817287685631e-03   1.451338342022e-01   6.607546812750e-01  -1.339233998024e-03  -4.797881506433e-04   3.854127863544e-03   6.264994191179e-04   9.817287685631e-03   1.451338342022e-01   6.607546812750e-01   1.339233998024e-03  -4.797881506433e-04   3.854127863544e-03
