ARMA_MAT_TXT_FN008
91 91
  -3.746213884369e+02  -5.948254580898e+02  -2.538740871606e+02  -1.429985603560e+02  -6.584468773865e+01  -3.482958979982e+01  -1.091392074485e+01  -5.035682518836e+00   7.596963974045e-03   2.647049069640e-07   7.644441137220e-08   1.783173140553e-03   6.213201508965e-08   1.794317066265e-08   1.624579004554e-04   5.660603837604e-09   1.634731797533e-09   3.082042146346e-05   1.073891731480e-09   3.101303343110e-10   1.400101024365e-05   4.878443713320e-10   1.408850944073e-10   4.138895723428e-06   1.442136636618e-10   4.164761717835e-11   1.091416552449e-06   3.802878596792e-11   1.098237351116e-11  -8.922592764929e-11  -1.025138233004e-11   9.461733764867e-07  -2.739128639801e-11  -1.638860038269e-06  -1.317766298709e-12  -1.514013527861e-13   1.397391342110e-08  -4.045384009392e-13  -2.420411402442e-08  -1.931688134372e+00   3.000497612743e-07   1.045478751960e-11   3.019249197624e-12  -1.345493349073e-13  -1.545869805701e-14   1.426793779205e-09  -4.130502718439e-14  -2.471339150569e-09   0.000000000000e+00   1.462626876375e-11  -3.275957967969e-08   4.821690466695e-13   4.523744044232e-14  -2.012299940391e-02  -1.021504242333e-01   1.503492749322e-06   1.410588261202e-07  -7.420252491901e-01  -2.068895668789e+00   3.045087341494e-05   2.856923959977e-06  -1.173905138316e+00  -1.795767277817e+00   2.643085529936e-05   2.479762821304e-06   1.794095135790e-06  -2.477461270905e-12   3.518792701149e-02   1.683233616107e-07  -6.094727737076e-02   0.000000000000e+00  -6.774185632843e-03  -4.062212312470e-01  -8.166112797525e-01  -7.682806323955e-06   3.468631697492e-06  -1.787738349821e-07   0.000000000000e+00  -6.805698829891e-03  -4.068164909922e-01  -8.170304486580e-01  -7.761765252795e-06  -1.910341758462e-06  -2.946418985080e-06   0.000000000000e+00  -6.796163673282e-03  -4.066365787389e-01  -8.169038004128e-01  -7.737850388110e-06  -1.592482329325e-06   3.116574858702e-06
  -5.948254580898e+02  -5.281457140645e+02  -3.028471636585e+02  -1.883747394385e+02  -9.210615236596e+01  -4.969313181351e+01  -1.575665167467e+01  -7.285202122798e+00   1.959875353676e-02   6.828894080956e-07   1.972123578399e-07   1.326469304581e-02   4.621884940608e-07   1.334759063470e-07   2.145429622998e-03   7.475430325768e-08   2.158837467586e-08   4.501939928675e-04   1.568633988589e-08   4.530074764821e-09   2.072809797447e-04   7.222397347966e-09   2.085763805040e-09   6.186437751443e-05   2.155572193088e-09   6.225099842717e-10   1.637581000894e-05   5.705907359423e-10   1.647815049741e-10  -2.945885356458e-09  -3.384598836362e-10   3.123888276825e-05  -9.043513653529e-10  -5.410864213678e-05  -9.758773284969e-11  -1.121209032531e-11   1.034843986545e-06  -2.995826000177e-11  -1.792445759125e-06  -2.796923430777e+00   4.507816446006e-06   1.570681573623e-10   4.535988007399e-11  -1.029471625003e-11  -1.182784814220e-12   1.091676678260e-07  -3.160354043044e-12  -1.890885252108e-07   0.000000000000e+00   5.301185485248e-11  -1.176289293759e-07   1.731311246740e-12   1.624328437350e-13  -2.953052318974e-02  -1.495070754053e-01   2.200515363951e-06   2.064550535023e-07  -1.075119569806e+00  -2.995227154587e+00   4.408515871235e-05   4.136123516220e-06  -1.699890527166e+00  -2.599760083730e+00   3.826448848688e-05   3.590021072614e-06   2.642038618167e-06  -3.649012632753e-12   5.181862370083e-02   2.478793118670e-07  -8.975248898959e-02   0.000000000000e+00  -9.912868934427e-03  -5.886251390979e-01  -1.182602536028e+00  -1.180136765698e-05   5.328083594447e-06  -2.746102843795e-07   0.000000000000e+00  -9.958900254103e-03  -5.894871991152e-01  -1.183209448878e+00  -1.192211636967e-05  -2.934298612226e-06  -4.525720647386e-06   0.000000000000e+00  -9.944972293618e-03  -5.892266488019e-01  -1.183026075439e+00  -1.188554505799e-05  -2.446097606432e-06   4.787146559219e-06
  -2.538740871606e+02  -3.028471636585e+02  -2.650510532345e+02  -2.060975483956e+02  -1.213746518952e+02  -7.044923968935e+01  -2.341631216314e+01  -1.091962660567e+01   1.611789230091e-02   5.616039771342e-07   1.621862093481e-07   5.063051443004e-02   1.764144947578e-06   5.094692940894e-07   2.338266421869e-02   8.147341461306e-07   2.352879398426e-07   6.442539847292e-03   2.244807158117e-07   6.482802446490e-08   3.094301144367e-03   1.078163196952e-07   3.113638953639e-08   9.521308777622e-04   3.317558386175e-08   9.580812117643e-09   2.551443463953e-04   8.890125148110e-09   2.567388688661e-09  -5.593830503082e-08  -6.426886969662e-09   5.931833528958e-04  -1.717238670514e-08  -1.027448580816e-03  -4.909052217770e-09  -5.640128658598e-10   5.205678027743e-05  -1.507019974825e-09  -9.016717134208e-05  -4.206714475465e+00   7.052758006145e-05   2.457428596784e-09   7.096834158651e-10  -5.635753239289e-10  -6.475053013823e-11   5.976289415277e-06  -1.730108446197e-10  -1.035148752595e-05   0.000000000000e+00   1.503648295943e-09  -3.401579607483e-06   5.006803464996e-11   4.697717285789e-12  -4.694438279029e-02  -2.350401974567e-01   3.459559799277e-06   3.245976677577e-07  -1.621618759831e+00  -4.502737629686e+00   6.627577904961e-05   6.218400071404e-06  -2.557827742128e+00  -3.907912181813e+00   5.752052785632e-05   5.396926278046e-06   4.258459912596e-06  -5.919855949633e-12   8.351857529342e-02   3.995557258818e-07  -1.446584157220e-01   0.000000000000e+00  -1.557798358834e-02  -8.881592032880e-01  -1.780068730710e+00  -2.267848998087e-05   1.023898921926e-05  -5.277191466106e-07   0.000000000000e+00  -1.564977931706e-02  -8.894568802603e-01  -1.780981504077e+00  -2.290616322982e-05  -5.637772743055e-06  -8.695428757743e-06   0.000000000000e+00  -1.562805593673e-02  -8.890646689581e-01  -1.780705717629e+00  -2.283721338168e-05  -4.700045386716e-06   9.198245435433e-06
  -1.429985603560e+02  -1.883747394385e+02  -2.060975483956e+02  -1.840296257956e+02  -1.275358207892e+02  -8.063226430511e+01  -2.858523543998e+01  -1.349904700833e+01   1.007511623499e-02   3.510524355183e-07   1.013808059012e-07   6.197480819673e-02   2.159419985915e-06   6.236211924516e-07   6.246032226752e-02   2.176337001367e-06   6.285066753212e-07   2.445249298793e-02   8.520107379110e-07   2.460530863951e-07   1.263216767318e-02   4.401490885183e-07   1.271111230000e-07   4.106162177525e-03   1.430731119556e-07   4.131823603906e-08   1.125488201808e-03   3.921596189825e-08   1.132521930965e-08  -1.997007981552e-07  -2.294410702627e-08   2.117675695788e-03  -6.130574262766e-08  -3.668010704637e-03  -4.138003634680e-08  -4.754252318781e-09   4.388039410538e-04  -1.270317335551e-08  -7.600491218879e-04  -5.227349464062e+00   3.135309249365e-04   1.092451861023e-08   3.154903338444e-09  -5.555785886097e-09  -6.383176590333e-10   5.891490094499e-05  -1.705559430777e-09  -1.020460723797e-04   0.000000000000e+00   4.679495645966e-09  -9.951778771397e-06   1.465026231232e-10   1.374885588469e-11  -6.332164693614e-02  -3.116822835757e-01   4.588183365070e-06   4.305646230808e-07  -2.023680962558e+00  -5.591007975792e+00   8.230261538010e-05   7.723313743209e-06  -3.180533454199e+00  -4.851827940914e+00   7.142130762293e-05   6.702181577399e-06   5.852674233488e-06  -8.595654030997e-12   1.147712831790e-01   5.492304868628e-07  -1.987896936324e-01   0.000000000000e+00  -2.067064363873e-02  -1.109001018852e+00  -2.214562306372e+00  -4.086945849074e-05   1.845257474810e-05  -9.510486463191e-07   0.000000000000e+00  -2.076481847712e-02  -1.110615600902e+00  -2.215696436908e+00  -4.126721386129e-05  -1.015723505945e-05  -1.566602951013e-05   0.000000000000e+00  -2.073632433694e-02  -1.110127608973e+00  -2.215353769572e+00  -4.114677176712e-05  -8.468565438234e-06   1.657344503493e-05
  -6.584468773865e+01  -9.210615236596e+01  -1.213746518952e+02  -1.275358207892e+02  -1.129752556382e+02  -8.495276115167e+01  -3.562418828708e+01  -1.747729436769e+01   4.900574636460e-03   1.707532321656e-07   4.931200736901e-08   5.244877558001e-02   1.827499552152e-06   5.277655376685e-07   1.350559112291e-01   4.705822291507e-06   1.358999420233e-06   9.982080783515e-02   3.478107536293e-06   1.004446371437e-06   6.304676756411e-02   2.196770815218e-06   6.344077781369e-07   2.422037966142e-02   8.439230943851e-07   2.437174472269e-07   7.144093718263e-03   2.489253166786e-07   7.188740672546e-08  -6.050841885908e-07  -6.951958385331e-08   6.416459482966e-03  -1.857535667183e-07  -1.111390290603e-02  -4.184353161874e-07  -4.807504410029e-08   4.437189573269e-03  -1.284546082815e-07  -7.685623859045e-03  -6.878744698764e+00   2.042213176342e-03   7.115787973870e-08   2.054975970604e-08  -8.804304929813e-08  -1.011547857933e-08   9.336298472697e-04  -2.702815697428e-08  -1.617133483077e-03  -2.482245846331e-07   7.422497511817e-08  -1.308279358215e-04   1.928647032545e-09   1.813687642054e-10  -1.067754596537e-01  -4.973590433278e-01   7.327304694612e-06   6.884098676972e-07  -2.699143589613e+00  -7.338930082372e+00   1.080986171040e-04   1.015302726582e-05  -4.194555497023e+00  -6.366897229398e+00   9.377753347790e-05   8.807447174413e-06   1.030089871850e-05  -3.373520615707e-11   2.018271622833e-01   9.678830113541e-07  -3.495748993480e-01   0.000000000000e+00  -3.334667940109e-02  -1.482059214157e+00  -2.925383981074e+00  -1.656335645868e-04   7.480734066251e-05  -3.855581759076e-06   0.000000000000e+00  -3.349299059294e-02  -1.484192425986e+00  -2.926875978486e+00  -1.670855004194e-04  -4.113835191086e-05  -6.344981188154e-05   0.000000000000e+00  -3.344872444458e-02  -1.483547688622e+00  -2.926425186385e+00  -1.666460436407e-04  -3.430890443017e-05   6.714440292635e-05
  -3.482958979982e+01  -4.969313181351e+01  -7.044923968935e+01  -8.063226430511e+01  -8.495276115167e+01  -7.569743596877e+01  -4.006554434724e+01  -2.104303057222e+01   2.636318269814e-03   9.185858781519e-08   2.652793918916e-08   3.549694258744e-02   1.236838152349e-06   3.571878043493e-07   1.621796471689e-01   5.650908515818e-06   1.631931875251e-06   2.080294595962e-01   7.248477014809e-06   2.093295379739e-06   1.734051024162e-01   6.042042802754e-06   1.744887961617e-06   8.791027233928e-02   3.063102647354e-06   8.845966685518e-07   2.979467136273e-02   1.038150995324e-06   2.998087291364e-07  -8.893668331228e-07  -1.021815034956e-07   9.431061590834e-03  -2.730249186615e-07  -1.633547333998e-02  -1.555409805506e-06  -1.787047892492e-07   1.649394280108e-02  -4.774920986684e-07  -2.856903862874e-02  -8.546476538136e+00   8.970112650427e-03   3.125502296313e-07   9.026171294833e-08  -6.394449235783e-07  -7.346737168559e-08   6.780829050072e-03  -1.963018989988e-07  -1.174502478896e-02  -4.278120783608e-05   1.378383380713e-06  -2.883790088266e-03   4.290182504828e-08   4.087664637333e-09  -2.040514918864e-01  -8.525552178542e-01   1.260837728241e-05   1.191191840028e-06  -3.441623284656e+00  -9.066168662423e+00   1.338334155085e-04   1.261040067559e-05  -5.235579344602e+00  -7.866705869107e+00   1.160898014383e-04   1.093336759725e-05   2.011684832211e-05  -6.280226921265e-10   3.924646563441e-01   1.902035933105e-06  -6.797687270397e-01  -4.462043547355e-06  -6.035050375297e-02  -1.898288795074e+00  -3.663310969687e+00  -1.247042938489e-03   5.644740885138e-04  -2.909306146003e-05  -4.506735443676e-06  -6.059578201862e-02  -1.900959211714e+00  -3.665163594709e+00  -1.256032759815e-03  -3.099384472834e-04  -4.780341907131e-04  -4.493188291508e-06  -6.052158290628e-02  -1.900152127644e+00  -3.664603848254e+00  -1.253314018941e-03  -2.586057448575e-04   5.061057078849e-04
  -1.091392074485e+01  -1.575665167467e+01  -2.341631216314e+01  -2.858523543998e+01  -3.562418828708e+01  -4.006554434724e+01  -3.671014007162e+01  -2.543308838908e+01   8.342571725759e-04   2.906844997623e-08   8.394708558383e-09   1.311152809202e-02   4.568516891239e-07   1.319346847781e-07   1.008555556472e-01   3.514161784313e-06   1.014858516036e-06   2.583440659751e-01   9.001614616352e-06   2.599585850669e-06   3.812503471663e-01   1.328410564078e-05   3.836330722981e-06   4.497463118941e-01   1.567539692745e-05   4.526643201702e-06   2.817572864383e-01   9.855475205587e-06   2.843901779619e-06  -6.487476124243e-07  -7.453618007541e-08   6.879477018719e-03  -1.991577125630e-07  -1.191589221955e-02  -3.516594933580e-06  -4.040300853548e-07   3.729082553275e-02  -1.079552339877e-06  -6.459116828469e-02  -1.220403215357e+01   1.125586003463e-01   3.956460564537e-06   1.140488158042e-06  -7.479181974024e-06  -8.590556606451e-07   7.924673130130e-02  -2.295563761287e-06  -1.372626899337e-01  -7.973225516887e-02  -7.990906661709e-02  -3.970531678837e-01   7.099888636674e-06   8.259842887426e-07  -1.225796715425e+00  -2.999881168476e+00   4.919750077672e-05   5.300540143616e-06  -5.591292156183e+00  -1.224026560101e+01   1.880702758807e-04   1.873222994221e-05  -7.707423827024e+00  -1.084456292077e+01   1.643455667661e-04   1.606846240509e-05   7.678388216672e-05  -4.136615030925e-07   1.369324516970e+00   8.160858921598e-06  -2.371741274554e+00  -1.877645187919e-02  -3.978411746960e-01  -3.208096658048e+00  -5.499692448026e+00  -1.416706987697e-01   6.973222968336e-02  -3.593988464911e-03  -1.885417257175e-02  -3.989011896893e-01  -3.212015475838e+00  -5.502323032672e+00  -1.421299327562e-01  -3.813418934097e-02  -5.881633183582e-02  -1.883069195199e-02  -3.985808510340e-01  -3.210831375967e+00  -5.501528341064e+00  -1.419916482900e-01  -3.185715101549e-02   6.234622889443e-02
  -5.035682518836e+00  -7.285202122798e+00  -1.091962660567e+01  -1.349904700833e+01  -1.747729436769e+01  -2.104303057222e+01  -2.543308838908e+01  -2.295500911989e+01   3.855825608244e-04   1.343505066480e-08   3.879922558319e-09   6.236439196418e-03   2.172994452672e-07   6.275413771314e-08   5.384714592383e-02   1.876223686297e-06   5.418366321451e-07   1.673924482076e-01   5.832540812443e-06   1.684385659206e-06   3.111427849275e-01   1.084140471051e-05   3.130895149500e-06   6.190831696004e-01   2.171138865809e-05   6.261582897027e-06   6.993922951760e-01   2.570473739182e-05   7.328785620061e-06  -3.570401919554e-07  -4.102120999300e-08   3.786140786145e-03  -1.096070437271e-07  -6.557946979547e-03  -2.653008731045e-06  -3.048105784892e-07   2.813314740019e-02  -8.144417604257e-07  -4.872922044883e-02  -1.413686298381e+01   3.986154231882e-01   1.508321597441e-05   4.255257745340e-06  -1.289425704326e-05  -1.474267760278e-06   1.348947374306e-01  -3.945163472823e-06  -2.336502442387e-01  -7.238666124072e-01  -7.921852046170e-01  -1.054558525586e+00   2.538160303540e-05   3.499626971000e-06  -3.258495599276e+00  -4.186098281726e+00   9.430189460156e-05   1.301396912771e-05  -7.483624133526e+00  -1.187326593805e+01   2.146706718679e-04   2.545430523062e-05  -9.475681010575e+00  -1.161330654574e+01   1.930424627880e-04   2.108048318286e-05   8.941509342448e-05  -3.436820069364e-06   1.249987557468e+00   1.223649685778e-05  -2.165053772312e+00  -3.824217391923e-01  -1.524775702388e+00  -4.741676415168e+00  -7.025546676774e+00  -8.053476270291e-01   4.515783176211e-01  -2.327417244049e-02  -3.831484963519e-01  -1.527085075431e+00  -4.746107135217e+00  -7.028525625627e+00  -8.064122717485e-01  -2.464848592973e-01  -3.801664009191e-01  -3.829295467029e-01  -1.526388768361e+00  -4.744769546432e+00  -7.027626116963e+00  -8.060947346602e-01  -2.060309851845e-01   4.032144792725e-01
   7.596963974045e-03   1.959875353676e-02   1.611789230091e-02   1.007511623499e-02   4.900574636460e-03   2.636318269814e-03   8.342571725759e-04   3.855825608244e-04   4.059310131444e+01  -1.125266051899e-08  -3.454431409520e-09  -1.068419264253e+02  -8.961381807778e-09  -2.751036409320e-09  -2.022087456197e+01  -1.291877102533e-09  -3.965907291611e-10  -4.220484774590e+00  -2.614288966982e-10  -8.025552628964e-11  -1.940462019718e+00  -1.197371279023e-10  -3.675785782515e-11  -5.785170221702e-01  -3.560141274141e-11  -1.092920542566e-11  -1.530677827251e-01  -9.409594540205e-12  -2.888632326166e-12   4.971997996608e-08   6.772649356652e-12  -8.237193721794e-04   1.436087796704e-08   1.426723830754e-03   1.046964635978e-09   1.676223382692e-13  -1.734475726287e-05   3.024082844553e-10   3.004200149149e-05   1.480101536156e-04  -4.212893300397e-02  -2.588874024759e-12  -7.947531813770e-13   1.079673840357e-10   1.737382111857e-14  -1.788662408118e-06   3.118563898836e-11   3.098054237610e-06   0.000000000000e+00  -2.350200819825e-11   5.079833201369e-08  -7.687600707420e-13  -7.212561269711e-14   3.967471666832e-03   1.852612232396e-02  -2.956442001845e-07  -2.773767933570e-08   4.365462781203e-02   9.035762951899e-02  -1.790042545116e-06  -1.679441409959e-07   2.084609642247e-02   4.747663182199e-03  -4.692457588465e-07  -4.402550030566e-08  -4.314762126934e-07   6.339523456885e-13  -7.921734354034e-03  -4.048158942937e-08   1.372084637855e-02   0.000000000000e+00   1.057020881582e-03   1.984737355316e-02   1.402034506472e-02   2.778189351333e-06  -1.301536971416e-06   6.708142459818e-08   0.000000000000e+00   1.061456202154e-03   1.986759569460e-02   1.402131627568e-02   2.805275923105e-06   7.164685026694e-07   1.105046460552e-06   0.000000000000e+00   1.060117509961e-03   1.986154305906e-02   1.402106397474e-02   2.797082793644e-06   5.973461421847e-07  -1.169039012005e-06
   2.647049069640e-07   6.828894080956e-07   5.616039771342e-07   3.510524355183e-07   1.707532321656e-07   9.185858781519e-08   2.906844997623e-08   1.343505066480e-08  -1.125266051899e-08   4.059351468164e+01  -1.292845344950e-09  -8.961381807778e-09  -1.068415972284e+02  -1.029594799822e-09  -1.291877102533e-09  -2.022082710478e+01  -1.484268805088e-10  -2.614288966982e-10  -4.220475170983e+00  -3.003619735629e-11  -1.197371279023e-10  -1.940457621167e+00  -1.375688781912e-11  -3.560141274141e-11  -5.785157143500e-01  -4.090332295969e-12  -9.409594540205e-12  -1.530674370630e-01  -1.081091043194e-12   1.425444053040e-03   1.547985862120e-08  -2.237916523015e-08   6.772649356652e-12  -4.600949415412e-08   3.001032713165e-05   3.301029344889e-10  -4.478807043968e-10   1.676223382692e-13  -9.551305138845e-10   5.157193594229e-09  -2.588874024759e-12  -4.212883790152e-02  -2.974419894677e-13   3.094771234476e-06   3.405615076258e-11  -4.610522222683e-11   1.737382111857e-14  -9.844890561385e-11   0.000000000000e+00   3.459122796621e-16  -7.687600707421e-13  -1.432844915920e-09   1.061574606715e-18  -5.831794060795e-08  -2.952530791875e-07  -1.560501582595e-03   3.967108288592e-13  -6.397056003636e-07  -1.782173277911e-06  -3.126109173830e-02   2.239852187088e-12  -3.023615101497e-07  -4.624223854092e-07  -2.713361913751e-02   4.468550010212e-13  -1.873616783363e-03   2.587281221984e-09   1.164606240195e-07   6.200879647024e-13  -2.568691842212e-07   0.000000000000e+00  -4.769876332788e-04  -8.946613836115e-03  -6.301634079806e-03  -1.301263637315e-06   4.828613208254e-07  -3.027956413842e-08   0.000000000000e+00   2.611186211769e-04   4.882171929125e-03   3.435540622860e-03   7.163179999679e-07   7.055059777760e-08   2.719193535760e-07   0.000000000000e+00   2.180688014770e-04   4.081169036864e-03   2.872706932886e-03   5.972206842359e-07   1.749840441576e-08  -2.405427820228e-07
   7.644441137220e-08   1.972123578399e-07   1.621862093481e-07   1.013808059012e-07   4.931200736901e-08   2.652793918916e-08   8.394708558383e-09   3.879922558319e-09  -3.454431409520e-09  -1.292845344950e-09   4.059351467663e+01  -2.751036409320e-09  -1.029594799822e-09  -1.068415972324e+02  -3.965907291611e-10  -1.484268805088e-10  -2.022082710536e+01  -8.025552628964e-11  -3.003619735629e-11  -4.220475171099e+00  -3.675785782515e-11  -1.375688781912e-11  -1.940457621220e+00  -1.092920542566e-11  -4.090332295969e-12  -5.785157143659e-01  -2.888632326166e-12  -1.081091043194e-12  -1.530674370672e-01   6.772649356652e-12   5.696762291061e-08   1.557822003505e-08   1.425444080000e-03  -5.594903270826e-10   1.676223382692e-13   1.226343014117e-09   3.243348538554e-10   3.001032779892e-05  -1.384732501677e-11   1.489351418398e-09  -7.947531813770e-13  -2.974419894677e-13  -4.212883790267e-02   1.737382111857e-14   1.265597022584e-10   3.343376839736e-11   3.094771303637e-06  -1.435255887109e-12   0.000000000000e+00   3.245373434391e-17  -7.212561269708e-14   1.061574606715e-18  -1.432844927136e-09  -5.460882523719e-09  -2.764737070194e-08   3.959217248691e-13  -1.560501586945e-03  -5.963091413930e-08  -1.661271856953e-07   2.223976095158e-12  -3.126109176516e-02  -2.775644108663e-08  -4.245004308631e-08   4.330891114572e-13  -2.713361914499e-02   6.191436189021e-13   2.757675172947e-08   1.538924524153e-08  -1.873616790105e-03  -2.148039793673e-08   0.000000000000e+00   2.458402544358e-05   4.611102840226e-04   3.247879752545e-04   6.706734407284e-08  -3.027956737017e-08  -1.030726280013e-07   0.000000000000e+00   4.027367436463e-04   7.530025134580e-03   5.298809411713e-03   1.104814305819e-06   2.719193470228e-07   3.136441082448e-07   0.000000000000e+00  -4.267725088059e-04  -7.987068172438e-03  -5.622039400387e-03  -1.168793436388e-06  -2.405427722345e-07   3.653431278545e-07
   1.783173140553e-03   1.326469304581e-02   5.063051443004e-02   6.197480819673e-02   5.244877558001e-02   3.549694258744e-02   1.311152809202e-02   6.236439196418e-03  -1.068419264253e+02  -8.961381807778e-09  -2.751036409320e-09  -1.461467869866e+02  -8.551211636739e-08  -2.625119101172e-08  -6.311147409267e+01  -9.263358826354e-08  -2.843739721234e-08  -1.904205586948e+01  -3.786177843372e-08  -1.162311050094e-08  -9.387956735917e+00  -1.978782166882e-08  -6.074623204300e-09  -2.950188778152e+00  -6.490737057261e-09  -1.992578192836e-09  -7.977296478416e-01  -1.785886085388e-09  -5.482455439561e-10   1.169436437982e-06   1.308052329268e-09  -1.935201656686e-02   3.381461716329e-07   3.351868112973e-02   1.546016925076e-07   2.995792080296e-10  -2.555921367928e-03   4.474455248886e-08   4.426986861950e-03   2.421942209631e-03  -2.212035071807e-01  -4.981554597926e-10  -1.529277333326e-10   1.952301992255e-08   4.129859904697e-11  -3.226932713426e-04   5.651440872561e-09   5.589213056250e-04   0.000000000000e+00  -3.435299511043e-09   7.262692424630e-06  -1.099928430025e-10  -1.032186214590e-11   2.266406775986e-02   1.034768341805e-01  -1.654313363136e-06  -1.552382516756e-07   2.300235124354e-01   4.726094501630e-01  -9.375160013389e-06  -8.797962252654e-07   1.105224393672e-01   2.615392331058e-02  -2.483718862281e-06  -2.331273167893e-07  -2.506453081103e-06   3.849341782803e-12  -4.592201565687e-02  -2.352014886657e-07   7.953926426533e-02   0.000000000000e+00   5.953945836040e-03   1.048996792883e-01   7.442835369946e-02   2.239532125756e-05  -1.050643146166e-05   5.415031563561e-07   0.000000000000e+00   5.978545387624e-03   1.050060421704e-01   7.443375937843e-02   2.260527060358e-05   5.781426108345e-06   8.916992802762e-06   0.000000000000e+00   5.971121038673e-03   1.049742075102e-01   7.443234245844e-02   2.254177885997e-05   4.820726873203e-06  -9.434425734967e-06
   6.213201508965e-08   4.621884940608e-07   1.764144947578e-06   2.159419985915e-06   1.827499552152e-06   1.236838152349e-06   4.568516891239e-07   2.172994452672e-07  -8.961381807778e-09  -1.068415972284e+02  -1.029594799822e-09  -8.551211636739e-08  -1.461436456936e+02  -9.824693582097e-09  -9.263358826354e-08  -6.310807119197e+01  -1.064289668834e-08  -3.786177843372e-08  -1.904066501466e+01  -4.350031169697e-09  -1.978782166882e-08  -9.387229829041e+00  -2.273470623953e-09  -6.490737057261e-09  -2.949950340517e+00  -7.457364572241e-10  -1.785886085388e-09  -7.976640432037e-01  -2.051847657012e-10   3.327150810618e-02   5.542632587624e-07   5.467442230786e-07   1.308052329268e-09  -4.528026136905e-07   4.370377583417e-03   9.424118527276e-08   1.905929507064e-07   2.995792080296e-10   9.526751534448e-09   8.438897294539e-08  -4.981554597926e-10  -2.211852074084e-01  -5.723428394269e-11   5.511174132527e-04   1.247481691712e-08   2.730751543869e-08   4.129859904697e-11   3.102965529765e-09   0.000000000000e+00   5.048199726667e-14  -1.098022753840e-10  -2.093368987828e-07   7.196478294939e-17  -3.321261506667e-07  -1.646928072183e-06  -8.906150447816e-03  -2.827393841182e-13  -3.338650276057e-06  -9.244257315518e-06  -1.642539020271e-01  -3.093989241877e-11  -1.553341511075e-06  -2.371463485997e-06  -1.425443977631e-01  -3.398739972501e-11  -1.119325455240e-02   1.546626296626e-08   6.733042725852e-07   3.833911432184e-13  -1.495660185333e-06   0.000000000000e+00  -2.683713446770e-03  -4.712539040641e-02  -3.313703914456e-02  -1.049812497818e-05   3.864893351796e-06  -2.442921610035e-07   0.000000000000e+00   1.469057890750e-03   2.571620504338e-02   1.806575719998e-02   5.776854447564e-06   5.378913386058e-07   2.193002650117e-06   0.000000000000e+00   1.226882844256e-03   2.149707016974e-02   1.510610930673e-02   4.816915440962e-06   1.101416930266e-07  -1.940170903812e-06
   1.794317066265e-08   1.334759063470e-07   5.094692940894e-07   6.236211924516e-07   5.277655376685e-07   3.571878043493e-07   1.319346847781e-07   6.275413771314e-08  -2.751036409320e-09  -1.029594799822e-09  -1.068415972324e+02  -2.625119101172e-08  -9.824693582097e-09  -1.461436457316e+02  -2.843739721234e-08  -1.064289668834e-08  -6.310807123316e+01  -1.162311050094e-08  -4.350031169697e-09  -1.904066503150e+01  -6.074623204300e-09  -2.273470623953e-09  -9.387229837840e+00  -1.992578192836e-09  -7.457364572241e-10  -2.949950343403e+00  -5.482455439561e-10  -2.051847657012e-10  -7.976640439978e-01   1.308052329268e-09   2.569227824789e-06   1.964908684385e-07   3.327151331320e-02  -1.080585435648e-07   2.995792080296e-10   4.751916151611e-07   7.242961665265e-09   4.370378775965e-03  -2.474831639195e-08   2.437078117328e-08  -1.529277333326e-10  -5.723428394269e-11  -2.211852076300e-01   4.129859904697e-11   6.371805856108e-08   4.016909137592e-10   5.511175776517e-04  -3.411688022280e-09   0.000000000000e+00   4.725251557879e-15  -1.027782085222e-11   7.157971826231e-17  -2.093369006960e-07  -3.096104738657e-08  -1.535325314581e-07  -2.976465909975e-13  -8.906150481773e-03  -3.068006762527e-07  -8.495691474124e-07  -3.120402457182e-11  -1.642539023313e-01  -1.356778083538e-07  -2.072078489351e-07  -3.421388062858e-11  -1.425443979419e-01   3.644247749645e-13   1.647995739472e-07   8.958176917960e-08  -1.119325460403e-02  -1.242488333710e-07   0.000000000000e+00   1.383191353306e-04   2.428856328273e-03   1.707900536754e-03   5.410752486370e-07  -2.442922557121e-07  -8.623567449803e-07   0.000000000000e+00   2.265803614789e-03   3.966341165093e-02   2.786370751841e-02   8.909940917973e-06   2.193002459198e-06   2.498416222064e-06   0.000000000000e+00  -2.401075959215e-03  -4.207089942696e-02  -2.956339999394e-02  -9.426965165638e-06  -1.940170618083e-06   2.915788633242e-06
   1.624579004554e-04   2.145429622998e-03   2.338266421869e-02   6.246032226752e-02   1.350559112291e-01   1.621796471689e-01   1.008555556472e-01   5.384714592383e-02  -2.022087456197e+01  -1.291877102533e-09  -3.965907291611e-10  -6.311147409267e+01  -9.263358826354e-08  -2.843739721234e-08  -7.598802499584e+01  -5.991070714185e-07  -1.839186636512e-07  -4.460103030937e+01  -7.061267201077e-07  -2.167724083496e-07  -2.718405934397e+01  -5.323278616114e-07  -1.634182495961e-07  -1.028678659968e+01  -2.387525769148e-07  -7.329416891290e-08  -3.027928481548e+00  -7.556924461317e-08  -2.319884899618e-08   4.264457372709e-06   1.419630610500e-08  -7.038644351009e-02   1.236132124044e-06   1.219129528354e-01   3.031354357940e-06   1.946114372567e-08  -4.985225549154e-02   8.817270749156e-07   8.634671685302e-02   2.196170549667e-02  -8.655392077606e-01  -2.215397903017e-08  -6.801005049300e-09   6.978305130976e-07   5.802606711075e-09  -1.145059832427e-02   2.034053571344e-07   1.983304117337e-02   3.748067668258e-06  -3.876724129716e-07   6.195467188073e-04  -9.492997379935e-09  -8.943802718622e-10   1.210600134910e-01   5.040727681138e-01  -8.132739159671e-06  -7.651235220821e-07   9.078206700838e-01   1.805380702278e+00  -3.612690433507e-05  -3.399409657470e-06   4.412644462478e-01   1.088395086605e-01  -9.860759528251e-06  -9.298454811541e-07  -1.381967365215e-05   9.361237991017e-11  -2.505687774915e-01  -1.300283627377e-06   4.339978534766e-01   1.815370746841e-07   3.056200910123e-02   4.187980531874e-01   2.985215447644e-01   4.135255406199e-04  -1.953263618250e-04   1.006714931362e-05   1.835912942219e-07   3.068037165220e-02   4.192128380043e-01   2.985445585260e-01   4.168176292738e-04   1.073332129365e-04   1.655455802392e-04   1.829688514935e-07   3.064465769312e-02   4.190887141242e-01   2.985384573501e-01   4.158229420091e-04   8.953541909017e-05  -1.752257209279e-04
   5.660603837604e-09   7.475430325768e-08   8.147341461306e-07   2.176337001367e-06   4.705822291507e-06   5.650908515818e-06   3.514161784313e-06   1.876223686297e-06  -1.291877102533e-09  -2.022082710478e+01  -1.484268805088e-10  -9.263358826354e-08  -6.310807119197e+01  -1.064289668834e-08  -5.991070714185e-07  -7.596601675980e+01  -6.883285842518e-08  -7.061267201077e-07  -4.457509069979e+01  -8.112860434172e-08  -5.323278616114e-07  -2.716450424641e+01  -6.116043372236e-08  -2.387525769148e-07  -1.027801600871e+01  -2.743086020754e-08  -7.556924461317e-08  -3.025152440583e+00  -8.682333031794e-09   1.192303813321e-01   3.581653212734e-06   1.079941090495e-05   1.419630610500e-08   3.513177288532e-06   8.266928772510e-02   4.097107377439e-06   1.642949769313e-05   1.946114372567e-08   7.630691449517e-06   7.652229535545e-07  -2.215397903017e-08  -8.647253799443e-01  -2.545324158048e-09   1.873656528079e-02   1.162115060176e-06   5.017619442252e-06   5.802606711075e-09   2.481204564605e-06  -5.486522746415e-11   5.668925691375e-12  -9.405044639775e-09  -2.357834153182e-05  -1.728533454247e-13  -1.759053092274e-06  -8.017061704899e-06  -4.744280376576e-02  -1.984426739197e-10  -1.290603982972e-05  -3.485600395215e-05  -6.442407070671e-01  -2.089234599201e-09  -5.813907248388e-06  -8.819183282520e-06  -5.588051887863e-01  -1.707357592781e-09  -6.910761597829e-02   9.855432669389e-08   3.658791792981e-06  -3.055779409398e-10  -8.340169902744e-06  -8.196031081070e-08  -1.373266337704e-02  -1.867730112549e-01  -1.304214037709e-01  -1.946232917197e-04   6.911454239321e-05  -4.531442889906e-06   4.518586590701e-08   7.515286811477e-03   1.019190346438e-01   7.110361620931e-02   1.069468856643e-04   7.364470081122e-06   4.062186663114e-05   3.765575989262e-08   6.276877972172e-03   8.519835859467e-02   5.945505881376e-02   8.921317190345e-05  -5.511794318123e-07  -3.595373005231e-05
   1.634731797533e-09   2.158837467586e-08   2.352879398426e-07   6.285066753212e-07   1.358999420233e-06   1.631931875251e-06   1.014858516036e-06   5.418366321451e-07  -3.965907291611e-10  -1.484268805088e-10  -2.022082710536e+01  -2.843739721234e-08  -1.064289668834e-08  -6.310807123316e+01  -1.839186636512e-07  -6.883285842518e-08  -7.596601702622e+01  -2.167724083496e-07  -8.112860434172e-08  -4.457509101380e+01  -1.634182495961e-07  -6.116043372236e-08  -2.716450448314e+01  -7.329416891290e-08  -2.743086020754e-08  -1.027801611489e+01  -2.319884899618e-08  -8.682333031794e-09  -3.025152474188e+00   1.419630610500e-08   1.945640846337e-05  -6.777602462450e-07   1.192304378439e-01  -1.172760544345e-06   1.946114372567e-08   2.385738765576e-05  -1.867697081102e-06   8.266936519487e-02  -1.607690151262e-06   2.209895499254e-07  -6.801005049300e-09  -2.545324158048e-09  -8.647253897960e-01   5.802606711075e-09   6.907397755519e-06  -6.255768353468e-07   1.873658837947e-02  -4.793548515206e-07  -5.106229442626e-12   5.267768476204e-13  -8.740382156563e-10  -1.730312949912e-13  -2.357834240648e-05  -1.619097632809e-07  -7.383823257961e-07  -1.986765238416e-10  -4.744280470264e-02  -1.148352972471e-06  -3.105841782220e-06  -2.091800476511e-09  -6.442407158788e-01  -4.521249157422e-07  -6.893215971064e-07  -1.709459418542e-09  -5.588051955780e-01  -3.059392198048e-10   1.036374909202e-06   4.994171239572e-07  -6.910761746921e-02  -6.787647018516e-07   4.224247587665e-09   7.077852616140e-04   9.626370156107e-03   6.722053562538e-03   1.003092779642e-05  -4.531449584893e-06  -1.857254604663e-05   6.969250008515e-08   1.159121009861e-02   1.571947856717e-01   1.096663704130e-01   1.649496747147e-04   4.062185359307e-05   4.368004736321e-05  -7.369437789259e-08  -1.228418247178e-02  -1.667374493041e-01  -1.163560476111e-01  -1.745949696715e-04  -3.595371031173e-05   5.144085448458e-05
   3.082042146346e-05   4.501939928675e-04   6.442539847292e-03   2.445249298793e-02   9.982080783515e-02   2.080294595962e-01   2.583440659751e-01   1.673924482076e-01  -4.220484774590e+00  -2.614288966982e-10  -8.025552628964e-11  -1.904205586948e+01  -3.786177843372e-08  -1.162311050094e-08  -4.460103030937e+01  -7.061267201077e-07  -2.167724083496e-07  -4.536015556687e+01  -1.845606674662e-06  -5.665790464230e-07  -3.597934515301e+01  -2.131499304892e-06  -6.543446446074e-07  -1.794189598478e+01  -1.474123365004e-06  -4.525381393126e-07  -6.105693689278e+00  -5.821570807966e-07  -1.787152197968e-07   3.987780327007e-06   2.123374972536e-08  -6.566573755649e-02   1.158508089920e-06   1.137364782904e-01   8.357881294398e-06   9.230444775954e-08  -1.367017821981e-01   2.443557791883e-06   2.367747996925e-01   7.456874886499e-02  -1.844962040751e+00  -1.855257795642e-07  -5.695418195135e-08   4.117923698352e-06   6.865693212879e-08  -6.690423820293e-02   1.211441891864e-06   1.158818131146e-01   4.610084679260e-04   1.308190836780e-05   2.033203101833e-02  -3.205128747961e-07  -3.082718619121e-08   4.036425475272e-01   1.437256134296e+00  -2.370590349831e-05  -2.256687278621e-06   1.956548937112e+00   3.654705161552e+00  -7.471368618092e-05  -7.100538832320e-06   9.629294567509e-01   2.364349296967e-01  -2.135819983204e-05  -2.044976142285e-06  -4.429754537113e-05   3.903028309921e-09  -7.834771635893e-01  -4.219753073136e-06   1.357022268451e+00   4.688579394403e-05   1.000993650328e-01   9.217945746297e-01   6.566964546848e-01   5.863937133806e-03  -2.809966377727e-03   1.448259326954e-04   4.730369960397e-05   1.004451013884e-01   9.226656993998e-01   6.567479779178e-01   5.900777286976e-03   1.541537300673e-03   2.377593351053e-03   4.717721449045e-05   1.003408306319e-01   9.224051307099e-01   6.567342508924e-01   5.889661411805e-03   1.286566908645e-03  -2.517882772638e-03
   1.073891731480e-09   1.568633988589e-08   2.244807158117e-07   8.520107379110e-07   3.478107536293e-06   7.248477014809e-06   9.001614616352e-06   5.832540812443e-06  -2.614288966982e-10  -4.220475170983e+00  -3.003619735629e-11  -3.786177843372e-08  -1.904066501466e+01  -4.350031169697e-09  -7.061267201077e-07  -4.457509069979e+01  -8.112860434172e-08  -1.845606674662e-06  -4.529235708933e+01  -2.120462084428e-07  -2.131499304892e-06  -3.590104439167e+01  -2.448931032305e-07  -1.474123365004e-06  -1.788774397004e+01  -1.693655937734e-07  -5.821570807966e-07  -6.084308112532e+00  -6.688543271807e-08   1.097240928502e-01   4.666759278960e-06   1.753318694084e-05   2.123374972536e-08   7.645411196946e-06   2.193327074079e-01   1.769414672669e-05   8.140088649266e-05   9.230444775954e-08   4.221233513877e-05   2.598237116492e-06  -1.855257795642e-07  -1.838146739786e+00  -2.131550463756e-08   1.029082178520e-01   1.255497597755e-05   6.175847182621e-05   6.865693212879e-08   3.349668753287e-05  -6.681609413913e-09  -1.941208980389e-10  -3.096543771059e-07  -1.067610288844e-03  -5.202088178416e-11  -5.773936322407e-06  -2.285685140635e-05  -1.572733088551e-01  -3.892803984699e-09  -2.705654090060e-05  -6.985826209302e-05  -1.376660670785e+00  -2.075067807790e-08  -1.176117112074e-05  -1.766861521888e-05  -1.194425608775e+00  -1.531452583051e-08  -2.641313409080e-01   5.413194776453e-07   1.214457725805e-05  -6.876623302028e-09  -2.672562821048e-05  -2.100034375866e-05  -4.470574406646e-02  -4.071297302246e-01  -2.808387479340e-01  -2.773350420423e-03   9.273784644489e-04  -6.477769771002e-05   1.155033193153e-05   2.445532270394e-02   2.221539498610e-01   1.531084254512e-01   1.521457209388e-03   4.403846999453e-05   5.797362603227e-04   9.632407908780e-06   2.042802095700e-02   1.857104537652e-01   1.280257452036e-01   1.269806978880e-03  -6.880120688379e-05  -5.133715898184e-04
   3.101303343110e-10   4.530074764821e-09   6.482802446490e-08   2.460530863951e-07   1.004446371437e-06   2.093295379739e-06   2.599585850669e-06   1.684385659206e-06  -8.025552628964e-11  -3.003619735629e-11  -4.220475171099e+00  -1.162311050094e-08  -4.350031169697e-09  -1.904066503150e+01  -2.167724083496e-07  -8.112860434172e-08  -4.457509101380e+01  -5.665790464230e-07  -2.120462084428e-07  -4.529235791006e+01  -6.543446446074e-07  -2.448931032305e-07  -3.590104533953e+01  -4.525381393126e-07  -1.693655937734e-07  -1.788774462557e+01  -1.787152197968e-07  -6.688543271807e-08  -6.084308371413e+00   2.123374972536e-08   2.671073973020e-05  -1.810951699613e-06   1.097241773762e-01  -1.754125594520e-06   9.230444775954e-08   1.071360173421e-04  -1.086593984507e-05   2.193330748480e-01  -7.625294467403e-06   7.503476576035e-07  -5.695418195135e-08  -2.131550463756e-08  -1.838146822288e+00   6.865693212879e-08   7.759004716628e-05  -8.782053863291e-06   1.029084911575e-01  -5.671767042841e-06  -6.127630655528e-10  -1.844726592595e-11  -2.832460609332e-08  -5.204272138114e-11  -1.067610503052e-03  -5.187477886854e-07  -2.060290236840e-06  -3.894522188397e-09  -1.572733246892e-01  -2.299469335210e-06  -5.978381399312e-06  -2.076048963912e-08  -1.376660753131e+00  -7.726925805682e-07  -1.192798279471e-06  -1.532197361910e-08  -1.194425668554e+00  -6.879742680735e-09   5.004495829407e-06   1.508674570756e-06  -2.641313690386e-01  -2.202260744711e-06   1.082362794035e-06   2.304151531880e-03   2.098375515750e-02   1.447487680331e-02   1.429392819372e-04  -6.477794221537e-05  -3.261234276903e-04   1.781467033017e-05   3.771867351497e-02   3.426387203962e-01   2.361455711582e-01   2.346621042989e-03   5.797358311333e-04   5.623172083397e-04  -1.885113899563e-05  -3.997868582573e-02  -3.634440299061e-01  -2.505507203820e-01  -2.485079400041e-03  -5.133709157989e-04   6.735756788567e-04
