ARMA_MAT_TXT_FN008
58 58
  -1.760847499929e+01  -2.202717606364e+01   3.254884492816e-02  -7.686798957779e-06   0.000000000000e+00  -8.150980949713e+00   1.669175534825e-02  -3.622716913969e-06   0.000000000000e+00  -3.531741694901e+00   7.227679416328e-03  -1.593049368591e-06   0.000000000000e+00  -1.596528957894e+00   2.582432319384e-03  -6.811375951055e-07   0.000000000000e+00   2.851103177210e-07   0.000000000000e+00   5.507333167413e-03   0.000000000000e+00  -1.203291939981e-03  -2.370385559793e-03  -8.017930207303e-04  -7.840193637964e-02   1.290428137163e-05   0.000000000000e+00  -5.114622472833e-01  -1.511020167404e+00   2.470783555107e-04   0.000000000000e+00  -1.124688588439e+00  -1.919791141629e+00   3.137404984928e-04   0.000000000000e+00  -7.842657243453e-01  -7.453063010810e-01   1.217152414395e-04   0.000000000000e+00   5.664619312382e-04   0.000000000000e+00   9.997520288171e-01   0.000000000000e+00  -1.732443715026e+00   2.869488228610e-05  -4.594807472463e-02  -4.223894774984e-01  -5.056467029181e-01  -3.204655056299e-03   1.633532632408e-03   0.000000000000e+00   2.897758100338e-05  -4.586956529267e-02  -4.221522610617e-01  -5.055461466703e-01  -3.195251787756e-03  -1.629361955231e-03   0.000000000000e+00
  -2.202717606364e+01  -1.653941851349e+01   3.066367510739e-02  -7.140206218470e-06   0.000000000000e+00  -7.399391007259e+00   9.522029385223e-03  -1.930098114004e-06   0.000000000000e+00  -3.321365874074e+00   3.182428225325e-03  -7.486553036390e-07   0.000000000000e+00  -1.513453707548e+00   6.163295970209e-04  -3.804920486566e-07   0.000000000000e+00  -3.824708133121e-07   0.000000000000e+00   6.359163781168e-03   0.000000000000e+00   8.661830640301e-04  -1.868850708012e-03  -6.460821501619e-04  -7.863588684019e-02   1.284619982675e-05   0.000000000000e+00  -4.909802043138e-01  -1.436713680888e+00   2.347799220149e-04   0.000000000000e+00  -1.065292047037e+00  -1.812899794181e+00   2.960828783679e-04   0.000000000000e+00  -7.446301745872e-01  -7.077239987362e-01   1.154661016803e-04   0.000000000000e+00   5.365951802094e-04   0.000000000000e+00   9.468256495990e-01   0.000000000000e+00  -1.640909378285e+00   3.304770624000e-04  -4.415754420782e-02  -4.010896555150e-01  -4.802970974201e-01  -3.061124425488e-03   1.330486688250e-03   0.000000000000e+00   3.306723621635e-04  -4.408184110669e-02  -4.008648627041e-01  -4.802016375980e-01  -3.051960350553e-03  -1.326647437907e-03   0.000000000000e+00
   3.254884492816e-02   3.066367510739e-02   1.612565222059e+00  -1.226672365295e-05   0.000000000000e+00   3.314460507442e-02  -9.012469542684e-01  -5.907098550875e-06   0.000000000000e+00   2.374584494699e-02  -7.806119017227e-01  -2.069774718122e-06   0.000000000000e+00   3.559561592435e-03  -2.951434861017e-01  -3.461549984789e-07   0.000000000000e+00  -3.011933518005e-05   0.000000000000e+00  -6.136815806804e-02   0.000000000000e+00   1.093852346379e-01   2.023382143400e-02   1.977117845285e-02   3.700026283077e-01  -7.139421448295e-05   0.000000000000e+00   3.660101419779e-01   5.508234556549e-01  -1.250594593488e-04   0.000000000000e+00   2.303986410449e-01   1.041773948887e-01  -5.450876217490e-05   0.000000000000e+00   5.040903992697e-02  -5.995966812367e-02  -5.767027498278e-06   0.000000000000e+00  -1.757086993640e-04   0.000000000000e+00  -1.905225397122e-01   0.000000000000e+00   3.422107623983e-01  -7.406527069592e-03   4.465214562629e-02   9.545601705675e-02   3.872669590255e-02   3.284384307823e-02  -6.992991669769e-03   0.000000000000e+00  -7.407002051224e-03   4.458226365797e-02   9.541162603500e-02   3.872261627868e-02   3.278325743404e-02   6.982953888850e-03   0.000000000000e+00
  -7.686798957779e-06  -7.140206218470e-06  -1.226672365295e-05   1.552753967815e+00   0.000000000000e+00  -3.261768982674e-06  -5.740676962750e-06  -9.282441567105e-01   0.000000000000e+00  -4.503045596748e-06  -3.224085056379e-06  -8.003739134232e-01   0.000000000000e+00  -6.033757775890e-06   5.939541393310e-07  -3.161235445533e-01   0.000000000000e+00   5.507916551353e-02   0.000000000000e+00   1.156268830322e-05   0.000000000000e+00   2.383758273736e-06  -4.242717394823e-06  -3.151903268328e-06  -7.865004830409e-05  -6.464337646016e-02   0.000000000000e+00  -5.361564188442e-05  -1.340418029413e-04  -2.260264149215e-01   0.000000000000e+00  -4.067471803283e-05  -6.174400535472e-05  -2.637049264644e-01   0.000000000000e+00  -1.720022631911e-05  -9.143498025525e-06  -1.210898658357e-01   0.000000000000e+00  -4.164986783534e-01   0.000000000000e+00   3.176285831114e-05   0.000000000000e+00  -1.831874885455e-04   1.270903818636e-02  -1.784543987118e-02  -5.052084784467e-02  -2.378688082448e-02  -2.186546758766e-02   6.547673595744e-03   0.000000000000e+00  -1.271719524868e-02   1.780704836030e-02   5.049987450044e-02   2.377659490964e-02   2.183335625156e-02   6.549139233928e-03   0.000000000000e+00
   0.000000000000e+00   0.000000000000e+00   0.000000000000e+00   0.000000000000e+00   1.716728606578e+00   0.000000000000e+00   0.000000000000e+00   0.000000000000e+00  -7.656197429271e-01   0.000000000000e+00   0.000000000000e+00   0.000000000000e+00  -7.236712480433e-01   0.000000000000e+00   0.000000000000e+00   0.000000000000e+00  -3.029322927178e-01   0.000000000000e+00  -1.397126816910e-05   0.000000000000e+00   7.532878302605e-02   0.000000000000e+00   0.000000000000e+00   0.000000000000e+00   0.000000000000e+00   0.000000000000e+00  -1.215224819230e-01   0.000000000000e+00   0.000000000000e+00   0.000000000000e+00  -2.874971164125e-01   0.000000000000e+00   0.000000000000e+00   0.000000000000e+00  -2.991099516803e-01   0.000000000000e+00   0.000000000000e+00   0.000000000000e+00  -1.361166344788e-01   0.000000000000e+00   5.803483829085e-05   0.000000000000e+00  -3.687845536397e-01   0.000000000000e+00   0.000000000000e+00   0.000000000000e+00   0.000000000000e+00   0.000000000000e+00   0.000000000000e+00   0.000000000000e+00  -2.289831031278e-02   0.000000000000e+00   0.000000000000e+00   0.000000000000e+00   0.000000000000e+00   0.000000000000e+00   0.000000000000e+00  -2.286004455271e-02
  -8.150980949713e+00  -7.399391007259e+00   3.314460507442e-02  -3.261768982674e-06   0.000000000000e+00  -3.909770662413e+00   1.270157727417e-01  -1.996717425937e-05   0.000000000000e+00  -2.497031869984e+00   1.033573645341e-01  -1.905039044355e-05   0.000000000000e+00  -1.418105376876e+00   3.174523691327e-02  -8.772074394882e-06   0.000000000000e+00   3.456224455707e-05   0.000000000000e+00   6.217613819696e-02   0.000000000000e+00  -9.910092659312e-02  -1.316767864990e-01  -1.439057275958e-01  -4.047531243384e-01   6.505340537125e-05   0.000000000000e+00  -6.889485602462e-01  -1.251938694266e+00   2.007547780452e-04   0.000000000000e+00  -1.044686271392e+00  -1.486042383710e+00   2.366176869558e-04   0.000000000000e+00  -7.611958081818e-01  -6.762129339268e-01   1.065212920557e-04   0.000000000000e+00   3.255255707458e-04   0.000000000000e+00   5.701336678401e-01   0.000000000000e+00  -1.004154013996e+00   4.434407200774e-05  -1.079310589762e-01  -4.398214103175e-01  -5.036252664576e-01  -5.852764830266e-02   2.705489803036e-02   0.000000000000e+00   5.768245174886e-05  -1.077847818720e-01  -4.395940549448e-01  -5.035272566738e-01  -5.841786047481e-02  -2.700894636281e-02   0.000000000000e+00
   1.669175534825e-02   9.522029385223e-03  -9.012469542684e-01  -5.740676962750e-06   0.000000000000e+00   1.270157727417e-01  -1.476790511057e-01   2.430232113263e-05   0.000000000000e+00   2.047271217209e-01  -6.124875806804e-01   3.234714562050e-05   0.000000000000e+00   1.371877163421e-01  -3.737422201357e-01   1.466922246276e-05   0.000000000000e+00  -7.487901920926e-05   0.000000000000e+00  -1.535341263680e-01   0.000000000000e+00   2.732392998484e-01   4.325625589272e-01   4.696856887811e-01   5.231305572340e-01  -1.116596082061e-04   0.000000000000e+00   6.234226338937e-01   4.009948801715e-01  -1.028661107741e-04   0.000000000000e+00   4.033764630862e-01   1.376975414085e-01  -5.904656262758e-05   0.000000000000e+00   1.529076230701e-01  -3.455557014696e-02  -1.269752412097e-05   0.000000000000e+00  -9.228090285188e-06   0.000000000000e+00   4.534981199856e-02   0.000000000000e+00  -6.351818131669e-02   1.184758872337e-02   1.362534496659e-01   1.953542826896e-01   1.133270149581e-01   1.202966107316e-01  -6.849828379044e-02   0.000000000000e+00   1.180972083835e-02   1.360892200838e-01   1.952650225371e-01   1.133093818656e-01   1.200931772358e-01   6.839207825753e-02   0.000000000000e+00
  -3.622716913969e-06  -1.930098114004e-06  -5.907098550875e-06  -9.282441567105e-01   0.000000000000e+00  -1.996717425937e-05   2.430232113263e-05  -1.853190704432e-03   0.000000000000e+00  -3.704869521692e-05   3.086102281075e-05  -4.296243190098e-01   0.000000000000e+00  -3.052225762514e-05   1.569837152518e-05  -3.043106690913e-01   0.000000000000e+00   1.205517127869e-01   0.000000000000e+00   2.774762596831e-05   0.000000000000e+00  -1.620642735556e-06  -7.174803645155e-05  -7.660484851901e-05  -1.206522797902e-04  -1.587804918676e-01   0.000000000000e+00  -9.555819476616e-05  -1.157859745899e-04  -2.440181410861e-01   0.000000000000e+00  -7.024492402834e-05  -6.919350644046e-05  -2.569080994032e-01   0.000000000000e+00  -3.606499672904e-05  -1.726515670203e-05  -1.378131664165e-01   0.000000000000e+00  -2.248511009899e-01   0.000000000000e+00  -5.002583584106e-06   0.000000000000e+00  -5.421542526316e-05   1.540568147180e-03  -4.662628623081e-02  -6.018489564349e-02  -2.830827575569e-02  -6.509378279153e-02   2.102738218041e-02   0.000000000000e+00  -1.570157288507e-03   4.656264922874e-02   6.013752748665e-02   2.827402376820e-02   6.500724126516e-02   2.102792718860e-02   0.000000000000e+00
   0.000000000000e+00   0.000000000000e+00   0.000000000000e+00   0.000000000000e+00  -7.656197429271e-01   0.000000000000e+00   0.000000000000e+00   0.000000000000e+00   1.496258163242e-01   0.000000000000e+00   0.000000000000e+00   0.000000000000e+00  -3.646524720567e-01   0.000000000000e+00   0.000000000000e+00   0.000000000000e+00  -3.004307108201e-01   0.000000000000e+00  -2.739272780512e-05   0.000000000000e+00   1.478443776287e-01   0.000000000000e+00   0.000000000000e+00   0.000000000000e+00   0.000000000000e+00   0.000000000000e+00  -2.325504178109e-01   0.000000000000e+00   0.000000000000e+00   0.000000000000e+00  -3.298005070163e-01   0.000000000000e+00   0.000000000000e+00   0.000000000000e+00  -3.125799468249e-01   0.000000000000e+00   0.000000000000e+00   0.000000000000e+00  -1.623225869701e-01   0.000000000000e+00   2.585535632043e-05   0.000000000000e+00  -1.826201407020e-01   0.000000000000e+00   0.000000000000e+00   0.000000000000e+00   0.000000000000e+00   0.000000000000e+00   0.000000000000e+00   0.000000000000e+00  -4.336598163702e-02   0.000000000000e+00   0.000000000000e+00   0.000000000000e+00   0.000000000000e+00   0.000000000000e+00   0.000000000000e+00  -4.329264515286e-02
  -3.531741694901e+00  -3.321365874074e+00   2.374584494699e-02  -4.503045596748e-06   0.000000000000e+00  -2.497031869984e+00   2.047271217209e-01  -3.704869521692e-05   0.000000000000e+00  -1.651620642079e+00   3.712690624474e-01  -6.584781501379e-05   0.000000000000e+00  -1.044448468746e+00   2.256993744388e-01  -3.808246169923e-05   0.000000000000e+00   4.751031597290e-05   0.000000000000e+00   8.283011105510e-02   0.000000000000e+00  -1.404312906720e-01  -8.335191009439e-01  -7.934876451402e-01  -3.470671112502e-01   4.452775038383e-05   0.000000000000e+00  -9.354445787107e-01  -8.074332452806e-01   1.164421976772e-04   0.000000000000e+00  -9.779805583758e-01  -8.878118396592e-01   1.438258892296e-04   0.000000000000e+00  -6.633790855513e-01  -4.223338322891e-01   7.078628707094e-05   0.000000000000e+00   2.170683779625e-04   0.000000000000e+00   3.727465935417e-01   0.000000000000e+00  -6.204182967813e-01  -8.701157712908e-02  -2.571568701981e-01  -4.804591610779e-01  -4.632661549812e-01  -1.343867901613e-01   1.291235169414e-01   0.000000000000e+00  -8.688832911817e-02  -2.568718983785e-01  -4.802312683077e-01  -4.631807682964e-01  -1.341476696621e-01  -1.289067427999e-01   0.000000000000e+00
   7.227679416328e-03   3.182428225325e-03  -7.806119017227e-01  -3.224085056379e-06   0.000000000000e+00   1.033573645341e-01  -6.124875806804e-01   3.086102281075e-05   0.000000000000e+00   3.712690624474e-01  -5.539256488339e-01   8.811943705977e-05   0.000000000000e+00   3.902879204974e-01  -4.462630912508e-01   5.477467736380e-05   0.000000000000e+00  -6.537716646764e-05   0.000000000000e+00  -1.302760355240e-01   0.000000000000e+00   2.383149185721e-01   1.810982604601e+00   1.689955576172e+00   2.563147944121e-01  -4.623874231572e-05   0.000000000000e+00   1.187096306405e+00   1.304493150084e-01  -1.582304578930e-05   0.000000000000e+00   7.509277959574e-01  -1.019472537829e-02  -2.250116196124e-05   0.000000000000e+00   3.928220773469e-01  -1.862632113765e-02  -1.992763288787e-05   0.000000000000e+00  -9.034369429733e-05   0.000000000000e+00  -1.127591047078e-01   0.000000000000e+00   9.030835957522e-02   2.003304555411e-01   4.164247506129e-01   4.482285769025e-01   3.034116201035e-01   1.887796780343e-01  -2.616359520838e-01   0.000000000000e+00   2.000681497037e-01   4.159802942085e-01   4.480341857528e-01   3.033629354220e-01   1.883913010932e-01   2.611740706029e-01   0.000000000000e+00
  -1.593049368591e-06  -7.486553036390e-07  -2.069774718122e-06  -8.003739134232e-01   0.000000000000e+00  -1.905039044355e-05   3.234714562050e-05  -4.296243190098e-01   0.000000000000e+00  -6.584781501379e-05   8.811943705977e-05  -2.396065250317e-02   0.000000000000e+00  -6.719878782171e-05   5.599144478188e-05  -8.386547710856e-02   0.000000000000e+00   9.297701690531e-02   0.000000000000e+00   2.331972291729e-05   0.000000000000e+00  -5.576641221834e-06  -2.968159335009e-04  -2.767035542340e-04  -7.929763261723e-05  -2.533734937415e-01   0.000000000000e+00  -2.007468723388e-04  -5.769189305164e-05  -2.497581705611e-01   0.000000000000e+00  -1.235464375258e-04  -2.987195547045e-05  -1.562344926666e-01   0.000000000000e+00  -6.371355121482e-05  -1.712402174858e-05  -9.293373091450e-02   0.000000000000e+00  -4.001799030318e-02   0.000000000000e+00   2.709821423581e-05   0.000000000000e+00  -3.154516412299e-05  -9.264142487922e-02  -1.094309733345e-01  -5.970596210844e-02  -2.334789042971e-02  -7.295503468326e-02   3.144051327463e-02   0.000000000000e+00   9.254020878267e-02   1.093134817513e-01   5.960363711231e-02   2.327085060204e-02   7.284015707684e-02   3.141027222116e-02   0.000000000000e+00
   0.000000000000e+00   0.000000000000e+00   0.000000000000e+00   0.000000000000e+00  -7.236712480433e-01   0.000000000000e+00   0.000000000000e+00   0.000000000000e+00  -3.646524720567e-01   0.000000000000e+00   0.000000000000e+00   0.000000000000e+00  -5.364342157410e-03   0.000000000000e+00   0.000000000000e+00   0.000000000000e+00  -8.441129324847e-02   0.000000000000e+00  -2.162038084881e-05   0.000000000000e+00   1.162088646419e-01   0.000000000000e+00   0.000000000000e+00   0.000000000000e+00   0.000000000000e+00   0.000000000000e+00  -2.805755777554e-01   0.000000000000e+00   0.000000000000e+00   0.000000000000e+00  -2.681369745559e-01   0.000000000000e+00   0.000000000000e+00   0.000000000000e+00  -1.664101709977e-01   0.000000000000e+00   0.000000000000e+00   0.000000000000e+00  -1.005546415954e-01   0.000000000000e+00   2.020215736919e-06   0.000000000000e+00  -6.164702034443e-02   0.000000000000e+00   0.000000000000e+00   0.000000000000e+00   0.000000000000e+00   0.000000000000e+00   0.000000000000e+00   0.000000000000e+00  -6.650777257776e-02   0.000000000000e+00   0.000000000000e+00   0.000000000000e+00   0.000000000000e+00   0.000000000000e+00   0.000000000000e+00  -6.641178975975e-02
  -1.596528957894e+00  -1.513453707548e+00   3.559561592435e-03  -6.033757775890e-06   0.000000000000e+00  -1.418105376876e+00   1.371877163421e-01  -3.052225762514e-05   0.000000000000e+00  -1.044448468746e+00   3.902879204974e-01  -6.719878782171e-05   0.000000000000e+00  -6.780992553771e-01   3.271950409998e-01  -4.316762671214e-05   0.000000000000e+00   3.047391167441e-05   0.000000000000e+00   5.490853919648e-02   0.000000000000e+00  -9.503152784741e-02  -8.813198224531e-01  -8.378313323136e-01  -1.393289511182e-01   1.034992919569e-06   0.000000000000e+00  -8.953928783867e-01  -3.918548680503e-01   4.069412455424e-05   0.000000000000e+00  -8.146808301014e-01  -4.256284503137e-01   9.243053618731e-05   0.000000000000e+00  -5.082336485710e-01  -1.688709316618e-01   4.730267499480e-05   0.000000000000e+00   1.569915633073e-04   0.000000000000e+00   2.591204412917e-01   0.000000000000e+00  -3.337020487736e-01  -1.876677367096e-01  -3.355931623417e-01  -4.504745201878e-01  -3.766492782914e-01  -1.250414069089e-01   1.794592525336e-01   0.000000000000e+00  -1.874905939172e-01  -3.352934127632e-01  -4.502919156494e-01  -3.765901566232e-01  -1.247957770135e-01  -1.791786556644e-01   0.000000000000e+00
   2.582432319384e-03   6.163295970209e-04  -2.951434861017e-01   5.939541393310e-07   0.000000000000e+00   3.174523691327e-02  -3.737422201357e-01   1.569837152518e-05   0.000000000000e+00   2.256993744388e-01  -4.462630912508e-01   5.599144478188e-05   0.000000000000e+00   3.271950409998e-01  -3.100219244038e-01   3.459205934558e-05   0.000000000000e+00  -2.514982360878e-05   0.000000000000e+00  -5.242228092813e-02   0.000000000000e+00   1.005029486841e-01   1.145929664159e+00   1.084300826423e+00  -3.833863661198e-02   1.373510233091e-05   0.000000000000e+00   9.276563170904e-01  -8.207697570890e-02   2.146063806789e-05   0.000000000000e+00   6.225968065825e-01  -1.238527504012e-01  -3.443530772736e-05   0.000000000000e+00   3.568575609977e-01  -2.802347050563e-02  -3.212325438956e-05   0.000000000000e+00  -1.022332250012e-04   0.000000000000e+00  -1.257807822151e-01   0.000000000000e+00   3.356589349103e-03   2.946523172411e-01   4.222265316951e-01   4.071233771922e-01   2.872645225214e-01   1.323413878670e-01  -2.566966504413e-01   0.000000000000e+00   2.944063035332e-01   4.218877498342e-01   4.069924871517e-01   2.872316000357e-01   1.320574826491e-01   2.563029815327e-01   0.000000000000e+00
  -6.811375951055e-07  -3.804920486566e-07  -3.461549984789e-07  -3.161235445533e-01   0.000000000000e+00  -8.772074394882e-06   1.466922246276e-05  -3.043106690913e-01   0.000000000000e+00  -3.808246169923e-05   5.477467736380e-05  -8.386547710856e-02   0.000000000000e+00  -4.316762671214e-05   3.459205934558e-05   3.598719170116e-02   0.000000000000e+00   4.212839037012e-02   0.000000000000e+00   9.687984258768e-06   0.000000000000e+00  -7.352036381141e-07  -1.877687715791e-04  -1.776656505893e-04  -1.938181539431e-05  -2.169575109171e-01   0.000000000000e+00  -1.580525636527e-04  -1.757037587215e-05  -2.652364692825e-01   0.000000000000e+00  -8.272420167444e-05  -1.384652634965e-05  -1.296410684164e-01   0.000000000000e+00  -3.431083480519e-05  -1.126439588828e-05  -2.028758337325e-02   0.000000000000e+00  -1.392839846720e-02   0.000000000000e+00   2.840588279767e-05   0.000000000000e+00  -2.963053622844e-05  -1.416464624363e-01  -1.227575143174e-01  -4.509673902883e-02  -9.061002997964e-03  -5.057623156694e-02   4.069954920429e-02   0.000000000000e+00   1.415655816189e-01   1.226823908799e-01   4.504602392207e-02   9.020542230231e-03   5.046734256741e-02   4.067375613268e-02   0.000000000000e+00
   0.000000000000e+00   0.000000000000e+00   0.000000000000e+00   0.000000000000e+00  -3.029322927178e-01   0.000000000000e+00   0.000000000000e+00   0.000000000000e+00  -3.004307108201e-01   0.000000000000e+00   0.000000000000e+00   0.000000000000e+00  -8.441129324847e-02   0.000000000000e+00   0.000000000000e+00   0.000000000000e+00   4.931299329618e-02   0.000000000000e+00  -1.025847886896e-05   0.000000000000e+00   5.369515495345e-02   0.000000000000e+00   0.000000000000e+00   0.000000000000e+00   0.000000000000e+00   0.000000000000e+00  -1.963326407255e-01   0.000000000000e+00   0.000000000000e+00   0.000000000000e+00  -2.040185709265e-01   0.000000000000e+00   0.000000000000e+00   0.000000000000e+00  -6.987626220121e-02   0.000000000000e+00   0.000000000000e+00   0.000000000000e+00   3.486585442266e-03   0.000000000000e+00   7.246006448190e-06   0.000000000000e+00  -8.681260898884e-02   0.000000000000e+00   0.000000000000e+00   0.000000000000e+00   0.000000000000e+00   0.000000000000e+00   0.000000000000e+00   0.000000000000e+00  -4.269858766409e-02   0.000000000000e+00   0.000000000000e+00   0.000000000000e+00   0.000000000000e+00   0.000000000000e+00   0.000000000000e+00  -4.262607533927e-02
   2.851103177210e-07  -3.824708133121e-07  -3.011933518005e-05   5.507916551353e-02   0.000000000000e+00   3.456224455707e-05  -7.487901920926e-05   1.205517127869e-01   0.000000000000e+00   4.751031597290e-05  -6.537716646764e-05   9.297701690531e-02   0.000000000000e+00   3.047391167441e-05  -2.514982360878e-05   4.212839037012e-02   0.000000000000e+00   3.095693379911e+00   0.000000000000e+00  -2.999410811259e-05   0.000000000000e+00   2.261493506021e-05   9.520230354612e-05   1.131805875504e-04   8.492952830809e-05   1.661319847394e-01   0.000000000000e+00   7.306403748265e-05   9.642855412408e-06   4.966179324854e-02   0.000000000000e+00   5.332637696391e-05   3.963053492918e-05   6.701563387696e-02   0.000000000000e+00   2.221907361457e-05   1.057234998330e-05   2.857402524239e-02   0.000000000000e+00  -2.879836749969e-01   0.000000000000e+00   4.342715256279e-05   0.000000000000e+00  -1.733746182757e-04   1.972701448643e-02   4.427804601080e-02   2.239921037148e-02   6.677062685970e-03   5.813575624212e-02  -2.297514272934e-02   0.000000000000e+00  -1.970360933597e-02  -4.424737454955e-02  -2.236575190773e-02  -6.652270753104e-03  -5.805245542942e-02  -2.296790845648e-02   0.000000000000e+00
   0.000000000000e+00   0.000000000000e+00   0.000000000000e+00   0.000000000000e+00  -1.397126816910e-05   0.000000000000e+00   0.000000000000e+00   0.000000000000e+00  -2.739272780512e-05   0.000000000000e+00   0.000000000000e+00   0.000000000000e+00  -2.162038084881e-05   0.000000000000e+00   0.000000000000e+00   0.000000000000e+00  -1.025847886896e-05   0.000000000000e+00   3.175527633301e+00   0.000000000000e+00   1.602573989991e-05   0.000000000000e+00   0.000000000000e+00   0.000000000000e+00   0.000000000000e+00   0.000000000000e+00  -2.869909461936e-05   0.000000000000e+00   0.000000000000e+00   0.000000000000e+00  -1.095939627829e-05   0.000000000000e+00   0.000000000000e+00   0.000000000000e+00  -1.399495269555e-05   0.000000000000e+00   0.000000000000e+00   0.000000000000e+00  -6.340291389440e-06   0.000000000000e+00   6.987787949808e-03   0.000000000000e+00   4.361325374010e-05   0.000000000000e+00   0.000000000000e+00   0.000000000000e+00   0.000000000000e+00   0.000000000000e+00   0.000000000000e+00   0.000000000000e+00  -7.336463562777e-03   0.000000000000e+00   0.000000000000e+00   0.000000000000e+00   0.000000000000e+00   0.000000000000e+00   0.000000000000e+00   7.321754277771e-03
   5.507333167413e-03   6.359163781168e-03  -6.136815806804e-02   1.156268830322e-05   0.000000000000e+00   6.217613819696e-02  -1.535341263680e-01   2.774762596831e-05   0.000000000000e+00   8.283011105510e-02  -1.302760355240e-01   2.331972291729e-05   0.000000000000e+00   5.490853919648e-02  -5.242228092813e-02   9.687984258768e-06   0.000000000000e+00  -2.999410811259e-05   0.000000000000e+00   3.122363272270e+00   0.000000000000e+00   8.894701804253e-02   1.672557739329e-01   1.989803346017e-01   9.968989594556e-02  -1.685964671885e-05   0.000000000000e+00   1.210999605633e-01  -3.283603237077e-03   5.982706766710e-07   0.000000000000e+00   9.089081461646e-02   4.794514978187e-02  -7.106604985716e-06   0.000000000000e+00   4.089401086071e-02   1.069344228803e-02  -1.072956511214e-06   0.000000000000e+00   4.761870719664e-05   0.000000000000e+00   8.654591266644e-02   0.000000000000e+00  -1.386190999175e-01   6.070579202522e-03   3.639445433665e-02   4.360023322809e-02   2.901350939167e-02   4.132563068577e-02  -2.426445640311e-02   0.000000000000e+00   6.056096404523e-03   3.635509088746e-02   4.357785498108e-02   2.900754719699e-02   4.125686833421e-02   2.422731686194e-02   0.000000000000e+00
   0.000000000000e+00   0.000000000000e+00   0.000000000000e+00   0.000000000000e+00   7.532878302605e-02   0.000000000000e+00   0.000000000000e+00   0.000000000000e+00   1.478443776287e-01   0.000000000000e+00   0.000000000000e+00   0.000000000000e+00   1.162088646419e-01   0.000000000000e+00   0.000000000000e+00   0.000000000000e+00   5.369515495345e-02   0.000000000000e+00   1.602573989991e-05   0.000000000000e+00   3.082344281367e+00   0.000000000000e+00   0.000000000000e+00   0.000000000000e+00   0.000000000000e+00   0.000000000000e+00   1.749637312251e-01   0.000000000000e+00   0.000000000000e+00   0.000000000000e+00   6.154520060451e-02   0.000000000000e+00   0.000000000000e+00   0.000000000000e+00   7.657560085698e-02   0.000000000000e+00   0.000000000000e+00   0.000000000000e+00   3.330013575935e-02   0.000000000000e+00   4.694060155123e-05   0.000000000000e+00  -2.692247377424e-01   0.000000000000e+00   0.000000000000e+00   0.000000000000e+00   0.000000000000e+00   0.000000000000e+00   0.000000000000e+00   0.000000000000e+00   2.115337022111e-02   0.000000000000e+00   0.000000000000e+00   0.000000000000e+00   0.000000000000e+00   0.000000000000e+00   0.000000000000e+00   2.111321857699e-02
  -1.203291939981e-03   8.661830640301e-04   1.093852346379e-01   2.383758273736e-06   0.000000000000e+00  -9.910092659312e-02   2.732392998484e-01  -1.620642735556e-06   0.000000000000e+00  -1.404312906720e-01   2.383149185721e-01  -5.576641221834e-06   0.000000000000e+00  -9.503152784741e-02   1.005029486841e-01  -7.352036381141e-07   0.000000000000e+00   2.261493506021e-05   0.000000000000e+00   8.894701804253e-02   0.000000000000e+00   3.026974395874e+00  -2.910603001910e-01  -3.461598678906e-01  -1.758801396481e-01   8.310637131737e-05   0.000000000000e+00  -2.181384292586e-01   3.137958191482e-03   1.632762941365e-05   0.000000000000e+00  -1.648624928829e-01  -7.990166157926e-02   3.687822123264e-05   0.000000000000e+00  -7.434293237825e-02  -1.473619996647e-02   1.295769101957e-05   0.000000000000e+00  -1.769345346825e-04   0.000000000000e+00  -1.408565136219e-01   0.000000000000e+00   2.527187822303e-01  -7.465137792393e-03  -5.536848762577e-02  -7.746108678303e-02  -5.268226104767e-02  -4.641520357233e-02   4.055346750712e-02   0.000000000000e+00  -7.456164129527e-03  -5.531258825086e-02  -7.743099813419e-02  -5.267536473507e-02  -4.632834087611e-02  -4.048050633103e-02   0.000000000000e+00
  -2.370385559793e-03  -1.868850708012e-03   2.023382143400e-02  -4.242717394823e-06   0.000000000000e+00  -1.316767864990e-01   4.325625589272e-01  -7.174803645155e-05   0.000000000000e+00  -8.335191009439e-01   1.810982604601e+00  -2.968159335009e-04   0.000000000000e+00  -8.813198224531e-01   1.145929664159e+00  -1.877687715791e-04   0.000000000000e+00   9.520230354612e-05   0.000000000000e+00   1.672557739329e-01   0.000000000000e+00  -2.910603001910e-01  -9.616568176947e+00  -1.204998604441e+01  -5.228363709502e-03   2.330973953572e-06   0.000000000000e+00  -4.440820618785e+00  -6.226976265667e-03  -2.306202698970e-06   0.000000000000e+00  -1.998333785973e+00  -3.559596712511e-03  -5.021415255938e-07   0.000000000000e+00  -8.420852726487e-01  -1.300325311462e-03   6.824647509476e-08   0.000000000000e+00   8.087226141213e-06   0.000000000000e+00   7.054151404731e-03   0.000000000000e+00  -4.343658242322e-03  -1.200697553143e-01  -9.292935087552e-01  -1.012592132742e+00  -6.248132263685e-01  -5.616235259050e-01   9.047369635948e-01   0.000000000000e+00  -1.194575903734e-01  -9.275796485799e-01  -1.011973941322e+00  -6.246774709688e-01  -5.596545468312e-01  -9.019194175179e-01   0.000000000000e+00
  -8.017930207303e-04  -6.460821501619e-04   1.977117845285e-02  -3.151903268328e-06   0.000000000000e+00  -1.439057275958e-01   4.696856887811e-01  -7.660484851901e-05   0.000000000000e+00  -7.934876451402e-01   1.689955576172e+00  -2.767035542340e-04   0.000000000000e+00  -8.378313323136e-01   1.084300826423e+00  -1.776656505893e-04   0.000000000000e+00   1.131805875504e-04   0.000000000000e+00   1.989803346017e-01   0.000000000000e+00  -3.461598678906e-01  -1.204998604441e+01  -8.836917360857e+00  -5.248499540717e-03  -5.801358156873e-06   0.000000000000e+00  -3.975366429368e+00  -3.798569824721e-03  -8.208620491488e-06   0.000000000000e+00  -1.879856525670e+00   5.988093316255e-04  -2.846905148943e-06   0.000000000000e+00  -8.045142551166e-01   1.223058597056e-03  -4.280379248621e-07   0.000000000000e+00   1.129908776457e-05   0.000000000000e+00   1.052667214654e-02   0.000000000000e+00  -3.665721865191e-03  -1.413297431989e-01  -8.910709410122e-01  -9.643268904658e-01  -5.984439906282e-01  -5.542570033115e-01   8.936614559798e-01   0.000000000000e+00  -1.406456287534e-01  -8.894798804198e-01  -9.637442668988e-01  -5.983144954609e-01  -5.524549734528e-01  -8.911085473286e-01   0.000000000000e+00
  -7.840193637964e-02  -7.863588684019e-02   3.700026283077e-01  -7.865004830409e-05   0.000000000000e+00  -4.047531243384e-01   5.231305572340e-01  -1.206522797902e-04   0.000000000000e+00  -3.470671112502e-01   2.563147944121e-01  -7.929763261723e-05   0.000000000000e+00  -1.393289511182e-01  -3.833863661198e-02  -1.938181539431e-05   0.000000000000e+00   8.492952830809e-05   0.000000000000e+00   9.968989594556e-02   0.000000000000e+00  -1.758801396481e-01  -5.228363709502e-03  -5.248499540717e-03   8.446314747434e-01   1.107636524306e-04   0.000000000000e+00  -4.646225093155e-02  -5.860366490630e-01   1.340029118437e-04   0.000000000000e+00  -1.611710832188e-02  -4.910247778489e-01   5.196886901648e-05   0.000000000000e+00   9.600037141140e-03  -1.632171378121e-01   7.420396008244e-06   0.000000000000e+00  -5.117566843067e-05   0.000000000000e+00   4.434752898953e-02   0.000000000000e+00  -1.796630712589e-01   2.185580835729e-01   2.065949576192e-01   9.621321253985e-02   3.426330141059e-02  -6.170115073241e-02  -1.834308271011e-01   0.000000000000e+00   2.181361058206e-01   2.064120492009e-01   9.619106840585e-02   3.426534552875e-02  -6.142968222691e-02   1.835039703788e-01   0.000000000000e+00
   1.290428137163e-05   1.284619982675e-05  -7.139421448295e-05  -6.464337646016e-02   0.000000000000e+00   6.505340537125e-05  -1.116596082061e-04  -1.587804918676e-01   0.000000000000e+00   4.452775038383e-05  -4.623874231572e-05  -2.533734937415e-01   0.000000000000e+00   1.034992919569e-06   1.373510233091e-05  -2.169575109171e-01   0.000000000000e+00   1.661319847394e-01   0.000000000000e+00  -1.685964671885e-05   0.000000000000e+00   8.310637131737e-05   2.330973953572e-06  -5.801358156873e-06   1.107636524306e-04   9.095492422817e-01   0.000000000000e+00  -1.187484463006e-04   1.336508823518e-04  -5.001104840964e-01   0.000000000000e+00  -7.536408402537e-05   5.038368684061e-05  -4.889207325616e-01   0.000000000000e+00  -2.667513392861e-05   6.026644295553e-06  -1.843830875266e-01   0.000000000000e+00   8.194822226983e-02   0.000000000000e+00   5.268210455839e-05   0.000000000000e+00   6.287155812167e-05  -3.530465150572e-01  -3.379362020136e-01  -1.613647506613e-01  -4.490444374137e-02  -1.810748418359e-01   1.161361936027e-01   0.000000000000e+00   3.525110808134e-01   3.377408839388e-01   1.613358086237e-01   4.489534723977e-02   1.811384057218e-01   1.166248793367e-01   0.000000000000e+00
   0.000000000000e+00   0.000000000000e+00   0.000000000000e+00   0.000000000000e+00  -1.215224819230e-01   0.000000000000e+00   0.000000000000e+00   0.000000000000e+00  -2.325504178109e-01   0.000000000000e+00   0.000000000000e+00   0.000000000000e+00  -2.805755777554e-01   0.000000000000e+00   0.000000000000e+00   0.000000000000e+00  -1.963326407255e-01   0.000000000000e+00  -2.869909461936e-05   0.000000000000e+00   1.749637312251e-01   0.000000000000e+00   0.000000000000e+00   0.000000000000e+00   0.000000000000e+00   0.000000000000e+00   1.034815777369e+00   0.000000000000e+00   0.000000000000e+00   0.000000000000e+00  -3.245390300814e-01   0.000000000000e+00   0.000000000000e+00   0.000000000000e+00  -3.698361136820e-01   0.000000000000e+00   0.000000000000e+00   0.000000000000e+00  -1.389569692009e-01   0.000000000000e+00  -1.311789950364e-05   0.000000000000e+00  -7.020566719773e-02   0.000000000000e+00   0.000000000000e+00   0.000000000000e+00   0.000000000000e+00   0.000000000000e+00   0.000000000000e+00   0.000000000000e+00  -1.564922190433e-01   0.000000000000e+00   0.000000000000e+00   0.000000000000e+00   0.000000000000e+00   0.000000000000e+00   0.000000000000e+00  -1.562575978245e-01
  -5.114622472833e-01  -4.909802043138e-01   3.660101419779e-01  -5.361564188442e-05   0.000000000000e+00  -6.889485602462e-01   6.234226338937e-01  -9.555819476616e-05   0.000000000000e+00  -9.354445787107e-01   1.187096306405e+00  -2.007468723388e-04   0.000000000000e+00  -8.953928783867e-01   9.276563170904e-01  -1.580525636527e-04   0.000000000000e+00   7.306403748265e-05   0.000000000000e+00   1.210999605633e-01   0.000000000000e+00  -2.181384292586e-01  -4.440820618785e+00  -3.975366429368e+00  -4.646225093155e-02  -1.187484463006e-04   0.000000000000e+00  -2.277860596172e+00  -1.382613734676e-01  -1.540722362303e-04   0.000000000000e+00  -1.590112628687e+00  -8.281098738633e-02  -4.422648067857e-05   0.000000000000e+00  -8.710738094118e-01  -1.672454483903e-02  -9.073591948437e-07   0.000000000000e+00   2.539962290160e-04   0.000000000000e+00   2.402979256568e-01   0.000000000000e+00  -1.662036042801e-01  -4.267364082891e-01  -8.587717200790e-01  -9.544111135478e-01  -6.694242541337e-01  -3.204151802852e-01   5.280703177381e-01   0.000000000000e+00  -4.259762425682e-01  -8.576864722840e-01  -9.539161652545e-01  -6.692906095032e-01  -3.196692437982e-01  -5.270786822135e-01   0.000000000000e+00
  -1.511020167404e+00  -1.436713680888e+00   5.508234556549e-01  -1.340418029413e-04   0.000000000000e+00  -1.251938694266e+00   4.009948801715e-01  -1.157859745899e-04   0.000000000000e+00  -8.074332452806e-01   1.304493150084e-01  -5.769189305164e-05   0.000000000000e+00  -3.918548680503e-01  -8.207697570890e-02  -1.757037587215e-05   0.000000000000e+00   9.642855412408e-06   0.000000000000e+00  -3.283603237077e-03   0.000000000000e+00   3.137958191482e-03  -6.226976265667e-03  -3.798569824721e-03  -5.860366490630e-01   1.336508823518e-04   0.000000000000e+00  -1.382613734676e-01  -5.934011546144e-01   2.484391582327e-04   0.000000000000e+00  -1.765276054497e-01  -7.138359188373e-01   1.216124446787e-04   0.000000000000e+00  -9.825018595123e-02  -3.227889481939e-01   2.443353771802e-05   0.000000000000e+00  -4.055052008343e-05   0.000000000000e+00   1.851784445607e-01   0.000000000000e+00  -5.696718434925e-01   2.425594621333e-01   1.980997390498e-01   5.443818306204e-02  -2.465005028489e-02  -6.699305137582e-02   1.250526777888e-02   0.000000000000e+00   2.423566069460e-01   1.980029529707e-01   5.445935479784e-02  -2.462954088219e-02  -6.700255593731e-02  -1.246033536707e-02   0.000000000000e+00
   2.470783555107e-04   2.347799220149e-04  -1.250594593488e-04  -2.260264149215e-01   0.000000000000e+00   2.007547780452e-04  -1.028661107741e-04  -2.440181410861e-01   0.000000000000e+00   1.164421976772e-04  -1.582304578930e-05  -2.497581705611e-01   0.000000000000e+00   4.069412455424e-05   2.146063806789e-05  -2.652364692825e-01   0.000000000000e+00   4.966179324854e-02   0.000000000000e+00   5.982706766710e-07   0.000000000000e+00   1.632762941365e-05  -2.306202698970e-06  -8.208620491488e-06   1.340029118437e-04  -5.001104840964e-01   0.000000000000e+00  -1.540722362303e-04   2.484391582327e-04  -2.770570740457e-01   0.000000000000e+00  -7.583599524057e-05   1.204500112569e-04  -4.712192671773e-01   0.000000000000e+00  -7.495773581141e-06   2.325989675423e-05  -2.537821709916e-01   0.000000000000e+00   1.772811089794e-01   0.000000000000e+00   9.017059452751e-05   0.000000000000e+00   1.437841476559e-04  -3.907292739384e-01  -3.390381990458e-01  -1.965282167967e-01  -6.447238861093e-02   1.621674977808e-02  -8.301222173843e-02   0.000000000000e+00   3.905460772046e-01   3.389440259198e-01   1.965371766599e-01   6.450747753008e-02  -1.619226946323e-02  -8.300658950184e-02   0.000000000000e+00
   0.000000000000e+00   0.000000000000e+00   0.000000000000e+00   0.000000000000e+00  -2.874971164125e-01   0.000000000000e+00   0.000000000000e+00   0.000000000000e+00  -3.298005070163e-01   0.000000000000e+00   0.000000000000e+00   0.000000000000e+00  -2.681369745559e-01   0.000000000000e+00   0.000000000000e+00   0.000000000000e+00  -2.040185709265e-01   0.000000000000e+00  -1.095939627829e-05   0.000000000000e+00   6.154520060451e-02   0.000000000000e+00   0.000000000000e+00   0.000000000000e+00   0.000000000000e+00   0.000000000000e+00  -3.245390300814e-01   0.000000000000e+00   0.000000000000e+00   0.000000000000e+00   5.559063769011e-02   0.000000000000e+00   0.000000000000e+00   0.000000000000e+00  -2.106555091296e-01   0.000000000000e+00   0.000000000000e+00   0.000000000000e+00  -1.521741655677e-01   0.000000000000e+00  -2.527014004404e-05   0.000000000000e+00  -1.271897689759e-01   0.000000000000e+00   0.000000000000e+00   0.000000000000e+00   0.000000000000e+00   0.000000000000e+00   0.000000000000e+00   0.000000000000e+00  -3.510823815013e-02   0.000000000000e+00   0.000000000000e+00   0.000000000000e+00   0.000000000000e+00   0.000000000000e+00   0.000000000000e+00  -3.519626379294e-02
  -1.124688588439e+00  -1.065292047037e+00   2.303986410449e-01  -4.067471803283e-05   0.000000000000e+00  -1.044686271392e+00   4.033764630862e-01  -7.024492402834e-05   0.000000000000e+00  -9.779805583758e-01   7.509277959574e-01  -1.235464375258e-04   0.000000000000e+00  -8.146808301014e-01   6.225968065825e-01  -8.272420167444e-05   0.000000000000e+00   5.332637696391e-05   0.000000000000e+00   9.089081461646e-02   0.000000000000e+00  -1.648624928829e-01  -1.998333785973e+00  -1.879856525670e+00  -1.611710832188e-02  -7.536408402537e-05   0.000000000000e+00  -1.590112628687e+00  -1.765276054497e-01  -7.583599524057e-05   0.000000000000e+00  -1.224267189785e+00  -2.005209509718e-01   4.912465276690e-05   0.000000000000e+00  -7.397656338199e-01  -7.813084000913e-02   4.528029138753e-05   0.000000000000e+00   2.388123643813e-04   0.000000000000e+00   3.052620069100e-01   0.000000000000e+00  -2.309459435026e-01  -4.157101491919e-01  -6.607171215419e-01  -7.487569047786e-01  -5.725129715207e-01  -2.254949025171e-01   3.851373095172e-01   0.000000000000e+00  -4.152106681444e-01  -6.600681344076e-01  -7.484552108266e-01  -5.724243938891e-01  -2.249849931400e-01  -3.844491311196e-01   0.000000000000e+00
