ARMA_MAT_TXT_FN008
58 58
   1.000000000000e+00   9.019786511306e-01  -2.441094596706e-16  -9.137644797945e-21   0.000000000000e+00   3.524808859889e-01   0.000000000000e+00  -5.108232388445e-21   0.000000000000e+00   1.579450275960e-01   2.241164792365e-19  -1.317455704640e-21   0.000000000000e+00   7.194213528220e-02  -4.798674190255e-19  -5.016257585903e-22   0.000000000000e+00  -8.737800361188e-36   0.000000000000e+00   0.000000000000e+00   0.000000000000e+00   0.000000000000e+00   9.758754137472e-05   7.763736385557e-07   3.812465364861e-03  -6.235469546881e-07   0.000000000000e+00   2.329245287420e-02   6.820408889502e-02  -1.115510512430e-05   0.000000000000e+00   5.061430721979e-02   8.618524303585e-02  -1.409600893148e-05   0.000000000000e+00   3.537840213092e-02   3.363335322982e-02  -5.500895870608e-06   0.000000000000e+00  -2.546548362240e-05   0.000000000000e+00  -4.494672589241e-02   0.000000000000e+00   7.785000871452e-02   4.848857067185e-07   2.097870846411e-03   1.905201925917e-02   2.281666096681e-02   1.163340810961e-04  -6.071292873940e-05   0.000000000000e+00   4.824929297799e-07   2.094299664694e-03   1.904135448308e-02   2.281213159878e-02   1.159364492342e-04   6.052082261376e-05   0.000000000000e+00
   9.019786511306e-01   1.000000000000e+00   6.836848234341e-17  -5.497860006618e-21   0.000000000000e+00   4.014863665549e-01  -1.622728121144e-16   0.000000000000e+00   0.000000000000e+00   1.702974760105e-01   2.993828631985e-19  -2.275145101739e-21   0.000000000000e+00   7.611738684957e-02  -9.203479994505e-18   5.907102582147e-22   0.000000000000e+00   0.000000000000e+00   0.000000000000e+00   0.000000000000e+00   0.000000000000e+00   0.000000000000e+00   3.933544673786e-05  -2.217420235910e-06   2.629210331961e-03  -4.300199316797e-07   0.000000000000e+00   2.368838879438e-02   7.197602293992e-02  -1.177202298764e-05   0.000000000000e+00   5.347767650433e-02   9.209569055196e-02  -1.506269090674e-05   0.000000000000e+00   3.722165137125e-02   3.551091292002e-02  -5.807979742860e-06   0.000000000000e+00  -2.741592740395e-05   0.000000000000e+00  -4.838927044872e-02   0.000000000000e+00   8.381267047437e-02   9.514697889249e-08   2.030052594675e-03   1.995987868254e-02   2.396571559178e-02   7.351350326804e-05  -3.836554209432e-05   0.000000000000e+00   9.458466909647e-08   2.026498254237e-03   1.994861359407e-02   2.396094421341e-02   7.323856221895e-05   3.823179044913e-05   0.000000000000e+00
  -2.441094596706e-16   6.836848234341e-17   1.000000000000e+00  -2.882426178441e-36   0.000000000000e+00  -6.235712572784e-16   6.119923480445e-01   0.000000000000e+00   0.000000000000e+00  -2.503959547344e-16   1.971949078096e-01  -3.431368498195e-36   0.000000000000e+00   9.549526525494e-17   5.657041005734e-02  -2.078822344633e-36   0.000000000000e+00  -2.330877681114e-20   0.000000000000e+00   7.165371439991e-19   0.000000000000e+00  -1.241078738917e-18  -1.571329509383e-03  -2.553832712194e-04  -3.518612587149e-02   6.378095707389e-06   0.000000000000e+00  -6.629149996201e-02  -1.400872196635e-01   2.972389332141e-05   0.000000000000e+00  -4.485918666918e-02  -2.337040204799e-02   1.222246483286e-05   0.000000000000e+00  -9.828885616039e-03   1.123466649088e-02   1.518036515888e-06   0.000000000000e+00   6.634297921758e-05   0.000000000000e+00   9.067570604740e-02   0.000000000000e+00  -1.570549165873e-01  -1.215325728949e-05  -6.751466774524e-03  -1.815105063842e-02  -7.747438914450e-03  -1.095755805857e-03   6.170414766213e-04   0.000000000000e+00  -1.209936227313e-05  -6.741386816757e-03  -1.814351097671e-02  -7.746961717574e-03  -1.092454352499e-03  -6.153259523549e-04   0.000000000000e+00
  -9.137644797945e-21  -5.497860006618e-21  -2.882426178441e-36   1.000000000000e+00   0.000000000000e+00   0.000000000000e+00   0.000000000000e+00   6.119923480445e-01   0.000000000000e+00   1.171555766258e-20  -3.431368498195e-36   1.971949078096e-01   0.000000000000e+00  -1.291031969020e-20  -2.078822344633e-36   5.657041005734e-02   0.000000000000e+00  -1.241078738917e-18   0.000000000000e+00   1.345732856639e-20   0.000000000000e+00   2.330877681114e-20   2.569984607382e-07   4.176915612529e-08   6.378095707389e-06   3.810565788870e-03   0.000000000000e+00   1.084229205175e-05   2.972389332141e-05   4.164939201164e-02   0.000000000000e+00   7.336934649993e-06   1.222246483286e-05   5.135969205585e-02   0.000000000000e+00   1.607561277893e-06   1.518036515888e-06   2.051618320922e-02   0.000000000000e+00   9.152167858569e-02   0.000000000000e+00  -1.483044564579e-05   0.000000000000e+00   5.562470453805e-05   6.342593991516e-06   3.523484410639e-03   9.472748085280e-03   4.043266618811e-03   6.170414766213e-04  -2.354461662027e-04   0.000000000000e+00  -6.316075425012e-06  -3.519119986877e-03  -9.471225112250e-03  -4.044047398395e-03  -6.153259523549e-04  -2.349186235495e-04   0.000000000000e+00
   0.000000000000e+00   0.000000000000e+00   0.000000000000e+00   0.000000000000e+00   1.000000000000e+00   0.000000000000e+00   0.000000000000e+00   0.000000000000e+00   6.119923480445e-01   0.000000000000e+00   0.000000000000e+00   0.000000000000e+00   1.971949078096e-01   0.000000000000e+00   0.000000000000e+00   0.000000000000e+00   5.657041005734e-02   0.000000000000e+00  -2.330877681114e-20   0.000000000000e+00  -1.241078738917e-18   0.000000000000e+00   0.000000000000e+00   0.000000000000e+00   0.000000000000e+00   0.000000000000e+00   3.810566832038e-03   0.000000000000e+00   0.000000000000e+00   0.000000000000e+00   4.164939687312e-02   0.000000000000e+00   0.000000000000e+00   0.000000000000e+00   5.135969405489e-02   0.000000000000e+00   0.000000000000e+00   0.000000000000e+00   2.051618345750e-02   0.000000000000e+00  -1.496881067787e-05   0.000000000000e+00   9.152169188462e-02   0.000000000000e+00   0.000000000000e+00   0.000000000000e+00   0.000000000000e+00   0.000000000000e+00   0.000000000000e+00   0.000000000000e+00   8.657808366793e-05   0.000000000000e+00   0.000000000000e+00   0.000000000000e+00   0.000000000000e+00   0.000000000000e+00   0.000000000000e+00   8.629211783587e-05
   3.524808859889e-01   4.014863665549e-01  -6.235712572784e-16   0.000000000000e+00   0.000000000000e+00   1.000000000000e+00   0.000000000000e+00   0.000000000000e+00   0.000000000000e+00   7.543153851937e-01   0.000000000000e+00   0.000000000000e+00   0.000000000000e+00   4.176890115920e-01   5.392021630909e-17   0.000000000000e+00   0.000000000000e+00   0.000000000000e+00   0.000000000000e+00   0.000000000000e+00   0.000000000000e+00   0.000000000000e+00   1.138633585427e-02   1.074889635232e-02   9.303838842741e-02  -1.521687365548e-05   0.000000000000e+00   1.782848875654e-01   3.700159934855e-01  -6.051788641814e-05   0.000000000000e+00   2.975894878003e-01   4.478554451227e-01  -7.324890122822e-05   0.000000000000e+00   2.183128642542e-01   1.995287888179e-01  -3.263388824112e-05   0.000000000000e+00  -1.051552024951e-04   0.000000000000e+00  -1.855995406485e-01   0.000000000000e+00   3.214678170660e-01   5.117240672192e-04   2.520730257268e-02   1.226123928321e-01   1.433788855264e-01   8.058100771310e-03  -4.205396159869e-03   0.000000000000e+00   5.102799311771e-04   2.517379787027e-02   1.225496113167e-01   1.433513337292e-01   8.040864489137e-03   4.197469705365e-03   0.000000000000e+00
   0.000000000000e+00  -1.622728121144e-16   6.119923480445e-01   0.000000000000e+00   0.000000000000e+00   0.000000000000e+00   1.000000000000e+00   0.000000000000e+00   0.000000000000e+00   0.000000000000e+00   6.250598589784e-01   0.000000000000e+00   0.000000000000e+00   1.765249529734e-16   2.333933173537e-01   0.000000000000e+00   0.000000000000e+00   0.000000000000e+00   0.000000000000e+00  -2.802201181100e-16   0.000000000000e+00   4.853554818694e-16  -3.666260818458e-02  -3.971071033904e-02  -2.118208151266e-01   4.162939705824e-05   0.000000000000e+00  -2.703436296608e-01  -3.912259625734e-01   9.176675206238e-05   0.000000000000e+00  -1.795615481040e-01  -6.464837029509e-02   4.419741503196e-05   0.000000000000e+00  -4.387930986675e-02   5.148700198625e-02   6.559175975179e-06   0.000000000000e+00   1.389817687858e-04   0.000000000000e+00   1.601068050460e-01   0.000000000000e+00  -2.773130903512e-01  -1.853282078950e-03  -4.296491316943e-02  -8.047526099598e-02  -3.531108423567e-02  -2.101300101138e-02   1.227198156186e-02   0.000000000000e+00  -1.848298758944e-03  -4.291363470091e-02  -8.044498207871e-02  -3.530909494401e-02  -2.097158094515e-02  -1.225051498459e-02   0.000000000000e+00
  -5.108232388445e-21   0.000000000000e+00   0.000000000000e+00   6.119923480445e-01   0.000000000000e+00   0.000000000000e+00   0.000000000000e+00   1.000000000000e+00   0.000000000000e+00   0.000000000000e+00   0.000000000000e+00   6.250598589784e-01   0.000000000000e+00   0.000000000000e+00   0.000000000000e+00   2.333933173537e-01   0.000000000000e+00   4.853554818694e-16   0.000000000000e+00   0.000000000000e+00   0.000000000000e+00   0.000000000000e+00   5.996345014730e-06   6.494876708555e-06   4.162939705824e-05   4.270794009514e-02   0.000000000000e+00   4.421599434005e-05   9.176675206238e-05   1.698505560344e-01   0.000000000000e+00   2.936815047064e-05   4.419741503196e-05   2.055816552891e-01   0.000000000000e+00   7.176671109830e-06   6.559175975179e-06   9.159084720666e-02   0.000000000000e+00   2.951304216930e-01   0.000000000000e+00  -2.618623414429e-05   0.000000000000e+00   1.418958785903e-04   9.671987927628e-04   2.242271299152e-02   4.199877404884e-02   1.842829995056e-02   1.227198156186e-02  -3.902799452262e-03   0.000000000000e+00  -9.648437748965e-04  -2.240165617112e-02  -4.199366569107e-02  -1.843195548832e-02  -1.225051498459e-02  -3.898915218789e-03   0.000000000000e+00
   0.000000000000e+00   0.000000000000e+00   0.000000000000e+00   0.000000000000e+00   6.119923480445e-01   0.000000000000e+00   0.000000000000e+00   0.000000000000e+00   1.000000000000e+00   0.000000000000e+00   0.000000000000e+00   0.000000000000e+00   6.250598589784e-01   0.000000000000e+00   0.000000000000e+00   0.000000000000e+00   2.333933173537e-01   0.000000000000e+00   0.000000000000e+00   0.000000000000e+00   4.853554818694e-16   0.000000000000e+00   0.000000000000e+00   0.000000000000e+00   0.000000000000e+00   0.000000000000e+00   4.270794690382e-02   0.000000000000e+00   0.000000000000e+00   0.000000000000e+00   1.698505710433e-01   0.000000000000e+00   0.000000000000e+00   0.000000000000e+00   2.055816625178e-01   0.000000000000e+00   0.000000000000e+00   0.000000000000e+00   9.159084827945e-02   0.000000000000e+00  -4.826999780125e-05   0.000000000000e+00   2.951304523189e-01   0.000000000000e+00   0.000000000000e+00   0.000000000000e+00   0.000000000000e+00   0.000000000000e+00   0.000000000000e+00   0.000000000000e+00   2.501754871255e-03   0.000000000000e+00   0.000000000000e+00   0.000000000000e+00   0.000000000000e+00   0.000000000000e+00   0.000000000000e+00   2.496064524050e-03
   1.579450275960e-01   1.702974760105e-01  -2.503959547344e-16   1.171555766258e-20   0.000000000000e+00   7.543153851937e-01   0.000000000000e+00   0.000000000000e+00   0.000000000000e+00   1.000000000000e+00   0.000000000000e+00   0.000000000000e+00   0.000000000000e+00   8.034172688426e-01   0.000000000000e+00  -6.330234501889e-21   0.000000000000e+00   0.000000000000e+00   0.000000000000e+00   0.000000000000e+00   0.000000000000e+00   0.000000000000e+00   6.466418139240e-02   7.730575296958e-02   1.393925057442e-01  -2.279831136677e-05   0.000000000000e+00   3.863233227002e-01   4.253297694923e-01  -6.956471918395e-05   0.000000000000e+00   5.800206077805e-01   6.455432315354e-01  -1.055816847160e-04   0.000000000000e+00   4.884691464379e-01   3.995642534049e-01  -6.535064572892e-05   0.000000000000e+00  -6.024749312922e-05   0.000000000000e+00  -1.063371738600e-01   0.000000000000e+00   1.841813780050e-01   2.875437371742e-02   1.225988749482e-01   2.955822483809e-01   3.369008142468e-01   7.522259503428e-02  -3.925749022882e-02   0.000000000000e+00   2.872067110677e-02   1.225014393749e-01   2.954620395430e-01   3.368418111174e-01   7.515324923075e-02   3.923129003505e-02   0.000000000000e+00
   2.241164792365e-19   2.993828631985e-19   1.971949078096e-01  -3.431368498195e-36   0.000000000000e+00   0.000000000000e+00   6.250598589784e-01   0.000000000000e+00   0.000000000000e+00   0.000000000000e+00   1.000000000000e+00   0.000000000000e+00   0.000000000000e+00   0.000000000000e+00   6.943342744408e-01   0.000000000000e+00   0.000000000000e+00   0.000000000000e+00   0.000000000000e+00   0.000000000000e+00   0.000000000000e+00   0.000000000000e+00  -1.382571505612e-01  -1.703067286910e-01  -1.564359372403e-01   4.528475901481e-05   0.000000000000e+00  -5.849442662375e-01  -2.764983683707e-01   1.053301243494e-04   0.000000000000e+00  -4.871849656396e-01   1.556221760928e-02   8.868272739026e-05   0.000000000000e+00  -1.653993936687e-01   2.099485367109e-01   2.212822909747e-05   0.000000000000e+00   4.696393762498e-05   0.000000000000e+00  -8.989157529875e-03   0.000000000000e+00   1.556969375432e-02  -8.134502231978e-02  -2.351270702230e-01  -2.900261626398e-01  -1.423395313154e-01  -1.480418462540e-01   1.002025218189e-01   0.000000000000e+00  -8.126058675372e-02  -2.349721195484e-01  -2.899475976102e-01  -1.423339362169e-01  -1.479373953310e-01  -1.001492508045e-01   0.000000000000e+00
  -1.317455704640e-21  -2.275145101739e-21  -3.431368498195e-36   1.971949078096e-01   0.000000000000e+00   0.000000000000e+00   0.000000000000e+00   6.250598589784e-01   0.000000000000e+00   0.000000000000e+00   0.000000000000e+00   1.000000000000e+00   0.000000000000e+00  -1.100984522748e-20   0.000000000000e+00   6.943342744408e-01   0.000000000000e+00   0.000000000000e+00   0.000000000000e+00   0.000000000000e+00   0.000000000000e+00   0.000000000000e+00   2.261261859344e-05   2.785448046741e-05   4.528475901481e-05   1.204422824090e-01   0.000000000000e+00   9.567043394974e-05   1.053301243494e-04   3.675067658014e-01   0.000000000000e+00   7.968143251721e-05   8.868272739026e-05   5.577825188241e-01   0.000000000000e+00   2.705186234083e-05   2.212822909747e-05   3.452440491480e-01   0.000000000000e+00   3.182843475625e-01   0.000000000000e+00   1.470219730945e-06   0.000000000000e+00   1.015673637156e-04   4.245268881547e-02   1.227091229385e-01   1.513600965341e-01   7.428476453440e-02   1.002025218189e-01  -8.334551518299e-03   0.000000000000e+00  -4.241942537395e-02  -1.226594919915e-01  -1.513576380695e-01  -7.430076531237e-02  -1.001492508045e-01  -8.366554114827e-03   0.000000000000e+00
   0.000000000000e+00   0.000000000000e+00   0.000000000000e+00   0.000000000000e+00   1.971949078096e-01   0.000000000000e+00   0.000000000000e+00   0.000000000000e+00   6.250598589784e-01   0.000000000000e+00   0.000000000000e+00   0.000000000000e+00   1.000000000000e+00   0.000000000000e+00   0.000000000000e+00   0.000000000000e+00   6.943342744408e-01   0.000000000000e+00   0.000000000000e+00   0.000000000000e+00   0.000000000000e+00   0.000000000000e+00   0.000000000000e+00   0.000000000000e+00   0.000000000000e+00   0.000000000000e+00   1.204422898155e-01   0.000000000000e+00   0.000000000000e+00   0.000000000000e+00   3.675067830286e-01   0.000000000000e+00   0.000000000000e+00   0.000000000000e+00   5.577825333286e-01   0.000000000000e+00   0.000000000000e+00   0.000000000000e+00   3.452440527672e-01   0.000000000000e+00  -5.205693081838e-05   0.000000000000e+00   3.182843637579e-01   0.000000000000e+00   0.000000000000e+00   0.000000000000e+00   0.000000000000e+00   0.000000000000e+00   0.000000000000e+00   0.000000000000e+00   4.395956994105e-02   0.000000000000e+00   0.000000000000e+00   0.000000000000e+00   0.000000000000e+00   0.000000000000e+00   0.000000000000e+00   4.391307910557e-02
   7.194213528220e-02   7.611738684957e-02   9.549526525494e-17  -1.291031969020e-20   0.000000000000e+00   4.176890115920e-01   1.765249529734e-16   0.000000000000e+00   0.000000000000e+00   8.034172688426e-01   0.000000000000e+00  -1.100984522748e-20   0.000000000000e+00   1.000000000000e+00   1.290917759689e-16  -7.879136716849e-21   0.000000000000e+00   0.000000000000e+00   0.000000000000e+00   0.000000000000e+00   0.000000000000e+00   0.000000000000e+00   6.839120878126e-02   8.195275438573e-02   5.351068281551e-02  -8.751928245808e-06   0.000000000000e+00   4.119004629162e-01   1.950803031638e-01  -3.190631712450e-05   0.000000000000e+00   7.153439880977e-01   4.589256132568e-01  -7.505948020200e-05   0.000000000000e+00   7.939695930227e-01   5.010391082119e-01  -8.194734383285e-05   0.000000000000e+00  -1.070447571167e-05   0.000000000000e+00  -1.889346154853e-02   0.000000000000e+00   3.272443358214e-02   1.040288220450e-01   2.735176265103e-01   5.051215773427e-01   6.062244621991e-01   9.196328032417e-02  -4.799419080253e-02   0.000000000000e+00   1.039831744382e-01   2.734157780235e-01   5.049915985603e-01   6.061395230172e-01   9.193701157701e-02   4.799270295099e-02   0.000000000000e+00
  -4.798674190255e-19  -9.203479994505e-18   5.657041005734e-02  -2.078822344633e-36   0.000000000000e+00   5.392021630909e-17   2.333933173537e-01   0.000000000000e+00   0.000000000000e+00   0.000000000000e+00   6.943342744408e-01   0.000000000000e+00   0.000000000000e+00   1.290917759689e-16   1.000000000000e+00  -1.017131751880e-36   0.000000000000e+00   0.000000000000e+00   0.000000000000e+00  -4.653978029136e-17   0.000000000000e+00   8.060926403774e-17  -8.854606870116e-02  -1.072703604372e-01   1.291547194936e-02   1.104000468907e-05   0.000000000000e+00  -4.666202097914e-01   7.217041044689e-02   3.614497610636e-05   0.000000000000e+00  -6.023823769717e-01   3.032174893392e-01   6.320666539546e-05   0.000000000000e+00  -3.607283925147e-01   5.253214972861e-01   3.723156890573e-05   0.000000000000e+00  -3.534918170089e-06   0.000000000000e+00  -3.463223091586e-02   0.000000000000e+00   5.998478557864e-02  -1.915522255175e-01  -4.273752021051e-01  -5.453837758892e-01  -3.563792157931e-01  -6.916267472262e-02   8.487641999790e-02   0.000000000000e+00  -1.914941665473e-01  -4.272740999871e-01  -5.453175084660e-01  -3.563776904513e-01  -6.917769940405e-02  -8.488531893612e-02   0.000000000000e+00
  -5.016257585903e-22   5.907102582147e-22  -2.078822344633e-36   5.657041005734e-02   0.000000000000e+00   0.000000000000e+00   0.000000000000e+00   2.333933173537e-01   0.000000000000e+00  -6.330234501889e-21   0.000000000000e+00   6.943342744408e-01   0.000000000000e+00  -7.879136716849e-21  -1.017131751880e-36   1.000000000000e+00   0.000000000000e+00   8.060926403774e-17   0.000000000000e+00   0.000000000000e+00   0.000000000000e+00   0.000000000000e+00   1.448213326660e-05   1.754458078371e-05   1.104000468907e-05   8.041581665099e-02   0.000000000000e+00   7.631796828715e-05   3.614497610636e-05   2.931665436121e-01   0.000000000000e+00   9.852252040909e-05   6.320666539546e-05   6.896730952736e-01   0.000000000000e+00   5.899885483426e-05   3.723156890573e-05   7.529612316610e-01   0.000000000000e+00   9.835651451427e-02   0.000000000000e+00   5.664267096215e-06   0.000000000000e+00   2.236255919044e-05   9.996809626332e-02   2.230404017973e-01   2.846272219560e-01   1.859887122397e-01   8.487641999790e-02   4.917621345615e-02   0.000000000000e+00  -9.996325195161e-02  -2.230444367028e-01  -2.846651283184e-01  -1.860352902799e-01  -8.488531893612e-02   4.912089270371e-02   0.000000000000e+00
   0.000000000000e+00   0.000000000000e+00   0.000000000000e+00   0.000000000000e+00   5.657041005734e-02   0.000000000000e+00   0.000000000000e+00   0.000000000000e+00   2.333933173537e-01   0.000000000000e+00   0.000000000000e+00   0.000000000000e+00   6.943342744408e-01   0.000000000000e+00   0.000000000000e+00   0.000000000000e+00   1.000000000000e+00   0.000000000000e+00   0.000000000000e+00   0.000000000000e+00   8.060926403774e-17   0.000000000000e+00   0.000000000000e+00   0.000000000000e+00   0.000000000000e+00   0.000000000000e+00   8.041581845663e-02   0.000000000000e+00   0.000000000000e+00   0.000000000000e+00   2.931665495238e-01   0.000000000000e+00   0.000000000000e+00   0.000000000000e+00   6.896731056113e-01   0.000000000000e+00   0.000000000000e+00   0.000000000000e+00   7.529612377504e-01   0.000000000000e+00  -1.608667896224e-05   0.000000000000e+00   9.835651656717e-02   0.000000000000e+00   0.000000000000e+00   0.000000000000e+00   0.000000000000e+00   0.000000000000e+00   0.000000000000e+00   0.000000000000e+00   9.347188322408e-02   0.000000000000e+00   0.000000000000e+00   0.000000000000e+00   0.000000000000e+00   0.000000000000e+00   0.000000000000e+00   9.343249068499e-02
  -8.737800361188e-36   0.000000000000e+00  -2.330877681114e-20  -1.241078738917e-18   0.000000000000e+00   0.000000000000e+00   0.000000000000e+00   4.853554818694e-16   0.000000000000e+00   0.000000000000e+00   0.000000000000e+00   0.000000000000e+00   0.000000000000e+00   0.000000000000e+00   0.000000000000e+00   8.060926403774e-17   0.000000000000e+00   1.000000000000e+00   0.000000000000e+00   0.000000000000e+00   0.000000000000e+00   0.000000000000e+00  -8.616374460674e-06  -9.153143694473e-06  -6.706902083200e-05  -6.468740649906e-02   0.000000000000e+00  -4.365959933186e-05  -7.370702301511e-05  -1.677132281502e-01   0.000000000000e+00  -1.072528807366e-05  -4.558767676298e-06  -7.507869705620e-02   0.000000000000e+00  -8.107145960887e-07   9.409103397892e-07  -1.034658486505e-02   0.000000000000e+00  -2.996692126416e-01   0.000000000000e+00   7.668636607696e-06   0.000000000000e+00  -1.399746775515e-04  -7.986716181704e-04  -2.028719181745e-02  -1.581322391386e-02  -2.522515960756e-03  -1.317261345553e-02   5.014170455259e-03   0.000000000000e+00   7.963853209911e-04   2.026857760910e-02   1.581319401168e-02   2.523353486459e-03   1.314702833099e-02   5.007561190317e-03   0.000000000000e+00
   0.000000000000e+00   0.000000000000e+00   0.000000000000e+00   0.000000000000e+00  -2.330877681114e-20   0.000000000000e+00   0.000000000000e+00   0.000000000000e+00   0.000000000000e+00   0.000000000000e+00   0.000000000000e+00   0.000000000000e+00   0.000000000000e+00   0.000000000000e+00   0.000000000000e+00   0.000000000000e+00   0.000000000000e+00   0.000000000000e+00   1.000000000000e+00   0.000000000000e+00   0.000000000000e+00   0.000000000000e+00   0.000000000000e+00   0.000000000000e+00   0.000000000000e+00   0.000000000000e+00   1.057993696674e-05   0.000000000000e+00   0.000000000000e+00   0.000000000000e+00   2.743030374839e-05   0.000000000000e+00   0.000000000000e+00   0.000000000000e+00   1.227948063740e-05   0.000000000000e+00   0.000000000000e+00   0.000000000000e+00   1.692233487577e-06   0.000000000000e+00   8.763893460921e-02   0.000000000000e+00   6.334610840545e-05   0.000000000000e+00   0.000000000000e+00   0.000000000000e+00   0.000000000000e+00   0.000000000000e+00   0.000000000000e+00   0.000000000000e+00   1.334344952324e-03   0.000000000000e+00   0.000000000000e+00   0.000000000000e+00   0.000000000000e+00   0.000000000000e+00   0.000000000000e+00  -1.331354858186e-03
   0.000000000000e+00   0.000000000000e+00   7.165371439991e-19   1.345732856639e-20   0.000000000000e+00   0.000000000000e+00  -2.802201181100e-16   0.000000000000e+00   0.000000000000e+00   0.000000000000e+00   0.000000000000e+00   0.000000000000e+00   0.000000000000e+00   0.000000000000e+00  -4.653978029136e-17   0.000000000000e+00   0.000000000000e+00   0.000000000000e+00   0.000000000000e+00   1.000000000000e+00   0.000000000000e+00   0.000000000000e+00  -1.520795076240e-02  -1.615535156487e-02  -9.970356076855e-02   1.630699448756e-05   0.000000000000e+00  -7.705944535904e-02  -8.167867977235e-02   1.335893894392e-05   0.000000000000e+00  -1.893019548782e-02   1.362710187540e-02  -2.228777723188e-06   0.000000000000e+00  -1.430915951477e-03   4.647513926284e-03  -7.601231429706e-07   0.000000000000e+00   7.668636607696e-06   0.000000000000e+00   1.011741329397e-01   0.000000000000e+00  -2.344363199969e-02  -5.621011980749e-04  -1.427802687202e-02  -1.112927003437e-02  -1.775334457173e-03  -8.733767281654e-03   4.558015893551e-03   0.000000000000e+00  -5.604104968888e-04  -1.426284908794e-02  -1.112762839784e-02  -1.775665301582e-03  -8.715855331704e-03  -4.549826546710e-03   0.000000000000e+00
   0.000000000000e+00   0.000000000000e+00   0.000000000000e+00   0.000000000000e+00  -1.241078738917e-18   0.000000000000e+00   0.000000000000e+00   0.000000000000e+00   4.853554818694e-16   0.000000000000e+00   0.000000000000e+00   0.000000000000e+00   0.000000000000e+00   0.000000000000e+00   0.000000000000e+00   0.000000000000e+00   8.060926403774e-17   0.000000000000e+00   0.000000000000e+00   0.000000000000e+00   1.000000000000e+00   0.000000000000e+00   0.000000000000e+00   0.000000000000e+00   0.000000000000e+00   0.000000000000e+00  -6.468741919891e-02   0.000000000000e+00   0.000000000000e+00   0.000000000000e+00  -1.677132446917e-01   0.000000000000e+00   0.000000000000e+00   0.000000000000e+00  -7.507869981018e-02   0.000000000000e+00   0.000000000000e+00   0.000000000000e+00  -1.034658498793e-02   0.000000000000e+00   6.334610840545e-05   0.000000000000e+00  -2.996692480681e-01   0.000000000000e+00   0.000000000000e+00   0.000000000000e+00   0.000000000000e+00   0.000000000000e+00   0.000000000000e+00   0.000000000000e+00  -2.556783161625e-03   0.000000000000e+00   0.000000000000e+00   0.000000000000e+00   0.000000000000e+00   0.000000000000e+00   0.000000000000e+00  -2.550404113207e-03
   0.000000000000e+00   0.000000000000e+00  -1.241078738917e-18   2.330877681114e-20   0.000000000000e+00   0.000000000000e+00   4.853554818694e-16   0.000000000000e+00   0.000000000000e+00   0.000000000000e+00   0.000000000000e+00   0.000000000000e+00   0.000000000000e+00   0.000000000000e+00   8.060926403774e-17   0.000000000000e+00   0.000000000000e+00   0.000000000000e+00   0.000000000000e+00   0.000000000000e+00   0.000000000000e+00   1.000000000000e+00   2.634094199024e-02   2.798188822745e-02   1.726916202468e-01  -4.940441482755e-05   0.000000000000e+00   1.334708674242e-01   1.414716067194e-01  -7.799896577742e-05   0.000000000000e+00   3.278805862794e-02  -2.360283556208e-02  -2.069860456904e-05   0.000000000000e+00   2.478418996723e-03  -8.049730372091e-03  -2.067895051422e-06   0.000000000000e+00  -1.399746775515e-04   0.000000000000e+00  -2.344363199969e-02   0.000000000000e+00   1.282444630925e-01   5.567736676250e-04   1.414270137693e-02   1.102378809412e-02   1.758508041553e-03   7.556375056424e-03  -6.612243298515e-03   0.000000000000e+00   5.549326045381e-04   1.412343279871e-02   1.101885821809e-02   1.758308554292e-03   7.538338962407e-03   6.597852444647e-03   0.000000000000e+00
   9.758754137472e-05   3.933544673786e-05  -1.571329509383e-03   2.569984607382e-07   0.000000000000e+00   1.138633585427e-02  -3.666260818458e-02   5.996345014730e-06   0.000000000000e+00   6.466418139240e-02  -1.382571505612e-01   2.261261859344e-05   0.000000000000e+00   6.839120878126e-02  -8.854606870116e-02   1.448213326660e-05   0.000000000000e+00  -8.616374460674e-06   0.000000000000e+00  -1.520795076240e-02   0.000000000000e+00   2.634094199024e-02   1.000000000000e+00   8.784438346368e-01   3.107512797602e-17   6.400454434789e-22   0.000000000000e+00   3.291794955376e-01   5.006649746286e-17   1.052179169631e-20   0.000000000000e+00   1.537612665257e-01   2.433804007614e-17  -5.894272643213e-21   0.000000000000e+00   6.556249676812e-02  -2.207495701190e-18  -2.018758954843e-22   0.000000000000e+00  -5.422862108827e-36   0.000000000000e+00   0.000000000000e+00   0.000000000000e+00   0.000000000000e+00   1.106129041573e-02   7.246460382732e-02   7.862357121058e-02   4.872343266561e-02   4.461633093020e-02  -7.192634061900e-02   0.000000000000e+00   1.100772814614e-02   7.233445750521e-02   7.857598731331e-02   4.871287696783e-02   4.447002982121e-02   7.171879050325e-02   0.000000000000e+00
   7.763736385557e-07  -2.217420235910e-06  -2.553832712194e-04   4.176915612529e-08   0.000000000000e+00   1.074889635232e-02  -3.971071033904e-02   6.494876708555e-06   0.000000000000e+00   7.730575296958e-02  -1.703067286910e-01   2.785448046741e-05   0.000000000000e+00   8.195275438573e-02  -1.072703604372e-01   1.754458078371e-05   0.000000000000e+00  -9.153143694473e-06   0.000000000000e+00  -1.615535156487e-02   0.000000000000e+00   2.798188822745e-02   8.784438346368e-01   1.000000000000e+00  -2.952108409191e-16   0.000000000000e+00   0.000000000000e+00   4.187995882560e-01   1.250948969680e-16  -3.054074633008e-20   0.000000000000e+00   1.871454501484e-01   0.000000000000e+00   0.000000000000e+00   0.000000000000e+00   7.831571041382e-02   7.040064897109e-18   1.341709863325e-23   0.000000000000e+00   0.000000000000e+00   0.000000000000e+00   0.000000000000e+00   0.000000000000e+00   0.000000000000e+00   9.889984655366e-03   8.675573666538e-02   9.444860704411e-02   5.806652051648e-02   5.342663975885e-02  -8.612950929191e-02   0.000000000000e+00   9.833344260290e-03   8.659414806852e-02   9.439069661868e-02   5.805387897183e-02   5.323696705768e-02   8.585761922779e-02   0.000000000000e+00
   3.812465364861e-03   2.629210331961e-03  -3.518612587149e-02   6.378095707389e-06   0.000000000000e+00   9.303838842741e-02  -2.118208151266e-01   4.162939705824e-05   0.000000000000e+00   1.393925057442e-01  -1.564359372403e-01   4.528475901481e-05   0.000000000000e+00   5.351068281551e-02   1.291547194936e-02   1.104000468907e-05   0.000000000000e+00  -6.706902083200e-05   0.000000000000e+00  -9.970356076855e-02   0.000000000000e+00   1.726916202468e-01   3.107512797602e-17  -2.952108409191e-16   1.000000000000e+00   0.000000000000e+00   0.000000000000e+00  -2.507064104715e-16   6.291202128136e-01  -3.416048280328e-35   0.000000000000e+00   0.000000000000e+00   2.202302509580e-01   0.000000000000e+00   0.000000000000e+00   1.903959230336e-17   5.734990148843e-02   0.000000000000e+00   0.000000000000e+00   0.000000000000e+00   0.000000000000e+00  -1.571770842039e-17   0.000000000000e+00   2.722386956267e-17  -5.380179874569e-02  -9.150920800103e-02  -3.518974660968e-02  -8.113925709691e-03  -1.904933824988e-02   1.750620616124e-01   0.000000000000e+00  -5.360326317567e-02  -9.139758048633e-02  -3.518387129948e-02  -8.115592470797e-03  -1.907980478329e-02  -1.747365164761e-01   0.000000000000e+00
  -6.235469546881e-07  -4.300199316797e-07   6.378095707389e-06   3.810565788870e-03   0.000000000000e+00  -1.521687365548e-05   4.162939705824e-05   4.270794009514e-02   0.000000000000e+00  -2.279831136677e-05   4.528475901481e-05   1.204422824090e-01   0.000000000000e+00  -8.751928245808e-06   1.104000468907e-05   8.041581665099e-02   0.000000000000e+00  -6.468740649906e-02   0.000000000000e+00   1.630699448756e-05   0.000000000000e+00  -4.940441482755e-05   6.400454434789e-22   0.000000000000e+00   0.000000000000e+00   1.000000000000e+00   0.000000000000e+00   6.120761974401e-20  -3.416048280328e-35   6.291202128136e-01   0.000000000000e+00   0.000000000000e+00   0.000000000000e+00   2.202302509580e-01   0.000000000000e+00  -2.084828290923e-20   0.000000000000e+00   5.734990148843e-02   0.000000000000e+00   2.722386956267e-17   0.000000000000e+00   0.000000000000e+00   0.000000000000e+00   0.000000000000e+00   8.673430606723e-02   1.475227193100e-01   5.672966934245e-02   1.308052392891e-02   1.750620616124e-01  -1.926762513665e-01   0.000000000000e+00  -8.644836123210e-02  -1.474009339269e-01  -5.674259057090e-02  -1.308837611674e-02  -1.747365164761e-01  -1.925378280545e-01   0.000000000000e+00
   0.000000000000e+00   0.000000000000e+00   0.000000000000e+00   0.000000000000e+00   3.810566832038e-03   0.000000000000e+00   0.000000000000e+00   0.000000000000e+00   4.270794690382e-02   0.000000000000e+00   0.000000000000e+00   0.000000000000e+00   1.204422898155e-01   0.000000000000e+00   0.000000000000e+00   0.000000000000e+00   8.041581845663e-02   0.000000000000e+00   1.057993696674e-05   0.000000000000e+00  -6.468741919891e-02   0.000000000000e+00   0.000000000000e+00   0.000000000000e+00   0.000000000000e+00   0.000000000000e+00   1.000000000000e+00   0.000000000000e+00   0.000000000000e+00   0.000000000000e+00   6.291202128136e-01   0.000000000000e+00   0.000000000000e+00   0.000000000000e+00   2.202302509580e-01   0.000000000000e+00   0.000000000000e+00   0.000000000000e+00   5.734990148843e-02   0.000000000000e+00   0.000000000000e+00   0.000000000000e+00   2.722386956267e-17   0.000000000000e+00   0.000000000000e+00   0.000000000000e+00   0.000000000000e+00   0.000000000000e+00   0.000000000000e+00   0.000000000000e+00   8.954268529819e-02   0.000000000000e+00   0.000000000000e+00   0.000000000000e+00   0.000000000000e+00   0.000000000000e+00   0.000000000000e+00   8.926750620759e-02
   2.329245287420e-02   2.368838879438e-02  -6.629149996201e-02   1.084229205175e-05   0.000000000000e+00   1.782848875654e-01  -2.703436296608e-01   4.421599434005e-05   0.000000000000e+00   3.863233227002e-01  -5.849442662375e-01   9.567043394974e-05   0.000000000000e+00   4.119004629162e-01  -4.666202097914e-01   7.631796828715e-05   0.000000000000e+00  -4.365959933186e-05   0.000000000000e+00  -7.705944535904e-02   0.000000000000e+00   1.334708674242e-01   3.291794955376e-01   4.187995882560e-01  -2.507064104715e-16   6.120761974401e-20   0.000000000000e+00   1.000000000000e+00   0.000000000000e+00   7.538566155915e-20   0.000000000000e+00   7.746967835845e-01   0.000000000000e+00   0.000000000000e+00   0.000000000000e+00   4.100964372946e-01  -3.811476731120e-17   9.305363113085e-21   0.000000000000e+00   0.000000000000e+00   0.000000000000e+00   0.000000000000e+00   0.000000000000e+00   0.000000000000e+00   1.822700958195e-01   4.191026713988e-01   4.598631081607e-01   3.132379826094e-01   2.015820497848e-01  -3.249720197338e-01   0.000000000000e+00   1.818841560785e-01   4.186060530912e-01   4.596258181667e-01   3.131740611671e-01   2.013058778880e-01   3.246549224582e-01   0.000000000000e+00
   6.820408889502e-02   7.197602293992e-02  -1.400872196635e-01   2.972389332141e-05   0.000000000000e+00   3.700159934855e-01  -3.912259625734e-01   9.176675206238e-05   0.000000000000e+00   4.253297694923e-01  -2.764983683707e-01   1.053301243494e-04   0.000000000000e+00   1.950803031638e-01   7.217041044689e-02   3.614497610636e-05   0.000000000000e+00  -7.370702301511e-05   0.000000000000e+00  -8.167867977235e-02   0.000000000000e+00   1.414716067194e-01   5.006649746286e-17   1.250948969680e-16   6.291202128136e-01  -3.416048280328e-35   0.000000000000e+00   0.000000000000e+00   1.000000000000e+00   0.000000000000e+00   0.000000000000e+00   0.000000000000e+00   6.534608721805e-01   0.000000000000e+00   0.000000000000e+00  -1.266294424720e-16   2.263653730943e-01  -2.873306948928e-36   0.000000000000e+00   0.000000000000e+00   0.000000000000e+00   0.000000000000e+00   0.000000000000e+00   0.000000000000e+00  -1.998577819264e-01  -2.570508570220e-01  -1.227807808967e-01  -3.306966351193e-02   7.793497168815e-02   3.010129604140e-01   0.000000000000e+00  -1.995160387051e-01  -2.568540280699e-01  -1.227689344823e-01  -3.307679271376e-02   7.763904777891e-02  -3.008454636141e-01   0.000000000000e+00
  -1.115510512430e-05  -1.177202298764e-05   2.972389332141e-05   4.164939201164e-02   0.000000000000e+00  -6.051788641814e-05   9.176675206238e-05   1.698505560344e-01   0.000000000000e+00  -6.956471918395e-05   1.053301243494e-04   3.675067658014e-01   0.000000000000e+00  -3.190631712450e-05   3.614497610636e-05   2.931665436121e-01   0.000000000000e+00  -1.677132281502e-01   0.000000000000e+00   1.335893894392e-05   0.000000000000e+00  -7.799896577742e-05   1.052179169631e-20  -3.054074633008e-20  -3.416048280328e-35   6.291202128136e-01   0.000000000000e+00   7.538566155915e-20   0.000000000000e+00   1.000000000000e+00   0.000000000000e+00   0.000000000000e+00   0.000000000000e+00   6.534608721805e-01   0.000000000000e+00   3.091539122851e-20  -2.873306948928e-36   2.263653730943e-01   0.000000000000e+00   0.000000000000e+00   0.000000000000e+00   0.000000000000e+00   0.000000000000e+00   0.000000000000e+00   3.221923138566e-01   4.143937233989e-01   1.979358697616e-01   5.331186658168e-02   3.010129604140e-01  -2.206103021615e-01   0.000000000000e+00  -3.217683693818e-01  -4.142398892719e-01  -1.979949086573e-01  -5.334441143159e-02  -3.008454636141e-01  -2.210052223544e-01   0.000000000000e+00
   0.000000000000e+00   0.000000000000e+00   0.000000000000e+00   0.000000000000e+00   4.164939687312e-02   0.000000000000e+00   0.000000000000e+00   0.000000000000e+00   1.698505710433e-01   0.000000000000e+00   0.000000000000e+00   0.000000000000e+00   3.675067830286e-01   0.000000000000e+00   0.000000000000e+00   0.000000000000e+00   2.931665495238e-01   0.000000000000e+00   2.743030374839e-05   0.000000000000e+00  -1.677132446917e-01   0.000000000000e+00   0.000000000000e+00   0.000000000000e+00   0.000000000000e+00   0.000000000000e+00   6.291202128136e-01   0.000000000000e+00   0.000000000000e+00   0.000000000000e+00   1.000000000000e+00   0.000000000000e+00   0.000000000000e+00   0.000000000000e+00   6.534608721805e-01   0.000000000000e+00   0.000000000000e+00   0.000000000000e+00   2.263653730943e-01   0.000000000000e+00   0.000000000000e+00   0.000000000000e+00   0.000000000000e+00   0.000000000000e+00   0.000000000000e+00   0.000000000000e+00   0.000000000000e+00   0.000000000000e+00   0.000000000000e+00   0.000000000000e+00   2.646550764583e-01   0.000000000000e+00   0.000000000000e+00   0.000000000000e+00   0.000000000000e+00   0.000000000000e+00   0.000000000000e+00   2.641816071922e-01
   5.061430721979e-02   5.347767650433e-02  -4.485918666918e-02   7.336934649993e-06   0.000000000000e+00   2.975894878003e-01  -1.795615481040e-01   2.936815047064e-05   0.000000000000e+00   5.800206077805e-01  -4.871849656396e-01   7.968143251721e-05   0.000000000000e+00   7.153439880977e-01  -6.023823769717e-01   9.852252040909e-05   0.000000000000e+00  -1.072528807366e-05   0.000000000000e+00  -1.893019548782e-02   0.000000000000e+00   3.278805862794e-02   1.537612665257e-01   1.871454501484e-01   0.000000000000e+00   0.000000000000e+00   0.000000000000e+00   7.746967835845e-01   0.000000000000e+00   0.000000000000e+00   0.000000000000e+00   1.000000000000e+00   0.000000000000e+00   0.000000000000e+00   0.000000000000e+00   7.744077347687e-01   0.000000000000e+00   0.000000000000e+00   0.000000000000e+00   0.000000000000e+00   0.000000000000e+00   0.000000000000e+00   0.000000000000e+00   0.000000000000e+00   2.637362280978e-01   5.751536114115e-01   7.536734933803e-01   6.285709871734e-01   1.154811510540e-01  -1.861680786521e-01   0.000000000000e+00   2.635270271271e-01   5.748011878345e-01   7.533970236586e-01   6.284604874751e-01   1.154438576058e-01   1.861814321197e-01   0.000000000000e+00
