ARMA_MAT_TXT_FN008
95 95
  -9.790215657281e+00  -1.220035098186e+01  -3.982359970622e-07  -6.909689144859e-07  -1.659430599713e-02  -4.493194341780e+00  -2.509341485956e-07  -6.800975146399e-07  -7.002635488443e-03  -2.022582330977e+00  -1.008239743504e-07  -2.882270060855e-07  -2.494601262321e-03  -8.523010486938e-01  -3.189508512385e-08  -8.725242919273e-08  -6.677329868077e-04  -4.692503997805e-07  -5.202336442296e-07   1.444050158568e-04  -2.864303297915e-07   4.364938011534e-07  -5.486113363883e-04  -4.215961075078e-04   3.734402403170e-03  -4.087744731161e-03   2.383086408484e-03  -2.971225437349e-02   6.207828754894e-02  -6.795184892415e-02   3.439800172766e-02  -5.182097383314e-01   8.662295866548e-01  -9.481880336878e-01   4.756678524635e-01  -8.401851264546e-01   8.551043324394e-01  -9.360102058534e-01   4.693388940234e-01   3.761480557679e-02   2.060238781715e-02   1.591096238185e-02  -1.882156944568e-02   3.405110998864e-03  -5.488092917052e-04  -4.217469322004e-04   1.673395329294e-03   5.279346768706e-03   2.383780710727e-03  -2.972065026480e-02   2.781751595466e-02   8.776101403438e-02   3.440908592330e-02  -5.182697104668e-01   3.880851808935e-01   1.224363853896e+00   4.757295146559e-01  -8.402193201742e-01   3.830719413399e-01   1.208547669020e+00   4.693642813355e-01  -2.176326857021e-02  -2.661002196909e-02   1.591490742777e-02  -8.434546112272e-03   3.088115213106e-02  -5.486240698768e-04  -4.216038159749e-04  -5.407347116218e-03  -1.190331485225e-03   2.383163993005e-03  -2.971267711868e-02  -8.988791343720e-02  -1.978701334842e-02   3.439908003003e-02  -5.182127109493e-01  -1.254267994564e+00  -2.761015831603e-01   4.756782446593e-01  -8.401868481945e-01  -1.238154478109e+00  -2.725545488681e-01   4.693474063900e-01  -1.585963517216e-02   5.999353720687e-03   1.591089387403e-02   2.725369453223e-02  -3.427781768590e-02  -1.337082519591e-01  -9.732965712084e-01  -1.036709078864e+00  -6.350079831827e-01  -3.741432330722e-05  -1.849672308703e-05  -1.144164263746e+00
  -1.220035098186e+01  -9.005128837596e+00  -4.799570898398e-07  -1.111772322274e-06  -1.515584588677e-02  -4.039041547528e+00  -1.594236789631e-07  -6.848693657226e-07  -1.217535886960e-03  -1.905936252154e+00   3.782747894951e-08  -1.274633004856e-07   2.604745162019e-03  -8.138746685102e-01   4.012415592781e-08  -1.309250884148e-08   1.840234378467e-03  -4.706489848273e-07  -6.156766954828e-07  -2.743471424226e-03  -4.565579393503e-07   4.565263917121e-07  -3.101980579619e-04  -2.888564434881e-04   4.502767333955e-03  -4.928772676332e-03   2.381323929047e-03  -3.158458299352e-02   7.476069575718e-02  -8.183414830014e-02   4.097484685370e-02  -5.019535560840e-01   8.205196969503e-01  -8.981532301180e-01   4.511864977297e-01  -7.996651341167e-01   8.075039737604e-01  -8.839060010254e-01   4.449944030301e-01   4.637881538192e-02   2.549509040575e-02   1.953688540247e-02  -2.329136828499e-02   4.198473866454e-03  -3.102408728551e-04  -2.888957287974e-04   2.017428049001e-03   6.364716863101e-03   2.381770020847e-03  -3.159412980404e-02   3.350048697210e-02   1.056901052420e-01   4.098806831354e-02  -5.020100883162e-01   3.676051401187e-01   1.159751628935e+00   4.512433693562e-01  -7.996972614040e-01   3.617476815345e-01   1.141271942921e+00   4.450182160629e-01  -2.683549346087e-02  -3.293126980801e-02   1.954284215565e-02  -1.043818708817e-02   3.807841192393e-02  -3.101993213432e-04  -2.888576889255e-04  -6.519837779340e-03  -1.435203518628e-03   2.381350331154e-03  -3.158504771150e-02  -1.082516929356e-01  -2.382939611204e-02   4.097609293891e-02  -5.019563695025e-01  -1.188081556336e+00  -2.615319601944e-01   4.511962834288e-01  -7.996667590118e-01  -1.169231044742e+00  -2.573824141670e-01   4.450024546807e-01  -1.955488419248e-02   7.424111486695e-03   1.953685139627e-02   3.372606277851e-02  -4.226444891491e-02  -1.575470863677e-01  -9.357603235901e-01  -9.889252945915e-01  -6.080164366840e-01  -3.693394478744e-05  -1.826411557548e-05  -1.128378577511e+00
  -3.982359970622e-07  -4.799570898398e-07   8.217198532794e-01  -4.620855195409e-06  -3.842853250681e-06  -2.105061492423e-06  -5.260186061535e-01  -6.232396955966e-06  -5.168520704772e-06  -9.486899406673e-07  -4.387090308278e-01  -2.310902005766e-06  -2.764319301679e-06  -1.138788562695e-07  -1.389463773774e-01  -4.393021857287e-07  -8.841469625224e-07   6.613054638814e-02  -3.582728808481e-06   4.540513398366e-06  -9.878704013753e-02   8.699973390111e-02  -1.536341126562e-02  -1.408456969547e-02   6.360183000590e-02  -1.026737238515e-01   5.174992970073e-02  -1.534769038428e-01   1.233499925592e-01  -2.286174798938e-01   1.149024405487e-01  -1.875194162692e-01   2.055214473726e-02  -2.263554046150e-01   1.125698234386e-01  -1.013891497385e-01  -1.017150958520e-01  -1.015970033532e-01   4.982835949412e-02   1.014154813086e-01   8.603961092282e-02   3.674208907340e-02  -5.109171746816e-02   6.562735406220e-02  -6.884971371373e-03  -6.311966627436e-03  -1.137716181535e-02   5.939720247627e-02   2.318759601005e-02  -6.876504476993e-02  -4.360357331433e-02   1.322479724759e-01   5.148115662875e-02  -8.401115703485e-02  -1.447525451660e-01   1.309303598869e-01   5.043257027728e-02  -4.542168608614e-02  -1.759107466649e-01   5.876346241041e-02   2.232252473774e-02   3.174857928973e-02  -4.977287262440e-02   1.645864773669e-02   1.174046219495e-02   8.097352022576e-02   2.224595307308e-02   2.039422510404e-02   1.664612017778e-01   4.329061923651e-02  -7.493261796288e-02   2.222295234798e-01   3.523791396359e-01   9.639210104191e-02  -1.663763625575e-01   2.715205248633e-01   2.473117911629e-01   9.543719451263e-02  -1.629995786708e-01   1.468065000750e-01   6.153163048868e-05   4.283496768493e-02  -7.215206904286e-02   7.986476746940e-02  -3.627742559135e-02  -5.319911400691e-02  -1.372884664282e-01   1.336296550028e-01   1.288961302415e-05   1.273454427082e-05   5.709446174058e-06   1.460740775562e-06  -1.745699473705e-01  -3.831618626268e-07   1.414126594905e-05
  -6.909689144859e-07  -1.111772322274e-06  -4.620855195409e-06   8.217102777401e-01  -6.042543252875e-06  -9.422891298825e-06  -6.232517184215e-06  -5.260306609343e-01  -7.854363967030e-06  -5.852606063918e-06  -2.310980108562e-06  -4.387131392685e-01  -3.290566013132e-06  -2.517032558285e-06  -4.393292519284e-07  -1.389472674899e-01  -8.636360555912e-07  -8.700596844657e-02  -9.879297012629e-02   4.940421285059e-06  -3.582812765848e-06   6.614420163273e-02   1.681704019601e-02   1.541719873272e-02  -1.026742114633e-01   8.219183803356e-02  -5.664560178389e-02   1.679983324481e-01  -2.286180631701e-01   1.647425345576e-01  -1.257732320650e-01   2.052606503599e-01  -2.263535451478e-01   6.153188619514e-02  -1.232205064155e-01   1.109795812103e-01  -1.015940945747e-01  -8.332477448009e-02  -5.454331279018e-02  -1.211891610006e-01  -6.666943987067e-02  -4.021845023467e-02   8.603964113189e-02   4.059676061035e-02  -2.172132280628e-02  -1.991356235230e-02   5.939772756734e-02   1.571884821579e-01   7.315396784036e-02  -2.169463256856e-01   1.322486647733e-01   3.317066883884e-01   1.624170005481e-01  -2.650453528004e-01   1.309303258711e-01   2.268163064441e-01   1.591097118715e-01  -1.433005339260e-01   5.876365585135e-02  -9.143907763175e-03   7.042693311863e-02  -1.058618122157e-01  -1.295109663616e-01   5.192506663366e-02  -4.977297231485e-02   1.102678049594e-01   4.896995336465e-03   4.489372642809e-03   4.329058087384e-02  -2.066811388176e-02  -1.649450526309e-02   4.891926440329e-02   9.639199455624e-02  -6.428872988200e-02  -3.662390282211e-02   5.976910777820e-02   9.543536920594e-02  -1.652303077635e-01  -3.588070935123e-02   3.231461110090e-02   4.283186552605e-02  -1.851022891124e-01  -1.588250761556e-02  -5.318002716437e-02   1.952585637864e-02  -1.171072450714e-02  -3.627735686921e-02   6.215533085135e-02   6.616394596794e-06   5.277482285853e-06   5.387375518582e-07  -1.015699433043e-06  -3.832129027219e-07  -1.745697353468e-01   6.346491180665e-06
  -1.659430599713e-02  -1.515584588677e-02  -3.842853250681e-06  -6.042543252875e-06   7.667026512798e-01   5.263654570555e-03  -5.152557067373e-06  -7.712028001248e-06  -5.768742331425e-01   2.240799098678e-02  -2.969148278841e-06  -3.088292009182e-06  -4.945791518065e-01   2.838733533017e-02  -1.112981733710e-06  -8.351081325947e-07  -1.731867953724e-01  -4.327110276700e-06  -4.738747049399e-06   1.098491411220e-01   3.212116844010e-06   2.508797743422e-06  -8.514856579097e-03  -7.905567927883e-03   5.296117247034e-02  -5.797122165235e-02   5.883010885483e-03  -8.774159904465e-02   1.165786094392e-01  -1.276077125110e-01  -1.509595223056e-02  -1.030787011389e-01   1.154139728607e-01  -1.263347282902e-01  -1.298595712237e-01  -4.592319794888e-02   4.574495740270e-02  -5.007515056609e-02  -1.909228255130e-01   8.741538141799e-02  -9.407600298404e-03   7.086646898152e-02   8.594497837520e-03   7.913367499509e-03  -8.518302276341e-03  -7.908850261889e-03   2.373031937800e-02   7.486533414114e-02   5.883750356000e-03  -8.775869304734e-02   5.223227029825e-02   1.647855882680e-01  -1.509888347250e-02  -1.030913126957e-01   5.170673329522e-02   1.631296739377e-01  -1.298680765666e-01  -4.592719857807e-02   2.049302807023e-02   6.465536063389e-02  -1.909284651314e-01  -5.056886179807e-02   1.214825517264e-02   7.087698093011e-02   3.850669458701e-03   7.175509087546e-02  -8.515178234798e-03  -7.905882302243e-03  -7.668755000865e-02  -1.688092996639e-02   5.884658779013e-03  -8.774427898317e-02  -1.688047052760e-01  -3.715859607126e-02  -1.509342206249e-02  -1.030805469267e-01  -1.671176410393e-01  -3.678785012040e-02  -1.298589168066e-01  -4.592339038416e-02  -6.623935963477e-02  -1.458195812413e-02  -1.909234142781e-01  -3.685751655399e-02  -2.738978476104e-03   7.086754924827e-02  -1.244255304466e-02  -7.966104737879e-02   4.458280870354e-01   4.288289419227e-01   2.086802730086e-01   7.294696099561e-02   1.486354976404e-05   7.589282742637e-06   2.611046064504e-01
  -4.493194341780e+00  -4.039041547528e+00  -2.105061492423e-06  -9.422891298825e-06   5.263654570555e-03  -2.402890219128e+00  -5.184981483107e-06  -1.942731822197e-05  -4.299422690887e-02  -1.711907858172e+00  -2.708435108545e-06  -1.002505761202e-05  -3.719498018445e-02  -9.324896352737e-01  -5.819054817678e-07  -2.845566824028e-06  -5.272194165323e-03  -1.725882654499e-05  -1.933741783061e-05   5.654507017606e-02  -1.108434087378e-05   1.577544981155e-05  -3.259467575031e-01  -3.112078746103e-01   1.711818725472e-01  -1.873779889957e-01   9.057908889441e-02  -4.697874510044e-01   2.658518922779e-01  -2.910051826356e-01   1.426644446882e-01  -7.069364826647e-01   6.482418981945e-01  -7.095772606627e-01   3.536814903376e-01  -8.833137088867e-01   7.232339992246e-01  -7.916668060837e-01   3.883440528904e-01   9.365114637055e-02   5.205790576903e-02   3.927074145963e-02  -4.755815363870e-02   8.477838222926e-03  -3.260041001905e-01  -3.112623720546e-01   7.669323232653e-02   2.419580416611e-01   9.059208606281e-02  -4.698488333324e-01   1.191066935326e-01   3.757674026239e-01   1.426837954876e-01  -7.070026161812e-01   2.904146366923e-01   9.162261098965e-01   3.537173880559e-01  -8.833501973715e-01   3.239937958602e-01   1.022164542702e+00   3.883628524197e-01  -5.417395322767e-02  -6.722423781344e-02   3.927252624165e-02  -2.130800430791e-02   7.687042243402e-02  -3.259496010930e-01  -3.112105767609e-01  -2.478648761970e-01  -5.456228734522e-02   9.058073244813e-02  -4.697903709571e-01  -3.849434452612e-01  -8.473737765711e-02   1.426671291708e-01  -7.069397960579e-01  -9.386294731517e-01  -2.066209927396e-01   3.536896681625e-01  -8.833156248577e-01  -1.047213303982e+00  -2.305249117265e-01   3.883522924944e-01  -3.948603606552e-02   1.515895588231e-02   3.927016642403e-02   6.886359429450e-02  -8.534200189991e-02  -4.561737338633e-01  -9.259129130963e-01  -1.033002671487e+00  -7.184139575905e-01  -2.219441396495e-05  -1.159787943418e-05  -6.825883414756e-01
  -2.509341485956e-07  -1.594236789631e-07  -5.260186061535e-01  -6.232517184215e-06  -5.152557067373e-06  -5.184981483107e-06  -4.892766902115e-01  -1.794379700931e-05  -1.175694366411e-05  -5.968549102732e-06  -6.793327956121e-01  -1.284318699185e-05  -8.553839040615e-06  -3.270946450155e-06  -3.106612673836e-01  -4.224054653286e-06  -3.014396398481e-06   2.312362093242e-01  -1.355385929128e-05   1.294309897924e-05  -3.302034585255e-01   3.042058034651e-01  -6.785516819916e-01  -6.455736920687e-01   1.153836261168e-01  -2.985795632534e-01   1.505425272822e-01  -6.682698971729e-01   7.101420754330e-02  -2.901285908683e-01   1.460625264998e-01  -4.660421571968e-01  -4.883976574524e-02  -1.900897850412e-01   9.154641926981e-02  -2.324751407642e-01  -2.222963572761e-01  -1.060257195043e-01   4.765691363622e-02   9.731599285454e-04   2.285447619478e-02  -3.619689938778e-03  -3.607054000738e-04   4.225750152425e-02  -3.040208692162e-01  -2.892449340743e-01  -1.026641164601e-01   1.727135196222e-01   6.744750296067e-02  -2.994011826522e-01  -1.408629999932e-01   1.678206013852e-01   6.543857717095e-02  -2.087948699150e-01  -1.876614109014e-01   1.099524158617e-01   4.101345796742e-02  -1.041517377795e-01  -2.997259666737e-01   6.132322732354e-02   2.134943334412e-02   4.309282899684e-02  -1.321990915470e-02  -1.622140492222e-03   1.632950800405e-02   3.298778459589e-02   9.825203564926e-01   9.347692679326e-01   4.144998087894e-01   1.258898390484e-01  -2.179826976076e-01   9.676305565169e-01   3.616635146339e-01   1.223267631297e-01  -2.114952186374e-01   6.748102727304e-01   1.415861792977e-01   8.014544588456e-02  -1.325590060598e-01   3.366096584371e-01  -1.160926528966e-01   4.469686609225e-02  -6.901014972631e-02   1.400459036149e-02  -9.636304088390e-03   5.241650355969e-03  -2.325643581553e-02   1.144576349275e-03   1.376692783248e-05   1.407564873300e-05   7.831176741492e-06   1.131654726513e-06  -6.022087908283e-02  -5.614959809573e-07   1.145959683571e-06
  -6.800975146399e-07  -6.848693657226e-07  -6.232396955966e-06  -5.260306609343e-01  -7.712028001248e-06  -1.942731822197e-05  -1.794379700931e-05  -4.893081198502e-01  -1.984631448710e-05  -1.898083417506e-05  -1.284320803273e-05  -6.793515779890e-01  -1.329794726599e-05  -9.972236959878e-06  -4.224071757683e-06  -3.106669089336e-01  -4.333358697097e-06  -3.042246337717e-01  -3.302251454859e-01   1.417849037062e-05  -1.355390903787e-05   2.312772695018e-01   7.427528953545e-01   7.066546886245e-01  -2.985800234418e-01   1.694428418721e-01  -1.647854212005e-01   7.314984440924e-01  -2.901289870220e-01   1.235435943260e-01  -1.598814457543e-01   5.101341325701e-01  -1.900847126263e-01  -1.442986010635e-02  -1.002083939597e-01   2.544610888279e-01  -1.060151543031e-01  -2.031168196253e-01  -5.216786542419e-02  -8.669120012618e-03  -4.498677396936e-03   3.962167929596e-03   2.285440590342e-02   3.773941220961e-02  -9.591506925661e-01  -9.125343296677e-01   1.727141419097e-01   3.874842104689e-01   2.127887317034e-01  -9.445769727623e-01   1.678214632101e-01   3.353999876648e-01   2.064509587145e-01  -6.587216293336e-01   1.099508079598e-01   1.243689729196e-01   1.293940527650e-01  -3.285812461423e-01   6.132067445563e-02  -1.257007890312e-01   6.735853388787e-02  -1.793991898715e-02  -2.118776814927e-02  -5.117709664958e-03  -1.322003202993e-02  -4.382005587282e-03   2.162818222183e-01   2.057703910511e-01   1.258896769914e-01  -1.296769981966e-01  -4.798407019256e-02   2.130039715520e-01   1.223262974128e-01  -1.671101514519e-01  -4.655586740818e-02   1.485445347794e-01   8.014198158045e-02  -2.048564566939e-01  -2.917995923856e-02   7.409273619604e-02   4.468885420640e-02  -3.093194964224e-01  -1.519138706704e-02  -4.977956390408e-02   1.839734979430e-02   1.153829369383e-03  -9.636110967006e-03   2.471035204199e-02   6.770062895131e-06   4.509900705202e-06  -2.685835913776e-06  -5.065827625106e-06  -5.615723976778e-07  -6.021976932328e-02  -4.296048255631e-07
  -7.002635488443e-03  -1.217535886960e-03  -5.168520704772e-06  -7.854363967030e-06  -5.768742331425e-01  -4.299422690887e-02  -1.175694366411e-05  -1.984631448710e-05  -4.203421093522e-01  -9.614461412287e-02  -8.839831015813e-06  -1.321245343075e-05  -5.728583143057e-01  -5.725827105802e-02  -3.324796584637e-06  -4.379623626669e-06  -2.799961297420e-01  -1.434747006750e-05  -1.599969854099e-05   2.691455741375e-01   5.534737936614e-06   1.020072596211e-05  -3.731155937024e-01  -3.550948769233e-01   1.508634535814e-01  -1.651364769430e-01  -6.652187138816e-02  -3.704891062414e-01   1.466606262819e-01  -1.605359377889e-01  -1.061979434961e-01  -2.614513213548e-01   1.052365140983e-01  -1.151965548901e-01  -1.611535934357e-01  -1.614024237278e-01   9.101498461424e-02  -9.963417032391e-02  -2.406498700604e-01   2.451363562210e-02  -3.058673666369e-02   3.636775054795e-02   2.794295441634e-02   2.219174002383e-03  -3.731866395306e-01  -3.551620392929e-01   6.759135174061e-02   2.132415919234e-01  -6.652931538821e-02  -3.705433086208e-01   6.570672631726e-02   2.072956600725e-01  -1.062070310672e-01  -2.614847120805e-01   4.714605729373e-02   1.487437886215e-01  -1.611621631994e-01  -1.614165571664e-01   4.077158895734e-02   1.286369668413e-01  -2.406559834369e-01  -1.417985163073e-02   3.949250687256e-02   3.637007342441e-02   1.251795821494e-02   2.012062128390e-02  -3.731248811994e-01  -3.551037078649e-01  -2.184485861714e-01  -4.808676260901e-02  -6.651870267018e-02  -3.704981582418e-01  -2.123627539760e-01  -4.674709704779e-02  -1.061949698338e-01  -2.614558405423e-01  -1.523806587371e-01  -3.354456181723e-02  -1.611542964883e-01  -1.614026657499e-01  -1.317910684005e-01  -2.901423699058e-02  -2.406515531987e-01  -1.033587965167e-02  -8.906409495408e-03   3.636836396096e-02  -4.045968918357e-02  -2.233907498234e-02   4.892204035911e-01   4.287527368887e-01   2.020460357197e-01   3.875939572523e-02   1.048448391030e-06   1.303013127971e-06  -4.713553811335e-02
  -2.022582330977e+00  -1.905936252154e+00  -9.486899406673e-07  -5.852606063918e-06   2.240799098678e-02  -1.711907858172e+00  -5.968549102732e-06  -1.898083417506e-05  -9.614461412287e-02  -1.489435071865e+00  -4.291086315515e-06  -7.205418294311e-06  -1.792773234823e-01  -9.416914454847e-01  -1.101317507875e-06  -3.070400735714e-07  -7.930050329146e-02  -2.175536557570e-05  -2.314348086062e-05   1.241267549956e-01  -1.334488624640e-05   1.794315758455e-05  -1.028086757930e+00  -9.723083540853e-01   1.353016336232e-01  -1.481033057433e-01   7.012052568907e-02  -9.598365809526e-01   1.935599688534e-01  -2.118738792751e-01   1.025475045010e-01  -8.855827973590e-01   4.397455038760e-01  -4.813547409687e-01   2.341912464316e-01  -9.063743567767e-01   5.878245082908e-01  -6.434458701444e-01   2.689687545062e-01   6.499311364928e-02   3.679800455221e-02   2.694768626698e-02  -3.361730094031e-02   5.883556070788e-03  -1.028144106387e+00  -9.723624659832e-01   6.061364326443e-02   1.912286441853e-01   7.012520785015e-02  -9.598895169907e-01   8.671548545618e-02   2.735766383904e-01   1.025577071584e-01  -8.856327884759e-01   1.970050792436e-01   6.215318961434e-01   2.342127451765e-01  -9.064025111375e-01   2.633306391053e-01   8.307866238161e-01   2.689811847340e-01  -3.759675775082e-02  -4.751918302914e-02   2.694922642534e-02  -1.506211498432e-02   5.334810436868e-02  -1.028089609816e+00  -9.723110423393e-01  -1.959110523798e-01  -4.312601312173e-02   7.012144922322e-02  -9.598391309514e-01  -2.802671740498e-01  -6.169547035286e-02   1.025491479463e-01  -8.855852388945e-01  -6.367346346867e-01  -1.401648730380e-01   2.341973801297e-01  -9.063751615033e-01  -8.511461138254e-01  -1.873626810381e-01   2.689762071064e-01  -2.740300854684e-02   1.071536241233e-02   2.694728736211e-02   4.867744608055e-02  -5.922665916219e-02  -4.375697503749e-01  -7.233930905593e-01  -9.039943990297e-01  -7.222549401177e-01  -1.560267467163e-05  -8.207841919586e-06  -4.875251004497e-01
  -1.008239743504e-07   3.782747894951e-08  -4.387090308278e-01  -2.310980108562e-06  -2.969148278841e-06  -2.708435108545e-06  -6.793327956121e-01  -1.284320803273e-05  -8.839831015813e-06  -4.291086315515e-06  -7.249650486774e-01  -1.089229129745e-05  -7.493113084712e-06  -2.298030231266e-06  -3.675262122634e-01  -3.525368555370e-06  -2.752762100652e-06   2.220445974624e-01  -1.117575142476e-05   1.034317921626e-05  -3.202488538238e-01   2.921068935658e-01  -1.227523386261e+00  -1.159049068531e+00  -8.201996921668e-02  -1.694452466715e-01   8.670890022221e-02  -1.007382999079e+00  -7.750405820815e-02  -1.819573570428e-01   9.327159835029e-02  -6.362986774365e-01  -7.927458549229e-02  -1.107687245016e-01   5.233803260519e-02  -2.938120608574e-01  -2.526772069465e-01  -3.599948617887e-02   1.052526526176e-02   1.741488453879e-02   2.552683899842e-02   4.591175649302e-03  -8.426876564007e-03   3.125487814808e-02  -5.499176073240e-01  -5.192417799716e-01  -2.057651326580e-01   9.800813661671e-02   3.884528021895e-02  -4.512961305881e-01  -2.103861598652e-01   1.052468801518e-01   4.178600695906e-02  -2.850539695906e-01  -1.601699220635e-01   6.407028350905e-02   2.344715797520e-02  -1.316241941004e-01  -2.789696150951e-01   2.082131959419e-02   4.714282044930e-03   2.599438836806e-02  -1.476679518360e-02   2.056424275975e-03   1.021480656597e-02   2.936956623694e-02   1.777402502318e+00   1.678254545482e+00   8.772836593850e-02   7.144277429690e-02  -1.255521698822e-01   1.458648233964e+00   1.047789800856e-01   7.671855509678e-02  -1.350548023642e-01   9.213328792635e-01   3.168926689472e-02   4.670220900805e-02  -7.578602304958e-02   4.254235303189e-01  -2.166221389477e-01   1.517345427076e-02  -1.524450661226e-02   2.006997958849e-02  -1.076307806728e-02  -6.647275578537e-03  -3.400018664886e-02   2.288060676124e-02   1.187680956385e-05   1.083450486782e-05   7.673310100858e-06   2.276576055470e-06  -3.404955897984e-02  -1.899989478405e-07   7.342668058583e-06
  -2.882270060855e-07  -1.274633004856e-07  -2.310902005766e-06  -4.387131392685e-01  -3.088292009182e-06  -1.002505761202e-05  -1.284318699185e-05  -6.793515779890e-01  -1.321245343075e-05  -7.205418294311e-06  -1.089229129745e-05  -7.249710911311e-01  -8.585767183988e-06  -5.975363741428e-07  -3.525373712517e-06  -3.675250565738e-01  -2.096063912437e-06  -2.921215095101e-01  -3.202645639517e-01   8.306155382109e-06  -1.117577591037e-05   2.220711055510e-01   1.343665564756e+00   1.268712542510e+00  -1.694453902374e-01  -5.134146931375e-02  -9.491247657070e-02   1.102696480118e+00  -1.819573359294e-01  -4.455998282584e-02  -1.020960308563e-01   6.965003000089e-01  -1.107652111658e-01  -5.922320325031e-02  -5.729073680016e-02   3.216059215600e-01  -3.599377371231e-02  -2.461670192372e-01  -1.152407388963e-02  -2.441420573031e-02  -1.304861965712e-02  -5.025583735193e-03   2.552677091044e-02   2.490271052716e-02  -1.734926422471e+00  -1.638147729375e+00   9.800855511934e-02   7.237459860565e-02   1.225518080513e-01  -1.423787574324e+00   1.052475060294e-01   8.829679357767e-02   1.318295144882e-01  -8.993098705515e-01   6.406829959356e-02   2.164934361311e-02   7.397433975260e-02  -4.152483477011e-01   2.081621858254e-02  -2.198932768348e-01   1.487624496595e-02  -2.630448765055e-02  -3.169233435279e-02   6.487834662278e-03  -1.476687426497e-02   1.632429696666e-02   3.912589130041e-01   3.694335117812e-01   7.144249941328e-02  -2.210932507760e-01  -2.763765252599e-02   3.210914341516e-01   7.671790808621e-02  -2.268465681941e-01  -2.972939564353e-02   2.028121468306e-01   4.670067964285e-02  -1.701867791616e-01  -1.668286504356e-02   9.364806413402e-02   1.517284302510e-02  -2.822194571460e-01  -3.356812067206e-03  -3.278603953746e-02   1.252449479340e-02  -1.463254975235e-03  -1.076293091360e-02   2.225036740273e-02   5.504614500722e-06   4.030101016725e-06   2.878901014438e-06   1.953138629136e-06  -1.900538960923e-07  -3.404828344629e-02   3.204256732789e-06
  -2.494601262321e-03   2.604745162019e-03  -2.764319301679e-06  -3.290566013132e-06  -4.945791518065e-01  -3.719498018445e-02  -8.553839040615e-06  -1.329794726599e-05  -5.728583143057e-01  -1.792773234823e-01  -7.493113084712e-06  -8.585767183988e-06  -4.416833330651e-01  -1.512634428653e-01  -2.894881977702e-06  -2.178222711129e-06  -2.287866710648e-01  -1.170306151175e-05  -1.174402212301e-05   2.177312438861e-01   4.193954112888e-06   7.469895812824e-06  -6.749582233728e-01  -6.373958785761e-01   8.588525288531e-02  -9.401088884403e-02  -1.815807902721e-01  -5.559405011916e-01   9.191971366791e-02  -1.006163268966e-01  -1.851496310981e-01  -3.543698064794e-01   6.420030148425e-02  -7.027728321258e-02  -1.343283778597e-01  -2.259524739331e-01   8.427570167311e-02  -9.225558804728e-02  -1.510394597057e-01   2.670168638770e-02  -1.719875414717e-02   2.956896382477e-02   1.571208287637e-02   2.417224555519e-03  -6.750049565740e-01  -6.374399397884e-01   3.847624050210e-02   1.213870613264e-01  -1.815881930044e-01  -5.559777921716e-01   4.118039032886e-02   1.299181486251e-01  -1.851568912207e-01  -3.543923524445e-01   2.876083548105e-02   9.074088161270e-02  -1.343348765923e-01  -2.259621676355e-01   3.775137323178e-02   1.191109560115e-01  -1.510424878015e-01  -1.544651576943e-02   2.220657076656e-02   2.957234557323e-02   7.038831234217e-03   2.191797957538e-02  -6.749709365722e-01  -6.374078879575e-01  -1.243604926515e-01  -2.737546664991e-02  -1.815791266730e-01  -5.559513537963e-01  -1.330984835828e-01  -2.929903505760e-02  -1.851478838532e-01  -3.543753176194e-01  -9.296063640331e-02  -2.046406307149e-02  -1.343293388151e-01  -2.259527679803e-01  -1.220305424556e-01  -2.686375984608e-02  -1.510411510434e-01  -1.125842332048e-02  -5.008016449343e-03   2.956943609082e-02  -2.274990401468e-02  -2.433307098596e-02   4.140023630131e-01   2.938349248178e-01   5.793220404821e-02  -5.031500855145e-02   7.376580521840e-06   4.484375703060e-06   1.763753962147e-01
  -8.523010486938e-01  -8.138746685102e-01  -1.138788562695e-07  -2.517032558285e-06   2.838733533017e-02  -9.324896352737e-01  -3.270946450155e-06  -9.972236959878e-06  -5.725827105802e-02  -9.416914454847e-01  -2.298030231266e-06  -5.975363741428e-07  -1.512634428653e-01  -6.121285293993e-01  -3.963048660306e-07   2.031667713458e-06  -7.168873175672e-02  -1.308404853020e-05  -1.381446169278e-05   8.453967854534e-02  -8.306209308205e-06   1.020852105566e-05  -7.996640691705e-01  -7.570252088718e-01   3.349215209729e-02  -3.666115041712e-02   1.406266471946e-02  -7.665479409189e-01   7.006388349622e-02  -7.669325398332e-02   3.444610165313e-02  -6.508885199119e-01   2.295306940103e-01  -2.512495574618e-01   1.214527489258e-01  -6.062664025355e-01   3.625405175331e-01  -3.968441216865e-01   1.542341796167e-01   2.721140708708e-02   1.604243117657e-02   1.093137163059e-02  -1.465579704795e-02   2.463342026040e-03  -7.996779734722e-01  -7.570383531458e-01   1.500371461284e-02   4.733459991762e-02   1.406299498300e-02  -7.665641982777e-01   3.138871872356e-02   9.902714915445e-02   3.444933385148e-02  -6.509083783555e-01   1.028284815511e-01   3.244145914949e-01   1.214629938406e-01  -6.062793905585e-01   1.624087006738e-01   5.123886176166e-01   1.542413495779e-01  -1.574103258936e-02  -2.071639267056e-02   1.093193286674e-02  -6.566462686420e-03   2.233581216928e-02  -7.996647710585e-01  -7.570258687848e-01  -4.849512760359e-02  -1.067542659678e-02   1.406256707076e-02  -7.665486947721e-01  -1.014497071995e-01  -2.233246660356e-02   3.444642763515e-02  -6.508895111002e-01  -3.323515326373e-01  -7.316084622764e-02   1.214561212274e-01  -6.062665340706e-01  -5.249433897226e-01  -1.155543745681e-01   1.542390537536e-01  -1.147313493105e-02   4.671457127042e-03   1.093117547190e-02   2.122141928843e-02  -2.479709087040e-02  -2.949212860521e-01  -4.455142815873e-01  -5.640885857016e-01  -4.642634772565e-01  -8.655441420990e-06  -4.590633531488e-06  -2.683256149087e-01
  -3.189508512385e-08   4.012415592781e-08  -1.389463773774e-01  -4.393292519284e-07  -1.112981733710e-06  -5.819054817678e-07  -3.106612673836e-01  -4.224071757683e-06  -3.324796584637e-06  -1.101317507875e-06  -3.675262122634e-01  -3.525373712517e-06  -2.894881977702e-06  -3.963048660306e-07  -1.264965153180e-01  -9.505874683236e-07  -1.118552167664e-06   8.117012090177e-02  -3.827928828530e-06   3.809535999693e-06  -1.215592153372e-01   1.067811728122e-01  -5.301167672107e-01  -5.018085508380e-01  -9.113390806865e-02  -2.970750554497e-02   1.607733979307e-02  -4.863306743137e-01  -9.447594983311e-02  -4.508619926612e-02   2.409005273642e-02  -3.228359842322e-01  -6.049998459563e-02  -5.039920748047e-02   2.440734439650e-02  -1.369475781674e-01  -9.934335352037e-02  -1.818018356442e-02   6.685694372028e-03   1.696987603060e-03   6.239045118866e-03  -1.270472982352e-04  -6.964797467439e-04   9.986574012731e-03  -2.374776280381e-01  -2.247963360556e-01  -1.128289533198e-01   1.718248839610e-02   7.202441156331e-03  -2.178632684221e-01  -1.274017800406e-01   2.607804154645e-02   1.079227874873e-02  -1.446222619264e-01  -9.730692324684e-02   2.915130093010e-02   1.093419730072e-02  -6.134911622220e-02  -1.126220381059e-01   1.051572020786e-02   2.994689177400e-03   9.667584649719e-03  -3.609138280427e-03  -5.702555376726e-05   3.859851619797e-03   8.232930343422e-03   7.675854394097e-01   7.265964034506e-01  -6.137340359020e-02   1.252556608361e-02  -2.327920487028e-02   7.041851844227e-01  -4.930922185053e-02   1.900977890673e-02  -3.488141795074e-02   4.674520196430e-01  -1.001171934638e-02   2.124949664473e-02  -3.534200236905e-02   1.982930662439e-01  -8.113327963270e-02   7.664027522267e-03  -9.682737912307e-03   4.163032385393e-03  -2.630618530714e-03   1.841266733961e-04  -6.946893613567e-03   2.206671588869e-03   5.841765558220e-06   5.804021693085e-06   3.717955601439e-06   1.011510400033e-06  -3.626923871412e-02  -4.048750578370e-08   3.648949756236e-06
  -8.725242919273e-08  -1.309250884148e-08  -4.393021857287e-07  -1.389472674899e-01  -8.351081325947e-07  -2.845566824028e-06  -4.224054653286e-06  -3.106669089336e-01  -4.379623626669e-06  -3.070400735714e-07  -3.525368555370e-06  -3.675250565738e-01  -2.178222711129e-06   2.031667713458e-06  -9.505874683236e-07  -1.264937597265e-01  -1.025048232226e-07  -1.067862478369e-01  -1.215642510675e-01   2.541260504193e-06  -3.827930723277e-06   8.117844806850e-02   5.802737869559e-01   5.492871856888e-01  -2.970755112337e-02  -8.575532893965e-02  -1.759829069269e-02   5.323447949396e-01  -4.508616172725e-02  -8.631291873210e-02  -2.636909036005e-02   3.533804886132e-01  -5.039799038921e-02  -5.137604263439e-02  -2.671702458009e-02   1.499037812706e-01  -1.817894744870e-02  -9.605230365800e-02  -7.319756952833e-03  -3.630650529508e-03  -1.826089696678e-03   1.390722546276e-04   6.239037148407e-03   8.654257858894e-03  -7.492144381369e-01  -7.092064235473e-01   1.718264970540e-02  -6.406643346976e-02   2.272245833433e-02  -6.873334976724e-01   2.607829262956e-02  -5.339432653935e-02   3.404796160075e-02  -4.562656000339e-01   2.915053239430e-02  -1.458080983725e-02   3.449667925829e-02  -1.935443827167e-01   1.051331997314e-02  -8.278584089884e-02   9.449519025591e-03  -5.385375978086e-03  -6.382676947693e-03  -1.798534788929e-04  -3.609167334475e-03   6.839411257598e-04   1.689682799627e-01   1.599453801949e-01   1.252545038810e-02  -1.155166154211e-01  -5.124425931624e-03   1.550119250090e-01   1.900949026290e-02  -1.314807239056e-01  -7.678397218807e-03   1.028998688722e-01   2.124904808562e-02  -1.018644351979e-01  -7.779911523664e-03   4.365095718866e-02   7.665191659862e-03  -1.142613467389e-01  -2.131988399125e-03  -1.140991169102e-02   4.424298469776e-03   4.055194058816e-05  -2.630581505768e-03   6.188943626384e-03   2.750138409875e-06   2.484515096663e-06   2.597892922123e-06   2.147539144716e-06  -4.050721289373e-08  -3.626883247243e-02   1.630823593814e-06
  -6.677329868077e-04   1.840234378467e-03  -8.841469625224e-07  -8.636360555912e-07  -1.731867953724e-01  -5.272194165323e-03  -3.014396398481e-06  -4.333358697097e-06  -2.799961297420e-01  -7.930050329146e-02  -2.752762100652e-06  -2.096063912437e-06  -2.287866710648e-01  -7.168873175672e-02  -1.118552167664e-06  -1.025048232226e-07  -5.150275688520e-02  -4.068298704286e-06  -3.761843361808e-06   7.742326193286e-02   1.616544193846e-06   2.423375845060e-06  -2.915054858760e-01  -2.759815573259e-01   1.557435210519e-02  -1.704778974406e-02  -1.046363284628e-01  -2.685638308881e-01   2.321834460679e-02  -2.541503970159e-02  -1.174328769210e-01  -1.784466686386e-01   2.774594581708e-02  -3.037216452359e-02  -8.616738659084e-02  -1.030239819559e-01   3.862191471131e-02  -4.227823298054e-02  -4.990772255443e-02   6.812336521308e-03  -7.289121256540e-03   9.023279774867e-03   6.659025067938e-03   6.167006464157e-04  -2.915144679267e-01  -2.759900640806e-01   6.977036858118e-03   2.201124919547e-02  -1.046372881090e-01  -2.685727906565e-01   1.040170601930e-02   3.281557209712e-02  -1.174343632087e-01  -1.784528453097e-01   1.242964335852e-02   3.921561074768e-02  -8.617046501793e-02  -1.030265494260e-01   1.730082974222e-02   5.458668395890e-02  -4.990957672642e-02  -3.940807363890e-03   9.411582596828e-03   9.024241384566e-03   2.983190917689e-03   5.591856971221e-03  -2.915104235260e-01  -2.759862337905e-01  -2.255140761843e-02  -4.964295537602e-03  -1.046359447006e-01  -2.685685722854e-01  -3.361983243225e-02  -7.400832574192e-03  -1.174323943842e-01  -1.784493270845e-01  -4.017550941111e-02  -8.844062245514e-03  -8.616774726262e-02  -1.030240974088e-01  -5.592384014972e-02  -1.231053283952e-02  -4.990847006781e-02  -2.872331783609e-03  -2.122507457302e-03   9.023417005913e-03  -9.641861296822e-03  -6.208047306657e-03   1.978589591833e-01   1.598366024584e-01   1.587263047865e-02  -4.297957233791e-02   3.870939816902e-06   2.228346062788e-06   7.456717702132e-02
  -4.692503997805e-07  -4.706489848273e-07   6.613054638814e-02  -8.700596844657e-02  -4.327110276700e-06  -1.725882654499e-05   2.312362093242e-01  -3.042246337717e-01  -1.434747006750e-05  -2.175536557570e-05   2.220445974624e-01  -2.921215095101e-01  -1.170306151175e-05  -1.308404853020e-05   8.117012090177e-02  -1.067862478369e-01  -4.068298704286e-06   9.065242100233e-01  -1.592268218276e-01   1.328036454788e-05   1.210204404277e-01   7.483296083481e-06   1.036082741323e+00   9.879255614467e-01  -2.095199980835e-01   2.678191239961e-01  -2.249317600592e-01   8.080580845319e-01  -3.006978752059e-02   6.605498238059e-02  -1.092740883448e-01   4.531182658436e-01   7.533297173158e-03  -5.049595884310e-03  -3.106326935830e-02   2.039903356191e-01   6.244914897240e-02  -7.551355916692e-02  -3.386561849393e-02   1.237690583003e-01   8.445169140138e-02   6.163057099237e-02  -7.677933584189e-02   1.424680428361e-02  -5.993795896751e-01  -5.715191220968e-01  -1.650530326379e-01   2.580409456682e-01   1.301179673885e-01  -4.674384329616e-01  -1.811271430948e-01   9.929559570972e-02   6.320767849620e-02  -2.621202632041e-01  -2.019251463647e-02   1.063547702082e-03   1.797160227175e-02  -1.180128526898e-01   2.456760139182e-02  -6.715971148199e-02   1.959060767438e-02   1.903086423820e-02   6.369785537864e-02  -3.564575494805e-02   1.756608623453e-02  -7.472566907917e-02  -4.368436048815e-01  -4.165390471755e-01  -1.957670574174e-01   2.243893404869e-01   9.483947319826e-02  -3.407003333714e-01  -7.680280490011e-02   2.134841173450e-01   4.607379730726e-02  -1.910489489551e-01  -1.048400726201e-03   2.201660912048e-02   1.309744105719e-02  -8.601753006169e-02   5.071452713564e-02  -3.853245057447e-02   1.427949348284e-02  -5.633203488935e-03  -7.640305088019e-03  -2.598455272905e-02  -4.759438854308e-02   6.046799764010e-02   7.088031961650e-07  -2.785535746058e-06  -1.017843939553e-05  -9.209828271281e-06   1.096493646428e-02  -1.444033374051e-02  -1.282664172983e-06
  -5.202336442296e-07  -6.156766954828e-07  -3.582728808481e-06  -9.879297012629e-02  -4.738747049399e-06  -1.933741783061e-05  -1.355385929128e-05  -3.302251454859e-01  -1.599969854099e-05  -2.314348086062e-05  -1.117575142476e-05  -3.202645639517e-01  -1.174402212301e-05  -1.381446169278e-05  -3.827928828530e-06  -1.215642510675e-01  -3.761843361808e-06  -1.592268218276e-01   1.093398786071e+00  -2.448223648489e-06  -1.532487763052e-05   1.210510420752e-01   5.696784503803e-01   5.431768899215e-01  -2.238287332565e-01   1.496059382428e-01   8.466726203019e-02   4.435864674579e-01  -1.088481365276e-01   3.914284963730e-02   1.181818685132e-01   2.540394416247e-01  -3.809233314709e-02  -1.095257389020e-02   1.656137491525e-02   1.217891799269e-01  -4.151635617942e-02  -8.528047221487e-02   1.585133278787e-02   8.383003820277e-02   1.711512979491e-02   3.738594194027e-02  -3.917208079995e-02   6.678974538472e-03  -7.356978957697e-01  -7.014715097204e-01   1.294796122363e-01   3.130752201699e-01  -1.093277091193e-01  -5.728254740592e-01   6.296108278172e-02   1.186213340123e-01  -1.525998473584e-01  -3.280599442479e-01   2.203845639283e-02   1.687856194647e-02  -2.138113716810e-02  -1.572880918553e-01   2.401815275295e-02  -5.494216707477e-02  -2.046518087423e-02   6.288900075261e-02   4.571749439258e-02  -4.828443425798e-02   2.265804628376e-02  -8.852802650997e-02   1.658874487146e-01   1.581703163439e-01   9.437463733652e-02  -7.462843884720e-02   2.465284472917e-02   1.291699355733e-01   4.589456913213e-02  -6.990332265746e-02   3.441241562643e-02   7.397361708752e-02   1.605698285350e-02  -4.911258005440e-02   4.822530163231e-03   3.545869751498e-02   1.749190458680e-02  -1.268691543996e-01   4.616310326635e-03  -9.091121072071e-03  -2.212758515539e-02   1.088645396860e-02   1.651654399612e-02  -2.277428337449e-02  -1.514858420101e-06  -3.666206380526e-06  -1.033160713334e-05  -9.360389009261e-06   6.857070554525e-08  -3.144106346166e-01   1.861654668445e-05
   1.444050158568e-04  -2.743471424226e-03   4.540513398366e-06   4.940421285059e-06   1.098491411220e-01   5.654507017606e-02   1.294309897924e-05   1.417849037062e-05   2.691455741375e-01   1.241267549956e-01   1.034317921626e-05   8.306155382109e-06   2.177312438861e-01   8.453967854534e-02   3.809535999693e-06   2.541260504193e-06   7.742326193286e-02   1.328036454788e-05  -2.448223648489e-06   1.008337531372e+00  -7.557593085509e-06  -1.199706558612e-05   4.353833812364e-01   4.151812592367e-01  -6.354592571823e-02   6.955839223587e-02  -2.234219727194e-01   3.397095852988e-01   9.577109645777e-03  -1.048305362094e-02  -1.566817294970e-01   1.939522479537e-01  -7.645542083033e-03   8.370894986402e-03  -1.284595362551e-02   1.271699116456e-01  -4.184991536977e-02   4.581517136036e-02   1.171612316397e-02   6.176955620652e-02   3.930983738760e-02  -2.706989348029e-03  -3.591217431713e-02   5.591664842613e-03   4.354336755090e-01   4.152282887758e-01  -2.846257845425e-02  -8.979553181988e-02  -2.234494492764e-01   3.397288447037e-01   4.295168214916e-03   1.355138210457e-02  -1.566926480675e-01   1.939655955689e-01  -3.425098862470e-03  -1.081003587773e-02  -1.285054460107e-02   1.271762721746e-01  -1.874501832917e-02  -5.914926743164e-02   1.171319182180e-02  -3.572607464741e-02  -5.076875010909e-02  -2.716041951899e-03  -1.609213353536e-02   5.069371712169e-02   4.353782780831e-01   4.151763559581e-01   9.200674579355e-02   2.025364297826e-02  -2.234254078287e-01   3.397048374723e-01  -1.387009874973e-02  -3.052892092669e-03  -1.566840513307e-01   1.939485564141e-01   1.106998861319e-02   2.436879112515e-03  -1.284454834078e-02   1.271665239065e-01   6.060056389607e-02   1.334048920955e-02   1.171787072733e-02  -2.604313456897e-02   1.144662694419e-02  -2.708480510889e-03   5.199992107872e-02  -5.628775522454e-02  -9.034719157382e-02  -9.646627407653e-02  -2.187648469337e-02   3.966631939511e-02   3.161932905807e-05   1.554144865949e-05   4.717005032180e-01
