ARMA_MAT_TXT_FN008
95 95
  -2.800537260886e+01  -2.747967743873e+01  -3.940995428114e-06  -5.117385884798e-06  -1.514964856965e-01  -9.793839992375e+00  -1.819406137594e-06  -2.362368640784e-06  -6.994048828067e-02  -4.467585507449e+00  -5.795507233030e-07  -7.523166330261e-07  -2.228008974800e-02  -1.889748807551e+00  -1.458288042092e-07  -1.892613371530e-07  -5.606550870519e-03  -1.297421656082e-06  -1.180854842403e-06   1.408639631094e-02  -5.795598271304e-07   9.110795602617e-07  -5.425393978658e-04  -2.644647644608e-04   4.550411441225e-03  -4.980949108236e-03   2.489823613926e-03  -6.754317562788e-02   1.514728306763e-01  -1.658044672593e-01   8.261672812642e-02  -1.157816765489e+00   1.921698587736e+00  -2.103520592491e+00   1.049317667499e+00  -1.863648009780e+00   1.891912692367e+00  -2.070916568436e+00   1.032329762354e+00   1.007730392192e-01   5.494679465029e-02   4.264552895208e-02  -5.019736252279e-02   9.122590416017e-03  -5.428175413148e-04  -2.646238322925e-04   2.039339029059e-03   6.433880138946e-03   2.490976156191e-03  -6.756341720881e-02   6.787554070983e-02   2.141395474456e-01   8.264355878552e-02  -1.157949731776e+00   8.609518296936e-01   2.716203897392e+00   1.049452814427e+00  -1.863723566557e+00   8.475439760085e-01   2.673903578236e+00   1.032385574285e+00  -5.830612759737e-02  -7.096997191745e-02   4.265662090185e-02  -2.249526172771e-02   8.273396877840e-02  -5.425529915747e-04  -2.644725945948e-04  -6.588930838129e-03  -1.450418498773e-03   2.489918017730e-03  -6.754414292675e-02  -2.193290114192e-01  -4.828080667114e-02   8.261930251636e-02  -1.157823155194e+00  -2.782547285588e+00  -6.125211689910e-01   1.049340469524e+00  -1.863651628900e+00  -2.739408624664e+00  -6.030251460034e-01   1.032348459397e+00  -4.248921404863e-02   1.600032771357e-02   4.264531383995e-02   7.268595498625e-02  -9.183298485825e-02  -3.037304461690e-01  -2.143228171433e+00  -2.291173002149e+00  -1.407406102493e+00  -8.234803344224e-05  -4.070038242968e-05  -2.527061541600e+00
  -2.747967743873e+01  -2.624801961743e+01  -5.474539766547e-06  -7.108697564200e-06  -2.104477464269e-01  -1.096517172185e+01  -1.701104405850e-06  -2.208900910685e-06  -6.539235634023e-02  -4.968450383908e+00  -4.442771525528e-07  -5.769229169416e-07  -1.707826284336e-02  -2.089451886348e+00  -1.039495528384e-07  -1.349910770434e-07  -3.995814459330e-03  -6.476536751864e-07  -5.895328919989e-07   7.029240162849e-03  -2.894182737407e-07   4.548210611046e-07   2.155362104580e-05   1.850111193207e-05   1.352297386521e-04  -1.480245027445e-04   7.464087431035e-05  -5.275964330976e-02   1.416308404802e-01  -1.550312640875e-01   7.758309664373e-02  -1.272404562333e+00   2.140271203672e+00  -2.342773401822e+00   1.170982640687e+00  -2.061868408731e+00   2.102706696434e+00  -2.301654743297e+00   1.150197840147e+00   7.762489902349e-02   4.255234167415e-02   3.270006409460e-02  -3.887424996037e-02   7.027072408788e-03   2.156117128417e-05   1.851034490085e-05   6.064725751650e-05   1.913350323971e-04   7.472676163499e-05  -5.277824285621e-02   6.346794162404e-02   2.002340319286e-01   7.761147572218e-02  -1.272552149165e+00   9.588766981048e-01   3.025145310536e+00   1.171134292455e+00  -2.061952200421e+00   9.419762009047e-01   2.971826152977e+00   1.150260124203e+00  -4.491755954930e-02  -5.496684183948e-02   3.271195827668e-02  -1.742277440857e-02   6.373612499835e-02   2.155398603804e-05   1.850156494588e-05  -1.958175781098e-04  -4.310525874321e-05   7.464628863831e-05  -5.276055084119e-02  -2.050785005841e-01  -4.514385418397e-02   7.758567934638e-02  -1.272411723307e+00  -3.099032346305e+00  -6.821889233823e-01   1.171008106980e+00  -2.061872470706e+00  -3.044629238992e+00  -6.702132136994e-01   1.150218641222e+00  -3.272938371739e-02   1.239117223248e-02   3.270007482832e-02   5.629034573813e-02  -7.073880869077e-02  -3.132282046942e-01  -2.383339782578e+00  -2.540880273486e+00  -1.555501495706e+00  -9.331440271332e-05  -4.615721899386e-05  -2.858898105722e+00
  -3.940995428114e-06  -5.474539766547e-06  -1.569092811123e+01  -9.274346025905e-06  -4.144023753049e-06  -1.460675540930e-05  -1.017764277913e+01  -1.020276891676e-05  -4.550381005273e-06  -9.315843180095e-06  -3.682535777809e+00  -4.365582352955e-06  -1.939751756964e-06  -4.421353844815e-06  -9.731428674453e-01  -1.215308250139e-06  -5.389089410067e-07   7.610229262841e-02  -4.394647933953e-06   6.756269982337e-06  -3.843487389896e-01   1.001170568066e-01  -2.144309701988e-02  -1.643765310371e-02   7.831044686826e-02  -1.065241374143e-01   5.315451851006e-02  -4.640016297498e-01   5.767348220656e-01  -9.108738366200e-01   4.512216687571e-01  -1.331287366534e+00   4.937738231926e-01  -2.114533505145e+00   1.040640366326e+00  -7.507064991449e-01  -7.029650521163e-01  -7.881222187522e-01   3.869872583804e-01   6.280660476492e-01   4.572481716355e-01   2.447333161162e-01  -3.114568466035e-01   2.720518222181e-01  -9.610094883286e-03  -7.367120971904e-03   5.228812319192e-04   6.163484618114e-02   2.382092304398e-02  -2.079087859510e-01  -8.843932469579e-02   5.269586400237e-01   2.021847932682e-01  -5.964352387953e-01  -1.050439920523e+00   1.223123361273e+00   4.662265514948e-01  -3.363071670614e-01  -1.278527504684e+00   4.558501695767e-01   1.733671750718e-01   5.847270565015e-02  -2.645441724113e-01   1.096477260723e-01   2.244897085865e-02   3.975225689051e-01   3.104930580565e-02   2.380154399526e-02   1.850284012421e-01   4.491409410404e-02  -7.696798518046e-02   6.718607565940e-01   1.489253228364e+00   3.840515948689e-01  -6.533663764709e-01   1.927647961058e+00   2.612088352477e+00   8.915416609004e-01  -1.506828758987e+00   1.086981521849e+00   8.655155104214e-02   3.322880800848e-01  -5.603466476678e-01   4.518703824147e-01  -1.927931406333e-01  -3.543557487792e-01  -7.695454824821e-01   8.280176567154e-01   5.663696350794e-05   9.035493067723e-05   3.179489904191e-05   5.246527614680e-06  -1.490102215260e+00  -6.556523457995e-07   2.023913329637e-04
  -5.117385884798e-06  -7.108697564200e-06  -9.274346025905e-06  -1.569094113704e+01  -8.441801988106e-06  -1.896010762603e-05  -1.020276891676e-05  -1.017765710072e+01  -9.280432636358e-06  -1.207240857142e-05  -4.365582352955e-06  -3.682541890297e+00  -3.963076652066e-06  -5.721803743751e-06  -1.215308250139e-06  -9.731445657307e-01  -1.101801655503e-06  -1.001349729822e-01  -3.843553876645e-01   6.542779094426e-06  -4.394647933953e-06   7.612425176026e-02   2.347193625218e-02   1.799290227480e-02  -1.065241260699e-01   9.759684201294e-02  -5.818373393171e-02   5.079029862557e-01  -9.108732307536e-01   7.416499367077e-01  -4.939138798924e-01   1.457242902317e+00  -2.114525782870e+00   8.766060027490e-01  -1.139098284968e+00   8.217256392008e-01  -7.881128265628e-01  -5.602858377491e-01  -4.235992156128e-01  -7.262931919006e-01  -3.942424426416e-01  -2.678886146844e-01   4.572480299278e-01   1.308460650211e-01  -3.031873480769e-02  -2.324241322460e-02   6.163481525564e-02   1.754373350213e-01   7.515224351400e-02  -6.559276060750e-01   5.269578109273e-01   1.407023245270e+00   6.378690873168e-01  -1.881677543049e+00   1.223118041161e+00   2.420667506549e+00   1.470886257906e+00  -1.061000665319e+00   4.558457198375e-01   1.512531368689e-02   5.469492461711e-01  -6.010407271255e-01  -7.283045940330e-01   3.459254377693e-01  -2.645438810165e-01   7.005508307488e-01   6.834872044163e-03   5.239424761635e-03   4.491411367390e-02  -9.119505810658e-03  -1.694293498629e-02   1.478964933901e-01   3.840518179470e-01  -1.708674959306e-01  -1.438253494111e-01   4.243314828180e-01   8.915392587178e-01  -1.241737450296e+00  -3.316974355990e-01   2.392735568975e-01   3.322831379371e-01  -1.349821320183e+00  -1.233481906304e-01  -1.702967224544e-01   6.383189328692e-02  -7.800422411108e-02  -1.927932902439e-01   3.070867378350e-01   2.804932081723e-05   4.317366171551e-05   1.252492893168e-05   1.457674663262e-07  -6.556600730588e-07  -1.490101999422e+00   9.923361673925e-05
  -1.514964856965e-01  -2.104477464269e-01  -4.144023753049e-06  -8.441801988106e-06  -1.551657315609e+01  -5.615463437304e-01  -4.550381005273e-06  -9.280432636358e-06  -9.985416001970e+00  -3.583448989262e-01  -1.939751756964e-06  -3.963076652066e-06  -3.599764429059e+00  -1.701618351887e-01  -5.389089410067e-07  -1.101801655503e-06  -9.500030782193e-01  -4.394647933953e-06  -1.062670603359e-05  -2.676698878120e-01  -6.213972731684e-06   3.324337462529e-06  -1.180301302863e-02  -9.040756313732e-03   5.365913309697e-02  -5.873609888556e-02   1.031969589237e-02  -2.596276074926e-01   4.666780892666e-01  -5.108330433821e-01  -9.820679401806e-04  -8.097131406580e-01   1.181110142729e+00  -1.292862860992e+00  -7.791177660621e-01  -5.626928346578e-01   5.436895393689e-01  -5.951330535027e-01  -1.099620441478e+00   4.686085778363e-01   4.095647650127e-02   3.214520783825e-01  -3.741631538287e-02   4.242136491942e-02  -1.180851383322e-02  -9.045341440850e-03   2.404706075952e-02   7.586571978026e-02   1.032453154610e-02  -2.596965273549e-01   2.091103091770e-01   6.597193057362e-01  -9.744420237453e-04  -8.098096852753e-01   5.291569169105e-01   1.669430803825e+00  -7.791796131543e-01  -5.627221990122e-01   2.435654572722e-01   7.684221595697e-01  -1.099655811374e+00  -2.711166328624e-01  -5.290564461257e-02   3.215310813099e-01  -1.676942532354e-02   3.847033581985e-01  -1.180346226109e-02  -9.041120010902e-03  -7.769865817362e-02  -1.710377031806e-02   1.032083128865e-02  -2.596346869987e-01  -6.757469415254e-01  -1.487518898295e-01  -9.739813502066e-04  -8.097282174328e-01  -1.710226431979e+00  -3.764721989589e-01  -7.791022077251e-01  -5.627000422323e-01  -7.872493192514e-01  -1.732980648047e-01  -1.099614425165e+00  -1.975830945489e-01   1.192853544965e-02   3.214571997929e-01   5.418871308651e-02  -4.270412629055e-01   1.707788466381e+00   2.653570571603e+00   8.923062232130e-01   1.239680968193e-01   1.955622375636e-04   9.609756989051e-05   4.570706349192e+00
  -9.793839992375e+00  -1.096517172185e+01  -1.460675540930e-05  -1.896010762603e-05  -5.615463437304e-01  -1.712928458740e+01  -2.272598739844e-05  -2.802284598890e-05  -8.929858549534e-01  -1.253240231422e+01  -1.325537603272e-05  -1.303455445018e-05  -5.679992336232e-01  -6.511872904998e+00  -4.183924079631e-06  -3.332702774945e-06  -1.906653162528e-01  -3.212894800528e-05  -2.870904450990e-05   3.696775805251e-01  -1.404377695678e-05   2.187039958823e-05  -5.332051212949e-01  -5.211303901683e-01   4.660667046166e-01  -5.101636932261e-01   2.513890104622e-01  -1.910931089743e+00   1.728659893144e+00  -1.892217838089e+00   9.194831620711e-01  -4.740698961148e+00   5.135845528411e+00  -5.621779905429e+00   2.671875228771e+00  -6.270194874112e+00   5.393392036540e+00  -5.903697562729e+00   2.750532235015e+00   1.081948116227e+00   5.749840758233e-01   4.692018052155e-01  -5.252842037259e-01   9.794490606221e-02  -5.333002276853e-01  -5.212242441788e-01   2.088164482749e-01   6.587923988326e-01   2.514347699067e-01  -1.911197166498e+00   7.744860164024e-01   2.443417928478e+00   9.196245562965e-01  -4.741082549232e+00   2.300856084173e+00   7.258952161504e+00   2.672126003798e+00  -6.270419176416e+00   2.416127844676e+00   7.622621722032e+00   2.750667467081e+00  -6.258700222441e-01  -7.424998292480e-01   4.692264606827e-01  -2.353489647205e-01   8.880851774309e-01  -5.332096460785e-01  -5.211348610959e-01  -6.748484181447e-01  -1.485539569729e-01   2.513950635629e-01  -1.910942508373e+00  -2.503035786649e+00  -5.509914886998e-01   9.195041111715e-01  -4.740713434437e+00  -7.436497400560e+00  -1.636992082856e+00   2.671929977589e+00  -6.270202281351e+00  -7.809404088317e+00  -1.719082063114e+00   2.750584068669e+00  -4.561793245722e-01   1.674315438737e-01   4.691945282025e-01   7.606056338894e-01  -9.859530318912e-01  -2.549273850763e+00  -6.370698529815e+00  -7.199562093188e+00  -4.928503518494e+00  -1.888739883146e-04  -9.157527538303e-05  -5.994687721018e+00
  -1.819406137594e-06  -1.701104405850e-06  -1.017764277913e+01  -1.020276891676e-05  -4.550381005273e-06  -2.272598739844e-05  -1.461719097700e+01  -3.161085704963e-05  -1.370771088555e-05  -2.415528768876e-05  -9.342610750054e+00  -2.329159312513e-05  -9.892548959851e-06  -1.390033341210e-05  -3.214330914407e+00  -7.782072880178e-06  -3.292526687708e-06   3.748830097219e-01  -2.024581776552e-05   2.067919308545e-05  -1.159249687792e+00   4.931636716196e-01  -1.115545265081e+00  -1.101846443666e+00   4.899726101996e-01  -9.757048795615e-01   4.807249546073e-01  -2.970373964723e+00   1.142711371372e+00  -2.797622320780e+00   1.360176698240e+00  -3.966385278006e+00   4.425178699205e-02  -4.318719939988e+00   2.061052495578e+00  -2.309379515288e+00  -2.358220663670e+00  -2.009074564717e+00   9.487703506276e-01   8.809094319382e-01   9.298080598938e-01   3.003355704970e-01  -4.263658410236e-01   9.544763154894e-01  -4.998139987886e-01  -4.936770296339e-01  -2.225591400633e-01   5.644182745885e-01   2.153868861272e-01  -1.330808052224e+00  -9.003333854400e-01   1.618297835956e+00   6.094032395743e-01  -1.776952648708e+00  -3.109665177878e+00   2.498038762846e+00   9.233653291115e-01  -1.034571973064e+00  -3.825439916042e+00   1.162041019582e+00   4.250387449127e-01   6.709308026198e-01  -5.378684110122e-01   1.345260150873e-01   2.526541526035e-01   1.000807524025e+00   1.615272115198e+00   1.595436799006e+00   1.467432317076e+00   4.113844970726e-01  -6.960844145937e-01   4.300990480704e+00   3.945355404978e+00   1.179552847555e+00  -1.969517711360e+00   5.743154057276e+00   4.370685585552e+00   1.820876642608e+00  -2.984367112960e+00   3.343857141998e+00  -3.455937647368e-01   8.470596935952e-01  -1.373797171608e+00   8.159645853406e-01  -3.920391014021e-01  -4.348502061354e-01  -1.357867615566e+00   1.159453551078e+00   1.555819984374e-04   2.042993876097e-04   9.243180003842e-05   1.860914122482e-05  -3.310869799554e+00  -1.662226159597e-06   2.883849613729e-04
  -2.362368640784e-06  -2.208900910685e-06  -1.020276891676e-05  -1.017765710072e+01  -9.280432636358e-06  -2.802284598890e-05  -3.161085704963e-05  -1.461723287663e+01  -2.787893049193e-05  -2.375288425316e-05  -2.329159312513e-05  -9.342636148580e+00  -1.893060309630e-05  -1.107230409855e-05  -7.782072880178e-06  -3.214338134144e+00  -5.969713847011e-06  -4.932119225203e-01  -1.159278812034e+00   1.477648083264e-05  -2.024581776552e-05   3.749348492055e-01   1.221092619735e+00   1.206097686706e+00  -9.757047270129e-01   6.666258628875e-01  -5.262087600289e-01   3.251415551258e+00  -2.797620724306e+00   1.649225866863e+00  -1.488869744870e+00   4.341657443463e+00  -4.318706316811e+00   8.261497211691e-01  -2.256057991102e+00   2.527861360773e+00  -2.009053461122e+00  -1.994504402379e+00  -1.038537610592e+00  -1.121983054886e+00  -5.947093135912e-01  -3.287513804708e-01   9.298078686620e-01   6.975523637606e-01  -1.576855235067e+00  -1.557493835133e+00   5.644175944516e-01   1.379212032789e+00   6.795205943603e-01  -4.198542573425e+00   1.618293636100e+00   3.692254872413e+00   1.922595297615e+00  -5.606058203936e+00   2.498021241697e+00   3.979521221497e+00   2.913101522292e+00  -3.263916285615e+00   1.162022997708e+00  -5.277065922770e-01   1.340936947289e+00  -1.075801018299e+00  -1.273770186210e+00   4.244118987171e-01  -5.378673204866e-01   9.075340904496e-01   3.555692393340e-01   3.512028924819e-01   4.113850245583e-01  -3.108403802111e-01  -1.532288172366e-01   9.467758943016e-01   1.179555450524e+00  -1.153445457673e+00  -4.335495047572e-01   1.264239771286e+00   1.820880540514e+00  -3.500348160750e+00  -6.569496768486e-01   7.360799444216e-01   8.470566127657e-01  -4.007175276287e+00  -3.024163935380e-01  -9.169271355871e-01   3.367827288226e-01  -9.572374555335e-02  -3.920400005544e-01   7.625785040830e-01   7.759888677871e-05   1.020839444416e-04   4.392081621817e-05   7.307849248131e-06  -1.662067949047e-06  -3.310866895321e+00   1.433266843670e-04
  -6.994048828067e-02  -6.539235634023e-02  -4.550381005273e-06  -9.280432636358e-06  -9.985416001970e+00  -8.929858549534e-01  -1.370771088555e-05  -2.787893049193e-05  -1.396196840644e+01  -1.035065686654e+00  -9.892548959851e-06  -1.893060309630e-05  -8.747855616428e+00  -6.334511371591e-01  -3.292526687708e-06  -5.969713847011e-06  -2.990792001537e+00  -2.024581776552e-05  -2.624586803748e-05  -4.968440511420e-01  -1.243348756290e-05   1.456212073114e-05  -6.137690288028e-01  -6.060434574891e-01   4.915402528881e-01  -5.380474320659e-01  -1.359288533802e-01  -1.653269379657e+00   1.428937217913e+00  -1.564136921675e+00  -6.449949435986e-01  -2.367357633267e+00   2.398077903878e+00  -2.624978562593e+00  -2.544376248570e+00  -1.725698150184e+00   1.425289903043e+00  -1.560154683345e+00  -3.228920916357e+00   9.739739018272e-01  -3.493374335636e-01   9.102833545170e-01   3.191417258431e-01   8.817047101980e-02  -6.138869361771e-01  -6.061607641385e-01   2.202325158598e-01   6.948088298983e-01  -1.359436594764e-01  -1.653521803061e+00   6.402090707703e-01   2.019789282971e+00  -6.450587357785e-01  -2.367583582429e+00   1.074348173109e+00   3.389456418212e+00  -2.544534937392e+00  -1.725783636442e+00   6.385048305007e-01   2.014419849565e+00  -3.229012364564e+00  -5.634161422465e-01   4.510816147140e-01   9.103892865707e-01   1.429785962021e-01   7.994657090773e-01  -6.137840757602e-01  -6.060583631889e-01  -7.117445671273e-01  -1.566758802449e-01  -1.359212412233e-01  -1.653305244584e+00  -2.069080383365e+00  -4.554652087671e-01  -6.449738578814e-01  -2.367398093419e+00  -3.472368851629e+00  -7.643718306742e-01  -2.544345700823e+00  -1.725718259625e+00  -2.063785891509e+00  -4.543045136556e-01  -3.228905491618e+00  -4.106607592286e-01  -1.017180397064e-01   9.102946380672e-01  -4.620831577363e-01  -8.875725018067e-01   4.681496830414e+00   5.837462288444e+00   2.370295966186e+00   3.235441652079e-01   2.682736415846e-04   1.285542823504e-04   5.242161317194e+00
  -4.467585507449e+00  -4.968450383908e+00  -9.315843180095e-06  -1.207240857142e-05  -3.583448989262e-01  -1.253240231422e+01  -2.415528768876e-05  -2.375288425316e-05  -1.035065686654e+00  -1.399735483740e+01  -1.970799035517e-05   4.958732167512e-06  -1.203567785656e+00  -9.797696011889e+00  -7.293989251213e-06   1.038811682746e-05  -5.729714861674e-01  -3.917331589302e-05  -3.339360862190e-05   5.150095453424e-01  -1.677750961697e-05   2.405422139421e-05  -1.684784965124e+00  -1.670456600509e+00   4.612660349471e-01  -5.049088862010e-01   2.399743774582e-01  -4.092264992736e+00   1.502428197411e+00  -1.644581421608e+00   7.608418902558e-01  -6.969325713104e+00   4.246659355528e+00  -4.648463226418e+00   2.056047789791e+00  -8.897438795003e+00   5.757845950017e+00  -6.302630224141e+00   2.648826176458e+00   4.504825152653e-01   2.251973426600e-01   2.094617996551e-01  -2.057320379665e-01   4.078104621498e-02  -1.684881308196e+00  -1.670552431897e+00   2.066437923760e-01   6.519391620363e-01   2.399930502790e-01  -4.092490876926e+00   6.730764404288e-01   2.123487391876e+00   7.609017596398e-01  -6.969630103168e+00   1.902437754049e+00   6.002007928882e+00   2.056177318832e+00  -8.897659887898e+00   2.579367546038e+00   8.137657946693e+00   2.648935275434e+00  -2.605701140073e-01  -2.907868047328e-01   2.094599131120e-01  -9.217006086160e-02   3.697406215647e-01  -1.684789136595e+00  -1.670460739346e+00  -6.678938745853e-01  -1.470227260612e-01   2.399791261141e-01  -4.092272403926e+00  -2.175452964075e+00  -4.788794208080e-01   7.608573196136e-01  -6.969332308045e+00  -6.148982571027e+00  -1.353565836373e+00   2.056090168421e+00  -8.897440591737e+00  -8.337114971517e+00  -1.835233564004e+00   2.648880375912e+00  -1.899349269205e-01   6.557568783780e-02   2.094579459304e-01   2.978972440410e-01  -4.105129571900e-01  -3.184822767338e+00  -7.111783642256e+00  -9.414211176100e+00  -7.679713315151e+00  -1.101989805712e-04  -5.042494935468e-05  -3.712842819123e+00
  -5.795507233030e-07  -4.442771525528e-07  -3.682535777809e+00  -4.365582352955e-06  -1.939751756964e-06  -1.325537603272e-05  -9.342610750054e+00  -2.329159312513e-05  -9.892548959851e-06  -1.970799035517e-05  -1.204339725705e+01  -2.150165987680e-05  -9.234158675503e-06  -1.329800154663e-05  -6.835832582579e+00  -7.645373977274e-06  -3.419851377906e-06   3.606721298935e-01  -1.694423338750e-05   1.511540416651e-05  -9.405757096101e-01   4.744589630168e-01  -2.012337461156e+00  -2.001315936164e+00  -1.333201622850e-01  -5.819996982911e-01   2.767098655379e-01  -4.375778595404e+00  -4.641872257040e-01  -1.683639452378e+00   7.804354471817e-01  -5.502971458056e+00  -2.191880229169e+00  -3.279177403368e+00   1.471610025476e+00  -4.020914150156e+00  -4.862426979592e+00  -2.520865460796e+00   1.113762705248e+00  -5.400815575771e-02   2.338278221456e-01  -5.811663663461e-02   2.802371973068e-02   5.215953461787e-01  -9.015073245696e-01  -8.965699776757e-01  -5.583492411790e-01   3.366357181504e-01   1.239657683922e-01  -1.960300312914e+00  -1.693732729171e+00   9.738356272226e-01   3.496336009053e-01  -2.465242714129e+00  -4.586642020596e+00   1.896683518370e+00   6.592677870316e-01  -1.801280276457e+00  -6.703408753964e+00   1.458048024271e+00   4.989467070535e-01   5.551603297014e-01  -1.352533174985e-01  -2.604328462994e-02   1.987881513819e-01   3.875237738120e-01   2.913779559699e+00   2.897820863712e+00   4.497209956097e-01   2.453855456372e-01  -4.006710958198e-01   6.335937471599e+00   1.222464120526e+00   7.098628113168e-01  -1.130057228629e+00   7.968051794966e+00   1.093150186627e+00   1.382572539594e+00  -2.130865249234e+00   5.822081241459e+00  -2.337084545212e+00   1.062840755957e+00  -1.612706381521e+00   1.344540191147e-01  -9.858941532287e-02   8.415730871678e-02  -2.062269632292e-01  -7.300280955866e-02   1.373284918805e-04   2.197996210742e-04   1.593283103429e-04   5.473770912826e-05  -2.986594075138e+00  -1.217930813744e-06   1.373220735799e-04
  -7.523166330261e-07  -5.769229169416e-07  -4.365582352955e-06  -3.682541890297e+00  -3.963076652066e-06  -1.303455445018e-05  -2.329159312513e-05  -9.342636148580e+00  -1.893060309630e-05   4.958732167512e-06  -2.150165987680e-05  -1.204339735215e+01  -1.109014668748e-05   1.893904540838e-05  -7.645373977274e-06  -6.835823642738e+00  -1.537471100113e-06  -4.744927726075e-01  -9.405971729105e-01   5.237435003971e-06  -1.694423338750e-05   3.606970558047e-01   2.202734843609e+00   2.190670519734e+00  -5.819995195020e-01  -2.794793239206e-02  -3.028907820959e-01   4.789792735543e+00  -1.683638332972e+00  -1.593611874294e-01  -8.542764096943e-01   6.023631267531e+00  -3.279170074776e+00  -1.598187583493e+00  -1.610847321654e+00   4.401346761578e+00  -2.520858833041e+00  -4.406029712833e+00  -1.219145245192e+00  -3.581451715470e-02  -1.431118263527e-02   6.361564950756e-02   2.338278710810e-01   4.777336866406e-01  -2.844151129502e+00  -2.828574411319e+00   3.366346689948e-01   3.969945172178e-01   3.910975986527e-01  -6.184517247845e+00   9.738306359302e-01   1.069928306501e+00   1.103052909222e+00  -7.777530330276e+00   1.896663302793e+00   7.959535363247e-01   2.079908344316e+00  -5.682770168726e+00   1.458019686628e+00  -2.565648554393e+00   1.574107961308e+00  -1.698848258997e-01  -1.850492149170e-01  -8.216575686280e-02  -1.352528077361e-01  -1.314628126606e-01   6.414091902331e-01   6.378961985966e-01   2.453864159502e-01  -6.109982302632e-01  -8.819958864266e-02   1.394728243393e+00   7.098666830063e-01  -1.846038390470e+00  -2.487592728316e-01   1.754009083836e+00   1.382585426412e+00  -4.883267284337e+00  -4.690687370342e-01   1.281626836817e+00   1.062862466203e+00  -6.931418465089e+00  -3.550105232841e-01  -6.303901381715e-01   2.199426418014e-01   1.852504287943e-02  -9.858997398910e-02   2.892916210073e-01   6.862848502613e-05   1.136716128317e-04   9.559241173740e-05   4.841162469001e-05  -1.217726521928e-06  -2.986590556631e+00   6.859412844785e-05
  -2.228008974800e-02  -1.707826284336e-02  -1.939751756964e-06  -3.963076652066e-06  -3.599764429059e+00  -5.679992336232e-01  -9.892548959851e-06  -1.893060309630e-05  -8.747855616428e+00  -1.203567785656e+00  -9.234158675503e-06  -1.109014668748e-05  -1.104689583839e+01  -1.044610219018e+00  -3.419851377906e-06  -1.537471100113e-06  -6.312532116795e+00  -1.694423338750e-05  -1.585440764693e-05  -2.995877716734e-01  -7.628942701305e-06   1.073165021898e-05  -1.107107877223e+00  -1.100767282179e+00   2.933141737433e-01  -3.210662058899e-01  -5.117848556969e-01  -2.429126046748e+00   8.598076236365e-01  -9.411590032891e-01  -1.556719320223e+00  -3.213487512561e+00   1.810853254517e+00  -1.982192091960e+00  -4.164182506245e+00  -2.812495500421e+00   1.742579767681e+00  -1.907461503273e+00  -5.893804195771e+00   2.611898512561e-01  -3.901511531087e-01   4.007885646313e-01   3.564275479996e-01   2.364491351194e-02  -1.107186022162e+00  -1.100845216279e+00   1.314042675688e-01   4.145664899960e-01  -5.118094309303e-01  -2.429290322310e+00   3.851909739231e-01   1.215238430270e+00  -1.556789613015e+00  -3.213663316431e+00   8.112400939056e-01   2.559388188373e+00  -4.164327749546e+00  -2.812594415405e+00   7.806361801689e-01   2.462840413377e+00  -5.893922601847e+00  -1.510794646576e-01   5.037562982977e-01   4.008100458055e-01   1.596743720642e-01   2.143770121651e-01  -1.107128345477e+00  -1.100787640611e+00  -4.247133785376e-01  -9.349167653785e-02  -5.117807915814e-01  -2.429168694620e+00  -1.244984546801e+00  -2.740567086609e-01  -1.556707083533e+00  -3.213536961535e+00  -2.622074907151e+00  -5.771936353102e-01  -4.164158256069e+00  -2.812528046266e+00  -2.523210654242e+00  -5.554312322861e-01  -5.893783370387e+00  -1.101259851540e-01  -1.136052933181e-01   4.007938160234e-01  -5.160860363989e-01  -2.380191319917e-01   4.136399453404e+00   6.254304964759e+00   3.984522579675e+00   9.892216823545e-01   1.198784822673e-04   5.372923945565e-05   1.065113367566e+00
  -1.889748807551e+00  -2.089451886348e+00  -4.421353844815e-06  -5.721803743751e-06  -1.701618351887e-01  -6.511872904998e+00  -1.390033341210e-05  -1.107230409855e-05  -6.334511371591e-01  -9.797696011889e+00  -1.329800154663e-05   1.893904540838e-05  -1.044610219018e+00  -9.826596829208e+00  -5.964560083628e-06   2.537618838871e-05  -7.211296316258e-01  -2.317540358281e-05  -1.915195759570e-05   3.289618516344e-01  -9.864561665264e-06   1.318966806791e-05  -1.308785804565e+00  -1.297692610716e+00   1.410877184049e-01  -1.544368409256e-01   6.702678409695e-02  -3.188501523745e+00   5.207897545005e-01  -5.700648416836e-01   2.358732451359e-01  -5.522944700033e+00   1.805502633601e+00  -1.976333059073e+00   7.621054633371e-01  -7.909443702085e+00   3.357785966591e+00  -3.675479320301e+00   1.317369366572e+00   1.023057059635e-01   4.589905567604e-02   5.449689699962e-02  -4.193175066771e-02   9.261747192044e-03  -1.308810341405e+00  -1.297717012749e+00   6.320436758617e-02   1.994039503076e-01   6.703024962685e-02  -3.188569054844e+00   2.333039229003e-01   7.360539813847e-01   2.358871155020e-01  -5.523053996131e+00   8.088222745420e-01   2.551772191043e+00   7.621434065286e-01  -7.909550771708e+00   1.504187207436e+00   4.745592371192e+00   1.317415612193e+00  -5.917634522704e-02  -5.926847419111e-02   5.449713702418e-02  -1.878618420852e-02   8.397009952329e-02  -1.308786547094e+00  -1.297693340682e+00  -2.042889119944e-01  -4.496964913780e-02   6.702818448943e-02  -3.188501924670e+00  -7.540812889164e-01  -1.659937951881e-01   2.358785276190e-01  -5.522943038803e+00  -2.614290426790e+00  -5.754748522162e-01   7.621235919416e-01  -7.909439544500e+00  -4.861929255219e+00  -1.070234753993e+00   1.317400988010e+00  -4.313466537121e-02   1.336546455018e-02   5.449589815759e-02   6.071689277923e-02  -9.322886325424e-02  -2.037627640890e+00  -4.875974287779e+00  -7.898721735301e+00  -8.289714280884e+00  -3.757955713222e-05  -1.544692661161e-05  -1.387248900643e+00
  -1.458288042092e-07  -1.039495528384e-07  -9.731428674453e-01  -1.215308250139e-06  -5.389089410067e-07  -4.183924079631e-06  -3.214330914407e+00  -7.782072880178e-06  -3.292526687708e-06  -7.293989251213e-06  -6.835832582579e+00  -7.645373977274e-06  -3.419851377906e-06  -5.964560083628e-06  -7.445767719991e+00  -2.761980193658e-06  -1.434969279810e-06   1.348259207814e-01  -5.881196136170e-06   5.074176028712e-06  -3.373571648831e-01   1.773599608202e-01  -8.673818229088e-01  -8.611982586791e-01  -2.014728334974e-01  -1.000304648919e-01   4.344641902730e-02  -2.015666345275e+00  -6.201016088173e-01  -3.401862155306e-01   1.408677129133e-01  -2.996267134482e+00  -2.027862405486e+00  -9.153965630191e-01   3.595740611924e-01  -3.103195197687e+00  -4.500315320354e+00  -1.209451873583e+00   4.728696326758e-01  -4.449146422903e-02   2.568123074947e-02  -2.298706673151e-02   1.879263152826e-02   9.980811738673e-02  -3.885635601973e-01  -3.857935228670e-01  -2.745241768629e-01   5.785731333110e-02   1.946343203424e-02  -9.029654785161e-01  -8.685358087800e-01   1.967630918531e-01   6.310702769499e-02  -1.342246135924e+00  -2.696368375616e+00   5.294601109883e-01   1.610830710057e-01  -1.390141629482e+00  -5.383572254829e+00   6.995346752252e-01   2.118355166822e-01   1.182565072240e-01  -1.485501200215e-02  -1.029826195476e-02   3.754786466199e-02   6.398627239184e-02   1.255929807306e+00   1.246976281420e+00  -1.012634268830e-01   4.217504861805e-02  -6.290972874177e-02   2.918592493926e+00  -2.793067671342e-01   1.434295427169e-01  -2.039744518536e-01   4.338453779039e+00  -1.110830925940e+00   3.859474714276e-01  -5.206583701801e-01   4.493274448116e+00  -3.288707676489e+00   5.099238215446e-01  -6.847078872521e-01   5.858834868102e-03  -1.082805651160e-02   3.328526211525e-02  -6.934904574953e-03  -5.904846229678e-02   5.278312991335e-05   1.065847277460e-04   1.228460073061e-04   7.506851415984e-05  -1.218299218191e+00  -4.284644499080e-07   3.104470264839e-05
  -1.892613371530e-07  -1.349910770434e-07  -1.215308250139e-06  -9.731445657307e-01  -1.101801655503e-06  -3.332702774945e-06  -7.782072880178e-06  -3.214338134144e+00  -5.969713847011e-06   1.038811682746e-05  -7.645373977274e-06  -6.835823642738e+00  -1.537471100113e-06   2.537618838871e-05  -2.761980193658e-06  -7.445753512200e+00   2.371789762677e-06  -1.773711841293e-01  -3.373640164545e-01   6.517260584083e-07  -5.881196136170e-06   1.348317526857e-01   9.494491860417e-01   9.426805648050e-01  -1.000303965713e-01  -1.833620903979e-01  -4.755710533342e-02   2.206378591120e+00  -3.401858528046e-01  -5.585102707294e-01  -1.541959450439e-01   3.279758064243e+00  -9.153947475970e-01  -1.862131065492e+00  -3.935956786167e-01   3.396806494428e+00  -1.209454340394e+00  -4.281340485220e+00  -5.176123949823e-01   2.997796611748e-02   1.414303232478e-02   2.516208535085e-02   2.568127693070e-02   9.757393654026e-02  -1.225873000717e+00  -1.217133870460e+00   5.785686831510e-02  -1.103299459056e-01   6.140486805775e-02  -2.848750141856e+00   1.967609644282e-01  -3.101391925765e-01   1.990952760995e-01  -4.234619480735e+00   5.294506776250e-01  -1.193816584225e+00   5.081974401938e-01  -4.385700189622e+00   6.995179703582e-01  -3.398379112259e+00   6.683127451544e-01  -5.843671860361e-03  -4.609396564235e-03  -3.249072291169e-02  -1.485494076931e-02  -6.517686481239e-02   2.764673525123e-01   2.744964119445e-01   4.217542530566e-02  -2.835730063575e-01  -1.384829731068e-02   6.424689916179e-01   1.434313073844e-01  -8.993096408261e-01  -4.490086387998e-02   9.550250631034e-01   3.859550893110e-01  -2.779172186606e+00  -1.146129813570e-01   9.891154338759e-01   5.099429932078e-01  -5.492963360301e+00  -1.507271596300e-01  -1.288759426892e-01   3.987145673638e-02   7.326860331814e-03  -1.082817392105e-02   4.722622460632e-02   2.638445858619e-05   5.556593326706e-05   7.522560176330e-05   6.138778492284e-05  -4.283771941945e-07  -1.218297755333e+00   1.550770781661e-05
  -5.606550870519e-03  -3.995814459330e-03  -5.389089410067e-07  -1.101801655503e-06  -9.500030782193e-01  -1.906653162528e-01  -3.292526687708e-06  -5.969713847011e-06  -2.990792001537e+00  -5.729714861674e-01  -3.419851377906e-06  -1.537471100113e-06  -6.312532116795e+00  -7.211296316258e-01  -1.434969279810e-06   2.371789762677e-06  -7.050996306303e+00  -5.881196136170e-06  -4.703081685808e-06  -9.861162447821e-02  -2.434578450183e-06   3.425785737643e-06  -4.771946584111e-01  -4.736759069425e-01   5.048328086672e-02  -5.525979770173e-02  -2.686047787557e-01  -1.118116348440e+00   1.745382258048e-01  -1.910523942968e-01  -8.476955528373e-01  -1.732605966179e+00   5.134073755513e-01  -5.619849363443e-01  -2.578119101987e+00  -2.043782419045e+00   8.256245562838e-01  -9.037418832982e-01  -4.985476332778e+00   3.258681291454e-02  -8.773507911074e-02   6.665478113828e-02   8.015146009099e-02   2.950111954176e-03  -4.772099967739e-01  -4.736911738175e-01   2.261573344474e-02   7.135056022044e-02  -2.686093185408e-01  -1.118153998330e+00   7.819037806529e-02   2.466841112411e-01  -8.477101908348e-01  -1.732658977472e+00   2.299953428922e-01   7.256192572385e-01  -2.578158780982e+00  -2.043830798244e+00   3.698574843821e-01   1.166874259268e+00  -4.985530198015e+00  -1.884905097759e-02   1.132795854742e-01   6.665760468071e-02   3.590573847438e-02   2.674649402703e-02  -4.772025696069e-01  -4.736837606367e-01  -7.309876450559e-02  -1.609106276571e-02  -2.686039708705e-01  -1.118134119455e+00  -2.527277306557e-01  -5.563223415529e-02  -8.476925999379e-01  -1.732630934404e+00  -7.434017979863e-01  -1.636425130864e-01  -2.578110890162e+00  -2.043806935025e+00  -1.195482237805e+00  -2.631564394379e-01  -4.985464552676e+00  -1.373962384834e-02  -2.554687072840e-02   6.665580815870e-02  -1.160550982960e-01  -2.969607196426e-02   1.591085339873e+00   3.051281856684e+00   3.202301558468e+00   1.703840179131e+00   2.438537266853e-05   9.549373227244e-06  -3.098840865742e-01
  -1.297421656082e-06  -6.476536751864e-07   7.610229262841e-02  -1.001349729822e-01  -4.394647933953e-06  -3.212894800528e-05   3.748830097219e-01  -4.932119225203e-01  -2.024581776552e-05  -3.917331589302e-05   3.606721298935e-01  -4.744927726075e-01  -1.694423338750e-05  -2.317540358281e-05   1.348259207814e-01  -1.773711841293e-01  -5.881196136170e-06  -1.337381943307e+01  -2.364946359244e-01   2.605713764528e-05   1.797437408697e-01   1.067739727958e-05   1.710936459963e+00   1.696703977315e+00  -1.052212600055e+00   1.261020312483e+00  -8.963245369403e-01   3.975814459387e+00  -2.068278788387e+00   2.597486178128e+00  -2.095269069680e+00   3.248486362425e+00  -3.593551837070e-01   9.008806209310e-01  -1.727137537068e+00   9.481740783457e-01   7.183717888789e-01  -5.857254908774e-01  -3.508647076575e-01  -1.295438258429e+00  -1.188184846435e+00   4.622850982783e-02   9.686666835814e-01  -3.107582217217e-01  -9.897874402067e-01  -9.815559421499e-01  -3.502090798055e-01   1.106609127177e+00   5.185261012426e-01  -2.299895860125e+00  -1.365440427728e+00   2.442887624802e+00   1.212062490774e+00  -1.879042202618e+00  -2.800131812687e+00   1.438040006995e+00   9.990382960420e-01  -5.484619196554e-01  -1.329758919329e+00  -1.349104385804e-01   2.029477470755e-01   9.890127855287e-01  -1.080264539670e+00  -2.682987648231e-02   4.779829839187e-01   1.629729830637e+00  -7.213820237520e-01  -7.153812465342e-01  -8.350577836206e-01   5.757249251119e-01   3.779229493939e-01  -1.676317214780e+00  -1.850883660674e+00   1.911237238850e+00   8.834398640201e-01  -1.369655515216e+00  -1.114490555951e+00   3.283104156820e+00   7.282224500268e-01  -3.997947054546e-01   8.470417114790e-02   1.413417261586e+00   1.479399677796e-01   1.527113464897e+00  -7.091526944754e-01  -1.950460186534e-02   8.168960702549e-01  -1.318941293976e+00  -3.837888441115e-07  -7.834112126214e-06  -1.961660961360e-05  -1.664167619704e-05   1.484241649943e-02  -1.926937717359e-02  -3.654202516886e-06
  -1.180854842403e-06  -5.895328919989e-07  -4.394647933953e-06  -3.843553876645e-01  -1.062670603359e-05  -2.870904450990e-05  -2.024581776552e-05  -1.159278812034e+00  -2.624586803748e-05  -3.339360862190e-05  -1.694423338750e-05  -9.405971729105e-01  -1.585440764693e-05  -1.915195759570e-05  -5.881196136170e-06  -3.373640164545e-01  -4.703081685808e-06  -2.364946359244e-01  -1.282632357145e+01  -2.458571846092e-06  -2.830183951892e-05   1.797940919072e-01   9.413580583671e-01   9.332328432108e-01  -9.130241222427e-01   6.954799690917e-01   1.086100405022e-01   2.213098258166e+00  -2.188042221514e+00   1.453138668804e+00   6.624780313077e-01   1.913836519947e+00  -1.957892409199e+00   5.238073475357e-01   1.765620439826e+00   6.348951237117e-01  -4.695424308215e-01  -4.675653496159e-01   9.710873642755e-01  -1.239140062931e+00   2.649611916505e-01  -1.213083542536e+00  -3.824636968533e-01   5.618698376897e-01  -1.215696325030e+00  -1.205205768573e+00   5.281866320509e-01   1.362372362885e+00  -1.402386850782e-01  -2.857885045609e+00   1.265727677828e+00   3.051142418135e+00  -8.554270283033e-01  -2.471274527301e+00   1.132509962582e+00   1.953463439994e+00  -2.279773830695e+00  -8.198134373577e-01   2.715899338443e-01  -1.247199055697e-01  -1.253820758327e+00  -1.126120302811e+00   5.442497770531e-01   1.566421428537e+00   2.212299001025e-01   1.075795517216e+00   2.741185509890e-01   2.717525565250e-01   3.849639730827e-01  -2.191958842535e-01   3.162145832758e-02   6.444404999409e-01   9.225554228430e-01  -7.388652595121e-01   1.928953443757e-01   5.572938744650e-01   8.255067585531e-01  -1.437637141082e+00   5.141193688115e-01   1.848689075517e-01   1.979555931316e-01  -9.379599058506e-01   2.827683671326e-01  -7.374804370152e-01  -1.181841566396e-01  -3.532376130136e-01   1.612449015413e-01   7.209199038713e-01  -1.332670725023e-04  -9.115828082814e-05  -2.828987246403e-05  -1.378721642384e-05   1.335105411634e-06   4.546749712979e+00  -1.443117463811e-04
   1.408639631094e-02   7.029240162849e-03   6.756269982337e-06   6.542779094426e-06  -2.676698878120e-01   3.696775805251e-01   2.067919308545e-05   1.477648083264e-05  -4.968440511420e-01   5.150095453424e-01   1.511540416651e-05   5.237435003971e-06  -2.995877716734e-01   3.289618516344e-01   5.074176028712e-06   6.517260584083e-07  -9.861162447821e-02   2.605713764528e-05  -2.458571846092e-06  -1.273021803889e+01  -5.810245440955e-06  -1.794540943401e-05   7.186747056938e-01   7.128599591939e-01  -3.760297387433e-01   4.116078770205e-01  -7.264640900931e-01   1.657560189545e+00  -6.544438849383e-01   7.163644275700e-01  -1.950621643846e+00   1.354039621358e+00   1.456150295802e-01  -1.593902028303e-01  -2.462825668998e+00   5.465579893408e-01   2.415857673029e-01  -2.644374226741e-01  -1.071242679934e+00   9.298384489933e-02  -1.199843240650e+00   2.323506242032e-01   1.096132349259e+00   8.417209625661e-03   7.187585325968e-01   7.129446518003e-01  -1.684485639568e-01  -5.314365642343e-01  -7.265823052614e-01   1.657651729570e+00  -2.931331605775e-01  -9.248050824899e-01  -1.950860940556e+00   1.354025171342e+00   6.530585549417e-02   2.060167264370e-01  -2.462988018716e+00   5.465458595398e-01   1.082440860760e-01   3.414755363170e-01  -1.071280098120e+00  -5.387928383772e-02   1.549326947320e+00   2.324743281680e-01   4.910874493949e-01   7.645090463119e-02   7.186660301039e-01   7.128514335959e-01   5.444559389361e-01   1.198506601436e-01  -7.264740566809e-01   1.657533733339e+00   9.475565935376e-01   2.085842714821e-01  -1.950645929668e+00   1.354010365987e+00  -2.108927331481e-01  -4.642707005670e-02  -2.462851578416e+00   5.465452543600e-01  -3.498106343106e-01  -7.700635463237e-02  -1.071252359722e+00  -3.921909543419e-02  -3.493811027458e-01   2.323890801412e-01  -1.587164038662e+00  -8.476366670855e-02  -4.633641574540e+00  -2.767254467978e+00  -1.596713071617e-01   2.231509853855e-01  -3.259544023073e-04  -1.585681272382e-04  -2.246859546197e+00
