ARMA_MAT_TXT_FN008
73 73
  -2.332419507700e+01  -2.336752589845e+01   1.558528619603e-01   1.052387218153e-04  -1.865153878311e-06  -8.252890718013e+00   7.195168765444e-02   4.857483757043e-05  -8.610513024498e-07  -3.747798297799e+00   2.292096716112e-02   1.546475848582e-05  -2.742558701761e-07  -1.582836844166e+00   5.767879653346e-03   3.890024677551e-06  -6.900589252850e-08   5.020186886849e-06  -4.763113659303e-08   5.460980615454e-03  -1.176407419180e-07  -9.424653193144e-03   0.000000000000e+00   0.000000000000e+00  -1.081225793987e-06  -4.856420804566e-05  -4.007347699111e-02  -6.154954801114e-01  -2.693381594629e-06  -5.840112405071e-10   1.282070451217e-11  -1.356884664542e-04  -2.940306688398e-08   6.456853464814e-10  -1.280201866469e-02  -2.768145976957e-06   6.085113555138e-08  -5.396791590871e-01  -1.166178866218e-04   2.563598188942e-06  -1.999227405596e+00  -4.316101953526e-04   9.488144689597e-06  -9.949988559388e-01  -1.447108367154e+00  -3.122659069637e-04   6.864810970770e-06  -4.882685230860e-05   1.573073050384e-10   6.521829141509e-02   1.073479621838e-06  -1.129613454569e-01  -2.569029315195e-01  -1.811087294422e+00  -1.925487447716e+00  -1.179835755963e+00   6.911972599621e-01  -1.028934826068e+00  -1.749910323972e+00  -2.568976600976e-01  -1.811074094347e+00  -1.925482782948e+00  -1.179834736884e+00   6.912410186972e-01  -1.006217745845e+00   1.763021107208e+00  -2.568006852332e-01  -1.810828120855e+00  -1.925395695657e+00  -1.179815702818e+00   6.891425222181e-01   2.030099128642e+00  -1.304865089462e-02
  -2.336752589845e+01  -2.156684208707e+01   2.164993061843e-01   1.461903128433e-04  -2.590933527618e-06  -9.004696612719e+00   6.727274179848e-02   4.542641136106e-05  -8.050827877224e-07  -4.092389535610e+00   1.756930680147e-02   1.186459946695e-05  -2.102646370537e-07  -1.722842287750e+00   4.110689853129e-03   2.776110980546e-06  -4.919669086691e-08   2.512694164521e-06  -2.389231452412e-08   2.724741382954e-03  -5.881108233975e-08  -4.702382727912e-03   5.549876693055e-09   1.407409446479e-08   1.668829387935e-07   2.297627728089e-06  -3.800727428947e-02  -6.650738787082e-01   3.502262082441e-07   7.592970963223e-11  -1.666972106798e-12   5.460908617030e-06   1.182765168121e-09  -2.597929090006e-11  -7.187290206409e-03  -1.556592976783e-06   3.418756755641e-08  -5.778655427957e-01  -1.249891500767e-04   2.746090320320e-06  -2.178455180569e+00  -4.709218670956e-04   1.034700996770e-05  -1.081295677772e+00  -1.576473507230e+00  -3.407509677668e-04   7.486911391720e-06  -4.734149448356e-05   2.078859343545e-10   6.314360005303e-02   1.039982406334e-06  -1.093679036856e-01  -2.680469783408e-01  -1.978599947447e+00  -2.099093046448e+00  -1.283747659009e+00   7.671066397119e-01  -1.146243476623e+00  -1.949411589251e+00  -2.680411653216e-01  -1.978585549862e+00  -2.099087981479e+00  -1.283746556584e+00   7.671555266193e-01  -1.120936542633e+00   1.964017294633e+00  -2.679323623166e-01  -1.978315589072e+00  -2.098992925286e+00  -1.283725860652e+00   7.648155193403e-01   2.261543070239e+00  -1.453623433547e-02
   1.558528619603e-01   2.164993061843e-01  -1.104150841473e+01   3.595581221999e-05  -8.418464973600e-07   5.777003277591e-01  -7.267549147759e+00   3.904372672522e-05  -9.186614479071e-07   3.686940125322e-01  -2.666643281841e+00   1.624970101476e-05  -3.857186591305e-07   1.750966036192e-01  -7.088959615274e-01   4.452161809810e-06  -1.061793875581e-07   2.609812758731e-04   8.973525669656e-08  -2.236044708096e-01  -5.121254469322e-06   3.873349829824e-01   1.193415955347e-05   2.900295276887e-05   2.910737825567e-04   3.600030797215e-03   2.596676094303e-01   8.772309558345e-01   5.872922815469e-04   1.323480394152e-07  -2.905599176907e-09   8.279550531210e-03   1.887025504560e-06  -4.144501325635e-08   2.002473887864e-01   4.678164359366e-05  -1.028739104581e-06   1.366329575307e+00   3.428529361721e-04  -7.551014278493e-06   1.023533644557e+00   3.598050789550e-04  -7.927980105529e-06   4.611963458695e-01   1.772456211689e-01   1.418973452823e-04  -3.127535915899e-06   3.451877499287e-04  -7.581362096302e-10  -4.165313769886e-01  -7.597777763254e-06   7.214528870404e-01  -4.029540734626e-01  -5.054452862825e-01  -5.726104477924e-02   7.193154490078e-02  -6.849553402843e-01  -6.262057255012e-01  -1.065022234635e+00  -4.029816433678e-01  -5.054955736073e-01  -5.728164511945e-02   7.192666508867e-02  -6.848747646651e-01  -6.124366208859e-01   1.073100481774e+00  -4.016717230881e-01  -5.035535574343e-01  -5.655098812740e-02   7.209470321258e-02  -6.872466571775e-01   1.231866769118e+00  -7.918206579587e-03
   1.052387218153e-04   1.461903128433e-04   3.595581221999e-05  -1.090681554053e+01  -3.416779531992e-07   3.897339547424e-04   3.904372672522e-05  -7.118933474823e+00  -3.682863183383e-07   2.481109336794e-04   1.624970101476e-05  -2.602493853919e+00  -1.519631800433e-07   1.176364660648e-04   4.452161809810e-06  -6.909304523156e-01  -4.151083633638e-08   2.961675457505e-01   6.280494076523e-04   2.813555204684e-02   8.973525669656e-08   1.613157290311e-02   2.588673103111e-09   6.291164437323e-09   6.314440291138e-08   7.814636140928e-07   5.746059853750e-05   2.120845795510e-04   1.324329039781e-07  -2.316967622110e-05  -6.338415747574e-13   1.891094681703e-06  -4.315860870582e-04  -9.473907456931e-12   4.727852317692e-05  -1.623924374544e-02  -3.739439948475e-10   3.608076280707e-04  -2.245281839116e-01  -9.990866326941e-09   4.429705840869e-04  -6.299471820263e-01  -3.975368332497e-08   1.461643223829e-04   2.100417538055e-04  -4.617163131746e-01  -2.951979451732e-08  -1.574719896560e-01   1.166813577176e-06  -7.340892996349e-05  -4.857181547390e-09   2.383951915767e-04   6.397751199087e-01   9.931114338074e-01   3.811669370288e-01   8.834448011074e-02  -7.245492765655e-01  -6.026173930416e-02   1.778116938287e+00   6.256497049812e-01   9.711960367445e-01   3.727592393017e-01   8.639719571665e-02  -7.086089217266e-01  -1.058852777643e-01  -1.751920704833e+00  -1.262229707707e+00  -1.959420757554e+00  -7.518272116058e-01  -1.740881688916e-01   1.425860052112e+00   2.965650369016e+00  -2.616813840955e-02
  -1.865153878311e-06  -2.590933527618e-06  -8.418464973600e-07  -3.416779531992e-07  -1.090657204396e+01  -6.912139741622e-06  -9.186614479071e-07  -3.682863183383e-07  -7.118666705600e+00  -4.407419898277e-06  -3.857186591305e-07  -1.519631800433e-07  -2.602380637271e+00  -2.091681389702e-06  -1.061793875581e-07  -4.151083633638e-08  -6.908990695907e-01   8.973525669656e-08   3.286161401689e-02  -5.509568485259e-04   2.962082244910e-01  -3.165853310608e-04  -5.681907870126e-11  -1.380850116316e-10  -1.385897102308e-09  -1.714642253761e-08  -1.249813245036e-06  -4.479165899782e-06  -2.906627107545e-09  -6.336605021164e-13  -2.316970278036e-05  -4.149158453766e-08  -9.464635830972e-12  -4.315862278148e-04  -1.034303684089e-06  -3.727853576257e-10  -1.623917668859e-02  -7.777232764438e-06  -9.954452926113e-09  -2.245239031111e-01  -9.138693943081e-06  -3.962034797914e-08  -6.299238405077e-01  -2.897690076377e-06  -4.164534633841e-06  -2.942029424633e-08  -4.616968308425e-01  -4.839114001599e-09  -1.228234006711e-05   2.936108010339e-06  -1.574705308072e-01  -4.429241937408e-06   1.088021184194e+00   1.688734988713e+00   6.479859355933e-01   1.500868812721e-01  -1.232164759106e+00   1.777952494997e+00   1.918061129395e+00  -1.096172400653e+00  -1.701406152023e+00  -6.528541716184e-01  -1.512167493687e-01   1.241495270528e+00  -1.751758673550e+00   1.963613365731e+00   8.112761772864e-03   1.259255901074e-02   4.830614884743e-03   1.117887601646e-03  -9.164298615852e-03  -2.616572824012e-02  -1.105319729270e+00
  -8.252890718013e+00  -9.004696612719e+00   5.777003277591e-01   3.897339547424e-04  -6.912139741622e-06  -1.244867466149e+01   9.252360439350e-01   6.001766707463e-04  -1.084024622029e-05  -8.927946854359e+00   6.144690220415e-01   3.621937948944e-04  -6.742461228347e-06  -4.619217779907e+00   2.140944609640e-01   1.191368216162e-04  -2.251050002283e-06   1.020992403625e-04  -9.573359912779e-07   1.473465102378e-01  -2.531279258118e-06  -2.544047486136e-01  -3.920269992774e-02  -6.011103618714e-02  -1.132086642529e-01  -1.972576295139e-01  -8.314271764685e-01  -2.401474022024e+00  -8.334050052719e-02  -1.804724508499e-05   3.964058857177e-07  -8.649476355316e-02  -1.865782153055e-05   4.105531700430e-07  -7.916150801003e-01  -1.705003573178e-04   3.754922797474e-06  -2.711399753482e+00  -5.784516348994e-04   1.280020360949e-05  -5.333048943862e+00  -1.113712023007e-03   2.478170224915e-05  -3.096980779191e+00  -4.015334079282e+00  -8.298959935468e-04   1.847259527802e-05  -5.343834845567e-04  -3.433272280852e-09   7.200787088733e-01   1.180164959874e-05  -1.247209497056e+00  -1.941133567461e+00  -4.720191806823e+00  -5.194879385391e+00  -3.515157332511e+00   1.573953752108e+00  -2.121097017166e+00  -3.607594046453e+00  -1.941112788232e+00  -4.720163276521e+00  -5.194865894306e+00  -3.515153710937e+00   1.574047655935e+00  -2.074276529388e+00   3.634639805934e+00  -1.940825209944e+00  -4.719757208211e+00  -5.194679981695e+00  -3.515105979018e+00   1.570004999336e+00   4.185846935686e+00  -2.690679607754e-02
   7.195168765444e-02   6.727274179848e-02  -7.267549147759e+00   3.904372672522e-05  -9.186614479071e-07   9.252360439350e-01  -1.008268398271e+01   8.950518538921e-05  -2.287983138478e-06   1.119747637985e+00  -6.550896243757e+00   2.409218127109e-05  -8.713616753668e-07   7.112902462935e-01  -2.296237121669e+00  -1.377862789779e-06  -1.012399915282e-07   7.466524963720e-04   4.964018109075e-07  -6.724944817854e-01  -1.552659395994e-05   1.164963524998e+00   1.822199570998e-01   2.761300147207e-01   4.937642723861e-01   7.861350480244e-01   2.154050020577e+00   3.178753444351e+00   3.253304675630e-01   7.812373208128e-05  -1.715973925078e-06   2.488222259033e-01   6.143824098958e-05  -1.352194842148e-06   2.161332711505e+00   5.361859477829e-04  -1.180405777026e-05   4.320712606978e+00   1.147309455561e-03  -2.533010479357e-05   2.623541196655e+00   9.835846439763e-04  -2.176831335577e-05   1.663133025120e+00   5.030995783257e-01   4.376116216910e-04  -9.713255252906e-06   1.234256236237e-03   5.708206276819e-09  -1.377772127971e+00  -2.723768882100e-05   2.386363823178e+00  -1.062459720759e+00  -1.045482365868e+00  -1.813317655194e-02   3.530250679796e-01  -1.776292121448e+00  -8.360919407364e-01  -1.422081742734e+00  -1.062539078301e+00  -1.045593980897e+00  -1.819090859446e-02   3.530089107672e-01  -1.776174128234e+00  -8.177112030799e-01   1.432874106319e+00  -1.059223915482e+00  -1.041391625122e+00  -1.616852425522e-02   3.535570657001e-01  -1.779531238440e+00   1.644911321867e+00  -1.057393765092e-02
   4.857483757043e-05   4.542641136106e-05   3.904372672522e-05  -7.118933474823e+00  -3.682863183383e-07   6.001766707463e-04   8.950518538921e-05  -9.549143404526e+00  -8.679951123490e-07   6.600261881036e-04   2.409218127109e-05  -5.980353778349e+00  -4.805992548301e-07   3.958106099918e-04  -1.377862789779e-06  -2.058280725151e+00  -1.433632525460e-07   7.276774136521e-01   2.541920842675e-03   1.138032585652e-01   4.964018109075e-07   6.549742245860e-02   3.952586010027e-05   5.989658521315e-05   1.071139689420e-04   1.706040758228e-04   4.713899067357e-04   7.376649163747e-04   7.826569434787e-05  -3.543649874415e-02  -3.773851904790e-10   6.192432742072e-05  -3.613945676108e-02  -3.584407483060e-10   5.418465142930e-04  -3.264539588893e-01  -4.297407717755e-09   1.192580763645e-03  -1.030249002940e+00  -4.166396081463e-08   1.185012196571e-03  -1.899787208782e+00  -1.715924640579e-07   4.907261060654e-04   6.296296020180e-04  -1.433936688666e+00  -1.226310999416e-07  -9.805530563568e-01   8.093771310795e-06  -1.501568663971e-04  -2.230468871205e-08   1.037704093937e-03   1.689689439640e+00   2.127175112575e+00   1.006109486574e+00   2.703790547022e-01  -1.063180578386e+00  -9.502841889341e-01   2.394894826296e+00   1.652392915664e+00   2.080235795118e+00   9.839177255894e-01   2.644200517548e-01  -1.039785446156e+00  -1.011724424044e+00  -2.359618235582e+00  -3.334144360908e+00  -4.197093231957e+00  -1.984381543094e+00  -5.327036839005e-01   2.093023733647e+00   3.125754597516e+00  -3.524986729545e-02
  -8.610513024498e-07  -8.050827877224e-07  -9.186614479071e-07  -3.682863183383e-07  -7.118666705600e+00  -1.084024622029e-05  -2.287983138478e-06  -8.679951123490e-07  -9.548359225392e+00  -1.228679520664e-05  -8.713616753668e-07  -4.805992548301e-07  -5.979776781404e+00  -7.478707778497e-06  -1.012399915282e-07  -1.433632525460e-07  -2.058083003060e+00   4.964018109075e-07   1.323622559397e-01  -2.218069746420e-03   7.278463283885e-01  -1.278723718317e-03  -8.675575595819e-07  -1.314673022309e-06  -2.350961428329e-06  -3.743814675001e-06  -1.030191528616e-05  -1.574662467961e-05  -1.717758913200e-06  -3.770964885902e-10  -3.543651238931e-02  -1.358047711133e-06  -3.573960314179e-10  -3.613943039275e-02  -1.186945457393e-05  -4.284642913116e-09  -3.264530905899e-01  -2.583906609148e-05  -4.155882232820e-08  -1.030229955302e+00  -2.461567716668e-05  -1.712510881686e-07  -1.899663223354e+00  -9.957571613280e-06  -1.272612367862e-05  -1.223704235003e-07  -1.433818092869e+00  -2.223128138264e-08  -3.226419945636e-05   1.167869388739e-05  -9.805451527855e-01  -1.783957845040e-05   2.873541328176e+00   3.617068020215e+00   1.710248983449e+00   4.592647389036e-01  -1.808043279808e+00   2.394525214308e+00   1.714272681814e+00  -2.895086223680e+00  -3.644211912129e+00  -1.723099971300e+00  -4.627239315097e-01   1.821726279105e+00  -2.359254238760e+00   1.775638302517e+00   2.142964077726e-02   2.697252631778e-02   1.274855538773e-02   3.419814272327e-03  -1.345231779374e-02  -3.524425547700e-02  -2.357779618898e+00
  -3.747798297799e+00  -4.092389535610e+00   3.686940125322e-01   2.481109336794e-04  -4.407419898277e-06  -8.927946854359e+00   1.119747637985e+00   6.600261881036e-04  -1.228679520664e-05  -9.732517021845e+00   1.647542892120e+00   7.368384761384e-04  -1.459890927320e-05  -6.868164414509e+00   9.219630262620e-01   3.614692325683e-04  -7.342398709855e-06   8.025934215316e-05  -9.272516768392e-07   2.251057250280e-01  -2.249260664227e-06  -3.889327011018e-01  -7.090416936876e-01  -1.039427996603e+00  -1.623895257699e+00  -2.124780677500e+00  -3.443161610460e+00  -4.930901127313e+00  -3.726162867044e-01  -8.040396641433e-05   1.768670689061e-06  -1.703734069882e-01  -3.619579398542e-05   8.016423205332e-07  -1.793286636787e+00  -3.832002799963e-04   8.466603071232e-06  -3.724146029382e+00  -7.856115261501e-04   1.746786328958e-05  -6.156091145240e+00  -1.252402041877e-03   2.808929370182e-05  -5.231634865985e+00  -5.192718599044e+00  -1.036726638844e-03   2.322329233004e-05  -4.367656220678e-04  -1.701098303009e-08   5.996556080771e-01   9.732218217831e-06  -1.038622176585e+00  -2.402413609913e+00  -5.204397990560e+00  -6.690368960618e+00  -5.426869071237e+00   1.102383448738e+00  -1.279634017812e+00  -2.176634244857e+00  -2.402398281498e+00  -5.204372046708e+00  -6.690348445168e+00  -5.426861063505e+00   1.102438048025e+00  -1.251388974601e+00   2.192954205638e+00  -2.402283340923e+00  -5.204212359258e+00  -6.690316265066e+00  -5.426868968208e+00   1.100168286565e+00   2.525687692148e+00  -1.623691367665e-02
   2.292096716112e-02   1.756930680147e-02  -2.666643281841e+00   1.624970101476e-05  -3.857186591305e-07   6.144690220415e-01  -6.550896243757e+00   2.409218127109e-05  -8.713616753668e-07   1.647542892120e+00  -9.118505327299e+00  -1.769290755442e-04   3.304924668402e-06   1.680872472786e+00  -5.463402395822e+00  -1.573225794530e-04   3.159266873147e-06   5.884878443816e-04   4.640441492669e-07  -5.776628406635e-01  -1.255027624512e-05   1.000673489586e+00   1.815595928920e+00   2.652240513121e+00   4.079705552845e+00   5.195723321411e+00   7.268397659270e+00   7.558695615313e+00   6.480348482398e-01   2.013624655551e-04  -4.429322815884e-06   2.419374765311e-01   7.735178832791e-05  -1.713682264160e-06   2.678467776089e+00   8.546012561656e-04  -1.886911860814e-05   4.110014514746e+00   1.415677134459e-03  -3.136421249965e-05   2.497501343023e+00   1.378168554872e-03  -3.062409857615e-05   4.304239174149e+00   1.410326118241e-01   7.677056819637e-04  -1.710605476501e-05   5.951362306832e-04   2.682970591389e-08  -4.206992037391e-01  -1.326074560381e-05   7.286524236121e-01  -9.437093403081e-01  -1.135856917499e+00   2.210440244371e-02   8.749516002415e-01  -1.838886214058e+00  -3.893909733681e-01  -6.623760521412e-01  -9.437836671140e-01  -1.135978851939e+00   2.200598731109e-02   8.749122576512e-01  -1.838823166474e+00  -3.808311465536e-01   6.674038471273e-01  -9.409441223233e-01  -1.131525580181e+00   2.539894193743e-02   8.762267306829e-01  -1.840582116206e+00   7.662049103240e-01  -4.925965834525e-03
   1.546475848582e-05   1.186459946695e-05   1.624970101476e-05  -2.602493853919e+00  -1.519631800433e-07   3.621937948944e-04   2.409218127109e-05  -5.980353778349e+00  -4.805992548301e-07   7.368384761384e-04  -1.769290755442e-04  -7.532469782967e+00  -2.898600437773e-07   6.590108990016e-04  -1.573225794530e-04  -4.389969178529e+00  -8.793007887423e-08   5.523220173995e-01   1.944247910269e-03   8.703340163744e-02   4.640441492669e-07   5.014636845167e-02   3.938261861941e-04   5.753091132800e-04   8.850161152487e-04   1.127427509959e-03   1.583314399608e-03   1.688876255701e-03   2.024429685354e-04  -2.850983316700e-01  -9.979152791672e-10   7.930210028962e-05  -1.225054040701e-01  -6.587127079719e-10   8.694432277649e-04  -1.315831763526e+00  -8.011239002180e-09   1.472627320615e-03  -2.555118990220e+00  -4.992471878442e-08   1.590886621457e-03  -3.942235989889e+00  -1.825204038977e-07   1.089272344156e-03   9.976284510647e-04  -3.339844864856e+00  -1.211040083226e-07  -1.373701474095e+00   1.294677065075e-05   1.923025112503e-04  -2.221734601210e-08   9.206740968112e-04   1.494783437269e+00   2.269401897847e+00   1.631788917445e+00   6.163252757103e-01  -5.792856613195e-01  -1.480907444231e+00   1.111941724255e+00   1.461795420954e+00   2.219325991426e+00   1.595793514653e+00   6.027378904960e-01  -5.665326880485e-01  -1.509427967911e+00  -1.095564398990e+00  -2.949868007996e+00  -4.478121099435e+00  -3.218921473970e+00  -1.214826208248e+00   1.140998851076e+00   4.117757264251e-01  -1.636902183160e-02
  -2.742558701761e-07  -2.102646370537e-07  -3.857186591305e-07  -1.519631800433e-07  -2.602380637271e+00  -6.742461228347e-06  -8.713616753668e-07  -4.805992548301e-07  -5.979776781404e+00  -1.459890927320e-05   3.304924668402e-06  -2.898600437773e-07  -7.531796519202e+00  -1.338625901915e-05   3.159266873147e-06  -8.793007887423e-08  -4.389661323930e+00   4.640441492669e-07   1.011883929843e-01  -1.695507435171e-03   5.524541173121e-01  -9.783990932572e-04  -8.644135361126e-06  -1.262748874977e-05  -1.942462504972e-05  -2.474222429991e-05  -3.468560836050e-05  -3.662899266293e-05  -4.443101153456e-06  -9.957596542304e-10  -2.850983510041e-01  -1.738082469655e-06  -6.547199029479e-10  -1.225052361160e-01  -1.905203335641e-05  -7.980252266171e-09  -1.315829506118e+00  -3.203868961773e-05  -4.979987913954e-08  -2.555093462236e+00  -3.375366139023e-05  -1.821864859375e-07  -3.942067555784e+00  -2.309595835724e-05  -2.095211726127e-05  -1.208435959386e-07  -3.339660930653e+00  -2.213633986204e-08   4.298162975324e-05   7.664217511208e-06  -1.373691413172e+00  -1.330591401579e-05   2.542089292776e+00   3.859016555651e+00   2.774095485007e+00   1.047217063606e+00  -9.851401614748e-01   1.111659293782e+00  -2.437197129319e-01  -2.561160192380e+00  -3.887979623018e+00  -2.794936163341e+00  -1.055099305473e+00   9.925852513990e-01  -1.095286331334e+00  -2.152230100360e-01   1.895985326982e-02   2.877920838952e-02   2.068129330421e-02   7.800599315552e-03  -7.333507873942e-03  -1.636466107580e-02  -2.134371609385e+00
  -1.582836844166e+00  -1.722842287750e+00   1.750966036192e-01   1.176364660648e-04  -2.091681389702e-06  -4.619217779907e+00   7.112902462935e-01   3.958106099918e-04  -7.478707778497e-06  -6.868164414509e+00   1.680872472786e+00   6.590108990016e-04  -1.338625901915e-05  -7.081035004690e+00   1.448235479921e+00   4.924081071728e-04  -1.025492594463e-05   3.207959226810e-05  -4.986210210780e-07   1.530628029531e-01  -1.028233123999e-06  -2.645412574553e-01  -9.088928121475e-01  -1.330275329215e+00  -2.063545743199e+00  -2.667193158355e+00  -4.079683557807e+00  -5.458082853048e+00  -1.505422813326e-01  -3.212583747630e-05   7.099670542376e-07  -7.777059706928e-02  -1.597463425729e-05   3.588787970367e-07  -7.803824906856e-01  -1.627425473203e-04   3.632692795863e-06  -1.748412822337e+00  -3.570126627409e-04   8.046206747685e-06  -3.599709820014e+00  -6.993305176322e-04   1.589978060741e-05  -6.162935976646e+00  -3.906236311487e+00  -7.456477044917e-04   1.684564229356e-05  -9.356740679385e-05  -1.845256924731e-08   1.370154441905e-01   2.154140871642e-06  -2.373054758176e-01  -1.540223404710e+00  -3.575395361295e+00  -5.684230535496e+00  -6.019804994596e+00   4.852856325282e-01  -4.648881603142e-01  -7.908804752751e-01  -1.540216538871e+00  -3.575380584130e+00  -5.684212135982e+00  -6.019794352509e+00   4.853034412035e-01  -4.546260440962e-01   7.968089045135e-01  -1.540207175732e+00  -3.575401196134e+00  -5.684352372912e+00  -6.019896292774e+00   4.845475595900e-01   9.177213969004e-01  -5.900669698989e-03
   5.767879653346e-03   4.110689853129e-03  -7.088959615274e-01   4.452161809810e-06  -1.061793875581e-07   2.140944609640e-01  -2.296237121669e+00  -1.377862789779e-06  -1.012399915282e-07   9.219630262620e-01  -5.463402395822e+00  -1.573225794530e-04   3.159266873147e-06   1.448235479921e+00  -6.164566577846e+00  -1.891023614300e-04   3.939672491146e-06   2.120815681617e-04   1.683946154702e-07  -2.171763164193e-01  -4.554431792917e-06   3.762056853308e-01   1.278054685851e+00   1.868571596050e+00   2.884370375465e+00   3.694896631740e+00   5.353021106216e+00   6.225765301535e+00   8.343540350523e-03   4.482833122838e-05  -9.906006196669e-07   1.305530978889e-02   2.105499164276e-05  -4.727317313677e-07   7.802382850564e-02   2.155060966912e-04  -4.803362670715e-06   9.316415197176e-02   4.207538251118e-04  -9.425468608851e-06  -6.779141464799e-01   6.428219548989e-04  -1.441049685073e-05   4.900934517296e+00  -1.683348501170e+00   5.471699498340e-04  -1.225136176540e-05   3.021638848567e-05   1.876734122291e-08   6.106064203130e-02  -7.336783137732e-07  -1.057730939806e-01  -3.664622538313e-01  -5.716841014665e-01  -1.184017325370e-01   6.387973449644e-01  -8.073692941490e-01  -8.326608972071e-02  -1.416668708985e-01  -3.664917434313e-01  -5.717443087908e-01  -1.184773646659e-01   6.387479184630e-01  -8.073529738694e-01  -8.143568296641e-02   1.427421641126e-01  -3.654074498562e-01  -5.695875587415e-01  -1.158732126767e-01   6.404217379293e-01  -8.078073591557e-01   1.638648101244e-01  -1.053707804586e-03
   3.890024677551e-06   2.776110980546e-06   4.452161809810e-06  -6.909304523156e-01  -4.151083633638e-08   1.191368216162e-04  -1.377862789779e-06  -2.058280725151e+00  -1.433632525460e-07   3.614692325683e-04  -1.573225794530e-04  -4.389969178529e+00  -8.793007887423e-08   4.924081071728e-04  -1.891023614300e-04  -5.069598534462e+00  -2.613420319958e-08   1.979891306352e-01   6.608178544145e-04   2.957971215939e-02   1.683946154702e-07   1.705015589930e-02   2.772265535919e-04   4.053200313040e-04   6.257089077538e-04   8.017417244682e-04   1.165008674810e-03   1.376125358349e-03   4.557215365610e-05  -2.016887557256e-01  -2.400224097676e-10   2.231386960010e-05  -8.937251223982e-02  -2.850681157018e-10   2.246963643762e-04  -9.526144709441e-01  -3.285874085167e-09   4.520434072702e-04  -1.944736713554e+00  -2.286000260389e-08   7.574722203241e-04  -3.771673755818e+00  -8.866705532627e-08   1.159888231188e-03   6.902002909437e-04  -4.247376152125e+00  -6.315157330258e-08  -3.798636187589e-01   5.354378680099e-06   1.711112831989e-04  -7.850632243434e-09   2.321713890725e-04   5.788953613022e-01   1.111011643730e+00   1.266517811131e+00   8.089461918154e-01  -1.560149758041e-01  -7.390516884689e-01   2.398383024761e-01   5.661209544956e-01   1.086497158291e+00   1.238577788828e+00   7.911063457180e-01  -1.525782001228e-01  -7.452016852542e-01  -2.363055326569e-01  -1.142467567722e+00  -2.192441762232e+00  -2.498749361093e+00  -1.595317026132e+00   3.074598980902e-01  -3.308052694796e-01  -3.531236418899e-03
  -6.900589252850e-08  -4.919669086691e-08  -1.061793875581e-07  -4.151083633638e-08  -6.908990695907e-01  -2.251050002283e-06  -1.012399915282e-07  -1.433632525460e-07  -2.058083003060e+00  -7.342398709855e-06   3.159266873147e-06  -8.793007887423e-08  -4.389661323930e+00  -1.025492594463e-05   3.939672491146e-06  -2.613420319958e-08  -5.069398677649e+00   1.683946154702e-07   3.439549000218e-02  -5.763039085501e-04   1.980344017271e-01  -3.326861431037e-04  -6.084876883131e-06  -8.896390069071e-06  -1.373328214047e-05  -1.759503075671e-05  -2.553450922341e-05  -2.998997167628e-05  -1.000127100580e-06  -2.385474537730e-10  -2.016887488268e-01  -4.887567149139e-07  -2.825505658411e-10  -8.937239686476e-02  -4.919771526639e-06  -3.267369383123e-09  -9.526130592543e-01  -9.816670926539e-06  -2.279588830298e-08  -1.944723332340e+00  -1.615305496685e-05  -8.849918346206e-08  -3.771580305592e+00  -2.500206816079e-05  -1.471638821688e-05  -6.300529524621e-08  -4.247254974298e+00  -7.819987397658e-09   1.076212007231e-04  -3.267368868687e-07  -3.798593938149e-01  -3.118240592992e-06   9.844951699843e-01   1.889268005869e+00   2.153351389205e+00   1.375011480864e+00  -2.653214627436e-01   2.397350274546e-01  -4.721878505125e-01  -9.918828288767e-01  -1.903448848210e+00  -2.169525051208e+00  -1.385350270687e+00   2.673229071689e-01  -2.362038627133e-01  -4.660410658571e-01   7.343063246882e-03   1.409031114298e-02   1.605593856722e-02   1.024768713464e-02  -1.976133461550e-03  -3.529631990142e-03  -8.799886750503e-01
   5.020186886849e-06   2.512694164521e-06   2.609812758731e-04   2.961675457505e-01   8.973525669656e-08   1.020992403625e-04   7.466524963720e-04   7.276774136521e-01   4.964018109075e-07   8.025934215316e-05   5.884878443816e-04   5.523220173995e-01   4.640441492669e-07   3.207959226810e-05   2.120815681617e-04   1.979891306352e-01   1.683946154702e-07  -8.404031049244e+00   1.258376321961e-03   5.640160468253e-02   3.056968192751e-07   3.241978558724e-02  -5.855377510227e-05  -9.037353775982e-05  -1.729791398781e-04  -2.971244628156e-04  -7.983517177003e-04  -7.749260554941e-04  -1.490419270100e-04   5.783032182493e-02   7.772411707465e-10  -1.343048196312e-04   7.192184532423e-02   8.318002710717e-10  -1.041676137166e-03   5.991945249852e-01   8.628636273922e-09  -1.619089825507e-03   1.509797092281e+00   4.236933187672e-08  -4.531634468540e-04   1.300083368569e+00   9.680449921568e-08  -1.791958829949e-04   1.416112425816e-05   5.426596910402e-01   9.142502642569e-08   1.745464195507e+00  -1.415940360493e-05   2.894541065916e-04   3.706444964791e-08  -1.845302979503e-03   8.635303172129e-01   4.449658779488e-01   2.112106103478e-02  -1.447699620031e-02   1.134178808686e+00  -3.209903152914e-01   1.015278255012e+00   8.445407477845e-01   4.351961569963e-01   2.066643526847e-02  -1.415569168960e-02   1.109074511772e+00  -3.470680072489e-01  -1.000415880213e+00  -1.698940259665e+00  -8.745046625724e-01  -4.076916988309e-02   2.875543867808e-02  -2.242797544239e+00   1.402405283462e+00  -1.489590387791e-02
  -4.763113659303e-08  -2.389231452412e-08   8.973525669656e-08   6.280494076523e-04   3.286161401689e-02  -9.573359912779e-07   4.964018109075e-07   2.541920842675e-03   1.323622559397e-01  -9.272516768392e-07   4.640441492669e-07   1.944247910269e-03   1.011883929843e-01  -4.986210210780e-07   1.683946154702e-07   6.608178544145e-04   3.439549000218e-02   1.258376321961e-03  -8.094149161352e+00   8.483463628172e-06   6.529666908026e-02   6.794373526830e-06   2.787771282721e-10   4.302672722653e-10   8.228633490580e-10   1.393286400476e-09  -6.259667180020e-09  -1.969621952181e-07   7.683621915364e-10  -2.752107143585e-07   1.255287306908e-05   6.737423773226e-10  -3.365370485940e-07   1.593654191718e-05   2.562417363122e-09  -2.303111776908e-06   1.591616042701e-04  -1.149828052452e-07   2.616627445027e-05   2.063750374903e-03  -6.457341278814e-07   3.542551469870e-04   1.899043232489e-02  -3.698450613589e-07  -4.562397033448e-07   3.718712795210e-04   1.955309850525e-02  -1.136022765952e-06  -2.566082700303e-01   5.725469595852e-09   8.744110789440e-04  -4.656226337620e-09  -2.343699990914e+00  -1.539178398209e+00  -3.050841811689e-01  -3.537151764663e-02   1.293805456566e+00   8.990646441281e-01  -1.397039001479e+00   2.309173101533e+00   1.516514859478e+00   3.005931604938e-01   3.485048968651e-02  -1.274837203357e+00  -9.818972462016e-01  -1.409587701640e+00   3.449306547606e-02   2.265099427193e-02   4.488562360338e-03   5.198834777674e-04  -1.899604142438e-02  -3.065757981789e-02  -3.050852657670e+00
   5.460980615454e-03   2.724741382954e-03  -2.236044708096e-01   2.813555204684e-02  -5.509568485259e-04   1.473465102378e-01  -6.724944817854e-01   1.138032585652e-01  -2.218069746420e-03   2.251057250280e-01  -5.776628406635e-01   8.703340163744e-02  -1.695507435171e-03   1.530628029531e-01  -2.171763164193e-01   2.957971215939e-02  -5.763039085501e-04   5.640160468253e-02   8.483463628172e-06  -8.254975923918e+00  -1.095841407466e-03   2.800429053326e-01   7.792537648048e-02   1.202713544923e-01   2.301841996379e-01   3.952233672287e-01   1.053884092182e+00   1.012236563235e+00   1.816290912680e-01   3.934183152837e-05  -1.341008266147e-06   1.576689547227e-01   3.426423928345e-05  -1.346944110231e-06   1.207665511744e+00   2.847910848948e-04  -1.115805998186e-05   1.680338986422e+00   1.852246908920e-03  -4.946320658414e-05   3.155659306149e-01   1.620109434949e-02  -3.256496070690e-04   3.068314474805e-01  -1.129442370564e-02   1.676047913201e-02  -3.300993524849e-04   8.584011053719e-04  -9.571077155976e-11  -9.076085378033e-01  -3.453613218452e-05   1.127563540459e+00  -1.743637247579e+00  -1.139358973211e+00  -1.340643824404e-01   7.659713446068e-02   1.498071171915e+00  -2.188612970886e+00   8.325951077374e-01  -1.795635963138e+00  -1.173521599555e+00  -1.408408912292e-01   7.581031336936e-02   1.526893122729e+00  -2.177871652050e+00  -7.730190403498e-01   1.707874393463e+00   1.127423188552e+00   3.153165181824e-01   1.287175072927e-01  -4.068271969384e-01  -7.110258788410e-01   3.853762081465e-02
  -1.176407419180e-07  -5.881108233975e-08  -5.121254469322e-06   8.973525669656e-08   2.962082244910e-01  -2.531279258118e-06  -1.552659395994e-05   4.964018109075e-07   7.278463283885e-01  -2.249260664227e-06  -1.255027624512e-05   4.640441492669e-07   5.524541173121e-01  -1.028233123999e-06  -4.554431792917e-06   1.683946154702e-07   1.980344017271e-01   3.056968192751e-07   6.529666908026e-02  -1.095841407466e-03  -8.403644189242e+00  -6.300143746259e-04   1.285203411760e-06   1.983613045028e-06   3.796579791818e-06   6.520137879619e-06   1.745320231981e-05   1.672432578270e-05   3.271142340301e-06   7.767630103860e-10   5.783035137246e-02   2.945537643715e-06   8.297689280854e-10   7.192180465121e-02   2.281850912751e-05   8.604278963952e-09   5.991930323238e-01   3.519398694178e-05   4.224268021451e-08   1.509780044570e+00   9.506956733173e-06   9.665188462610e-08   1.300074848042e+00   3.663645698984e-06  -5.777194031477e-07   9.133864658204e-08   5.426718426059e-01   3.693863874707e-08   1.896532332073e-04  -2.323794305781e-05   1.745452485589e+00   3.059724439488e-05   1.468538692456e+00   7.565007234715e-01   3.571199838276e-02  -2.470191723240e-02   1.928755924923e+00   1.015077671976e+00   8.085431670763e-01  -1.479673989306e+00  -7.622642530968e-01  -3.600085432418e-02   2.488342762147e-02  -1.943095377719e+00  -1.000218438622e+00   8.346355339099e-01   1.091956700659e-02   5.618867621208e-03   2.600893149864e-04  -1.857403485106e-04   1.441464154696e-02  -1.489275966092e-02  -9.148158574855e-01
  -9.424653193144e-03  -4.702382727912e-03   3.873349829824e-01   1.613157290311e-02  -3.165853310608e-04  -2.544047486136e-01   1.164963524998e+00   6.549742245860e-02  -1.278723718317e-03  -3.889327011018e-01   1.000673489586e+00   5.014636845167e-02  -9.783990932572e-04  -2.645412574553e-01   3.762056853308e-01   1.705015589930e-02  -3.326861431037e-04   3.241978558724e-02   6.794373526830e-06   2.800429053326e-01  -6.300143746259e-04  -8.579396040065e+00  -1.349706985681e-01  -2.083160770773e-01  -3.986906908913e-01  -6.845468747860e-01  -1.825375305851e+00  -1.753124407409e+00  -3.145907785369e-01  -9.321876100888e-05   1.771710791677e-06  -2.730905837811e-01  -8.995522926435e-05   1.635417357019e-06  -2.091736127376e+00  -6.968123853194e-04   1.249894068347e-05  -2.910366716548e+00  -4.229833186060e-04   4.238515630420e-06  -5.460627131287e-01   8.599713858094e-03  -1.718281852920e-04  -5.311192759829e-01   2.005975481745e-02   9.415291175449e-03  -1.851950278724e-04  -1.491082697774e-03   5.496579156294e-09   1.127560794437e+00   2.378803054174e-05  -2.209596670578e+00   4.124262775145e-01   2.613030913782e-01  -1.066893069378e-01  -1.716031297806e-01  -1.155301742580e+00  -1.227268975842e+00   5.427023861149e-01   3.823058370271e-01   2.415317488462e-01  -1.106016817465e-01  -1.720550073891e-01  -1.138768064278e+00  -1.221927224288e+00  -5.086695582243e-01   2.408276307227e+00   1.571685140245e+00   1.527887269771e-01  -1.415882543100e-01  -2.250819976687e+00  -4.870840808143e-01   2.274353973356e-02
   0.000000000000e+00   5.549876693055e-09   1.193415955347e-05   2.588673103111e-09  -5.681907870126e-11  -3.920269992774e-02   1.822199570998e-01   3.952586010027e-05  -8.675575595819e-07  -7.090416936876e-01   1.815595928920e+00   3.938261861941e-04  -8.644135361126e-06  -9.088928121475e-01   1.278054685851e+00   2.772265535919e-04  -6.084876883131e-06  -5.855377510227e-05   2.787771282721e-10   7.792537648048e-02   1.285203411760e-06  -1.349706985681e-01  -9.744580351037e+01  -1.399624991789e+02  -5.731660948685e+01  -3.021477238639e+01  -9.984514541313e+00  -4.349841213268e+00  -5.141993861284e-03  -8.001082332383e-07   2.043596025879e-08   3.097224677640e-03   4.819365856165e-07  -1.230938078346e-08  -2.667679256095e-04  -4.150981494769e-08   1.060222721604e-09  -7.856206947231e-05  -1.222447173232e-08   3.122312808800e-10  -1.658438908732e-05  -2.580576058619e-09   6.591176991809e-11  -1.603708353671e+00  -5.972774502432e-06  -9.293799610796e-10   2.373775342004e-11  -1.669571667142e-10  -1.152951672916e-13   2.777539160349e-07   4.130776548828e-12  -4.810067775992e-07   0.000000000000e+00  -1.053483881335e-02  -3.670466091651e-01  -6.292886651631e-01   3.257374001089e-05  -7.975791337018e-06  -1.357452291903e-05   0.000000000000e+00  -1.053382005559e-02  -3.670353881071e-01  -6.292819189447e-01   3.256694724731e-05  -7.797962543473e-06   1.367314874756e-05   0.000000000000e+00  -1.055950935647e-02  -3.673181153818e-01  -6.294518567590e-01   3.273430837721e-05   1.584318517053e-05  -1.019251027157e-07
   0.000000000000e+00   1.407409446479e-08   2.900295276887e-05   6.291164437323e-09  -1.380850116316e-10  -6.011103618714e-02   2.761300147207e-01   5.989658521315e-05  -1.314673022309e-06  -1.039427996603e+00   2.652240513121e+00   5.753091132800e-04  -1.262748874977e-05  -1.330275329215e+00   1.868571596050e+00   4.053200313040e-04  -8.896390069071e-06  -9.037353775982e-05   4.302672722653e-10   1.202713544923e-01   1.983613045028e-06  -2.083160770773e-01  -1.399624991789e+02  -1.242447974553e+02  -6.961474800013e+01  -4.070369900518e+01  -1.434179284698e+01  -6.331296267361e+00  -3.379715776438e-02  -5.258929690861e-06   1.343209252218e-07   2.844506387956e-02   4.426129322400e-06  -1.130499589622e-07  -3.782288907886e-03  -5.885344435105e-07   1.503204941392e-08  -1.168568419306e-03  -1.818324250499e-07   4.644271934362e-09  -2.518929903979e-04  -3.919523456258e-08   1.001104878792e-09  -2.345562806158e+00  -9.114974578562e-05  -1.418314841054e-08   3.622588110223e-10  -1.205081606476e-08  -8.321900051101e-12   2.004802440824e-05   2.981556849238e-10  -3.471863063343e-05   0.000000000000e+00  -1.604735165507e-02  -5.385241300942e-01  -9.213905121743e-01   5.991719118196e-05  -1.467126314153e-05  -2.496998560091e-05   0.000000000000e+00  -1.604581213651e-02  -5.385077077945e-01  -9.213806433009e-01   5.990495710003e-05  -1.434421408381e-05   2.515151475554e-05   0.000000000000e+00  -1.608463247695e-02  -5.389214831651e-01  -9.216292394211e-01   6.020620473653e-05   2.914006236536e-05  -1.874688551170e-07
  -1.081225793987e-06   1.668829387935e-07   2.910737825567e-04   6.314440291138e-08  -1.385897102308e-09  -1.132086642529e-01   4.937642723861e-01   1.071139689420e-04  -2.350961428329e-06  -1.623895257699e+00   4.079705552845e+00   8.850161152487e-04  -1.942462504972e-05  -2.063545743199e+00   2.884370375465e+00   6.257089077538e-04  -1.373328214047e-05  -1.729791398781e-04   8.228633490580e-10   2.301841996379e-01   3.796579791818e-06  -3.986906908913e-01  -5.731660948685e+01  -6.961474800013e+01  -6.218874187364e+01  -4.677892336903e+01  -2.056090831365e+01  -9.586444395317e+00  -1.265508408722e-01  -1.969165511212e-05   5.029543061596e-07   1.015208758429e-01   1.579692446136e-05  -4.034770635923e-07  -5.002966077577e-02  -7.784751318785e-06   1.988341851345e-07  -1.815124829985e-02  -2.824383614615e-06   7.213897933576e-08  -4.211356877757e-03  -6.552985868708e-07   1.673730543272e-08  -3.626638561534e+00  -1.550115599220e-03  -2.412022042161e-07   6.160664838732e-09  -6.242206985668e-07  -4.310664303011e-10   1.038468410248e-03   1.544417813070e-08  -1.798391723079e-03   0.000000000000e+00  -2.953159828734e-02  -8.444346196540e-01  -1.431661034443e+00   2.383851200885e-04  -5.838925111430e-05  -9.937647823485e-05   0.000000000000e+00  -2.952886380979e-02  -8.444091529250e-01  -1.431645762483e+00   2.383408180464e-04  -5.708869616450e-05   1.001007712796e-04   0.000000000000e+00  -2.959780760045e-02  -8.450507604508e-01  -1.432030433654e+00   2.394286049984e-04   1.159212015928e-04  -7.457639654295e-07
  -4.856420804566e-05   2.297627728089e-06   3.600030797215e-03   7.814636140928e-07  -1.714642253761e-08  -1.972576295139e-01   7.861350480244e-01   1.706040758228e-04  -3.743814675001e-06  -2.124780677500e+00   5.195723321411e+00   1.127427509959e-03  -2.474222429991e-05  -2.667193158355e+00   3.694896631740e+00   8.017417244682e-04  -1.759503075671e-05  -2.971244628156e-04   1.393286400476e-09   3.952233672287e-01   6.520137879619e-06  -6.845468747860e-01  -3.021477238639e+01  -4.070369900518e+01  -4.677892336903e+01  -4.205558452618e+01  -2.349993514586e+01  -1.189378940300e+01  -1.413011205134e-01  -2.198683875136e-05   5.615767270895e-07   4.089571377049e-02   6.363484316520e-06  -1.625329014235e-07  -1.614153870449e-01  -2.511667334307e-05   6.415173809602e-07  -7.691608642514e-02  -1.196835229240e-05   3.056896075432e-07  -2.057977513839e-02  -3.202268997323e-06   8.179073686374e-08  -4.659390285178e+00  -7.843865044407e-03  -1.220526739577e-06   3.117407734183e-08  -4.958017118550e-06  -3.423844716499e-09   8.248275276523e-03   1.226689530321e-07  -1.428414176165e-02  -3.794766391108e-06  -5.045162473641e-02  -1.112182495114e+00  -1.855812907053e+00   1.250142414658e-03  -3.068311009654e-04  -5.222151921619e-04  -3.793894164486e-06  -5.044724051147e-02  -1.112149605746e+00  -1.855793258568e+00   1.249945881244e-03  -3.000053818866e-04   5.260363742280e-04  -3.815907981410e-06  -5.055773119953e-02  -1.112977991532e+00  -1.856288043403e+00   1.254742131317e-03   6.087327204360e-04  -3.916195378183e-06
