ARMA_MAT_TXT_FN008
105 105
   1.000000000000e+00   8.784438346368e-01  -3.476406900615e-16  -1.247118134205e-22   3.989053082605e-20   3.291794955376e-01   1.190375401804e-19   2.665806110138e-23  -2.132644888111e-22   1.537612665257e-01  -5.205578232199e-17  -7.367718704924e-22   8.376864924192e-21   6.556249676812e-02   1.209357890960e-17   6.869537073402e-23  -6.425073234764e-22   2.583988685040e-38   0.000000000000e+00   0.000000000000e+00  -8.273402343243e-36   0.000000000000e+00   0.000000000000e+00   0.000000000000e+00   0.000000000000e+00   0.000000000000e+00   0.000000000000e+00   0.000000000000e+00   7.420297589788e-09   1.705323239202e-06   4.086946270389e-03   2.466361860996e-02   0.000000000000e+00   0.000000000000e+00   0.000000000000e+00   0.000000000000e+00   0.000000000000e+00   0.000000000000e+00   0.000000000000e+00   0.000000000000e+00   0.000000000000e+00   0.000000000000e+00   0.000000000000e+00   0.000000000000e+00   8.501096298487e-09   9.199625412143e-14  -5.723276467424e-13   4.613647357727e-06   4.992747521560e-11  -3.106091076297e-10   1.769708079792e-03   1.915123750078e-08  -1.191437933610e-07   2.685547918467e-02   2.906217505224e-07  -1.808017773736e-06   6.353696244442e-02   6.875775003491e-07  -4.277561260358e-06   0.000000000000e+00   0.000000000000e+00   0.000000000000e+00   0.000000000000e+00   0.000000000000e+00   0.000000000000e+00   0.000000000000e+00   0.000000000000e+00   0.000000000000e+00   0.000000000000e+00   2.656317801526e-13  -1.788338895324e-17  -7.085886594237e-09  -1.652550020505e-12   1.227311570627e-08   7.897385893269e-10  -5.316834588165e-14  -2.106674916626e-05  -4.913126438545e-09   3.648868022850e-05   5.092179564795e-07  -3.428258009062e-11  -1.358369352225e-02  -3.167949798545e-06   2.352764754275e-02   1.228234028897e-02   7.532349811310e-02   7.965473470842e-02   4.895117774343e-02  -2.825518994611e-02  -7.708365456739e-02   3.752709730002e-02   1.227772847675e-02   7.531306719033e-02   7.965102036240e-02   4.895036079490e-02  -2.805878681446e-02   5.976644508609e-03  -8.556733288209e-02   1.227968960860e-02   7.531750316820e-02   7.965260001122e-02   4.895070823235e-02  -2.827719238624e-02   7.110474575857e-02   4.786326356480e-02
   8.784438346368e-01   1.000000000000e+00   1.871539579981e-15   2.422003546917e-21  -2.290938559418e-21   4.187995882560e-01  -1.504906358660e-18  -3.619861933790e-21   3.054074633008e-20   1.871454501484e-01   6.431591764324e-17   6.822421317119e-24  -5.457937053696e-23   7.831571041382e-02   8.070875403373e-19   0.000000000000e+00  -8.510432963058e-23   0.000000000000e+00   0.000000000000e+00   0.000000000000e+00   2.831305487713e-35   0.000000000000e+00  -2.593407384451e-15   0.000000000000e+00   0.000000000000e+00   0.000000000000e+00   0.000000000000e+00  -7.281496402384e-12  -8.868701964854e-10   4.274342661559e-08   4.402476915567e-03   2.917490868682e-02  -2.726695618326e-14  -2.950746282687e-19   1.835720043422e-18  -1.661856302355e-13  -1.798409867819e-18   1.118827823325e-17  -1.143942865379e-12  -1.237939847388e-17   7.701478787705e-17  -1.488685823212e-11  -1.611010091999e-16   1.002242562632e-15  -1.248220666941e-09  -1.350786082684e-14   8.403518462114e-14   5.172464667830e-08   5.597482457650e-13  -3.482309136675e-12   1.518677071142e-03   1.643465699713e-08  -1.022433864728e-07   3.119176648384e-02   3.375477203398e-07  -2.099953898018e-06   7.623465890181e-02   8.249880729430e-07  -5.132420736988e-06  -6.477888465164e-18   4.361172407596e-22   1.728015488504e-13   4.030027848997e-17  -2.993010648786e-13  -1.763069954339e-16   1.186968883282e-20   4.703094541991e-12   1.096842135199e-15  -8.145998771464e-12  -3.828642722207e-14   2.577594703648e-18   1.021313342998e-09   2.381877501801e-13  -1.768966616141e-09   9.564054581403e-11  -6.438902301183e-15  -2.551268756546e-06  -5.949995360317e-10   4.418927149124e-06   5.848173721342e-07  -3.937223372322e-11  -1.560035314638e-02  -3.638269335682e-06   2.702060450416e-02   1.119136861078e-02   9.030762586247e-02   9.570365829041e-02   5.833927212480e-02  -3.403086185589e-02  -9.284040223881e-02   4.519804915506e-02   1.118641836826e-02   9.029465857867e-02   9.569913711316e-02   5.833829372153e-02  -3.379362098244e-02   7.198189308976e-03  -1.030561312225e-01   1.118852338348e-02   9.030017319252e-02   9.570105989340e-02   5.833870982354e-02  -3.405696175398e-02   8.563833260916e-02   5.764636440497e-02
  -3.476406900615e-16   1.871539579981e-15   1.000000000000e+00   1.996781441270e-36  -3.270335744889e-36   7.038493835085e-16   6.291202128136e-01   0.000000000000e+00  -5.306015141379e-35  -2.791898850552e-16   2.202302509580e-01   1.970550127354e-36  -1.576440101883e-35  -3.370683000573e-16   5.734990148843e-02   0.000000000000e+00  -7.852974072850e-36   0.000000000000e+00   0.000000000000e+00  -3.250073086549e-17   6.646452529948e-21   5.629291714215e-17  -6.769932164758e-12   0.000000000000e+00   0.000000000000e+00   0.000000000000e+00   0.000000000000e+00  -1.569894322658e-08  -1.477239127379e-06  -8.282992694898e-05  -1.999619743387e-02  -4.123135131882e-02  -6.872767827595e-11  -7.601171862591e-16   4.728845588495e-15  -4.096289766263e-10  -4.532634153333e-15   2.819845072276e-14  -2.692727868844e-09  -2.982654117946e-14   1.855570564990e-13  -3.204412802254e-08  -3.557077497320e-13   2.212931181561e-12  -2.160921147134e-06  -2.413429568001e-11   1.501444247294e-10  -2.292677012385e-04  -2.596498464415e-09   1.615335178699e-08  -1.677771071547e-02  -1.980665530720e-07   1.232212825410e-06  -7.822573528700e-02  -1.012217446940e-06   6.297213239072e-06  -5.180743199825e-02  -9.248025303141e-07   5.753387036579e-06  -1.573431869808e-14   1.083487752826e-18   4.101373147419e-10   9.788643765520e-14  -7.103786737793e-10  -3.951779128041e-13   2.726334441207e-17   1.028073345947e-08   2.458483196296e-12  -1.780675285611e-08  -6.801898150779e-11   4.722311015474e-15   1.757785561235e-06   4.231600948533e-10  -3.044573929490e-06  -2.723228070790e-08   1.926676966380e-12   6.894727698522e-04   1.694176277265e-07  -1.194201879496e-03  -2.127348371943e-06   1.632797348224e-10   4.880069448254e-02   1.323467242382e-05  -8.452528327796e-02   3.437718493937e-02   5.543015613552e-02   2.083764010439e-02   4.766314854795e-03   5.599070433248e-02  -1.082680690137e-01   5.270879258599e-02   3.413713524594e-02   5.505363767051e-02   2.069777682790e-02   4.734458907288e-03   5.650477611163e-02   8.338939952501e-03  -1.193882034930e-01   3.440332195746e-02   5.547840440747e-02   2.085675073368e-02   4.770764782126e-03   5.590822262388e-02   9.996728123787e-02   6.729171560489e-02
  -1.247118134205e-22   2.422003546917e-21   1.996781441270e-36   1.000000000000e+00  -4.990136329481e-41  -2.684953993830e-21   0.000000000000e+00   6.291202128136e-01  -2.328615446894e-40  -5.814721983347e-21   1.970550127354e-36   2.202302509580e-01  -2.405456698430e-40   0.000000000000e+00   0.000000000000e+00   5.734990148843e-02   0.000000000000e+00   5.629291714215e-17   6.646452529948e-21   0.000000000000e+00   0.000000000000e+00   0.000000000000e+00  -7.326212737112e-17   0.000000000000e+00   0.000000000000e+00   0.000000000000e+00   0.000000000000e+00  -1.698891436823e-13  -1.598622829207e-11  -8.963600388592e-10  -2.163927093634e-07  -4.461930250538e-07  -7.601171862591e-16   1.512457689127e-12   5.117411510061e-20  -4.532634153333e-15   9.218070862488e-12   3.051549761862e-19  -2.982654117946e-14   6.345281708914e-11   2.008041495394e-18  -3.557077497320e-13   8.257519863146e-10   2.394766182902e-17  -2.413429568001e-11   6.925630527747e-08   1.624816866830e-15  -2.596498464415e-09   1.066688841493e-05   1.748066136097e-13  -1.980665530720e-07   1.525021901829e-03   1.333462888055e-11  -1.012217446940e-06   1.531022519978e-02   6.814650829231e-11  -9.248025303141e-07   3.365077976749e-02   6.226138809535e-11   3.320357388171e-11  -2.235396781300e-15   4.438380099093e-15   1.083487752826e-18  -8.406137674424e-15   9.036929830888e-10  -6.084020933640e-14   1.112549410904e-13   2.726334441207e-17  -2.122581884639e-13   1.962810131552e-07  -1.321441922489e-11   1.902221566543e-11   4.722311015474e-15  -3.719563005487e-11   1.280491431307e-04  -8.620778095224e-09   7.461262632259e-09   1.926676966380e-12  -1.569470312695e-08   2.753127841372e-02  -1.853515268276e-06   5.281061328193e-07   1.632797348224e-10  -1.510576749697e-06   9.378521446575e-02   1.512203250559e-01   5.684766072607e-02   1.300309672408e-02  -1.082680690137e-01  -1.996920769902e-01   1.437961085419e-01  -7.271359351935e-03  -1.172666599729e-02  -4.408717135094e-03  -1.008460487497e-03   8.338939952501e-03   9.387769303252e-02   2.543021034792e-02  -8.650927672106e-02  -1.395038724709e-01  -5.244558717186e-02  -1.199638253592e-02   9.996728123787e-02  -1.557103270066e-01  -1.692091726926e-01
   3.989053082605e-20  -2.290938559418e-21  -3.270335744889e-36  -4.990136329481e-41   1.000000000000e+00  -6.120761974401e-20  -5.306015141379e-35  -2.328615446894e-40   6.291202128136e-01   4.651777586678e-20  -1.576440101883e-35  -2.405456698430e-40   2.202302509580e-01   2.029774981261e-20  -7.852974072850e-36   0.000000000000e+00   5.734990148843e-02   0.000000000000e+00   0.000000000000e+00   7.674662314643e-21   5.629291714215e-17   0.000000000000e+00   4.557787852787e-16   0.000000000000e+00   0.000000000000e+00   0.000000000000e+00   0.000000000000e+00   1.056915357471e-12   9.945361912901e-11   5.576440438511e-09   1.346223618612e-06   2.775858717952e-06   4.728845588495e-15   5.117411510061e-20   1.512457378988e-12   2.819845072276e-14   3.051549761862e-19   9.218069013107e-12   1.855570564990e-13   2.008041495394e-18   6.345280491947e-11   2.212931181561e-12   2.394766182902e-17   8.257518411806e-10   1.501444247294e-10   1.624816866830e-15   6.925629543032e-08   1.615335178699e-08   1.748066136097e-13   1.066688735552e-05   1.232212825410e-06   1.333462888055e-11   1.525021821015e-03   6.297213239072e-06   6.814650829231e-11   1.531022478678e-02   5.753387036579e-06   6.226138809535e-11   3.365077939015e-02   1.083487752826e-18   3.593188112712e-16  -3.148389765700e-14   3.320356731527e-11   5.006091721825e-14   2.726334441207e-17   9.779486221604e-15  -7.975182396030e-13   9.036928178603e-10   1.259661702816e-12   4.722311015474e-15   2.124092552131e-12  -1.412291675252e-10   1.962809845358e-07   2.181872570391e-10   1.926676966380e-12   1.385708386739e-09  -6.134967744165e-08   1.280491314542e-04   8.901920291087e-08   1.632797348224e-10   2.979350315855e-07  -6.495839654557e-06   2.753127742416e-02   7.544093846047e-06  -4.565801775112e-02  -7.361949668789e-02  -2.767548720047e-02  -6.330375469412e-03   5.270879258599e-02   1.437961085419e-01   2.567149185284e-02   1.041037032194e-01   1.678901148532e-01   6.311939184909e-02   1.443808044928e-02  -1.193882034930e-01   2.543021034792e-02  -2.684291785379e-01  -5.823262945850e-02  -9.390527376406e-02  -3.530308609977e-02  -8.075213728915e-03   6.729171560489e-02  -1.692091726926e-01  -1.823744979260e-02
   3.291794955376e-01   4.187995882560e-01   7.038493835085e-16  -2.684953993830e-21  -6.120761974401e-20   1.000000000000e+00   6.175593394926e-16   9.423207694894e-21  -7.538566155915e-20   7.746967835845e-01   2.625368590150e-16   0.000000000000e+00   0.000000000000e+00   4.100964372946e-01   7.622953462239e-17   1.163170389136e-21  -9.305363113085e-21   0.000000000000e+00   0.000000000000e+00   0.000000000000e+00   0.000000000000e+00   0.000000000000e+00   2.538258544004e-06   8.319630195196e-06   2.552192926780e-05   4.864910244999e-05   1.182261278312e-04   2.375254001415e-04   8.863773580688e-04   3.260300176033e-03   5.620464471945e-02   1.708382112679e-01   6.879545651862e-06   7.444833087484e-11  -4.631584016155e-10   2.780271181381e-05   3.008724112140e-10  -1.871789245381e-09   8.530811052835e-05   9.231781806991e-10  -5.743281623033e-09   2.627420572781e-04   2.843313876358e-09  -1.768884130497e-08   1.223666935455e-03   1.324214788322e-08  -8.238212966603e-08   6.690278289833e-03   7.240013759215e-08  -4.504161693067e-07   5.397680767478e-02   5.841204406068e-07  -3.633933581093e-06   2.059833562837e-01   2.229088640348e-06  -1.386761959054e-05   3.746091396867e-01   4.053905096565e-06  -2.522017864957e-05   2.874927746948e-10  -1.935515813717e-14  -7.669041697418e-06  -1.788551770590e-09   1.328316998259e-05   2.110093950194e-09  -1.420599252751e-13  -5.628801804387e-05  -1.312732911196e-08   9.749370797028e-05   2.102567709938e-08  -1.415532288182e-12  -5.608725108405e-04  -1.308050682104e-07   9.714596939233e-04   2.593604167161e-07  -1.746117579961e-11  -6.918594224036e-03  -1.613534576759e-06   1.198335681881e-02   3.818801330459e-06  -2.570969086925e-10  -1.018688092893e-01  -2.375754969277e-05   1.764419549538e-01   1.907791830538e-01   4.299353336240e-01   4.650000880240e-01   3.146169276762e-01  -1.225006156918e-01  -3.341968382549e-01   1.626990486756e-01   1.907480294640e-01   4.298960707621e-01   4.649816018839e-01   3.146119819047e-01  -1.216671017162e-01   2.591562565263e-02  -3.710327699552e-01   1.907612781137e-01   4.299127683818e-01   4.649894637436e-01   3.146140852768e-01  -1.226064286962e-01   3.083014332446e-01   2.075292246581e-01
   1.190375401804e-19  -1.504906358660e-18   6.291202128136e-01   0.000000000000e+00  -5.306015141379e-35   6.175593394926e-16   1.000000000000e+00   5.819389919960e-36  -4.655511935968e-35   4.784212339775e-16   6.534608721805e-01   0.000000000000e+00   0.000000000000e+00   2.532588849439e-16   2.263653730943e-01   7.183267372319e-37  -5.746613897856e-36   1.050198378904e-20   0.000000000000e+00   0.000000000000e+00   0.000000000000e+00   0.000000000000e+00  -1.417607675749e-05  -4.640691731575e-05  -1.417478078276e-04  -2.682652218659e-04  -6.376528007092e-04  -1.239933385102e-03  -4.163250112961e-03  -1.301077291340e-02  -1.134265126420e-01  -1.647994640215e-01  -3.579269557538e-05  -4.139894418387e-10   2.575513593314e-09  -1.435056301207e-04  -1.660683675284e-09   1.033145521995e-08  -4.330769563813e-04  -5.017115921303e-09   3.121251159730e-08  -1.289730468292e-03  -1.497494972699e-08   9.316224686735e-08  -5.489336281955e-03  -6.414449002744e-08   3.990560852667e-07  -2.503262595737e-02  -2.968140359515e-07   1.846541256908e-06  -1.331866781504e-01  -1.650415569451e-06   1.026757521849e-05  -2.816311876689e-01  -3.845721325872e-06   2.392502452935e-05  -1.723254364400e-01  -3.316117066215e-06   2.063024733946e-05  -1.476612524361e-09   1.063404183646e-13   3.664406936121e-05   9.186310674152e-09  -6.346939057416e-05  -1.051918197751e-08   7.590494733695e-13   2.604548303598e-04   6.544199787634e-08  -4.511210038602e-04  -9.539556100263e-08   6.929157662084e-12   2.343945971207e-03   5.934754350568e-07  -4.059833554321e-03  -9.238305728744e-07   6.844690686878e-11   2.216693413949e-02   5.747340289138e-06  -3.839425659245e-02  -6.835836024915e-06   5.522542373910e-10   1.458818321538e-01   4.252714399102e-05  -2.526747485386e-01   1.223468533471e-01   1.541880925987e-01   7.259453477562e-02   1.942166746147e-02   2.087059453820e-01  -1.810050253648e-01   8.811976075575e-02   1.215111930003e-01   1.531461078834e-01   7.210766814542e-02   1.929187669386e-02   2.095587947784e-01   1.394263263349e-02  -1.996160029401e-01   1.224506845368e-01   1.543254092064e-01   7.266133944539e-02   1.943980866326e-02   2.085642065998e-01   1.671372435190e-01   1.125063292569e-01
   2.665806110138e-23  -3.619861933790e-21   0.000000000000e+00   6.291202128136e-01  -2.328615446894e-40   9.423207694894e-21   5.819389919960e-36   1.000000000000e+00  -7.103747460889e-40   0.000000000000e+00   0.000000000000e+00   6.534608721805e-01   0.000000000000e+00   3.864423903563e-21   7.183267372319e-37   2.263653730943e-01  -8.768636929101e-41   0.000000000000e+00   0.000000000000e+00  -6.063323167628e-21   0.000000000000e+00  -1.050198378904e-20  -1.534091503068e-10  -5.022014112617e-10  -1.533951256661e-09  -2.903083867796e-09  -6.900482836046e-09  -1.341817840715e-08  -4.505341451445e-08  -1.407985898796e-07  -1.227466895414e-06  -1.783409202634e-06  -4.139894418387e-10   2.462819769511e-06   2.787141736836e-14  -1.660683675284e-09   9.953138152875e-06   1.118038364096e-13  -5.017115921303e-09   3.053958964000e-05   3.377722175885e-13  -1.497494972699e-08   9.405945766689e-05   1.008173232770e-12  -6.414449002744e-08   4.380625223159e-04   4.318462435890e-12  -2.968140359515e-07   2.395063638999e-03   1.998270255408e-11  -1.650415569451e-06   1.932324544129e-02   1.111125466464e-10  -3.845721325872e-06   7.374031779917e-02   2.589092699556e-10  -3.316117066215e-06   1.341069371698e-01   2.232542027746e-10   9.510527379260e-06  -6.402865657715e-10   3.965508681035e-10   1.063404183646e-13  -8.926862734058e-10   6.980386310028e-05  -4.699473961826e-09   2.818562208877e-09   7.590494733695e-13  -6.392684952836e-09   6.955488810896e-04  -4.682711974209e-08   2.536546365819e-08   6.929157662084e-12  -5.898830517722e-08   8.579882914148e-03  -5.776318753681e-07   2.398837555284e-07   6.844690686878e-11  -6.011885745866e-07   1.263294866718e-01  -8.505003976241e-06   1.578688398685e-06   5.522542373910e-10  -5.468566391726e-06   3.337773555516e-01   4.206441963744e-01   1.980468739654e-01   5.298471213885e-02  -1.810050253648e-01  -2.187503558177e-01   2.404016115841e-01  -2.588241641315e-02  -3.262079186633e-02  -1.535924919704e-02  -4.109254247717e-03   1.394263263349e-02   2.720459758875e-01   4.251908308407e-02  -3.079098049418e-01  -3.880607676965e-01  -1.827114232973e-01  -4.888259887035e-02   1.671372435190e-01  -1.452449660091e-01  -2.829041097424e-01
  -2.132644888111e-22   3.054074633008e-20  -5.306015141379e-35  -2.328615446894e-40   6.291202128136e-01  -7.538566155915e-20  -4.655511935968e-35  -7.103747460889e-40   1.000000000000e+00   0.000000000000e+00   0.000000000000e+00   0.000000000000e+00   6.534608721805e-01  -3.091539122851e-20  -5.746613897856e-36  -8.768636929101e-41   2.263653730943e-01   0.000000000000e+00   1.050198378904e-20   0.000000000000e+00   0.000000000000e+00   0.000000000000e+00   9.543899240501e-10   3.124298425442e-09   9.543026738717e-09   1.806068273343e-08   4.292932511935e-08   8.347725181503e-08   2.802865720242e-07   8.759370300454e-07   7.636324396200e-06   1.109495600522e-05   2.575513593314e-09   2.787141736836e-14   2.462819600597e-06   1.033145521995e-08   1.118038364096e-13   9.953137475292e-06   3.121251159730e-08   3.377722175885e-13   3.053958759295e-05   9.316224686735e-08   1.008173232770e-12   9.405945155689e-05   3.990560852667e-07   4.318462435890e-12   4.380624961440e-04   1.846541256908e-06   1.998270255408e-11   2.395063517894e-03   1.026757521849e-05   1.111125466464e-10   1.932324476790e-02   2.392502452935e-05   2.589092699556e-10   7.374031623006e-02   2.063024733946e-05   2.232542027746e-10   1.341069358168e-01   1.063404183646e-13   1.029200003861e-10  -3.576033499336e-09   9.510526734787e-06   4.913298619962e-09   7.590494733695e-13   7.553959253906e-10  -2.567458376806e-08   6.980385850009e-05   3.507073591908e-08   6.929157662084e-12   7.527015988126e-09  -2.389107250192e-07   6.955488390957e-04   3.201512773994e-07   6.844690686878e-11   9.284885419786e-08  -2.492854013101e-06   8.579882499328e-03   3.162486082253e-06   5.522542373910e-10   1.367098882653e-06  -2.455244473020e-05   1.263294833249e-01   2.551607398363e-05  -1.624948293983e-01  -2.047847338664e-01  -9.641634599416e-02  -2.579486479990e-02   8.811976075575e-02   2.404016115841e-01   1.580175949394e-01   3.705573148656e-01   4.670303131603e-01   2.198976343614e-01   5.883199604812e-02  -1.996160029401e-01   4.251908308407e-02  -3.337278562385e-01  -2.072656050013e-01  -2.612182155391e-01  -1.229898921131e-01  -3.290470542442e-02   1.125063292569e-01  -2.829041097424e-01   8.459861352671e-02
   1.537612665257e-01   1.871454501484e-01  -2.791898850552e-16  -5.814721983347e-21   4.651777586678e-20   7.746967835845e-01   4.784212339775e-16   0.000000000000e+00   0.000000000000e+00   1.000000000000e+00   0.000000000000e+00   0.000000000000e+00   4.136838709262e-20   7.744077347687e-01  -1.439484371501e-16  -2.196478838351e-21   0.000000000000e+00   0.000000000000e+00   0.000000000000e+00   0.000000000000e+00   0.000000000000e+00   0.000000000000e+00   2.404667567864e-04   7.822694887727e-04   2.338153381062e-03   4.270079241024e-03   9.113573431324e-03   1.522108394262e-02   3.289940872738e-02   5.987716722232e-02   2.005857626388e-01   3.727193821135e-01   1.918198771763e-04   2.075815817943e-09  -1.291407779045e-08   7.453175839840e-04   8.065598065225e-09  -5.017774695638e-08   2.109692005764e-03   2.283043916521e-08  -1.420328647759e-07   5.549138837305e-03   6.005107679143e-08  -3.735901183435e-07   1.754502987048e-02   1.898669265540e-07  -1.181201259841e-06   5.052319914102e-02   5.467465493871e-07  -3.401422905352e-06   1.605222084808e-01   1.737122056382e-06  -1.080699413393e-05   3.588588409182e-01   3.883460198975e-06  -2.415980583257e-05   5.925775180046e-01   6.412691965705e-06  -3.989467763733e-05   2.292136809162e-09  -1.543157752763e-13  -6.114412017592e-05  -1.425985523571e-08   1.059047236640e-04   1.486902369996e-08  -1.001041870925e-12  -3.966400994804e-04  -9.250325923401e-08   6.870008106860e-04   1.040615617187e-07  -7.005838617002e-12  -2.775904391914e-03  -6.473884105779e-07   4.808007486208e-03   6.441903809741e-07  -4.336946104970e-11  -1.718416366467e-02  -4.007641053628e-06   2.976384481563e-02   4.147393800426e-06  -2.792190619384e-10  -1.106342099374e-01  -2.580179113357e-05   1.916240743591e-01   2.682793496201e-01   5.827914018256e-01   7.596485912030e-01   6.309539820297e-01  -6.861227667226e-02  -1.871827810811e-01   9.112731457714e-02   2.682629518846e-01   5.827638876827e-01   7.596271233055e-01   6.309454376883e-01  -6.815092866280e-02   1.451644635395e-02  -2.078312664647e-01   2.682699255364e-01   5.827755889826e-01   7.596362532891e-01   6.309490714874e-01  -6.867472810254e-02   1.726868429889e-01   1.162419722056e-01
  -5.205578232199e-17   6.431591764324e-17   2.202302509580e-01   1.970550127354e-36  -1.576440101883e-35   2.625368590150e-16   6.534608721805e-01   0.000000000000e+00   0.000000000000e+00   0.000000000000e+00   1.000000000000e+00   0.000000000000e+00   0.000000000000e+00  -2.624389033118e-16   6.530545656898e-01   7.443643336755e-37   0.000000000000e+00   0.000000000000e+00   0.000000000000e+00  -2.197637260426e-16   0.000000000000e+00   3.806419391664e-16  -7.371413514544e-04  -2.397117153720e-03  -7.155486992251e-03  -1.303942368250e-02  -2.764175089075e-02  -4.569789512934e-02  -9.541806027935e-02  -1.638364468230e-01  -4.012703751436e-01  -4.677562589601e-01  -4.621104792573e-04  -6.355014748683e-09   3.953585578959e-08  -1.790394854223e-03  -2.463684618914e-08   1.532708949646e-07  -5.037436815915e-03  -6.940745582713e-08   4.317980795988e-07  -1.308652530540e-02  -1.807937947772e-07   1.124755438128e-06  -3.996880838200e-02  -5.563933905224e-07   3.461437891160e-06  -1.066787724768e-01  -1.511125193777e-06   9.401021099686e-06  -2.755053538378e-01  -4.114678204502e-06   2.559826067241e-05  -4.231014511363e-01  -7.112121423237e-06   4.424597236464e-05  -2.727149823034e-01  -7.134676568752e-06   4.438629257092e-05  -5.496395540463e-09   4.707099930043e-13   1.067311344662e-04   3.419420883253e-08  -1.848637504976e-04  -3.526739532178e-08   3.027389722086e-12   6.820233179564e-04   2.194057308530e-07  -1.181299056995e-03  -2.381205482720e-07   2.060161229643e-11   4.541095188727e-03   1.481396980073e-06  -7.865407713738e-03  -1.330505948724e-06   1.178678311535e-10   2.428163320862e-02   8.277351571347e-06  -4.205702312242e-02  -5.873508565251e-06   5.775817230807e-10   8.450506970987e-02   3.654030663938e-05  -1.463670777351e-01   1.173454811767e-01   1.968953481521e-01   1.536260501690e-01   6.114356382057e-02   2.526522582651e-01  -7.662154067817e-02   3.730212362717e-02   1.165559902326e-01   1.955733803961e-01   1.525974871072e-01   6.073508700462e-02   2.530110419526e-01   5.902555632179e-03  -8.450660599040e-02   1.174520226625e-01   1.970756953757e-01   1.537684394450e-01   6.120075281321e-02   2.525909530449e-01   7.075442901988e-02   4.762745226674e-02
  -7.367718704924e-22   6.822421317119e-24   1.970550127354e-36   2.202302509580e-01  -2.405456698430e-40   0.000000000000e+00   0.000000000000e+00   6.534608721805e-01   0.000000000000e+00   0.000000000000e+00   0.000000000000e+00   1.000000000000e+00   0.000000000000e+00  -4.004499867429e-21   7.443643336755e-37   6.530545656898e-01   0.000000000000e+00   3.806419391664e-16   0.000000000000e+00   0.000000000000e+00   0.000000000000e+00   0.000000000000e+00  -7.977117387070e-09  -2.594086587064e-08  -7.743448334057e-08  -1.411086397063e-07  -2.991305415231e-07  -4.945285908455e-07  -1.032584952931e-06  -1.772987726179e-06  -4.342424801103e-06  -5.061914623157e-06  -6.355014748683e-09   1.251372610607e-04   4.278448929904e-13  -2.463684618914e-08   4.862217745794e-04   1.658650567821e-12  -6.940745582713e-08   1.376296779928e-03   4.672786246051e-12  -1.807937947772e-07   3.620083828508e-03   1.217175802713e-11  -5.563933905224e-07   1.144582623862e-02   3.745861812169e-11  -1.511125193777e-06   3.295974772760e-02   1.017349640236e-10  -4.114678204502e-06   1.047196453616e-01   2.770165177760e-10  -7.112121423237e-06   2.341082328426e-01   4.788163284578e-10  -7.134676568752e-06   3.865789546254e-01   4.803348306487e-10   1.381778285897e-04  -9.302681523890e-09   1.155011568422e-09   4.707099930043e-13  -4.991174827165e-09   8.963554879912e-04  -6.034621995494e-08   7.380646950985e-09   3.027389722086e-12  -3.218382350188e-08   6.273186042278e-03  -4.223358587049e-07   4.914233791777e-08   2.060161229643e-11  -2.208900141901e-07   3.883399441557e-02  -2.614459107048e-06   2.627683795961e-07   1.178678311535e-10  -1.295627321598e-06   2.500190509832e-01  -1.683227786932e-05   9.144879195125e-07   5.775817230807e-10  -6.995198396341e-06   3.201329933835e-01   5.371548742668e-01   4.191108750770e-01   1.668072082175e-01  -7.662154067817e-02   7.170501492468e-02   1.017648091480e-01  -2.482693651638e-02  -4.165798677269e-02  -3.250393323765e-02  -1.293683959418e-02   5.902555632179e-03   2.794647306131e-01   1.800027727405e-02  -2.953403611002e-01  -4.955590011723e-01  -3.866602328508e-01  -1.538930707680e-01   7.075442901988e-02   1.028124508818e-01  -1.197621686870e-01
   8.376864924192e-21  -5.457937053696e-23  -1.576440101883e-35  -2.405456698430e-40   2.202302509580e-01   0.000000000000e+00   0.000000000000e+00   0.000000000000e+00   6.534608721805e-01   4.136838709262e-20   0.000000000000e+00   0.000000000000e+00   1.000000000000e+00   0.000000000000e+00   0.000000000000e+00   0.000000000000e+00   6.530545656898e-01   0.000000000000e+00   0.000000000000e+00   0.000000000000e+00   3.806419391664e-16   0.000000000000e+00   4.962729043188e-08   1.613834700118e-07   4.817358712076e-07   8.778659138833e-07   1.860952715235e-06   3.076564229147e-06   6.423923689245e-06   1.103012185352e-05   2.701511916225e-05   3.149121354940e-05   3.953585578959e-08   4.278448929904e-13   1.251372584678e-04   1.532708949646e-07   1.658650567821e-12   4.862217645272e-04   4.317980795988e-07   4.672786246051e-12   1.376296751609e-03   1.124755438128e-06   1.217175802713e-11   3.620083754741e-03   3.461437891160e-06   3.745861812169e-11   1.144582601160e-02   9.401021099686e-06   1.017349640236e-10   3.295974711104e-02   2.559826067241e-05   2.770165177760e-10   1.047196436827e-01   4.424597236464e-05   4.788163284578e-10   2.341082299408e-01   4.438629257092e-05   4.803348306487e-10   3.865789517144e-01   4.707099930043e-13   1.495318006539e-09  -2.329828193710e-08   1.381778257370e-04   2.174844517821e-08   3.027389722086e-12   9.700083691930e-09  -1.504392440484e-07   8.963554696438e-04   1.398759754040e-07   2.060161229643e-11   6.788649199433e-08  -1.037231772295e-06   6.273185917423e-03   9.518664193891e-07   1.178678311535e-10   4.202495569571e-07  -6.163112225753e-06   3.883399370124e-02   5.445905339197e-06   5.775817230807e-10   2.705629370593e-06  -3.484357820574e-05   2.500190474828e-01   2.668629225435e-05  -1.558522628315e-01  -2.615063251077e-01  -2.040382578743e-01  -8.120775238606e-02   3.730212362717e-02   1.017648091480e-01   2.311952876781e-01   3.554460597881e-01   5.964153993502e-01   4.653572537763e-01   1.852161122187e-01  -8.450660599040e-02   1.800027727405e-02   2.301289410319e-02  -1.988046422760e-01  -3.335792967399e-01  -2.602754631568e-01  -1.035911812690e-01   4.762745226674e-02  -1.197621686870e-01   2.001124355623e-01
   6.556249676812e-02   7.831571041382e-02  -3.370683000573e-16   0.000000000000e+00   2.029774981261e-20   4.100964372946e-01   2.532588849439e-16   3.864423903563e-21  -3.091539122851e-20   7.744077347687e-01  -2.624389033118e-16  -4.004499867429e-21   0.000000000000e+00   1.000000000000e+00  -1.858819723606e-16   0.000000000000e+00   0.000000000000e+00   0.000000000000e+00   0.000000000000e+00   0.000000000000e+00   0.000000000000e+00   0.000000000000e+00   5.049301737117e-04   1.641933425394e-03   4.900684739059e-03   8.928907742286e-03   1.891868529635e-02   3.125918903375e-02   6.524876864500e-02   1.125695482587e-01   3.116238397671e-01   5.380034257930e-01   1.211256203081e-04   1.310784274784e-09  -8.154658975394e-09   4.702267901291e-04   5.088649952962e-09  -3.165753954319e-08   1.328642744793e-03   1.437816386204e-08  -8.944951907253e-08   3.482370344262e-03   3.768514270244e-08  -2.344470353279e-07   1.091266142771e-02   1.180934715471e-07  -7.346838119842e-07   3.095966523134e-02   3.350359918454e-07  -2.084327917675e-06   9.705673095721e-02   1.050318143899e-06  -6.534245523032e-06   2.266313389702e-01   2.452534769603e-06  -1.525772398720e-05   4.670792971785e-01   5.054588750599e-06  -3.144563778719e-05   4.363815673290e-10  -2.937894440222e-14  -1.164073928252e-05  -2.714819618433e-09   2.016235205304e-05   2.838716067644e-09  -1.911136669577e-13  -7.572444877267e-05  -1.766023738988e-08   1.311585938077e-04   2.006605673602e-08  -1.350926824952e-12  -5.352740637558e-04  -1.248350722625e-07   9.271218825862e-04   1.285851446440e-07  -8.656863850989e-12  -3.430085632553e-03  -7.999546714479e-07   5.941082642359e-03   9.904915091392e-07  -6.668383166591e-11  -2.642195336071e-02  -6.162051704798e-06   4.576416606010e-02   1.766950136602e-01   4.420964375232e-01   7.703203233641e-01   9.139816777679e-01  -1.588487292995e-02  -4.333589900173e-02   2.109747530198e-02   1.766915073367e-01   4.420884289100e-01   7.703092246756e-01   9.139732044425e-01  -1.577865946588e-02   3.360923587806e-03  -4.811818186857e-02   1.766929985285e-01   4.420918348663e-01   7.703139448047e-01   9.139768080438e-01  -1.589967674131e-02   3.998071862623e-02   2.691251691715e-02
   1.209357890960e-17   8.070875403373e-19   5.734990148843e-02   0.000000000000e+00  -7.852974072850e-36   7.622953462239e-17   2.263653730943e-01   7.183267372319e-37  -5.746613897856e-36  -1.439484371501e-16   6.530545656898e-01   7.443643336755e-37   0.000000000000e+00  -1.858819723606e-16   1.000000000000e+00   0.000000000000e+00   0.000000000000e+00   0.000000000000e+00   0.000000000000e+00   0.000000000000e+00   0.000000000000e+00   0.000000000000e+00  -8.490526427543e-04  -2.760640360078e-03  -8.236456955661e-03  -1.499676226938e-02  -3.171022823300e-02  -5.223236414450e-02  -1.078692007545e-01  -1.826748106926e-01  -4.516600776548e-01  -6.308460308685e-01  -5.953328489542e-05  -2.203248792922e-09   1.370686457708e-08  -2.305797235227e-04  -8.547513180223e-09   5.317584015410e-08  -6.483205031632e-04  -2.411677654450e-08   1.500354345788e-07  -1.682000730531e-03  -6.302339677609e-08   3.920815332216e-07  -5.119892864873e-03  -1.958618732170e-07   1.218497057901e-06  -1.358221448924e-02  -5.454618510819e-07   3.393430532567e-06  -3.449746296723e-02  -1.622530126263e-06   1.009409413243e-05  -4.730063716666e-02  -3.428826231795e-06   2.133143427494e-05   4.155575228682e-02  -5.562035490514e-06   3.460256848265e-05  -2.136749684011e-10   4.932766877873e-14  -8.145153228358e-06   1.329315992272e-09   1.410781892800e-05  -1.377612866875e-09   3.200498404916e-13  -5.331518576348e-05   8.570413412484e-09   9.234460861768e-05  -9.450251175677e-09   2.242970443514e-12  -3.845438898793e-04   5.879195917435e-08   6.660495414177e-04  -5.527037332155e-08   1.401717212163e-11  -2.605245556634e-03   3.438483773040e-07   4.512417585333e-03  -2.765625570492e-07   9.793055127362e-11  -2.404781348828e-02   1.720552635155e-06   4.165203417913e-02   4.574533092240e-02   1.044844649619e-01   1.447989011077e-01   1.105468498570e-01   1.144723492811e-01  -1.097759619797e-02   5.344288915121e-03   4.543943740757e-02   1.037859694890e-01   1.438314303562e-01   1.098087975556e-01   1.145236022879e-01   8.456932623373e-04  -1.210774989048e-02   4.578795172180e-02   1.045819168335e-01   1.449342627462e-01   1.106505185029e-01   1.144634784996e-01   1.013723310089e-02   6.823750715223e-03
   6.869537073402e-23   0.000000000000e+00   0.000000000000e+00   5.734990148843e-02   0.000000000000e+00   1.163170389136e-21   7.183267372319e-37   2.263653730943e-01  -8.768636929101e-41  -2.196478838351e-21   7.443643336755e-37   6.530545656898e-01   0.000000000000e+00   0.000000000000e+00   0.000000000000e+00   1.000000000000e+00   0.000000000000e+00   0.000000000000e+00   0.000000000000e+00   0.000000000000e+00   0.000000000000e+00   0.000000000000e+00  -9.188187022326e-09  -2.987480240035e-08  -8.913240840339e-08  -1.622903569482e-07  -3.431583542102e-07  -5.652426083040e-07  -1.167327372383e-06  -1.976850716190e-06  -4.887726690949e-06  -6.826822062656e-06  -2.203248792922e-09   1.440622890204e-04   1.483314801487e-13  -8.547513180223e-09   5.592701822489e-04   5.754526160123e-13  -2.411677654450e-08   1.580238058789e-03   1.623637408881e-12  -6.302339677609e-08   4.141801228637e-03   4.242985974996e-12  -1.958618732170e-07   1.297911193837e-02   1.318620105560e-11  -5.454618510819e-07   3.682226955131e-02   3.672266336672e-11  -1.622530126263e-06   1.154356509478e-01   1.092351875955e-10  -3.428826231795e-06   2.695468503993e-01   2.308422325108e-10  -5.562035490514e-06   5.555266717170e-01   3.744583723808e-10   4.796069703087e-05  -3.228905061656e-09  -8.814434749872e-11   4.932766877873e-14  -8.853613917285e-10   3.119902660195e-04  -2.100442678073e-08  -5.769605714150e-10   3.200498404916e-13  -5.753200740630e-09   2.205368282655e-03  -1.484741726354e-07  -4.161415912966e-09   2.242970443514e-12  -4.052385328029e-08   1.413220361879e-02  -9.514362096880e-07  -2.819316754705e-08   1.401717212163e-11  -2.570367396898e-07   1.088603798580e-01  -7.328914158836e-06  -2.602380543703e-07   9.793055127362e-11  -1.905361691186e-06   1.247989234409e-01   2.850465496833e-01   3.950293201361e-01   3.015854858573e-01  -1.097759619797e-02   8.854797145016e-02   1.457988148115e-02  -9.678799224357e-03  -2.210686615635e-02  -3.063672474823e-02  -2.338975491876e-02   8.456932623373e-04   1.183137751653e-01   2.579003767093e-03  -1.151366310175e-01  -2.629776855432e-01  -3.644461502229e-01  -2.782375590453e-01   1.013723310089e-02   9.300419162579e-02  -1.715874239205e-02
  -6.425073234764e-22  -8.510432963058e-23  -7.852974072850e-36   0.000000000000e+00   5.734990148843e-02  -9.305363113085e-21  -5.746613897856e-36  -8.768636929101e-41   2.263653730943e-01   0.000000000000e+00   0.000000000000e+00   0.000000000000e+00   6.530545656898e-01   0.000000000000e+00   0.000000000000e+00   0.000000000000e+00   1.000000000000e+00   0.000000000000e+00   0.000000000000e+00   0.000000000000e+00   0.000000000000e+00   0.000000000000e+00   5.716160409505e-08   1.858572994952e-07   5.545110726211e-07   1.009641739962e-06   2.134858807033e-06   3.516490697786e-06   7.262184035583e-06   1.229839550711e-05   3.040755454302e-05   4.247106627507e-05   1.370686457708e-08   1.483314801487e-13   1.440622881214e-04   5.317584015410e-08   5.754526160123e-13   5.592701787614e-04   1.500354345788e-07   1.623637408881e-12   1.580238048949e-03   3.920815332216e-07   4.242985974996e-12   4.141801202923e-03   1.218497057901e-06   1.318620105560e-11   1.297911185846e-02   3.393430532567e-06   3.672266336672e-11   3.682226932876e-02   1.009409413243e-05   1.092351875955e-10   1.154356502858e-01   2.133143427494e-05   2.308422325108e-10   2.695468490003e-01   3.460256848265e-05   3.744583723808e-10   5.555266694476e-01   4.932766877873e-14   5.190159350596e-10  -5.044263478321e-09   4.796069673193e-05   2.279110526964e-09   3.200498404916e-13   3.376262850100e-09  -3.279134381406e-08   3.119902640799e-04   1.478742009661e-08   2.242970443514e-12   2.386581831193e-08  -2.312757850744e-07   2.205368269061e-03   1.036330659049e-07   1.401717212163e-11   1.529343677504e-07  -1.472540352922e-06   1.413220353384e-02   6.476422934960e-07   9.793055127362e-11   1.178053601905e-06  -1.107505714786e-05   1.088603792645e-01   4.524733396996e-06  -6.075660747002e-02  -1.387709192699e-01  -1.923144902289e-01  -1.468226686391e-01   5.344288915121e-03   1.457988148115e-02   1.113982012458e-01   1.385709044492e-01   3.165029428562e-01   4.386245193557e-01   3.348699997600e-01  -1.210774989048e-02   2.579003767093e-03   8.157043825063e-02  -7.750277224903e-02  -1.770201150504e-01  -2.453223333717e-01  -1.872921065976e-01   6.823750715223e-03  -1.715874239205e-02   1.069446988009e-01
   2.583988685040e-38   0.000000000000e+00   0.000000000000e+00   5.629291714215e-17   0.000000000000e+00   0.000000000000e+00   1.050198378904e-20   0.000000000000e+00   0.000000000000e+00   0.000000000000e+00   0.000000000000e+00   3.806419391664e-16   0.000000000000e+00   0.000000000000e+00   0.000000000000e+00   0.000000000000e+00   0.000000000000e+00   1.000000000000e+00   0.000000000000e+00   0.000000000000e+00  -9.198243295184e-40   0.000000000000e+00   1.351087684002e-10   4.440812641988e-10   1.375332339205e-09   2.662120893577e-09   6.758916112434e-09   1.434962839868e-08   5.992627536945e-08   2.253682248694e-07   1.653217684921e-06   1.191968015978e-06   4.542904320610e-10  -2.199559983228e-06  -3.218715069719e-14   1.860583196656e-09  -9.099974714972e-06  -1.318917406370e-13   5.858398393153e-09  -2.926210880358e-05  -4.157298889004e-13   1.886810628832e-08  -9.832095718109e-05  -1.341908694642e-12   9.472307382535e-08  -5.519112442659e-04  -6.779234589805e-12   5.181997389642e-07  -3.755952011023e-03  -3.762370379520e-11   2.733492243902e-06  -3.189403723367e-02  -2.072662826054e-10   3.941960677922e-06  -8.706674339688e-02  -3.288217853297e-10   1.115067164390e-06  -7.555383400869e-02  -1.301162207829e-10  -1.079006833158e-05   7.651218982265e-10  -5.600654595424e-10  -1.554565932106e-13   1.216034054640e-09  -8.503618056207e-05   6.041607337220e-09  -4.227767811272e-09  -1.182129068806e-12   9.264971171161e-09  -1.010092700191e-03   7.223204294723e-08  -4.384643524008e-08  -1.257075808745e-11   9.916548944571e-08  -1.526826840527e-02   1.113353121604e-06  -4.666054243785e-07  -1.449654678374e-10   1.166106273513e-06  -1.657942106617e-01   1.316371308929e-05  -1.573460901157e-06  -7.943190000569e-10   6.957198949826e-06   1.920909540096e-01   1.237697916436e-01   2.235320923180e-02   2.195210302308e-03   2.573617921746e-01  -1.420016823067e-01   1.329167277890e-01  -1.479567379487e-02  -9.534217284208e-03  -1.722011118363e-03  -1.691154349987e-04  -2.006006780963e-02   1.284945002875e-01   2.335131386638e-02  -1.773676414849e-01  -1.142895682634e-01  -2.064175293483e-02  -2.027165345506e-03  -2.372427433300e-01  -1.014535888263e-01  -1.565616487937e-01
