ARMA_MAT_TXT_FN008
50 50
  -9.475446683996e+00  -1.192707540049e+01   2.714080330159e-08  -7.714206199617e-08  -4.584362388780e-05  -4.399765058328e+00   2.710234053445e-08  -7.629303980604e-08  -6.451409573096e-05  -1.980359380626e+00   1.837761459716e-08  -5.200451403718e-08  -4.034521517202e-05  -8.347606778317e-01   7.490299863021e-09  -2.126374814472e-08  -1.539693290168e-05   9.566012810211e-09  -4.431212231816e-08   1.534361074544e-05   1.961323107066e-08   5.233069947529e-09  -1.307349973299e-01  -9.521095762818e-01  -1.015012042696e+00  -6.219479968975e-01   2.326432708881e-01  -1.028994290753e+00  -3.658982834574e-01  -1.307327721903e-01  -9.521037279335e-01  -1.015009984999e+00  -6.219475493590e-01   7.747737883870e-01   7.154019450926e-01  -3.670593631203e-01  -1.311302813518e-01  -9.531101350301e-01  -1.015371717914e+00  -6.220279582261e-01  -4.427760724780e-04   8.967387513030e-04   1.118606210274e+00  -1.307324360817e-01  -9.521028494519e-01  -1.015009674901e+00  -6.219474816867e-01  -1.006978943655e+00   3.127083603316e-01  -3.674368377434e-01
  -1.192707540049e+01  -8.697875070480e+00   1.254378640629e-08  -3.436627505721e-08  -3.930234428687e-05  -3.920720373395e+00   1.439664848390e-08  -3.930918885182e-08  -5.708137637472e-05  -1.858111980962e+00   1.265945994094e-08  -3.542939743888e-08  -3.659184912953e-05  -7.970048105408e-01   5.311787431264e-09  -1.501870103571e-08  -1.281611889540e-05   1.636113602649e-08  -3.919939854732e-08   4.630116915024e-05   1.453116774102e-08   6.334477839122e-09  -1.519362776388e-01  -9.081563179091e-01  -9.639207111809e-01  -5.951303608812e-01   2.278646224303e-01  -1.007858067903e+00  -3.583818723395e-01  -1.519337958867e-01  -9.081509018569e-01  -9.639187718709e-01  -5.951299328290e-01   7.588600823810e-01   7.007077375720e-01  -3.595194217394e-01  -1.523380335110e-01  -9.090566794367e-01  -9.642518608358e-01  -5.952050666103e-01  -4.336146738494e-04   8.781864764942e-04   1.095463857375e+00  -1.519334260932e-01  -9.081500917133e-01  -9.639184806198e-01  -5.951298683280e-01  -9.862959234976e-01   3.062854396518e-01  -3.598891925821e-01
   2.714080330159e-08   1.254378640629e-08   1.047288809028e+00   1.492943098258e-07   1.642216453590e-07   4.197850369025e-08  -4.125306432564e-01   1.890138361621e-07   1.959112300772e-07   9.724848345466e-08  -4.575943864721e-01   8.935685570805e-08   8.554316143716e-08   7.878285041996e-08  -1.779505220199e-01   2.063706834340e-08   1.720301229738e-08  -6.766130834345e-02   1.564693204017e-05   8.211883750613e-05   5.987848092048e-02   5.327025359508e-02  -8.626490718458e-02  -7.917887440262e-02  -3.780148787477e-02  -1.060371101111e-02  -1.618137817333e-01  -6.823647616459e-02  -2.427037528440e-02  -2.872901187912e-01  -2.636922987121e-01  -1.258920913705e-01  -3.531419165330e-02  -6.131068476494e-03   1.579968775659e-01  -8.108654894885e-02   1.638840211456e-04   1.504274975165e-04   7.187183048868e-05   2.020291895190e-05  -1.776820274207e-01  -1.497893666552e-07  -1.407591945551e-04   3.733930673655e-01   3.427231042385e-01   1.636232350936e-01   4.589832982327e-02   1.118050943476e-01  -8.976036719099e-02   1.054977826367e-01
  -7.714206199617e-08  -3.436627505721e-08   1.492943098258e-07   1.047288378222e+00  -4.182739046630e-07  -9.707463579958e-08   1.890137453617e-07  -4.125309617857e-01  -5.066632871609e-07  -2.624558254601e-07   8.935663787494e-08  -4.575944207835e-01  -2.259409654613e-07  -2.192532803074e-07   2.063691433627e-08  -1.779504972852e-01  -4.725594100817e-08  -5.331750954409e-02   5.972976183894e-02  -1.659131288677e-04   1.564697909272e-05  -6.775642335603e-02   3.815548216855e-01   3.502127637911e-01   1.671981874984e-01   4.690089575450e-02  -6.823646352676e-02   1.245722824161e-01   1.073496105195e-01  -2.652746323561e-01  -2.434852319920e-01  -1.162450304863e-01  -3.260824433827e-02   1.579968735525e-01  -3.135110486427e-02  -7.487318887202e-02  -3.318191057832e-04  -3.046211005576e-04  -1.456020894198e-04  -4.096467652873e-05  -1.497938098034e-07  -1.776815666221e-01   2.850907947838e-04  -1.159537564921e-01  -1.064295730320e-01  -5.081187789827e-02  -1.425346917703e-02  -8.976037581169e-02  -1.493659228175e-01  -3.276161962085e-02
  -4.584362388780e-05  -3.930234428687e-05   1.642216453590e-07  -4.182739046630e-07   1.047630284032e+00  -4.790378778186e-04   1.957099633791e-07  -5.061120894749e-07  -4.118339069805e-01  -4.511632714684e-04   8.506519255411e-08  -2.246382378999e-07  -4.571290005132e-01  -2.489542408436e-04   1.687115575549e-08  -4.635448307431e-08  -1.778043760227e-01   1.569775336749e-05  -1.930759069770e-04  -1.055137920981e-01   9.544418575178e-05   7.469190049089e-05   1.360636801436e-01   1.246335734686e-01   5.923514748402e-02   1.648843608110e-02  -2.425310570197e-02   1.072732482498e-01  -1.393393565094e-01   1.364955458389e-01   1.250300916756e-01   5.942442429457e-02   1.654153577149e-02  -8.102894617552e-02  -7.482000420663e-02  -1.390953898492e-01  -4.146210522046e-01  -3.803386751409e-01  -1.816134874787e-01  -5.104330450730e-02  -1.407220075994e-04   2.850053260048e-04   1.777483334647e-01   1.366358159251e-01   1.251588107081e-01   5.948584828221e-02   1.655876428281e-02   1.054228728267e-01  -3.273835496149e-02  -1.390161796047e-01
  -4.399765058328e+00  -3.920720373395e+00   4.197850369025e-08  -9.707463579958e-08  -4.790378778186e-04  -2.144087002623e+00   3.448336459966e-07  -9.476020444551e-07  -1.283589709065e-03  -1.500532292777e+00   3.508994764204e-07  -9.852401960505e-07  -9.423479185288e-04  -8.379824702049e-01   1.424036250070e-07  -4.031042218864e-07  -3.270541712640e-04   3.457214638118e-07  -7.520726584986e-07   1.502349758859e-03   2.668485211569e-07  -2.560631921761e-07  -4.158065078797e-01  -8.392284851613e-01  -9.257624567720e-01  -6.502655168490e-01   1.248499424901e-01  -5.522184812979e-01  -1.965104308437e-01  -4.158038408358e-01  -8.392249994490e-01  -9.257610165260e-01  -6.502651395285e-01   4.157903755914e-01   3.839279025229e-01  -1.971345609178e-01  -4.159004046893e-01  -8.399044895501e-01  -9.262952836544e-01  -6.504367807324e-01  -2.374653041473e-04   4.809104159134e-04   6.001480411598e-01  -4.158034879862e-01  -8.392244666454e-01  -9.257607631029e-01  -6.502650689144e-01  -5.404059312112e-01   1.678182548721e-01  -1.973373301281e-01
   2.710234053445e-08   1.439664848390e-08  -4.125306432564e-01   1.890137453617e-07   1.957099633791e-07   3.448336459966e-07  -1.529314104535e-01   3.334354916459e-07   3.432156601331e-07   5.667086122738e-07  -3.959451384708e-01   1.682359830166e-07   1.623926909284e-07   4.053353534067e-07  -2.311075267690e-01   3.766011687827e-08   3.155277590994e-08  -1.618962020860e-01   3.744806116748e-05   1.964734434594e-04   1.432587163879e-01   1.274620359561e-01  -9.131271003297e-02  -7.586818547052e-02  -4.393528055739e-02  -1.456564233963e-02  -5.462883825519e-02   1.752858102093e-02   6.211940853878e-03  -3.041020247481e-01  -2.526671501589e-01  -1.463204492179e-01  -4.850939578386e-02  -9.462027862269e-02  -4.058618422164e-02   2.075329476518e-02   1.733145431245e-04   1.442331658593e-04   8.383050754975e-05   2.798523746390e-05  -5.115390804555e-02  -4.586947788287e-08   3.580731118084e-05   3.952438011585e-01   3.283939324141e-01   1.901748494779e-01   6.304884831173e-02  -1.249155913225e-01   2.305769717861e-02  -2.700056077425e-02
  -7.629303980604e-08  -3.930918885182e-08   1.890138361621e-07  -4.125309617857e-01  -5.061120894749e-07  -9.476020444551e-07   3.334354916459e-07  -1.529311120292e-01  -8.898477131686e-07  -1.590415978151e-06   1.682357785122e-07  -3.959443529335e-01  -4.285752315913e-07  -1.146605999782e-06   3.765994710652e-08  -2.311071298998e-01  -8.676676750000e-08  -1.275748458234e-01   1.429026169803e-01  -3.969275226576e-04   3.744811921520e-05  -1.621233195621e-01   4.038816125493e-01   3.355693845014e-01   1.943284844944e-01   6.442504362236e-02   1.752862714176e-02  -1.281962055579e-01  -2.747514593273e-02  -2.807981924142e-01  -2.333052351856e-01  -1.351088652275e-01  -4.479317694010e-02  -4.058612201307e-02  -8.814210940925e-02   1.916224211564e-02  -3.508937459238e-04  -2.921657043698e-04  -1.700652494909e-04  -5.693502714395e-05  -4.589919445324e-08  -5.115333148903e-02  -7.244150406368e-05  -1.227392678085e-01  -1.019799961855e-01  -5.905791534209e-02  -1.958002718168e-02   2.305758887822e-02  -5.782625423826e-02   8.384386116224e-03
  -6.451409573096e-05  -5.708137637472e-05   1.959112300772e-07  -5.066632871609e-07  -4.118339069805e-01  -1.283589709065e-03   3.432156601331e-07  -8.898477131686e-07  -1.507663915736e-01  -1.523871899459e-03   1.619405945659e-07  -4.273456918865e-07  -3.941502108155e-01  -9.314245641448e-04   3.118168796745e-08  -8.576134158851e-08  -2.304601550980e-01   3.751068773750e-05  -4.613927690464e-04  -2.521143810335e-01   2.280666170658e-04   1.784593797032e-04   1.440988352913e-01   1.191112861003e-01   6.813934761257e-02   2.215710427385e-02   6.286395884517e-03  -2.780438938099e-02  -6.089932150359e-02   1.445566263410e-01   1.194911393646e-01   6.835899655208e-02   2.222992691675e-02   2.100165458995e-02   1.939159653248e-02  -6.096292639487e-02  -4.386117609525e-01  -3.644188489262e-01  -2.113593454312e-01  -7.046111194011e-02   3.599509567600e-05  -7.289569743839e-05  -1.421094824661e-01   1.447052264298e-01   1.196144226650e-01   6.843027468360e-02   2.225355475481e-02  -2.732356312470e-02   8.484729660353e-03  -6.098350222039e-02
  -1.980359380626e+00  -1.858111980962e+00   9.724848345466e-08  -2.624558254601e-07  -4.511632714684e-04  -1.500532292777e+00   5.667086122738e-07  -1.590415978151e-06  -1.523871899459e-03  -1.099961876460e+00   6.591996593776e-07  -1.873737297059e-06  -1.353522968028e-03  -6.587358575523e-01   2.923129418060e-07  -8.351649672543e-07  -5.256446646506e-04   3.223016431186e-07  -6.995554234180e-07   1.783818360227e-03   2.477305101742e-07  -5.450520318540e-07  -3.992049853924e-01  -6.390106178081e-01  -7.022883519321e-01  -5.217242994071e-01   9.186273993296e-02  -4.063142267848e-01  -1.446670623539e-01  -3.992031975763e-01  -6.390086320786e-01  -7.022876899619e-01  -5.217241383026e-01   3.059324880450e-01   2.824884868592e-01  -1.451264770788e-01  -3.991902533098e-01  -6.395750404943e-01  -7.028964459889e-01  -5.219438042460e-01  -1.747107847653e-04   3.537934841833e-04   4.416969326576e-01  -3.992029715148e-01  -6.390083062446e-01  -7.022875265898e-01  -5.217240891113e-01  -3.976227414028e-01   1.234781507785e-01  -1.452757160478e-01
   1.837761459716e-08   1.265945994094e-08  -4.575943864721e-01   8.935663787494e-08   8.506519255411e-08   3.508994764204e-07  -3.959451384708e-01   1.682357785122e-07   1.619405945659e-07   6.591996593776e-07  -1.936227949689e-01   6.030259198276e-08   4.327047833779e-08   5.101826844014e-07  -1.184225191427e-01  -2.633843369475e-09  -1.411252186053e-08  -1.324449637843e-01   3.067673562851e-05   1.606758109796e-04   1.172463792853e-01   1.042747905138e-01  -8.236045437775e-02  -5.348314754400e-02  -2.174616997297e-02  -8.437363164992e-03  -2.648833607797e-02  -3.362054037757e-02  -1.197450399427e-02  -2.742881408601e-01  -1.781176889413e-01  -7.242344000774e-02  -2.810034603145e-02   5.021677731201e-02   7.784523162214e-02  -4.000626604305e-02   1.563287839141e-04   1.016803062381e-04   4.172024492372e-05   1.641988665807e-05  -3.458093381137e-02  -1.296878938425e-07  -6.968920902600e-05   3.564944922280e-01   2.315014087718e-01   9.413040802547e-02   3.652321047935e-02   1.083239071860e-01  -4.422494519458e-02   5.205036123670e-02
  -5.200451403718e-08  -3.542939743888e-08   8.935685570805e-08  -4.575944207835e-01  -2.246382378999e-07  -9.852401960505e-07   1.682359830166e-07  -3.959443529335e-01  -4.273456918865e-07  -1.873737297059e-06   6.030259198276e-08  -1.936213788699e-01  -1.252605274840e-07  -1.457004567727e-06  -2.633902540459e-09  -1.184217894376e-01   2.871887415871e-08  -1.043669607589e-01   1.169548185254e-01  -3.245603307862e-04   3.067678137318e-05  -1.326304244858e-01   3.642852354334e-01   2.365591105765e-01   9.618484491566e-02   3.731941038542e-02  -3.362050749152e-02   1.146156630211e-01   5.296440322198e-02  -2.532689981000e-01  -1.644686181052e-01  -6.687487567269e-02  -2.594838640726e-02   7.784529995989e-02   3.779079897861e-02  -3.694107946157e-02  -3.165073956679e-04  -2.059936033155e-04  -8.483814165234e-05  -3.358573524811e-05  -1.297134593792e-07  -3.458027818955e-02   1.412105133961e-04  -1.107060372634e-01  -7.189090477655e-02  -2.923231346733e-02  -1.134292771949e-02  -4.422504639300e-02  -2.035516931897e-02  -1.616407881513e-02
  -4.034521517202e-05  -3.659184912953e-05   8.554316143716e-08  -2.259409654613e-07  -4.571290005132e-01  -9.423479185288e-04   1.623926909284e-07  -4.285752315913e-07  -3.941502108155e-01  -1.353522968028e-03   4.327047833779e-08  -1.252605274840e-07  -1.917309949408e-01  -9.244210824453e-04  -1.424506826917e-08   2.907569866635e-08  -1.176318032542e-01   3.072609456735e-05  -3.774913850540e-04  -2.061660072541e-01   1.865811369542e-04   1.461032052499e-04   1.299413406674e-01   8.393900453960e-02   3.326981576161e-02   1.250036424215e-02  -1.191579182879e-02   5.270477011565e-02  -1.563501046952e-02   1.303542867305e-01   8.420695065773e-02   3.337840840375e-02   1.254248642469e-02  -3.981042246160e-02  -3.676021386006e-02  -1.551544705778e-02  -3.956135661638e-01  -2.568661707273e-01  -1.047385987125e-01  -4.101953684201e-02  -6.953998186703e-05   1.408444079114e-04   1.410742709902e-01   1.304883180616e-01   8.429388472281e-02   3.341362764275e-02   1.255614778145e-02   5.179565735515e-02  -1.608494733321e-02  -1.547655985712e-02
  -8.347606778317e-01  -7.970048105408e-01   7.878285041996e-08  -2.192532803074e-07  -2.489542408436e-04  -8.379824702049e-01   4.053353534067e-07  -1.146605999782e-06  -9.314245641448e-04  -6.587358575523e-01   5.101826844014e-07  -1.457004567727e-06  -9.244210824453e-04  -3.703667704102e-01   2.467471981147e-07  -7.071298595862e-07  -4.015083527327e-04   1.722615230583e-07  -3.542509829182e-07   1.117428291795e-03   1.221166716555e-07  -4.155235145977e-07  -2.710942634393e-01  -3.954061296739e-01  -4.092833958697e-01  -2.900398572005e-01   5.301286021415e-02  -2.344789489511e-01  -8.348947943262e-02  -2.710934853030e-01  -3.954052253860e-01  -4.092831421528e-01  -2.900398281018e-01   1.765501485775e-01   1.630208542716e-01  -8.375474388034e-02  -2.710422402114e-01  -3.957198870010e-01  -4.096877876713e-01  -2.901974827879e-01  -1.007974765098e-04   2.041093235044e-04   2.548600884625e-01  -2.710933929775e-01  -3.954050700214e-01  -4.092830574921e-01  -2.900398039063e-01  -2.294635802363e-01   7.125782163382e-02  -8.384088949748e-02
   7.490299863021e-09   5.311787431264e-09  -1.779505220199e-01   2.063691433627e-08   1.687115575549e-08   1.424036250070e-07  -2.311075267690e-01   3.765994710652e-08   3.118168796745e-08   2.923129418060e-07  -1.184225191427e-01  -2.633902540459e-09  -1.424506826917e-08   2.467471981147e-07   8.853308021763e-03  -1.274189091121e-08  -2.207221754841e-08  -5.260547173143e-02   1.219470998878e-05   6.380954409942e-05   4.658571889145e-02   4.141661884301e-02  -4.223838967516e-02  -3.170172241434e-02  -7.217037326049e-03   7.643069295722e-04  -3.800054663513e-02  -2.137521547284e-02  -7.607559325286e-03  -1.406683346176e-01  -1.055779183148e-01  -2.403580135951e-02   2.544917041475e-03   1.076712960636e-02   4.949255994894e-02  -2.541654721324e-02   8.016010997732e-05   6.023349255114e-05   1.388842542098e-05  -1.261121322868e-06  -4.305936108312e-02  -7.208119809879e-08  -4.421037728688e-05   1.828277975126e-01   1.372206728279e-01   3.124000306538e-02  -3.307199682249e-03   4.771061676825e-02  -2.811743909541e-02   3.306827031369e-02
  -2.126374814472e-08  -1.501870103571e-08   2.063706834340e-08  -1.779504972852e-01  -4.635448307431e-08  -4.031042218864e-07   3.766011687827e-08  -2.311071298998e-01  -8.576134158851e-08  -8.351649672543e-07  -2.633843369475e-09  -1.184217894376e-01   2.907569866635e-08  -7.071298595862e-07  -1.274189091121e-08   8.853728210699e-03   5.111932127406e-08  -4.145322215812e-02   4.646987386068e-02  -1.288830765017e-04   1.219473262421e-05  -5.267908972419e-02   1.868229448956e-01   1.402186079328e-01   3.192151588737e-02  -3.380343486084e-03  -2.137520768168e-02   5.171041830773e-02   3.364887640550e-02  -1.298886952279e-01  -9.748747931515e-02  -2.219451260536e-02   2.349214271143e-03   4.949258949053e-02   2.866963014327e-03  -2.346906232093e-02  -1.622923594693e-04  -1.220050058769e-04  -2.828184285704e-05   2.391549842184e-06  -7.208966029542e-08  -4.305905144428e-02   8.956616055534e-05  -5.677546515567e-02  -4.261273107772e-02  -9.701734116039e-03   1.026549173799e-03  -2.811747641967e-02  -3.410119910753e-02  -1.026917409986e-02
  -1.539693290168e-05  -1.281611889540e-05   1.720301229738e-08  -4.725594100817e-08  -1.778043760227e-01  -3.270541712640e-04   3.155277590994e-08  -8.676676750000e-08  -2.304601550980e-01  -5.256446646506e-04  -1.411252186053e-08   2.871887415871e-08  -1.176318032542e-01  -4.015083527327e-04  -2.207221754841e-08   5.111932127406e-08   9.250185531492e-03   1.221917306107e-05  -1.500089356953e-04  -8.190279258608e-02   7.414230247643e-05   5.808239512219e-05   6.664216767379e-02   4.983998089177e-02   1.097530256957e-02  -1.547643112896e-03  -7.588766270554e-03   3.356576714836e-02  -3.103991092987e-02   6.685407253239e-02   4.999893310833e-02   1.101135163504e-02  -1.551540731540e-03  -2.535386897186e-02  -2.341117463051e-02  -3.096368008450e-02  -2.028818655381e-01  -1.522504534219e-01  -3.478364576673e-02   3.442484214260e-03  -4.416850026062e-05   8.946023844202e-05   6.847336934032e-02   6.692283099279e-02   5.005049631273e-02   1.102303689994e-02  -1.552808630252e-03   3.298675792774e-02  -1.024384835633e-02  -3.093890764121e-02
   9.566012810211e-09   1.636113602649e-08  -6.766130834345e-02  -5.331750954409e-02   1.569775336749e-05   3.457214638118e-07  -1.618962020860e-01  -1.275748458234e-01   3.751068773750e-05   3.223016431186e-07  -1.324449637843e-01  -1.043669607589e-01   3.072609456735e-05   1.722615230583e-07  -5.260547173143e-02  -4.145322215812e-02   1.221917306107e-05   1.398437493432e+00   5.225937614518e-02  -2.664648829171e-05   6.647440406184e-02  -1.355210456425e-04   5.428584534608e-03   2.157658879980e-02   2.889156096269e-02   8.483552390687e-03  -2.796493416800e-01  -2.140928580627e-01  -9.818724401126e-02  -1.257097463490e-02  -4.995906372879e-02  -6.689623423265e-02  -1.964282323364e-02  -2.691569691331e-01  -2.102004307781e-01   2.280801724340e-01  -3.027615353091e-08  -6.147722571123e-08   4.832150748220e-08   8.450973291757e-08  -1.492462966148e-02  -1.212564053701e-02   4.162094093461e-06   7.141870158595e-03   2.838274984558e-02   3.800514658189e-02   1.115962450588e-02  -2.711798986176e-01  -2.214992767778e-01  -1.297035785835e-01
  -4.431212231816e-08  -3.919939854732e-08   1.564693204017e-05   5.972976183894e-02  -1.930759069770e-04  -7.520726584986e-07   3.744806116748e-05   1.429026169803e-01  -4.613927690464e-04  -6.995554234180e-07   3.067673562851e-05   1.169548185254e-01  -3.774913850540e-04  -3.542509829182e-07   1.219470998878e-05   4.646987386068e-02  -1.500089356953e-04   5.225937614518e-02   1.461751541447e+00  -1.719442837599e-04  -3.038934660650e-05   6.637625858311e-02  -8.574444538076e-03  -3.381875891557e-02  -4.536626732025e-02  -1.332441453896e-02  -9.823933945889e-02   3.315136628231e-01  -1.725645480492e-01   5.980782771152e-03   2.358626424570e-02   3.164006214525e-02   9.292637683795e-03   2.282017630714e-01   1.073218865639e-01   1.192152874417e-01  -2.197066107765e-05  -8.957156339739e-05  -1.202741663357e-04  -3.543326423446e-05   4.025284007648e-06   3.687742837385e-01  -1.010499325280e-03   2.616911312426e-03   1.032003352420e-02   1.384396703590e-02   4.065853413784e-03  -1.297730794547e-01  -6.320835708240e-02   5.198820880373e-02
   1.534361074544e-05   4.630116915024e-05   8.211883750613e-05  -1.659131288677e-04  -1.055137920981e-01   1.502349758859e-03   1.964734434594e-04  -3.969275226576e-04  -2.521143810335e-01   1.783818360227e-03   1.606758109796e-04  -3.245603307862e-04  -2.061660072541e-01   1.117428291795e-03   6.380954409942e-05  -1.288830765017e-04  -8.190279258608e-02  -2.664648829171e-05  -1.719442837599e-04   1.338143977699e+00   8.471516808141e-05  -1.258580949387e-04   5.371873556031e-03   2.189267287508e-02   2.993651706697e-02   9.306086683155e-03   2.101005640386e-02  -9.288462551698e-02  -2.580647376515e-01   5.355470308436e-03   2.182546129506e-02   2.984674946322e-02   9.279706525485e-03   6.928661547092e-02   6.392323264440e-02  -2.585055310285e-01  -1.599712750957e-02  -6.435392451194e-02  -8.577624026718e-02  -2.464133117532e-02   4.565112164198e-04  -9.244508735906e-04  -5.150211580583e-01   5.350028515222e-03   2.180363059114e-02   2.981756060783e-02   9.271125607138e-03  -8.973905506949e-02   2.783639481302e-02  -2.586481897546e-01
   1.961323107066e-08   1.453116774102e-08   5.987848092048e-02   1.564697909272e-05   9.544418575178e-05   2.668485211569e-07   1.432587163879e-01   3.744811921520e-05   2.280666170658e-04   2.477305101742e-07   1.172463792853e-01   3.067678137318e-05   1.865811369542e-04   1.221166716555e-07   4.658571889145e-02   1.219473262421e-05   7.414230247643e-05   6.647440406184e-02  -3.038934660650e-05   8.471516808141e-05   1.461459966400e+00  -5.230783732046e-02   1.938632101474e-03   7.646281064399e-03   1.025703663083e-02   3.012595799072e-03  -8.077526135765e-02  -9.823910725340e-02   3.902640706083e-02   6.477391730477e-03   2.554501769748e-02   3.426738477074e-02   1.006454060326e-02   1.437797924503e-01   2.282010309717e-01   1.291774568642e-01   1.086318044018e-05   4.422301136224e-05   5.935668464938e-05   1.746436891626e-05   3.688084718187e-01   4.025305701539e-06   4.989678248394e-04  -8.427357078964e-03  -3.323454395193e-02  -4.458266151412e-02  -1.309405386156e-02   3.144269538971e-01  -1.297725794523e-01  -1.675298551175e-01
   5.233069947529e-09   6.334477839122e-09   5.327025359508e-02  -6.775642335603e-02   7.469190049089e-05  -2.560631921761e-07   1.274620359561e-01  -1.621233195621e-01   1.784593797032e-04  -5.450520318540e-07   1.042747905138e-01  -1.326304244858e-01   1.461032052499e-04  -4.155235145977e-07   4.141661884301e-02  -5.267908972419e-02   5.808239512219e-05  -1.355210456425e-04   6.637625858311e-02  -1.258580949387e-04  -5.230783732046e-02   1.398309035850e+00   1.139191653203e-02   4.527825052989e-02   6.062820163355e-02   1.780215892925e-02   2.168164882267e-01  -2.675767220814e-01  -2.060349957130e-01  -1.003241949188e-03  -3.987049628091e-03  -5.339056549557e-03  -1.567921438741e-03   2.196632331954e-01  -2.779258482946e-01   1.821983276603e-02  -8.920661986469e-08  -5.990388229169e-07  -7.718377581558e-07  -4.619951423534e-07   1.183383086242e-02  -1.551542502424e-02   1.774304107002e-05  -1.039013423020e-02  -4.129153268821e-02  -5.529051489115e-02  -1.623529893240e-02   2.090198077259e-01  -2.750733374550e-01   1.887175891859e-01
  -1.307349973299e-01  -1.519362776388e-01  -8.626490718458e-02   3.815548216855e-01   1.360636801436e-01  -4.158065078797e-01  -9.131271003297e-02   4.038816125493e-01   1.440988352913e-01  -3.992049853924e-01  -8.236045437775e-02   3.642852354334e-01   1.299413406674e-01  -2.710942634393e-01  -4.223838967516e-02   1.868229448956e-01   6.664216767379e-02   5.428584534608e-03  -8.574444538076e-03   5.371873556031e-03   1.938632101474e-03   1.139191653203e-02   5.452179080764e-01  -4.949137986526e-01  -4.796273468359e-01  -2.790954839691e-01   5.497239144025e-02  -2.431458761588e-01  -8.628888833781e-02  -1.032813278768e-02  -1.144398501494e-01  -2.130607591055e-01  -1.950653302059e-01   2.432837944230e-02   1.159105762023e-01   7.855194363311e-03  -1.111604269480e-02  -1.162994226418e-01  -2.143344358481e-01  -1.955392645479e-01  -1.781600606232e-02   7.874237068118e-02   9.019202129055e-02  -1.032775610736e-02  -1.144389034328e-01  -2.130600995278e-01  -1.950650837079e-01  -7.181380844775e-02   9.418034867096e-02   7.834865254547e-03
  -9.521095762818e-01  -9.081563179091e-01  -7.917887440262e-02   3.502127637911e-01   1.246335734686e-01  -8.392284851613e-01  -7.586818547052e-02   3.355693845014e-01   1.191112861003e-01  -6.390106178081e-01  -5.348314754400e-02   2.365591105765e-01   8.393900453960e-02  -3.954061296739e-01  -3.170172241434e-02   1.402186079328e-01   4.983998089177e-02   2.157658879980e-02  -3.381875891557e-02   2.189267287508e-02   7.646281064399e-03   4.527825052989e-02  -4.949137986526e-01  -5.244064257310e-01  -5.336774207953e-01  -3.625119403954e-01   9.700945516207e-02  -4.290782899671e-01  -1.525369727782e-01  -1.144397236636e-01  -2.918336970128e-01  -3.739939046831e-01  -2.983673496755e-01   1.140647776235e-01   2.123716602893e-01  -3.190883423032e-02  -1.163158055696e-01  -2.940343024520e-01  -3.752524008626e-01  -2.988333034203e-01  -2.019741819706e-02   8.914927138534e-02   2.268072617621e-01  -1.144387586654e-01  -2.918325573211e-01  -3.739932698660e-01  -2.983671158882e-01  -1.942955540114e-01   1.426786223343e-01  -3.197402311230e-02
  -1.015012042696e+00  -9.639207111809e-01  -3.780148787477e-02   1.671981874984e-01   5.923514748402e-02  -9.257624567720e-01  -4.393528055739e-02   1.943284844944e-01   6.813934761257e-02  -7.022883519321e-01  -2.174616997297e-02   9.618484491566e-02   3.326981576161e-02  -4.092833958697e-01  -7.217037326049e-03   3.192151588737e-02   1.097530256957e-02   2.889156096269e-02  -4.536626732025e-02   2.993651706697e-02   1.025703663083e-02   6.062820163355e-02  -4.796273468359e-01  -5.336774207953e-01  -4.717911633192e-01  -3.350106234639e-01   7.713902790350e-02  -3.411903299578e-01  -1.214014611940e-01  -2.130603404940e-01  -3.739933634468e-01  -4.294040552615e-01  -3.206685490580e-01   1.618628142278e-01   1.892248352143e-01  -6.854091797016e-02  -2.143305196087e-01  -3.754254956588e-01  -4.302319098806e-01  -3.209426507067e-01  -7.563091990347e-03   3.321932106861e-02   2.570302480688e-01  -2.130596281254e-01  -3.739926375854e-01  -4.294037107920e-01  -3.206684430826e-01  -2.274787401781e-01   1.012295832292e-01  -6.862337169218e-02
  -6.219479968975e-01  -5.951303608812e-01  -1.060371101111e-02   4.690089575450e-02   1.648843608110e-02  -6.502655168490e-01  -1.456564233963e-02   6.442504362236e-02   2.215710427385e-02  -5.217242994071e-01  -8.437363164992e-03   3.731941038542e-02   1.250036424215e-02  -2.900398572005e-01   7.643069295722e-04  -3.380343486084e-03  -1.547643112896e-03   8.483552390687e-03  -1.332441453896e-02   9.306086683155e-03   3.012595799072e-03   1.780215892925e-02  -2.790954839691e-01  -3.625119403954e-01  -3.350106234639e-01  -2.223827891089e-01   4.487309186789e-02  -1.984762644674e-01  -7.065111454323e-02  -1.950649551539e-01  -2.983668602990e-01  -3.206684351786e-01  -2.260887796648e-01   1.255818783988e-01   1.310394614578e-01  -5.645938751208e-02  -1.955072794042e-01  -2.990242687062e-01  -3.211220586275e-01  -2.262083465565e-01  -2.909110623583e-03   1.269107012987e-02   1.901146421756e-01  -1.950646651116e-01  -2.983665398505e-01  -3.206682915874e-01  -2.260887587403e-01  -1.697065635705e-01   6.430130820048e-02  -5.652199729707e-02
   2.326432708881e-01   2.278646224303e-01  -1.618137817333e-01  -6.823646352676e-02  -2.425310570197e-02   1.248499424901e-01  -5.462883825519e-02   1.752862714176e-02   6.286395884517e-03   9.186273993296e-02  -2.648833607797e-02  -3.362050749152e-02  -1.191579182879e-02   5.301286021415e-02  -3.800054663513e-02  -2.137520768168e-02  -7.588766270554e-03  -2.796493416800e-01  -9.823933945889e-02   2.101005640386e-02  -8.077526135765e-02   2.168164882267e-01   5.497239144025e-02   9.700945516207e-02   7.713902790350e-02   4.487309186789e-02   1.451626173961e+00   7.624637523893e-02   2.710821809012e-02  -4.565562894989e-02  -2.641916187742e-02   2.606527003729e-02   2.916129045948e-02  -2.322623662986e-02   4.151250418744e-02  -6.726299578285e-03   1.299806522257e-02   4.068730215497e-02   5.106271060327e-02   3.863187570211e-02  -4.218981902192e-02  -2.071392134426e-02  -4.327346139788e-02   8.820685070437e-02   1.269283241861e-01   8.303055621908e-02   5.076527857478e-02   8.793088296275e-02  -1.056963494192e-01   1.875590664258e-02
  -1.028994290753e+00  -1.007858067903e+00  -6.823647616459e-02   1.245722824161e-01   1.072732482498e-01  -5.522184812979e-01   1.752858102093e-02  -1.281962055579e-01  -2.780438938099e-02  -4.063142267848e-01  -3.362054037757e-02   1.146156630211e-01   5.270477011565e-02  -2.344789489511e-01  -2.137521547284e-02   5.171041830773e-02   3.356576714836e-02  -2.140928580627e-01   3.315136628231e-01  -9.288462551698e-02  -9.823910725340e-02  -2.675767220814e-01  -2.431458761588e-01  -4.290782899671e-01  -3.411903299578e-01  -1.984762644674e-01   7.624637523893e-02   1.131622384080e+00  -1.199008952492e-01  -1.092718093838e-01  -2.396538784493e-01  -2.477229899376e-01  -1.792077496281e-01   1.276605091175e-01   2.226479225898e-01  -2.938760093635e-02  -5.741022383127e-02  -1.798706982134e-01  -2.258193376056e-01  -1.708581104804e-01  -2.073637860190e-02   4.468677727470e-02   1.912806623178e-01  -7.901626960941e-02  -2.049948460504e-01  -2.348477648150e-01  -1.743248633085e-01  -1.918217042283e-01   1.114924747389e-01  -2.370119729689e-02
  -3.658982834574e-01  -3.583818723395e-01  -2.427037528440e-02   1.073496105195e-01  -1.393393565094e-01  -1.965104308437e-01   6.211940853878e-03  -2.747514593273e-02  -6.089932150359e-02  -1.446670623539e-01  -1.197450399427e-02   5.296440322198e-02  -1.563501046952e-02  -8.348947943262e-02  -7.607559325286e-03   3.364887640550e-02  -3.103991092987e-02  -9.818724401126e-02  -1.725645480492e-01  -2.580647376515e-01   3.902640706083e-02  -2.060349957130e-01  -8.628888833781e-02  -1.525369727782e-01  -1.214014611940e-01  -7.065111454323e-02   2.710821809012e-02  -1.199008952492e-01   1.426052518163e+00   8.005915359038e-03  -3.160668835690e-02  -6.824914287782e-02  -5.625226250119e-02   1.095135060055e-02   2.767771449795e-02  -4.793168492259e-02  -1.058356159795e-01  -1.605139009368e-01  -1.161727440981e-01  -7.442360425532e-02  -1.962480791559e-02   8.664602756219e-02   1.478352090234e-01   8.034473904785e-03  -3.157384076800e-02  -6.823687955079e-02  -5.624762559201e-02  -2.175222223080e-02   2.024958752632e-02  -4.793287834911e-02
  -1.307327721903e-01  -1.519337958867e-01  -2.872901187912e-01  -2.652746323561e-01   1.364955458389e-01  -4.158038408358e-01  -3.041020247481e-01  -2.807981924142e-01   1.445566263410e-01  -3.992031975763e-01  -2.742881408601e-01  -2.532689981000e-01   1.303542867305e-01  -2.710934853030e-01  -1.406683346176e-01  -1.298886952279e-01   6.685407253239e-02  -1.257097463490e-02   5.980782771152e-03   5.355470308436e-03   6.477391730477e-03  -1.003241949188e-03  -1.032813278768e-02  -1.144397236636e-01  -2.130603404940e-01  -1.950649551539e-01  -4.565562894989e-02  -1.092718093838e-01   8.005915359038e-03   5.452202491307e-01  -4.949118253523e-01  -4.796263072761e-01  -2.790949748868e-01   1.830757318415e-01   1.690464999795e-01  -8.656329070473e-02  -1.111715861661e-02  -1.163017235727e-01  -2.143356425924e-01  -1.955394936765e-01  -5.927750558420e-02  -5.466246684193e-02   9.028462118312e-02  -1.032733981070e-02  -1.144375013487e-01  -2.130587540536e-01  -1.950643607784e-01  -1.125420155217e-01  -3.687384869833e-02   7.922753274043e-03
  -9.521037279335e-01  -9.081509018569e-01  -2.636922987121e-01  -2.434852319920e-01   1.250300916756e-01  -8.392249994490e-01  -2.526671501589e-01  -2.333052351856e-01   1.194911393646e-01  -6.390086320786e-01  -1.781176889413e-01  -1.644686181052e-01   8.420695065773e-02  -3.954052253860e-01  -1.055779183148e-01  -9.748747931515e-02   4.999893310833e-02  -4.995906372879e-02   2.358626424570e-02   2.182546129506e-02   2.554501769748e-02  -3.987049628091e-03  -1.144398501494e-01  -2.918336970128e-01  -3.739933634468e-01  -2.983668602990e-01  -2.641916187742e-02  -2.396538784493e-01  -3.160668835690e-02  -4.949118253523e-01  -5.244040766778e-01  -5.336761228127e-01  -3.625113052483e-01   3.230728009968e-01   2.983154127884e-01  -1.530217512926e-01  -1.163182364968e-01  -2.940364667519e-01  -3.752531055698e-01  -2.988333095488e-01  -6.708485693123e-02  -6.171636069949e-02   2.269103602370e-01  -1.144374830657e-01  -2.918306081687e-01  -3.739916825101e-01  -2.983662626008e-01  -2.409527093648e-01  -7.452361254405e-03  -3.187309495190e-02
  -1.015009984999e+00  -9.639187718709e-01  -1.258920913705e-01  -1.162450304863e-01   5.942442429457e-02  -9.257610165260e-01  -1.463204492179e-01  -1.351088652275e-01   6.835899655208e-02  -7.022876899619e-01  -7.242344000774e-02  -6.687487567269e-02   3.337840840375e-02  -4.092831421528e-01  -2.403580135951e-02  -2.219451260536e-02   1.101135163504e-02  -6.689623423265e-02   3.164006214525e-02   2.984674946322e-02   3.426738477074e-02  -5.339056549557e-03  -2.130607591055e-01  -3.739939046831e-01  -4.294040552615e-01  -3.206684351786e-01   2.606527003729e-02  -2.477229899376e-01  -6.824914287782e-02  -4.796263072761e-01  -5.336761228127e-01  -4.717906177709e-01  -3.350104205159e-01   2.568981326446e-01   2.372117129145e-01  -1.217872593080e-01  -2.143321480463e-01  -3.754267433416e-01  -4.302322920739e-01  -3.209426820034e-01  -2.496174652436e-02  -2.276278578218e-02   2.570688687937e-01  -2.130587012616e-01  -3.739915914652e-01  -4.294030547499e-01  -3.206681517617e-01  -2.448106485899e-01   4.545922440740e-02  -6.858577908423e-02
  -6.219475493590e-01  -5.951299328290e-01  -3.531419165330e-02  -3.260824433827e-02   1.654153577149e-02  -6.502651395285e-01  -4.850939578386e-02  -4.479317694010e-02   2.222992691675e-02  -5.217241383026e-01  -2.810034603145e-02  -2.594838640726e-02   1.254248642469e-02  -2.900398281018e-01   2.544917041475e-03   2.349214271143e-03  -1.551540731540e-03  -1.964282323364e-02   9.292637683795e-03   9.279706525485e-03   1.006454060326e-02  -1.567921438741e-03  -1.950653302059e-01  -2.983673496755e-01  -3.206685490580e-01  -2.260887796648e-01   2.916129045948e-02  -1.792077496281e-01  -5.625226250119e-02  -2.790949748868e-01  -3.625113052483e-01  -3.350104205159e-01  -2.223827450984e-01   1.494421086166e-01   1.379901469642e-01  -7.087563261535e-02  -1.955078845340e-01  -2.990247648313e-01  -3.211222039005e-01  -2.262083179199e-01  -9.517314500651e-03  -8.571487634135e-03   1.901292861827e-01  -1.950643172337e-01  -2.983661759394e-01  -3.206681141460e-01  -2.260887239364e-01  -1.762797034908e-01   4.315051848986e-02  -5.650776720584e-02
   7.747737883870e-01   7.588600823810e-01  -6.131068476494e-03   1.579968735525e-01  -8.102894617552e-02   4.157903755914e-01  -9.462027862269e-02  -4.058612201307e-02   2.100165458995e-02   3.059324880450e-01   5.021677731201e-02   7.784529995989e-02  -3.981042246160e-02   1.765501485775e-01   1.076712960636e-02   4.949258949053e-02  -2.535386897186e-02  -2.691569691331e-01   2.282017630714e-01   6.928661547092e-02   1.437797924503e-01   2.196632331954e-01   2.432837944230e-02   1.140647776235e-01   1.618628142278e-01   1.255818783988e-01  -2.322623662986e-02   1.276605091175e-01   1.095135060055e-02   1.830757318415e-01   3.230728009968e-01   2.568981326446e-01   1.494421086166e-01   1.277673180507e+00  -1.765415085382e-01   9.056622688952e-02   4.321132532047e-02   1.354149419739e-01   1.700234589507e-01   1.286446021205e-01   4.998837705072e-03   4.776496346587e-02  -1.440788243922e-01   1.174578684775e-01   2.207509788536e-01   2.014941182462e-01   1.406120337677e-01   2.344319811474e-01   2.114364438385e-02   2.875304001949e-02
   7.154019450926e-01   7.007077375720e-01   1.579968775659e-01  -3.135110486427e-02  -7.482000420663e-02   3.839279025229e-01  -4.058618422164e-02  -8.814210940925e-02   1.939159653248e-02   2.824884868592e-01   7.784523162214e-02   3.779079897861e-02  -3.676021386006e-02   1.630208542716e-01   4.949255994894e-02   2.866963014327e-03  -2.341117463051e-02  -2.102004307781e-01   1.073218865639e-01   6.392323264440e-02   2.282010309717e-01  -2.779258482946e-01   1.159105762023e-01   2.123716602893e-01   1.892248352143e-01   1.310394614578e-01   4.151250418744e-02   2.226479225898e-01   2.767771449795e-02   1.690464999795e-01   2.983154127884e-01   2.372117129145e-01   1.379901469642e-01  -1.765415085382e-01   1.305852918787e+00   8.362576370271e-02   3.980054837630e-02   1.249254485203e-01   1.569525996520e-01   1.187705177624e-01   4.785697648261e-02  -2.820278805042e-03  -1.328898980122e-01   1.510828459262e-02   9.689699734533e-02   1.463283503858e-01   1.147710889609e-01   1.072012397427e-01  -3.500392792471e-02   8.838076895260e-03
  -3.670593631203e-01  -3.595194217394e-01  -8.108654894885e-02  -7.487318887202e-02  -1.390953898492e-01  -1.971345609178e-01   2.075329476518e-02   1.916224211564e-02  -6.096292639487e-02  -1.451264770788e-01  -4.000626604305e-02  -3.694107946157e-02  -1.551544705778e-02  -8.375474388034e-02  -2.541654721324e-02  -2.346906232093e-02  -3.096368008450e-02   2.280801724340e-01   1.192152874417e-01  -2.585055310285e-01   1.291774568642e-01   1.821983276603e-02   7.855194363311e-03  -3.190883423032e-02  -6.854091797016e-02  -5.645938751208e-02  -6.726299578285e-03  -2.938760093635e-02  -4.793168492259e-02  -8.656329070473e-02  -1.530217512926e-01  -1.217872593080e-01  -7.087563261535e-02   9.056622688952e-02   8.362576370271e-02   1.425781968061e+00  -1.059031848236e-01  -1.607181698329e-01  -1.164284720500e-01  -7.461706085863e-02  -6.528474117313e-02  -6.009026508201e-02   1.481511773766e-01   7.971641929636e-03  -3.177505795345e-02  -6.849106177890e-02  -5.644052041205e-02  -2.963537402648e-02  -4.376508279950e-03  -4.793758252932e-02
  -1.311302813518e-01  -1.523380335110e-01   1.638840211456e-04  -3.318191057832e-04  -4.146210522046e-01  -4.159004046893e-01   1.733145431245e-04  -3.508937459238e-04  -4.386117609525e-01  -3.991902533098e-01   1.563287839141e-04  -3.165073956679e-04  -3.956135661638e-01  -2.710422402114e-01   8.016010997732e-05  -1.622923594693e-04  -2.028818655381e-01  -3.027615353091e-08  -2.197066107765e-05  -1.599712750957e-02   1.086318044018e-05  -8.920661986469e-08  -1.111604269480e-02  -1.163158055696e-01  -2.143305196087e-01  -1.955072794042e-01   1.299806522257e-02  -5.741022383127e-02  -1.058356159795e-01  -1.111715861661e-02  -1.163182364968e-01  -2.143321480463e-01  -1.955078845340e-01   4.321132532047e-02   3.980054837630e-02  -1.059031848236e-01   5.450442359949e-01  -4.951462570133e-01  -4.796909532866e-01  -2.790759240139e-01  -1.046025832633e-04   2.118956199496e-04   2.639869904791e-01  -1.111742506104e-02  -1.163188514463e-01  -2.143325666012e-01  -1.955080404345e-01  -5.608519943476e-02   1.735895188598e-02  -1.059249359251e-01
  -9.531101350301e-01  -9.090566794367e-01   1.504274975165e-04  -3.046211005576e-04  -3.803386751409e-01  -8.399044895501e-01   1.442331658593e-04  -2.921657043698e-04  -3.644188489262e-01  -6.395750404943e-01   1.016803062381e-04  -2.059936033155e-04  -2.568661707273e-01  -3.957198870010e-01   6.023349255114e-05  -1.220050058769e-04  -1.522504534219e-01  -6.147722571123e-08  -8.957156339739e-05  -6.435392451194e-02   4.422301136224e-05  -5.990388229169e-07  -1.162994226418e-01  -2.940343024520e-01  -3.754254956588e-01  -2.990242687062e-01   4.068730215497e-02  -1.798706982134e-01  -1.605139009368e-01  -1.163017235727e-01  -2.940364667519e-01  -3.754267433416e-01  -2.990247648313e-01   1.354149419739e-01   1.249254485203e-01  -1.607181698329e-01  -4.951462570133e-01  -5.249210459040e-01  -5.341606340115e-01  -3.627939943766e-01  -1.845340859448e-04   3.737494583055e-04   4.661449651033e-01  -1.163023197158e-01  -2.940370631469e-01  -3.754270765614e-01  -2.990248940869e-01  -1.759127315906e-01   5.456273588172e-02  -1.607844693275e-01
