ARMA_MAT_TXT_FN008
50 50
  -1.875030721651e+01  -1.934962230758e+01   1.682818798853e-07  -4.726898527615e-07  -4.438448581792e-04  -6.747259934665e+00   7.770341131460e-08  -2.182681628685e-07  -2.048433972435e-04  -3.044509894977e+00   2.476060318874e-08  -6.955675927309e-08  -6.519651253259e-05  -1.282960212944e+00   6.231642298174e-09  -1.750643402014e-08  -1.639634739667e-05   1.241782154700e-08  -3.627373890932e-08   5.102062397384e-05   1.439559549083e-08  -1.023637372655e-08  -2.011489489625e-01  -1.464165594536e+00  -1.560304517611e+00  -9.557594818243e-01   3.595634385066e-01  -1.590369352450e+00  -5.655442225611e-01  -2.011454643392e-01  -1.464156594145e+00  -1.560301342719e+00  -9.557587896813e-01   1.197457160080e+00   1.105694573700e+00  -5.673388193669e-01  -2.017463848607e-01  -1.465706744095e+00  -1.560851535668e+00  -9.558790955294e-01  -6.843487817422e-04   1.385982014403e-03   1.728928067644e+00  -2.011449408306e-01  -1.464155241986e+00  -1.560300865271e+00  -9.557586855455e-01  -1.556343492886e+00   4.833086275861e-01  -5.679222417286e-01
  -1.934962230758e+01  -1.699295422710e+01   2.337637367165e-07  -6.566226446321e-07  -6.165593240204e-04  -7.089154314215e+00   7.263663665863e-08  -2.040298193719e-07  -1.915879937949e-04  -3.236407368379e+00   1.896991744416e-08  -5.328447738928e-08  -5.004116064146e-05  -1.364635107105e+00   4.438382664439e-09  -1.246688851191e-08  -1.170908060126e-05   6.227721770258e-09  -1.819150952397e-08   2.547939593113e-05   7.219507904942e-09  -5.046947901656e-09  -2.149743052324e-01  -1.561065795263e+00  -1.659720621677e+00  -1.016548659895e+00   3.920948475913e-01  -1.734257607446e+00  -6.167023951297e-01  -2.149704037777e-01  -1.561056233828e+00  -1.659717243702e+00  -1.016547923023e+00   1.305797054509e+00   1.205732260008e+00  -6.186594729507e-01  -2.156329608768e-01  -1.562689614621e+00  -1.660294784730e+00  -1.016673920944e+00  -7.462376856537e-04   1.511325757533e-03   1.885274034930e+00  -2.149698189651e-01  -1.561054799108e+00  -1.659716736735e+00  -1.016547812429e+00  -1.697153675827e+00   5.270359841841e-01  -6.192956970106e-01
   1.682818798853e-07   2.337637367165e-07  -6.377953040998e+00   8.906615578397e-08   1.032506216914e-07   6.240899674819e-07  -4.291002998369e+00   9.606267813156e-08   1.113680808563e-07   3.984636717918e-07  -1.616506334876e+00   3.967091475286e-08   4.599686932814e-08   1.892291695898e-07  -4.345750404362e-01   1.084083904417e-08   1.257032189168e-08  -2.513367825152e-02   5.800200581782e-06   3.035213131867e-05   2.150959531290e-02   1.978758443550e-02  -1.822323975149e-01  -2.699625677563e-01  -1.039430336233e-01  -2.419012702328e-02  -5.762722308935e-01  -5.381493826748e-01  -1.913983616949e-01  -6.068902985008e-01  -8.990659012722e-01  -3.461666697276e-01  -8.056189867577e-02   6.515142824041e-01   1.246038919684e+00  -6.394486221610e-01   3.469288775340e-04   5.134120282642e-04   1.977021965646e-04   4.609166626822e-05  -6.992798741186e-01  -8.947385114293e-07  -1.110857014203e-03   7.887796644141e-01   1.168524029292e+00   4.499165091847e-01   1.047073896313e-01   1.581613081669e+00  -7.078928326145e-01   8.319526321830e-01
  -4.726898527615e-07  -6.566226446321e-07   8.906615578397e-08  -6.377952895950e+00  -2.601682256237e-07  -1.753193158830e-06   9.606267813156e-08  -4.291002830881e+00  -2.806262566690e-07  -1.119612160881e-06   3.967091475286e-08  -1.616506257580e+00  -1.159059742069e-07  -5.317693329106e-07   1.084083904417e-08  -4.345750181292e-01  -3.167591099509e-08  -1.980450889323e-02   2.145435787989e-02  -6.119535962938e-05   5.800200581782e-06  -2.516732544559e-02   8.060241751524e-01   1.194059803906e+00   4.597461760083e-01   1.069945071749e-01  -5.381494060872e-01   1.682323774712e+00   8.465658439418e-01  -5.603836516710e-01  -8.301700090739e-01  -3.196402876840e-01  -7.438886953262e-02   1.246039429157e+00   4.526191590689e-01  -5.904471734840e-01  -7.026448450202e-04  -1.039944469460e-03  -4.005762439402e-04  -9.346143423667e-05  -8.948175871304e-07  -6.992784219106e-01   2.249926496427e-03  -2.449485740760e-01  -3.628751786371e-01  -1.397181107303e-01  -3.251630435196e-02  -7.078933185956e-01  -4.781036674298e-01  -2.583556737407e-01
  -4.438448581792e-04  -6.165593240204e-04   1.032506216914e-07  -2.601682256237e-07  -6.377321073280e+00  -1.642961240020e-03   1.113680808563e-07  -2.806262566690e-07  -4.290309450195e+00  -1.044638155824e-03   4.599686932814e-08  -1.159059742069e-07  -1.616211137058e+00  -4.948876873594e-04   1.257032189168e-08  -3.167591099509e-08  -4.344930924755e-01   5.800200581782e-06  -7.234627799985e-05  -3.993289882950e-02   3.564697582605e-05   2.761871650633e-05   2.865446707160e-01   4.240968784563e-01   1.628878544567e-01   3.766685999864e-02  -1.912592937288e-01   8.459507016654e-01  -3.970648193747e-01   2.874542174181e-01   4.254473212516e-01   1.634083291633e-01   3.778803153654e-02  -6.389850482186e-01  -5.900188823905e-01  -3.951404385680e-01  -8.764206462638e-01  -1.296865383584e+00  -4.993723773490e-01  -1.164275453767e-01  -1.110697087771e-03   2.249402828515e-03   2.106893938294e+00   2.877498917682e-01   4.258857792399e-01   1.635772227829e-01   3.782734380103e-02   8.313498314131e-01  -2.581683019852e-01  -3.945155231989e-01
  -6.747259934665e+00  -7.089154314215e+00   6.240899674819e-07  -1.753193158830e-06  -1.642961240020e-03  -7.872845180212e+00   9.847662285947e-07  -2.772795500691e-06  -2.480488689601e-03  -5.377554279422e+00   6.013448564784e-07  -1.698614241573e-06  -1.419746726414e-03  -2.737933451556e+00   1.965910184174e-07  -5.560790381217e-07  -4.506330546925e-04   2.506124231315e-07  -7.327138252732e-07   1.228968158403e-03   2.907451041713e-07  -3.663990155760e-07  -1.203164307024e+00  -2.912117901488e+00  -3.133921960256e+00  -2.089906355152e+00   5.834311665849e-01  -2.580548906386e+00  -9.181014619495e-01  -1.203155017728e+00  -2.912105614429e+00  -3.133916648255e+00  -2.089904994207e+00   1.943016469812e+00   1.794120309067e+00  -9.210189585344e-01  -1.205194341664e+00  -2.915167319823e+00  -3.135396544565e+00  -2.090298067158e+00  -1.109654060960e-03   2.247196771288e-03   2.803779633404e+00  -1.203153565617e+00  -2.912103646142e+00  -3.133915776663e+00  -2.089904769036e+00  -2.525353812820e+00   7.842258104085e-01  -9.219664687360e-01
   7.770341131460e-08   7.263663665863e-08  -4.291002998369e+00   9.606267813156e-08   1.113680808563e-07   9.847662285947e-07  -5.145765833940e+00   2.275125943405e-07   2.640454675809e-07   1.095831455328e-06  -3.165534318558e+00   1.265223971945e-07   1.471184823479e-07   6.531382142176e-07  -1.095499466578e+00   3.781576087165e-08   4.402282729674e-08  -1.018459937631e-01   2.353936465881e-05   1.232344433228e-04   8.862781929801e-02   8.018329408698e-02  -4.247710390300e-01  -5.096437312337e-01  -2.356059452480e-01  -6.292740516025e-02  -1.143509158838e+00  -6.512840063382e-01  -2.317286901351e-01  -1.414626793589e+00  -1.697287058643e+00  -7.846508248723e-01  -2.095713986628e-01   3.423986422779e-01   1.507996853087e+00  -7.741913638676e-01   8.080838980224e-04   9.692729667692e-04   4.483345692239e-04   1.200394443624e-04  -1.292860570777e+00  -1.100876813395e-06  -1.344092625996e-03   1.838602033972e+00   2.205979817964e+00   1.019819471441e+00   2.723830871607e-01   1.468035730537e+00  -8.567150864473e-01   1.007259537688e+00
  -2.182681628685e-07  -2.040298193719e-07   9.606267813156e-08  -4.291002830881e+00  -2.806262566690e-07  -2.772795500691e-06   2.275125943405e-07  -5.145765030875e+00  -6.654678630213e-07  -3.095386775602e-06   1.265223971945e-07  -3.165533496007e+00  -3.708854560240e-07  -1.847472345625e-06   3.781576087165e-08  -1.095499153310e+00  -1.109999559577e-07  -8.025285769614e-02   8.840377264504e-02  -2.486733594548e-04   2.353936465881e-05  -1.019850944116e-01   1.878786260282e+00   2.254183124392e+00   1.042099051714e+00   2.783321428190e-01  -6.512840259928e-01   1.589909193510e+00   1.024949318379e+00  -1.306222444940e+00  -1.567223201848e+00  -7.245243882732e-01  -1.935135146786e-01   1.507997871259e+00   1.016889372188e-01  -7.148646656603e-01  -1.636638007119e-03  -1.963384665025e-03  -9.085499832111e-04  -2.435214051501e-04  -1.101046832453e-06  -1.292858601301e+00   2.722368559653e-03  -5.709616636186e-01  -6.850483664227e-01  -3.166974799317e-01  -8.458739092706e-02  -8.567160847947e-01  -1.024702023124e+00  -3.127958290163e-01
  -2.048433972435e-04  -1.915879937949e-04   1.113680808563e-07  -2.806262566690e-07  -4.290309450195e+00  -2.480488689601e-03   2.640454675809e-07  -6.654678630213e-07  -5.143684186629e+00  -2.587206167297e-03   1.471184823479e-07  -3.708854560240e-07  -3.163970549797e+00  -1.497147077122e-03   4.402282729674e-08  -1.109999559577e-07  -1.094959248220e+00   2.353936465881e-05  -2.916142445588e-04  -1.600570960545e-01   1.438847079180e-04   1.120233264866e-04   6.679115613667e-01   8.004352291622e-01   3.688674454074e-01   9.777868381742e-02  -2.314389934474e-01   1.023667942686e+00  -9.265562478493e-01   6.700352941750e-01   8.029854402125e-01   3.700469908654e-01   9.809380601387e-02  -7.732255335255e-01  -7.139723656646e-01  -9.242261749586e-01  -2.041376593702e+00  -2.447980028591e+00  -1.131967568782e+00  -3.029753866192e-01  -1.343652012407e-03   2.721046668932e-03   2.102277246580e+00   6.707250209435e-01   8.038132275177e-01   3.704297335986e-01   9.819604215093e-02   1.006003571488e+00  -3.124054355796e-01  -9.234696219773e-01
  -3.044509894977e+00  -3.236407368379e+00   3.984636717918e-07  -1.119612160881e-06  -1.044638155824e-03  -5.377554279422e+00   1.095831455328e-06  -3.095386775602e-06  -2.587206167297e-03  -5.155298960454e+00   1.120018349162e-06  -3.180598317397e-06  -2.347832325344e-03  -3.401020497680e+00   4.992936732121e-07  -1.420648474050e-06  -9.980368007392e-04   2.435869415132e-07  -7.131836101455e-07   1.489872715625e-03   2.829412148472e-07  -5.930076017714e-07  -1.423859264431e+00  -2.949096289466e+00  -3.526823968369e+00  -2.708400555336e+00   3.605008492518e-01  -1.594515544972e+00  -5.676419337431e-01  -1.423853834882e+00  -2.949088648395e+00  -3.526819667932e+00  -2.708399129146e+00   1.200588110736e+00   1.108584931210e+00  -5.694462196504e-01  -1.425425735334e+00  -2.951826647013e+00  -3.528684741849e+00  -2.709029697406e+00  -6.853581636439e-04   1.387827858056e-03   1.732027241948e+00  -1.423852937091e+00  -2.949087316644e+00  -3.526818875651e+00  -2.708398864677e+00  -1.560414017835e+00   4.845721881037e-01  -5.700319533065e-01
   2.476060318874e-08   1.896991744416e-08  -1.616506334876e+00   3.967091475286e-08   4.599686932814e-08   6.013448564784e-07  -3.165534318558e+00   1.265223971945e-07   1.471184823479e-07   1.120018349162e-06  -3.554412104792e+00   7.710615497480e-08   9.031798983705e-08   9.102848674335e-07  -1.990425764741e+00   2.362746182039e-08   2.788673019935e-08  -7.810891148845e-02   1.807581680264e-05   9.449951098694e-05   6.816262457617e-02   6.149513075129e-02  -3.695527530381e-01  -5.085593238856e-01  -3.368717705875e-01  -1.226069160541e-01  -1.052587898041e+00  -3.189230822723e-01  -1.135428858058e-01  -1.230736525437e+00  -1.693678493210e+00  -1.121902052467e+00  -4.083256416871e-01  -3.249616849145e-01   7.384426420941e-01  -3.793402489164e-01   7.025995124407e-04   9.669512897208e-04   6.408339372361e-04   2.336201753590e-04  -1.126049811850e+00  -5.490249154873e-07  -6.579940058597e-04   1.599599244527e+00   2.201290154131e+00   1.458148397059e+00   5.307063828134e-01   2.262457170505e-01  -4.195200158144e-01   4.935395718246e-01
  -6.955675927309e-08  -5.328447738928e-08   3.967091475286e-08  -1.616506257580e+00  -1.159059742069e-07  -1.698614241573e-06   1.265223971945e-07  -3.165533496007e+00  -3.708854560240e-07  -3.180598317397e-06   7.710615497480e-08  -3.554410745264e+00  -2.279226285432e-07  -2.590048456963e-06   2.362746182039e-08  -1.990425077187e+00  -7.044501578162e-08  -6.154853072280e-02   6.799066079049e-02  -1.906912231955e-04   1.807581680264e-05  -7.821572693320e-02   1.634552665485e+00   2.249386667260e+00   1.490003561477e+00   5.422982539961e-01  -3.189230932699e-01   2.859221398632e-01   5.022067840283e-01  -1.136423861778e+00  -1.563890963357e+00  -1.035932023304e+00  -3.770377837043e-01   7.384433971759e-01  -4.428338017390e-01  -3.502712788217e-01  -1.422991191555e-03  -1.958635954988e-03  -1.298518346109e-03  -4.737443121085e-04  -5.491528138081e-07  -1.126048733832e+00   1.332726106769e-03  -4.967414373038e-01  -6.835918922028e-01  -4.528169045506e-01  -1.648079479098e-01  -4.195207597706e-01  -9.944099338204e-01  -1.532645319153e-01
  -6.519651253259e-05  -5.004116064146e-05   4.599686932814e-08  -1.159059742069e-07  -1.616211137058e+00  -1.419746726414e-03   1.471184823479e-07  -3.708854560240e-07  -3.163970549797e+00  -2.347832325344e-03   9.031798983705e-08  -2.279226285432e-07  -3.552531991634e+00  -1.819566010138e-03   2.788673019935e-08  -7.044501578162e-08  -1.989556936711e+00   1.807581680264e-05  -2.234714423867e-04  -1.224894909621e-01   1.102779828049e-04   8.598189284354e-05   5.811076878806e-01   7.989277406370e-01   5.280125445062e-01   1.913120987019e-01  -1.133307606484e-01   5.012685252024e-01  -9.462564835953e-01   5.829576033222e-01   8.014740000398e-01   5.296994981283e-01   1.919261952611e-01  -3.786330039407e-01  -3.496178731330e-01  -9.451149400820e-01  -1.774915660305e+00  -2.442130093175e+00  -1.617929118351e+00  -5.895721073292e-01  -6.576448490555e-04   1.331695852876e-03   5.359915414855e-01   5.835580092288e-01   8.023002467498e-01   5.302468189726e-01   1.921254171550e-01   4.926198530328e-01  -1.529786499499e-01  -9.447442853547e-01
  -1.282960212944e+00  -1.364635107105e+00   1.892291695898e-07  -5.317693329106e-07  -4.948876873594e-04  -2.737933451556e+00   6.531382142176e-07  -1.847472345625e-06  -1.497147077122e-03  -3.401020497680e+00   9.102848674335e-07  -2.590048456963e-06  -1.819566010138e-03  -3.126408301486e+00   5.801979813879e-07  -1.654229387682e-06  -1.100333070827e-03   1.311789963494e-07  -3.843792255258e-07   8.910134462737e-04   1.524789228620e-07  -3.904711050526e-07  -9.108840322962e-01  -1.961290819407e+00  -2.779227905583e+00  -2.684776168855e+00   1.438195803988e-01  -6.361220890381e-01  -2.266237322847e-01  -9.108821398875e-01  -1.961287879849e+00  -2.779225839581e+00  -2.684775172794e+00   4.789673499144e-01   4.422630559017e-01  -2.273438091392e-01  -9.116261935137e-01  -1.962825149587e+00  -2.780616249546e+00  -2.685410121267e+00  -2.733534060070e-04   5.534772058517e-04   6.909664958655e-01  -9.108818016567e-01  -1.961287304978e+00  -2.779225394698e+00  -2.684774962720e+00  -6.225176147688e-01   1.933169675990e-01  -2.275775415692e-01
   6.231642298174e-09   4.438382664439e-09  -4.345750404362e-01   1.084083904417e-08   1.257032189168e-08   1.965910184174e-07  -1.095499466578e+00   3.781576087165e-08   4.402282729674e-08   4.992936732121e-07  -1.990425764741e+00   2.362746182039e-08   2.788673019935e-08   5.801979813879e-07  -2.106951111552e+00   7.288162739982e-09   8.820561808731e-09  -2.657834942999e-02   6.153592833869e-06   3.214999233307e-05   2.320217950263e-02   2.092512446039e-02  -1.450072034558e-01  -2.458546278864e-01  -2.474449207203e-01  -1.472614792017e-01  -4.514112879331e-01  -7.660333879345e-02  -2.729482360924e-02  -4.829242020782e-01  -8.187818204502e-01  -8.240790843715e-01  -4.904335271969e-01  -2.766399527710e-01   1.773693388735e-01  -9.119035146632e-02   2.756052540511e-04   4.673432559406e-04   4.705103657133e-04   2.802104668114e-04  -4.691630617228e-01  -1.348052627875e-07  -1.580443348926e-04   6.276610538790e-01   1.064178680178e+00   1.071064304175e+00   6.374222601444e-01  -1.442433337546e-01  -1.007660508967e-01   1.186429075383e-01
  -1.750643402014e-08  -1.246688851191e-08   1.084083904417e-08  -4.345750181292e-01  -3.167591099509e-08  -5.560790381217e-07   3.781576087165e-08  -1.095499153310e+00  -1.109999559577e-07  -1.420648474050e-06   2.362746182039e-08  -1.990425077187e+00  -7.044501578162e-08  -1.654229387682e-06   7.288162739982e-09  -2.106950619671e+00  -2.235435424573e-08  -2.094328751098e-02   2.314364774293e-02  -6.487269785728e-05   6.153592833869e-06  -2.661467396419e-02   6.413750375495e-01   1.087428921552e+00   1.094463207370e+00   6.513464679077e-01  -7.660334283394e-02  -1.299095196026e-01   1.207266148110e-01  -4.459171961290e-01  -7.560380251961e-01  -7.609303025559e-01  -4.528528094273e-01   1.773696132922e-01  -3.049521980347e-01  -8.420243218396e-02  -5.581882847527e-04  -9.466163150709e-04  -9.532519659693e-04  -5.679127746991e-04  -1.348517672398e-07  -4.691627678210e-01   3.201131858928e-04  -1.949146007055e-01  -3.304715530470e-01  -3.326104760521e-01  -1.979470443740e-01  -1.007663212284e-01  -4.374373675461e-01  -3.684356561417e-02
  -1.639634739667e-05  -1.170908060126e-05   1.257032189168e-08  -3.167591099509e-08  -4.344930924755e-01  -4.506330546925e-04   4.402282729674e-08  -1.109999559577e-07  -1.094959248220e+00  -9.980368007392e-04   2.788673019935e-08  -7.044501578162e-08  -1.989556936711e+00  -1.100333070827e-03   8.820561808731e-09  -2.235435424573e-08  -2.106380769112e+00   6.153592833869e-06  -7.603827451749e-05  -4.166483651662e-02   3.752236960090e-05   2.926587984929e-05   2.280232859692e-01   3.863121505013e-01   3.882725850928e-01   2.306224652577e-01  -2.721860510591e-02   1.203894897193e-01  -4.258433309458e-01   2.287495646740e-01   3.875435819458e-01   3.895120704760e-01   2.313602235076e-01  -9.093622903445e-02  -8.396765344445e-02  -4.255690791935e-01  -6.962413246410e-01  -1.180374199598e+00  -1.188100720633e+00  -7.074306785775e-01  -1.579163791575e-04   3.197365540351e-04  -6.996831478686e-02   2.289852163998e-01   3.879430980716e-01   3.899141747068e-01   2.315995537409e-01   1.183124387115e-01  -3.674084281344e-02  -4.254800102488e-01
   1.241782154700e-08   6.227721770258e-09  -2.513367825152e-02  -1.980450889323e-02   5.800200581782e-06   2.506124231315e-07  -1.018459937631e-01  -8.025285769614e-02   2.353936465881e-05   2.435869415132e-07  -7.810891148845e-02  -6.154853072280e-02   1.807581680264e-05   1.311789963494e-07  -2.657834942999e-02  -2.094328751098e-02   6.153592833869e-06  -3.776519863707e+00   4.083727273036e-02  -2.088111057495e-05   5.194517173057e-02  -1.059212517890e-04   6.254909208177e-01   4.003280927002e-01   8.439946189419e-02   1.089355091944e-02   1.297441594776e+00   4.556862907836e-01   2.821565990463e-01  -1.448273397749e+00  -9.269317063237e-01  -1.954217601964e-01  -2.522325006968e-02   3.500695997214e-01   1.594428583102e-01  -6.553905348456e-01   1.029294287001e-06   6.141605577092e-07   1.628390071408e-07   8.255722824001e-08  -4.802458726877e-03  -2.131356550892e-03  -5.579387339842e-07   8.227855770722e-01   5.266045979860e-01   1.110226848286e-01   1.432997890443e-02   5.676267142533e-01   1.128783556153e+00   3.727221684724e-01
  -3.627373890932e-08  -1.819150952397e-08   5.800200581782e-06   2.145435787989e-02  -7.234627799985e-05  -7.327138252732e-07   2.353936465881e-05   8.840377264504e-02  -2.916142445588e-04  -7.131836101455e-07   1.807581680264e-05   6.799066079049e-02  -2.234714423867e-04  -3.843792255258e-07   6.153592833869e-06   2.314364774293e-02  -7.603827451749e-05   4.083727273036e-02  -3.726404625503e+00  -1.344582034649e-04  -2.369426543892e-05   5.186876244966e-02  -9.835107517042e-01  -6.289146638626e-01  -1.323730429445e-01  -1.703819462900e-02   2.818015393752e-01  -7.173472453241e-01   1.036689773055e+00   6.859624866319e-01   4.386469297649e-01   9.232556811881e-02   1.188318793954e-02  -6.545669888353e-01  -7.366046059922e-02  -7.188063381800e-01  -2.614691954256e-03  -1.672672829670e-03  -3.528109969034e-04  -4.576989919140e-05  -6.215434741845e-07  -1.605242906512e+00   2.296652278388e-03   3.001493611596e-01   1.919342113527e-01   4.039775388429e-02   5.199442010525e-03   3.722537884509e-01   4.156905085375e-01  -3.139228220952e-01
   5.102062397384e-05   2.547939593113e-05   3.035213131867e-05  -6.119535962938e-05  -3.993289882950e-02   1.228968158403e-03   1.232344433228e-04  -2.486733594548e-04  -1.600570960545e-01   1.489872715625e-03   9.449951098694e-05  -1.906912231955e-04  -1.224894909621e-01   8.910134462737e-04   3.214999233307e-05  -6.487269785728e-05  -4.166483651662e-02  -2.088111057495e-05  -1.344582034649e-04  -3.822795469503e+00   6.623936583244e-05  -9.815127358159e-05   6.376011282685e-01   4.083694232283e-01   8.669383087881e-02   1.171165892315e-02   1.040173599918e-02  -4.599747321811e-02   8.896914046623e-01   6.356673019552e-01   4.071341519837e-01   8.643375393689e-02   1.167812780367e-02   3.647211887185e-02   3.366532361278e-02   8.916659981328e-01  -1.882899663264e+00  -1.203950368321e+00  -2.530558086323e-01  -3.212841609958e-02  -1.388114822866e-03   2.811233904636e-03   7.267349106692e-01   6.350387449138e-01   4.067323320277e-01   8.634909028893e-02   1.166720312272e-02  -4.817241266833e-02   1.495267204493e-02   8.923052961512e-01
   1.439559549083e-08   7.219507904942e-09   2.150959531290e-02   5.800200581782e-06   3.564697582605e-05   2.907451041713e-07   8.862781929801e-02   2.353936465881e-05   1.438847079180e-04   2.829412148472e-07   6.816262457617e-02   1.807581680264e-05   1.102779828049e-04   1.524789228620e-07   2.320217950263e-02   6.153592833869e-06   3.752236960090e-05   5.194517173057e-02  -2.369426543892e-05   6.623936583244e-05  -3.726632777721e+00  -4.087503189574e-02   2.223599972839e-01   1.421902316118e-01   2.992815112711e-02   3.852219959491e-03   4.653692470578e-01   2.818016753721e-01  -2.343804589686e-01   7.428910690448e-01   4.750512340846e-01   9.998874098375e-02   1.286994682046e-02  -1.781365463211e-01  -6.545670479409e-01  -7.784448274528e-01   1.290992098711e-03   8.257777821529e-04   1.741175412676e-04   2.255906707845e-05  -1.605237606528e+00  -6.213159582815e-07  -1.133887374103e-03  -9.665364818811e-01  -6.180646096382e-01  -1.300898963417e-01  -1.674416392128e-02  -6.674258505370e-01   3.722537112920e-01   1.010862169475e+00
  -1.023637372655e-08  -5.046947901656e-09   1.978758443550e-02  -2.516732544559e-02   2.761871650633e-05  -3.663990155760e-07   8.018329408698e-02  -1.019850944116e-01   1.120233264866e-04  -5.930076017714e-07   6.149513075129e-02  -7.821572693320e-02   8.598189284354e-05  -3.904711050526e-07   2.092512446039e-02  -2.661467396419e-02   2.926587984929e-05  -1.059212517890e-04   5.186876244966e-02  -9.815127358159e-05  -4.087503189574e-02  -3.776620265510e+00   1.312582820031e+00   8.400822347880e-01   1.771106513061e-01   2.285955173295e-02  -7.081980743391e-01   1.805737482188e-01   5.921033980262e-01  -1.155879677442e-01  -7.397865897335e-02  -1.559657558673e-02  -2.013222723867e-03  -1.001443946212e+00   1.127539236981e+00  -5.230324082011e-02   7.548279414148e-07   4.432602685156e-09  -5.708833689178e-07  -3.818852267187e-07   3.402386679853e-03  -2.228055437337e-03   3.102162571759e-06  -1.197006336328e+00  -7.661148465800e-01  -1.615176336897e-01  -2.084750030104e-02  -3.398487047730e-02   9.076020227752e-01  -5.422388737701e-01
  -2.011489489625e-01  -2.149743052324e-01  -1.822323975149e-01   8.060241751524e-01   2.865446707160e-01  -1.203164307024e+00  -4.247710390300e-01   1.878786260282e+00   6.679115613667e-01  -1.423859264431e+00  -3.695527530381e-01   1.634552665485e+00   5.811076878806e-01  -9.108840322962e-01  -1.450072034558e-01   6.413750375495e-01   2.280232859692e-01   6.254909208177e-01  -9.835107517042e-01   6.376011282685e-01   2.223599972839e-01   1.312582820031e+00  -3.624757844983e+00  -3.207816243545e+00  -1.834186147345e+00  -9.276795970175e-01   1.328747757155e-01  -5.877125947664e-01  -2.095237305709e-01  -1.359729971480e-02  -2.622625297717e-01  -6.967787668632e-01  -6.441263097116e-01   5.317728400288e-02   1.497318777436e-01  -4.513064439486e-03  -1.419600889194e-02  -2.673134746460e-01  -7.019473171011e-01  -6.459273489058e-01  -1.951009234502e-02   8.619252637303e-02   1.377822904764e-01  -1.359699702641e-02  -2.622599502516e-01  -6.967761142215e-01  -6.441253833659e-01  -1.123979157177e-01   1.123079872221e-01  -4.548149531456e-03
  -1.464165594536e+00  -1.561065795263e+00  -2.699625677563e-01   1.194059803906e+00   4.240968784563e-01  -2.912117901488e+00  -5.096437312337e-01   2.254183124392e+00   8.004352291622e-01  -2.949096289466e+00  -5.085593238856e-01   2.249386667260e+00   7.989277406370e-01  -1.961290819407e+00  -2.458546278864e-01   1.087428921552e+00   3.863121505013e-01   4.003280927002e-01  -6.289146638626e-01   4.083694232283e-01   1.421902316118e-01   8.400822347880e-01  -3.207816243545e+00  -4.184154469071e+00  -3.276458763186e+00  -1.926550300327e+00   2.366076839719e-01  -1.046529071942e+00  -3.731184080231e-01  -2.622622018985e-01  -9.724850325004e-01  -1.633660293923e+00  -1.436290711462e+00   3.334936766013e-01   7.288970513320e-01  -7.158546270011e-02  -2.674395068577e-01  -9.835283429232e-01  -1.642596173497e+00  -1.439620981735e+00  -8.031220801615e-02   3.546531704551e-01   7.288918665917e-01  -2.622595644123e-01  -9.724794123480e-01  -1.633655755616e+00  -1.436289017803e+00  -6.145113175468e-01   5.146337462560e-01  -7.178623264328e-02
  -1.560304517611e+00  -1.659720621677e+00  -1.039430336233e-01   4.597461760083e-01   1.628878544567e-01  -3.133921960256e+00  -2.356059452480e-01   1.042099051714e+00   3.688674454074e-01  -3.526823968369e+00  -3.368717705875e-01   1.490003561477e+00   5.280125445062e-01  -2.779227905583e+00  -2.474449207203e-01   1.094463207370e+00   3.882725850928e-01   8.439946189419e-02  -1.323730429445e-01   8.669383087881e-02   2.992815112711e-02   1.771106513061e-01  -1.834186147345e+00  -3.276458763186e+00  -3.596784986931e+00  -2.685616376732e+00   1.720058220188e-01  -7.607914073478e-01  -2.712688215790e-01  -6.967778437926e-01  -1.633659163013e+00  -2.357333986250e+00  -2.163276655750e+00   4.619919303704e-01   8.035504625285e-01  -1.417187719789e-01  -7.023930456860e-01  -1.643311655094e+00  -2.365769319594e+00  -2.167178029483e+00  -7.134860252635e-02   3.148459692589e-01   8.840910839508e-01  -6.967750157907e-01  -1.633654387924e+00  -2.357329859528e+00  -2.163274735422e+00  -7.625986120225e-01   5.267791034488e-01  -1.419783052131e-01
  -9.557594818243e-01  -1.016548659895e+00  -2.419012702328e-02   1.069945071749e-01   3.766685999864e-02  -2.089906355152e+00  -6.292740516025e-02   2.783321428190e-01   9.777868381742e-02  -2.708400555336e+00  -1.226069160541e-01   5.422982539961e-01   1.913120987019e-01  -2.684776168855e+00  -1.472614792017e-01   6.513464679077e-01   2.306224652577e-01   1.089355091944e-02  -1.703819462900e-02   1.171165892315e-02   3.852219959491e-03   2.285955173295e-02  -9.276795970175e-01  -1.926550300327e+00  -2.685616376732e+00  -2.610190900882e+00   9.438051142785e-02  -4.174503000473e-01  -1.488534257952e-01  -6.441254987737e-01  -1.436289577133e+00  -2.163276229431e+00  -2.269909118411e+00   3.029450969720e-01   4.132183842574e-01  -1.163901815740e-01  -6.463544373059e-01  -1.440478212376e+00  -2.167759450112e+00  -2.272748048427e+00  -2.524160275304e-02   1.111952944696e-01   5.134098647568e-01  -6.441244135700e-01  -1.436287627651e+00  -2.163274179154e+00  -2.269907785331e+00  -4.511583540181e-01   2.427833989203e-01  -1.165501076268e-01
   3.595634385066e-01   3.920948475913e-01  -5.762722308935e-01  -5.381494060872e-01  -1.912592937288e-01   5.834311665849e-01  -1.143509158838e+00  -6.512840259928e-01  -2.314389934474e-01   3.605008492518e-01  -1.052587898041e+00  -3.189230932699e-01  -1.133307606484e-01   1.438195803988e-01  -4.514112879331e-01  -7.660334283394e-02  -2.721860510591e-02   1.297441594776e+00   2.818015393752e-01   1.040173599918e-02   4.653692470578e-01  -7.081980743391e-01   1.328747757155e-01   2.366076839719e-01   1.720058220188e-01   9.438051142785e-02  -2.650901722908e+00   1.372630401255e-01   4.887787178685e-02  -4.106431270522e-02  -1.384408424355e-01  -7.492092613264e-02   1.531064501378e-02  -3.896146587223e-02   1.891262557522e-01  -2.947445273518e-03   2.237845444084e-02   1.257686043558e-01   1.609650843671e-01   9.872336074321e-02  -9.065233591417e-02  -6.224978256264e-02  -1.168666098631e-01   1.030874565611e-01   4.645872277354e-01   4.650821286185e-01   2.065352642913e-01   3.008499162464e-01  -3.853138214159e-01   2.441467199583e-02
  -1.590369352450e+00  -1.734257607446e+00  -5.381493826748e-01   1.682323774712e+00   8.459507016654e-01  -2.580548906386e+00  -6.512840063382e-01   1.589909193510e+00   1.023667942686e+00  -1.594515544972e+00  -3.189230822723e-01   2.859221398632e-01   5.012685252024e-01  -6.361220890381e-01  -7.660333879345e-02  -1.299095196026e-01   1.203894897193e-01   4.556862907836e-01  -7.173472453241e-01  -4.599747321811e-02   2.818016753721e-01   1.805737482188e-01  -5.877125947664e-01  -1.046529071942e+00  -7.607914073478e-01  -4.174503000473e-01   1.372630401255e-01  -3.226990450112e+00  -2.161893029426e-01  -1.535022054904e-01  -7.896127049971e-01  -9.240374121136e-01  -5.122844522971e-01   3.280443042706e-01   7.126768556976e-01  -5.027959259914e-02  -9.889250171028e-02  -5.559171067703e-01  -7.116343005708e-01  -4.365449555626e-01  -6.228600637931e-02   1.703504130856e-01   5.165167062217e-01  -1.209201060917e-01  -6.533168835952e-01  -8.019889303577e-01  -4.690653355772e-01  -5.241953474476e-01   3.728687272809e-01  -4.429220732043e-02
  -5.655442225611e-01  -6.167023951297e-01  -1.913983616949e-01   8.465658439418e-01  -3.970648193747e-01  -9.181014619495e-01  -2.317286901351e-01   1.024949318379e+00  -9.265562478493e-01  -5.676419337431e-01  -1.135428858058e-01   5.022067840283e-01  -9.462564835953e-01  -2.266237322847e-01  -2.729482360924e-02   1.207266148110e-01  -4.258433309458e-01   2.821565990463e-01   1.036689773055e+00   8.896914046623e-01  -2.343804589686e-01   5.921033980262e-01  -2.095237305709e-01  -3.731184080231e-01  -2.712688215790e-01  -1.488534257952e-01   4.887787178685e-02  -2.161893029426e-01  -2.696890002411e+00  -4.310378561055e-03  -7.057074894063e-02  -1.405645709462e-01  -1.157719489458e-01   2.564470937771e-02   4.201800210884e-02  -1.103587770182e-01  -1.285568224677e-01  -5.817030935215e-01  -5.939021127983e-01  -2.756193028102e-01  -7.872764843783e-02   3.477689414633e-01   4.906795102723e-01  -4.279722197952e-03  -7.044232904612e-02  -1.404495989873e-01  -1.157312463543e-01  -4.110353462274e-02   2.679366769616e-02  -1.103656798399e-01
  -2.011454643392e-01  -2.149704037777e-01  -6.068902985008e-01  -5.603836516710e-01   2.874542174181e-01  -1.203155017728e+00  -1.414626793589e+00  -1.306222444940e+00   6.700352941750e-01  -1.423853834882e+00  -1.230736525437e+00  -1.136423861778e+00   5.829576033222e-01  -9.108821398875e-01  -4.829242020782e-01  -4.459171961290e-01   2.287495646740e-01  -1.448273397749e+00   6.859624866319e-01   6.356673019552e-01   7.428910690448e-01  -1.155879677442e-01  -1.359729971480e-02  -2.622622018985e-01  -6.967778437926e-01  -6.441254987737e-01  -4.106431270522e-02  -1.535022054904e-01  -4.310378561055e-03  -3.624751544964e+00  -3.207811819018e+00  -1.834183826733e+00  -9.276784607618e-01   4.425166209750e-01   4.086054635839e-01  -2.101887677735e-01  -1.419680423901e-02  -2.673197885717e-01  -7.019532010631e-01  -6.459289113789e-01  -6.487946111004e-02  -5.978259265646e-02   1.378856032882e-01  -1.359658361951e-02  -2.622561196153e-01  -6.967716227418e-01  -6.441233303394e-01  -1.562549370458e-01  -2.881889229606e-02  -4.453713956300e-03
  -1.464156594145e+00  -1.561056233828e+00  -8.990659012722e-01  -8.301700090739e-01   4.254473212516e-01  -2.912105614429e+00  -1.697287058643e+00  -1.567223201848e+00   8.029854402125e-01  -2.949088648395e+00  -1.693678493210e+00  -1.563890963357e+00   8.014740000398e-01  -1.961287879849e+00  -8.187818204502e-01  -7.560380251961e-01   3.875435819458e-01  -9.269317063237e-01   4.386469297649e-01   4.071341519837e-01   4.750512340846e-01  -7.397865897335e-02  -2.622625297717e-01  -9.724850325004e-01  -1.633659163013e+00  -1.436289577133e+00  -1.384408424355e-01  -7.896127049971e-01  -7.057074894063e-02  -3.207811819018e+00  -4.184149149464e+00  -3.276455486833e+00  -1.926548622683e+00   7.879816294517e-01   7.275965974660e-01  -3.743028305465e-01  -2.674461561706e-01  -9.835415396368e-01  -1.642606086248e+00  -1.439624031045e+00  -2.669174951434e-01  -2.457596585331e-01   7.293066106770e-01  -2.622560616474e-01  -9.724711889172e-01  -1.633648251996e+00  -1.436285546912e+00  -7.979848282079e-01  -7.574318872400e-02  -7.139093981396e-02
  -1.560301342719e+00  -1.659717243702e+00  -3.461666697276e-01  -3.196402876840e-01   1.634083291633e-01  -3.133916648255e+00  -7.846508248723e-01  -7.245243882732e-01   3.700469908654e-01  -3.526819667932e+00  -1.121902052467e+00  -1.035932023304e+00   5.296994981283e-01  -2.779225839581e+00  -8.240790843715e-01  -7.609303025559e-01   3.895120704760e-01  -1.954217601964e-01   9.232556811881e-02   8.643375393689e-02   9.998874098375e-02  -1.559657558673e-02  -6.967787668632e-01  -1.633660293923e+00  -2.357333986250e+00  -2.163276229431e+00  -7.492092613264e-02  -9.240374121136e-01  -1.405645709462e-01  -1.834183826733e+00  -3.276455486833e+00  -3.596782978031e+00  -2.685615376071e+00   5.728363737371e-01   5.289384417512e-01  -2.721300039502e-01  -7.023998618088e-01  -1.643322705948e+00  -2.365778738246e+00  -2.167182185822e+00  -2.369059327578e-01  -2.178504950846e-01   8.844536263349e-01  -6.967714473797e-01  -1.633648015212e+00  -2.357323891464e+00  -2.163271634628e+00  -9.269006202607e-01  -1.896398768704e-03  -1.416244224648e-01
  -9.557587896813e-01  -1.016547923023e+00  -8.056189867577e-02  -7.438886953262e-02   3.778803153654e-02  -2.089904994207e+00  -2.095713986628e-01  -1.935135146786e-01   9.809380601387e-02  -2.708399129146e+00  -4.083256416871e-01  -3.770377837043e-01   1.919261952611e-01  -2.684775172794e+00  -4.904335271969e-01  -4.528528094273e-01   2.313602235076e-01  -2.522325006968e-02   1.188318793954e-02   1.167812780367e-02   1.286994682046e-02  -2.013222723867e-03  -6.441263097116e-01  -1.436290711462e+00  -2.163276655750e+00  -2.269909118411e+00   1.531064501378e-02  -5.122844522971e-01  -1.157719489458e-01  -9.276784607618e-01  -1.926548622683e+00  -2.685615376071e+00  -2.610190417881e+00   3.143184293971e-01   2.902313880345e-01  -1.493259959858e-01  -6.463568138384e-01  -1.440482399376e+00  -2.167764034004e+00  -2.272751076812e+00  -8.362674481746e-02  -7.666549333173e-02   5.135368055825e-01  -6.441231714808e-01  -1.436285291088e+00  -2.163271504678e+00  -2.269905910079e+00  -5.093412508757e-01   5.556984056912e-02  -1.164248137813e-01
   1.197457160080e+00   1.305797054509e+00   6.515142824041e-01   1.246039429157e+00  -6.389850482186e-01   1.943016469812e+00   3.423986422779e-01   1.507997871259e+00  -7.732255335255e-01   1.200588110736e+00  -3.249616849145e-01   7.384433971759e-01  -3.786330039407e-01   4.789673499144e-01  -2.766399527710e-01   1.773696132922e-01  -9.093622903445e-02   3.500695997214e-01  -6.545669888353e-01   3.647211887185e-02  -1.781365463211e-01  -1.001443946212e+00   5.317728400288e-02   3.334936766013e-01   4.619919303704e-01   3.029450969720e-01  -3.896146587223e-02   3.280443042706e-01   2.564470937771e-02   4.425166209750e-01   7.879816294517e-01   5.728363737371e-01   3.143184293971e-01  -2.964059831797e+00  -3.178201360656e-01   1.632966654105e-01   7.444507580289e-02   4.185061296744e-01   5.357580748159e-01   3.286720795876e-01   5.111316692752e-02   1.435513942768e-01  -3.890725234769e-01   1.534630185000e-01   7.530265380005e-01   8.376828008192e-01   4.359847058605e-01   7.486921912018e-01   1.267834094943e-01   4.473898462263e-02
   1.105694573700e+00   1.205732260008e+00   1.246038919684e+00   4.526191590689e-01  -5.900188823905e-01   1.794120309067e+00   1.507996853087e+00   1.016889372188e-01  -7.139723656646e-01   1.108584931210e+00   7.384426420941e-01  -4.428338017390e-01  -3.496178731330e-01   4.422630559017e-01   1.773693388735e-01  -3.049521980347e-01  -8.396765344445e-02   1.594428583102e-01  -7.366046059922e-02   3.366532361278e-02  -6.545670479409e-01   1.127539236981e+00   1.497318777436e-01   7.288970513320e-01   8.035504625285e-01   4.132183842574e-01   1.891262557522e-01   7.126768556976e-01   4.201800210884e-02   4.086054635839e-01   7.275965974660e-01   5.289384417512e-01   2.902313880345e-01  -3.178201360656e-01  -2.913328397807e+00   1.507826580943e-01   6.863121973911e-02   3.859871258983e-01   4.943043453958e-01   3.033450096026e-01   1.436997049134e-01   2.759830764610e-02  -3.587763437424e-01   4.118021451867e-02   2.747997346291e-01   3.969159250525e-01   2.692224129166e-01   2.655554107329e-01  -7.495417220475e-02   2.250667722228e-02
  -5.673388193669e-01  -6.186594729507e-01  -6.394486221610e-01  -5.904471734840e-01  -3.951404385680e-01  -9.210189585344e-01  -7.741913638676e-01  -7.148646656603e-01  -9.242261749586e-01  -5.694462196504e-01  -3.793402489164e-01  -3.502712788217e-01  -9.451149400820e-01  -2.273438091392e-01  -9.119035146632e-02  -8.420243218396e-02  -4.255690791935e-01  -6.553905348456e-01  -7.188063381800e-01   8.916659981328e-01  -7.784448274528e-01  -5.230324082011e-02  -4.513064439486e-03  -7.158546270011e-02  -1.417187719789e-01  -1.163901815740e-01  -2.947445273518e-03  -5.027959259914e-02  -1.103587770182e-01  -2.101887677735e-01  -3.743028305465e-01  -2.721300039502e-01  -1.493259959858e-01   1.632966654105e-01   1.507826580943e-01  -2.697375615131e+00  -1.286743882740e-01  -5.823438171690e-01  -5.947121955073e-01  -2.761142009525e-01  -2.619988332275e-01  -2.413702405995e-01   4.916737261909e-01  -4.387970586910e-03  -7.106174565830e-02  -1.412499153116e-01  -1.162241847549e-01  -4.969836993405e-02   1.133509284199e-03  -1.103908944769e-01
  -2.017463848607e-01  -2.156329608768e-01   3.469288775340e-04  -7.026448450202e-04  -8.764206462638e-01  -1.205194341664e+00   8.080838980224e-04  -1.636638007119e-03  -2.041376593702e+00  -1.425425735334e+00   7.025995124407e-04  -1.422991191555e-03  -1.774915660305e+00  -9.116261935137e-01   2.756052540511e-04  -5.581882847527e-04  -6.962413246410e-01   1.029294287001e-06  -2.614691954256e-03  -1.882899663264e+00   1.290992098711e-03   7.548279414148e-07  -1.419600889194e-02  -2.674395068577e-01  -7.023930456860e-01  -6.463544373059e-01   2.237845444084e-02  -9.889250171028e-02  -1.285568224677e-01  -1.419680423901e-02  -2.674461561706e-01  -7.023998618088e-01  -6.463568138384e-01   7.444507580289e-02   6.863121973911e-02  -1.286743882740e-01  -3.628195557696e+00  -3.210240339918e+00  -1.835465184237e+00  -9.283077951708e-01  -2.525785499239e-04   5.113651007889e-04   6.385865221539e-01  -1.419700674519e-02  -2.674478455151e-01  -7.024015891081e-01  -6.463574156036e-01  -9.667297063141e-02   2.995751949023e-02  -1.287121347360e-01
  -1.465706744095e+00  -1.562689614621e+00   5.134120282642e-04  -1.039944469460e-03  -1.296865383584e+00  -2.915167319823e+00   9.692729667692e-04  -1.963384665025e-03  -2.447980028591e+00  -2.951826647013e+00   9.669512897208e-04  -1.958635954988e-03  -2.442130093175e+00  -1.962825149587e+00   4.673432559406e-04  -9.466163150709e-04  -1.180374199598e+00   6.141605577092e-07  -1.672672829670e-03  -1.203950368321e+00   8.257777821529e-04   4.432602685156e-09  -2.673134746460e-01  -9.835283429232e-01  -1.643311655094e+00  -1.440478212376e+00   1.257686043558e-01  -5.559171067703e-01  -5.817030935215e-01  -2.673197885717e-01  -9.835415396368e-01  -1.643322705948e+00  -1.440482399376e+00   4.185061296744e-01   3.859871258983e-01  -5.823438171690e-01  -3.210240339918e+00  -4.187425783374e+00  -3.278850675986e+00  -1.927890259121e+00  -4.497245138316e-04   9.104950079799e-04   1.137045379139e+00  -2.673214183416e-01  -9.835449451110e-01  -1.643325519930e+00  -1.440483460828e+00  -5.435890905375e-01   1.685459914754e-01  -5.825509449328e-01
