ARMA_MAT_TXT_FN008
50 50
   3.279190473613e-01   2.802374532861e-01  -1.728814745680e-06   5.125680619853e-07  -3.754950131407e-07  -4.069213230099e-02  -1.432090991786e-05   3.466620216231e-07  -2.566270526918e-07  -2.980234602018e-02  -2.006014157974e-05   1.649519570571e-07  -1.246371233250e-07  -7.603065638430e-03   2.022887337715e-05  -5.932648298966e-08   4.742973561981e-08  -8.182903747633e-08  -1.530719568067e-08   4.091612523350e-06   5.683772175080e-08  -7.278729785067e-06  -8.368170848244e-03  -1.195217957421e-02   1.436944094653e-03   8.087407517926e-04   1.987455748999e-03   3.756759358149e-06  -1.918907694146e-06  -8.352657714283e-03  -1.192334403932e-02   1.459824781646e-03   8.416476000703e-04  -6.647689909627e-04  -5.042941037936e-04   1.804121598002e-03  -8.351108769750e-03  -1.192173616477e-02   1.459526078013e-03   8.417617057499e-04  -6.710636937694e-04   1.811958289934e-03  -4.653782429548e-04  -8.352079886410e-03  -1.192274688234e-02   1.459708450897e-03   8.416840860874e-04  -6.661688534936e-04  -1.311422471974e-03  -1.336826314242e-03
   2.802374532861e-01   2.463401424940e-01  -4.103528510562e-06   7.894456554688e-07  -5.785882955476e-07  -6.907691302986e-02  -2.428611122987e-05   6.119776902235e-07  -4.527967805660e-07  -4.833883228199e-02  -3.561617323045e-05   2.404388464789e-07  -1.828949266233e-07  -1.203581023130e-02   3.197679419692e-05  -9.741478798677e-08   7.763770670439e-08  -1.660503797968e-07  -3.190877440109e-08   6.911102988572e-06   1.166092110154e-07  -1.238952455106e-05  -1.395239137696e-02  -1.966681760064e-02   2.096841054401e-03   1.293133935645e-03   3.271255937943e-03   6.181621990481e-06  -3.157342105601e-06  -1.392522315207e-02  -1.961614254960e-02   2.134173239484e-03   1.345958792040e-03  -1.094338488113e-03  -8.298573165350e-04   2.968823479108e-03  -1.392269868873e-02  -1.961372671291e-02   2.133760418374e-03   1.346110459797e-03  -1.104723029692e-03   2.981786200629e-03  -7.658321292282e-04  -1.392428180697e-02  -1.961524681885e-02   2.134011373316e-03   1.346005546862e-03  -1.096651478960e-03  -2.158069276905e-03  -2.199869209510e-03
  -1.728814745680e-06  -4.103528510562e-06   3.594312275529e-02   6.856897494191e-07  -5.020090570214e-07   2.363555141237e-05   5.628331172870e-02   6.628625868104e-07  -4.903621635954e-07   4.727494571576e-05   3.785922687476e-02  -2.405586313198e-07   1.828011138516e-07  -6.214281891072e-05  -1.997817045798e-03  -1.489406240971e-07   1.190531627699e-07   2.665486584882e-05   2.906246268876e-06  -3.080185210120e-03  -1.349917738609e-05   5.354804792077e-03   3.278618914906e-02   5.187125309302e-02   2.033398133311e-02   6.219418078175e-03  -3.531981243755e-03  -1.060753153528e-05   5.402197368622e-06  -1.092040752595e-02  -1.725287135362e-02  -6.731700850863e-03  -2.050802194005e-03   1.484451031983e-03  -4.779601532174e-04   1.709843186427e-03  -1.102530782122e-02  -1.742017587749e-02  -6.798737817827e-03  -2.070771899095e-03   1.472112650146e-03   1.733889108453e-03  -4.453194590940e-04  -1.094391110662e-02  -1.729057158099e-02  -6.747016311440e-03  -2.055284231095e-03   1.481663838703e-03  -1.245623233408e-03  -1.269715615633e-03
   5.125680619853e-07   7.894456554688e-07   6.856897494191e-07   3.595418688972e-02   1.461617460800e-07  -2.032693801297e-06   6.606190549092e-07   5.631405601345e-02   1.444416824646e-07   1.698065606320e-06  -2.477557926695e-07   3.791857596118e-02  -5.634635705676e-08   1.972416267769e-06  -1.504575814888e-07  -1.991711765744e-03  -3.826887731123e-08  -3.614103180640e-03  -3.458144622154e-03  -3.193851694872e-03   2.912181572959e-06  -1.817287855704e-03   6.138194674560e-05   9.677200239187e-05   3.720695512731e-05   1.134948928946e-05  -1.060884059053e-05   2.117422859970e-03   1.139064605195e-08  -8.330441738884e-03  -1.318347660653e-02  -5.185478143585e-03  -1.580220920370e-03  -4.784844192804e-04   1.756187557135e-03   1.301169431711e-03   2.993187161332e-02   4.737125045686e-02   1.863292587574e-02   5.676866371276e-03   1.735776294294e-03  -2.576407109733e-03   1.206109039318e-03  -2.166319872485e-02  -3.428387471763e-02  -1.348473500333e-02  -4.108985302153e-03  -1.246985632961e-03  -3.399403563408e-04  -2.507347281800e-03
  -3.754950131407e-07  -5.785882955476e-07  -5.020090570214e-07   1.461617460800e-07   3.595662777906e-02   1.492279097390e-06  -4.887065656530e-07   1.444405342745e-07   5.631654159241e-02  -1.234851453345e-06   1.881180043898e-07  -5.634732918279e-08   3.791807883767e-02  -1.456602997074e-06   1.202610602458e-07  -3.826753986936e-08  -1.992203082338e-03   2.912219039994e-06  -3.687963446877e-03   3.006550647892e-03  -3.594340139990e-03   1.722330915277e-03  -3.119779710251e-05  -4.909317103553e-05  -1.869304967229e-05  -5.708936157930e-06   5.401545372975e-06   1.138805850594e-08   2.117467689567e-03   2.980083691754e-02   4.716091500557e-02   1.854799507517e-02   5.652264763921e-03   1.711720514669e-03   1.301170484020e-03  -2.534878186494e-03  -7.687401107867e-03  -1.216622616274e-02  -4.785151296585e-03  -1.457861259026e-03  -4.458049825858e-04   1.206111046988e-03   1.809951382090e-03  -2.208197508761e-02  -3.494610404215e-02  -1.374407980477e-02  -4.187960976670e-03  -1.271106213039e-03  -2.507350339869e-03  -4.360024654538e-04
  -4.069213230099e-02  -6.907691302986e-02   2.363555141237e-05  -2.032693801297e-06   1.492279097390e-06   1.767901197427e-01   7.818255069340e-05  -1.952283222784e-06   1.444446916852e-06   1.182027266412e-01   1.057992697665e-04  -7.399024439606e-07   5.620494006991e-07   2.867234177353e-02  -7.662729397987e-05   2.528348044136e-07  -2.002475653960e-07   5.201301896345e-07   1.012180074284e-07  -1.845171370310e-05  -3.671252797410e-07   3.333932941800e-05   3.509885423962e-02   4.882477849205e-02  -4.522571952618e-03  -3.112601572811e-03  -8.122226605125e-03  -1.535728150513e-05   7.846379241067e-06   3.501496749845e-02   4.867138781902e-02  -4.622048782688e-03  -3.242696523749e-03   2.717644448119e-03   2.059591439309e-03  -7.368228962445e-03   3.500834786605e-02   4.866531441380e-02  -4.621482068609e-03  -3.243060658535e-03   2.743459301630e-03  -7.400525816548e-03   1.900729081069e-03   3.501250163762e-02   4.866914111661e-02  -4.621817365253e-03  -3.242808136320e-03   2.723399883714e-03   5.356073217805e-03   5.459826193072e-03
  -1.432090991786e-05  -2.428611122987e-05   5.628331172870e-02   6.606190549092e-07  -4.887065656530e-07   7.818255069340e-05   8.813400956067e-02   3.912329708633e-07  -3.022843359497e-07   1.015727282273e-04   5.928375673531e-02  -8.120371664810e-07   5.996263903219e-07  -9.062535577409e-05  -3.128397923314e-03  -2.103094779494e-07   1.699211653557e-07   4.178045475205e-05   4.560132867321e-06  -4.823202282841e-03  -2.116816283000e-05   8.385127251131e-03   5.134804148026e-02   8.123652620667e-02   3.183990811578e-02   9.738255963762e-03  -5.532618678047e-03  -1.663820341806e-05   8.478617034723e-06  -1.709175893986e-02  -2.700437648009e-02  -1.054203112680e-02  -3.212040445512e-03   2.325153437814e-03  -7.479669661524e-04   2.675689490973e-03  -1.725677258200e-02  -2.726754498036e-02  -1.064747023621e-02  -3.243453099239e-03   2.305795554442e-03   2.713410862299e-03  -6.968814263521e-04  -1.712883934938e-02  -2.706384789736e-02  -1.056618506238e-02  -3.219111159841e-03   2.320774493176e-03  -1.949289333362e-03  -1.986949416134e-03
   3.466620216231e-07   6.119776902235e-07   6.628625868104e-07   5.631405601345e-02   1.444405342745e-07  -1.952283222784e-06   3.912329708633e-07   8.820316017440e-02   9.389634089436e-08   3.484051775099e-06  -8.205219982004e-07   5.939082471661e-02  -1.773664605048e-07   3.290367624946e-06  -2.133331778816e-07  -3.119563465571e-03  -5.526020291547e-08  -5.660670918260e-03  -5.416388365852e-03  -5.002414192632e-03   4.569869350856e-06  -2.846433174460e-03   9.601047631749e-05   1.513184730759e-04   5.801188081500e-05   1.768350508023e-05  -1.663258752621e-05   3.316461319659e-03   1.285732826608e-08  -1.304744320085e-02  -2.064849146620e-02  -8.121871064118e-03  -2.475069114815e-03  -7.494390650661e-04   2.750685143133e-03   2.037920963283e-03   4.688185721701e-02   7.419685669675e-02   2.918429697953e-02   8.891524449787e-03   2.718702104224e-03  -4.035430032213e-03   1.889109582192e-03  -3.393005231740e-02  -5.369727247031e-02  -2.112069321188e-02  -6.435780178278e-03  -1.953114339597e-03  -5.323817437453e-04  -3.927135587637e-03
  -2.566270526918e-07  -4.527967805660e-07  -4.903621635954e-07   1.444416824646e-07   5.631654159241e-02   1.444446916852e-06  -3.022843359497e-07   9.389634089436e-08   8.820495839255e-02  -2.531781521431e-06   6.059073523852e-07  -1.773659895187e-07   5.938863559453e-02  -2.427127767097e-06   1.722918710933e-07  -5.525764491338e-08  -3.120258895953e-03   4.569931034974e-06  -5.776210580691e-03   4.708948146788e-03  -5.629582714358e-03   2.697623773138e-03  -4.877062315886e-05  -7.671139329173e-05  -2.908733408527e-05  -8.874583141272e-06   8.472101546235e-06   1.285040550060e-08   3.316452759151e-03   4.667487698459e-02   7.386473511912e-02   2.905050586436e-02   8.852780139182e-03   2.680956791800e-03   2.037920733231e-03  -3.970167545748e-03  -1.204061748768e-02  -1.905567443494e-02  -7.494749413236e-03  -2.283367820584e-03  -6.982413531434e-04   1.889111521401e-03   2.834793727729e-03  -3.458578624117e-02  -5.473413155781e-02  -2.152646405909e-02  -6.559323391193e-03  -1.990850127152e-03  -3.927137290647e-03  -6.829146506117e-04
  -2.980234602018e-02  -4.833883228199e-02   4.727494571576e-05   1.698065606320e-06  -1.234851453345e-06   1.182027266412e-01   1.015727282273e-04   3.484051775099e-06  -2.531781521431e-06   7.905208686481e-02   1.038845074107e-04   2.729057367510e-06  -1.978303892053e-06   1.917858439284e-02  -5.300548454800e-05  -4.122604229894e-10  -1.010689744503e-08   6.335430763859e-08   5.111208855938e-09  -1.549347160002e-05  -3.365917726184e-08   2.671937445446e-05   2.349835953035e-02   3.269576836928e-02  -3.009213091387e-03  -2.076399817740e-03  -5.434616736704e-03  -1.009902852687e-05   5.120314924871e-06   2.340143118647e-02   3.252861947661e-02  -3.101042071535e-03  -2.171141068715e-03   1.818503689314e-03   1.376948482164e-03  -4.925547209813e-03   2.340249379436e-02   3.253324235381e-02  -3.097246773720e-03  -2.170343821622e-03   1.836077897919e-03  -4.947685191944e-03   1.270663463967e-03   2.340184947016e-02   3.253038737938e-02  -3.099600966331e-03  -2.170823763448e-03   1.822469824123e-03   3.580771237462e-03   3.649819375351e-03
  -2.006014157974e-05  -3.561617323045e-05   3.785922687476e-02  -2.477557926695e-07   1.881180043898e-07   1.057992697665e-04   5.928375673531e-02  -8.205219982004e-07   6.059073523852e-07   1.038845074107e-04   3.987751430298e-02  -1.275740163833e-06   9.480841338869e-07  -5.233568908321e-05  -2.104353809334e-03  -1.030830382967e-07   8.562704539684e-08   2.817351798377e-05   3.080969540832e-06  -3.244249396927e-03  -1.429064671901e-05   5.640362834060e-03   3.455004888306e-02   5.465879875309e-02   2.141589579064e-02   6.549544563895e-03  -3.723984170910e-03  -1.123710704768e-05   5.735950809201e-06  -1.148572244502e-02  -1.814903822760e-02  -7.092166828095e-03  -2.161457136157e-03   1.564876297488e-03  -5.025186814071e-04   1.797535962747e-03  -1.159799590355e-02  -1.832807822336e-02  -7.163883954932e-03  -2.182828798175e-03   1.551789325471e-03   1.823027998243e-03  -4.681856793716e-04  -1.151115418900e-02  -1.818981599389e-02  -7.108718162368e-03  -2.166306004349e-03   1.561904454669e-03  -1.309616010923e-03  -1.334845580106e-03
   1.649519570571e-07   2.404388464789e-07  -2.405586313198e-07   3.791857596118e-02  -5.634732918279e-08  -7.399024439606e-07  -8.120371664810e-07   5.939082471661e-02  -1.773659895187e-07   2.729057367510e-06  -1.275740163833e-06   3.999029122002e-02  -2.814293741230e-07   2.309805723461e-06  -1.057115592076e-07  -2.100530710385e-03  -2.870049762741e-08  -3.811563662953e-03  -3.647061926341e-03  -3.368285781049e-03   3.092694578507e-06  -1.916730421695e-03   6.413543297995e-05   1.010564626801e-04   3.865860064726e-05   1.177808051733e-05  -1.115832271889e-05   2.233110311086e-03  -4.669566253308e-10  -8.785186262723e-03  -1.390319428163e-02  -5.468756225591e-03  -1.666561574259e-03  -5.046550772671e-04   1.852159999267e-03   1.372170419262e-03   3.156784499469e-02   4.996034615758e-02   1.965112598052e-02   5.987065323199e-03   1.830596915648e-03  -2.717283783463e-03   1.272022333803e-03  -2.284608595647e-02  -3.615594976954e-02  -1.422126091759e-02  -4.333429523968e-03  -1.315126456573e-03  -3.584226530156e-04  -2.644258448081e-03
  -1.246371233250e-07  -1.828949266233e-07   1.828011138516e-07  -5.634635705676e-08   3.791807883767e-02   5.620494006991e-07   5.996263903219e-07  -1.773664605048e-07   5.938863559453e-02  -1.978303892053e-06   9.480841338869e-07  -2.814293741230e-07   3.998652800074e-02  -1.701573236715e-06   8.766777391745e-08  -2.869826937329e-08  -2.100878700453e-03   3.092767298529e-06  -3.889123295936e-03   3.170517170856e-03  -3.790413379744e-03   1.816401455179e-03  -3.245121654968e-05  -5.102339551569e-05  -1.928405673650e-05  -5.879338469352e-06   5.672779819453e-06  -5.101974272746e-10   2.232976617137e-03   3.142611854264e-02   4.973302179470e-02   1.955972045035e-02   5.960585668448e-03   1.805112337320e-03   1.372118400972e-03  -2.673088528414e-03  -8.107346686512e-03  -1.283080084755e-02  -5.046400893975e-03  -1.537443979977e-03  -4.701205543584e-04   1.271996803999e-03   1.908658315318e-03  -2.328684782455e-02  -3.685285123060e-02  -1.449385412492e-02  -4.416414330235e-03  -1.340424590079e-03  -2.644180857280e-03  -4.598283569050e-04
  -7.603065638430e-03  -1.203581023130e-02  -6.214281891072e-05   1.972416267769e-06  -1.456602997074e-06   2.867234177353e-02  -9.062535577409e-05   3.290367624946e-06  -2.427127767097e-06   1.917858439284e-02  -5.233568908321e-05   2.309805723461e-06  -1.701573236715e-06   4.653447221042e-03  -8.769351154157e-06  -8.631951871915e-08   6.146878813399e-08  -1.963650743163e-07  -3.616858260998e-08   2.314090191187e-06   1.354096793011e-07  -4.619394429153e-06   5.633190421362e-03   7.825619727109e-03  -7.720471172589e-04  -5.165155965393e-04  -1.311179039482e-03  -2.336267373799e-06   1.162900845310e-06   5.697861936858e-03   7.924540086619e-03  -7.397205868115e-04  -5.228156700533e-04   4.380439638911e-04   3.350545313427e-04  -1.198278391946e-03   5.701204204570e-03   7.930545422791e-03  -7.368761831836e-04  -5.220371368522e-04   4.424983020280e-04  -1.203987059468e-03   3.091631283404e-04   5.699103405416e-03   7.926773968591e-03  -7.386600252880e-04  -5.225224474561e-04   4.390745119161e-04   8.712954172003e-04   8.879346461128e-04
   2.022887337715e-05   3.197679419692e-05  -1.997817045798e-03  -1.504575814888e-07   1.202610602458e-07  -7.662729397987e-05  -3.128397923314e-03  -2.133331778816e-07   1.722918710933e-07  -5.300548454800e-05  -2.104353809334e-03  -1.057115592076e-07   8.766777391745e-08  -8.769351154157e-06   1.110762434114e-04   1.444213790275e-08  -1.168426298711e-08  -1.470376566931e-06  -1.602285809442e-07   1.712299478457e-04   7.411683635768e-07  -2.976372193898e-04  -1.837292010016e-03  -2.903937927656e-03  -1.128282650913e-03  -3.443637800555e-04   1.997773861556e-04   5.894696044095e-07  -2.981346148716e-07   5.921672179888e-04   9.383798188295e-04   3.762012550250e-04   1.153904586696e-04  -8.366157556982e-05   2.568637107734e-05  -9.190807837652e-05   5.977832185695e-04   9.473374926176e-04   3.797917458020e-04   1.164593393756e-04  -8.299933062379e-05  -9.320896260672e-05   2.394286599695e-05   5.933824527246e-04   9.403303350520e-04   3.769950423615e-04   1.156221416947e-04  -8.351440367240e-05   6.694697548878e-05   6.825405834157e-05
  -5.932648298966e-08  -9.741478798677e-08  -1.489406240971e-07  -1.991711765744e-03  -3.826753986936e-08   2.528348044136e-07  -2.103094779494e-07  -3.119563465571e-03  -5.525764491338e-08  -4.122604229894e-10  -1.030830382967e-07  -2.100530710385e-03  -2.869826937329e-08  -8.631951871915e-08   1.444213790275e-08   1.103325125166e-04   3.791195452853e-09   2.002061346481e-04   1.915698522389e-04   1.769330147154e-04  -1.582650639455e-07   1.006522038518e-04  -3.473651262571e-06  -5.482131677816e-06  -2.127463552060e-06  -6.503820126721e-07   5.921404614841e-07  -1.172963607553e-04  -2.418350612881e-09   4.615081705248e-04   7.303618496225e-04   2.872553807940e-04   8.753665354711e-05   2.650217499036e-05  -9.728343627561e-05  -7.208835034202e-05  -1.658032378202e-03  -2.624066776831e-03  -1.032164917235e-03  -3.144696393706e-04  -9.615674978754e-05   1.427099530354e-04  -6.681203803543e-05   1.200130821305e-03   1.899304777975e-03   7.470266880835e-04   2.276279081817e-04   6.907644821524e-05   1.884147609940e-05   1.389051843580e-04
   4.742973561981e-08   7.763770670439e-08   1.190531627699e-07  -3.826887731123e-08  -1.992203082338e-03  -2.002475653960e-07   1.699211653557e-07  -5.526020291547e-08  -3.120258895953e-03  -1.010689744503e-08   8.562704539684e-08  -2.870049762741e-08  -2.100878700453e-03   6.146878813399e-08  -1.168426298711e-08   3.791195452853e-09   1.103794593229e-04  -1.582532260241e-07   2.043372030879e-04  -1.665852500915e-04   1.991469898078e-04  -9.541189726624e-05   1.788372462062e-06   2.819171608403e-06   1.090304888654e-06   3.341594501141e-07  -3.028309076036e-07  -2.424678439854e-09  -1.173198269219e-04  -1.651181047374e-03  -2.613049874055e-03  -1.027674804290e-03  -3.131695580448e-04  -9.483675620563e-05  -7.209635344617e-05   1.404549186424e-04   4.258496380462e-04   6.739622359166e-04   2.650949593006e-04   8.076599803353e-05   2.470060436190e-05  -6.681397047419e-05  -1.002850784582e-04   1.223434969132e-03   1.936166770266e-03   7.614979863908e-04   2.320374076721e-04   7.042955932396e-05   1.389151260570e-04   2.415228125922e-05
  -8.182903747633e-08  -1.660503797968e-07   2.665486584882e-05  -3.614103180640e-03   2.912219039994e-06   5.201301896345e-07   4.178045475205e-05  -5.660670918260e-03   4.569931034974e-06   6.335430763859e-08   2.817351798377e-05  -3.811563662953e-03   3.092767298529e-06  -1.963650743163e-07  -1.470376566931e-06   2.002061346481e-04  -1.582532260241e-07   3.633085851140e-04   3.473135417818e-04   3.189995923888e-04  -5.953893908026e-07   1.867947938454e-04   1.826311943501e-05   2.891714495940e-05   1.136923008512e-05   3.477602166455e-06  -1.572880121494e-06  -2.128505998857e-04   1.752709345908e-07   8.317392058567e-04   1.316292846731e-03   5.177398927736e-04   1.577732431922e-04   4.934472924579e-05  -1.767773928181e-04  -1.297406542014e-04  -3.017506625496e-03  -4.775603820872e-03  -1.878428108282e-03  -5.723006112804e-04  -1.734168473918e-04   2.603545186024e-04  -1.214182496171e-04   2.167702461897e-03   3.430585824103e-03   1.349338282634e-03   4.111594135959e-04   1.263493336557e-04   3.304947014018e-05   2.510674345967e-04
  -1.530719568067e-08  -3.190877440109e-08   2.906246268876e-06  -3.458144622154e-03  -3.687963446877e-03   1.012180074284e-07   4.560132867321e-06  -5.416388365852e-03  -5.776210580691e-03   5.111208855938e-09   3.080969540832e-06  -3.647061926341e-03  -3.889123295936e-03  -3.616858260998e-08  -1.602285809442e-07   1.915698522389e-04   2.043372030879e-04   3.473135417818e-04   7.108718726484e-04  -1.432370674174e-06   3.683780811588e-04  -1.428927469011e-06  -2.850984951308e-08  -4.167868549644e-08  -1.046593641447e-08  -1.680392279178e-09   1.767430640046e-07  -2.036590630224e-04  -2.171821326644e-04  -2.256212030083e-03  -3.570514093732e-03  -1.404206064298e-03  -4.279132018142e-04  -1.294224928392e-04  -3.024076742653e-04   1.349819288994e-04  -2.091308023438e-03  -3.309792005078e-03  -1.301901023384e-03  -3.966512726604e-04  -1.211044587626e-04   1.242346462530e-04  -3.016815954239e-04   4.347595432911e-03   6.880390433161e-03   2.706116727907e-03   8.245855069235e-04   2.504313459164e-04   2.897669145355e-04   2.857784379054e-04
   4.091612523350e-06   6.911102988572e-06  -3.080185210120e-03  -3.193851694872e-03   3.006550647892e-03  -1.845171370310e-05  -4.823202282841e-03  -5.002414192632e-03   4.708948146788e-03  -1.549347160002e-05  -3.244249396927e-03  -3.368285781049e-03   3.170517170856e-03   2.314090191187e-06   1.712299478457e-04   1.769330147154e-04  -1.665852500915e-04   3.189995923888e-04  -1.432370674174e-06   7.990553179391e-04  -2.996433494131e-04  -1.534308725748e-04  -2.820935560402e-03  -4.462334452990e-03  -1.746923176452e-03  -5.341525416185e-04   3.048294593556e-04  -1.871789752081e-04   1.765878061695e-04   4.164285320513e-03   6.588302391606e-03   2.588818102621e-03   7.890327532235e-04   5.816502754053e-05  -6.441276338451e-06  -4.733615374991e-04  -2.360147368592e-03  -3.737079031920e-03  -1.472228595578e-03  -4.484166207218e-04  -3.178745014106e-04   1.818291018456e-04   8.218189088049e-05   1.012454681355e-03   1.600483526131e-03   6.272439101744e-04   1.912541479242e-04  -1.227404836283e-04  -7.322130078257e-05   2.945600574492e-04
   5.683772175080e-08   1.166092110154e-07  -1.349917738609e-05   2.912181572959e-06  -3.594340139990e-03  -3.671252797410e-07  -2.116816283000e-05   4.569869350856e-06  -5.629582714358e-03  -3.365917726184e-08  -1.429064671901e-05   3.092694578507e-06  -3.790413379744e-03   1.354096793011e-07   7.411683635768e-07  -1.582650639455e-07   1.991469898078e-04  -5.953893908026e-07   3.683780811588e-04  -2.996433494131e-04   3.593071450593e-04  -1.743363192729e-04  -9.277139143207e-06  -1.469600455877e-05  -5.788295850675e-06  -1.769241577179e-06   8.002078941217e-07   1.752588922868e-07  -2.116709360030e-04  -2.975590545497e-03  -4.708983923692e-03  -1.851996432074e-03  -5.643703318443e-04  -1.717108472246e-04  -1.297484760941e-04   2.528646582513e-04   7.750089938619e-04   1.226541083505e-03   4.824243803434e-04   1.469791006442e-04   4.414723626760e-05  -1.214213781902e-04  -1.806647527643e-04   2.209705908442e-03   3.496994610866e-03   1.375353521410e-03   4.190861530963e-04   1.264006008318e-04   2.510783806545e-04   4.385228463641e-05
  -7.278729785067e-06  -1.238952455106e-05   5.354804792077e-03  -1.817287855704e-03   1.722330915277e-03   3.333932941800e-05   8.385127251131e-03  -2.846433174460e-03   2.697623773138e-03   2.671937445446e-05   5.640362834060e-03  -1.916730421695e-03   1.816401455179e-03  -4.619394429153e-06  -2.976372193898e-04   1.006522038518e-04  -9.541189726624e-05   1.867947938454e-04  -1.428927469011e-06  -1.534308725748e-04  -1.743363192729e-04   9.721357797347e-04   4.885823194379e-03   7.728799849388e-03   3.025851891673e-03   9.252089738335e-04  -5.267667628211e-04  -1.086129293155e-04   1.022375916245e-04   2.275514882829e-04   3.633222382494e-04   1.469349385174e-04   4.455869478467e-05   3.277933548436e-04  -9.730351850607e-05   6.630143586410e-05  -3.517925494697e-03  -5.564417353465e-03  -2.184730962449e-03  -6.658374956311e-04   1.106831074304e-04   4.450832640912e-04  -4.029028402530e-05  -1.587329192232e-03  -2.508853564792e-03  -9.827110492042e-04  -2.996577225601e-04   2.233400491423e-04  -2.876018807017e-04  -8.239388547513e-05
  -8.368170848244e-03  -1.395239137696e-02   3.278618914906e-02   6.138194674560e-05  -3.119779710251e-05   3.509885423962e-02   5.134804148026e-02   9.601047631749e-05  -4.877062315886e-05   2.349835953035e-02   3.455004888306e-02   6.413543297995e-05  -3.245121654968e-05   5.633190421362e-03  -1.837292010016e-03  -3.473651262571e-06   1.788372462062e-06   1.826311943501e-05  -2.850984951308e-08  -2.820935560402e-03  -9.277139143207e-06   4.885823194379e-03   3.686669271169e-02   5.699685599805e-02   1.764775035573e-02   5.054708455558e-03  -4.832981169371e-03  -9.119905917005e-06   4.656237645240e-06  -3.052058955076e-03  -6.140755637787e-03  -7.081833491238e-03  -2.521454668619e-03   1.890834312538e-03  -2.537797741478e-05   1.017983452458e-04  -3.051600837227e-03  -6.140333270680e-03  -7.082204523257e-03  -2.521258200774e-03   1.890332409177e-03   1.074956454507e-04  -2.850566746055e-05  -3.051880988496e-03  -6.140607005035e-03  -7.082000079196e-03  -2.521372494513e-03   1.890701695798e-03  -7.168791131645e-05  -7.854861940133e-05
  -1.195217957421e-02  -1.966681760064e-02   5.187125309302e-02   9.677200239187e-05  -4.909317103553e-05   4.882477849205e-02   8.123652620667e-02   1.513184730759e-04  -7.671139329173e-05   3.269576836928e-02   5.465879875309e-02   1.010564626801e-04  -5.102339551569e-05   7.825619727109e-03  -2.903937927656e-03  -5.482131677816e-06   2.819171608403e-06   2.891714495940e-05  -4.167868549644e-08  -4.462334452990e-03  -1.469600455877e-05   7.728799849388e-03   5.699685599805e-02   8.832514128479e-02   2.809234946273e-02   8.115225730144e-03  -7.338412805414e-03  -1.387124215286e-05   7.088233536626e-06  -6.156417405276e-03  -1.156063403230e-02  -1.102917102611e-02  -3.866279473870e-03   2.888515643770e-03  -1.182639993161e-04   4.404386481876e-04  -6.156224252210e-03  -1.156097432762e-02  -1.103026663736e-02  -3.866103304822e-03   2.886697403209e-03   4.507561630101e-04  -1.171770799481e-04  -6.156352093748e-03  -1.156080395807e-02  -1.102963612053e-02  -3.866203992666e-03   2.888069774129e-03  -3.165514046205e-04  -3.312966148377e-04
   1.436944094653e-03   2.096841054401e-03   2.033398133311e-02   3.720695512731e-05  -1.869304967229e-05  -4.522571952618e-03   3.183990811578e-02   5.801188081500e-05  -2.908733408527e-05  -3.009213091387e-03   2.141589579064e-02   3.865860064726e-05  -1.928405673650e-05  -7.720471172589e-04  -1.128282650913e-03  -2.127463552060e-06   1.090304888654e-06   1.136923008512e-05  -1.046593641447e-08  -1.746923176452e-03  -5.788295850675e-06   3.025851891673e-03   1.764775035573e-02   2.809234946273e-02   1.162038822172e-02   3.598583657637e-03  -1.789668975476e-03  -3.441561549694e-06   1.772962153642e-06  -7.100641103658e-03  -1.104793663753e-02  -3.704115637897e-03  -1.081415123370e-03   7.686787429189e-04  -3.221524254333e-04   1.159139999530e-03  -7.101537288117e-03  -1.105019719882e-02  -3.705777998993e-03  -1.081649657558e-03   7.644022413601e-04   1.167696403292e-03  -3.004297573280e-04  -7.101001122463e-03  -1.104883500198e-02  -3.704774546744e-03  -1.081506311985e-03   7.676922509632e-04  -8.412886923097e-04  -8.608573780847e-04
   8.087407517926e-04   1.293133935645e-03   6.219418078175e-03   1.134948928946e-05  -5.708936157930e-06  -3.112601572811e-03   9.738255963762e-03   1.768350508023e-05  -8.874583141272e-06  -2.076399817740e-03   6.549544563895e-03   1.177808051733e-05  -5.879338469352e-06  -5.165155965393e-04  -3.443637800555e-04  -6.503820126721e-07   3.341594501141e-07   3.477602166455e-06  -1.680392279178e-09  -5.341525416185e-04  -1.769241577179e-06   9.252089738335e-04   5.054708455558e-03   8.115225730144e-03   3.598583657637e-03   1.131152896603e-03  -4.679779885385e-04  -9.054969424654e-07   4.669428302727e-07  -2.514345144400e-03  -3.855245399079e-03  -1.087801212990e-03  -2.990619464625e-04   2.085422224805e-04  -1.186829401098e-04   4.266101404482e-04  -2.514633233128e-03  -3.856002035528e-03  -1.088364213822e-03  -2.991450551865e-04   2.069771270116e-04   4.295511401355e-04  -1.104837247875e-04  -2.514445961242e-03  -3.855521661660e-03  -1.088014234014e-03  -2.990915577780e-04   2.081833410291e-04  -3.097130235099e-04  -3.167088790827e-04
   1.987455748999e-03   3.271255937943e-03  -3.531981243755e-03  -1.060884059053e-05   5.401545372975e-06  -8.122226605125e-03  -5.532618678047e-03  -1.663258752621e-05   8.472101546235e-06  -5.434616736704e-03  -3.723984170910e-03  -1.115832271889e-05   5.672779819453e-06  -1.311179039482e-03   1.997773861556e-04   5.921404614841e-07  -3.028309076036e-07  -1.572880121494e-06   1.767430640046e-07   3.048294593556e-04   8.002078941217e-07  -5.267667628211e-04  -4.832981169371e-03  -7.338412805414e-03  -1.789668975476e-03  -4.679779885385e-04   7.200652035169e-04   1.121164412853e-06  -5.718854492536e-07  -5.286031560770e-04  -5.298697557531e-04   8.780593284767e-04   3.517527277210e-04  -2.702614440055e-04  -4.797807238770e-05   1.697256110977e-04  -5.349634905144e-04  -5.400110918734e-04   8.740557103183e-04   3.505127053155e-04  -2.712153970862e-04   1.705579155923e-04  -4.364777848786e-05  -5.300591713632e-04  -5.322002098031e-04   8.771396792751e-04   3.514626231191e-04  -2.704743916389e-04  -1.239445027180e-04  -1.253902997542e-04
   3.756759358149e-06   6.181621990481e-06  -1.060753153528e-05   2.117422859970e-03   1.138805850594e-08  -1.535728150513e-05  -1.663820341806e-05   3.316461319659e-03   1.285040550060e-08  -1.009902852687e-05  -1.123710704768e-05   2.233110311086e-03  -5.101974272746e-10  -2.336267373799e-06   5.894696044095e-07  -1.172963607553e-04  -2.424678439854e-09  -2.128505998857e-04  -2.036590630224e-04  -1.871789752081e-04   1.752588922868e-07  -1.086129293155e-04  -9.119905917005e-06  -1.387124215286e-05  -3.441561549694e-06  -9.054969424654e-07   1.121164412853e-06   1.247042570151e-04  -1.442742819161e-09  -4.903784341895e-04  -7.754844459484e-04  -3.029907332855e-04  -9.217548160943e-05  -2.885272029002e-05   1.033900424725e-04   7.675701715880e-05   1.763003972219e-03   2.790765075318e-03   1.099746636559e-03   3.352161026695e-04   1.015513352411e-04  -1.516062340728e-04   7.099874105065e-05  -1.275571272817e-03  -2.018129265526e-03  -7.917505883799e-04  -2.410995187283e-04  -7.411138361788e-05  -2.011259021198e-05  -1.477577007816e-04
  -1.918907694146e-06  -3.157342105601e-06   5.402197368622e-06   1.139064605195e-08   2.117467689567e-03   7.846379241067e-06   8.478617034723e-06   1.285732826608e-08   3.316452759151e-03   5.120314924871e-06   5.735950809201e-06  -4.669566253308e-10   2.232976617137e-03   1.162900845310e-06  -2.981346148716e-07  -2.418350612881e-09  -1.173198269219e-04   1.752709345908e-07  -2.171821326644e-04   1.765878061695e-04  -2.116709360030e-04   1.022375916245e-04   4.656237645240e-06   7.088233536626e-06   1.772962153642e-06   4.669428302727e-07  -5.718854492536e-07  -1.442742819161e-09   1.246977662043e-04   1.754841686983e-03   2.776809973338e-03   1.091061695716e-03   3.324067684431e-04   1.011458347608e-04   7.664354857288e-05  -1.493425020368e-04  -4.528349623597e-04  -7.169563708286e-04  -2.830238116936e-04  -8.630744633197e-05  -2.591031632594e-05   7.096438742071e-05   1.066033194515e-04  -1.300515666750e-03  -2.058438443958e-03  -8.106052726826e-04  -2.470800461167e-04  -7.451155671440e-05  -1.476098561789e-04  -2.562847852052e-05
  -8.352657714283e-03  -1.392522315207e-02  -1.092040752595e-02  -8.330441738884e-03   2.980083691754e-02   3.501496749845e-02  -1.709175893986e-02  -1.304744320085e-02   4.667487698459e-02   2.340143118647e-02  -1.148572244502e-02  -8.785186262723e-03   3.142611854264e-02   5.697861936858e-03   5.921672179888e-04   4.615081705248e-04  -1.651181047374e-03   8.317392058567e-04  -2.256212030083e-03   4.164285320513e-03  -2.975590545497e-03   2.275514882829e-04  -3.052058955076e-03  -6.156417405276e-03  -7.100641103658e-03  -2.514345144400e-03  -5.286031560770e-04  -4.903784341895e-04   1.754841686983e-03   3.688413072071e-02   5.702659893270e-02   1.770381859478e-02   5.031522438267e-03   1.616703075783e-03   1.224800670038e-03  -4.381697815875e-03  -3.019804125836e-03  -6.122841817619e-03  -7.132230828420e-03  -2.536606756481e-03  -6.755693114116e-04  -3.965511110070e-04   1.732523635648e-03  -3.020102517978e-03  -6.123111320066e-03  -7.131973920141e-03  -2.536728521397e-03  -6.753925039271e-04  -5.596511699859e-04   1.687083637919e-03
  -1.192334403932e-02  -1.961614254960e-02  -1.725287135362e-02  -1.318347660653e-02   4.716091500557e-02   4.867138781902e-02  -2.700437648009e-02  -2.064849146620e-02   7.386473511912e-02   3.252861947661e-02  -1.814903822760e-02  -1.390319428163e-02   4.973302179470e-02   7.924540086619e-03   9.383798188295e-04   7.303618496225e-04  -2.613049874055e-03   1.316292846731e-03  -3.570514093732e-03   6.588302391606e-03  -4.708983923692e-03   3.633222382494e-04  -6.140755637787e-03  -1.156063403230e-02  -1.104793663753e-02  -3.855245399079e-03  -5.298697557531e-04  -7.754844459484e-04   2.776809973338e-03   5.702659893270e-02   8.837719999209e-02   2.818732516139e-02   8.084450271774e-03   2.456143320839e-03   1.859370471320e-03  -6.651919628406e-03  -6.123079762892e-03  -1.155965227156e-02  -1.111696230029e-02  -3.892471013059e-03  -1.172479458256e-03  -3.439868108628e-04   2.668949273976e-03  -6.123197959077e-03  -1.155941300044e-02  -1.111622319049e-02  -3.892576098385e-03  -1.171401327332e-03  -1.090874805638e-03   2.460713163678e-03
   1.459824781646e-03   2.134173239484e-03  -6.731700850863e-03  -5.185478143585e-03   1.854799507517e-02  -4.622048782688e-03  -1.054203112680e-02  -8.121871064118e-03   2.905050586436e-02  -3.101042071535e-03  -7.092166828095e-03  -5.468756225591e-03   1.955972045035e-02  -7.397205868115e-04   3.762012550250e-04   2.872553807940e-04  -1.027674804290e-03   5.177398927736e-04  -1.404206064298e-03   2.588818102621e-03  -1.851996432074e-03   1.469349385174e-04  -7.081833491238e-03  -1.102917102611e-02  -3.704115637897e-03  -1.087801212990e-03   8.780593284767e-04  -3.029907332855e-04   1.091061695716e-03   1.770381859478e-02   2.818732516139e-02   1.169754741142e-02   3.612455113507e-03   6.029604553679e-04   4.535718547871e-04  -1.622813591104e-03  -7.132762683132e-03  -1.111813587458e-02  -3.761345483060e-03  -1.098152378982e-03  -8.276983921368e-04   8.625314517234e-04   7.933985126013e-04  -7.132169920534e-03  -1.111665979783e-02  -3.760262309139e-03  -1.098000464905e-03  -8.245004492696e-04  -1.151140902155e-03   2.317411042382e-04
   8.416476000703e-04   1.345958792040e-03  -2.050802194005e-03  -1.580220920370e-03   5.652264763921e-03  -3.242696523749e-03  -3.212040445512e-03  -2.475069114815e-03   8.852780139182e-03  -2.171141068715e-03  -2.161457136157e-03  -1.666561574259e-03   5.960585668448e-03  -5.228156700533e-04   1.153904586696e-04   8.753665354711e-05  -3.131695580448e-04   1.577732431922e-04  -4.279132018142e-04   7.890327532235e-04  -5.643703318443e-04   4.455869478467e-05  -2.521454668619e-03  -3.866279473870e-03  -1.081415123370e-03  -2.990619464625e-04   3.517527277210e-04  -9.217548160943e-05   3.324067684431e-04   5.031522438267e-03   8.084450271774e-03   3.612455113507e-03   1.134440578660e-03   1.555882480562e-04   1.168422076088e-04  -4.180576253871e-04  -2.537094551709e-03  -3.893410628346e-03  -1.098485033029e-03  -3.010634983340e-04  -2.806578721123e-04   3.396604156755e-04   2.220495453640e-04  -2.536912880432e-03  -3.892930647115e-03  -1.098123984238e-03  -3.010114519479e-04  -2.794725790023e-04  -4.063881482371e-04   1.395354482237e-05
  -6.647689909627e-04  -1.094338488113e-03   1.484451031983e-03  -4.784844192804e-04   1.711720514669e-03   2.717644448119e-03   2.325153437814e-03  -7.494390650661e-04   2.680956791800e-03   1.818503689314e-03   1.564876297488e-03  -5.046550772671e-04   1.805112337320e-03   4.380439638911e-04  -8.366157556982e-05   2.650217499036e-05  -9.483675620563e-05   4.934472924579e-05  -1.294224928392e-04   5.816502754053e-05  -1.717108472246e-04   3.277933548436e-04   1.890834312538e-03   2.888515643770e-03   7.686787429189e-04   2.085422224805e-04  -2.702614440055e-04  -2.885272029002e-05   1.011458347608e-04   1.616703075783e-03   2.456143320839e-03   6.029604553679e-04   1.555882480562e-04   1.909130958769e-04   5.048676930680e-05  -1.806228574880e-04  -6.815684845817e-04  -1.181014328216e-03  -8.275585296904e-04  -2.802998149271e-04   5.862304439660e-05   4.956788548296e-05   8.093433404832e-05  -6.767576749898e-04  -1.173353874812e-03  -8.244882247498e-04  -2.793903379651e-04   5.911600861364e-05  -8.396000525261e-05   4.409092974813e-05
  -5.042941037936e-04  -8.298573165350e-04  -4.779601532174e-04   1.756187557135e-03   1.301170484020e-03   2.059591439309e-03  -7.479669661524e-04   2.750685143133e-03   2.037920733231e-03   1.376948482164e-03  -5.025186814071e-04   1.852159999267e-03   1.372118400972e-03   3.350545313427e-04   2.568637107734e-05  -9.728343627561e-05  -7.209635344617e-05  -1.767773928181e-04  -3.024076742653e-04  -6.441276338451e-06  -1.297484760941e-04  -9.730351850607e-05  -2.537797741478e-05  -1.182639993161e-04  -3.221524254333e-04  -1.186829401098e-04  -4.797807238770e-05   1.033900424725e-04   7.664354857288e-05   1.224800670038e-03   1.859370471320e-03   4.535718547871e-04   1.168422076088e-04   5.048676930680e-05   1.632279630458e-04  -1.367865035190e-04   1.738514273830e-03   2.672543768356e-03   7.735606369840e-04   2.142931878811e-04   8.103637165847e-05  -1.915138165000e-04   1.524842119598e-04  -1.303615836189e-03  -2.141975978433e-03  -1.120138900814e-03  -3.627011572424e-04  -9.488484402121e-05  -2.834640869890e-05  -5.773121327219e-05
   1.804121598002e-03   2.968823479108e-03   1.709843186427e-03   1.301169431711e-03  -2.534878186494e-03  -7.368228962445e-03   2.675689490973e-03   2.037920963283e-03  -3.970167545748e-03  -4.925547209813e-03   1.797535962747e-03   1.372170419262e-03  -2.673088528414e-03  -1.198278391946e-03  -9.190807837652e-05  -7.208835034202e-05   1.404549186424e-04  -1.297406542014e-04   1.349819288994e-04  -4.733615374991e-04   2.528646582513e-04   6.630143586410e-05   1.017983452458e-04   4.404386481876e-04   1.159139999530e-03   4.266101404482e-04   1.697256110977e-04   7.675701715880e-05  -1.493425020368e-04  -4.381697815875e-03  -6.651919628406e-03  -1.622813591104e-03  -4.180576253871e-04  -1.806228574880e-04  -1.367865035190e-04   6.143341552240e-04  -3.590592793994e-04  -2.860310962527e-04   8.807735654820e-04   3.448521436114e-04   4.993729274550e-05   2.127837739586e-04  -1.843827488299e-04  -1.207652634845e-03  -1.628959543113e-03   3.525864513584e-04   1.839223976601e-04   1.472315175721e-06  -1.181153569218e-04  -3.480402618227e-04
  -8.351108769750e-03  -1.392269868873e-02  -1.102530782122e-02   2.993187161332e-02  -7.687401107867e-03   3.500834786605e-02  -1.725677258200e-02   4.688185721701e-02  -1.204061748768e-02   2.340249379436e-02  -1.159799590355e-02   3.156784499469e-02  -8.107346686512e-03   5.701204204570e-03   5.977832185695e-04  -1.658032378202e-03   4.258496380462e-04  -3.017506625496e-03  -2.091308023438e-03  -2.360147368592e-03   7.750089938619e-04  -3.517925494697e-03  -3.051600837227e-03  -6.156224252210e-03  -7.101537288117e-03  -2.514633233128e-03  -5.349634905144e-04   1.763003972219e-03  -4.528349623597e-04  -3.019804125836e-03  -6.123079762892e-03  -7.132762683132e-03  -2.537094551709e-03  -6.815684845817e-04   1.738514273830e-03  -3.590592793994e-04   3.688060077908e-02   5.702485334244e-02   1.770609411119e-02   5.030852321796e-03   1.632049741579e-03  -4.400859332437e-03   1.130294311875e-03  -3.019654763378e-03  -6.122923145140e-03  -7.132853550778e-03  -2.537021441340e-03  -6.815990047035e-04   1.696341622478e-03  -5.229980088194e-04
  -1.192173616477e-02  -1.961372671291e-02  -1.742017587749e-02   4.737125045686e-02  -1.216622616274e-02   4.866531441380e-02  -2.726754498036e-02   7.419685669675e-02  -1.905567443494e-02   3.253324235381e-02  -1.832807822336e-02   4.996034615758e-02  -1.283080084755e-02   7.930545422791e-03   9.473374926176e-04  -2.624066776831e-03   6.739622359166e-04  -4.775603820872e-03  -3.309792005078e-03  -3.737079031920e-03   1.226541083505e-03  -5.564417353465e-03  -6.140333270680e-03  -1.156097432762e-02  -1.105019719882e-02  -3.856002035528e-03  -5.400110918734e-04   2.790765075318e-03  -7.169563708286e-04  -6.122841817619e-03  -1.155965227156e-02  -1.111813587458e-02  -3.893410628346e-03  -1.181014328216e-03   2.672543768356e-03  -2.860310962527e-04   5.702485334244e-02   8.838017776241e-02   2.819247712297e-02   8.083837324371e-03   2.479590454353e-03  -6.681449609769e-03   1.716038760968e-03  -6.122771841777e-03  -1.155973134492e-02  -1.111845110664e-02  -3.893340085477e-03  -1.181298154268e-03   2.479508359316e-03  -1.036856773029e-03
