ARMA_MAT_TXT_FN008
50 50
   1.000000000000e+00   8.784438346368e-01   6.104701933372e-20   2.176090964343e-21  -1.603823927446e-21   3.291794955376e-01   4.945741048850e-20  -1.332903055069e-23   5.803412111058e-23   1.537612665257e-01  -1.216183374294e-20   3.713690197164e-22  -2.618722935715e-22   6.556249676812e-02   2.567311674493e-21  -5.809022350265e-24   3.237858556785e-24   0.000000000000e+00  -2.585822157300e-42   0.000000000000e+00   0.000000000000e+00   0.000000000000e+00   1.206608261997e-02   7.483151331030e-02   7.947916834069e-02   4.891253615251e-02  -8.929228603051e-02  -1.676523305503e-04   8.539078432572e-05   1.208780225472e-02   7.488119130904e-02   7.949693103784e-02   4.891644815746e-02   2.988013123833e-02   2.268103318258e-02  -8.113871983551e-02   1.208183405009e-02   7.486754656880e-02   7.949205305520e-02   4.891537390066e-02   3.015863741691e-02  -8.147685063019e-02   2.092575817332e-02   1.208555996516e-02   7.487606543011e-02   7.949509861028e-02   4.891604461491e-02   2.994136840444e-02   5.897715126825e-02   6.011769059491e-02
   8.784438346368e-01   1.000000000000e+00   3.051897380033e-19  -5.979591429760e-21   6.291486695000e-22   4.187995882560e-01  -1.221629853203e-19  -8.738415439206e-23  -1.908796645630e-21   1.871454501484e-01   2.990830566606e-20  -4.673172760322e-22   1.705605329280e-24   7.831571041382e-02   0.000000000000e+00   0.000000000000e+00  -5.595165859431e-23   4.893323933407e-42   3.822909322974e-44   0.000000000000e+00  -2.446661966703e-42   0.000000000000e+00   1.095951694927e-02   8.969607338944e-02   9.548995823989e-02   5.829299382654e-02  -1.074404322453e-01  -2.017267074460e-04   1.027459726430e-04   1.098277713254e-02   8.975781890168e-02   9.551157879374e-02   5.829767894993e-02   3.595663257899e-02   2.729350718553e-02  -9.763930130643e-02   1.097638503615e-02   8.974085952431e-02   9.550564136248e-02   5.829639239062e-02   3.629079668753e-02  -9.804354819104e-02   2.518059502830e-02   1.098037553338e-02   8.975144781135e-02   9.550934838086e-02   5.829719565633e-02   3.602995769427e-02   7.097017866453e-02   7.234264712132e-02
   6.104701933372e-20   3.051897380033e-19   1.000000000000e+00  -2.345118483486e-39   1.172559241743e-39   2.448304789760e-19   6.291202128136e-01   0.000000000000e+00   2.084990405473e-39   4.436612845986e-20   2.202302509580e-01  -1.147096984955e-40   0.000000000000e+00   0.000000000000e+00   5.734990148843e-02   0.000000000000e+00   0.000000000000e+00  -3.519148886977e-21  -5.391542041161e-60  -1.300340196617e-19   1.544834006392e-21   2.252255287665e-19   1.084748086178e-01   1.764973694121e-01   6.660526481479e-02   1.525570151735e-02  -3.080262574099e-01  -7.559748879549e-04   3.850425961938e-04  -3.630479295411e-02  -5.901671838515e-02  -2.226262988229e-02  -5.098476195900e-03   4.970164728376e-02  -3.416930855484e-02   1.222366693565e-01  -3.664164093546e-02  -5.957929619303e-02  -2.247724922291e-02  -5.147821537210e-03   4.880893755626e-02   1.239444538607e-01  -3.183274326821e-02  -3.637862226148e-02  -5.914232879219e-02  -2.231090845231e-02  -5.109605156926e-03   4.949840568636e-02  -8.904668883759e-02  -9.076873285538e-02
   2.176090964343e-21  -5.979591429760e-21  -2.345118483486e-39   1.000000000000e+00  -1.832123815223e-41  -2.019914064476e-22   0.000000000000e+00   6.291202128136e-01   0.000000000000e+00  -6.932207571853e-22  -1.147096984955e-40   2.202302509580e-01   0.000000000000e+00   0.000000000000e+00   0.000000000000e+00   5.734990148843e-02   0.000000000000e+00   2.252255287665e-19   1.544834006392e-21   2.031781557215e-21  -5.391542041161e-60   3.519148886977e-21   2.036688193262e-04   3.313857963927e-04   1.250559076212e-04   2.864361556035e-05  -7.559748879549e-04   9.460750104036e-02   7.229436212549e-07  -2.755778437220e-02  -4.479766629350e-02  -1.689883632251e-02  -3.870087010578e-03  -3.416930855484e-02   6.877969465273e-02   9.278586936886e-02   9.899139221953e-02   1.609599714160e-01   6.072474204309e-02   1.390740173901e-02   1.239444538607e-01  -2.401625214690e-01   8.599963030689e-02  -7.165696233602e-02  -1.164958803625e-01  -4.394701688146e-02  -1.006466879504e-02  -8.904668883759e-02  -8.069473468803e-02  -1.787921385465e-01
  -1.603823927446e-21   6.291486695000e-22   1.172559241743e-39  -1.832123815223e-41   1.000000000000e+00   3.825476234001e-21   2.084990405473e-39   0.000000000000e+00   6.291202128136e-01  -1.453680495837e-21   0.000000000000e+00   0.000000000000e+00   2.202302509580e-01  -1.624647206659e-22   0.000000000000e+00   0.000000000000e+00   5.734990148843e-02  -5.391542041161e-60  -3.519148886977e-21   1.783820658888e-21   2.252255287665e-19   0.000000000000e+00  -1.037351533848e-04  -1.687855634067e-04  -6.369504081029e-05  -1.458912495039e-05   3.850425961938e-04   7.229436212549e-07   9.460855221585e-02   9.858472175689e-02   1.602583650142e-01   6.045359287122e-02   1.384477960781e-02   1.222366693565e-01   9.278586936886e-02  -2.372139964211e-01  -2.542403049215e-02  -4.133946527614e-02  -1.559597919289e-02  -3.571847995583e-03  -3.183274326821e-02   8.599963030689e-02   7.259960155507e-02  -7.304271227164e-02  -1.187487550791e-01  -4.479689348561e-02  -1.025930604563e-02  -9.076873285538e-02  -1.787921385465e-01  -8.754434013055e-02
   3.291794955376e-01   4.187995882560e-01   2.448304789760e-19  -2.019914064476e-22   3.825476234001e-21   1.000000000000e+00   3.015426462366e-19   0.000000000000e+00   2.355801923724e-21   7.746967835845e-01   0.000000000000e+00   0.000000000000e+00  -1.001498638210e-21   4.100964372946e-01   3.722145245234e-20   0.000000000000e+00   2.907925972839e-22   0.000000000000e+00   0.000000000000e+00   0.000000000000e+00   0.000000000000e+00   0.000000000000e+00   1.893106426580e-01   4.280814097651e-01   4.641261621400e-01   3.143829878816e-01  -3.898454933485e-01  -7.319613868110e-04   3.728117390959e-04   1.894588491169e-01   4.282687999083e-01   4.642145934281e-01   3.144066720131e-01   1.303627253380e-01   9.895409346025e-02  -3.539965927131e-01   1.894181404221e-01   4.282173349295e-01   4.641903087652e-01   3.144001682389e-01   1.316034052930e-01  -3.555409631825e-01   9.131384140061e-02   1.894435560457e-01   4.282494665931e-01   4.642054708537e-01   3.144042288835e-01   1.306394400737e-01   2.573276516542e-01   2.623040247112e-01
   4.945741048850e-20  -1.221629853203e-19   6.291202128136e-01   0.000000000000e+00   2.084990405473e-39   3.015426462366e-19   1.000000000000e+00   0.000000000000e+00   7.103747460889e-40   0.000000000000e+00   6.534608721805e-01   0.000000000000e+00   0.000000000000e+00   1.236615649140e-19   2.263653730943e-01   0.000000000000e+00   8.768636929101e-41  -5.250991894521e-21   0.000000000000e+00   0.000000000000e+00   0.000000000000e+00   0.000000000000e+00   3.888724808906e-01   4.917707013212e-01   2.321002060827e-01   6.216587493086e-02  -4.030822251313e-01  -1.269886926675e-03   6.467947109225e-04  -1.300537225712e-01  -1.644093782574e-01  -7.757684862669e-02  -2.077584204187e-02   1.978656556327e-01  -5.736995553558e-02   2.052342462402e-01  -1.312869238975e-01  -1.659842622080e-01  -7.832527548094e-02  -2.097694156821e-02   1.963566034796e-01   2.081291502163e-01  -5.345395940758e-02  -1.303280892574e-01  -1.647621571897e-01  -7.774528984272e-02  -2.082119963319e-02   1.975206399506e-01  -1.495160082148e-01  -1.524074480973e-01
  -1.332903055069e-23  -8.738415439206e-23   0.000000000000e+00   6.291202128136e-01   0.000000000000e+00   0.000000000000e+00   0.000000000000e+00   1.000000000000e+00   0.000000000000e+00   0.000000000000e+00   0.000000000000e+00   6.534608721805e-01   0.000000000000e+00   0.000000000000e+00   0.000000000000e+00   2.263653730943e-01   0.000000000000e+00   0.000000000000e+00   0.000000000000e+00   3.031661583814e-21   0.000000000000e+00   5.250991894521e-21   7.301344898473e-04   9.233328861653e-04   4.357838980366e-04   1.167206516506e-04  -1.269886926675e-03   2.732621273607e-01   1.214400991332e-06  -9.871953953707e-02  -1.247977973738e-01  -5.888605588335e-02  -1.577026415946e-02  -5.736995553558e-02   2.298975221104e-01   1.557866232932e-01   3.546859541504e-01   4.484246006189e-01   2.116042804822e-01   5.667149716365e-02   2.081291502163e-01  -2.888880551581e-01   1.444117055435e-01  -2.567143669190e-01  -3.245410342174e-01  -1.531391504060e-01  -4.101265592694e-02  -1.495160082148e-01  -2.108331826315e-02  -3.002052878622e-01
   5.803412111058e-23  -1.908796645630e-21   2.084990405473e-39   0.000000000000e+00   6.291202128136e-01   2.355801923724e-21   7.103747460889e-40   0.000000000000e+00   1.000000000000e+00  -1.825032173071e-21   0.000000000000e+00   0.000000000000e+00   6.534608721805e-01   9.661059758908e-22   8.768636929101e-41   0.000000000000e+00   2.263653730943e-01   0.000000000000e+00  -5.250991894521e-21   0.000000000000e+00   0.000000000000e+00   0.000000000000e+00  -3.718812410580e-04  -4.702834674865e-04  -2.219589118011e-04  -5.944962386590e-05   6.467947109225e-04   1.214400991332e-06   2.732638931257e-01   3.531575037305e-01   4.464493938917e-01   2.106579163337e-01   5.641625913007e-02   2.052342462402e-01   1.557866232932e-01  -2.838630774903e-01  -9.109424881567e-02  -1.151692128370e-01  -5.434647961430e-02  -1.455498139403e-02  -5.345395940758e-02   1.444117055435e-01   2.363061980514e-01  -2.616788798684e-01  -3.308172243127e-01  -1.561006570188e-01  -4.180578590981e-02  -1.524074480973e-01  -3.002052878622e-01  -3.258431484125e-02
   1.537612665257e-01   1.871454501484e-01   4.436612845986e-20  -6.932207571853e-22  -1.453680495837e-21   7.746967835845e-01   0.000000000000e+00   0.000000000000e+00  -1.825032173071e-21   1.000000000000e+00   0.000000000000e+00   2.585524193289e-21  -1.292762096644e-21   7.744077347687e-01   0.000000000000e+00   1.098239419175e-21   0.000000000000e+00   0.000000000000e+00   0.000000000000e+00   0.000000000000e+00   0.000000000000e+00   0.000000000000e+00   2.675045364022e-01   5.814909047376e-01   7.586334336250e-01   6.305498059992e-01  -2.191870542955e-01  -4.115385786690e-04   2.096099821427e-04   2.675829029305e-01   5.816224792755e-01   7.587361810609e-01   6.305907267910e-01   7.326690013786e-02   5.561451454002e-02  -1.989543632217e-01   2.675613814128e-01   5.815863463097e-01   7.587079655158e-01   6.305794897913e-01   7.397204825472e-02  -1.998435619999e-01   5.132596582416e-02   2.675748182652e-01   5.816089058247e-01   7.587255818941e-01   6.305865056387e-01   7.342535000997e-02   1.446299285981e-01   1.474268782274e-01
  -1.216183374294e-20   2.990830566606e-20   2.202302509580e-01  -1.147096984955e-40   0.000000000000e+00   0.000000000000e+00   6.534608721805e-01   0.000000000000e+00   0.000000000000e+00   0.000000000000e+00   1.000000000000e+00   0.000000000000e+00   0.000000000000e+00   0.000000000000e+00   6.530545656898e-01   0.000000000000e+00   0.000000000000e+00   0.000000000000e+00   0.000000000000e+00   0.000000000000e+00   0.000000000000e+00   0.000000000000e+00   3.747986933318e-01   6.292943479166e-01   4.914424772943e-01   1.957316442293e-01  -7.421922708837e-03  -5.396151363322e-04   2.748435382568e-04  -1.252850429080e-01  -2.103419792278e-01  -1.642499988596e-01  -6.541285365418e-02   2.479522528157e-01  -2.436888106939e-02   8.717679648354e-02  -1.264901740552e-01  -2.123691811982e-01  -1.658371181575e-01  -6.604620592209e-02   2.473077795668e-01   8.841584814980e-02  -2.270790589918e-02  -1.255557435053e-01  -2.107979140517e-01  -1.646075672624e-01  -6.555573286176e-02   2.478044147362e-01  -6.351204517233e-02  -6.474028328959e-02
   3.713690197164e-22  -4.673172760322e-22  -1.147096984955e-40   2.202302509580e-01   0.000000000000e+00   0.000000000000e+00   0.000000000000e+00   6.534608721805e-01   0.000000000000e+00   2.585524193289e-21   0.000000000000e+00   1.000000000000e+00  -3.342467677040e-42   2.002249933714e-21   0.000000000000e+00   6.530545656898e-01   0.000000000000e+00   0.000000000000e+00   0.000000000000e+00   0.000000000000e+00   0.000000000000e+00   0.000000000000e+00   7.037099980038e-04   1.181542871400e-03   9.227166232664e-04   3.674994534945e-04  -5.396151363322e-04   2.799781932472e-01   5.160374067441e-07  -9.509979031929e-02  -1.596637368324e-01  -1.246768176706e-01  -4.965276398769e-02  -2.436888106939e-02   2.615583422285e-01   6.617306323133e-02   3.417270109127e-01   5.737385219281e-01   4.480270749064e-01   1.784310338765e-01   8.841584814980e-02   4.116982143340e-02   6.134788622893e-02  -2.473140164233e-01  -4.152201828631e-01  -3.242365299808e-01  -1.291287131992e-01  -6.351204517233e-02   1.549448966505e-01  -1.275224775683e-01
  -2.618722935715e-22   1.705605329280e-24   0.000000000000e+00   0.000000000000e+00   2.202302509580e-01  -1.001498638210e-21   0.000000000000e+00   0.000000000000e+00   6.534608721805e-01  -1.292762096644e-21   0.000000000000e+00  -3.342467677040e-42   1.000000000000e+00   0.000000000000e+00   0.000000000000e+00   0.000000000000e+00   6.530545656898e-01   0.000000000000e+00   0.000000000000e+00   0.000000000000e+00   0.000000000000e+00   0.000000000000e+00  -3.584223879868e-04  -6.017982104521e-04  -4.699695847500e-04  -1.871794234543e-04   2.748435382568e-04   5.160374067441e-07   2.799789435766e-01   3.402082780364e-01   5.711781781037e-01   4.460166032791e-01   1.776269041108e-01   8.717679648354e-02   6.617306323133e-02   4.332963988891e-02  -8.776599409946e-02  -1.473536774154e-01  -1.150671160223e-01  -4.582657081902e-02  -2.270790589918e-02   6.134788622893e-02   2.642788635482e-01  -2.520967391507e-01  -4.232499865683e-01  -3.305068313709e-01  -1.316258900285e-01  -6.474028328959e-02  -1.275224775683e-01   1.500594544633e-01
   6.556249676812e-02   7.831571041382e-02   0.000000000000e+00   0.000000000000e+00  -1.624647206659e-22   4.100964372946e-01   1.236615649140e-19   0.000000000000e+00   9.661059758908e-22   7.744077347687e-01   0.000000000000e+00   2.002249933714e-21   0.000000000000e+00   1.000000000000e+00   0.000000000000e+00   0.000000000000e+00   0.000000000000e+00   0.000000000000e+00   0.000000000000e+00   0.000000000000e+00   0.000000000000e+00   0.000000000000e+00   1.765291769927e-01   4.417176433543e-01   7.697953286692e-01   9.135808213882e-01  -5.083622840634e-02  -9.544847094405e-05   4.861501041978e-05   1.765459648714e-01   4.417559906307e-01   7.698484807648e-01   9.136214097685e-01   1.698977390241e-02   1.289638330473e-02  -4.613528949189e-02   1.765413548078e-01   4.417454602440e-01   7.698338849822e-01   9.136102641329e-01   1.715414278786e-02  -4.634378902118e-02   1.190250868058e-02   1.765442331074e-01   4.417520349084e-01   7.698429978917e-01   9.136172229442e-01   1.702683468088e-02   3.353868771224e-02   3.418728113321e-02
   2.567311674493e-21   0.000000000000e+00   5.734990148843e-02   0.000000000000e+00   0.000000000000e+00   3.722145245234e-20   2.263653730943e-01   0.000000000000e+00   8.768636929101e-41   0.000000000000e+00   6.530545656898e-01   0.000000000000e+00   0.000000000000e+00   0.000000000000e+00   1.000000000000e+00   0.000000000000e+00   0.000000000000e+00   0.000000000000e+00   0.000000000000e+00   0.000000000000e+00   4.608081454312e-22   0.000000000000e+00   1.463954361259e-01   3.344013633496e-01   4.635085678665e-01   3.539520571589e-01   7.713764130545e-02  -7.744921170200e-05   3.944740231725e-05  -4.892633756848e-02  -1.117582540792e-01  -1.549036388855e-01  -1.182871595116e-01   1.137915023635e-01  -3.496953253798e-03   1.250993762293e-02  -4.939965133837e-02  -1.128396611813e-01  -1.564032969400e-01  -1.194331323017e-01   1.136987863570e-01   1.268837338021e-02  -3.258764065050e-03  -4.903305302967e-02  -1.120021108736e-01  -1.552419235058e-01  -1.185457806636e-01   1.137702010499e-01  -9.114197768115e-03  -9.290454178639e-03
  -5.809022350265e-24   0.000000000000e+00   0.000000000000e+00   5.734990148843e-02   0.000000000000e+00   0.000000000000e+00   0.000000000000e+00   2.263653730943e-01   0.000000000000e+00   1.098239419175e-21   0.000000000000e+00   6.530545656898e-01   0.000000000000e+00   0.000000000000e+00   0.000000000000e+00   1.000000000000e+00   0.000000000000e+00   0.000000000000e+00   4.608081454312e-22   0.000000000000e+00   0.000000000000e+00   0.000000000000e+00   2.748673725304e-04   6.278612677203e-04   8.702688114211e-04   6.645690229668e-04  -7.744921170200e-05   1.183872485258e-01   7.406517658629e-08  -3.713838727956e-02  -8.483204605029e-02  -1.175823006144e-01  -8.978792524563e-02  -3.496953253798e-03   1.157439867024e-01   9.495885679840e-03   1.334585497892e-01   3.048486605060e-01   4.225405772380e-01   3.226616423785e-01   1.268837338021e-02   8.411635927670e-02   8.803906797802e-03  -9.658308687210e-02  -2.206166847864e-01  -3.057885091324e-01  -2.335061091388e-01  -9.114197768115e-03   1.004445395917e-01  -1.829991582359e-02
   3.237858556785e-24  -5.595165859431e-23   0.000000000000e+00   0.000000000000e+00   5.734990148843e-02   2.907925972839e-22   8.768636929101e-41   0.000000000000e+00   2.263653730943e-01   0.000000000000e+00   0.000000000000e+00   0.000000000000e+00   6.530545656898e-01   0.000000000000e+00   0.000000000000e+00   0.000000000000e+00   1.000000000000e+00   0.000000000000e+00   0.000000000000e+00   5.320954136190e-22   0.000000000000e+00   0.000000000000e+00  -1.399988920457e-04  -3.197901629067e-04  -4.432562084734e-04  -3.384866164607e-04   3.944740231725e-05   7.406517658629e-08   1.183873562181e-01   1.328581981412e-01   3.034766345139e-01   4.206368056679e-01   3.212057075385e-01   1.250993762293e-02   9.495885679840e-03   8.442799937636e-02  -3.427625537132e-02  -7.829450082898e-02  -1.085214004875e-01  -8.286942178050e-02  -3.258764065050e-03   8.803906797802e-03   1.161342711114e-01  -9.845087476111e-02  -2.248831167809e-01  -3.117020504413e-01  -2.380218053832e-01  -9.290454178639e-03  -1.829991582359e-02   9.974346177004e-02
   0.000000000000e+00   4.893323933407e-42  -3.519148886977e-21   2.252255287665e-19  -5.391542041161e-60   0.000000000000e+00  -5.250991894521e-21   0.000000000000e+00   0.000000000000e+00   0.000000000000e+00   0.000000000000e+00   0.000000000000e+00   0.000000000000e+00   0.000000000000e+00   0.000000000000e+00   0.000000000000e+00   0.000000000000e+00   1.000000000000e+00   0.000000000000e+00   0.000000000000e+00  -1.437225514873e-41   0.000000000000e+00   1.343805052963e-03   8.698757418681e-04   1.575424863049e-04   1.549018704645e-05  -1.464630988050e-03   4.165158980247e-01   2.148510430577e-06   6.072699642445e-02   3.929152527438e-02   7.114039788948e-03   6.993946709987e-04  -7.181424081061e-02  -1.135484144842e-01  -9.211397321365e-02  -2.202904042845e-01  -1.425504680512e-01  -2.581189233563e-02  -2.537700764694e-03   2.556442661887e-01   1.950649759891e-01  -8.621396105517e-02   1.582602972840e-01   1.024023900377e-01   1.854130038506e-02   1.822853135146e-03  -1.863621312536e-01   3.492672395922e-02   1.778932293100e-01
  -2.585822157300e-42   3.822909322974e-44  -5.391542041161e-60   1.544834006392e-21  -3.519148886977e-21   0.000000000000e+00   0.000000000000e+00   0.000000000000e+00  -5.250991894521e-21   0.000000000000e+00   0.000000000000e+00   0.000000000000e+00   0.000000000000e+00   0.000000000000e+00   0.000000000000e+00   4.608081454312e-22   0.000000000000e+00   0.000000000000e+00   1.000000000000e+00  -8.297825378979e-42   0.000000000000e+00   1.437225514873e-41  -1.285089368348e-06  -8.318677364656e-07  -1.506588874385e-07  -1.481336496186e-08   2.148510430577e-06  -3.983168176959e-04   7.820427481696e-04  -1.649025805822e-01  -1.066951157516e-01  -1.931799016310e-02  -1.899188052823e-03  -9.211397321365e-02   3.083377685698e-01   1.443969833493e-01  -1.528498673278e-01  -9.890952899154e-02  -1.790974205978e-02  -1.760799461334e-03  -8.621396105517e-02   1.353470469904e-01   3.200775248051e-01   3.177624835666e-01   2.056083448594e-01   3.722809674962e-02   3.660010434339e-03   1.778932293100e-01   7.012752243357e-02   8.222128772751e-02
   0.000000000000e+00   0.000000000000e+00  -1.300340196617e-19   2.031781557215e-21   1.783820658888e-21   0.000000000000e+00   0.000000000000e+00   3.031661583814e-21   0.000000000000e+00   0.000000000000e+00   0.000000000000e+00   0.000000000000e+00   0.000000000000e+00   0.000000000000e+00   0.000000000000e+00   0.000000000000e+00   5.320954136190e-22   0.000000000000e+00  -8.297825378979e-42   1.000000000000e+00   0.000000000000e+00   0.000000000000e+00  -2.066097109931e-01  -1.337431908230e-01  -2.422212023450e-02  -2.381612616979e-03   1.049478734230e-01   1.970467589962e-04  -7.902742755033e-04   3.041888392576e-01   1.968159825053e-01   3.563508214216e-02   3.503352144523e-03   2.503421574624e-01   1.900265676585e-01  -2.463471394482e-02  -1.726756303631e-01  -1.117388295202e-01  -2.023276862374e-02  -1.989188229236e-03  -1.621012571756e-02   4.379342387152e-02  -1.802426175224e-01   7.382463158180e-02   4.776825803669e-02   8.649071772678e-03   8.503172522693e-04   1.219225252969e-01   2.401574677655e-01  -2.406548148312e-01
   0.000000000000e+00  -2.446661966703e-42   1.544834006392e-21  -5.391542041161e-60   2.252255287665e-19   0.000000000000e+00   0.000000000000e+00   0.000000000000e+00   0.000000000000e+00   0.000000000000e+00   0.000000000000e+00   0.000000000000e+00   0.000000000000e+00   0.000000000000e+00   4.608081454312e-22   0.000000000000e+00   0.000000000000e+00  -1.437225514873e-41   0.000000000000e+00   0.000000000000e+00   1.000000000000e+00   0.000000000000e+00  -6.844436166004e-04  -4.430560053667e-04  -8.024151185995e-05  -7.889656033451e-06   7.459841948322e-04   2.148510430577e-06   4.165190220049e-01  -2.172436638874e-01  -1.405607952461e-01  -2.544963788410e-02  -2.502001906518e-03   2.569069723776e-01  -9.211397321365e-02   1.902294652172e-01   5.657734304047e-02   3.661133928055e-02   6.629286881286e-03   6.517595133773e-04  -6.565730083189e-02  -8.621396105517e-02  -1.184766217795e-01   1.613208400369e-01   1.043827154767e-01   1.889986436792e-02   1.858104679899e-03  -1.899661259384e-01   1.778932293100e-01   4.174189179364e-02
   0.000000000000e+00   0.000000000000e+00   2.252255287665e-19   3.519148886977e-21   0.000000000000e+00   0.000000000000e+00   0.000000000000e+00   5.250991894521e-21   0.000000000000e+00   0.000000000000e+00   0.000000000000e+00   0.000000000000e+00   0.000000000000e+00   0.000000000000e+00   0.000000000000e+00   0.000000000000e+00   0.000000000000e+00   0.000000000000e+00   1.437225514873e-41   0.000000000000e+00   0.000000000000e+00   1.000000000000e+00   3.578566482297e-01   2.316487921183e-01   4.195372385195e-02   4.125052517605e-03  -1.817719249349e-01  -1.905378738171e-03   5.721505062641e-04   1.695311616420e-02   1.096898960043e-02   1.986021869019e-03   1.952495562138e-04  -1.298274563000e-01   1.129244458125e-01  -2.571539809613e-02  -2.567990642280e-01  -1.661753126275e-01  -3.008968919583e-02  -2.958273120342e-03  -2.854648364287e-01   1.141917656647e-02  -1.005021739111e-01  -1.156943922843e-01  -7.486010381117e-02  -1.355440699294e-02  -1.332576074439e-03  -2.043608405669e-01   1.473815170058e-01  -1.300468241860e-01
   1.206608261997e-02   1.095951694927e-02   1.084748086178e-01   2.036688193262e-04  -1.037351533848e-04   1.893106426580e-01   3.888724808906e-01   7.301344898473e-04  -3.718812410580e-04   2.675045364022e-01   3.747986933318e-01   7.037099980038e-04  -3.584223879868e-04   1.765291769927e-01   1.463954361259e-01   2.748673725304e-04  -1.399988920457e-04   1.343805052963e-03  -1.285089368348e-06  -2.066097109931e-01  -6.844436166004e-04   3.578566482297e-01   1.000000000000e+00   7.063772200372e-01   3.736639626622e-01   1.837659445759e-01   8.010668114455e-17  -6.149505613059e-19  -3.450853666445e-19   1.082353331293e-03   3.883637803547e-02   1.286380220021e-01   1.240207116571e-01   1.445033800999e-02   2.767720200449e-03  -9.838801238414e-03   1.082165455794e-03   3.883339614868e-02   1.286343785667e-01   1.240194161599e-01   1.448346128086e-02  -9.851426622088e-03   2.525014870358e-03   1.082294021649e-03   3.883543672713e-02   1.286368718783e-01   1.240203027098e-01   1.445764216079e-02   7.165017343220e-03   7.272493829366e-03
   7.483151331030e-02   8.969607338944e-02   1.764973694121e-01   3.313857963927e-04  -1.687855634067e-04   4.280814097651e-01   4.917707013212e-01   9.233328861653e-04  -4.702834674865e-04   5.814909047376e-01   6.292943479166e-01   1.181542871400e-03  -6.017982104521e-04   4.417176433543e-01   3.344013633496e-01   6.278612677203e-04  -3.197901629067e-04   8.698757418681e-04  -8.318677364656e-07  -1.337431908230e-01  -4.430560053667e-04   2.316487921183e-01   7.063772200372e-01   1.000000000000e+00   7.889632276872e-01   4.631805400595e-01   6.776470564846e-16   6.617647035983e-19  -3.308823517991e-19   3.883637803547e-02   1.601570842254e-01   3.278525523733e-01   3.217129412502e-01   9.841575967297e-02   1.884989028638e-02  -6.700833554763e-02   3.883339614868e-02   1.601492915830e-01   3.278449040977e-01   3.217098264406e-01   9.864818614845e-02  -6.709897229660e-02   1.719810838917e-02   3.883543672713e-02   1.601546243036e-01   3.278501380451e-01   3.217119580040e-01   9.846765961832e-02   4.879927730019e-02   4.953127480968e-02
   7.947916834069e-02   9.548995823989e-02   6.660526481479e-02   1.250559076212e-04  -6.369504081029e-05   4.641261621400e-01   2.321002060827e-01   4.357838980366e-04  -2.219589118011e-04   7.586334336250e-01   4.914424772943e-01   9.227166232664e-04  -4.699695847500e-04   7.697953286692e-01   4.635085678665e-01   8.702688114211e-04  -4.432562084734e-04   1.575424863049e-04  -1.506588874385e-07  -2.422212023450e-02  -8.024151185995e-05   4.195372385195e-02   3.736639626622e-01   7.889632276872e-01   1.000000000000e+00   8.208664008791e-01   0.000000000000e+00   0.000000000000e+00  -1.972985810621e-19   1.286380220021e-01   3.278525523733e-01   5.612863705394e-01   6.082906304081e-01   1.086578338300e-01   2.081158803485e-02  -7.398185629367e-02   1.286343785667e-01   3.278449040977e-01   5.612777592196e-01   6.082857872837e-01   1.089188984369e-01  -7.408495213281e-02   1.898868184083e-02   1.286368718783e-01   3.278501380451e-01   5.612836522148e-01   6.082891015889e-01   1.087165369877e-01   5.387848615622e-02   5.468667266765e-02
   4.891253615251e-02   5.829299382654e-02   1.525570151735e-02   2.864361556035e-05  -1.458912495039e-05   3.143829878816e-01   6.216587493086e-02   1.167206516506e-04  -5.944962386590e-05   6.305498059992e-01   1.957316442293e-01   3.674994534945e-04  -1.871794234543e-04   9.135808213882e-01   3.539520571589e-01   6.645690229668e-04  -3.384866164607e-04   1.549018704645e-05  -1.481336496186e-08  -2.381612616979e-03  -7.889656033451e-06   4.125052517605e-03   1.837659445759e-01   4.631805400595e-01   8.208664008791e-01   1.000000000000e+00   0.000000000000e+00   0.000000000000e+00   0.000000000000e+00   1.240207116571e-01   3.217129412502e-01   6.082906304081e-01   8.167992632915e-01   3.990242965041e-02   7.642642027757e-03  -2.716836616478e-02   1.240194161599e-01   3.217098264406e-01   6.082857872837e-01   8.167948723118e-01   3.999896954491e-02  -2.720668117858e-02   6.973332613062e-03   1.240203027098e-01   3.217119580040e-01   6.082891015889e-01   8.167978772011e-01   3.992419803963e-02   1.978590756270e-02   2.008269956169e-02
  -8.929228603051e-02  -1.074404322453e-01  -3.080262574099e-01  -7.559748879549e-04   3.850425961938e-04  -3.898454933485e-01  -4.030822251313e-01  -1.269886926675e-03   6.467947109225e-04  -2.191870542955e-01  -7.421922708837e-03  -5.396151363322e-04   2.748435382568e-04  -5.083622840634e-02   7.713764130545e-02  -7.744921170200e-05   3.944740231725e-05  -1.464630988050e-03   2.148510430577e-06   1.049478734230e-01   7.459841948322e-04  -1.817719249349e-01   8.010668114455e-17   6.776470564846e-16   0.000000000000e+00   0.000000000000e+00   1.000000000000e+00   0.000000000000e+00   0.000000000000e+00  -1.445033800999e-02  -9.841575967297e-02  -1.086578338300e-01  -3.990242965041e-02  -6.819087125174e-02  -1.588774040286e-02   5.647836798168e-02  -1.448346128086e-02  -9.864818614845e-02  -1.089188984369e-01  -3.999896954491e-02  -6.858676487151e-02   5.668966860670e-02  -1.453010429034e-02  -1.445764216079e-02  -9.846765961832e-02  -1.087165369877e-01  -3.992419803963e-02  -6.827952530507e-02  -4.115275476832e-02  -4.177005313144e-02
  -1.676523305503e-04  -2.017267074460e-04  -7.559748879549e-04   9.460750104036e-02   7.229436212549e-07  -7.319613868110e-04  -1.269886926675e-03   2.732621273607e-01   1.214400991332e-06  -4.115385786690e-04  -5.396151363322e-04   2.799781932472e-01   5.160374067441e-07  -9.544847094405e-05  -7.744921170200e-05   1.183872485258e-01   7.406517658629e-08   4.165158980247e-01  -3.983168176959e-04   1.970467589962e-04   2.148510430577e-06  -1.905378738171e-03  -6.149505613059e-19   6.617647035983e-19   0.000000000000e+00   0.000000000000e+00   0.000000000000e+00   1.000000000000e+00   0.000000000000e+00  -2.767720200449e-03  -1.884989028638e-02  -2.081158803485e-02  -7.642642027757e-03  -1.588774040286e-02   1.171639750715e-02   1.081748536562e-02   9.851426622088e-03   6.709897229661e-02   7.408495213281e-02   2.720668117858e-02   5.668966860670e-02  -2.380166170023e-02   9.883152476591e-03  -7.165017343220e-03  -4.879927730019e-02  -5.387848615622e-02  -1.978590756270e-02  -4.115275476832e-02  -5.635857854954e-03  -2.070068907402e-02
   8.539078432572e-05   1.027459726430e-04   3.850425961938e-04   7.229436212549e-07   9.460855221585e-02   3.728117390959e-04   6.467947109225e-04   1.214400991332e-06   2.732638931257e-01   2.096099821427e-04   2.748435382568e-04   5.160374067441e-07   2.799789435766e-01   4.861501041978e-05   3.944740231725e-05   7.406517658629e-08   1.183873562181e-01   2.148510430577e-06   7.820427481696e-04  -7.902742755033e-04   4.165190220049e-01   5.721505062641e-04  -3.450853666445e-19  -3.308823517991e-19  -1.972985810621e-19   0.000000000000e+00   0.000000000000e+00   0.000000000000e+00   1.000000000000e+00   9.838801238414e-03   6.700833554763e-02   7.398185629367e-02   2.716836616478e-02   5.647836798168e-02   1.081748536562e-02  -2.369499677551e-02  -2.525014870358e-03  -1.719810838917e-02  -1.898868184083e-02  -6.973332613062e-03  -1.453010429034e-02   9.883152476591e-03   1.222462863121e-02  -7.272493829366e-03  -4.953127480968e-02  -5.468667266765e-02  -2.008269956169e-02  -4.177005313144e-02  -2.070068907402e-02  -6.252296684695e-03
   1.208780225472e-02   1.098277713254e-02  -3.630479295411e-02  -2.755778437220e-02   9.858472175689e-02   1.894588491169e-01  -1.300537225712e-01  -9.871953953707e-02   3.531575037305e-01   2.675829029305e-01  -1.252850429080e-01  -9.509979031929e-02   3.402082780364e-01   1.765459648714e-01  -4.892633756848e-02  -3.713838727956e-02   1.328581981412e-01   6.072699642445e-02  -1.649025805822e-01   3.041888392576e-01  -2.172436638874e-01   1.695311616420e-02   1.082353331293e-03   3.883637803547e-02   1.286380220021e-01   1.240207116571e-01  -1.445033800999e-02  -2.767720200449e-03   9.838801238414e-03   1.000000000000e+00   7.063772200372e-01   3.736639626622e-01   1.837659445759e-01   7.703062584890e-19   1.581976499528e-16  -2.778825718503e-16   1.108026476712e-03   3.924116500656e-02   1.291309786576e-01   1.241957791522e-01   3.576605352819e-05  -1.285641512381e-02   1.259528783587e-02   1.108130666713e-03   3.924279702677e-02   1.291329596290e-01   1.241964818178e-01   8.078905231121e-06   4.480145365862e-03   1.743277513599e-02
   7.488119130904e-02   8.975781890168e-02  -5.901671838515e-02  -4.479766629350e-02   1.602583650142e-01   4.282687999083e-01  -1.644093782574e-01  -1.247977973738e-01   4.464493938917e-01   5.816224792755e-01  -2.103419792278e-01  -1.596637368324e-01   5.711781781037e-01   4.417559906307e-01  -1.117582540792e-01  -8.483204605029e-02   3.034766345139e-01   3.929152527438e-02  -1.066951157516e-01   1.968159825053e-01  -1.405607952461e-01   1.096898960043e-02   3.883637803547e-02   1.601570842254e-01   3.278525523733e-01   3.217129412502e-01  -9.841575967297e-02  -1.884989028638e-02   6.700833554763e-02   7.063772200372e-01   1.000000000000e+00   7.889632276872e-01   4.631805400595e-01  -1.694117641212e-16   0.000000000000e+00   3.388235282423e-16   3.924116500656e-02   1.612128883008e-01   3.288870113966e-01   3.221338403432e-01   2.413197887096e-04  -8.674447066957e-02   8.498259940513e-02   3.924279702677e-02   1.612171369483e-01   3.288911670140e-01   3.221355296115e-01   5.450773349228e-05   3.022718581577e-02   1.176175526213e-01
   7.949693103784e-02   9.551157879374e-02  -2.226262988229e-02  -1.689883632251e-02   6.045359287122e-02   4.642145934281e-01  -7.757684862669e-02  -5.888605588335e-02   2.106579163337e-01   7.587361810609e-01  -1.642499988596e-01  -1.246768176706e-01   4.460166032791e-01   7.698484807648e-01  -1.549036388855e-01  -1.175823006144e-01   4.206368056679e-01   7.114039788948e-03  -1.931799016310e-02   3.563508214216e-02  -2.544963788410e-02   1.986021869019e-03   1.286380220021e-01   3.278525523733e-01   5.612863705394e-01   6.082906304081e-01  -1.086578338300e-01  -2.081158803485e-02   7.398185629367e-02   3.736639626622e-01   7.889632276872e-01   1.000000000000e+00   8.208664008791e-01  -1.010168735038e-16   0.000000000000e+00   0.000000000000e+00   1.291309786576e-01   3.288870113966e-01   5.624504522049e-01   6.089449972458e-01   2.649679808044e-04  -9.524501642473e-02   9.331049015206e-02   1.291329596290e-01   3.288911670140e-01   5.624551260109e-01   6.089476232250e-01   5.984790797252e-05   3.318857195238e-02   1.291406560910e-01
   4.891644815746e-02   5.829767894993e-02  -5.098476195900e-03  -3.870087010578e-03   1.384477960781e-02   3.144066720131e-01  -2.077584204187e-02  -1.577026415946e-02   5.641625913007e-02   6.305907267910e-01  -6.541285365418e-02  -4.965276398769e-02   1.776269041108e-01   9.136214097685e-01  -1.182871595116e-01  -8.978792524563e-02   3.212057075385e-01   6.993946709987e-04  -1.899188052823e-03   3.503352144523e-03  -2.502001906518e-03   1.952495562138e-04   1.240207116571e-01   3.217129412502e-01   6.082906304081e-01   8.167992632915e-01  -3.990242965041e-02  -7.642642027757e-03   2.716836616478e-02   1.837659445759e-01   4.631805400595e-01   8.208664008791e-01   1.000000000000e+00  -5.198820882407e-17   0.000000000000e+00   0.000000000000e+00   1.241957791522e-01   3.221338403432e-01   6.089449972458e-01   8.173924353504e-01   9.708466472304e-05  -3.489791656359e-02   3.418910324203e-02   1.241964818178e-01   3.221355296115e-01   6.089476232250e-01   8.173948153373e-01   2.192816437232e-05   1.216023225721e-02   4.731690095521e-02
   2.988013123833e-02   3.595663257899e-02   4.970164728376e-02  -3.416930855484e-02   1.222366693565e-01   1.303627253380e-01   1.978656556327e-01  -5.736995553558e-02   2.052342462402e-01   7.326690013786e-02   2.479522528157e-01  -2.436888106939e-02   8.717679648354e-02   1.698977390241e-02   1.137915023635e-01  -3.496953253798e-03   1.250993762293e-02  -7.181424081061e-02  -9.211397321365e-02   2.503421574624e-01   2.569069723776e-01  -1.298274563000e-01   1.445033800999e-02   9.841575967297e-02   1.086578338300e-01   3.990242965041e-02  -6.819087125174e-02  -1.588774040286e-02   5.647836798168e-02   7.703062584890e-19  -1.694117641212e-16  -1.010168735038e-16  -5.198820882407e-17   1.000000000000e+00   0.000000000000e+00   0.000000000000e+00  -3.576605352819e-05  -2.413197887096e-04  -2.649679808044e-04  -9.708466472304e-05   1.498384893779e-02   1.787040238010e-04  -1.750743574725e-04  -8.078905231120e-06  -5.450773349229e-05  -5.984790797252e-05  -2.192816437235e-05   1.498522969929e-02  -1.406532792988e-05  -5.472985338465e-05
   2.268103318258e-02   2.729350718553e-02  -3.416930855484e-02   6.877969465273e-02   9.278586936886e-02   9.895409346025e-02  -5.736995553558e-02   2.298975221104e-01   1.557866232932e-01   5.561451454002e-02  -2.436888106939e-02   2.615583422285e-01   6.617306323133e-02   1.289638330473e-02  -3.496953253798e-03   1.157439867024e-01   9.495885679840e-03  -1.135484144842e-01   3.083377685698e-01   1.900265676585e-01  -9.211397321365e-02   1.129244458125e-01   2.767720200449e-03   1.884989028638e-02   2.081158803485e-02   7.642642027757e-03  -1.588774040286e-02   1.171639750715e-02   1.081748536562e-02   1.581976499528e-16   0.000000000000e+00   0.000000000000e+00   0.000000000000e+00   0.000000000000e+00   1.000000000000e+00   0.000000000000e+00   1.285641512381e-02   8.674447066957e-02   9.524501642473e-02   3.489791656359e-02   1.787040238010e-04  -4.925235010100e-02   6.293198145071e-02  -4.480145365862e-03  -3.022718581577e-02  -3.318857195238e-02  -1.216023225721e-02  -1.406532792988e-05   7.185347533100e-03  -3.035036208507e-02
  -8.113871983551e-02  -9.763930130643e-02   1.222366693565e-01   9.278586936886e-02  -2.372139964211e-01  -3.539965927131e-01   2.052342462402e-01   1.557866232932e-01  -2.838630774903e-01  -1.989543632217e-01   8.717679648354e-02   6.617306323133e-02   4.332963988891e-02  -4.613528949189e-02   1.250993762293e-02   9.495885679840e-03   8.442799937636e-02  -9.211397321365e-02   1.443969833493e-01  -2.463471394482e-02   1.902294652172e-01  -2.571539809613e-02  -9.838801238414e-03  -6.700833554763e-02  -7.398185629367e-02  -2.716836616478e-02   5.647836798168e-02   1.081748536562e-02  -2.369499677551e-02  -2.778825718503e-16   3.388235282423e-16   0.000000000000e+00   0.000000000000e+00   0.000000000000e+00   0.000000000000e+00   1.000000000000e+00  -1.259528783587e-02  -8.498259940513e-02  -9.331049015206e-02  -3.418910324203e-02  -1.750743574725e-04   6.293198145071e-02  -4.666942075535e-02  -1.743277513599e-02  -1.176175526213e-01  -1.291406560910e-01  -4.731690095521e-02  -5.472985338465e-05  -3.035036208507e-02  -1.031115909807e-01
   1.208183405009e-02   1.097638503615e-02  -3.664164093546e-02   9.899139221953e-02  -2.542403049215e-02   1.894181404221e-01  -1.312869238975e-01   3.546859541504e-01  -9.109424881567e-02   2.675613814128e-01  -1.264901740552e-01   3.417270109127e-01  -8.776599409946e-02   1.765413548078e-01  -4.939965133837e-02   1.334585497892e-01  -3.427625537132e-02  -2.202904042845e-01  -1.528498673278e-01  -1.726756303631e-01   5.657734304047e-02  -2.567990642280e-01   1.082165455794e-03   3.883339614868e-02   1.286343785667e-01   1.240194161599e-01  -1.448346128086e-02   9.851426622088e-03  -2.525014870358e-03   1.108026476712e-03   3.924116500656e-02   1.291309786576e-01   1.241957791522e-01  -3.576605352819e-05   1.285641512381e-02  -1.259528783587e-02   1.000000000000e+00   7.063772200372e-01   3.736639626622e-01   1.837659445759e-01   7.703062584890e-19  -3.163952999056e-16   3.851531292445e-19   1.107929619553e-03   3.923964777023e-02   1.291291369658e-01   1.241951258841e-01  -2.768583626707e-05   1.733503042671e-02   4.835858347411e-03
   7.486754656880e-02   8.974085952431e-02  -5.957929619303e-02   1.609599714160e-01  -4.133946527614e-02   4.282173349295e-01  -1.659842622080e-01   4.484246006189e-01  -1.151692128370e-01   5.815863463097e-01  -2.123691811982e-01   5.737385219281e-01  -1.473536774154e-01   4.417454602440e-01  -1.128396611813e-01   3.048486605060e-01  -7.829450082898e-02  -1.425504680512e-01  -9.890952899154e-02  -1.117388295202e-01   3.661133928055e-02  -1.661753126275e-01   3.883339614868e-02   1.601492915830e-01   3.278449040977e-01   3.217098264406e-01  -9.864818614845e-02   6.709897229661e-02  -1.719810838917e-02   3.924116500656e-02   1.612128883008e-01   3.288870113966e-01   3.221338403432e-01  -2.413197887096e-04   8.674447066957e-02  -8.498259940513e-02   7.063772200372e-01   1.000000000000e+00   7.889632276872e-01   4.631805400595e-01   0.000000000000e+00   3.388235282423e-16   0.000000000000e+00   3.923964777023e-02   1.612089384125e-01   3.288831479456e-01   3.221322698300e-01  -1.868076763280e-04   1.169665500384e-01   3.262951684813e-02
