ARMA_MAT_TXT_FN008
72 72
   3.284685314736e-01   2.812031790970e-01   8.997326937726e-04   1.746791279354e-17  -3.315144504757e-06  -4.411267032511e-02   2.687437317286e-04  -3.098127487558e-16   1.191157184968e-06  -2.960341222651e-02  -1.041885627355e-03   3.455108037316e-16   3.229685182434e-06   2.672183115902e-03  -7.297953828405e-04  -7.064543247221e-16   6.974036797780e-06  -1.657185248404e-17   8.084736148558e-17  -4.564874874339e-04   1.899147623449e-06  -1.256588104027e-03   2.797856849883e-03   4.609118308804e-03  -9.622691360692e-03  -7.909599035547e-17   8.269425479274e-06  -1.155671230943e-02  -1.557895895669e-02   3.863743042464e-17   1.651041562170e-05  -2.437500455479e-03  -5.242604601097e-03  -7.498590240078e-17   6.174248859232e-06  -1.268265625850e-03   2.604571335848e-04   5.814847778307e-16  -1.080220403931e-05   3.433092926977e-18  -1.396972274989e-16   1.669914964608e-03  -2.533028377107e-07  -1.494103708268e-03  -9.213283767304e-03  -1.297103480801e-02   2.103099623526e-04  -1.078974644050e-03   1.059476119119e-03   3.073441385247e-16  -1.767869374496e-03   1.782199265874e-03   3.071273091367e-03   1.723846267456e-03   4.734313827916e-05  -3.786204567829e-04  -4.185678199671e-16   1.354423679636e-04  -9.216559203611e-03  -1.297280256137e-02   2.118281523765e-04  -1.088334478476e-03   1.055776449413e-03  -8.168679121418e-17   1.772841428860e-03   1.783333630405e-03   3.075046132329e-03   1.738082817763e-03   6.324927850488e-05  -3.806792930483e-04   1.328782803139e-16  -1.323598666574e-04
   2.812031790970e-01   2.480270975059e-01   1.264482208595e-03   8.618244217093e-18  -4.871986214081e-06  -7.484069947601e-02   6.857659008484e-04  -2.848768891951e-16   2.271905515010e-06  -4.879765019722e-02  -1.769341966848e-03   3.161360817712e-16   5.716931516754e-06   4.189604609051e-03  -1.170368664636e-03  -6.915126490052e-16   1.187083991409e-05  -3.316780402628e-18   7.106728022797e-17  -7.300261442548e-04   3.377592843413e-06  -2.332306604115e-03   4.609118308804e-03   7.537489479115e-03  -1.608140449483e-02  -7.758367818023e-17   1.374420113418e-05  -1.874034967339e-02  -2.571659581077e-02   4.301749336351e-17   2.771611106060e-05  -3.595463078519e-03  -8.708665758661e-03  -1.033660124677e-16   1.040144278049e-05  -2.266857273029e-03   4.528344473942e-04   5.815031379941e-16  -1.851337028216e-05   1.770271447953e-17  -1.155014019326e-16   2.794908068074e-03  -7.143900068426e-08  -2.394469706233e-03  -1.544148412850e-02  -2.147041139733e-02   2.732031075140e-04  -1.714018450745e-03   1.772817260108e-03   2.640104644726e-16  -2.940201110426e-03   3.060338890224e-03   5.236575780700e-03   2.878717593707e-03   1.648695715324e-04  -6.267304953230e-04  -3.420895398489e-16   2.562564577697e-04  -1.544640594716e-02  -2.147127909186e-02   2.757741539916e-04  -1.729635381023e-03   1.766201268709e-03  -1.068708777925e-16   2.948502643156e-03   3.062175511239e-03   5.242261940282e-03   2.902296820220e-03   1.921128967610e-04  -6.303498445110e-04   1.644010555091e-16  -2.511965419365e-04
   8.997326937726e-04   1.264482208595e-03   4.109605057252e-02  -7.154039246890e-18   5.339090015282e-06  -3.523098349765e-03   6.234371767614e-02   9.187509477495e-18   1.478199049512e-05   1.033798995138e-02   3.062468603128e-02  -6.816724150702e-17  -1.965906129770e-06  -4.108799391012e-03  -1.311240242001e-03   7.870259798181e-17  -2.170275555633e-05   3.270940810142e-17   2.102902122950e-17   5.595756638416e-03  -1.001490459772e-05  -2.725584169176e-03   9.622691360691e-03   1.608140449482e-02  -3.102033992350e-02  -9.702054594634e-19   1.757698791333e-05  -4.219108917567e-02  -4.595486272075e-02   1.081177017207e-17   3.501665418493e-05  -1.978911103506e-02  -2.362717451752e-02  -2.757662520620e-17   2.534097780066e-05   1.282035453366e-04   1.747532148254e-03  -3.882607195925e-17   3.763908538837e-06   1.477008744856e-17   2.581134645704e-18   3.255186882335e-03   1.845828695292e-07  -2.904636392654e-03   1.737039988401e-02   2.715167571464e-02   8.624130398634e-03   1.560024286241e-03   4.922138313278e-04   7.207020643184e-18   2.835924654370e-03   4.882486260855e-03   9.310101396478e-03   6.817901282215e-03   3.053518607008e-04  -1.266461592323e-03   1.524699274383e-19   6.847526980846e-04   1.731729490522e-02   2.706188789350e-02   8.628244031244e-03   1.588029591410e-03   5.092665025483e-04  -9.970540796817e-17  -2.823805815923e-03   4.865426207293e-03   9.282511868700e-03   6.832138637208e-03   3.027364868301e-04  -1.272957017651e-03  -6.785708638456e-17  -6.728753769601e-04
   1.746791279354e-17   8.618244217093e-18  -7.154039246890e-18   2.656044790158e-02  -6.800825219930e-18   1.230362458012e-16   1.585582585405e-16   4.465712056039e-02  -5.935213526149e-17  -1.273307035016e-15   8.612831807259e-16   4.193115272316e-02  -5.833350805539e-16   1.655578613248e-14  -5.483095993951e-15   5.038893893262e-03   1.846992226183e-14  -5.042573872669e-03   2.278031470888e-06   2.811159124248e-17  -6.279972094955e-17  -3.944868510969e-17   6.396774498941e-18  -2.815200995600e-17   1.852311830126e-17   2.656044790158e-02   2.428547372136e-17  -1.297782999388e-16  -9.270998306232e-17   4.465712056039e-02   4.424301025302e-17   2.169869710482e-15   7.850903610852e-16   4.193115272316e-02   4.885470471634e-16  -2.336682446589e-14  -4.000506595135e-15   5.038893893263e-03  -1.776288656119e-14   5.042573872669e-03   2.278031470928e-06   7.164117199003e-17  -2.326114222901e-17   7.340351249813e-17   8.013454213868e-17  -7.477518949679e-16   2.615529964991e-15   1.588609537954e-14   9.642469044091e-18   2.095258763390e-03  -8.324213928921e-17   4.296232809086e-18  -3.320792102861e-18  -9.820004523933e-16  -1.257064712846e-14  -1.204368722600e-17   2.095258763390e-03  -5.009471538962e-17  -4.039085312418e-17   4.553465089562e-16  -2.514849979184e-15  -1.422691323313e-14  -2.147233665831e-17   2.096756097721e-03   2.493911634447e-17   1.100200022697e-16  -9.405138964280e-16   3.621513769253e-15   1.589933171786e-14  -1.281271834391e-16   2.096756097720e-03   6.539301671365e-17
  -3.315144504757e-06  -4.871986214081e-06   5.339090015282e-06  -6.800825219930e-18   3.777934762273e-02   8.769483681999e-06   1.234245733947e-05   5.825429576439e-18   5.769113672515e-02  -1.091710869138e-05  -2.262848344361e-06  -1.135970644854e-17   3.869275418570e-02   6.812704106047e-05  -2.782342226905e-05  -1.359256733825e-17   2.599190239333e-03   5.166536459520e-18   4.405583456428e-18   2.319741143590e-05   5.945762912040e-03  -1.071217709177e-05   8.269425478836e-06   1.374420113376e-05  -1.757698791325e-05  -5.938130251556e-18   1.946309524837e-03  -3.887234916365e-05  -2.732034314141e-05  -2.603186351714e-18   2.684141461877e-03  -3.421252546359e-05  -1.989361538670e-05  -2.403457991541e-17  -6.136662185996e-03  -8.499906092224e-05  -2.521830013038e-05   2.734101359163e-17  -4.331334889750e-03   5.977784362258e-18   8.261870149397e-19   2.638703216360e-07   4.786989832925e-03   3.480503215081e-06  -2.810550060367e-02  -4.444419150719e-02  -1.355028491972e-02  -1.474348941416e-03   2.677047671547e-03  -1.636636445399e-17  -2.436207703278e-03   1.596748939279e-03   3.482703957499e-03   4.219642180864e-03  -2.600260039701e-03  -2.308955368051e-04   3.083230211482e-17  -6.186874504014e-04   2.815824820819e-02   4.451118505535e-02   1.357814419443e-02   1.485235834707e-03  -2.669150556997e-03  -1.945939885811e-17  -2.449945828316e-03  -1.591867433521e-03  -3.479334308104e-03  -4.210663251512e-03   2.597328803488e-03   2.266782262283e-04  -3.495395555122e-17  -6.164724952492e-04
  -4.411267032511e-02  -7.484069947601e-02  -3.523098349765e-03   1.230362458012e-16   8.769483681999e-06   1.945681533271e-01  -3.675270974722e-03   2.979348595983e-16  -9.677150469592e-06   1.231221942462e-01   3.876035888998e-03  -2.786013228899e-18  -1.676663167783e-05  -9.982618454724e-03   2.907825283065e-03   5.524258485047e-16  -3.057448738915e-05  -7.145692581745e-17  -2.066184267308e-17   1.684046147507e-03  -8.816695586799e-06   6.602823140273e-03  -1.155671230942e-02  -1.874034967339e-02   4.219108917567e-02   1.542231798908e-16  -3.887234916417e-05   4.616741765315e-02   6.656825594195e-02   1.001052749413e-16  -7.725675392813e-05   7.505092532879e-03   2.297792549029e-02   3.576485601921e-16  -3.033346895518e-05   6.276732134164e-03  -1.233852827802e-03  -4.857674647425e-16   4.886181764722e-05  -5.793625199449e-17  -2.289500331014e-18  -7.298238208065e-03  -5.731962468916e-07   5.914567691675e-03   3.927963821191e-02   5.386804697852e-02  -6.995902830305e-04   4.131138677371e-03  -4.555669171410e-03  -3.893492320292e-17   7.428893119488e-03  -8.566801217393e-03  -1.447504284161e-02  -7.584636291696e-03  -6.868346779116e-04   1.590795904475e-03  -1.969939884046e-17  -8.218390464790e-04   3.928975847545e-02   5.386362081780e-02  -7.066391033508e-04   4.170360616888e-03  -4.537703889276e-03   2.089662732549e-16  -7.450067854160e-03  -8.575321543389e-03  -1.449401255956e-02  -7.646717911908e-03  -7.592178666670e-04   1.600440547611e-03  -2.624254145817e-16   8.093773914551e-04
   2.687437317286e-04   6.857659008484e-04   6.234371767614e-02   1.585582585405e-16   1.234245733947e-05  -3.675270974722e-03   9.465399151299e-02   3.008578207805e-16   2.882338231649e-05   1.693930479895e-02   4.636946913436e-02   1.588535988667e-16   6.479478748828e-07  -6.412067970922e-03  -1.949992516511e-03   1.590919921077e-16  -3.384275983983e-05   1.692499739664e-17   3.135713163493e-17   8.549600787103e-03  -1.478479412080e-05  -4.116322107644e-03   1.557895895670e-02   2.571659581077e-02  -4.595486272075e-02   1.693551799096e-16   2.732034314203e-05  -6.656825594195e-02  -6.799240562030e-02   2.996744537564e-16   5.417595171029e-05  -3.206838171091e-02  -3.498672582039e-02   2.292150262471e-16   3.890348298059e-05   4.806566558793e-04   2.659968072764e-03  -3.360834947536e-17   6.627519975191e-06   5.452377991777e-17   3.764494457500e-18   4.742142422034e-03   2.718775421412e-07  -4.406177226751e-03   2.669314258289e-02   4.164831245706e-02   1.305620936959e-02   2.403634461386e-03   7.100935868156e-04   2.207038791882e-17   4.359594978515e-03   6.384037609890e-03   1.263211342663e-02   1.012083184529e-02   3.625271813576e-04  -1.969168536486e-03   1.270997466742e-17   8.606630971979e-04   2.661881891064e-02   4.152185306682e-02   1.306562286067e-02   2.448039923680e-03   7.355618053854e-04  -1.345325307940e-16  -4.341957631102e-03   6.360171575416e-03   1.259363290046e-02   1.014182394686e-02   3.574332226287e-04  -1.978138206347e-03  -8.259826661756e-17  -8.429170620433e-04
  -3.098127487558e-16  -2.848768891951e-16   9.187509477495e-18   4.465712056039e-02   5.825429576439e-18   2.979348595983e-16   3.008578207805e-16   7.508376455603e-02  -7.346135063551e-17  -2.072664516653e-15   1.465823926100e-15   7.050048814435e-02  -9.636923234892e-16   2.782754215723e-14  -9.218082486552e-15   8.472089511300e-03   3.105504462366e-14  -8.478276804701e-03   3.830143467941e-06   5.169971231793e-17  -1.032369184956e-16  -6.528189238344e-17  -9.872209627422e-18  -5.876179070589e-17   4.155034292825e-17   4.465712056039e-02   4.433144621467e-17  -2.476852975298e-16  -1.376796105137e-16   7.508376455603e-02   7.959910332851e-17   3.620914659713e-15   1.324452024147e-15   7.050048814435e-02   8.213283876924e-16  -3.928241535780e-14  -6.725636740099e-15   8.472089511301e-03  -2.986718383627e-14   8.478276804701e-03   3.830143468007e-06   1.174403234454e-16  -3.735813832032e-17   1.242636187779e-16   1.508562736523e-16  -1.235624784125e-15   4.395933709264e-15   2.671206723992e-14   1.553148338598e-17   3.522840561598e-03  -1.359641506059e-16  -4.600052494021e-18  -2.210419164392e-17  -1.651525740270e-15  -2.113777566866e-14  -2.106813614888e-17   3.522840561598e-03  -8.632313974786e-17  -2.654154837440e-17   8.269627091746e-16  -4.218266752874e-15  -2.391636446256e-14  -3.921896351168e-17   3.525358088410e-03   3.563377661172e-17   1.756233103012e-16  -1.594814364217e-15   6.086589900099e-15   2.673242781212e-14  -2.156577108710e-16   3.525358088410e-03   1.111466147962e-16
   1.191157184968e-06   2.271905515010e-06   1.478199049512e-05  -5.935213526149e-17   5.769113672515e-02  -9.677150469592e-06   2.882338231649e-05  -7.346135063551e-17   8.809973627369e-02  -2.889121575092e-05   3.750175202396e-07  -9.439929713943e-17   5.914809901059e-02   1.050687958125e-04  -4.320548351994e-05  -3.030135020756e-17   4.003233226405e-03   1.726116414890e-17   6.638929041957e-18   3.618129291074e-05   9.118434531550e-03  -1.765491911627e-05   1.651041562416e-05   2.771611106296e-05  -3.501665418472e-05  -5.801419203313e-17   2.684141461877e-03  -7.725675392932e-05  -5.417595170933e-05  -8.607594430577e-17   3.658960494294e-03  -6.031695929723e-05  -3.539396210552e-05  -1.141497769783e-16  -9.669162568751e-03  -1.306038871968e-04  -3.828148067433e-05   3.279306493941e-17  -6.635760902252e-03  -6.514653817623e-20   1.096732100642e-18   1.313042532416e-06   7.357324780727e-03   4.156389579788e-06  -4.294385137325e-02  -6.791500961714e-02  -2.072825278087e-02  -2.232361331148e-03   4.087902491716e-03  -2.890979537413e-17  -3.716903979544e-03   2.653616401069e-03   5.659729055491e-03   6.550471405931e-03  -3.960557421357e-03  -3.327237101429e-04   4.344456485909e-17  -9.265346340738e-04   4.302049679578e-02   6.801295792502e-02   2.077346571883e-02   2.248528378770e-03  -4.074642797086e-03  -3.411500794518e-17  -3.736999703300e-03  -2.646863223946e-03  -5.654324029907e-03  -6.533723995650e-03   3.955877792345e-03   3.253340212537e-04  -5.725038672521e-17  -9.227596605620e-04
  -2.960341222651e-02  -4.879765019722e-02   1.033798995138e-02  -1.273307035016e-15  -1.091710869138e-05   1.231221942462e-01   1.693930479895e-02  -2.072664516653e-15  -2.889121575092e-05   8.234673052733e-02   1.140658503557e-02  -2.163494916399e-15  -2.790287382106e-05  -7.908704852593e-03   1.501158667138e-03   1.281781575303e-16  -2.835370382715e-05   2.205653174729e-16  -6.801205371363e-18   2.918603138848e-03  -9.869385682494e-06   3.268968995385e-03  -2.437500455506e-03  -3.595463078536e-03   1.978911103506e-02  -1.248306233106e-15  -3.421252546232e-05   7.505092532855e-03   3.206838171090e-02  -2.203935192777e-15  -6.031695929433e-05  -7.739263776873e-03   9.517227266944e-03  -1.903886808057e-15  -2.117256294889e-05   4.760919806613e-03  -1.963899857387e-04  -5.842363212239e-16   3.621060795364e-05  -2.866585925388e-16  -1.228539679888e-18  -4.080253021250e-03  -1.585636079343e-06   2.734950329623e-03   3.038886621751e-02   4.265963651429e-02   2.120113870470e-03   3.118523473602e-03  -2.752765737070e-03  -1.329404453858e-16   5.586660137322e-03  -6.901969545626e-03  -1.061002422665e-02  -3.250812704000e-03  -6.350559811528e-04   4.417546899437e-04  -1.207721583328e-16  -8.426091207007e-04   3.035461700823e-02   4.259169594860e-02   2.108810228304e-03   3.152364497259e-03  -2.733362002636e-03   9.417985058669e-19  -5.593805194526e-03  -6.927800267670e-03  -1.065229380938e-02  -3.291273067481e-03  -6.890331704678e-04   4.457463503076e-04  -2.659194238506e-16   8.408432532566e-04
  -1.041885627355e-03  -1.769341966848e-03   3.062468603128e-02   8.612831807259e-16  -2.262848344361e-06   3.876035888998e-03   4.636946913436e-02   1.465823926100e-15   3.750175202396e-07   1.140658503557e-02   2.338821222252e-02   1.317102917203e-15  -9.777604010153e-06  -3.193687502275e-03  -9.194620878086e-04   2.380886708302e-16  -1.669497166449e-05  -1.414917509628e-16   1.470118867844e-17   4.141879548813e-03  -9.804174323409e-06  -1.732737405669e-03   5.242604601123e-03   8.708665758679e-03  -2.362717451752e-02   8.649048461795e-16   1.989361538645e-05  -2.297792549027e-02  -3.498672582039e-02   1.463188754104e-15   3.539396210555e-05  -9.517227266934e-03  -1.852832234395e-02   1.347917219755e-15   2.627384913784e-05  -2.508678897739e-04   1.222549067839e-03   1.208643061571e-16   3.632938875339e-06   1.713661411209e-16   2.967644796760e-18   2.516308599474e-03  -1.113414367646e-06  -1.856813836658e-03   1.432978886214e-02   2.217531731820e-02   6.493079424859e-03   1.304128424603e-03   2.106026699567e-04   7.367060909922e-17   2.390651913142e-03   5.645559956710e-03   9.765763096708e-03   5.231921710293e-03   4.331687448576e-04  -7.492529532268e-04   7.098435699857e-17   8.959561505662e-04   1.427901493390e-02   2.208932377038e-02   6.487970990141e-03   1.324277844282e-03   2.247859849043e-04  -2.922426244163e-18  -2.381628197092e-03   5.642479363884e-03   9.759523567277e-03   5.247397287458e-03   4.311992391401e-04  -7.542413509590e-04  -1.428332851166e-17  -8.884918137958e-04
   3.455108037316e-16   3.161360817712e-16  -6.816724150702e-17   4.193115272316e-02  -1.135970644854e-17  -2.786013228899e-18   1.588535988667e-16   7.050048814435e-02  -9.439929713943e-17  -2.163494916399e-15   1.317102917203e-15   6.619698490055e-02  -9.146538974973e-16   2.615772378471e-14  -8.658067593198e-15   7.954934727648e-03   2.916240795564e-14  -7.960744335192e-03   3.596343174178e-06   3.236978902848e-17  -9.492205478336e-17  -6.326199090140e-17  -4.252467838593e-17  -1.172379263077e-16  -4.347582133911e-18   4.193115272316e-02   6.594711234549e-18  -5.565883053625e-17  -2.030696373309e-16   7.050048814435e-02   2.135822280922e-17   3.543706078650e-15   1.218991768875e-15   6.619698490055e-02   7.384893960384e-16  -3.690678215088e-14  -6.317804639281e-15   7.954934727649e-03  -2.804479087334e-14   7.960744335192e-03   3.596343174241e-06   1.221742951838e-16  -3.156603754856e-17   1.161575879567e-16   5.797334851568e-17  -1.280325002603e-15   4.114474556077e-15   2.507490213318e-14   1.904409953551e-17   3.307798706098e-03  -1.425462535001e-16   7.624668823130e-17   9.713584907643e-17  -1.533412115218e-15  -1.983961794005e-14  -1.375614144979e-17   3.307798706098e-03  -6.929284658163e-17  -1.280146170490e-16   6.274323403393e-16  -3.977067941509e-15  -2.246913212640e-14  -2.988271348965e-17   3.310162557594e-03   5.141427428971e-17   1.956617703157e-16  -1.457569511930e-15   5.711141902736e-15   2.510390496015e-14  -2.015375806802e-16   3.310162557593e-03   9.751784403579e-17
   3.229685182434e-06   5.716931516754e-06  -1.965906129770e-06  -5.833350805539e-16   3.869275418570e-02  -1.676663167783e-05   6.479478748828e-07  -9.636923234892e-16   5.914809901059e-02  -2.790287382106e-05  -9.777604010153e-06  -9.146538974973e-16   4.138247194053e-02   9.155497827123e-05  -3.470562056161e-05  -1.291971678693e-16   3.625511194663e-03   1.165496433636e-16   1.897459562376e-18   2.284773302011e-05   7.188503760056e-03  -1.253881889104e-05   6.174248867094e-06   1.040144278234e-05  -2.534097779786e-05  -5.818465973904e-16  -6.136662185994e-03  -3.033346893143e-05  -3.890348297562e-05  -9.656637488633e-16  -9.669162568748e-03  -2.117256293755e-05  -2.627384913783e-05  -9.381230649541e-16  -1.470200179872e-02  -1.050612019275e-04  -3.217273557932e-05  -7.338097220858e-17  -5.045045328279e-03  -1.007613061949e-16  -3.723953172370e-18  -3.056449532001e-06   6.238861881984e-03   5.428875129780e-06  -2.945075527493e-02  -4.677657393413e-02  -1.493964322729e-02  -9.662256382692e-04   2.722457685442e-03  -6.394730102728e-17  -2.390270818872e-03   7.723510759596e-03   1.320425505288e-02   7.293812271688e-03  -2.373317782381e-03   3.387555660618e-04  -7.525903946004e-18  -1.138763706331e-04   2.948674989769e-02   4.682055916836e-02   1.496525243269e-02   9.763108945042e-04  -2.713700718326e-03  -7.951662675613e-17  -2.401818446541e-03  -7.717703995738e-03  -1.319745120931e-02  -7.287534796304e-03   2.369140144213e-03  -3.410776518601e-04  -8.267610988023e-17  -1.105882263221e-04
   2.672183115902e-03   4.189604609051e-03  -4.108799391012e-03   1.655578613248e-14   6.812704106047e-05  -9.982618454724e-03  -6.412067970922e-03   2.782754215723e-14   1.050687958125e-04  -7.908704852593e-03  -3.193687502275e-03   2.615772378471e-14   9.155497827123e-05   1.093232111011e-03  -3.989173338370e-05   3.101472444194e-15   2.040890183745e-05  -3.143808982476e-15   1.049710506689e-19  -7.364038486084e-04   2.449212078078e-05  -1.361684356907e-05  -1.268265625461e-03  -2.266857272740e-03  -1.282035453648e-04   1.655208465834e-14  -8.499906100958e-05   6.276732134336e-03  -4.806566559224e-04   2.784019619083e-14  -1.306038873296e-04   4.760919806726e-03   2.508678897453e-04   2.612641330760e-14  -1.050612020023e-04  -6.893420366841e-04  -1.438715661419e-04   3.174353927098e-15  -1.892117322338e-05   3.144886665951e-15   1.595181287568e-18   2.478236638431e-04   2.396457029400e-05   6.139919215274e-05  -3.955326047502e-03  -5.768526401317e-03  -8.628360185662e-04  -3.804022058434e-04   1.927432410507e-04   1.309136827108e-15  -6.827038413772e-04   1.418820497385e-03   1.932520957097e-03  -2.994484651472e-05   1.425860554393e-04   1.429490874108e-04   1.308979040573e-15   2.294306006764e-04  -3.833150655337e-03  -5.569294396364e-03  -7.907246394309e-04  -3.935612937315e-04   1.806111114554e-04   1.304395261820e-15   6.759607129291e-04   1.280316759694e-03   1.709487122089e-03  -1.089381922106e-04   1.515457367098e-04   1.304534943457e-04   1.314496346572e-15  -2.209944988813e-04
  -7.297953828405e-04  -1.170368664636e-03  -1.311240242001e-03  -5.483095993951e-15  -2.782342226905e-05   2.907825283065e-03  -1.949992516511e-03  -9.218082486552e-15  -4.320548351994e-05   1.501158667138e-03  -9.194620878086e-04  -8.658067593198e-15  -3.470562056161e-05  -3.989173338370e-05   8.582417540529e-05  -1.034542667321e-15  -5.181089351180e-06   1.039293910319e-15  -1.421777999161e-18  -1.370482259455e-04  -7.958665327348e-06   1.697654776049e-04  -2.604571337462e-04  -4.528344475297e-04   1.747532148251e-03  -5.482597197779e-15   2.521830015060e-05   1.233852827811e-03   2.659968072758e-03  -9.221370163423e-15   3.828148070501e-05   1.963899857478e-04   1.222549067837e-03  -8.652791024835e-15   3.217273559407e-05   1.438715661387e-04  -6.682878443672e-05  -1.046860483107e-15   6.078007916009e-06  -1.042503059097e-15  -6.410481591507e-19  -2.383891179897e-04  -8.195322261144e-06   1.621048848357e-04   5.384634624222e-05  -2.588000806517e-05  -2.673669770110e-04   1.093684616915e-05  -8.207777880440e-05  -4.337451861879e-16   1.927986908044e-05  -5.304607559569e-04  -8.688277295418e-04  -3.716057238729e-04  -4.175130987335e-05   4.496496909464e-05  -4.332946276522e-16  -7.654058205508e-05   9.785536263455e-06  -9.704572535638e-05  -2.946756294229e-04   1.246143344363e-05  -7.853824376931e-05  -4.264988557527e-16  -1.709080705111e-05  -4.858355271103e-04  -7.967373114759e-04  -3.463660254400e-04  -4.483232759879e-05   4.904653167615e-05  -4.323383315325e-16   7.336876082706e-05
  -7.064543247221e-16  -6.915126490052e-16   7.870259798181e-17   5.038893893262e-03  -1.359256733825e-17   5.524258485047e-16   1.590919921077e-16   8.472089511300e-03  -3.030135020756e-17   1.281781575303e-16   2.380886708302e-16   7.954934727648e-03  -1.291971678693e-16   3.101472444194e-15  -1.034542667321e-15   9.559496798262e-04   3.499801867324e-15  -9.566478241432e-04   4.321748981739e-07   2.333995165500e-17  -1.755836375915e-17   3.442582951349e-18   1.767813695792e-16   1.458185226705e-16   6.992730186365e-17   5.038893893262e-03   3.094116840614e-17  -5.536587542423e-17   9.431848449589e-17   8.472089511300e-03   4.868620003637e-17   3.409131902645e-16   1.765309186130e-16   7.954934727648e-03   1.226676159482e-16  -4.410010671624e-15  -7.580139385975e-16   9.559496798263e-04  -3.366267642111e-15   9.566478241431e-04   4.321748981813e-07  -2.638217714750e-18  -1.043005264193e-17   2.317028292030e-17   1.734128314298e-16   8.580033584390e-17   5.204105013421e-16   3.027526811055e-15  -1.047876664275e-17   3.975003217856e-04   1.130756266688e-17  -5.485965971570e-17  -8.524490369719e-17  -2.073256833489e-16  -2.388244462670e-15  -3.885346488495e-18   3.975003217856e-04  -1.572421145735e-17   1.277168537388e-16   2.765066379997e-16  -4.688091757412e-16  -2.682488147631e-15  -1.467932161348e-17   3.977843873572e-04  -2.151065661462e-17   6.701932936398e-18  -1.967334345230e-16   6.884248469785e-16   3.012917257610e-15  -2.221099844038e-17   3.977843873572e-04   1.556195568377e-17
   6.974036797780e-06   1.187083991409e-05  -2.170275555633e-05   1.846992226183e-14   2.599190239333e-03  -3.057448738915e-05  -3.384275983983e-05   3.105504462366e-14   4.003233226405e-03  -2.835370382715e-05  -1.669497166449e-05   2.916240795564e-14   3.625511194663e-03   2.040890183745e-05  -5.181089351180e-06   3.499801867324e-15   7.080135922914e-04  -3.505300807753e-15   4.691307134346e-19  -2.016307317179e-06   1.012664759388e-03  -6.269920791894e-07  -1.080220406692e-05  -1.851337030828e-05  -3.763908561113e-06   1.847029862612e-14  -4.331334889741e-03   4.886181766299e-05  -6.627520008978e-06   3.105815470398e-14  -6.635760902238e-03   3.621060797005e-05  -3.632938892950e-06   2.915566949586e-14  -5.045045328272e-03  -1.892117322820e-05  -6.078007917237e-06   3.510427470243e-15  -6.324833007179e-04   3.508455259748e-15  -8.385127258198e-19  -1.085871752747e-06   1.063188224306e-03   2.528500782046e-06  -2.310712578859e-03  -3.765592006604e-03  -1.518890198752e-03   1.961240040800e-04   1.737661966308e-04   1.455002485478e-15  -1.119127527090e-04   3.462653673638e-03   5.544891757093e-03   1.922146854460e-03  -1.876289538189e-05   3.011211318015e-04   1.462696757278e-15   2.445471300323e-04   2.281596732115e-03   3.722666147771e-03   1.512197636735e-03  -1.981780925268e-04  -1.724752017752e-04   1.449038349702e-15  -1.077090843373e-04  -3.443850006600e-03  -5.518457979149e-03  -1.924232318971e-03   1.985939813592e-05  -2.981745114592e-04   1.454895920060e-15   2.419732285822e-04
  -1.657185248404e-17  -3.316780402628e-18   3.270940810142e-17  -5.042573872669e-03   5.166536459520e-18  -7.145692581745e-17   1.692499739664e-17  -8.478276804701e-03   1.726116414890e-17   2.205653174729e-16  -1.414917509628e-16  -7.960744335192e-03   1.165496433636e-16  -3.143808982476e-15   1.039293910319e-15  -9.566478241432e-04  -3.505300807753e-15   9.573464783253e-04  -4.324905219514e-07  -1.620583738566e-18   1.367451033953e-17   3.977434667892e-18  -8.923569369669e-17  -6.022435336690e-17  -3.739611483416e-17  -5.042573872669e-03  -1.287846660877e-17  -1.399869250721e-17  -3.379312681169e-17  -8.478276804701e-03  -2.104819681298e-17  -4.253446101366e-16  -1.728889360226e-16  -7.960744335192e-03  -1.021452863682e-16   4.434432662612e-15   7.610458683578e-16  -9.566478241432e-04   3.371242887414e-15  -9.573464783253e-04  -4.324905219589e-07  -9.283387459402e-18   6.303014801381e-18  -1.748776128271e-17  -1.503900970493e-17   1.437513369061e-16  -4.924614469317e-16  -3.015370920667e-15  -1.482176526711e-19  -3.977906222026e-04   1.605574495365e-17   1.259674585072e-17   2.326887944464e-17   1.970035064121e-16   2.387161531108e-15   1.629558333202e-18  -3.977906222026e-04   1.092688556293e-17   1.494124679353e-17  -7.300466655962e-17   4.865551224657e-16   2.700843389029e-15   5.260379633250e-18  -3.980748952315e-04  -5.252178696030e-18  -2.052859219451e-17   1.803409990146e-16  -6.840362668625e-16  -3.017999052644e-15   2.250814843531e-17  -3.980748952315e-04  -1.285969037816e-17
   8.084736148558e-17   7.106728022797e-17   2.102902122950e-17   2.278031470888e-06   4.405583456428e-18  -2.066184267308e-17   3.135713163493e-17   3.830143467941e-06   6.638929041957e-18  -6.801205371363e-18   1.470118867844e-17   3.596343174178e-06   1.897459562376e-18   1.049710506689e-19  -1.421777999161e-18   4.321748981739e-07   4.691307134346e-19  -4.324905219514e-07   1.953817722347e-10   2.714871624915e-18  -9.229843073422e-19  -1.937143202059e-18  -2.764386918904e-16  -2.229748781808e-16  -1.809763259357e-17   2.278031470888e-06   1.212432810782e-17  -3.295058212343e-17  -2.785475494506e-17   3.830143467941e-06   1.849175329789e-17  -1.402951336648e-17  -1.277803992272e-17   3.596343174178e-06   1.164486979602e-17  -2.363062727438e-18   6.429146171148e-19   4.321748981739e-07  -1.139407511014e-18   4.324905219514e-07   1.953817722380e-10   2.156597309506e-18  -1.397567484502e-18  -2.426518197272e-18   2.481643770633e-18   4.704316409524e-18   4.558483320914e-18   8.219680580850e-19   1.049842037725e-18   1.797057572351e-07   2.290408553525e-19  -7.317428987141e-18  -1.002394968547e-17  -1.439594124052e-19  -1.696386711513e-18  -1.787871622286e-18   1.797057572351e-07  -7.368011415640e-19   7.083841082258e-18   1.149289948456e-17   4.185585926495e-18   1.881922972210e-19   3.735045851894e-19   1.798341803227e-07  -1.105727509098e-18   1.010953556741e-17   1.724394062448e-17   7.973826586454e-18   2.203937888009e-18  -6.848642491218e-20   1.798341803227e-07  -9.192821862494e-19
  -4.564874874339e-04  -7.300261442548e-04   5.595756638416e-03   2.811159124248e-17   2.319741143590e-05   1.684046147507e-03   8.549600787103e-03   5.169971231793e-17   3.618129291074e-05   2.918603138848e-03   4.141879548813e-03   3.236978902848e-17   2.284773302011e-05  -7.364038486084e-04  -1.370482259455e-04   2.333995165500e-17  -2.016307317179e-06  -1.620583738566e-18   2.714871624915e-18   8.150394916341e-04   2.393878358246e-06  -3.248677345503e-04   1.669914964612e-03   2.794908068077e-03  -3.255186882335e-03   2.994552535256e-17   2.638703218187e-07  -7.298238208066e-03  -4.742142422034e-03   4.876593223726e-17   1.313042532648e-06  -4.080253021251e-03  -2.516308599474e-03   4.545195182787e-17  -3.056449531456e-06   2.478236638380e-04   2.383891179906e-04  -6.430565031100e-18  -1.085871755888e-06   7.085141610418e-18   9.579752229326e-20   2.712792648017e-04   3.043191467738e-06  -3.663277360771e-04   2.798141987371e-03   4.281564543310e-03   1.148563422213e-03   2.595411472192e-04   1.966815584357e-05   2.116075198100e-18   4.644021003062e-04  -8.148664421162e-05   1.712620592866e-04   7.417730901699e-04  -3.274044642674e-05  -1.977693813870e-04   1.193693533283e-18  -3.401902490190e-05   2.824826813472e-03   4.322946170407e-03   1.166162964252e-03   2.659710545750e-04   1.907251869680e-05  -8.151024944135e-18  -4.658053504466e-04  -8.919513144996e-05   1.580943692929e-04   7.361454551758e-04  -3.181383808397e-05  -1.982380353536e-04  -3.513588086254e-18   3.518595163343e-05
   1.899147623449e-06   3.377592843413e-06  -1.001490459772e-05  -6.279972094955e-17   5.945762912040e-03  -8.816695586799e-06  -1.478479412080e-05  -1.032369184956e-16   9.118434531550e-03  -9.869385682494e-06  -9.804174323409e-06  -9.492205478336e-17   7.188503760056e-03   2.449212078078e-05  -7.958665327348e-06  -1.755836375915e-17   1.012664759388e-03   1.367451033953e-17  -9.229843073422e-19   2.393878358246e-06   1.624246752535e-03  -2.162768254910e-06   2.533028392951e-07   7.143900198536e-08   1.845828697371e-07  -6.228278701838e-17  -4.786989832925e-03   5.731962469572e-07   2.718775424848e-07  -1.003994721340e-16  -7.357324780727e-03   1.585636079190e-06  -1.113414367443e-06  -1.034714879234e-16  -6.238861881984e-03  -2.396457028926e-05  -8.195322261515e-06  -2.431846544980e-18  -1.063188224305e-03  -9.189555363078e-18  -2.708680632910e-18  -3.043191467739e-06   1.590443454175e-03   2.198062910031e-06  -4.841851361868e-03  -7.785275888600e-03  -2.799084244919e-03   1.085097166478e-04   4.090221451753e-04  -8.526505900638e-18  -3.179683946335e-04   4.062234922283e-03   6.580748812900e-03   2.524486192553e-03  -2.279565911281e-04   3.241253562505e-04   3.965893069340e-18   2.277331435837e-04   4.835866704053e-03   7.775242608068e-03   2.798919176352e-03  -1.076954057898e-04  -4.077527514817e-04  -1.673662971416e-17  -3.180850498045e-04  -4.067297375470e-03  -6.588045006357e-03  -2.528102179644e-03   2.261861036515e-04  -3.233516024189e-04  -1.121235660027e-17   2.297625907480e-04
  -1.256588104027e-03  -2.332306604115e-03  -2.725584169176e-03  -3.944868510969e-17  -1.071217709177e-05   6.602823140273e-03  -4.116322107644e-03  -6.528189238344e-17  -1.765491911627e-05   3.268968995385e-03  -1.732737405669e-03  -6.326199090140e-17  -1.253881889104e-05  -1.361684356907e-05   1.697654776049e-04   3.442582951349e-18  -6.269920791894e-07   3.977434667892e-18  -1.937143202059e-18  -3.248677345503e-04  -2.162768254910e-06   4.107175210081e-04  -1.494103708269e-03  -2.394469706234e-03   2.904636392654e-03  -3.942382789631e-17   3.480503214924e-06   5.914567691673e-03   4.406177226751e-03  -7.090031551298e-17   4.156389579675e-06   2.734950329623e-03   1.856813836659e-03  -5.716502280604e-17   5.428875128418e-06   6.139919214837e-05  -1.621048848359e-04  -2.068619936455e-17   2.528500782842e-06  -1.155761149569e-17  -9.851976195304e-20  -3.663277360771e-04  -2.198062910007e-06   4.070458692522e-04   1.964695088484e-04   6.715708972192e-05  -5.508970893200e-04   3.603981909145e-05  -1.824844846955e-04  -4.416551308752e-18   6.892572492582e-05  -3.677750248458e-05  -2.678111535579e-04  -5.899729448129e-04   1.423176019220e-05   1.677868152223e-04  -3.609624137679e-18   3.004202497073e-05   1.831936157406e-04   4.547828729890e-05  -5.609778357602e-04   3.490514779975e-05  -1.815156850746e-04   8.802177105345e-18  -6.916912524062e-05  -2.622736780604e-05  -2.509759932144e-04  -5.860062111075e-04   1.168028595067e-05   1.689126665651e-04  -1.328066872053e-17  -3.171343886357e-05
   2.797856849883e-03   4.609118308804e-03   9.622691360691e-03   6.396774498941e-18   8.269425478836e-06  -1.155671230942e-02   1.557895895670e-02  -9.872209627422e-18   1.651041562416e-05  -2.437500455506e-03   5.242604601123e-03  -4.252467838593e-17   6.174248867094e-06  -1.268265625461e-03  -2.604571337462e-04   1.767813695792e-16  -1.080220406692e-05  -8.923569369669e-17  -2.764386918904e-16   1.669914964612e-03   2.533028392951e-07  -1.494103708269e-03   3.284685314736e-01   2.812031790970e-01  -8.997326937738e-04   6.187208697524e-17  -3.315144503468e-06  -4.411267032511e-02  -2.687437317238e-04  -2.109811666592e-17   1.191157178183e-06  -2.960341222647e-02   1.041885627375e-03  -4.021473092079e-17   3.229685180121e-06   2.672183115438e-03   7.297953826982e-04  -1.432654247498e-16   6.974036817263e-06  -5.027934311239e-18  -6.201776946434e-17  -4.564874874357e-04  -1.899147620065e-06  -1.256588104025e-03   1.782199265875e-03   3.071273091362e-03   1.723846267462e-03   4.734313830845e-05   3.786204567818e-04  -3.184737964236e-16   1.354423679624e-04  -9.213283767303e-03  -1.297103480802e-02   2.103099623706e-04  -1.078974644068e-03  -1.059476119121e-03  -2.191952255012e-16  -1.767869374498e-03   1.783333630406e-03   3.075046132314e-03   1.738082817772e-03   6.324927857539e-05   3.806792930498e-04   1.209768426572e-16  -1.323598666539e-04  -9.216559203610e-03  -1.297280256137e-02   2.118281523769e-04  -1.088334478507e-03  -1.055776449412e-03   1.255417779081e-16   1.772841428857e-03
   4.609118308804e-03   7.537489479115e-03   1.608140449482e-02  -2.815200995600e-17   1.374420113376e-05  -1.874034967339e-02   2.571659581077e-02  -5.876179070589e-17   2.771611106296e-05  -3.595463078536e-03   8.708665758679e-03  -1.172379263077e-16   1.040144278234e-05  -2.266857272740e-03  -4.528344475297e-04   1.458185226705e-16  -1.851337030828e-05  -6.022435336690e-17  -2.229748781808e-16   2.794908068077e-03   7.143900198536e-08  -2.394469706234e-03   2.812031790970e-01   2.480270975059e-01  -1.264482208596e-03   2.610094074598e-17  -4.871986212733e-06  -7.484069947601e-02  -6.857659008446e-04  -7.094179133203e-17   2.271905508647e-06  -4.879765019719e-02   1.769341966860e-03  -7.600390037872e-17   5.716931520966e-06   4.189604608674e-03   1.170368664523e-03  -1.215686094972e-16   1.187083992839e-05   2.125559667424e-18  -5.466741172978e-17  -7.300261442564e-04  -3.377592840532e-06  -2.332306604113e-03   3.060338890225e-03   5.236575780693e-03   2.878717593714e-03   1.648695715675e-04   6.267304953223e-04  -2.701452045763e-16   2.562564577687e-04  -1.544148412850e-02  -2.147041139733e-02   2.732031075318e-04  -1.714018450768e-03  -1.772817260110e-03  -1.960568651360e-16  -2.940201110427e-03   3.062175511240e-03   5.242261940268e-03   2.902296820239e-03   1.921128968221e-04   6.303498445124e-04   8.369912714804e-17  -2.511965419335e-04  -1.544640594716e-02  -2.147127909186e-02   2.757741539854e-04  -1.729635381037e-03  -1.766201268707e-03   1.912820106456e-16   2.948502643154e-03
  -9.622691360692e-03  -1.608140449483e-02  -3.102033992350e-02   1.852311830126e-17  -1.757698791325e-05   4.219108917567e-02  -4.595486272075e-02   4.155034292825e-17  -3.501665418472e-05   1.978911103506e-02  -2.362717451752e-02  -4.347582133911e-18  -2.534097779786e-05  -1.282035453648e-04   1.747532148251e-03   6.992730186365e-17  -3.763908561113e-06  -3.739611483416e-17  -1.809763259357e-17  -3.255186882335e-03   1.845828697371e-07   2.904636392654e-03  -8.997326937738e-04  -1.264482208596e-03   4.109605057252e-02   3.145698540747e-17  -5.339090015064e-06   3.523098349766e-03   6.234371767614e-02  -1.568785783537e-17  -1.478199049588e-05  -1.033798995137e-02   3.062468603128e-02   1.014599986748e-16   1.965906128923e-06   4.108799391006e-03  -1.311240241995e-03  -8.781042979356e-17   2.170275557185e-05  -1.703955802671e-17  -7.310726570491e-18  -5.595756638416e-03  -1.001490459739e-05   2.725584169176e-03  -4.882486260855e-03  -9.310101396478e-03  -6.817901282213e-03  -3.053518607100e-04  -1.266461592323e-03  -2.367889747682e-17  -6.847526980845e-04  -1.737039988401e-02  -2.715167571464e-02  -8.624130398629e-03  -1.560024286229e-03   4.922138313275e-04  -2.201202286660e-17  -2.835924654370e-03  -4.865426207292e-03  -9.282511868704e-03  -6.832138637199e-03  -3.027364868042e-04  -1.272957017651e-03   1.334869373313e-16   6.728753769605e-04  -1.731729490521e-02  -2.706188789350e-02  -8.628244031246e-03  -1.588029591416e-03   5.092665025485e-04   1.154668251121e-16   2.823805815922e-03
  -7.909599035547e-17  -7.758367818023e-17  -9.702054594634e-19   2.656044790158e-02  -5.938130251556e-18   1.542231798908e-16   1.693551799096e-16   4.465712056039e-02  -5.801419203313e-17  -1.248306233106e-15   8.649048461795e-16   4.193115272316e-02  -5.818465973904e-16   1.655208465834e-14  -5.482597197779e-15   5.038893893262e-03   1.847029862612e-14  -5.042573872669e-03   2.278031470888e-06   2.994552535256e-17  -6.228278701838e-17  -3.942382789631e-17   6.187208697524e-17   2.610094074598e-17   3.145698540747e-17   2.656044790158e-02   2.147457051455e-17  -1.715778834119e-16  -7.193237474766e-17   4.465712056039e-02   3.994490758149e-17   2.137239528318e-15   7.948408484098e-16   4.193115272316e-02   4.854628835346e-16  -2.336238588646e-14  -4.000143950975e-15   5.038893893263e-03  -1.776317687314e-14   5.042573872669e-03   2.278031470928e-06   6.898882401406e-17  -2.268935940742e-17   7.325725010737e-17   8.854714481645e-17  -7.360117280751e-16   2.615769913901e-15   1.588721808266e-14   9.053686864109e-18   2.095258763390e-03  -8.167973955907e-17  -8.009304300592e-18  -2.075754473468e-17  -9.833378987979e-16  -1.257203814144e-14  -1.267683996295e-17   2.095258763390e-03  -5.244463961648e-17  -3.024192160968e-17   4.699748995166e-16  -2.513242618329e-15  -1.422607734587e-14  -2.216303650971e-17   2.096756097721e-03   2.333819219885e-17   9.338611764475e-17  -9.648400103273e-16   3.617894648577e-15   1.589782661527e-14  -1.291428864106e-16   2.096756097720e-03   6.808055499433e-17
